ionex_files/turquie/corrected/COD0OPSFIN_20230320000_01D_01H_GIM.INX
     1.0            IONOSPHERE MAPS     GNSS                IONEX VERSION / TYPE
ADDNEQ2 V5.5        AIUB                05-FEB-23 21:17     PGM / RUN BY / DATE 
CODE'S GLOBAL IONOSPHERE MAPS FOR DAY 032, 2023             COMMENT             
Global ionosphere maps (GIM) are generated on a daily basis DESCRIPTION         
at CODE using data from about 300 GNSS sites of the IGS and DESCRIPTION         
other institutions. The vertical total electron content     DESCRIPTION         
(VTEC) is modeled in a solar-geomagnetic reference frame    DESCRIPTION         
using a spherical harmonics expansion up to degree and      DESCRIPTION         
order 15. Piece-wise linear functions are used for          DESCRIPTION         
representation in the time domain. The time spacing of      DESCRIPTION         
their vertices is 1 hour, conforming with the epochs of the DESCRIPTION         
VTEC maps.                                                  DESCRIPTION         
To convert line-of-sight TEC into vertical TEC, a modified  DESCRIPTION         
single-layer model mapping function approximating the JPL   DESCRIPTION         
extended slab model mapping function is adopted. The        DESCRIPTION         
mapping function is evaluated at geodetic satellite         DESCRIPTION         
elevation angles. For the computation of the ionospheric    DESCRIPTION         
pierce points, a spherical layer with a radius of 6821 km   DESCRIPTION         
is assumed, implying geocentric, not geodetic IONEX         DESCRIPTION         
latitudes.                                                  DESCRIPTION         
Instrumental biases with respect to each involved GNSS code DESCRIPTION         
observable are estimated as constant values for each        DESCRIPTION         
day. They are modeled with one set of bias parameters for   DESCRIPTION         
each satellite and each station in case of GPS and for each DESCRIPTION         
satellite-station link in case of GLONASS. The code bias    DESCRIPTION         
datum is defined by zero-mean conditions imposed on the     DESCRIPTION         
satellite bias estimates. In this file, just GPS C1W-C2W    DESCRIPTION         
satellite and station bias values are included. The         DESCRIPTION         
complete set of GNSS code bias results is provided in an    DESCRIPTION         
additional Bias-SINEX file as pseudo-absolute values        DESCRIPTION         
specific to each observable.                                DESCRIPTION         
Note: These GIM results correspond to the results for the   DESCRIPTION         
middle day of a 3-day combination analysis solving for 73   DESCRIPTION         
times 256, or 18688 VTEC parameters and 3 daily sets of     DESCRIPTION         
GNSS code bias parameters.                                  DESCRIPTION         
Contact address: code(at)aiub.unibe.ch                      DESCRIPTION         
Data archive:    ftp.aiub.unibe.ch/CODE/                    DESCRIPTION         
                 www.aiub.unibe.ch/download/CODE/           DESCRIPTION         
  2023     2     1     0     0     0                        EPOCH OF FIRST MAP  
  2023     2     2     0     0     0                        EPOCH OF LAST MAP   
  3600                                                      INTERVAL            
[...]
brst brux bshm cedu chpg chpi chti chur ckis cnmr coco cord COMMENT             
cpvg cpxf crar cro1 daej darw dav1 dgar dhlg drao dubo ebre COMMENT             
faa1 fair flrs frdn ftna func ganp glps gode godz gol2 gold COMMENT             
gope gras graz guam guug harb hers hert hlfx hob2 hofn holb COMMENT             
hrao hyde iddr ieng iisc ineg invk iqal irkj isba jog2 joz2 COMMENT             
joze karr kerg kir0 kiri kiru kit3 kokb kokv koug kour krgg COMMENT             
laut lmmf lpal lpgs m0se mac1 madr mal2 mana mas1 mat1 mate COMMENT             
maw1 mcm4 mdo1 mdvj medi mets mgue mizu mkea mnls mobs monp COMMENT             
morp mqzg mro1 mtka nano nico nist nium nklg nlib nnor not1 COMMENT             
nrc1 nrmd ntus nya1 nyal ohi2 onsa opmt ous2 pado parc park COMMENT             
pdel penc pert pie1 pimo pohn pol2 polv pots pove prds ptbb COMMENT             
ptvl qaq1 quin ramo reun reyk rgdg rio2 riop roth salu samo COMMENT             
sant savo sch2 scor scrz sctb scub seyg sofi spt0 ssia sthl COMMENT             
stjo str2 suth sutm suwn sydn tabl tabv tash thtg thti thu2 COMMENT             
tid1 tidb tlse tn22 tong tow2 tro1 tsea twtf txes uclu ufpr COMMENT             
ulab unb3 unbj unsa urum usn7 usud vald vill voim vtsp wab1 COMMENT             
wab2 wark wes2 wgtn whit will wind wsrt wtza wtzl wtzr wtzs COMMENT             
wtzz wuhn xmis yar2 yar3 yarr yell ykro zamb zeck zim2 zim3 COMMENT             
zimm                                                        COMMENT             
                                                            END OF HEADER       
[from data line 5148]
    13                                                      START OF TEC MAP    
  2023     2     1    12     0     0                        EPOCH OF CURRENT MAP
    87.5 -180.0 180.0   5.0 450.0                            LAT/LON1/LON2/DLON/H
   58   59   60   61   61   62   63   63   64   64   65   65   66   66   66   67
   67   67   67   67   67   67   67   67   67   66   66   66   65   65   64   63
   62   61   60   59   58   56   55   54   53   51   50   49   48   47   47   46
   45   45   45   45   45   45   45   46   46   47   47   48   49   49   50   51
   52   53   53   54   55   56   57   57   58
    85.0 -180.0 180.0   5.0 450.0                            LAT/LON1/LON2/DLON/H
   59   60   61   63   64   65   65   66   67   68   68   69   69   69   70   70
   70   70   70   71   71   72   72   72   73   73   74   74   74   73   73   72
   71   69   67   65   63   60   57   54   51   49   46   44   41   39   38   37
   36   36   36   37   37   38   40   41   43   44   46   47   48   50   51   52
   53   54   54   55   56   57   58   58   59
    82.5 -180.0 180.0   5.0 450.0                            LAT/LON1/LON2/DLON/H
   59   60   61   62   63   64   65   66   66   67   67   67   66   66   65   65
   65   65   65   65   66   67   69   71   73   75   77   79   81   82   83   83
   82   81   79   76   73   69   65   61   56   52   48   44   40   37   35   34
   34   34   36   37   40   43   46   49   52   55   58   59   61   62   62   62
   62   61   61   60   59   59   59   59   59
    80.0 -180.0 180.0   5.0 450.0                            LAT/LON1/LON2/DLON/H
   58   58   58   59   60   61   62   63   63   63   62   61   60   58   56   55
   53   53   52   53   54   57   60   64   68   73   78   82   87   90   93   95
   96   96   94   92   89   85   80   74   69   63   58   53   48   45   43   42
   42   43   46   50   55   61   66   72   77   81   84   86   86   86   84   82
   79   75   71   68   65   62   60   58   58
    77.5 -180.0 180.0   5.0 450.0                            LAT/LON1/LON2/DLON/H
   56   55   55   56   57   58   59   59   59   58   57   55   52   49   46   43
   41   39   38   39   40   44   49   55   61   69   77   85   92   99  104  108
  111  112  112  111  108  104  100   95   89   83   77   72   67   63   61   60
   61   63   68   74   81   89   97  105  111  116  120  121  120  117  113  107
  100   92   85   77   71   65   61   58   56
    75.0 -180.0 180.0   5.0 450.0                            LAT/LON1/LON2/DLON/H
   55   53   53   54   55   56   56   57   56   54   52   50   46   42   39   35
   32   29   28   28   30   35   41   48   58   68   78   88   98  107  114  120
  125  128  129  129  128  126  123  120  115  110  105  100   95   91   88   87
   88   91   96  103  112  121  131  140  148  153  156  156  153  147  139  130
  119  108   97   86   77   69   62   58   55
    72.5 -180.0 180.0   5.0 450.0                            LAT/LON1/LON2/DLON/H
   55   53   53   54   55   55   56   55   54   53   50   47   44   40   37   33
   30   27   25   26   28   32   39   48   59   70   82   94  105  115  123  131
  136  141  144  146  147  148  147  146  145  142  138  134  129  125  121  119
  118  120  124  131  139  149  159  168  175  180  181  180  174  166  156  144
  131  117  104   92   81   72   64   59   55
    70.0 -180.0 180.0   5.0 450.0                            LAT/LON1/LON2/DLON/H
   57   56   55   56   57   57   57   56   54   52   50   47   45   43   40   38
   35   33   31   31   33   38   45   54   65   77   89  101  112  121  130  138
  144  149  154  158  162  166  169  172  173  173  172  169  165  159  154  150
  147  146  147  151  157  164  172  179  185  188  187  184  177  167  156  143
  130  117  104   93   82   74   66   61   57
    67.5 -180.0 180.0   5.0 450.0                            LAT/LON1/LON2/DLON/H
   60   58   58   59   60   60   59   57   54   52   49   48   48   48   48   47
   46   44   43   43   44   49   55   64   75   85   96  107  117  126  134  141
  149  155  161  168  174  181  187  193  198  201  202  200  196  190  183  176
  169  164  161  160  161  164  168  171  174  174  172  166  158  148  137  126
  115  106   96   88   81   74   68   63   60
    65.0 -180.0 180.0   5.0 450.0                            LAT/LON1/LON2/DLON/H
   62   60   60   61   62   62   60   57   53   50   48   48   50   53   55   57
   57   56   55   54   56   59   66   74   83   93  102  111  119  127  135  143
  151  159  167  175  183  192  201  210  218  223  225  224  220  213  204  194
  184  174  166  158  153  150  148  147  146  144  139  132  124  115  105   98
   91   86   83   79   76   72   68   64   62
    62.5 -180.0 180.0   5.0 450.0                            LAT/LON1/LON2/DLON/H
   61   59   60   61   62   61   59   56   51   47   45   46   50   55   60   63
   65   64   63   62   63   66   72   80   89   97  105  112  119  126  135  144
  154  164  174  183  193  203  213  222  231  237  240  239  235  227  217  205
  192  179  165  151  140  130  122  116  111  106  100   93   84   76   69   65
   64   65   67   69   69   68   66   63   61
    60.0 -180.0 180.0   5.0 450.0                            LAT/LON1/LON2/DLON/H
   57   55   55   57   58   58   56   52   47   43   41   42   47   53   60   65
   67   66   64   62   63   67   73   82   91   98  105  111  117  125  135  147
  159  172  184  194  204  213  223  232  240  245  247  246  241  234  224  211
  197  181  163  145  127  111   98   88   81   74   67   60   52   45   40   39
   42   47   54   60   64   65   63   60   57
    57.5 -180.0 180.0   5.0 450.0                            LAT/LON1/LON2/DLON/H
   52   49   48   50   52   53   52   48   44   39   37   38   43   50   57   61
   63   61   58   56   57   61   70   79   89   98  104  110  117  126  138  153
  169  184  198  209  217  225  232  239  245  249  249  247  242  235  226  216
  202  186  166  145  123  103   86   73   64   57   51   44   37   31   27   27
   31   39   48   55   60   62   60   56   52
    55.0 -180.0 180.0   5.0 450.0                            LAT/LON1/LON2/DLON/H
   47   43   41   42   44   46   47   45   41   37   35   36   40   46   52   56
   56   54   50   47   48   54   64   76   88   99  107  114  121  132  146  163
  182  200  214  225  232  237  242  246  249  250  249  245  240  234  228  220
  209  195  175  153  129  107   88   75   66   60   55   50   44   37   33   32
   35   42   49   56   61   61   58   53   47
    52.5 -180.0 180.0   5.0 450.0                            LAT/LON1/LON2/DLON/H
   45   39   36   36   38   41   43   43   41   39   37   37   40   45   49   52
   51   47   43   40   41   49   61   76   91  104  115  123  132  143  159  177
  197  216  230  240  246  249  251  253  253  252  248  244  239  235  231  226
  219  206  189  167  144  121  103   90   82   78   75   72   66   60   54   50
   50   53   58   62   64   63   58   52   45
    50.0 -180.0 180.0   5.0 450.0                            LAT/LON1/LON2/DLON/H
   48   41   37   35   36   38   41   44   44   44   44   44   45   48   51   52
   51   47   42   39   41   49   63   82  100  117  130  140  149  160  175  192
  211  229  243  252  257  259  259  259  258  255  250  245  240  238  236  233
  228  218  203  184  162  141  123  111  104  102  101   99   95   88   81   74
   71   69   69   69   68   66   61   55   48
    47.5 -180.0 180.0   5.0 450.0                            LAT/LON1/LON2/DLON/H
   56   49   43   39   38   39   42   46   50   52   54   55   55   56   58   58
   57   54   49   46   48   57   73   93  115  135  150  162  171  180  192  206
  221  237  249  258  262  264  266  266  264  260  255  249  245  243  242  240
  235  226  213  197  179  160  142  129  122  120  120  120  117  110  102   94
   87   82   78   75   72   69   66   62   56
    45.0 -180.0 180.0   5.0 450.0                            LAT/LON1/LON2/DLON/H
   68   62   55   49   45   44   46   51   56   62   66   68   68   69   69   70
   70   68   64   61   63   72   88  110  134  156  173  185  193  200  206  215
  227  239  250  258  264  268  271  272  271  268  262  257  253  251  248  244
  237  228  217  204  189  172  154  139  129  125  125  125  123  118  111  103
   95   88   81   76   73   72   72   71   68
    42.5 -180.0 180.0   5.0 450.0                            LAT/LON1/LON2/DLON/H
   80   77   70   62   55   51   51   55   62   70   76   80   81   82   83   85
   87   86   83   80   81   89  106  129  153  176  194  206  212  215  218  222
  229  238  247  256  264  270  276  280  281  278  273  268  264  261  256  248
  238  227  217  208  196  180  161  141  126  118  115  115  114  110  105   99
   92   86   79   73   71   72   76   80   80
    40.0 -180.0 180.0   5.0 450.0                            LAT/LON1/LON2/DLON/H
   91   90   84   76   66   59   56   59   66   75   84   90   92   94   96  100
  103  104  102   99   98  106  122  145  170  192  209  220  225  226  226  227
  231  238  247  257  267  277  286  291  293  290  286  282  279  274  267  254
  240  227  219  213  205  190  168  143  121  106  100   98   97   95   92   88
   84   80   74   69   68   71   78   86   91
    37.5 -180.0 180.0   5.0 450.0                            LAT/LON1/LON2/DLON/H
   96   98   95   86   76   67   61   61   67   77   87   95   99  102  106  111
  116  118  116  112  111  119  135  158  181  201  216  225  230  232  233  235
  240  247  257  268  280  292  302  309  310  307  303  300  298  294  284  269
  251  239  233  232  227  213  187  156  127  107   96   92   89   87   84   83
   81   78   74   69   67   70   79   89   96
    35.0 -180.0 180.0   5.0 450.0                            LAT/LON1/LON2/DLON/H
   97  100   99   92   83   72   64   61   66   75   87   96  102  106  111  118
  124  126  124  119  119  126  143  165  187  203  215  223  230  237  244  252
  260  270  280  292  305  317  328  333  333  330  326  325  325  322  313  296
  279  269  267  271  270  257  229  193  159  134  120  113  107  102   97   94
   93   90   85   78   73   73   79   89   97
    32.5 -180.0 180.0   5.0 450.0                            LAT/LON1/LON2/DLON/H
   94   98   98   93   85   75   66   61   64   72   84   95  102  108  113  120
  126  127  125  120  120  130  149  170  189  201  208  216  228  245  263  281
  296  309  321  332  343  354  362  366  363  359  355  357  361  361  355  341
  327  322  326  336  339  327  298  260  224  198  182  172  162  151  140  132
  127  121  111  100   89   83   83   88   94
    30.0 -180.0 180.0   5.0 450.0                            LAT/LON1/LON2/DLON/H
   92   93   94   91   85   77   68   62   63   70   81   92  101  107  113  119
  123  124  121  117  120  132  153  174  189  196  201  211  231  260  293  323
  348  364  376  384  393  400  405  404  400  394  392  397  406  412  410  402
  395  396  407  422  428  418  391  355  321  297  281  268  253  234  214  197
  184  171  155  135  116  101   93   91   92
    27.5 -180.0 180.0   5.0 450.0                            LAT/LON1/LON2/DLON/H
   94   91   90   88   84   78   70   65   64   70   80   90   99  106  111  116
  119  119  116  115  121  136  159  179  190  194  197  210  240  284  334  378
  410  430  439  444  447  450  451  447  441  435  436  445  459  470  475  474
  475  483  500  518  526  517  494  463  436  417  402  387  366  338  308  281
  257  235  210  181  152  127  109   99   94
    25.0 -180.0 180.0   5.0 450.0                            LAT/LON1/LON2/DLON/H
  103   96   91   88   84   79   74   69   69   73   81   90   99  105  110  113
  115  114  113  115  125  144  167  186  194  195  199  218  260  319  383  439
  477  496  501  501  500  499  496  490  483  479  484  498  516  533  543  549
  556  569  588  606  613  606  587  565  546  532  521  504  478  443  404  366
  332  300  267  230  193  159  133  115  103
    22.5 -180.0 180.0   5.0 450.0                            LAT/LON1/LON2/DLON/H
  120  108   99   93   88   83   79   76   76   79   84   91   98  104  109  111
  112  112  113  119  134  156  179  195  201  201  208  236  288  360  435  497
  537  553  554  549  544  540  536  529  523  523  532  550  572  592  605  614
  625  640  657  670  674  667  652  638  627  619  608  590  561  522  478  434
  392  353  313  272  230  192  161  137  120
    20.0 -180.0 180.0   5.0 450.0                            LAT/LON1/LON2/DLON/H
  143  127  114  103   95   89   86   84   84   85   88   92   98  103  107  109
  109  111  116  127  147  170  192  206  210  212  225  261  323  403  482  545
  581  593  590  582  576  572  567  562  558  562  576  598  621  640  653  663
  672  683  693  698  695  686  676  667  661  655  643  623  593  555  512  467
  424  382  341  299  258  220  188  163  143
    17.5 -180.0 180.0   5.0 450.0                            LAT/LON1/LON2/DLON/H
  168  151  134  119  106   97   94   93   93   92   91   92   96  100  104  105
  106  110  120  137  161  186  206  217  220  226  247  291  360  441  518  575
  605  611  605  597  593  592  590  587  586  594  612  635  658  674  683  688
  691  694  693  688  677  665  656  650  644  634  617  595  567  536  500  461
  420  381  344  307  272  239  210  187  168
    15.0 -180.0 180.0   5.0 450.0                            LAT/LON1/LON2/DLON/H
  189  173  155  136  119  107  102  101  100   97   93   91   92   95   98  100
  102  108  122  145  174  200  218  227  232  243  272  324  394  471  539  585
  606  608  601  597  599  603  605  605  607  618  637  661  680  691  694  691
  685  676  664  647  629  614  603  595  584  565  541  515  492  471  447  419
  386  354  324  297  271  246  224  205  189
    12.5 -180.0 180.0   5.0 450.0                            LAT/LON1/LON2/DLON/H
  203  189  172  152  132  118  111  109  106  100   93   87   86   89   92   94
   96  104  123  151  183  212  230  238  246  263  300  355  421  488  543  577
  589  588  584  587  598  609  616  618  622  633  652  673  688  693  689  678
  662  642  619  594  571  553  539  525  503  473  439  410  393  384  374  358
  336  312  291  274  259  243  228  215  203
    10.0 -180.0 180.0   5.0 450.0                            LAT/LON1/LON2/DLON/H
  207  197  182  163  144  128  120  115  110  101   91   83   80   82   85   86
   89   98  120  152  190  221  241  251  262  286  327  382  441  493  532  554
  560  559  562  574  594  614  625  629  632  642  657  674  684  685  675  658
  634  607  578  549  524  505  487  464  431  387  344  313  302  304  307  302
  287  270  257  249  242  234  224  215  207
     7.5 -180.0 180.0   5.0 450.0                            LAT/LON1/LON2/DLON/H
  202  195  185  169  152  138  128  121  113  102   90   80   76   77   79   80
   82   91  114  151  193  229  253  266  282  310  353  403  451  488  513  525
  528  531  542  563  592  618  633  638  640  645  656  667  674  672  661  641
  614  584  555  529  507  488  466  435  390  337  287  256  250  260  271  271
  259  245  236  233  230  225  217  209  202
     5.0 -180.0 180.0   5.0 450.0                            LAT/LON1/LON2/DLON/H
  192  187  180  170  158  146  136  127  116  104   90   80   76   76   77   77
   77   86  109  149  196  238  267  286  305  335  376  419  453  477  490  497
  502  511  528  558  593  623  641  646  646  646  651  658  662  661  652  635
  610  583  560  541  527  510  486  447  396  337  287  259  257  270  281  279
  264  247  236  232  229  222  210  200  192
     2.5 -180.0 180.0   5.0 450.0                            LAT/LON1/LON2/DLON/H
  183  177  173  168  161  153  144  134  121  107   94   85   80   79   79   77
   75   83  106  148  199  248  283  307  330  359  394  427  450  462  469  476
  486  501  524  557  595  628  648  653  650  646  645  648  652  655  652  641
  623  604  590  583  578  565  539  498  445  390  345  323  323  334  339  327
  302  277  259  250  241  228  210  194  183
