ionex_files/turquie/corrected/COD0OPSFIN_20230310000_01D_01H_GIM.INX
     1.0            IONOSPHERE MAPS     GNSS                IONEX VERSION / TYPE
ADDNEQ2 V5.5        AIUB                04-FEB-23 21:03     PGM / RUN BY / DATE 
CODE'S GLOBAL IONOSPHERE MAPS FOR DAY 031, 2023             COMMENT             
Global ionosphere maps (GIM) are generated on a daily basis DESCRIPTION         
at CODE using data from about 300 GNSS sites of the IGS and DESCRIPTION         
other institutions. The vertical total electron content     DESCRIPTION         
(VTEC) is modeled in a solar-geomagnetic reference frame    DESCRIPTION         
using a spherical harmonics expansion up to degree and      DESCRIPTION         
order 15. Piece-wise linear functions are used for          DESCRIPTION         
representation in the time domain. The time spacing of      DESCRIPTION         
their vertices is 1 hour, conforming with the epochs of the DESCRIPTION         
VTEC maps.                                                  DESCRIPTION         
To convert line-of-sight TEC into vertical TEC, a modified  DESCRIPTION         
single-layer model mapping function approximating the JPL   DESCRIPTION         
extended slab model mapping function is adopted. The        DESCRIPTION         
mapping function is evaluated at geodetic satellite         DESCRIPTION         
elevation angles. For the computation of the ionospheric    DESCRIPTION         
pierce points, a spherical layer with a radius of 6821 km   DESCRIPTION         
is assumed, implying geocentric, not geodetic IONEX         DESCRIPTION         
latitudes.                                                  DESCRIPTION         
Instrumental biases with respect to each involved GNSS code DESCRIPTION         
observable are estimated as constant values for each        DESCRIPTION         
day. They are modeled with one set of bias parameters for   DESCRIPTION         
each satellite and each station in case of GPS and for each DESCRIPTION         
satellite-station link in case of GLONASS. The code bias    DESCRIPTION         
datum is defined by zero-mean conditions imposed on the     DESCRIPTION         
satellite bias estimates. In this file, just GPS C1W-C2W    DESCRIPTION         
satellite and station bias values are included. The         DESCRIPTION         
complete set of GNSS code bias results is provided in an    DESCRIPTION         
additional Bias-SINEX file as pseudo-absolute values        DESCRIPTION         
specific to each observable.                                DESCRIPTION         
Note: These GIM results correspond to the results for the   DESCRIPTION         
middle day of a 3-day combination analysis solving for 73   DESCRIPTION         
times 256, or 18688 VTEC parameters and 3 daily sets of     DESCRIPTION         
GNSS code bias parameters.                                  DESCRIPTION         
Contact address: code(at)aiub.unibe.ch                      DESCRIPTION         
Data archive:    ftp.aiub.unibe.ch/CODE/                    DESCRIPTION         
                 www.aiub.unibe.ch/download/CODE/           DESCRIPTION         
  2023     1    31     0     0     0                        EPOCH OF FIRST MAP  
  2023     2     1     0     0     0                        EPOCH OF LAST MAP   
  3600                                                      INTERVAL            
[...]
brst brux bshm cags cas1 ccj2 cedu chpg chpi chti chur ckis COMMENT             
cnmr coco cord cpvg cpxf crar cro1 daej darw dav1 dgar dhlg COMMENT             
drao dubo ebre faa1 fair flrs frdn ftna func ganp glps gode COMMENT             
godz gol2 gold gope gras graz guam guug harb hers hert hlfx COMMENT             
hob2 hofn holb hrao hyde iddr ieng iisc ineg invk iqal irkj COMMENT             
isba jog2 joz2 joze karr kerg kir0 kiri kiru kit3 kokb kokv COMMENT             
koug kour krgg laut lmmf lpal lpgs m0se mac1 madr mal2 mana COMMENT             
mas1 mat1 mate maw1 mcm4 mdo1 mdvj medi mets mgue mizu mkea COMMENT             
mnls mobs monp morp mqzg mro1 mtka nano nico nist nium nklg COMMENT             
nlib nnor not1 nrc1 nrmd ntus nya1 nyal ohi2 onsa opmt ous2 COMMENT             
pado parc park pdel penc pert pie1 pimo pohn pol2 polv pots COMMENT             
pove prds ptbb ptvl qaq1 quin ramo reun reyk rgdg rio2 riop COMMENT             
roth salu samo sant savo sch2 scor scrz sctb scub seyg sofi COMMENT             
spt0 ssia sthl stjo stk2 str2 suth sutm suwn sydn syog tabl COMMENT             
tabv tash thtg thti thu2 tid1 tidb tlse tn22 tong tow2 tro1 COMMENT             
tsea tskb twtf txes uclu ufpr ulab unb3 unbj unsa urum usn7 COMMENT             
usud vald vill voim vtsp wab1 wab2 wark wes2 wgtn whit will COMMENT             
wind wsrt wtza wtzl wtzr wtzs wtzz wuhn xmis yar2 yar3 yarr COMMENT             
yell ykro zamb zeck zim2 zim3 zimm                          COMMENT             
                                                            END OF HEADER       
[from data line 2145]
     6                                                      START OF TEC MAP    
  2023     1    31     5     0     0                        EPOCH OF CURRENT MAP
    87.5 -180.0 180.0   5.0 450.0                            LAT/LON1/LON2/DLON/H
   92   92   91   91   91   90   90   90   89   88   87   86   85   84   83   81
   80   78   76   74   72   71   69   67   65   64   62   61   60   59   58   58
   58   58   58   58   59   59   60   61   62   64   65   66   68   70   71   73
   74   76   78   79   81   82   84   85   86   87   88   89   90   90   91   91
   92   92   92   92   92   92   92   92   92
    85.0 -180.0 180.0   5.0 450.0                            LAT/LON1/LON2/DLON/H
  105  105  105  105  105  106  106  106  106  106  106  105  104  102   99   97
   93   90   85   81   77   72   67   63   59   55   52   49   47   45   44   43
   43   43   44   46   47   49   52   54   57   60   63   66   69   72   76   79
   82   86   89   93   96   99  102  104  107  109  110  111  112  113  113  113
  112  111  110  109  108  107  106  106  105
    82.5 -180.0 180.0   5.0 450.0                            LAT/LON1/LON2/DLON/H
  113  112  112  112  114  116  118  120  122  124  126  126  125  124  121  117
  112  106   99   92   84   77   69   62   55   49   44   39   36   34   33   33
   34   36   38   41   44   48   51   55   59   63   67   72   76   80   85   90
   95  100  105  111  116  121  126  131  135  138  141  142  143  143  142  140
  138  135  131  128  124  120  117  115  113
    80.0 -180.0 180.0   5.0 450.0                            LAT/LON1/LON2/DLON/H
  115  112  111  112  114  118  122  127  133  137  141  144  145  144  141  136
  130  122  113  103   92   82   72   62   53   45   39   34   31   29   29   30
   33   36   40   45   49   54   59   63   68   72   76   80   85   90   95  101
  108  115  122  130  138  146  154  161  168  173  177  180  181  181  179  175
  170  164  157  149  141  133  126  120  115
    77.5 -180.0 180.0   5.0 450.0                            LAT/LON1/LON2/DLON/H
  115  109  105  104  107  111  118  126  134  142  148  153  155  155  153  148
  140  131  121  109   98   86   74   64   54   46   40   35   33   32   33   36
   39   44   50   55   61   66   71   75   78   81   84   88   92   96  102  109
  117  126  136  147  158  170  181  192  202  210  217  221  223  223  221  215
  208  198  187  174  161  148  136  125  115
    75.0 -180.0 180.0   5.0 450.0                            LAT/LON1/LON2/DLON/H
  117  106   98   94   95   99  107  116  126  136  145  151  155  155  153  147
  140  131  121  110   99   88   77   67   59   52   46   43   41   42   44   47
   52   57   63   69   74   78   82   84   86   87   88   90   93   97  103  111
  121  133  146  160  175  190  205  220  233  244  253  260  264  264  262  256
  247  235  220  203  185  167  149  132  117
    72.5 -180.0 180.0   5.0 450.0                            LAT/LON1/LON2/DLON/H
  124  107   94   86   83   85   92  101  113  123  133  139  143  143  140  135
  128  121  112  104   95   87   79   72   66   61   58   56   55   56   59   62
   66   71   76   80   84   86   88   88   87   86   85   85   87   92   99  108
  121  135  152  170  188  206  224  241  256  270  282  290  296  298  296  291
  281  268  252  233  212  189  167  144  124
    70.0 -180.0 180.0   5.0 450.0                            LAT/LON1/LON2/DLON/H
  139  116   97   83   75   74   78   86   96  106  115  120  123  122  119  114
  109  103   98   93   88   84   80   77   74   72   70   70   70   71   73   75
   78   81   83   85   86   87   85   83   80   78   76   75   77   82   91  104
  119  137  157  177  198  218  237  254  271  285  298  308  315  318  318  314
  305  293  278  259  238  214  189  164  139
    67.5 -180.0 180.0   5.0 450.0                            LAT/LON1/LON2/DLON/H
  160  133  108   88   75   68   68   73   81   89   96  100  100   98   94   90
   86   83   81   80   80   80   80   80   80   81   81   82   82   83   83   84
   84   83   83   82   80   78   75   72   68   64   62   62   66   73   85  100
  119  140  162  184  205  225  243  259  275  289  301  311  319  323  324  321
  315  305  293  277  259  238  214  188  160
    65.0 -180.0 180.0   5.0 450.0                            LAT/LON1/LON2/DLON/H
  186  156  127  101   80   68   63   64   69   75   79   81   80   76   72   69
   67   67   68   70   72   75   77   80   82   84   86   88   89   88   87   85
   81   78   74   71   67   64   60   56   53   50   49   51   57   67   82  101
  122  146  169  191  210  228  243  257  269  281  292  302  309  314  316  314
  310  303  295  284  272  257  237  214  186
    62.5 -180.0 180.0   5.0 450.0                            LAT/LON1/LON2/DLON/H
  212  182  149  118   91   72   62   59   61   64   67   67   65   61   57   55
   55   57   60   63   67   69   72   75   78   81   84   87   88   87   84   79
   73   67   61   56   51   47   44   41   39   39   40   45   53   67   85  106
  130  155  178  198  215  228  239  249  257  266  275  284  291  296  297  296
  293  288  284  280  275  267  255  237  212
    60.0 -180.0 180.0   5.0 450.0                            LAT/LON1/LON2/DLON/H
  233  205  171  136  104   80   64   57   56   58   59   58   55   52   50   50
   52   55   58   61   63   63   64   66   69   72   76   79   81   79   75   69
   62   54   47   41   37   34   32   32   32   33   37   45   56   72   93  117
  142  166  188  205  218  227  233  238  243  249  257  264  271  275  275  273
  270  266  264  265  267  268  264  253  233
    57.5 -180.0 180.0   5.0 450.0                            LAT/LON1/LON2/DLON/H
  246  221  188  151  116   88   68   57   54   53   53   52   50   49   49   51
   54   58   60   61   60   57   55   55   57   61   66   70   72   70   66   60
   52   44   38   33   29   28   28   29   31   35   41   51   65   83  105  130
  155  178  198  212  221  226  227  229  231  235  241  248  254  258  257  253
  247  243  241  245  252  260  264  261  246
    55.0 -180.0 180.0   5.0 450.0                            LAT/LON1/LON2/DLON/H
  250  229  199  163  126   95   73   59   52   50   49   48   47   47   50   54
   59   62   63   61   57   51   47   45   47   51   57   62   64   63   59   53
   46   40   35   32   31   31   32   34   38   43   50   61   76   96  119  144
  168  190  207  218  224  225  224  223  224  227  233  240  246  248  246  239
  231  223  221  225  234  246  256  258  250
    52.5 -180.0 180.0   5.0 450.0                            LAT/LON1/LON2/DLON/H
  244  229  203  170  135  104   79   63   53   48   45   44   44   46   50   56
   61   64   64   60   54   47   42   40   42   47   53   58   61   60   57   52
   47   43   40   40   40   41   43   45   49   54   61   73   89  109  132  157
  180  201  215  224  228  227  225  224  224  228  234  241  246  247  243  234
  222  211  206  208  217  230  242  248  244
    50.0 -180.0 180.0   5.0 450.0                            LAT/LON1/LON2/DLON/H
  232  221  201  173  143  113   89   70   57   49   44   41   41   43   48   54
   59   61   60   57   51   46   42   41   45   51   57   62   63   62   58   55
   52   51   51   53   56   57   58   59   61   65   73   84  101  121  144  168
  191  210  223  231  233  233  232  231  232  236  241  248  252  252  246  234
  220  207  199  198  204  214  225  232  232
    47.5 -180.0 180.0   5.0 450.0                            LAT/LON1/LON2/DLON/H
  215  208  194  174  150  125  102   82   66   55   47   41   40   41   45   50
   54   56   55   53   51   49   49   51   55   61   67   70   70   67   63   60
   59   61   65   69   73   74   74   73   73   76   83   94  111  132  155  178
  200  218  231  238  242  243  243  244  246  249  253  257  259  257  249  236
  221  207  198  194  196  203  210  215  215
    45.0 -180.0 180.0   5.0 450.0                            LAT/LON1/LON2/DLON/H
  198  194  185  173  157  138  117   97   80   65   55   47   44   43   46   48
   50   51   51   53   55   58   62   66   71   76   80   81   78   73   68   65
   66   70   76   83   88   89   87   84   83   84   92  104  121  142  164  188
  209  227  239  247  252  255  258  260  262  263  265  265  264  259  249  236
  222  209  200  196  195  196  198  199  198
    42.5 -180.0 180.0   5.0 450.0                            LAT/LON1/LON2/DLON/H
  183  179  175  170  161  148  132  113   95   80   68   59   54   52   52   52
   51   51   53   58   66   73   79   84   88   90   92   90   85   78   72   70
   71   76   84   92   98  100   97   93   90   92  101  115  132  153  174  196
  217  235  248  257  264  269  274  278  279  278  275  270  264  256  245  233
  220  211  204  201  198  196  192  187  183
    40.0 -180.0 180.0   5.0 450.0                            LAT/LON1/LON2/DLON/H
  173  166  164  163  161  154  141  125  109   94   83   75   70   67   65   63
   61   60   63   71   82   92   98  100  101  100   99   96   90   82   76   73
   74   80   88   97  104  106  103   99   97  101  111  127  145  165  184  205
  225  242  257  267  276  284  290  295  294  290  283  273  263  252  240  228
  218  212  210  209  207  201  193  182  173
    37.5 -180.0 180.0   5.0 450.0                            LAT/LON1/LON2/DLON/H
  169  158  153  154  154  151  142  129  116  105   96   91   87   86   84   82
   78   76   80   89  101  110  113  111  107  104  102   98   93   87   81   78
   79   83   90   99  106  109  107  104  104  110  124  142  160  177  194  212
  231  250  265  278  289  299  307  311  310  303  291  279  266  253  240  229
  221  218  219  221  220  214  201  185  169
    35.0 -180.0 180.0   5.0 450.0                            LAT/LON1/LON2/DLON/H
  175  157  146  142  142  139  132  122  113  107  103  102  103  104  104  103
   99   97  100  108  117  123  121  114  107  103  101  100   98   95   91   88
   87   88   93  100  106  110  109  108  110  120  137  157  175  189  203  219
  237  257  275  290  303  315  324  329  327  318  305  291  278  265  254  243
  236  235  237  241  241  234  220  198  175
    32.5 -180.0 180.0   5.0 450.0                            LAT/LON1/LON2/DLON/H
  193  164  144  133  128  123  116  107  102  101  103  106  111  115  119  120
  117  115  116  121  127  128  121  111  102  100  102  106  109  110  109  106
  102   99   99  103  108  111  111  111  116  130  150  171  188  200  210  224
  243  265  287  306  321  335  345  351  349  340  328  316  305  296  286  277
  270  267  268  271  271  264  248  223  193
    30.0 -180.0 180.0   5.0 450.0                            LAT/LON1/LON2/DLON/H
  222  184  152  131  118  108   99   91   88   91   97  103  110  118  125  128
  127  124  122  124  126  123  114  104   99  101  110  120  128  133  135  133
  126  117  110  109  111  112  112  112  119  136  159  182  198  208  216  230
  251  277  303  326  345  361  372  379  378  372  363  355  350  345  340  332
  323  317  314  314  312  304  287  259  222
    27.5 -180.0 180.0   5.0 450.0                            LAT/LON1/LON2/DLON/H
  263  217  174  143  121  105   92   83   80   85   92   99  106  114  122  126
  125  121  117  116  115  111  104   99  102  113  128  143  156  164  168  165
  154  139  126  118  115  113  111  110  119  138  164  189  205  214  223  238
  263  294  326  354  376  394  406  414  416  412  408  406  408  411  411  405
  395  384  375  368  362  353  335  305  263
    25.0 -180.0 180.0   5.0 450.0                            LAT/LON1/LON2/DLON/H
  315  262  212  171  143  121  104   93   90   93   99  103  106  111  116  119
  117  109  102   99   99   98   98  103  116  136  158  175  189  198  203  199
  184  163  142  128  119  113  107  105  114  136  165  191  209  220  231  251
  281  319  357  389  415  433  447  455  459  460  460  465  474  484  489  486
  475  460  444  431  420  408  389  359  315
    22.5 -180.0 180.0   5.0 450.0                            LAT/LON1/LON2/DLON/H
  372  317  263  218  185  161  142  129  124  126  128  126  122  119  119  117
  109   98   88   84   86   92  102  119  144  172  195  211  221  228  232  226
  209  183  156  136  122  110  101   97  107  131  162  191  212  227  244  270
  306  349  392  429  457  476  490  499  505  508  513  523  538  554  563  562
  551  534  514  495  479  464  445  416  372
    20.0 -180.0 180.0   5.0 450.0                            LAT/LON1/LON2/DLON/H
  428  376  323  279  246  222  203  191  186  186  184  175  162  150  140  131
  116   99   86   81   87  101  122  150  184  215  235  244  247  249  250  243
  224  195  165  140  121  105   92   87   98  124  159  191  217  238  262  294
  336  384  430  469  498  518  531  540  547  553  560  573  591  609  621  623
  613  595  574  552  532  515  497  469  428
    17.5 -180.0 180.0   5.0 450.0                            LAT/LON1/LON2/DLON/H
  479  433  385  346  317  297  282  272  269  269  264  250  229  208  189  169
  147  123  106  102  111  131  159  193  229  257  270  268  260  255  252  245
  225  196  165  139  118   99   83   79   91  120  158  194  224  252  283  322
  368  417  465  504  533  552  564  573  580  588  596  609  626  644  656  658
  650  635  616  596  575  557  539  515  479
    15.0 -180.0 180.0   5.0 450.0                            LAT/LON1/LON2/DLON/H
  519  481  442  409  387  372  363  358  360  362  359  343  317  289  263  235
  205  175  155  150  160  181  209  243  274  292  292  276  258  246  240  232
  214  187  159  134  112   92   76   73   88  121  161  200  235  269  307  350
  397  445  491  530  557  575  585  594  602  610  618  628  642  656  665  666
  661  651  638  622  603  585  568  548  519
    12.5 -180.0 180.0   5.0 450.0                            LAT/LON1/LON2/DLON/H
  545  516  486  461  444  435  431  433  441  449  450  437  412  383  352  319
  284  252  229  222  229  245  267  290  309  313  298  270  242  225  217  210
  195  172  148  126  106   87   72   71   90  126  168  209  247  286  329  374
  419  464  506  542  568  584  594  602  611  619  627  634  643  651  655  653
  649  644  639  630  616  599  583  566  545
    10.0 -180.0 180.0   5.0 450.0                            LAT/LON1/LON2/DLON/H
  557  538  515  495  482  476  476  482  496  511  519  513  493  467  438  406
  370  337  315  305  306  312  319  326  327  316  288  251  218  199  190  184
  172  154  136  120  103   85   72   75   97  135  178  219  259  300  345  390
  432  471  508  541  566  581  590  599  609  619  626  631  635  636  634  628
  623  623  626  625  616  601  586  572  557
     7.5 -180.0 180.0   5.0 450.0                            LAT/LON1/LON2/DLON/H
  560  547  529  511  498  490  489  498  514  535  549  551  541  523  500  473
  442  413  392  380  374  366  356  343  326  301  266  226  193  174  166  161
  152  139  127  116  102   86   76   81  107  145  188  228  267  310  355  398
  435  468  501  531  556  571  580  589  601  613  622  626  626  622  614  603
  596  599  608  613  608  594  580  569  560
     5.0 -180.0 180.0   5.0 450.0                            LAT/LON1/LON2/DLON/H
  556  548  533  514  495  482  476  481  496  516  534  542  540  532  519  501
  478  457  440  428  415  395  368  338  307  274  237  201  173  157  150  145
  138  130  123  116  104   90   82   89  116  155  195  233  271  313  357  397
  430  459  488  517  541  557  567  577  592  607  618  623  622  616  603  588
  578  580  591  600  597  583  568  560  556
     2.5 -180.0 180.0   5.0 450.0                            LAT/LON1/LON2/DLON/H
  549  546  533  510  484  461  445  441  448  463  479  488  491  490  487  479
  467  455  444  434  417  390  353  313  276  241  210  182  162  151  144  138
  132  126  123  118  108   94   87   96  124  162  200  234  270  311  353  391
  421  447  475  504  528  545  555  568  584  602  617  624  626  620  605  586
  572  572  582  591  586  571  556  549  549
