ionex_files/turquie/corrected/COD0OPSFIN_20230320000_01D_01H_GIM.INX
     1.0            IONOSPHERE MAPS     GNSS                IONEX VERSION / TYPE
ADDNEQ2 V5.5        AIUB                05-FEB-23 21:17     PGM / RUN BY / DATE 
CODE'S GLOBAL IONOSPHERE MAPS FOR DAY 032, 2023             COMMENT             
Global ionosphere maps (GIM) are generated on a daily basis DESCRIPTION         
at CODE using data from about 300 GNSS sites of the IGS and DESCRIPTION         
other institutions. The vertical total electron content     DESCRIPTION         
(VTEC) is modeled in a solar-geomagnetic reference frame    DESCRIPTION         
using a spherical harmonics expansion up to degree and      DESCRIPTION         
order 15. Piece-wise linear functions are used for          DESCRIPTION         
representation in the time domain. The time spacing of      DESCRIPTION         
their vertices is 1 hour, conforming with the epochs of the DESCRIPTION         
VTEC maps.                                                  DESCRIPTION         
To convert line-of-sight TEC into vertical TEC, a modified  DESCRIPTION         
single-layer model mapping function approximating the JPL   DESCRIPTION         
extended slab model mapping function is adopted. The        DESCRIPTION         
mapping function is evaluated at geodetic satellite         DESCRIPTION         
elevation angles. For the computation of the ionospheric    DESCRIPTION         
pierce points, a spherical layer with a radius of 6821 km   DESCRIPTION         
is assumed, implying geocentric, not geodetic IONEX         DESCRIPTION         
latitudes.                                                  DESCRIPTION         
Instrumental biases with respect to each involved GNSS code DESCRIPTION         
observable are estimated as constant values for each        DESCRIPTION         
day. They are modeled with one set of bias parameters for   DESCRIPTION         
each satellite and each station in case of GPS and for each DESCRIPTION         
satellite-station link in case of GLONASS. The code bias    DESCRIPTION         
datum is defined by zero-mean conditions imposed on the     DESCRIPTION         
satellite bias estimates. In this file, just GPS C1W-C2W    DESCRIPTION         
satellite and station bias values are included. The         DESCRIPTION         
complete set of GNSS code bias results is provided in an    DESCRIPTION         
additional Bias-SINEX file as pseudo-absolute values        DESCRIPTION         
specific to each observable.                                DESCRIPTION         
Note: These GIM results correspond to the results for the   DESCRIPTION         
middle day of a 3-day combination analysis solving for 73   DESCRIPTION         
times 256, or 18688 VTEC parameters and 3 daily sets of     DESCRIPTION         
GNSS code bias parameters.                                  DESCRIPTION         
Contact address: code(at)aiub.unibe.ch                      DESCRIPTION         
Data archive:    ftp.aiub.unibe.ch/CODE/                    DESCRIPTION         
                 www.aiub.unibe.ch/download/CODE/           DESCRIPTION         
  2023     2     1     0     0     0                        EPOCH OF FIRST MAP  
  2023     2     2     0     0     0                        EPOCH OF LAST MAP   
  3600                                                      INTERVAL            
[...]
brst brux bshm cedu chpg chpi chti chur ckis cnmr coco cord COMMENT             
cpvg cpxf crar cro1 daej darw dav1 dgar dhlg drao dubo ebre COMMENT             
faa1 fair flrs frdn ftna func ganp glps gode godz gol2 gold COMMENT             
gope gras graz guam guug harb hers hert hlfx hob2 hofn holb COMMENT             
hrao hyde iddr ieng iisc ineg invk iqal irkj isba jog2 joz2 COMMENT             
joze karr kerg kir0 kiri kiru kit3 kokb kokv koug kour krgg COMMENT             
laut lmmf lpal lpgs m0se mac1 madr mal2 mana mas1 mat1 mate COMMENT             
maw1 mcm4 mdo1 mdvj medi mets mgue mizu mkea mnls mobs monp COMMENT             
morp mqzg mro1 mtka nano nico nist nium nklg nlib nnor not1 COMMENT             
nrc1 nrmd ntus nya1 nyal ohi2 onsa opmt ous2 pado parc park COMMENT             
pdel penc pert pie1 pimo pohn pol2 polv pots pove prds ptbb COMMENT             
ptvl qaq1 quin ramo reun reyk rgdg rio2 riop roth salu samo COMMENT             
sant savo sch2 scor scrz sctb scub seyg sofi spt0 ssia sthl COMMENT             
stjo str2 suth sutm suwn sydn tabl tabv tash thtg thti thu2 COMMENT             
tid1 tidb tlse tn22 tong tow2 tro1 tsea twtf txes uclu ufpr COMMENT             
ulab unb3 unbj unsa urum usn7 usud vald vill voim vtsp wab1 COMMENT             
wab2 wark wes2 wgtn whit will wind wsrt wtza wtzl wtzr wtzs COMMENT             
wtzz wuhn xmis yar2 yar3 yarr yell ykro zamb zeck zim2 zim3 COMMENT             
zimm                                                        COMMENT             
                                                            END OF HEADER       
[from data line 9438]
    23                                                      START OF TEC MAP    
  2023     2     1    22     0     0                        EPOCH OF CURRENT MAP
    87.5 -180.0 180.0   5.0 450.0                            LAT/LON1/LON2/DLON/H
  114  116  117  119  120  122  124  126  128  129  131  133  135  136  138  139
  140  141  142  143  144  144  144  145  145  144  144  144  143  143  142  141
  140  139  138  137  136  134  133  132  131  129  128  127  125  124  123  122
  120  119  118  117  116  115  114  113  112  111  111  110  110  109  109  109
  109  109  109  110  110  111  112  113  114
    85.0 -180.0 180.0   5.0 450.0                            LAT/LON1/LON2/DLON/H
   97  100  103  106  110  114  118  122  126  130  134  138  142  145  148  150
  152  154  155  157  157  158  158  158  158  157  157  156  155  153  152  150
  148  146  144  142  140  138  136  134  132  130  128  126  124  122  120  118
  116  114  112  110  108  106  104  103  101   99   98   96   95   94   93   92
   91   91   91   91   91   92   94   95   97
    82.5 -180.0 180.0   5.0 450.0                            LAT/LON1/LON2/DLON/H
   81   84   88   93   99  105  112  119  126  133  139  145  150  154  157  160
  162  163  164  165  165  165  165  165  164  164  163  162  161  160  158  156
  154  151  149  146  144  142  139  137  135  133  131  128  126  124  121  119
  116  113  111  108  105  102   99   97   94   92   89   87   85   83   81   80
   78   77   76   75   75   75   76   78   81
    80.0 -180.0 180.0   5.0 450.0                            LAT/LON1/LON2/DLON/H
   70   73   78   85   93  102  112  122  132  141  150  156  162  166  168  168
  168  167  166  165  164  163  163  163  163  164  164  164  164  163  162  160
  158  155  153  150  148  146  144  143  141  140  138  136  134  132  129  126
  122  118  114  110  106  102   98   94   91   88   85   83   81   78   76   74
   73   71   69   67   66   66   66   67   70
    77.5 -180.0 180.0   5.0 450.0                            LAT/LON1/LON2/DLON/H
   69   73   78   86   96  108  121  134  147  159  169  177  181  183  181  178
  173  168  162  158  155  153  153  154  156  158  160  162  164  164  164  162
  161  158  156  154  153  152  151  151  151  151  151  150  149  146  143  138
  133  127  122  115  109  104   99   94   90   87   84   82   80   79   77   76
   75   73   72   70   69   68   67   67   69
    75.0 -180.0 180.0   5.0 450.0                            LAT/LON1/LON2/DLON/H
   83   86   91  100  111  125  141  158  174  189  200  208  210  207  200  190
  178  166  155  146  140  137  137  139  143  148  153  157  161  163  163  163
  161  159  157  156  155  156  158  160  163  165  166  167  166  163  158  153
  145  138  129  121  113  105   98   93   88   85   82   81   81   81   82   82
   83   84   84   84   83   82   82   81   83
    72.5 -180.0 180.0   5.0 450.0                            LAT/LON1/LON2/DLON/H
  109  112  117  125  137  153  171  192  211  229  242  248  248  240  226  208
  188  168  150  136  126  121  121  124  130  136  143  150  155  158  159  158
  157  154  152  152  152  155  159  164  170  175  179  181  180  177  171  164
  154  144  133  122  112  103   95   89   84   81   79   79   80   82   85   89
   93   97  101  104  106  107  107  108  109
    70.0 -180.0 180.0   5.0 450.0                            LAT/LON1/LON2/DLON/H
  144  146  151  159  171  187  207  230  253  274  288  295  292  280  259  232
  204  175  151  131  118  111  110  112  118  125  133  140  145  148  149  148
  145  142  140  139  141  145  152  160  169  177  183  186  186  182  175  166
  155  142  130  118  106   96   88   81   76   73   72   73   76   80   86   93
  100  108  117  124  131  136  139  142  144
    67.5 -180.0 180.0   5.0 450.0                            LAT/LON1/LON2/DLON/H
  180  184  189  195  206  222  242  267  293  316  334  342  338  322  296  263
  227  193  162  139  122  112  108  108  111  116  122  127  132  134  134  132
  128  123  119  118  120  126  134  145  157  167  175  179  179  174  166  156
  143  130  117  105   94   84   76   70   66   64   64   65   68   73   80   89
  100  112  125  138  150  161  169  176  180
    65.0 -180.0 180.0   5.0 450.0                            LAT/LON1/LON2/DLON/H
  212  218  224  230  239  252  272  296  324  350  371  382  379  363  335  298
  258  220  186  160  140  127  119  114  111  111  112  114  116  117  116  112
  107  100   94   91   92   98  108  121  134  146  154  158  158  153  144  133
  121  108   96   86   76   69   62   58   55   54   54   55   58   63   70   80
   92  107  124  141  159  176  191  203  212
    62.5 -180.0 180.0   5.0 450.0                            LAT/LON1/LON2/DLON/H
  234  245  253  259  266  277  293  315  343  371  395  410  411  397  370  334
  294  255  221  194  173  156  142  129  119  111  106  104  103  102  100   95
   87   78   70   64   64   68   78   91  104  116  125  128  127  121  112  101
   90   80   70   63   56   52   49   47   46   46   46   47   49   52   57   66
   78   93  112  133  156  180  201  220  234
    60.0 -180.0 180.0   5.0 450.0                            LAT/LON1/LON2/DLON/H
  247  263  275  282  288  296  308  326  351  379  405  424  431  422  399  366
  329  294  262  236  214  194  174  154  135  119  107  100   96   94   91   85
   76   64   53   44   41   44   51   62   74   85   92   95   92   86   77   67
   58   51   45   41   39   37   37   38   40   42   43   43   43   43   46   51
   61   75   95  118  144  172  200  225  247
    57.5 -180.0 180.0   5.0 450.0                            LAT/LON1/LON2/DLON/H
  252  275  292  303  309  314  321  333  353  378  405  427  438  435  418  392
  361  330  304  281  260  237  213  186  159  135  117  106  100   98   94   87
   76   62   48   36   30   29   34   42   52   60   65   66   62   55   47   38
   32   28   26   26   27   28   31   35   39   42   44   43   42   40   39   41
   48   60   78  101  129  160  192  223  252
    55.0 -180.0 180.0   5.0 450.0                            LAT/LON1/LON2/DLON/H
  254  284  308  324  333  337  339  345  356  376  400  422  437  439  429  409
  384  360  339  320  301  279  252  221  189  160  138  124  116  113  108  101
   88   72   55   41   33   29   31   35   41   46   48   48   43   36   28   22
   17   16   17   20   23   27   32   37   43   47   50   49   46   42   39   39
   43   53   69   91  118  150  185  220  254
    52.5 -180.0 180.0   5.0 450.0                            LAT/LON1/LON2/DLON/H
  259  294  324  348  362  368  367  366  368  379  397  417  432  438  432  417
  398  380  364  349  334  314  288  258  225  194  169  152  142  137  131  121
  107   89   72   57   47   42   40   41   43   45   45   44   39   32   25   19
   17   18   21   25   29   33   38   44   51   56   59   58   55   50   46   45
   49   58   72   92  118  149  184  221  259
    50.0 -180.0 180.0   5.0 450.0                            LAT/LON1/LON2/DLON/H
  268  306  342  373  395  406  405  398  392  392  402  416  429  435  431  419
  404  390  377  366  354  339  318  292  262  231  205  185  172  163  154  142
  126  108   90   77   68   62   59   57   55   55   54   52   48   42   35   31
   30   32   36   40   43   46   49   54   61   67   70   69   65   61   57   58
   63   73   87  107  132  161  194  230  268
    47.5 -180.0 180.0   5.0 450.0                            LAT/LON1/LON2/DLON/H
  282  319  358  396  427  445  449  440  426  417  416  422  430  433  429  418
  404  391  381  373  365  355  341  322  297  268  241  217  198  183  170  154
  137  119  105   94   88   84   80   77   73   71   70   69   66   61   55   51
   51   54   57   60   61   61   62   66   71   77   80   79   76   72   71   75
   83   96  112  132  156  184  215  247  282
    45.0 -180.0 180.0   5.0 450.0                            LAT/LON1/LON2/DLON/H
  299  331  369  411  450  479  489  482  465  448  438  436  437  436  428  416
  403  390  380  373  368  364  358  346  326  299  268  239  213  192  173  155
  137  121  110  104  102  101   99   94   90   87   86   87   86   82   77   73
   73   76   79   80   78   75   74   76   80   85   87   86   83   81   83   91
  104  121  140  161  186  213  241  269  299
    42.5 -180.0 180.0   5.0 450.0                            LAT/LON1/LON2/DLON/H
  314  339  372  414  460  497  517  515  498  477  461  453  448  441  431  417
  403  390  379  372  369  369  369  363  346  318  283  247  214  187  165  145
  128  115  107  105  107  110  110  106  101   98   99  101  102   99   94   91
   91   93   95   95   91   86   83   83   86   89   91   90   87   87   93  105
  123  143  165  189  214  241  268  292  314
    40.0 -180.0 180.0   5.0 450.0                            LAT/LON1/LON2/DLON/H
  326  342  367  405  452  497  526  532  520  499  481  468  459  449  435  421
  407  394  383  376  373  374  376  372  355  324  283  241  204  174  151  133
  119  108  102  103  107  112  114  111  106  103  105  109  111  108  104  100
   99  102  103  102   97   91   86   86   88   91   91   90   88   89   98  115
  136  160  184  208  235  263  289  310  326
    37.5 -180.0 180.0   5.0 450.0                            LAT/LON1/LON2/DLON/H
  335  344  359  388  433  481  517  532  526  509  491  478  467  455  440  426
  414  404  394  386  381  381  381  374  353  317  272  227  190  163  145  132
  121  111  105  104  108  113  115  112  107  105  107  111  114  111  105  101
  100  102  103  101   95   89   85   85   87   89   89   87   86   89  101  121
  146  171  194  218  245  275  303  324  335
    35.0 -180.0 180.0   5.0 450.0                            LAT/LON1/LON2/DLON/H
  345  349  355  375  412  457  497  518  519  507  493  481  470  458  444  433
  424  417  410  401  394  390  385  372  345  304  258  216  186  168  159  153
  145  135  125  118  116  118  119  115  109  106  107  112  114  110  103   97
   95   96   96   94   89   84   81   81   83   85   85   83   83   88  103  126
  152  177  198  220  247  278  309  333  345
    32.5 -180.0 180.0   5.0 450.0                            LAT/LON1/LON2/DLON/H
  362  366  367  377  403  442  480  504  510  502  491  481  471  459  446  438
  434  432  427  418  408  399  387  368  335  294  251  219  201  198  201  204
  199  186  166  148  136  132  129  125  118  113  113  117  118  112  102   94
   90   89   88   85   81   78   76   77   79   80   79   78   79   88  106  131
  159  182  200  219  243  276  313  344  362
    30.0 -180.0 180.0   5.0 450.0                            LAT/LON1/LON2/DLON/H
  389  401  403  405  421  450  482  505  512  506  495  485  474  461  448  441
  441  443  441  433  420  406  390  365  331  293  260  243  243  255  272  282
  279  259  227  194  170  156  150  143  135  128  127  130  130  122  109   97
   90   87   84   80   76   74   74   75   75   75   74   74   77   88  109  138
  167  189  204  219  242  276  319  360  389
    27.5 -180.0 180.0   5.0 450.0                            LAT/LON1/LON2/DLON/H
  429  456  465  466  473  491  516  534  538  529  515  500  485  469  454  446
  447  451  450  442  428  412  393  368  338  308  291  291  308  335  361  376
  371  343  298  250  211  189  178  170  161  153  152  154  152  142  126  111
  100   94   88   83   78   76   76   75   74   72   70   70   74   88  114  146
  177  199  213  226  247  282  331  384  429
    25.0 -180.0 180.0   5.0 450.0                            LAT/LON1/LON2/DLON/H
  479  526  549  555  558  568  585  597  596  581  559  536  512  489  469  457
  454  456  454  445  431  415  398  379  358  342  341  357  387  422  451  465
  456  421  365  303  254  225  211  202  192  184  183  186  184  173  153  134
  119  110  101   93   87   84   82   79   75   70   67   66   72   89  118  155
  188  212  227  240  261  298  352  416  479
    22.5 -180.0 180.0   5.0 450.0                            LAT/LON1/LON2/DLON/H
  533  601  642  659  664  671  683  692  685  662  630  594  560  526  497  477
  468  463  457  445  431  418  408  399  392  391  404  430  463  496  520  530
  516  476  413  344  288  255  241  233  224  217  217  221  221  208  186  163
  145  132  121  110  102   97   93   86   78   71   65   64   70   89  122  162
  199  226  244  260  284  323  380  454  533
    20.0 -180.0 180.0   5.0 450.0                            LAT/LON1/LON2/DLON/H
  580  666  727  758  769  779  793  802  794  764  721  673  626  582  543  513
  492  478  463  447  432  424  423  427  435  448  468  493  519  540  552  553
  536  495  433  364  309  277  264  258  250  244  246  253  255  242  218  192
  171  156  144  131  121  113  105   95   84   73   66   63   69   90  125  168
  208  238  261  284  313  353  411  489  580
    17.5 -180.0 180.0   5.0 450.0                            LAT/LON1/LON2/DLON/H
  613  710  786  830  851  869  890  906  901  870  819  762  705  653  605  564
  531  504  479  456  440  436  444  461  482  502  520  534  542  543  540  532
  515  479  425  364  315  288  279  274  266  262  267  277  281  269  243  215
  193  178  165  151  139  128  116  103   90   77   68   64   70   92  129  174
  215  248  276  307  343  385  440  517  613
    15.0 -180.0 180.0   5.0 450.0                            LAT/LON1/LON2/DLON/H
  624  723  806  859  890  916  949  978  984  959  908  847  786  729  676  628
  585  545  509  478  459  456  471  497  524  545  552  546  529  507  489  476
  462  438  397  350  311  291  285  281  274  270  276  289  295  283  257  228
  206  192  180  167  153  139  125  110   96   83   73   69   74   97  136  181
  221  255  288  327  369  413  464  532  624
    12.5 -180.0 180.0   5.0 450.0                            LAT/LON1/LON2/DLON/H
  613  705  785  839  874  909  954  999 1022 1010  968  912  854  800  748  697
  647  598  552  513  488  484  501  530  558  570  561  530  488  446  417  403
  398  388  365  333  306  293  288  283  274  269  275  290  297  286  259  231
  211  199  189  176  161  146  130  115  101   90   81   77   83  106  146  190
  228  260  296  341  390  435  479  535  613
    10.0 -180.0 180.0   5.0 450.0                            LAT/LON1/LON2/DLON/H
  587  662  730  776  807  845  900  961 1002 1009  984  942  897  853  808  760
  708  655  603  558  527  518  532  558  580  579  550  496  434  381  349  341
  347  351  344  326  308  298  292  283  271  263  269  283  290  278  252  225
  208  199  192  180  164  147  131  117  106   98   92   88   95  120  161  204
  238  266  302  351  405  450  485  526  587
     7.5 -180.0 180.0   5.0 450.0                            LAT/LON1/LON2/DLON/H
  555  609  657  686  706  738  796  867  927  955  952  931  904  876  845  806
  759  707  654  606  570  555  561  579  590  576  529  460  388  334  309  312
  328  343  345  336  322  311  300  286  269  259  262  273  278  266  241  217
  202  196  190  179  162  145  130  118  112  107  103  101  110  137  179  220
  251  275  308  358  414  459  487  514  555
     5.0 -180.0 180.0   5.0 450.0                            LAT/LON1/LON2/DLON/H
  527  560  586  593  595  614  665  739  810  858  878  880  875  867  852  826
  790  745  697  650  611  589  586  594  593  567  510  435  366  323  312  325
  348  367  371  363  347  330  313  292  272  258  258  266  269  256  232  210
  198  194  188  176  159  142  128  120  117  116  114  114  125  155  197  237
  265  285  315  363  419  462  486  502  527
     2.5 -180.0 180.0   5.0 450.0                            LAT/LON1/LON2/DLON/H
  512  529  535  522  502  502  537  603  677  737  776  800  816  827  829  819
  795  762  723  682  645  619  607  605  595  562  503  434  378  352  356  379
  402  416  415  400  377  352  327  301  278  263  261  265  264  250  228  208
  198  194  188  174  156  140  129  124  124  125  125  126  139  169  212  252
  277  295  322  367  420  462  484  496  512
