ionex_files/turquie/corrected/COD0OPSFIN_20230350000_01D_01H_GIM.INX
     1.0            IONOSPHERE MAPS     GNSS                IONEX VERSION / TYPE
ADDNEQ2 V5.5        AIUB                08-FEB-23 20:59     PGM / RUN BY / DATE 
CODE'S GLOBAL IONOSPHERE MAPS FOR DAY 035, 2023             COMMENT             
Global ionosphere maps (GIM) are generated on a daily basis DESCRIPTION         
at CODE using data from about 300 GNSS sites of the IGS and DESCRIPTION         
other institutions. The vertical total electron content     DESCRIPTION         
(VTEC) is modeled in a solar-geomagnetic reference frame    DESCRIPTION         
using a spherical harmonics expansion up to degree and      DESCRIPTION         
order 15. Piece-wise linear functions are used for          DESCRIPTION         
representation in the time domain. The time spacing of      DESCRIPTION         
their vertices is 1 hour, conforming with the epochs of the DESCRIPTION         
VTEC maps.                                                  DESCRIPTION         
To convert line-of-sight TEC into vertical TEC, a modified  DESCRIPTION         
single-layer model mapping function approximating the JPL   DESCRIPTION         
extended slab model mapping function is adopted. The        DESCRIPTION         
mapping function is evaluated at geodetic satellite         DESCRIPTION         
elevation angles. For the computation of the ionospheric    DESCRIPTION         
pierce points, a spherical layer with a radius of 6821 km   DESCRIPTION         
is assumed, implying geocentric, not geodetic IONEX         DESCRIPTION         
latitudes.                                                  DESCRIPTION         
Instrumental biases with respect to each involved GNSS code DESCRIPTION         
observable are estimated as constant values for each        DESCRIPTION         
day. They are modeled with one set of bias parameters for   DESCRIPTION         
each satellite and each station in case of GPS and for each DESCRIPTION         
satellite-station link in case of GLONASS. The code bias    DESCRIPTION         
datum is defined by zero-mean conditions imposed on the     DESCRIPTION         
satellite bias estimates. In this file, just GPS C1W-C2W    DESCRIPTION         
satellite and station bias values are included. The         DESCRIPTION         
complete set of GNSS code bias results is provided in an    DESCRIPTION         
additional Bias-SINEX file as pseudo-absolute values        DESCRIPTION         
specific to each observable.                                DESCRIPTION         
Note: These GIM results correspond to the results for the   DESCRIPTION         
middle day of a 3-day combination analysis solving for 73   DESCRIPTION         
times 256, or 18688 VTEC parameters and 3 daily sets of     DESCRIPTION         
GNSS code bias parameters.                                  DESCRIPTION         
Contact address: code(at)aiub.unibe.ch                      DESCRIPTION         
Data archive:    ftp.aiub.unibe.ch/CODE/                    DESCRIPTION         
                 www.aiub.unibe.ch/download/CODE/           DESCRIPTION         
  2023     2     4     0     0     0                        EPOCH OF FIRST MAP  
  2023     2     5     0     0     0                        EPOCH OF LAST MAP   
  3600                                                      INTERVAL            
[...]
bshm cags cas1 cedu chpg chpi chti chur ckis coco cord cpvg COMMENT             
cpxf crar cro1 daej darw dav1 dgar dhlg drao dubo ebre faa1 COMMENT             
fair flrs frdn ftna func ganp glps gode godz gol2 gold gope COMMENT             
gras graz guam guug harb hers hert hlfx hob2 hofn holb hrao COMMENT             
hyde iddr ieng iisc ineg invk iqal isba jog2 joz2 joze karr COMMENT             
kerg kir0 kiri kiru kit3 kokb kokv koug kour krgg laut lmmf COMMENT             
lpal lpgs m0se mac1 madr mal2 mana mas1 mat1 mate maw1 mcm4 COMMENT             
mdo1 mdvj medi mets mgue mizu mkea mnls mobs monp morp mqzg COMMENT             
mro1 mtka nano nico nist nium nklg nlib nnor not1 nrc1 nrmd COMMENT             
ntus nya1 nyal ohi2 onsa opmt ous2 pado parc park pdel penc COMMENT             
pert pie1 pimo pohn pol2 polv pots pove prds ptbb ptvl qaq1 COMMENT             
quin ramo reun reyk rgdg rio2 riop roth salu samo sant savo COMMENT             
sch2 scor scrz sctb scub seyg smst sofi spt0 ssia sthl stjo COMMENT             
str2 suth sutm suwn sydn syog tabl tabv tash thtg thti thu2 COMMENT             
tid1 tidb tlse tn22 tong tow2 tro1 tsea tskb twtf txes uclu COMMENT             
ufpr ulab unb3 unbj unsa urum usn7 usud vald vill voim vtsp COMMENT             
wab1 wab2 wark wes2 wgtn whit will wsrt wtza wtzl wtzr wtzs COMMENT             
wtzz wuhn xmis yar2 yar3 yarr yell ykro zamb zeck zim2 zim3 COMMENT             
zimm                                                        COMMENT             
                                                            END OF HEADER       
[from data line 2574]
     7                                                      START OF TEC MAP    
  2023     2     4     6     0     0                        EPOCH OF CURRENT MAP
    87.5 -180.0 180.0   5.0 450.0                            LAT/LON1/LON2/DLON/H
  131  131  131  131  131  130  130  130  130  130  129  129  128  128  127  126
  125  124  123  121  120  119  117  116  115  113  112  111  110  109  108  108
  107  107  107  107  107  107  108  108  109  110  111  112  113  114  116  117
  119  120  122  123  124  126  127  128  129  130  131  132  132  132  133  133
  133  133  133  133  132  132  132  132  131
    85.0 -180.0 180.0   5.0 450.0                            LAT/LON1/LON2/DLON/H
  128  127  127  126  127  127  128  128  129  129  130  130  130  130  129  128
  126  124  121  118  115  111  108  104  101   98   95   92   90   88   87   86
   85   85   85   85   86   87   88   90   92   94   96   98  101  104  108  111
  115  119  122  126  130  133  136  139  141  143  144  145  145  145  144  143
  141  140  138  136  134  132  130  129  128
    82.5 -180.0 180.0   5.0 450.0                            LAT/LON1/LON2/DLON/H
  115  113  112  111  112  113  115  117  120  122  125  127  128  129  129  127
  125  122  117  112  106  100   94   88   82   77   72   68   65   63   62   62
   63   63   65   66   68   70   72   75   77   80   83   87   92   97  102  108
  115  122  129  136  142  148  154  159  162  165  167  167  166  164  161  157
  153  148  142  137  131  126  122  118  115
    80.0 -180.0 180.0   5.0 450.0                            LAT/LON1/LON2/DLON/H
   98   94   91   90   90   92   95  100  104  109  114  118  122  124  125  124
  122  118  112  104   96   87   78   69   60   53   47   43   40   40   40   42
   45   48   52   55   58   61   64   66   69   72   76   80   86   93  101  110
  120  131  142  153  163  173  181  188  194  197  199  198  196  192  186  178
  170  160  150  140  130  120  112  104   98
    77.5 -180.0 180.0   5.0 450.0                            LAT/LON1/LON2/DLON/H
   84   77   72   69   69   71   74   79   85   92   99  105  111  115  118  118
  117  112  106   97   86   75   63   51   41   32   26   22   21   22   26   31
   36   43   49   54   58   61   64   66   68   70   73   78   85   93  104  117
  131  146  162  177  192  205  216  225  232  236  237  235  231  224  215  204
  192  178  163  148  133  119  106   94   84
    75.0 -180.0 180.0   5.0 450.0                            LAT/LON1/LON2/DLON/H
   80   69   61   56   54   54   57   61   68   75   82   90   97  103  107  110
  109  106  100   91   80   67   53   40   29   19   13   11   11   15   22   30
   39   48   55   62   66   69   70   70   70   72   74   80   88   99  113  130
  148  168  188  207  225  240  253  263  270  273  273  270  265  256  245  232
  216  199  181  163  144  126  109   93   80
    72.5 -180.0 180.0   5.0 450.0                            LAT/LON1/LON2/DLON/H
   87   73   61   53   49   47   48   50   55   61   68   75   82   89   95   99
  101  100   96   88   78   65   52   39   27   18   13   12   14   21   29   40
   50   60   68   74   77   78   77   75   74   74   77   83   94  108  126  147
  170  194  217  239  258  274  286  295  300  302  300  296  290  280  269  255
  239  222  203  183  162  142  122  103   87
    70.0 -180.0 180.0   5.0 450.0                            LAT/LON1/LON2/DLON/H
  104   87   73   62   54   50   48   48   50   53   57   62   68   75   81   87
   91   93   92   87   80   69   57   46   35   28   24   24   28   36   45   56
   66   75   81   85   85   84   81   77   75   75   79   88  101  120  142  168
  194  221  246  267  285  299  308  314  316  316  313  308  301  293  283  270
  257  241  224  205  185  165  144  123  104
    67.5 -180.0 180.0   5.0 450.0                            LAT/LON1/LON2/DLON/H
  129  109   92   78   67   59   55   52   51   51   52   55   58   63   69   75
   81   86   88   87   82   75   66   57   50   44   42   44   49   55   64   72
   80   86   89   89   87   83   78   73   71   73   80   92  110  133  159  188
  217  244  268  288  302  312  317  318  317  314  310  305  300  294  286  277
  267  255  242  227  210  191  171  150  129
    65.0 -180.0 180.0   5.0 450.0                            LAT/LON1/LON2/DLON/H
  154  132  112   94   81   71   64   60   57   54   53   52   53   55   60   66
   72   79   83   85   83   79   74   68   64   61   62   64   68   74   79   84
   88   90   89   85   80   74   68   65   65   70   81   97  120  146  176  206
  235  261  282  298  307  312  312  309  305  300  297  293  290  287  283  278
  272  265  256  246  232  216  198  176  154
    62.5 -180.0 180.0   5.0 450.0                            LAT/LON1/LON2/DLON/H
  175  150  127  107   91   80   72   66   63   60   57   55   53   53   55   59
   65   71   76   79   80   79   76   74   73   73   76   79   82   85   87   88
   87   85   80   74   67   60   55   54   57   67   82  104  130  159  190  220
  247  270  287  297  302  301  297  291  286  282  280  280  280  280  278  276
  273  270  265  259  250  238  220  199  175
    60.0 -180.0 180.0   5.0 450.0                            LAT/LON1/LON2/DLON/H
  190  162  136  114   96   83   74   69   66   64   62   59   56   55   54   56
   60   64   69   72   73   72   71   72   74   77   81   84   86   86   85   82
   78   74   68   60   53   47   44   45   53   67   87  112  141  171  201  228
  252  270  283  289  290  286  280  274  270  269  271  274  277  279  279  277
  275  273  271  268  262  252  236  215  190
    57.5 -180.0 180.0   5.0 450.0                            LAT/LON1/LON2/DLON/H
  198  169  141  116   96   81   72   67   65   65   65   64   61   59   57   56
   57   60   62   63   63   62   62   63   67   73   77   80   80   78   74   70
   65   60   55   49   43   38   37   42   53   71   95  122  152  182  209  233
  252  266  274  278  277  273  268  265  264  266  272  279  285  288  287  284
  279  276  273  271  268  259  245  224  198
    55.0 -180.0 180.0   5.0 450.0                            LAT/LON1/LON2/DLON/H
  201  172  143  117   96   80   70   64   62   63   65   66   66   64   61   59
   58   58   58   56   54   52   51   53   58   64   69   71   69   64   59   55
   52   49   47   44   40   37   39   46   60   81  106  135  164  191  216  235
  250  261  267  270  270  268  267  266  269  276  286  296  303  305  301  294
  285  277  272  270  266  260  247  227  201
    52.5 -180.0 180.0   5.0 450.0                            LAT/LON1/LON2/DLON/H
  202  175  148  123  102   85   72   64   61   61   64   67   69   68   66   63
   61   59   57   54   50   46   45   46   51   57   61   61   57   50   45   42
   42   44   47   47   45   45   47   56   72   94  120  148  176  201  222  238
  250  258  264  269  272  274  276  279  285  294  306  317  324  324  317  304
  289  276  268  263  259  253  243  225  202
    50.0 -180.0 180.0   5.0 450.0                            LAT/LON1/LON2/DLON/H
  201  179  157  136  117   99   84   72   64   62   63   67   70   70   69   67
   65   64   62   59   54   49   47   48   52   57   59   56   49   41   35   34
   39   46   53   57   58   58   61   71   88  110  136  162  187  210  228  242
  253  261  268  276  283  289  294  299  305  314  325  335  340  337  326  309
  290  272  259  251  246  241  233  220  201
    47.5 -180.0 180.0   5.0 450.0                            LAT/LON1/LON2/DLON/H
  198  183  168  153  138  122  105   89   76   68   66   68   71   72   72   71
   71   71   71   69   65   61   58   59   62   65   65   59   49   38   32   34
   42   54   64   70   72   73   77   87  104  126  151  175  198  219  236  250
  261  270  280  291  302  310  316  319  322  327  334  340  343  339  326  308
  286  264  247  236  230  226  220  211  198
    45.0 -180.0 180.0   5.0 450.0                            LAT/LON1/LON2/DLON/H
  191  183  176  169  161  149  133  113   94   81   74   73   73   74   75   75
   77   80   83   84   82   79   77   78   80   81   78   69   56   43   37   39
   49   63   75   82   85   86   90  102  120  142  165  187  208  227  245  260
  272  283  295  309  322  332  336  335  332  330  332  334  334  329  318  301
  280  257  238  223  214  209  205  199  191
    42.5 -180.0 180.0   5.0 450.0                            LAT/LON1/LON2/DLON/H
  179  175  173  175  176  171  157  138  116   98   87   81   80   80   80   81
   84   90   96  100  102  101  100  100  102  101   96   84   69   54   46   47
   57   70   82   89   92   94  101  115  135  157  178  198  216  235  253  270
  284  297  310  326  340  349  351  345  336  328  324  322  320  317  309  297
  280  259  237  218  204  196  191  185  179
    40.0 -180.0 180.0   5.0 450.0                            LAT/LON1/LON2/DLON/H
  164  157  158  164  173  177  171  155  134  115  101   93   90   88   88   89
   93  101  109  116  119  120  120  121  122  120  113  100   83   67   58   57
   64   74   83   90   93   98  109  126  149  172  192  208  223  241  260  279
  294  308  322  338  353  362  362  354  342  331  323  319  317  316  314  309
  297  278  254  229  209  195  184  174  164
    37.5 -180.0 180.0   5.0 450.0                            LAT/LON1/LON2/DLON/H
  150  135  129  137  151  163  166  158  142  125  113  105  101   99   99  100
  104  111  120  128  133  134  135  135  135  133  125  111   95   79   69   66
   68   74   80   85   90   99  115  137  163  187  204  216  228  244  264  284
  301  315  329  345  361  373  375  369  360  351  345  341  340  342  346  347
  341  324  296  264  235  212  191  171  150
    35.0 -180.0 180.0   5.0 450.0                            LAT/LON1/LON2/DLON/H
  147  115   97   98  113  132  143  144  137  126  118  113  112  111  111  112
  115  122  130  137  141  142  141  141  140  137  129  117  103   90   80   74
   71   71   74   79   87  100  121  149  178  201  216  224  232  246  266  287
  305  318  332  350  370  387  397  400  400  400  401  402  403  407  414  420
  417  399  366  327  288  253  220  185  147
    32.5 -180.0 180.0   5.0 450.0                            LAT/LON1/LON2/DLON/H
  164  111   75   64   74   94  111  120  120  117  114  115  117  119  121  123
  126  132  138  143  144  143  141  140  138  135  128  119  108   99   90   82
   75   70   69   73   85  103  129  160  191  214  226  230  235  248  268  290
  308  322  337  358  385  411  433  452  468  484  497  504  508  512  519  525
  522  501  462  414  366  320  274  221  164
    30.0 -180.0 180.0   5.0 450.0                            LAT/LON1/LON2/DLON/H
  207  133   77   51   51   67   84   95   99  101  104  109  116  122  127  130
  135  140  144  147  146  142  138  135  133  129  124  118  113  108  102   93
   82   72   68   72   86  108  137  170  201  223  233  235  239  252  274  297
  316  331  349  376  411  450  488  524  561  596  624  639  644  645  649  651
  644  617  572  517  462  409  352  284  207
    27.5 -180.0 180.0   5.0 450.0                            LAT/LON1/LON2/DLON/H
  278  187  115   74   62   68   78   85   87   89   93  100  110  119  126  132
  139  144  149  149  146  140  135  131  128  126  122  120  119  119  117  108
   94   79   71   75   90  114  144  177  207  228  238  240  245  261  285  311
  332  350  372  406  451  502  555  610  667  720  761  783  788  785  782  777
  763  730  680  622  564  508  446  369  278
    25.0 -180.0 180.0   5.0 450.0                            LAT/LON1/LON2/DLON/H
  369  272  192  140  117  111  108  103   96   90   89   94  102  111  120  129
  138  145  150  151  147  140  135  131  129  128  126  126  129  134  134  126
  109   90   79   81   95  118  147  179  208  230  241  247  256  277  306  336
  360  381  409  449  503  564  628  696  765  831  881  908  912  903  891  878
  857  820  768  710  656  604  543  465  369
    22.5 -180.0 180.0   5.0 450.0                            LAT/LON1/LON2/DLON/H
  469  376  297  244  214  195  178  157  134  114  102   98  100  105  113  122
  132  143  150  151  148  143  139  137  137  137  136  139  145  152  154  146
  126  103   88   86   98  120  147  177  206  229  245  257  273  301  336  369
  397  423  455  502  560  626  693  764  838  906  959  986  987  974  955  935
  909  870  820  769  723  680  628  557  469
    20.0 -180.0 180.0   5.0 450.0                            LAT/LON1/LON2/DLON/H
  557  480  414  367  336  310  280  242  201  164  136  118  109  107  109  116
  126  137  147  151  150  147  147  148  150  152  153  156  163  171  174  164
  142  116   96   90   99  118  144  173  203  230  252  271  297  332  372  410
  441  470  506  556  615  677  740  803  868  930  977 1000  999  983  961  938
  910  873  830  789  755  724  686  630  557
    17.5 -180.0 180.0   5.0 450.0                            LAT/LON1/LON2/DLON/H
  619  564  517  485  460  433  395  345  289  235  190  157  135  122  115  116
  123  133  143  149  151  152  156  161  167  170  172  175  181  188  190  179
  154  125  101   91   97  115  140  171  204  235  263  291  324  366  411  451
  484  515  553  602  657  711  759  806  854  899  933  949  947  932  912  891
  866  836  802  773  751  733  709  671  619
    15.0 -180.0 180.0   5.0 450.0                            LAT/LON1/LON2/DLON/H
  645  612  586  570  557  536  498  445  381  316  258  212  177  152  135  127
  127  132  140  146  151  157  164  174  182  187  190  192  197  201  200  187
  161  129  103   90   94  112  140  174  211  247  280  313  352  398  445  486
  519  551  589  634  681  721  752  777  802  826  844  852  849  839  826  811
  794  773  750  731  719  710  698  676  645
    12.5 -180.0 180.0   5.0 450.0                            LAT/LON1/LON2/DLON/H
  633  617  608  606  605  594  565  518  457  390  328  275  231  196  169  150
  141  139  141  146  152  160  172  184  194  200  203  205  207  208  203  189
  162  130  103   90   94  114  146  185  225  264  300  336  378  424  471  510
  542  572  608  648  686  712  725  730  731  734  737  738  737  735  731  726
  718  706  693  682  674  669  662  650  633
    10.0 -180.0 180.0   5.0 450.0                            LAT/LON1/LON2/DLON/H
  595  585  582  587  594  595  581  548  499  442  384  332  287  248  213  186
  166  154  149  149  155  165  178  191  201  208  210  210  210  207  200  185
  159  129  104   92   99  123  159  203  246  285  320  355  396  441  484  521
  550  578  611  645  674  690  690  680  666  653  645  642  645  651  658  662
  663  660  654  644  635  626  617  607  595
     7.5 -180.0 180.0   5.0 450.0                            LAT/LON1/LON2/DLON/H
  547  532  523  524  533  543  544  530  500  460  416  373  334  297  261  228
  199  178  164  159  161  170  183  196  205  209  211  210  207  201  192  176
  154  128  106   98  108  137  178  224  268  304  336  368  405  446  486  519
  545  571  601  630  653  664  661  647  628  609  596  593  601  615  629  640
  648  650  645  633  616  598  580  564  547
     5.0 -180.0 180.0   5.0 450.0                            LAT/LON1/LON2/DLON/H
  508  479  455  443  445  456  468  471  462  442  416  389  363  335  304  270
  236  207  185  173  172  179  190  200  205  208  207  205  200  192  181  166
  147  127  111  107  122  154  198  245  286  318  344  371  405  443  478  508
  532  557  584  610  631  643  646  640  628  614  605  606  619  637  655  668
  678  681  674  654  626  594  565  537  508
     2.5 -180.0 180.0   5.0 450.0                            LAT/LON1/LON2/DLON/H
  495  449  405  373  360  365  379  393  399  396  389  380  370  355  334  305
  271  238  210  192  186  190  198  204  206  205  202  198  191  181  168  155
  141  127  117  118  135  170  215  260  296  322  343  367  398  433  467  495
  518  541  566  591  614  633  649  662  667  667  667  675  692  711  727  738
  744  744  731  702  661  617  576  537  495
