ionex_files/turquie/corrected/COD0OPSFIN_20230310000_01D_01H_GIM.INX
     1.0            IONOSPHERE MAPS     GNSS                IONEX VERSION / TYPE
ADDNEQ2 V5.5        AIUB                04-FEB-23 21:03     PGM / RUN BY / DATE 
CODE'S GLOBAL IONOSPHERE MAPS FOR DAY 031, 2023             COMMENT             
Global ionosphere maps (GIM) are generated on a daily basis DESCRIPTION         
at CODE using data from about 300 GNSS sites of the IGS and DESCRIPTION         
other institutions. The vertical total electron content     DESCRIPTION         
(VTEC) is modeled in a solar-geomagnetic reference frame    DESCRIPTION         
using a spherical harmonics expansion up to degree and      DESCRIPTION         
order 15. Piece-wise linear functions are used for          DESCRIPTION         
representation in the time domain. The time spacing of      DESCRIPTION         
their vertices is 1 hour, conforming with the epochs of the DESCRIPTION         
VTEC maps.                                                  DESCRIPTION         
To convert line-of-sight TEC into vertical TEC, a modified  DESCRIPTION         
single-layer model mapping function approximating the JPL   DESCRIPTION         
extended slab model mapping function is adopted. The        DESCRIPTION         
mapping function is evaluated at geodetic satellite         DESCRIPTION         
elevation angles. For the computation of the ionospheric    DESCRIPTION         
pierce points, a spherical layer with a radius of 6821 km   DESCRIPTION         
is assumed, implying geocentric, not geodetic IONEX         DESCRIPTION         
latitudes.                                                  DESCRIPTION         
Instrumental biases with respect to each involved GNSS code DESCRIPTION         
observable are estimated as constant values for each        DESCRIPTION         
day. They are modeled with one set of bias parameters for   DESCRIPTION         
each satellite and each station in case of GPS and for each DESCRIPTION         
satellite-station link in case of GLONASS. The code bias    DESCRIPTION         
datum is defined by zero-mean conditions imposed on the     DESCRIPTION         
satellite bias estimates. In this file, just GPS C1W-C2W    DESCRIPTION         
satellite and station bias values are included. The         DESCRIPTION         
complete set of GNSS code bias results is provided in an    DESCRIPTION         
additional Bias-SINEX file as pseudo-absolute values        DESCRIPTION         
specific to each observable.                                DESCRIPTION         
Note: These GIM results correspond to the results for the   DESCRIPTION         
middle day of a 3-day combination analysis solving for 73   DESCRIPTION         
times 256, or 18688 VTEC parameters and 3 daily sets of     DESCRIPTION         
GNSS code bias parameters.                                  DESCRIPTION         
Contact address: code(at)aiub.unibe.ch                      DESCRIPTION         
Data archive:    ftp.aiub.unibe.ch/CODE/                    DESCRIPTION         
                 www.aiub.unibe.ch/download/CODE/           DESCRIPTION         
  2023     1    31     0     0     0                        EPOCH OF FIRST MAP  
  2023     2     1     0     0     0                        EPOCH OF LAST MAP   
  3600                                                      INTERVAL            
[...]
brst brux bshm cags cas1 ccj2 cedu chpg chpi chti chur ckis COMMENT             
cnmr coco cord cpvg cpxf crar cro1 daej darw dav1 dgar dhlg COMMENT             
drao dubo ebre faa1 fair flrs frdn ftna func ganp glps gode COMMENT             
godz gol2 gold gope gras graz guam guug harb hers hert hlfx COMMENT             
hob2 hofn holb hrao hyde iddr ieng iisc ineg invk iqal irkj COMMENT             
isba jog2 joz2 joze karr kerg kir0 kiri kiru kit3 kokb kokv COMMENT             
koug kour krgg laut lmmf lpal lpgs m0se mac1 madr mal2 mana COMMENT             
mas1 mat1 mate maw1 mcm4 mdo1 mdvj medi mets mgue mizu mkea COMMENT             
mnls mobs monp morp mqzg mro1 mtka nano nico nist nium nklg COMMENT             
nlib nnor not1 nrc1 nrmd ntus nya1 nyal ohi2 onsa opmt ous2 COMMENT             
pado parc park pdel penc pert pie1 pimo pohn pol2 polv pots COMMENT             
pove prds ptbb ptvl qaq1 quin ramo reun reyk rgdg rio2 riop COMMENT             
roth salu samo sant savo sch2 scor scrz sctb scub seyg sofi COMMENT             
spt0 ssia sthl stjo stk2 str2 suth sutm suwn sydn syog tabl COMMENT             
tabv tash thtg thti thu2 tid1 tidb tlse tn22 tong tow2 tro1 COMMENT             
tsea tskb twtf txes uclu ufpr ulab unb3 unbj unsa urum usn7 COMMENT             
usud vald vill voim vtsp wab1 wab2 wark wes2 wgtn whit will COMMENT             
wind wsrt wtza wtzl wtzr wtzs wtzz wuhn xmis yar2 yar3 yarr COMMENT             
yell ykro zamb zeck zim2 zim3 zimm                          COMMENT             
                                                            END OF HEADER       
[from data line 5577]
    14                                                      START OF TEC MAP    
  2023     1    31    13     0     0                        EPOCH OF CURRENT MAP
    87.5 -180.0 180.0   5.0 450.0                            LAT/LON1/LON2/DLON/H
  126  124  121  119  117  114  112  110  108  106  104  102  101   99   98   96
   95   94   93   93   92   92   91   91   91   92   92   92   93   94   95   96
   97   98   99  101  102  104  105  107  109  111  114  116  118  121  123  125
  128  130  133  135  137  139  141  142  143  144  145  145  145  145  144  143
  142  141  139  137  135  133  131  129  126
    85.0 -180.0 180.0   5.0 450.0                            LAT/LON1/LON2/DLON/H
  123  118  114  109  105  102   98   95   92   89   86   84   81   79   77   75
   73   72   71   70   70   69   70   70   71   72   73   74   75   77   79   80
   82   83   85   87   89   91   93   95   98  100  104  107  111  116  121  126
  131  136  142  147  152  157  161  165  168  170  172  172  172  171  168  166
  162  158  154  149  144  138  133  128  123
    82.5 -180.0 180.0   5.0 450.0                            LAT/LON1/LON2/DLON/H
  107  101   95   90   86   82   79   76   74   71   69   67   64   62   59   57
   55   54   53   52   52   53   54   55   58   60   63   66   70   73   75   78
   80   82   83   84   85   86   86   87   89   91   93   97  101  107  113  120
  128  136  145  154  163  171  178  185  190  193  195  195  194  191  186  180
  173  165  157  148  139  130  122  114  107
    80.0 -180.0 180.0   5.0 450.0                            LAT/LON1/LON2/DLON/H
   82   75   70   66   63   61   60   59   59   58   57   56   54   51   49   46
   44   42   41   40   41   43   46   50   55   60   66   72   77   83   87   91
   94   95   96   96   95   93   91   90   88   87   88   89   93   97  104  112
  121  132  144  156  168  179  190  198  205  210  212  212  209  204  196  186
  175  163  150  137  124  112  101   91   82
    77.5 -180.0 180.0   5.0 450.0                            LAT/LON1/LON2/DLON/H
   58   51   47   45   45   46   47   50   52   53   54   54   52   50   47   44
   41   38   37   37   39   42   47   54   62   71   80   89   97  105  112  117
  121  123  123  121  118  113  108  103   98   94   91   89   90   93   98  105
  115  127  140  154  168  181  194  204  213  218  220  219  214  207  196  183
  168  153  136  120  104   90   77   66   58
    75.0 -180.0 180.0   5.0 450.0                            LAT/LON1/LON2/DLON/H
   41   36   34   34   36   39   44   49   53   57   60   60   59   57   53   49
   45   42   41   41   44   50   57   67   78   89  102  114  125  135  144  150
  155  157  156  153  148  142  134  126  117  109  103   98   95   95   98  104
  112  122  135  148  163  177  189  200  209  214  215  213  208  199  187  172
  156  138  121  103   87   72   59   49   41
    72.5 -180.0 180.0   5.0 450.0                            LAT/LON1/LON2/DLON/H
   39   35   34   35   38   43   50   56   63   68   72   73   73   70   66   61
   56   52   51   52   57   64   74   86   99  113  127  141  154  165  175  182
  187  189  188  185  179  172  162  152  141  131  122  114  109  106  105  107
  112  120  130  141  153  165  176  185  192  196  197  195  189  180  168  155
  140  124  108   92   78   65   54   45   39
    70.0 -180.0 180.0   5.0 450.0                            LAT/LON1/LON2/DLON/H
   51   48   47   48   51   56   62   69   75   81   85   87   86   84   79   74
   68   65   64   66   72   81   93  106  121  136  151  164  177  188  198  205
  210  213  212  209  204  196  186  176  165  155  145  136  128  122  118  116
  116  119  124  131  138  146  153  159  164  166  167  164  159  152  143  133
  122  110   99   89   79   70   63   56   51
    67.5 -180.0 180.0   5.0 450.0                            LAT/LON1/LON2/DLON/H
   74   71   68   67   68   71   75   80   85   90   94   97   96   94   89   84
   79   75   75   79   87   97  111  125  140  154  168  180  191  201  210  216
  221  224  224  222  217  211  203  194  185  176  166  157  148  140  133  127
  122  119  119  119  120  122  124  126  127  128  127  126  123  119  114  108
  103   99   95   91   88   85   82   78   74
    65.0 -180.0 180.0   5.0 450.0                            LAT/LON1/LON2/DLON/H
   98   94   89   85   82   82   83   85   89   93   96   98   99   97   93   88
   83   81   82   87   97  109  124  139  153  165  176  186  195  203  211  217
  222  225  225  224  221  216  211  205  198  192  185  177  168  158  147  137
  128  120  113  107  102   97   93   90   88   86   86   85   85   84   84   84
   85   87   91   95   99  102  103  101   98
    62.5 -180.0 180.0   5.0 450.0                            LAT/LON1/LON2/DLON/H
  114  108  101   94   89   85   83   83   84   86   89   92   93   92   89   84
   81   79   82   89  101  115  130  145  157  168  177  185  192  199  206  212
  216  219  220  220  218  215  212  210  207  203  199  192  184  172  160  146
  132  119  107   96   85   75   66   58   53   50   49   50   52   55   58   62
   68   75   85   95  105  113  118  118  114
    60.0 -180.0 180.0   5.0 450.0                            LAT/LON1/LON2/DLON/H
  117  109  100   91   84   78   75   73   73   74   77   80   81   81   78   75
   72   71   76   85   98  114  129  144  156  165  173  180  187  194  200  206
  211  214  215  216  215  214  213  213  213  212  210  205  196  184  169  153
  136  120  104   89   74   59   46   35   28   24   25   27   32   36   41   46
   53   62   74   89  102  114  120  121  117
    57.5 -180.0 180.0   5.0 450.0                            LAT/LON1/LON2/DLON/H
  104   95   85   76   69   64   61   59   59   60   63   65   67   67   65   62
   59   60   65   76   91  108  124  138  150  159  168  176  184  192  199  206
  211  214  215  216  215  215  216  217  219  220  219  215  206  193  177  159
  141  123  105   88   71   53   38   25   17   14   15   21   27   32   36   39
   43   50   61   75   90  102  109  109  104
    55.0 -180.0 180.0   5.0 450.0                            LAT/LON1/LON2/DLON/H
   80   70   61   53   49   48   47   48   48   50   52   55   56   56   53   49
   46   47   54   67   83  101  118  132  144  155  165  176  187  197  205  212
  216  219  221  221  222  222  224  226  228  230  229  224  215  201  184  165
  147  129  112   94   76   57   40   27   19   18   22   29   37   41   43   41
   40   41   47   58   71   81   87   86   80
    52.5 -180.0 180.0   5.0 450.0                            LAT/LON1/LON2/DLON/H
   53   44   35   31   31   34   38   42   45   47   49   51   51   50   45   40
   37   39   47   61   79   97  114  128  141  154  168  182  196  207  216  222
  226  229  230  231  232  233  235  237  240  241  239  234  223  209  192  174
  157  140  123  106   88   69   52   39   32   32   39   49   57   62   60   53
   44   37   37   42   51   60   64   61   53
    50.0 -180.0 180.0   5.0 450.0                            LAT/LON1/LON2/DLON/H
   34   24   17   16   20   28   37   44   49   53   55   56   54   51   44   38
   34   36   45   61   80   98  115  130  144  159  176  194  209  221  228  233
  235  237  239  242  244  245  247  249  251  251  249  242  232  217  201  185
  170  154  139  122  103   84   67   54   49   51   60   72   82   87   83   71
   55   41   34   33   39   45   47   43   34
    47.5 -180.0 180.0   5.0 450.0                            LAT/LON1/LON2/DLON/H
   28   18   12   12   20   31   43   54   61   65   67   67   64   58   50   42
   38   41   51   68   87  106  122  136  152  169  189  208  223  232  237  238
  239  241  245  249  253  256  257  258  259  259  256  249  239  226  212  198
  185  171  155  138  118   99   81   69   64   67   77   91  103  108  104   91
   71   52   39   35   37   41   42   37   28
    45.0 -180.0 180.0   5.0 450.0                            LAT/LON1/LON2/DLON/H
   37   27   21   22   29   41   55   67   76   81   83   82   78   70   60   52
   48   51   63   81  101  118  133  148  164  183  203  221  234  239  238  236
  236  240  247  254  260  263  264  264  264  264  261  255  246  235  224  213
  201  187  171  151  131  110   92   80   74   77   86  100  113  121  120  108
   88   68   52   45   46   50   51   46   37
    42.5 -180.0 180.0   5.0 450.0                            LAT/LON1/LON2/DLON/H
   58   48   41   40   45   55   68   79   88   94   97   96   91   83   73   64
   61   66   79   98  117  134  148  161  177  197  217  232  240  239  234  230
  231  239  250  260  267  270  270  269  268  267  265  260  252  244  236  227
  216  202  184  162  140  118  100   86   79   79   86   98  112  122  125  118
  102   84   69   62   63   67   70   66   58
    40.0 -180.0 180.0   5.0 450.0                            LAT/LON1/LON2/DLON/H
   84   75   67   62   63   69   77   87   96  102  105  105  102   95   86   78
   75   81   96  115  133  149  162  174  190  209  227  240  242  237  229  226
  231  245  262  275  282  283  281  278  276  276  274  269  263  256  249  242
  232  216  196  172  148  127  108   93   83   78   80   88  101  114  122  121
  111   97   85   80   82   87   91   90   84
    37.5 -180.0 180.0   5.0 450.0                            LAT/LON1/LON2/DLON/H
  105   98   89   82   78   78   81   88   96  102  107  109  107  102   95   90
   89   96  110  129  148  162  174  186  201  219  235  244  244  237  231  233
  246  268  290  306  312  309  303  298  295  295  292  287  280  273  267  260
  248  232  209  185  161  140  122  106   92   81   77   79   89  102  113  118
  115  106   97   93   96  103  108  109  105
    35.0 -180.0 180.0   5.0 450.0                            LAT/LON1/LON2/DLON/H
  117  112  104   95   87   81   80   84   90   97  103  107  108  106  102   98
   99  107  121  140  158  173  184  195  209  226  241  249  249  246  246  258
  283  314  342  358  360  352  341  334  331  330  327  320  310  300  292  283
  270  252  229  205  184  165  148  130  113   97   85   81   85   95  107  115
  116  110  103  100  103  110  116  118  117
    32.5 -180.0 180.0   5.0 450.0                            LAT/LON1/LON2/DLON/H
  117  115  110  101   90   81   76   77   82   88   95  101  105  106  105  104
  106  114  129  148  166  180  192  202  215  230  245  256  263  268  281  307
  345  384  415  429  426  412  398  389  387  386  381  369  354  339  326  314
  299  280  259  238  221  205  189  171  150  129  111  100   97  102  111  118
  119  114  107  103  104  108  113  116  117
    30.0 -180.0 180.0   5.0 450.0                            LAT/LON1/LON2/DLON/H
  108  109  107  101   90   80   73   72   75   81   88   95  101  104  105  107
  110  119  134  153  172  187  199  209  220  234  251  268  285  306  336  377
  426  472  503  512  502  484  467  459  458  458  450  434  412  390  371  354
  338  319  301  284  272  260  245  226  202  178  157  141  132  129  130  131
  129  122  113  106  103  102  104  106  108
    27.5 -180.0 180.0   5.0 450.0                            LAT/LON1/LON2/DLON/H
   96   99  101   98   90   81   74   71   73   78   84   91   97  101  104  107
  113  123  139  158  178  195  207  216  225  239  259  285  317  356  403  459
  517  564  590  593  577  556  540  535  537  538  529  508  479  449  424  403
  385  368  353  342  334  325  310  288  264  240  219  201  186  175  166  158
  148  137  124  114  105  100   96   94   96
    25.0 -180.0 180.0   5.0 450.0                            LAT/LON1/LON2/DLON/H
   89   93   97   98   93   86   80   77   77   80   84   89   94   98  102  107
  115  127  144  165  187  206  218  225  232  245  269  307  355  411  475  541
  601  644  662  657  636  615  603  604  611  615  606  581  547  511  481  457
  438  423  412  405  400  390  373  350  325  304  287  271  254  234  215  196
  178  161  145  130  118  106   96   90   89
    22.5 -180.0 180.0   5.0 450.0                            LAT/LON1/LON2/DLON/H
   92   94   99  102  100   96   91   87   86   86   88   90   94   97  101  107
  118  133  153  176  199  219  231  236  240  253  282  330  393  465  540  610
  666  699  706  692  669  651  646  654  668  676  668  643  606  567  534  509
  491  478  470  465  460  447  425  399  375  359  350  340  322  297  268  239
  214  192  174  157  141  124  108   97   92
    20.0 -180.0 180.0   5.0 450.0                            LAT/LON1/LON2/DLON/H
  106  105  108  111  111  108  103   99   96   94   93   94   94   96  100  109
  123  143  165  190  214  233  245  248  251  264  297  354  428  509  588  655
  700  719  714  693  670  658  662  679  699  712  708  685  650  612  579  555
  538  526  519  514  505  486  458  428  406  397  397  395  380  352  316  280
  250  226  207  191  173  154  133  116  106
    17.5 -180.0 180.0   5.0 450.0                            LAT/LON1/LON2/DLON/H
  129  122  121  122  121  119  114  109  104  100   98   97   96   96  100  112
  131  156  182  207  230  249  259  261  263  277  314  376  456  540  615  671
  702  706  690  665  645  640  653  677  702  719  719  702  673  639  610  588
  573  563  555  546  530  503  468  435  416  414  423  429  419  390  351  312
  279  256  239  225  209  188  165  143  129
    15.0 -180.0 180.0   5.0 450.0                            LAT/LON1/LON2/DLON/H
  153  141  135  132  130  126  121  115  108  103  101  100   98   98  103  117
  142  172  201  227  248  264  272  275  277  293  333  397  476  555  620  662
  678  669  645  620  605  608  626  654  682  701  707  697  675  649  625  606
  594  584  575  560  535  500  459  423  406  411  427  439  433  406  367  328
  297  276  263  252  239  220  196  172  153
    12.5 -180.0 180.0   5.0 450.0                            LAT/LON1/LON2/DLON/H
  173  157  146  138  133  128  122  115  108  103  102  101  101  101  107  126
  156  191  223  247  265  277  284  287  293  312  354  416  489  556  607  635
  638  623  597  575  566  574  596  623  649  668  678  676  664  645  627  612
  602  592  579  558  525  483  437  402  387  395  414  429  425  401  365  329
  301  284  275  268  258  241  219  194  173
    10.0 -180.0 180.0   5.0 450.0                            LAT/LON1/LON2/DLON/H
  183  164  149  138  131  125  118  111  104  101  101  103  104  105  114  136
  172  211  245  268  281  289  294  300  310  334  377  434  496  549  585  601
  598  582  561  546  544  555  575  597  616  633  645  649  645  633  620  608
  600  590  574  547  508  461  415  381  368  376  394  407  403  382  350  318
  294  280  273  269  262  249  229  206  183
     7.5 -180.0 180.0   5.0 450.0                            LAT/LON1/LON2/DLON/H
  183  162  145  133  124  118  113  106  100   98  101  105  108  112  123  149
  188  231  266  287  296  300  304  312  329  357  400  451  500  538  561  571
  569  560  549  543  547  559  573  586  596  607  619  627  628  621  610  600
  592  583  565  535  493  445  401  371  359  363  375  383  377  358  331  303
  281  268  262  260  254  244  226  205  183
     5.0 -180.0 180.0   5.0 450.0                            LAT/LON1/LON2/DLON/H
  174  154  137  124  117  112  108  104   99   98  102  108  114  119  133  161
  203  248  284  304  310  311  315  326  347  380  422  465  501  526  541  550
  556  560  563  569  577  587  593  595  595  598  607  616  618  612  602  592
  585  576  558  527  485  441  402  375  363  362  365  365  357  339  315  290
  269  256  249  245  241  231  216  196  174
     2.5 -180.0 180.0   5.0 450.0                            LAT/LON1/LON2/DLON/H
  164  144  127  116  111  109  108  106  102  102  106  113  120  128  142  171
  214  261  299  319  325  324  327  340  365  400  439  474  499  515  527  541
  560  580  599  615  627  633  631  621  611  607  611  617  618  610  597  586
  579  571  555  526  488  449  416  394  381  373  366  358  346  330  309  286
  265  250  240  235  230  220  205  185  164
