ionex_files/turquie/corrected/COD0OPSFIN_20230410000_01D_01H_GIM.INX
     1.0            IONOSPHERE MAPS     GNSS                IONEX VERSION / TYPE
ADDNEQ2 V5.5        AIUB                14-FEB-23 21:15     PGM / RUN BY / DATE 
CODE'S GLOBAL IONOSPHERE MAPS FOR DAY 041, 2023             COMMENT             
Global ionosphere maps (GIM) are generated on a daily basis DESCRIPTION         
at CODE using data from about 300 GNSS sites of the IGS and DESCRIPTION         
other institutions. The vertical total electron content     DESCRIPTION         
(VTEC) is modeled in a solar-geomagnetic reference frame    DESCRIPTION         
using a spherical harmonics expansion up to degree and      DESCRIPTION         
order 15. Piece-wise linear functions are used for          DESCRIPTION         
representation in the time domain. The time spacing of      DESCRIPTION         
their vertices is 1 hour, conforming with the epochs of the DESCRIPTION         
VTEC maps.                                                  DESCRIPTION         
To convert line-of-sight TEC into vertical TEC, a modified  DESCRIPTION         
single-layer model mapping function approximating the JPL   DESCRIPTION         
extended slab model mapping function is adopted. The        DESCRIPTION         
mapping function is evaluated at geodetic satellite         DESCRIPTION         
elevation angles. For the computation of the ionospheric    DESCRIPTION         
pierce points, a spherical layer with a radius of 6821 km   DESCRIPTION         
is assumed, implying geocentric, not geodetic IONEX         DESCRIPTION         
latitudes.                                                  DESCRIPTION         
Instrumental biases with respect to each involved GNSS code DESCRIPTION         
observable are estimated as constant values for each        DESCRIPTION         
day. They are modeled with one set of bias parameters for   DESCRIPTION         
each satellite and each station in case of GPS and for each DESCRIPTION         
satellite-station link in case of GLONASS. The code bias    DESCRIPTION         
datum is defined by zero-mean conditions imposed on the     DESCRIPTION         
satellite bias estimates. In this file, just GPS C1W-C2W    DESCRIPTION         
satellite and station bias values are included. The         DESCRIPTION         
complete set of GNSS code bias results is provided in an    DESCRIPTION         
additional Bias-SINEX file as pseudo-absolute values        DESCRIPTION         
specific to each observable.                                DESCRIPTION         
Note: These GIM results correspond to the results for the   DESCRIPTION         
middle day of a 3-day combination analysis solving for 73   DESCRIPTION         
times 256, or 18688 VTEC parameters and 3 daily sets of     DESCRIPTION         
GNSS code bias parameters.                                  DESCRIPTION         
Contact address: code(at)aiub.unibe.ch                      DESCRIPTION         
Data archive:    ftp.aiub.unibe.ch/CODE/                    DESCRIPTION         
                 www.aiub.unibe.ch/download/CODE/           DESCRIPTION         
  2023     2    10     0     0     0                        EPOCH OF FIRST MAP  
  2023     2    11     0     0     0                        EPOCH OF LAST MAP   
  3600                                                      INTERVAL            
[...]
bshm cags cas1 ccj2 cedu chpg chpi chti chur ckis coco cord COMMENT             
cpvg cpxf crar cro1 daej darw dav1 dhlg drao dubo ebre faa1 COMMENT             
fair flrs frdn ftna func ganp glps glsv gode godz gol2 gold COMMENT             
gope gras graz guam guug harb hers hert hlfx hob2 hofn holb COMMENT             
hrao hyde iddr ieng iisc ineg invk iqal isba jog2 joz2 joze COMMENT             
karr kerg kir0 kiri kiru kit3 kokb kokv koug kour krgg laut COMMENT             
lmmf lpal lpgs m0se mac1 madr mal2 mana mas1 mat1 mate maw1 COMMENT             
mcm4 mdo1 mdvj medi mets mgue mizu mkea mnls mobs monp morp COMMENT             
mqzg mro1 mtka nano nico nist nium nklg nlib nnor not1 nrc1 COMMENT             
nrmd ntus nya1 nyal ohi2 onsa opmt ous2 pado parc park pdel COMMENT             
penc pert pie1 pimo pohn pol2 polv pots pove prds ptbb ptvl COMMENT             
qaq1 quin ramo reun reyk rgdg rio2 riop salu samo sant savo COMMENT             
sch2 scor scrz sctb scub seyg smst sofi spt0 ssia sthl stjo COMMENT             
stk2 str2 suth sutm suwn sydn syog tabl tabv tash thtg thti COMMENT             
thu2 tid1 tidb tlse tn22 tong tow2 tro1 tsea tskb twtf txes COMMENT             
uclu ufpr ulab unb3 unbj unsa urum usn7 usud vald vill voim COMMENT             
vtsp wab1 wab2 wark wes2 wgtn whit will wsrt wtza wtzl wtzr COMMENT             
wtzs wtzz wuhn xmis yar2 yar3 yarr yell ykro zamb zeck zim2 COMMENT             
zim3 zimm                                                   COMMENT             
                                                            END OF HEADER       
[from data line 2145]
     6                                                      START OF TEC MAP    
  2023     2    10     5     0     0                        EPOCH OF CURRENT MAP
    87.5 -180.0 180.0   5.0 450.0                            LAT/LON1/LON2/DLON/H
  161  160  159  159  158  157  156  156  155  154  153  153  152  151  150  148
  147  146  144  143  141  140  138  136  134  133  131  130  128  127  126  125
  124  123  123  122  122  123  123  124  125  126  127  129  130  132  134  136
  139  141  144  146  148  151  153  155  157  158  160  161  162  163  164  164
  165  165  164  164  164  163  162  162  161
    85.0 -180.0 180.0   5.0 450.0                            LAT/LON1/LON2/DLON/H
  165  162  160  158  156  155  155  154  154  154  154  154  154  153  153  151
  150  148  145  142  139  135  131  128  124  120  116  112  109  106  103  101
   99   98   97   96   96   97   97   99  100  103  105  109  113  117  122  127
  132  138  144  150  156  161  167  172  176  180  183  185  187  188  188  187
  186  185  182  180  177  174  171  168  165
    82.5 -180.0 180.0   5.0 450.0                            LAT/LON1/LON2/DLON/H
  160  154  149  145  142  141  141  141  143  145  147  150  151  153  153  153
  152  149  146  141  136  130  123  117  110  104   98   93   88   84   81   79
   77   76   76   76   76   77   78   79   82   84   88   93   98  105  112  121
  130  140  150  160  170  180  189  197  204  210  215  218  220  221  220  217
  213  209  203  196  189  181  174  166  160
    80.0 -180.0 180.0   5.0 450.0                            LAT/LON1/LON2/DLON/H
  153  142  133  126  121  119  119  121  125  129  135  140  145  148  151  152
  151  148  144  138  130  122  113  103   94   86   79   73   68   65   63   62
   63   64   65   66   68   69   70   72   74   76   80   85   91   99  109  121
  134  148  163  178  192  206  219  230  240  247  253  257  259  259  257  253
  247  239  229  218  205  192  178  165  153
    77.5 -180.0 180.0   5.0 450.0                            LAT/LON1/LON2/DLON/H
  152  135  120  108  101   97   96   99  104  111  119  127  134  140  145  147
  147  144  139  132  123  112  101   89   78   69   61   55   52   51   52   54
   58   62   67   71   74   76   78   78   79   80   82   86   92  102  114  129
  146  164  183  203  221  238  253  266  277  286  293  298  300  301  299  294
  287  277  264  249  231  212  191  171  152
    75.0 -180.0 180.0   5.0 450.0                            LAT/LON1/LON2/DLON/H
  165  140  118  101   88   81   79   81   86   94  103  113  122  129  135  138
  139  137  132  125  115  103   91   78   67   57   49   45   43   45   49   56
   64   72   80   87   93   96   97   96   94   93   93   95  101  111  125  144
  165  188  211  234  255  273  289  302  312  321  327  333  336  339  339  337
  331  322  309  291  270  246  219  192  165
    72.5 -180.0 180.0   5.0 450.0                            LAT/LON1/LON2/DLON/H
  195  162  132  108   89   78   72   72   76   83   91  100  108  116  122  126
  128  128  124  118  109   99   87   75   64   54   48   45   45   49   56   66
   77   89  100  110  116  120  121  118  114  110  108  109  114  125  142  164
  189  216  243  269  290  308  322  332  340  346  352  358  365  371  376  378
  378  372  361  345  322  295  263  229  195
    70.0 -180.0 180.0   5.0 450.0                            LAT/LON1/LON2/DLON/H
  239  198  161  129  104   87   77   73   74   78   84   90   96  102  107  112
  116  117  117  114  108  100   91   80   71   63   58   56   58   63   71   81
   94  107  119  130  137  141  141  138  132  126  121  121  127  139  159  185
  215  247  277  303  323  338  347  353  356  360  366  374  384  396  408  418
  424  424  418  405  383  354  320  280  239
    67.5 -180.0 180.0   5.0 450.0                            LAT/LON1/LON2/DLON/H
  291  244  200  160  129  106   91   83   81   81   83   85   87   90   93   98
  103  108  112  113  111  107  101   94   87   81   78   77   79   83   90   98
  109  120  131  141  148  152  151  147  141  134  129  128  135  150  174  205
  239  274  306  332  350  360  364  363  362  364  370  381  397  416  435  453
  466  474  473  463  445  417  380  338  291
    65.0 -180.0 180.0   5.0 450.0                            LAT/LON1/LON2/DLON/H
  343  291  240  194  157  129  110   98   92   88   85   83   80   80   82   87
   94  102  110  115  117  116  114  110  107  104  102  102  103  105  109  113
  119  126  133  140  145  148  148  144  138  131  127  129  138  156  184  219
  258  296  329  354  368  373  370  365  361  362  370  386  408  434  460  484
  503  515  518  512  497  471  436  392  343
    62.5 -180.0 180.0   5.0 450.0                            LAT/LON1/LON2/DLON/H
  384  329  275  225  182  149  127  113  104   97   91   84   78   74   75   80
   89   99  110  118  122  124  124  124  123  123  124  125  126  125  124  122
  122  122  124  127  130  132  132  129  124  120  118  122  135  157  189  228
  271  311  344  366  377  377  370  361  356  360  373  395  423  454  484  510
  529  542  547  543  531  508  475  433  384
    60.0 -180.0 180.0   5.0 450.0                            LAT/LON1/LON2/DLON/H
  409  355  300  246  200  164  139  123  113  105   96   87   78   72   72   77
   87   99  110  119  124  126  127  129  131  134  138  140  141  138  133  126
  119  113  109  108  108  109  109  107  105  103  104  112  128  155  191  233
  278  319  352  372  379  375  366  357  355  363  382  410  443  476  505  528
  543  552  555  551  540  521  493  455  409
    57.5 -180.0 180.0   5.0 450.0                            LAT/LON1/LON2/DLON/H
  416  367  313  259  211  173  146  129  118  110  101   90   80   74   73   79
   89  100  110  116  119  120  121  123  128  134  140  145  146  143  135  124
  112  101   93   87   85   85   85   85   84   85   90  101  122  152  192  237
  284  325  356  374  379  374  365  358  360  374  400  433  467  498  521  535
  541  542  540  534  525  510  488  457  416
    55.0 -180.0 180.0   5.0 450.0                            LAT/LON1/LON2/DLON/H
  408  366  317  265  217  177  149  131  120  112  103   93   84   77   77   82
   91  100  107  109  108  106  106  109  115  123  132  139  141  139  131  119
  105   91   80   73   69   67   67   67   69   72   80   95  120  154  196  244
  291  332  363  379  383  378  370  367  375  395  425  459  491  514  526  528
  523  515  506  498  489  479  464  441  408
    52.5 -180.0 180.0   5.0 450.0                            LAT/LON1/LON2/DLON/H
  392  359  317  269  222  182  152  133  121  113  105   96   87   81   81   85
   92   97  100   98   93   89   88   92   99  108  118  126  130  129  123  113
   99   86   75   67   62   60   59   59   61   67   78   97  124  162  208  257
  305  346  375  391  394  390  386  388  400  423  454  485  508  520  519  508
  492  475  461  451  443  437  428  414  392
    50.0 -180.0 180.0   5.0 450.0                            LAT/LON1/LON2/DLON/H
  372  349  316  274  231  191  160  138  125  116  107   99   90   85   84   86
   90   92   90   85   79   75   75   79   86   95  104  111  116  117  114  106
   96   85   76   70   66   63   61   61   63   70   84  106  137  178  227  279
  328  368  397  412  416  414  413  418  432  454  481  503  515  513  499  477
  454  434  418  407  400  396  392  385  372
    47.5 -180.0 180.0   5.0 450.0                            LAT/LON1/LON2/DLON/H
  356  342  317  283  244  206  174  150  133  121  112  102   94   88   86   86
   87   85   81   76   71   70   73   78   85   91   96  101  104  106  105  101
   95   88   83   79   76   74   71   70   73   82   98  123  157  202  253  307
  358  399  427  442  447  448  449  455  468  485  503  513  511  496  472  446
  423  405  392  382  374  369  366  363  356
    45.0 -180.0 180.0   5.0 450.0                            LAT/LON1/LON2/DLON/H
  349  339  321  293  259  224  192  165  145  130  118  107   99   92   88   86
   83   80   76   73   74   78   85   92   97   99   99   98   97   98   98   97
   94   92   90   90   90   88   85   83   87   98  117  145  183  229  283  340
  392  434  462  477  484  487  490  495  504  514  519  515  500  476  449  426
  412  403  397  388  377  366  358  353  349
    42.5 -180.0 180.0   5.0 450.0                            LAT/LON1/LON2/DLON/H
  354  343  327  302  273  241  210  182  159  140  125  114  105   98   92   88
   84   80   78   81   88   99  111  119  122  118  110  102   97   95   94   94
   94   94   96  100  102  101   98   96  102  117  140  171  210  258  313  371
  425  467  496  512  521  526  530  535  539  539  532  516  492  465  443  433
  435  441  443  434  415  393  375  362  354
    40.0 -180.0 180.0   5.0 450.0                            LAT/LON1/LON2/DLON/H
  374  355  334  309  282  253  224  196  170  148  132  121  112  106  100   94
   90   88   90   98  112  129  144  152  151  142  127  112  102   96   94   93
   93   95  100  107  111  111  108  108  116  135  163  198  237  285  339  397
  451  494  522  540  551  559  565  570  570  564  548  525  498  476  468  478
  501  524  533  521  491  453  419  393  374
    37.5 -180.0 180.0   5.0 450.0                            LAT/LON1/LON2/DLON/H
  411  379  346  314  285  257  230  203  175  152  136  126  121  116  111  106
  102  103  110  124  142  161  176  182  178  164  144  125  110  102   98   96
   94   96  102  111  117  118  115  116  128  153  186  223  262  307  359  415
  467  509  537  556  569  582  593  600  600  591  573  549  527  518  531  565
  611  649  663  644  599  543  490  447  411
    35.0 -180.0 180.0   5.0 450.0                            LAT/LON1/LON2/DLON/H
  469  417  367  322  286  257  231  203  174  151  136  129  128  126  123  120
  120  125  136  152  170  188  199  201  194  178  158  138  122  113  108  105
  101  102  107  116  123  123  120  122  138  169  207  246  284  324  371  423
  472  511  539  559  576  593  611  623  628  623  610  593  584  594  630  688
  754  804  817  788  727  654  583  523  469
    32.5 -180.0 180.0   5.0 450.0                            LAT/LON1/LON2/DLON/H
  546  474  403  341  294  259  230  200  170  146  132  130  132  134  135  135
  139  147  160  176  191  202  207  206  197  184  167  150  137  130  126  122
  118  115  118  126  132  131  125  127  147  183  227  268  303  337  378  423
  468  504  530  550  571  596  621  643  657  662  659  657  665  696  754  832
  911  965  974  934  860  774  691  617  546
    30.0 -180.0 180.0   5.0 450.0                            LAT/LON1/LON2/DLON/H
  640  551  460  379  318  274  238  202  167  141  129  129  135  140  142  146
  153  165  179  191  199  202  200  196  190  183  173  163  156  154  154  151
  145  139  139  143  146  141  133  135  156  197  245  288  320  349  383  422
  460  491  515  537  562  593  628  661  687  705  718  733  760  809  883  973
 1057 1108 1110 1061  980  889  803  723  640
    27.5 -180.0 180.0   5.0 450.0                            LAT/LON1/LON2/DLON/H
  745  645  538  441  366  310  263  219  176  145  131  132  138  142  144  149
  159  174  186  194  194  190  184  180  181  182  182  181  181  186  191  192
  184  174  168  167  165  156  145  144  167  211  262  306  337  362  389  422
  454  480  502  524  554  592  636  680  719  751  780  810  852  913  994 1085
 1164 1208 1202 1150 1070  986  907  830  745
    25.0 -180.0 180.0   5.0 450.0                            LAT/LON1/LON2/DLON/H
  847  747  634  528  440  372  314  257  203  164  145  143  145  145  143  146
  157  172  183  186  180  172  167  169  179  191  200  207  214  225  237  240
  232  217  204  196  188  174  159  156  179  224  277  322  353  376  401  428
  454  476  496  520  553  597  648  702  751  795  836  877  927  991 1067 1148
 1214 1247 1236 1188 1120 1051  990  926  847
    22.5 -180.0 180.0   5.0 450.0                            LAT/LON1/LON2/DLON/H
  934  844  736  629  536  459  389  318  253  204  177  168  162  153  144  142
  151  164  172  172  165  159  161  173  194  215  231  243  254  270  287  293
  283  262  241  226  211  193  175  170  192  237  290  336  369  393  417  441
  463  483  502  528  564  612  668  727  783  833  879  925  974 1030 1092 1152
 1200 1220 1209 1171 1124 1080 1041  998  934
    20.0 -180.0 180.0   5.0 450.0                            LAT/LON1/LON2/DLON/H
  992  919  827  730  640  560  481  399  323  264  229  210  194  173  154  144
  148  157  163  161  157  159  174  199  230  257  275  286  298  316  335  343
  331  304  275  252  232  210  190  185  205  249  301  347  383  412  437  461
  481  500  520  548  587  637  695  755  812  862  907  948  989 1028 1067 1101
 1126 1136 1128 1108 1086 1070 1057 1036  992
    17.5 -180.0 180.0   5.0 450.0                            LAT/LON1/LON2/DLON/H
 1011  962  891  813  735  657  576  489  406  340  298  271  244  212  181  162
  159  162  164  162  165  180  210  249  287  314  327  332  340  357  376  383
  368  336  301  272  248  224  204  199  218  259  309  356  395  429  458  484
  504  524  547  579  620  671  728  785  837  882  919  950  976  994 1006 1012
 1015 1015 1014 1014 1018 1028 1037 1035 1011
    15.0 -180.0 180.0   5.0 450.0                            LAT/LON1/LON2/DLON/H
  992  964  918  862  801  734  656  571  488  422  376  344  310  269  230  203
  192  189  186  184  194  222  267  316  355  376  379  373  374  387  404  409
  391  355  317  285  259  234  215  212  231  269  316  361  403  442  477  505
  528  550  578  614  658  708  762  813  858  893  919  938  947  944  930  910
  894  888  894  912  938  966  990 1000  992
    12.5 -180.0 180.0   5.0 450.0                            LAT/LON1/LON2/DLON/H
  942  929  905  871  828  774  708  632  557  495  452  420  385  343  301  270
  253  242  233  230  245  283  337  389  424  432  420  403  395  403  417  418
  397  361  322  291  265  242  224  223  243  279  321  364  408  451  490  521
  546  573  606  647  694  743  793  838  874  898  914  921  917  897  864  825
  794  783  795  826  865  902  929  943  942
    10.0 -180.0 180.0   5.0 450.0                            LAT/LON1/LON2/DLON/H
  877  870  859  841  814  775  723  662  600  549  514  488  459  423  386  357
  338  321  305  298  313  354  409  457  479  472  444  416  402  404  413  410
  388  354  320  293  269  246  231  233  253  287  325  365  409  454  495  528
  556  588  627  673  722  771  817  856  884  900  907  907  897  870  827  779
  741  727  740  775  817  852  873  880  877
     7.5 -180.0 180.0   5.0 450.0                            LAT/LON1/LON2/DLON/H
  816  805  797  786  767  739  702  658  613  576  551  535  519  498  474  454
  437  417  395  381  391  426  473  508  513  489  448  412  393  392  395  388
  367  339  313  292  271  250  236  239  261  294  329  366  408  453  494  527
  557  593  638  688  738  786  829  864  887  899  903  903  895  871  831  784
  746  730  740  769  804  829  836  829  816
     5.0 -180.0 180.0   5.0 450.0                            LAT/LON1/LON2/DLON/H
  778  756  740  726  708  685  658  628  598  573  558  554  554  553  550  544
  534  515  488  468  467  489  520  536  523  484  435  395  375  371  369  358
  339  318  303  290  272  250  237  242  266  299  333  367  406  448  487  519
  551  590  639  691  741  787  829  862  884  895  902  908  911  900  874  840
  809  793  794  810  828  837  828  805  778
     2.5 -180.0 180.0   5.0 450.0                            LAT/LON1/LON2/DLON/H
  772  736  708  682  656  630  608  587  566  548  540  544  560  580  598  611
  612  598  571  545  531  536  545  541  512  463  411  372  353  346  339  325
  308  296  291  285  269  247  233  240  267  302  336  369  405  443  478  507
  539  580  630  682  731  776  816  850  872  886  900  919  938  947  944  930
  913  899  889  885  882  873  850  813  772
