ionex_files/turquie/corrected/COD0OPSFIN_20230330000_01D_01H_GIM.INX
     1.0            IONOSPHERE MAPS     GNSS                IONEX VERSION / TYPE
ADDNEQ2 V5.5        AIUB                06-FEB-23 21:07     PGM / RUN BY / DATE 
CODE'S GLOBAL IONOSPHERE MAPS FOR DAY 033, 2023             COMMENT             
Global ionosphere maps (GIM) are generated on a daily basis DESCRIPTION         
at CODE using data from about 300 GNSS sites of the IGS and DESCRIPTION         
other institutions. The vertical total electron content     DESCRIPTION         
(VTEC) is modeled in a solar-geomagnetic reference frame    DESCRIPTION         
using a spherical harmonics expansion up to degree and      DESCRIPTION         
order 15. Piece-wise linear functions are used for          DESCRIPTION         
representation in the time domain. The time spacing of      DESCRIPTION         
their vertices is 1 hour, conforming with the epochs of the DESCRIPTION         
VTEC maps.                                                  DESCRIPTION         
To convert line-of-sight TEC into vertical TEC, a modified  DESCRIPTION         
single-layer model mapping function approximating the JPL   DESCRIPTION         
extended slab model mapping function is adopted. The        DESCRIPTION         
mapping function is evaluated at geodetic satellite         DESCRIPTION         
elevation angles. For the computation of the ionospheric    DESCRIPTION         
pierce points, a spherical layer with a radius of 6821 km   DESCRIPTION         
is assumed, implying geocentric, not geodetic IONEX         DESCRIPTION         
latitudes.                                                  DESCRIPTION         
Instrumental biases with respect to each involved GNSS code DESCRIPTION         
observable are estimated as constant values for each        DESCRIPTION         
day. They are modeled with one set of bias parameters for   DESCRIPTION         
each satellite and each station in case of GPS and for each DESCRIPTION         
satellite-station link in case of GLONASS. The code bias    DESCRIPTION         
datum is defined by zero-mean conditions imposed on the     DESCRIPTION         
satellite bias estimates. In this file, just GPS C1W-C2W    DESCRIPTION         
satellite and station bias values are included. The         DESCRIPTION         
complete set of GNSS code bias results is provided in an    DESCRIPTION         
additional Bias-SINEX file as pseudo-absolute values        DESCRIPTION         
specific to each observable.                                DESCRIPTION         
Note: These GIM results correspond to the results for the   DESCRIPTION         
middle day of a 3-day combination analysis solving for 73   DESCRIPTION         
times 256, or 18688 VTEC parameters and 3 daily sets of     DESCRIPTION         
GNSS code bias parameters.                                  DESCRIPTION         
Contact address: code(at)aiub.unibe.ch                      DESCRIPTION         
Data archive:    ftp.aiub.unibe.ch/CODE/                    DESCRIPTION         
                 www.aiub.unibe.ch/download/CODE/           DESCRIPTION         
  2023     2     2     0     0     0                        EPOCH OF FIRST MAP  
  2023     2     3     0     0     0                        EPOCH OF LAST MAP   
  3600                                                      INTERVAL            
[...]
brst brux bshm cas1 cedu chpg chpi chti chur ckis coco cord COMMENT             
cpvg cpxf crar cro1 daej darw dav1 dgar dhlg drao dubo ebre COMMENT             
faa1 fair flrs frdn ftna func ganp glps gode godz gol2 gold COMMENT             
gope gras graz guam guug harb hers hert hlfx hob2 hofn holb COMMENT             
hrao hyde iddr ieng iisc ineg invk iqal irkj isba jog2 joz2 COMMENT             
joze karr kerg kir0 kiri kiru kit3 kokb kokv koug kour krgg COMMENT             
laut lmmf lpal lpgs m0se mac1 madr mal2 mana mas1 mat1 mate COMMENT             
maw1 mcm4 mdo1 mdvj medi mets mgue mizu mkea mnls mobs monp COMMENT             
morp mqzg mro1 mtka nano nico nist nium nklg nlib nnor not1 COMMENT             
nrc1 nrmd ntus nya1 nyal ohi2 onsa opmt ous2 pado parc park COMMENT             
pdel penc pert pie1 pimo pohn pol2 polv pots pove prds ptbb COMMENT             
ptvl qaq1 quin ramo reun reyk rgdg rio2 riop roth salu samo COMMENT             
sant savo sch2 scor scrz sctb scub seyg sofi spt0 ssia sthl COMMENT             
stjo str2 suth sutm suwn sydn tabl tabv tash thtg thti thu2 COMMENT             
tid1 tidb tlse tn22 tong tow2 tro1 tsea twtf txes uclu ufpr COMMENT             
ulab unb3 unbj unsa urum usn7 usud vald vill voim vtsp wab1 COMMENT             
wab2 wark wes2 wgtn whit will wind wsrt wtza wtzl wtzr wtzs COMMENT             
wtzz wuhn xmis yar2 yar3 yarr yell ykro zamb zeck zim2 zim3 COMMENT             
zimm                                                        COMMENT             
                                                            END OF HEADER       
[from data line 10296]
    25                                                      START OF TEC MAP    
  2023     2     3     0     0     0                        EPOCH OF CURRENT MAP
    87.5 -180.0 180.0   5.0 450.0                            LAT/LON1/LON2/DLON/H
   91   93   94   96   97   98   99   99  100  100  100   99   98   98   96   95
   93   92   90   88   85   83   81   78   76   73   71   68   65   63   60   58
   55   53   51   49   47   45   44   42   41   40   39   39   38   38   38   39
   39   40   41   42   44   45   47   49   51   53   56   58   61   63   66   69
   71   74   77   79   82   84   86   89   91
    85.0 -180.0 180.0   5.0 450.0                            LAT/LON1/LON2/DLON/H
  118  122  125  128  131  133  134  136  136  136  136  135  133  131  128  125
  122  118  114  110  106  102   97   93   89   84   80   76   71   67   63   59
   55   51   47   43   39   36   33   30   28   26   25   24   23   23   24   24
   26   27   29   31   34   37   40   43   47   51   55   60   64   69   73   78
   83   88   93   97  102  106  111  115  118
    82.5 -180.0 180.0   5.0 450.0                            LAT/LON1/LON2/DLON/H
  144  149  153  157  161  164  166  168  169  169  168  166  163  159  154  149
  144  138  132  126  120  115  110  105  101   96   92   87   82   78   73   68
   63   58   53   48   43   39   35   31   28   25   24   23   22   22   23   24
   26   28   31   34   37   41   45   49   54   58   64   69   75   81   87   93
   99  105  111  117  123  129  134  139  144
    80.0 -180.0 180.0   5.0 450.0                            LAT/LON1/LON2/DLON/H
  164  169  174  179  183  187  191  194  195  195  194  191  186  179  172  163
  155  146  138  131  125  120  115  112  109  106  103  100   96   92   88   83
   78   73   67   62   56   51   46   42   38   35   33   32   32   33   35   37
   40   42   45   49   52   55   59   63   67   72   78   84   90   97  104  111
  118  125  131  137  143  149  154  159  164
    77.5 -180.0 180.0   5.0 450.0                            LAT/LON1/LON2/DLON/H
  179  183  187  192  197  202  207  211  214  214  212  208  200  191  179  167
  154  142  132  124  118  115  113  112  112  112  112  111  110  107  104  100
   96   91   85   79   73   68   62   58   54   51   49   49   50   52   54   58
   61   64   67   70   73   75   77   80   83   87   92   98  105  112  120  128
  136  144  150  156  162  167  171  175  179
    75.0 -180.0 180.0   5.0 450.0                            LAT/LON1/LON2/DLON/H
  189  191  194  198  203  209  215  221  225  227  225  219  209  195  179  161
  144  128  116  108  103  102  104  107  111  115  118  119  119  118  116  113
  109  104   99   94   88   83   78   73   69   67   66   66   68   71   75   80
   84   87   90   92   93   93   93   93   95   97  102  108  115  124  133  143
  152  160  167  173  178  182  184  187  189
    72.5 -180.0 180.0   5.0 450.0                            LAT/LON1/LON2/DLON/H
  197  197  198  200  205  211  218  226  233  236  235  228  215  197  175  151
  128  109   95   87   85   87   93  101  108  114  119  121  121  120  118  115
  112  109  105  100   96   91   87   83   80   78   77   79   81   86   91   96
  101  105  107  107  106  103  100   98   97   98  103  109  118  129  140  152
  162  172  180  186  191  194  196  197  197
    70.0 -180.0 180.0   5.0 450.0                            LAT/LON1/LON2/DLON/H
  207  205  204  204  207  212  220  229  238  243  244  237  221  199  171  142
  114   91   76   68   69   75   85   95  104  111  114  115  114  111  108  105
  103  100   98   96   93   90   87   84   82   81   81   82   86   91   97  103
  108  112  113  112  108  102   96   91   89   89   94  102  113  126  141  154
  167  179  188  195  201  205  207  207  207
    67.5 -180.0 180.0   5.0 450.0                            LAT/LON1/LON2/DLON/H
  220  219  216  213  213  216  222  232  242  250  252  245  229  204  172  137
  106   80   64   58   60   69   81   92  100  104  104  101   96   92   87   84
   82   81   81   80   79   79   77   76   75   75   76   77   81   86   92   98
  103  107  107  104   98   90   82   75   71   72   78   88  102  119  136  152
  167  180  191  200  208  214  218  220  220
    65.0 -180.0 180.0   5.0 450.0                            LAT/LON1/LON2/DLON/H
  238  238  235  230  226  224  228  235  245  254  258  253  238  211  178  141
  107   80   64   59   62   72   82   91   95   94   89   81   73   66   61   58
   57   57   57   59   60   61   62   62   63   64   64   66   69   72   77   83
   88   91   92   88   81   72   62   53   49   51   59   72   89  109  129  148
  164  178  191  202  212  221  229  235  238
    62.5 -180.0 180.0   5.0 450.0                            LAT/LON1/LON2/DLON/H
  259  262  259  253  245  238  237  240  248  257  262  259  245  221  188  152
  119   92   76   71   74   81   88   91   89   81   71   59   49   41   36   34
   34   35   36   37   39   42   44   47   49   50   52   52   53   55   58   63
   67   71   72   69   62   52   41   33   30   33   42   58   79  101  123  144
  162  177  190  202  214  227  240  251  259
    60.0 -180.0 180.0   5.0 450.0                            LAT/LON1/LON2/DLON/H
  280  287  287  280  269  257  249  247  251  257  262  260  250  229  201  169
  139  114   99   92   92   95   95   91   82   68   53   40   30   24   22   21
   22   22   23   23   25   27   30   34   38   40   41   41   40   40   40   43
   47   51   53   52   46   38   28   21   18   22   34   52   74   98  122  144
  163  178  192  204  218  234  250  267  280
    57.5 -180.0 180.0   5.0 450.0                            LAT/LON1/LON2/DLON/H
  298  310  314  308  295  278  264  256  253  255  258  257  250  235  213  188
  163  141  126  117  113  109  102   90   75   57   41   30   24   22   23   24
   24   23   22   20   20   21   24   28   32   36   37   36   33   29   27   28
   32   37   42   43   41   34   26   20   18   23   36   54   77  102  127  150
  169  185  199  211  225  241  260  280  298
    55.0 -180.0 180.0   5.0 450.0                            LAT/LON1/LON2/DLON/H
  310  326  334  330  317  299  281  267  259  255  254  252  247  237  223  206
  187  168  153  141  131  120  107   89   70   52   39   32   31   35   39   41
   40   37   32   28   25   25   27   31   35   38   39   37   33   27   23   23
   27   34   41   46   46   43   37   32   31   36   48   65   87  112  137  160
  181  198  212  223  236  250  268  289  310
    52.5 -180.0 180.0   5.0 450.0                            LAT/LON1/LON2/DLON/H
  314  332  343  343  334  317  298  281  269  259  253  247  242  237  230  220
  206  191  175  159  144  129  111   91   72   56   47   46   51   59   65   66
   63   56   49   43   39   38   38   40   43   46   47   45   40   33   28   27
   32   41   51   59   63   62   58   55   54   59   68   83  102  125  149  174
  196  214  229  240  250  261  275  294  314
    50.0 -180.0 180.0   5.0 450.0                            LAT/LON1/LON2/DLON/H
  311  328  341  345  340  328  313  298  284  270  258  247  240  237  234  229
  219  205  189  171  154  136  118   99   82   71   66   70   78   86   91   89
   83   74   66   60   57   55   54   55   56   57   58   57   52   46   41   40
   45   56   68   79   85   87   85   83   83   87   94  105  120  139  161  186
  210  231  247  258  265  272  281  294  311
    47.5 -180.0 180.0   5.0 450.0                            LAT/LON1/LON2/DLON/H
  303  317  330  336  335  330  322  313  302  288  271  256  244  239  238  234
  226  212  194  177  161  145  130  115  102   94   92   95  102  107  107  101
   91   82   76   73   73   73   72   70   69   69   70   69   66   61   57   58
   64   75   88  100  108  111  111  111  113  116  121  128  138  152  172  196
  220  243  261  273  279  282  285  292  303
    45.0 -180.0 180.0   5.0 450.0                            LAT/LON1/LON2/DLON/H
  296  305  314  320  322  322  323  325  321  310  292  271  255  247  242  237
  227  212  195  180  168  158  148  137  127  120  117  116  117  114  108   97
   85   78   76   79   84   88   87   83   80   79   80   81   80   77   75   76
   83   93  106  118  126  130  132  135  139  143  147  150  155  164  180  201
  225  249  269  283  291  292  291  292  296
    42.5 -180.0 180.0   5.0 450.0                            LAT/LON1/LON2/DLON/H
  298  300  303  304  304  307  316  328  335  331  314  291  271  258  250  240
  226  209  194  184  179  176  171  163  153  144  135  127  118  107   94   80
   69   65   69   80   91   97   98   93   88   86   87   90   91   91   91   93
   98  107  117  127  134  139  144  150  158  165  170  171  172  176  186  204
  225  248  270  288  299  304  302  299  298
    40.0 -180.0 180.0   5.0 450.0                            LAT/LON1/LON2/DLON/H
  315  312  307  299  291  290  302  322  340  344  332  311  289  272  259  243
  225  208  196  193  195  197  194  185  172  157  141  125  108   91   75   62
   54   55   64   79   94  103  104  100   94   91   93   96  100  102  103  105
  108  113  121  128  134  139  146  156  170  182  190  191  188  188  194  206
  224  245  268  290  308  319  322  319  315
    37.5 -180.0 180.0   5.0 450.0                            LAT/LON1/LON2/DLON/H
  355  349  335  314  292  280  287  310  335  347  342  324  303  286  269  249
  227  210  203  207  215  218  212  197  178  157  136  115   95   77   64   56
   55   60   71   86  100  108  109  104   98   96   98  102  106  109  111  111
  112  113  116  121  125  131  140  155  175  194  207  210  206  202  204  213
  227  246  269  296  323  344  355  357  355
    35.0 -180.0 180.0   5.0 450.0                            LAT/LON1/LON2/DLON/H
  421  415  395  360  318  287  281  298  324  341  341  328  311  295  277  256
  233  218  217  225  234  233  219  195  169  146  125  105   89   79   76   78
   84   90   97  105  112  115  113  108  104  102  104  108  111  114  114  113
  110  108  107  109  113  119  130  149  175  201  220  227  224  219  220  227
  239  256  280  312  348  381  404  417  421
    32.5 -180.0 180.0   5.0 450.0                            LAT/LON1/LON2/DLON/H
  510  511  489  441  379  324  296  299  317  331  332  323  312  300  284  263
  243  232  235  245  250  239  212  178  149  129  116  107  103  107  119  134
  146  150  147  140  133  126  119  114  112  111  113  114  116  116  115  112
  106  100   97   97  100  106  118  140  171  205  231  243  242  239  242  251
  264  281  306  343  389  434  470  495  510
    30.0 -180.0 180.0   5.0 450.0                            LAT/LON1/LON2/DLON/H
  617  630  612  558  477  397  343  324  326  330  326  317  308  300  289  271
  255  249  255  263  259  234  193  153  126  117  121  130  143  165  193  220
  235  232  213  187  161  142  130  124  123  124  124  123  120  118  114  109
  100   92   88   88   90   96  107  130  165  205  239  256  260  261  268  283
  301  322  350  391  444  499  548  588  617
    27.5 -180.0 180.0   5.0 450.0                            LAT/LON1/LON2/DLON/H
  729  759  752  699  606  506  427  382  361  347  331  317  307  302  293  280
  268  266  273  276  261  222  171  129  113  123  148  177  208  244  285  320
  335  322  285  237  193  161  143  137  138  139  137  132  125  119  113  106
   96   87   82   82   85   89   98  120  158  203  243  267  276  282  297  321
  347  374  406  451  509  571  630  683  729
    25.0 -180.0 180.0   5.0 450.0                            LAT/LON1/LON2/DLON/H
  831  880  891  847  754  641  542  474  429  393  359  333  318  310  301  290
  281  281  287  283  256  207  153  120  121  153  199  244  286  330  376  412
  423  399  346  280  221  180  158  152  154  156  152  142  130  121  113  103
   93   83   79   80   82   84   91  111  150  200  246  275  290  303  327  361
  397  432  468  515  573  638  703  768  831
    22.5 -180.0 180.0   5.0 450.0                            LAT/LON1/LON2/DLON/H
  906  974 1007  980  897  784  676  591  525  467  414  372  345  329  316  303
  295  295  296  284  250  198  151  134  157  210  271  322  363  401  441  472
  477  444  381  307  241  196  173  168  170  171  165  151  136  123  113  102
   91   82   78   80   81   82   85  103  142  196  247  283  304  324  355  399
  444  485  524  570  627  691  757  829  906
    20.0 -180.0 180.0   5.0 450.0                            LAT/LON1/LON2/DLON/H
  941 1025 1078 1074 1010  910  806  716  637  562  492  433  392  362  339  321
  309  306  301  284  248  203  172  177  221  287  351  394  419  440  464  484
  482  446  383  310  247  205  185  182  185  185  176  160  142  127  114  102
   91   82   79   80   81   79   81   98  137  193  249  291  318  344  381  431
  483  527  566  608  660  718  782  855  941
    17.5 -180.0 180.0   5.0 450.0                            LAT/LON1/LON2/DLON/H
  929 1021 1090 1107 1069  993  907  824  744  662  582  511  454  409  373  344
  327  317  307  287  256  227  218  244  302  371  422  444  442  436  439  445
  438  406  353  293  242  209  194  192  195  195  186  169  149  131  117  104
   91   82   79   79   79   77   80   97  137  194  253  299  332  363  405  457
  508  551  586  623  666  717  773  843  929
    15.0 -180.0 180.0   5.0 450.0                            LAT/LON1/LON2/DLON/H
  872  961 1036 1071 1059 1014  955  893  824  747  667  591  524  465  413  374
  348  332  318  299  279  269  283  326  387  442  470  460  426  392  374  369
  361  339  303  263  230  209  199  199  202  201  193  176  156  138  121  106
   93   84   80   79   79   78   83  103  143  200  259  309  347  382  425  474
  521  558  585  613  648  688  735  794  872
    12.5 -180.0 180.0   5.0 450.0                            LAT/LON1/LON2/DLON/H
  781  856  925  969  980  967  941  906  858  798  730  660  590  521  458  407
  374  353  336  322  315  326  358  406  456  487  482  441  380  324  292  280
  277  268  252  233  218  207  202  202  204  205  198  183  165  146  127  111
   96   87   83   81   80   82   92  116  157  211  267  318  360  399  441  485
  524  550  568  586  612  642  676  720  781
    10.0 -180.0 180.0   5.0 450.0                            LAT/LON1/LON2/DLON/H
  675  724  776  819  846  860  866  861  841  805  759  705  641  570  500  443
  405  381  365  357  363  389  428  469  495  494  458  394  318  255  220  210
  213  217  218  216  213  208  204  202  204  205  201  190  173  155  135  117
  103   94   89   87   87   92  108  137  177  225  275  324  369  411  453  490
  518  534  542  552  569  590  612  638  675
     7.5 -180.0 180.0   5.0 450.0                            LAT/LON1/LON2/DLON/H
  574  592  619  650  685  720  752  773  778  769  750  719  671  606  537  479
  440  417  403  401  416  447  481  502  497  464  407  335  264  210  184  182
  192  205  215  221  221  215  206  201  201  204  203  196  182  165  145  127
  113  105  100   98   99  108  130  163  200  239  281  326  372  417  458  490
  509  516  517  521  532  546  557  564  574
     5.0 -180.0 180.0   5.0 450.0                            LAT/LON1/LON2/DLON/H
  500  487  485  500  533  580  629  667  691  705  712  706  678  626  565  512
  477  457  447  450  467  493  510  501  463  407  343  284  236  207  199  208
  223  236  245  247  241  226  210  199  199  203  205  201  190  175  157  139
  127  120  117  114  115  128  155  189  222  251  282  321  368  416  457  486
  500  502  500  502  511  521  523  515  500
     2.5 -180.0 180.0   5.0 450.0                            LAT/LON1/LON2/DLON/H
  467  430  403  401  428  477  531  575  607  634  660  677  669  634  585  542
  514  499  493  497  509  520  511  470  406  339  287  257  246  250  264  282
  296  302  300  289  268  241  215  199  197  202  206  205  197  185  169  154
  143  139  136  133  134  148  177  211  239  258  279  311  358  408  450  478
  491  494  495  499  508  518  517  500  467
