ionex_files/turquie/corrected/COD0OPSFIN_20230350000_01D_01H_GIM.INX
     1.0            IONOSPHERE MAPS     GNSS                IONEX VERSION / TYPE
ADDNEQ2 V5.5        AIUB                08-FEB-23 20:59     PGM / RUN BY / DATE 
CODE'S GLOBAL IONOSPHERE MAPS FOR DAY 035, 2023             COMMENT             
Global ionosphere maps (GIM) are generated on a daily basis DESCRIPTION         
at CODE using data from about 300 GNSS sites of the IGS and DESCRIPTION         
other institutions. The vertical total electron content     DESCRIPTION         
(VTEC) is modeled in a solar-geomagnetic reference frame    DESCRIPTION         
using a spherical harmonics expansion up to degree and      DESCRIPTION         
order 15. Piece-wise linear functions are used for          DESCRIPTION         
representation in the time domain. The time spacing of      DESCRIPTION         
their vertices is 1 hour, conforming with the epochs of the DESCRIPTION         
VTEC maps.                                                  DESCRIPTION         
To convert line-of-sight TEC into vertical TEC, a modified  DESCRIPTION         
single-layer model mapping function approximating the JPL   DESCRIPTION         
extended slab model mapping function is adopted. The        DESCRIPTION         
mapping function is evaluated at geodetic satellite         DESCRIPTION         
elevation angles. For the computation of the ionospheric    DESCRIPTION         
pierce points, a spherical layer with a radius of 6821 km   DESCRIPTION         
is assumed, implying geocentric, not geodetic IONEX         DESCRIPTION         
latitudes.                                                  DESCRIPTION         
Instrumental biases with respect to each involved GNSS code DESCRIPTION         
observable are estimated as constant values for each        DESCRIPTION         
day. They are modeled with one set of bias parameters for   DESCRIPTION         
each satellite and each station in case of GPS and for each DESCRIPTION         
satellite-station link in case of GLONASS. The code bias    DESCRIPTION         
datum is defined by zero-mean conditions imposed on the     DESCRIPTION         
satellite bias estimates. In this file, just GPS C1W-C2W    DESCRIPTION         
satellite and station bias values are included. The         DESCRIPTION         
complete set of GNSS code bias results is provided in an    DESCRIPTION         
additional Bias-SINEX file as pseudo-absolute values        DESCRIPTION         
specific to each observable.                                DESCRIPTION         
Note: These GIM results correspond to the results for the   DESCRIPTION         
middle day of a 3-day combination analysis solving for 73   DESCRIPTION         
times 256, or 18688 VTEC parameters and 3 daily sets of     DESCRIPTION         
GNSS code bias parameters.                                  DESCRIPTION         
Contact address: code(at)aiub.unibe.ch                      DESCRIPTION         
Data archive:    ftp.aiub.unibe.ch/CODE/                    DESCRIPTION         
                 www.aiub.unibe.ch/download/CODE/           DESCRIPTION         
  2023     2     4     0     0     0                        EPOCH OF FIRST MAP  
  2023     2     5     0     0     0                        EPOCH OF LAST MAP   
  3600                                                      INTERVAL            
[...]
bshm cags cas1 cedu chpg chpi chti chur ckis coco cord cpvg COMMENT             
cpxf crar cro1 daej darw dav1 dgar dhlg drao dubo ebre faa1 COMMENT             
fair flrs frdn ftna func ganp glps gode godz gol2 gold gope COMMENT             
gras graz guam guug harb hers hert hlfx hob2 hofn holb hrao COMMENT             
hyde iddr ieng iisc ineg invk iqal isba jog2 joz2 joze karr COMMENT             
kerg kir0 kiri kiru kit3 kokb kokv koug kour krgg laut lmmf COMMENT             
lpal lpgs m0se mac1 madr mal2 mana mas1 mat1 mate maw1 mcm4 COMMENT             
mdo1 mdvj medi mets mgue mizu mkea mnls mobs monp morp mqzg COMMENT             
mro1 mtka nano nico nist nium nklg nlib nnor not1 nrc1 nrmd COMMENT             
ntus nya1 nyal ohi2 onsa opmt ous2 pado parc park pdel penc COMMENT             
pert pie1 pimo pohn pol2 polv pots pove prds ptbb ptvl qaq1 COMMENT             
quin ramo reun reyk rgdg rio2 riop roth salu samo sant savo COMMENT             
sch2 scor scrz sctb scub seyg smst sofi spt0 ssia sthl stjo COMMENT             
str2 suth sutm suwn sydn syog tabl tabv tash thtg thti thu2 COMMENT             
tid1 tidb tlse tn22 tong tow2 tro1 tsea tskb twtf txes uclu COMMENT             
ufpr ulab unb3 unbj unsa urum usn7 usud vald vill voim vtsp COMMENT             
wab1 wab2 wark wes2 wgtn whit will wsrt wtza wtzl wtzr wtzs COMMENT             
wtzz wuhn xmis yar2 yar3 yarr yell ykro zamb zeck zim2 zim3 COMMENT             
zimm                                                        COMMENT             
                                                            END OF HEADER       
[from data line 9867]
    24                                                      START OF TEC MAP    
  2023     2     4    23     0     0                        EPOCH OF CURRENT MAP
    87.5 -180.0 180.0   5.0 450.0                            LAT/LON1/LON2/DLON/H
   92   93   94   95   96   97   98   98   99   99  100  100  100   99   99   98
   97   96   95   93   92   90   88   87   85   83   81   80   78   77   75   74
   73   72   71   71   70   70   70   70   70   71   71   72   72   73   74   75
   75   76   77   78   79   79   80   81   81   82   82   83   83   84   84   85
   85   86   87   87   88   89   90   91   92
    85.0 -180.0 180.0   5.0 450.0                            LAT/LON1/LON2/DLON/H
   95   97  100  103  106  109  112  115  118  120  121  122  122  122  121  119
  117  114  111  107  103   98   94   89   85   81   77   73   70   66   64   61
   59   57   56   55   55   55   55   56   57   58   60   62   64   66   69   71
   74   76   78   80   81   83   84   84   85   85   85   85   84   84   84   84
   84   84   85   86   87   88   90   92   95
    82.5 -180.0 180.0   5.0 450.0                            LAT/LON1/LON2/DLON/H
   95   99  104  110  115  121  127  133  138  143  146  149  150  150  148  145
  140  134  128  121  113  106   98   91   84   77   71   65   61   56   52   49
   47   44   43   42   41   41   42   43   45   48   51   54   58   62   67   72
   76   80   84   87   90   92   93   93   93   92   91   89   87   86   84   83
   82   81   82   82   84   86   88   91   95
    80.0 -180.0 180.0   5.0 450.0                            LAT/LON1/LON2/DLON/H
   98  103  110  117  124  133  142  150  159  166  172  177  179  178  175  170
  163  154  143  132  121  110   99   90   81   73   66   60   55   50   46   43
   40   38   36   35   34   33   34   35   37   40   44   48   54   60   67   73
   80   87   93   97  101  103  104  104  103  100   97   94   91   87   85   83
   82   81   82   83   84   87   90   94   98
    77.5 -180.0 180.0   5.0 450.0                            LAT/LON1/LON2/DLON/H
  109  113  119  126  134  143  154  166  177  188  196  203  206  205  201  193
  182  169  154  139  124  111   98   87   78   70   64   59   54   51   47   44
   42   39   37   35   33   32   31   32   33   35   39   44   50   57   66   74
   83   92   99  106  110  113  114  113  110  106  101   96   92   88   86   85
   85   86   88   91   94   98  101  105  109
    75.0 -180.0 180.0   5.0 450.0                            LAT/LON1/LON2/DLON/H
  128  131  133  138  144  153  164  177  191  204  216  224  228  227  220  210
  195  178  159  141  124  109   97   86   78   72   67   64   60   57   54   51
   48   46   43   40   37   35   34   33   33   34   36   41   46   54   63   72
   83   93  102  109  114  117  117  114  110  105   99   93   89   86   86   88
   91   96  102  109  114  119  123  126  128
    72.5 -180.0 180.0   5.0 450.0                            LAT/LON1/LON2/DLON/H
  156  154  153  153  156  162  171  184  199  215  228  238  243  242  234  220
  202  182  161  141  123  109   97   89   83   79   76   73   70   67   63   60
   56   53   49   46   43   40   37   35   34   34   35   38   43   49   58   67
   78   88   97  105  110  112  111  108  102   95   89   84   81   80   84   90
   99  110  122  133  142  150  154  156  156
    70.0 -180.0 180.0   5.0 450.0                            LAT/LON1/LON2/DLON/H
  186  181  175  170  168  170  177  188  203  219  235  246  252  250  241  225
  205  183  161  141  124  111  103   97   93   90   87   84   80   75   70   65
   60   55   51   47   44   41   39   37   35   34   35   36   39   44   51   59
   68   78   86   93   98   99   97   92   86   79   72   68   68   71   79   90
  106  123  141  158  172  182  187  188  186
    67.5 -180.0 180.0   5.0 450.0                            LAT/LON1/LON2/DLON/H
  212  205  196  187  181  178  181  190  204  220  236  249  255  253  243  227
  206  184  163  144  130  120  113  109  106  102   98   93   86   78   70   63
   56   50   46   42   40   38   36   35   35   34   34   35   36   39   43   49
   56   63   70   76   79   79   76   71   64   58   53   50   52   59   72   88
  109  132  155  177  195  207  214  216  212
    65.0 -180.0 180.0   5.0 450.0                            LAT/LON1/LON2/DLON/H
  229  223  213  203  195  189  189  194  206  220  236  248  255  253  244  228
  209  188  169  154  142  134  128  124  119  113  106   96   86   75   64   54
   46   39   35   32   30   30   30   31   32   33   34   34   34   34   35   38
   42   47   52   56   58   57   53   48   42   37   34   34   39   49   65   85
  109  135  161  186  206  221  229  232  229
    62.5 -180.0 180.0   5.0 450.0                            LAT/LON1/LON2/DLON/H
  235  233  227  219  211  205  202  204  211  223  236  248  254  253  245  231
  214  197  181  169  159  152  145  138  129  119  107   94   80   66   54   43
   34   27   23   21   20   21   23   26   29   32   34   34   33   31   29   29
   30   33   36   38   39   37   34   29   24   21   21   24   31   43   60   81
  106  132  159  183  204  219  229  235  235
    60.0 -180.0 180.0   5.0 450.0                            LAT/LON1/LON2/DLON/H
  233  237  238  237  233  227  222  220  223  230  240  250  255  255  248  237
  224  210  199  188  179  170  159  147  133  118  102   87   71   57   45   35
   27   21   17   14   14   15   18   22   28   33   36   37   35   31   26   23
   21   22   24   26   26   25   22   18   16   15   17   22   31   43   59   79
  102  126  151  174  193  208  219  227  233
    57.5 -180.0 180.0   5.0 450.0                            LAT/LON1/LON2/DLON/H
  228  239  250  257  259  255  249  244  242  244  250  257  261  260  256  247
  237  227  218  208  198  184  169  151  131  113   95   79   66   54   44   35
   29   24   20   17   16   17   19   24   30   37   41   42   39   33   26   20
   17   18   20   22   24   23   21   19   18   20   24   30   39   50   64   81
  100  121  143  163  180  193  205  216  228
    55.0 -180.0 180.0   5.0 450.0                            LAT/LON1/LON2/DLON/H
  227  246  265  280  288  288  282  273  266  263  265  268  271  270  266  260
  253  245  236  226  212  194  172  149  126  106   90   76   66   59   52   47
   42   37   33   30   28   27   29   33   39   46   50   51   46   38   29   22
   19   21   25   29   32   33   32   31   32   34   39   46   54   63   74   87
  103  121  140  158  173  186  197  210  227
    52.5 -180.0 180.0   5.0 450.0                            LAT/LON1/LON2/DLON/H
  235  259  284  306  319  321  314  303  292  286  283  284  285  283  280  274
  268  260  251  238  220  197  171  145  122  103   90   81   76   72   68   65
   61   56   52   48   46   44   45   48   54   59   63   62   56   46   35   28
   26   30   37   44   49   52   53   53   54   56   60   65   71   78   86   97
  110  127  145  163  178  191  203  217  235
    50.0 -180.0 180.0   5.0 450.0                            LAT/LON1/LON2/DLON/H
  255  279  305  329  344  347  341  329  316  308  303  302  301  299  295  289
  282  272  260  243  222  197  170  144  123  107   98   93   91   89   86   83
   78   73   69   66   64   64   65   68   72   77   79   76   68   56   45   38
   38   45   55   65   72   77   79   79   79   80   81   84   88   93   99  109
  122  139  160  180  197  211  223  237  255
    47.5 -180.0 180.0   5.0 450.0                            LAT/LON1/LON2/DLON/H
  282  302  325  346  359  362  356  345  334  326  322  320  319  316  311  303
  293  280  264  245  223  198  172  149  131  119  113  109  106  103   98   92
   85   80   77   76   78   80   83   87   91   94   95   91   81   68   56   50
   52   61   74   86   96  102  104  104  103  101   99   99  101  105  112  122
  136  156  179  204  226  243  255  267  282
    45.0 -180.0 180.0   5.0 450.0                            LAT/LON1/LON2/DLON/H
  311  324  339  353  361  363  358  350  344  340  338  337  335  331  325  316
  303  286  267  246  225  203  182  163  148  137  130  123  116  107   98   88
   79   73   72   76   83   91   97  102  107  110  110  105   94   80   68   63
   67   78   92  105  115  121  125  124  121  115  110  107  108  114  122  135
  151  173  200  229  256  277  291  301  311
    42.5 -180.0 180.0   5.0 450.0                            LAT/LON1/LON2/DLON/H
  336  341  346  351  352  351  348  346  347  349  350  350  348  345  338  328
  312  292  271  251  232  215  198  183  168  155  143  130  115  100   85   72
   62   58   60   68   81   94  105  112  117  120  120  116  105   92   81   77
   81   92  104  116  125  132  136  135  130  121  112  108  111  119  132  147
  166  189  217  249  280  305  322  331  336
    40.0 -180.0 180.0   5.0 450.0                            LAT/LON1/LON2/DLON/H
  354  352  348  344  339  335  335  339  347  355  360  361  359  355  349  339
  322  301  280  262  248  235  221  205  187  168  148  126  104   84   67   54
   46   44   50   62   79   96  109  117  122  125  126  123  114  103   93   89
   93  101  110  118  125  132  137  136  129  118  108  104  110  124  142  160
  180  202  228  260  293  322  342  352  354
    37.5 -180.0 180.0   5.0 450.0                            LAT/LON1/LON2/DLON/H
  367  363  354  343  333  327  329  338  353  365  370  369  366  362  357  349
  334  314  295  281  271  260  245  224  199  171  143  116   91   71   57   49
   46   48   56   70   86  102  113  119  123  126  128  127  121  111  103  100
  101  105  109  112  117  123  128  128  121  108   98   97  108  129  152  175
  194  213  235  263  295  327  351  364  367
    35.0 -180.0 180.0   5.0 450.0                            LAT/LON1/LON2/DLON/H
  382  381  372  360  347  340  342  355  371  383  385  379  371  366  363  358
  346  331  316  306  297  285  264  234  200  165  134  107   86   74   70   72
   78   84   91  100  110  119  123  124  123  125  128  129  125  118  111  108
  106  106  104  102  103  108  114  115  107   95   87   90  108  135  165  190
  209  224  240  263  293  325  354  374  382
    32.5 -180.0 180.0   5.0 450.0                            LAT/LON1/LON2/DLON/H
  407  416  415  406  395  387  387  397  409  415  408  393  377  369  367  365
  358  348  338  331  323  305  275  234  191  155  128  111  103  106  117  133
  147  156  158  157  154  150  142  134  128  126  129  131  130  124  118  113
  109  104   96   90   88   93   99   99   92   81   77   86  110  145  179  207
  225  237  248  266  292  326  360  389  407
    30.0 -180.0 180.0   5.0 450.0                            LAT/LON1/LON2/DLON/H
  451  474  486  488  481  472  467  469  471  464  444  415  389  374  370  371
  368  363  358  353  342  316  275  225  180  150  136  138  150  171  200  229
  250  257  251  234  214  192  171  152  138  133  134  136  135  130  123  116
  110  101   90   80   77   80   85   85   78   70   69   85  116  155  193  223
  242  253  263  278  303  338  378  418  451
    27.5 -180.0 180.0   5.0 450.0                            LAT/LON1/LON2/DLON/H
  514  555  585  601  601  592  580  569  555  531  493  447  408  384  376  375
  374  372  370  365  350  317  267  214  174  159  168  193  227  266  307  344
  368  370  351  318  279  240  205  176  157  147  145  145  142  135  127  118
  109   98   86   75   71   73   77   75   68   62   67   89  126  167  206  237
  259  273  285  301  327  366  414  465  514
    25.0 -180.0 180.0   5.0 450.0                            LAT/LON1/LON2/DLON/H
  591  651  700  732  741  732  712  687  655  611  554  491  437  402  385  379
  377  375  374  368  349  311  258  209  183  190  226  275  326  374  419  455
  475  469  437  388  333  282  238  204  181  169  162  158  151  141  130  119
  108   97   85   76   72   73   73   69   61   58   70   98  138  180  217  247
  273  294  313  335  366  409  464  527  591
    22.5 -180.0 180.0   5.0 450.0                            LAT/LON1/LON2/DLON/H
  669  745  811  858  878  872  846  807  758  696  623  546  478  430  402  386
  378  374  371  363  342  302  254  217  212  245  304  369  426  471  508  534
  544  528  487  428  365  309  264  231  209  194  184  174  162  148  133  120
  108   97   88   81   79   78   74   66   59   60   78  112  153  192  225  255
  284  313  342  372  410  460  522  593  669
    20.0 -180.0 180.0   5.0 450.0                            LAT/LON1/LON2/DLON/H
  734  818  896  955  986  985  957  911  851  777  693  606  529  469  427  399
  381  371  365  355  334  300  263  245  263  317  390  458  506  534  551  560
  557  534  488  428  367  316  278  253  234  220  206  191  173  155  137  121
  108   98   92   89   87   85   78   67   60   66   90  129  170  206  234  260
  292  329  367  407  453  508  575  652  734
    17.5 -180.0 180.0   5.0 450.0                            LAT/LON1/LON2/DLON/H
  769  854  935 1001 1040 1047 1025  980  918  842  756  667  585  516  462  420
  391  374  363  352  334  309  290  293  329  394  466  520  545  546  536  526
  512  486  444  392  342  304  280  266  255  241  225  205  184  162  142  123
  109  100   96   96   95   92   83   71   65   75  105  148  189  221  243  267
  300  341  385  432  483  543  612  688  769
    15.0 -180.0 180.0   5.0 450.0                            LAT/LON1/LON2/DLON/H
  768  842  916  981 1026 1044 1035 1003  950  882  802  720  640  567  503  450
  411  387  372  361  348  335  334  354  400  461  515  542  534  504  469  443
  424  402  371  334  301  280  273  271  267  256  238  216  193  170  147  127
  111  102   99  100  101   97   87   75   72   87  122  167  209  237  256  277
  308  350  396  444  497  558  625  695  768
    12.5 -180.0 180.0   5.0 450.0                            LAT/LON1/LON2/DLON/H
  730  787  844  899  945  974  984  973  941  890  826  756  686  615  548  488
  443  414  397  386  378  378  391  421  463  504  527  517  477  420  370  338
  323  312  297  278  263  258  264  272  273  263  243  221  199  177  154  132
  114  104  101  103  104  100   91   82   82  101  139  185  227  254  272  292
  320  358  400  444  494  552  613  673  730
    10.0 -180.0 180.0   5.0 450.0                            LAT/LON1/LON2/DLON/H
  668  700  733  770  810  849  881  898  893  866  823  772  716  655  591  531
  485  455  438  428  425  434  454  482  507  517  500  455  389  322  271  246
  243  249  251  247  244  248  260  271  272  262  243  222  202  184  162  140
  120  107  102  103  104  102   96   91   95  116  154  200  241  270  290  310
  336  368  401  437  480  531  584  631  668
     7.5 -180.0 180.0   5.0 450.0                            LAT/LON1/LON2/DLON/H
  599  605  609  622  650  694  746  791  816  815  796  766  728  681  627  575
  534  507  492  483  483  495  515  531  529  500  445  374  300  240  205  200
  215  236  251  255  255  258  265  271  268  255  237  219  205  190  172  149
  127  112  105  104  105  103  101  101  108  130  166  209  250  282  307  330
  355  380  403  429  463  506  549  582  599
     5.0 -180.0 180.0   5.0 450.0                            LAT/LON1/LON2/DLON/H
  543  526  503  489  499  541  606  675  726  749  751  741  722  692  653  614
  584  564  553  545  545  555  567  564  529  464  380  300  238  203  198  217
  250  282  300  302  295  286  280  274  263  247  230  216  207  197  181  159
  137  120  111  107  106  106  108  111  121  141  173  213  253  288  319  347
  372  393  409  426  451  486  521  542  543
     2.5 -180.0 180.0   5.0 450.0                            LAT/LON1/LON2/DLON/H
  515  484  439  401  390  422  491  573  642  683  700  705  703  691  670  646
  629  620  612  605  602  606  606  580  517  424  328  257  223  226  255  297
  341  374  386  377  353  325  300  279  259  240  224  214  209  202  189  169
  147  130  119  113  110  111  114  121  131  149  176  211  249  287  323  356
  385  404  417  429  449  478  507  523  515
