ionex_files/turquie/corrected/COD0OPSFIN_20230330000_01D_01H_GIM.INX
     1.0            IONOSPHERE MAPS     GNSS                IONEX VERSION / TYPE
ADDNEQ2 V5.5        AIUB                06-FEB-23 21:07     PGM / RUN BY / DATE 
CODE'S GLOBAL IONOSPHERE MAPS FOR DAY 033, 2023             COMMENT             
Global ionosphere maps (GIM) are generated on a daily basis DESCRIPTION         
at CODE using data from about 300 GNSS sites of the IGS and DESCRIPTION         
other institutions. The vertical total electron content     DESCRIPTION         
(VTEC) is modeled in a solar-geomagnetic reference frame    DESCRIPTION         
using a spherical harmonics expansion up to degree and      DESCRIPTION         
order 15. Piece-wise linear functions are used for          DESCRIPTION         
representation in the time domain. The time spacing of      DESCRIPTION         
their vertices is 1 hour, conforming with the epochs of the DESCRIPTION         
VTEC maps.                                                  DESCRIPTION         
To convert line-of-sight TEC into vertical TEC, a modified  DESCRIPTION         
single-layer model mapping function approximating the JPL   DESCRIPTION         
extended slab model mapping function is adopted. The        DESCRIPTION         
mapping function is evaluated at geodetic satellite         DESCRIPTION         
elevation angles. For the computation of the ionospheric    DESCRIPTION         
pierce points, a spherical layer with a radius of 6821 km   DESCRIPTION         
is assumed, implying geocentric, not geodetic IONEX         DESCRIPTION         
latitudes.                                                  DESCRIPTION         
Instrumental biases with respect to each involved GNSS code DESCRIPTION         
observable are estimated as constant values for each        DESCRIPTION         
day. They are modeled with one set of bias parameters for   DESCRIPTION         
each satellite and each station in case of GPS and for each DESCRIPTION         
satellite-station link in case of GLONASS. The code bias    DESCRIPTION         
datum is defined by zero-mean conditions imposed on the     DESCRIPTION         
satellite bias estimates. In this file, just GPS C1W-C2W    DESCRIPTION         
satellite and station bias values are included. The         DESCRIPTION         
complete set of GNSS code bias results is provided in an    DESCRIPTION         
additional Bias-SINEX file as pseudo-absolute values        DESCRIPTION         
specific to each observable.                                DESCRIPTION         
Note: These GIM results correspond to the results for the   DESCRIPTION         
middle day of a 3-day combination analysis solving for 73   DESCRIPTION         
times 256, or 18688 VTEC parameters and 3 daily sets of     DESCRIPTION         
GNSS code bias parameters.                                  DESCRIPTION         
Contact address: code(at)aiub.unibe.ch                      DESCRIPTION         
Data archive:    ftp.aiub.unibe.ch/CODE/                    DESCRIPTION         
                 www.aiub.unibe.ch/download/CODE/           DESCRIPTION         
  2023     2     2     0     0     0                        EPOCH OF FIRST MAP  
  2023     2     3     0     0     0                        EPOCH OF LAST MAP   
  3600                                                      INTERVAL            
[...]
brst brux bshm cas1 cedu chpg chpi chti chur ckis coco cord COMMENT             
cpvg cpxf crar cro1 daej darw dav1 dgar dhlg drao dubo ebre COMMENT             
faa1 fair flrs frdn ftna func ganp glps gode godz gol2 gold COMMENT             
gope gras graz guam guug harb hers hert hlfx hob2 hofn holb COMMENT             
hrao hyde iddr ieng iisc ineg invk iqal irkj isba jog2 joz2 COMMENT             
joze karr kerg kir0 kiri kiru kit3 kokb kokv koug kour krgg COMMENT             
laut lmmf lpal lpgs m0se mac1 madr mal2 mana mas1 mat1 mate COMMENT             
maw1 mcm4 mdo1 mdvj medi mets mgue mizu mkea mnls mobs monp COMMENT             
morp mqzg mro1 mtka nano nico nist nium nklg nlib nnor not1 COMMENT             
nrc1 nrmd ntus nya1 nyal ohi2 onsa opmt ous2 pado parc park COMMENT             
pdel penc pert pie1 pimo pohn pol2 polv pots pove prds ptbb COMMENT             
ptvl qaq1 quin ramo reun reyk rgdg rio2 riop roth salu samo COMMENT             
sant savo sch2 scor scrz sctb scub seyg sofi spt0 ssia sthl COMMENT             
stjo str2 suth sutm suwn sydn tabl tabv tash thtg thti thu2 COMMENT             
tid1 tidb tlse tn22 tong tow2 tro1 tsea twtf txes uclu ufpr COMMENT             
ulab unb3 unbj unsa urum usn7 usud vald vill voim vtsp wab1 COMMENT             
wab2 wark wes2 wgtn whit will wind wsrt wtza wtzl wtzr wtzs COMMENT             
wtzz wuhn xmis yar2 yar3 yarr yell ykro zamb zeck zim2 zim3 COMMENT             
zimm                                                        COMMENT             
                                                            END OF HEADER       
[from data line 6006]
    15                                                      START OF TEC MAP    
  2023     2     2    14     0     0                        EPOCH OF CURRENT MAP
    87.5 -180.0 180.0   5.0 450.0                            LAT/LON1/LON2/DLON/H
   91   92   92   93   93   94   94   94   94   94   94   94   94   93   93   92
   91   91   90   90   89   88   88   87   86   86   85   84   84   83   82   82
   81   80   79   79   78   77   76   76   75   75   75   74   74   74   74   74
   75   75   76   76   77   77   78   79   79   80   81   81   82   83   84   84
   85   86   87   87   88   89   90   90   91
    85.0 -180.0 180.0   5.0 450.0                            LAT/LON1/LON2/DLON/H
   88   89   91   93   94   95   96   96   96   96   95   94   93   92   90   88
   87   85   84   82   82   81   80   80   80   80   80   80   80   79   79   78
   77   76   74   72   70   68   67   65   63   62   61   60   60   60   61   62
   63   64   66   67   69   71   72   73   75   75   76   77   77   77   78   78
   78   79   80   81   82   83   84   86   88
    82.5 -180.0 180.0   5.0 450.0                            LAT/LON1/LON2/DLON/H
   76   79   83   86   89   91   93   94   94   93   91   89   86   83   79   75
   72   69   67   65   65   65   66   68   70   72   75   77   79   81   82   82
   81   79   77   74   70   66   62   58   55   52   50   48   48   49   51   53
   56   60   64   67   71   74   76   78   79   79   79   78   76   74   72   71
   69   68   67   67   68   69   71   73   76
    80.0 -180.0 180.0   5.0 450.0                            LAT/LON1/LON2/DLON/H
   60   64   70   75   80   84   87   89   89   88   85   81   76   70   64   58
   52   48   45   44   44   46   50   55   61   68   75   81   87   92   95   96
   96   95   91   86   80   74   67   60   54   49   46   44   44   46   49   54
   60   67   74   80   86   91   94   96   96   95   92   88   83   77   71   66
   61   56   53   51   50   50   52   55   60
    77.5 -180.0 180.0   5.0 450.0                            LAT/LON1/LON2/DLON/H
   43   49   56   63   69   76   80   84   84   83   80   74   67   58   50   41
   34   28   25   25   27   32   40   49   60   72   84   95  104  112  118  122
  123  121  117  110  102   92   82   73   64   57   51   49   49   52   58   66
   75   85   95  104  112  118  122  123  122  119  113  105   96   86   76   66
   57   49   42   38   35   34   35   38   43
    75.0 -180.0 180.0   5.0 450.0                            LAT/LON1/LON2/DLON/H
   31   37   45   53   61   68   75   79   81   80   76   70   61   51   41   31
   23   17   15   16   21   30   42   56   71   87  102  117  130  140  148  153
  155  154  149  142  132  120  107   95   84   75   68   65   65   69   76   86
   97  109  121  133  142  149  152  153  150  144  135  124  112   99   85   72
   60   49   40   33   28   25   25   27   31
    72.5 -180.0 180.0   5.0 450.0                            LAT/LON1/LON2/DLON/H
   28   33   39   47   55   63   70   75   78   78   75   69   61   51   40   30
   22   18   18   22   30   43   58   75   93  112  129  144  158  170  179  184
  187  186  182  174  164  152  138  124  112  101   93   89   89   93  100  109
  121  133  145  157  165  171  174  172  168  160  150  137  124  110   95   82
   69   57   46   38   31   27   25   25   28
    70.0 -180.0 180.0   5.0 450.0                            LAT/LON1/LON2/DLON/H
   33   35   40   45   52   59   66   71   75   76   75   70   63   55   46   38
   32   30   33   41   53   68   86  105  124  142  158  172  184  194  202  208
  212  212  209  203  193  182  168  155  142  131  123  118  117  118  123  130
  139  149  158  167  173  176  177  174  168  159  149  138  126  114  102   90
   79   69   60   51   44   39   35   33   33
    67.5 -180.0 180.0   5.0 450.0                            LAT/LON1/LON2/DLON/H
   44   43   44   47   51   56   61   66   70   72   72   70   66   60   54   49
   47   49   55   67   83  101  120  139  156  171  183  193  202  209  216  221
  225  227  226  222  215  205  194  182  170  160  152  146  143  141  141  144
  147  151  155  159  161  161  158  153  147  139  131  122  114  107  100   93
   87   81   74   68   62   56   50   46   44
    65.0 -180.0 180.0   5.0 450.0                            LAT/LON1/LON2/DLON/H
   56   52   51   50   52   53   56   59   62   65   66   67   65   63   60   59
   61   67   78   93  112  132  151  168  181  192  199  205  209  214  219  224
  229  232  233  232  228  220  212  202  193  184  176  170  163  157  152  147
  143  139  137  134  131  127  122  116  109  103   98   94   92   90   90   89
   89   87   85   82   77   72   66   60   56
    62.5 -180.0 180.0   5.0 450.0                            LAT/LON1/LON2/DLON/H
   63   59   55   53   52   51   51   52   53   55   57   59   61   61   62   65
   70   80   95  113  133  153  171  185  195  201  204  206  208  210  214  220
  225  230  234  234  232  227  221  213  206  200  193  186  177  166  155  142
  130  119  110  101   94   86   79   72   66   62   60   61   64   68   73   78
   83   86   88   87   85   80   75   69   63
    60.0 -180.0 180.0   5.0 450.0                            LAT/LON1/LON2/DLON/H
   64   60   56   54   52   50   48   46   45   45   47   50   52   55   58   64
   72   86  103  123  143  162  178  189  196  199  200  201  202  205  209  215
  222  228  232  234  232  229  223  218  213  208  202  195  185  170  153  134
  115   98   84   71   60   51   42   35   30   28   29   34   40   48   56   64
   71   77   81   83   83   80   75   69   64
    57.5 -180.0 180.0   5.0 450.0                            LAT/LON1/LON2/DLON/H
   58   55   54   53   52   50   47   43   40   39   39   41   44   47   51   58
   69   84  103  123  143  160  173  181  187  190  192  194  197  202  208  215
  222  228  232  234  232  229  223  218  214  210  207  200  189  172  152  129
  106   86   69   55   43   32   23   17   13   12   15   21   29   37   45   52
   59   64   69   72   72   71   67   62   58
    55.0 -180.0 180.0   5.0 450.0                            LAT/LON1/LON2/DLON/H
   48   47   49   51   54   53   51   46   41   38   37   37   39   41   45   52
   64   80  100  120  137  151  162  169  174  179  185  192  199  207  215  222
  229  234  237  237  235  230  224  218  214  211  209  203  193  176  155  131
  108   88   72   58   46   36   28   22   19   19   23   28   34   39   44   47
   50   53   55   58   59   58   55   51   48
    52.5 -180.0 180.0   5.0 450.0                            LAT/LON1/LON2/DLON/H
   40   40   44   50   56   59   58   54   48   44   41   40   39   39   42   49
   61   79   99  118  133  144  153  159  167  175  186  197  209  219  228  235
  239  242  244  244  241  236  228  221  216  213  211  207  199  184  164  143
  122  105   91   79   69   59   52   46   44   45   48   52   55   56   54   51
   48   47   47   48   48   48   45   42   40
    50.0 -180.0 180.0   5.0 450.0                            LAT/LON1/LON2/DLON/H
   36   37   42   51   61   67   68   65   60   56   52   50   47   44   45   52
   65   84  104  122  136  145  152  159  169  182  196  211  225  236  243  247
  249  250  251  251  250  245  237  229  222  218  216  214  207  195  179  162
  145  132  120  110  101   92   84   79   78   80   83   86   85   81   74   65
   56   49   46   45   46   46   43   39   36
    47.5 -180.0 180.0   5.0 450.0                            LAT/LON1/LON2/DLON/H
   42   41   45   55   66   75   78   77   73   70   67   64   59   55   54   60
   75   96  118  136  148  156  163  172  184  200  216  231  243  251  254  254
  253  252  254  256  258  256  249  240  232  227  224  221  216  207  195  182
  171  160  151  141  131  121  113  108  108  111  115  117  115  108   96   82
   69   59   54   52   53   53   51   46   42
    45.0 -180.0 180.0   5.0 450.0                            LAT/LON1/LON2/DLON/H
   55   51   53   61   72   82   86   86   84   83   82   79   73   68   66   73
   91  114  138  157  169  177  184  195  210  226  240  252  258  260  258  253
  248  247  250  257  264  266  262  254  244  237  233  229  225  218  210  201
  192  183  174  162  150  138  128  124  125  129  135  138  135  127  115  100
   85   74   68   66   67   68   67   62   55
    42.5 -180.0 180.0   5.0 450.0                            LAT/LON1/LON2/DLON/H
   72   65   64   69   77   85   90   90   90   91   93   91   86   80   78   87
  107  134  160  180  193  202  212  225  240  255  265  268  267  261  253  245
  238  237  243  255  267  275  275  268  258  249  242  237  232  226  220  213
  206  197  185  171  155  140  129  124  125  131  138  142  141  135  125  112
   99   89   83   81   84   87   86   81   72
    40.0 -180.0 180.0   5.0 450.0                            LAT/LON1/LON2/DLON/H
   89   79   74   75   81   86   89   89   90   94   97   98   94   88   88   99
  122  151  180  201  215  226  238  254  269  281  284  279  269  257  246  236
  230  230  238  253  271  283  287  282  272  261  252  244  238  232  226  221
  214  203  189  171  152  135  123  116  117  122  128  134  135  132  126  118
  109  101   95   94   97  101  103   98   89
    37.5 -180.0 180.0   5.0 450.0                            LAT/LON1/LON2/DLON/H
  100   90   82   80   82   84   84   84   85   90   96   99   97   93   95  108
  133  164  194  215  230  243  258  276  291  299  295  284  269  255  245  238
  233  234  243  259  278  292  299  296  287  276  265  254  245  238  233  228
  221  210  194  175  155  138  124  115  112  113  117  121  124  123  122  118
  114  109  104  101  103  108  111  109  100
    35.0 -180.0 180.0   5.0 450.0                            LAT/LON1/LON2/DLON/H
  103   94   86   82   82   81   79   77   78   84   92   97   96   94   99  115
  142  173  202  223  238  252  269  288  303  307  301  286  273  264  260  260
  259  260  266  279  294  307  314  313  306  295  283  271  260  252  247  243
  238  228  214  196  179  164  149  136  126  120  117  117  118  118  119  120
  119  115  109  103  102  105  109  109  103
    32.5 -180.0 180.0   5.0 450.0                            LAT/LON1/LON2/DLON/H
   98   92   85   82   81   79   75   72   73   79   88   93   95   96  104  122
  150  180  206  225  240  254  271  290  304  309  303  293  287  290  299  308
  312  312  312  315  323  331  336  336  332  323  311  298  286  278  274  273
  271  265  255  244  234  222  208  189  169  151  139  131  127  125  126  127
  128  124  114  104   96   95   98  101   98
    30.0 -180.0 180.0   5.0 450.0                            LAT/LON1/LON2/DLON/H
   88   85   81   80   79   78   75   71   72   78   87   92   95   99  111  132
  160  187  210  226  239  252  268  286  300  307  307  308  318  338  363  383
  391  387  378  370  366  367  369  370  368  361  351  338  326  319  318  321
  323  324  322  320  318  313  297  271  239  208  184  168  157  150  147  146
  145  139  125  108   93   85   85   88   88
    27.5 -180.0 180.0   5.0 450.0                            LAT/LON1/LON2/DLON/H
   79   78   77   78   79   80   78   75   76   82   90   95   99  106  122  146
  173  198  217  230  240  251  265  280  294  306  318  335  365  404  446  476
  486  478  458  437  421  413  412  414  414  411  402  390  380  375  377  384
  392  399  405  413  420  420  404  370  326  282  248  224  206  192  182  177
  172  163  145  120   97   82   77   78   79
    25.0 -180.0 180.0   5.0 450.0                            LAT/LON1/LON2/DLON/H
   75   75   75   77   81   83   83   82   84   90   96  100  104  114  135  162
  191  213  229  239  247  254  264  276  292  311  337  373  423  481  536  573
  583  570  541  509  483  469  464  467  470  470  463  452  443  440  445  455
  467  478  490  504  517  520  502  462  409  357  317  289  266  246  228  216
  207  194  173  143  112   89   78   75   75
    22.5 -180.0 180.0   5.0 450.0                            LAT/LON1/LON2/DLON/H
   81   79   78   80   83   87   88   89   92   98  102  105  109  122  147  179
  209  231  245  253  259  264  269  279  296  324  364  418  485  556  618  657
  666  648  614  576  545  526  522  525  531  532  526  517  509  507  512  523
  535  545  557  571  585  588  568  524  467  415  376  349  326  300  276  257
  243  229  206  173  138  109   92   84   81
    20.0 -180.0 180.0   5.0 450.0                            LAT/LON1/LON2/DLON/H
   96   90   86   84   87   90   92   94   97  102  105  106  111  127  157  193
  226  249  262  271  276  278  280  287  307  344  397  465  541  617  679  716
  722  702  667  629  598  581  577  583  589  590  584  575  568  566  570  577
  584  587  590  597  604  603  582  539  486  440  411  392  373  346  316  291
  275  260  239  207  171  138  116  104   96
    17.5 -180.0 180.0   5.0 450.0                            LAT/LON1/LON2/DLON/H
  118  107   97   91   90   90   91   93   97  101  103  102  107  126  160  202
  239  264  279  290  295  296  295  302  325  369  432  506  584  656  712  742
  745  727  696  664  638  625  625  632  638  637  631  621  614  610  610  610
  606  596  584  574  569  561  540  504  462  431  418  413  401  376  343  314
  295  282  264  237  203  171  147  130  118
    15.0 -180.0 180.0   5.0 450.0                            LAT/LON1/LON2/DLON/H
  141  125  110   98   92   88   87   87   90   94   94   93   98  120  158  204
  246  275  294  307  314  315  313  321  348  398  465  539  610  671  715  737
  739  725  703  681  664  657  660  667  672  669  661  651  642  636  630  621
  604  576  542  512  491  476  457  432  407  396  401  412  410  388  354  322
  302  291  278  257  228  200  176  157  141
    12.5 -180.0 180.0   5.0 450.0                            LAT/LON1/LON2/DLON/H
  160  140  121  104   93   85   80   78   79   82   82   81   87  110  152  203
  248  282  306  323  332  333  332  343  375  428  494  560  618  663  694  710
  712  706  695  683  674  673  679  686  688  683  673  662  653  644  633  614
  584  538  484  432  395  373  360  349  344  353  376  399  405  385  351  318
  298  288  280  265  243  219  198  179  160
    10.0 -180.0 180.0   5.0 450.0                            LAT/LON1/LON2/DLON/H
  172  150  127  108   93   82   73   68   67   69   69   69   77  102  147  200
  250  288  318  339  351  353  354  367  403  457  518  571  613  642  661  673
  679  682  680  677  674  676  683  689  689  681  669  659  650  640  625  600
  560  502  430  361  312  288  283  287  299  323  357  386  395  377  342  309
  287  278  272  262  246  228  209  191  172
     7.5 -180.0 180.0   5.0 450.0                            LAT/LON1/LON2/DLON/H
  175  152  129  108   92   79   69   62   59   59   60   62   72   99  145  200
  253  296  330  356  370  374  377  394  432  484  536  575  600  616  628  640
  652  662  668  669  668  670  675  679  677  667  656  647  640  631  615  589
  546  482  403  326  272  250  253  269  292  322  358  385  391  371  335  301
  278  268  262  254  242  227  211  195  175
     5.0 -180.0 180.0   5.0 450.0                            LAT/LON1/LON2/DLON/H
  171  148  125  106   91   79   69   61   57   56   58   62   75  104  150  206
  259  306  346  376  393  399  404  423  460  508  549  573  585  593  604  620
  639  655  663  663  659  657  659  661  658  648  638  632  628  621  609  588
  550  491  415  339  289  273  285  308  332  358  384  401  399  374  336  301
  277  264  256  247  236  223  208  191  171
     2.5 -180.0 180.0   5.0 450.0                            LAT/LON1/LON2/DLON/H
  165  142  120  102   89   80   72   66   61   60   62   69   85  117  163  216
  270  320  364  399  420  427  433  452  487  527  557  569  572  577  593  616
  641  659  665  660  649  642  641  641  638  629  621  618  617  616  610  598
  573  528  464  401  360  353  371  394  411  423  430  431  416  385  346  311
  286  270  259  247  235  221  205  186  165
