ionex_files/turquie/corrected/COD0OPSFIN_20230410000_01D_01H_GIM.INX
     1.0            IONOSPHERE MAPS     GNSS                IONEX VERSION / TYPE
ADDNEQ2 V5.5        AIUB                14-FEB-23 21:15     PGM / RUN BY / DATE 
CODE'S GLOBAL IONOSPHERE MAPS FOR DAY 041, 2023             COMMENT             
Global ionosphere maps (GIM) are generated on a daily basis DESCRIPTION         
at CODE using data from about 300 GNSS sites of the IGS and DESCRIPTION         
other institutions. The vertical total electron content     DESCRIPTION         
(VTEC) is modeled in a solar-geomagnetic reference frame    DESCRIPTION         
using a spherical harmonics expansion up to degree and      DESCRIPTION         
order 15. Piece-wise linear functions are used for          DESCRIPTION         
representation in the time domain. The time spacing of      DESCRIPTION         
their vertices is 1 hour, conforming with the epochs of the DESCRIPTION         
VTEC maps.                                                  DESCRIPTION         
To convert line-of-sight TEC into vertical TEC, a modified  DESCRIPTION         
single-layer model mapping function approximating the JPL   DESCRIPTION         
extended slab model mapping function is adopted. The        DESCRIPTION         
mapping function is evaluated at geodetic satellite         DESCRIPTION         
elevation angles. For the computation of the ionospheric    DESCRIPTION         
pierce points, a spherical layer with a radius of 6821 km   DESCRIPTION         
is assumed, implying geocentric, not geodetic IONEX         DESCRIPTION         
latitudes.                                                  DESCRIPTION         
Instrumental biases with respect to each involved GNSS code DESCRIPTION         
observable are estimated as constant values for each        DESCRIPTION         
day. They are modeled with one set of bias parameters for   DESCRIPTION         
each satellite and each station in case of GPS and for each DESCRIPTION         
satellite-station link in case of GLONASS. The code bias    DESCRIPTION         
datum is defined by zero-mean conditions imposed on the     DESCRIPTION         
satellite bias estimates. In this file, just GPS C1W-C2W    DESCRIPTION         
satellite and station bias values are included. The         DESCRIPTION         
complete set of GNSS code bias results is provided in an    DESCRIPTION         
additional Bias-SINEX file as pseudo-absolute values        DESCRIPTION         
specific to each observable.                                DESCRIPTION         
Note: These GIM results correspond to the results for the   DESCRIPTION         
middle day of a 3-day combination analysis solving for 73   DESCRIPTION         
times 256, or 18688 VTEC parameters and 3 daily sets of     DESCRIPTION         
GNSS code bias parameters.                                  DESCRIPTION         
Contact address: code(at)aiub.unibe.ch                      DESCRIPTION         
Data archive:    ftp.aiub.unibe.ch/CODE/                    DESCRIPTION         
                 www.aiub.unibe.ch/download/CODE/           DESCRIPTION         
  2023     2    10     0     0     0                        EPOCH OF FIRST MAP  
  2023     2    11     0     0     0                        EPOCH OF LAST MAP   
  3600                                                      INTERVAL            
[...]
bshm cags cas1 ccj2 cedu chpg chpi chti chur ckis coco cord COMMENT             
cpvg cpxf crar cro1 daej darw dav1 dhlg drao dubo ebre faa1 COMMENT             
fair flrs frdn ftna func ganp glps glsv gode godz gol2 gold COMMENT             
gope gras graz guam guug harb hers hert hlfx hob2 hofn holb COMMENT             
hrao hyde iddr ieng iisc ineg invk iqal isba jog2 joz2 joze COMMENT             
karr kerg kir0 kiri kiru kit3 kokb kokv koug kour krgg laut COMMENT             
lmmf lpal lpgs m0se mac1 madr mal2 mana mas1 mat1 mate maw1 COMMENT             
mcm4 mdo1 mdvj medi mets mgue mizu mkea mnls mobs monp morp COMMENT             
mqzg mro1 mtka nano nico nist nium nklg nlib nnor not1 nrc1 COMMENT             
nrmd ntus nya1 nyal ohi2 onsa opmt ous2 pado parc park pdel COMMENT             
penc pert pie1 pimo pohn pol2 polv pots pove prds ptbb ptvl COMMENT             
qaq1 quin ramo reun reyk rgdg rio2 riop salu samo sant savo COMMENT             
sch2 scor scrz sctb scub seyg smst sofi spt0 ssia sthl stjo COMMENT             
stk2 str2 suth sutm suwn sydn syog tabl tabv tash thtg thti COMMENT             
thu2 tid1 tidb tlse tn22 tong tow2 tro1 tsea tskb twtf txes COMMENT             
uclu ufpr ulab unb3 unbj unsa urum usn7 usud vald vill voim COMMENT             
vtsp wab1 wab2 wark wes2 wgtn whit will wsrt wtza wtzl wtzr COMMENT             
wtzs wtzz wuhn xmis yar2 yar3 yarr yell ykro zamb zeck zim2 COMMENT             
zim3 zimm                                                   COMMENT             
                                                            END OF HEADER       
[from data line 1287]
     4                                                      START OF TEC MAP    
  2023     2    10     3     0     0                        EPOCH OF CURRENT MAP
    87.5 -180.0 180.0   5.0 450.0                            LAT/LON1/LON2/DLON/H
  194  194  194  194  194  194  194  193  193  193  192  191  191  190  189  187
  186  184  182  180  178  175  173  170  167  164  161  158  155  152  149  146
  144  141  139  137  136  135  134  133  133  133  134  135  136  138  140  142
  145  147  150  153  156  159  163  166  169  172  175  177  180  182  184  186
  188  189  190  192  192  193  194  194  194
    85.0 -180.0 180.0   5.0 450.0                            LAT/LON1/LON2/DLON/H
  207  205  204  203  202  201  201  201  201  202  202  203  203  204  204  203
  202  200  198  195  191  187  182  176  170  164  157  151  144  137  130  124
  118  113  108  104  100   98   96   95   94   95   96   99  102  106  110  116
  121  128  134  141  148  156  163  170  176  182  188  193  198  201  205  207
  209  211  211  211  211  210  209  208  207
    82.5 -180.0 180.0   5.0 450.0                            LAT/LON1/LON2/DLON/H
  210  206  201  197  195  193  192  192  193  195  198  202  205  208  211  213
  214  214  212  209  205  199  192  185  176  166  156  146  136  126  116  107
   98   91   84   78   73   69   67   65   64   65   67   71   75   81   88   96
  105  115  126  136  148  159  170  180  190  199  207  214  220  225  228  231
  233  233  232  230  228  224  220  215  210
    80.0 -180.0 180.0   5.0 450.0                            LAT/LON1/LON2/DLON/H
  213  203  194  186  179  174  171  171  172  176  182  188  195  203  209  214
  218  220  220  218  214  208  200  190  179  168  156  143  131  119  108   98
   88   80   72   66   61   57   54   52   52   52   54   58   63   69   78   88
   99  112  125  139  154  168  182  195  206  217  227  235  242  247  251  254
  256  256  254  251  246  239  232  223  213
    77.5 -180.0 180.0   5.0 450.0                            LAT/LON1/LON2/DLON/H
  225  209  193  178  165  155  148  145  146  150  157  166  176  187  197  205
  212  216  218  217  214  208  200  190  179  167  155  142  130  118  108   98
   89   82   76   71   67   64   61   60   59   59   60   63   67   73   81   91
  104  118  133  150  166  182  197  211  223  234  244  252  259  264  269  273
  276  278  278  275  270  263  252  239  225
    75.0 -180.0 180.0   5.0 450.0                            LAT/LON1/LON2/DLON/H
  253  231  208  185  164  147  134  126  123  126  132  141  152  164  176  186
  195  201  205  206  204  199  193  185  175  165  154  143  132  123  114  106
  100   95   91   89   87   86   85   84   84   83   82   83   85   89   95  105
  117  131  148  165  182  199  214  227  238  248  255  262  268  274  281  287
  293  299  303  305  303  298  287  272  253
    72.5 -180.0 180.0   5.0 450.0                            LAT/LON1/LON2/DLON/H
  302  275  244  213  182  156  135  120  112  110  112  118  127  138  149  159
  169  176  182  185  186  184  180  175  169  162  154  146  138  131  124  119
  115  113  112  113  114  116  117  118  117  116  114  111  111  112  116  123
  134  148  165  182  199  215  229  240  249  256  261  266  271  277  285  295
  307  319  331  340  345  345  338  323  302
    70.0 -180.0 180.0   5.0 450.0                            LAT/LON1/LON2/DLON/H
  365  335  299  259  221  185  155  132  117  107  103  103  107  113  121  130
  139  147  154  160  164  166  166  165  163  159  155  151  146  141  136  133
  130  129  131  134  138  143  147  150  150  148  144  140  136  134  135  140
  150  163  179  196  213  228  241  250  256  260  263  266  270  277  287  301
  319  338  359  378  392  400  398  387  365
    67.5 -180.0 180.0   5.0 450.0                            LAT/LON1/LON2/DLON/H
  435  404  364  319  273  230  192  161  137  119  107   98   94   94   97  102
  110  120  129  137  145  150  154  157  158  158  157  156  153  150  146  142
  139  138  140  144  151  158  165  170  172  170  165  159  152  147  146  150
  159  172  188  205  222  236  247  255  260  262  264  266  271  279  292  309
  332  358  387  415  439  455  461  454  435
    65.0 -180.0 180.0   5.0 450.0                            LAT/LON1/LON2/DLON/H
  498  468  427  379  329  281  238  201  169  143  122  104   91   83   80   83
   90   99  111  122  131  140  146  151  155  157  159  159  158  155  150  145
  140  137  137  141  148  157  166  174  177  176  171  163  155  149  146  149
  158  171  188  205  222  237  248  255  260  263  267  271  279  289  304  324
  349  379  412  446  477  501  514  513  498
    62.5 -180.0 180.0   5.0 450.0                            LAT/LON1/LON2/DLON/H
  542  516  476  429  378  329  283  243  207  174  144  118   96   81   74   74
   80   90  102  114  125  134  142  147  151  154  156  157  157  154  149  142
  134  128  125  126  132  141  151  160  165  165  161  153  144  137  134  137
  147  161  179  198  216  231  242  251  259  266  274  284  295  310  327  347
  372  401  434  469  502  530  548  553  542
    60.0 -180.0 180.0   5.0 450.0                            LAT/LON1/LON2/DLON/H
  561  539  504  460  412  365  321  281  243  206  170  136  108   88   78   76
   82   92  103  115  124  132  137  141  144  146  148  150  150  149  144  135
  125  115  107  104  108  116  126  135  141  142  137  130  121  115  113  118
  129  146  166  186  205  222  235  246  257  270  285  303  322  340  359  378
  399  423  450  480  511  538  559  567  561
    57.5 -180.0 180.0   5.0 450.0                            LAT/LON1/LON2/DLON/H
  554  538  509  470  428  385  345  308  270  232  193  156  125  102   90   88
   92  100  109  117  123  127  130  131  132  133  134  136  138  139  135  128
  116  103   91   85   84   90   98  107  112  112  108  101   93   88   89   96
  110  129  152  175  196  213  228  243  259  278  302  328  353  377  396  412
  427  441  459  480  503  526  546  556  554
    55.0 -180.0 180.0   5.0 450.0                            LAT/LON1/LON2/DLON/H
  528  518  495  463  427  390  355  322  288  251  212  174  142  119  107  104
  106  110  114  116  117  117  117  117  116  116  116  119  123  127  127  122
  111   97   83   73   69   71   76   82   86   85   81   74   68   65   68   78
   95  118  144  170  193  212  229  246  266  291  322  355  386  412  431  443
  449  454  460  470  484  500  516  527  528
    52.5 -180.0 180.0   5.0 450.0                            LAT/LON1/LON2/DLON/H
  494  488  472  446  415  384  355  326  296  261  224  188  158  137  126  121
  119  117  112  108  103  101  100  100   99   98   99  102  109  116  121  120
  112   98   84   72   65   63   65   68   69   67   63   57   52   51   56   69
   90  117  147  176  201  222  241  259  281  310  344  381  415  441  457  463
  462  458  455  456  461  470  481  491  494
    50.0 -180.0 180.0   5.0 450.0                            LAT/LON1/LON2/DLON/H
  465  462  449  428  402  376  350  325  297  265  231  198  171  153  142  135
  127  116  103   92   84   82   83   85   86   86   86   89   97  107  116  119
  115  105   92   80   72   68   67   66   64   61   56   51   48   49   56   72
   97  128  162  195  223  246  265  284  307  335  370  405  437  459  469  469
  464  456  448  444  443  446  452  460  465
    47.5 -180.0 180.0   5.0 450.0                            LAT/LON1/LON2/DLON/H
  450  448  438  419  395  371  347  323  296  266  235  205  182  167  155  144
  129  109   89   74   66   66   72   78   82   83   83   85   91  101  112  118
  118  112  102   93   86   81   78   74   70   66   62   58   56   59   69   87
  115  150  188  224  256  281  301  320  341  367  397  427  452  466  469  465
  458  451  446  442  439  439  442  447  450
    45.0 -180.0 180.0   5.0 450.0                            LAT/LON1/LON2/DLON/H
  458  453  442  423  399  375  350  325  298  268  238  211  192  178  165  149
  127  102   77   61   56   61   72   83   91   93   91   90   92   99  107  114
  117  115  111  106  102   98   93   88   83   79   76   74   74   78   90  110
  141  179  221  261  295  322  344  362  381  403  426  448  463  468  464  458
  453  453  456  460  460  459  458  458  458
    42.5 -180.0 180.0   5.0 450.0                            LAT/LON1/LON2/DLON/H
  490  479  463  441  416  390  363  335  305  273  243  218  200  187  173  153
  127   99   75   62   62   72   87  101  111  113  109  104   99   99  103  107
  111  113  114  115  115  113  108  102   97   94   94   94   96  102  114  136
  169  210  254  296  333  362  385  404  421  439  456  469  475  472  464  458
  461  473  490  505  511  510  505  498  490
    40.0 -180.0 180.0   5.0 450.0                            LAT/LON1/LON2/DLON/H
  545  524  499  472  444  415  386  353  318  282  250  226  209  195  180  159
  132  106   88   81   86   99  115  128  137  139  133  123  112  104   99   99
  102  107  113  120  124  124  120  114  109  108  111  114  117  123  137  160
  195  237  282  325  363  394  418  439  456  472  485  493  493  486  478  478
  493  521  554  581  595  593  581  564  545
    37.5 -180.0 180.0   5.0 450.0                            LAT/LON1/LON2/DLON/H
  620  585  550  515  483  451  418  380  339  297  261  235  217  203  187  166
  143  125  116  118  127  138  149  157  162  163  158  146  130  113  101   95
   96  102  112  123  130  131  127  120  117  118  123  128  133  140  154  178
  214  256  300  342  380  411  438  461  481  498  512  520  520  517  516  527
  556  601  650  689  708  704  683  654  620
    35.0 -180.0 180.0   5.0 450.0                            LAT/LON1/LON2/DLON/H
  710  659  611  569  532  497  460  416  366  318  276  246  225  209  193  175
  159  151  153  163  173  179  179  178  179  182  180  170  151  130  112  101
  100  106  117  129  136  137  131  123  120  123  130  137  142  149  164  189
  225  267  309  348  383  414  442  468  493  516  535  549  558  566  578  605
  651  712  774  821  841  833  802  759  710
    32.5 -180.0 180.0   5.0 450.0                            LAT/LON1/LON2/DLON/H
  808  743  683  633  592  555  512  461  402  345  295  259  233  213  197  183
  175  178  190  205  212  208  196  186  184  191  197  193  178  156  136  123
  119  123  132  141  146  143  134  126  122  126  133  139  144  151  167  194
  230  271  310  346  377  406  434  464  495  525  554  580  604  629  661  706
  768  842  912  962  981  967  927  872  808
    30.0 -180.0 180.0   5.0 450.0                            LAT/LON1/LON2/DLON/H
  909  834  765  709  665  625  577  516  447  379  321  275  241  217  198  187
  186  197  215  230  233  218  196  179  179  194  211  218  210  192  174  162
  157  157  161  163  161  153  140  130  125  128  134  138  142  150  167  195
  232  272  309  341  368  394  422  455  491  531  571  613  655  700  752  816
  891  972 1045 1094 1109 1090 1045  982  909
    27.5 -180.0 180.0   5.0 450.0                            LAT/LON1/LON2/DLON/H
 1003  925  854  797  752  708  654  584  504  424  354  297  253  220  198  188
  189  201  219  232  228  207  180  164  171  197  227  245  247  238  225  215
  210  205  200  192  181  166  150  137  132  133  136  137  139  147  166  196
  234  274  309  339  363  387  414  448  490  538  590  646  706  769  839  915
  998 1080 1150 1195 1206 1186 1141 1078 1003
    25.0 -180.0 180.0   5.0 450.0                            LAT/LON1/LON2/DLON/H
 1082 1010  944  891  848  803  742  662  571  480  398  328  272  229  200  186
  185  192  204  209  201  180  158  152  170  209  250  279  290  288  283  278
  271  259  243  224  203  182  163  150  144  142  141  138  138  146  167  200
  240  280  315  345  369  391  417  452  498  553  614  681  753  828  907  988
 1069 1146 1209 1248 1258 1241 1203 1149 1082
    22.5 -180.0 180.0   5.0 450.0                            LAT/LON1/LON2/DLON/H
 1137 1079 1025  983  946  901  835  747  646  546  454  371  301  246  210  190
  180  177  177  174  165  153  146  156  189  237  284  317  333  339  341  339
  330  311  283  252  223  198  178  166  160  155  149  142  140  148  172  207
  248  290  328  360  386  409  435  471  519  578  645  717  793  871  948 1022
 1093 1159 1211 1245 1256 1248 1224 1187 1137
    20.0 -180.0 180.0   5.0 450.0                            LAT/LON1/LON2/DLON/H
 1159 1122 1087 1059 1033  992  924  831  725  619  519  425  342  278  234  206
  186  169  154  144  139  142  156  187  232  284  329  359  375  385  390  390
  377  350  312  272  237  211  194  184  178  171  161  149  144  153  179  216
  259  304  346  383  413  438  465  503  553  615  683  755  826  895  959 1016
 1068 1116 1158 1187 1203 1207 1203 1187 1159
    17.5 -180.0 180.0   5.0 450.0                            LAT/LON1/LON2/DLON/H
 1144 1130 1116 1107 1094 1060  995  903  798  693  589  488  397  325  276  243
  214  182  154  138  141  162  199  248  300  346  380  399  410  419  427  425
  407  372  326  281  245  221  208  202  197  188  172  157  150  159  187  226
  271  318  365  409  444  474  503  543  596  659  726  791  851  903  944  976
 1004 1033 1063 1089 1111 1129 1144 1150 1144
    15.0 -180.0 180.0   5.0 450.0                            LAT/LON1/LON2/DLON/H
 1097 1101 1106 1115 1117 1094 1037  953  857  758  658  556  461  387  338  304
  269  228  190  172  183  221  275  333  381  413  428  433  436  442  447  442
  418  376  327  282  249  229  221  218  213  201  183  164  155  165  194  234
  281  330  382  432  474  508  541  583  639  702  766  822  868  898  913  917
  920  930  950  975 1003 1032 1061 1084 1097
    12.5 -180.0 180.0   5.0 450.0                            LAT/LON1/LON2/DLON/H
 1026 1041 1058 1080 1096 1086 1042  973  892  807  717  619  528  458  415  385
  351  307  267  249  266  313  373  427  462  472  465  454  450  453  454  443
  413  368  319  278  251  237  232  230  225  211  190  169  159  169  199  240
  287  338  394  448  495  533  570  615  673  737  797  845  875  886  878  858
  840  836  848  873  903  938  974 1004 1026
    10.0 -180.0 180.0   5.0 450.0                            LAT/LON1/LON2/DLON/H
  948  962  981 1009 1034 1037 1009  959  899  834  758  672  589  529  496  476
  450  411  374  360  378  424  475  513  524  510  485  463  454  455  453  435
  399  353  309  275  255  246  242  239  232  216  193  171  161  172  201  242
  290  343  399  455  504  545  585  633  693  756  812  853  874  872  849  815
  785  773  783  806  836  868  901  929  948
     7.5 -180.0 180.0   5.0 450.0                            LAT/LON1/LON2/DLON/H
  881  883  893  918  945  958  946  917  881  837  780  707  637  588  567  560
  547  520  492  482  497  530  560  571  556  521  484  459  452  454  448  424
  384  339  302  278  265  257  251  244  233  216  193  171  162  172  202  243
  291  344  400  455  503  544  586  635  695  756  809  846  863  858  833  798
  769  759  769  790  814  838  860  875  881
     5.0 -180.0 180.0   5.0 450.0                            LAT/LON1/LON2/DLON/H
  840  823  816  827  849  866  868  859  844  821  780  723  665  627  617  622
  622  610  595  590  597  609  610  592  553  506  466  447  447  452  443  414
  372  331  302  286  277  268  258  245  230  212  190  170  162  173  202  244
  293  344  397  448  493  532  574  623  681  739  788  824  844  846  832  810
  795  795  809  828  842  852  857  854  840
     2.5 -180.0 180.0   5.0 450.0                            LAT/LON1/LON2/DLON/H
  836  797  768  760  770  785  795  799  801  794  767  721  672  642  637  648
  658  660  658  657  655  644  617  574  521  473  441  434  443  450  439  406
  363  327  306  297  289  277  260  241  224  205  186  170  164  175  204  247
  295  345  394  439  478  515  554  602  655  708  753  789  817  835  843  846
  854  870  891  906  909  902  890  869  836
