ionex_files/turquie/corrected/COD0OPSFIN_20230350000_01D_01H_GIM.INX
     1.0            IONOSPHERE MAPS     GNSS                IONEX VERSION / TYPE
ADDNEQ2 V5.5        AIUB                08-FEB-23 20:59     PGM / RUN BY / DATE 
CODE'S GLOBAL IONOSPHERE MAPS FOR DAY 035, 2023             COMMENT             
Global ionosphere maps (GIM) are generated on a daily basis DESCRIPTION         
at CODE using data from about 300 GNSS sites of the IGS and DESCRIPTION         
other institutions. The vertical total electron content     DESCRIPTION         
(VTEC) is modeled in a solar-geomagnetic reference frame    DESCRIPTION         
using a spherical harmonics expansion up to degree and      DESCRIPTION         
order 15. Piece-wise linear functions are used for          DESCRIPTION         
representation in the time domain. The time spacing of      DESCRIPTION         
their vertices is 1 hour, conforming with the epochs of the DESCRIPTION         
VTEC maps.                                                  DESCRIPTION         
To convert line-of-sight TEC into vertical TEC, a modified  DESCRIPTION         
single-layer model mapping function approximating the JPL   DESCRIPTION         
extended slab model mapping function is adopted. The        DESCRIPTION         
mapping function is evaluated at geodetic satellite         DESCRIPTION         
elevation angles. For the computation of the ionospheric    DESCRIPTION         
pierce points, a spherical layer with a radius of 6821 km   DESCRIPTION         
is assumed, implying geocentric, not geodetic IONEX         DESCRIPTION         
latitudes.                                                  DESCRIPTION         
Instrumental biases with respect to each involved GNSS code DESCRIPTION         
observable are estimated as constant values for each        DESCRIPTION         
day. They are modeled with one set of bias parameters for   DESCRIPTION         
each satellite and each station in case of GPS and for each DESCRIPTION         
satellite-station link in case of GLONASS. The code bias    DESCRIPTION         
datum is defined by zero-mean conditions imposed on the     DESCRIPTION         
satellite bias estimates. In this file, just GPS C1W-C2W    DESCRIPTION         
satellite and station bias values are included. The         DESCRIPTION         
complete set of GNSS code bias results is provided in an    DESCRIPTION         
additional Bias-SINEX file as pseudo-absolute values        DESCRIPTION         
specific to each observable.                                DESCRIPTION         
Note: These GIM results correspond to the results for the   DESCRIPTION         
middle day of a 3-day combination analysis solving for 73   DESCRIPTION         
times 256, or 18688 VTEC parameters and 3 daily sets of     DESCRIPTION         
GNSS code bias parameters.                                  DESCRIPTION         
Contact address: code(at)aiub.unibe.ch                      DESCRIPTION         
Data archive:    ftp.aiub.unibe.ch/CODE/                    DESCRIPTION         
                 www.aiub.unibe.ch/download/CODE/           DESCRIPTION         
  2023     2     4     0     0     0                        EPOCH OF FIRST MAP  
  2023     2     5     0     0     0                        EPOCH OF LAST MAP   
  3600                                                      INTERVAL            
[...]
bshm cags cas1 cedu chpg chpi chti chur ckis coco cord cpvg COMMENT             
cpxf crar cro1 daej darw dav1 dgar dhlg drao dubo ebre faa1 COMMENT             
fair flrs frdn ftna func ganp glps gode godz gol2 gold gope COMMENT             
gras graz guam guug harb hers hert hlfx hob2 hofn holb hrao COMMENT             
hyde iddr ieng iisc ineg invk iqal isba jog2 joz2 joze karr COMMENT             
kerg kir0 kiri kiru kit3 kokb kokv koug kour krgg laut lmmf COMMENT             
lpal lpgs m0se mac1 madr mal2 mana mas1 mat1 mate maw1 mcm4 COMMENT             
mdo1 mdvj medi mets mgue mizu mkea mnls mobs monp morp mqzg COMMENT             
mro1 mtka nano nico nist nium nklg nlib nnor not1 nrc1 nrmd COMMENT             
ntus nya1 nyal ohi2 onsa opmt ous2 pado parc park pdel penc COMMENT             
pert pie1 pimo pohn pol2 polv pots pove prds ptbb ptvl qaq1 COMMENT             
quin ramo reun reyk rgdg rio2 riop roth salu samo sant savo COMMENT             
sch2 scor scrz sctb scub seyg smst sofi spt0 ssia sthl stjo COMMENT             
str2 suth sutm suwn sydn syog tabl tabv tash thtg thti thu2 COMMENT             
tid1 tidb tlse tn22 tong tow2 tro1 tsea tskb twtf txes uclu COMMENT             
ufpr ulab unb3 unbj unsa urum usn7 usud vald vill voim vtsp COMMENT             
wab1 wab2 wark wes2 wgtn whit will wsrt wtza wtzl wtzr wtzs COMMENT             
wtzz wuhn xmis yar2 yar3 yarr yell ykro zamb zeck zim2 zim3 COMMENT             
zimm                                                        COMMENT             
                                                            END OF HEADER       
[from data line 6435]
    16                                                      START OF TEC MAP    
  2023     2     4    15     0     0                        EPOCH OF CURRENT MAP
    87.5 -180.0 180.0   5.0 450.0                            LAT/LON1/LON2/DLON/H
  160  161  162  164  165  166  168  169  170  171  172  173  174  175  175  176
  176  176  176  176  176  176  176  175  175  175  174  174  173  172  172  171
  170  169  168  167  166  165  165  164  163  162  161  160  160  159  158  158
  157  157  157  156  156  156  155  155  155  154  154  154  154  154  154  154
  154  154  155  155  156  157  158  159  160
    85.0 -180.0 180.0   5.0 450.0                            LAT/LON1/LON2/DLON/H
  130  133  136  139  143  146  150  153  156  158  160  162  163  164  164  165
  165  164  164  163  163  162  162  161  161  161  160  160  159  158  157  156
  155  154  152  150  148  146  144  143  141  139  138  136  136  135  134  134
  134  134  134  134  135  134  134  134  133  132  131  129  128  126  125  124
  123  122  122  122  123  124  125  127  130
    82.5 -180.0 180.0   5.0 450.0                            LAT/LON1/LON2/DLON/H
   89   94   99  105  111  117  123  128  132  136  139  141  142  142  142  141
  140  138  137  136  135  134  134  135  135  136  137  138  139  139  139  138
  137  135  133  130  127  123  120  116  113  110  108  106  106  105  106  107
  109  111  113  115  117  118  118  118  117  115  112  109  105  100   96   92
   88   84   82   80   80   81   82   85   89
    80.0 -180.0 180.0   5.0 450.0                            LAT/LON1/LON2/DLON/H
   48   54   61   69   77   85   94  101  107  112  115  117  117  116  114  111
  107  104  102  100  100  100  102  105  108  112  116  119  122  125  126  127
  126  124  120  116  111  106  100   94   89   84   80   78   77   78   80   83
   87   93   98  104  109  112  115  116  115  112  107  101   93   85   76   68
   60   53   47   42   40   39   40   43   48
    77.5 -180.0 180.0   5.0 450.0                            LAT/LON1/LON2/DLON/H
   17   23   31   40   50   60   69   78   85   91   94   95   94   91   86   81
   76   72   69   68   69   72   76   83   90   98  106  113  119  124  127  128
  128  125  121  115  108  100   91   83   75   68   62   58   57   58   61   67
   75   84   94  104  113  120  125  127  127  123  117  108   97   85   72   59
   47   36   27   19   14   11   11   13   17
    75.0 -180.0 180.0   5.0 450.0                            LAT/LON1/LON2/DLON/H
    6   11   17   25   34   44   53   62   70   76   79   79   77   73   66   60
   53   49   46   47   51   57   67   78   90  102  114  124  133  140  144  145
  144  140  134  127  118  107   97   86   75   66   58   52   50   51   55   63
   73   86  100  114  126  137  144  148  148  144  136  125  112   98   82   67
   52   38   27   17   10    5    3    3    6
    72.5 -180.0 180.0   5.0 450.0                            LAT/LON1/LON2/DLON/H
   16   17   21   26   32   40   47   55   63   68   71   71   69   63   57   49
   43   40   40   44   51   63   77   93  109  125  139  152  161  168  172  172
  170  165  158  149  138  126  114  101   89   78   68   61   57   56   60   68
   80   94  110  126  141  154  163  167  167  163  155  144  131  116  100   85
   70   57   45   35   27   21   17   15   16
    70.0 -180.0 180.0   5.0 450.0                            LAT/LON1/LON2/DLON/H
   41   39   39   39   41   44   49   55   61   66   69   70   68   63   56   50
   46   45   49   57   70   86  105  124  143  160  175  187  197  202  205  204
  200  193  185  174  163  151  138  126  113  101   90   81   75   72   74   80
   90  103  119  135  149  161  170  174  174  170  163  153  142  130  117  105
   93   82   72   64   57   51   47   43   41
    67.5 -180.0 180.0   5.0 450.0                            LAT/LON1/LON2/DLON/H
   71   67   63   59   55   53   54   56   61   65   69   71   70   67   63   59
   58   61   70   84  101  122  143  164  182  198  212  222  229  233  234  232
  227  219  209  198  187  176  164  153  141  130  119  108   99   93   91   93
   99  109  121  133  144  153  159  162  161  157  152  145  137  130  123  116
  110  104   98   93   88   84   79   75   71
    65.0 -180.0 180.0   5.0 450.0                            LAT/LON1/LON2/DLON/H
   96   90   84   76   68   62   58   57   60   64   69   72   73   72   71   71
   74   83   97  116  137  160  182  201  216  229  239  246  252  255  255  252
  247  239  228  217  206  196  186  177  168  158  147  136  125  116  109  105
  105  108  113  119  125  129  131  130  128  125  121  118  116  114  114  114
  114  113  112  111  108  106  103  100   96
    62.5 -180.0 180.0   5.0 450.0                            LAT/LON1/LON2/DLON/H
  104  100   94   86   76   66   58   55   56   60   65   70   74   75   77   81
   90  104  123  147  171  193  213  228  238  246  251  256  261  265  266  265
  261  253  242  231  220  210  202  196  189  181  172  161  148  135  123  113
  106  101   99   97   96   94   91   88   84   82   80   81   83   86   91   97
  102  106  109  110  109  109  107  106  104
    60.0 -180.0 180.0   5.0 450.0                            LAT/LON1/LON2/DLON/H
   94   94   91   85   75   65   56   51   50   54   60   66   71   75   80   88
  102  121  145  171  196  217  232  241  246  248  250  254  259  266  271  273
  271  264  254  242  231  221  213  208  203  198  190  179  166  150  133  118
  103   92   82   73   66   59   52   47   43   42   42   45   49   56   64   72
   80   86   89   91   91   91   91   93   94
    57.5 -180.0 180.0   5.0 450.0                            LAT/LON1/LON2/DLON/H
   69   74   77   75   69   60   52   46   45   49   55   61   66   72   80   92
  110  134  161  189  213  231  241  244  243  241  242  246  254  264  274  280
  281  276  266  253  241  230  222  217  213  208  202  192  179  161  142  121
  102   84   69   56   44   34   26   21   18   18   20   23   28   33   40   47
   54   59   61   62   60   59   60   63   69
    55.0 -180.0 180.0   5.0 450.0                            LAT/LON1/LON2/DLON/H
   37   48   57   62   61   56   49   45   44   47   52   57   63   69   79   94
  116  143  173  201  224  238  244  243  239  235  235  240  251  265  278  288
  291  287  278  265  252  240  231  225  220  216  211  202  189  171  150  127
  104   83   65   50   37   28   21   18   17   19   21   23   25   27   29   32
   34   36   35   32   28   25   25   29   37
    52.5 -180.0 180.0   5.0 450.0                            LAT/LON1/LON2/DLON/H
   11   25   40   51   56   55   52   49   48   51   55   59   63   69   80   97
  122  152  183  211  232  244  247  245  240  237  238  244  256  271  285  295
  299  297  289  278  265  253  243  235  229  224  219  211  198  181  159  135
  111   90   72   57   47   39   36   36   39   43   45   45   42   38   33   29
   26   23   19   14    7    1    0    2   11
    50.0 -180.0 180.0   5.0 450.0                            LAT/LON1/LON2/DLON/H
    0   14   31   47   57   60   60   59   59   62   64   66   69   74   86  105
  132  163  194  221  240  252  256  255  253  251  253  260  269  280  291  298
  302  301  295  287  277  266  257  248  241  234  228  220  209  192  170  146
  123  102   86   74   66   63   64   68   74   79   81   79   71   61   49   39
   31   24   18   11    3    0    0    0    0
    47.5 -180.0 180.0   5.0 450.0                            LAT/LON1/LON2/DLON/H
    5   18   35   52   64   71   73   74   75   77   78   79   80   85   97  118
  146  177  207  233  252  265  272  275  276  277  279  282  285  289  291  294
  295  295  293  290  286  280  273  264  256  247  239  231  220  204  182  159
  136  116  102   93   89   88   91   98  106  113  115  111  100   85   69   55
   44   36   30   24   17    9    2    0    5
    45.0 -180.0 180.0   5.0 450.0                            LAT/LON1/LON2/DLON/H
   26   34   48   64   77   85   88   89   91   93   94   95   96  101  115  136
  164  194  223  248  267  282  292  300  305  308  308  305  299  291  285  280
  280  281  284  288  290  291  288  282  272  262  252  242  231  215  194  170
  148  129  117  109  105  105  108  114  122  129  131  127  117  101   84   69
   58   52   48   46   42   37   30   25   26
    42.5 -180.0 180.0   5.0 450.0                            LAT/LON1/LON2/DLON/H
   53   56   65   78   89   96   99  101  103  106  108  110  113  121  135  158
  185  213  240  263  283  300  313  323  331  334  331  322  306  287  272  263
  261  266  274  284  293  300  303  299  289  277  265  253  240  224  203  179
  157  139  127  118  113  109  108  111  116  121  123  121  114  102   89   77
   69   65   66   68   70   68   63   57   53
    40.0 -180.0 180.0   5.0 450.0                            LAT/LON1/LON2/DLON/H
   78   76   80   88   97  102  104  105  107  112  117  123  129  140  158  181
  207  232  256  278  297  314  328  338  345  347  341  327  305  280  261  251
  252  260  272  286  299  310  317  315  306  291  276  263  249  232  210  187
  166  148  135  124  114  105   97   93   93   94   96   96   94   89   83   77
   73   72   76   82   88   92   90   84   78
    37.5 -180.0 180.0   5.0 450.0                            LAT/LON1/LON2/DLON/H
   91   86   86   90   96   99  100  100  103  110  120  131  143  159  180  204
  228  250  271  290  309  324  334  341  344  344  338  323  301  278  262  258
  265  278  291  304  315  326  333  332  322  306  288  272  256  239  219  197
  178  162  148  135  120  104   88   76   68   64   63   65   68   72   74   74
   74   74   78   85   94  100  102   98   91
    35.0 -180.0 180.0   5.0 450.0                            LAT/LON1/LON2/DLON/H
   89   82   80   83   86   88   87   86   90  100  115  134  154  176  201  225
  247  266  284  301  317  327  331  330  329  328  326  318  305  293  289  296
  313  329  340  345  347  351  355  353  342  324  302  284  267  251  233  215
  199  186  175  160  142  120   99   79   64   52   47   48   54   63   71   77
   78   77   76   79   86   93   97   95   89
    32.5 -180.0 180.0   5.0 450.0                            LAT/LON1/LON2/DLON/H
   74   68   66   67   70   70   69   68   73   86  107  133  161  191  220  245
  265  281  296  311  322  326  320  311  306  309  317  323  327  333  347  371
  398  417  421  411  398  390  386  381  368  347  323  301  285  270  256  243
  234  227  220  207  189  166  142  119   97   78   65   60   65   75   86   93
   93   87   79   73   72   76   79   78   74
    30.0 -180.0 180.0   5.0 450.0                            LAT/LON1/LON2/DLON/H
   53   49   47   48   50   51   49   49   55   71   97  131  167  204  237  263
  281  295  308  321  328  324  309  293  287  298  321  348  374  402  436  477
  514  533  526  498  466  441  428  418  402  378  351  329  312  300  291  285
  284  285  284  277  263  244  223  200  174  147  125  111  109  115  123  128
  124  110   91   73   62   58   58   57   53
    27.5 -180.0 180.0   5.0 450.0                            LAT/LON1/LON2/DLON/H
   36   32   30   30   33   34   33   33   40   59   89  129  172  215  251  279
  296  309  321  332  335  324  302  282  281  305  348  398  446  493  545  599
  643  659  640  594  542  501  478  463  445  419  391  367  352  342  338  338
  344  353  360  360  355  345  332  313  286  254  221  196  182  178  179  178
  168  147  118   88   64   50   44   40   36
    25.0 -180.0 180.0   5.0 450.0                            LAT/LON1/LON2/DLON/H
   31   25   21   20   21   23   23   24   31   51   84  128  177  224  263  292
  310  322  335  345  345  330  305  287  296  337  400  470  534  594  655  715
  760  771  742  682  615  562  532  513  494  468  439  416  401  394  393  397
  407  422  434  442  445  447  445  434  410  374  332  296  269  253  244  235
  219  193  156  117   83   58   44   37   31
    22.5 -180.0 180.0   5.0 450.0                            LAT/LON1/LON2/DLON/H
   39   31   23   18   17   19   20   22   30   49   83  129  180  230  271  302
  321  335  349  359  359  343  320  311  334  393  473  554  624  685  744  800
  841  848  813  746  673  615  582  564  546  521  493  471  458  451  449  452
  462  477  491  502  512  524  533  532  512  475  430  385  348  321  301  285
  266  237  199  156  115   83   62   49   39
    20.0 -180.0 180.0   5.0 450.0                            LAT/LON1/LON2/DLON/H
   61   48   35   25   21   21   23   26   34   52   85  130  182  232  276  308
  331  348  364  376  377  365  349  352  391  465  555  637  700  749  795  840
  873  876  842  778  708  654  624  608  593  570  545  526  514  506  500  496
  499  506  515  524  537  554  572  577  563  530  485  439  397  364  338  317
  296  270  235  195  154  119   93   75   61
    17.5 -180.0 180.0   5.0 450.0                            LAT/LON1/LON2/DLON/H
   89   71   53   37   29   27   30   34   41   58   88  132  182  233  277  312
  339  361  381  396  400  393  388  405  459  543  632  703  748  775  801  829
  853  856  828  776  718  674  651  641  629  611  590  574  563  553  538  523
  511  505  501  502  510  528  547  556  547  519  482  443  406  373  346  323
  304  283  257  224  189  156  128  107   89
    15.0 -180.0 180.0   5.0 450.0                            LAT/LON1/LON2/DLON/H
  116   95   71   51   38   35   38   42   49   64   92  134  183  232  277  315
  347  374  400  419  428  428  435  466  529  613  691  742  761  763  766  778
  793  798  783  748  708  678  663  658  650  636  621  610  601  586  561  531
  501  476  455  442  440  451  466  474  467  447  422  398  375  351  327  306
  290  276  259  238  212  185  159  137  116
    12.5 -180.0 180.0   5.0 450.0                            LAT/LON1/LON2/DLON/H
  135  112   86   62   46   42   45   49   56   70   97  137  185  233  278  319
  356  390  421  445  459  468  485  526  592  667  724  749  742  721  707  707
  718  727  725  709  687  669  661  659  654  646  636  630  623  604  570  524
  476  431  392  363  348  347  353  355  347  336  327  323  319  309  293  276
  263  253  245  235  220  200  178  156  135
    10.0 -180.0 180.0   5.0 450.0                            LAT/LON1/LON2/DLON/H
  143  120   94   68   52   47   49   54   61   75  103  143  190  237  282  326
  368  409  445  474  493  510  535  580  640  698  731  728  701  668  646  642
  652  667  676  674  664  654  648  646  644  639  636  635  629  609  567  510
  448  388  334  292  264  252  246  238  228  223  230  247  263  268  262  249
  235  227  223  221  214  201  183  163  143
     7.5 -180.0 180.0   5.0 450.0                            LAT/LON1/LON2/DLON/H
  139  119   95   72   55   50   52   57   64   80  110  153  200  247  292  337
  384  430  471  504  529  551  581  624  673  708  715  691  653  620  603  604
  617  635  650  655  649  638  630  625  622  621  622  626  623  603  559  497
  429  362  302  254  219  197  181  164  150  148  166  199  231  250  250  238
  222  210  204  204  201  192  176  158  139
     5.0 -180.0 180.0   5.0 450.0                            LAT/LON1/LON2/DLON/H
  130  113   93   73   58   53   55   59   66   85  119  166  216  263  307  352
  401  451  496  532  561  587  619  656  689  701  685  649  613  593  591  603
  621  640  653  655  645  627  610  600  596  596  601  608  609  591  551  492
  428  366  310  265  232  208  186  163  143  142  164  204  243  266  267  253
  231  211  198  193  190  180  164  146  130
     2.5 -180.0 180.0   5.0 450.0                            LAT/LON1/LON2/DLON/H
  120  107   92   75   63   58   58   61   69   91  131  182  235  282  325  370
  419  470  516  555  586  616  646  675  691  683  652  614  590  591  611  637
  659  673  679  670  648  618  591  575  570  571  578  586  589  577  544  498
  448  400  360  328  305  287  266  240  218  212  231  266  300  317  314  293
  263  233  210  196  186  173  155  135  120
