ionex_files/turquie/corrected/COD0OPSFIN_20230410000_01D_01H_GIM.INX
     1.0            IONOSPHERE MAPS     GNSS                IONEX VERSION / TYPE
ADDNEQ2 V5.5        AIUB                14-FEB-23 21:15     PGM / RUN BY / DATE 
CODE'S GLOBAL IONOSPHERE MAPS FOR DAY 041, 2023             COMMENT             
Global ionosphere maps (GIM) are generated on a daily basis DESCRIPTION         
at CODE using data from about 300 GNSS sites of the IGS and DESCRIPTION         
other institutions. The vertical total electron content     DESCRIPTION         
(VTEC) is modeled in a solar-geomagnetic reference frame    DESCRIPTION         
using a spherical harmonics expansion up to degree and      DESCRIPTION         
order 15. Piece-wise linear functions are used for          DESCRIPTION         
representation in the time domain. The time spacing of      DESCRIPTION         
their vertices is 1 hour, conforming with the epochs of the DESCRIPTION         
VTEC maps.                                                  DESCRIPTION         
To convert line-of-sight TEC into vertical TEC, a modified  DESCRIPTION         
single-layer model mapping function approximating the JPL   DESCRIPTION         
extended slab model mapping function is adopted. The        DESCRIPTION         
mapping function is evaluated at geodetic satellite         DESCRIPTION         
elevation angles. For the computation of the ionospheric    DESCRIPTION         
pierce points, a spherical layer with a radius of 6821 km   DESCRIPTION         
is assumed, implying geocentric, not geodetic IONEX         DESCRIPTION         
latitudes.                                                  DESCRIPTION         
Instrumental biases with respect to each involved GNSS code DESCRIPTION         
observable are estimated as constant values for each        DESCRIPTION         
day. They are modeled with one set of bias parameters for   DESCRIPTION         
each satellite and each station in case of GPS and for each DESCRIPTION         
satellite-station link in case of GLONASS. The code bias    DESCRIPTION         
datum is defined by zero-mean conditions imposed on the     DESCRIPTION         
satellite bias estimates. In this file, just GPS C1W-C2W    DESCRIPTION         
satellite and station bias values are included. The         DESCRIPTION         
complete set of GNSS code bias results is provided in an    DESCRIPTION         
additional Bias-SINEX file as pseudo-absolute values        DESCRIPTION         
specific to each observable.                                DESCRIPTION         
Note: These GIM results correspond to the results for the   DESCRIPTION         
middle day of a 3-day combination analysis solving for 73   DESCRIPTION         
times 256, or 18688 VTEC parameters and 3 daily sets of     DESCRIPTION         
GNSS code bias parameters.                                  DESCRIPTION         
Contact address: code(at)aiub.unibe.ch                      DESCRIPTION         
Data archive:    ftp.aiub.unibe.ch/CODE/                    DESCRIPTION         
                 www.aiub.unibe.ch/download/CODE/           DESCRIPTION         
  2023     2    10     0     0     0                        EPOCH OF FIRST MAP  
  2023     2    11     0     0     0                        EPOCH OF LAST MAP   
  3600                                                      INTERVAL            
[...]
bshm cags cas1 ccj2 cedu chpg chpi chti chur ckis coco cord COMMENT             
cpvg cpxf crar cro1 daej darw dav1 dhlg drao dubo ebre faa1 COMMENT             
fair flrs frdn ftna func ganp glps glsv gode godz gol2 gold COMMENT             
gope gras graz guam guug harb hers hert hlfx hob2 hofn holb COMMENT             
hrao hyde iddr ieng iisc ineg invk iqal isba jog2 joz2 joze COMMENT             
karr kerg kir0 kiri kiru kit3 kokb kokv koug kour krgg laut COMMENT             
lmmf lpal lpgs m0se mac1 madr mal2 mana mas1 mat1 mate maw1 COMMENT             
mcm4 mdo1 mdvj medi mets mgue mizu mkea mnls mobs monp morp COMMENT             
mqzg mro1 mtka nano nico nist nium nklg nlib nnor not1 nrc1 COMMENT             
nrmd ntus nya1 nyal ohi2 onsa opmt ous2 pado parc park pdel COMMENT             
penc pert pie1 pimo pohn pol2 polv pots pove prds ptbb ptvl COMMENT             
qaq1 quin ramo reun reyk rgdg rio2 riop salu samo sant savo COMMENT             
sch2 scor scrz sctb scub seyg smst sofi spt0 ssia sthl stjo COMMENT             
stk2 str2 suth sutm suwn sydn syog tabl tabv tash thtg thti COMMENT             
thu2 tid1 tidb tlse tn22 tong tow2 tro1 tsea tskb twtf txes COMMENT             
uclu ufpr ulab unb3 unbj unsa urum usn7 usud vald vill voim COMMENT             
vtsp wab1 wab2 wark wes2 wgtn whit will wsrt wtza wtzl wtzr COMMENT             
wtzs wtzz wuhn xmis yar2 yar3 yarr yell ykro zamb zeck zim2 COMMENT             
zim3 zimm                                                   COMMENT             
                                                            END OF HEADER       
     1                                                      START OF TEC MAP    
  2023     2    10     0     0     0                        EPOCH OF CURRENT MAP
    87.5 -180.0 180.0   5.0 450.0                            LAT/LON1/LON2/DLON/H
  226  229  232  235  238  240  241  243  244  244  244  244  243  241  240  237
  235  232  228  225  221  217  212  208  203  198  193  189  184  180  175  171
  167  163  160  157  154  151  149  147  146  145  144  144  144  144  145  146
  147  149  151  153  155  158  161  164  167  170  173  177  181  184  188  192
  196  200  204  208  212  215  219  223  226
    85.0 -180.0 180.0   5.0 450.0                            LAT/LON1/LON2/DLON/H
  244  251  257  264  269  275  279  283  286  287  288  288  286  284  281  276
  271  265  258  251  243  234  226  217  207  198  189  180  171  163  155  147
  140  133  127  121  116  112  109  106  104  102  101  101  102  103  104  106
  109  112  116  120  124  128  133  138  143  148  154  159  165  171  177  183
  189  196  202  209  216  223  230  237  244
    82.5 -180.0 180.0   5.0 450.0                            LAT/LON1/LON2/DLON/H
  246  256  267  277  287  296  304  311  316  319  321  321  319  315  310  303
  296  287  277  267  256  245  233  221  209  197  185  173  161  150  140  130
  121  112  105   98   93   88   84   81   78   76   75   75   76   77   79   82
   85   89   93   98  103  109  114  120  126  132  138  144  150  157  163  169
  176  183  191  199  207  216  226  236  246
    80.0 -180.0 180.0   5.0 450.0                            LAT/LON1/LON2/DLON/H
  237  251  265  279  293  306  317  327  334  339  341  340  336  330  323  314
  304  293  282  270  259  247  236  223  211  198  185  172  160  147  136  125
  116  108  101   95   90   85   82   79   76   74   73   72   71   72   73   75
   77   81   85   90   95  100  106  112  117  123  129  134  140  145  151  157
  163  169  176  184  193  202  213  224  237
    77.5 -180.0 180.0   5.0 450.0                            LAT/LON1/LON2/DLON/H
  225  240  257  274  292  308  323  335  344  348  349  345  338  328  316  304
  292  280  269  260  251  243  234  225  215  204  192  179  167  155  144  134
  126  120  115  111  108  106  103  101   99   96   94   91   89   87   86   86
   86   88   90   93   97  101  106  111  116  121  125  130  135  140  144  149
  154  160  166  172  180  189  199  211  225
    75.0 -180.0 180.0   5.0 450.0                            LAT/LON1/LON2/DLON/H
  218  234  251  271  291  310  327  341  349  352  349  340  326  310  292  275
  261  249  242  237  234  233  231  228  222  214  204  192  180  168  158  150
  144  141  140  140  141  142  143  143  141  138  134  129  124  119  114  110
  107  106  105  105  107  109  112  115  119  123  127  132  136  141  146  151
  156  160  166  171  178  185  194  205  218
    72.5 -180.0 180.0   5.0 450.0                            LAT/LON1/LON2/DLON/H
  221  236  253  273  295  316  335  349  357  356  347  330  307  281  256  233
  216  206  203  205  212  220  227  231  231  226  217  205  192  180  170  163
  161  162  165  171  178  184  188  191  191  188  183  176  168  159  150  142
  134  128  124  120  118  118  118  120  123  127  131  136  142  148  155  161
  167  173  178  183  188  194  201  210  221
    70.0 -180.0 180.0   5.0 450.0                            LAT/LON1/LON2/DLON/H
  236  249  265  285  308  330  350  365  371  366  349  323  289  252  217  187
  167  158  160  170  186  204  221  232  236  234  224  211  196  182  172  167
  167  172  181  193  205  216  225  231  234  232  227  219  208  196  183  170
  159  149  140  133  128  124  123  123  125  129  135  142  150  159  168  177
  186  194  201  206  211  215  220  227  236
    67.5 -180.0 180.0   5.0 450.0                            LAT/LON1/LON2/DLON/H
  260  271  286  306  329  353  374  389  394  385  361  325  280  231  185  149
  125  116  122  138  162  188  211  227  234  232  220  204  186  170  159  155
  158  167  181  197  213  229  243  253  258  259  254  246  234  219  204  188
  174  160  148  138  130  124  121  120  122  127  135  145  156  169  182  196
  208  219  228  235  240  244  248  253  260
    65.0 -180.0 180.0   5.0 450.0                            LAT/LON1/LON2/DLON/H
  289  299  314  333  356  381  404  421  425  414  385  341  285  227  172  128
  101   91   96  115  141  170  196  213  220  216  202  183  162  145  134  131
  136  148  164  182  201  219  235  248  256  259  257  249  237  222  206  189
  174  159  145  133  123  116  112  111  114  121  131  144  159  176  193  211
  228  243  254  264  270  274  278  283  289
    62.5 -180.0 180.0   5.0 450.0                            LAT/LON1/LON2/DLON/H
  319  329  344  363  386  411  436  455  461  450  419  370  309  244  183  134
  102   88   90  104  126  150  172  187  193  187  171  151  130  113  104  103
  110  122  137  154  171  188  204  218  229  235  234  228  217  203  187  172
  157  144  131  119  108  101   97   97  101  110  123  139  157  178  200  222
  243  261  275  286  294  300  305  311  319
    60.0 -180.0 180.0   5.0 450.0                            LAT/LON1/LON2/DLON/H
  345  357  372  391  413  439  464  485  495  487  459  410  348  281  219  168
  133  112  104  106  115  128  141  151  154  148  134  116   98   85   80   82
   90  100  112  123  134  147  160  173  184  191  192  188  178  165  152  140
  128  118  108   98   89   82   79   81   87   98  113  131  153  176  202  228
  252  273  290  303  312  320  327  335  345
    57.5 -180.0 180.0   5.0 450.0                            LAT/LON1/LON2/DLON/H
  367  382  398  416  436  459  484  506  520  518  496  454  397  335  276  226
  188  159  136  120  109  104  105  109  111  108  100   87   76   70   71   77
   85   92   97   99  102  107  115  125  134  141  143  138  130  119  109  101
   94   89   84   77   71   66   65   68   76   89  105  124  147  173  202  231
  259  283  302  316  326  335  344  354  367
    55.0 -180.0 180.0   5.0 450.0                            LAT/LON1/LON2/DLON/H
  387  404  421  436  452  470  491  513  531  537  524  493  447  394  344  299
  259  221  182  143  108   84   72   70   74   77   77   74   71   73   80   89
   97   99   96   90   83   80   81   86   92   97   98   93   85   75   68   65
   65   66   66   63   59   56   57   62   72   86  102  121  144  172  203  235
  266  293  314  329  339  348  358  371  387
    52.5 -180.0 180.0   5.0 450.0                            LAT/LON1/LON2/DLON/H
  404  423  440  452  462  472  487  507  528  541  540  521  489  450  411  374
  335  289  233  172  114   70   47   44   52   63   72   77   83   91  103  114
  121  119  109   95   81   70   66   66   68   70   69   63   54   45   41   42
   47   54   59   60   58   57   60   67   78   91  106  124  146  174  208  243
  278  308  331  346  356  364  373  387  404
    50.0 -180.0 180.0   5.0 450.0                            LAT/LON1/LON2/DLON/H
  421  440  456  466  469  471  477  492  513  532  541  536  518  494  468  439
  403  352  283  204  128   71   41   37   51   69   84   95  105  116  130  141
  145  140  127  109   92   79   71   66   65   64   60   53   43   36   33   38
   48   59   67   70   70   69   73   81   93  106  119  135  155  183  218  257
  295  328  353  369  378  384  391  404  421
    47.5 -180.0 180.0   5.0 450.0                            LAT/LON1/LON2/DLON/H
  437  456  473  481  479  472  469  476  494  516  534  539  534  522  506  486
  454  402  327  238  153   89   56   54   71   93  110  120  128  137  148  157
  159  152  139  124  111   99   90   83   78   74   69   62   54   47   46   53
   65   79   88   91   90   90   94  104  117  129  140  153  171  198  234  275
  316  352  379  396  404  408  412  421  437
    45.0 -180.0 180.0   5.0 450.0                            LAT/LON1/LON2/DLON/H
  455  474  492  501  498  486  474  473  484  505  525  537  540  535  527  513
  485  436  363  275  190  126   94   93  109  127  138  141  142  144  149  154
  153  148  140  133  128  123  116  108  100   94   90   86   80   75   75   82
   95  109  117  118  115  114  119  130  144  156  166  176  192  217  253  295
  337  374  403  421  430  432  434  440  455
    42.5 -180.0 180.0   5.0 450.0                            LAT/LON1/LON2/DLON/H
  475  496  519  534  534  520  503  492  494  508  525  538  542  539  533  521
  498  455  391  314  237  179  149  144  153  162  161  152  142  135  134  134
  132  129  130  134  141  144  140  130  120  114  113  113  112  109  110  117
  128  140  145  142  137  135  141  154  170  183  193  202  216  240  274  314
  355  392  421  441  451  455  456  461  475
    40.0 -180.0 180.0   5.0 450.0                            LAT/LON1/LON2/DLON/H
  502  528  559  583  592  583  563  543  533  534  542  549  548  542  532  519
  499  466  416  355  293  242  210  197  193  186  172  151  132  118  112  109
  107  108  116  132  149  159  156  143  131  126  130  136  140  141  141  147
  156  163  165  159  151  148  155  171  190  207  217  227  240  262  294  331
  368  403  431  453  467  475  479  486  502
    37.5 -180.0 180.0   5.0 450.0                            LAT/LON1/LON2/DLON/H
  542  575  616  654  677  677  657  628  603  587  580  574  564  549  533  515
  497  473  440  397  350  304  267  239  218  196  171  144  122  108  102   99
   98  101  114  136  158  169  163  147  132  128  137  150  159  161  161  164
  170  174  172  163  153  150  159  178  202  222  237  248  262  284  312  345
  377  408  435  460  480  495  507  520  542
    35.0 -180.0 180.0   5.0 450.0                            LAT/LON1/LON2/DLON/H
  600  643  695  748  787  798  781  743  701  664  637  614  591  566  540  517
  498  482  463  437  400  354  307  263  225  193  165  142  127  122  122  124
  124  127  138  157  175  179  167  144  126  124  137  154  166  168  166  166
  169  170  166  156  145  143  153  176  203  229  249  265  282  303  329  357
  385  412  439  467  495  521  544  569  600
    32.5 -180.0 180.0   5.0 450.0                            LAT/LON1/LON2/DLON/H
  679  732  795  861  915  938  924  878  817  757  706  665  627  591  556  527
  506  494  485  469  436  386  325  266  218  185  166  159  162  173  186  195
  196  195  196  202  205  196  172  142  122  121  136  154  164  163  158  154
  155  155  151  141  131  129  140  165  197  229  255  277  298  320  345  372
  397  423  450  482  518  557  596  636  679
    30.0 -180.0 180.0   5.0 450.0                            LAT/LON1/LON2/DLON/H
  776  837  908  984 1048 1082 1070 1017  938  854  780  719  667  621  579  544
  521  510  503  488  453  394  322  254  206  184  185  203  232  264  294  311
  313  302  286  270  250  222  185  150  129  129  142  156  160  153  142  136
  136  136  132  124  115  114  126  151  187  224  258  287  312  337  363  390
  417  445  475  511  555  607  663  719  776
    27.5 -180.0 180.0   5.0 450.0                            LAT/LON1/LON2/DLON/H
  881  949 1022 1101 1172 1212 1203 1142 1048  944  849  770  706  651  604  565
  539  524  513  493  450  384  307  241  204  203  232  278  332  385  430  455
  455  432  394  349  303  254  208  171  153  153  163  168  161  145  129  120
  119  121  119  112  105  103  114  139  177  219  261  296  326  355  384  415
  447  480  516  556  607  670  740  812  881
    25.0 -180.0 180.0   5.0 450.0                            LAT/LON1/LON2/DLON/H
  979 1049 1120 1196 1268 1312 1304 1240 1136 1017  907  815  741  679  627  586
  555  534  514  483  433  364  292  240  225  251  305  375  447  514  568  598
  595  559  498  425  353  289  238  207  194  196  199  192  172  147  125  115
  114  116  115  110  103  101  109  133  171  219  266  307  342  374  407  444
  486  528  570  614  669  737  818  902  979
    22.5 -180.0 180.0   5.0 450.0                            LAT/LON1/LON2/DLON/H
 1053 1119 1183 1252 1322 1367 1364 1301 1195 1071  953  853  771  703  648  604
  568  538  506  464  409  346  291  264  277  327  398  477  553  622  677  707
  701  654  575  480  390  318  272  251  248  252  247  228  195  160  135  123
  122  124  123  118  111  107  112  134  174  225  277  322  360  394  432  477
  528  580  629  676  730  799  884  973 1053
    20.0 -180.0 180.0   5.0 450.0                            LAT/LON1/LON2/DLON/H
 1087 1146 1198 1257 1323 1372 1376 1322 1223 1105  990  888  801  727  667  619
  578  538  494  445  392  344  317  320  359  422  495  565  629  686  734  761
  752  699  609  503  406  336  302  296  305  310  299  268  225  184  157  145
  143  143  141  135  126  119  123  144  185  238  294  342  381  416  457  508
  568  629  683  730  779  842  924 1011 1087
    17.5 -180.0 180.0   5.0 450.0                            LAT/LON1/LON2/DLON/H
 1074 1120 1158 1208 1271 1326 1342 1305 1224 1122 1020  923  834  755  689  635
  588  540  487  434  391  367  372  405  460  522  577  622  659  694  729  749
  739  687  597  492  400  342  324  335  354  361  343  304  256  213  186  174
  171  168  163  155  144  136  138  160  203  259  315  363  402  438  480  535
  600  667  723  766  807  860  931 1009 1074
    15.0 -180.0 180.0   5.0 450.0                            LAT/LON1/LON2/DLON/H
 1018 1046 1068 1108 1171 1236 1270 1256 1202 1127 1045  961  874  791  718  658
  605  549  492  442  414  417  451  506  563  606  630  637  641  652  671  685
  676  630  549  456  379  339  338  363  388  393  371  329  281  241  216  205
  199  193  185  174  161  152  156  180  225  283  339  385  422  457  499  554
  620  687  741  780  811  851  907  969 1018
    12.5 -180.0 180.0   5.0 450.0                            LAT/LON1/LON2/DLON/H
  931  938  944  974 1037 1114 1170 1184 1162 1120 1066 1000  920  835  757  691
  632  573  516  473  461  488  543  604  647  660  644  614  589  580  587  596
  589  552  488  414  357  334  347  378  402  403  379  338  295  261  240  228
  220  211  200  187  174  166  172  200  249  308  362  404  438  471  512  565
  627  689  739  772  794  821  861  904  931
    10.0 -180.0 180.0   5.0 450.0                            LAT/LON1/LON2/DLON/H
  836  821  807  826  889  977 1053 1097 1109 1101 1078 1034  967  885  804  735
  674  614  559  526  529  569  630  681  697  673  622  566  526  508  510  516
  511  485  437  384  346  338  356  383  399  393  367  331  297  272  254  242
  231  219  208  194  181  175  185  219  271  329  379  417  448  480  520  568
  623  677  721  749  765  783  808  831  836
     7.5 -180.0 180.0   5.0 450.0                            LAT/LON1/LON2/DLON/H
  757  719  684  688  747  841  934 1002 1044 1068 1074 1055 1004  932  855  787
  726  669  620  595  605  646  695  720  702  646  576  515  480  468  471  475
  470  450  416  380  356  354  368  383  385  370  343  314  290  272  257  243
  231  219  208  196  184  181  196  234  290  346  390  422  450  483  522  567
  613  659  697  722  737  751  766  773  757
     5.0 -180.0 180.0   5.0 450.0                            LAT/LON1/LON2/DLON/H
  714  655  599  585  631  722  823  908  971 1019 1050 1053 1023  967  901  839
  783  731  689  669  678  705  726  715  665  591  523  482  471  478  486  487
  477  457  431  404  387  382  384  381  367  341  314  293  278  265  251  236
  223  213  204  194  185  184  203  246  302  355  393  420  446  480  521  563
  602  640  674  701  720  735  748  745  714
     2.5 -180.0 180.0   5.0 450.0                            LAT/LON1/LON2/DLON/H
  715  643  568  532  558  636  733  822  896  957 1003 1026 1017  982  934  884
  836  792  757  738  736  737  720  671  597  525  483  482  510  540  553  546
  525  499  473  448  429  415  401  380  349  316  290  275  266  256  241  225
  212  205  200  192  185  186  208  253  309  358  390  411  437  474  518  559
  594  627  659  690  717  741  758  754  715
