ionex_files/turquie/corrected/COD0OPSFIN_20230310000_01D_01H_GIM.INX
     1.0            IONOSPHERE MAPS     GNSS                IONEX VERSION / TYPE
ADDNEQ2 V5.5        AIUB                04-FEB-23 21:03     PGM / RUN BY / DATE 
CODE'S GLOBAL IONOSPHERE MAPS FOR DAY 031, 2023             COMMENT             
Global ionosphere maps (GIM) are generated on a daily basis DESCRIPTION         
at CODE using data from about 300 GNSS sites of the IGS and DESCRIPTION         
other institutions. The vertical total electron content     DESCRIPTION         
(VTEC) is modeled in a solar-geomagnetic reference frame    DESCRIPTION         
using a spherical harmonics expansion up to degree and      DESCRIPTION         
order 15. Piece-wise linear functions are used for          DESCRIPTION         
representation in the time domain. The time spacing of      DESCRIPTION         
their vertices is 1 hour, conforming with the epochs of the DESCRIPTION         
VTEC maps.                                                  DESCRIPTION         
To convert line-of-sight TEC into vertical TEC, a modified  DESCRIPTION         
single-layer model mapping function approximating the JPL   DESCRIPTION         
extended slab model mapping function is adopted. The        DESCRIPTION         
mapping function is evaluated at geodetic satellite         DESCRIPTION         
elevation angles. For the computation of the ionospheric    DESCRIPTION         
pierce points, a spherical layer with a radius of 6821 km   DESCRIPTION         
is assumed, implying geocentric, not geodetic IONEX         DESCRIPTION         
latitudes.                                                  DESCRIPTION         
Instrumental biases with respect to each involved GNSS code DESCRIPTION         
observable are estimated as constant values for each        DESCRIPTION         
day. They are modeled with one set of bias parameters for   DESCRIPTION         
each satellite and each station in case of GPS and for each DESCRIPTION         
satellite-station link in case of GLONASS. The code bias    DESCRIPTION         
datum is defined by zero-mean conditions imposed on the     DESCRIPTION         
satellite bias estimates. In this file, just GPS C1W-C2W    DESCRIPTION         
satellite and station bias values are included. The         DESCRIPTION         
complete set of GNSS code bias results is provided in an    DESCRIPTION         
additional Bias-SINEX file as pseudo-absolute values        DESCRIPTION         
specific to each observable.                                DESCRIPTION         
Note: These GIM results correspond to the results for the   DESCRIPTION         
middle day of a 3-day combination analysis solving for 73   DESCRIPTION         
times 256, or 18688 VTEC parameters and 3 daily sets of     DESCRIPTION         
GNSS code bias parameters.                                  DESCRIPTION         
Contact address: code(at)aiub.unibe.ch                      DESCRIPTION         
Data archive:    ftp.aiub.unibe.ch/CODE/                    DESCRIPTION         
                 www.aiub.unibe.ch/download/CODE/           DESCRIPTION         
  2023     1    31     0     0     0                        EPOCH OF FIRST MAP  
  2023     2     1     0     0     0                        EPOCH OF LAST MAP   
  3600                                                      INTERVAL            
[...]
brst brux bshm cags cas1 ccj2 cedu chpg chpi chti chur ckis COMMENT             
cnmr coco cord cpvg cpxf crar cro1 daej darw dav1 dgar dhlg COMMENT             
drao dubo ebre faa1 fair flrs frdn ftna func ganp glps gode COMMENT             
godz gol2 gold gope gras graz guam guug harb hers hert hlfx COMMENT             
hob2 hofn holb hrao hyde iddr ieng iisc ineg invk iqal irkj COMMENT             
isba jog2 joz2 joze karr kerg kir0 kiri kiru kit3 kokb kokv COMMENT             
koug kour krgg laut lmmf lpal lpgs m0se mac1 madr mal2 mana COMMENT             
mas1 mat1 mate maw1 mcm4 mdo1 mdvj medi mets mgue mizu mkea COMMENT             
mnls mobs monp morp mqzg mro1 mtka nano nico nist nium nklg COMMENT             
nlib nnor not1 nrc1 nrmd ntus nya1 nyal ohi2 onsa opmt ous2 COMMENT             
pado parc park pdel penc pert pie1 pimo pohn pol2 polv pots COMMENT             
pove prds ptbb ptvl qaq1 quin ramo reun reyk rgdg rio2 riop COMMENT             
roth salu samo sant savo sch2 scor scrz sctb scub seyg sofi COMMENT             
spt0 ssia sthl stjo stk2 str2 suth sutm suwn sydn syog tabl COMMENT             
tabv tash thtg thti thu2 tid1 tidb tlse tn22 tong tow2 tro1 COMMENT             
tsea tskb twtf txes uclu ufpr ulab unb3 unbj unsa urum usn7 COMMENT             
usud vald vill voim vtsp wab1 wab2 wark wes2 wgtn whit will COMMENT             
wind wsrt wtza wtzl wtzr wtzs wtzz wuhn xmis yar2 yar3 yarr COMMENT             
yell ykro zamb zeck zim2 zim3 zimm                          COMMENT             
                                                            END OF HEADER       
[from data line 429]
     2                                                      START OF TEC MAP    
  2023     1    31     1     0     0                        EPOCH OF CURRENT MAP
    87.5 -180.0 180.0   5.0 450.0                            LAT/LON1/LON2/DLON/H
  118  118  118  118  117  117  116  115  114  113  112  111  109  108  106  104
  103  101   99   97   95   94   92   90   89   87   86   85   84   83   82   82
   82   82   82   82   83   83   84   85   86   87   89   90   91   93   94   96
   97   99  100  102  103  104  106  107  108  109  110  111  112  113  114  115
  115  116  116  117  117  118  118  118  118
    85.0 -180.0 180.0   5.0 450.0                            LAT/LON1/LON2/DLON/H
  136  136  137  137  137  136  136  135  134  132  131  128  126  123  120  116
  113  109  105  101   97   93   89   85   82   79   76   73   71   70   68   68
   68   68   68   70   71   73   75   77   80   83   85   88   91   94   96   99
  102  104  106  109  111  113  115  117  118  120  121  123  124  126  127  128
  129  130  131  132  133  134  135  135  136
    82.5 -180.0 180.0   5.0 450.0                            LAT/LON1/LON2/DLON/H
  151  152  153  154  155  156  156  156  155  154  152  149  145  141  137  131
  126  120  114  108  103   97   91   86   81   76   72   68   65   63   61   60
   60   61   62   64   67   70   74   77   81   85   89   93   97  100  103  106
  109  112  114  117  119  121  123  125  127  129  130  132  134  135  137  139
  140  142  143  144  146  147  148  150  151
    80.0 -180.0 180.0   5.0 450.0                            LAT/LON1/LON2/DLON/H
  164  166  167  169  171  173  175  176  176  174  172  168  164  158  152  145
  137  130  123  116  110  104   97   92   86   80   75   71   67   64   61   60
   60   61   64   67   70   75   79   84   89   94   98  102  105  108  111  113
  115  117  119  121  123  125  126  128  130  132  135  137  139  142  144  147
  149  151  153  155  157  159  161  162  164
    77.5 -180.0 180.0   5.0 450.0                            LAT/LON1/LON2/DLON/H
  176  178  180  182  185  188  190  192  193  192  189  184  177  169  160  151
  142  134  127  121  115  110  105  100   95   90   85   79   75   71   68   67
   67   68   71   74   79   84   89   95  100  104  108  111  113  114  115  116
  117  117  118  119  120  122  124  125  128  130  133  136  140  144  148  153
  157  161  165  168  171  172  174  175  176
    75.0 -180.0 180.0   5.0 450.0                            LAT/LON1/LON2/DLON/H
  191  191  191  193  196  199  202  205  207  205  201  194  184  173  160  148
  137  129  123  119  116  114  112  110  106  102   97   91   86   81   78   76
   75   77   79   83   88   93   99  104  108  112  114  115  116  115  114  113
  111  110  110  110  111  112  114  117  119  123  127  132  138  144  151  159
  166  173  180  185  188  191  191  192  191
    72.5 -180.0 180.0   5.0 450.0                            LAT/LON1/LON2/DLON/H
  210  206  204  203  204  207  211  215  217  215  210  199  185  169  152  136
  123  115  111  110  112  115  117  118  116  113  107  101   95   90   86   83
   82   83   85   88   93   97  102  107  111  113  114  113  111  109  105  102
   99   97   96   96   97   98  101  104  107  112  118  125  133  143  154  166
  177  189  199  207  212  215  215  213  210
    70.0 -180.0 180.0   5.0 450.0                            LAT/LON1/LON2/DLON/H
  232  224  217  212  211  212  216  220  223  222  215  202  183  162  139  119
  104   96   94   98  105  112  118  121  121  118  112  105   98   92   88   85
   83   83   84   86   90   94   98  101  104  106  106  104  100   96   91   86
   82   80   79   79   80   83   86   90   94  100  108  117  128  142  157  173
  190  206  221  232  240  244  243  239  232
    67.5 -180.0 180.0   5.0 450.0                            LAT/LON1/LON2/DLON/H
  257  245  233  222  216  215  217  222  226  226  219  204  182  155  127  103
   87   78   79   86   97  108  116  120  119  114  107   99   92   86   82   79
   77   77   77   77   79   81   84   87   90   91   91   88   84   79   73   68
   64   62   62   63   65   68   72   77   83   90   99  111  125  141  160  181
  203  224  243  258  269  274  273  267  257
    65.0 -180.0 180.0   5.0 450.0                            LAT/LON1/LON2/DLON/H
  282  266  249  234  222  216  216  220  226  227  222  207  183  153  122   95
   77   69   71   80   93  104  112  113  109  102   93   84   77   73   70   68
   67   65   64   63   62   62   64   67   70   72   72   71   67   62   57   52
   48   47   47   49   52   56   61   67   74   83   94  107  124  143  165  189
  214  238  261  279  293  300  300  294  282
    62.5 -180.0 180.0   5.0 450.0                            LAT/LON1/LON2/DLON/H
  305  288  268  247  230  218  214  217  223  226  224  211  189  159  127   98
   79   71   73   82   93  102  105  102   94   83   72   64   58   56   56   56
   55   53   51   47   45   43   44   46   50   54   56   56   53   49   44   40
   37   37   38   40   43   47   53   59   68   79   92  107  125  146  169  194
  220  247  271  292  307  317  320  316  305
    60.0 -180.0 180.0   5.0 450.0                            LAT/LON1/LON2/DLON/H
  322  308  288  265  242  225  215  213  218  223  224  216  197  170  140  113
   94   85   85   91   98  102   99   90   77   63   51   44   41   42   45   47
   47   45   41   37   32   29   29   31   36   41   45   47   45   42   38   34
   32   32   33   35   38   42   47   55   65   78   94  111  129  150  173  197
  222  247  271  292  309  322  329  329  322
    57.5 -180.0 180.0   5.0 450.0                            LAT/LON1/LON2/DLON/H
  334  327  311  288  262  238  221  214  214  219  222  219  206  185  160  136
  117  107  104  105  106  102   93   79   62   48   37   33   33   37   41   44
   45   43   39   34   28   25   24   26   31   38   43   46   45   42   38   34
   33   32   33   34   36   39   44   53   65   80   98  116  135  155  175  196
  218  241  262  281  299  314  325  333  334
    55.0 -180.0 180.0   5.0 450.0                            LAT/LON1/LON2/DLON/H
  338  342  334  316  289  260  236  220  215  216  219  220  213  200  181  161
  144  132  124  118  112  103   89   72   56   43   35   34   37   42   47   50
   50   48   44   40   35   31   30   32   37   44   50   53   53   49   44   40
   38   37   37   37   37   38   43   53   67   85  104  124  142  159  176  193
  211  228  246  262  279  295  312  327  338
    52.5 -180.0 180.0   5.0 450.0                            LAT/LON1/LON2/DLON/H
  336  351  355  345  321  291  261  237  223  217  218  219  217  211  199  183
  167  152  139  127  116  103   88   73   59   51   47   49   53   58   60   61
   59   57   55   52   50   47   46   48   52   59   64   67   65   60   54   49
   46   45   44   42   41   41   46   57   73   92  113  132  149  163  176  188
  201  214  227  240  254  271  291  314  336
    50.0 -180.0 180.0   5.0 450.0                            LAT/LON1/LON2/DLON/H
  327  354  370  369  353  325  293  263  240  225  219  218  219  217  211  199
  183  164  146  130  116  103   91   81   74   70   71   74   77   78   76   73
   69   66   66   67   68   68   67   68   72   77   82   84   81   74   66   60
   57   55   53   51   48   48   53   65   82  103  123  141  156  167  176  184
  192  200  210  220  232  248  270  297  327
    47.5 -180.0 180.0   5.0 450.0                            LAT/LON1/LON2/DLON/H
  313  347  372  383  377  357  327  295  265  242  227  221  220  221  217  207
  190  169  147  128  114  104   98   95   95   96   98   99   99   96   89   81
   75   72   75   80   85   88   88   89   91   96  100  100   96   88   79   72
   68   66   64   61   58   58   64   77   95  116  135  151  163  171  177  181
  186  192  199  207  217  230  250  279  313
    45.0 -180.0 180.0   5.0 450.0                            LAT/LON1/LON2/DLON/H
  294  329  360  380  385  376  355  327  295  264  241  228  224  224  221  211
  192  168  144  125  114  109  110  113  116  119  119  117  113  104   94   83
   75   73   78   87   96  103  105  105  107  110  114  114  109  100   89   82
   79   78   76   73   71   72   80   94  112  131  148  161  171  177  180  183
  185  190  196  203  211  222  238  262  294
    42.5 -180.0 180.0   5.0 450.0                            LAT/LON1/LON2/DLON/H
  273  302  332  357  373  378  371  352  323  290  261  241  233  230  226  215
  194  168  144  127  119  119  124  129  132  131  127  120  112  102   91   80
   72   71   78   89  102  111  115  115  116  119  123  123  118  108   98   90
   88   87   87   85   84   87   96  111  129  146  160  171  179  184  188  190
  191  195  202  209  217  224  234  249  273
    40.0 -180.0 180.0   5.0 450.0                            LAT/LON1/LON2/DLON/H
  255  272  295  319  342  360  369  364  343  312  281  258  246  241  235  222
  199  173  150  136  131  132  136  138  136  128  118  108   99   91   84   78
   72   71   78   90  104  115  119  120  120  123  127  129  124  114  103   96
   94   94   95   94   94  100  111  128  145  159  170  179  187  194  199  202
  204  208  215  224  232  237  239  244  255
    37.5 -180.0 180.0   5.0 450.0                            LAT/LON1/LON2/DLON/H
  245  248  258  276  301  329  351  361  351  327  297  274  261  255  248  233
  210  185  164  152  147  145  143  137  125  110   95   84   80   81   83   84
   82   80   84   94  107  118  122  122  122  124  129  131  126  116  106   99
   97   98   98   98  100  108  122  139  156  169  179  187  196  206  214  219
  222  226  234  245  255  259  256  249  245
    35.0 -180.0 180.0   5.0 450.0                            LAT/LON1/LON2/DLON/H
  252  240  235  243  264  295  327  347  347  330  306  286  275  269  261  246
  224  201  183  171  162  153  141  124  105   85   70   64   68   82   97  106
  108  104  103  107  116  124  127  126  124  125  129  131  126  116  106   99
   96   96   96   95   99  109  125  145  162  175  184  193  204  218  231  239
  243  248  257  270  283  288  282  269  252
    32.5 -180.0 180.0   5.0 450.0                            LAT/LON1/LON2/DLON/H
  281  258  241  237  250  277  309  333  338  325  306  291  284  280  273  257
  237  216  200  185  170  151  129  105   83   65   56   60   77  105  132  149
  152  144  135  131  133  137  138  134  129  128  130  131  125  114  103   95
   92   91   89   88   91  103  123  145  164  178  187  198  212  231  249  261
  267  272  282  298  314  323  319  303  281
    30.0 -180.0 180.0   5.0 450.0                            LAT/LON1/LON2/DLON/H
  333  308  285  272  274  291  315  332  333  320  303  291  287  285  278  263
  244  225  208  190  168  140  111   87   71   65   69   86  116  155  190  211
  212  197  178  164  159  157  154  146  138  134  133  131  124  112   99   91
   86   83   79   76   81   94  116  141  163  179  191  203  220  242  264  281
  290  297  308  326  348  363  365  354  333
    27.5 -180.0 180.0   5.0 450.0                            LAT/LON1/LON2/DLON/H
  405  388  367  351  344  348  356  358  346  325  304  292  288  286  278  263
  244  225  206  183  154  123   96   82   83   96  119  149  187  228  264  283
  278  255  226  202  189  182  174  162  150  142  137  132  123  109   95   85
   80   74   68   65   70   85  110  138  164  183  198  211  229  252  278  299
  312  322  335  357  383  405  417  416  405
    25.0 -180.0 180.0   5.0 450.0                            LAT/LON1/LON2/DLON/H
  489  487  478  466  456  448  439  419  388  351  319  301  293  287  277  259
  238  217  195  168  138  109   95  101  127  165  205  242  279  314  341  350
  337  306  269  238  218  205  193  177  162  150  142  135  122  106   91   81
   74   67   60   56   62   80  108  139  169  192  209  223  239  262  289  315
  334  348  364  388  419  448  470  484  489
    22.5 -180.0 180.0   5.0 450.0                            LAT/LON1/LON2/DLON/H
  573  591  600  601  594  580  555  515  461  405  358  328  311  298  281  260
  235  210  184  156  129  113  119  153  207  266  317  352  376  393  403  398
  376  340  300  265  241  223  207  189  171  157  147  137  123  105   90   79
   71   63   55   52   61   82  113  147  180  208  226  239  252  272  300  330
  355  374  394  421  454  489  521  549  573
    20.0 -180.0 180.0   5.0 450.0                            LAT/LON1/LON2/DLON/H
  641  679  710  728  732  720  688  633  561  487  423  378  348  324  300  274
  245  215  186  160  143  146  177  238  315  386  435  456  456  448  434  415
  387  350  311  277  252  231  213  193  175  161  151  140  124  106   90   79
   71   63   55   54   66   91  125  163  199  229  249  261  270  286  314  347
  378  402  426  454  488  525  563  601  641
    17.5 -180.0 180.0   5.0 450.0                            LAT/LON1/LON2/DLON/H
  685  737  785  821  841  840  811  753  673  587  511  450  406  372  341  310
  277  244  213  193  190  215  270  350  435  502  534  529  499  462  427  396
  366  335  304  275  251  229  209  190  174  162  153  142  126  108   92   81
   73   65   58   60   77  107  144  183  221  253  275  285  291  304  331  368
  403  431  456  484  517  554  592  636  685
    15.0 -180.0 180.0   5.0 450.0                            LAT/LON1/LON2/DLON/H
  699  755  812  862  899  914  899  851  776  690  608  538  482  439  403  370
  335  300  272  260  274  318  389  472  547  592  593  554  494  432  382  347
  322  302  282  262  240  219  199  183  170  161  154  144  129  111   96   85
   77   69   64   69   90  125  166  206  244  277  300  310  315  327  354  393
  430  461  485  511  541  573  608  649  699
    12.5 -180.0 180.0   5.0 450.0                            LAT/LON1/LON2/DLON/H
  686  735  790  845  893  925  931  905  849  776  698  625  564  517  481  450
  417  384  360  359  388  444  515  584  629  635  597  526  441  365  311  279
  266  261  255  243  226  205  187  173  165  160  155  146  132  115  100   90
   82   74   70   78  105  144  187  228  265  297  321  333  339  353  382  422
  460  488  510  532  557  584  613  645  686
    10.0 -180.0 180.0   5.0 450.0                            LAT/LON1/LON2/DLON/H
  657  689  729  777  828  874  902  903  875  825  763  697  638  593  562  537
  510  482  465  474  512  570  626  662  663  623  547  451  356  280  233  213
  214  224  231  227  213  193  176  166  161  160  156  148  134  118  105   96
   88   80   76   87  117  160  205  244  279  310  335  350  361  380  412  452
  488  512  529  546  567  589  610  631  657
     7.5 -180.0 180.0   5.0 450.0                            LAT/LON1/LON2/DLON/H
  625  635  653  682  725  775  820  847  851  831  791  740  690  652  630  615
  597  577  568  584  624  670  699  691  642  558  455  351  262  202  171  167
  181  202  218  218  205  186  170  163  161  161  158  150  137  123  111  103
   95   87   84   96  128  173  217  255  286  315  340  360  378  402  438  479
  512  530  541  554  572  591  606  617  625
     5.0 -180.0 180.0   5.0 450.0                            LAT/LON1/LON2/DLON/H
  607  595  586  590  615  658  709  754  784  793  778  746  710  684  673  669
  661  650  647  666  699  724  716  662  570  457  346  253  188  153  143  153
  174  200  217  218  205  185  171  165  165  165  161  152  140  128  119  112
  104   96   93  106  138  182  225  259  287  313  339  363  387  418  458  499
  527  541  546  556  574  594  608  612  607
     2.5 -180.0 180.0   5.0 450.0                            LAT/LON1/LON2/DLON/H
  611  584  552  530  530  555  599  649  695  725  733  719  697  683  683  689
  690  686  687  702  720  718  672  581  463  345  249  187  157  152  160  175
  195  215  227  225  209  189  176  172  172  171  165  155  145  135  128  123
  116  108  105  117  148  190  229  260  283  306  332  359  389  426  468  507
  533  542  545  555  575  600  618  623  611
