ionex_files/turquie/corrected/COD0OPSFIN_20230320000_01D_01H_GIM.INX
     1.0            IONOSPHERE MAPS     GNSS                IONEX VERSION / TYPE
ADDNEQ2 V5.5        AIUB                05-FEB-23 21:17     PGM / RUN BY / DATE 
CODE'S GLOBAL IONOSPHERE MAPS FOR DAY 032, 2023             COMMENT             
Global ionosphere maps (GIM) are generated on a daily basis DESCRIPTION         
at CODE using data from about 300 GNSS sites of the IGS and DESCRIPTION         
other institutions. The vertical total electron content     DESCRIPTION         
(VTEC) is modeled in a solar-geomagnetic reference frame    DESCRIPTION         
using a spherical harmonics expansion up to degree and      DESCRIPTION         
order 15. Piece-wise linear functions are used for          DESCRIPTION         
representation in the time domain. The time spacing of      DESCRIPTION         
their vertices is 1 hour, conforming with the epochs of the DESCRIPTION         
VTEC maps.                                                  DESCRIPTION         
To convert line-of-sight TEC into vertical TEC, a modified  DESCRIPTION         
single-layer model mapping function approximating the JPL   DESCRIPTION         
extended slab model mapping function is adopted. The        DESCRIPTION         
mapping function is evaluated at geodetic satellite         DESCRIPTION         
elevation angles. For the computation of the ionospheric    DESCRIPTION         
pierce points, a spherical layer with a radius of 6821 km   DESCRIPTION         
is assumed, implying geocentric, not geodetic IONEX         DESCRIPTION         
latitudes.                                                  DESCRIPTION         
Instrumental biases with respect to each involved GNSS code DESCRIPTION         
observable are estimated as constant values for each        DESCRIPTION         
day. They are modeled with one set of bias parameters for   DESCRIPTION         
each satellite and each station in case of GPS and for each DESCRIPTION         
satellite-station link in case of GLONASS. The code bias    DESCRIPTION         
datum is defined by zero-mean conditions imposed on the     DESCRIPTION         
satellite bias estimates. In this file, just GPS C1W-C2W    DESCRIPTION         
satellite and station bias values are included. The         DESCRIPTION         
complete set of GNSS code bias results is provided in an    DESCRIPTION         
additional Bias-SINEX file as pseudo-absolute values        DESCRIPTION         
specific to each observable.                                DESCRIPTION         
Note: These GIM results correspond to the results for the   DESCRIPTION         
middle day of a 3-day combination analysis solving for 73   DESCRIPTION         
times 256, or 18688 VTEC parameters and 3 daily sets of     DESCRIPTION         
GNSS code bias parameters.                                  DESCRIPTION         
Contact address: code(at)aiub.unibe.ch                      DESCRIPTION         
Data archive:    ftp.aiub.unibe.ch/CODE/                    DESCRIPTION         
                 www.aiub.unibe.ch/download/CODE/           DESCRIPTION         
  2023     2     1     0     0     0                        EPOCH OF FIRST MAP  
  2023     2     2     0     0     0                        EPOCH OF LAST MAP   
  3600                                                      INTERVAL            
[...]
brst brux bshm cedu chpg chpi chti chur ckis cnmr coco cord COMMENT             
cpvg cpxf crar cro1 daej darw dav1 dgar dhlg drao dubo ebre COMMENT             
faa1 fair flrs frdn ftna func ganp glps gode godz gol2 gold COMMENT             
gope gras graz guam guug harb hers hert hlfx hob2 hofn holb COMMENT             
hrao hyde iddr ieng iisc ineg invk iqal irkj isba jog2 joz2 COMMENT             
joze karr kerg kir0 kiri kiru kit3 kokb kokv koug kour krgg COMMENT             
laut lmmf lpal lpgs m0se mac1 madr mal2 mana mas1 mat1 mate COMMENT             
maw1 mcm4 mdo1 mdvj medi mets mgue mizu mkea mnls mobs monp COMMENT             
morp mqzg mro1 mtka nano nico nist nium nklg nlib nnor not1 COMMENT             
nrc1 nrmd ntus nya1 nyal ohi2 onsa opmt ous2 pado parc park COMMENT             
pdel penc pert pie1 pimo pohn pol2 polv pots pove prds ptbb COMMENT             
ptvl qaq1 quin ramo reun reyk rgdg rio2 riop roth salu samo COMMENT             
sant savo sch2 scor scrz sctb scub seyg sofi spt0 ssia sthl COMMENT             
stjo str2 suth sutm suwn sydn tabl tabv tash thtg thti thu2 COMMENT             
tid1 tidb tlse tn22 tong tow2 tro1 tsea twtf txes uclu ufpr COMMENT             
ulab unb3 unbj unsa urum usn7 usud vald vill voim vtsp wab1 COMMENT             
wab2 wark wes2 wgtn whit will wind wsrt wtza wtzl wtzr wtzs COMMENT             
wtzz wuhn xmis yar2 yar3 yarr yell ykro zamb zeck zim2 zim3 COMMENT             
zimm                                                        COMMENT             
                                                            END OF HEADER       
[from data line 7293]
    18                                                      START OF TEC MAP    
  2023     2     1    17     0     0                        EPOCH OF CURRENT MAP
    87.5 -180.0 180.0   5.0 450.0                            LAT/LON1/LON2/DLON/H
  152  153  154  156  157  158  159  161  162  164  165  166  168  169  170  171
  172  173  174  175  175  176  176  176  176  176  176  175  175  174  174  173
  172  171  170  169  168  167  166  165  164  163  162  161  160  159  159  158
  157  156  155  155  154  153  152  152  151  151  150  150  149  149  149  148
  148  149  149  149  149  150  151  151  152
    85.0 -180.0 180.0   5.0 450.0                            LAT/LON1/LON2/DLON/H
  127  129  131  133  135  138  141  143  146  149  152  155  158  160  163  165
  167  169  171  172  173  174  175  175  175  174  174  173  171  170  168  166
  164  162  160  158  155  153  151  150  148  146  145  144  143  142  141  140
  139  138  138  137  136  134  133  132  131  129  128  127  125  124  123  123
  122  122  122  122  122  123  124  125  127
    82.5 -180.0 180.0   5.0 450.0                            LAT/LON1/LON2/DLON/H
   97  100  102  105  108  112  115  119  124  128  132  137  141  145  149  152
  156  158  161  163  165  166  167  167  167  166  165  163  160  158  155  151
  147  144  140  136  133  129  126  124  122  120  119  119  119  119  119  119
  119  120  119  119  118  117  115  113  111  109  106  104  102   99   98   96
   95   94   93   93   93   93   94   96   97
    80.0 -180.0 180.0   5.0 450.0                            LAT/LON1/LON2/DLON/H
   71   73   75   78   81   85   90   94  100  105  111  117  122  127  133  137
  142  146  149  152  155  156  157  158  157  156  154  151  148  144  139  134
  128  122  116  111  105  101   97   94   92   91   91   92   93   95   98  100
  102  104  106  106  106  105  103  101   98   95   91   87   84   80   77   75
   73   71   70   69   69   69   69   70   71
    77.5 -180.0 180.0   5.0 450.0                            LAT/LON1/LON2/DLON/H
   54   55   56   57   60   64   68   73   79   86   93  100  107  113  120  126
  132  137  142  146  149  152  153  154  153  151  148  145  140  134  127  120
  112  104   96   88   81   75   69   66   64   63   65   67   71   75   81   86
   91   95   98  101  102  101  100   97   93   89   84   79   75   70   66   63
   61   59   58   56   56   55   54   54   54
    75.0 -180.0 180.0   5.0 450.0                            LAT/LON1/LON2/DLON/H
   49   47   46   46   47   50   53   59   65   73   81   89   98  106  114  122
  129  136  143  148  153  156  159  159  158  156  152  146  140  132  123  114
  104   93   83   73   63   55   49   45   42   42   45   49   55   62   70   77
   85   92   97  101  103  104  103  100   96   91   85   80   75   70   66   63
   61   59   58   57   56   54   53   51   49
    72.5 -180.0 180.0   5.0 450.0                            LAT/LON1/LON2/DLON/H
   54   50   46   44   43   44   47   52   59   67   76   86   97  107  117  127
  137  146  154  162  168  173  176  176  174  170  165  157  149  139  128  117
  104   92   79   67   56   46   39   33   30   30   33   38   45   54   63   73
   82   90   97  103  106  108  107  105  102   97   91   86   81   76   72   70
   69   68   68   68   67   65   62   58   54
    70.0 -180.0 180.0   5.0 450.0                            LAT/LON1/LON2/DLON/H
   65   59   52   47   44   44   46   50   58   67   78   90  102  115  127  139
  152  164  175  186  194  200  203  203  199  193  185  175  164  153  140  127
  114  100   85   72   59   47   38   31   28   27   29   33   40   49   58   68
   78   86   94  100  104  107  108  108  106  102   97   92   88   84   81   80
   80   81   82   83   82   80   77   71   65
    67.5 -180.0 180.0   5.0 450.0                            LAT/LON1/LON2/DLON/H
   76   68   60   53   48   46   48   52   60   71   83   97  111  126  141  156
  171  186  201  214  225  232  235  234  228  220  209  196  183  170  157  143
  128  113   98   83   69   56   45   37   32   30   30   33   38   44   52   60
   68   76   83   89   94   98  101  103  103  102   99   95   91   88   86   86
   87   90   92   94   95   93   89   83   76
    65.0 -180.0 180.0   5.0 450.0                            LAT/LON1/LON2/DLON/H
   80   71   63   56   51   49   50   55   63   75   89  105  121  138  155  172
  190  209  226  242  255  263  266  263  255  244  230  216  202  188  174  160
  145  130  114   98   83   69   57   48   41   36   34   34   36   39   44   49
   53   58   63   68   73   78   84   89   92   94   93   91   89   86   85   85
   87   90   94   97   98   97   93   87   80
    62.5 -180.0 180.0   5.0 450.0                            LAT/LON1/LON2/DLON/H
   74   67   61   55   51   49   51   56   66   79   95  112  130  149  168  187
  206  227  247  265  279  288  290  286  276  262  247  231  216  203  190  177
  163  147  130  113   97   83   70   60   51   44   39   35   34   33   34   35
   36   37   38   41   46   52   60   67   74   79   82   82   80   78   76   76
   78   81   85   88   89   88   85   80   74
    60.0 -180.0 180.0   5.0 450.0                            LAT/LON1/LON2/DLON/H
   60   56   52   49   47   48   51   57   68   82  100  119  139  158  178  198
  218  239  260  279  294  303  304  299  287  272  256  241  227  216  205  193
  179  163  145  128  111   96   82   71   61   52   44   37   32   28   25   22
   20   17   16   16   19   25   34   45   55   63   68   69   68   65   62   61
   62   64   67   70   71   70   68   64   60
    57.5 -180.0 180.0   5.0 450.0                            LAT/LON1/LON2/DLON/H
   41   40   40   41   43   46   51   59   71   87  106  127  147  168  187  206
  226  247  267  285  299  307  308  303  291  276  261  247  236  226  217  207
  193  177  158  139  122  106   93   81   69   59   49   41   34   27   22   17
   12    6    2    0    0    6   15   27   39   49   55   57   56   53   49   46
   46   46   47   48   49   47   45   43   41
    55.0 -180.0 180.0   5.0 450.0                            LAT/LON1/LON2/DLON/H
   24   26   29   34   40   46   54   64   78   95  115  137  159  179  197  215
  233  251  269  285  298  305  306  301  291  278  264  252  243  235  228  219
  205  188  168  149  131  115  102   90   78   67   56   47   39   32   27   21
   15    8    1    0    0    0    7   18   31   41   48   51   49   45   40   36
   34   32   32   31   30   28   26   24   24
    52.5 -180.0 180.0   5.0 450.0                            LAT/LON1/LON2/DLON/H
   16   19   24   32   41   50   61   74   89  108  129  151  173  193  210  226
  241  256  271  284  294  300  302  298  291  280  268  258  250  243  237  227
  214  196  176  156  139  124  111   99   87   76   65   56   49   43   39   34
   29   22   14    8    5    6   12   22   33   43   49   51   49   45   39   34
   30   27   25   23   20   18   16   15   16
    50.0 -180.0 180.0   5.0 450.0                            LAT/LON1/LON2/DLON/H
   19   22   28   36   47   59   72   87  104  124  146  169  191  210  226  240
  252  264  275  284  292  297  300  300  295  287  276  266  257  249  242  232
  217  200  180  162  147  133  121  109   97   86   76   68   62   58   55   52
   49   44   37   30   25   24   28   35   43   51   56   58   56   51   45   40
   36   32   29   26   23   21   19   18   19
    47.5 -180.0 180.0   5.0 450.0                            LAT/LON1/LON2/DLON/H
   34   35   39   46   57   71   86  103  122  144  167  190  212  231  245  257
  267  275  283  290  296  301  305  307  306  299  288  275  263  252  242  231
  216  199  182  167  155  144  133  120  108   97   88   80   75   71   70   69
   68   65   60   54   49   47   48   52   58   63   67   67   65   61   56   52
   48   45   42   40   38   36   35   34   34
    45.0 -180.0 180.0   5.0 450.0                            LAT/LON1/LON2/DLON/H
   57   55   56   60   69   83  100  120  141  163  187  211  233  251  265  275
  283  290  296  301  306  311  317  322  321  314  300  283  266  251  238  225
  211  196  182  172  165  157  146  133  119  108   98   91   85   81   79   79
   80   80   77   73   68   66   66   68   71   74   76   76   74   71   67   65
   63   61   59   58   58   59   59   58   57
    42.5 -180.0 180.0   5.0 450.0                            LAT/LON1/LON2/DLON/H
   81   77   73   74   80   93  112  134  157  181  206  231  253  270  283  293
  300  306  311  316  321  327  334  340  339  330  312  289  267  248  232  218
  204  192  183  179  176  172  161  146  130  117  108   99   92   85   81   81
   83   84   84   81   78   76   76   77   78   80   80   80   78   76   75   75
   75   75   74   75   77   81   83   84   81
    40.0 -180.0 180.0   5.0 450.0                            LAT/LON1/LON2/DLON/H
  101   94   87   83   87   99  119  143  169  196  222  247  269  287  299  308
  315  321  328  333  339  346  353  358  355  342  320  293  267  246  230  216
  203  193  188  189  191  189  177  159  141  126  116  106   96   85   78   76
   78   80   81   79   78   77   77   78   79   79   79   78   77   76   77   80
   82   83   84   86   90   95  101  103  101
    37.5 -180.0 180.0   5.0 450.0                            LAT/LON1/LON2/DLON/H
  109  103   94   87   89  100  121  148  178  206  234  260  283  301  312  320
  327  334  342  350  357  364  370  372  365  348  323  295  271  253  239  227
  214  204  201  205  210  209  195  174  152  136  125  115  102   87   76   73
   74   76   76   75   73   73   74   74   75   74   74   73   72   73   76   81
   85   87   87   88   92   99  106  111  109
    35.0 -180.0 180.0   5.0 450.0                            LAT/LON1/LON2/DLON/H
  106  101   92   85   85   97  120  150  182  214  243  271  294  312  323  330
  336  344  354  364  373  379  382  380  368  349  324  300  283  274  266  257
  244  232  227  230  236  233  216  190  166  149  139  129  115   98   86   81
   82   83   81   77   73   71   71   71   70   70   69   67   67   69   74   81
   86   88   87   84   86   91   99  105  106
    32.5 -180.0 180.0   5.0 450.0                            LAT/LON1/LON2/DLON/H
   92   90   84   78   80   93  117  150  185  219  251  280  304  321  332  337
  343  351  363  375  384  389  389  381  365  345  326  313  310  313  316  311
  296  279  268  266  268  262  241  212  185  168  161  154  141  125  113  110
  111  111  105   96   87   81   77   74   72   70   68   67   66   69   76   85
   92   92   86   79   75   77   82   89   92
    30.0 -180.0 180.0   5.0 450.0                            LAT/LON1/LON2/DLON/H
   74   76   74   72   75   89  116  151  188  224  257  288  313  331  340  345
  349  358  370  382  391  394  389  376  358  341  332  335  351  372  387  387
  369  344  323  313  308  297  272  239  211  196  193  190  181  169  161  161
  165  163  152  136  120  107   97   89   83   79   76   74   73   77   85   96
  103  102   91   78   67   62   64   69   74
    27.5 -180.0 180.0   5.0 450.0                            LAT/LON1/LON2/DLON/H
   58   63   65   67   74   90  118  154  193  230  264  295  322  340  350  354
  358  365  376  388  395  395  386  370  353  342  346  369  406  446  473  477
  456  421  388  367  354  338  310  274  245  233  233  236  232  226  225  231
  236  233  217  193  169  148  131  116  106   99   94   90   89   93  104  116
  123  119  104   84   65   54   50   53   58
    25.0 -180.0 180.0   5.0 450.0                            LAT/LON1/LON2/DLON/H
   49   56   62   68   78   96  125  162  201  237  271  302  330  350  361  366
  369  376  385  393  397  394  383  366  352  350  370  412  469  524  562  569
  545  502  458  425  404  383  352  316  287  276  279  286  288  288  293  304
  313  308  288  258  227  198  173  152  136  126  119  115  113  117  129  142
  149  142  123   98   74   57   48   46   49
    22.5 -180.0 180.0   5.0 450.0                            LAT/LON1/LON2/DLON/H
   52   58   66   75   87  106  136  173  211  246  279  310  339  361  375  382
  387  392  397  400  399  392  381  368  360  368  402  459  530  596  639  648
  623  575  522  482  454  429  398  361  332  321  324  332  337  341  351  365
  375  370  348  315  281  247  216  189  169  157  148  142  139  144  155  169
  174  165  144  117   92   71   58   51   52
    20.0 -180.0 180.0   5.0 450.0                            LAT/LON1/LON2/DLON/H
   65   68   76   86   99  120  151  187  224  257  287  318  348  374  392  403
  410  414  414  410  402  393  384  376  377  396  440  506  581  649  693  704
  680  631  576  530  499  474  443  408  377  363  362  367  370  374  384  398
  407  402  381  350  317  283  250  221  199  185  176  169  165  168  179  190
  194  183  162  137  113   94   79   69   65
    17.5 -180.0 180.0   5.0 450.0                            LAT/LON1/LON2/DLON/H
   86   84   88   98  112  135  167  203  238  269  298  328  360  389  413  429
  440  443  437  424  409  398  393  394  405  432  480  546  616  677  717  728
  708  664  612  567  536  513  485  450  418  396  388  385  381  379  383  393
  399  394  378  355  329  300  269  241  220  207  198  190  184  185  194  202
  203  191  171  151  134  120  106   94   86
    15.0 -180.0 180.0   5.0 450.0                            LAT/LON1/LON2/DLON/H
  108  100  100  108  124  149  182  220  255  285  313  343  376  409  438  461
  475  478  466  443  421  408  408  419  440  472  519  576  634  681  712  722
  709  675  631  591  563  543  520  486  450  420  399  383  368  355  350  352
  354  350  342  331  317  297  273  249  231  221  213  204  196  194  199  204
  200  187  170  157  149  143  134  121  108
    12.5 -180.0 180.0   5.0 450.0                            LAT/LON1/LON2/DLON/H
  127  114  108  114  131  159  197  237  273  304  332  362  397  434  468  497
  515  517  499  468  439  426  432  452  480  514  554  597  636  665  685  695
  690  667  634  601  579  564  544  512  472  432  397  367  338  313  296  289
  286  286  288  291  291  282  266  247  234  227  220  210  200  196  197  196
  189  174  161  154  156  159  156  143  127
    10.0 -180.0 180.0   5.0 450.0                            LAT/LON1/LON2/DLON/H
  140  121  111  115  134  167  209  253  293  326  355  387  423  462  501  534
  556  558  536  498  464  451  462  490  523  555  585  611  630  641  650  658
  660  649  626  601  584  574  559  528  484  435  388  344  303  266  240  224
  219  223  236  253  265  267  257  244  234  229  222  212  200  193  190  185
  173  158  147  147  156  167  169  159  140
     7.5 -180.0 180.0   5.0 450.0                            LAT/LON1/LON2/DLON/H
  146  123  109  112  134  172  219  269  313  350  383  416  453  493  533  569
  594  596  573  532  495  483  498  531  564  592  611  621  623  620  619  625
  631  628  612  593  580  574  563  535  489  434  378  324  275  232  200  181
  177  187  209  236  257  263  256  245  237  231  223  211  199  191  185  176
  162  146  137  139  153  168  175  166  146
     5.0 -180.0 180.0   5.0 450.0                            LAT/LON1/LON2/DLON/H
  147  122  106  109  134  176  229  283  332  374  411  446  483  521  561  597
  623  628  606  566  531  521  539  572  603  623  632  631  622  611  604  607
  613  612  598  581  570  566  558  533  489  432  373  316  265  222  192  176
  176  193  222  254  275  280  270  256  245  236  226  213  200  192  185  175
  159  144  135  138  152  167  175  168  147
     2.5 -180.0 180.0   5.0 450.0                            LAT/LON1/LON2/DLON/H
  147  121  105  108  135  181  237  295  349  396  436  473  508  543  580  615
  642  649  632  598  569  562  580  610  635  647  648  642  630  617  608  607
  608  602  586  566  554  552  547  527  487  433  377  324  278  243  221  215
  223  246  277  306  321  317  299  277  260  246  231  216  205  198  192  182
  168  153  145  146  156  168  174  168  147
