ionex_files/turquie/corrected/COD0OPSFIN_20230410000_01D_01H_GIM.INX
     1.0            IONOSPHERE MAPS     GNSS                IONEX VERSION / TYPE
ADDNEQ2 V5.5        AIUB                14-FEB-23 21:15     PGM / RUN BY / DATE 
CODE'S GLOBAL IONOSPHERE MAPS FOR DAY 041, 2023             COMMENT             
Global ionosphere maps (GIM) are generated on a daily basis DESCRIPTION         
at CODE using data from about 300 GNSS sites of the IGS and DESCRIPTION         
other institutions. The vertical total electron content     DESCRIPTION         
(VTEC) is modeled in a solar-geomagnetic reference frame    DESCRIPTION         
using a spherical harmonics expansion up to degree and      DESCRIPTION         
order 15. Piece-wise linear functions are used for          DESCRIPTION         
representation in the time domain. The time spacing of      DESCRIPTION         
their vertices is 1 hour, conforming with the epochs of the DESCRIPTION         
VTEC maps.                                                  DESCRIPTION         
To convert line-of-sight TEC into vertical TEC, a modified  DESCRIPTION         
single-layer model mapping function approximating the JPL   DESCRIPTION         
extended slab model mapping function is adopted. The        DESCRIPTION         
mapping function is evaluated at geodetic satellite         DESCRIPTION         
elevation angles. For the computation of the ionospheric    DESCRIPTION         
pierce points, a spherical layer with a radius of 6821 km   DESCRIPTION         
is assumed, implying geocentric, not geodetic IONEX         DESCRIPTION         
latitudes.                                                  DESCRIPTION         
Instrumental biases with respect to each involved GNSS code DESCRIPTION         
observable are estimated as constant values for each        DESCRIPTION         
day. They are modeled with one set of bias parameters for   DESCRIPTION         
each satellite and each station in case of GPS and for each DESCRIPTION         
satellite-station link in case of GLONASS. The code bias    DESCRIPTION         
datum is defined by zero-mean conditions imposed on the     DESCRIPTION         
satellite bias estimates. In this file, just GPS C1W-C2W    DESCRIPTION         
satellite and station bias values are included. The         DESCRIPTION         
complete set of GNSS code bias results is provided in an    DESCRIPTION         
additional Bias-SINEX file as pseudo-absolute values        DESCRIPTION         
specific to each observable.                                DESCRIPTION         
Note: These GIM results correspond to the results for the   DESCRIPTION         
middle day of a 3-day combination analysis solving for 73   DESCRIPTION         
times 256, or 18688 VTEC parameters and 3 daily sets of     DESCRIPTION         
GNSS code bias parameters.                                  DESCRIPTION         
Contact address: code(at)aiub.unibe.ch                      DESCRIPTION         
Data archive:    ftp.aiub.unibe.ch/CODE/                    DESCRIPTION         
                 www.aiub.unibe.ch/download/CODE/           DESCRIPTION         
  2023     2    10     0     0     0                        EPOCH OF FIRST MAP  
  2023     2    11     0     0     0                        EPOCH OF LAST MAP   
  3600                                                      INTERVAL            
[...]
bshm cags cas1 ccj2 cedu chpg chpi chti chur ckis coco cord COMMENT             
cpvg cpxf crar cro1 daej darw dav1 dhlg drao dubo ebre faa1 COMMENT             
fair flrs frdn ftna func ganp glps glsv gode godz gol2 gold COMMENT             
gope gras graz guam guug harb hers hert hlfx hob2 hofn holb COMMENT             
hrao hyde iddr ieng iisc ineg invk iqal isba jog2 joz2 joze COMMENT             
karr kerg kir0 kiri kiru kit3 kokb kokv koug kour krgg laut COMMENT             
lmmf lpal lpgs m0se mac1 madr mal2 mana mas1 mat1 mate maw1 COMMENT             
mcm4 mdo1 mdvj medi mets mgue mizu mkea mnls mobs monp morp COMMENT             
mqzg mro1 mtka nano nico nist nium nklg nlib nnor not1 nrc1 COMMENT             
nrmd ntus nya1 nyal ohi2 onsa opmt ous2 pado parc park pdel COMMENT             
penc pert pie1 pimo pohn pol2 polv pots pove prds ptbb ptvl COMMENT             
qaq1 quin ramo reun reyk rgdg rio2 riop salu samo sant savo COMMENT             
sch2 scor scrz sctb scub seyg smst sofi spt0 ssia sthl stjo COMMENT             
stk2 str2 suth sutm suwn sydn syog tabl tabv tash thtg thti COMMENT             
thu2 tid1 tidb tlse tn22 tong tow2 tro1 tsea tskb twtf txes COMMENT             
uclu ufpr ulab unb3 unbj unsa urum usn7 usud vald vill voim COMMENT             
vtsp wab1 wab2 wark wes2 wgtn whit will wsrt wtza wtzl wtzr COMMENT             
wtzs wtzz wuhn xmis yar2 yar3 yarr yell ykro zamb zeck zim2 COMMENT             
zim3 zimm                                                   COMMENT             
                                                            END OF HEADER       
[from data line 858]
     3                                                      START OF TEC MAP    
  2023     2    10     2     0     0                        EPOCH OF CURRENT MAP
    87.5 -180.0 180.0   5.0 450.0                            LAT/LON1/LON2/DLON/H
  233  234  235  236  237  238  239  240  240  240  240  240  240  239  238  237
  236  234  233  230  228  225  223  220  216  213  210  206  203  200  196  193
  190  187  185  182  180  178  177  176  175  174  174  174  174  175  176  177
  178  180  182  184  186  189  191  194  197  199  202  205  207  210  213  215
  217  220  222  224  226  228  230  231  233
    85.0 -180.0 180.0   5.0 450.0                            LAT/LON1/LON2/DLON/H
  238  239  240  242  243  244  246  247  249  250  251  252  253  253  253  252
  251  249  246  242  238  233  228  222  215  208  201  194  187  179  172  166
  160  154  149  144  140  136  134  132  130  130  129  130  131  133  135  138
  142  146  150  155  159  165  170  175  181  186  191  196  201  206  210  214
  218  222  225  228  230  232  234  236  238
    82.5 -180.0 180.0   5.0 450.0                            LAT/LON1/LON2/DLON/H
  234  233  233  233  233  234  235  236  239  241  244  247  250  252  254  255
  255  254  251  247  242  235  227  218  209  199  188  177  167  156  146  137
  128  120  114  108  102   98   95   93   91   91   91   93   95   98  101  106
  111  117  123  130  137  145  153  161  168  176  183  190  197  204  210  215
  220  224  227  230  232  233  234  234  234
    80.0 -180.0 180.0   5.0 450.0                            LAT/LON1/LON2/DLON/H
  231  227  223  219  216  214  213  213  215  218  222  227  232  237  242  245
  248  248  247  243  238  231  222  211  199  187  174  161  148  136  124  113
  104   96   88   82   78   74   71   69   68   68   69   70   72   76   80   85
   92   99  106  115  124  133  143  152  162  171  180  189  197  205  212  219
  225  230  234  236  238  238  237  235  231
    77.5 -180.0 180.0   5.0 450.0                            LAT/LON1/LON2/DLON/H
  241  232  223  213  204  196  191  187  187  188  192  198  204  212  219  225
  229  232  233  232  228  221  213  202  190  177  163  149  136  123  112  101
   92   85   79   74   71   68   67   66   65   65   66   67   69   71   75   80
   86   93  102  111  121  131  141  152  162  172  182  192  201  210  219  227
  235  242  248  252  255  255  252  248  241
    75.0 -180.0 180.0   5.0 450.0                            LAT/LON1/LON2/DLON/H
  270  257  241  224  207  192  179  170  164  162  163  166  172  179  187  195
  202  208  212  214  213  209  203  194  184  172  159  146  134  122  112  103
   95   90   86   83   82   81   81   81   81   82   81   81   82   83   85   89
   94  100  108  117  127  138  148  159  169  179  188  198  208  218  228  239
  250  260  270  278  283  286  285  279  270
    72.5 -180.0 180.0   5.0 450.0                            LAT/LON1/LON2/DLON/H
  318  303  282  258  233  209  187  170  156  147  142  141  142  147  153  161
  170  178  186  192  196  197  195  190  183  174  164  153  142  132  123  115
  109  105  103  103  104  105  108  109  110  111  110  108  107  106  105  107
  110  115  122  131  140  150  160  170  180  189  198  207  217  227  239  251
  265  280  295  309  321  329  332  328  318
    70.0 -180.0 180.0   5.0 450.0                            LAT/LON1/LON2/DLON/H
  381  365  342  312  280  248  218  191  168  150  137  127  121  119  121  127
  136  147  159  171  180  187  191  191  187  181  174  165  156  148  140  133
  128  125  124  125  128  132  136  140  142  143  141  138  134  131  128  127
  128  132  138  145  154  164  173  183  192  200  209  217  227  237  249  263
  280  299  320  341  360  376  386  388  381
    67.5 -180.0 180.0   5.0 450.0                            LAT/LON1/LON2/DLON/H
  446  433  410  379  342  304  266  232  201  173  149  128  112  101   96   98
  106  119  135  152  167  180  189  194  194  191  185  179  171  163  156  149
  144  140  139  140  144  150  156  162  166  167  166  162  156  150  146  142
  142  144  149  155  164  173  182  192  201  210  219  227  237  247  259  274
  292  313  338  365  393  418  437  447  446
    65.0 -180.0 180.0   5.0 450.0                            LAT/LON1/LON2/DLON/H
  501  494  475  444  406  366  325  286  248  212  178  145  117   95   82   78
   84   98  117  138  158  175  188  196  198  197  193  187  180  173  166  158
  152  146  143  143  147  153  161  169  175  178  177  172  166  158  152  147
  145  146  150  157  165  174  185  195  206  216  227  237  248  259  271  285
  302  323  349  379  412  445  474  493  501
    62.5 -180.0 180.0   5.0 450.0                            LAT/LON1/LON2/DLON/H
  535  536  522  496  461  421  381  341  301  260  217  175  135  103   81   71
   74   86  106  129  151  170  184  192  196  194  190  185  179  172  165  158
  149  142  136  133  136  142  151  160  167  171  171  166  159  151  144  139
  137  137  141  147  156  167  179  191  205  218  232  246  260  273  285  297
  311  329  353  382  417  455  490  519  535
    60.0 -180.0 180.0   5.0 450.0                            LAT/LON1/LON2/DLON/H
  544  553  545  524  494  460  424  388  350  307  260  211  163  122   92   77
   75   85  102  122  142  160  173  181  183  181  176  171  166  161  156  149
  140  130  121  115  115  120  128  138  146  151  150  146  140  132  125  121
  118  119  123  130  140  153  167  183  200  218  236  256  274  290  303  315
  325  337  354  378  410  448  486  521  544
    57.5 -180.0 180.0   5.0 450.0                            LAT/LON1/LON2/DLON/H
  531  544  542  527  503  476  447  418  386  347  300  248  195  149  115   94
   88   91  102  116  130  143  154  159  160  157  153  148  145  143  140  135
  127  116  105   96   93   95  102  111  118  122  122  118  112  106  100   96
   95   97  102  110  122  137  155  174  195  217  241  266  290  311  327  338
  344  350  358  374  398  431  468  504  531
    55.0 -180.0 180.0   5.0 450.0                            LAT/LON1/LON2/DLON/H
  504  519  520  509  490  469  449  428  404  372  330  280  228  181  144  120
  107  103  103  107  113  120  127  131  132  129  125  121  121  122  124  123
  117  106   94   83   77   76   80   87   92   94   93   90   85   80   76   74
   74   76   83   94  109  127  148  171  195  221  250  279  308  334  353  365
  369  369  370  375  389  413  445  477  504
    52.5 -180.0 180.0   5.0 450.0                            LAT/LON1/LON2/DLON/H
  475  488  489  479  464  448  434  421  405  381  347  303  256  213  176  149
  130  115  103   95   91   93   98  103  105  104  100   98   99  104  110  113
  111  103   92   80   72   69   69   72   74   74   72   69   65   62   60   59
   60   64   73   86  105  128  152  178  204  233  263  296  328  357  379  393
  397  394  389  386  390  404  427  453  475
    50.0 -180.0 180.0   5.0 450.0                            LAT/LON1/LON2/DLON/H
  457  464  462  452  437  423  413  405  395  378  352  317  278  240  207  178
  152  126  102   82   70   67   73   81   86   87   85   84   86   93  101  108
  110  106   97   87   79   73   71   69   68   66   63   60   57   56   56   57
   59   64   75   92  115  143  171  198  225  253  283  315  348  377  401  417
  423  420  413  407  405  411  425  442  457
    47.5 -180.0 180.0   5.0 450.0                            LAT/LON1/LON2/DLON/H
  458  458  451  437  421  407  396  388  380  368  348  323  293  263  233  203
  171  136  101   72   54   51   59   72   81   85   83   81   82   88   97  106
  111  111  107  101   94   88   82   78   74   70   67   64   63   64   65   66
   69   76   89  110  138  170  202  231  257  282  309  338  367  394  417  433
  442  444  441  436  434  436  443  451  458
    45.0 -180.0 180.0   5.0 450.0                            LAT/LON1/LON2/DLON/H
  483  476  462  445  427  409  394  381  370  357  342  323  302  279  253  222
  186  145  104   71   53   51   62   79   91   96   93   89   87   90   96  104
  110  115  116  115  112  106  100   93   87   83   80   80   80   82   84   85
   88   96  111  136  169  206  240  269  294  316  338  361  384  407  426  442
  454  462  467  471  474  479  483  485  483
    42.5 -180.0 180.0   5.0 450.0                            LAT/LON1/LON2/DLON/H
  533  518  499  478  457  435  414  392  372  354  338  323  308  290  266  236
  199  157  116   85   68   69   83  100  112  116  112  105   99   96   97  101
  107  114  122  127  128  124  117  108  102   99   99  101  103  105  107  108
  111  119  137  165  202  242  278  307  330  349  366  384  401  416  431  444
  459  475  492  509  525  537  544  542  533
    40.0 -180.0 180.0   5.0 450.0                            LAT/LON1/LON2/DLON/H
  606  584  559  536  512  487  457  423  390  362  341  326  313  297  275  246
  211  174  139  113  101  103  115  128  137  138  132  123  115  107  102  100
  104  112  124  135  139  137  129  121  115  115  117  121  125  127  127  128
  131  140  159  190  230  272  309  337  358  375  390  404  416  426  436  448
  465  488  518  551  584  609  622  621  606
    37.5 -180.0 180.0   5.0 450.0                            LAT/LON1/LON2/DLON/H
  696  667  637  611  587  558  520  474  426  384  354  334  320  303  281  254
  224  195  171  154  145  145  150  155  157  154  149  142  134  124  114  106
  106  114  128  141  147  145  136  127  123  125  131  137  140  141  141  141
  144  154  175  208  248  290  327  354  374  390  406  420  432  440  448  459
  479  509  551  601  651  693  715  715  696
    35.0 -180.0 180.0   5.0 450.0                            LAT/LON1/LON2/DLON/H
  799  763  727  699  675  644  599  541  477  420  378  351  331  310  285  259
  236  219  207  197  190  184  178  172  167  162  161  161  159  151  138  126
  120  125  138  150  155  150  139  130  127  131  139  145  148  147  145  145
  149  160  182  215  256  297  331  357  377  395  414  432  448  461  472  486
  509  546  598  662  729  786  819  822  799
    32.5 -180.0 180.0   5.0 450.0                            LAT/LON1/LON2/DLON/H
  907  864  823  792  768  737  687  618  540  468  413  375  347  319  290  264
  247  240  237  233  223  209  191  175  164  163  170  183  192  191  179  164
  154  153  160  167  167  157  143  131  128  133  141  147  147  144  141  140
  146  159  182  215  255  294  326  350  370  391  416  443  468  490  509  531
  560  602  662  735  815  885  927  933  907
    30.0 -180.0 180.0   5.0 450.0                            LAT/LON1/LON2/DLON/H
 1013  965  918  886  861  830  777  701  611  526  458  408  368  331  296  268
  254  253  255  251  237  213  187  166  156  162  184  213  237  245  238  222
  207  199  196  193  184  168  149  135  131  135  142  145  142  136  131  132
  139  154  178  212  250  287  318  341  362  386  417  454  492  528  560  592
  629  676  739  818  905  983 1033 1042 1013
    27.5 -180.0 180.0   5.0 450.0                            LAT/LON1/LON2/DLON/H
 1107 1056 1008  974  950  919  866  785  687  591  511  448  396  348  304  271
  256  255  256  247  227  199  172  154  153  172  209  254  292  312  310  295
  276  258  243  227  207  184  161  146  140  141  144  143  136  127  122  123
  132  149  175  209  247  283  314  338  360  387  424  470  522  572  619  663
  707  758  821  900  988 1071 1125 1136 1107
    25.0 -180.0 180.0   5.0 450.0                            LAT/LON1/LON2/DLON/H
 1179 1130 1083 1051 1030 1001  949  867  765  662  571  496  431  371  316  275
  254  247  240  225  201  175  156  152  166  199  250  308  357  384  387  373
  349  321  292  262  232  203  179  163  154  152  151  145  134  123  116  118
  128  148  176  211  250  288  320  346  370  399  440  494  557  620  679  733
  783  834  895  969 1054 1135 1191 1206 1179
    22.5 -180.0 180.0   5.0 450.0                            LAT/LON1/LON2/DLON/H
 1219 1178 1139 1113 1096 1072 1023  943  842  735  636  550  473  401  335  284
  253  235  218  196  172  157  157  173  204  251  309  371  423  452  457  442
  414  377  335  292  255  224  201  185  175  169  162  152  138  125  117  119
  130  151  181  219  262  304  340  370  396  427  470  528  596  667  733  791
  842  891  945 1011 1088 1165 1220 1239 1219
    20.0 -180.0 180.0   5.0 450.0                            LAT/LON1/LON2/DLON/H
 1219 1191 1166 1152 1144 1127 1084 1010  913  806  703  610  523  440  363  302
  259  229  203  177  160  162  186  225  271  323  379  436  481  507  509  492
  459  414  362  311  270  242  223  210  198  188  177  163  148  134  125  125
  135  157  190  232  280  328  371  406  436  467  510  568  639  710  775  829
  875  916  962 1017 1083 1152 1206 1228 1219
    17.5 -180.0 180.0   5.0 450.0                            LAT/LON1/LON2/DLON/H
 1178 1167 1160 1162 1167 1159 1126 1062  974  872  769  671  578  488  403  333
  280  241  208  184  180  203  250  307  359  405  450  492  524  540  536  516
  479  429  371  317  278  255  244  233  221  207  192  177  162  148  137  134
  143  165  201  248  302  357  408  450  483  515  556  612  680  746  801  844
  877  908  942  986 1041 1100 1149 1176 1178
    15.0 -180.0 180.0   5.0 450.0                            LAT/LON1/LON2/DLON/H
 1102 1108 1119 1139 1159 1164 1144 1093 1017  924  827  730  636  543  455  379
  321  277  245  230  241  283  346  407  453  483  507  530  546  550  539  514
  475  423  364  312  279  265  260  253  240  222  205  191  176  162  149  143
  150  173  212  264  324  386  444  492  529  561  600  653  715  772  813  838
  854  872  895  927  970 1019 1062 1090 1102
    12.5 -180.0 180.0   5.0 450.0                            LAT/LON1/LON2/DLON/H
 1006 1023 1049 1085 1119 1138 1132 1097 1037  958  870  781  692  602  514  439
  380  340  317  314  340  394  458  508  533  539  540  545  548  541  523  494
  454  403  347  302  277  272  273  268  252  232  214  200  188  174  159  150
  155  179  221  278  342  409  472  525  565  597  634  684  740  786  811  817
  817  821  835  858  890  928  963  989 1006
    10.0 -180.0 180.0   5.0 450.0                            LAT/LON1/LON2/DLON/H
  909  928  961 1005 1050 1081 1089 1072 1029  967  895  819  741  659  578  506
  454  423  413  426  462  514  563  587  581  560  543  538  534  523  500  468
  428  380  332  295  279  280  283  276  257  235  216  204  194  181  165  153
  157  182  228  288  355  424  489  544  584  616  652  699  751  790  802  793
  779  774  781  799  823  851  876  895  909
     7.5 -180.0 180.0   5.0 450.0                            LAT/LON1/LON2/DLON/H
  831  842  869  912  960  999 1021 1019  995  952  898  840  778  709  638  574
  530  512  518  543  581  620  639  625  585  543  518  514  515  504  480  446
  407  364  324  296  286  290  292  281  257  232  214  204  195  182  165  153
  158  186  235  296  363  429  493  547  586  616  650  696  747  783  790  773
  753  746  752  768  787  806  820  828  831
     5.0 -180.0 180.0   5.0 450.0                            LAT/LON1/LON2/DLON/H
  789  782  792  824  866  907  937  949  942  917  882  843  800  747  687  631
  596  589  608  640  672  685  666  614  546  494  476  485  498  494  469  434
  397  360  327  306  300  302  298  281  253  226  209  200  192  179  163  152
  158  190  242  303  366  427  485  535  571  598  629  675  728  767  777  764
  749  746  758  775  792  804  808  802  789
     2.5 -180.0 180.0   5.0 450.0                            LAT/LON1/LON2/DLON/H
  790  760  746  756  785  822  855  876  880  871  853  833  809  771  721  670
  640  640  664  695  711  695  640  556  475  428  429  461  491  493  470  434
  397  365  338  321  315  312  301  277  246  219  203  194  187  174  159  150
  161  195  249  309  366  419  470  514  545  568  596  642  698  744  766  766
  765  776  797  818  835  843  840  821  790
