ionex_files/turquie/corrected/COD0OPSFIN_20230310000_01D_01H_GIM.INX
     1.0            IONOSPHERE MAPS     GNSS                IONEX VERSION / TYPE
ADDNEQ2 V5.5        AIUB                04-FEB-23 21:03     PGM / RUN BY / DATE 
CODE'S GLOBAL IONOSPHERE MAPS FOR DAY 031, 2023             COMMENT             
Global ionosphere maps (GIM) are generated on a daily basis DESCRIPTION         
at CODE using data from about 300 GNSS sites of the IGS and DESCRIPTION         
other institutions. The vertical total electron content     DESCRIPTION         
(VTEC) is modeled in a solar-geomagnetic reference frame    DESCRIPTION         
using a spherical harmonics expansion up to degree and      DESCRIPTION         
order 15. Piece-wise linear functions are used for          DESCRIPTION         
representation in the time domain. The time spacing of      DESCRIPTION         
their vertices is 1 hour, conforming with the epochs of the DESCRIPTION         
VTEC maps.                                                  DESCRIPTION         
To convert line-of-sight TEC into vertical TEC, a modified  DESCRIPTION         
single-layer model mapping function approximating the JPL   DESCRIPTION         
extended slab model mapping function is adopted. The        DESCRIPTION         
mapping function is evaluated at geodetic satellite         DESCRIPTION         
elevation angles. For the computation of the ionospheric    DESCRIPTION         
pierce points, a spherical layer with a radius of 6821 km   DESCRIPTION         
is assumed, implying geocentric, not geodetic IONEX         DESCRIPTION         
latitudes.                                                  DESCRIPTION         
Instrumental biases with respect to each involved GNSS code DESCRIPTION         
observable are estimated as constant values for each        DESCRIPTION         
day. They are modeled with one set of bias parameters for   DESCRIPTION         
each satellite and each station in case of GPS and for each DESCRIPTION         
satellite-station link in case of GLONASS. The code bias    DESCRIPTION         
datum is defined by zero-mean conditions imposed on the     DESCRIPTION         
satellite bias estimates. In this file, just GPS C1W-C2W    DESCRIPTION         
satellite and station bias values are included. The         DESCRIPTION         
complete set of GNSS code bias results is provided in an    DESCRIPTION         
additional Bias-SINEX file as pseudo-absolute values        DESCRIPTION         
specific to each observable.                                DESCRIPTION         
Note: These GIM results correspond to the results for the   DESCRIPTION         
middle day of a 3-day combination analysis solving for 73   DESCRIPTION         
times 256, or 18688 VTEC parameters and 3 daily sets of     DESCRIPTION         
GNSS code bias parameters.                                  DESCRIPTION         
Contact address: code(at)aiub.unibe.ch                      DESCRIPTION         
Data archive:    ftp.aiub.unibe.ch/CODE/                    DESCRIPTION         
                 www.aiub.unibe.ch/download/CODE/           DESCRIPTION         
  2023     1    31     0     0     0                        EPOCH OF FIRST MAP  
  2023     2     1     0     0     0                        EPOCH OF LAST MAP   
  3600                                                      INTERVAL            
[...]
brst brux bshm cags cas1 ccj2 cedu chpg chpi chti chur ckis COMMENT             
cnmr coco cord cpvg cpxf crar cro1 daej darw dav1 dgar dhlg COMMENT             
drao dubo ebre faa1 fair flrs frdn ftna func ganp glps gode COMMENT             
godz gol2 gold gope gras graz guam guug harb hers hert hlfx COMMENT             
hob2 hofn holb hrao hyde iddr ieng iisc ineg invk iqal irkj COMMENT             
isba jog2 joz2 joze karr kerg kir0 kiri kiru kit3 kokb kokv COMMENT             
koug kour krgg laut lmmf lpal lpgs m0se mac1 madr mal2 mana COMMENT             
mas1 mat1 mate maw1 mcm4 mdo1 mdvj medi mets mgue mizu mkea COMMENT             
mnls mobs monp morp mqzg mro1 mtka nano nico nist nium nklg COMMENT             
nlib nnor not1 nrc1 nrmd ntus nya1 nyal ohi2 onsa opmt ous2 COMMENT             
pado parc park pdel penc pert pie1 pimo pohn pol2 polv pots COMMENT             
pove prds ptbb ptvl qaq1 quin ramo reun reyk rgdg rio2 riop COMMENT             
roth salu samo sant savo sch2 scor scrz sctb scub seyg sofi COMMENT             
spt0 ssia sthl stjo stk2 str2 suth sutm suwn sydn syog tabl COMMENT             
tabv tash thtg thti thu2 tid1 tidb tlse tn22 tong tow2 tro1 COMMENT             
tsea tskb twtf txes uclu ufpr ulab unb3 unbj unsa urum usn7 COMMENT             
usud vald vill voim vtsp wab1 wab2 wark wes2 wgtn whit will COMMENT             
wind wsrt wtza wtzl wtzr wtzs wtzz wuhn xmis yar2 yar3 yarr COMMENT             
yell ykro zamb zeck zim2 zim3 zimm                          COMMENT             
                                                            END OF HEADER       
[from data line 6864]
    17                                                      START OF TEC MAP    
  2023     1    31    16     0     0                        EPOCH OF CURRENT MAP
    87.5 -180.0 180.0   5.0 450.0                            LAT/LON1/LON2/DLON/H
  129  128  128  128  128  128  129  129  130  131  132  133  134  135  136  137
  138  140  141  142  144  145  146  148  149  150  152  153  154  156  157  158
  159  160  161  162  163  164  165  166  167  167  168  168  168  168  168  168
  167  166  165  164  163  161  159  158  156  153  151  149  147  145  143  141
  139  137  135  134  132  131  130  129  129
    85.0 -180.0 180.0   5.0 450.0                            LAT/LON1/LON2/DLON/H
   98   98   98   99  100  101  102  104  106  107  109  111  114  116  118  121
  123  125  128  130  133  135  137  139  141  143  145  146  148  150  151  153
  155  156  158  160  162  164  166  168  170  172  174  175  177  178  178  178
  178  177  176  174  171  168  164  160  155  150  145  140  135  130  125  120
  116  112  108  106  103  101  100   99   98
    82.5 -180.0 180.0   5.0 450.0                            LAT/LON1/LON2/DLON/H
   68   69   70   72   74   76   78   80   83   86   89   91   94   98  101  104
  108  111  115  119  122  125  128  131  133  135  136  138  139  140  141  142
  143  144  146  148  150  153  156  159  162  166  170  173  177  180  182  184
  185  185  184  182  178  174  168  161  153  145  136  128  119  110  103   95
   89   83   78   75   72   70   69   68   68
    80.0 -180.0 180.0   5.0 450.0                            LAT/LON1/LON2/DLON/H
   47   48   50   53   55   58   61   64   66   69   72   76   79   83   87   91
   96  101  107  112  117  122  126  129  131  133  134  134  134  133  132  132
  131  131  131  132  134  136  139  143  148  153  158  164  170  176  181  185
  189  190  191  189  185  179  172  162  152  140  128  116  104   92   82   73
   65   58   53   49   47   46   45   46   47
    77.5 -180.0 180.0   5.0 450.0                            LAT/LON1/LON2/DLON/H
   39   41   43   46   49   51   53   56   58   61   63   66   69   74   79   84
   91   98  106  114  122  129  135  139  142  143  142  140  138  134  131  127
  124  122  120  119  119  120  122  126  130  135  142  149  157  166  174  181
  187  192  194  193  190  184  175  164  151  137  122  108   93   80   69   59
   51   44   40   37   35   35   36   37   39
    75.0 -180.0 180.0   5.0 450.0                            LAT/LON1/LON2/DLON/H
   46   48   50   51   53   55   56   57   58   60   62   64   67   71   77   85
   94  104  116  128  139  150  158  164  167  167  165  160  154  147  139  132
  126  120  116  112  110  109  109  111  114  118  124  132  141  151  162  172
  181  188  192  193  191  185  176  165  151  136  120  104   90   77   66   57
   50   45   42   40   40   41   42   44   46
    72.5 -180.0 180.0   5.0 450.0                            LAT/LON1/LON2/DLON/H
   63   64   65   65   66   66   66   65   65   66   66   68   71   75   82   92
  104  118  135  152  168  183  194  202  205  204  199  191  181  169  158  147
  137  128  121  114  109  105  103  101  102  104  108  115  123  133  144  156
  167  176  183  186  185  181  172  161  148  133  119  104   92   81   72   66
   61   58   57   57   58   60   61   62   63
    70.0 -180.0 180.0   5.0 450.0                            LAT/LON1/LON2/DLON/H
   84   84   83   82   80   79   77   76   75   74   74   76   79   84   92  104
  119  138  159  182  204  223  239  249  252  249  242  230  215  200  184  170
  157  145  134  125  117  110  104   99   96   94   95   99  105  113  124  135
  147  157  164  169  169  166  159  150  139  127  116  106   97   90   85   82
   80   80   80   81   83   84   84   85   84
    67.5 -180.0 180.0   5.0 450.0                            LAT/LON1/LON2/DLON/H
   99   97   95   93   91   88   86   84   82   82   82   84   88   94  104  117
  136  159  185  213  240  265  283  295  299  295  285  270  253  234  216  198
  182  168  154  142  131  120  111  102   95   89   86   86   88   93  101  110
  121  130  137  142  143  142  137  130  123  116  110  105  101   99   98   98
   99  100  102  103  103  103  102  101   99
    65.0 -180.0 180.0   5.0 450.0                            LAT/LON1/LON2/DLON/H
  101   99   97   95   92   90   88   86   85   85   87   90   95  103  114  130
  151  177  207  240  271  299  321  334  338  334  323  307  288  269  249  230
  212  194  178  162  148  134  121  110   99   90   83   78   75   76   80   85
   92   99  105  109  110  109  106  103  100   99   99  100  102  105  108  110
  112  113  113  112  111  109  107  104  101
    62.5 -180.0 180.0   5.0 450.0                            LAT/LON1/LON2/DLON/H
   88   86   85   85   84   83   82   81   81   83   87   92  100  110  123  140
  163  191  223  257  291  321  344  359  364  361  351  336  319  300  281  261
  242  222  202  184  166  149  134  120  107   95   84   75   69   64   63   63
   66   69   72   73   74   73   72   72   74   78   84   92   99  105  110  112
  113  112  110  106  102   98   94   90   88
    60.0 -180.0 180.0   5.0 450.0                            LAT/LON1/LON2/DLON/H
   61   61   63   66   68   69   70   70   72   77   83   91  102  114  129  148
  171  199  231  266  299  329  352  367  374  373  366  355  342  327  310  291
  270  248  225  203  182  163  146  131  117  104   91   79   69   60   54   49
   47   45   45   43   42   41   41   44   49   58   69   81   92  100  104  105
  102   98   92   86   79   72   67   63   61
    57.5 -180.0 180.0   5.0 450.0                            LAT/LON1/LON2/DLON/H
   29   32   37   44   49   53   55   58   62   69   78   89  103  118  135  154
  178  205  235  266  297  325  347  362  370  372  371  366  359  349  335  317
  294  269  243  218  195  175  157  142  128  115  102   89   76   64   54   45
   38   32   28   24   21   19   19   23   32   44   58   72   84   91   93   90
   84   75   66   56   47   39   33   29   29
    55.0 -180.0 180.0   5.0 450.0                            LAT/LON1/LON2/DLON/H
    1    7   15   25   34   40   44   48   54   63   75   89  105  122  141  161
  184  209  236  264  290  314  333  348  358  364  368  369  368  363  351  334
  310  282  254  227  204  184  168  153  141  128  116  103   89   75   62   50
   40   32   25   19   14   11   11   16   25   39   54   68   78   83   82   75
   64   52   40   29   19   10    3    0    1
    52.5 -180.0 180.0   5.0 450.0                            LAT/LON1/LON2/DLON/H
    0    0    4   16   26   33   39   44   51   62   77   93  111  130  150  171
  193  216  240  263  284  304  320  334  344  353  361  367  370  367  357  338
  313  284  255  229  208  190  176  164  152  141  129  117  104   89   75   62
   51   42   34   27   21   18   17   21   31   43   57   70   78   80   75   64
   50   36   22   11    2    0    0    0    0
    50.0 -180.0 180.0   5.0 450.0                            LAT/LON1/LON2/DLON/H
    0    0    7   19   29   36   41   47   56   69   85  103  122  141  161  183
  205  227  248  267  285  301  314  326  336  345  353  360  363  359  348  327
  301  272  245  224  207  195  184  173  162  151  140  128  116  102   89   77
   66   58   51   44   39   34   34   37   45   56   68   77   82   81   74   61
   45   31   19   10    3    0    0    0    0
    47.5 -180.0 180.0   5.0 450.0                            LAT/LON1/LON2/DLON/H
   11   15   23   33   41   46   50   56   66   81  100  118  136  155  175  197
  219  241  261  279  294  308  319  329  336  342  347  349  347  339  324  301
  275  249  228  213  204  197  190  180  168  156  144  133  122  111   99   89
   81   75   70   64   59   55   54   57   64   73   82   89   91   88   80   66
   51   38   29   24   21   18   14   11   11
    45.0 -180.0 180.0   5.0 450.0                            LAT/LON1/LON2/DLON/H
   43   44   49   54   58   60   62   68   80   98  118  136  153  170  189  210
  234  257  278  296  312  326  337  343  346  345  341  335  324  309  289  265
  240  220  207  201  201  201  197  186  172  157  144  132  122  113  103   96
   91   88   85   81   77   73   72   75   80   88   95  100  101   98   90   78
   65   55   49   48   50   51   49   45   43
    42.5 -180.0 180.0   5.0 450.0                            LAT/LON1/LON2/DLON/H
   77   75   76   77   76   74   73   79   93  114  136  155  170  185  201  222
  246  270  294  316  336  352  362  366  361  351  336  318  297  275  251  228
  208  195  192  196  204  209  206  193  175  156  140  128  118  110  103   98
   96   95   95   92   88   83   82   85   90   97  103  108  110  108  101   92
   82   74   72   75   81   85   85   81   77
    40.0 -180.0 180.0   5.0 450.0                            LAT/LON1/LON2/DLON/H
  104  100   97   95   90   83   80   85  102  127  152  172  185  197  211  230
  254  280  307  334  360  380  391  390  378  357  330  301  272  245  222  204
  192  188  193  204  217  224  220  204  181  157  137  124  115  107  102   99
   99  101  101   98   91   86   83   86   92   99  106  111  114  114  111  104
   96   91   90   96  104  110  112  109  104
    37.5 -180.0 180.0   5.0 450.0                            LAT/LON1/LON2/DLON/H
  118  113  109  104   96   86   81   87  106  135  163  185  198  207  219  236
  258  284  315  348  380  404  415  411  391  360  324  288  256  231  215  206
  204  209  220  234  246  251  243  222  194  165  143  128  119  112  107  105
  107  109  108  103   93   83   79   81   87   95  102  109  114  117  116  112
  106  101  100  105  113  121  124  123  118
    35.0 -180.0 180.0   5.0 450.0                            LAT/LON1/LON2/DLON/H
  117  114  110  105   96   84   77   83  105  137  169  193  208  216  226  239
  259  285  318  356  393  420  431  421  395  359  320  285  258  243  239  243
  253  264  276  287  294  292  277  251  218  187  162  146  136  130  125  124
  126  127  124  114   98   84   75   75   81   89   97  104  111  116  118  115
  110  104  101  103  109  116  120  120  117
    32.5 -180.0 180.0   5.0 450.0                            LAT/LON1/LON2/DLON/H
  104  104  103  100   91   79   71   77  100  135  172  199  216  225  233  244
  260  284  318  358  398  426  434  420  391  355  321  295  283  284  298  318
  338  353  361  362  357  344  323  292  256  223  198  182  172  165  161  159
  160  160  153  137  115   93   79   75   79   86   93  100  107  114  118  116
  111  103   97   94   96  100  104  105  104
    30.0 -180.0 180.0   5.0 450.0                            LAT/LON1/LON2/DLON/H
   87   89   91   91   85   74   66   72   96  133  172  204  224  236  244  252
  265  285  317  358  397  422  426  408  379  350  329  322  330  353  386  422
  450  464  462  449  430  405  376  342  306  274  249  234  224  217  213  210
  210  207  197  175  145  116   96   87   86   90   95  100  107  114  119  119
  114  105   95   87   83   83   85   86   87
    27.5 -180.0 180.0   5.0 450.0                            LAT/LON1/LON2/DLON/H
   73   76   81   84   81   72   65   71   94  132  173  208  233  248  257  265
  274  292  320  358  392  412  409  390  366  349  349  365  396  440  491  537
  569  578  565  536  502  467  432  398  364  334  311  296  287  280  275  272
  270  265  251  224  188  153  126  111  106  104  105  107  112  118  124  126
  122  113  101   88   78   72   71   71   73
    25.0 -180.0 180.0   5.0 450.0                            LAT/LON1/LON2/DLON/H
   67   70   77   82   81   75   69   74   97  135  177  215  243  262  274  282
  290  304  329  361  388  398  389  370  355  357  379  419  472  532  593  643
  673  674  649  608  562  520  484  451  422  395  375  361  351  345  339  334
  330  323  307  277  237  198  167  147  136  128  123  120  122  127  133  138
  138  131  118  101   86   75   69   67   67
    22.5 -180.0 180.0   5.0 450.0                            LAT/LON1/LON2/DLON/H
   72   73   78   84   85   81   77   83  105  142  184  223  254  277  293  302
  311  324  344  368  385  385  371  355  353  375  420  479  545  612  673  720
  742  735  702  653  602  559  524  496  472  449  431  417  407  399  391  385
  379  370  353  323  283  243  211  188  171  158  146  138  136  140  147  154
  159  156  144  126  107   91   81   75   72
    20.0 -180.0 180.0   5.0 450.0                            LAT/LON1/LON2/DLON/H
   87   84   85   89   91   89   87   95  118  154  195  234  267  293  312  325
  335  348  364  380  385  376  359  350  363  404  466  537  605  667  718  753
  765  751  714  666  618  578  549  527  508  489  471  456  444  433  423  414
  406  396  380  352  317  280  249  226  207  188  170  157  151  153  161  172
  181  183  174  157  136  117  104   94   87
    17.5 -180.0 180.0   5.0 450.0                            LAT/LON1/LON2/DLON/H
  105   98   95   96   96   96   97  108  133  169  209  248  281  308  330  347
  361  375  387  393  388  373  357  357  386  443  515  585  644  690  722  741
  742  724  691  650  611  581  559  543  528  512  493  476  460  445  430  417
  406  396  382  360  331  301  276  256  237  215  193  175  165  165  173  187
  200  206  201  185  165  146  130  117  105
    15.0 -180.0 180.0   5.0 450.0                            LAT/LON1/LON2/DLON/H
  122  110  103  100   99   99  105  120  149  186  226  264  296  325  349  370
  387  402  410  408  394  374  364  377  422  489  560  620  660  682  692  693
  685  668  644  617  592  572  558  547  535  519  499  477  456  434  414  396
  383  373  363  348  327  306  289  274  257  235  210  189  175  173  181  195
  210  219  217  205  186  168  152  137  122
    12.5 -180.0 180.0   5.0 450.0                            LAT/LON1/LON2/DLON/H
  132  117  106  100   97   99  109  131  164  204  245  281  314  342  369  392
  413  427  431  421  400  381  380  408  465  535  598  639  656  654  643  629
  617  605  594  583  572  562  553  545  535  519  496  469  439  410  383  359
  344  335  330  322  310  298  289  281  269  248  223  199  183  178  183  195
  210  219  219  210  195  180  164  149  132
    10.0 -180.0 180.0   5.0 450.0                            LAT/LON1/LON2/DLON/H
  133  117  105   96   93   96  111  139  178  221  264  301  333  363  390  416
  437  450  449  432  408  393  403  446  511  578  626  646  639  617  592  571
  559  556  559  563  563  560  553  546  536  519  493  460  422  384  349  321
  304  297  296  294  289  285  283  281  273  256  231  207  189  180  181  190
  201  209  209  202  191  179  166  150  133
     7.5 -180.0 180.0   5.0 450.0                            LAT/LON1/LON2/DLON/H
  128  112   99   90   87   93  112  146  190  238  282  321  355  386  414  440
  461  471  465  443  418  409  431  486  554  613  643  642  619  587  557  538
  531  538  553  567  574  572  564  556  545  527  499  460  414  367  325  293
  276  271  274  277  277  276  277  279  275  261  238  214  194  183  179  182
  188  192  192  187  179  170  158  144  128
     5.0 -180.0 180.0   5.0 450.0                            LAT/LON1/LON2/DLON/H
  119  105   93   85   82   90  114  153  201  252  299  341  378  411  440  465
  484  490  479  454  430  429  462  523  590  636  649  633  603  572  549  538
  541  557  579  597  604  599  588  577  566  549  519  475  422  368  321  287
  270  268  274  278  279  278  279  281  278  266  247  223  203  188  179  177
  177  176  174  171  165  158  148  134  119
     2.5 -180.0 180.0   5.0 450.0                            LAT/LON1/LON2/DLON/H
  112   99   90   83   81   91  117  159  211  264  313  358  399  434  464  489
  505  508  493  467  447  453  493  556  614  646  645  622  595  576  569  572
  585  606  630  646  647  636  620  607  597  582  552  505  448  390  340  306
  290  290  296  300  299  294  291  289  285  275  257  235  214  197  185  178
  173  169  165  161  157  151  140  126  112
