ionex_files/turquie/corrected/COD0OPSFIN_20230330000_01D_01H_GIM.INX
     1.0            IONOSPHERE MAPS     GNSS                IONEX VERSION / TYPE
ADDNEQ2 V5.5        AIUB                06-FEB-23 21:07     PGM / RUN BY / DATE 
CODE'S GLOBAL IONOSPHERE MAPS FOR DAY 033, 2023             COMMENT             
Global ionosphere maps (GIM) are generated on a daily basis DESCRIPTION         
at CODE using data from about 300 GNSS sites of the IGS and DESCRIPTION         
other institutions. The vertical total electron content     DESCRIPTION         
(VTEC) is modeled in a solar-geomagnetic reference frame    DESCRIPTION         
using a spherical harmonics expansion up to degree and      DESCRIPTION         
order 15. Piece-wise linear functions are used for          DESCRIPTION         
representation in the time domain. The time spacing of      DESCRIPTION         
their vertices is 1 hour, conforming with the epochs of the DESCRIPTION         
VTEC maps.                                                  DESCRIPTION         
To convert line-of-sight TEC into vertical TEC, a modified  DESCRIPTION         
single-layer model mapping function approximating the JPL   DESCRIPTION         
extended slab model mapping function is adopted. The        DESCRIPTION         
mapping function is evaluated at geodetic satellite         DESCRIPTION         
elevation angles. For the computation of the ionospheric    DESCRIPTION         
pierce points, a spherical layer with a radius of 6821 km   DESCRIPTION         
is assumed, implying geocentric, not geodetic IONEX         DESCRIPTION         
latitudes.                                                  DESCRIPTION         
Instrumental biases with respect to each involved GNSS code DESCRIPTION         
observable are estimated as constant values for each        DESCRIPTION         
day. They are modeled with one set of bias parameters for   DESCRIPTION         
each satellite and each station in case of GPS and for each DESCRIPTION         
satellite-station link in case of GLONASS. The code bias    DESCRIPTION         
datum is defined by zero-mean conditions imposed on the     DESCRIPTION         
satellite bias estimates. In this file, just GPS C1W-C2W    DESCRIPTION         
satellite and station bias values are included. The         DESCRIPTION         
complete set of GNSS code bias results is provided in an    DESCRIPTION         
additional Bias-SINEX file as pseudo-absolute values        DESCRIPTION         
specific to each observable.                                DESCRIPTION         
Note: These GIM results correspond to the results for the   DESCRIPTION         
middle day of a 3-day combination analysis solving for 73   DESCRIPTION         
times 256, or 18688 VTEC parameters and 3 daily sets of     DESCRIPTION         
GNSS code bias parameters.                                  DESCRIPTION         
Contact address: code(at)aiub.unibe.ch                      DESCRIPTION         
Data archive:    ftp.aiub.unibe.ch/CODE/                    DESCRIPTION         
                 www.aiub.unibe.ch/download/CODE/           DESCRIPTION         
  2023     2     2     0     0     0                        EPOCH OF FIRST MAP  
  2023     2     3     0     0     0                        EPOCH OF LAST MAP   
  3600                                                      INTERVAL            
[...]
brst brux bshm cas1 cedu chpg chpi chti chur ckis coco cord COMMENT             
cpvg cpxf crar cro1 daej darw dav1 dgar dhlg drao dubo ebre COMMENT             
faa1 fair flrs frdn ftna func ganp glps gode godz gol2 gold COMMENT             
gope gras graz guam guug harb hers hert hlfx hob2 hofn holb COMMENT             
hrao hyde iddr ieng iisc ineg invk iqal irkj isba jog2 joz2 COMMENT             
joze karr kerg kir0 kiri kiru kit3 kokb kokv koug kour krgg COMMENT             
laut lmmf lpal lpgs m0se mac1 madr mal2 mana mas1 mat1 mate COMMENT             
maw1 mcm4 mdo1 mdvj medi mets mgue mizu mkea mnls mobs monp COMMENT             
morp mqzg mro1 mtka nano nico nist nium nklg nlib nnor not1 COMMENT             
nrc1 nrmd ntus nya1 nyal ohi2 onsa opmt ous2 pado parc park COMMENT             
pdel penc pert pie1 pimo pohn pol2 polv pots pove prds ptbb COMMENT             
ptvl qaq1 quin ramo reun reyk rgdg rio2 riop roth salu samo COMMENT             
sant savo sch2 scor scrz sctb scub seyg sofi spt0 ssia sthl COMMENT             
stjo str2 suth sutm suwn sydn tabl tabv tash thtg thti thu2 COMMENT             
tid1 tidb tlse tn22 tong tow2 tro1 tsea twtf txes uclu ufpr COMMENT             
ulab unb3 unbj unsa urum usn7 usud vald vill voim vtsp wab1 COMMENT             
wab2 wark wes2 wgtn whit will wind wsrt wtza wtzl wtzr wtzs COMMENT             
wtzz wuhn xmis yar2 yar3 yarr yell ykro zamb zeck zim2 zim3 COMMENT             
zimm                                                        COMMENT             
                                                            END OF HEADER       
[from data line 1716]
     5                                                      START OF TEC MAP    
  2023     2     2     4     0     0                        EPOCH OF CURRENT MAP
    87.5 -180.0 180.0   5.0 450.0                            LAT/LON1/LON2/DLON/H
   91   88   86   84   81   79   77   74   72   70   68   66   65   63   61   60
   58   57   56   55   54   53   53   52   52   52   52   53   53   54   55   56
   57   59   60   62   64   66   68   71   73   75   78   80   83   85   87   90
   92   94   96   98  100  102  103  105  106  107  107  108  108  107  107  106
  105  104  103  101   99   97   95   93   91
    85.0 -180.0 180.0   5.0 450.0                            LAT/LON1/LON2/DLON/H
  104   99   94   89   84   80   76   73   69   66   63   61   58   56   54   52
   49   47   45   43   41   39   37   36   35   34   34   34   35   36   38   40
   42   45   48   52   55   59   63   67   71   75   79   83   87   92   96  100
  104  109  113  117  121  125  128  132  135  137  139  140  141  141  141  139
  137  135  132  128  124  119  114  109  104
    82.5 -180.0 180.0   5.0 450.0                            LAT/LON1/LON2/DLON/H
  116  108  100   93   86   80   76   72   68   66   64   62   60   58   57   54
   52   49   46   42   39   35   32   29   26   24   23   23   24   25   28   31
   35   39   44   48   53   58   63   68   73   77   81   86   90   95  100  105
  110  116  122  128  135  141  148  154  160  165  169  172  175  176  176  175
  172  168  163  157  150  142  134  125  116
    80.0 -180.0 180.0   5.0 450.0                            LAT/LON1/LON2/DLON/H
  131  118  107   97   88   81   75   72   69   68   68   68   69   69   68   66
   64   61   57   52   47   41   36   31   27   23   21   21   21   23   27   31
   36   42   48   54   60   65   70   74   78   81   84   87   90   93   97  102
  108  115  122  131  140  149  159  169  178  186  194  201  206  209  211  210
  208  204  197  189  179  168  156  144  131
    77.5 -180.0 180.0   5.0 450.0                            LAT/LON1/LON2/DLON/H
  149  133  117  103   91   82   76   73   72   73   75   78   80   82   83   82
   80   77   72   67   60   53   46   40   35   30   28   27   28   31   35   41
   47   54   61   67   73   77   81   83   84   85   85   85   85   87   89   93
   99  106  116  126  138  150  164  177  190  202  213  223  232  238  242  244
  243  239  233  224  212  199  183  167  149
    75.0 -180.0 180.0   5.0 450.0                            LAT/LON1/LON2/DLON/H
  174  153  132  114   99   87   80   76   76   78   82   86   90   94   95   96
   94   91   87   81   74   67   60   53   48   44   42   41   43   46   51   58
   65   72   78   84   88   91   92   92   90   87   83   80   78   77   78   81
   87   95  106  119  133  148  165  181  197  213  227  240  252  261  269  273
  275  273  268  260  248  233  215  195  174
    72.5 -180.0 180.0   5.0 450.0                            LAT/LON1/LON2/DLON/H
  205  179  153  130  110   95   85   80   80   82   87   92   96   99  101  101
  100   97   94   89   84   79   73   68   64   61   60   61   63   67   73   79
   85   91   96  100  102  102  100   97   91   85   78   72   68   65   66   69
   76   86   99  114  130  148  166  184  203  220  237  252  266  278  288  296
  301  303  301  295  284  270  251  229  205
    70.0 -180.0 180.0   5.0 450.0                            LAT/LON1/LON2/DLON/H
  238  209  178  150  125  106   93   86   84   85   89   92   95   97   97   97
   95   94   92   90   87   85   83   80   79   79   80   82   85   89   94   99
  103  106  108  109  108  105  101   94   87   79   70   63   58   56   57   62
   71   83   98  115  133  152  171  190  208  226  243  260  275  289  301  312
  320  325  326  324  317  305  288  265  238
    67.5 -180.0 180.0   5.0 450.0                            LAT/LON1/LON2/DLON/H
  271  239  205  171  141  117  100   90   86   86   88   89   89   88   86   83
   82   81   82   83   85   86   87   89   91   94   97  101  105  108  111  113
  114  113  111  108  104   99   92   85   77   68   60   54   50   50   53   61
   73   88  105  124  143  162  181  198  215  232  248  264  280  295  309  321
  331  339  344  345  343  334  320  299  271
    65.0 -180.0 180.0   5.0 450.0                            LAT/LON1/LON2/DLON/H
  299  266  229  191  156  127  106   94   87   85   84   83   80   75   71   67
   65   66   69   73   78   83   88   93   98  103  109  114  118  121  121  120
  116  111  105   98   91   84   77   70   63   56   50   46   45   48   55   66
   81   99  119  139  159  177  193  208  223  238  253  268  283  298  312  325
  336  345  352  357  358  354  344  325  299
    62.5 -180.0 180.0   5.0 450.0                            LAT/LON1/LON2/DLON/H
  319  287  249  207  168  135  110   95   87   83   80   76   71   64   57   52
   51   53   58   64   72   79   85   92   98  106  113  119  124  126  124  118
  110  101   91   81   73   65   59   53   49   44   42   41   43   49   60   75
   93  114  136  156  175  192  206  218  230  243  256  271  286  301  315  327
  336  345  352  358  362  362  357  343  319
    60.0 -180.0 180.0   5.0 450.0                            LAT/LON1/LON2/DLON/H
  331  302  264  221  179  142  113   95   84   79   75   71   64   56   48   44
   43   47   53   61   68   75   81   87   94  102  110  118  123  123  119  111
  100   87   75   64   55   48   43   40   38   37   37   39   44   53   67   85
  106  128  151  172  191  205  217  227  236  247  259  274  290  305  318  328
  335  341  346  352  357  360  359  350  331
    57.5 -180.0 180.0   5.0 450.0                            LAT/LON1/LON2/DLON/H
  336  312  276  234  190  149  117   95   82   76   71   67   60   53   47   44
   45   49   56   63   69   74   77   81   87   95  103  111  116  117  111  102
   89   75   62   51   42   37   34   33   33   34   36   40   47   58   73   93
  116  140  163  185  202  216  226  233  241  250  263  278  294  309  322  330
  334  336  338  340  345  350  352  349  336
    55.0 -180.0 180.0   5.0 450.0                            LAT/LON1/LON2/DLON/H
  336  318  288  249  204  162  126   99   83   74   69   64   60   55   51   50
   53   58   65   71   74   75   75   76   80   87   95  104  109  109  103   93
   80   67   55   46   40   36   35   35   35   37   39   42   49   61   77   98
  122  147  171  193  211  224  233  240  246  255  267  282  298  314  325  332
  333  331  328  327  330  335  341  343  336
    52.5 -180.0 180.0   5.0 450.0                            LAT/LON1/LON2/DLON/H
  335  324  301  267  224  180  141  109   88   75   68   64   61   58   57   58
   63   69   75   79   80   78   75   74   76   82   90   98  103  103   98   88
   77   66   57   51   47   44   44   43   43   43   43   46   52   63   80  102
  126  152  177  200  219  233  243  249  255  262  273  287  303  317  327  332
  331  326  320  316  315  320  328  334  335
    50.0 -180.0 180.0   5.0 450.0                            LAT/LON1/LON2/DLON/H
  331  329  314  287  249  206  163  127   99   81   70   65   63   62   62   65
   71   78   84   87   86   83   80   77   78   83   90   97  101  100   95   86
   78   71   66   63   61   60   58   57   54   52   49   50   55   66   83  106
  131  158  184  208  229  245  256  264  269  275  283  294  307  318  326  329
  327  320  313  307  304  307  315  325  331
    47.5 -180.0 180.0   5.0 450.0                            LAT/LON1/LON2/DLON/H
  326  330  324  305  274  234  191  150  116   91   76   69   65   65   65   68
   74   81   87   92   92   91   88   86   87   91   96  101  103  100   94   87
   81   78   77   78   78   77   75   71   66   61   56   54   58   70   89  113
  140  167  194  219  242  261  275  283  289  293  297  303  310  317  321  322
  320  315  308  301  298  299  305  316  326
    45.0 -180.0 180.0   5.0 450.0                            LAT/LON1/LON2/DLON/H
  317  325  325  314  292  258  217  175  136  106   86   75   70   68   67   68
   73   80   88   95   99  100  101  102  103  106  109  110  108  103   95   88
   84   84   88   92   94   93   89   84   77   69   62   60   64   78   99  124
  152  180  207  233  258  280  297  307  313  315  315  315  315  315  315  314
  313  310  306  301  296  295  298  307  317
    42.5 -180.0 180.0   5.0 450.0                            LAT/LON1/LON2/DLON/H
  303  310  314  310  296  271  237  196  156  123   99   86   78   72   68   67
   70   78   89   99  108  114  119  122  124  125  124  122  116  107   96   88
   85   89   96  103  105  104   99   93   85   77   70   68   74   89  113  140
  168  195  222  248  274  298  318  331  338  338  335  329  322  316  311  309
  309  310  310  307  302  297  294  297  303
    40.0 -180.0 180.0   5.0 450.0                            LAT/LON1/LON2/DLON/H
  287  287  289  288  282  268  243  208  171  137  113   98   89   80   73   69
   71   81   94  109  121  131  139  145  147  146  141  134  124  112   99   90
   87   92  101  109  112  110  106  100   93   85   79   78   86  104  130  158
  186  211  235  260  286  312  334  351  360  361  355  345  334  323  316  313
  315  320  323  322  315  306  296  289  287
    37.5 -180.0 180.0   5.0 450.0                            LAT/LON1/LON2/DLON/H
  273  261  255  252  252  247  233  208  176  147  125  111  101   91   81   76
   78   90  107  124  139  151  161  167  169  166  158  147  135  120  106   95
   93   98  107  114  117  114  110  105  100   94   89   90  100  120  147  175
  201  223  244  267  291  317  342  362  375  379  375  364  352  341  334  332
  337  344  349  348  340  324  306  288  273
    35.0 -180.0 180.0   5.0 450.0                            LAT/LON1/LON2/DLON/H
  268  241  222  212  212  215  211  196  172  149  131  121  113  104   93   87
   91  106  125  144  159  171  180  187  188  183  173  161  148  134  120  109
  105  109  117  122  122  118  114  110  107  103  100  102  114  135  162  189
  211  230  247  266  288  314  340  364  382  392  392  386  377  370  367  369
  376  384  390  388  376  355  328  298  268
    32.5 -180.0 180.0   5.0 450.0                            LAT/LON1/LON2/DLON/H
  282  238  203  182  177  182  185  178  162  144  131  125  121  114  105  101
  107  124  145  163  176  185  193  200  202  197  187  176  166  155  144  134
  129  131  134  134  130  124  119  117  115  112  109  113  126  147  173  197
  216  230  244  260  280  304  332  360  383  400  408  409  409  410  415  423
  433  441  444  439  424  399  366  326  282
    30.0 -180.0 180.0   5.0 450.0                            LAT/LON1/LON2/DLON/H
  320  262  210  175  161  163  168  164  151  136  126  124  124  120  114  112
  121  139  160  176  185  191  199  208  213  210  203  195  190  185  178  170
  164  162  160  153  143  132  126  123  122  118  116  120  134  155  179  200
  216  228  239  253  271  294  322  353  383  407  423  434  445  457  473  488
  500  507  507  499  482  455  420  374  320
    27.5 -180.0 180.0   5.0 450.0                            LAT/LON1/LON2/DLON/H
  383  316  251  202  177  171  171  164  149  132  122  120  123  122  119  118
  127  144  163  176  182  188  197  211  221  224  221  218  219  221  220  214
  208  201  191  176  158  142  132  128  126  121  119  123  138  159  182  201
  215  226  237  250  267  290  318  352  386  416  441  461  482  507  533  555
  568  573  570  560  543  519  486  441  383
    25.0 -180.0 180.0   5.0 450.0                            LAT/LON1/LON2/DLON/H
  465  397  325  266  230  213  204  188  164  139  124  120  123  124  121  120
  126  140  155  164  169  177  192  213  230  239  241  243  250  259  263  260
  252  240  222  198  172  150  137  131  126  120  117  123  139  162  184  203
  217  229  242  257  274  296  325  360  397  432  462  489  519  553  586  612
  626  629  624  615  601  583  557  519  465
    22.5 -180.0 180.0   5.0 450.0                            LAT/LON1/LON2/DLON/H
  554  492  422  359  315  288  266  238  201  165  141  131  131  132  128  123
  122  128  138  145  152  164  187  217  243  257  262  267  278  292  301  300
  290  272  247  215  182  155  138  129  121  114  111  119  139  164  188  208
  225  241  257  275  294  317  345  380  419  456  488  519  552  590  626  652
  664  665  660  654  647  638  623  597  554
    20.0 -180.0 180.0   5.0 450.0                            LAT/LON1/LON2/DLON/H
  633  585  524  464  418  384  352  311  261  212  177  160  156  155  148  136
  125  121  123  129  140  160  191  229  259  276  281  286  299  315  325  324
  312  291  261  223  185  154  135  124  114  105  104  116  140  169  196  219
  240  260  282  303  325  348  377  411  449  486  518  548  581  616  649  670
  678  676  673  673  675  676  674  662  633
    17.5 -180.0 180.0   5.0 450.0                            LAT/LON1/LON2/DLON/H
  689  658  611  562  519  483  445  395  336  277  233  210  203  199  189  169
  146  129  124  129  145  171  209  249  280  293  295  296  307  322  331  329
  315  292  260  220  180  149  130  117  106   97   97  114  143  177  208  235
  261  286  312  337  361  386  415  448  485  520  550  577  605  634  658  669
  669  665  665  672  683  694  702  702  689
    15.0 -180.0 180.0   5.0 450.0                            LAT/LON1/LON2/DLON/H
  712  697  668  632  599  567  528  476  414  352  304  278  270  267  255  227
  192  163  150  156  175  205  241  277  301  307  300  296  302  313  320  315
  300  276  245  208  171  142  124  111   99   91   94  115  149  188  223  255
  284  314  343  370  396  423  452  485  519  552  581  605  627  646  657  656
  647  639  643  657  676  692  705  713  712
    12.5 -180.0 180.0   5.0 450.0                            LAT/LON1/LON2/DLON/H
  703  699  685  664  643  619  587  540  482  424  379  355  350  351  340  309
  264  226  208  212  232  259  287  310  320  313  297  285  285  292  294  286
  270  249  223  192  161  137  121  109   97   90   96  121  158  200  239  274
  307  339  369  398  426  453  483  514  547  579  607  629  647  657  655  642
  623  612  618  637  659  675  687  697  703
    10.0 -180.0 180.0   5.0 450.0                            LAT/LON1/LON2/DLON/H
  668  670  666  658  648  634  611  575  528  481  444  427  429  438  433  403
  355  312  291  294  310  327  339  342  333  311  285  267  262  264  262  251
  235  218  199  177  153  135  122  111  100   94  102  129  169  212  252  290
  325  358  388  416  445  474  503  533  565  597  626  650  666  670  660  636
  610  596  603  622  642  653  657  662  668
     7.5 -180.0 180.0   5.0 450.0                            LAT/LON1/LON2/DLON/H
  624  626  625  623  620  615  602  579  547  513  488  480  492  510  515  492
  448  405  385  387  396  397  386  366  337  303  270  248  239  237  231  217
  202  190  179  166  151  138  128  118  107  102  112  139  178  221  262  301
  337  369  398  425  454  483  512  540  570  604  637  666  685  688  674  646
  617  601  606  621  633  633  627  623  624
     5.0 -180.0 180.0   5.0 450.0                            LAT/LON1/LON2/DLON/H
  586  584  582  580  579  578  572  559  540  519  504  504  523  551  567  556
  521  486  470  470  470  454  420  377  332  290  254  232  223  218  209  193
  179  171  167  162  154  144  136  126  116  112  123  150  187  227  267  306
  343  374  400  426  454  484  511  537  566  601  640  675  700  709  699  674
  646  630  630  637  637  624  606  592  586
     2.5 -180.0 180.0   5.0 450.0                            LAT/LON1/LON2/DLON/H
  569  563  555  548  543  541  537  529  518  503  492  495  516  551  577  579
  558  535  525  526  517  484  432  374  321  278  245  225  216  210  198  181
  167  162  163  163  159  151  143  133  124  122  133  159  194  231  269  308
  343  373  397  422  450  479  505  528  556  592  635  677  711  729  728  713
  692  678  673  669  655  628  600  580  569
