ionex_files/turquie/corrected/COD0OPSFIN_20230350000_01D_01H_GIM.INX
     1.0            IONOSPHERE MAPS     GNSS                IONEX VERSION / TYPE
ADDNEQ2 V5.5        AIUB                08-FEB-23 20:59     PGM / RUN BY / DATE 
CODE'S GLOBAL IONOSPHERE MAPS FOR DAY 035, 2023             COMMENT             
Global ionosphere maps (GIM) are generated on a daily basis DESCRIPTION         
at CODE using data from about 300 GNSS sites of the IGS and DESCRIPTION         
other institutions. The vertical total electron content     DESCRIPTION         
(VTEC) is modeled in a solar-geomagnetic reference frame    DESCRIPTION         
using a spherical harmonics expansion up to degree and      DESCRIPTION         
order 15. Piece-wise linear functions are used for          DESCRIPTION         
representation in the time domain. The time spacing of      DESCRIPTION         
their vertices is 1 hour, conforming with the epochs of the DESCRIPTION         
VTEC maps.                                                  DESCRIPTION         
To convert line-of-sight TEC into vertical TEC, a modified  DESCRIPTION         
single-layer model mapping function approximating the JPL   DESCRIPTION         
extended slab model mapping function is adopted. The        DESCRIPTION         
mapping function is evaluated at geodetic satellite         DESCRIPTION         
elevation angles. For the computation of the ionospheric    DESCRIPTION         
pierce points, a spherical layer with a radius of 6821 km   DESCRIPTION         
is assumed, implying geocentric, not geodetic IONEX         DESCRIPTION         
latitudes.                                                  DESCRIPTION         
Instrumental biases with respect to each involved GNSS code DESCRIPTION         
observable are estimated as constant values for each        DESCRIPTION         
day. They are modeled with one set of bias parameters for   DESCRIPTION         
each satellite and each station in case of GPS and for each DESCRIPTION         
satellite-station link in case of GLONASS. The code bias    DESCRIPTION         
datum is defined by zero-mean conditions imposed on the     DESCRIPTION         
satellite bias estimates. In this file, just GPS C1W-C2W    DESCRIPTION         
satellite and station bias values are included. The         DESCRIPTION         
complete set of GNSS code bias results is provided in an    DESCRIPTION         
additional Bias-SINEX file as pseudo-absolute values        DESCRIPTION         
specific to each observable.                                DESCRIPTION         
Note: These GIM results correspond to the results for the   DESCRIPTION         
middle day of a 3-day combination analysis solving for 73   DESCRIPTION         
times 256, or 18688 VTEC parameters and 3 daily sets of     DESCRIPTION         
GNSS code bias parameters.                                  DESCRIPTION         
Contact address: code(at)aiub.unibe.ch                      DESCRIPTION         
Data archive:    ftp.aiub.unibe.ch/CODE/                    DESCRIPTION         
                 www.aiub.unibe.ch/download/CODE/           DESCRIPTION         
  2023     2     4     0     0     0                        EPOCH OF FIRST MAP  
  2023     2     5     0     0     0                        EPOCH OF LAST MAP   
  3600                                                      INTERVAL            
[...]
bshm cags cas1 cedu chpg chpi chti chur ckis coco cord cpvg COMMENT             
cpxf crar cro1 daej darw dav1 dgar dhlg drao dubo ebre faa1 COMMENT             
fair flrs frdn ftna func ganp glps gode godz gol2 gold gope COMMENT             
gras graz guam guug harb hers hert hlfx hob2 hofn holb hrao COMMENT             
hyde iddr ieng iisc ineg invk iqal isba jog2 joz2 joze karr COMMENT             
kerg kir0 kiri kiru kit3 kokb kokv koug kour krgg laut lmmf COMMENT             
lpal lpgs m0se mac1 madr mal2 mana mas1 mat1 mate maw1 mcm4 COMMENT             
mdo1 mdvj medi mets mgue mizu mkea mnls mobs monp morp mqzg COMMENT             
mro1 mtka nano nico nist nium nklg nlib nnor not1 nrc1 nrmd COMMENT             
ntus nya1 nyal ohi2 onsa opmt ous2 pado parc park pdel penc COMMENT             
pert pie1 pimo pohn pol2 polv pots pove prds ptbb ptvl qaq1 COMMENT             
quin ramo reun reyk rgdg rio2 riop roth salu samo sant savo COMMENT             
sch2 scor scrz sctb scub seyg smst sofi spt0 ssia sthl stjo COMMENT             
str2 suth sutm suwn sydn syog tabl tabv tash thtg thti thu2 COMMENT             
tid1 tidb tlse tn22 tong tow2 tro1 tsea tskb twtf txes uclu COMMENT             
ufpr ulab unb3 unbj unsa urum usn7 usud vald vill voim vtsp COMMENT             
wab1 wab2 wark wes2 wgtn whit will wsrt wtza wtzl wtzr wtzs COMMENT             
wtzz wuhn xmis yar2 yar3 yarr yell ykro zamb zeck zim2 zim3 COMMENT             
zimm                                                        COMMENT             
                                                            END OF HEADER       
[from data line 8151]
    20                                                      START OF TEC MAP    
  2023     2     4    19     0     0                        EPOCH OF CURRENT MAP
    87.5 -180.0 180.0   5.0 450.0                            LAT/LON1/LON2/DLON/H
   81   81   82   83   83   84   85   85   86   86   87   87   87   87   88   87
   87   87   87   86   86   85   84   84   83   82   82   81   80   79   79   78
   77   77   76   76   75   75   75   75   74   74   74   74   74   74   74   75
   75   75   75   75   75   76   76   76   76   76   76   76   77   77   77   77
   77   78   78   78   79   79   79   80   81
    85.0 -180.0 180.0   5.0 450.0                            LAT/LON1/LON2/DLON/H
   74   76   78   79   82   84   86   88   90   92   93   94   95   96   96   96
   95   94   93   92   90   89   87   85   83   81   80   78   76   74   73   72
   70   69   68   67   67   66   66   65   65   65   65   66   66   67   67   68
   69   69   70   71   71   72   72   72   73   73   72   72   72   72   71   71
   71   70   70   70   71   71   72   73   74
    82.5 -180.0 180.0   5.0 450.0                            LAT/LON1/LON2/DLON/H
   64   67   70   73   77   82   86   90   94   98  101  104  106  107  107  107
  106  104  102   99   96   93   90   87   83   80   77   74   72   69   67   65
   63   62   60   59   58   57   57   56   56   56   56   57   58   59   60   62
   63   65   67   68   69   70   71   72   72   71   71   70   69   68   66   65
   63   62   61   60   60   60   61   62   64
    80.0 -180.0 180.0   5.0 450.0                            LAT/LON1/LON2/DLON/H
   53   57   61   67   73   80   87   94  101  107  113  117  120  121  122  121
  119  117  113  109  105  101   96   92   87   83   78   75   71   67   64   62
   59   57   55   54   52   51   50   49   49   49   49   50   51   53   55   57
   60   63   66   68   70   72   73   74   74   73   72   71   69   67   64   61
   59   56   54   52   50   50   50   51   53
    77.5 -180.0 180.0   5.0 450.0                            LAT/LON1/LON2/DLON/H
   47   51   56   63   71   81   91  101  111  120  127  133  137  140  140  139
  137  134  130  125  120  114  109  103   98   92   87   81   76   72   68   64
   61   58   55   53   51   49   48   46   45   45   45   45   47   49   52   56
   59   64   67   71   74   76   78   78   78   77   76   74   71   69   66   63
   59   56   52   49   47   45   44   45   47
    75.0 -180.0 180.0   5.0 450.0                            LAT/LON1/LON2/DLON/H
   47   50   56   64   74   85   97  110  122  134  144  152  157  161  162  161
  159  155  151  146  141  136  130  124  117  110  103   96   89   82   77   71
   67   63   60   57   54   51   49   47   45   44   43   43   45   48   51   56
   61   66   71   75   79   81   82   82   82   81   79   77   75   73   70   68
   65   62   58   54   51   48   46   46   47
    72.5 -180.0 180.0   5.0 450.0                            LAT/LON1/LON2/DLON/H
   54   56   62   69   80   92  105  120  134  148  160  170  177  182  184  184
  183  180  177  173  170  165  160  153  146  137  128  118  108   98   90   83
   76   71   66   62   59   55   52   49   46   44   43   44   45   48   52   57
   63   69   74   79   82   84   84   84   82   81   79   77   77   76   75   75
   74   72   69   65   62   58   55   53   54
    70.0 -180.0 180.0   5.0 450.0                            LAT/LON1/LON2/DLON/H
   65   67   71   78   88   99  113  128  144  159  173  185  194  201  205  207
  207  206  206  204  203  200  195  188  180  169  156  143  129  117  105   95
   87   80   74   68   63   59   55   51   48   46   44   44   45   48   52   57
   63   69   75   79   81   82   81   80   77   75   74   73   74   76   78   80
   82   82   81   79   75   72   68   66   65
    67.5 -180.0 180.0   5.0 450.0                            LAT/LON1/LON2/DLON/H
   76   78   81   87   96  106  119  134  150  166  182  196  207  216  223  227
  230  232  234  236  236  235  231  224  213  200  184  167  151  135  121  109
   98   89   81   73   67   61   56   52   48   46   44   44   45   47   50   55
   60   65   70   73   74   74   72   69   66   64   63   64   67   71   76   81
   86   89   90   89   87   83   80   77   76
    65.0 -180.0 180.0   5.0 450.0                            LAT/LON1/LON2/DLON/H
   83   85   89   94  102  111  123  136  151  168  185  201  215  227  236  244
  250  255  260  264  267  267  263  254  241  225  206  187  168  151  136  123
  110   99   88   78   69   62   56   51   47   45   43   42   42   43   45   48
   51   55   58   61   61   60   58   55   52   50   50   52   56   62   69   77
   84   89   92   92   91   88   85   83   83
    62.5 -180.0 180.0   5.0 450.0                            LAT/LON1/LON2/DLON/H
   83   87   92   99  106  114  124  136  151  167  185  203  220  234  247  257
  266  274  281  287  291  290  285  275  260  241  220  200  182  166  151  138
  125  111   97   84   72   62   54   49   45   43   42   41   39   38   37   37
   38   40   42   44   45   44   42   40   38   37   37   40   45   51   59   67
   74   80   84   86   85   83   82   81   83
    60.0 -180.0 180.0   5.0 450.0                            LAT/LON1/LON2/DLON/H
   75   83   91  100  109  118  127  138  151  168  186  205  224  240  255  268
  279  288  296  302  305  304  297  284  267  247  227  208  193  180  168  156
  143  127  110   93   77   64   55   49   45   44   43   41   38   34   30   26
   25   24   26   27   29   30   30   29   29   30   31   34   38   42   48   55
   61   66   69   71   70   69   69   71   75
    57.5 -180.0 180.0   5.0 450.0                            LAT/LON1/LON2/DLON/H
   63   75   89  102  114  124  134  145  158  174  192  211  230  247  263  276
  288  297  305  310  311  308  299  285  266  246  228  213  203  195  188  178
  164  146  125  104   85   70   59   52   49   48   47   44   39   32   25   18
   14   12   13   16   19   22   25   28   31   33   35   37   38   39   41   43
   46   49   51   52   51   50   51   55   63
    55.0 -180.0 180.0   5.0 450.0                            LAT/LON1/LON2/DLON/H
   52   68   87  106  122  136  148  160  174  189  206  224  242  258  272  284
  294  302  308  311  311  305  295  280  262  244  229  219  214  211  208  200
  186  166  142  118   97   80   68   61   58   57   56   52   46   36   25   16
   10    8    9   14   19   25   32   38   43   47   49   49   46   43   39   37
   36   36   36   35   34   33   34   40   52
    52.5 -180.0 180.0   5.0 450.0                            LAT/LON1/LON2/DLON/H
   46   66   91  115  137  155  171  185  200  216  231  247  261  273  284  293
  300  305  308  309  306  300  290  277  261  246  234  228  227  228  226  218
  203  180  155  130  109   92   81   74   71   70   69   64   56   45   32   21
   14   13   16   22   31   40   48   57   64   69   70   68   61   53   44   36
   31   28   27   25   24   22   24   31   46
    50.0 -180.0 180.0   5.0 450.0                            LAT/LON1/LON2/DLON/H
   48   72  101  130  157  181  201  218  235  251  265  277  287  294  300  304
  306  307  307  305  302  297  289  279  267  254  245  240  240  240  237  227
  209  185  160  137  119  105   96   90   87   86   84   79   70   57   44   33
   27   27   33   41   51   61   72   81   89   94   94   89   79   66   53   42
   34   29   27   25   24   22   24   32   48
    47.5 -180.0 180.0   5.0 450.0                            LAT/LON1/LON2/DLON/H
   59   85  116  150  181  209  233  255  275  292  304  313  318  319  319  317
  314  311  307  303  300  298  294  289  281  271  262  255  251  246  238  222
  201  177  154  137  126  117  111  106  103  100   98   92   83   71   58   49
   45   48   55   64   75   85   95  104  111  115  113  106   94   79   64   51
   42   37   35   34   33   32   34   42   59
    45.0 -180.0 180.0   5.0 450.0                            LAT/LON1/LON2/DLON/H
   75  102  135  170  204  235  263  289  312  331  343  350  351  348  342  334
  326  317  310  306  304  304  305  304  300  292  281  268  256  243  226  204
  180  157  140  132  129  128  125  121  116  112  108  103   94   82   72   65
   64   68   76   86   95  104  112  120  125  126  123  114  102   88   74   62
   53   49   47   48   48   48   50   58   75
    42.5 -180.0 180.0   5.0 450.0                            LAT/LON1/LON2/DLON/H
   92  119  153  188  222  253  284  314  341  362  376  382  382  377  367  355
  342  329  320  314  312  314  319  322  321  312  297  277  255  232  206  179
  152  133  124  125  133  138  138  133  126  120  115  109  100   90   82   77
   79   84   92  100  107  113  119  124  127  127  122  113  102   91   80   70
   63   60   59   61   62   63   66   74   92
    40.0 -180.0 180.0   5.0 450.0                            LAT/LON1/LON2/DLON/H
  105  133  166  199  231  262  293  326  356  381  398  407  409  404  394  379
  363  347  335  327  325  327  332  336  335  326  307  280  250  219  187  157
  131  116  116  127  142  152  152  145  134  125  119  112  104   95   88   86
   88   94  100  105  109  112  115  118  119  117  111  103   94   87   81   75
   71   68   67   68   70   72   76   87  105
    37.5 -180.0 180.0   5.0 450.0                            LAT/LON1/LON2/DLON/H
  112  140  172  203  232  260  291  324  358  387  408  422  429  428  419  405
  387  369  355  346  341  339  340  341  340  329  309  279  246  212  181  152
  131  122  128  145  164  174  171  159  143  131  123  115  107   98   92   91
   93   97  100  102  102  102  104  106  107  103   96   89   83   80   79   77
   74   70   67   67   68   71   78   91  112
    35.0 -180.0 180.0   5.0 450.0                            LAT/LON1/LON2/DLON/H
  111  141  172  200  225  250  279  313  349  381  408  428  441  447  442  429
  411  393  379  367  357  348  341  337  333  323  306  280  251  224  199  178
  163  159  168  186  203  208  198  178  158  143  133  124  114  105   99   98
   99  100   99   96   93   92   93   95   95   92   85   77   73   73   75   76
   73   68   62   58   58   62   71   87  111
    32.5 -180.0 180.0   5.0 450.0                            LAT/LON1/LON2/DLON/H
  105  138  169  195  216  238  265  298  336  371  402  427  448  460  460  450
  433  416  402  388  372  353  336  325  318  313  304  290  274  260  249  240
  232  231  238  250  258  253  234  206  181  163  151  140  129  119  113  111
  110  108  104   97   91   88   88   91   92   89   82   74   69   70   74   75
   72   63   53   46   43   47   58   78  105
    30.0 -180.0 180.0   5.0 450.0                            LAT/LON1/LON2/DLON/H
  100  135  167  192  210  229  254  288  326  363  396  426  451  468  473  465
  450  434  421  406  384  356  328  310  304  306  311  315  318  324  331  336
  335  332  331  331  325  307  277  242  213  193  179  166  153  143  137  135
  133  128  121  111  103   97   96   98  100   98   90   80   74   73   75   76
   70   59   46   35   30   33   45   68  100
    27.5 -180.0 180.0   5.0 450.0                            LAT/LON1/LON2/DLON/H
  100  138  171  195  212  230  255  289  328  365  398  429  456  475  481  473
  459  445  433  418  392  357  322  300  298  312  334  359  385  412  438  454
  457  449  434  417  395  363  323  283  251  230  215  199  185  175  171  170
  168  163  153  142  130  122  118  118  119  116  108   97   87   82   80   78
   71   58   43   29   22   24   39   65  100
    25.0 -180.0 180.0   5.0 450.0                            LAT/LON1/LON2/DLON/H
  108  148  182  207  224  243  269  305  345  381  413  441  466  483  486  476
  461  447  437  424  398  360  323  302  308  336  376  421  466  511  551  576
  578  560  529  494  455  411  365  323  292  270  253  235  219  211  210  213
  214  209  199  187  173  160  150  146  144  140  131  118  105   95   88   81
   73   61   46   32   24   26   41   70  108
    22.5 -180.0 180.0   5.0 450.0                            LAT/LON1/LON2/DLON/H
  124  166  202  228  247  267  297  336  378  415  444  467  486  496  493  478
  459  445  436  425  402  367  335  322  338  379  435  494  552  607  653  680
  677  647  599  547  496  446  399  358  328  306  286  266  250  245  250  258
  262  260  252  239  222  203  186  174  168  162  153  139  122  107   95   86
   77   67   54   42   34   37   53   84  124
    20.0 -180.0 180.0   5.0 450.0                            LAT/LON1/LON2/DLON/H
  146  190  227  255  277  301  335  379  424  462  488  506  517  518  507  485
  461  443  433  424  406  381  360  359  387  440  504  568  627  682  727  749
  738  696  635  571  513  462  418  382  355  332  309  286  271  270  281  296
  305  306  300  288  268  242  216  196  184  176  166  153  136  118  102   89
   81   74   65   56   50   54   72  105  146
    17.5 -180.0 180.0   5.0 450.0                            LAT/LON1/LON2/DLON/H
  170  215  254  285  310  339  377  426  476  516  542  555  558  551  532  502
  471  449  436  427  415  402  396  410  450  509  573  631  681  726  761  775
  756  704  635  565  507  461  424  394  369  344  317  292  278  282  301  321
  335  339  335  323  300  269  235  207  188  177  169  158  144  125  106   92
   84   80   76   70   67   73   93  127  170
    15.0 -180.0 180.0   5.0 450.0                            LAT/LON1/LON2/DLON/H
  192  238  279  313  342  375  418  471  526  569  596  607  606  592  567  532
  496  468  449  439  432  431  441  470  518  576  631  674  708  735  757  761
  736  681  609  540  486  448  418  394  370  342  311  284  272  281  305  330
  346  351  348  337  313  279  239  205  181  169  162  156  145  130  111   95
   87   85   84   81   80   88  111  148  192
    12.5 -180.0 180.0   5.0 450.0                            LAT/LON1/LON2/DLON/H
  208  256  299  336  369  405  451  507  565  613  643  655  652  637  610  574
  536  503  479  464  460  468  492  531  580  631  670  694  706  716  724  721
  694  641  573  510  462  431  408  386  362  331  296  267  257  271  299  325
  340  343  340  329  306  271  231  194  169  155  150  149  145  134  117  101
   92   90   89   87   87   98  123  162  208
    10.0 -180.0 180.0   5.0 450.0                            LAT/LON1/LON2/DLON/H
  218  267  313  354  390  428  475  531  591  641  674  689  690  677  654  623
  588  553  524  504  499  512  543  585  630  668  689  692  686  680  678  673
  650  604  544  488  446  419  399  378  351  317  279  251  243  259  287  311
  322  321  315  304  284  253  217  183  157  143  139  143  146  142  128  111
   99   94   91   88   89  102  130  171  218
     7.5 -180.0 180.0   5.0 450.0                            LAT/LON1/LON2/DLON/H
  223  273  321  366  405  444  489  543  601  650  685  704  710  705  691  669
  643  613  582  557  548  560  591  630  664  686  689  677  658  644  640  637
  622  586  536  486  447  418  396  372  343  307  270  242  237  253  279  298
  301  294  284  273  256  233  204  177  154  140  137  144  153  155  144  126
  110  101   94   89   89  103  133  175  223
     5.0 -180.0 180.0   5.0 450.0                            LAT/LON1/LON2/DLON/H
  227  277  327  374  416  456  498  546  597  643  676  697  709  713  711  704
  692  672  645  618  604  610  634  663  683  688  678  658  636  623  622  626
  620  595  553  506  464  430  401  373  343  308  273  248  244  259  281  292
  287  272  257  245  232  217  200  182  164  149  145  153  167  174  166  146
  126  111  100   91   91  105  136  179  227
     2.5 -180.0 180.0   5.0 450.0                            LAT/LON1/LON2/DLON/H
  232  281  332  381  426  465  503  545  587  624  652  672  687  699  710  720
  726  721  703  678  660  659  672  686  690  682  665  646  632  627  633  643
  644  627  589  541  492  449  413  381  351  320  291  271  267  280  295  298
  285  263  242  228  219  212  206  197  184  170  164  171  187  196  190  169
  145  125  110   99   98  113  144  185  232
