ionex_files/turquie/corrected/COD0OPSFIN_20230320000_01D_01H_GIM.INX
     1.0            IONOSPHERE MAPS     GNSS                IONEX VERSION / TYPE
ADDNEQ2 V5.5        AIUB                05-FEB-23 21:17     PGM / RUN BY / DATE 
CODE'S GLOBAL IONOSPHERE MAPS FOR DAY 032, 2023             COMMENT             
Global ionosphere maps (GIM) are generated on a daily basis DESCRIPTION         
at CODE using data from about 300 GNSS sites of the IGS and DESCRIPTION         
other institutions. The vertical total electron content     DESCRIPTION         
(VTEC) is modeled in a solar-geomagnetic reference frame    DESCRIPTION         
using a spherical harmonics expansion up to degree and      DESCRIPTION         
order 15. Piece-wise linear functions are used for          DESCRIPTION         
representation in the time domain. The time spacing of      DESCRIPTION         
their vertices is 1 hour, conforming with the epochs of the DESCRIPTION         
VTEC maps.                                                  DESCRIPTION         
To convert line-of-sight TEC into vertical TEC, a modified  DESCRIPTION         
single-layer model mapping function approximating the JPL   DESCRIPTION         
extended slab model mapping function is adopted. The        DESCRIPTION         
mapping function is evaluated at geodetic satellite         DESCRIPTION         
elevation angles. For the computation of the ionospheric    DESCRIPTION         
pierce points, a spherical layer with a radius of 6821 km   DESCRIPTION         
is assumed, implying geocentric, not geodetic IONEX         DESCRIPTION         
latitudes.                                                  DESCRIPTION         
Instrumental biases with respect to each involved GNSS code DESCRIPTION         
observable are estimated as constant values for each        DESCRIPTION         
day. They are modeled with one set of bias parameters for   DESCRIPTION         
each satellite and each station in case of GPS and for each DESCRIPTION         
satellite-station link in case of GLONASS. The code bias    DESCRIPTION         
datum is defined by zero-mean conditions imposed on the     DESCRIPTION         
satellite bias estimates. In this file, just GPS C1W-C2W    DESCRIPTION         
satellite and station bias values are included. The         DESCRIPTION         
complete set of GNSS code bias results is provided in an    DESCRIPTION         
additional Bias-SINEX file as pseudo-absolute values        DESCRIPTION         
specific to each observable.                                DESCRIPTION         
Note: These GIM results correspond to the results for the   DESCRIPTION         
middle day of a 3-day combination analysis solving for 73   DESCRIPTION         
times 256, or 18688 VTEC parameters and 3 daily sets of     DESCRIPTION         
GNSS code bias parameters.                                  DESCRIPTION         
Contact address: code(at)aiub.unibe.ch                      DESCRIPTION         
Data archive:    ftp.aiub.unibe.ch/CODE/                    DESCRIPTION         
                 www.aiub.unibe.ch/download/CODE/           DESCRIPTION         
  2023     2     1     0     0     0                        EPOCH OF FIRST MAP  
  2023     2     2     0     0     0                        EPOCH OF LAST MAP   
  3600                                                      INTERVAL            
[...]
brst brux bshm cedu chpg chpi chti chur ckis cnmr coco cord COMMENT             
cpvg cpxf crar cro1 daej darw dav1 dgar dhlg drao dubo ebre COMMENT             
faa1 fair flrs frdn ftna func ganp glps gode godz gol2 gold COMMENT             
gope gras graz guam guug harb hers hert hlfx hob2 hofn holb COMMENT             
hrao hyde iddr ieng iisc ineg invk iqal irkj isba jog2 joz2 COMMENT             
joze karr kerg kir0 kiri kiru kit3 kokb kokv koug kour krgg COMMENT             
laut lmmf lpal lpgs m0se mac1 madr mal2 mana mas1 mat1 mate COMMENT             
maw1 mcm4 mdo1 mdvj medi mets mgue mizu mkea mnls mobs monp COMMENT             
morp mqzg mro1 mtka nano nico nist nium nklg nlib nnor not1 COMMENT             
nrc1 nrmd ntus nya1 nyal ohi2 onsa opmt ous2 pado parc park COMMENT             
pdel penc pert pie1 pimo pohn pol2 polv pots pove prds ptbb COMMENT             
ptvl qaq1 quin ramo reun reyk rgdg rio2 riop roth salu samo COMMENT             
sant savo sch2 scor scrz sctb scub seyg sofi spt0 ssia sthl COMMENT             
stjo str2 suth sutm suwn sydn tabl tabv tash thtg thti thu2 COMMENT             
tid1 tidb tlse tn22 tong tow2 tro1 tsea twtf txes uclu ufpr COMMENT             
ulab unb3 unbj unsa urum usn7 usud vald vill voim vtsp wab1 COMMENT             
wab2 wark wes2 wgtn whit will wind wsrt wtza wtzl wtzr wtzs COMMENT             
wtzz wuhn xmis yar2 yar3 yarr yell ykro zamb zeck zim2 zim3 COMMENT             
zimm                                                        COMMENT             
                                                            END OF HEADER       
[from data line 3003]
     8                                                      START OF TEC MAP    
  2023     2     1     7     0     0                        EPOCH OF CURRENT MAP
    87.5 -180.0 180.0   5.0 450.0                            LAT/LON1/LON2/DLON/H
   45   44   44   43   43   42   42   42   41   41   41   41   41   41   41   41
   40   40   40   40   40   40   39   39   39   39   39   39   39   39   39   39
   39   40   40   41   41   42   43   44   44   45   46   47   48   49   50   51
   52   53   54   54   55   55   56   56   56   56   56   56   55   55   54   53
   52   52   51   50   49   48   47   46   45
    85.0 -180.0 180.0   5.0 450.0                            LAT/LON1/LON2/DLON/H
   46   44   43   42   41   41   41   41   41   42   43   43   44   44   44   44
   44   44   43   42   42   41   40   39   38   37   36   36   36   35   36   36
   36   37   38   39   40   41   43   44   46   48   50   53   55   58   60   63
   66   68   71   73   75   77   79   80   81   81   81   80   78   77   75   72
   69   66   63   60   57   54   51   48   46
    82.5 -180.0 180.0   5.0 450.0                            LAT/LON1/LON2/DLON/H
   47   43   41   39   38   39   39   41   43   44   46   48   50   51   51   51
   51   50   49   47   45   43   41   39   37   35   34   33   32   32   32   33
   34   35   37   38   40   42   45   47   50   53   56   60   64   68   73   78
   83   89   94   99  103  108  111  114  116  117  117  116  114  110  106  101
   95   89   82   76   69   62   56   51   47
    80.0 -180.0 180.0   5.0 450.0                            LAT/LON1/LON2/DLON/H
   49   43   39   36   36   36   38   41   44   47   51   54   56   58   59   59
   58   56   54   51   48   45   41   38   35   33   31   30   29   30   31   32
   34   36   38   41   43   45   48   51   54   58   62   67   73   79   87   94
  103  111  120  128  136  144  150  155  159  161  162  161  158  153  147  139
  130  120  109   98   86   75   65   56   49
    77.5 -180.0 180.0   5.0 450.0                            LAT/LON1/LON2/DLON/H
   54   45   39   35   34   35   37   41   45   50   54   58   60   62   63   63
   62   60   57   54   50   45   41   37   34   31   29   28   28   29   31   34
   37   40   43   45   48   50   53   55   58   62   67   73   81   90  100  111
  123  135  147  159  170  180  189  197  202  206  208  207  205  199  192  182
  170  156  141  125  109   93   78   65   54
    75.0 -180.0 180.0   5.0 450.0                            LAT/LON1/LON2/DLON/H
   61   50   41   36   34   35   38   42   47   51   55   59   61   62   63   62
   61   59   57   54   50   46   42   38   34   32   30   30   30   32   35   39
   42   46   49   52   54   56   57   59   62   66   71   79   88   99  113  127
  143  158  174  188  202  214  224  233  240  244  247  248  245  240  232  222
  208  192  173  154  133  113   94   76   61
    72.5 -180.0 180.0   5.0 450.0                            LAT/LON1/LON2/DLON/H
   72   57   47   40   37   38   40   44   48   52   55   57   57   58   57   57
   56   55   54   52   50   47   44   41   39   36   35   36   37   39   43   46
   50   53   56   57   59   59   60   61   63   67   74   83   95  109  126  144
  162  181  198  214  228  239  249  257  264  269  272  273  272  268  261  251
  238  221  202  180  157  134  111   90   72
    70.0 -180.0 180.0   5.0 450.0                            LAT/LON1/LON2/DLON/H
   84   67   54   46   42   42   44   47   50   52   53   53   51   50   49   48
   48   49   50   51   51   51   49   48   46   45   45   46   47   49   52   55
   57   59   60   61   61   60   60   61   63   68   76   88  102  120  140  161
  182  202  219  234  246  255  262  268  272  276  279  281  281  279  274  266
  254  239  221  200  176  152  128  104   84
    67.5 -180.0 180.0   5.0 450.0                            LAT/LON1/LON2/DLON/H
   95   76   62   52   47   46   48   50   52   53   51   48   45   42   40   39
   41   43   47   50   53   55   56   56   56   56   56   57   58   60   61   62
   63   63   62   60   59   58   58   59   63   70   80   95  112  133  156  179
  201  221  237  249  257  261  264  265  266  267  269  271  272  272  270  265
  256  244  229  210  189  165  141  117   95
    65.0 -180.0 180.0   5.0 450.0                            LAT/LON1/LON2/DLON/H
  103   83   67   56   51   49   50   52   53   52   50   45   40   36   33   33
   36   40   45   50   55   58   61   62   64   65   66   67   68   68   67   66
   64   62   59   56   54   53   54   58   64   74   88  105  125  148  173  197
  219  238  251  258  261  260  256  252  249  248  248  250  253  254  254  252
  246  238  227  212  194  173  150  126  103
    62.5 -180.0 180.0   5.0 450.0                            LAT/LON1/LON2/DLON/H
  108   87   70   58   51   49   50   52   52   51   48   43   37   33   31   32
   35   40   45   51   55   59   62   65   67   70   71   73   73   72   69   66
   61   57   52   49   48   48   52   59   69   82   99  119  141  166  191  215
  235  251  260  263  261  254  245  237  231  227  227  228  231  233  234  233
  230  225  217  207  193  175  154  131  108
    60.0 -180.0 180.0   5.0 450.0                            LAT/LON1/LON2/DLON/H
  110   88   70   57   49   47   47   48   49   48   45   41   37   34   33   35
   38   43   48   51   54   56   58   61   65   68   71   73   72   70   66   61
   55   49   45   42   42   46   53   64   78   95  114  136  159  183  207  229
  248  260  266  265  258  248  237  226  218  213  212  213  215  217  218  217
  214  211  205  198  188  174  155  133  110
    57.5 -180.0 180.0   5.0 450.0                            LAT/LON1/LON2/DLON/H
  112   89   70   56   48   44   43   43   44   44   42   40   38   38   39   42
   45   49   51   51   50   50   50   53   57   62   66   68   68   65   60   54
   48   43   39   38   40   47   58   73   91  111  132  154  177  199  221  240
  255  265  268  264  257  246  234  223  216  211  210  210  211  211  210  207
  204  200  196  191  183  172  155  134  112
    55.0 -180.0 180.0   5.0 450.0                            LAT/LON1/LON2/DLON/H
  114   92   73   59   50   44   41   40   39   39   38   39   40   42   46   50
   53   55   54   51   46   42   40   42   47   53   58   61   61   58   53   48
   43   39   37   38   43   53   68   86  107  129  151  173  193  213  231  247
  259  265  267  263  256  248  238  230  224  220  218  218  218  216  212  206
  200  195  190  186  180  170  155  136  114
    52.5 -180.0 180.0   5.0 450.0                            LAT/LON1/LON2/DLON/H
  118   99   82   68   59   51   46   41   37   35   35   37   41   45   51   57
   61   61   57   50   42   35   32   34   40   47   53   56   55   52   48   44
   41   39   40   44   52   65   82  103  125  148  170  189  207  224  238  250
  259  263  264  262  258  254  249  244  239  235  233  232  229  225  219  210
  201  194  188  184  179  170  156  139  118
    50.0 -180.0 180.0   5.0 450.0                            LAT/LON1/LON2/DLON/H
  125  109   95   85   76   67   58   50   42   37   35   37   41   47   55   61
   65   65   60   52   41   33   30   33   39   47   53   55   54   50   47   44
   44   45   48   55   65   80   98  121  144  166  186  204  219  232  243  252
  257  260  261  261  261  262  261  259  255  250  246  242  238  233  224  214
  203  194  187  182  177  170  158  143  125
    47.5 -180.0 180.0   5.0 450.0                            LAT/LON1/LON2/DLON/H
  133  122  113  106   99   91   79   66   53   44   40   40   43   49   56   63
   68   69   65   56   46   39   36   40   47   54   59   60   57   53   50   49
   50   54   60   68   80   96  116  139  161  183  201  217  229  240  248  253
  257  258  259  261  265  269  271  270  264  257  249  243  238  232  223  212
  201  191  184  179  174  168  158  146  133
    45.0 -180.0 180.0   5.0 450.0                            LAT/LON1/LON2/DLON/H
  138  133  129  127  124  116  103   86   70   57   49   46   48   52   58   65
   71   74   71   65   57   52   52   56   63   69   72   71   66   61   57   57
   59   64   72   82   96  113  134  156  178  198  215  229  239  248  254  257
  258  257  258  261  268  274  278  275  266  254  242  233  227  221  214  204
  194  184  178  173  168  163  155  147  138
    42.5 -180.0 180.0   5.0 450.0                            LAT/LON1/LON2/DLON/H
  140  139  140  143  142  136  124  106   88   72   62   57   56   57   61   68
   75   80   82   79   75   72   73   78   85   89   89   85   78   71   67   66
   69   74   82   94  109  129  151  173  195  213  228  240  250  257  261  263
  262  260  259  263  271  278  281  275  261  245  229  219  213  208  202  194
  185  177  170  165  160  156  150  144  140
    40.0 -180.0 180.0   5.0 450.0                            LAT/LON1/LON2/DLON/H
  137  137  141  146  148  145  134  118  100   86   76   70   67   66   69   75
   83   90   95   96   95   95   98  103  108  110  107   99   90   82   77   75
   77   82   90  103  120  142  167  190  211  228  242  252  261  267  271  271
  268  265  264  267  275  283  285  276  260  240  223  212  207  203  198  191
  182  174  167  160  154  149  143  139  137
    37.5 -180.0 180.0   5.0 450.0                            LAT/LON1/LON2/DLON/H
  131  130  132  136  139  137  129  116  103   92   85   81   79   78   79   85
   94  104  111  115  116  118  121  125  128  127  121  112  101   92   86   83
   83   86   94  108  129  155  182  206  227  242  254  263  271  277  280  280
  276  272  271  276  285  294  296  287  271  252  238  229  225  221  215  206
  196  186  176  166  156  148  140  134  131
    35.0 -180.0 180.0   5.0 450.0                            LAT/LON1/LON2/DLON/H
  127  121  117  116  116  115  109  101   93   88   86   87   88   89   91   97
  107  118  126  131  134  136  139  142  142  139  131  120  109   99   93   89
   87   88   96  111  136  165  195  221  241  254  264  273  280  286  289  289
  286  283  284  292  304  316  321  316  305  293  285  282  279  274  264  250
  235  220  205  189  173  158  145  135  127
    32.5 -180.0 180.0   5.0 450.0                            LAT/LON1/LON2/DLON/H
  130  116  104   95   90   86   82   77   74   74   79   86   92   97  102  109
  119  130  139  143  145  147  149  150  149  144  135  124  113  105   98   93
   90   89   96  114  141  175  207  233  252  263  272  280  287  294  298  299
  298  298  304  316  334  351  363  368  367  368  370  374  373  363  346  325
  303  281  258  233  207  183  163  145  130
    30.0 -180.0 180.0   5.0 450.0                            LAT/LON1/LON2/DLON/H
  146  124  103   85   73   65   60   56   54   58   66   78   90   99  107  117
  127  138  145  148  149  150  151  152  150  144  135  125  115  108  102   97
   92   91   98  117  147  182  216  242  258  268  276  284  293  301  307  311
  314  319  331  350  375  401  423  440  454  470  486  498  497  482  456  425
  394  364  332  297  260  225  195  170  146
    27.5 -180.0 180.0   5.0 450.0                            LAT/LON1/LON2/DLON/H
  178  149  121   97   78   65   56   49   45   47   55   69   83   96  107  118
  129  138  144  146  146  146  148  149  148  142  133  123  115  110  105  100
   95   93  101  120  152  189  222  246  260  269  276  286  298  309  319  327
  335  347  366  394  427  461  493  523  554  586  616  634  632  611  575  536
  497  460  420  376  328  282  242  208  178
    25.0 -180.0 180.0   5.0 450.0                            LAT/LON1/LON2/DLON/H
  226  194  164  137  115   97   83   69   58   52   55   64   78   91  103  114
  124  132  137  138  138  139  142  145  144  139  131  122  115  110  106  102
   98   97  105  125  157  194  225  247  259  267  276  289  304  320  335  348
  363  382  409  444  483  524  564  604  649  695  735  757  753  725  683  637
  595  554  509  457  400  346  298  259  226
    22.5 -180.0 180.0   5.0 450.0                            LAT/LON1/LON2/DLON/H
  283  256  230  205  184  164  144  122  100   81   72   72   79   89   99  108
  116  123  127  129  129  132  137  142  143  138  130  120  114  110  107  103
  100  101  110  131  163  197  227  246  257  266  277  294  315  337  357  376
  398  423  456  495  538  581  623  669  720  773  818  841  834  803  758  712
  670  629  584  529  468  407  356  315  283
    20.0 -180.0 180.0   5.0 450.0                            LAT/LON1/LON2/DLON/H
  343  325  309  293  277  258  235  205  170  136  111   97   93   95   99  104
  109  115  119  121  123  128  135  142  144  139  130  120  113  109  106  103
  102  104  115  138  168  201  228  246  257  268  283  305  331  358  384  409
  436  467  503  543  584  623  662  705  755  807  849  868  859  827  786  745
  710  675  633  580  520  459  407  369  343
    17.5 -180.0 180.0   5.0 450.0                            LAT/LON1/LON2/DLON/H
  397  391  389  385  378  364  340  304  259  210  168  139  123  114  110  109
  110  113  117  120  123  129  137  144  146  141  130  119  111  107  104  102
  102  107  120  144  175  206  231  249  262  276  295  321  351  382  413  444
  475  508  544  582  617  648  676  709  748  790  823  836  825  798  766  737
  712  687  652  606  551  494  447  414  397
    15.0 -180.0 180.0   5.0 450.0                            LAT/LON1/LON2/DLON/H
  437  443  455  464  467  460  439  402  350  291  236  193  164  145  133  125
  121  122  124  126  129  134  142  149  150  143  131  119  111  106  102  100
  101  108  125  151  182  213  238  257  273  290  312  340  372  407  441  475
  508  542  576  609  635  654  668  684  706  732  752  757  747  728  710  696
  685  669  644  607  561  512  471  445  437
    12.5 -180.0 180.0   5.0 450.0                            LAT/LON1/LON2/DLON/H
  460  474  495  515  526  526  510  476  423  360  299  248  212  186  166  153
  145  142  142  142  142  144  149  153  153  145  132  120  111  105  101   98
  100  109  129  158  190  222  248  269  288  308  332  360  392  427  463  498
  533  565  596  623  640  647  646  644  647  654  658  656  649  642  641  643
  643  636  619  591  554  515  481  461  460
    10.0 -180.0 180.0   5.0 450.0                            LAT/LON1/LON2/DLON/H
  466  482  506  529  544  549  539  511  463  404  344  293  255  227  205  188
  177  171  167  162  157  154  155  157  154  145  133  121  113  107  102   98
   99  111  134  165  199  232  259  283  304  326  350  376  406  439  475  511
  545  576  604  626  637  635  622  605  591  580  572  564  562  569  583  598
  606  602  589  568  541  510  481  465  466
     7.5 -180.0 180.0   5.0 450.0                            LAT/LON1/LON2/DLON/H
  458  470  489  508  521  527  521  500  462  412  360  316  284  261  242  225
  212  203  194  183  172  163  159  158  154  145  134  124  117  111  105   99
  100  113  139  173  208  241  269  295  318  341  363  386  412  443  478  514
  547  576  602  622  632  627  609  584  558  536  519  510  513  531  558  580
  588  583  569  550  529  503  478  461  458
     5.0 -180.0 180.0   5.0 450.0                            LAT/LON1/LON2/DLON/H
  444  445  453  462  467  470  466  451  422  384  345  314  294  281  269  256
  243  231  217  201  183  168  160  157  153  146  137  129  123  117  109  102
  103  117  144  179  215  247  275  301  326  349  369  388  411  440  473  508
  540  568  594  616  629  628  614  590  563  537  517  509  518  543  575  597
  599  586  565  545  525  502  476  454  444
     2.5 -180.0 180.0   5.0 450.0                            LAT/LON1/LON2/DLON/H
  429  418  412  407  402  397  392  380  359  332  306  290  284  283  281  274
  263  249  232  210  188  170  160  156  154  148  141  135  130  123  114  106
  107  122  150  184  218  248  275  301  326  348  366  384  405  432  465  498
  528  556  583  610  631  641  638  625  606  585  568  562  574  602  631  645
  636  610  579  553  531  506  477  450  429
