ionex_files/turquie/corrected/COD0OPSFIN_20230330000_01D_01H_GIM.INX
     1.0            IONOSPHERE MAPS     GNSS                IONEX VERSION / TYPE
ADDNEQ2 V5.5        AIUB                06-FEB-23 21:07     PGM / RUN BY / DATE 
CODE'S GLOBAL IONOSPHERE MAPS FOR DAY 033, 2023             COMMENT             
Global ionosphere maps (GIM) are generated on a daily basis DESCRIPTION         
at CODE using data from about 300 GNSS sites of the IGS and DESCRIPTION         
other institutions. The vertical total electron content     DESCRIPTION         
(VTEC) is modeled in a solar-geomagnetic reference frame    DESCRIPTION         
using a spherical harmonics expansion up to degree and      DESCRIPTION         
order 15. Piece-wise linear functions are used for          DESCRIPTION         
representation in the time domain. The time spacing of      DESCRIPTION         
their vertices is 1 hour, conforming with the epochs of the DESCRIPTION         
VTEC maps.                                                  DESCRIPTION         
To convert line-of-sight TEC into vertical TEC, a modified  DESCRIPTION         
single-layer model mapping function approximating the JPL   DESCRIPTION         
extended slab model mapping function is adopted. The        DESCRIPTION         
mapping function is evaluated at geodetic satellite         DESCRIPTION         
elevation angles. For the computation of the ionospheric    DESCRIPTION         
pierce points, a spherical layer with a radius of 6821 km   DESCRIPTION         
is assumed, implying geocentric, not geodetic IONEX         DESCRIPTION         
latitudes.                                                  DESCRIPTION         
Instrumental biases with respect to each involved GNSS code DESCRIPTION         
observable are estimated as constant values for each        DESCRIPTION         
day. They are modeled with one set of bias parameters for   DESCRIPTION         
each satellite and each station in case of GPS and for each DESCRIPTION         
satellite-station link in case of GLONASS. The code bias    DESCRIPTION         
datum is defined by zero-mean conditions imposed on the     DESCRIPTION         
satellite bias estimates. In this file, just GPS C1W-C2W    DESCRIPTION         
satellite and station bias values are included. The         DESCRIPTION         
complete set of GNSS code bias results is provided in an    DESCRIPTION         
additional Bias-SINEX file as pseudo-absolute values        DESCRIPTION         
specific to each observable.                                DESCRIPTION         
Note: These GIM results correspond to the results for the   DESCRIPTION         
middle day of a 3-day combination analysis solving for 73   DESCRIPTION         
times 256, or 18688 VTEC parameters and 3 daily sets of     DESCRIPTION         
GNSS code bias parameters.                                  DESCRIPTION         
Contact address: code(at)aiub.unibe.ch                      DESCRIPTION         
Data archive:    ftp.aiub.unibe.ch/CODE/                    DESCRIPTION         
                 www.aiub.unibe.ch/download/CODE/           DESCRIPTION         
  2023     2     2     0     0     0                        EPOCH OF FIRST MAP  
  2023     2     3     0     0     0                        EPOCH OF LAST MAP   
  3600                                                      INTERVAL            
[...]
brst brux bshm cas1 cedu chpg chpi chti chur ckis coco cord COMMENT             
cpvg cpxf crar cro1 daej darw dav1 dgar dhlg drao dubo ebre COMMENT             
faa1 fair flrs frdn ftna func ganp glps gode godz gol2 gold COMMENT             
gope gras graz guam guug harb hers hert hlfx hob2 hofn holb COMMENT             
hrao hyde iddr ieng iisc ineg invk iqal irkj isba jog2 joz2 COMMENT             
joze karr kerg kir0 kiri kiru kit3 kokb kokv koug kour krgg COMMENT             
laut lmmf lpal lpgs m0se mac1 madr mal2 mana mas1 mat1 mate COMMENT             
maw1 mcm4 mdo1 mdvj medi mets mgue mizu mkea mnls mobs monp COMMENT             
morp mqzg mro1 mtka nano nico nist nium nklg nlib nnor not1 COMMENT             
nrc1 nrmd ntus nya1 nyal ohi2 onsa opmt ous2 pado parc park COMMENT             
pdel penc pert pie1 pimo pohn pol2 polv pots pove prds ptbb COMMENT             
ptvl qaq1 quin ramo reun reyk rgdg rio2 riop roth salu samo COMMENT             
sant savo sch2 scor scrz sctb scub seyg sofi spt0 ssia sthl COMMENT             
stjo str2 suth sutm suwn sydn tabl tabv tash thtg thti thu2 COMMENT             
tid1 tidb tlse tn22 tong tow2 tro1 tsea twtf txes uclu ufpr COMMENT             
ulab unb3 unbj unsa urum usn7 usud vald vill voim vtsp wab1 COMMENT             
wab2 wark wes2 wgtn whit will wind wsrt wtza wtzl wtzr wtzs COMMENT             
wtzz wuhn xmis yar2 yar3 yarr yell ykro zamb zeck zim2 zim3 COMMENT             
zimm                                                        COMMENT             
                                                            END OF HEADER       
[from data line 9438]
    23                                                      START OF TEC MAP    
  2023     2     2    22     0     0                        EPOCH OF CURRENT MAP
    87.5 -180.0 180.0   5.0 450.0                            LAT/LON1/LON2/DLON/H
   85   89   93   97  101  104  108  112  116  119  122  125  128  130  132  134
  136  137  137  137  137  137  136  135  134  132  130  128  125  122  120  116
  113  110  107  103  100   96   93   89   86   83   79   76   74   71   69   66
   64   62   61   59   58   57   57   56   56   56   56   56   57   58   59   61
   63   65   67   69   72   75   78   82   85
    85.0 -180.0 180.0   5.0 450.0                            LAT/LON1/LON2/DLON/H
   74   81   88   96  104  111  119  127  135  142  148  154  159  164  168  171
  173  174  175  174  174  172  170  168  165  162  158  154  149  144  139  133
  127  121  115  109  102   96   90   84   78   72   67   62   57   53   50   46
   43   41   39   37   35   34   33   32   31   31   31   31   31   32   33   35
   37   40   43   46   51   56   61   67   74
    82.5 -180.0 180.0   5.0 450.0                            LAT/LON1/LON2/DLON/H
   63   72   82   93  104  116  128  139  150  160  170  178  185  190  194  197
  198  199  198  196  194  192  188  185  181  177  172  167  162  156  150  143
  136  129  121  113  105   97   89   81   74   66   60   54   49   44   41   38
   35   33   32   31   30   29   28   27   26   25   24   23   22   22   22   22
   23   25   27   31   35   40   47   54   63
    80.0 -180.0 180.0   5.0 450.0                            LAT/LON1/LON2/DLON/H
   58   68   79   92  106  120  135  149  163  175  186  195  202  207  209  210
  209  207  203  199  195  191  187  182  179  175  171  167  163  158  153  147
  141  134  126  118  110  101   92   83   75   67   60   54   49   45   42   41
   40   40   40   41   41   41   41   40   38   36   34   32   29   27   25   24
   24   24   25   28   31   36   42   49   58
    77.5 -180.0 180.0   5.0 450.0                            LAT/LON1/LON2/DLON/H
   64   74   85   98  112  127  143  160  175  189  200  209  214  216  215  212
  206  199  192  184  178  172  167  163  161  158  156  155  153  151  148  145
  140  135  129  122  115  106   98   89   80   72   65   60   56   53   52   53
   54   57   59   62   64   65   65   64   62   59   55   51   48   44   41   39
   38   37   38   39   42   45   50   57   64
    75.0 -180.0 180.0   5.0 450.0                            LAT/LON1/LON2/DLON/H
   84   92  101  112  125  140  157  173  189  203  214  221  224  222  216  206
  195  182  170  159  150  143  138  135  134  133  134  134  135  136  136  135
  134  131  128  123  117  111  103   96   88   81   74   69   66   65   66   68
   72   76   81   85   89   90   91   89   86   82   78   73   69   65   62   61
   60   61   62   64   67   70   74   79   84
    72.5 -180.0 180.0   5.0 450.0                            LAT/LON1/LON2/DLON/H
  117  121  127  136  146  159  174  191  207  221  231  236  236  229  217  201
  183  164  147  133  122  114  109  107  107  107  109  111  113  115  116  118
  119  119  119  117  114  110  105   99   93   87   82   77   75   75   76   80
   86   92   98  104  107  109  109  107  103   98   93   88   84   81   81   81
   84   87   91   96  101  105  109  113  117
    70.0 -180.0 180.0   5.0 450.0                            LAT/LON1/LON2/DLON/H
  155  158  161  165  172  183  196  211  227  241  251  255  252  241  223  201
  177  153  132  116  103   95   90   88   87   86   87   87   89   90   92   94
   97   99  101  102  102  101  100   97   93   89   84   81   79   78   81   85
   91   97  104  110  113  115  114  110  105  100   95   91   88   88   90   94
  101  109  118  127  136  143  148  152  155
    67.5 -180.0 180.0   5.0 450.0                            LAT/LON1/LON2/DLON/H
  193  194  195  196  200  207  218  232  248  263  273  277  273  259  238  211
  183  155  132  114  101   92   86   82   78   75   71   68   66   65   66   67
   69   72   76   79   82   84   86   86   85   83   80   77   75   74   76   79
   84   91   97  102  105  105  103   99   94   89   84   81   80   82   88   96
  107  120  135  149  163  174  183  189  193
    65.0 -180.0 180.0   5.0 450.0                            LAT/LON1/LON2/DLON/H
  221  223  223  223  224  229  237  250  266  282  294  300  296  282  260  231
  200  172  147  129  116  106   98   90   82   72   63   55   48   44   42   42
   43   45   48   52   57   61   66   69   71   71   70   67   65   63   63   64
   68   73   79   83   85   85   82   78   73   69   65   63   64   68   75   86
  101  118  137  157  176  192  206  216  221
    62.5 -180.0 180.0   5.0 450.0                            LAT/LON1/LON2/DLON/H
  237  242  244  243  244  246  253  264  279  296  310  319  318  306  285  257
  227  199  176  158  144  133  122  109   94   78   62   49   39   31   27   24
   23   23   25   28   33   38   44   50   54   56   56   54   51   48   46   45
   47   51   55   59   61   61   59   56   52   49   47   46   47   51   58   69
   84  103  125  149  173  194  213  227  237
    60.0 -180.0 180.0   5.0 450.0                            LAT/LON1/LON2/DLON/H
  240  249  255  257  258  260  265  274  288  304  320  331  333  325  308  284
  257  232  211  194  180  167  151  132  111   89   68   51   39   30   24   20
   16   14   12   13   16   21   28   34   39   43   43   42   38   34   30   28
   28   30   34   37   40   41   41   41   40   38   37   36   36   37   41   50
   64   82  105  131  158  183  206  225  240
    57.5 -180.0 180.0   5.0 450.0                            LAT/LON1/LON2/DLON/H
  235  250  260  267  270  273  276  283  294  308  323  335  341  337  325  306
  285  264  246  230  215  199  179  155  129  103   80   63   51   43   37   31
   25   19   14   12   12   15   20   25   30   34   36   34   31   25   20   16
   16   18   21   26   30   34   37   39   41   42   41   39   35   32   31   35
   46   62   84  111  139  167  193  216  235
    55.0 -180.0 180.0   5.0 450.0                            LAT/LON1/LON2/DLON/H
  229  248  264  277  285  289  291  295  301  311  323  334  341  341  334  321
  305  289  273  258  243  224  201  175  146  120   98   83   74   68   62   55
   47   37   29   23   21   21   23   27   30   33   35   34   31   25   20   15
   15   17   22   28   34   41   47   53   58   61   60   54   46   37   30   29
   35   50   71   97  125  154  181  206  229
    52.5 -180.0 180.0   5.0 450.0                            LAT/LON1/LON2/DLON/H
  228  251  272  290  303  311  313  313  314  317  323  330  335  337  334  327
  316  304  291  276  260  240  216  190  163  139  121  109  103   99   94   85
   73   60   50   42   38   36   36   36   37   39   41   41   38   34   28   25
   24   28   34   42   51   60   70   79   87   91   88   79   65   50   37   32
   36   49   70   96  125  153  179  204  228
    50.0 -180.0 180.0   5.0 450.0                            LAT/LON1/LON2/DLON/H
  236  260  284  308  326  338  341  339  334  330  328  328  329  330  329  325
  319  310  298  284  267  248  226  202  180  160  146  138  133  129  121  109
   94   80   68   61   58   55   53   51   49   50   51   52   51   48   44   41
   42   47   55   65   76   87   99  111  120  124  120  107   87   67   50   43
   47   61   84  111  139  165  190  213  236
    47.5 -180.0 180.0   5.0 450.0                            LAT/LON1/LON2/DLON/H
  252  275  301  327  350  366  372  369  360  350  340  332  327  325  323  321
  317  309  297  283  267  250  233  215  197  183  171  163  157  149  137  120
  103   88   78   74   73   72   69   65   62   62   63   66   67   65   62   61
   63   69   79   89  101  113  126  140  151  155  148  131  107   83   66   59
   66   83  108  137  165  190  212  232  252
    45.0 -180.0 180.0   5.0 450.0                            LAT/LON1/LON2/DLON/H
  272  292  316  344  370  389  397  396  387  373  357  343  332  324  320  317
  313  305  294  280  265  252  240  228  216  203  191  180  168  154  136  115
   96   82   76   76   80   82   81   77   73   72   74   77   80   80   78   77
   81   88   98  109  120  132  145  160  171  175  167  148  121   96   80   77
   88  109  138  168  197  221  240  256  272
    42.5 -180.0 180.0   5.0 450.0                            LAT/LON1/LON2/DLON/H
  290  306  328  354  379  400  411  413  407  394  377  359  343  330  323  318
  312  304  292  278  266  256  249  241  231  218  202  184  165  144  121   99
   80   69   67   73   81   87   88   85   81   79   82   86   89   90   89   89
   92  100  110  120  129  140  153  168  180  184  175  155  129  105   92   94
  109  135  166  197  225  248  265  278  290
    40.0 -180.0 180.0   5.0 450.0                            LAT/LON1/LON2/DLON/H
  304  316  334  355  377  396  409  415  414  407  393  376  358  342  331  323
  315  305  293  281  271  264  260  253  241  223  201  176  151  127  103   83
   68   61   63   72   82   90   93   90   87   85   87   91   95   95   94   94
   97  104  113  121  129  138  149  164  176  181  174  155  131  111  102  109
  129  157  187  217  244  266  282  293  304
    37.5 -180.0 180.0   5.0 450.0                            LAT/LON1/LON2/DLON/H
  312  324  338  353  368  381  392  401  407  408  403  390  373  356  342  331
  322  311  300  289  281  276  270  260  243  219  190  161  135  114   96   83
   75   72   75   83   91   98  100   98   94   92   93   96   98   97   95   94
   97  103  111  117  122  128  138  152  165  172  168  152  132  116  112  123
  145  172  200  226  251  272  289  302  312
    35.0 -180.0 180.0   5.0 450.0                            LAT/LON1/LON2/DLON/H
  322  335  347  356  361  365  370  379  390  401  405  399  386  370  354  341
  330  320  310  302  295  288  278  262  237  207  175  149  130  119  114  113
  113  114  114  115  116  117  116  112  107  103  101  102  102  100   97   95
   97  101  107  110  112  116  124  137  152  161  160  149  134  123  123  137
  159  183  206  228  249  271  290  307  322
    32.5 -180.0 180.0   5.0 450.0                            LAT/LON1/LON2/DLON/H
  338  358  371  375  371  362  357  361  375  391  403  405  396  381  364  350
  338  329  322  317  311  301  284  258  226  193  166  149  145  152  165  179
  188  188  181  169  157  148  141  135  127  120  115  112  110  107  103  100
  100  103  106  106  106  107  113  125  139  150  154  147  137  131  135  150
  171  192  210  227  246  268  292  316  338
    30.0 -180.0 180.0   5.0 450.0                            LAT/LON1/LON2/DLON/H
  370  400  419  423  410  388  370  365  374  392  406  411  404  389  372  356
  344  336  333  332  327  312  287  253  218  188  172  172  188  216  248  275
  289  286  267  239  211  190  175  165  154  143  134  128  124  120  115  112
  110  111  111  108  104  102  106  116  129  141  148  146  141  138  146  162
  183  201  215  230  249  273  303  336  370
    27.5 -180.0 180.0   5.0 450.0                            LAT/LON1/LON2/DLON/H
  420  465  495  502  485  452  421  403  403  414  425  426  416  399  379  361
  348  342  343  346  341  323  291  253  219  200  200  221  257  303  349  384
  398  388  356  311  267  234  213  199  185  170  157  148  144  140  136  131
  128  125  121  115  108  104  104  110  121  133  141  143  141  143  153  172
  193  211  226  241  262  291  329  373  420
    25.0 -180.0 180.0   5.0 450.0                            LAT/LON1/LON2/DLON/H
  485  547  593  609  593  555  512  481  468  466  466  457  438  414  388  366
  352  347  351  357  354  334  300  263  237  233  252  291  342  397  446  480
  490  470  426  368  313  272  246  230  214  196  180  171  167  165  161  156
  150  143  135  125  115  107  105  107  114  123  131  135  136  141  155  177
  202  223  241  261  288  323  368  423  485
    22.5 -180.0 180.0   5.0 450.0                            LAT/LON1/LON2/DLON/H
  556  635  698  728  720  682  634  594  567  550  532  507  475  439  405  377
  359  353  358  367  366  347  316  286  274  287  323  372  426  476  516  540
  539  511  459  396  337  294  269  252  236  216  200  191  189  190  187  181
  172  161  148  134  121  111  105  104  106  112  117  121  124  133  151  179
  208  235  260  287  321  364  416  480  556
    20.0 -180.0 180.0   5.0 450.0                            LAT/LON1/LON2/DLON/H
  619  711  791  837  842  812  767  723  687  655  618  575  525  477  433  397
  372  362  366  376  377  363  340  322  327  356  401  449  490  521  541  546
  534  501  449  390  336  299  277  263  247  227  211  205  207  210  209  201
  188  173  156  138  123  112  104  100   98   99  101  103  108  120  143  177
  213  247  279  315  357  405  463  533  619
    17.5 -180.0 180.0   5.0 450.0                            LAT/LON1/LON2/DLON/H
  660  760  851  912  932  917  883  843  804  762  711  651  587  525  471  427
  395  378  378  385  389  382  370  368  389  428  472  504  520  520  513  498
  476  444  402  356  315  288  273  262  247  229  215  211  217  223  222  212
  197  178  157  137  121  110  103   97   92   89   86   86   90  106  135  175
  217  257  296  338  386  439  498  570  660
    15.0 -180.0 180.0   5.0 450.0                            LAT/LON1/LON2/DLON/H
  671  770  865  935  969  971  954  927  894  850  793  723  649  579  517  466
  427  402  394  397  403  403  404  418  450  492  523  529  510  477  441  411
  385  361  335  309  286  271  262  253  240  222  210  210  218  226  225  214
  197  176  154  132  116  107  103   98   92   85   78   74   78   96  131  176
  223  266  308  354  404  457  514  583  671
    12.5 -180.0 180.0   5.0 450.0                            LAT/LON1/LON2/DLON/H
  649  740  828  898  941  959  961  953  933  898  845  777  701  629  566  511
  465  432  415  413  418  424  437  463  502  537  547  521  467  404  350  312
  291  281  276  271  265  259  253  244  230  213  202  203  213  221  220  209
  192  172  150  129  114  108  108  107  101   92   81   73   76   96  134  183
  232  275  316  360  409  459  511  572  649
    10.0 -180.0 180.0   5.0 450.0                            LAT/LON1/LON2/DLON/H
  604  677  750  810  854  884  903  913  912  894  856  799  734  668  609  556
  507  467  441  432  435  446  466  499  537  559  545  489  407  327  267  234
  225  233  247  260  265  262  254  241  224  205  194  195  204  211  211  201
  187  169  150  131  119  116  120  123  120  110   96   84   85  106  147  198
  245  284  321  361  405  449  493  542  604
     7.5 -180.0 180.0   5.0 450.0                            LAT/LON1/LON2/DLON/H
  550  600  650  692  729  762  792  819  835  838  822  787  740  690  642  595
  548  504  471  456  455  467  491  524  555  561  524  446  352  271  221  204
  213  236  264  286  293  286  270  249  226  205  192  191  197  203  203  196
  186  174  159  144  133  133  140  147  148  138  121  106  105  127  168  218
  262  295  325  358  396  433  468  506  550
     5.0 -180.0 180.0   5.0 450.0                            LAT/LON1/LON2/DLON/H
  504  531  554  574  596  625  658  693  723  745  753  744  721  692  660  625
  584  541  504  483  479  489  512  540  561  551  498  412  322  257  230  235
  260  294  326  345  345  327  298  267  239  214  198  193  196  201  201  199
  195  189  179  167  157  157  166  175  178  169  151  134  132  152  193  240
  279  307  330  357  389  420  448  475  504
     2.5 -180.0 180.0   5.0 450.0                            LAT/LON1/LON2/DLON/H
  478  487  487  484  489  507  536  569  605  639  668  684  686  678  664  644
  613  574  538  513  506  513  531  552  561  540  481  400  329  291  293  320
  355  390  415  423  408  374  332  293  260  233  214  205  204  207  209  210
  213  213  208  197  187  185  191  201  204  197  179  162  159  178  216  260
  295  318  337  360  387  415  440  461  478
