temp_ionex.ionex
     1.0            IONOSPHERE MAPS     GNSS                IONEX VERSION / TYPE
ADDNEQ2 V5.5        AIUB                10-FEB-23 22:00     PGM / RUN BY / DATE 
CODE'S GLOBAL IONOSPHERE MAPS FOR DAY 037, 2023             COMMENT             
Global ionosphere maps (GIM) are generated on a daily basis DESCRIPTION         
at CODE using data from about 300 GNSS sites of the IGS and DESCRIPTION         
other institutions. The vertical total electron content     DESCRIPTION         
(VTEC) is modeled in a solar-geomagnetic reference frame    DESCRIPTION         
using a spherical harmonics expansion up to degree and      DESCRIPTION         
order 15. Piece-wise linear functions are used for          DESCRIPTION         
representation in the time domain. The time spacing of      DESCRIPTION         
their vertices is 1 hour, conforming with the epochs of the DESCRIPTION         
VTEC maps.                                                  DESCRIPTION         
To convert line-of-sight TEC into vertical TEC, a modified  DESCRIPTION         
single-layer model mapping function approximating the JPL   DESCRIPTION         
extended slab model mapping function is adopted. The        DESCRIPTION         
mapping function is evaluated at geodetic satellite         DESCRIPTION         
elevation angles. For the computation of the ionospheric    DESCRIPTION         
pierce points, a spherical layer with a radius of 6821 km   DESCRIPTION         
is assumed, implying geocentric, not geodetic IONEX         DESCRIPTION         
latitudes.                                                  DESCRIPTION         
Instrumental biases with respect to each involved GNSS code DESCRIPTION         
observable are estimated as constant values for each        DESCRIPTION         
day. They are modeled with one set of bias parameters for   DESCRIPTION         
each satellite and each station in case of GPS and for each DESCRIPTION         
satellite-station link in case of GLONASS. The code bias    DESCRIPTION         
datum is defined by zero-mean conditions imposed on the     DESCRIPTION         
satellite bias estimates. In this file, just GPS C1W-C2W    DESCRIPTION         
satellite and station bias values are included. The         DESCRIPTION         
complete set of GNSS code bias results is provided in an    DESCRIPTION         
additional Bias-SINEX file as pseudo-absolute values        DESCRIPTION         
specific to each observable.                                DESCRIPTION         
Note: These GIM results correspond to the results for the   DESCRIPTION         
middle day of a 3-day combination analysis solving for 73   DESCRIPTION         
times 256, or 18688 VTEC parameters and 3 daily sets of     DESCRIPTION         
GNSS code bias parameters.                                  DESCRIPTION         
Contact address: code(at)aiub.unibe.ch                      DESCRIPTION         
Data archive:    ftp.aiub.unibe.ch/CODE/                    DESCRIPTION         
                 www.aiub.unibe.ch/download/CODE/           DESCRIPTION         
  2023     2     6     0     0     0                        EPOCH OF FIRST MAP  
  2023     2     7     0     0     0                        EPOCH OF LAST MAP   
  3600                                                      INTERVAL            
[...]
brux bshm cas1 ccj2 cedu chpg chpi chti chur ckis coco cord COMMENT             
cpvg cpxf crar cro1 darw dav1 dgar dhlg drao dubo ebre faa1 COMMENT             
fair flrs frdn ftna func ganp glps glsv gode godz gol2 gold COMMENT             
gope gras graz guam guug harb hers hert hlfx hob2 hofn holb COMMENT             
hrao hyde iddr ieng iisc ineg invk iqal irkj isba jog2 joz2 COMMENT             
joze karr kerg kir0 kiri kiru kit3 kokb kokv koug kour krgg COMMENT             
laut lmmf lpal lpgs m0se mac1 madr mal2 mana mas1 mat1 mate COMMENT             
maw1 mcm4 mdo1 mdvj medi mets mgue mizu mkea mnls mobs monp COMMENT             
morp mqzg mro1 mtka nano nico nist nium nklg nlib nnor not1 COMMENT             
nrc1 nrmd ntus nya1 nyal ohi2 onsa opmt ous2 pado parc park COMMENT             
pdel penc pert pie1 pimo pohn pol2 polv pots pove prds ptag COMMENT             
ptbb ptvl qaq1 quin ramo reun reyk rgdg rio2 riop salu samo COMMENT             
sant savo sch2 scor scrz sctb scub seyg smst sofi spt0 ssia COMMENT             
sthl stjo stk2 str2 suth sutm suwn sydn syog tabl tabv tash COMMENT             
thtg thti thu2 tid1 tidb tlse tn22 tong tow2 tro1 tsea tskb COMMENT             
twtf txes uclu ufpr ulab unb3 unbj unsa urum usn7 usud vald COMMENT             
vill voim vtsp wab1 wab2 wark wes2 wgtn whit will wsrt wtza COMMENT             
wtzl wtzr wtzs wtzz wuhn xmis yar2 yar3 yarr yell zamb zeck COMMENT             
zim2 zim3 zimm                                              COMMENT             
                                                            END OF HEADER       
[from data line 7722]
    19                                                      START OF TEC MAP    
  2023     2     6    18     0     0                        EPOCH OF CURRENT MAP
    87.5 -180.0 180.0   5.0 450.0                            LAT/LON1/LON2/DLON/H
  143  143  144  144  145  146  147  148  150  151  153  154  156  158  159  161
  163  165  166  168  170  171  173  174  176  177  178  179  180  181  181  182
  182  182  182  182  182  181  180  179  178  177  176  174  173  171  170  168
  166  164  162  161  159  157  155  154  152  151  149  148  147  146  145  144
  144  143  143  142  142  142  142  142  143
    85.0 -180.0 180.0   5.0 450.0                            LAT/LON1/LON2/DLON/H
  119  119  120  120  121  123  124  126  129  131  134  137  140  143  146  150
  153  156  160  163  166  168  171  173  175  177  179  181  182  184  185  186
  186  187  187  187  187  186  185  183  182  179  177  174  171  168  165  161
  158  154  151  148  144  141  138  136  133  131  129  127  125  124  123  122
  121  120  120  119  119  119  119  119  119
    82.5 -180.0 180.0   5.0 450.0                            LAT/LON1/LON2/DLON/H
  100   99   99   99   99  100  102  104  107  110  114  118  122  127  132  137
  142  146  150  154  158  161  163  165  167  169  170  171  172  174  175  176
  177  178  179  180  180  179  178  177  175  173  170  166  162  158  154  149
  145  140  136  132  128  124  121  118  115  113  111  109  108  107  106  105
  105  104  104  103  103  102  101  100  100
    80.0 -180.0 180.0   5.0 450.0                            LAT/LON1/LON2/DLON/H
   90   88   86   84   84   83   84   86   89   93   98  103  109  116  122  129
  135  141  146  150  153  156  157  157  157  156  156  155  154  154  154  155
  157  158  160  161  163  163  163  162  161  159  156  152  149  145  141  136
  132  128  124  120  116  112  109  106  104  102  100   99   98   98   98   99
   99   99   99   98   98   96   94   92   90
    77.5 -180.0 180.0   5.0 450.0                            LAT/LON1/LON2/DLON/H
   91   87   83   79   76   75   75   76   79   84   90   97  105  113  122  130
  139  146  152  157  160  161  160  158  154  150  145  140  136  132  131  130
  131  133  135  138  140  142  143  143  142  141  139  136  134  131  129  126
  123  121  118  116  113  110  107  105  103  101  100   99   99  100  101  102
  103  104  105  105  104  102   99   96   91
    75.0 -180.0 180.0   5.0 450.0                            LAT/LON1/LON2/DLON/H
  101   95   88   83   78   75   74   75   79   84   92  100  110  121  132  143
  153  163  171  178  181  182  180  174  166  156  145  135  125  117  111  108
  107  108  111  114  117  119  121  121  121  121  120  119  119  119  120  120
  121  121  121  121  119  118  116  113  111  109  108  107  107  108  110  112
  114  116  117  118  117  115  112  107  101
    72.5 -180.0 180.0   5.0 450.0                            LAT/LON1/LON2/DLON/H
  115  107   99   91   86   82   81   82   87   93  102  113  124  137  150  164
  178  191  202  211  217  219  216  208  196  181  163  145  129  114  103   96
   92   92   93   95   98  100  101  102  102  102  102  103  106  109  113  118
  123  127  130  132  132  132  130  127  125  122  120  118  118  118  119  122
  124  127  130  131  132  130  127  121  115
    70.0 -180.0 180.0   5.0 450.0                            LAT/LON1/LON2/DLON/H
  125  117  109  101   95   91   91   93   99  108  119  131  144  158  173  189
  206  223  239  253  263  268  266  258  243  222  199  174  150  129  112   99
   92   88   86   86   87   87   87   86   85   85   86   88   93  100  108  116
  124  132  138  142  144  144  142  140  136  132  129  126  124  123  123  125
  128  131  135  138  140  139  137  132  125
    67.5 -180.0 180.0   5.0 450.0                            LAT/LON1/LON2/DLON/H
  129  121  113  106  101   99  100  106  114  125  138  152  166  181  197  214
  233  253  274  294  309  319  321  315  299  276  247  216  186  159  136  119
  106   98   93   89   86   82   79   75   73   71   72   76   82   91  101  112
  122  131  139  144  147  147  146  143  139  135  130  125  122  119  118  118
  120  124  128  133  136  138  137  134  129
    65.0 -180.0 180.0   5.0 450.0                            LAT/LON1/LON2/DLON/H
  121  116  110  105  102  103  108  117  129  143  158  173  188  203  218  235
  255  277  302  326  348  364  372  369  355  331  301  267  233  202  175  153
  135  122  111  102   94   86   79   72   66   63   63   66   72   81   92  102
  112  121  128  133  136  137  136  134  131  126  121  116  110  106  103  101
  102  105  110  115  121  125  126  125  121
    62.5 -180.0 180.0   5.0 450.0                            LAT/LON1/LON2/DLON/H
  105  102   98   97   98  103  113  126  143  161  178  195  210  224  237  252
  270  292  318  346  373  395  409  411  401  379  350  316  282  250  221  196
  174  155  139  124  110   97   85   75   67   61   60   62   66   73   81   89
   95  101  106  109  112  114  114  114  112  109  105   99   93   86   81   78
   77   79   83   89   96  102  105  106  105
    60.0 -180.0 180.0   5.0 450.0                            LAT/LON1/LON2/DLON/H
   82   82   82   85   91  101  116  135  157  179  199  218  233  245  256  268
  281  300  324  352  381  407  426  434  429  413  387  358  327  297  269  243
  218  194  171  150  131  113   98   85   75   68   65   64   66   69   72   74
   75   76   77   78   80   83   86   88   89   89   86   81   74   67   60   54
   52   52   56   62   69   75   80   82   82
    57.5 -180.0 180.0   5.0 450.0                            LAT/LON1/LON2/DLON/H
   61   63   67   74   85  101  122  146  172  199  223  243  259  270  279  285
  293  304  322  346  375  403  426  439  439  428  409  386  361  337  312  287
  260  232  204  178  154  133  116  102   90   82   77   75   73   72   68   64
   58   53   49   48   50   54   60   65   70   72   71   67   61   53   45   38
   33   32   35   40   47   52   57   60   61
    55.0 -180.0 180.0   5.0 450.0                            LAT/LON1/LON2/DLON/H
   47   50   57   68   85  106  132  161  192  221  248  271  288  300  307  308
  309  311  320  337  361  389  413  429  435  429  417  401  383  366  347  324
  296  265  233  203  177  155  137  123  111  103   97   92   87   81   72   61
   49   39   32   29   31   37   45   53   60   64   65   62   57   49   40   32
   27   25   26   30   36   40   43   45   47
    52.5 -180.0 180.0   5.0 450.0                            LAT/LON1/LON2/DLON/H
   42   47   56   71   91  117  147  180  214  246  275  300  320  334  340  339
  332  324  322  330  348  372  397  415  423  422  414  404  394  384  370  349
  322  289  254  223  196  176  159  146  135  126  119  112  105   95   82   66
   51   38   29   26   28   35   44   54   62   67   69   67   62   55   47   39
   33   30   31   34   38   41   41   41   42
    50.0 -180.0 180.0   5.0 450.0                            LAT/LON1/LON2/DLON/H
   49   53   64   81  105  134  167  202  238  271  302  329  352  369  377  374
  362  346  333  331  342  363  386  404  413  413  408  402  396  390  380  362
  335  301  267  236  212  194  181  169  159  148  139  131  121  110   95   79
   63   50   42   39   42   49   59   68   75   80   81   79   75   69   61   54
   49   47   47   50   53   54   52   49   49
    47.5 -180.0 180.0   5.0 450.0                            LAT/LON1/LON2/DLON/H
   62   66   78   97  123  153  188  224  260  293  324  353  380  402  414  412
  397  374  354  344  350  366  387  403  410  409  402  396  392  388  379  362
  336  303  271  243  224  211  200  190  178  166  154  144  133  122  108   94
   81   71   65   63   66   73   80   88   93   96   96   93   89   84   79   73
   69   68   69   72   74   74   70   65   62
    45.0 -180.0 180.0   5.0 450.0                            LAT/LON1/LON2/DLON/H
   78   82   94  114  140  171  205  242  277  310  341  371  401  428  445  447
  433  407  383  369  371  384  402  414  417  411  401  392  386  380  370  353
  327  297  268  246  233  224  217  207  193  177  162  149  138  127  116  107
   98   93   90   89   92   96  101  106  108  108  106  103   99   96   93   90
   88   87   89   92   95   94   89   82   78
    42.5 -180.0 180.0   5.0 450.0                            LAT/LON1/LON2/DLON/H
   91   94  106  126  152  183  217  254  289  322  352  382  415  447  470  477
  466  442  417  402  403  414  427  434  431  419  403  390  379  370  358  339
  314  287  264  248  241  238  232  221  204  184  165  149  136  126  119  114
  111  109  108  108  108  110  112  114  114  112  108  104  101  100  101  100
  100   99  101  105  108  107  102   95   91
    40.0 -180.0 180.0   5.0 450.0                            LAT/LON1/LON2/DLON/H
   94   99  112  132  157  187  222  260  296  329  359  389  424  459  487  500
  493  473  452  440  441  449  457  457  446  427  407  389  375  362  347  328
  305  282  265  255  253  253  249  236  215  192  169  150  135  125  119  117
  117  117  117  115  112  110  110  109  108  105  101   97   95   97  100  103
  103  103  104  107  110  110  105   98   94
    37.5 -180.0 180.0   5.0 450.0                            LAT/LON1/LON2/DLON/H
   88   94  109  130  156  186  222  262  301  336  366  397  431  468  500  517
  515  501  486  477  478  483  484  474  456  433  411  392  377  362  346  328
  308  290  277  273  273  274  270  255  233  208  183  161  144  131  124  121
  120  120  117  111  104   99   96   96   95   93   89   85   85   89   95  100
  101  100   98   99  100  100   96   90   88
    35.0 -180.0 180.0   5.0 450.0                            LAT/LON1/LON2/DLON/H
   74   83  100  124  151  182  220  264  308  346  378  408  443  479  512  531
  533  525  515  510  510  509  500  482  458  434  414  400  388  376  361  345
  330  316  308  305  305  305  298  284  263  238  214  191  171  154  141  134
  129  123  115  103   92   84   81   81   82   81   78   76   76   82   90   97
   98   94   88   85   84   83   79   74   74
    32.5 -180.0 180.0   5.0 450.0                            LAT/LON1/LON2/DLON/H
   56   68   90  117  146  180  222  270  319  361  396  427  461  496  526  545
  549  545  538  535  532  524  506  480  453  432  421  416  413  407  397  387
  376  367  360  354  351  346  337  324  306  287  266  245  221  198  178  162
  150  136  121  103   88   78   74   75   77   78   76   74   75   81   90   97
   98   91   80   71   66   62   57   53   56
    30.0 -180.0 180.0   5.0 450.0                            LAT/LON1/LON2/DLON/H
   39   56   82  114  148  185  230  282  336  383  421  454  486  518  545  561
  565  562  556  552  544  528  502  472  446  434  436  445  454  458  456  452
  448  441  432  421  409  397  385  374  363  352  338  318  293  263  235  210
  188  166  143  120  101   90   85   86   88   89   89   86   86   90   99  106
  105   95   79   65   54   47   40   35   39
    27.5 -180.0 180.0   5.0 450.0                            LAT/LON1/LON2/DLON/H
   30   50   82  120  158  198  246  301  358  409  451  485  517  547  569  581
  582  577  570  561  548  526  496  467  448  448  465  490  513  527  535  539
  539  534  521  501  477  456  440  431  428  426  419  404  376  342  305  272
  242  214  185  159  139  126  119  116  116  116  115  112  110  111  117  123
  121  108   88   68   52   40   30   25   30
    25.0 -180.0 180.0   5.0 450.0                            LAT/LON1/LON2/DLON/H
   31   54   91  134  176  219  268  324  382  435  479  517  549  577  596  604
  601  591  579  565  547  524  497  474  467  480  512  550  585  609  625  636
  642  637  618  586  549  517  496  489  491  497  497  484  457  418  377  339
  305  274  244  218  197  182  171  163  157  154  152  148  143  140  142  145
  142  128  105   82   62   46   33   26   31
    22.5 -180.0 180.0   5.0 450.0                            LAT/LON1/LON2/DLON/H
   43   67  108  155  201  245  293  347  403  456  503  543  578  606  623  628
  621  607  588  568  548  528  511  502  509  534  575  622  662  693  716  733
  742  736  710  667  617  574  548  539  544  553  556  545  517  477  435  397
  365  336  310  287  267  250  233  216  203  195  191  186  179  172  169  168
  164  150  128  103   82   64   48   38   43
    20.0 -180.0 180.0   5.0 450.0                            LAT/LON1/LON2/DLON/H
   62   87  129  179  227  272  318  368  420  472  519  562  600  630  648  653
  643  624  599  574  555  544  543  552  573  607  650  695  736  768  794  815
  826  819  788  736  675  623  589  576  578  585  585  572  542  504  465  433
  408  388  369  352  335  315  291  264  241  229  224  219  211  200  191  187
  182  170  150  128  107   88   71   59   62
    17.5 -180.0 180.0   5.0 450.0                            LAT/LON1/LON2/DLON/H
   85  109  152  203  252  297  340  385  433  481  528  573  615  649  670  677
  668  646  616  589  573  576  594  622  654  688  724  761  794  823  849  871
  884  877  842  785  718  659  618  597  590  588  580  560  529  494  463  441
  428  419  411  401  387  365  332  296  266  250  245  243  233  219  206  198
  193  183  167  150  132  115   97   83   85
    15.0 -180.0 180.0   5.0 450.0                            LAT/LON1/LON2/DLON/H
  107  130  172  223  273  316  357  399  442  487  533  580  625  663  689  701
  695  673  641  614  605  622  659  701  737  764  786  806  827  850  875  898
  912  905  870  812  744  681  634  603  582  565  544  516  483  452  431  422
  424  428  431  427  415  390  352  308  273  256  253  253  245  228  211  201
  194  187  177  165  153  138  121  107  107
    12.5 -180.0 180.0   5.0 450.0                            LAT/LON1/LON2/DLON/H
  124  146  187  238  287  331  372  412  453  495  540  587  634  675  706  724
  724  706  675  650  649  679  729  778  810  822  823  825  833  850  872  896
  910  904  872  817  753  691  639  597  561  526  491  454  419  393  383  388
  403  419  430  431  420  393  351  304  267  251  251  253  246  228  209  196
  189  184  179  172  165  155  139  125  124
    10.0 -180.0 180.0   5.0 450.0                            LAT/LON1/LON2/DLON/H
  135  156  196  246  296  342  385  427  468  510  553  599  644  686  722  746
  754  742  716  697  702  739  793  839  858  851  831  816  815  827  849  872
  886  882  853  806  748  691  637  586  535  485  437  393  359  339  338  355
  381  404  419  420  408  379  336  290  256  242  245  248  241  223  202  188
  181  178  175  173  170  162  148  135  135
     7.5 -180.0 180.0   5.0 450.0                            LAT/LON1/LON2/DLON/H
  138  160  201  251  302  351  399  446  491  533  574  616  657  697  734  764
  779  776  759  746  757  795  843  875  875  847  811  786  781  794  816  839
  851  847  823  784  736  685  631  574  513  453  398  353  321  309  317  341
  371  396  409  407  391  361  320  279  250  240  243  245  236  217  196  182
  175  171  169  168  167  161  149  137  138
     5.0 -180.0 180.0   5.0 450.0                            LAT/LON1/LON2/DLON/H
  136  160  202  254  307  360  414  467  518  562  601  637  671  706  741  773
  795  802  795  792  806  838  872  884  862  817  772  746  745  762  786  806
  816  810  789  757  719  675  624  565  502  440  386  345  321  316  330  357
  386  405  410  401  380  350  313  279  257  249  250  248  236  215  195  182
  174  169  165  163  161  155  144  133  136
     2.5 -180.0 180.0   5.0 450.0                            LAT/LON1/LON2/DLON/H
  131  159  204  257  313  369  429  490  546  592  629  658  684  710  740  771
  798  813  819  825  841  865  880  868  827  773  729  711  719  743  768  784
  788  777  757  730  699  662  616  560  501  447  403  373  359  362  380  405
  426  434  427  408  382  351  320  294  278  271  268  259  241  219  200  188
  180  172  164  159  155  147  135  126  131
