temp_ionex.ionex
     1.0            IONOSPHERE MAPS     GNSS                IONEX VERSION / TYPE
ADDNEQ2 V5.5        AIUB                10-FEB-23 22:00     PGM / RUN BY / DATE 
CODE'S GLOBAL IONOSPHERE MAPS FOR DAY 037, 2023             COMMENT             
Global ionosphere maps (GIM) are generated on a daily basis DESCRIPTION         
at CODE using data from about 300 GNSS sites of the IGS and DESCRIPTION         
other institutions. The vertical total electron content     DESCRIPTION         
(VTEC) is modeled in a solar-geomagnetic reference frame    DESCRIPTION         
using a spherical harmonics expansion up to degree and      DESCRIPTION         
order 15. Piece-wise linear functions are used for          DESCRIPTION         
representation in the time domain. The time spacing of      DESCRIPTION         
their vertices is 1 hour, conforming with the epochs of the DESCRIPTION         
VTEC maps.                                                  DESCRIPTION         
To convert line-of-sight TEC into vertical TEC, a modified  DESCRIPTION         
single-layer model mapping function approximating the JPL   DESCRIPTION         
extended slab model mapping function is adopted. The        DESCRIPTION         
mapping function is evaluated at geodetic satellite         DESCRIPTION         
elevation angles. For the computation of the ionospheric    DESCRIPTION         
pierce points, a spherical layer with a radius of 6821 km   DESCRIPTION         
is assumed, implying geocentric, not geodetic IONEX         DESCRIPTION         
latitudes.                                                  DESCRIPTION         
Instrumental biases with respect to each involved GNSS code DESCRIPTION         
observable are estimated as constant values for each        DESCRIPTION         
day. They are modeled with one set of bias parameters for   DESCRIPTION         
each satellite and each station in case of GPS and for each DESCRIPTION         
satellite-station link in case of GLONASS. The code bias    DESCRIPTION         
datum is defined by zero-mean conditions imposed on the     DESCRIPTION         
satellite bias estimates. In this file, just GPS C1W-C2W    DESCRIPTION         
satellite and station bias values are included. The         DESCRIPTION         
complete set of GNSS code bias results is provided in an    DESCRIPTION         
additional Bias-SINEX file as pseudo-absolute values        DESCRIPTION         
specific to each observable.                                DESCRIPTION         
Note: These GIM results correspond to the results for the   DESCRIPTION         
middle day of a 3-day combination analysis solving for 73   DESCRIPTION         
times 256, or 18688 VTEC parameters and 3 daily sets of     DESCRIPTION         
GNSS code bias parameters.                                  DESCRIPTION         
Contact address: code(at)aiub.unibe.ch                      DESCRIPTION         
Data archive:    ftp.aiub.unibe.ch/CODE/                    DESCRIPTION         
                 www.aiub.unibe.ch/download/CODE/           DESCRIPTION         
  2023     2     6     0     0     0                        EPOCH OF FIRST MAP  
  2023     2     7     0     0     0                        EPOCH OF LAST MAP   
  3600                                                      INTERVAL            
[...]
brux bshm cas1 ccj2 cedu chpg chpi chti chur ckis coco cord COMMENT             
cpvg cpxf crar cro1 darw dav1 dgar dhlg drao dubo ebre faa1 COMMENT             
fair flrs frdn ftna func ganp glps glsv gode godz gol2 gold COMMENT             
gope gras graz guam guug harb hers hert hlfx hob2 hofn holb COMMENT             
hrao hyde iddr ieng iisc ineg invk iqal irkj isba jog2 joz2 COMMENT             
joze karr kerg kir0 kiri kiru kit3 kokb kokv koug kour krgg COMMENT             
laut lmmf lpal lpgs m0se mac1 madr mal2 mana mas1 mat1 mate COMMENT             
maw1 mcm4 mdo1 mdvj medi mets mgue mizu mkea mnls mobs monp COMMENT             
morp mqzg mro1 mtka nano nico nist nium nklg nlib nnor not1 COMMENT             
nrc1 nrmd ntus nya1 nyal ohi2 onsa opmt ous2 pado parc park COMMENT             
pdel penc pert pie1 pimo pohn pol2 polv pots pove prds ptag COMMENT             
ptbb ptvl qaq1 quin ramo reun reyk rgdg rio2 riop salu samo COMMENT             
sant savo sch2 scor scrz sctb scub seyg smst sofi spt0 ssia COMMENT             
sthl stjo stk2 str2 suth sutm suwn sydn syog tabl tabv tash COMMENT             
thtg thti thu2 tid1 tidb tlse tn22 tong tow2 tro1 tsea tskb COMMENT             
twtf txes uclu ufpr ulab unb3 unbj unsa urum usn7 usud vald COMMENT             
vill voim vtsp wab1 wab2 wark wes2 wgtn whit will wsrt wtza COMMENT             
wtzl wtzr wtzs wtzz wuhn xmis yar2 yar3 yarr yell zamb zeck COMMENT             
zim2 zim3 zimm                                              COMMENT             
                                                            END OF HEADER       
[from data line 5148]
    13                                                      START OF TEC MAP    
  2023     2     6    12     0     0                        EPOCH OF CURRENT MAP
    87.5 -180.0 180.0   5.0 450.0                            LAT/LON1/LON2/DLON/H
  107  108  108  108  108  108  108  107  107  107  107  107  107  107  107  107
  107  107  106  106  106  106  106  105  105  105  104  104  103  103  102  101
  100   99   98   97   96   95   94   93   92   91   90   89   88   88   88   88
   88   88   88   89   90   91   92   93   94   95   97   98   99  100  102  103
  104  104  105  106  106  107  107  107  107
    85.0 -180.0 180.0   5.0 450.0                            LAT/LON1/LON2/DLON/H
  110  109  108  107  106  105  104  104  103  103  103  103  103  102  102  102
  102  103  103  103  103  104  104  104  105  105  105  105  105  105  104  104
  103  101  100   98   95   93   90   87   84   82   79   76   74   72   71   70
   70   70   71   73   76   79   82   85   89   93   97  101  104  107  109  111
  112  113  114  114  113  113  112  111  110
    82.5 -180.0 180.0   5.0 450.0                            LAT/LON1/LON2/DLON/H
  107  104  101   99   97   95   94   93   92   92   91   91   91   91   90   90
   90   91   91   92   93   94   95   97   99  101  103  105  107  108  109  110
  110  110  109  107  104  101   97   92   87   82   77   71   67   62   59   57
   56   56   58   62   66   72   78   86   93  101  108  114  120  124  127  129
  130  129  128  125  122  118  115  111  107
    80.0 -180.0 180.0   5.0 450.0                            LAT/LON1/LON2/DLON/H
  102   96   91   87   84   82   81   80   79   79   78   78   78   77   76   76
   75   75   75   76   78   80   83   86   90   94   99  104  109  113  117  121
  123  125  126  126  124  121  117  111  105   98   90   82   74   67   61   56
   54   53   55   60   66   75   85   97  109  121  131  141  148  154  157  157
  155  151  146  139  132  124  116  109  102
    77.5 -180.0 180.0   5.0 450.0                            LAT/LON1/LON2/DLON/H
   97   89   83   78   75   73   72   71   71   71   70   70   69   68   66   65
   63   62   62   62   64   67   71   76   82   89   97  105  113  121  128  135
  141  146  150  153  154  153  150  145  139  131  121  111  100   90   80   73
   67   65   66   71   79   90  103  118  134  150  164  176  184  190  191  189
  184  176  165  154  141  129  117  107   97
    75.0 -180.0 180.0   5.0 450.0                            LAT/LON1/LON2/DLON/H
   96   87   81   76   74   72   71   71   71   71   71   70   69   67   65   62
   59   57   56   56   58   61   66   72   80   90   99  110  121  131  142  152
  162  171  179  185  190  192  192  190  185  178  168  157  144  131  119  107
   99   93   92   95  102  113  128  145  164  181  197  210  219  223  222  217
  207  195  180  165  149  133  119  107   96
    72.5 -180.0 180.0   5.0 450.0                            LAT/LON1/LON2/DLON/H
  100   92   87   83   81   80   80   80   81   81   80   80   78   76   73   70
   66   63   61   60   61   64   70   77   86   97  108  120  132  145  158  171
  183  196  207  218  227  233  237  239  237  233  225  214  201  186  171  157
  144  134  128  128  132  141  155  171  189  207  222  234  241  243  239  230
  218  202  185  168  151  135  121  109  100
    70.0 -180.0 180.0   5.0 450.0                            LAT/LON1/LON2/DLON/H
  107  102   99   97   96   95   95   95   95   95   95   95   94   92   89   86
   82   79   75   74   74   77   83   90   99  110  121  133  146  160  174  189
  204  219  234  248  260  271  279  285  287  286  281  273  261  247  230  213
  197  182  171  165  164  168  177  189  204  219  231  240  243  242  234  223
  209  193  176  160  146  133  123  114  107
    67.5 -180.0 180.0   5.0 450.0                            LAT/LON1/LON2/DLON/H
  115  114  113  112  112  111  111  110  110  109  109  110  110  110  109  107
  103  100   96   94   93   95  100  107  115  125  136  147  160  174  189  205
  223  240  257  274  289  302  313  322  328  331  331  326  317  304  288  270
  250  231  214  201  192  189  190  196  205  214  221  225  223  217  207  194
  179  165  152  141  132  126  121  118  115
    65.0 -180.0 180.0   5.0 450.0                            LAT/LON1/LON2/DLON/H
  119  120  121  122  122  122  121  120  118  117  118  119  121  123  125  125
  123  120  116  113  111  112  116  122  129  138  148  158  171  186  203  221
  241  260  279  297  312  326  339  350  359  365  369  368  362  352  338  319
  298  275  252  232  215  203  196  193  194  195  195  193  186  176  162  148
  135  124  117  113  112  113  115  117  119
    62.5 -180.0 180.0   5.0 450.0                            LAT/LON1/LON2/DLON/H
  115  118  120  121  121  121  120  119  117  116  117  119  123  128  132  135
  136  134  130  126  124  124  126  131  138  145  155  166  179  196  216  238
  261  282  302  319  334  347  359  370  380  389  395  397  395  388  376  358
  336  311  284  257  232  211  195  184  176  170  163  155  142  128  112   97
   86   79   78   82   88   96  104  110  115
    60.0 -180.0 180.0   5.0 450.0                            LAT/LON1/LON2/DLON/H
  103  106  107  108  108  109  109  109  108  107  108  110  115  123  130  136
  139  138  134  130  126  125  127  132  138  146  157  170  186  207  232  258
  284  308  328  345  357  368  378  387  397  406  413  417  417  412  402  386
  364  338  308  276  246  218  194  176  161  148  136  122  106   87   69   55
   45   42   46   55   67   79   90   98  103
    57.5 -180.0 180.0   5.0 450.0                            LAT/LON1/LON2/DLON/H
   86   86   85   85   86   89   92   94   94   94   95   97  102  110  119  127
  131  131  128  124  120  118  121  126  134  144  156  173  195  222  252  283
  313  339  359  374  384  391  398  405  413  421  428  432  432  428  419  404
  383  357  326  293  259  226  198  174  155  138  122  105   86   66   46   31
   22   21   27   39   53   66   76   83   86
    55.0 -180.0 180.0   5.0 450.0                            LAT/LON1/LON2/DLON/H
   68   65   61   60   62   67   73   79   83   84   84   85   88   95  103  111
  117  118  115  111  107  106  110  117  127  141  159  181  209  242  278  314
  346  373  392  405  413  418  422  427  432  438  443  446  445  439  430  415
  395  370  340  307  272  239  208  182  161  143  126  108   88   67   47   31
   22   21   27   37   49   60   67   70   68
    52.5 -180.0 180.0   5.0 450.0                            LAT/LON1/LON2/DLON/H
   57   50   43   41   43   51   61   71   78   81   81   79   79   82   88   95
  101  103  101   97   94   94  100  110  125  144  167  196  230  269  309  347
  380  406  424  435  441  444  447  451  455  459  461  460  456  448  437  422
  402  378  350  319  286  254  224  198  176  159  142  126  107   87   68   53
   43   40   42   49   57   63   65   63   57
    50.0 -180.0 180.0   5.0 450.0                            LAT/LON1/LON2/DLON/H
   56   46   38   34   36   45   58   72   84   89   88   84   79   77   79   84
   89   91   90   87   85   87   96  110  130  155  185  219  258  300  341  379
  409  433  449  459  465  468  472  475  479  481  480  476  468  457  443  426
  406  382  356  328  299  269  241  216  194  178  163  149  133  116   99   84
   74   69   67   69   72   73   71   65   56
    47.5 -180.0 180.0   5.0 450.0                            LAT/LON1/LON2/DLON/H
   67   56   47   42   43   52   66   83   97  105  104   97   88   81   78   80
   84   86   86   84   84   88  100  119  145  175  210  249  290  332  371  404
  430  449  464  474  481  487  492  496  500  502  499  491  478  464  447  428
  407  384  359  334  308  281  254  229  207  190  177  165  153  140  126  114
  104   97   92   90   89   87   83   76   67
    45.0 -180.0 180.0   5.0 450.0                            LAT/LON1/LON2/DLON/H
   85   77   68   62   61   68   81   98  114  123  124  115  103   91   85   85
   88   90   91   90   91   98  112  136  166  201  239  280  321  360  393  420
  439  455  468  480  490  499  506  513  518  519  514  503  488  470  451  430
  408  384  359  336  313  288  261  234  210  191  177  167  158  148  139  130
  122  115  109  104  101   99   97   92   85
    42.5 -180.0 180.0   5.0 450.0                            LAT/LON1/LON2/DLON/H
  106  101   94   88   84   87   96  110  127  138  140  133  119  106   97   95
   98  101  103  103  105  113  130  157  191  228  268  307  345  379  406  425
  439  452  466  482  496  508  517  526  533  534  529  515  497  478  457  435
  411  385  360  338  316  292  263  232  203  179  163  152  145  139  134  129
  124  118  112  107  105  106  108  108  106
    40.0 -180.0 180.0   5.0 450.0                            LAT/LON1/LON2/DLON/H
  122  121  118  111  105  102  105  116  131  143  148  144  132  119  111  109
  112  116  118  118  120  130  149  179  215  253  290  326  360  388  409  423
  434  448  466  486  505  519  530  540  548  551  545  531  511  490  469  446
  420  392  366  343  322  298  267  231  194  164  143  130  123  119  117  117
  115  111  105  102  102  106  113  118  122
    37.5 -180.0 180.0   5.0 450.0                            LAT/LON1/LON2/DLON/H
  127  130  129  124  116  108  105  110  123  137  145  145  138  129  123  123
  126  130  131  131  134  145  167  199  236  272  305  336  364  389  408  421
  434  452  476  502  524  539  550  561  571  576  571  555  534  513  492  469
  441  411  382  359  339  315  282  240  197  160  133  116  107  103  103  105
  105  102   97   94   95  102  111  120  127
    35.0 -180.0 180.0   5.0 450.0                            LAT/LON1/LON2/DLON/H
  121  125  126  123  115  104   96   96  106  120  131  136  135  132  131  133
  136  139  140  140  143  156  181  215  251  284  312  337  363  387  408  426
  446  472  504  535  559  573  583  594  607  614  611  595  572  550  530  507
  478  445  415  392  373  350  316  271  223  181  149  128  115  110  109  110
  110  105   99   94   94   99  107  115  121
    32.5 -180.0 180.0   5.0 450.0                            LAT/LON1/LON2/DLON/H
  106  108  110  109  103   91   81   78   85   98  112  122  127  131  134  138
  142  144  143  143  148  163  191  227  263  293  315  336  361  389  418  446
  476  512  552  588  611  622  629  642  658  670  668  651  627  603  582  560
  530  496  465  443  427  408  376  331  281  236  201  177  160  151  146  145
  141  133  121  111  105  104  105  105  106
    30.0 -180.0 180.0   5.0 450.0                            LAT/LON1/LON2/DLON/H
   90   85   86   88   85   76   66   61   66   79   93  106  117  126  134  140
  143  143  141  141  149  168  199  238  274  300  318  337  365  402  442  483
  525  571  617  654  674  681  686  700  721  738  739  721  695  669  647  625
  595  561  530  510  499  485  459  418  370  325  290  263  244  230  221  214
  204  189  169  150  134  122  111  100   90
    27.5 -180.0 180.0   5.0 450.0                            LAT/LON1/LON2/DLON/H
   80   67   65   67   68   64   56   53   57   68   81   95  108  121  132  139
  140  138  136  138  149  173  209  250  286  310  326  346  380  427  481  534
  587  640  689  724  739  741  745  762  789  812  815  797  767  739  717  694
  666  632  603  586  580  574  555  520  477  437  403  377  355  337  322  309
  292  269  240  210  182  156  130  103   80
    25.0 -180.0 180.0   5.0 450.0                            LAT/LON1/LON2/DLON/H
   84   61   53   55   59   59   56   55   59   68   78   90  103  117  129  136
  136  132  131  136  151  180  220  264  301  325  341  365  407  465  530  593
  653  708  756  786  795  792  796  817  850  878  883  864  833  803  780  759
  732  700  673  659  659  659  648  621  585  549  520  495  472  451  433  414
  391  360  322  282  242  202  161  120   84
    22.5 -180.0 180.0   5.0 450.0                            LAT/LON1/LON2/DLON/H
  103   72   57   56   60   64   65   68   72   78   84   91  101  115  127  132
  131  128  128  138  158  191  233  279  317  343  363  393  444  511  584  651
  710  763  806  829  832  826  830  855  893  923  930  911  880  850  827  807
  783  754  730  719  721  726  721  700  670  639  613  591  570  548  527  505
  478  442  399  352  304  254  201  149  103
    20.0 -180.0 180.0   5.0 450.0                            LAT/LON1/LON2/DLON/H
  136   98   77   70   72   76   81   86   91   94   95   97  102  113  123  128
  127  125  130  144  169  204  248  293  333  362  389  427  486  559  632  696
  749  795  830  847  845  837  843  870  909  939  946  928  899  872  851  834
  813  787  765  754  757  762  759  742  714  686  663  644  625  605  585  562
  534  499  456  407  355  301  243  186  136
    17.5 -180.0 180.0   5.0 450.0                            LAT/LON1/LON2/DLON/H
  175  135  108   94   90   92   97  104  109  110  106  102  103  110  118  123
  123  124  134  155  184  220  262  306  346  381  415  462  526  599  667  721
  765  801  829  840  835  829  836  863  899  924  929  914  889  867  850  835
  818  796  775  763  762  764  759  740  711  682  659  642  628  611  593  572
  547  517  480  436  387  334  278  224  175
    15.0 -180.0 180.0   5.0 450.0                            LAT/LON1/LON2/DLON/H
  211  174  143  121  109  106  110  116  121  119  113  104  101  105  112  116
  118  125  142  168  201  236  274  315  357  397  439  493  559  627  684  725
  757  784  806  816  812  808  816  840  867  885  886  874  857  841  828  817
  803  784  764  748  740  736  725  700  666  632  607  592  582  570  555  537
  517  495  468  435  394  348  300  254  211
    12.5 -180.0 180.0   5.0 450.0                            LAT/LON1/LON2/DLON/H
  238  205  172  143  124  116  116  121  124  121  112  102   96   98  103  108
  114  126  150  182  216  249  283  321  364  409  460  518  582  641  684  710
  731  753  774  785  785  784  792  810  826  833  830  822  814  805  796  786
  775  759  739  719  703  691  672  640  598  557  528  514  508  500  487  471
  456  444  430  409  380  343  305  270  238
    10.0 -180.0 180.0   5.0 450.0                            LAT/LON1/LON2/DLON/H
  249  222  190  157  132  119  116  117  118  114  105   95   89   90   95  101
  109  127  157  194  229  260  290  326  370  420  476  535  594  641  669  683
  697  719  743  758  764  766  774  784  788  784  778  775  775  772  764  755
  745  732  712  688  666  646  621  581  531  482  449  436  432  426  413  397
  385  380  378  371  352  324  296  272  249
     7.5 -180.0 180.0   5.0 450.0                            LAT/LON1/LON2/DLON/H
  245  224  194  160  133  117  111  109  107  103   95   86   82   83   88   94
  105  127  161  202  239  268  296  331  376  430  488  546  597  631  647  653
  666  691  721  743  754  761  767  770  763  750  742  745  751  752  743  732
  722  711  692  667  642  619  590  546  489  435  399  385  383  377  360  339
  325  324  332  334  323  301  278  261  245
     5.0 -180.0 180.0   5.0 450.0                            LAT/LON1/LON2/DLON/H
  231  213  186  154  128  112  104  100   96   91   84   79   77   79   84   90
  102  126  164  208  246  274  302  338  386  442  499  552  593  616  623  626
  643  675  713  741  757  766  771  769  755  738  731  738  749  750  737  721
  710  702  687  664  641  619  591  548  489  432  394  381  379  369  345  315
  294  293  304  312  304  283  260  243  231
     2.5 -180.0 180.0   5.0 450.0                            LAT/LON1/LON2/DLON/H
  212  195  171  144  122  108  101   95   88   82   78   75   76   80   84   89
  100  125  165  210  249  280  309  347  397  454  508  553  585  599  602  608
  631  671  714  746  764  775  781  777  762  745  742  754  766  763  743  722
  710  706  696  680  662  647  626  588  532  476  439  426  423  408  373  331
  300  293  304  312  303  277  249  227  212
