temp_ionex.ionex
     1.0            IONOSPHERE MAPS     GNSS                IONEX VERSION / TYPE
ADDNEQ2 V5.5        AIUB                10-FEB-23 22:00     PGM / RUN BY / DATE 
CODE'S GLOBAL IONOSPHERE MAPS FOR DAY 037, 2023             COMMENT             
Global ionosphere maps (GIM) are generated on a daily basis DESCRIPTION         
at CODE using data from about 300 GNSS sites of the IGS and DESCRIPTION         
other institutions. The vertical total electron content     DESCRIPTION         
(VTEC) is modeled in a solar-geomagnetic reference frame    DESCRIPTION         
using a spherical harmonics expansion up to degree and      DESCRIPTION         
order 15. Piece-wise linear functions are used for          DESCRIPTION         
representation in the time domain. The time spacing of      DESCRIPTION         
their vertices is 1 hour, conforming with the epochs of the DESCRIPTION         
VTEC maps.                                                  DESCRIPTION         
To convert line-of-sight TEC into vertical TEC, a modified  DESCRIPTION         
single-layer model mapping function approximating the JPL   DESCRIPTION         
extended slab model mapping function is adopted. The        DESCRIPTION         
mapping function is evaluated at geodetic satellite         DESCRIPTION         
elevation angles. For the computation of the ionospheric    DESCRIPTION         
pierce points, a spherical layer with a radius of 6821 km   DESCRIPTION         
is assumed, implying geocentric, not geodetic IONEX         DESCRIPTION         
latitudes.                                                  DESCRIPTION         
Instrumental biases with respect to each involved GNSS code DESCRIPTION         
observable are estimated as constant values for each        DESCRIPTION         
day. They are modeled with one set of bias parameters for   DESCRIPTION         
each satellite and each station in case of GPS and for each DESCRIPTION         
satellite-station link in case of GLONASS. The code bias    DESCRIPTION         
datum is defined by zero-mean conditions imposed on the     DESCRIPTION         
satellite bias estimates. In this file, just GPS C1W-C2W    DESCRIPTION         
satellite and station bias values are included. The         DESCRIPTION         
complete set of GNSS code bias results is provided in an    DESCRIPTION         
additional Bias-SINEX file as pseudo-absolute values        DESCRIPTION         
specific to each observable.                                DESCRIPTION         
Note: These GIM results correspond to the results for the   DESCRIPTION         
middle day of a 3-day combination analysis solving for 73   DESCRIPTION         
times 256, or 18688 VTEC parameters and 3 daily sets of     DESCRIPTION         
GNSS code bias parameters.                                  DESCRIPTION         
Contact address: code(at)aiub.unibe.ch                      DESCRIPTION         
Data archive:    ftp.aiub.unibe.ch/CODE/                    DESCRIPTION         
                 www.aiub.unibe.ch/download/CODE/           DESCRIPTION         
  2023     2     6     0     0     0                        EPOCH OF FIRST MAP  
  2023     2     7     0     0     0                        EPOCH OF LAST MAP   
  3600                                                      INTERVAL            
[...]
brux bshm cas1 ccj2 cedu chpg chpi chti chur ckis coco cord COMMENT             
cpvg cpxf crar cro1 darw dav1 dgar dhlg drao dubo ebre faa1 COMMENT             
fair flrs frdn ftna func ganp glps glsv gode godz gol2 gold COMMENT             
gope gras graz guam guug harb hers hert hlfx hob2 hofn holb COMMENT             
hrao hyde iddr ieng iisc ineg invk iqal irkj isba jog2 joz2 COMMENT             
joze karr kerg kir0 kiri kiru kit3 kokb kokv koug kour krgg COMMENT             
laut lmmf lpal lpgs m0se mac1 madr mal2 mana mas1 mat1 mate COMMENT             
maw1 mcm4 mdo1 mdvj medi mets mgue mizu mkea mnls mobs monp COMMENT             
morp mqzg mro1 mtka nano nico nist nium nklg nlib nnor not1 COMMENT             
nrc1 nrmd ntus nya1 nyal ohi2 onsa opmt ous2 pado parc park COMMENT             
pdel penc pert pie1 pimo pohn pol2 polv pots pove prds ptag COMMENT             
ptbb ptvl qaq1 quin ramo reun reyk rgdg rio2 riop salu samo COMMENT             
sant savo sch2 scor scrz sctb scub seyg smst sofi spt0 ssia COMMENT             
sthl stjo stk2 str2 suth sutm suwn sydn syog tabl tabv tash COMMENT             
thtg thti thu2 tid1 tidb tlse tn22 tong tow2 tro1 tsea tskb COMMENT             
twtf txes uclu ufpr ulab unb3 unbj unsa urum usn7 usud vald COMMENT             
vill voim vtsp wab1 wab2 wark wes2 wgtn whit will wsrt wtza COMMENT             
wtzl wtzr wtzs wtzz wuhn xmis yar2 yar3 yarr yell zamb zeck COMMENT             
zim2 zim3 zimm                                              COMMENT             
                                                            END OF HEADER       
[from data line 4290]
    11                                                      START OF TEC MAP    
  2023     2     6    10     0     0                        EPOCH OF CURRENT MAP
    87.5 -180.0 180.0   5.0 450.0                            LAT/LON1/LON2/DLON/H
  108  110  113  115  118  120  122  125  127  129  130  132  133  134  135  136
  136  137  137  137  137  136  136  135  134  133  132  131  130  128  127  125
  124  122  120  119  117  115  113  111  109  107  105  103  101   99   97   95
   93   91   90   88   87   86   86   85   85   85   85   85   86   87   88   89
   90   92   94   96   98  101  103  105  108
    85.0 -180.0 180.0   5.0 450.0                            LAT/LON1/LON2/DLON/H
  102  107  111  116  120  124  129  132  136  139  142  144  146  148  149  149
  149  149  149  148  146  145  144  142  140  138  137  135  133  131  129  128
  126  124  122  120  118  116  114  112  109  106  103  100   96   92   89   85
   81   78   75   71   69   66   64   63   62   61   61   62   63   65   67   69
   72   75   78   82   85   89   94   98  102
    82.5 -180.0 180.0   5.0 450.0                            LAT/LON1/LON2/DLON/H
   98  103  108  114  119  124  129  134  139  143  146  148  150  151  151  150
  149  147  145  143  140  137  134  132  129  127  125  123  122  121  120  119
  119  119  119  119  119  119  119  118  116  114  112  109  105  101   96   91
   86   81   76   71   67   63   59   57   55   54   54   55   56   58   60   63
   66   69   73   77   81   85   89   94   98
    80.0 -180.0 180.0   5.0 450.0                            LAT/LON1/LON2/DLON/H
   98  102  106  110  115  121  126  131  136  140  143  145  145  145  143  141
  137  133  128  124  119  115  111  108  105  103  102  101  101  101  102  104
  107  110  113  117  121  124  128  131  133  134  134  133  131  127  123  117
  111  105   99   92   86   81   77   73   71   69   69   69   70   71   73   76
   78   81   83   86   88   90   93   95   98
    77.5 -180.0 180.0   5.0 450.0                            LAT/LON1/LON2/DLON/H
  103  104  105  108  111  116  121  126  131  134  137  137  137  134  130  124
  118  111  105   98   92   87   83   80   78   76   76   76   77   79   83   87
   93  100  107  116  124  134  142  151  158  164  168  171  172  170  167  163
  157  150  143  135  128  122  116  111  108  105  104  103  103  104  105  106
  107  107  108  107  107  106  104  104  103
    75.0 -180.0 180.0   5.0 450.0                            LAT/LON1/LON2/DLON/H
  112  109  107  107  109  112  117  122  126  130  131  131  128  123  116  108
   99   90   82   74   68   63   59   57   56   55   56   57   60   63   69   75
   84   94  105  118  132  147  161  175  189  200  210  218  223  225  224  221
  216  209  202  194  186  178  171  165  160  156  152  150  148  146  145  144
  143  142  139  136  132  127  122  117  112
    72.5 -180.0 180.0   5.0 450.0                            LAT/LON1/LON2/DLON/H
  123  116  111  109  109  111  116  120  125  128  129  127  123  116  107   97
   86   75   66   58   53   49   47   46   46   47   49   51   54   58   64   72
   82   95  109  126  144  163  182  202  221  238  254  267  277  283  285  284
  280  274  266  258  249  241  232  224  217  210  203  197  191  186  182  179
  176  172  168  163  156  149  140  131  123
    70.0 -180.0 180.0   5.0 450.0                            LAT/LON1/LON2/DLON/H
  132  122  115  112  111  113  117  122  127  129  130  128  122  114  104   93
   81   71   61   55   51   49   49   50   52   54   55   57   60   63   70   78
   90  104  121  140  160  182  205  228  251  273  293  311  325  335  341  342
  339  333  326  317  307  297  287  277  266  255  244  233  222  212  204  198
  193  188  184  178  172  163  153  142  132
    67.5 -180.0 180.0   5.0 450.0                            LAT/LON1/LON2/DLON/H
  135  125  118  113  112  115  119  124  129  131  132  129  124  116  106   96
   85   75   68   63   61   62   64   67   69   71   72   72   73   77   83   92
  105  121  139  159  181  203  227  251  276  301  325  347  364  378  385  388
  385  379  371  361  350  339  327  315  301  285  268  251  233  218  205  195
  188  184  180  177  172  166  157  146  135
    65.0 -180.0 180.0   5.0 450.0                            LAT/LON1/LON2/DLON/H
  132  123  116  112  111  113  118  123  128  131  131  129  124  118  110  102
   94   87   81   79   79   81   85   88   90   91   90   88   88   92   99  110
  126  144  164  184  205  226  248  272  297  322  348  372  392  407  416  419
  416  408  398  386  374  362  348  334  316  296  274  250  226  204  186  172
  163  159  158  158  157  155  149  141  132
    62.5 -180.0 180.0   5.0 450.0                            LAT/LON1/LON2/DLON/H
  120  113  107  104  104  107  112  117  122  124  124  123  120  117  113  108
  104  100   97   96   97  100  104  107  108  106  103   99   99  103  113  128
  148  170  191  212  232  251  270  291  314  339  365  390  411  427  435  437
  431  421  408  394  380  366  352  336  316  292  265  236  206  178  155  138
  127  123  124  128  131  133  132  127  120
    60.0 -180.0 180.0   5.0 450.0                            LAT/LON1/LON2/DLON/H
  104   99   94   92   92   96  101  106  109  112  112  111  111  111  111  111
  111  110  109  108  110  112  115  116  115  111  105  101  101  107  122  144
  169  196  221  243  261  278  294  312  333  355  380  404  425  440  447  446
  438  424  407  390  374  359  344  327  306  281  252  219  186  154  126  105
   92   87   89   95  102  108  110  108  104
    57.5 -180.0 180.0   5.0 450.0                            LAT/LON1/LON2/DLON/H
   87   82   78   76   77   81   86   90   94   96   96   96   97  100  104  109
  112  114  114  113  114  115  115  115  111  104   97   92   95  106  128  157
  189  222  250  273  291  306  321  336  354  374  397  419  438  451  456  453
  441  423  402  382  363  347  332  315  295  270  241  209  174  140  110   86
   70   63   63   70   78   85   89   90   87
    55.0 -180.0 180.0   5.0 450.0                            LAT/LON1/LON2/DLON/H
   73   69   64   62   62   66   71   76   79   81   81   82   84   89   95  103
  108  111  112  110  109  108  107  104   98   90   83   79   85  103  131  168
  207  245  277  301  320  335  349  364  380  398  417  436  452  463  466  460
  445  424  400  376  356  339  323  306  288  265  239  209  178  145  114   88
   68   58   55   59   65   72   76   76   73
    52.5 -180.0 180.0   5.0 450.0                            LAT/LON1/LON2/DLON/H
   67   61   56   52   52   55   61   66   71   73   73   73   75   79   87   95
  102  105  105  102   99   96   93   89   83   75   69   68   79  102  137  180
  224  264  298  325  346  363  378  394  410  426  442  456  468  476  476  468
  452  429  403  378  356  337  320  304  286  267  245  221  194  165  136  108
   86   71   64   64   67   70   72   71   67
    50.0 -180.0 180.0   5.0 450.0                            LAT/LON1/LON2/DLON/H
   69   62   56   51   50   53   59   66   71   74   74   73   73   76   82   89
   95   98   97   93   89   85   82   77   72   65   61   65   80  108  147  193
  238  279  313  341  365  386  406  425  442  456  468  477  483  487  485  477
  461  439  413  386  363  342  324  307  290  273  256  238  217  193  166  140
  116   98   86   80   78   78   77   74   69
    47.5 -180.0 180.0   5.0 450.0                            LAT/LON1/LON2/DLON/H
   77   70   63   58   57   59   66   74   82   86   86   84   81   80   82   86
   91   93   92   88   84   80   77   73   68   64   64   72   91  123  163  207
  249  287  320  349  377  403  429  453  472  485  492  495  495  493  490  483
  470  450  425  400  375  352  331  311  293  277  264  251  237  218  195  170
  146  125  110  101   95   91   87   83   77
    45.0 -180.0 180.0   5.0 450.0                            LAT/LON1/LON2/DLON/H
   88   82   77   72   70   73   80   89   99  105  106  102   96   91   89   90
   92   93   93   90   87   83   80   77   75   74   78   90  112  144  181  220
  256  289  319  350  382  415  447  476  498  510  513  509  502  496  491  486
  477  461  440  415  389  364  339  316  295  279  267  257  246  230  210  188
  165  145  129  117  108  102   97   93   88
    42.5 -180.0 180.0   5.0 450.0                            LAT/LON1/LON2/DLON/H
   97   94   91   87   86   88   96  106  117  125  127  123  115  106  100   98
   98   99  100   99   97   94   91   88   87   89   97  113  137  168  200  231
  259  285  313  345  382  422  461  494  518  530  530  520  507  497  491  488
  484  473  454  431  404  376  348  321  297  279  266  256  245  230  211  190
  170  153  138  125  115  107  102   99   97
    40.0 -180.0 180.0   5.0 450.0                            LAT/LON1/LON2/DLON/H
  101  101  101   99   99  101  108  119  131  140  143  140  132  122  114  109
  108  110  113  114  113  109  105  102  101  106  118  137  162  190  216  238
  258  279  306  341  383  428  471  508  535  548  547  533  516  502  496  496
  495  488  473  450  422  392  361  331  305  285  269  256  241  222  201  182
  165  151  138  126  115  106  101  100  101
    37.5 -180.0 180.0   5.0 450.0                            LAT/LON1/LON2/DLON/H
   98  100  103  104  104  107  113  123  135  145  150  149  142  134  126  122
  121  123  127  129  129  124  118  113  112  119  133  155  181  206  227  243
  257  276  304  343  389  437  482  522  551  568  568  554  535  520  514  515
  518  514  500  476  447  415  384  355  329  308  290  270  247  221  196  176
  161  151  139  127  113  103   97   96   98
    35.0 -180.0 180.0   5.0 450.0                            LAT/LON1/LON2/DLON/H
   90   93   96   99  101  104  109  117  128  138  145  147  145  141  136  133
  133  136  140  142  141  134  125  117  115  123  141  165  192  216  234  247
  260  281  313  356  404  453  497  537  570  591  597  588  571  556  550  554
  558  555  540  516  485  455  426  400  378  359  338  312  279  242  210  187
  173  164  153  137  119  104   93   89   90
    32.5 -180.0 180.0   5.0 450.0                            LAT/LON1/LON2/DLON/H
   83   82   84   87   89   92   96  103  112  121  130  136  140  142  142  142
  143  146  149  150  146  136  124  113  111  120  140  168  197  222  241  255
  272  298  336  383  432  478  519  557  593  622  637  636  624  612  608  613
  618  614  598  571  541  513  489  472  458  444  423  390  345  297  255  228
  213  202  188  166  140  116   99   88   83
    30.0 -180.0 180.0   5.0 450.0                            LAT/LON1/LON2/DLON/H
   82   74   71   72   74   77   81   86   92  101  110  120  130  138  144  147
  149  151  152  150  144  131  116  103  101  111  135  166  198  227  251  272
  296  330  375  425  472  512  547  583  622  660  686  695  691  683  683  688
  693  688  670  642  613  589  574  567  564  558  539  500  445  385  335  301
  283  268  248  217  182  147  118   96   82
    27.5 -180.0 180.0   5.0 450.0                            LAT/LON1/LON2/DLON/H
   93   74   64   61   62   64   67   71   76   82   91  103  118  132  143  150
  152  151  149  145  135  121  104   91   89  102  129  163  201  235  267  298
  333  376  426  476  519  551  580  613  655  700  737  756  761  760  762  769
  773  767  747  719  693  675  670  676  685  687  672  630  568  498  439  399
  376  356  327  288  242  196  155  120   93
    25.0 -180.0 180.0   5.0 450.0                            LAT/LON1/LON2/DLON/H
  118   87   68   60   58   60   62   65   67   72   79   91  107  125  140  149
  151  148  142  135  124  109   92   81   81   96  126  165  207  249  290  332
  378  429  482  531  567  592  613  643  687  737  782  809  821  826  832  841
  845  837  817  791  768  758  762  779  799  810  798  757  690  614  549  504
  475  449  413  366  312  257  206  158  118
    22.5 -180.0 180.0   5.0 450.0                            LAT/LON1/LON2/DLON/H
  156  115   86   72   66   66   68   69   70   71   75   85  101  119  136  145
  146  142  134  124  113   99   85   76   78   97  130  172  219  268  318  371
  426  483  536  579  609  627  643  670  713  765  811  843  859  869  878  888
  893  885  866  842  824  819  831  856  884  901  894  854  786  709  641  592
  558  526  487  437  380  323  265  208  156
    20.0 -180.0 180.0   5.0 450.0                            LAT/LON1/LON2/DLON/H
  203  153  118   97   87   84   84   84   83   81   81   86   99  115  131  140
  140  134  126  116  106   95   84   78   83  104  139  185  235  290  348  409
  470  527  578  615  639  652  666  691  730  778  821  850  867  879  891  903
  907  900  883  862  848  847  862  891  922  942  937  901  838  763  696  644
  606  571  531  484  433  379  322  262  203
    17.5 -180.0 180.0   5.0 450.0                            LAT/LON1/LON2/DLON/H
  251  198  158  132  117  111  108  106  102   97   92   93  100  113  125  133
  133  128  120  112  105   97   90   86   94  117  154  201  253  311  373  438
  501  557  602  634  653  665  678  702  736  775  808  830  845  857  871  883
  887  881  865  847  835  835  849  876  905  924  921  890  834  767  703  650
  609  572  535  498  459  417  368  310  251
    15.0 -180.0 180.0   5.0 450.0                            LAT/LON1/LON2/DLON/H
  290  240  200  171  152  141  135  130  124  114  105  101  103  111  119  125
  126  122  117  113  109  105  100   98  107  132  170  217  270  328  391  456
  517  568  607  634  651  665  681  704  731  757  777  789  799  811  825  836
  840  834  819  802  789  787  797  816  839  854  852  827  782  724  665  612
  568  531  501  477  456  430  393  345  290
    12.5 -180.0 180.0   5.0 450.0                            LAT/LON1/LON2/DLON/H
  316  273  236  207  185  170  160  152  141  129  116  109  107  109  114  118
  119  119  117  117  117  116  112  112  121  146  185  232  284  339  399  460
  516  561  595  618  637  656  676  697  717  731  737  739  744  754  768  778
  781  773  759  742  726  718  720  730  744  753  752  734  701  654  600  546
  498  461  438  429  426  418  396  360  316
    10.0 -180.0 180.0   5.0 450.0                            LAT/LON1/LON2/DLON/H
  323  291  261  234  211  193  179  166  152  137  123  114  109  108  109  112
  114  116  119  122  126  126  124  123  133  158  198  244  293  343  397  452
  503  543  572  595  616  640  665  686  699  702  698  693  695  705  718  726
  727  719  704  685  666  651  643  643  648  651  650  640  617  581  532  476
  423  384  367  369  380  387  379  355  323
     7.5 -180.0 180.0   5.0 450.0                            LAT/LON1/LON2/DLON/H
  314  293  271  249  226  206  189  173  156  139  125  116  111  108  107  107
  109  114  120  127  132  134  131  131  141  167  208  253  298  342  389  438
  483  518  545  569  594  623  651  672  681  678  669  663  666  677  689  696
  695  687  673  652  629  607  591  583  579  578  576  572  559  531  484  425
  365  323  307  315  333  347  347  334  314
     5.0 -180.0 180.0   5.0 450.0                            LAT/LON1/LON2/DLON/H
  292  281  268  251  231  211  193  174  154  135  122  116  113  109  105  104
  106  112  120  128  135  137  134  134  145  174  215  260  301  339  379  422
  463  496  522  547  575  606  636  656  664  661  654  653  662  675  688  693
  693  687  675  655  629  603  581  568  559  554  551  550  543  520  473  409
  342  294  275  281  298  310  311  303  292
     2.5 -180.0 180.0   5.0 450.0                            LAT/LON1/LON2/DLON/H
  266  262  256  244  228  211  193  172  150  131  119  116  115  111  106  102
  104  109  117  126  132  134  133  134  148  178  221  265  302  335  371  410
  448  480  506  531  560  592  621  641  650  652  654  664  681  699  712  718
  719  718  712  696  671  643  621  606  595  587  582  580  573  550  501  431
  358  304  278  276  283  286  280  272  266
