temp_ionex.ionex
     1.0            IONOSPHERE MAPS     GNSS                IONEX VERSION / TYPE
ADDNEQ2 V5.5        AIUB                10-FEB-23 22:00     PGM / RUN BY / DATE 
CODE'S GLOBAL IONOSPHERE MAPS FOR DAY 037, 2023             COMMENT             
Global ionosphere maps (GIM) are generated on a daily basis DESCRIPTION         
at CODE using data from about 300 GNSS sites of the IGS and DESCRIPTION         
other institutions. The vertical total electron content     DESCRIPTION         
(VTEC) is modeled in a solar-geomagnetic reference frame    DESCRIPTION         
using a spherical harmonics expansion up to degree and      DESCRIPTION         
order 15. Piece-wise linear functions are used for          DESCRIPTION         
representation in the time domain. The time spacing of      DESCRIPTION         
their vertices is 1 hour, conforming with the epochs of the DESCRIPTION         
VTEC maps.                                                  DESCRIPTION         
To convert line-of-sight TEC into vertical TEC, a modified  DESCRIPTION         
single-layer model mapping function approximating the JPL   DESCRIPTION         
extended slab model mapping function is adopted. The        DESCRIPTION         
mapping function is evaluated at geodetic satellite         DESCRIPTION         
elevation angles. For the computation of the ionospheric    DESCRIPTION         
pierce points, a spherical layer with a radius of 6821 km   DESCRIPTION         
is assumed, implying geocentric, not geodetic IONEX         DESCRIPTION         
latitudes.                                                  DESCRIPTION         
Instrumental biases with respect to each involved GNSS code DESCRIPTION         
observable are estimated as constant values for each        DESCRIPTION         
day. They are modeled with one set of bias parameters for   DESCRIPTION         
each satellite and each station in case of GPS and for each DESCRIPTION         
satellite-station link in case of GLONASS. The code bias    DESCRIPTION         
datum is defined by zero-mean conditions imposed on the     DESCRIPTION         
satellite bias estimates. In this file, just GPS C1W-C2W    DESCRIPTION         
satellite and station bias values are included. The         DESCRIPTION         
complete set of GNSS code bias results is provided in an    DESCRIPTION         
additional Bias-SINEX file as pseudo-absolute values        DESCRIPTION         
specific to each observable.                                DESCRIPTION         
Note: These GIM results correspond to the results for the   DESCRIPTION         
middle day of a 3-day combination analysis solving for 73   DESCRIPTION         
times 256, or 18688 VTEC parameters and 3 daily sets of     DESCRIPTION         
GNSS code bias parameters.                                  DESCRIPTION         
Contact address: code(at)aiub.unibe.ch                      DESCRIPTION         
Data archive:    ftp.aiub.unibe.ch/CODE/                    DESCRIPTION         
                 www.aiub.unibe.ch/download/CODE/           DESCRIPTION         
  2023     2     6     0     0     0                        EPOCH OF FIRST MAP  
  2023     2     7     0     0     0                        EPOCH OF LAST MAP   
  3600                                                      INTERVAL            
[...]
brux bshm cas1 ccj2 cedu chpg chpi chti chur ckis coco cord COMMENT             
cpvg cpxf crar cro1 darw dav1 dgar dhlg drao dubo ebre faa1 COMMENT             
fair flrs frdn ftna func ganp glps glsv gode godz gol2 gold COMMENT             
gope gras graz guam guug harb hers hert hlfx hob2 hofn holb COMMENT             
hrao hyde iddr ieng iisc ineg invk iqal irkj isba jog2 joz2 COMMENT             
joze karr kerg kir0 kiri kiru kit3 kokb kokv koug kour krgg COMMENT             
laut lmmf lpal lpgs m0se mac1 madr mal2 mana mas1 mat1 mate COMMENT             
maw1 mcm4 mdo1 mdvj medi mets mgue mizu mkea mnls mobs monp COMMENT             
morp mqzg mro1 mtka nano nico nist nium nklg nlib nnor not1 COMMENT             
nrc1 nrmd ntus nya1 nyal ohi2 onsa opmt ous2 pado parc park COMMENT             
pdel penc pert pie1 pimo pohn pol2 polv pots pove prds ptag COMMENT             
ptbb ptvl qaq1 quin ramo reun reyk rgdg rio2 riop salu samo COMMENT             
sant savo sch2 scor scrz sctb scub seyg smst sofi spt0 ssia COMMENT             
sthl stjo stk2 str2 suth sutm suwn sydn syog tabl tabv tash COMMENT             
thtg thti thu2 tid1 tidb tlse tn22 tong tow2 tro1 tsea tskb COMMENT             
twtf txes uclu ufpr ulab unb3 unbj unsa urum usn7 usud vald COMMENT             
vill voim vtsp wab1 wab2 wark wes2 wgtn whit will wsrt wtza COMMENT             
wtzl wtzr wtzs wtzz wuhn xmis yar2 yar3 yarr yell zamb zeck COMMENT             
zim2 zim3 zimm                                              COMMENT             
                                                            END OF HEADER       
[from data line 1716]
     5                                                      START OF TEC MAP    
  2023     2     6     4     0     0                        EPOCH OF CURRENT MAP
    87.5 -180.0 180.0   5.0 450.0                            LAT/LON1/LON2/DLON/H
  148  148  147  147  147  146  146  146  145  145  144  144  143  143  142  141
  141  140  139  138  137  136  135  134  133  131  130  129  128  127  126  125
  124  123  122  121  121  120  120  119  119  119  119  120  120  120  121  122
  123  124  125  127  128  130  132  133  135  137  138  140  141  143  144  145
  146  147  147  148  148  148  148  148  148
    85.0 -180.0 180.0   5.0 450.0                            LAT/LON1/LON2/DLON/H
  160  158  156  155  153  152  151  150  149  149  148  148  148  148  147  147
  146  145  143  142  140  138  136  133  131  129  126  124  122  120  118  117
  115  114  112  111  110  109  108  108  107  107  106  107  107  108  109  111
  113  116  119  122  126  131  135  140  144  149  153  157  160  163  165  167
  168  169  169  168  167  166  164  162  160
    82.5 -180.0 180.0   5.0 450.0                            LAT/LON1/LON2/DLON/H
  172  166  161  157  153  149  147  146  145  145  146  146  147  148  149  149
  149  148  146  144  141  138  134  130  126  123  119  116  113  111  109  108
  107  107  106  106  105  105  104  103  102  101  100   99   99  100  101  103
  107  111  116  123  130  139  147  156  165  173  181  188  194  198  202  204
  204  203  201  198  194  189  184  178  172
    80.0 -180.0 180.0   5.0 450.0                            LAT/LON1/LON2/DLON/H
  185  174  164  155  148  142  138  135  134  135  136  139  141  144  146  148
  148  148  146  144  140  135  130  124  119  114  109  105  102  101  100  100
  101  103  104  106  107  107  107  107  105  103  101   99   98   98   99  102
  106  113  121  131  143  155  169  183  196  209  221  232  240  247  251  252
  252  249  244  237  228  218  207  196  185
    77.5 -180.0 180.0   5.0 450.0                            LAT/LON1/LON2/DLON/H
  201  184  169  155  143  133  127  122  121  121  124  127  132  136  140  143
  145  146  145  142  138  132  125  118  111  105   99   95   92   91   92   94
   98  102  106  110  114  116  117  116  115  112  109  106  103  102  103  106
  112  121  133  147  163  181  199  218  236  254  269  282  293  300  305  306
  304  298  290  279  266  251  235  218  201
    75.0 -180.0 180.0   5.0 450.0                            LAT/LON1/LON2/DLON/H
  222  200  179  160  143  130  119  113  109  109  111  115  120  126  132  137
  140  142  142  140  135  130  122  115  107   99   93   89   86   86   88   92
   97  104  111  117  122  126  127  127  125  122  118  114  111  110  111  116
  124  135  150  168  189  211  234  256  278  298  315  330  341  349  353  353
  350  343  333  320  304  286  266  244  222
    72.5 -180.0 180.0   5.0 450.0                            LAT/LON1/LON2/DLON/H
  248  222  197  173  151  133  119  109  103  101  102  105  110  116  122  128
  133  136  138  137  134  129  122  115  108  100   94   90   87   87   89   93
   99  107  114  121  127  132  134  134  132  128  124  121  118  118  121  127
  138  153  171  193  216  241  266  290  313  333  350  364  374  381  385  384
  381  374  365  352  336  317  296  273  248
    70.0 -180.0 180.0   5.0 450.0                            LAT/LON1/LON2/DLON/H
  274  247  219  192  167  145  127  114  105  100   98   99  103  108  114  119
  125  129  132  133  132  129  125  119  113  107  101   97   94   93   94   97
  102  108  115  121  126  129  131  130  129  126  123  121  120  122  128  137
  151  169  191  215  241  266  291  314  335  352  367  378  386  391  394  393
  390  386  378  369  356  341  322  299  274
    67.5 -180.0 180.0   5.0 450.0                            LAT/LON1/LON2/DLON/H
  298  271  243  214  186  161  140  124  112  104  100   99  100  102  106  111
  117  122  126  128  129  128  126  123  120  116  111  107  104  101  100  101
  103  106  110  113  115  117  117  117  115  114  113  113  116  121  130  143
  161  182  206  232  258  282  305  324  340  354  364  371  376  379  380  380
  379  377  374  370  363  353  339  321  298
    65.0 -180.0 180.0   5.0 450.0                            LAT/LON1/LON2/DLON/H
  314  290  262  232  203  177  154  136  123  113  106  102  100  100  102  105
  110  114  118  121  123  124  124  124  123  122  119  116  112  108  104  102
  100  100   99   99   98   97   95   94   94   94   96  100  105  114  127  144
  165  189  215  241  266  288  307  322  333  340  346  349  351  351  351  351
  352  353  355  357  357  354  347  334  314
    62.5 -180.0 180.0   5.0 450.0                            LAT/LON1/LON2/DLON/H
  321  299  273  244  215  188  165  146  132  121  113  106  102  100  100  102
  105  108  111  114  115  116  117  119  120  121  120  118  113  108  102   97
   93   89   85   82   78   74   71   70   70   73   77   83   92  104  120  140
  163  190  217  243  267  287  301  311  317  320  321  322  321  320  320  319
  320  324  329  336  343  346  344  336  321
    60.0 -180.0 180.0   5.0 450.0                            LAT/LON1/LON2/DLON/H
  318  298  274  246  218  192  169  151  137  126  118  111  105  101  100  101
  103  105  106  106  105  104  105  107  110  113  113  111  106  100   94   87
   82   77   72   66   60   55   51   50   51   55   61   69   80   94  112  134
  159  187  215  242  265  282  294  300  302  302  301  301  299  298  296  295
  296  300  307  316  326  333  335  330  318
    57.5 -180.0 180.0   5.0 450.0                            LAT/LON1/LON2/DLON/H
  307  290  267  241  215  190  168  151  138  128  120  113  107  103  101  102
  104  105  104  101   96   92   91   92   95   98  100   98   93   86   80   74
   70   66   62   56   50   45   41   40   42   46   53   61   72   87  106  129
  156  185  215  242  264  281  291  295  295  295  294  294  293  292  290  287
  286  288  293  302  312  319  322  318  307
    55.0 -180.0 180.0   5.0 450.0                            LAT/LON1/LON2/DLON/H
  293  277  257  235  211  187  166  149  136  126  118  112  106  103  102  104
  107  108  105   99   91   84   80   79   82   84   85   82   76   70   64   61
   60   59   58   55   51   46   44   43   45   49   55   62   72   86  106  131
  159  189  220  248  271  288  297  301  301  301  301  303  304  303  300  295
  290  289  291  297  304  308  309  304  293
    52.5 -180.0 180.0   5.0 450.0                            LAT/LON1/LON2/DLON/H
  279  265  249  231  210  188  167  148  134  124  116  109  104  102  102  105
  110  112  109  102   92   82   75   73   74   76   75   70   63   55   51   50
   53   58   61   62   61   59   58   59   61   63   66   70   79   93  113  140
  171  203  234  263  287  304  314  318  318  318  320  323  326  325  320  313
  304  299  297  299  302  302  299  291  279
    50.0 -180.0 180.0   5.0 450.0                            LAT/LON1/LON2/DLON/H
  269  257  246  233  217  197  175  154  137  124  115  107  102   99  100  105
  111  116  115  109   98   88   81   78   77   77   74   66   57   48   44   45
   52   61   69   74   76   77   79   82   84   85   84   85   91  106  129  159
  192  226  258  287  311  328  338  341  341  341  343  346  349  348  341  330
  319  310  306  305  304  300  292  281  269
    47.5 -180.0 180.0   5.0 450.0                            LAT/LON1/LON2/DLON/H
  262  254  248  242  231  213  190  166  145  129  117  108  102   98   98  103
  111  118  121  117  110  101   95   92   92   90   84   73   60   49   44   47
   55   67   78   86   92   96  101  106  109  108  104  102  108  124  151  186
  222  257  288  316  338  354  363  365  362  360  360  362  364  361  351  338
  325  315  310  309  307  300  288  274  262
    45.0 -180.0 180.0   5.0 450.0                            LAT/LON1/LON2/DLON/H
  257  252  252  253  247  232  209  183  158  139  125  114  105   99   97  101
  110  119  125  127  123  119  115  114  113  110  102   89   73   59   52   53
   62   74   86   96  103  111  119  127  131  129  123  119  124  144  177  217
  256  291  320  343  363  377  383  382  376  370  367  366  365  360  348  333
  319  310  308  309  308  300  286  270  257
    42.5 -180.0 180.0   5.0 450.0                            LAT/LON1/LON2/DLON/H
  255  250  254  259  259  248  226  199  172  151  135  123  113  105  100  101
  109  119  129  135  137  137  136  137  136  133  124  109   91   75   65   64
   71   81   92  100  108  117  129  140  146  145  138  133  139  163  202  247
  289  322  346  364  379  390  393  389  379  370  364  360  357  349  336  320
  306  300  301  306  308  302  287  269  255
    40.0 -180.0 180.0   5.0 450.0                            LAT/LON1/LON2/DLON/H
  254  246  249  257  260  252  232  207  181  160  145  134  125  115  108  106
  111  121  132  142  148  151  154  155  155  151  143  128  111   94   82   78
   82   88   95  101  108  117  131  145  154  154  147  143  152  180  224  273
  315  343  361  373  384  392  394  388  377  365  358  354  350  341  327  311
  298  294  299  308  313  309  293  272  254
    37.5 -180.0 180.0   5.0 450.0                            LAT/LON1/LON2/DLON/H
  258  243  239  243  245  240  224  203  181  164  152  145  137  129  120  115
  117  125  137  149  157  161  164  165  165  162  155  144  128  113  100   95
   95   98  101  102  105  114  128  144  155  157  153  150  161  192  239  290
  329  353  364  371  378  386  389  385  376  367  362  360  358  351  337  322
  309  306  312  323  330  326  309  283  258
    35.0 -180.0 180.0   5.0 450.0                            LAT/LON1/LON2/DLON/H
  272  245  229  223  220  214  202  186  170  158  152  150  148  143  135  128
  127  133  144  155  163  167  168  167  165  163  160  153  143  131  121  115
  114  113  111  107  106  111  124  140  152  157  155  155  168  201  249  297
  333  350  355  359  367  378  387  389  386  385  387  393  396  392  381  366
  353  347  350  359  365  360  340  307  272
    32.5 -180.0 180.0   5.0 450.0                            LAT/LON1/LON2/DLON/H
  302  259  226  205  192  183  173  162  152  145  145  149  154  154  148  142
  139  144  153  163  168  169  167  163  159  158  160  160  157  151  144  141
  139  136  130  121  114  114  122  135  148  154  155  159  174  206  252  297
  327  339  341  345  358  377  394  406  415  426  440  456  468  470  463  448
  433  422  418  420  421  413  388  348  302
    30.0 -180.0 180.0   5.0 450.0                            LAT/LON1/LON2/DLON/H
  351  293  242  203  176  158  147  139  133  130  132  142  153  159  158  153
  150  154  162  169  172  170  165  158  153  154  160  168  173  173  172  172
  172  168  158  143  129  123  124  132  142  150  154  161  178  210  252  291
  316  325  328  337  358  387  417  442  466  491  520  548  569  578  575  561
  543  525  512  504  497  483  454  408  351
    27.5 -180.0 180.0   5.0 450.0                            LAT/LON1/LON2/DLON/H
  420  350  283  225  182  154  138  129  122  118  120  131  146  158  161  158
  156  160  167  173  174  171  165  157  153  155  166  180  193  200  204  208
  210  205  191  171  151  136  130  130  135  143  151  162  181  212  249  284
  305  314  322  340  372  413  455  494  532  572  614  653  682  698  699  687
  666  642  619  600  584  564  532  483  420
    25.0 -180.0 180.0   5.0 450.0                            LAT/LON1/LON2/DLON/H
  501  427  349  277  219  178  154  139  127  117  114  122  138  152  157  156
  155  159  166  172  174  173  170  164  162  166  180  200  217  230  238  245
  248  243  225  200  174  152  136  128  127  134  146  161  183  213  247  278
  298  311  327  356  400  452  505  554  603  654  705  751  786  805  810  800
  779  751  721  692  668  645  613  565  501
    22.5 -180.0 180.0   5.0 450.0                            LAT/LON1/LON2/DLON/H
  586  514  434  355  285  232  197  173  153  133  121  121  133  145  151  149
  148  151  158  164  170  174  178  179  180  187  203  225  245  260  270  278
  282  274  253  223  193  165  142  125  118  123  137  158  183  214  246  276
  298  317  343  383  437  497  556  612  666  721  775  822  857  878  884  877
  860  833  800  767  739  713  684  643  586
    20.0 -180.0 180.0   5.0 450.0                            LAT/LON1/LON2/DLON/H
  660  599  526  447  371  309  263  229  197  166  142  133  138  145  147  142
  138  140  145  152  162  175  190  200  206  214  230  252  272  286  296  303
  304  293  268  235  203  173  144  120  107  110  126  152  181  213  247  278
  304  331  366  416  477  541  600  655  708  760  810  851  882  901  907  904
  893  872  844  812  783  760  736  705  660
    17.5 -180.0 180.0   5.0 450.0                            LAT/LON1/LON2/DLON/H
  712  667  607  535  460  393  339  296  254  213  179  160  156  157  152  143
  134  131  133  139  153  176  203  224  235  243  256  275  293  305  311  315
  312  296  267  234  202  173  144  115   97   97  115  144  177  213  248  281
  313  348  392  449  513  574  629  678  724  767  805  837  860  873  879  880
  877  868  850  825  799  779  763  743  712
    15.0 -180.0 180.0   5.0 450.0                            LAT/LON1/LON2/DLON/H
  736  707  662  604  536  469  411  361  314  266  225  199  188  182  172  157
  143  135  131  133  148  179  216  247  262  269  277  290  303  311  314  313
  304  284  253  220  193  169  141  111   90   88  106  137  173  211  249  286
  322  363  414  474  537  593  640  680  715  744  769  788  802  809  814  819
  825  829  825  810  790  774  763  753  736
    12.5 -180.0 180.0   5.0 450.0                            LAT/LON1/LON2/DLON/H
  732  715  686  642  585  523  465  414  365  317  274  246  232  222  208  189
  170  156  146  142  154  188  232  269  285  287  288  295  303  306  304  298
  285  261  229  200  179  162  139  110   87   83  100  132  169  209  249  288
  328  373  427  487  546  596  635  665  689  705  716  724  730  733  736  743
  758  776  785  780  767  753  746  740  732
    10.0 -180.0 180.0   5.0 450.0                            LAT/LON1/LON2/DLON/H
  709  697  678  647  602  549  495  447  402  357  319  293  280  270  256  237
  218  200  182  169  175  206  252  289  302  297  290  290  293  292  286  276
  260  234  204  179  166  157  140  113   90   85  100  130  167  208  249  289
  330  376  430  489  544  588  620  643  658  664  665  666  668  670  672  681
  702  729  749  752  742  729  721  715  709
     7.5 -180.0 180.0   5.0 450.0                            LAT/LON1/LON2/DLON/H
  680  666  650  628  595  551  504  461  422  385  353  334  325  320  310  295
  280  261  239  218  214  237  277  309  316  303  287  280  277  273  265  253
  235  210  183  165  158  155  143  119   98   91  105  133  168  208  249  288
  328  372  425  481  532  573  603  623  634  636  633  634  638  642  645  653
  676  707  732  738  728  713  701  691  680
     5.0 -180.0 180.0   5.0 450.0                            LAT/LON1/LON2/DLON/H
  660  638  619  600  575  540  500  462  429  399  376  363  360  361  360  354
  347  333  309  281  267  279  308  330  328  306  282  268  262  255  246  233
  216  194  172  158  157  157  148  127  107  101  113  139  172  211  250  287
  323  364  414  468  518  558  589  612  625  628  628  634  646  656  661  668
  689  718  742  746  732  713  697  680  660
     2.5 -180.0 180.0   5.0 450.0                            LAT/LON1/LON2/DLON/H
  659  626  599  580  559  531  496  462  433  407  388  379  381  389  396  402
  406  401  381  350  326  326  342  352  340  310  280  261  251  242  232  220
  206  188  170  160  160  161  151  132  115  111  123  147  180  217  254  288
  319  356  403  455  504  546  582  611  631  641  649  666  689  708  716  722
  736  760  777  774  754  730  710  689  659
