ionex_files/turquie/COD0OPSFIN_20230400000_01D_01H_GIM.INX
     1.0            IONOSPHERE MAPS     GNSS                IONEX VERSION / TYPE
ADDNEQ2 V5.5        AIUB                13-FEB-23 21:37     PGM / RUN BY / DATE 
CODE'S GLOBAL IONOSPHERE MAPS FOR DAY 040, 2023             COMMENT             
Global ionosphere maps (GIM) are generated on a daily basis DESCRIPTION         
at CODE using data from about 300 GNSS sites of the IGS and DESCRIPTION         
other institutions. The vertical total electron content     DESCRIPTION         
(VTEC) is modeled in a solar-geomagnetic reference frame    DESCRIPTION         
using a spherical harmonics expansion up to degree and      DESCRIPTION         
order 15. Piece-wise linear functions are used for          DESCRIPTION         
representation in the time domain. The time spacing of      DESCRIPTION         
their vertices is 1 hour, conforming with the epochs of the DESCRIPTION         
VTEC maps.                                                  DESCRIPTION         
To convert line-of-sight TEC into vertical TEC, a modified  DESCRIPTION         
single-layer model mapping function approximating the JPL   DESCRIPTION         
extended slab model mapping function is adopted. The        DESCRIPTION         
mapping function is evaluated at geodetic satellite         DESCRIPTION         
elevation angles. For the computation of the ionospheric    DESCRIPTION         
pierce points, a spherical layer with a radius of 6821 km   DESCRIPTION         
is assumed, implying geocentric, not geodetic IONEX         DESCRIPTION         
latitudes.                                                  DESCRIPTION         
Instrumental biases with respect to each involved GNSS code DESCRIPTION         
observable are estimated as constant values for each        DESCRIPTION         
day. They are modeled with one set of bias parameters for   DESCRIPTION         
each satellite and each station in case of GPS and for each DESCRIPTION         
satellite-station link in case of GLONASS. The code bias    DESCRIPTION         
datum is defined by zero-mean conditions imposed on the     DESCRIPTION         
satellite bias estimates. In this file, just GPS C1W-C2W    DESCRIPTION         
satellite and station bias values are included. The         DESCRIPTION         
complete set of GNSS code bias results is provided in an    DESCRIPTION         
additional Bias-SINEX file as pseudo-absolute values        DESCRIPTION         
specific to each observable.                                DESCRIPTION         
Note: These GIM results correspond to the results for the   DESCRIPTION         
middle day of a 3-day combination analysis solving for 73   DESCRIPTION         
times 256, or 18688 VTEC parameters and 3 daily sets of     DESCRIPTION         
GNSS code bias parameters.                                  DESCRIPTION         
Contact address: code(at)aiub.unibe.ch                      DESCRIPTION         
Data archive:    ftp.aiub.unibe.ch/CODE/                    DESCRIPTION         
                 www.aiub.unibe.ch/download/CODE/           DESCRIPTION         
  2023     2     9     0     0     0                        EPOCH OF FIRST MAP  
  2023     2    10     0     0     0                        EPOCH OF LAST MAP   
  3600                                                      INTERVAL            
[...]
badg bake bako barh bjfs bndy boav bogo bogt bor1 braz brft COMMENT             
brst brux bshm cags cas1 cedu chpg chpi chti chur ckis coco COMMENT             
cord cpvg cpxf crar cro1 daej darw dav1 dhlg drao dubo ebre COMMENT             
faa1 fair flrs frdn ftna func ganp glps glsv gode godz gol2 COMMENT             
gold gope gras graz guam guug harb hers hert hlfx hob2 hofn COMMENT             
holb hrao hyde iddr ieng iisc ineg invk iqal irkj isba jog2 COMMENT             
joz2 joze karr kir0 kiri kiru kit3 kokb kokv koug kour krgg COMMENT             
laut lmmf lpal lpgs m0se madr mal2 mana mas1 mat1 mate mcm4 COMMENT             
mdo1 mdvj medi mets mgue mizu mkea mnls mobs monp morp mqzg COMMENT             
mro1 mtka nano nico nist nklg nlib nnor not1 nrc1 nrmd ntus COMMENT             
nya1 nyal ohi2 onsa opmt ous2 pado pdel penc pert pie1 pimo COMMENT             
pol2 polv pots pove prds ptag ptbb qaq1 quin ramo reun reyk COMMENT             
rgdg rio2 riop salu samo sant savo sch2 scor scrz sctb scub COMMENT             
seyg smst sofi spt0 ssia sthl stjo str2 suth sutm suwn sydn COMMENT             
tabl tabv tash thtg thti thu2 tid1 tidb tlse tn22 tong tow2 COMMENT             
tro1 tsea tskb twtf txes uclu ufpr ulab unb3 unbj unsa urum COMMENT             
usn7 usud vald vill voim vtsp wab1 wab2 wark wes2 wgtn whit COMMENT             
will wsrt wtza wtzl wtzr wtzs wtzz wuhn xmis yar2 yarr yell COMMENT             
ykro zamb zeck zim2 zim3 zimm                               COMMENT             
                                                            END OF HEADER       
[from data line 3003]
     8                                                      START OF TEC MAP    
  2023     2     9     7     0     0                        EPOCH OF CURRENT MAP
    87.5-180.0 180.0   5.0 450.0                            LAT/LON1/LON2/DLON/H
  109  109  109  109  110  111  112  113  114  116  117  119  120  121  123  124
  125  126  127  128  129  129  130  130  130  130  130  131  131  131  131  131
  131  131  131  132  132  132  133  133  134  134  135  135  135  136  136  136
  137  137  136  136  136  135  134  133  132  131  129  128  126  124  122  120
  118  117  115  113  112  111  110  109  109
    85.0-180.0 180.0   5.0 450.0                            LAT/LON1/LON2/DLON/H
   89   88   88   90   92   94   97  101  105  109  113  117  121  124  127  130
  132  133  134  135  135  135  134  133  132  131  130  130  129  128  127  127
  127  127  127  128  129  130  132  133  135  137  140  142  145  147  150  153
  155  157  159  160  161  161  160  159  157  154  150  146  142  136  131  125
  120  114  109  104   99   95   92   90   89
    82.5-180.0 180.0   5.0 450.0                            LAT/LON1/LON2/DLON/H
   71   69   69   71   74   79   85   91   98  105  113  119  125  130  134  137
  139  140  140  139  137  135  132  129  126  123  121  119  117  115  114  114
  114  114  115  117  118  121  124  127  131  135  140  146  152  159  166  172
  179  185  191  196  200  202  203  203  201  197  192  185  177  168  158  147
  136  125  114  104   95   87   80   75   71
    80.0-180.0 180.0   5.0 450.0                            LAT/LON1/LON2/DLON/H
   63   59   57   59   62   68   76   85   95  105  114  123  130  136  140  143
  144  143  140  137  132  127  122  116  111  107  103  100   98   96   95   96
   96   98  100  102  105  108  113  118  124  131  139  149  159  170  183  195
  208  220  232  242  251  257  261  263  262  258  252  243  232  218  203  187
  170  153  136  120  105   91   79   70   63
    77.5-180.0 180.0   5.0 450.0                            LAT/LON1/LON2/DLON/H
   68   60   56   56   59   65   74   84   95  106  117  126  134  139  142  143
  142  139  134  128  121  113  106   99   92   86   82   79   77   77   77   78
   80   83   86   89   93   98  103  109  117  127  138  151  166  183  201  220
  240  259  277  293  307  319  326  331  331  328  321  310  296  280  261  240
  219  196  174  152  131  111   94   79   68
    75.0-180.0 180.0   5.0 450.0                            LAT/LON1/LON2/DLON/H
   87   74   66   62   63   68   76   86   98  109  119  127  134  137  139  137
  134  129  123  115  107   98   90   82   75   69   66   63   63   64   65   68
   71   75   78   82   87   91   97  105  114  126  140  157  176  198  222  248
  274  299  323  345  363  378  389  395  396  393  385  374  358  340  319  296
  272  246  221  195  170  145  123  103   87
    72.5-180.0 180.0   5.0 450.0                            LAT/LON1/LON2/DLON/H
  114   96   83   76   73   76   82   91  101  110  119  125  128  130  129  126
  122  116  109  102   94   86   79   72   66   62   59   58   59   60   63   67
   70   74   78   81   85   90   97  105  116  129  146  167  191  217  247  277
  308  338  365  390  411  427  439  445  446  442  434  421  405  387  365  343
  318  293  267  240  213  186  160  136  114
    70.0-180.0 180.0   5.0 450.0                            LAT/LON1/LON2/DLON/H
  143  120  102   91   85   84   88   95  103  110  116  119  119  118  115  111
  107  102   97   92   87   82   76   71   67   64   63   63   65   67   70   73
   76   79   81   84   88   93  100  109  121  138  158  182  210  240  273  307
  341  372  401  425  445  460  469  473  472  467  458  445  429  411  391  371
  349  327  304  279  253  225  197  169  143
    67.5-180.0 180.0   5.0 450.0                            LAT/LON1/LON2/DLON/H
  165  139  117  101   92   89   91   96  102  107  110  110  108  104  100   96
   93   90   89   88   86   84   81   79   77   76   76   77   78   80   82   84
   85   85   86   88   91   96  104  115  130  149  173  201  232  266  302  337
  371  401  427  447  462  472  477  478  474  467  456  443  428  412  394  377
  360  342  324  303  280  254  225  195  165
    65.0-180.0 180.0   5.0 450.0                            LAT/LON1/LON2/DLON/H
  177  147  122  104   93   88   89   93   98  101  103  101   97   91   86   83
   82   83   85   87   90   91   91   90   90   90   90   91   93   93   93   92
   91   89   88   88   91   98  108  122  140  163  191  222  257  293  330  364
  396  422  442  456  464  468  467  462  456  447  436  424  410  395  380  366
  353  341  327  312  293  269  240  209  177
    62.5-180.0 180.0   5.0 450.0                            LAT/LON1/LON2/DLON/H
  177  145  119   99   87   82   82   86   90   93   94   92   87   81   77   75
   75   79   84   90   94   97   98   99   99   99  100  101  102  101   99   95
   91   87   84   85   88   97  110  127  150  177  208  243  280  318  354  387
  414  435  448  454  455  451  444  436  427  418  408  397  385  372  360  348
  337  328  319  308  292  270  242  210  177
    60.0-180.0 180.0   5.0 450.0                            LAT/LON1/LON2/DLON/H
  169  137  110   90   78   73   73   76   80   84   85   84   80   75   72   71
   73   79   85   91   96   99  100  100  100  101  102  103  103  101   97   91
   85   80   77   78   83   94  111  133  159  190  225  262  301  339  374  404
  427  441  447  446  439  429  418  408  399  392  385  377  368  356  344  333
  323  315  308  298  284  263  235  203  169
    57.5-180.0 180.0   5.0 450.0                            LAT/LON1/LON2/DLON/H
  159  128  103   84   73   67   65   67   70   74   77   77   76   73   71   71
   74   79   85   90   93   94   93   92   92   93   95   96   95   92   88   81
   75   70   67   70   78   93  113  138  168  202  239  278  318  356  389  416
  433  442  442  435  423  410  397  387  381  377  375  371  365  355  342  329
  318  309  300  291  276  254  226  193  159
    55.0-180.0 180.0   5.0 450.0                            LAT/LON1/LON2/DLON/H
  154  126  104   88   76   69   64   62   63   67   70   73   74   73   73   74
   76   80   84   86   86   84   81   80   80   81   83   84   83   80   75   69
   64   60   60   65   77   95  119  147  178  213  251  291  331  368  399  423
  437  441  437  427  413  399  387  379  375  376  379  380  376  368  354  339
  325  312  302  290  273  250  220  187  154
    52.5-180.0 180.0   5.0 450.0                            LAT/LON1/LON2/DLON/H
  158  134  116  104   93   83   74   66   63   63   67   71   74   75   76   77
   79   81   81   80   77   73   69   67   68   70   72   73   72   69   64   59
   56   55   58   67   82  103  129  159  192  227  264  303  342  378  407  428
  439  440  434  423  410  398  388  382  382  386  392  397  396  389  375  357
  339  324  310  296  277  252  221  188  158
    50.0-180.0 180.0   5.0 450.0                            LAT/LON1/LON2/DLON/H
  169  151  139  131  122  110   94   79   69   65   67   72   76   78   80   80
   81   81   80   76   71   66   62   61   63   66   67   67   65   61   57   54
   53   55   61   74   93  117  146  177  209  243  279  317  354  389  416  434
  442  442  435  425  415  405  397  393  394  399  406  412  413  407  392  373
  354  336  321  305  285  258  227  196  169
    47.5-180.0 180.0   5.0 450.0                            LAT/LON1/LON2/DLON/H
  183  171  167  165  158  144  123  100   83   74   73   76   80   83   84   84
   84   83   81   77   72   68   66   67   69   72   73   70   66   60   56   54
   55   60   70   86  108  136  168  200  231  264  298  334  370  402  427  443
  449  447  440  432  424  417  411  407  406  408  413  418  419  412  398  379
  359  341  326  310  290  264  234  205  183
    45.0-180.0 180.0   5.0 450.0                            LAT/LON1/LON2/DLON/H
  193  187  190  194  191  177  152  125  102   88   83   84   87   89   89   89
   89   89   87   85   82   80   81   84   87   89   87   81   72   64   59   58
   61   68   81  100  127  159  193  226  258  289  321  355  389  420  442  455
  458  455  448  441  436  431  425  419  413  410  410  411  410  403  389  371
  351  335  321  307  289  265  236  210  193
    42.5-180.0 180.0   5.0 450.0                            LAT/LON1/LON2/DLON/H
  192  191  200  210  211  200  175  146  121  104   97   96   96   97   97   98
   99  100  101  101  101  102  105  109  112  111  105   95   82   71   64   64
   67   76   91  113  144  181  219  255  287  317  348  380  412  440  461  471
  471  466  458  452  448  443  437  428  417  407  401  397  393  385  371  353
  335  320  308  297  280  258  231  207  192
    40.0-180.0 180.0   5.0 450.0                            LAT/LON1/LON2/DLON/H
  180  180  191  205  211  204  185  158  134  118  110  108  108  108  108  110
  113  116  119  123  126  130  133  136  137  133  123  108   92   78   71   70
   74   83   99  124  160  202  245  284  317  346  375  406  436  462  480  488
  486  479  470  463  459  456  450  439  424  410  398  390  382  372  358  339
  321  306  295  284  269  246  219  195  180
    37.5-180.0 180.0   5.0 450.0                            LAT/LON1/LON2/DLON/H
  162  157  165  179  189  188  176  157  139  126  121  119  119  120  121  125
  130  136  141  147  152  156  158  159  156  149  135  117   99   85   78   78
   82   90  105  133  173  221  269  311  345  374  402  431  459  483  499  505
  502  494  484  477  473  471  467  458  444  429  416  406  397  385  368  347
  325  307  293  281  263  239  209  181  162
    35.0-180.0 180.0   5.0 450.0                            LAT/LON1/LON2/DLON/H
  146  131  131  140  150  155  151  141  132  126  124  126  128  130  135  141
  148  155  162  168  173  175  175  172  165  155  140  122  105   93   88   88
   91   98  112  141  185  238  290  334  369  398  425  453  479  501  516  522
  520  512  503  496  493  493  494  491  484  475  466  459  450  437  416  389
  361  337  317  298  276  246  210  174  146
    32.5-180.0 180.0   5.0 450.0                            LAT/LON1/LON2/DLON/H
  144  116  102  102  108  114  118  117  116  117  120  125  131  138  145  154
  164  172  179  183  186  185  180  173  164  153  140  125  111  104  103  105
  107  110  123  151  197  254  309  354  389  417  444  471  497  518  532  540
  541  536  528  522  522  527  536  544  549  552  553  553  547  533  507  473
  436  402  372  345  315  277  232  185  144
    30.0-180.0 180.0   5.0 450.0                            LAT/LON1/LON2/DLON/H
  167  123   93   79   77   82   88   93   98  103  111  120  129  140  152  164
  174  182  187  189  189  184  176  166  156  148  138  129  122  121  125  128
  129  129  138  165  212  270  325  370  403  431  459  487  513  534  550  561
  566  567  563  560  562  574  592  614  635  654  669  679  678  663  633  591
  544  499  459  422  382  335  280  222  167
    27.5-180.0 180.0   5.0 450.0                            LAT/LON1/LON2/DLON/H
  219  161  115   86   73   71   76   82   87   93  101  112  125  140  155  169
  179  185  187  186  183  175  165  155  148  144  141  139  140  145  154  159
  158  154  159  183  229  286  340  382  414  442  472  503  531  553  571  587
  599  606  607  608  615  633  661  696  732  767  796  816  821  806  772  723
  667  613  564  519  473  418  355  286  219
    25.0-180.0 180.0   5.0 450.0                            LAT/LON1/LON2/DLON/H
  297  229  171  129  104   94   92   93   93   94   99  109  123  140  156  170
  179  182  181  177  172  164  155  147  145  148  153  158  165  176  188  195
  190  182  182  204  247  302  352  390  421  452  486  521  553  578  599  620
  639  652  660  666  677  700  735  778  825  870  910  938  947  933  896  842
  781  723  670  622  572  514  446  372  297
    22.5-180.0 180.0   5.0 450.0                            LAT/LON1/LON2/DLON/H
  391  319  256  206  171  151  140  132  123  115  112  118  130  146  162  174
  179  178  174  168  162  155  149  148  152  162  173  183  195  209  223  229
  221  208  205  223  264  315  361  397  428  462  502  544  580  608  633  658
  683  703  716  726  741  767  804  849  898  946  988 1019 1029 1016  979  925
  864  806  756  711  663  607  540  466  391
    20.0-180.0 180.0   5.0 450.0                            LAT/LON1/LON2/DLON/H
  484  417  357  305  265  238  218  199  178  159  147  145  153  166  178  186
  186  180  171  163  157  154  153  158  169  185  200  212  225  240  253  256
  246  229  223  240  278  326  368  402  434  473  521  569  611  644  672  700
  729  753  771  784  801  827  861  900  941  981 1017 1044 1052 1039 1004  954
  899  849  808  771  732  682  622  553  484
    17.5-180.0 180.0   5.0 450.0                            LAT/LON1/LON2/DLON/H
  561  506  454  407  369  339  313  285  254  224  202  193  195  203  209  211
  204  192  179  168  163  162  166  177  194  213  228  240  250  262  273  273
  260  241  235  251  289  334  374  407  442  486  541  596  643  679  709  739
  770  797  817  833  851  874  900  926  950  974  996 1012 1016 1002  972  930
  887  848  819  795  768  730  678  620  561
    15.0-180.0 180.0   5.0 450.0                            LAT/LON1/LON2/DLON/H
  611  570  531  495  463  435  408  376  339  302  273  259  255  257  257  251
  238  220  201  186  179  179  186  201  221  240  253  261  267  275  282  278
  263  245  240  259  296  340  379  413  451  500  559  619  670  709  741  771
  801  828  849  867  886  905  920  929  932  934  938  941  937  924  900  870
  839  814  799  788  773  746  705  658  611
    12.5-180.0 180.0   5.0 450.0                            LAT/LON1/LON2/DLON/H
  630  601  577  554  532  510  486  455  417  379  350  333  326  323  318  306
  286  261  236  216  204  203  210  226  245  262  271  274  275  279  280  274
  258  242  242  264  303  346  385  420  460  512  573  635  687  728  760  790
  818  844  866  885  904  919  924  916  898  879  864  855  845  833  817  799
  781  769  763  761  755  736  704  665  630
    10.0-180.0 180.0   5.0 450.0                            LAT/LON1/LON2/DLON/H
  620  601  588  577  565  551  533  508  476  443  417  403  397  392  384  368
  343  312  280  253  235  229  234  247  263  275  280  279  276  276  273  264
  249  238  244  270  310  353  391  428  470  521  580  639  691  733  766  795
  821  845  866  887  907  920  917  897  863  829  802  784  771  762  755  748
  741  735  733  733  729  714  684  650  620
     7.5-180.0 180.0   5.0 450.0                            LAT/LON1/LON2/DLON/H
  593  577  570  567  562  555  544  527  505  482  465  457  455  452  444  426
  399  364  326  291  266  253  253  262  273  281  282  279  274  271  265  254
  241  236  248  279  320  361  399  437  478  526  579  633  683  724  758  786
  811  833  855  877  897  910  905  879  839  800  769  750  739  735  735  737
  737  732  725  719  710  690  658  621  593
     5.0-180.0 180.0   5.0 450.0                            LAT/LON1/LON2/DLON/H
  559  541  535  534  532  529  524  515  502  491  485  487  491  492  486  471
  444  407  365  323  291  273  267  271  278  282  281  277  273  269  260  248
  237  239  258  291  331  370  407  444  483  526  572  619  664  705  740  768
  792  814  835  857  880  893  890  867  832  799  776  763  758  760  767  775
  776  766  748  728  705  675  635  592  559
     2.5-180.0 180.0   5.0 450.0                            LAT/LON1/LON2/DLON/H
  530  506  496  493  491  488  485  480  476  475  479  489  500  506  504  492
  469  433  389  344  308  285  276  276  279  280  279  277  274  269  259  246
  238  245  269  305  343  378  413  450  487  523  560  600  641  681  717  746
  770  791  811  834  856  872  873  859  838  822  814  815  819  827  839  849
  848  829  796  756  716  672  621  570  530
