ionex_files/turquie/COD0OPSFIN_20230220000_01D_01H_GIM.INX
     1.0            IONOSPHERE MAPS     GNSS                IONEX VERSION / TYPE
ADDNEQ2 V5.5        AIUB                26-JAN-23 21:09     PGM / RUN BY / DATE 
CODE'S GLOBAL IONOSPHERE MAPS FOR DAY 022, 2023             COMMENT             
Global ionosphere maps (GIM) are generated on a daily basis DESCRIPTION         
at CODE using data from about 300 GNSS sites of the IGS and DESCRIPTION         
other institutions. The vertical total electron content     DESCRIPTION         
(VTEC) is modeled in a solar-geomagnetic reference frame    DESCRIPTION         
using a spherical harmonics expansion up to degree and      DESCRIPTION         
order 15. Piece-wise linear functions are used for          DESCRIPTION         
representation in the time domain. The time spacing of      DESCRIPTION         
their vertices is 1 hour, conforming with the epochs of the DESCRIPTION         
VTEC maps.                                                  DESCRIPTION         
To convert line-of-sight TEC into vertical TEC, a modified  DESCRIPTION         
single-layer model mapping function approximating the JPL   DESCRIPTION         
extended slab model mapping function is adopted. The        DESCRIPTION         
mapping function is evaluated at geodetic satellite         DESCRIPTION         
elevation angles. For the computation of the ionospheric    DESCRIPTION         
pierce points, a spherical layer with a radius of 6821 km   DESCRIPTION         
is assumed, implying geocentric, not geodetic IONEX         DESCRIPTION         
latitudes.                                                  DESCRIPTION         
Instrumental biases with respect to each involved GNSS code DESCRIPTION         
observable are estimated as constant values for each        DESCRIPTION         
day. They are modeled with one set of bias parameters for   DESCRIPTION         
each satellite and each station in case of GPS and for each DESCRIPTION         
satellite-station link in case of GLONASS. The code bias    DESCRIPTION         
datum is defined by zero-mean conditions imposed on the     DESCRIPTION         
satellite bias estimates. In this file, just GPS C1W-C2W    DESCRIPTION         
satellite and station bias values are included. The         DESCRIPTION         
complete set of GNSS code bias results is provided in an    DESCRIPTION         
additional Bias-SINEX file as pseudo-absolute values        DESCRIPTION         
specific to each observable.                                DESCRIPTION         
Note: These GIM results correspond to the results for the   DESCRIPTION         
middle day of a 3-day combination analysis solving for 73   DESCRIPTION         
times 256, or 18688 VTEC parameters and 3 daily sets of     DESCRIPTION         
GNSS code bias parameters.                                  DESCRIPTION         
Contact address: code(at)aiub.unibe.ch                      DESCRIPTION         
Data archive:    ftp.aiub.unibe.ch/CODE/                    DESCRIPTION         
                 www.aiub.unibe.ch/download/CODE/           DESCRIPTION         
  2023     1    22     0     0     0                        EPOCH OF FIRST MAP  
  2023     1    23     0     0     0                        EPOCH OF LAST MAP   
  3600                                                      INTERVAL            
[...]
brux bshm cas1 ccj2 cedu chpg chpi chti chur ckis cnmr coco COMMENT             
cord cpxf crar cro1 daej darw dav1 dgar dhlg drao dubo ebre COMMENT             
faa1 fair flrs frdn ftna func ganp glps gode godz gol2 gold COMMENT             
gope gras graz guam guug harb hers hert hlfx hob2 hofn holb COMMENT             
hrao hyde iddr ieng iisc ineg invk iqal irkj isba jog2 joz2 COMMENT             
joze karr kerg kir0 kiru kit3 kokb kokv koug kour krgg laut COMMENT             
lmmf lpal lpgs m0se mac1 madr mal2 mana mas1 mat1 mate maw1 COMMENT             
mcm4 mdo1 mdvj medi mets mgue mizu mkea mnls mobs monp morp COMMENT             
mqzg mro1 mtka nano nico nist nium nklg nlib nnor not1 nrc1 COMMENT             
nrmd ntus nya1 nyal ohi2 onsa opmt ous2 pado parc park pdel COMMENT             
penc pert pie1 pimo pohn pol2 polv pots pove prds ptag ptbb COMMENT             
ptvl qaq1 quin ramo reun reyk rgdg rio2 riop salu samo sant COMMENT             
savo sch2 scor scrz sctb scub seyg sofi spt0 ssia sthl stk2 COMMENT             
str2 suth sutm sydn syog tabl tabv tash thtg thti thu2 tid1 COMMENT             
tidb tlse tn22 tong tow2 tro1 tsea tskb tuva twtf txes uclu COMMENT             
ufpr ulab unb3 unbj unsa urum usn7 usud vald vill voim vtsp COMMENT             
wab1 wab2 wark wes2 wgtn whit will wind wsrt wtza wtzl wtzr COMMENT             
wtzs wuhn xmis yar2 yar3 yarr yell ykro zamb zeck zim2 zim3 COMMENT             
zimm                                                        COMMENT             
                                                            END OF HEADER       
     1                                                      START OF TEC MAP    
  2023     1    22     0     0     0                        EPOCH OF CURRENT MAP
    87.5-180.0 180.0   5.0 450.0                            LAT/LON1/LON2/DLON/H
  149  149  150  150  150  150  150  150  149  149  148  147  147  146  145  144
  142  141  140  138  137  135  134  132  131  129  128  127  125  124  123  122
  121  120  119  119  118  118  118  118  118  118  118  118  119  119  120  121
  122  123  124  125  126  128  129  130  132  133  135  136  137  139  140  141
  142  144  145  146  146  147  148  149  149
    85.0-180.0 180.0   5.0 450.0                            LAT/LON1/LON2/DLON/H
  153  154  154  154  155  155  154  154  154  153  152  150  149  147  145  143
  141  138  136  133  130  128  125  122  119  117  114  112  109  107  105  103
  102  100   99   98   97   97   96   96   96   97   97   98   99  100  101  103
  105  107  108  111  113  115  118  120  123  125  128  130  133  135  138  140
  142  144  146  147  149  150  151  152  153
    82.5-180.0 180.0   5.0 450.0                            LAT/LON1/LON2/DLON/H
  151  152  152  153  153  153  153  152  152  150  149  147  145  142  139  136
  132  129  125  122  118  114  111  107  104  101   98   95   92   90   87   85
   84   82   81   80   80   79   79   79   80   80   81   82   83   84   86   87
   89   91   93   96   99  102  105  108  111  115  119  122  126  129  132  135
  138  140  142  144  146  148  149  150  151
    80.0-180.0 180.0   5.0 450.0                            LAT/LON1/LON2/DLON/H
  148  149  149  149  150  150  149  149  148  146  144  141  137  133  128  124
  119  114  109  105  101   98   94   91   88   86   83   80   78   76   74   73
   72   71   70   70   70   70   70   71   71   72   72   73   74   75   76   77
   78   80   81   83   86   89   92   96  100  104  108  113  117  121  125  129
  133  136  139  141  143  145  146  147  148
    77.5-180.0 180.0   5.0 450.0                            LAT/LON1/LON2/DLON/H
  150  150  151  151  151  151  150  150  148  146  142  137  131  124  117  110
  103   96   91   86   83   80   78   76   75   74   72   71   70   69   68   67
   67   67   67   68   69   70   71   71   72   73   73   74   74   74   73   73
   73   73   73   74   75   78   80   84   88   93   98  103  109  114  120  125
  130  134  138  141  144  146  148  149  150
    75.0-180.0 180.0   5.0 450.0                            LAT/LON1/LON2/DLON/H
  160  161  161  161  160  160  160  159  157  154  148  141  131  121  109   98
   88   79   73   68   66   65   65   66   67   67   68   68   68   67   68   68
   69   70   71   73   74   76   77   79   80   81   81   81   80   79   77   75
   73   71   69   68   67   68   70   73   77   82   88   95  102  109  116  122
  129  135  141  146  150  154  157  159  160
    72.5-180.0 180.0   5.0 450.0                            LAT/LON1/LON2/DLON/H
  179  180  180  180  179  179  179  178  176  172  165  155  142  126  109   92
   78   67   59   55   54   56   59   62   65   67   68   69   69   70   70   71
   73   74   77   79   81   83   86   87   89   90   90   90   89   87   84   80
   75   71   67   63   60   59   60   62   67   72   79   87   96  105  113  122
  130  139  147  155  162  168  173  177  179
    70.0-180.0 180.0   5.0 450.0                            LAT/LON1/LON2/DLON/H
  204  206  206  205  204  204  204  205  204  201  193  180  162  141  118   96
   77   62   53   50   51   54   59   63   67   69   71   71   71   71   72   73
   74   76   78   81   83   86   89   92   94   95   96   96   95   93   89   84
   78   71   64   58   53   51   50   52   57   63   71   81   91  101  111  122
  132  143  154  165  176  186  194  200  204
    67.5-180.0 180.0   5.0 450.0                            LAT/LON1/LON2/DLON/H
  231  234  234  232  230  230  231  233  235  233  226  212  192  166  137  109
   86   68   58   54   56   60   65   69   72   73   72   71   70   69   68   69
   70   71   73   75   78   81   84   88   91   94   96   97   96   94   90   84
   77   68   60   52   46   42   40   42   47   54   64   75   87   98  110  122
  134  147  160  175  189  203  216  225  231
    65.0-180.0 180.0   5.0 450.0                            LAT/LON1/LON2/DLON/H
  256  260  260  257  254  252  253  257  262  263  259  246  225  197  164  133
  105   85   73   69   69   72   75   77   76   73   70   66   63   61   60   60
   60   60   61   62   65   68   71   76   80   84   88   90   91   89   85   79
   71   62   53   44   37   32   31   33   38   47   58   70   84   97  110  123
  136  150  165  182  200  218  234  247  256
    62.5-180.0 180.0   5.0 450.0                            LAT/LON1/LON2/DLON/H
  277  282  282  278  272  269  269  274  281  286  286  276  257  229  196  163
  134  113   99   92   90   89   87   83   77   70   63   57   54   51   50   49
   47   46   45   46   47   51   55   60   65   71   76   79   81   80   76   71
   63   54   44   36   29   24   23   26   32   42   54   68   83   98  113  126
  139  154  169  187  207  228  248  265  277
    60.0-180.0 180.0   5.0 450.0                            LAT/LON1/LON2/DLON/H
  294  302  302  297  289  282  279  283  290  298  302  297  282  258  228  197
  169  147  132  122  115  108   99   88   76   64   54   48   44   42   42   40
   38   35   33   32   33   36   40   46   52   58   64   68   70   69   66   61
   53   45   36   29   22   19   19   22   29   39   53   69   87  104  119  134
  147  161  176  194  214  237  259  279  294
    57.5-180.0 180.0   5.0 450.0                            LAT/LON1/LON2/DLON/H
  311  322  324  318  308  297  290  289  294  302  308  308  299  281  257  231
  206  185  167  153  140  126  110   92   75   59   47   41   39   40   41   40
   36   32   28   25   26   28   33   39   45   51   57   61   62   61   58   53
   46   38   31   25   20   18   18   22   30   41   56   74   94  113  131  147
  161  174  188  205  225  248  271  293  311
    55.0-180.0 180.0   5.0 450.0                            LAT/LON1/LON2/DLON/H
  331  345  351  348  336  321  307  299  297  301  306  308  305  296  280  261
  241  221  202  183  164  143  121   97   76   58   47   43   43   47   49   48
   44   38   33   30   30   32   37   42   47   53   57   60   61   59   55   50
   43   37   31   26   23   22   23   28   35   46   62   82  105  128  149  167
  182  195  209  224  243  264  287  310  331
    52.5-180.0 180.0   5.0 450.0                            LAT/LON1/LON2/DLON/H
  355  374  385  385  375  357  336  319  307  302  302  304  305  303  296  285
  270  252  231  208  184  158  132  107   84   66   56   53   56   62   65   64
   59   52   46   43   43   45   50   54   58   62   65   66   66   63   59   53
   47   42   37   34   32   32   33   37   44   56   72   94  119  146  170  191
  209  223  237  251  268  288  309  332  355
    50.0-180.0 180.0   5.0 450.0                            LAT/LON1/LON2/DLON/H
  381  404  422  428  422  403  378  351  327  311  302  300  303  306  307  303
  292  275  252  226  199  173  147  122  100   84   74   72   75   80   83   81
   75   68   62   59   60   64   67   70   73   75   77   78   77   74   69   63
   57   53   49   46   45   45   46   50   56   67   84  107  136  166  194  218
  238  254  269  284  300  317  336  358  381
    47.5-180.0 180.0   5.0 450.0                            LAT/LON1/LON2/DLON/H
  405  430  453  467  467  452  425  392  358  329  310  301  302  308  314  314
  305  288  265  238  212  188  165  144  125  109   97   92   93   96   96   93
   86   78   74   73   76   81   84   86   87   88   89   90   90   87   82   77
   72   68   65   62   60   60   60   63   69   80   98  123  153  186  217  243
  265  283  301  318  334  349  365  382  405
    45.0-180.0 180.0   5.0 450.0                            LAT/LON1/LON2/DLON/H
  420  444  470  491  499  491  468  433  393  355  325  309  306  312  319  320
  312  294  270  246  223  204  187  170  153  135  120  109  104  102   99   94
   86   80   78   81   86   92   96   97   97   98   99  102  102  101   97   92
   88   84   81   78   75   73   73   76   82   94  112  139  171  205  237  265
  287  308  328  348  365  379  390  402  420
    42.5-180.0 180.0   5.0 450.0                            LAT/LON1/LON2/DLON/H
  423  441  466  491  507  508  492  462  423  380  345  322  316  319  325  324
  314  295  273  251  234  221  210  196  179  157  136  118  106   99   92   85
   78   74   75   81   90   97  101  102  101  102  105  109  112  112  109  106
  102   98   94   90   86   83   82   86   93  107  127  155  188  223  255  282
  305  326  349  371  390  403  409  413  423
    40.0-180.0 180.0   5.0 450.0                            LAT/LON1/LON2/DLON/H
  417  425  443  465  485  495  491  472  439  399  363  338  329  330  333  328
  314  295  275  259  247  238  229  216  195  169  142  118  101   90   81   74
   68   66   70   80   90   99  103  103  102  104  108  114  119  120  118  115
  111  107  103   97   92   88   88   92  103  119  143  173  207  240  271  297
  319  341  365  390  411  422  423  419  417
    37.5-180.0 180.0   5.0 450.0                            LAT/LON1/LON2/DLON/H
  410  404  409  422  440  455  463  457  437  406  374  352  343  343  342  333
  316  297  281  270  261  253  242  224  200  169  139  113   96   86   78   72
   67   68   74   85   95  103  106  105  105  106  112  118  124  125  122  118
  114  110  105   99   93   89   89   96  110  132  160  193  227  260  289  313
  335  357  382  408  430  441  437  424  410
    35.0-180.0 180.0   5.0 450.0                            LAT/LON1/LON2/DLON/H
  415  393  380  378  386  401  417  425  419  400  377  360  355  356  352  339
  321  303  292  284  276  263  244  220  192  161  134  114  104   99   96   92
   89   90   95  104  112  116  117  115  113  114  118  124  128  128  123  117
  111  107  101   96   90   86   88   98  118  146  179  215  251  283  312  336
  359  382  407  434  456  466  460  440  415
    32.5-180.0 180.0   5.0 450.0                            LAT/LON1/LON2/DLON/H
  444  409  377  355  348  355  372  388  394  386  372  363  364  367  362  347
  328  314  308  302  290  267  238  207  177  153  136  131  135  142  146  144
  140  138  139  142  143  142  138  134  131  129  131  133  134  130  122  113
  105   99   94   89   84   82   86  100  125  160  201  241  279  312  341  369
  395  420  447  473  495  505  499  477  444
    30.0-180.0 180.0   5.0 450.0                            LAT/LON1/LON2/DLON/H
  506  462  415  373  345  338  349  366  376  374  366  364  369  375  371  356
  339  329  327  321  301  267  226  191  166  155  157  173  197  218  228  226
  218  210  203  196  188  179  170  163  157  152  148  146  142  133  121  108
   97   89   84   80   78   78   84  102  133  176  224  271  311  346  379  412
  445  475  504  529  549  560  558  539  506
    27.5-180.0 180.0   5.0 450.0                            LAT/LON1/LON2/DLON/H
  599  556  500  442  395  370  367  376  381  377  369  367  375  383  379  365
  350  345  345  338  309  264  217  183  170  177  203  242  286  321  335  329
  313  295  277  259  239  221  207  196  187  177  168  160  150  137  121  103
   89   80   75   73   73   75   84  105  142  193  249  302  346  384  422  463
  505  543  574  598  617  630  634  625  599
    25.0-180.0 180.0   5.0 450.0                            LAT/LON1/LON2/DLON/H
  713  679  624  557  496  454  434  428  420  405  388  381  386  392  388  374
  361  359  362  351  316  264  218  194  198  226  273  333  392  434  447  433
  405  375  346  316  286  260  241  227  215  200  186  172  158  141  121  101
   84   73   68   68   70   74   85  109  151  209  274  333  382  424  468  518
  570  616  650  673  690  706  719  725  713
    22.5-180.0 180.0   5.0 450.0                            LAT/LON1/LON2/DLON/H
  828  810  765  701  634  581  546  522  495  462  430  411  406  407  399  384
  372  372  374  360  323  274  237  230  253  299  359  429  494  535  540  514
  474  433  394  356  318  286  264  249  234  216  197  179  162  144  123  101
   83   70   64   65   69   75   88  114  160  225  297  363  416  462  512  570
  631  684  720  742  757  775  799  820  828
    20.0-180.0 180.0   5.0 450.0                            LAT/LON1/LON2/DLON/H
  920  923  895  844  784  729  684  645  599  546  495  458  440  429  415  396
  383  382  383  369  334  296  278  292  332  386  447  512  570  601  594  554
  503  454  412  370  328  294  272  257  241  221  199  179  162  144  125  103
   84   70   64   64   70   78   93  120  170  239  317  389  447  497  550  613
  679  735  773  793  806  826  857  893  920
    17.5-180.0 180.0   5.0 450.0                            LAT/LON1/LON2/DLON/H
  971  993  986  955  912  866  822  775  716  647  577  522  486  461  437  412
  397  394  393  380  354  334  339  374  423  471  517  562  602  617  596  545
  487  437  397  358  319  287  266  253  238  217  194  174  158  143  126  107
   89   74   66   66   73   83  100  129  180  252  334  409  471  523  579  642
  708  764  800  818  828  847  882  929  971
    15.0-180.0 180.0   5.0 450.0                            LAT/LON1/LON2/DLON/H
  971 1006 1019 1012  992  966  933  888  825  748  667  596  543  502  466  435
  415  409  407  399  386  386  414  463  509  537  553  568  583  580  547  491
  433  390  359  329  297  270  252  241  227  207  184  166  153  140  127  111
   95   81   72   71   78   91  110  141  193  265  346  423  487  541  595  654
  715  766  798  814  822  839  873  922  971
    12.5-180.0 180.0   5.0 450.0                            LAT/LON1/LON2/DLON/H
  926  965  990 1005 1012 1012  998  965  909  834  750  671  603  548  501  464
  441  433  431  428  428  448  492  543  573  569  546  527  518  502  465  411
  362  332  315  298  276  254  240  230  216  197  176  160  149  140  129  117
  103   90   80   79   87  102  124  157  208  277  355  430  494  548  600  651
  702  744  772  785  792  805  835  879  926
    10.0-180.0 180.0   5.0 450.0                            LAT/LON1/LON2/DLON/H
  852  886  915  945  976 1001 1011  996  956  894  818  738  662  596  541  499
  475  467  466  469  480  510  558  598  600  559  498  450  425  406  374  331
  298  285  284  280  267  250  236  226  212  194  175  161  152  143  134  124
  114  102   92   90   99  116  141  176  226  290  361  431  492  546  593  635
  674  707  730  743  749  759  781  815  852
     7.5-180.0 180.0   5.0 450.0                            LAT/LON1/LON2/DLON/H
  775  796  821  857  904  951  981  986  966  923  863  790  714  642  582  539
  517  511  513  520  536  566  602  617  586  509  420  357  330  319  302  277
  262  267  281  286  278  262  247  234  218  200  184  172  162  152  143  135
  126  117  108  106  114  133  161  198  246  303  365  426  483  534  576  610
  638  663  683  698  706  714  729  752  775
     5.0-180.0 180.0   5.0 450.0                            LAT/LON1/LON2/DLON/H
  718  725  740  774  828  886  930  949  946  925  884  826  755  683  623  582
  564  562  569  577  589  606  617  599  533  431  332  273  260  267  270  266
  269  287  309  318  309  290  270  252  234  217  203  192  181  168  156  148
  142  134  127  125  132  152  181  219  265  315  366  417  467  514  553  581
  601  620  642  662  675  684  695  708  718
     2.5-180.0 180.0   5.0 450.0                            LAT/LON1/LON2/DLON/H
  700  696  700  727  778  837  882  907  914  909  887  845  784  716  660  624
  612  616  626  633  634  628  604  548  456  345  257  220  232  264  288  300
  315  339  361  366  351  325  299  275  255  239  228  219  206  190  174  165
  159  154  148  145  151  168  197  235  280  324  365  405  448  491  527  550
  567  586  613  640  661  675  687  697  700
