ionex_files/turquie/COD0OPSFIN_20230260000_01D_01H_GIM.INX
     1.0            IONOSPHERE MAPS     GNSS                IONEX VERSION / TYPE
ADDNEQ2 V5.5        AIUB                30-JAN-23 21:42     PGM / RUN BY / DATE 
CODE'S GLOBAL IONOSPHERE MAPS FOR DAY 026, 2023             COMMENT             
Global ionosphere maps (GIM) are generated on a daily basis DESCRIPTION         
at CODE using data from about 300 GNSS sites of the IGS and DESCRIPTION         
other institutions. The vertical total electron content     DESCRIPTION         
(VTEC) is modeled in a solar-geomagnetic reference frame    DESCRIPTION         
using a spherical harmonics expansion up to degree and      DESCRIPTION         
order 15. Piece-wise linear functions are used for          DESCRIPTION         
representation in the time domain. The time spacing of      DESCRIPTION         
their vertices is 1 hour, conforming with the epochs of the DESCRIPTION         
VTEC maps.                                                  DESCRIPTION         
To convert line-of-sight TEC into vertical TEC, a modified  DESCRIPTION         
single-layer model mapping function approximating the JPL   DESCRIPTION         
extended slab model mapping function is adopted. The        DESCRIPTION         
mapping function is evaluated at geodetic satellite         DESCRIPTION         
elevation angles. For the computation of the ionospheric    DESCRIPTION         
pierce points, a spherical layer with a radius of 6821 km   DESCRIPTION         
is assumed, implying geocentric, not geodetic IONEX         DESCRIPTION         
latitudes.                                                  DESCRIPTION         
Instrumental biases with respect to each involved GNSS code DESCRIPTION         
observable are estimated as constant values for each        DESCRIPTION         
day. They are modeled with one set of bias parameters for   DESCRIPTION         
each satellite and each station in case of GPS and for each DESCRIPTION         
satellite-station link in case of GLONASS. The code bias    DESCRIPTION         
datum is defined by zero-mean conditions imposed on the     DESCRIPTION         
satellite bias estimates. In this file, just GPS C1W-C2W    DESCRIPTION         
satellite and station bias values are included. The         DESCRIPTION         
complete set of GNSS code bias results is provided in an    DESCRIPTION         
additional Bias-SINEX file as pseudo-absolute values        DESCRIPTION         
specific to each observable.                                DESCRIPTION         
Note: These GIM results correspond to the results for the   DESCRIPTION         
middle day of a 3-day combination analysis solving for 73   DESCRIPTION         
times 256, or 18688 VTEC parameters and 3 daily sets of     DESCRIPTION         
GNSS code bias parameters.                                  DESCRIPTION         
Contact address: code(at)aiub.unibe.ch                      DESCRIPTION         
Data archive:    ftp.aiub.unibe.ch/CODE/                    DESCRIPTION         
                 www.aiub.unibe.ch/download/CODE/           DESCRIPTION         
  2023     1    26     0     0     0                        EPOCH OF FIRST MAP  
  2023     1    27     0     0     0                        EPOCH OF LAST MAP   
  3600                                                      INTERVAL            
[...]
brux bshm cas1 ccj2 cedu chpg chpi chti chur ckis cnmr coco COMMENT             
cord cpxf crar cro1 daej darw dav1 dgar dhlg drao dubo ebre COMMENT             
faa1 fair flin flrs frdn ftna func ganp glps gode godz gol2 COMMENT             
gold gope gras graz guam guug harb hers hert hlfx hob2 hofn COMMENT             
holb hrao hyde iddr ieng iisc ineg invk iqal irkj isba jog2 COMMENT             
joz2 joze karr kerg kir0 kiru kit3 kokb kokv koug kour krgg COMMENT             
laut lmmf lpal lpgs m0se mac1 madr mal2 mana mas1 mat1 mate COMMENT             
maw1 mcm4 mdo1 mdvj medi mets mgue mizu mkea mnls mobs monp COMMENT             
morp mqzg mro1 nano nico nist nium nklg nlib nnor not1 nrc1 COMMENT             
nrmd ntus nya1 nyal ohi2 onsa opmt ous2 pado parc park pdel COMMENT             
penc pert pie1 pimo pohn pol2 polv pots pove prds ptbb ptvl COMMENT             
qaq1 quin ramo reun reyk rgdg rio2 riop salu samo sant savo COMMENT             
sch2 scor scrz sctb scub seyg sofi spt0 ssia sthl stjo stk2 COMMENT             
str2 suth sutm sydn syog tabl tabv tash thtg thti thu2 tid1 COMMENT             
tidb tlse tn22 tong tow2 tro1 tsea tskb tuva twtf txes uclu COMMENT             
ufpr ulab unb3 unbj unsa urum usn7 usud vald vill voim vtsp COMMENT             
wab1 wab2 wark wes2 wgtn whit will wind wsrt wtza wtzl wtzr COMMENT             
wtzs wuhn xmis yar2 yar3 yarr yell ykro zamb zeck zim2 zim3 COMMENT             
zimm                                                        COMMENT             
                                                            END OF HEADER       
[from data line 2145]
     6                                                      START OF TEC MAP    
  2023     1    26     5     0     0                        EPOCH OF CURRENT MAP
    87.5-180.0 180.0   5.0 450.0                            LAT/LON1/LON2/DLON/H
   93   91   90   88   87   86   84   83   82   81   80   79   78   77   77   76
   75   75   74   73   73   72   72   71   71   70   70   70   70   70   70   70
   71   71   72   72   73   74   75   76   77   78   79   80   82   83   85   86
   88   89   91   93   94   96   97   98  100  101  101  102  103  103  103  103
  102  101  101  100   98   97   96   94   93
    85.0-180.0 180.0   5.0 450.0                            LAT/LON1/LON2/DLON/H
  104  100   96   93   90   87   85   83   82   81   80   79   79   78   78   77
   76   76   75   73   72   71   70   68   67   66   65   64   64   64   64   64
   65   66   67   68   69   71   72   74   75   77   79   81   83   86   89   92
   95   99  103  107  111  115  119  123  127  130  132  134  136  137  136  136
  134  132  129  125  121  117  113  109  104
    82.5-180.0 180.0   5.0 450.0                            LAT/LON1/LON2/DLON/H
  114  106   99   93   88   85   82   81   80   81   81   82   83   84   85   85
   84   83   82   80   78   75   72   70   67   65   63   62   61   61   61   62
   63   65   67   69   71   73   75   77   79   80   82   84   86   89   93   97
  102  108  114  121  129  137  145  153  160  167  173  177  180  182  182  180
  177  172  166  158  150  141  132  123  114
    80.0-180.0 180.0   5.0 450.0                            LAT/LON1/LON2/DLON/H
  122  109   98   89   82   78   76   76   77   79   82   86   89   92   94   95
   96   95   93   90   86   82   78   73   69   65   62   60   59   59   60   62
   65   68   71   75   78   81   83   84   85   86   87   88   89   92   96  101
  107  115  125  136  147  160  173  185  198  209  219  226  232  235  235  233
  227  219  208  195  181  166  151  136  122
    77.5-180.0 180.0   5.0 450.0                            LAT/LON1/LON2/DLON/H
  128  110   94   82   74   69   67   68   72   77   82   88   94   99  102  105
  105  105  103   99   95   89   83   77   71   66   62   60   58   59   61   64
   68   73   78   83   87   90   92   93   93   92   91   91   91   93   97  103
  111  122  135  149  165  183  200  218  235  250  264  275  283  288  288  285
  277  266  251  233  213  191  169  148  128
    75.0-180.0 180.0   5.0 450.0                            LAT/LON1/LON2/DLON/H
  133  111   92   77   66   61   59   62   66   73   81   88   95  101  105  108
  110  109  108  104  100   94   88   81   75   69   65   62   60   61   63   67
   73   79   85   91   95   99  100  100   98   95   92   90   90   92   97  104
  115  129  146  164  184  205  226  247  267  286  302  316  326  331  333  329
  320  306  288  265  241  214  186  159  133
    72.5-180.0 180.0   5.0 450.0                            LAT/LON1/LON2/DLON/H
  141  115   92   75   62   56   54   57   62   70   77   85   92   97  101  104
  106  106  105  103  100   96   91   85   79   74   70   67   66   66   68   72
   78   84   90   96  100  102  102  101   97   93   89   86   86   89   96  107
  122  140  160  182  205  227  250  272  292  311  328  342  353  359  361  357
  347  332  313  289  262  232  201  170  141
    70.0-180.0 180.0   5.0 450.0                            LAT/LON1/LON2/DLON/H
  152  123   98   78   64   56   53   55   60   67   73   79   84   88   91   93
   94   96   96   96   95   93   91   87   84   80   77   75   74   74   75   78
   82   87   92   96   99   99   98   95   90   84   80   78   79   85   96  112
  132  154  178  203  226  249  270  289  307  324  339  352  362  368  370  366
  357  342  323  300  274  245  214  183  152
    67.5-180.0 180.0   5.0 450.0                            LAT/LON1/LON2/DLON/H
  166  136  109   86   70   59   55   56   59   65   69   73   74   75   76   77
   79   81   83   85   87   88   88   87   86   86   84   83   83   82   82   83
   85   87   89   91   91   90   87   83   77   71   68   67   72   82   98  119
  145  172  199  225  248  267  284  299  312  325  337  347  355  361  362  358
  349  337  320  301  278  253  225  196  166
    65.0-180.0 180.0   5.0 450.0                            LAT/LON1/LON2/DLON/H
  181  151  123   97   77   64   58   57   59   63   65   66   65   63   62   62
   64   67   70   74   77   79   81   83   85   87   89   90   90   89   87   86
   84   83   83   82   80   77   73   68   62   57   55   58   66   81  102  129
  159  190  220  246  266  282  293  302  310  317  325  333  340  344  344  340
  332  321  307  293  276  257  235  209  181
    62.5-180.0 180.0   5.0 450.0                            LAT/LON1/LON2/DLON/H
  196  167  136  108   84   68   60   57   58   61   62   60   57   54   52   52
   54   57   61   65   67   69   72   75   79   84   88   91   92   91   89   85
   81   77   74   71   68   64   59   54   49   46   46   51   63   82  108  139
  173  206  237  262  280  291  297  300  303  307  312  319  325  327  326  320
  312  301  290  280  270  258  242  222  196
    60.0-180.0 180.0   5.0 450.0                            LAT/LON1/LON2/DLON/H
  209  180  148  116   89   70   59   55   55   57   58   56   53   49   48   48
   52   56   59   60   60   60   60   63   68   75   81   86   89   89   86   81
   76   70   65   61   57   54   49   45   41   39   41   49   64   86  114  148
  183  218  248  272  287  294  296  296  296  298  304  311  317  319  316  308
  297  285  275  268  263  257  247  232  209
    57.5-180.0 180.0   5.0 450.0                            LAT/LON1/LON2/DLON/H
  218  189  155  121   91   69   56   51   51   54   55   54   51   49   49   52
   57   61   63   61   57   52   49   50   55   63   71   77   80   81   79   74
   69   63   59   55   52   49   45   42   39   39   43   53   69   92  121  155
  190  224  253  275  288  293  293  291  292  296  304  313  321  324  319  308
  292  277  266  259  256  255  250  238  218
    55.0-180.0 180.0   5.0 450.0                            LAT/LON1/LON2/DLON/H
  222  194  160  125   94   70   55   48   48   51   53   53   52   52   54   60
   67   71   71   65   56   46   40   39   43   51   59   66   70   71   69   66
   62   58   55   53   52   50   48   46   44   45   50   61   78  101  129  160
  194  225  253  273  285  290  290  289  292  299  311  325  335  338  332  317
  297  277  262  254  251  251  249  240  222
    52.5-180.0 180.0   5.0 450.0                            LAT/LON1/LON2/DLON/H
  221  196  164  131  100   76   60   51   50   51   53   54   54   55   60   68
   76   81   80   71   57   44   35   33   38   45   53   58   61   61   61   59
   57   56   56   57   57   57   56   54   53   55   61   72   89  111  137  166
  197  226  251  270  282  288  289  291  296  307  322  339  352  356  348  330
  305  281  262  251  247  246  245  237  221
    50.0-180.0 180.0   5.0 450.0                            LAT/LON1/LON2/DLON/H
  217  196  169  140  113   90   74   63   58   57   57   57   57   59   64   73
   82   88   86   76   60   46   37   37   42   49   54   57   57   56   55   55
   56   57   60   63   66   67   67   65   64   66   73   85  101  122  147  174
  202  229  252  271  283  289  292  295  301  314  331  349  363  367  358  338
  312  285  262  248  242  240  238  231  217
    47.5-180.0 180.0   5.0 450.0                            LAT/LON1/LON2/DLON/H
  213  196  176  154  133  114   97   84   76   71   68   66   63   63   67   74
   84   90   89   79   65   53   47   49   56   63   66   64   60   57   55   56
   58   61   66   71   75   77   77   74   73   76   84   97  114  136  159  185
  211  237  259  276  288  295  298  301  306  316  331  348  360  364  356  336
  311  284  261  246  237  233  230  224  213
    45.0-180.0 180.0   5.0 450.0                            LAT/LON1/LON2/DLON/H
  210  198  184  170  156  142  127  112   99   90   84   79   74   70   70   74
   83   89   90   83   73   65   65   71   80   86   85   79   70   64   61   61
   63   67   73   78   83   85   84   82   81   85   95  109  128  150  174  200
  225  249  270  287  298  305  307  307  308  313  322  333  342  345  338  323
  301  279  259  244  235  230  226  220  210
    42.5-180.0 180.0   5.0 450.0                            LAT/LON1/LON2/DLON/H
  213  202  192  184  177  168  156  140  125  112  104   96   88   81   76   77
   83   90   93   91   85   83   88   98  109  114  109   97   85   75   71   70
   71   74   78   83   88   90   89   87   87   93  105  122  142  165  190  216
  242  265  285  300  311  317  318  315  311  308  308  311  315  316  312  303
  290  275  261  249  241  235  229  223  213
    40.0-180.0 180.0   5.0 450.0                            LAT/LON1/LON2/DLON/H
  225  211  199  192  189  184  175  160  144  131  123  115  106   96   87   84
   88   95  101  103  103  105  113  126  137  140  131  116  101   90   84   82
   80   80   81   85   90   92   90   89   92  101  116  136  157  180  206  232
  257  280  298  313  324  331  332  327  318  307  298  293  291  291  290  289
  286  281  275  268  261  254  247  238  225
    37.5-180.0 180.0   5.0 450.0                            LAT/LON1/LON2/DLON/H
  250  226  205  192  187  184  178  166  152  142  136  131  124  114  103   98
  100  108  116  121  124  128  137  149  158  158  147  130  115  104   99   94
   89   84   83   85   88   90   90   91   97  110  129  150  172  195  219  244
  269  290  308  323  335  345  349  346  335  321  306  294  287  285  288  294
  302  308  309  307  301  293  284  270  250
    35.0-180.0 180.0   5.0 450.0                            LAT/LON1/LON2/DLON/H
  290  250  212  185  172  168  163  155  145  139  139  140  138  131  121  116
  118  126  135  142  146  149  156  164  169  166  154  138  125  117  112  106
   97   87   82   81   85   87   89   92  103  121  143  165  186  206  229  252
  275  295  312  328  344  360  372  375  370  356  340  325  315  312  317  330
  346  361  369  369  363  355  343  322  290
    32.5-180.0 180.0   5.0 450.0                            LAT/LON1/LON2/DLON/H
  348  288  226  179  152  141  137  131  126  125  130  138  143  142  136  133
  135  144  153  160  163  163  165  167  168  163  152  139  130  127  124  117
  104   89   80   78   80   84   87   94  108  131  156  179  198  215  234  255
  275  294  311  331  354  379  403  419  424  418  406  392  380  376  382  398
  420  441  453  454  447  437  422  394  348
    30.0-180.0 180.0   5.0 450.0                            LAT/LON1/LON2/DLON/H
  422  341  254  183  138  117  109  104  101  104  113  127  139  144  144  143
  147  155  164  170  170  167  163  161  158  152  143  135  133  135  135  126
  110   90   78   74   77   81   85   94  113  140  168  191  207  222  238  255
  274  291  311  335  367  405  443  474  494  502  499  489  479  473  477  493
  517  539  552  552  544  532  514  481  422
    27.5-180.0 180.0   5.0 450.0                            LAT/LON1/LON2/DLON/H
  508  411  302  208  144  111   96   88   84   86   96  112  127  138  142  145
  148  154  161  165  164  159  152  146  142  137  132  131  135  142  144  135
  115   92   77   72   75   78   83   94  115  145  175  199  214  227  240  256
  274  292  315  346  388  438  490  537  574  597  606  603  594  585  585  597
  619  641  653  651  640  628  611  575  508
    25.0-180.0 180.0   5.0 450.0                            LAT/LON1/LON2/DLON/H
  597  493  371  260  181  134  110   95   85   83   89  102  117  129  136  139
  139  141  145  147  146  142  135  130  127  125  126  129  138  149  152  142
  120   95   78   73   74   77   80   91  115  147  179  203  219  231  245  262
  280  301  329  368  418  478  540  599  649  686  707  711  703  691  685  691
  709  728  738  734  722  711  697  665  597
    22.5-180.0 180.0   5.0 450.0                            LAT/LON1/LON2/DLON/H
  680  580  457  340  251  193  158  134  115  103  100  106  117  127  132  131
  126  121  119  121  122  121  119  118  119  122  126  134  145  157  160  149
  125   99   81   76   76   77   78   88  111  145  178  204  222  237  254  273
  294  319  354  400  457  521  587  650  708  753  782  791  784  768  755  754
  767  783  791  787  777  769  762  739  680
    20.0-180.0 180.0   5.0 450.0                            LAT/LON1/LON2/DLON/H
  744  660  550  438  348  283  238  203  174  151  138  134  137  142  141  133
  118  104   96   96  101  106  110  115  121  128  136  144  155  166  168  155
  131  105   87   81   80   78   76   84  106  140  175  203  225  245  267  291
  316  347  388  440  500  562  623  683  738  785  817  828  821  802  783  776
  784  797  806  803  796  794  796  786  744
    17.5-180.0 180.0   5.0 450.0                            LAT/LON1/LON2/DLON/H
  780  721  634  539  455  389  337  293  254  223  200  188  183  180  172  153
  127  102   87   86   94  104  114  124  135  145  153  160  168  175  175  162
  138  112   96   90   87   81   76   81  102  136  172  203  229  255  283  312
  343  380  427  483  541  596  646  693  738  778  807  818  810  790  769  758
  761  773  782  783  780  784  796  801  780
    15.0-180.0 180.0   5.0 450.0                            LAT/LON1/LON2/DLON/H
  783  752  694  624  554  492  436  386  342  306  279  262  252  243  227  197
  160  125  104  101  110  122  134  146  158  169  175  179  181  184  181  167
  145  122  107  100   95   86   78   81  101  135  172  205  235  266  300  334
  370  411  463  520  575  619  653  682  711  739  760  768  761  743  723  710
  711  722  732  736  738  746  765  784  783
    12.5-180.0 180.0   5.0 450.0                            LAT/LON1/LON2/DLON/H
  756  750  721  676  624  569  513  462  418  384  360  346  336  324  302  265
  218  176  151  145  152  162  170  179  188  196  199  197  194  191  186  173
  153  133  119  111  104   93   82   84  103  137  175  209  243  278  315  352
  391  436  490  547  597  629  647  658  670  683  694  699  694  682  666  655
  654  663  674  680  684  694  715  740  756
    10.0-180.0 180.0   5.0 450.0                            LAT/LON1/LON2/DLON/H
  706  716  710  688  653  606  555  506  468  442  427  421  417  408  385  344
  295  251  224  215  216  217  216  216  219  221  220  214  205  198  191  179
  162  145  132  123  113  100   88   89  109  143  181  217  251  288  326  364
  404  449  504  560  605  630  636  634  631  631  632  634  633  629  622  615
  613  618  627  633  636  643  660  684  706
     7.5-180.0 180.0   5.0 450.0                            LAT/LON1/LON2/DLON/H
  648  663  670  663  640  602  555  513  482  468  466  472  479  476  457  420
  374  333  308  298  290  278  263  251  245  242  237  227  214  204  195  185
  171  156  144  133  121  106   94   96  117  152  190  225  260  295  333  370
  408  452  505  560  603  625  627  619  610  601  595  595  599  606  608  606
  603  603  607  610  610  610  616  630  648
     5.0-180.0 180.0   5.0 450.0                            LAT/LON1/LON2/DLON/H
  596  606  615  614  597  564  522  485  463  459  470  489  507  514  502  473
  436  405  386  374  358  332  302  277  263  256  249  236  222  209  199  190
  179  166  154  142  128  111  100  104  126  162  200  234  267  301  336  370
  405  446  497  550  593  618  625  622  614  604  595  594  604  620  632  634
  630  624  622  619  612  602  594  591  596
     2.5-180.0 180.0   5.0 450.0                            LAT/LON1/LON2/DLON/H
  565  562  563  560  544  512  472  439  421  424  442  469  495  510  508  490
  466  447  437  425  402  365  324  291  273  264  256  243  227  213  203  194
  185  174  162  148  131  114  104  110  134  171  209  242  273  304  336  367
  399  437  483  535  580  613  632  642  645  640  633  633  646  668  687  693
  687  676  667  657  644  623  599  578  565
