ionex_files/turquie/COD0OPSFIN_20230290000_01D_01H_GIM.INX
     1.0            IONOSPHERE MAPS     GNSS                IONEX VERSION / TYPE
ADDNEQ2 V5.5        AIUB                02-FEB-23 21:30     PGM / RUN BY / DATE 
CODE'S GLOBAL IONOSPHERE MAPS FOR DAY 029, 2023             COMMENT             
Global ionosphere maps (GIM) are generated on a daily basis DESCRIPTION         
at CODE using data from about 300 GNSS sites of the IGS and DESCRIPTION         
other institutions. The vertical total electron content     DESCRIPTION         
(VTEC) is modeled in a solar-geomagnetic reference frame    DESCRIPTION         
using a spherical harmonics expansion up to degree and      DESCRIPTION         
order 15. Piece-wise linear functions are used for          DESCRIPTION         
representation in the time domain. The time spacing of      DESCRIPTION         
their vertices is 1 hour, conforming with the epochs of the DESCRIPTION         
VTEC maps.                                                  DESCRIPTION         
To convert line-of-sight TEC into vertical TEC, a modified  DESCRIPTION         
single-layer model mapping function approximating the JPL   DESCRIPTION         
extended slab model mapping function is adopted. The        DESCRIPTION         
mapping function is evaluated at geodetic satellite         DESCRIPTION         
elevation angles. For the computation of the ionospheric    DESCRIPTION         
pierce points, a spherical layer with a radius of 6821 km   DESCRIPTION         
is assumed, implying geocentric, not geodetic IONEX         DESCRIPTION         
latitudes.                                                  DESCRIPTION         
Instrumental biases with respect to each involved GNSS code DESCRIPTION         
observable are estimated as constant values for each        DESCRIPTION         
day. They are modeled with one set of bias parameters for   DESCRIPTION         
each satellite and each station in case of GPS and for each DESCRIPTION         
satellite-station link in case of GLONASS. The code bias    DESCRIPTION         
datum is defined by zero-mean conditions imposed on the     DESCRIPTION         
satellite bias estimates. In this file, just GPS C1W-C2W    DESCRIPTION         
satellite and station bias values are included. The         DESCRIPTION         
complete set of GNSS code bias results is provided in an    DESCRIPTION         
additional Bias-SINEX file as pseudo-absolute values        DESCRIPTION         
specific to each observable.                                DESCRIPTION         
Note: These GIM results correspond to the results for the   DESCRIPTION         
middle day of a 3-day combination analysis solving for 73   DESCRIPTION         
times 256, or 18688 VTEC parameters and 3 daily sets of     DESCRIPTION         
GNSS code bias parameters.                                  DESCRIPTION         
Contact address: code(at)aiub.unibe.ch                      DESCRIPTION         
Data archive:    ftp.aiub.unibe.ch/CODE/                    DESCRIPTION         
                 www.aiub.unibe.ch/download/CODE/           DESCRIPTION         
  2023     1    29     0     0     0                        EPOCH OF FIRST MAP  
  2023     1    30     0     0     0                        EPOCH OF LAST MAP   
  3600                                                      INTERVAL            
[...]
brst brux bshm cas1 ccj2 cedu chpg chpi chti chur ckis cnmr COMMENT             
coco cord cpvg cpxf crar cro1 daej darw dav1 dgar dhlg drao COMMENT             
dubo ebre faa1 fair flrs frdn ftna func ganp glps gode godz COMMENT             
gol2 gold gope gras graz guam guug harb hers hert hlfx hob2 COMMENT             
hofn holb hrao hyde iddr ieng iisc ineg invk iqal irkj isba COMMENT             
jog2 joz2 joze karr kerg kir0 kiri kiru kit3 kokb kokv koug COMMENT             
kour krgg laut lmmf lpal lpgs m0se mac1 madr mal2 mana mas1 COMMENT             
mat1 mate maw1 mcm4 mdo1 mdvj medi mets mgue mizu mkea mnls COMMENT             
mobs monp morp mqzg mro1 mtka nano nico nist nium nklg nlib COMMENT             
nnor not1 nrc1 nrmd ntus nya1 nyal ohi2 onsa opmt ous2 pado COMMENT             
parc park pdel penc pert pie1 pimo pohn pol2 polv pots pove COMMENT             
prds ptbb ptvl qaq1 quin ramo reun reyk rgdg rio2 riop roth COMMENT             
salu samo sant savo sch2 scor scrz sctb scub seyg sofi spt0 COMMENT             
ssia sthl stjo stk2 str2 suth sutm suwn sydn syog tabl tabv COMMENT             
tash thtg thti thu2 tid1 tidb tlse tn22 tnml tong tow2 tro1 COMMENT             
tsea tskb twtf txes uclu ufpr ulab unb3 unbj unsa urum usn7 COMMENT             
usud vald vill voim vtsp wab1 wab2 wark wes2 wgtn whit will COMMENT             
wind wsrt wtza wtzl wtzr wtzs wuhn xmis yar2 yar3 yarr yell COMMENT             
ykro zamb zeck zim2 zim3 zimm                               COMMENT             
                                                            END OF HEADER       
[from data line 10296]
    25                                                      START OF TEC MAP    
  2023     1    30     0     0     0                        EPOCH OF CURRENT MAP
    87.5-180.0 180.0   5.0 450.0                            LAT/LON1/LON2/DLON/H
  106  107  107  108  108  108  109  109  109  108  108  108  107  107  106  105
  104  103  102  101   99   98   97   95   94   93   91   90   89   88   87   86
   85   84   83   83   82   82   82   82   82   82   82   82   83   83   84   85
   85   86   87   88   88   89   90   91   92   93   94   95   96   97   98   99
  100  101  101  102  103  104  105  105  106
    85.0-180.0 180.0   5.0 450.0                            LAT/LON1/LON2/DLON/H
  116  117  119  120  121  122  122  123  123  123  123  122  121  120  118  116
  114  112  109  107  104  101   98   96   93   90   87   85   82   80   78   76
   74   72   71   70   69   69   69   69   69   70   70   71   73   74   75   77
   78   79   81   82   84   85   87   88   90   91   93   95   96   98   99  101
  103  105  106  108  110  111  113  114  116
    82.5-180.0 180.0   5.0 450.0                            LAT/LON1/LON2/DLON/H
  126  129  131  133  135  136  138  139  139  139  139  137  136  133  130  127
  123  120  115  111  107  103   99   95   91   87   83   79   76   72   69   66
   64   62   60   58   57   57   57   58   59   60   61   63   65   67   69   71
   73   75   77   79   80   82   83   85   87   89   91   93   95   98  100  103
  106  108  111  114  117  119  122  124  126
    80.0-180.0 180.0   5.0 450.0                            LAT/LON1/LON2/DLON/H
  140  143  145  148  150  152  154  156  157  157  156  154  150  146  141  135
  129  123  117  112  106  102   97   93   88   84   80   76   72   67   64   60
   57   54   52   50   49   49   49   50   51   53   56   58   61   63   66   68
   70   72   74   75   76   77   78   80   81   83   86   88   92   96  100  104
  109  114  118  123  127  131  134  137  140
    77.5-180.0 180.0   5.0 450.0                            LAT/LON1/LON2/DLON/H
  159  161  163  166  168  171  173  175  176  176  174  170  165  157  149  140
  130  121  113  106  101   96   92   89   85   82   78   74   70   65   61   57
   53   50   47   46   45   44   45   46   48   51   53   56   59   62   65   67
   69   70   70   70   70   70   70   71   72   74   77   81   86   92   99  106
  114  122  129  136  143  148  152  156  159
    75.0-180.0 180.0   5.0 450.0                            LAT/LON1/LON2/DLON/H
  182  184  184  185  187  189  192  194  196  195  192  187  178  166  153  139
  125  113  103   96   90   87   85   83   82   80   77   74   70   66   61   56
   52   49   46   44   43   43   44   46   48   51   54   57   60   63   65   67
   67   67   66   64   63   61   59   59   59   61   65   70   77   86   97  108
  120  132  144  155  164  171  177  180  182
    72.5-180.0 180.0   5.0 450.0                            LAT/LON1/LON2/DLON/H
  209  208  207  205  205  206  209  212  214  214  210  202  190  173  155  135
  117  101   89   82   78   77   77   79   79   79   78   74   70   66   61   56
   52   49   46   44   44   44   45   46   48   51   54   58   61   63   65   66
   65   64   61   57   53   49   46   44   44   46   51   58   68   80   94  110
  127  144  161  176  189  199  205  209  209
    70.0-180.0 180.0   5.0 450.0                            LAT/LON1/LON2/DLON/H
  236  232  227  222  219  219  221  225  228  228  225  216  200  179  155  131
  108   89   76   69   67   68   72   75   78   78   77   74   69   64   59   54
   50   47   45   43   43   43   44   46   48   51   54   57   60   62   64   64
   62   59   55   49   43   38   33   30   29   32   38   47   59   74   91  111
  133  155  177  197  213  226  234  237  236
    67.5-180.0 180.0   5.0 450.0                            LAT/LON1/LON2/DLON/H
  258  251  243  235  229  226  227  231  236  238  236  226  209  186  158  129
  103   82   69   62   61   65   69   74   76   77   74   70   64   59   53   49
   45   43   41   40   40   40   41   42   44   47   50   53   56   58   59   59
   57   53   48   41   34   27   21   18   17   21   28   38   52   69   90  112
  137  163  188  212  232  248  257  260  258
    65.0-180.0 180.0   5.0 450.0                            LAT/LON1/LON2/DLON/H
  271  263  253  242  234  229  228  232  237  242  241  233  217  193  164  133
  106   84   70   64   64   67   71   74   75   73   69   63   56   50   45   41
   38   36   35   34   34   35   35   37   39   41   44   47   49   51   52   52
   50   46   41   34   26   19   13    9   10   14   23   35   51   69   90  113
  139  166  194  220  242  259  270  274  271
    62.5-180.0 180.0   5.0 450.0                            LAT/LON1/LON2/DLON/H
  275  269  259  247  237  230  228  230  235  240  241  236  222  200  173  144
  118   97   83   76   75   75   76   75   72   67   61   54   47   41   36   32
   30   29   28   28   28   29   29   31   32   34   37   39   41   42   43   43
   41   38   34   28   21   13    8    5    7   13   24   38   54   72   93  115
  140  166  193  219  242  260  271  276  275
    60.0-180.0 180.0   5.0 450.0                            LAT/LON1/LON2/DLON/H
  272  269  263  254  244  236  230  229  231  235  237  234  225  207  185  160
  137  118  104   96   91   87   82   76   68   60   52   45   39   34   30   27
   25   24   24   24   24   25   26   26   28   29   31   33   34   34   34   34
   33   32   29   24   19   12    7    5    8   17   29   45   63   81   99  119
  140  164  188  211  232  249  262  269  272
    57.5-180.0 180.0   5.0 450.0                            LAT/LON1/LON2/DLON/H
  264  268  269  266  259  250  241  235  232  232  232  230  225  213  198  179
  161  144  130  119  108   98   86   75   63   54   46   41   36   33   30   27
   25   24   24   24   25   26   27   27   28   29   30   30   30   29   28   27
   27   27   27   25   20   15   10    9   13   23   38   56   75   92  109  125
  143  162  182  201  219  234  246  256  264
    55.0-180.0 180.0   5.0 450.0                            LAT/LON1/LON2/DLON/H
  256  269  280  286  284  276  264  251  240  233  229  226  223  217  209  197
  183  168  154  139  123  106   88   72   59   50   45   43   41   39   36   33
   30   29   29   30   32   33   34   35   35   35   35   34   33   30   27   26
   26   28   29   29   26   21   16   15   20   32   49   69   88  106  121  135
  149  163  178  193  206  218  230  243  256
    52.5-180.0 180.0   5.0 450.0                            LAT/LON1/LON2/DLON/H
  252  274  295  310  316  310  296  277  258  241  230  224  221  220  217  210
  200  187  171  152  132  110   89   71   59   53   51   52   53   52   48   44
   40   38   38   41   44   46   48   48   48   47   47   45   42   38   33   31
   31   33   37   38   36   31   26   23   28   41   60   81  102  120  134  146
  157  169  180  190  200  208  219  233  252
    50.0-180.0 180.0   5.0 450.0                            LAT/LON1/LON2/DLON/H
  252  280  310  334  346  345  331  309  282  257  238  226  222  221  221  218
  210  196  179  158  135  112   90   73   64   61   64   68   69   67   61   55
   50   48   50   53   58   62   65   65   64   64   63   61   57   52   46   42
   41   44   49   52   50   45   37   34   37   50   70   93  115  133  147  159
  169  179  188  196  202  208  216  230  252
    47.5-180.0 180.0   5.0 450.0                            LAT/LON1/LON2/DLON/H
  257  286  319  348  367  371  360  338  308  278  252  235  226  224  224  221
  213  198  179  158  136  114   95   81   75   76   81   85   84   79   71   63
   58   57   59   65   72   78   81   82   81   80   80   79   76   71   64   58
   57   59   64   67   66   60   51   45   48   60   81  105  127  145  159  171
  181  190  199  207  212  216  223  235  257
    45.0-180.0 180.0   5.0 450.0                            LAT/LON1/LON2/DLON/H
  263  287  318  347  368  377  372  355  329  299  270  248  235  230  228  223
  212  195  176  157  139  121  105   94   90   92   96   98   94   85   75   66
   61   62   66   74   83   90   94   94   94   94   95   96   95   90   83   77
   73   75   79   82   81   74   65   58   59   72   92  116  138  156  170  181
  192  202  212  220  227  232  238  247  263
    42.5-180.0 180.0   5.0 450.0                            LAT/LON1/LON2/DLON/H
  269  283  304  327  346  358  361  354  338  314  288  264  249  240  235  226
  212  194  176  161  147  134  121  111  106  105  106  103   95   83   72   64
   62   65   71   79   88   96  100  101  102  103  106  109  110  106  100   93
   88   88   91   94   93   86   77   70   72   84  105  129  150  167  180  191
  201  211  222  233  244  252  257  261  269
    40.0-180.0 180.0   5.0 450.0                            LAT/LON1/LON2/DLON/H
  276  276  282  293  306  318  328  334  332  320  301  281  264  254  246  234
  217  198  182  172  163  153  140  126  116  111  107  100   88   76   67   63
   64   69   75   83   90   97  101  103  104  107  112  117  120  117  111  104
   98   96   98  101  100   94   85   80   83   98  119  142  162  177  189  199
  208  218  229  243  259  272  278  278  276
    37.5-180.0 180.0   5.0 450.0                            LAT/LON1/LON2/DLON/H
  286  272  262  258  261  270  284  301  314  317  309  294  279  269  260  246
  228  210  197  190  184  173  155  135  118  108  100   91   80   71   67   69
   75   80   84   88   92   96  100  101  103  108  114  120  123  122  116  108
  101   98   99  101  100   96   89   86   93  111  134  157  175  188  198  207
  215  223  234  251  272  291  300  298  286
    35.0-180.0 180.0   5.0 450.0                            LAT/LON1/LON2/DLON/H
  305  280  258  241  232  234  247  271  295  310  312  303  291  282  274  262
  245  229  218  213  205  188  162  133  110   98   91   85   80   78   81   90
   98  103  102   99   98   98   99  101  103  108  115  120  122  120  113  105
   98   94   93   94   94   91   87   89  100  122  148  172  189  201  210  218
  225  231  240  258  284  310  325  322  305
    32.5-180.0 180.0   5.0 450.0                            LAT/LON1/LON2/DLON/H
  339  311  283  259  241  233  240  261  288  309  315  310  300  293  287  277
  263  249  240  232  219  193  157  120   96   87   88   92   96  104  116  129
  138  139  130  119  111  106  104  105  107  112  117  120  119  115  107   99
   91   86   84   84   84   82   81   86  103  130  161  186  203  214  223  233
  240  244  252  270  300  333  354  356  339
    30.0-180.0 180.0   5.0 450.0                            LAT/LON1/LON2/DLON/H
  391  371  348  326  303  285  279  288  307  324  328  321  309  301  296  290
  279  266  255  243  221  185  140  103   84   86  101  119  136  153  171  186
  192  186  169  149  132  122  117  116  118  121  123  122  117  109  100   91
   84   78   75   74   73   71   71   80  103  136  172  200  217  228  240  252
  262  267  274  292  324  362  391  400  391
    27.5-180.0 180.0   5.0 450.0                            LAT/LON1/LON2/DLON/H
  460  457  451  441  422  397  374  363  364  366  359  342  324  311  304  298
  289  276  261  241  209  166  120   89   84  104  137  170  198  222  241  253
  253  237  212  184  162  147  138  135  135  135  134  128  118  106   96   87
   80   74   70   66   63   60   62   74  101  141  181  212  231  244  259  277
  292  301  308  326  359  401  437  456  460
    25.0-180.0 180.0   5.0 450.0                            LAT/LON1/LON2/DLON/H
  540  560  580  592  585  556  518  484  460  440  415  383  352  328  315  306
  295  279  258  229  190  145  107   92  108  150  200  244  276  299  314  318
  308  284  252  221  195  177  165  158  155  153  147  137  122  108   96   88
   81   75   69   64   58   53   55   69  101  145  191  225  246  261  281  306
  328  343  353  371  404  447  489  519  540
    22.5-180.0 180.0   5.0 450.0                            LAT/LON1/LON2/DLON/H
  619  663  713  753  764  739  689  634  585  542  497  447  398  360  335  318
  300  278  250  214  173  134  112  121  162  222  282  328  356  371  374  366
  346  316  282  252  226  206  192  182  176  171  161  147  129  113  102   94
   88   82   74   66   58   51   52   68  103  152  202  239  262  280  304  337
  368  390  404  423  454  497  542  581  619
    20.0-180.0 180.0   5.0 450.0                            LAT/LON1/LON2/DLON/H
  682  747  823  890  923  909  857  789  722  661  598  532  466  411  370  340
  313  282  246  206  169  145  147  183  245  314  372  406  420  419  408  388
  359  327  297  272  250  231  215  202  193  185  172  155  137  121  110  104
   98   91   83   72   62   53   54   72  110  162  214  254  278  299  328  367
  407  436  455  474  504  544  588  632  682
    17.5-180.0 180.0   5.0 450.0                            LAT/LON1/LON2/DLON/H
  720  794  885  972 1026 1029  985  916  845  776  706  630  552  481  424  379
  340  300  258  218  190  186  214  273  346  411  450  461  452  433  408  378
  346  318  296  280  264  246  229  214  203  192  178  160  143  129  120  114
  108  101   91   79   67   59   61   81  121  175  228  269  296  319  352  396
  441  475  498  517  544  580  622  665  720
    15.0-180.0 180.0   5.0 450.0                            LAT/LON1/LON2/DLON/H
  724  794  886  981 1050 1070 1043  989  927  867  803  728  645  564  494  436
  385  336  291  256  241  258  308  379  449  493  500  479  444  409  375  342
  313  292  281  275  266  251  232  217  205  193  178  160  145  134  126  121
  115  107   97   85   73   66   71   94  136  190  242  282  311  338  373  419
  467  504  527  546  569  601  637  675  724
    12.5-180.0 180.0   5.0 450.0                            LAT/LON1/LON2/DLON/H
  698  750  826  914  987 1024 1020  990  952  914  868  807  731  649  572  505
  446  393  349  321  320  353  414  483  533  542  509  454  398  354  321  293
  271  260  261  264  259  245  226  211  200  188  173  156  143  135  129  123
  116  108   99   88   77   73   82  109  152  204  253  293  324  353  390  436
  483  519  541  557  577  604  634  663  698
    10.0-180.0 180.0   5.0 450.0                            LAT/LON1/LON2/DLON/H
  651  676  722  788  854  901  920  920  914  907  890  852  793  721  647  578
  517  464  425  406  417  456  514  564  580  546  474  392  326  286  263  246
  236  235  243  251  247  231  213  199  190  180  165  150  139  132  128  121
  113  106   98   88   80   79   93  124  167  215  260  298  330  363  402  446
  489  521  540  553  569  592  617  636  651
     7.5-180.0 180.0   5.0 450.0                            LAT/LON1/LON2/DLON/H
  600  594  603  636  686  734  770  797  823  848  862  854  820  766  704  643
  586  539  508  499  515  550  589  606  580  506  405  310  249  225  221  220
  220  226  236  242  234  215  196  186  181  173  159  144  134  130  125  117
  109  102   95   88   82   84  103  137  179  222  261  297  331  367  407  448
  486  513  527  536  550  572  594  604  600
     5.0-180.0 180.0   5.0 450.0                            LAT/LON1/LON2/DLON/H
  562  529  502  500  525  565  609  654  702  753  794  813  806  777  734  687
  641  605  584  583  598  618  626  603  536  433  319  231  191  192  210  225
  232  238  243  240  224  201  182  175  174  169  156  142  133  129  123  115
  106  100   95   89   84   89  111  146  187  225  258  291  326  365  405  444
  476  497  508  514  526  549  573  580  562
     2.5-180.0 180.0   5.0 450.0                            LAT/LON1/LON2/DLON/H
  550  500  447  416  416  441  479  526  584  646  703  741  757  753  733  704
  674  650  641  645  653  650  620  557  461  346  242  179  169  199  238  263
  271  269  262  247  221  191  172  168  172  170  159  146  138  133  127  117
  109  104  101   94   89   94  117  153  191  223  251  281  317  358  398  433
  461  478  487  492  505  531  561  572  550
