ionex_files/turquie/COD0OPSFIN_20230290000_01D_01H_GIM.INX
     1.0            IONOSPHERE MAPS     GNSS                IONEX VERSION / TYPE
ADDNEQ2 V5.5        AIUB                02-FEB-23 21:30     PGM / RUN BY / DATE 
CODE'S GLOBAL IONOSPHERE MAPS FOR DAY 029, 2023             COMMENT             
Global ionosphere maps (GIM) are generated on a daily basis DESCRIPTION         
at CODE using data from about 300 GNSS sites of the IGS and DESCRIPTION         
other institutions. The vertical total electron content     DESCRIPTION         
(VTEC) is modeled in a solar-geomagnetic reference frame    DESCRIPTION         
using a spherical harmonics expansion up to degree and      DESCRIPTION         
order 15. Piece-wise linear functions are used for          DESCRIPTION         
representation in the time domain. The time spacing of      DESCRIPTION         
their vertices is 1 hour, conforming with the epochs of the DESCRIPTION         
VTEC maps.                                                  DESCRIPTION         
To convert line-of-sight TEC into vertical TEC, a modified  DESCRIPTION         
single-layer model mapping function approximating the JPL   DESCRIPTION         
extended slab model mapping function is adopted. The        DESCRIPTION         
mapping function is evaluated at geodetic satellite         DESCRIPTION         
elevation angles. For the computation of the ionospheric    DESCRIPTION         
pierce points, a spherical layer with a radius of 6821 km   DESCRIPTION         
is assumed, implying geocentric, not geodetic IONEX         DESCRIPTION         
latitudes.                                                  DESCRIPTION         
Instrumental biases with respect to each involved GNSS code DESCRIPTION         
observable are estimated as constant values for each        DESCRIPTION         
day. They are modeled with one set of bias parameters for   DESCRIPTION         
each satellite and each station in case of GPS and for each DESCRIPTION         
satellite-station link in case of GLONASS. The code bias    DESCRIPTION         
datum is defined by zero-mean conditions imposed on the     DESCRIPTION         
satellite bias estimates. In this file, just GPS C1W-C2W    DESCRIPTION         
satellite and station bias values are included. The         DESCRIPTION         
complete set of GNSS code bias results is provided in an    DESCRIPTION         
additional Bias-SINEX file as pseudo-absolute values        DESCRIPTION         
specific to each observable.                                DESCRIPTION         
Note: These GIM results correspond to the results for the   DESCRIPTION         
middle day of a 3-day combination analysis solving for 73   DESCRIPTION         
times 256, or 18688 VTEC parameters and 3 daily sets of     DESCRIPTION         
GNSS code bias parameters.                                  DESCRIPTION         
Contact address: code(at)aiub.unibe.ch                      DESCRIPTION         
Data archive:    ftp.aiub.unibe.ch/CODE/                    DESCRIPTION         
                 www.aiub.unibe.ch/download/CODE/           DESCRIPTION         
  2023     1    29     0     0     0                        EPOCH OF FIRST MAP  
  2023     1    30     0     0     0                        EPOCH OF LAST MAP   
  3600                                                      INTERVAL            
[...]
brst brux bshm cas1 ccj2 cedu chpg chpi chti chur ckis cnmr COMMENT             
coco cord cpvg cpxf crar cro1 daej darw dav1 dgar dhlg drao COMMENT             
dubo ebre faa1 fair flrs frdn ftna func ganp glps gode godz COMMENT             
gol2 gold gope gras graz guam guug harb hers hert hlfx hob2 COMMENT             
hofn holb hrao hyde iddr ieng iisc ineg invk iqal irkj isba COMMENT             
jog2 joz2 joze karr kerg kir0 kiri kiru kit3 kokb kokv koug COMMENT             
kour krgg laut lmmf lpal lpgs m0se mac1 madr mal2 mana mas1 COMMENT             
mat1 mate maw1 mcm4 mdo1 mdvj medi mets mgue mizu mkea mnls COMMENT             
mobs monp morp mqzg mro1 mtka nano nico nist nium nklg nlib COMMENT             
nnor not1 nrc1 nrmd ntus nya1 nyal ohi2 onsa opmt ous2 pado COMMENT             
parc park pdel penc pert pie1 pimo pohn pol2 polv pots pove COMMENT             
prds ptbb ptvl qaq1 quin ramo reun reyk rgdg rio2 riop roth COMMENT             
salu samo sant savo sch2 scor scrz sctb scub seyg sofi spt0 COMMENT             
ssia sthl stjo stk2 str2 suth sutm suwn sydn syog tabl tabv COMMENT             
tash thtg thti thu2 tid1 tidb tlse tn22 tnml tong tow2 tro1 COMMENT             
tsea tskb twtf txes uclu ufpr ulab unb3 unbj unsa urum usn7 COMMENT             
usud vald vill voim vtsp wab1 wab2 wark wes2 wgtn whit will COMMENT             
wind wsrt wtza wtzl wtzr wtzs wuhn xmis yar2 yar3 yarr yell COMMENT             
ykro zamb zeck zim2 zim3 zimm                               COMMENT             
                                                            END OF HEADER       
[from data line 4719]
    12                                                      START OF TEC MAP    
  2023     1    29    11     0     0                        EPOCH OF CURRENT MAP
    87.5-180.0 180.0   5.0 450.0                            LAT/LON1/LON2/DLON/H
   17   19   20   22   23   25   27   28   30   31   33   34   36   37   38   39
   40   40   41   41   42   42   42   41   41   41   40   39   39   38   37   35
   34   33   31   30   28   27   25   23   22   20   19   17   15   14   12   11
   10    9    8    7    6    6    6    5    5    5    5    6    6    6    7    8
    8    9   10   11   12   13   15   16   17
    85.0-180.0 180.0   5.0 450.0                            LAT/LON1/LON2/DLON/H
   19   21   23   25   28   31   34   37   40   43   45   48   51   53   55   57
   59   60   61   61   61   61   61   61   60   59   58   57   56   54   53   52
   50   48   46   44   42   39   37   34   31   28   25   22   19   17   14   12
   10    8    7    6    5    4    4    4    4    5    5    6    7    8    8    9
   10   11   12   13   14   15   16   17   19
    82.5-180.0 180.0   5.0 450.0                            LAT/LON1/LON2/DLON/H
   25   26   27   29   32   35   38   42   47   51   55   59   63   66   69   71
   73   74   74   74   74   73   73   72   71   69   68   68   67   66   66   65
   64   64   63   62   60   58   56   53   50   47   43   39   36   32   29   26
   24   22   20   20   20   20   21   22   23   25   26   27   28   29   29   29
   29   29   28   27   26   26   25   25   25
    80.0-180.0 180.0   5.0 450.0                            LAT/LON1/LON2/DLON/H
   35   33   32   33   34   37   40   45   49   55   60   64   69   73   76   78
   80   80   80   79   78   77   75   73   72   71   70   70   70   71   72   74
   76   78   80   81   82   82   82   81   78   75   72   68   64   60   57   54
   52   51   50   51   52   54   56   59   61   63   66   67   68   68   68   67
   64   61   58   54   50   45   41   38   35
    77.5-180.0 180.0   5.0 450.0                            LAT/LON1/LON2/DLON/H
   47   41   37   35   35   37   40   44   49   54   60   65   70   74   77   79
   80   80   79   78   75   73   70   68   66   65   65   66   68   71   75   80
   85   91   97  102  107  110  113  114  114  112  110  107  103   99   96   94
   93   92   93   95   98  101  105  108  112  115  117  118  119  118  116  113
  108  102   95   87   79   70   62   54   47
    75.0-180.0 180.0   5.0 450.0                            LAT/LON1/LON2/DLON/H
   59   50   43   38   36   36   38   42   47   52   58   63   68   71   74   76
   77   76   75   72   69   66   63   60   58   57   58   60   63   69   75   83
   92  102  112  122  131  138  145  149  152  152  152  150  147  144  142  140
  140  141  143  146  150  154  158  161  164  166  167  167  166  164  160  155
  149  141  131  120  108   95   82   70   59
    72.5-180.0 180.0   5.0 450.0                            LAT/LON1/LON2/DLON/H
   70   57   48   41   37   36   38   40   44   49   54   59   63   66   69   71
   71   70   69   66   63   60   56   54   52   51   53   56   61   68   76   87
   99  112  125  139  152  164  174  182  188  191  192  191  189  187  186  185
  186  188  191  194  198  201  204  205  206  205  203  200  197  193  188  182
  174  166  155  143  130  115   99   84   70
    70.0-180.0 180.0   5.0 450.0                            LAT/LON1/LON2/DLON/H
   76   63   52   44   40   38   39   41   44   47   51   54   57   60   63   64
   65   65   64   62   59   56   53   51   50   50   52   56   62   70   80   92
  105  120  136  152  168  183  197  208  217  223  225  226  225  224  223  223
  224  226  229  231  233  234  233  230  226  221  214  208  201  194  188  182
  176  169  161  151  138  124  108   91   76
    67.5-180.0 180.0   5.0 450.0                            LAT/LON1/LON2/DLON/H
   77   64   54   46   42   41   41   42   44   46   48   50   52   54   56   58
   59   60   60   59   57   55   54   52   52   52   55   59   66   75   86   98
  112  128  144  162  179  196  212  226  237  244  249  251  250  249  249  248
  249  250  252  252  250  247  241  232  222  211  199  187  176  168  161  156
  153  150  146  140  132  121  107   92   77
    65.0-180.0 180.0   5.0 450.0                            LAT/LON1/LON2/DLON/H
   73   62   53   47   44   44   44   45   46   46   46   46   47   48   50   52
   54   55   56   56   56   55   54   54   54   56   59   64   72   82   93  106
  120  135  151  168  185  203  219  234  247  256  261  264  264  262  261  260
  260  260  258  255  249  240  228  213  197  180  162  146  131  120  113  109
  110  112  115  116  113  107   97   85   73
    62.5-180.0 180.0   5.0 450.0                            LAT/LON1/LON2/DLON/H
   65   56   50   46   45   46   47   47   47   46   44   43   43   43   44   46
   48   51   52   53   54   54   54   54   55   57   62   68   77   88  101  114
  129  143  158  173  188  204  220  235  248  258  264  267  267  265  263  261
  259  256  251  244  233  219  202  183  161  140  118   98   80   67   58   56
   59   66   76   84   88   88   83   75   65
    60.0-180.0 180.0   5.0 450.0                            LAT/LON1/LON2/DLON/H
   56   50   46   45   46   47   49   49   47   45   43   40   39   39   39   41
   44   46   48   49   49   49   50   50   52   55   61   69   80   93  108  123
  138  152  165  178  190  204  218  232  245  255  262  265  265  263  260  256
  251  246  237  226  211  194  173  151  128  105   82   59   40   24   14   11
   15   26   40   54   65   70   69   64   56
    57.5-180.0 180.0   5.0 450.0                            LAT/LON1/LON2/DLON/H
   51   46   44   44   47   49   51   50   48   45   42   39   37   36   36   38
   40   42   43   44   44   43   42   43   46   50   57   67   80   96  114  132
  149  163  175  184  194  204  215  228  240  250  257  261  261  259  255  250
  244  235  224  209  192  173  152  131  109   87   65   44   23    5    0    0
    0    1   18   36   50   58   60   56   51
    55.0-180.0 180.0   5.0 450.0                            LAT/LON1/LON2/DLON/H
   51   47   46   47   50   53   54   53   50   46   43   40   37   36   36   37
   38   40   41   40   38   36   34   35   38   44   53   65   80   99  119  141
  160  175  186  194  200  206  215  225  237  247  254  259  260  259  255  249
  240  230  216  200  182  163  144  126  109   92   73   54   34   14    0    0
    0    0   13   31   47   56   59   56   51
    52.5-180.0 180.0   5.0 450.0                            LAT/LON1/LON2/DLON/H
   57   54   54   56   59   61   60   58   54   50   47   44   41   39   38   39
   40   42   42   40   36   31   28   29   33   41   52   66   83  103  126  149
  171  187  198  205  208  212  218  227  237  247  256  262  264  264  260  254
  245  232  217  200  183  166  151  138  126  114  101   85   66   46   27   13
    8   12   24   40   55   63   65   62   57
    50.0-180.0 180.0   5.0 450.0                            LAT/LON1/LON2/DLON/H
   69   66   67   70   72   73   71   67   62   59   55   52   49   46   45   45
   47   49   49   46   39   32   27   27   33   44   58   73   90  110  133  157
  180  198  210  216  219  221  225  232  241  251  261  268  273  274  272  265
  256  242  227  210  194  180  168  158  151  144  135  123  106   86   65   48
   38   37   44   56   68   75   77   73   69
    47.5-180.0 180.0   5.0 450.0                            LAT/LON1/LON2/DLON/H
   82   82   84   87   89   88   84   79   74   71   68   64   60   57   54   55
   58   61   61   57   48   38   31   32   40   54   70   87  102  120  140  163
  185  204  218  226  230  233  236  242  250  260  270  279  285  287  286  281
  271  257  241  225  209  196  186  179  173  167  161  151  137  119   99   80
   66   61   63   72   81   86   87   85   82
    45.0-180.0 180.0   5.0 450.0                            LAT/LON1/LON2/DLON/H
   93   95  100  104  106  104   99   93   88   85   82   79   74   69   67   67
   72   77   79   74   63   50   41   41   52   70   89  105  119  131  147  166
  187  206  222  233  241  246  250  255  262  271  281  290  297  301  301  297
  287  274  257  240  224  211  200  191  183  175  168  159  147  132  115   97
   83   75   74   79   86   91   93   93   93
    42.5-180.0 180.0   5.0 450.0                            LAT/LON1/LON2/DLON/H
   97  103  110  116  118  116  110  104  100   98   96   93   88   83   80   81
   87   95   98   93   80   64   53   54   68   89  111  127  136  142  151  165
  184  204  223  239  252  261  268  272  278  284  292  301  308  313  314  311
  303  290  272  253  236  220  206  193  179  166  155  144  134  123  111   97
   85   77   74   76   82   87   91   93   97
    40.0-180.0 180.0   5.0 450.0                            LAT/LON1/LON2/DLON/H
   93  101  111  118  122  120  115  110  108  108  108  105  100   95   92   95
  102  111  116  111   96   77   65   67   83  108  131  146  151  151  154  163
  180  201  224  246  266  280  289  293  296  300  305  312  318  323  326  325
  318  306  287  266  245  226  207  189  169  149  131  118  108  101   94   86
   78   70   67   67   71   76   81   86   93
    37.5-180.0 180.0   5.0 450.0                            LAT/LON1/LON2/DLON/H
   81   91  102  110  114  113  110  108  109  111  113  113  109  105  103  106
  115  124  129  124  108   88   75   78   96  123  147  160  161  157  156  163
  179  202  230  259  285  304  314  318  317  317  319  324  329  334  339  340
  337  325  306  282  258  235  213  191  166  140  117   98   87   82   80   77
   73   67   62   59   60   63   68   73   81
    35.0-180.0 180.0   5.0 450.0                            LAT/LON1/LON2/DLON/H
   67   75   84   92   96   97   96   97  101  107  112  115  114  112  112  115
  123  133  137  131  115   95   82   86  106  133  157  168  167  162  160  169
  187  213  245  280  311  334  345  345  341  337  337  340  345  351  357  362
  362  353  333  308  281  256  234  212  187  159  131  109   94   88   87   87
   84   78   70   63   59   57   58   61   67
    32.5-180.0 180.0   5.0 450.0                            LAT/LON1/LON2/DLON/H
   54   57   63   69   73   75   76   80   87   96  105  111  114  116  117  121
  128  135  138  132  116   98   87   92  112  139  160  170  170  168  172  186
  209  239  275  312  345  369  379  376  368  361  360  362  368  375  385  395
  399  393  375  348  320  297  279  262  243  218  190  164  144  134  130  128
  123  114  101   88   76   66   59   55   54
    30.0-180.0 180.0   5.0 450.0                            LAT/LON1/LON2/DLON/H
   51   46   46   48   51   53   56   62   71   83   94  103  110  116  120  124
  129  133  134  127  113   98   91   98  118  142  161  170  173  178  193  217
  248  282  318  355  387  408  414  407  396  389  388  393  401  412  426  441
  450  447  430  405  379  360  350  345  336  319  294  266  240  222  210  202
  191  176  157  135  113   93   75   61   51
    27.5-180.0 180.0   5.0 450.0                            LAT/LON1/LON2/DLON/H
   59   45   38   36   37   39   43   49   58   70   82   94  104  113  119  123
  126  127  125  118  107   97   95  105  124  145  161  170  180  197  226  263
  302  339  373  405  432  448  449  438  426  419  423  432  445  460  478  498
  511  512  498  474  452  440  441  450  456  451  432  403  370  341  318  299
  280  257  231  201  169  137  107   81   59
    25.0-180.0 180.0   5.0 450.0                            LAT/LON1/LON2/DLON/H
   81   58   44   38   37   38   41   45   52   62   73   85   97  108  115  120
  121  120  116  109  101   96  100  113  132  149  163  175  194  225  270  321
  367  404  432  456  475  485  481  467  455  453  462  478  496  516  537  560
  577  581  569  548  530  525  538  561  582  589  577  547  507  467  431  400
  371  342  310  274  234  192  151  112   81
    22.5-180.0 180.0   5.0 450.0                            LAT/LON1/LON2/DLON/H
  112   83   64   55   52   52   52   54   57   61   69   79   90  101  109  113
  114  112  108  101   96   97  106  123  141  156  169  185  214  261  322  384
  434  468  488  502  512  514  506  492  483  486  503  527  550  573  597  621
  639  644  633  614  600  602  622  655  687  704  696  666  620  570  523  482
  445  411  377  339  295  247  198  151  112
    20.0-180.0 180.0   5.0 450.0                            LAT/LON1/LON2/DLON/H
  147  115   95   84   80   78   75   73   70   69   71   77   85   93  100  105
  107  106  101   95   93   98  113  133  152  166  179  202  242  302  374  443
  494  522  532  536  537  535  526  514  509  519  543  573  601  625  649  672
  687  691  680  663  651  655  677  713  748  768  763  732  683  627  572  524
  483  449  416  381  339  291  239  189  147
    17.5-180.0 180.0   5.0 450.0                            LAT/LON1/LON2/DLON/H
  179  149  129  119  113  110  105   98   90   83   80   80   82   86   91   95
   99  101   98   93   92  100  119  142  162  177  193  222  272  342  421  491
  538  558  559  554  551  548  541  534  534  550  579  612  641  665  686  704
  716  715  704  687  675  676  694  723  754  770  762  730  680  623  567  518
  478  447  421  393  358  314  266  219  179
    15.0-180.0 180.0   5.0 450.0                            LAT/LON1/LON2/DLON/H
  203  178  161  151  145  140  133  123  111  100   92   86   83   81   81   85
   92   97   96   92   92  102  124  149  170  188  209  245  302  377  455  520
  559  571  565  556  553  553  553  552  558  577  607  640  667  688  704  717
  722  717  703  685  671  666  673  689  707  713  699  665  617  564  513  469
  434  409  392  374  349  315  275  236  203
    12.5-180.0 180.0   5.0 450.0                            LAT/LON1/LON2/DLON/H
  216  198  185  175  168  162  154  142  129  115  104   95   86   78   73   76
   85   94   96   94   93  104  127  155  178  199  225  268  328  402  473  529
  559  563  554  547  548  556  564  571  581  600  627  654  676  692  704  711
  709  699  682  664  646  633  626  626  626  618  595  559  514  470  428  393
  366  349  340  333  319  296  267  239  216
    10.0-180.0 180.0   5.0 450.0                            LAT/LON1/LON2/DLON/H
  219  208  197  188  179  171  163  152  139  126  114  103   91   78   69   70
   79   91   96   95   95  106  131  160  186  210  242  288  348  415  475  519
  539  540  533  531  541  559  577  591  603  618  637  656  671  681  689  691
  684  670  652  633  613  593  573  555  538  516  484  445  405  370  341  316
  298  287  284  284  278  265  248  232  219
     7.5-180.0 180.0   5.0 450.0                            LAT/LON1/LON2/DLON/H
  215  210  201  190  179  170  161  151  140  130  121  111   97   81   69   66
   75   88   94   94   96  109  135  166  194  222  257  304  361  417  464  495
  509  510  509  516  537  566  592  610  622  631  640  648  654  660  665  665
  657  640  622  604  585  561  533  503  473  440  400  359  322  296  278  263
  250  243  242  243  242  235  226  220  215
     5.0-180.0 180.0   5.0 450.0                            LAT/LON1/LON2/DLON/H
  211  209  201  188  174  162  153  145  137  129  123  116  104   88   73   67
   73   84   91   92   96  112  141  174  205  235  271  316  365  410  444  465
  476  482  489  507  537  575  608  629  637  638  636  633  632  635  640  641
  633  618  601  587  572  549  519  486  451  412  369  324  289  268  257  249
  239  231  226  224  221  215  211  210  211
     2.5-180.0 180.0   5.0 450.0                            LAT/LON1/LON2/DLON/H
  213  212  203  187  170  156  146  139  132  127  123  119  111   96   80   72
   74   81   86   88   95  116  148  185  217  247  282  322  363  397  421  437
  450  462  479  506  544  587  622  643  647  641  628  616  610  611  619  623
  619  606  594  585  577  561  537  509  478  441  396  350  312  291  282  276
  267  254  242  231  222  213  208  209  213
