ionex_files/turquie/COD0OPSFIN_20230230000_01D_01H_GIM.INX
     1.0            IONOSPHERE MAPS     GNSS                IONEX VERSION / TYPE
ADDNEQ2 V5.5        AIUB                27-JAN-23 21:15     PGM / RUN BY / DATE 
CODE'S GLOBAL IONOSPHERE MAPS FOR DAY 023, 2023             COMMENT             
Global ionosphere maps (GIM) are generated on a daily basis DESCRIPTION         
at CODE using data from about 300 GNSS sites of the IGS and DESCRIPTION         
other institutions. The vertical total electron content     DESCRIPTION         
(VTEC) is modeled in a solar-geomagnetic reference frame    DESCRIPTION         
using a spherical harmonics expansion up to degree and      DESCRIPTION         
order 15. Piece-wise linear functions are used for          DESCRIPTION         
representation in the time domain. The time spacing of      DESCRIPTION         
their vertices is 1 hour, conforming with the epochs of the DESCRIPTION         
VTEC maps.                                                  DESCRIPTION         
To convert line-of-sight TEC into vertical TEC, a modified  DESCRIPTION         
single-layer model mapping function approximating the JPL   DESCRIPTION         
extended slab model mapping function is adopted. The        DESCRIPTION         
mapping function is evaluated at geodetic satellite         DESCRIPTION         
elevation angles. For the computation of the ionospheric    DESCRIPTION         
pierce points, a spherical layer with a radius of 6821 km   DESCRIPTION         
is assumed, implying geocentric, not geodetic IONEX         DESCRIPTION         
latitudes.                                                  DESCRIPTION         
Instrumental biases with respect to each involved GNSS code DESCRIPTION         
observable are estimated as constant values for each        DESCRIPTION         
day. They are modeled with one set of bias parameters for   DESCRIPTION         
each satellite and each station in case of GPS and for each DESCRIPTION         
satellite-station link in case of GLONASS. The code bias    DESCRIPTION         
datum is defined by zero-mean conditions imposed on the     DESCRIPTION         
satellite bias estimates. In this file, just GPS C1W-C2W    DESCRIPTION         
satellite and station bias values are included. The         DESCRIPTION         
complete set of GNSS code bias results is provided in an    DESCRIPTION         
additional Bias-SINEX file as pseudo-absolute values        DESCRIPTION         
specific to each observable.                                DESCRIPTION         
Note: These GIM results correspond to the results for the   DESCRIPTION         
middle day of a 3-day combination analysis solving for 73   DESCRIPTION         
times 256, or 18688 VTEC parameters and 3 daily sets of     DESCRIPTION         
GNSS code bias parameters.                                  DESCRIPTION         
Contact address: code(at)aiub.unibe.ch                      DESCRIPTION         
Data archive:    ftp.aiub.unibe.ch/CODE/                    DESCRIPTION         
                 www.aiub.unibe.ch/download/CODE/           DESCRIPTION         
  2023     1    23     0     0     0                        EPOCH OF FIRST MAP  
  2023     1    24     0     0     0                        EPOCH OF LAST MAP   
  3600                                                      INTERVAL            
[...]
azgb badg bake bako barh bjfs bndy boav bogo bogt bor1 braz COMMENT             
brst brux bshm cas1 ccj2 cedu chpg chpi chti chur ckis cnmr COMMENT             
coco cord cpxf crar cro1 daej darw dav1 dgar dhlg drao dubo COMMENT             
ebre faa1 fair flrs frdn ftna func ganp glps gode godz gol2 COMMENT             
gold gope gras graz guam harb hers hert hlfx hob2 hofn holb COMMENT             
hrao hyde iddr ieng iisc ineg invk iqal irkj isba jog2 joz2 COMMENT             
joze karr kerg kir0 kiru kit3 kokb kokv koug kour krgg laut COMMENT             
lmmf lpal lpgs m0se mac1 madr mal2 mana mas1 mat1 mate maw1 COMMENT             
mcm4 mdo1 mdvj medi mets mgue mizu mkea mnls mobs monp morp COMMENT             
mqzg mro1 mtka nano nico nist nium nklg nlib nnor not1 nrc1 COMMENT             
nrmd ntus nya1 nyal ohi2 onsa opmt ous2 pado parc park pdel COMMENT             
penc pert pie1 pimo pohn pol2 polv pots pove prds ptbb ptvl COMMENT             
qaq1 quin ramo reun reyk rgdg rio2 riop salu samo sant savo COMMENT             
sch2 scor scrz sctb scub seyg sofi spt0 ssia sthl stk2 str2 COMMENT             
suth sutm sydn syog tabl tabv tash thtg thti thu2 tid1 tidb COMMENT             
tlse tn22 tong tow2 tro1 tsea tskb tuva twtf txes uclu ufpr COMMENT             
ulab unb3 unbj unsa urum usn7 usud vald vill voim vtsp wab1 COMMENT             
wab2 wark wes2 wgtn whit will wind wsrt wtza wtzl wtzr wtzs COMMENT             
wuhn xmis yar2 yar3 yarr yell ykro zamb zeck zim2 zim3 zimm COMMENT             
                                                            END OF HEADER       
[from data line 7722]
    19                                                      START OF TEC MAP    
  2023     1    23    18     0     0                        EPOCH OF CURRENT MAP
    87.5-180.0 180.0   5.0 450.0                            LAT/LON1/LON2/DLON/H
  167  169  171  172  174  175  176  178  179  180  181  181  182  182  182  182
  182  182  181  181  180  179  178  177  176  175  173  172  170  169  167  166
  164  162  161  159  158  156  155  153  152  150  149  148  147  146  145  145
  144  144  144  143  144  144  144  145  145  146  147  148  149  150  152  153
  154  156  157  159  161  162  164  166  167
    85.0-180.0 180.0   5.0 450.0                            LAT/LON1/LON2/DLON/H
  159  162  165  168  171  173  176  179  181  183  185  186  187  188  188  188
  188  187  186  185  183  181  179  177  175  172  170  167  165  162  160  157
  155  152  150  147  145  142  140  138  135  133  131  129  127  125  124  123
  122  121  120  120  120  120  121  122  123  124  126  128  130  132  134  137
  139  141  144  146  149  151  154  157  159
    82.5-180.0 180.0   5.0 450.0                            LAT/LON1/LON2/DLON/H
  143  146  150  153  157  161  165  169  173  176  179  181  182  183  184  183
  183  181  180  177  175  172  170  167  164  160  157  154  151  148  146  143
  140  138  136  134  131  129  127  125  122  120  117  115  112  110  108  106
  104  103  102  101  101  101  102  103  105  107  109  112  115  117  120  123
  125  128  130  132  134  136  138  141  143
    80.0-180.0 180.0   5.0 450.0                            LAT/LON1/LON2/DLON/H
  123  125  128  132  136  141  146  152  157  161  165  168  169  170  170  170
  169  167  165  162  160  157  154  151  147  143  140  136  133  130  128  126
  124  123  122  121  120  119  118  117  115  113  111  109  107  104  102   99
   97   95   93   92   91   91   92   93   94   97  100  103  106  109  112  115
  117  119  120  121  121  121  122  122  123
    77.5-180.0 180.0   5.0 450.0                            LAT/LON1/LON2/DLON/H
  105  105  106  109  113  119  125  132  138  144  148  151  153  153  153  152
  151  149  148  147  145  143  140  137  133  129  125  120  116  113  110  109
  108  108  109  110  111  112  113  114  114  114  113  112  110  108  106  103
  101   98   96   93   92   91   90   91   92   94   97  101  105  108  112  115
  116  117  117  116  113  111  108  106  105
    75.0-180.0 180.0   5.0 450.0                            LAT/LON1/LON2/DLON/H
   92   89   89   90   94  100  107  115  122  128  133  136  137  137  136  135
  135  136  137  138  139  140  138  136  131  125  118  112  105  100   96   94
   94   95   97  101  104  108  112  115  117  119  120  120  119  118  117  115
  112  110  107  104  101   98   96   95   95   97   99  103  107  112  116  119
  121  122  121  118  113  108  102   97   92
    72.5-180.0 180.0   5.0 450.0                            LAT/LON1/LON2/DLON/H
   89   83   80   81   84   89   97  105  113  120  124  126  126  125  125  126
  128  133  139  146  152  156  156  154  147  138  127  115  104   94   88   83
   82   84   87   92   98  104  110  115  120  123  126  128  129  129  129  128
  127  124  121  117  113  109  105  102  100  100  102  105  109  114  119  124
  127  128  128  124  119  112  104   96   89
    70.0-180.0 180.0   5.0 450.0                            LAT/LON1/LON2/DLON/H
   94   87   82   80   82   87   95  104  112  118  122  124  123  122  122  126
  133  144  158  173  185  194  197  194  184  169  151  132  114   99   87   79
   75   75   79   84   91   98  105  112  117  122  126  130  132  135  136  137
  136  135  132  128  122  117  111  106  103  101  101  103  107  112  118  123
  128  132  133  131  127  121  112  103   94
    67.5-180.0 180.0   5.0 450.0                            LAT/LON1/LON2/DLON/H
  105   97   90   87   88   92   99  109  117  124  128  129  128  127  130  138
  151  171  195  219  240  254  258  253  239  216  190  162  136  113   95   82
   75   72   73   77   83   90   97  103  109  114  119  122  126  129  132  134
  135  135  133  129  124  118  111  105  100   96   94   95   97  102  107  114
  121  127  131  133  132  128  122  114  105
    65.0-180.0 180.0   5.0 450.0                            LAT/LON1/LON2/DLON/H
  115  107  101   96   96  100  107  117  127  135  140  141  141  141  147  160
  181  211  245  278  307  325  331  323  303  273  238  202  168  138  114   96
   84   77   74   75   77   81   86   91   95   99  103  106  109  112  115  118
  121  122  121  119  115  109  103   97   91   86   83   81   82   84   89   96
  103  112  119  125  129  129  127  122  115
    62.5-180.0 180.0   5.0 450.0                            LAT/LON1/LON2/DLON/H
  119  113  107  103  102  106  114  126  138  149  155  158  159  162  171  189
  219  257  300  342  376  398  403  392  366  331  290  248  208  173  145  122
  104   92   83   78   76   76   77   78   80   81   83   84   85   87   90   93
   96   98   99   98   95   92   87   83   78   74   70   66   64   63   66   71
   78   88   98  107  115  121  123  122  119
    60.0-180.0 180.0   5.0 450.0                            LAT/LON1/LON2/DLON/H
  113  110  106  102  102  107  118  133  149  163  173  179  182  188  200  223
  258  303  352  399  436  457  462  448  420  381  338  295  254  217  186  159
  136  117  102   91   82   76   72   70   68   66   64   62   61   61   62   64
   67   69   71   71   71   70   68   67   65   63   59   54   49   45   43   45
   51   60   71   83   94  103  110  113  113
    57.5-180.0 180.0   5.0 450.0                            LAT/LON1/LON2/DLON/H
   98   98   95   94   96  104  119  138  159  179  194  203  209  217  232  258
  296  343  393  439  475  495  497  483  456  420  380  340  302  267  234  204
  176  152  130  112   97   85   76   68   63   57   53   48   44   41   39   39
   41   43   45   46   47   48   51   54   56   57   55   49   41   33   27   25
   28   35   45   57   69   80   89   95   98
    55.0-180.0 180.0   5.0 450.0                            LAT/LON1/LON2/DLON/H
   77   78   79   81   86   99  119  144  172  197  217  230  238  248  264  291
  328  373  419  460  490  507  508  495  473  444  413  381  349  317  284  251
  219  189  162  138  118  101   88   76   67   59   52   45   38   32   28   26
   26   27   28   29   31   34   40   47   54   59   59   54   44   32   22   16
   15   20   27   37   48   58   66   73   77
    52.5-180.0 180.0   5.0 450.0                            LAT/LON1/LON2/DLON/H
   56   58   61   66   77   96  122  155  189  220  244  259  270  280  296  321
  355  393  430  462  484  495  496  488  474  456  436  413  389  360  328  292
  257  223  192  166  143  123  106   92   81   71   62   53   44   37   31   27
   25   25   25   25   26   30   38   48   60   68   72   67   57   43   29   20
   16   17   22   28   35   42   48   53   56
    50.0-180.0 180.0   5.0 450.0                            LAT/LON1/LON2/DLON/H
   41   43   47   57   73   99  132  172  212  247  275  292  303  314  328  350
  377  407  432  452  464  470  471  469  465  458  449  436  417  390  357  319
  280  245  215  189  167  147  128  113  100   89   79   69   60   51   44   40
   38   36   35   34   34   38   46   58   72   84   90   87   76   61   46   35
   29   28   29   32   35   38   40   40   41
    47.5-180.0 180.0   5.0 450.0                            LAT/LON1/LON2/DLON/H
   37   37   42   56   78  111  151  196  241  280  309  328  339  348  361  379
  400  419  432  439  441  443  445  448  453  456  454  446  429  402  366  325
  286  252  225  204  186  168  150  134  120  108   98   88   78   70   63   60
   57   56   54   52   51   53   60   72   87  101  109  108   98   83   68   56
   49   47   47   47   47   45   43   39   37
    45.0-180.0 180.0   5.0 450.0                            LAT/LON1/LON2/DLON/H
   43   41   48   65   93  131  176  225  274  315  345  364  375  384  395  409
  424  435  437  433  427  424  427  434  443  450  451  444  425  395  355  312
  274  244  225  212  200  186  169  152  137  124  113  103   93   86   81   78
   77   77   75   73   71   71   76   86  101  115  125  125  116  102   88   76
   70   67   67   66   64   61   55   49   43
    42.5-180.0 180.0   5.0 450.0                            LAT/LON1/LON2/DLON/H
   57   54   62   82  114  156  205  256  306  349  381  400  411  419  429  441
  452  456  451  440  428  422  423  431  439  444  441  430  407  373  331  288
  252  229  218  214  210  200  184  166  149  135  123  112  102   95   91   91
   91   92   91   89   86   85   88   97  110  124  133  134  127  115  102   92
   86   83   83   82   82   79   73   64   57
    40.0-180.0 180.0   5.0 450.0                            LAT/LON1/LON2/DLON/H
   72   70   80  102  137  181  231  284  334  378  412  433  445  453  462  474
  482  483  474  459  443  435  434  437  439  436  426  409  382  347  306  265
  233  217  214  219  220  213  197  178  159  142  128  115  104   97   95   95
   97   98   97   96   93   92   94  101  111  124  133  136  131  120  109   99
   93   90   89   90   92   91   87   80   72
    37.5-180.0 180.0   5.0 450.0                            LAT/LON1/LON2/DLON/H
   84   84   96  122  159  203  252  303  354  400  436  461  475  484  493  503
  511  511  501  485  469  458  452  448  440  427  409  388  363  332  295  259
  232  221  224  233  237  229  212  190  168  149  132  117  105   98   96   96
   97   97   95   93   92   91   92   98  107  118  127  130  127  120  110  100
   93   88   86   87   91   94   94   90   84
    35.0-180.0 180.0   5.0 450.0                            LAT/LON1/LON2/DLON/H
   88   92  108  136  175  218  264  313  364  413  453  482  499  509  517  526
  533  533  525  510  494  481  470  458  441  419  398  378  361  339  313  284
  261  252  255  262  264  254  232  207  182  161  142  126  113  105  102  101
   99   95   90   86   85   84   86   91   98  108  117  122  122  117  109   99
   89   81   76   76   81   87   91   90   88
    32.5-180.0 180.0   5.0 450.0                            LAT/LON1/LON2/DLON/H
   83   92  113  145  185  226  269  315  366  418  464  498  518  528  535  541
  545  545  538  525  510  495  480  462  439  416  397  388  385  381  367  346
  325  312  309  310  304  288  261  232  206  184  166  149  136  128  123  118
  111  100   90   83   79   79   81   85   92  101  110  117  119  117  111  100
   87   74   64   61   65   72   78   80   83
    30.0-180.0 180.0   5.0 450.0                            LAT/LON1/LON2/DLON/H
   71   86  113  150  191  231  270  314  364  418  469  508  531  542  545  546
  546  544  537  526  511  496  479  460  439  422  416  424  442  456  457  443
  420  399  384  373  357  331  299  267  241  221  205  190  178  170  163  154
  139  121  103   91   84   82   82   85   91  100  109  118  124  124  119  108
   92   75   60   52   52   57   62   65   71
    27.5-180.0 180.0   5.0 450.0                            LAT/LON1/LON2/DLON/H
   59   79  112  155  198  237  273  314  364  420  474  516  542  552  551  546
  540  534  526  514  499  484  470  456  445  443  457  487  526  558  571  560
  532  500  470  444  416  382  345  311  286  270  258  248  239  231  222  208
  186  160  134  115  104   98   96   97  101  108  118  129  137  140  136  125
  107   86   67   53   47   47   48   51   59
    25.0-180.0 180.0   5.0 450.0                            LAT/LON1/LON2/DLON/H
   51   75  115  163  209  248  284  323  371  427  482  526  553  562  558  547
  535  523  511  497  482  468  460  457  464  483  519  570  626  670  689  678
  643  598  554  514  476  435  394  359  336  326  321  317  311  304  293  274
  246  213  182  157  141  130  123  120  122  128  137  148  158  163  160  149
  131  108   86   68   56   49   44   43   51
    22.5-180.0 180.0   5.0 450.0                            LAT/LON1/LON2/DLON/H
   53   80  125  178  227  268  304  343  390  444  496  540  568  578  573  558
  540  524  507  489  472  461  460  473  500  542  598  662  726  772  790  775
  732  677  623  575  530  485  442  407  387  382  384  386  383  376  362  340
  309  273  240  212  191  175  162  155  153  157  165  174  184  189  187  176
  159  137  116   96   79   64   52   46   53
    20.0-180.0 180.0   5.0 450.0                            LAT/LON1/LON2/DLON/H
   66   94  142  199  252  296  334  375  421  471  521  563  592  605  601  586
  566  546  525  504  485  475  482  509  555  615  682  749  807  845  855  834
  787  728  670  619  574  528  484  449  430  429  437  443  442  432  416  392
  362  328  297  270  247  226  208  196  190  191  196  203  211  214  211  201
  185  167  149  130  111   91   72   61   66
    17.5-180.0 180.0   5.0 450.0                            LAT/LON1/LON2/DLON/H
   88  115  164  223  280  328  372  415  462  509  554  594  626  644  646  635
  617  597  575  551  529  519  531  568  625  692  758  815  856  877  875  849
  802  746  692  646  605  562  517  481  462  463  473  480  477  464  445  421
  394  367  343  321  299  276  254  237  228  224  226  229  233  234  228  217
  204  191  178  164  145  123  100   85   88
    15.0-180.0 180.0   5.0 450.0                            LAT/LON1/LON2/DLON/H
  114  140  189  248  307  361  410  460  509  554  595  634  669  695  706  703
  692  675  655  630  606  594  606  644  701  763  815  850  866  866  853  825
  785  740  696  660  625  586  541  501  480  479  488  492  484  466  444  421
  401  384  370  356  338  315  292  272  260  253  250  249  248  245  236  223
  212  204  198  190  175  153  129  113  114
    12.5-180.0 180.0   5.0 450.0                            LAT/LON1/LON2/DLON/H
  140  164  210  268  329  387  445  502  555  600  640  678  718  751  773  781
  779  772  757  734  709  693  699  729  774  817  845  852  842  822  801  778
  751  720  691  666  638  601  554  510  484  479  483  481  466  442  418  399
  387  381  377  372  360  340  317  297  283  273  266  260  254  246  234  219
  209  205  205  204  195  177  155  139  140
    10.0-180.0 180.0   5.0 450.0                            LAT/LON1/LON2/DLON/H
  161  184  226  282  342  405  470  535  594  642  682  721  764  805  836  855
  865  868  863  846  822  801  796  809  831  848  848  827  794  763  741  729
  718  704  688  671  647  610  559  509  477  466  464  455  433  404  380  366
  362  365  370  372  365  350  329  310  295  283  271  261  252  240  225  210
  199  198  202  206  202  190  173  160  161
     7.5-180.0 180.0   5.0 450.0                            LAT/LON1/LON2/DLON/H
  176  197  236  287  346  412  483  556  622  673  715  756  800  845  882  910
  931  946  953  945  924  899  881  872  866  854  827  786  741  709  695  697
  703  702  694  679  655  613  557  502  464  448  440  424  396  366  345  338
  340  348  357  362  358  346  330  313  298  283  268  254  243  230  215  199
  188  187  193  200  201  194  182  174  176
     5.0-180.0 180.0   5.0 450.0                            LAT/LON1/LON2/DLON/H
  186  205  240  287  343  409  485  564  635  692  735  776  820  864  901  933
  961  988 1007 1011  997  971  941  911  878  840  794  744  701  678  679  696
  713  719  712  693  661  612  550  490  450  430  418  397  368  340  327  327
  335  343  348  350  346  337  323  309  293  276  259  243  231  220  207  192
  182  179  184  191  194  191  185  181  186
     2.5-180.0 180.0   5.0 450.0                            LAT/LON1/LON2/DLON/H
  192  211  243  285  337  401  478  560  635  695  740  779  818  856  889  918
  950  985 1015 1032 1028 1006  970  924  871  815  761  715  686  680  697  726
  749  753  737  707  663  605  539  478  437  417  404  383  356  336  333  342
  352  355  351  344  336  326  315  302  286  267  247  231  221  214  205  193
  183  179  181  185  188  187  185  185  192
