ionex_files/turquie/COD0OPSFIN_20230400000_01D_01H_GIM.INX
     1.0            IONOSPHERE MAPS     GNSS                IONEX VERSION / TYPE
ADDNEQ2 V5.5        AIUB                13-FEB-23 21:37     PGM / RUN BY / DATE 
CODE'S GLOBAL IONOSPHERE MAPS FOR DAY 040, 2023             COMMENT             
Global ionosphere maps (GIM) are generated on a daily basis DESCRIPTION         
at CODE using data from about 300 GNSS sites of the IGS and DESCRIPTION         
other institutions. The vertical total electron content     DESCRIPTION         
(VTEC) is modeled in a solar-geomagnetic reference frame    DESCRIPTION         
using a spherical harmonics expansion up to degree and      DESCRIPTION         
order 15. Piece-wise linear functions are used for          DESCRIPTION         
representation in the time domain. The time spacing of      DESCRIPTION         
their vertices is 1 hour, conforming with the epochs of the DESCRIPTION         
VTEC maps.                                                  DESCRIPTION         
To convert line-of-sight TEC into vertical TEC, a modified  DESCRIPTION         
single-layer model mapping function approximating the JPL   DESCRIPTION         
extended slab model mapping function is adopted. The        DESCRIPTION         
mapping function is evaluated at geodetic satellite         DESCRIPTION         
elevation angles. For the computation of the ionospheric    DESCRIPTION         
pierce points, a spherical layer with a radius of 6821 km   DESCRIPTION         
is assumed, implying geocentric, not geodetic IONEX         DESCRIPTION         
latitudes.                                                  DESCRIPTION         
Instrumental biases with respect to each involved GNSS code DESCRIPTION         
observable are estimated as constant values for each        DESCRIPTION         
day. They are modeled with one set of bias parameters for   DESCRIPTION         
each satellite and each station in case of GPS and for each DESCRIPTION         
satellite-station link in case of GLONASS. The code bias    DESCRIPTION         
datum is defined by zero-mean conditions imposed on the     DESCRIPTION         
satellite bias estimates. In this file, just GPS C1W-C2W    DESCRIPTION         
satellite and station bias values are included. The         DESCRIPTION         
complete set of GNSS code bias results is provided in an    DESCRIPTION         
additional Bias-SINEX file as pseudo-absolute values        DESCRIPTION         
specific to each observable.                                DESCRIPTION         
Note: These GIM results correspond to the results for the   DESCRIPTION         
middle day of a 3-day combination analysis solving for 73   DESCRIPTION         
times 256, or 18688 VTEC parameters and 3 daily sets of     DESCRIPTION         
GNSS code bias parameters.                                  DESCRIPTION         
Contact address: code(at)aiub.unibe.ch                      DESCRIPTION         
Data archive:    ftp.aiub.unibe.ch/CODE/                    DESCRIPTION         
                 www.aiub.unibe.ch/download/CODE/           DESCRIPTION         
  2023     2     9     0     0     0                        EPOCH OF FIRST MAP  
  2023     2    10     0     0     0                        EPOCH OF LAST MAP   
  3600                                                      INTERVAL            
[...]
badg bake bako barh bjfs bndy boav bogo bogt bor1 braz brft COMMENT             
brst brux bshm cags cas1 cedu chpg chpi chti chur ckis coco COMMENT             
cord cpvg cpxf crar cro1 daej darw dav1 dhlg drao dubo ebre COMMENT             
faa1 fair flrs frdn ftna func ganp glps glsv gode godz gol2 COMMENT             
gold gope gras graz guam guug harb hers hert hlfx hob2 hofn COMMENT             
holb hrao hyde iddr ieng iisc ineg invk iqal irkj isba jog2 COMMENT             
joz2 joze karr kir0 kiri kiru kit3 kokb kokv koug kour krgg COMMENT             
laut lmmf lpal lpgs m0se madr mal2 mana mas1 mat1 mate mcm4 COMMENT             
mdo1 mdvj medi mets mgue mizu mkea mnls mobs monp morp mqzg COMMENT             
mro1 mtka nano nico nist nklg nlib nnor not1 nrc1 nrmd ntus COMMENT             
nya1 nyal ohi2 onsa opmt ous2 pado pdel penc pert pie1 pimo COMMENT             
pol2 polv pots pove prds ptag ptbb qaq1 quin ramo reun reyk COMMENT             
rgdg rio2 riop salu samo sant savo sch2 scor scrz sctb scub COMMENT             
seyg smst sofi spt0 ssia sthl stjo str2 suth sutm suwn sydn COMMENT             
tabl tabv tash thtg thti thu2 tid1 tidb tlse tn22 tong tow2 COMMENT             
tro1 tsea tskb twtf txes uclu ufpr ulab unb3 unbj unsa urum COMMENT             
usn7 usud vald vill voim vtsp wab1 wab2 wark wes2 wgtn whit COMMENT             
will wsrt wtza wtzl wtzr wtzs wtzz wuhn xmis yar2 yarr yell COMMENT             
ykro zamb zeck zim2 zim3 zimm                               COMMENT             
                                                            END OF HEADER       
[from data line 9438]
    23                                                      START OF TEC MAP    
  2023     2     9    22     0     0                        EPOCH OF CURRENT MAP
    87.5-180.0 180.0   5.0 450.0                            LAT/LON1/LON2/DLON/H
  160  167  175  183  192  200  209  218  226  235  243  251  259  266  273  279
  285  290  295  298  302  304  306  307  308  308  307  305  303  301  298  294
  290  285  279  274  267  260  253  246  238  230  221  213  205  196  188  180
  172  164  157  150  143  138  132  128  124  121  118  117  116  115  116  117
  119  122  125  130  134  140  146  152  160
    85.0-180.0 180.0   5.0 450.0                            LAT/LON1/LON2/DLON/H
  106  119  134  149  165  182  199  216  233  250  266  282  296  310  322  332
  342  350  357  362  366  369  371  373  373  372  371  369  366  362  358  352
  346  339  331  321  311  300  288  275  261  246  231  215  199  183  166  150
  135  120  106   93   80   69   59   51   44   38   33   30   29   29   30   32
   36   40   46   53   62   71   82   93  106
    82.5-180.0 180.0   5.0 450.0                            LAT/LON1/LON2/DLON/H
   63   79   97  116  138  161  185  209  234  258  282  304  324  341  356  369
  379  386  392  396  398  400  400  400  400  399  398  396  394  392  388  384
  379  373  366  357  346  334  319  303  286  267  246  224  202  179  156  134
  112   91   71   53   36   21    8    0    0    0    0    0    0    0    0    0
    0    0    0    4   14   24   35   48   63
    80.0-180.0 180.0   5.0 450.0                            LAT/LON1/LON2/DLON/H
   40   53   70   90  112  139  167  198  230  261  291  318  342  361  376  387
  393  396  397  395  393  391  389  387  386  386  386  387  388  389  390  390
  389  387  383  378  370  360  347  331  312  291  268  242  215  188  160  132
  106   81   57   36   16    0    0    0    0    0    0    0    0    0    0    0
    0    0    0    0    2   10   19   28   40
    77.5-180.0 180.0   5.0 450.0                            LAT/LON1/LON2/DLON/H
   43   49   59   73   94  120  151  186  223  261  297  328  353  372  383  388
  386  380  372  363  354  347  343  340  340  343  346  351  356  362  367  372
  377  380  383  383  381  376  367  354  337  316  292  265  236  205  175  145
  116   89   65   42   23    6    0    0    0    0    0    0    0    0    0    0
    2   11   19   26   31   34   37   39   43
    75.0-180.0 180.0   5.0 450.0                            LAT/LON1/LON2/DLON/H
   73   68   67   72   85  108  139  177  219  263  304  338  364  379  383  377
  364  346  326  307  291  280  275  274  277  284  292  301  310  319  328  337
  346  355  363  370  375  377  374  366  354  335  313  286  257  227  196  166
  138  112   89   68   50   34   22   12    6    2    3    6   13   23   34   48
   61   73   83   90   93   92   87   80   73
    72.5-180.0 180.0   5.0 450.0                            LAT/LON1/LON2/DLON/H
  124  106   93   86   91  107  136  176  222  271  317  354  378  387  382  363
  335  302  269  240  219  206  201  204  213  225  238  250  262  272  282  291
  302  313  326  338  350  359  364  363  355  342  322  298  271  243  215  188
  163  141  121  103   88   75   64   55   50   48   49   54   63   76   92  110
  129  146  160  169  172  168  158  142  124
    70.0-180.0 180.0   5.0 450.0                            LAT/LON1/LON2/DLON/H
  185  158  133  115  110  119  145  185  235  288  338  377  399  402  385  352
  308  260  215  178  152  139  137  145  160  177  194  208  219  227  233  240
  247  258  272  288  305  321  332  338  337  329  314  294  271  248  224  202
  183  165  150  137  125  114  105   97   92   90   91   96  106  120  139  161
  184  207  226  240  246  243  231  211  185
    67.5-180.0 180.0   5.0 450.0                            LAT/LON1/LON2/DLON/H
  243  212  181  156  142  145  167  206  257  315  368  409  429  425  398  351
  293  232  177  133  104   92   93  105  124  145  163  177  186  189  189  188
  190  197  208  225  245  265  282  294  299  296  286  271  253  235  218  202
  189  177  167  158  150  141  133  126  121  118  117  121  130  143  162  186
  212  239  264  283  295  297  289  270  243
    65.0-180.0 180.0   5.0 450.0                            LAT/LON1/LON2/DLON/H
  286  259  230  203  186  184  202  238  290  348  404  446  465  456  421  365
  297  227  164  116   85   72   73   86  105  126  144  157  162  160  153  144
  138  138  145  159  179  200  220  236  244  245  240  230  218  206  194  185
  178  173  167  162  155  149  142  136  131  127  125  127  132  143  159  181
  207  235  263  288  306  316  316  306  286
    62.5-180.0 180.0   5.0 450.0                            LAT/LON1/LON2/DLON/H
  309  295  275  254  238  235  248  281  329  387  443  485  503  493  454  394
  322  248  183  132   97   80   76   84   98  115  131  142  145  140  128  113
  100   92   93  102  118  138  157  172  182  186  184  178  171  164  158  155
  153  151  149  146  142  136  131  126  122  119  117  115  117  122  133  150
  173  199  228  255  280  299  311  314  309
    60.0-180.0 180.0   5.0 450.0                            LAT/LON1/LON2/DLON/H
  313  318  315  306  296  293  304  331  374  427  480  521  539  530  494  436
  366  295  230  178  139  112   97   93   96  106  118  129  134  131  119  101
   83   68   62   64   74   88  103  116  125  129  129  126  122  119  117  117
  118  119  118  116  113  109  106  104  103  101   99   96   93   93   97  107
  123  145  171  199  227  254  279  300  313
    57.5-180.0 180.0   5.0 450.0                            LAT/LON1/LON2/DLON/H
  308  334  351  357  357  357  365  385  420  465  513  551  570  565  535  485
  424  360  300  247  201  162  130  107   96   96  106  119  130  132  125  108
   88   69   56   51   53   60   68   76   81   84   84   83   81   79   79   80
   82   84   84   82   80   78   77   78   81   83   82   78   71   65   62   65
   75   92  113  138  168  201  237  274  308
    55.0-180.0 180.0   5.0 450.0                            LAT/LON1/LON2/DLON/H
  304  349  383  404  415  419  426  440  466  501  540  573  593  593  572  535
  487  434  381  328  274  220  168  125   98   89   96  114  133  144  143  130
  110   89   72   61   56   55   56   57   58   58   58   57   55   54   53   53
   54   55   56   55   53   52   54   60   67   72   73   68   58   47   39   38
   43   55   73   96  124  160  204  254  304
    52.5-180.0 180.0   5.0 450.0                            LAT/LON1/LON2/DLON/H
  311  366  412  445  464  475  482  492  508  533  562  589  608  613  603  579
  545  505  459  407  346  278  209  149  106   89   96  118  143  162  167  158
  140  119  100   85   75   68   63   58   54   52   52   51   49   46   43   41
   41   41   42   42   41   42   46   55   65   74   76   70   58   44   33   30
   35   47   63   84  112  149  196  251  311
    50.0-180.0 180.0   5.0 450.0                            LAT/LON1/LON2/DLON/H
  333  389  438  475  500  516  526  535  546  561  580  600  616  625  623  612
  591  562  524  474  410  333  253  180  128  105  110  132  160  180  187  179
  162  143  125  111  100   90   81   72   66   63   62   61   59   54   49   45
   44   45   46   47   48   50   56   66   78   87   89   82   68   53   43   41
   50   66   85  108  136  172  218  274  333
    47.5-180.0 180.0   5.0 450.0                            LAT/LON1/LON2/DLON/H
  368  415  456  489  516  537  554  566  577  586  597  609  621  631  635  632
  621  600  568  521  458  381  298  222  167  140  140  158  179  193  194  184
  167  150  137  127  119  110  101   91   84   81   81   82   80   74   67   62
   61   63   66   69   70   73   79   89  100  108  108   99   84   69   61   65
   81  104  131  159  189  225  269  318  368
    45.0-180.0 180.0   5.0 450.0                            LAT/LON1/LON2/DLON/H
  410  439  463  486  511  538  564  586  601  609  615  620  626  634  640  641
  634  617  589  548  491  421  345  274  221  192  184  189  195  194  184  168
  151  138  132  129  128  124  116  107  100   98  100  103  103   98   91   86
   86   90   96  100  102  104  109  116  124  129  126  115   99   86   83   94
  118  150  186  221  256  294  335  375  410
    42.5-180.0 180.0   5.0 450.0                            LAT/LON1/LON2/DLON/H
  449  456  460  469  491  523  561  595  619  631  634  634  634  637  641  641
  634  618  592  557  511  455  393  333  285  252  233  220  206  185  161  138
  122  115  117  123  129  130  125  117  111  109  113  119  121  119  114  110
  112  118  126  131  133  133  135  139  144  145  139  126  111  101  102  119
  151  191  235  277  319  360  399  430  449
    40.0-180.0 180.0   5.0 450.0                            LAT/LON1/LON2/DLON/H
  477  465  449  446  465  504  553  600  635  653  657  653  647  643  641  637
  627  609  585  556  522  482  437  390  348  311  279  246  210  172  137  112
   99   99  108  121  132  136  132  123  115  113  117  125  131  132  130  129
  133  141  149  154  153  151  151  152  153  151  142  130  117  111  117  139
  175  220  268  316  363  409  448  472  477
    37.5-180.0 180.0   5.0 450.0                            LAT/LON1/LON2/DLON/H
  493  469  441  431  449  495  554  611  654  678  684  677  664  653  643  634
  620  599  576  553  530  504  474  438  399  357  313  264  213  166  130  109
  104  111  125  140  150  152  144  132  119  114  116  125  133  138  138  140
  145  153  160  162  159  155  152  152  151  146  138  127  119  117  128  153
  190  235  282  331  382  433  475  498  493
    35.0-180.0 180.0   5.0 450.0                            LAT/LON1/LON2/DLON/H
  504  477  447  439  462  513  577  637  683  709  715  705  686  666  649  634
  616  595  573  554  538  522  500  469  430  385  333  278  226  183  158  151
  157  171  184  193  194  186  170  150  130  119  117  124  133  139  142  144
  149  155  159  157  150  144  141  141  139  135  127  121  118  123  138  165
  200  241  284  330  381  435  482  508  504
    32.5-180.0 180.0   5.0 450.0                            LAT/LON1/LON2/DLON/H
  517  499  480  483  517  573  635  688  728  750  753  739  712  683  658  638
  619  599  578  562  549  535  513  481  441  395  345  297  257  235  232  245
  265  281  287  282  266  243  213  182  154  135  127  130  138  144  146  147
  149  151  149  142  133  126  124  125  124  121  116  114  118  130  150  178
  211  246  282  322  370  427  480  514  517
    30.0-180.0 180.0   5.0 450.0                            LAT/LON1/LON2/DLON/H
  544  543  546  570  619  679  731  769  792  803  800  779  743  703  670  646
  627  609  591  576  561  543  516  479  438  396  358  329  315  323  349  385
  416  429  422  396  358  314  270  228  193  167  153  150  154  157  157  154
  150  146  139  127  115  108  108  111  112  109  107  109  120  139  164  194
  226  256  286  320  365  423  482  526  544
    27.5-180.0 180.0   5.0 450.0                            LAT/LON1/LON2/DLON/H
  589  613  643  695  762  824  862  875  875  869  855  825  779  728  685  656
  638  623  607  592  573  547  513  472  434  403  384  381  399  438  493  546
  582  587  562  513  450  387  329  281  243  213  194  186  185  184  178  169
  158  148  135  119  105   98  100  105  107  104  102  107  123  148  179  212
  245  275  302  332  374  433  499  554  589
    25.0-180.0 180.0   5.0 450.0                            LAT/LON1/LON2/DLON/H
  653  700  760  840  926  989 1011  998  970  944  918  879  822  759  705  670
  650  636  622  605  583  551  511  471  441  426  430  453  497  561  633  694
  725  718  674  603  521  443  379  331  296  269  249  236  230  223  211  194
  176  158  141  122  107  101  104  109  110  105  101  107  126  155  191  229
  267  301  329  359  402  463  535  601  653
    22.5-180.0 180.0   5.0 450.0                            LAT/LON1/LON2/DLON/H
  726  793  877  980 1081 1146 1155 1118 1067 1024  986  939  873  798  733  689
  664  648  632  614  589  556  518  485  470  474  497  537  593  664  736  790
  810  788  729  645  552  468  405  366  343  324  307  294  284  272  254  229
  202  179  158  138  123  116  118  123  121  112  105  108  127  158  198  242
  287  328  362  397  443  508  585  660  726
    20.0-180.0 180.0   5.0 450.0                            LAT/LON1/LON2/DLON/H
  796  874  971 1088 1199 1265 1266 1216 1150 1096 1053 1001  929  846  771  717
  683  660  640  619  595  566  538  521  523  545  577  617  665  722  775  810
  812  779  714  628  536  456  404  381  375  370  360  348  337  323  299  267
  234  206  183  163  148  140  140  141  135  122  110  110  126  158  200  249
  301  350  393  435  488  558  640  721  796
    17.5-180.0 180.0   5.0 450.0                            LAT/LON1/LON2/DLON/H
  846  925 1022 1139 1251 1318 1319 1269 1204 1151 1109 1059  987  901  820  757
  711  676  648  625  605  585  573  576  597  628  656  677  697  720  741  749
  734  695  635  560  481  415  380  376  389  400  399  392  382  368  341  304
  266  234  211  191  175  165  162  160  150  133  116  112  125  155  199  251
  308  363  413  463  523  599  685  770  846
    15.0-180.0 180.0   5.0 450.0                            LAT/LON1/LON2/DLON/H
  869  938 1021 1123 1224 1290 1300 1264 1215 1175 1145 1104 1040  959  878  809
  752  704  666  639  622  615  621  644  679  709  719  705  680  660  644  626
  600  565  521  467  409  362  344  359  390  413  420  418  412  400  374  334
  292  258  234  215  198  186  180  175  163  143  123  115  126  155  198  252
  310  367  421  476  541  622  712  796  869
    12.5-180.0 180.0   5.0 450.0                            LAT/LON1/LON2/DLON/H
  861  913  970 1043 1121 1182 1205 1196 1176 1162 1151 1127 1079 1013  941  872
  806  746  697  665  652  656  677  713  754  773  752  695  623  561  515  481
  453  431  410  384  350  321  317  344  383  413  424  425  423  415  392  352
  307  272  248  229  212  197  190  184  172  152  131  122  131  160  203  255
  311  365  418  474  541  624  714  796  861
    10.0-180.0 180.0   5.0 450.0                            LAT/LON1/LON2/DLON/H
  828  860  884  917  963 1012 1049 1072 1090 1108 1123 1121 1096 1052  998  938
  870  802  744  708  696  705  733  774  809  809  754  656  546  455  395  359
  341  338  344  343  329  313  315  342  380  407  416  416  417  414  395  356
  311  276  252  234  215  200  193  188  179  160  140  131  142  171  214  265
  316  364  410  462  528  609  696  774  828
     7.5-180.0 180.0   5.0 450.0                            LAT/LON1/LON2/DLON/H
  784  797  787  775  781  811  856  910  967 1020 1061 1083 1085 1069 1041  997
  936  866  805  766  751  759  784  818  839  815  731  603  474  378  325  303
  302  319  345  363  362  349  346  363  388  403  401  397  400  401  385  348
  305  270  248  230  212  197  191  190  185  170  151  144  156  188  233  282
  327  367  406  451  510  584  666  739  784
     5.0-180.0 180.0   5.0 450.0                            LAT/LON1/LON2/DLON/H
  742  742  704  651  614  616  662  738  826  908  973 1017 1044 1059 1059 1038
  991  929  871  830  812  811  825  843  845  800  697  560  435  357  328  331
  350  381  417  442  442  424  408  406  409  404  388  376  377  379  366  332
  291  259  239  222  205  191  189  192  191  179  163  156  171  207  255  303
  344  378  409  446  496  561  635  702  742
     2.5-180.0 180.0   5.0 450.0                            LAT/LON1/LON2/DLON/H
  713  710  656  571  494  465  499  583  690  792  873  934  981 1021 1049 1053
 1026  979  930  893  870  858  854  853  835  777  670  544  445  402  408  437
  470  504  537  557  550  521  487  461  440  411  379  358  354  355  343  311
  275  247  230  215  199  187  188  196  198  188  172  167  184  224  275  325
  364  393  419  451  492  546  609  672  713
