ionex_files/turquie/COD0OPSFIN_20230380000_01D_01H_GIM.INX
     1.0            IONOSPHERE MAPS     GNSS                IONEX VERSION / TYPE
ADDNEQ2 V5.5        AIUB                11-FEB-23 21:46     PGM / RUN BY / DATE 
CODE'S GLOBAL IONOSPHERE MAPS FOR DAY 038, 2023             COMMENT             
Global ionosphere maps (GIM) are generated on a daily basis DESCRIPTION         
at CODE using data from about 300 GNSS sites of the IGS and DESCRIPTION         
other institutions. The vertical total electron content     DESCRIPTION         
(VTEC) is modeled in a solar-geomagnetic reference frame    DESCRIPTION         
using a spherical harmonics expansion up to degree and      DESCRIPTION         
order 15. Piece-wise linear functions are used for          DESCRIPTION         
representation in the time domain. The time spacing of      DESCRIPTION         
their vertices is 1 hour, conforming with the epochs of the DESCRIPTION         
VTEC maps.                                                  DESCRIPTION         
To convert line-of-sight TEC into vertical TEC, a modified  DESCRIPTION         
single-layer model mapping function approximating the JPL   DESCRIPTION         
extended slab model mapping function is adopted. The        DESCRIPTION         
mapping function is evaluated at geodetic satellite         DESCRIPTION         
elevation angles. For the computation of the ionospheric    DESCRIPTION         
pierce points, a spherical layer with a radius of 6821 km   DESCRIPTION         
is assumed, implying geocentric, not geodetic IONEX         DESCRIPTION         
latitudes.                                                  DESCRIPTION         
Instrumental biases with respect to each involved GNSS code DESCRIPTION         
observable are estimated as constant values for each        DESCRIPTION         
day. They are modeled with one set of bias parameters for   DESCRIPTION         
each satellite and each station in case of GPS and for each DESCRIPTION         
satellite-station link in case of GLONASS. The code bias    DESCRIPTION         
datum is defined by zero-mean conditions imposed on the     DESCRIPTION         
satellite bias estimates. In this file, just GPS C1W-C2W    DESCRIPTION         
satellite and station bias values are included. The         DESCRIPTION         
complete set of GNSS code bias results is provided in an    DESCRIPTION         
additional Bias-SINEX file as pseudo-absolute values        DESCRIPTION         
specific to each observable.                                DESCRIPTION         
Note: These GIM results correspond to the results for the   DESCRIPTION         
middle day of a 3-day combination analysis solving for 73   DESCRIPTION         
times 256, or 18688 VTEC parameters and 3 daily sets of     DESCRIPTION         
GNSS code bias parameters.                                  DESCRIPTION         
Contact address: code(at)aiub.unibe.ch                      DESCRIPTION         
Data archive:    ftp.aiub.unibe.ch/CODE/                    DESCRIPTION         
                 www.aiub.unibe.ch/download/CODE/           DESCRIPTION         
  2023     2     7     0     0     0                        EPOCH OF FIRST MAP  
  2023     2     8     0     0     0                        EPOCH OF LAST MAP   
  3600                                                      INTERVAL            
[...]
brft brst brux bshm cags cas1 ccj2 cedu chpg chpi chti chur COMMENT             
ckis coco cord cpvg cpxf crar cro1 daej darw dav1 dgar dhlg COMMENT             
drao dubo ebre faa1 fair flrs frdn ftna func ganp glps glsv COMMENT             
gode godz gol2 gold gope gras graz guam guug harb hers hert COMMENT             
hlfx hob2 hofn holb hrao hyde iddr ieng iisc ineg invk iqal COMMENT             
irkj isba jog2 joz2 joze karr kerg kir0 kiri kiru kit3 kokb COMMENT             
kokv koug kour krgg laut lmmf lpal lpgs m0se mac1 madr mal2 COMMENT             
mana mas1 mat1 mate maw1 mcm4 mdo1 mdvj medi mets mgue mizu COMMENT             
mkea mnls mobs monp morp mqzg mro1 mtka nano nico nist nium COMMENT             
nklg nlib nnor not1 nrc1 nrmd ntus nya1 nyal ohi2 onsa opmt COMMENT             
ous2 pado parc park pdel penc pert pie1 pimo pohn pol2 polv COMMENT             
pots pove prds ptag ptbb ptvl qaq1 quin ramo reun reyk rgdg COMMENT             
rio2 riop salu samo sant savo sch2 scor scrz sctb scub seyg COMMENT             
smst sofi spt0 ssia sthl stjo stk2 str2 suth sutm suwn sydn COMMENT             
syog tabl tabv tash thtg thti thu2 tid1 tidb tlse tn22 tong COMMENT             
tow2 tro1 tsea tskb twtf txes uclu ufpr ulab unb3 unbj unsa COMMENT             
urum usn7 usud vald vill voim vtsp wab1 wab2 wark wes2 wgtn COMMENT             
whit will wsrt wtza wtzl wtzr wtzs wtzz wuhn xmis yar2 yar3 COMMENT             
yarr yell ykro zamb zeck zim2 zim3 zimm                     COMMENT             
                                                            END OF HEADER       
[from data line 4290]
    11                                                      START OF TEC MAP    
  2023     2     7    10     0     0                        EPOCH OF CURRENT MAP
    87.5-180.0 180.0   5.0 450.0                            LAT/LON1/LON2/DLON/H
   85   86   87   88   89   89   90   91   91   92   93   93   93   94   94   94
   94   94   94   93   93   93   92   92   91   90   90   89   88   87   86   85
   84   83   82   81   80   79   78   76   75   74   72   71   70   69   68   67
   67   66   66   66   66   66   67   67   68   69   70   71   72   73   74   75
   77   78   79   80   81   82   83   84   85
    85.0-180.0 180.0   5.0 450.0                            LAT/LON1/LON2/DLON/H
  100  100  101  101  101  102  102  103  104  104  105  106  106  106  106  106
  106  105  105  104  103  102  101  100   99   98   97   96   96   95   94   94
   93   93   92   91   90   88   86   84   82   80   77   74   72   70   68   66
   64   63   63   63   64   65   67   69   71   74   77   80   82   85   88   90
   92   94   96   97   98   99   99  100  100
    82.5-180.0 180.0   5.0 450.0                            LAT/LON1/LON2/DLON/H
  119  117  115  113  112  111  111  111  111  111  112  112  113  113  112  112
  111  109  107  105  103  101   98   96   95   94   93   93   93   95   96   98
  100  102  103  104  105  105  104  103  100   97   94   90   87   83   80   77
   75   74   75   76   78   81   85   90   95  100  106  111  116  120  124  127
  129  130  130  130  128  127  124  122  119
    80.0-180.0 180.0   5.0 450.0                            LAT/LON1/LON2/DLON/H
  139  133  127  122  118  114  112  111  111  111  111  111  112  111  111  109
  107  104  101   97   92   88   84   81   78   77   77   78   81   84   89   95
  101  108  114  119  123  127  128  129  128  125  122  118  113  109  105  103
  101  101  102  105  110  116  123  131  139  148  156  163  170  175  179  181
  181  180  177  172  167  160  154  146  139
    77.5-180.0 180.0   5.0 450.0                            LAT/LON1/LON2/DLON/H
  155  143  133  125  118  112  108  106  104  104  104  104  104  104  103  100
   97   93   88   82   76   69   64   59   56   54   55   57   62   69   78   88
   99  111  122  133  143  150  155  159  159  158  156  152  148  144  141  140
  139  141  145  150  158  166  176  187  198  208  218  227  233  238  240  239
  236  231  224  214  203  192  179  167  155
    75.0-180.0 180.0   5.0 450.0                            LAT/LON1/LON2/DLON/H
  161  146  133  122  113  106  101   97   95   94   94   94   94   93   92   89
   85   80   73   66   59   52   45   40   36   34   35   39   45   55   67   81
   97  114  130  146  160  172  181  187  190  191  190  188  186  184  183  183
  186  190  197  205  214  225  237  248  259  270  279  285  290  291  290  285
  278  268  256  242  226  210  193  176  161
    72.5-180.0 180.0   5.0 450.0                            LAT/LON1/LON2/DLON/H
  155  141  127  116  107   99   94   90   87   85   85   84   84   83   81   78
   74   69   62   55   48   41   35   30   26   25   27   31   38   49   63   80
   98  118  138  158  175  190  202  210  216  218  220  220  220  221  224  228
  234  242  251  261  272  282  293  302  311  317  322  324  323  320  313  303
  291  277  261  244  226  207  189  172  155
    70.0-180.0 180.0   5.0 450.0                            LAT/LON1/LON2/DLON/H
  139  127  117  108  101   95   90   86   83   80   78   77   76   75   73   70
   67   63   58   52   47   42   37   33   31   31   33   37   45   55   69   86
  105  126  147  168  187  203  217  227  234  238  242  245  249  254  261  270
  280  290  301  311  320  328  334  338  340  341  338  333  325  315  302  287
  270  253  235  217  199  182  167  152  139
    67.5-180.0 180.0   5.0 450.0                            LAT/LON1/LON2/DLON/H
  114  108  103   99   96   92   89   86   82   79   76   74   72   70   68   67
   64   62   59   56   53   51   50   49   49   49   51   55   62   71   83   99
  117  137  158  178  197  214  227  238  245  251  257  263  270  280  292  305
  318  331  341  349  354  356  355  351  345  336  325  312  296  279  259  239
  219  200  182  166  152  140  129  121  114
    65.0-180.0 180.0   5.0 450.0                            LAT/LON1/LON2/DLON/H
   85   87   89   90   92   92   91   88   85   81   77   74   71   69   67   66
   66   65   64   64   64   66   67   69   71   73   75   78   83   90  101  114
  131  149  168  188  206  223  236  247  255  262  269  278  288  302  317  333
  348  361  369  372  371  364  354  342  326  309  291  270  248  224  199  175
  153  133  118  105   96   90   87   85   85
    62.5-180.0 180.0   5.0 450.0                            LAT/LON1/LON2/DLON/H
   61   68   75   82   88   91   92   91   88   84   79   75   71   69   68   68
   68   69   70   72   74   78   83   87   91   93   95   97  101  107  115  128
  143  160  179  198  216  233  247  259  268  276  284  294  307  322  340  357
  371  381  385  382  372  357  339  317  295  272  248  223  197  169  141  115
   92   73   59   51   47   47   50   54   61
    60.0-180.0 180.0   5.0 450.0                            LAT/LON1/LON2/DLON/H
   44   55   65   75   83   88   91   91   88   84   80   75   71   69   69   69
   70   72   73   76   79   84   90   96  100  103  105  106  109  114  123  136
  152  170  190  210  229  248  264  277  287  296  305  315  329  345  362  378
  389  395  392  382  364  341  316  289  263  238  214  189  162  134  105   77
   54   36   24   19   18   21   27   35   44
    57.5-180.0 180.0   5.0 450.0                            LAT/LON1/LON2/DLON/H
   39   49   59   68   76   82   85   86   85   81   77   73   70   69   69   70
   72   72   73   74   77   81   87   93   98  100  101  103  106  112  124  139
  157  178  201  224  247  268  288  303  316  325  334  344  356  370  385  397
  404  404  395  377  353  325  295  267  241  219  199  178  155  128  100   73
   49   31   20   15   15   18   24   31   39
    55.0-180.0 180.0   5.0 450.0                            LAT/LON1/LON2/DLON/H
   45   50   57   64   69   73   76   77   77   76   73   71   69   68   69   71
   72   71   70   69   69   72   77   82   86   88   89   90   95  105  120  140
  163  188  214  241  268  294  318  337  351  361  369  377  386  397  408  416
  418  411  396  373  345  313  283  257  235  219  205  191  174  152  126   99
   75   56   44   38   36   37   38   41   45
    52.5-180.0 180.0   5.0 450.0                            LAT/LON1/LON2/DLON/H
   58   58   60   62   63   64   65   66   68   69   69   68   67   68   70   72
   72   71   67   63   61   61   65   69   72   73   74   77   85   99  119  144
  172  202  232  263  294  324  352  374  390  400  405  410  415  422  429  432
  429  417  398  372  342  311  283  260  244  234  228  221  211  193  170  143
  118   97   84   76   71   67   63   60   58
    50.0-180.0 180.0   5.0 450.0                            LAT/LON1/LON2/DLON/H
   73   69   66   63   60   58   57   58   60   64   66   67   68   70   73   75
   76   72   67   60   56   55   57   60   62   64   66   72   83  102  127  157
  189  223  256  289  323  356  386  410  427  435  438  439  440  443  445  444
  437  422  401  374  345  316  291  272  260  255  254  253  247  233  211  185
  159  137  122  112  105   97   89   80   73
    47.5-180.0 180.0   5.0 450.0                            LAT/LON1/LON2/DLON/H
   86   79   74   68   62   56   53   53   57   62   67   69   72   75   79   82
   82   79   72   64   59   57   58   61   64   66   71   79   94  117  146  180
  215  251  285  320  354  387  418  442  457  463  462  459  457  456  454  450
  441  426  404  379  353  327  305  287  276  271  270  270  266  254  234  208
  181  159  143  132  124  115  105   94   86
    45.0-180.0 180.0   5.0 450.0                            LAT/LON1/LON2/DLON/H
   91   86   82   76   68   60   55   55   60   66   72   76   79   83   87   92
   93   90   83   76   71   69   71   73   76   80   87  100  119  145  177  212
  249  285  319  352  385  416  445  467  479  483  478  472  466  462  459  453
  443  428  409  386  363  339  318  300  285  275  269  265  259  247  229  204
  178  156  140  130  123  115  107   98   91
    42.5-180.0 180.0   5.0 450.0                            LAT/LON1/LON2/DLON/H
   89   89   88   84   77   69   63   63   67   74   80   84   88   93   99  104
  106  104   99   94   90   89   91   93   96  102  112  129  151  180  213  249
  285  321  355  386  416  444  468  487  496  496  489  480  472  466  462  456
  446  432  414  395  373  352  330  308  287  268  252  241  231  219  202  180
  155  133  118  109  104  100   96   92   89
    40.0-180.0 180.0   5.0 450.0                            LAT/LON1/LON2/DLON/H
   83   87   91   90   86   79   74   73   77   83   89   94   98  104  111  118
  121  121  118  114  113  113  113  114  117  124  137  158  184  215  248  283
  320  356  389  420  447  471  491  505  512  510  501  491  482  475  470  463
  454  440  424  406  386  366  343  318  289  259  233  212  197  186  172  154
  131  109   93   83   80   79   79   80   83
    37.5-180.0 180.0   5.0 450.0                            LAT/LON1/LON2/DLON/H
   77   83   90   93   92   87   83   83   86   91   96  101  106  114  123  131
  135  137  136  134  134  133  131  129  130  137  154  179  210  243  277  312
  348  386  421  453  478  499  515  526  531  529  522  512  502  495  489  481
  471  457  441  422  404  384  362  335  302  264  228  199  182  172  163  149
  129  106   86   73   68   67   69   72   77
    35.0-180.0 180.0   5.0 450.0                            LAT/LON1/LON2/DLON/H
   77   81   86   91   92   91   89   89   91   95   99  105  112  121  132  141
  147  149  149  149  149  146  141  134  131  138  157  188  223  260  295  331
  370  411  451  485  511  529  544  554  560  560  555  547  539  532  524  514
  501  485  467  448  430  413  394  370  337  296  255  223  205  199  196  187
  168  141  115   95   83   78   76   75   77
    32.5-180.0 180.0   5.0 450.0                            LAT/LON1/LON2/DLON/H
   88   83   83   85   88   89   90   90   92   94   98  104  114  126  139  149
  155  157  158  158  156  150  139  126  119  125  148  184  226  267  305  344
  387  433  478  516  544  564  578  590  599  603  603  599  592  584  574  561
  545  526  505  485  467  455  444  428  402  365  325  294  279  279  281  276
  255  223  187  156  134  119  107   96   88
    30.0-180.0 180.0   5.0 450.0                            LAT/LON1/LON2/DLON/H
  112   93   82   79   81   84   86   88   89   90   94  101  113  127  142  152
  158  160  160  159  154  144  127  109   98  105  132  174  223  270  313  356
  402  454  504  547  579  601  617  632  645  656  661  661  656  648  636  620
  601  578  554  532  517  511  511  508  495  468  435  409  400  404  410  405
  382  342  296  253  218  190  163  137  112
    27.5-180.0 180.0   5.0 450.0                            LAT/LON1/LON2/DLON/H
  148  111   87   76   75   78   82   84   85   85   88   97  110  127  142  152
  157  158  157  153  146  132  110   88   75   83  115  165  221  276  324  372
  422  477  531  578  613  638  658  676  695  710  720  724  722  715  702  684
  662  637  611  589  576  578  590  603  604  590  568  550  546  552  558  550
  522  474  419  366  320  279  237  192  148
    25.0-180.0 180.0   5.0 450.0                            LAT/LON1/LON2/DLON/H
  194  140  102   81   75   77   81   83   83   83   85   94  108  124  139  149
  153  153  150  145  135  117   93   69   58   69  107  164  228  290  345  396
  449  504  558  606  643  671  694  717  740  759  772  779  780  775  763  745
  722  696  670  649  640  648  671  697  712  711  700  689  687  691  691  677
  641  589  530  472  420  370  316  255  194
    22.5-180.0 180.0   5.0 450.0                            LAT/LON1/LON2/DLON/H
  242  176  127   98   86   84   86   87   87   85   87   95  107  122  135  143
  147  145  141  134  123  104   80   58   51   68  112  176  247  314  374  428
  481  533  584  629  666  696  723  750  774  794  808  817  821  819  810  795
  774  750  726  706  700  714  743  776  799  806  802  796  793  790  779  753
  711  658  601  547  497  446  386  316  242
    20.0-180.0 180.0   5.0 450.0                            LAT/LON1/LON2/DLON/H
  288  217  161  126  108  101  100   99   97   95   95  100  109  120  130  136
  138  137  132  125  113   96   75   58   56   80  131  200  276  347  410  465
  514  561  604  644  679  711  742  770  794  812  825  834  840  843  840  830
  814  794  773  756  752  766  796  828  850  859  857  851  842  826  800  761
  714  663  616  576  538  494  437  366  288
    17.5-180.0 180.0   5.0 450.0                            LAT/LON1/LON2/DLON/H
  328  259  204  165  141  127  121  117  114  110  108  110  114  120  125  128
  130  129  125  117  107   92   76   66   72  104  160  232  309  382  445  499
  544  582  617  650  683  716  749  778  800  814  822  831  840  848  852  849
  840  825  808  794  790  802  824  846  860  863  858  848  830  799  755  703
  651  608  577  556  538  510  464  401  328
    15.0-180.0 180.0   5.0 450.0                            LAT/LON1/LON2/DLON/H
  359  300  249  210  181  160  148  140  135  130  126  123  122  121  121  121
  122  122  119  113  105   94   84   81   95  133  193  265  340  410  471  522
  562  593  619  646  677  713  748  777  795  803  808  815  827  841  852  856
  853  844  831  820  815  819  829  836  835  827  816  800  772  725  664  599
  546  513  500  501  505  497  468  419  359
    12.5-180.0 180.0   5.0 450.0                            LAT/LON1/LON2/DLON/H
  380  335  294  256  222  195  176  165  157  150  144  139  133  126  120  117
  117  118  116  112  106   99   95   99  119  162  224  294  363  426  483  530
  566  592  611  634  665  703  741  770  785  788  789  795  810  829  845  855
  857  852  844  834  827  823  819  808  790  770  752  730  694  635  559  486
  432  408  412  433  456  467  456  424  380
    10.0-180.0 180.0   5.0 450.0                            LAT/LON1/LON2/DLON/H
  394  364  332  297  260  227  203  187  178  170  162  155  145  134  122  116
  115  116  116  114  111  107  107  115  141  187  248  313  373  428  478  522
  556  579  596  617  649  691  732  762  775  776  775  782  798  820  838  849
  854  853  848  840  831  820  803  777  745  716  694  670  628  562  478  400
  347  330  343  375  411  434  437  421  394
     7.5-180.0 180.0   5.0 450.0                            LAT/LON1/LON2/DLON/H
  401  383  360  329  290  253  224  206  194  185  177  170  159  144  129  119
  116  117  118  118  117  116  118  129  157  205  264  323  373  417  460  502
  536  559  576  598  633  679  723  755  768  769  770  779  797  818  834  844
  848  848  846  841  832  816  792  757  718  687  665  641  600  531  447  369
  318  301  315  348  384  410  420  415  401
     5.0-180.0 180.0   5.0 450.0                            LAT/LON1/LON2/DLON/H
  402  393  377  348  310  271  240  221  207  197  189  182  173  158  140  126
  120  120  122  123  123  124  127  139  169  217  274  326  366  400  436  475
  511  538  558  582  619  668  715  749  765  770  774  787  805  823  834  837
  838  839  840  838  831  815  789  754  718  691  675  656  618  554  474  401
  351  331  336  357  382  402  410  408  402
     2.5-180.0 180.0   5.0 450.0                            LAT/LON1/LON2/DLON/H
  397  392  380  355  318  281  251  231  216  204  196  192  186  172  152  135
  126  125  127  128  129  129  133  146  176  224  279  325  357  382  412  450
  489  520  543  569  608  658  707  743  763  773  784  801  819  831  832  828
  823  824  828  830  827  816  795  768  743  727  720  708  675  619  548  483
  436  408  397  397  403  408  407  402  397
