ionex_files/turquie/COD0OPSFIN_20230360000_01D_01H_GIM.INX
     1.0            IONOSPHERE MAPS     GNSS                IONEX VERSION / TYPE
ADDNEQ2 V5.5        AIUB                09-FEB-23 20:57     PGM / RUN BY / DATE 
CODE'S GLOBAL IONOSPHERE MAPS FOR DAY 036, 2023             COMMENT             
Global ionosphere maps (GIM) are generated on a daily basis DESCRIPTION         
at CODE using data from about 300 GNSS sites of the IGS and DESCRIPTION         
other institutions. The vertical total electron content     DESCRIPTION         
(VTEC) is modeled in a solar-geomagnetic reference frame    DESCRIPTION         
using a spherical harmonics expansion up to degree and      DESCRIPTION         
order 15. Piece-wise linear functions are used for          DESCRIPTION         
representation in the time domain. The time spacing of      DESCRIPTION         
their vertices is 1 hour, conforming with the epochs of the DESCRIPTION         
VTEC maps.                                                  DESCRIPTION         
To convert line-of-sight TEC into vertical TEC, a modified  DESCRIPTION         
single-layer model mapping function approximating the JPL   DESCRIPTION         
extended slab model mapping function is adopted. The        DESCRIPTION         
mapping function is evaluated at geodetic satellite         DESCRIPTION         
elevation angles. For the computation of the ionospheric    DESCRIPTION         
pierce points, a spherical layer with a radius of 6821 km   DESCRIPTION         
is assumed, implying geocentric, not geodetic IONEX         DESCRIPTION         
latitudes.                                                  DESCRIPTION         
Instrumental biases with respect to each involved GNSS code DESCRIPTION         
observable are estimated as constant values for each        DESCRIPTION         
day. They are modeled with one set of bias parameters for   DESCRIPTION         
each satellite and each station in case of GPS and for each DESCRIPTION         
satellite-station link in case of GLONASS. The code bias    DESCRIPTION         
datum is defined by zero-mean conditions imposed on the     DESCRIPTION         
satellite bias estimates. In this file, just GPS C1W-C2W    DESCRIPTION         
satellite and station bias values are included. The         DESCRIPTION         
complete set of GNSS code bias results is provided in an    DESCRIPTION         
additional Bias-SINEX file as pseudo-absolute values        DESCRIPTION         
specific to each observable.                                DESCRIPTION         
Note: These GIM results correspond to the results for the   DESCRIPTION         
middle day of a 3-day combination analysis solving for 73   DESCRIPTION         
times 256, or 18688 VTEC parameters and 3 daily sets of     DESCRIPTION         
GNSS code bias parameters.                                  DESCRIPTION         
Contact address: code(at)aiub.unibe.ch                      DESCRIPTION         
Data archive:    ftp.aiub.unibe.ch/CODE/                    DESCRIPTION         
                 www.aiub.unibe.ch/download/CODE/           DESCRIPTION         
  2023     2     5     0     0     0                        EPOCH OF FIRST MAP  
  2023     2     6     0     0     0                        EPOCH OF LAST MAP   
  3600                                                      INTERVAL            
[...]
brux bshm cags cas1 cedu chpg chpi chti chur ckis coco cord COMMENT             
cpvg cpxf crar cro1 daej darw dav1 dgar dhlg drao dubo ebre COMMENT             
faa1 fair flrs frdn ftna func ganp glps glsv gode godz gol2 COMMENT             
gold gope gras graz guam guug harb hers hert hlfx hob2 hofn COMMENT             
holb hrao hyde iddr ieng iisc ineg invk iqal irkj isba jog2 COMMENT             
joz2 joze karr kerg kir0 kiri kiru kit3 kokb kokv koug kour COMMENT             
krgg laut lmmf lpal lpgs m0se mac1 madr mal2 mana mas1 mat1 COMMENT             
mate maw1 mcm4 mdo1 mdvj medi mets mgue mizu mkea mnls mobs COMMENT             
monp morp mqzg mro1 mtka nano nico nist nium nklg nlib nnor COMMENT             
not1 nrc1 nrmd ntus nya1 nyal ohi2 onsa opmt ous2 pado parc COMMENT             
park pdel penc pert pie1 pimo pohn pol2 polv pots pove prds COMMENT             
ptag ptbb ptvl qaq1 quin ramo reun reyk rgdg rio2 riop roth COMMENT             
salu samo sant savo sch2 scor scrz sctb scub seyg smst sofi COMMENT             
spt0 ssia sthl stjo str2 suth sutm suwn sydn syog tabl tabv COMMENT             
tash thtg thti thu2 tid1 tidb tlse tn22 tong tow2 tro1 tsea COMMENT             
tskb twtf txes uclu ufpr ulab unb3 unbj unsa urum usn7 usud COMMENT             
vald vill voim vtsp wab1 wab2 wark wes2 wgtn whit will wsrt COMMENT             
wtza wtzl wtzr wtzs wtzz wuhn xmis yar2 yar3 yarr yell zamb COMMENT             
zeck zim2 zim3 zimm                                         COMMENT             
                                                            END OF HEADER       
     1                                                      START OF TEC MAP    
  2023     2     5     0     0     0                        EPOCH OF CURRENT MAP
    87.5-180.0 180.0   5.0 450.0                            LAT/LON1/LON2/DLON/H
  103  105  106  108  109  111  112  113  115  115  116  117  117  117  117  117
  116  115  114  113  112  110  109  107  105  103  101  100   98   96   94   92
   91   89   88   87   86   85   84   83   82   82   82   81   81   81   81   81
   82   82   82   82   83   83   84   84   85   85   86   87   88   88   89   90
   92   93   94   95   97   98  100  102  103
    85.0-180.0 180.0   5.0 450.0                            LAT/LON1/LON2/DLON/H
  108  111  115  118  122  125  129  132  135  137  139  141  142  142  142  141
  139  137  134  131  128  124  120  116  112  108  104  100   96   92   88   85
   82   79   77   75   73   72   71   70   70   70   70   71   71   72   73   74
   75   76   77   78   78   79   80   80   80   81   81   82   83   84   85   86
   87   89   91   93   96   99  101  105  108
    82.5-180.0 180.0   5.0 450.0                            LAT/LON1/LON2/DLON/H
  113  117  122  128  133  139  144  150  154  159  162  165  166  166  165  163
  160  156  151  146  140  134  127  121  115  109  102   97   91   86   81   76
   72   69   66   63   61   60   60   60   60   61   63   65   67   69   72   74
   76   78   80   81   82   83   83   83   82   82   82   82   82   82   83   85
   86   89   91   94   97  100  104  108  113
    80.0-180.0 180.0   5.0 450.0                            LAT/LON1/LON2/DLON/H
  121  125  130  136  143  150  157  164  171  178  182  186  187  187  184  180
  174  168  160  152  144  136  128  120  112  105   98   92   85   79   74   68
   64   60   57   54   52   52   51   52   53   56   58   62   66   70   74   78
   82   86   88   90   91   91   90   89   88   86   85   84   84   85   86   89
   91   94   98  101  105  109  112  116  121
    77.5-180.0 180.0   5.0 450.0                            LAT/LON1/LON2/DLON/H
  134  137  140  145  151  158  167  175  184  192  198  202  203  201  196  188
  179  169  158  148  138  129  121  114  107  100   94   87   81   75   69   63
   59   54   51   49   47   47   47   48   50   53   57   61   66   72   78   84
   90   95   98  100  101  100   98   95   93   90   88   87   88   89   93   97
  102  108  113  118  123  126  129  132  134
    75.0-180.0 180.0   5.0 450.0                            LAT/LON1/LON2/DLON/H
  154  153  153  155  159  165  173  183  193  202  209  213  213  208  200  188
  175  161  147  135  125  117  111  105  101   96   91   85   79   73   66   61
   56   52   49   47   46   45   46   47   49   52   56   60   66   73   81   88
   95  101  105  107  107  105  102   97   93   89   87   87   89   93  100  108
  118  127  136  143  149  153  154  155  154
    72.5-180.0 180.0   5.0 450.0                            LAT/LON1/LON2/DLON/H
  178  173  169  166  166  170  177  186  197  208  216  220  218  211  198  182
  164  146  130  118  109  103  100   99   98   95   92   86   80   72   65   58
   53   49   47   45   45   45   46   47   48   51   54   58   64   71   79   87
   95  101  106  107  106  103   98   92   86   82   80   82   87   95  107  120
  135  149  162  173  180  184  185  183  178
    70.0-180.0 180.0   5.0 450.0                            LAT/LON1/LON2/DLON/H
  204  195  186  179  175  175  180  189  200  211  220  223  220  210  194  173
  151  131  114  102   95   94   95   97   99   99   95   89   81   71   62   54
   48   44   42   42   43   44   45   46   47   48   50   54   59   65   73   81
   89   95   99  100   97   93   86   79   72   69   68   72   81   94  111  130
  150  169  186  199  209  214  214  210  204
    67.5-180.0 180.0   5.0 450.0                            LAT/LON1/LON2/DLON/H
  226  216  205  195  187  183  185  191  202  213  222  226  222  210  190  167
  142  120  103   93   90   91   96  102  105  105  100   91   80   68   56   47
   40   36   35   35   37   39   41   42   43   44   45   47   51   56   63   70
   77   82   85   85   82   75   68   60   54   52   54   61   74   91  113  136
  160  182  202  218  229  234  236  232  226
    65.0-180.0 180.0   5.0 450.0                            LAT/LON1/LON2/DLON/H
  242  235  225  214  203  195  193  196  204  215  224  227  223  211  191  166
  142  120  104   96   94   98  104  110  112  110  102   90   76   61   48   37
   30   27   26   27   29   32   34   36   37   38   39   40   42   46   51   57
   62   66   68   66   62   55   47   40   36   36   41   52   69   89  114  139
  165  188  208  224  236  243  246  246  242
    62.5-180.0 180.0   5.0 450.0                            LAT/LON1/LON2/DLON/H
  252  251  246  237  225  214  207  205  210  218  225  229  225  214  196  173
  151  131  117  110  109  112  116  118  117  111  100   85   69   53   40   30
   23   20   19   19   21   24   27   30   32   33   34   35   36   37   40   44
   47   50   50   48   42   35   28   23   21   25   34   48   68   91  116  142
  166  188  206  220  231  239  245  249  252
    60.0-180.0 180.0   5.0 450.0                            LAT/LON1/LON2/DLON/H
  258  266  268  263  252  239  226  219  218  222  227  230  228  219  204  187
  168  153  140  133  129  128  127  124  117  107   93   77   61   47   36   28
   23   19   18   17   18   19   22   25   29   31   33   33   33   33   33   34
   36   37   36   33   28   22   16   14   15   22   35   52   73   96  120  144
  166  185  200  210  219  227  236  247  258
    57.5-180.0 180.0   5.0 450.0                            LAT/LON1/LON2/DLON/H
  262  280  292  293  283  267  250  236  229  228  230  232  230  225  215  204
  191  179  168  159  151  143  134  124  112   98   83   69   56   46   40   35
   32   28   25   22   21   21   23   27   31   35   37   37   35   33   31   30
   30   31   30   28   23   18   15   15   19   29   44   63   84  106  128  149
  168  183  194  202  207  214  226  243  262
    55.0-180.0 180.0   5.0 450.0                            LAT/LON1/LON2/DLON/H
  268  295  314  321  313  296  275  256  244  237  235  235  233  230  226  220
  213  205  195  182  168  152  136  120  104   89   75   64   57   53   52   51
   49   46   41   35   31   30   31   35   41   45   48   47   44   39   34   31
   31   31   32   31   29   26   25   27   33   45   61   80   99  119  138  157
  173  187  196  201  204  210  222  242  268
    52.5-180.0 180.0   5.0 450.0                            LAT/LON1/LON2/DLON/H
  278  309  332  343  337  320  297  275  259  249  243  240  237  236  235  234
  231  225  213  197  177  156  135  115   98   84   73   67   65   66   69   71
   70   66   59   52   47   45   47   51   57   62   64   62   56   49   42   38
   37   39   43   45   45   44   44   47   55   67   82   99  116  133  149  166
  182  196  206  211  213  218  228  249  278
    50.0-180.0 180.0   5.0 450.0                            LAT/LON1/LON2/DLON/H
  290  319  343  354  349  333  312  292  276  264  256  249  244  242  243  243
  241  235  222  203  180  156  134  114   98   87   79   76   77   81   85   88
   87   82   75   68   64   63   66   71   77   82   83   79   71   62   53   48
   48   52   59   64   68   69   70   73   80   90  104  118  132  146  160  176
  193  210  224  232  235  238  246  263  290
    47.5-180.0 180.0   5.0 450.0                            LAT/LON1/LON2/DLON/H
  302  325  344  352  347  334  317  303  291  281  272  263  256  251  250  249
  245  236  221  201  179  157  138  122  109  100   94   90   90   92   94   94
   91   86   81   77   77   81   86   93   98  102  101   96   87   75   65   60
   61   68   77   86   93   96   97   99  104  112  123  134  145  157  170  185
  205  225  245  258  265  267  271  282  302
    45.0-180.0 180.0   5.0 450.0                            LAT/LON1/LON2/DLON/H
  312  325  335  338  332  323  314  309  305  300  292  281  272  264  259  253
  245  232  215  197  180  164  151  140  130  120  112  104   98   94   90   86
   82   77   75   77   83   93  102  110  115  118  116  111  100   88   78   72
   74   82   94  106  114  118  120  120  123  129  137  147  157  167  179  194
  214  239  263  283  295  299  299  303  312
    42.5-180.0 180.0   5.0 450.0                            LAT/LON1/LON2/DLON/H
  322  323  323  318  311  306  307  313  319  319  313  303  292  282  272  260
  244  227  211  197  187  180  173  165  155  142  127  112   98   86   76   68
   62   59   61   70   83   98  111  120  126  127  126  121  111  100   89   83
   85   93  106  118  128  133  134  134  135  140  147  157  167  178  189  203
  223  248  277  302  319  326  325  322  322
    40.0-180.0 180.0   5.0 450.0                            LAT/LON1/LON2/DLON/H
  334  325  315  304  295  294  304  319  333  338  334  325  314  302  288  270
  249  228  213  205  203  202  199  190  176  157  135  112   91   73   59   49
   43   42   49   62   81   99  114  123  128  130  130  127  120  109  100   93
   93  100  111  123  132  137  138  137  139  144  153  165  178  190  201  214
  231  254  283  312  335  347  347  341  334
    37.5-180.0 180.0   5.0 450.0                            LAT/LON1/LON2/DLON/H
  355  342  326  309  298  299  313  334  351  357  353  344  334  323  307  285
  259  237  225  223  227  229  223  209  186  159  131  105   82   64   52   44
   40   42   50   65   83  101  114  121  125  127  130  130  126  118  109  102
   99  102  110  119  126  131  132  132  135  143  156  172  190  205  217  228
  240  259  285  316  344  362  368  364  355
    35.0-180.0 180.0   5.0 450.0                            LAT/LON1/LON2/DLON/H
  393  382  365  346  333  333  347  365  377  378  370  359  351  341  325  302
  275  254  246  248  254  252  238  212  180  148  120   97   82   72   68   67
   68   71   77   87   98  108  115  118  120  123  128  131  131  125  116  108
  102  101  103  108  114  117  118  121  127  139  158  179  202  222  237  246
  254  267  289  320  352  378  393  397  393
    32.5-180.0 180.0   5.0 450.0                            LAT/LON1/LON2/DLON/H
  454  452  440  423  408  404  409  417  416  403  386  371  362  355  340  317
  292  275  271  275  277  266  238  200  161  129  109   99   99  106  117  127
  134  135  134  131  129  126  122  119  118  122  129  134  135  130  122  112
  103   97   95   96   98  100  101  106  116  135  159  186  214  238  257  268
  274  282  300  330  367  402  429  446  454
    30.0-180.0 180.0   5.0 450.0                            LAT/LON1/LON2/DLON/H
  537  550  550  538  522  510  502  491  469  437  404  381  370  362  350  329
  308  296  295  298  291  266  224  175  135  112  108  120  142  170  198  220
  231  229  216  197  175  156  139  128  124  127  134  140  140  134  125  114
  103   93   86   83   83   83   85   92  107  131  161  193  224  252  276  291
  299  306  323  353  394  439  479  512  537
    27.5-180.0 180.0   5.0 450.0                            LAT/LON1/LON2/DLON/H
  636  668  683  680  665  645  620  585  537  481  430  396  378  367  353  335
  318  311  313  311  294  254  201  149  117  111  130  166  210  257  300  331
  345  337  310  271  230  193  164  146  138  140  145  147  143  135  125  113
  102   90   81   75   72   71   73   81  101  131  166  200  232  263  290  312
  326  338  356  389  436  489  542  592  636
    25.0-180.0 180.0   5.0 450.0                            LAT/LON1/LON2/DLON/H
  736  787  819  828  816  789  748  691  617  537  468  419  391  373  355  336
  323  320  321  314  286  237  180  136  120  138  180  236  295  352  402  437
  450  435  395  340  283  232  194  171  161  159  160  155  145  133  121  110
   99   88   78   71   67   65   66   76  100  135  174  209  239  269  301  330
  354  373  398  435  487  547  611  675  736
    22.5-180.0 180.0   5.0 450.0                            LAT/LON1/LON2/DLON/H
  820  887  935  956  951  922  870  796  702  603  518  456  416  386  359  336
  324  322  322  309  274  223  173  147  155  196  256  320  381  435  481  513
  521  500  452  388  323  266  224  198  186  181  175  163  145  127  114  105
   96   86   78   72   67   64   65   76  104  145  186  220  246  273  307  344
  378  408  440  483  539  604  674  747  820
    20.0-180.0 180.0   5.0 450.0                            LAT/LON1/LON2/DLON/H
  871  946 1006 1039 1044 1020  966  885  781  673  578  506  453  409  371  342
  327  324  321  303  267  223  191  190  223  281  346  404  449  486  517  539
  541  517  468  405  341  287  247  223  210  202  188  167  142  119  105   98
   92   86   79   74   70   67   68   82  114  159  203  234  255  278  313  355
  398  437  476  524  582  648  718  792  871
    17.5-180.0 180.0   5.0 450.0                            LAT/LON1/LON2/DLON/H
  877  952 1016 1060 1077 1065 1020  944  844  737  642  566  503  446  396  359
  339  333  325  305  274  245  237  262  316  380  434  468  484  492  501  509
  506  483  442  389  337  292  260  240  228  215  196  168  136  111   97   92
   89   85   80   77   74   72   74   90  127  178  224  253  270  288  321  366
  414  458  501  551  608  670  734  803  877
    15.0-180.0 180.0   5.0 450.0                            LAT/LON1/LON2/DLON/H
  837  902  963 1012 1043 1048 1022  964  879  786  700  626  559  494  434  390
  365  353  342  323  301  291  308  354  417  472  502  500  478  453  439  434
  429  413  385  350  315  285  263  247  235  221  197  165  130  104   91   88
   87   84   80   78   77   77   82  102  143  198  247  276  289  304  335  379
  428  471  514  561  614  668  721  776  837
    12.5-180.0 180.0   5.0 450.0                            LAT/LON1/LON2/DLON/H
  760  807  857  905  947  973  973  941  882  811  742  678  614  547  483  435
  406  389  375  359  348  357  392  448  505  538  533  492  435  384  353  341
  337  330  318  302  286  271  257  244  233  217  193  160  126  101   89   88
   87   84   80   79   80   82   90  115  160  219  269  299  312  326  355  397
  441  479  516  556  602  646  685  721  760
    10.0-180.0 180.0   5.0 450.0                            LAT/LON1/LON2/DLON/H
  667  688  719  760  809  854  881  880  851  808  761  713  659  598  538  490
  459  440  424  412  411  432  474  524  561  563  523  451  372  308  271  259
  260  263  264  264  262  256  246  234  222  207  185  156  126  103   93   92
   91   86   81   79   82   87  100  128  177  237  288  319  334  350  379  418
  455  485  511  543  579  613  636  652  667
     7.5-180.0 180.0   5.0 450.0                            LAT/LON1/LON2/DLON/H
  581  575  582  608  656  715  766  794  795  779  755  726  688  640  590  548
  518  498  483  475  481  504  538  567  574  543  478  392  310  252  224  219
  226  234  242  249  252  248  236  221  208  195  178  155  130  111  103  100
   98   91   85   82   85   93  110  142  191  250  300  332  351  372  404  440
  470  490  507  529  557  580  591  589  581
     5.0-180.0 180.0   5.0 450.0                            LAT/LON1/LON2/DLON/H
  522  492  474  481  521  585  652  701  726  732  729  718  698  668  633  601
  576  556  542  538  545  560  574  572  544  488  413  335  273  239  230  236
  246  253  258  261  259  248  229  209  194  185  175  159  140  124  115  112
  108  100   92   88   91  101  121  154  202  257  304  336  360  387  423  459
  484  496  506  521  542  560  563  549  522
     2.5-180.0 180.0   5.0 450.0                            LAT/LON1/LON2/DLON/H
  505  459  420  406  431  490  561  622  662  682  693  697  694  682  664  643
  623  605  594  591  594  594  578  541  483  416  351  301  277  277  292  308
  314  312  304  295  279  256  226  200  185  180  176  166  152  138  129  125
  120  111  102   98  100  111  131  164  208  257  299  330  358  392  432  469
  493  503  509  521  540  557  559  541  505
