ionex_files/turquie/COD0OPSFIN_20230380000_01D_01H_GIM.INX
     1.0            IONOSPHERE MAPS     GNSS                IONEX VERSION / TYPE
ADDNEQ2 V5.5        AIUB                11-FEB-23 21:46     PGM / RUN BY / DATE 
CODE'S GLOBAL IONOSPHERE MAPS FOR DAY 038, 2023             COMMENT             
Global ionosphere maps (GIM) are generated on a daily basis DESCRIPTION         
at CODE using data from about 300 GNSS sites of the IGS and DESCRIPTION         
other institutions. The vertical total electron content     DESCRIPTION         
(VTEC) is modeled in a solar-geomagnetic reference frame    DESCRIPTION         
using a spherical harmonics expansion up to degree and      DESCRIPTION         
order 15. Piece-wise linear functions are used for          DESCRIPTION         
representation in the time domain. The time spacing of      DESCRIPTION         
their vertices is 1 hour, conforming with the epochs of the DESCRIPTION         
VTEC maps.                                                  DESCRIPTION         
To convert line-of-sight TEC into vertical TEC, a modified  DESCRIPTION         
single-layer model mapping function approximating the JPL   DESCRIPTION         
extended slab model mapping function is adopted. The        DESCRIPTION         
mapping function is evaluated at geodetic satellite         DESCRIPTION         
elevation angles. For the computation of the ionospheric    DESCRIPTION         
pierce points, a spherical layer with a radius of 6821 km   DESCRIPTION         
is assumed, implying geocentric, not geodetic IONEX         DESCRIPTION         
latitudes.                                                  DESCRIPTION         
Instrumental biases with respect to each involved GNSS code DESCRIPTION         
observable are estimated as constant values for each        DESCRIPTION         
day. They are modeled with one set of bias parameters for   DESCRIPTION         
each satellite and each station in case of GPS and for each DESCRIPTION         
satellite-station link in case of GLONASS. The code bias    DESCRIPTION         
datum is defined by zero-mean conditions imposed on the     DESCRIPTION         
satellite bias estimates. In this file, just GPS C1W-C2W    DESCRIPTION         
satellite and station bias values are included. The         DESCRIPTION         
complete set of GNSS code bias results is provided in an    DESCRIPTION         
additional Bias-SINEX file as pseudo-absolute values        DESCRIPTION         
specific to each observable.                                DESCRIPTION         
Note: These GIM results correspond to the results for the   DESCRIPTION         
middle day of a 3-day combination analysis solving for 73   DESCRIPTION         
times 256, or 18688 VTEC parameters and 3 daily sets of     DESCRIPTION         
GNSS code bias parameters.                                  DESCRIPTION         
Contact address: code(at)aiub.unibe.ch                      DESCRIPTION         
Data archive:    ftp.aiub.unibe.ch/CODE/                    DESCRIPTION         
                 www.aiub.unibe.ch/download/CODE/           DESCRIPTION         
  2023     2     7     0     0     0                        EPOCH OF FIRST MAP  
  2023     2     8     0     0     0                        EPOCH OF LAST MAP   
  3600                                                      INTERVAL            
[...]
brft brst brux bshm cags cas1 ccj2 cedu chpg chpi chti chur COMMENT             
ckis coco cord cpvg cpxf crar cro1 daej darw dav1 dgar dhlg COMMENT             
drao dubo ebre faa1 fair flrs frdn ftna func ganp glps glsv COMMENT             
gode godz gol2 gold gope gras graz guam guug harb hers hert COMMENT             
hlfx hob2 hofn holb hrao hyde iddr ieng iisc ineg invk iqal COMMENT             
irkj isba jog2 joz2 joze karr kerg kir0 kiri kiru kit3 kokb COMMENT             
kokv koug kour krgg laut lmmf lpal lpgs m0se mac1 madr mal2 COMMENT             
mana mas1 mat1 mate maw1 mcm4 mdo1 mdvj medi mets mgue mizu COMMENT             
mkea mnls mobs monp morp mqzg mro1 mtka nano nico nist nium COMMENT             
nklg nlib nnor not1 nrc1 nrmd ntus nya1 nyal ohi2 onsa opmt COMMENT             
ous2 pado parc park pdel penc pert pie1 pimo pohn pol2 polv COMMENT             
pots pove prds ptag ptbb ptvl qaq1 quin ramo reun reyk rgdg COMMENT             
rio2 riop salu samo sant savo sch2 scor scrz sctb scub seyg COMMENT             
smst sofi spt0 ssia sthl stjo stk2 str2 suth sutm suwn sydn COMMENT             
syog tabl tabv tash thtg thti thu2 tid1 tidb tlse tn22 tong COMMENT             
tow2 tro1 tsea tskb twtf txes uclu ufpr ulab unb3 unbj unsa COMMENT             
urum usn7 usud vald vill voim vtsp wab1 wab2 wark wes2 wgtn COMMENT             
whit will wsrt wtza wtzl wtzr wtzs wtzz wuhn xmis yar2 yar3 COMMENT             
yarr yell ykro zamb zeck zim2 zim3 zimm                     COMMENT             
                                                            END OF HEADER       
[from data line 7293]
    18                                                      START OF TEC MAP    
  2023     2     7    17     0     0                        EPOCH OF CURRENT MAP
    87.5-180.0 180.0   5.0 450.0                            LAT/LON1/LON2/DLON/H
   87   88   88   88   89   89   90   91   92   93   94   95   96   98   99  100
  102  103  105  106  108  109  111  112  113  115  116  117  118  119  120  120
  121  121  121  121  121  121  120  119  119  118  117  116  115  113  112  111
  109  108  106  105  104  102  101   99   98   97   96   95   94   93   92   91
   90   89   89   88   88   88   87   87   87
    85.0-180.0 180.0   5.0 450.0                            LAT/LON1/LON2/DLON/H
   73   73   73   73   74   75   76   77   78   80   82   83   85   87   89   92
   94   96   99  102  104  107  110  113  116  118  121  124  126  128  130  131
  132  133  133  133  133  132  131  130  129  127  125  123  121  118  116  113
  111  108  106  104  101   99   97   95   93   91   90   88   86   85   83   82
   81   79   78   77   76   75   74   73   73
    82.5-180.0 180.0   5.0 450.0                            LAT/LON1/LON2/DLON/H
   65   64   63   63   63   64   65   66   68   69   71   73   74   76   78   80
   83   85   88   91   95   99  103  107  111  115  119  123  127  130  132  135
  136  137  138  138  138  137  136  135  133  131  129  126  124  121  118  115
  112  109  107  104  102  100   98   96   94   93   91   90   88   87   85   83
   81   79   77   74   72   70   68   66   65
    80.0-180.0 180.0   5.0 450.0                            LAT/LON1/LON2/DLON/H
   64   62   60   59   59   59   60   61   62   64   65   66   67   68   69   70
   71   73   76   79   83   88   93   98  103  109  114  119  123  127  129  132
  134  135  136  136  136  135  135  134  132  131  129  127  125  123  121  118
  116  113  111  109  107  106  105  104  103  103  103  102  101  100   99   96
   94   91   87   83   79   75   71   67   64
    77.5-180.0 180.0   5.0 450.0                            LAT/LON1/LON2/DLON/H
   72   68   65   62   61   61   62   63   64   66   66   67   67   66   66   65
   65   67   69   72   76   82   88   94  100  106  111  116  119  122  124  125
  126  126  127  127  127  127  127  127  127  127  127  127  126  126  125  124
  123  121  120  119  118  118  118  118  119  120  121  122  122  122  121  119
  116  112  107  102   96   89   83   77   72
    75.0-180.0 180.0   5.0 450.0                            LAT/LON1/LON2/DLON/H
   87   81   76   72   71   70   71   72   73   74   75   75   74   72   71   69
   69   70   72   76   82   88   95  102  108  113  117  119  120  120  120  118
  117  115  114  114  114  114  115  117  119  121  123  125  128  130  131  132
  132  133  132  132  132  133  133  135  137  139  141  143  145  145  145  143
  140  136  131  124  117  109  101   94   87
    72.5-180.0 180.0   5.0 450.0                            LAT/LON1/LON2/DLON/H
  104   97   91   87   84   82   83   84   86   87   88   88   88   86   85   84
   85   87   91   97  105  112  120  126  131  134  134  133  130  125  120  115
  110  106  103  102  101  102  103  106  109  113  118  123  128  133  137  140
  142  143  143  144  144  145  146  148  150  153  156  159  161  162  162  161
  159  155  150  144  137  129  121  112  104
    70.0-180.0 180.0   5.0 450.0                            LAT/LON1/LON2/DLON/H
  121  113  107  101   97   95   95   96   98  101  103  104  105  106  106  109
  113  119  127  136  146  156  163  168  170  168  163  156  147  137  127  117
  109  102   98   95   93   93   95   97  101  106  112  119  126  133  139  143
  146  148  149  149  149  149  150  152  154  157  159  162  164  165  165  165
  163  161  157  153  148  142  135  128  121
    67.5-180.0 180.0   5.0 450.0                            LAT/LON1/LON2/DLON/H
  131  125  118  112  108  105  104  105  108  112  116  120  124  128  133  140
  150  162  176  190  203  213  219  221  218  210  199  186  171  156  141  128
  117  109  102   98   95   93   93   94   96  100  106  113  120  128  135  140
  143  144  144  143  142  142  142  144  146  148  149  151  151  152  151  151
  150  149  148  147  146  143  140  136  131
    65.0-180.0 180.0   5.0 450.0                            LAT/LON1/LON2/DLON/H
  131  128  123  117  112  108  107  109  113  119  125  133  140  149  160  174
  191  211  232  251  266  276  280  276  266  252  235  216  197  179  163  148
  136  127  119  113  109  104  101   98   96   97  100  105  111  118  124  128
  130  130  128  126  124  123  123  125  126  128  128  128  127  125  123  122
  122  123  124  126  129  131  133  133  131
    62.5-180.0 180.0   5.0 450.0                            LAT/LON1/LON2/DLON/H
  122  121  119  114  109  106  105  107  113  121  131  142  155  169  186  208
  233  260  287  311  327  335  334  323  306  285  263  241  222  205  190  178
  167  158  150  142  135  126  118  109  102   97   95   97  101  105  109  111
  110  107  103   99   97   96   97  100  102  103  102  100   96   92   89   86
   86   87   90   95  102  108  114  119  122
    60.0-180.0 180.0   5.0 450.0                            LAT/LON1/LON2/DLON/H
  103  106  106  104  100   98   98  103  111  123  136  151  167  186  210  237
  269  303  335  361  377  381  374  355  331  305  280  260  244  232  223  215
  207  200  191  182  171  158  143  128  114  103   95   92   91   92   93   91
   87   81   75   70   67   68   71   75   78   80   78   75   69   63   57   53
   51   52   56   62   70   79   88   97  103
    57.5-180.0 180.0   5.0 450.0                            LAT/LON1/LON2/DLON/H
   79   85   88   88   87   87   91   98  110  126  143  161  181  203  230  261
  297  335  370  396  411  410  395  370  340  310  287  271  263  260  259  257
  254  248  238  226  211  193  173  151  131  113  100   92   87   84   81   76
   68   59   51   45   43   46   51   57   63   65   65   60   53   45   37   31
   27   27   30   36   43   52   61   71   79
    55.0-180.0 180.0   5.0 450.0                            LAT/LON1/LON2/DLON/H
   55   62   68   71   73   77   85   97  114  133  154  175  196  220  248  280
  318  356  391  416  428  423  402  371  337  307  287  279  281  288  296  301
  300  295  284  269  250  227  202  176  151  129  111   99   90   83   76   68
   58   47   38   32   31   36   44   52   60   64   64   60   52   43   33   26
   20   18   19   22   27   33   40   47   55
    52.5-180.0 180.0   5.0 450.0                            LAT/LON1/LON2/DLON/H
   37   44   50   56   62   70   82  100  122  146  170  193  215  238  265  296
  331  367  400  424  433  425  401  366  331  302  288  288  299  316  331  339
  340  333  320  302  280  255  228  199  172  148  127  112  100   90   81   71
   59   48   38   34   34   40   50   60   69   75   76   72   65   56   46   37
   30   26   24   25   25   26   28   31   37
    50.0-180.0 180.0   5.0 450.0                            LAT/LON1/LON2/DLON/H
   28   33   40   47   56   68   84  107  134  163  189  214  236  258  282  310
  341  373  403  425  434  426  401  366  330  304  294  300  318  340  359  368
  367  357  341  321  298  272  245  218  191  167  145  128  114  103   92   82
   71   61   53   49   51   58   68   78   87   92   94   93   87   78   68   58
   50   45   42   39   36   32   28   26   28
    47.5-180.0 180.0   5.0 450.0                            LAT/LON1/LON2/DLON/H
   28   31   37   46   56   70   90  116  148  180  209  235  257  279  301  324
  350  379  406  428  439  433  410  376  342  316  308  317  337  359  376  382
  377  364  346  325  303  279  255  230  206  183  162  144  129  117  106   97
   88   81   76   74   77   83   90   99  106  111  113  113  108  101   91   81
   73   67   64   60   55   47   38   31   28
    45.0-180.0 180.0   5.0 450.0                            LAT/LON1/LON2/DLON/H
   37   37   42   50   61   75   97  126  159  194  225  252  276  299  320  341
  363  388  414  438  453  451  432  400  366  340  330  337  353  371  381  381
  371  355  337  318  299  279  258  237  215  195  175  157  141  128  118  111
  106  102  100  100  102  106  111  115  119  123  125  126  123  117  108   98
   90   85   81   79   74   65   53   43   37
    42.5-180.0 180.0   5.0 450.0                            LAT/LON1/LON2/DLON/H
   49   48   52   59   68   81  103  132  167  203  236  265  291  316  339  360
  380  403  430  457  477  480  464  433  398  369  355  356  365  374  376  368
  353  337  322  308  294  278  260  240  221  202  183  165  148  135  126  121
  119  119  119  119  121  122  122  122  123  124  127  128  127  122  114  105
   96   91   89   89   86   79   68   57   49
    40.0-180.0 180.0   5.0 450.0                            LAT/LON1/LON2/DLON/H
   61   59   62   67   75   87  107  136  171  207  241  272  302  332  359  381
  402  426  454  484  507  514  499  468  430  397  378  373  374  374  367  353
  336  321  312  305  296  283  265  245  225  205  187  169  152  138  130  127
  126  127  128  128  127  125  122  119  116  116  118  120  120  117  109  100
   92   87   86   88   88   85   77   68   61
    37.5-180.0 180.0   5.0 450.0                            LAT/LON1/LON2/DLON/H
   67   66   69   73   79   89  108  137  173  208  242  276  311  346  378  405
  428  453  483  515  539  544  528  494  454  419  397  388  384  377  364  346
  330  320  318  318  314  301  280  255  231  210  192  174  157  144  135  131
  130  129  128  125  122  118  113  107  103  102  104  107  108  105   99   91
   83   77   75   77   81   82   78   72   67
    35.0-180.0 180.0   5.0 450.0                            LAT/LON1/LON2/DLON/H
   66   66   70   74   79   89  109  139  175  211  245  280  319  360  398  429
  454  481  511  542  563  563  542  505  465  432  413  405  402  394  379  361
  347  343  349  355  352  335  307  274  244  221  203  187  171  158  148  142
  136  131  124  118  112  106  100   94   90   90   93   96   97   95   91   84
   76   68   64   64   68   72   72   69   66
    32.5-180.0 180.0   5.0 450.0                            LAT/LON1/LON2/DLON/H
   59   60   64   69   75   87  110  144  182  219  253  289  331  376  418  452
  480  507  536  562  575  567  539  501  465  441  432  433  436  432  420  405
  395  396  406  415  410  386  348  304  267  242  225  212  200  187  175  164
  153  139  125  113  104   97   92   88   87   88   92   94   95   94   92   87
   80   69   60   56   57   60   61   60   59
    30.0-180.0 180.0   5.0 450.0                            LAT/LON1/LON2/DLON/H
   50   50   54   59   68   85  114  153  195  234  269  305  348  394  438  474
  502  528  554  572  574  555  523  488  463  455  462  477  492  498  492  480
  473  476  488  495  484  451  400  346  303  275  261  253  244  233  220  203
  184  162  140  121  109  102   99   97   98  101  105  107  106  105  105  104
   98   85   70   58   53   52   52   51   50
    27.5-180.0 180.0   5.0 450.0                            LAT/LON1/LON2/DLON/H
   42   41   43   49   62   85  121  168  216  258  293  329  371  416  459  494
  521  545  565  573  563  536  502  477  470  483  510  543  572  588  589  580
  573  575  582  584  565  522  461  398  350  322  311  308  303  294  279  258
  232  202  172  149  134  127  125  125  127  131  134  134  131  130  132  134
  130  116   95   74   60   53   50   46   42
    25.0-180.0 180.0   5.0 450.0                            LAT/LON1/LON2/DLON/H
   43   38   37   43   58   87  132  186  240  286  323  358  398  441  481  513
  538  559  572  571  551  520  492  483  498  534  581  629  669  693  699  692
  681  677  678  671  643  591  523  456  405  377  369  370  368  360  345  322
  292  258  224  197  180  173  170  170  172  175  175  172  166  163  166  171
  170  155  130  102   80   66   57   50   43
    22.5-180.0 180.0   5.0 450.0                            LAT/LON1/LON2/DLON/H
   53   43   39   43   60   95  146  207  267  316  355  390  427  467  503  533
  555  573  581  573  548  518  503  515  555  611  671  726  770  798  806  797
  782  770  760  744  710  654  583  516  465  437  429  429  428  421  406  384
  355  322  289  263  245  236  230  227  226  225  222  215  206  200  202  208
  209  196  168  136  108   88   75   64   53
    20.0-180.0 180.0   5.0 450.0                            LAT/LON1/LON2/DLON/H
   73   60   51   52   70  108  164  229  292  344  384  420  456  493  526  554
  576  591  596  584  560  539  542  578  639  707  769  820  860  884  891  880
  860  840  821  798  759  703  637  573  523  494  482  477  473  463  450  432
  411  386  360  336  319  307  296  287  279  273  267  257  244  234  233  238
  239  228  202  169  139  116  101   87   73
    17.5-180.0 180.0   5.0 450.0                            LAT/LON1/LON2/DLON/H
  101   85   72   71   88  127  184  250  314  367  410  447  483  518  551  578
  601  617  621  610  592  585  609  667  741  810  860  895  921  938  941  929
  906  881  857  829  791  740  681  624  576  542  521  506  493  480  469  460
  450  439  424  407  392  375  358  340  324  313  303  290  274  261  255  256
  256  246  224  195  167  145  130  117  101
    15.0-180.0 180.0   5.0 450.0                            LAT/LON1/LON2/DLON/H
  132  114   99   96  112  151  207  272  334  387  431  470  507  544  578  608
  633  651  657  650  641  651  695  768  845  900  928  937  943  951  952  942
  921  895  869  841  807  764  716  666  619  577  542  513  489  471  462  462
  468  473  473  465  451  431  406  379  356  339  326  313  296  280  268  262
  258  250  233  210  187  169  157  146  132
    12.5-180.0 180.0   5.0 450.0                            LAT/LON1/LON2/DLON/H
  158  142  126  123  141  179  233  293  352  405  451  493  532  570  607  641
  671  692  702  701  703  728  786  863  931  963  959  940  926  926  929  925
  911  890  866  841  812  779  741  698  650  598  548  502  465  441  434  445
  466  488  502  503  491  467  435  400  371  350  337  325  310  292  274  260
  250  242  230  215  199  186  178  170  158
    10.0-180.0 180.0   5.0 450.0                            LAT/LON1/LON2/DLON/H
  177  163  150  149  169  209  261  317  373  425  473  516  557  598  638  677
  711  736  748  753  765  801  864  936  984  987  952  906  879  876  886  892
  889  876  857  836  813  787  757  718  667  606  541  481  433  404  399  416
  449  485  511  519  509  482  445  405  372  351  339  331  319  302  279  257
  240  229  222  213  203  194  189  185  177
     7.5-180.0 180.0   5.0 450.0                            LAT/LON1/LON2/DLON/H
  183  173  164  170  195  238  290  343  396  448  497  543  585  627  670  712
  750  776  791  800  818  858  917  973  996  970  910  849  817  819  840  859
  867  863  850  831  811  789  763  727  673  604  529  459  404  373  368  390
  429  472  504  516  505  477  438  398  365  345  335  332  326  311  286  257
  233  219  214  210  204  196  192  189  183
     5.0-180.0 180.0   5.0 450.0                            LAT/LON1/LON2/DLON/H
  179  171  168  181  215  264  317  369  421  473  525  571  614  655  700  744
  782  808  822  834  854  891  938  972  969  921  849  787  762  775  809  840
  857  858  847  828  807  785  760  723  668  596  518  446  391  359  355  375
  413  455  487  499  488  459  422  385  356  338  332  333  333  322  298  265
  235  217  212  209  204  195  188  184  179
     2.5-180.0 180.0   5.0 450.0                            LAT/LON1/LON2/DLON/H
  166  160  163  185  228  283  339  392  444  499  553  600  641  681  724  767
  803  826  839  851  870  899  928  939  915  857  788  739  730  758  802  839
  859  860  847  824  799  773  746  708  654  585  512  446  397  368  362  377
  408  442  467  475  462  435  402  371  348  334  331  335  340  334  312  278
  244  224  217  214  206  193  181  173  166
