ionex_files/turquie/COD0OPSFIN_20230260000_01D_01H_GIM.INX
     1.0            IONOSPHERE MAPS     GNSS                IONEX VERSION / TYPE
ADDNEQ2 V5.5        AIUB                30-JAN-23 21:42     PGM / RUN BY / DATE 
CODE'S GLOBAL IONOSPHERE MAPS FOR DAY 026, 2023             COMMENT             
Global ionosphere maps (GIM) are generated on a daily basis DESCRIPTION         
at CODE using data from about 300 GNSS sites of the IGS and DESCRIPTION         
other institutions. The vertical total electron content     DESCRIPTION         
(VTEC) is modeled in a solar-geomagnetic reference frame    DESCRIPTION         
using a spherical harmonics expansion up to degree and      DESCRIPTION         
order 15. Piece-wise linear functions are used for          DESCRIPTION         
representation in the time domain. The time spacing of      DESCRIPTION         
their vertices is 1 hour, conforming with the epochs of the DESCRIPTION         
VTEC maps.                                                  DESCRIPTION         
To convert line-of-sight TEC into vertical TEC, a modified  DESCRIPTION         
single-layer model mapping function approximating the JPL   DESCRIPTION         
extended slab model mapping function is adopted. The        DESCRIPTION         
mapping function is evaluated at geodetic satellite         DESCRIPTION         
elevation angles. For the computation of the ionospheric    DESCRIPTION         
pierce points, a spherical layer with a radius of 6821 km   DESCRIPTION         
is assumed, implying geocentric, not geodetic IONEX         DESCRIPTION         
latitudes.                                                  DESCRIPTION         
Instrumental biases with respect to each involved GNSS code DESCRIPTION         
observable are estimated as constant values for each        DESCRIPTION         
day. They are modeled with one set of bias parameters for   DESCRIPTION         
each satellite and each station in case of GPS and for each DESCRIPTION         
satellite-station link in case of GLONASS. The code bias    DESCRIPTION         
datum is defined by zero-mean conditions imposed on the     DESCRIPTION         
satellite bias estimates. In this file, just GPS C1W-C2W    DESCRIPTION         
satellite and station bias values are included. The         DESCRIPTION         
complete set of GNSS code bias results is provided in an    DESCRIPTION         
additional Bias-SINEX file as pseudo-absolute values        DESCRIPTION         
specific to each observable.                                DESCRIPTION         
Note: These GIM results correspond to the results for the   DESCRIPTION         
middle day of a 3-day combination analysis solving for 73   DESCRIPTION         
times 256, or 18688 VTEC parameters and 3 daily sets of     DESCRIPTION         
GNSS code bias parameters.                                  DESCRIPTION         
Contact address: code(at)aiub.unibe.ch                      DESCRIPTION         
Data archive:    ftp.aiub.unibe.ch/CODE/                    DESCRIPTION         
                 www.aiub.unibe.ch/download/CODE/           DESCRIPTION         
  2023     1    26     0     0     0                        EPOCH OF FIRST MAP  
  2023     1    27     0     0     0                        EPOCH OF LAST MAP   
  3600                                                      INTERVAL            
[...]
brux bshm cas1 ccj2 cedu chpg chpi chti chur ckis cnmr coco COMMENT             
cord cpxf crar cro1 daej darw dav1 dgar dhlg drao dubo ebre COMMENT             
faa1 fair flin flrs frdn ftna func ganp glps gode godz gol2 COMMENT             
gold gope gras graz guam guug harb hers hert hlfx hob2 hofn COMMENT             
holb hrao hyde iddr ieng iisc ineg invk iqal irkj isba jog2 COMMENT             
joz2 joze karr kerg kir0 kiru kit3 kokb kokv koug kour krgg COMMENT             
laut lmmf lpal lpgs m0se mac1 madr mal2 mana mas1 mat1 mate COMMENT             
maw1 mcm4 mdo1 mdvj medi mets mgue mizu mkea mnls mobs monp COMMENT             
morp mqzg mro1 nano nico nist nium nklg nlib nnor not1 nrc1 COMMENT             
nrmd ntus nya1 nyal ohi2 onsa opmt ous2 pado parc park pdel COMMENT             
penc pert pie1 pimo pohn pol2 polv pots pove prds ptbb ptvl COMMENT             
qaq1 quin ramo reun reyk rgdg rio2 riop salu samo sant savo COMMENT             
sch2 scor scrz sctb scub seyg sofi spt0 ssia sthl stjo stk2 COMMENT             
str2 suth sutm sydn syog tabl tabv tash thtg thti thu2 tid1 COMMENT             
tidb tlse tn22 tong tow2 tro1 tsea tskb tuva twtf txes uclu COMMENT             
ufpr ulab unb3 unbj unsa urum usn7 usud vald vill voim vtsp COMMENT             
wab1 wab2 wark wes2 wgtn whit will wind wsrt wtza wtzl wtzr COMMENT             
wtzs wuhn xmis yar2 yar3 yarr yell ykro zamb zeck zim2 zim3 COMMENT             
zimm                                                        COMMENT             
                                                            END OF HEADER       
[from data line 6864]
    17                                                      START OF TEC MAP    
  2023     1    26    16     0     0                        EPOCH OF CURRENT MAP
    87.5-180.0 180.0   5.0 450.0                            LAT/LON1/LON2/DLON/H
  140  143  146  149  151  154  157  160  163  166  168  170  172  174  176  177
  179  180  180  181  181  181  181  180  180  179  178  177  175  174  172  171
  169  167  165  164  162  160  158  156  154  152  150  148  146  144  141  139
  137  136  134  132  130  129  127  126  125  124  123  123  122  122  123  123
  124  125  127  129  130  133  135  137  140
    85.0-180.0 180.0   5.0 450.0                            LAT/LON1/LON2/DLON/H
  113  118  124  130  136  142  148  154  159  165  170  174  178  182  185  187
  189  190  191  191  191  190  189  187  185  183  181  178  175  172  169  166
  163  160  157  154  151  148  145  143  140  137  134  131  129  126  122  119
  116  112  109  105  101   98   94   91   88   85   83   81   80   80   80   80
   82   84   86   90   93   98  102  107  113
    82.5-180.0 180.0   5.0 450.0                            LAT/LON1/LON2/DLON/H
   84   92   99  107  115  124  132  140  148  155  162  169  175  179  184  187
  189  190  191  190  189  187  185  182  179  175  171  167  163  158  154  150
  145  141  138  134  131  127  125  122  119  117  115  112  110  108  105  101
   98   94   89   84   78   72   67   61   55   50   46   43   40   39   39   39
   41   44   48   53   58   64   70   77   84
    80.0-180.0 180.0   5.0 450.0                            LAT/LON1/LON2/DLON/H
   63   71   78   86   94  103  112  121  131  140  148  156  163  170  174  178
  181  182  183  182  181  178  176  172  168  163  158  152  147  141  135  130
  125  120  115  111  107  103  101   98   96   95   94   93   93   92   91   89
   86   83   78   72   66   58   50   42   34   27   21   16   12   10   10   11
   14   18   23   29   35   42   49   56   63
    77.5-180.0 180.0   5.0 450.0                            LAT/LON1/LON2/DLON/H
   56   61   67   72   78   85   93  102  112  121  131  140  148  156  161  166
  169  171  172  172  172  171  169  166  162  157  151  144  138  130  123  116
  110  103   97   92   87   83   79   77   75   75   75   77   78   80   82   83
   83   81   78   72   65   57   47   37   28   19   11    5    1    0    0    3
    7   13   19   26   33   39   45   51   56
    75.0-180.0 180.0   5.0 450.0                            LAT/LON1/LON2/DLON/H
   65   66   67   68   70   73   78   86   94  104  115  125  134  141  148  153
  157  160  164  167  169  171  172  171  169  164  158  151  142  133  124  115
  107   98   91   83   76   70   65   61   59   59   60   63   67   73   78   82
   86   87   85   81   75   66   56   45   35   25   17   11    8    8   10   14
   20   28   36   43   50   56   61   64   65
    72.5-180.0 180.0   5.0 450.0                            LAT/LON1/LON2/DLON/H
   86   82   78   73   69   68   70   74   82   91  102  112  121  130  136  142
  148  154  160  168  176  183  189  193  193  189  183  174  163  152  140  128
  117  107   97   87   77   68   60   54   50   48   49   53   60   67   76   84
   90   94   95   93   88   80   71   60   50   41   34   29   28   29   33   40
   48   57   66   74   81   86   89   89   86
    70.0-180.0 180.0   5.0 450.0                            LAT/LON1/LON2/DLON/H
  111  103   94   84   75   69   67   69   74   83   94  104  114  122  128  135
  142  151  163  177  192  208  220  229  232  230  222  211  197  182  168  153
  140  127  115  102   89   77   65   55   48   44   44   48   55   64   74   84
   92   99  102  102   98   92   84   75   66   59   54   52   53   56   62   70
   80   89   98  107  113  117  118  116  111
    67.5-180.0 180.0   5.0 450.0                            LAT/LON1/LON2/DLON/H
  129  120  109   96   84   74   68   67   71   79   90  100  109  117  123  130
  139  152  169  191  216  239  260  274  280  278  269  255  238  220  202  186
  170  155  141  125  110   94   78   65   54   47   45   47   52   61   70   80
   89   96  100  101   99   95   89   83   77   73   71   72   75   80   87   95
  104  112  120  127  133  136  137  135  129
    65.0-180.0 180.0   5.0 450.0                            LAT/LON1/LON2/DLON/H
  133  127  116  104   90   78   71   68   71   78   88   98  107  114  120  127
  138  154  178  208  241  273  300  319  327  325  314  298  278  257  238  220
  203  187  171  153  135  116   97   80   66   56   51   50   53   59   66   73
   80   85   89   90   89   87   84   81   79   79   80   83   88   94  101  107
  113  118  122  127  131  134  137  137  133
    62.5-180.0 180.0   5.0 450.0                            LAT/LON1/LON2/DLON/H
  120  119  113  104   92   81   72   68   70   77   87   97  106  113  118  126
  138  158  187  224  264  302  334  356  365  362  350  332  311  290  271  253
  236  219  202  182  162  140  119   99   83   70   62   58   57   59   61   64
   67   69   70   71   71   71   71   71   73   76   80   85   91   96  101  103
  104  104  104  105  107  110  115  118  120
    60.0-180.0 180.0   5.0 450.0                            LAT/LON1/LON2/DLON/H
   93   99  100   96   89   80   72   68   69   75   85   95  104  112  118  127
  141  164  197  237  281  323  356  378  386  382  370  353  335  316  299  283
  267  250  231  210  188  165  142  122  103   89   78   71   66   62   59   56
   53   51   50   50   51   52   55   58   62   68   74   80   85   89   90   88
   83   77   72   68   67   70   77   85   93
    57.5-180.0 180.0   5.0 450.0                            LAT/LON1/LON2/DLON/H
   60   73   81   85   83   77   71   67   68   73   82   93  103  112  120  131
  148  173  208  250  294  334  365  383  390  386  376  363  349  336  324  310
  294  276  256  234  211  188  166  145  126  110   98   87   78   69   59   51
   43   37   34   34   35   39   43   48   54   60   67   72   76   77   74   68
   58   47   36   28   25   27   35   47   60
    55.0-180.0 180.0   5.0 450.0                            LAT/LON1/LON2/DLON/H
   33   50   64   73   76   75   71   68   68   73   82   93  105  116  127  141
  161  188  223  263  303  337  362  376  379  376  370  363  357  351  343  331
  316  297  275  253  230  209  188  168  149  133  118  104   91   78   64   51
   40   32   28   28   31   36   41   47   52   58   64   68   69   67   61   51
   38   24   10    0    0    0    2   15   33
    52.5-180.0 180.0   5.0 450.0                            LAT/LON1/LON2/DLON/H
   19   37   54   67   74   76   75   73   73   77   85   97  110  124  140  158
  181  209  243  279  313  338  354  361  361  359  358  359  360  360  356  346
  330  309  287  264  244  225  207  189  171  153  136  120  104   88   71   56
   44   37   35   36   40   46   51   56   60   64   68   69   68   64   56   44
   30   15    1    0    0    0    0    2   19
    50.0-180.0 180.0   5.0 450.0                            LAT/LON1/LON2/DLON/H
   23   40   56   70   79   83   84   83   84   87   95  107  122  139  159  181
  207  238  270  301  326  342  348  347  344  343  346  352  359  362  360  350
  332  311  288  268  251  238  224  208  190  170  151  132  114   96   80   65
   55   50   50   54   60   65   70   73   76   77   78   78   75   69   60   49
   36   23   11    2    0    0    0    9   23
    47.5-180.0 180.0   5.0 450.0                            LAT/LON1/LON2/DLON/H
   44   56   69   80   90   95   98   99  101  105  112  124  140  160  183  209
  239  270  302  329  346  352  349  341  334  332  337  345  353  356  352  341
  322  300  280  264  253  245  236  223  204  182  159  138  119  102   87   75
   69   67   70   76   82   87   90   92   93   93   92   90   86   80   71   61
   51   43   36   30   27   26   29   35   44
    45.0-180.0 180.0   5.0 450.0                            LAT/LON1/LON2/DLON/H
   73   79   87   96  104  110  115  118  122  127  136  148  164  185  209  238
  271  305  336  360  372  371  359  345  333  329  332  337  341  340  333  320
  302  282  265  255  251  249  246  234  214  189  163  139  120  104   92   84
   81   83   88   95  100  104  105  105  105  105  104  102   99   93   85   77
   70   66   64   63   64   65   66   69   73
    42.5-180.0 180.0   5.0 450.0                            LAT/LON1/LON2/DLON/H
  100  102  105  111  117  123  129  135  142  151  162  175  191  211  236  266
  300  336  369  393  402  396  378  358  342  333  330  329  325  318  307  293
  278  264  252  247  249  253  253  243  221  193  163  138  119  105   95   91
   91   94  100  104  107  109  109  108  108  109  109  109  107  102   96   89
   84   83   85   89   93   97   98   99  100
    40.0-180.0 180.0   5.0 450.0                            LAT/LON1/LON2/DLON/H
  114  114  115  118  122  128  136  145  157  170  185  201  217  237  260  289
  325  362  397  422  431  422  401  377  356  341  331  321  308  295  282  273
  265  257  251  250  254  261  262  252  228  196  165  139  120  108  101   98
   99  101  104  104  103  101  100  100  101  104  107  109  109  106  100   94
   89   88   92   98  105  111  114  115  114
    37.5-180.0 180.0   5.0 450.0                            LAT/LON1/LON2/DLON/H
  111  111  111  114  118  123  132  144  161  181  203  222  240  258  280  308
  342  382  419  446  455  446  422  394  369  350  334  317  298  283  274  274
  276  276  273  270  272  276  276  263  238  204  172  147  129  118  112  109
  108  107  104   99   92   87   85   85   88   93   99  103  105  104   98   92
   86   83   85   90   98  104  109  111  111
    35.0-180.0 180.0   5.0 450.0                            LAT/LON1/LON2/DLON/H
   91   92   94   98  102  108  117  132  154  182  211  237  257  275  295  321
  355  395  433  461  471  460  435  405  379  359  341  322  304  293  296  309
  324  330  325  315  307  303  297  281  254  220  189  165  149  139  132  128
  124  118  108   96   84   76   72   73   77   83   90   96   99   99   94   86
   78   72   69   71   76   82   86   89   91
    32.5-180.0 180.0   5.0 450.0                            LAT/LON1/LON2/DLON/H
   60   63   67   73   78   84   93  109  136  172  210  243  268  288  308  333
  366  404  441  467  475  462  436  407  382  366  354  342  334  336  355  384
  411  420  408  384  360  342  327  307  278  246  217  196  182  173  165  158
  150  139  124  106   90   78   73   73   76   81   87   92   95   95   92   84
   74   64   56   52   51   53   56   58   60
    30.0-180.0 180.0   5.0 450.0                            LAT/LON1/LON2/DLON/H
   30   33   38   45   52   57   66   83  114  156  202  243  274  298  319  344
  376  412  445  466  468  452  425  398  381  376  377  382  391  413  450  496
  532  539  514  470  425  391  366  341  312  282  257  240  228  218  209  200
  189  175  157  136  116  103   95   93   92   93   95   97   98   99   97   91
   81   68   55   44   37   33   31   30   30
    27.5-180.0 180.0   5.0 450.0                            LAT/LON1/LON2/DLON/H
   12   11   16   23   30   35   43   60   92  139  191  240  278  306  331  359
  390  422  447  459  452  431  404  384  379  391  414  441  473  516  571  629
  668  668  627  561  495  445  410  382  354  327  306  292  281  271  260  250
  240  226  207  186  166  151  141  133  127  121  116  113  111  111  111  108
  100   87   71   55   41   31   23   16   12
    25.0-180.0 180.0   5.0 450.0                            LAT/LON1/LON2/DLON/H
   10    4    5   10   17   22   29   46   78  127  184  237  281  315  345  376
  407  434  450  450  433  406  381  371  383  416  462  514  569  629  696  758
  794  784  726  642  560  498  457  428  401  378  360  347  337  325  314  304
  296  285  270  252  233  217  203  189  175  162  149  139  133  132  135  136
  132  121  105   86   67   51   35   21   10
    22.5-180.0 180.0   5.0 450.0                            LAT/LON1/LON2/DLON/H
   27   13    9   11   17   22   29   45   77  126  183  239  286  325  361  397
  429  451  456  443  415  385  364  367  397  451  519  592  662  732  801  858
  885  863  794  700  610  544  503  474  450  429  412  400  388  374  362  354
  350  345  336  322  307  290  272  251  229  207  187  171  161  158  163  169
  170  163  148  129  109   88   67   46   27
    20.0-180.0 180.0   5.0 450.0                            LAT/LON1/LON2/DLON/H
   56   36   24   23   27   32   40   57   89  136  192  247  295  338  379  419
  452  469  466  441  405  374  361  377  424  495  578  661  737  805  864  909
  923  892  820  727  640  579  542  518  496  476  459  445  429  412  399  393
  393  395  392  385  372  355  332  305  276  249  224  203  189  185  190  200
  206  203  192  175  155  133  108   82   56
    17.5-180.0 180.0   5.0 450.0                            LAT/LON1/LON2/DLON/H
   89   63   47   41   43   49   59   78  111  156  209  261  308  353  398  441
  475  490  480  448  408  379  376  406  466  545  631  712  780  834  876  901
  903  870  804  724  653  604  576  556  536  516  497  479  458  437  421  416
  421  427  431  428  418  400  373  341  308  279  253  230  213  207  212  223
  231  232  223  210  192  172  147  119   89
    15.0-180.0 180.0   5.0 450.0                            LAT/LON1/LON2/DLON/H
  116   88   68   58   59   66   80  103  138  183  232  280  325  370  416  461
  496  510  498  464  425  402  410  451  517  594  670  737  787  819  837  844
  836  808  759  702  652  621  603  588  569  547  525  501  475  448  430  424
  430  439  446  446  438  419  390  355  322  294  270  247  230  222  226  235
  243  244  238  227  213  196  173  146  116
    12.5-180.0 180.0   5.0 450.0                            LAT/LON1/LON2/DLON/H
  129  102   81   69   68   77   95  124  163  209  257  302  345  388  433  478
  514  530  520  490  458  444  462  509  572  636  692  734  760  769  766  757
  746  730  704  674  650  636  627  615  595  570  543  515  482  451  428  421
  425  434  441  442  434  414  384  350  320  296  276  256  239  230  231  238
  242  240  234  225  214  200  181  157  129
    10.0-180.0 180.0   5.0 450.0                            LAT/LON1/LON2/DLON/H
  128  105   85   72   69   79  101  136  182  232  280  324  365  407  450  493
  529  549  546  524  502  498  523  570  623  666  695  711  713  703  686  670
  663  662  661  658  654  652  648  636  614  586  555  522  485  449  422  411
  413  418  422  422  414  395  366  335  309  291  276  260  244  234  232  234
  232  226  218  209  200  188  172  151  128
     7.5-180.0 180.0   5.0 450.0                            LAT/LON1/LON2/DLON/H
  116   98   80   67   63   72   97  138  191  247  298  344  386  426  467  507
  542  566  572  563  552  557  585  627  664  683  685  676  662  644  623  610
  612  627  647  662  671  674  668  653  627  596  563  527  487  448  418  404
  401  401  401  399  391  374  349  322  301  287  276  262  248  238  233  229
  221  210  199  190  181  169  153  135  116
     5.0-180.0 180.0   5.0 450.0                            LAT/LON1/LON2/DLON/H
  101   87   73   60   53   60   87  133  192  254  311  361  405  445  483  519
  552  580  597  601  602  613  640  672  691  686  666  643  624  609  597  594
  607  635  666  689  699  698  686  664  635  603  569  532  491  451  420  403
  396  392  388  383  376  363  343  321  303  292  281  268  254  244  237  229
  216  200  187  178  169  154  136  118  101
     2.5-180.0 180.0   5.0 450.0                            LAT/LON1/LON2/DLON/H
   93   81   70   56   47   51   77  125  188  255  318  373  421  463  499  530
  561  592  618  634  644  658  681  700  701  679  645  620  609  610  614  624
  646  679  711  730  732  720  698  670  639  607  574  539  499  460  429  410
  400  393  386  382  377  369  354  336  320  307  294  280  266  255  247  236
  220  202  189  181  171  153  131  109   93
