ionex_files/turquie/COD0OPSFIN_20230230000_01D_01H_GIM.INX
     1.0            IONOSPHERE MAPS     GNSS                IONEX VERSION / TYPE
ADDNEQ2 V5.5        AIUB                27-JAN-23 21:15     PGM / RUN BY / DATE 
CODE'S GLOBAL IONOSPHERE MAPS FOR DAY 023, 2023             COMMENT             
Global ionosphere maps (GIM) are generated on a daily basis DESCRIPTION         
at CODE using data from about 300 GNSS sites of the IGS and DESCRIPTION         
other institutions. The vertical total electron content     DESCRIPTION         
(VTEC) is modeled in a solar-geomagnetic reference frame    DESCRIPTION         
using a spherical harmonics expansion up to degree and      DESCRIPTION         
order 15. Piece-wise linear functions are used for          DESCRIPTION         
representation in the time domain. The time spacing of      DESCRIPTION         
their vertices is 1 hour, conforming with the epochs of the DESCRIPTION         
VTEC maps.                                                  DESCRIPTION         
To convert line-of-sight TEC into vertical TEC, a modified  DESCRIPTION         
single-layer model mapping function approximating the JPL   DESCRIPTION         
extended slab model mapping function is adopted. The        DESCRIPTION         
mapping function is evaluated at geodetic satellite         DESCRIPTION         
elevation angles. For the computation of the ionospheric    DESCRIPTION         
pierce points, a spherical layer with a radius of 6821 km   DESCRIPTION         
is assumed, implying geocentric, not geodetic IONEX         DESCRIPTION         
latitudes.                                                  DESCRIPTION         
Instrumental biases with respect to each involved GNSS code DESCRIPTION         
observable are estimated as constant values for each        DESCRIPTION         
day. They are modeled with one set of bias parameters for   DESCRIPTION         
each satellite and each station in case of GPS and for each DESCRIPTION         
satellite-station link in case of GLONASS. The code bias    DESCRIPTION         
datum is defined by zero-mean conditions imposed on the     DESCRIPTION         
satellite bias estimates. In this file, just GPS C1W-C2W    DESCRIPTION         
satellite and station bias values are included. The         DESCRIPTION         
complete set of GNSS code bias results is provided in an    DESCRIPTION         
additional Bias-SINEX file as pseudo-absolute values        DESCRIPTION         
specific to each observable.                                DESCRIPTION         
Note: These GIM results correspond to the results for the   DESCRIPTION         
middle day of a 3-day combination analysis solving for 73   DESCRIPTION         
times 256, or 18688 VTEC parameters and 3 daily sets of     DESCRIPTION         
GNSS code bias parameters.                                  DESCRIPTION         
Contact address: code(at)aiub.unibe.ch                      DESCRIPTION         
Data archive:    ftp.aiub.unibe.ch/CODE/                    DESCRIPTION         
                 www.aiub.unibe.ch/download/CODE/           DESCRIPTION         
  2023     1    23     0     0     0                        EPOCH OF FIRST MAP  
  2023     1    24     0     0     0                        EPOCH OF LAST MAP   
  3600                                                      INTERVAL            
[...]
azgb badg bake bako barh bjfs bndy boav bogo bogt bor1 braz COMMENT             
brst brux bshm cas1 ccj2 cedu chpg chpi chti chur ckis cnmr COMMENT             
coco cord cpxf crar cro1 daej darw dav1 dgar dhlg drao dubo COMMENT             
ebre faa1 fair flrs frdn ftna func ganp glps gode godz gol2 COMMENT             
gold gope gras graz guam harb hers hert hlfx hob2 hofn holb COMMENT             
hrao hyde iddr ieng iisc ineg invk iqal irkj isba jog2 joz2 COMMENT             
joze karr kerg kir0 kiru kit3 kokb kokv koug kour krgg laut COMMENT             
lmmf lpal lpgs m0se mac1 madr mal2 mana mas1 mat1 mate maw1 COMMENT             
mcm4 mdo1 mdvj medi mets mgue mizu mkea mnls mobs monp morp COMMENT             
mqzg mro1 mtka nano nico nist nium nklg nlib nnor not1 nrc1 COMMENT             
nrmd ntus nya1 nyal ohi2 onsa opmt ous2 pado parc park pdel COMMENT             
penc pert pie1 pimo pohn pol2 polv pots pove prds ptbb ptvl COMMENT             
qaq1 quin ramo reun reyk rgdg rio2 riop salu samo sant savo COMMENT             
sch2 scor scrz sctb scub seyg sofi spt0 ssia sthl stk2 str2 COMMENT             
suth sutm sydn syog tabl tabv tash thtg thti thu2 tid1 tidb COMMENT             
tlse tn22 tong tow2 tro1 tsea tskb tuva twtf txes uclu ufpr COMMENT             
ulab unb3 unbj unsa urum usn7 usud vald vill voim vtsp wab1 COMMENT             
wab2 wark wes2 wgtn whit will wind wsrt wtza wtzl wtzr wtzs COMMENT             
wuhn xmis yar2 yar3 yarr yell ykro zamb zeck zim2 zim3 zimm COMMENT             
                                                            END OF HEADER       
[from data line 9438]
    23                                                      START OF TEC MAP    
  2023     1    23    22     0     0                        EPOCH OF CURRENT MAP
    87.5-180.0 180.0   5.0 450.0                            LAT/LON1/LON2/DLON/H
  129  131  134  136  139  142  144  147  149  152  154  156  157  159  160  161
  161  161  161  161  160  159  158  156  155  153  151  149  147  144  142  140
  137  135  133  130  128  126  124  122  121  119  118  117  116  115  114  113
  113  112  112  111  111  111  111  111  111  111  111  112  112  113  113  114
  115  116  117  119  120  122  124  126  129
    85.0-180.0 180.0   5.0 450.0                            LAT/LON1/LON2/DLON/H
  112  116  122  128  134  140  147  153  160  165  171  176  180  183  185  187
  187  187  187  185  183  180  177  174  170  166  162  158  153  149  144  139
  135  131  126  122  118  115  112  109  106  104  102  101  100   99   98   98
   98   98   98   98   98   98   98   97   97   96   96   95   95   94   94   93
   94   94   95   96   98  100  103  107  112
    82.5-180.0 180.0   5.0 450.0                            LAT/LON1/LON2/DLON/H
   86   93  101  110  120  131  142  153  164  174  183  191  197  202  205  206
  206  204  202  198  194  190  185  180  175  170  165  160  155  149  144  138
  132  127  121  116  111  106  102   98   95   93   91   90   90   90   90   91
   91   92   93   94   94   94   94   93   92   90   88   86   84   81   79   76
   74   72   71   71   72   73   76   81   86
    80.0-180.0 180.0   5.0 450.0                            LAT/LON1/LON2/DLON/H
   61   69   78   90  103  117  132  148  163  177  190  200  208  213  215  214
  212  207  202  195  189  183  177  172  168  164  160  157  153  149  145  140
  134  128  122  116  110  104   99   95   92   90   88   88   88   89   90   91
   93   94   96   96   97   97   96   95   93   90   87   83   79   74   70   65
   60   56   53   51   50   50   52   55   61
    77.5-180.0 180.0   5.0 450.0                            LAT/LON1/LON2/DLON/H
   46   53   62   74   89  106  124  143  162  179  194  206  213  217  216  212
  205  195  185  175  166  159  154  150  149  149  150  150  151  150  149  146
  141  136  129  123  116  110  104  100   97   94   93   93   94   95   96   98
   99  101  101  102  102  101  100   98   95   92   88   83   78   73   67   61
   56   50   46   42   39   38   39   41   46
    75.0-180.0 180.0   5.0 450.0                            LAT/LON1/LON2/DLON/H
   48   53   61   72   86  102  121  142  163  183  199  211  218  218  213  203
  189  174  158  143  132  124  120  120  123  128  135  142  148  152  154  153
  150  145  139  132  125  119  113  109  106  104  103  103  104  105  106  107
  107  107  107  105  104  102   99   97   94   90   87   83   78   74   69   64
   59   55   51   48   46   44   44   45   48
    72.5-180.0 180.0   5.0 450.0                            LAT/LON1/LON2/DLON/H
   71   74   78   86   96  111  129  149  171  191  209  221  225  222  212  195
  174  151  129  110   96   88   85   88   96  107  120  132  143  151  156  157
  155  151  144  137  130  124  119  115  113  113  113  113  114  115  115  114
  113  110  107  104  100   96   92   89   86   83   81   78   76   74   72   70
   69   68   67   67   68   68   69   70   71
    70.0-180.0 180.0   5.0 450.0                            LAT/LON1/LON2/DLON/H
  111  111  112  115  121  131  146  165  187  208  226  237  241  234  219  196
  168  139  111   88   71   61   59   64   74   88  104  120  133  144  150  152
  150  145  138  131  125  120  117  115  115  116  117  118  119  120  119  117
  113  108  102   95   89   83   78   74   71   70   70   70   70   71   73   76
   79   83   88   94   99  104  107  110  111
    67.5-180.0 180.0   5.0 450.0                            LAT/LON1/LON2/DLON/H
  158  158  156  155  156  161  172  189  210  231  250  263  266  258  239  212
  180  146  114   87   67   55   51   54   63   75   90  104  117  127  133  134
  131  126  119  113  108  105  104  105  107  110  113  116  117  118  116  113
  107  100   91   81   72   65   59   55   54   54   56   58   62   66   71   78
   86   96  107  119  130  141  150  155  158
    65.0-180.0 180.0   5.0 450.0                            LAT/LON1/LON2/DLON/H
  202  203  201  197  195  197  204  219  239  261  282  296  300  293  274  246
  212  176  142  113   90   74   65   62   63   69   77   87   96  103  106  106
  102   96   89   84   80   80   83   87   92   97  101  105  107  107  106  102
   96   87   76   65   55   46   40   37   37   39   43   47   52   58   65   75
   87  101  117  135  153  170  185  196  202
    62.5-180.0 180.0   5.0 450.0                            LAT/LON1/LON2/DLON/H
  234  240  241  238  234  234  239  252  271  294  317  333  340  336  319  293
  261  227  194  164  138  117   99   86   76   70   68   69   72   75   76   74
   70   63   57   53   51   53   58   65   72   78   83   87   90   91   90   87
   81   72   61   49   39   31   26   25   27   30   34   39   44   49   57   67
   81   98  118  140  163  185  206  223  234
    60.0-180.0 180.0   5.0 450.0                            LAT/LON1/LON2/DLON/H
  252  265  271  272  271  271  276  288  307  329  353  371  381  380  368  347
  320  291  260  231  203  175  147  121   97   77   63   55   52   51   51   48
   44   38   32   29   29   32   39   46   54   60   64   68   71   73   73   71
   66   58   48   38   29   23   20   21   24   29   33   36   39   43   48   58
   71   88  109  133  159  185  211  234  252
    57.5-180.0 180.0   5.0 450.0                            LAT/LON1/LON2/DLON/H
  259  280  295  303  307  310  316  327  344  366  387  406  417  420  413  398
  378  355  329  301  270  237  200  161  124   91   66   50   42   39   38   37
   33   27   22   19   20   24   30   37   43   47   50   52   54   57   58   58
   55   49   41   32   26   22   23   26   31   36   39   39   39   39   41   49
   61   78   98  122  148  175  204  233  259
    55.0-180.0 180.0   5.0 450.0                            LAT/LON1/LON2/DLON/H
  261  292  316  334  346  354  362  372  386  403  420  435  445  449  447  439
  425  408  387  361  329  291  247  200  153  112   80   59   47   44   43   42
   39   34   29   26   27   30   35   40   43   44   43   44   45   47   49   50
   49   45   39   33   30   30   33   39   46   50   51   47   42   38   38   43
   55   71   91  113  138  165  195  228  261
    52.5-180.0 180.0   5.0 450.0                            LAT/LON1/LON2/DLON/H
  269  308  342  369  389  403  413  423  432  442  451  459  465  468  468  464
  455  443  425  400  369  329  283  233  183  139  104   81   68   64   63   62
   59   54   49   46   46   48   51   53   52   50   47   45   45   47   49   50
   50   47   43   40   40   43   49   57   64   68   65   58   49   41   38   43
   55   72   92  114  137  163  194  230  269
    50.0-180.0 180.0   5.0 450.0                            LAT/LON1/LON2/DLON/H
  288  333  375  410  437  456  469  477  481  482  481  480  479  478  477  474
  468  457  441  417  386  348  305  258  212  170  137  114  100   93   90   87
   83   78   73   70   69   70   71   71   69   64   59   55   54   55   57   57
   57   55   52   51   53   58   66   76   83   85   80   70   57   46   42   48
   62   82  104  126  149  175  206  244  288
    47.5-180.0 180.0   5.0 450.0                            LAT/LON1/LON2/DLON/H
  319  368  414  453  484  507  522  529  528  521  510  499  489  483  479  475
  468  457  439  415  386  352  315  276  238  203  174  151  134  122  113  106
   99   93   89   87   88   89   90   90   87   81   76   72   70   70   70   70
   68   66   64   64   67   73   82   92   99   99   93   80   64   52   49   57
   74   98  124  150  175  202  234  273  319
    45.0-180.0 180.0   5.0 450.0                            LAT/LON1/LON2/DLON/H
  358  407  452  492  523  547  564  571  567  555  536  517  500  489  481  474
  464  449  429  404  377  347  318  289  260  233  208  183  161  140  123  109
   99   93   91   93   96  100  102  103  101   98   94   91   90   89   87   84
   81   78   76   76   80   86   95  103  109  109  102   88   72   60   58   68
   89  118  149  178  207  237  271  312  358
    42.5-180.0 180.0   5.0 450.0                            LAT/LON1/LON2/DLON/H
  396  441  482  516  545  568  586  594  592  578  556  533  514  499  488  477
  463  444  421  395  368  342  319  298  277  255  230  202  172  142  115   94
   82   78   81   87   94  101  106  109  110  109  108  108  107  106  103   98
   93   89   87   87   90   95  102  110  115  115  108   94   79   68   67   80
  104  136  171  205  239  272  309  351  396
    40.0-180.0 180.0   5.0 450.0                            LAT/LON1/LON2/DLON/H
  423  462  495  521  544  565  583  595  596  586  567  546  528  513  501  487
  469  447  421  394  367  343  322  304  285  263  237  204  167  129   95   70
   58   58   66   77   88   97  104  109  113  115  117  119  120  119  115  109
  102   97   95   95   96  100  105  111  116  117  111  100   86   77   78   92
  117  150  187  225  263  301  340  382  423
    37.5-180.0 180.0   5.0 450.0                            LAT/LON1/LON2/DLON/H
  436  467  490  507  522  539  557  574  581  578  567  553  541  529  517  502
  482  458  432  405  378  352  329  307  284  258  228  192  152  111   75   52
   43   49   62   76   88   97  103  108  112  117  121  124  126  125  121  114
  108  103  100   99   99  100  103  108  114  116  113  105   94   87   90  103
  128  160  197  236  277  318  359  399  436
    35.0-180.0 180.0   5.0 450.0                            LAT/LON1/LON2/DLON/H
  435  458  473  481  489  502  521  541  555  561  559  554  550  543  532  516
  496  473  450  424  396  367  337  306  274  242  209  175  139  103   74   57
   55   65   81   96  104  107  108  110  113  117  121  125  127  127  123  117
  110  105  102  100   98   98   99  104  110  114  114  109  102   98  102  116
  139  168  203  241  282  324  365  403  435
    32.5-180.0 180.0   5.0 450.0                            LAT/LON1/LON2/DLON/H
  428  446  455  459  463  474  493  514  532  543  549  553  555  552  542  526
  506  486  466  444  416  382  343  301  261  224  192  166  143  122  106  100
  105  118  133  141  140  133  125  120  119  120  122  124  126  126  123  117
  110  105  101   98   96   93   94   98  105  112  115  113  109  108  115  129
  151  178  209  244  284  326  365  400  428
    30.0-180.0 180.0   5.0 450.0                            LAT/LON1/LON2/DLON/H
  425  442  452  457  463  474  492  512  529  541  549  556  560  558  546  527
  507  490  475  456  428  391  345  296  250  213  189  178  176  176  179  184
  194  206  213  209  194  172  153  139  132  128  126  125  126  127  124  119
  112  105  100   96   92   88   88   93  101  109  114  115  114  117  127  145
  167  192  220  253  290  330  368  400  425
    27.5-180.0 180.0   5.0 450.0                            LAT/LON1/LON2/DLON/H
  438  459  476  490  504  519  537  553  563  568  571  573  573  565  547  523
  501  485  473  457  430  392  345  296  252  222  212  221  242  265  285  299
  309  313  307  287  255  219  187  166  153  144  137  133  132  133  131  125
  116  107   99   93   88   84   84   89   97  106  111  114  116  123  139  161
  187  213  239  270  307  345  382  413  438
    25.0-180.0 180.0   5.0 450.0                            LAT/LON1/LON2/DLON/H
  472  502  532  562  589  613  632  643  643  635  625  615  604  584  555  522
  495  477  464  448  422  387  346  306  274  258  264  293  335  376  407  423
  427  418  394  357  309  261  222  196  179  167  156  149  147  147  144  136
  124  112  101   92   86   82   82   86   94  102  107  110  115  127  149  179
  210  239  267  298  335  374  410  442  472
    22.5-180.0 180.0   5.0 450.0                            LAT/LON1/LON2/DLON/H
  524  566  614  664  709  746  769  776  766  742  715  688  660  625  581  536
  500  476  458  438  412  383  356  334  321  322  344  386  439  487  519  529
  519  493  453  401  343  291  251  225  209  196  184  174  170  168  164  153
  137  119  104   93   86   82   82   86   92   99  102  105  112  129  158  195
  233  267  299  333  371  413  452  488  524
    20.0-180.0 180.0   5.0 450.0                            LAT/LON1/LON2/DLON/H
  587  642  708  778  842  893  924  931  914  878  835  791  745  693  634  577
  530  496  468  440  412  390  380  382  391  409  439  482  532  574  595  590
  564  521  468  409  351  302  269  251  240  229  216  204  198  195  188  173
  151  128  110   97   89   85   84   87   92   96   98  100  108  129  165  209
  255  295  331  368  410  456  500  542  587
    17.5-180.0 180.0   5.0 450.0                            LAT/LON1/LON2/DLON/H
  646  712  792  878  958 1023 1065 1077 1060 1020  967  912  853  788  717  649
  591  546  505  465  432  417  424  448  477  505  532  562  593  615  618  595
  552  497  438  382  334  299  280  273  269  262  249  236  228  222  212  192
  165  138  116  102   94   89   88   90   93   95   95   97  107  131  172  222
  273  317  357  398  445  496  546  593  646
    15.0-180.0 180.0   5.0 450.0                            LAT/LON1/LON2/DLON/H
  690  761  846  939 1028 1103 1155 1180 1173 1139 1089 1032  969  899  823  749
  685  628  574  521  481  469  488  528  568  594  605  609  610  604  584  546
  491  432  377  333  303  288  286  292  295  291  278  264  254  245  231  207
  176  145  122  108  100   96   94   95   96   96   95   97  109  136  179  233
  286  333  374  418  468  524  579  632  690
    12.5-180.0 180.0   5.0 450.0                            LAT/LON1/LON2/DLON/H
  710  779  860  948 1034 1111 1172 1211 1223 1208 1174 1128 1073 1009  936  864
  798  735  671  607  559  543  566  610  648  661  645  614  580  547  509  462
  406  351  309  284  277  282  295  310  318  314  300  283  270  259  242  215
  181  150  127  114  107  103  101  101  102  100   98  101  114  143  188  242
  296  343  383  427  479  538  597  652  710
    10.0-180.0 180.0   5.0 450.0                            LAT/LON1/LON2/DLON/H
  707  766  833  904  974 1043 1106 1159 1194 1207 1200 1178 1143 1095 1035  973
  912  850  782  712  655  632  648  683  707  696  649  582  517  463  418  373
  326  285  260  256  269  291  313  330  335  328  310  290  275  262  243  215
  181  151  131  120  114  110  108  109  108  106  104  108  123  153  198  251
  303  347  386  427  478  537  597  653  707
     7.5-180.0 180.0   5.0 450.0                            LAT/LON1/LON2/DLON/H
  686  731  776  821  865  914  970 1032 1088 1131 1158 1168 1161 1138 1099 1052
 1003  950  887  817  756  723  722  737  737  698  620  526  441  381  343  312
  282  258  251  264  290  319  341  350  347  331  308  285  267  253  235  208
  177  151  134  125  120  117  115  117  117  115  113  117  133  164  209  260
  309  350  385  423  471  528  586  639  686
     5.0-180.0 180.0   5.0 450.0                            LAT/LON1/LON2/DLON/H
  660  691  712  726  736  756  796  856  926  995 1053 1096 1122 1127 1112 1086
 1053 1014  965  904  844  801  780  768  739  675  576  466  378  327  307  299
  290  283  288  309  339  364  374  369  352  326  296  270  251  238  222  199
  172  150  137  131  127  124  123  125  127  125  122  127  144  176  219  268
  314  352  384  418  462  516  571  621  660
     2.5-180.0 180.0   5.0 450.0                            LAT/LON1/LON2/DLON/H
  641  661  663  647  624  610  624  671  743  825  906  977 1032 1064 1073 1066
 1051 1031 1000  957  904  854  813  775  722  640  533  425  349  319  325  341
  351  353  362  381  403  414  406  381  348  312  277  249  231  220  208  190
  168  151  143  138  135  131  131  135  137  135  132  136  153  186  229  275
  319  355  385  416  456  506  559  606  641
