ionex_files/turquie/COD0OPSFIN_20230290000_01D_01H_GIM.INX
     1.0            IONOSPHERE MAPS     GNSS                IONEX VERSION / TYPE
ADDNEQ2 V5.5        AIUB                02-FEB-23 21:30     PGM / RUN BY / DATE 
CODE'S GLOBAL IONOSPHERE MAPS FOR DAY 029, 2023             COMMENT             
Global ionosphere maps (GIM) are generated on a daily basis DESCRIPTION         
at CODE using data from about 300 GNSS sites of the IGS and DESCRIPTION         
other institutions. The vertical total electron content     DESCRIPTION         
(VTEC) is modeled in a solar-geomagnetic reference frame    DESCRIPTION         
using a spherical harmonics expansion up to degree and      DESCRIPTION         
order 15. Piece-wise linear functions are used for          DESCRIPTION         
representation in the time domain. The time spacing of      DESCRIPTION         
their vertices is 1 hour, conforming with the epochs of the DESCRIPTION         
VTEC maps.                                                  DESCRIPTION         
To convert line-of-sight TEC into vertical TEC, a modified  DESCRIPTION         
single-layer model mapping function approximating the JPL   DESCRIPTION         
extended slab model mapping function is adopted. The        DESCRIPTION         
mapping function is evaluated at geodetic satellite         DESCRIPTION         
elevation angles. For the computation of the ionospheric    DESCRIPTION         
pierce points, a spherical layer with a radius of 6821 km   DESCRIPTION         
is assumed, implying geocentric, not geodetic IONEX         DESCRIPTION         
latitudes.                                                  DESCRIPTION         
Instrumental biases with respect to each involved GNSS code DESCRIPTION         
observable are estimated as constant values for each        DESCRIPTION         
day. They are modeled with one set of bias parameters for   DESCRIPTION         
each satellite and each station in case of GPS and for each DESCRIPTION         
satellite-station link in case of GLONASS. The code bias    DESCRIPTION         
datum is defined by zero-mean conditions imposed on the     DESCRIPTION         
satellite bias estimates. In this file, just GPS C1W-C2W    DESCRIPTION         
satellite and station bias values are included. The         DESCRIPTION         
complete set of GNSS code bias results is provided in an    DESCRIPTION         
additional Bias-SINEX file as pseudo-absolute values        DESCRIPTION         
specific to each observable.                                DESCRIPTION         
Note: These GIM results correspond to the results for the   DESCRIPTION         
middle day of a 3-day combination analysis solving for 73   DESCRIPTION         
times 256, or 18688 VTEC parameters and 3 daily sets of     DESCRIPTION         
GNSS code bias parameters.                                  DESCRIPTION         
Contact address: code(at)aiub.unibe.ch                      DESCRIPTION         
Data archive:    ftp.aiub.unibe.ch/CODE/                    DESCRIPTION         
                 www.aiub.unibe.ch/download/CODE/           DESCRIPTION         
  2023     1    29     0     0     0                        EPOCH OF FIRST MAP  
  2023     1    30     0     0     0                        EPOCH OF LAST MAP   
  3600                                                      INTERVAL            
[...]
brst brux bshm cas1 ccj2 cedu chpg chpi chti chur ckis cnmr COMMENT             
coco cord cpvg cpxf crar cro1 daej darw dav1 dgar dhlg drao COMMENT             
dubo ebre faa1 fair flrs frdn ftna func ganp glps gode godz COMMENT             
gol2 gold gope gras graz guam guug harb hers hert hlfx hob2 COMMENT             
hofn holb hrao hyde iddr ieng iisc ineg invk iqal irkj isba COMMENT             
jog2 joz2 joze karr kerg kir0 kiri kiru kit3 kokb kokv koug COMMENT             
kour krgg laut lmmf lpal lpgs m0se mac1 madr mal2 mana mas1 COMMENT             
mat1 mate maw1 mcm4 mdo1 mdvj medi mets mgue mizu mkea mnls COMMENT             
mobs monp morp mqzg mro1 mtka nano nico nist nium nklg nlib COMMENT             
nnor not1 nrc1 nrmd ntus nya1 nyal ohi2 onsa opmt ous2 pado COMMENT             
parc park pdel penc pert pie1 pimo pohn pol2 polv pots pove COMMENT             
prds ptbb ptvl qaq1 quin ramo reun reyk rgdg rio2 riop roth COMMENT             
salu samo sant savo sch2 scor scrz sctb scub seyg sofi spt0 COMMENT             
ssia sthl stjo stk2 str2 suth sutm suwn sydn syog tabl tabv COMMENT             
tash thtg thti thu2 tid1 tidb tlse tn22 tnml tong tow2 tro1 COMMENT             
tsea tskb twtf txes uclu ufpr ulab unb3 unbj unsa urum usn7 COMMENT             
usud vald vill voim vtsp wab1 wab2 wark wes2 wgtn whit will COMMENT             
wind wsrt wtza wtzl wtzr wtzs wuhn xmis yar2 yar3 yarr yell COMMENT             
ykro zamb zeck zim2 zim3 zimm                               COMMENT             
                                                            END OF HEADER       
[from data line 5148]
    13                                                      START OF TEC MAP    
  2023     1    29    12     0     0                        EPOCH OF CURRENT MAP
    87.5-180.0 180.0   5.0 450.0                            LAT/LON1/LON2/DLON/H
   58   59   60   61   62   64   65   66   67   68   69   70   70   71   71   72
   72   72   72   72   72   72   71   71   70   69   69   68   67   66   65   64
   63   61   60   59   58   56   55   54   53   52   51   50   49   48   47   47
   46   46   46   46   46   46   46   46   47   47   47   48   48   49   50   50
   51   52   53   53   54   55   56   57   58
    85.0-180.0 180.0   5.0 450.0                            LAT/LON1/LON2/DLON/H
   56   57   59   61   63   65   68   70   72   75   77   79   80   82   83   83
   84   84   84   83   83   82   81   80   79   78   77   76   74   73   71   70
   68   66   64   62   60   58   56   54   51   49   47   45   43   42   41   40
   39   39   39   40   41   41   42   44   45   46   47   48   49   50   50   51
   51   51   52   52   52   53   54   55   56
    82.5-180.0 180.0   5.0 450.0                            LAT/LON1/LON2/DLON/H
   51   52   54   56   59   62   66   69   73   77   80   83   86   88   89   90
   90   90   89   88   87   86   84   83   82   81   80   79   78   78   77   76
   75   74   73   71   69   66   64   61   58   54   51   48   46   44   42   41
   41   42   43   45   47   49   52   55   57   60   62   63   64   64   64   63
   61   60   58   56   54   53   52   51   51
    80.0-180.0 180.0   5.0 450.0                            LAT/LON1/LON2/DLON/H
   46   45   46   47   50   54   59   64   70   75   80   84   87   90   91   92
   91   90   88   86   84   82   80   79   78   78   78   79   80   81   82   84
   85   86   86   86   85   83   80   77   74   70   66   62   58   56   54   53
   54   56   58   62   66   71   76   81   85   88   91   93   93   92   90   87
   83   78   72   67   61   56   52   48   46
    77.5-180.0 180.0   5.0 450.0                            LAT/LON1/LON2/DLON/H
   42   39   38   38   41   45   51   57   64   70   76   81   85   88   89   89
   88   85   82   79   76   74   72   71   71   72   74   77   81   85   89   93
   98  101  104  106  107  107  106  103  100   95   91   86   82   78   76   76
   77   80   84   90   96  103  110  117  122  127  130  132  131  129  125  119
  111  103   93   83   73   63   55   47   42
    75.0-180.0 180.0   5.0 450.0                            LAT/LON1/LON2/DLON/H
   41   35   32   32   34   38   43   50   57   64   71   77   81   84   85   84
   82   79   75   71   67   65   63   64   65   68   72   77   84   90   98  105
  112  119  125  130  134  136  136  135  132  128  123  118  113  109  106  106
  107  111  117  124  131  140  148  155  161  165  168  169  168  164  158  150
  140  129  116  102   88   74   61   50   41
    72.5-180.0 180.0   5.0 450.0                            LAT/LON1/LON2/DLON/H
   45   37   32   30   31   34   39   45   51   58   65   71   75   78   79   78
   76   72   68   64   60   58   58   60   63   68   74   81   89   98  107  117
  126  136  145  153  160  165  168  169  168  164  159  154  148  143  140  139
  140  144  150  156  164  172  179  185  189  192  194  193  191  186  180  171
  161  148  134  118  101   85   69   56   45
    70.0-180.0 180.0   5.0 450.0                            LAT/LON1/LON2/DLON/H
   51   42   36   33   33   35   38   42   47   53   59   64   69   72   73   73
   70   67   63   59   56   56   57   60   65   72   79   88   97  107  117  128
  139  150  161  172  182  190  196  200  200  198  194  188  182  176  172  170
  170  173  177  182  187  192  195  198  199  199  197  195  191  187  181  174
  165  154  142  127  110   94   77   63   51
    67.5-180.0 180.0   5.0 450.0                            LAT/LON1/LON2/DLON/H
   57   49   43   40   39   40   41   43   45   49   53   57   62   65   67   67
   65   62   58   56   54   55   59   64   70   78   87   96  105  115  126  137
  148  161  173  186  198  208  217  223  226  226  222  217  210  204  198  194
  193  193  193  195  195  195  193  190  186  182  176  171  167  163  159  155
  151  144  136  125  111   97   82   68   57
    65.0-180.0 180.0   5.0 450.0                            LAT/LON1/LON2/DLON/H
   61   55   51   49   47   46   45   44   44   45   47   50   54   57   60   60
   59   57   54   53   53   56   61   68   76   85   94  103  112  122  132  143
  155  168  180  194  207  219  230  238  243  244  242  237  230  222  216  210
  206  202  199  195  189  183  174  165  155  145  136  129  123  120  119  119
  119  119  117  111  103   92   81   70   61
    62.5-180.0 180.0   5.0 450.0                            LAT/LON1/LON2/DLON/H
   61   58   56   56   55   53   50   47   43   41   41   43   46   49   52   53
   53   51   49   49   50   55   62   70   79   88   97  106  116  126  137  148
  161  173  186  198  211  224  235  245  251  254  253  248  241  233  225  217
  210  203  194  185  173  159  145  129  114  100   88   79   72   69   70   74
   79   85   89   90   88   82   75   67   61
    60.0-180.0 180.0   5.0 450.0                            LAT/LON1/LON2/DLON/H
   58   57   58   60   60   58   54   48   43   38   36   37   39   42   45   46
   46   44   43   43   46   51   60   69   79   88   98  107  117  128  141  154
  167  180  191  202  213  224  235  245  252  256  256  252  245  237  228  218
  209  198  186  171  153  134  114   95   77   60   47   36   29   26   27   32
   41   52   61   68   70   69   65   61   58
    57.5-180.0 180.0   5.0 450.0                            LAT/LON1/LON2/DLON/H
   54   55   58   61   62   60   56   50   43   38   35   34   35   38   40   41
   40   38   37   37   40   46   55   66   77   87   96  106  118  132  147  163
  177  190  200  208  216  224  233  241  249  253  255  252  246  238  228  218
  207  193  178  159  138  116   93   72   53   37   24   14    6    1    1    6
   15   27   39   49   55   57   56   54   54
    55.0-180.0 180.0   5.0 450.0                            LAT/LON1/LON2/DLON/H
   51   54   58   61   63   62   57   51   45   40   37   35   35   36   37   38
   37   35   33   33   35   42   51   63   74   85   96  108  122  139  157  175
  191  203  211  216  220  224  230  237  244  250  252  251  246  239  230  219
  207  193  175  155  133  109   87   67   50   37   26   16    8    1    0    0
    6   17   30   40   48   51   51   51   51
    52.5-180.0 180.0   5.0 450.0                            LAT/LON1/LON2/DLON/H
   54   56   59   63   64   63   60   55   50   47   44   42   41   40   39   39
   38   36   34   32   34   40   50   62   75   88  100  113  130  149  170  190
  206  217  223  225  225  226  229  234  241  248  252  252  249  243  235  224
  212  198  180  161  139  116   96   78   65   55   48   41   32   23   16   13
   15   23   32   42   49   52   53   53   54
    50.0-180.0 180.0   5.0 450.0                            LAT/LON1/LON2/DLON/H
   62   63   66   67   68   66   64   61   59   57   56   53   50   47   46   45
   45   43   40   37   37   42   52   66   81   95  109  124  142  163  184  204
  220  229  233  233  230  228  229  234  241  249  254  257  255  250  242  233
  221  207  191  173  154  134  115  100   90   84   80   75   67   57   46   39
   36   38   45   52   58   61   62   62   62
    47.5-180.0 180.0   5.0 450.0                            LAT/LON1/LON2/DLON/H
   75   76   76   76   74   72   70   69   70   71   70   68   63   58   56   55
   56   55   52   48   45   49   59   75   92  109  124  140  158  177  197  215
  228  236  239  237  234  231  231  236  244  253  260  264  263  259  252  243
  232  219  205  189  172  154  138  124  115  110  107  104   98   88   76   65
   58   57   60   65   69   72   74   74   75
    45.0-180.0 180.0   5.0 450.0                            LAT/LON1/LON2/DLON/H
   89   89   88   86   82   79   77   78   81   84   86   83   77   71   68   69
   71   72   68   62   57   59   70   87  107  126  142  157  172  189  205  219
  229  236  239  239  237  235  236  242  251  261  269  274  274  270  263  254
  243  231  217  204  189  172  156  140  129  122  119  117  113  105   94   83
   75   71   72   75   79   82   85   88   89
    42.5-180.0 180.0   5.0 450.0                            LAT/LON1/LON2/DLON/H
   99  100   99   95   90   85   84   86   91   96   98   96   90   84   81   83
   87   90   86   78   71   71   82  101  123  143  158  172  184  196  207  216
  224  231  237  240  242  242  245  252  262  272  281  285  285  281  275  265
  253  240  227  214  201  185  166  147  130  119  113  110  107  102   95   87
   80   77   76   78   81   86   91   96   99
    40.0-180.0 180.0   5.0 450.0                            LAT/LON1/LON2/DLON/H
  102  104  103   99   93   89   87   90   96  103  107  106  100   94   92   96
  102  106  102   93   84   83   95  115  137  157  171  181  189  197  204  211
  219  228  238  247  253  256  260  267  277  288  296  299  298  295  288  277
  263  248  234  222  209  193  172  148  125  106   94   89   87   85   83   80
   77   75   73   74   76   81   89   96  102
    37.5-180.0 180.0   5.0 450.0                            LAT/LON1/LON2/DLON/H
   96   99   99   95   91   87   86   89   95  103  109  110  107  102  102  107
  114  117  114  104   95   94  106  127  148  165  176  184  190  197  203  210
  220  234  251  266  275  280  283  290  299  308  315  317  316  312  305  294
  278  260  244  231  219  203  181  154  124   98   80   70   66   67   69   71
   72   72   69   67   67   71   79   88   96
    35.0-180.0 180.0   5.0 450.0                            LAT/LON1/LON2/DLON/H
   82   86   86   84   81   79   79   82   89   97  105  109  109  108  109  114
  120  123  119  110  103  104  117  137  156  169  176  182  189  198  209  221
  237  258  281  300  311  314  316  320  327  335  340  341  340  338  332  320
  302  281  263  249  238  225  204  176  144  113   88   72   65   65   69   74
   77   76   72   65   60   61   66   75   82
    32.5-180.0 180.0   5.0 450.0                            LAT/LON1/LON2/DLON/H
   66   69   69   68   67   68   69   72   79   87   97  105  109  111  113  117
  122  124  120  113  109  114  129  147  162  169  173  179  191  209  228  250
  275  303  331  352  361  360  356  357  362  369  373  374  375  374  371  359
  340  316  296  282  274  265  250  226  196  163  134  112   98   93   94   98
  100   97   88   75   62   56   56   61   66
    30.0-180.0 180.0   5.0 450.0                            LAT/LON1/LON2/DLON/H
   54   53   51   51   53   55   58   62   67   76   86   97  106  111  115  118
  120  120  116  113  114  124  141  158  167  169  170  180  202  232  266  300
  334  368  399  417  420  411  401  398  403  410  415  417  420  423  422  412
  392  367  345  333  328  326  319  305  282  252  220  192  170  156  150  148
  146  137  121  100   78   63   56   54   54
    27.5-180.0 180.0   5.0 450.0                            LAT/LON1/LON2/DLON/H
   52   45   40   39   42   46   51   54   58   66   76   89  101  110  115  117
  116  113  111  112  120  136  155  169  174  171  173  189  224  271  321  367
  409  447  475  488  481  463  447  441  447  456  463  468  475  482  485  477
  456  430  409  398  397  403  407  405  392  369  338  304  272  247  230  219
  209  193  170  140  109   85   69   59   52
    25.0-180.0 180.0   5.0 450.0                            LAT/LON1/LON2/DLON/H
   62   50   40   37   39   44   49   52   55   60   69   81   95  106  113  113
  110  106  105  112  127  149  170  182  182  177  182  209  260  324  388  444
  490  527  549  552  535  509  488  482  490  504  515  525  536  547  553  546
  526  500  479  469  473  485  499  508  507  492  463  425  385  349  320  297
  277  254  224  188  151  119   95   77   62
    22.5-180.0 180.0   5.0 450.0                            LAT/LON1/LON2/DLON/H
   86   67   53   46   46   51   56   58   58   60   65   75   88  101  108  109
  105  100  102  113  135  161  183  193  192  189  201  240  305  384  458  519
  563  594  607  600  574  542  520  517  531  550  567  582  596  611  618  611
  590  565  545  537  542  557  577  594  603  595  569  529  482  436  397  364
  336  307  274  235  195  159  129  106   86
    20.0-180.0 180.0   5.0 450.0                            LAT/LON1/LON2/DLON/H
  117   95   77   66   64   66   69   70   68   65   65   70   81   93  102  104
  100   97  101  116  142  171  193  203  202  205  227  278  356  443  521  579
  617  637  641  625  594  561  542  545  566  592  614  632  649  665  671  662
  641  616  598  590  594  606  625  645  656  652  628  588  539  489  443  404
  371  340  307  270  232  196  166  141  117
    17.5-180.0 180.0   5.0 450.0                            LAT/LON1/LON2/DLON/H
  150  127  107   94   87   86   87   86   82   75   69   67   73   84   94   99
   97   96  102  120  148  178  200  210  214  225  258  320  405  493  566  615
  642  652  647  628  597  568  556  567  594  625  650  670  688  703  706  695
  672  647  629  620  619  624  635  649  657  651  627  589  542  494  449  408
  373  344  315  286  254  224  197  173  150
    15.0-180.0 180.0   5.0 450.0                            LAT/LON1/LON2/DLON/H
  178  158  138  122  112  107  105  103   97   87   74   66   66   75   86   93
   95   96  105  125  153  182  203  215  226  247  291  361  446  528  589  624
  638  638  630  612  588  569  565  584  615  648  673  693  710  721  721  705
  681  656  639  627  618  612  609  610  608  595  569  534  495  455  416  379
  346  321  300  280  258  237  217  198  178
    12.5-180.0 180.0   5.0 450.0                            LAT/LON1/LON2/DLON/H
  197  180  163  146  133  125  119  116  109   97   81   67   61   67   78   88
   93   97  109  130  157  184  204  220  239  272  325  396  475  544  589  608
  610  606  599  589  577  569  576  599  631  660  683  699  713  721  716  698
  672  648  630  615  597  578  559  544  526  503  473  442  414  387  359  328
  301  280  267  257  247  235  223  211  197
    10.0-180.0 180.0   5.0 450.0                            LAT/LON1/LON2/DLON/H
  203  192  178  163  148  136  127  122  116  105   87   69   60   62   72   82
   90   97  111  134  161  186  208  228  255  297  355  423  490  542  569  576
  571  567  567  569  571  577  591  614  642  664  679  690  700  705  698  678
  653  630  612  594  569  538  505  473  439  404  370  344  328  316  299  277
  254  237  230  228  226  223  218  212  203
     7.5-180.0 180.0   5.0 450.0                            LAT/LON1/LON2/DLON/H
  201  194  184  171  155  140  128  122  117  108   92   74   62   61   68   78
   86   95  112  137  165  191  215  240  275  322  380  440  492  526  539  537
  532  534  545  562  578  593  611  631  650  662  667  671  677  681  674  656
  632  611  595  575  546  508  466  421  376  331  293  271  265  266  261  244
  223  207  202  204  207  209  208  205  201
     5.0-180.0 180.0   5.0 450.0                            LAT/LON1/LON2/DLON/H
  194  190  183  172  156  139  125  117  113  107   95   79   67   64   67   74
   80   91  111  139  171  200  227  258  297  346  399  448  483  502  507  504
  504  516  540  570  597  619  635  648  655  654  649  647  650  653  650  637
  618  601  586  567  539  500  456  407  356  305  264  245  248  258  259  244
  220  201  194  195  199  200  199  197  194
     2.5-180.0 180.0   5.0 450.0                            LAT/LON1/LON2/DLON/H
  189  185  180  171  156  137  121  111  107  104   97   86   76   71   70   71
   74   85  108  142  179  213  245  279  320  367  411  446  467  477  480  483
  493  517  552  590  624  647  660  663  657  644  630  622  623  629  631  625
  613  600  589  573  549  517  479  435  385  334  293  276  282  295  297  278
  249  223  210  207  207  204  199  193  189
