ionex_files/turquie/COD0OPSFIN_20230450000_01D_01H_GIM.INX
     1.0            IONOSPHERE MAPS     GNSS                IONEX VERSION / TYPE
ADDNEQ2 V5.5        AIUB                18-FEB-23 21:28     PGM / RUN BY / DATE 
CODE'S GLOBAL IONOSPHERE MAPS FOR DAY 045, 2023             COMMENT             
Global ionosphere maps (GIM) are generated on a daily basis DESCRIPTION         
at CODE using data from about 300 GNSS sites of the IGS and DESCRIPTION         
other institutions. The vertical total electron content     DESCRIPTION         
(VTEC) is modeled in a solar-geomagnetic reference frame    DESCRIPTION         
using a spherical harmonics expansion up to degree and      DESCRIPTION         
order 15. Piece-wise linear functions are used for          DESCRIPTION         
representation in the time domain. The time spacing of      DESCRIPTION         
their vertices is 1 hour, conforming with the epochs of the DESCRIPTION         
VTEC maps.                                                  DESCRIPTION         
To convert line-of-sight TEC into vertical TEC, a modified  DESCRIPTION         
single-layer model mapping function approximating the JPL   DESCRIPTION         
extended slab model mapping function is adopted. The        DESCRIPTION         
mapping function is evaluated at geodetic satellite         DESCRIPTION         
elevation angles. For the computation of the ionospheric    DESCRIPTION         
pierce points, a spherical layer with a radius of 6821 km   DESCRIPTION         
is assumed, implying geocentric, not geodetic IONEX         DESCRIPTION         
latitudes.                                                  DESCRIPTION         
Instrumental biases with respect to each involved GNSS code DESCRIPTION         
observable are estimated as constant values for each        DESCRIPTION         
day. They are modeled with one set of bias parameters for   DESCRIPTION         
each satellite and each station in case of GPS and for each DESCRIPTION         
satellite-station link in case of GLONASS. The code bias    DESCRIPTION         
datum is defined by zero-mean conditions imposed on the     DESCRIPTION         
satellite bias estimates. In this file, just GPS C1W-C2W    DESCRIPTION         
satellite and station bias values are included. The         DESCRIPTION         
complete set of GNSS code bias results is provided in an    DESCRIPTION         
additional Bias-SINEX file as pseudo-absolute values        DESCRIPTION         
specific to each observable.                                DESCRIPTION         
Note: These GIM results correspond to the results for the   DESCRIPTION         
middle day of a 3-day combination analysis solving for 73   DESCRIPTION         
times 256, or 18688 VTEC parameters and 3 daily sets of     DESCRIPTION         
GNSS code bias parameters.                                  DESCRIPTION         
Contact address: code(at)aiub.unibe.ch                      DESCRIPTION         
Data archive:    ftp.aiub.unibe.ch/CODE/                    DESCRIPTION         
                 www.aiub.unibe.ch/download/CODE/           DESCRIPTION         
  2023     2    14     0     0     0                        EPOCH OF FIRST MAP  
  2023     2    15     0     0     0                        EPOCH OF LAST MAP   
  3600                                                      INTERVAL            
[...]
brft brst brux bshm cags cas1 ccj2 cedu chpg chpi chti chur COMMENT             
ckis coco cord cpvg cpxf crar cro1 daej darw dav1 dgar dhlg COMMENT             
drao dubo ebre faa1 fair flrs frdn ftna func ganp glps glsv COMMENT             
gode godz gol2 gold gope gras graz guam guug harb hers hert COMMENT             
hlfx hob2 hofn holb hrao hyde iddr ieng iisc ineg invk iqal COMMENT             
irkj isba jog2 joz2 joze karr kerg kir0 kiri kiru kit3 kokb COMMENT             
kokv kouc koug kour krgg lae1 laut lmmf lpal lpgs m0se mac1 COMMENT             
madr mal2 mana mas1 mat1 mate maw1 mcm4 mdo1 mdvj medi mets COMMENT             
mgue mizu mkea mnls mobs monp morp mqzg mro1 mtka nano nico COMMENT             
nist nium nklg nlib nnor not1 nrc1 nrmd ntus nya1 nyal ohi2 COMMENT             
onsa opmt ous2 pado parc park pdel penc pert pie1 pimo pohn COMMENT             
pol2 polv pots pove prds ptag ptbb ptvl qaq1 quin rabt ramo COMMENT             
reun reyk rgdg rio2 riop salu samo sant savo sch2 scor scrz COMMENT             
sctb scub seyg smst sofi spt0 ssia sthl stjo stk2 str2 suth COMMENT             
sutm suwn sydn syog tabl tabv tash thtg thti thu2 tid1 tidb COMMENT             
tlse tn22 tong tow2 tro1 tsea tskb tuva twtf txes uclu ufpr COMMENT             
ulab unb3 unsa urum usn7 usud vald vill voim vtsp wab1 wab2 COMMENT             
wark wes2 wgtn whit will wsrt wtza wtzl wtzr wtzs wtzz wuhn COMMENT             
xmis yar2 yar3 yarr yell ykro zamb zeck zim2 zim3 zimm      COMMENT             
                                                            END OF HEADER       
[from data line 6006]
    15                                                      START OF TEC MAP    
  2023     2    14    14     0     0                        EPOCH OF CURRENT MAP
    87.5-180.0 180.0   5.0 450.0                            LAT/LON1/LON2/DLON/H
  258  259  259  260  260  260  260  259  259  258  257  256  254  253  251  250
  248  246  244  241  239  237  234  232  229  226  224  221  218  215  213  210
  207  205  202  200  198  196  195  193  192  191  191  191  191  192  192  194
  195  197  200  202  205  208  211  214  217  221  224  227  231  234  237  240
  243  245  248  250  252  254  255  257  258
    85.0-180.0 180.0   5.0 450.0                            LAT/LON1/LON2/DLON/H
  266  267  267  267  267  266  266  265  263  262  260  259  257  254  252  249
  247  244  241  238  235  231  228  225  221  218  214  210  206  201  197  192
  187  182  177  172  168  163  159  155  152  150  148  147  147  147  149  151
  154  158  163  168  174  180  187  194  200  207  214  220  227  233  238  243
  248  252  255  258  261  263  264  265  266
    82.5-180.0 180.0   5.0 450.0                            LAT/LON1/LON2/DLON/H
  256  255  254  253  252  251  250  248  247  245  244  242  239  237  234  231
  228  226  223  221  218  216  215  213  211  209  207  204  201  197  193  188
  182  175  168  160  153  145  138  132  126  121  117  114  112  112  114  117
  121  126  133  140  149  158  167  177  187  196  205  214  222  229  235  241
  246  250  253  255  256  257  257  257  256
    80.0-180.0 180.0   5.0 450.0                            LAT/LON1/LON2/DLON/H
  231  228  225  223  221  219  218  216  215  214  213  211  209  207  204  201
  198  196  195  194  194  195  197  200  203  206  208  210  210  209  206  202
  196  189  181  171  161  151  141  131  122  114  107  102   99   97   98  100
  104  110  117  126  136  146  157  168  178  189  199  208  216  223  229  234
  238  240  241  242  241  239  237  234  231
    77.5-180.0 180.0   5.0 450.0                            LAT/LON1/LON2/DLON/H
  199  194  189  185  182  180  179  179  179  178  178  177  175  173  170  167
  164  163  163  165  169  174  182  191  201  211  220  228  234  238  239  237
  233  226  217  206  195  182  169  157  145  134  124  116  110  106  105  106
  108  113  120  127  136  146  156  166  175  184  193  201  208  214  219  222
  224  225  224  223  219  215  210  205  199
    75.0-180.0 180.0   5.0 450.0                            LAT/LON1/LON2/DLON/H
  170  163  156  151  148  146  145  145  146  148  148  148  147  144  141  138
  135  134  135  140  148  160  174  191  210  228  245  260  273  281  286  287
  285  279  270  259  246  232  218  203  189  176  164  153  144  138  133  131
  131  133  137  142  148  154  161  167  173  178  184  189  193  197  201  203
  205  205  204  201  197  191  184  177  170
    72.5-180.0 180.0   5.0 450.0                            LAT/LON1/LON2/DLON/H
  149  141  134  128  124  122  121  123  125  128  130  131  130  127  123  119
  116  115  118  125  138  155  177  202  229  255  280  301  319  332  340  343
  342  337  329  318  305  291  276  261  246  232  218  205  193  183  175  169
  165  163  162  163  164  165  165  166  166  166  167  168  170  172  174  177
  179  180  180  179  176  171  164  157  149
    70.0-180.0 180.0   5.0 450.0                            LAT/LON1/LON2/DLON/H
  138  130  123  118  113  111  111  113  116  120  123  125  125  122  118  113
  109  109  113  123  140  163  192  223  256  288  317  343  363  379  389  393
  393  389  382  372  360  347  333  319  304  289  274  259  244  231  219  208
  200  193  187  182  177  171  164  157  151  145  140  137  136  137  139  143
  147  152  155  157  157  155  151  145  138
    67.5-180.0 180.0   5.0 450.0                            LAT/LON1/LON2/DLON/H
  133  128  122  117  113  111  111  113  116  120  125  127  128  126  121  116
  113  113  119  132  153  181  214  250  286  320  351  376  397  413  423  429
  430  427  420  411  401  389  377  365  352  338  322  306  289  272  256  241
  228  217  205  194  182  169  155  140  127  115  105   99   96   96   99  104
  112  120  128  134  139  141  141  138  133
    65.0-180.0 180.0   5.0 450.0                            LAT/LON1/LON2/DLON/H
  129  126  123  119  116  115  114  115  119  123  128  131  133  131  128  124
  121  123  132  148  173  204  240  277  313  345  373  396  414  428  439  445
  448  446  441  434  425  415  405  395  384  371  356  339  320  300  281  262
  245  229  213  196  178  158  138  117   98   81   69   60   56   56   60   67
   77   88  100  111  120  126  129  130  129
    62.5-180.0 180.0   5.0 450.0                            LAT/LON1/LON2/DLON/H
  118  119  118  118  116  115  115  115  118  122  127  131  133  133  132  129
  129  134  146  166  194  228  264  300  332  359  381  399  413  426  437  445
  450  451  448  442  434  425  417  409  400  389  375  357  337  316  294  272
  252  232  212  191  168  144  118   94   71   53   39   30   26   26   30   37
   48   61   75   88  100  108  114  117  118
    60.0-180.0 180.0   5.0 450.0                            LAT/LON1/LON2/DLON/H
   99  102  105  107  108  109  108  108  110  113  118  123  126  128  128  129
  132  141  157  181  212  247  282  314  341  361  376  387  398  411  423  435
  444  449  447  442  434  426  418  411  404  394  382  365  345  322  299  275
  252  230  207  183  157  130  103   77   54   37   25   18   15   15   18   23
   31   43   55   68   79   88   93   97   99
    57.5-180.0 180.0   5.0 450.0                            LAT/LON1/LON2/DLON/H
   73   77   83   88   92   94   95   95   96   99  103  108  112  115  118  122
  130  144  165  193  225  260  293  321  341  354  362  369  378  391  408  425
  439  446  447  442  434  424  417  410  403  395  383  368  348  326  302  277
  253  228  203  177  150  123   96   71   52   38   30   27   26   25   25   26
   30   37   46   55   63   67   70   71   73
    55.0-180.0 180.0   5.0 450.0                            LAT/LON1/LON2/DLON/H
   46   50   57   65   72   76   77   78   79   82   87   91   95   99  103  111
  124  144  169  200  234  268  298  321  335  343  347  352  361  377  398  420
  439  450  452  447  437  426  418  411  404  397  386  372  353  332  308  283
  257  231  204  178  151  124   99   78   63   55   53   54   55   54   50   46
   43   44   47   51   53   52   49   46   46
    52.5-180.0 180.0   5.0 450.0                            LAT/LON1/LON2/DLON/H
   24   27   35   45   54   60   62   63   65   69   74   78   81   84   90  101
  119  143  173  207  240  272  299  319  330  335  338  343  355  374  399  425
  446  459  462  457  446  435  425  417  411  404  393  380  363  343  320  295
  268  240  211  184  157  133  111   93   83   80   84   89   93   91   84   74
   65   60   57   55   52   45   36   28   24
    50.0-180.0 180.0   5.0 450.0                            LAT/LON1/LON2/DLON/H
   15   16   24   35   45   52   55   56   59   64   68   72   73   75   81   95
  118  147  181  215  248  277  301  318  329  335  339  347  361  382  408  435
  457  471  474  470  460  449  439  431  424  416  406  392  376  358  336  311
  282  252  221  192  166  144  124  110  103  104  111  121  126  124  115  101
   88   78   72   67   59   48   34   22   15
    47.5-180.0 180.0   5.0 450.0                            LAT/LON1/LON2/DLON/H
   20   20   27   38   48   54   56   58   62   68   73   75   75   75   81   97
  124  158  194  228  258  284  305  322  334  343  351  362  377  397  421  445
  464  478  483  481  475  466  458  451  443  434  422  407  391  373  352  327
  297  263  230  200  175  153  135  121  114  116  124  136  143  142  133  118
  104   94   87   81   72   59   43   29   20
    45.0-180.0 180.0   5.0 450.0                            LAT/LON1/LON2/DLON/H
   38   37   44   53   62   66   67   68   72   79   85   87   84   82   88  107
  137  175  213  246  273  295  314  330  345  358  370  382  396  412  429  447
  462  475  484  488  488  485  480  474  466  455  440  423  404  386  365  339
  307  271  236  205  180  159  141  125  115  113  120  131  139  140  132  120
  109  101   97   93   86   75   60   47   38
    42.5-180.0 180.0   5.0 450.0                            LAT/LON1/LON2/DLON/H
   62   62   67   75   81   83   82   81   86   93  100  101   98   95  101  122
  156  197  236  268  291  309  326  342  359  375  390  402  413  421  429  438
  450  464  478  492  501  505  505  501  493  480  461  440  417  396  374  347
  315  277  241  210  185  165  146  126  109  101  102  110  118  121  117  110
  104  102  101  101   97   89   79   69   62
    40.0-180.0 180.0   5.0 450.0                            LAT/LON1/LON2/DLON/H
   86   86   90   96   99   98   95   93   96  104  111  114  111  109  117  140
  177  220  259  289  310  326  340  356  373  391  406  416  421  421  420  422
  432  449  473  498  518  531  536  534  526  510  488  461  433  407  382  355
  323  286  250  221  199  180  159  135  111   94   87   89   94   98   99   99
   99  101  104  105  103  100   95   89   86
    37.5-180.0 180.0   5.0 450.0                            LAT/LON1/LON2/DLON/H
  103  103  105  109  110  107  101   97   99  107  116  120  120  120  131  158
  197  241  279  308  328  341  354  368  384  400  413  421  421  416  409  408
  420  445  480  516  547  566  574  574  566  550  525  492  458  426  398  371
  340  305  273  247  229  213  193  166  136  110   93   87   88   92   96  100
  105  109  111  110  107  105  104  104  103
    35.0-180.0 180.0   5.0 450.0                            LAT/LON1/LON2/DLON/H
  110  109  108  109  108  105   98   93   95  102  112  119  122  128  144  173
  213  256  294  322  341  355  366  377  389  402  413  419  419  413  407  409
  427  462  508  555  592  615  624  624  618  603  577  540  499  460  429  401
  373  343  316  296  284  275  259  232  199  165  140  124  118  118  121  127
  133  135  130  122  113  109  109  110  110
    32.5-180.0 180.0   5.0 450.0                            LAT/LON1/LON2/DLON/H
  109  103   99   96   95   93   87   83   84   91  102  112  120  133  154  186
  226  266  302  329  350  365  375  382  389  398  408  417  421  422  425  437
  466  510  565  618  657  678  685  685  681  670  646  607  560  516  480  452
  427  403  383  371  367  366  358  337  305  268  234  209  193  185  184  186
  188  182  167  146  127  115  112  112  109
    30.0-180.0 180.0   5.0 450.0                            LAT/LON1/LON2/DLON/H
  104   92   82   76   75   75   72   70   71   78   89  102  116  136  163  198
  236  272  304  332  355  371  380  384  386  393  405  421  437  453  471  498
  539  592  650  701  736  751  753  752  752  748  729  691  641  592  552  524
  502  484  471  467  471  479  482  472  446  410  371  336  307  288  278  273
  267  250  221  184  150  128  118  112  104
    27.5-180.0 180.0   5.0 450.0                            LAT/LON1/LON2/DLON/H
  102   82   65   56   55   57   58   58   61   67   78   93  113  140  174  210
  245  276  305  332  357  375  383  383  382  389  408  437  472  508  547  591
  641  697  752  796  820  826  821  819  824  828  818  785  735  682  639  610
  591  577  569  569  580  598  613  616  601  570  528  483  442  410  388  373
  356  327  284  232  184  151  132  118  102
    25.0-180.0 180.0   5.0 450.0                            LAT/LON1/LON2/DLON/H
  106   79   55   42   40   44   48   52   56   63   72   88  113  147  185  223
  255  282  307  333  359  379  385  382  380  391  421  468  525  584  644  702
  758  810  855  885  897  891  880  877  887  901  901  875  828  775  730  700
  680  667  659  660  673  696  722  739  737  713  670  619  567  523  489  462
  435  397  344  282  224  181  153  131  106
    22.5-180.0 180.0   5.0 450.0                            LAT/LON1/LON2/DLON/H
  119   86   57   40   35   39   46   53   59   65   73   88  115  154  197  237
  267  290  312  338  365  383  388  383  383  401  446  513  591  672  747  813
  868  910  940  954  952  937  921  919  934  957  967  950  908  856  811  779
  757  740  726  721  729  752  784  812  821  804  764  709  651  598  555  520
  486  443  388  323  261  213  179  151  119
    20.0-180.0 180.0   5.0 450.0                            LAT/LON1/LON2/DLON/H
  140  103   71   50   42   44   51   59   67   72   77   90  117  160  208  250
  280  302  323  348  374  390  392  387  391  420  480  565  661  755  839  906
  952  980  991  991  979  959  942  940  960  989 1007  998  962  915  871  836
  809  783  759  740  735  750  780  812  829  818  781  727  670  616  569  530
  494  453  403  345  288  242  206  174  140
    17.5-180.0 180.0   5.0 450.0                            LAT/LON1/LON2/DLON/H
  163  126   94   70   58   54   59   68   77   81   83   92  118  162  214  260
  293  316  338  363  387  401  401  396  407  447  521  618  723  822  905  964
  998 1008 1004  993  977  957  942  943  964  996 1018 1015  987  945  903  866
  832  795  754  715  689  687  707  736  753  746  714  667  618  571  528  491
  458  426  388  345  300  261  228  197  163
    15.0-180.0 180.0   5.0 450.0                            LAT/LON1/LON2/DLON/H
  184  151  121   96   78   68   68   76   85   88   86   92  116  160  215  265
  303  330  356  383  405  416  414  412  430  481  563  665  768  861  935  981
 1000  996  982  967  952  938  928  931  952  983 1006 1006  983  946  908  871
  830  780  719  656  604  578  580  597  610  603  577  543  510  479  447  417
  391  370  349  325  297  269  243  215  184
    12.5-180.0 180.0   5.0 450.0                            LAT/LON1/LON2/DLON/H
  201  174  148  122   99   82   76   81   89   91   87   89  110  155  212  266
  309  343  375  404  426  435  434  436  462  519  604  700  793  871  928  960
  966  954  936  925  918  913  909  914  933  960  979  978  958  928  894  858
  812  751  672  585  505  451  430  430  433  424  405  388  378  369  354  333
  315  305  300  294  283  268  249  227  201
    10.0-180.0 180.0   5.0 450.0                            LAT/LON1/LON2/DLON/H
  214  192  170  145  117   93   81   83   90   91   85   84  104  148  206  264
  313  354  392  425  448  458  459  468  500  560  639  723  796  855  894  913
  911  898  885  883  887  891  893  899  915  936  949  945  925  899  872  839
  792  724  632  524  420  340  296  278  268  256  245  247  263  279  281  270
  258  254  261  268  270  264  251  234  214
     7.5-180.0 180.0   5.0 450.0                            LAT/LON1/LON2/DLON/H
  223  206  187  162  131  101   85   84   89   89   82   81  100  144  202  262
  314  362  407  444  470  483  490  506  543  601  669  733  784  821  845  856
  853  846  843  852  868  879  885  891  904  919  926  916  895  872  850  824
  781  713  616  497  377  278  214  181  161  146  143  163  202  241  259  254
  242  239  247  259  266  264  254  240  223
     5.0-180.0 180.0   5.0 450.0                            LAT/LON1/LON2/DLON/H
  233  217  199  174  142  109   89   85   89   88   81   81  102  146  204  262
  317  369  418  460  490  509  524  548  588  639  692  734  763  782  796  804
  807  809  820  840  862  876  882  888  900  913  914  899  874  852  836  818
  785  725  632  514  389  282  210  167  142  126  130  163  220  274  301  296
  279  268  270  276  279  275  264  249  233
     2.5-180.0 180.0   5.0 450.0                            LAT/LON1/LON2/DLON/H
  247  229  210  184  151  118   97   91   93   91   85   87  110  156  212  268
  322  375  427  473  508  534  558  589  629  672  706  728  739  746  756  767
  779  793  814  841  865  877  882  888  901  913  912  892  863  841  829  821
  802  757  679  573  457  355  285  244  219  205  212  253  316  375  402  393
  365  340  327  319  311  298  283  265  247
