ionex_files/turquie/COD0OPSFIN_20230450000_01D_01H_GIM.INX
     1.0            IONOSPHERE MAPS     GNSS                IONEX VERSION / TYPE
ADDNEQ2 V5.5        AIUB                18-FEB-23 21:28     PGM / RUN BY / DATE 
CODE'S GLOBAL IONOSPHERE MAPS FOR DAY 045, 2023             COMMENT             
Global ionosphere maps (GIM) are generated on a daily basis DESCRIPTION         
at CODE using data from about 300 GNSS sites of the IGS and DESCRIPTION         
other institutions. The vertical total electron content     DESCRIPTION         
(VTEC) is modeled in a solar-geomagnetic reference frame    DESCRIPTION         
using a spherical harmonics expansion up to degree and      DESCRIPTION         
order 15. Piece-wise linear functions are used for          DESCRIPTION         
representation in the time domain. The time spacing of      DESCRIPTION         
their vertices is 1 hour, conforming with the epochs of the DESCRIPTION         
VTEC maps.                                                  DESCRIPTION         
To convert line-of-sight TEC into vertical TEC, a modified  DESCRIPTION         
single-layer model mapping function approximating the JPL   DESCRIPTION         
extended slab model mapping function is adopted. The        DESCRIPTION         
mapping function is evaluated at geodetic satellite         DESCRIPTION         
elevation angles. For the computation of the ionospheric    DESCRIPTION         
pierce points, a spherical layer with a radius of 6821 km   DESCRIPTION         
is assumed, implying geocentric, not geodetic IONEX         DESCRIPTION         
latitudes.                                                  DESCRIPTION         
Instrumental biases with respect to each involved GNSS code DESCRIPTION         
observable are estimated as constant values for each        DESCRIPTION         
day. They are modeled with one set of bias parameters for   DESCRIPTION         
each satellite and each station in case of GPS and for each DESCRIPTION         
satellite-station link in case of GLONASS. The code bias    DESCRIPTION         
datum is defined by zero-mean conditions imposed on the     DESCRIPTION         
satellite bias estimates. In this file, just GPS C1W-C2W    DESCRIPTION         
satellite and station bias values are included. The         DESCRIPTION         
complete set of GNSS code bias results is provided in an    DESCRIPTION         
additional Bias-SINEX file as pseudo-absolute values        DESCRIPTION         
specific to each observable.                                DESCRIPTION         
Note: These GIM results correspond to the results for the   DESCRIPTION         
middle day of a 3-day combination analysis solving for 73   DESCRIPTION         
times 256, or 18688 VTEC parameters and 3 daily sets of     DESCRIPTION         
GNSS code bias parameters.                                  DESCRIPTION         
Contact address: code(at)aiub.unibe.ch                      DESCRIPTION         
Data archive:    ftp.aiub.unibe.ch/CODE/                    DESCRIPTION         
                 www.aiub.unibe.ch/download/CODE/           DESCRIPTION         
  2023     2    14     0     0     0                        EPOCH OF FIRST MAP  
  2023     2    15     0     0     0                        EPOCH OF LAST MAP   
  3600                                                      INTERVAL            
[...]
brft brst brux bshm cags cas1 ccj2 cedu chpg chpi chti chur COMMENT             
ckis coco cord cpvg cpxf crar cro1 daej darw dav1 dgar dhlg COMMENT             
drao dubo ebre faa1 fair flrs frdn ftna func ganp glps glsv COMMENT             
gode godz gol2 gold gope gras graz guam guug harb hers hert COMMENT             
hlfx hob2 hofn holb hrao hyde iddr ieng iisc ineg invk iqal COMMENT             
irkj isba jog2 joz2 joze karr kerg kir0 kiri kiru kit3 kokb COMMENT             
kokv kouc koug kour krgg lae1 laut lmmf lpal lpgs m0se mac1 COMMENT             
madr mal2 mana mas1 mat1 mate maw1 mcm4 mdo1 mdvj medi mets COMMENT             
mgue mizu mkea mnls mobs monp morp mqzg mro1 mtka nano nico COMMENT             
nist nium nklg nlib nnor not1 nrc1 nrmd ntus nya1 nyal ohi2 COMMENT             
onsa opmt ous2 pado parc park pdel penc pert pie1 pimo pohn COMMENT             
pol2 polv pots pove prds ptag ptbb ptvl qaq1 quin rabt ramo COMMENT             
reun reyk rgdg rio2 riop salu samo sant savo sch2 scor scrz COMMENT             
sctb scub seyg smst sofi spt0 ssia sthl stjo stk2 str2 suth COMMENT             
sutm suwn sydn syog tabl tabv tash thtg thti thu2 tid1 tidb COMMENT             
tlse tn22 tong tow2 tro1 tsea tskb tuva twtf txes uclu ufpr COMMENT             
ulab unb3 unsa urum usn7 usud vald vill voim vtsp wab1 wab2 COMMENT             
wark wes2 wgtn whit will wsrt wtza wtzl wtzr wtzs wtzz wuhn COMMENT             
xmis yar2 yar3 yarr yell ykro zamb zeck zim2 zim3 zimm      COMMENT             
                                                            END OF HEADER       
[from data line 3003]
     8                                                      START OF TEC MAP    
  2023     2    14     7     0     0                        EPOCH OF CURRENT MAP
    87.5-180.0 180.0   5.0 450.0                            LAT/LON1/LON2/DLON/H
  132  132  133  133  134  135  136  138  139  141  143  145  148  150  152  154
  156  158  160  162  164  165  167  168  169  170  171  172  172  173  173  173
  174  174  174  174  174  174  173  173  173  173  173  172  172  171  171  170
  169  168  167  166  165  164  162  160  159  157  154  152  150  148  146  144
  142  140  138  137  135  134  133  133  132
    85.0-180.0 180.0   5.0 450.0                            LAT/LON1/LON2/DLON/H
  109  109  109  110  111  114  116  120  124  128  132  137  142  146  151  155
  160  164  167  170  173  176  178  179  181  182  182  183  183  183  183  182
  182  182  182  182  181  182  182  182  183  183  184  185  186  187  188  189
  190  190  190  190  189  188  185  183  179  175  171  166  161  155  150  144
  138  133  128  123  119  116  113  111  109
    82.5-180.0 180.0   5.0 450.0                            LAT/LON1/LON2/DLON/H
   93   91   90   91   92   95   99  104  109  115  122  128  135  142  149  155
  161  167  171  175  178  181  182  183  184  184  184  183  182  181  181  180
  179  178  178  178  178  178  180  181  183  186  190  194  199  203  209  214
  218  223  226  229  230  231  229  227  222  217  210  202  193  183  172  162
  151  141  131  122  114  107  101   96   93
    80.0-180.0 180.0   5.0 450.0                            LAT/LON1/LON2/DLON/H
   87   82   80   79   80   82   86   91   97  104  111  119  127  136  144  151
  158  164  169  173  176  177  178  178  177  175  174  172  170  169  167  166
  165  164  164  164  165  166  168  172  177  183  190  199  209  219  231  243
  254  265  274  282  287  291  292  290  285  278  269  257  244  229  213  197
  180  164  149  134  121  110  100   93   87
    77.5-180.0 180.0   5.0 450.0                            LAT/LON1/LON2/DLON/H
   92   85   80   77   76   77   79   82   87   93  100  108  117  126  135  143
  151  157  162  166  168  168  167  165  162  159  156  153  150  148  147  146
  145  144  144  145  146  148  152  157  165  175  187  201  217  236  255  275
  294  312  329  343  354  361  365  364  359  351  339  324  306  287  265  243
  221  199  178  158  141  125  112  101   92
    75.0-180.0 180.0   5.0 450.0                            LAT/LON1/LON2/DLON/H
  105   96   88   83   79   77   77   78   81   85   90   97  105  114  123  132
  140  147  152  156  157  156  153  149  145  140  135  132  129  126  125  124
  123  123  123  124  126  129  134  141  152  165  182  203  226  252  280  308
  336  362  385  405  420  431  436  436  432  422  408  390  369  345  319  291
  264  237  212  188  166  147  131  117  105
    72.5-180.0 180.0   5.0 450.0                            LAT/LON1/LON2/DLON/H
  122  110  101   93   86   82   79   77   77   79   82   86   93  101  109  119
  128  136  143  147  148  146  142  136  130  124  119  114  111  109  107  106
  106  105  106  107  109  112  119  128  141  159  181  207  237  270  305  341
  375  407  435  458  476  488  494  494  488  477  462  442  418  391  362  331
  301  270  242  215  191  170  151  135  122
    70.0-180.0 180.0   5.0 450.0                            LAT/LON1/LON2/DLON/H
  136  123  111  102   93   86   81   78   75   75   75   78   82   89   98  107
  118  127  135  140  142  140  135  129  122  115  109  104  100   98   96   95
   94   93   93   94   96  101  109  120  137  158  185  216  252  291  331  371
  409  444  473  496  513  524  528  526  519  507  491  470  446  418  388  356
  324  292  262  235  209  187  168  151  136
    67.5-180.0 180.0   5.0 450.0                            LAT/LON1/LON2/DLON/H
  144  130  117  106   96   88   82   77   74   72   72   73   75   81   88   98
  110  121  130  137  139  138  133  127  119  112  106  101   97   94   91   89
   86   85   84   85   88   95  105  120  140  165  195  231  271  313  356  398
  436  469  496  515  528  534  535  530  521  509  493  473  451  424  395  365
  333  302  272  245  220  197  178  160  144
    65.0-180.0 180.0   5.0 450.0                            LAT/LON1/LON2/DLON/H
  146  131  116  103   93   84   78   75   72   71   71   71   72   76   82   92
  104  116  127  135  138  137  133  127  120  114  108  103   99   95   90   86
   82   79   78   79   85   94  108  126  150  179  213  252  293  337  379  419
  454  483  504  517  523  523  518  510  500  488  474  457  437  415  389  361
  332  302  274  248  223  201  181  163  146
    62.5-180.0 180.0   5.0 450.0                            LAT/LON1/LON2/DLON/H
  145  127  111   96   84   75   70   68   69   70   70   71   71   74   79   88
  100  112  123  131  135  135  131  126  120  115  110  106  101   95   89   82
   76   73   72   76   84   97  116  139  167  199  236  276  318  361  401  436
  466  487  500  506  504  497  488  477  466  455  444  431  416  398  376  352
  326  300  274  249  225  203  182  163  145
    60.0-180.0 180.0   5.0 450.0                            LAT/LON1/LON2/DLON/H
  144  124  105   88   74   64   59   59   62   66   69   71   72   74   78   85
   96  108  118  126  129  128  124  120  116  113  110  105  100   93   84   76
   69   66   67   74   86  104  127  155  187  222  261  302  343  383  419  449
  471  486  491  489  481  469  456  443  433  424  416  408  397  384  367  346
  324  301  277  254  230  207  185  164  144
    57.5-180.0 180.0   5.0 450.0                            LAT/LON1/LON2/DLON/H
  147  125  104   85   68   56   50   50   54   61   67   71   72   74   77   83
   92  103  111  117  118  117  114  111  109  107  105  101   95   86   77   68
   61   59   63   74   91  114  141  173  208  245  284  325  365  401  433  458
  474  482  482  475  463  448  433  420  411  404  399  395  388  378  364  347
  328  308  287  265  241  217  193  170  147
    55.0-180.0 180.0   5.0 450.0                            LAT/LON1/LON2/DLON/H
  157  135  113   91   71   55   45   43   48   55   63   69   71   73   76   81
   89   97  104  107  107  104  101  100  100  100   98   94   87   78   68   59
   54   55   62   77   99  126  157  191  227  265  304  343  381  416  444  464
  476  480  477  468  455  440  425  413  405  400  397  394  389  380  368  353
  337  319  301  280  257  232  206  181  157
    52.5-180.0 180.0   5.0 450.0                            LAT/LON1/LON2/DLON/H
  171  151  130  108   85   65   50   44   45   51   59   66   69   72   74   79
   86   92   97   98   96   93   91   92   93   95   93   88   80   70   61   54
   51   55   67   85  111  141  173  208  243  280  318  356  393  426  451  469
  479  481  478  470  458  445  432  421  413  408  405  402  396  386  373  359
  344  329  314  295  273  247  220  194  171
    50.0-180.0 180.0   5.0 450.0                            LAT/LON1/LON2/DLON/H
  185  169  153  133  110   86   65   53   49   52   58   63   67   70   73   78
   84   89   93   93   90   88   88   90   93   95   93   86   77   66   58   54
   54   62   76   98  126  157  190  223  257  292  328  365  400  432  456  473
  482  486  484  478  470  459  448  437  427  421  415  409  401  389  373  357
  342  330  318  302  282  256  229  204  185
    47.5-180.0 180.0   5.0 450.0                            LAT/LON1/LON2/DLON/H
  191  182  173  160  139  113   89   70   60   58   60   64   68   70   73   78
   84   89   92   93   91   90   92   97  102  103   99   90   79   68   61   59
   63   73   89  113  142  174  207  238  269  301  335  370  405  436  460  477
  487  492  493  491  485  476  465  452  440  429  420  410  399  383  364  345
  329  318  308  297  279  254  228  206  191
    45.0-180.0 180.0   5.0 450.0                            LAT/LON1/LON2/DLON/H
  186  184  184  178  163  140  114   92   77   70   69   70   72   73   76   80
   86   92   96   97   98  100  105  112  117  118  111  100   86   76   70   70
   75   85  102  127  157  190  223  253  281  310  342  376  410  440  464  480
  492  499  503  503  500  492  479  463  446  430  416  403  389  371  349  326
  307  295  288  279  264  242  216  196  186
    42.5-180.0 180.0   5.0 450.0                            LAT/LON1/LON2/DLON/H
  169  173  180  182  174  156  134  113   96   86   82   81   80   81   82   85
   91   97  102  105  108  113  121  130  136  135  126  112   97   86   81   81
   86   95  111  136  168  203  238  268  295  322  351  383  415  444  468  485
  497  506  512  515  513  505  489  469  447  426  409  394  380  361  337  310
  287  272  264  258  245  223  197  177  169
    40.0-180.0 180.0   5.0 450.0                            LAT/LON1/LON2/DLON/H
  146  150  160  167  166  157  141  125  111  102   97   94   93   92   92   93
   97  103  109  114  119  127  137  148  154  151  140  123  107   96   91   90
   92   98  113  138  174  213  251  284  311  337  364  393  423  450  473  490
  504  515  524  530  529  520  503  480  454  429  410  397  385  370  346  315
  284  263  253  246  234  210  181  157  146
    37.5-180.0 180.0   5.0 450.0                            LAT/LON1/LON2/DLON/H
  128  124  130  137  141  139  133  125  117  111  108  107  107  105  104  104
  106  110  116  121  128  137  149  160  165  161  149  131  115  104   98   94
   92   94  107  134  174  220  263  300  329  354  379  406  433  458  480  498
  514  529  542  551  553  546  530  506  479  454  436  426  421  412  390  355
  317  286  269  259  244  216  180  147  128
    35.0-180.0 180.0   5.0 450.0                            LAT/LON1/LON2/DLON/H
  127  109  103  103  105  108  111  112  111  111  113  116  118  118  116  115
  115  118  122  127  133  143  154  164  169  164  152  135  120  109  101   94
   87   85   96  125  171  224  274  315  347  372  396  421  445  469  490  511
  531  552  571  585  593  591  580  560  537  514  499  495  499  497  480  442
  395  352  325  307  286  252  206  160  127
    32.5-180.0 180.0   5.0 450.0                            LAT/LON1/LON2/DLON/H
  153  116   92   79   74   77   84   91   96  101  108  117  124  127  127  126
  125  125  127  130  135  143  153  162  166  162  151  136  122  112  103   92
   80   74   84  117  168  227  283  329  363  389  413  436  459  482  506  530
  557  585  612  635  652  659  657  647  632  615  605  607  618  625  613  574
  517  462  422  394  365  322  264  204  153
    30.0-180.0 180.0   5.0 450.0                            LAT/LON1/LON2/DLON/H
  211  155  111   80   63   59   65   72   79   86   97  111  123  132  135  134
  133  132  132  132  135  141  149  157  161  159  149  137  126  117  107   92
   76   67   77  113  169  233  292  339  375  403  428  452  475  500  527  558
  592  629  666  700  727  747  758  761  757  749  744  749  765  779  773  734
  671  604  550  512  474  422  354  280  211
    27.5-180.0 180.0   5.0 450.0                            LAT/LON1/LON2/DLON/H
  299  227  165  116   85   71   68   68   69   73   84  101  118  131  138  139
  139  137  136  135  136  140  147  155  160  159  153  143  134  126  115   98
   79   69   80  117  176  240  299  346  383  414  442  468  495  523  556  594
  636  682  728  772  811  843  868  886  895  896  895  900  917  935  933  896
  830  754  691  643  597  538  463  380  299
    25.0-180.0 180.0   5.0 450.0                            LAT/LON1/LON2/DLON/H
  405  326  252  191  146  119  103   90   77   72   77   93  113  129  138  142
  142  141  139  139  140  144  151  159  165  167  164  156  149  141  129  111
   91   81   93  131  189  251  306  350  387  421  454  486  517  552  591  636
  685  737  790  841  887  929  966  997 1019 1029 1029 1031 1043 1060 1061 1029
  965  887  818  764  714  652  574  489  405
    22.5-180.0 180.0   5.0 450.0                            LAT/LON1/LON2/DLON/H
  512  435  361  294  242  204  173  142  112   91   86   97  114  129  139  144
  145  144  143  145  148  154  163  172  181  185  183  176  169  160  149  131
  111  101  113  151  206  263  312  352  389  427  467  506  544  585  630  680
  733  787  841  893  942  987 1029 1070 1102 1119 1119 1113 1116 1128 1132 1107
 1049  976  909  855  804  743  670  591  512
    20.0-180.0 180.0   5.0 450.0                            LAT/LON1/LON2/DLON/H
  601  536  471  409  357  314  270  222  172  134  116  117  128  138  144  147
  147  146  148  152  161  171  182  193  203  209  207  200  191  181  169  152
  134  125  138  174  224  275  317  353  391  435  482  528  573  620  670  723
  775  825  874  921  964 1003 1043 1086 1124 1146 1144 1130 1121 1125 1130 1115
 1070 1009  949  900  854  799  734  667  601
    17.5-180.0 180.0   5.0 450.0                            LAT/LON1/LON2/DLON/H
  659  612  563  514  470  428  379  317  252  199  168  158  158  160  159  156
  152  150  153  162  176  191  205  218  229  235  233  223  211  200  187  171
  154  147  159  193  240  285  322  356  395  444  498  552  602  653  705  757
  804  846  884  919  949  975 1004 1042 1081 1105 1102 1080 1060 1056 1061 1057
 1029  984  939  900  861  815  761  708  659
    15.0-180.0 180.0   5.0 450.0                            LAT/LON1/LON2/DLON/H
  680  650  619  587  557  524  477  411  338  276  236  216  206  196  185  174
  164  159  162  174  193  212  228  241  252  257  253  241  225  211  198  183
  167  161  173  206  250  291  326  360  402  456  515  573  628  680  731  778
  817  847  872  892  905  912  924  950  984 1009 1007  980  951  940  948  954
  944  919  890  864  835  797  753  713  680
    12.5-180.0 180.0   5.0 450.0                            LAT/LON1/LON2/DLON/H
  666  649  632  617  603  583  544  484  414  352  310  284  265  246  225  204
  186  174  174  188  210  231  247  259  268  271  265  249  231  214  200  186
  171  165  178  210  253  295  330  365  411  468  531  591  645  696  744  785
  815  833  845  849  845  834  826  836  863  887  886  858  825  812  822  839
  845  838  826  812  792  761  723  690  666
    10.0-180.0 180.0   5.0 450.0                            LAT/LON1/LON2/DLON/H
  629  615  605  600  599  594  569  522  464  413  376  352  329  303  275  246
  218  198  193  205  227  247  260  268  273  274  266  248  227  209  194  179
  165  160  174  208  253  296  334  373  421  480  543  601  652  699  743  779
  801  810  812  807  791  764  739  734  751  773  775  750  719  707  721  746
  763  769  770  766  752  723  686  652  629
     7.5-180.0 180.0   5.0 450.0                            LAT/LON1/LON2/DLON/H
  585  564  551  549  555  560  550  521  481  447  423  406  387  362  331  297
  261  232  219  225  242  257  265  267  268  266  257  238  216  197  181  167
  154  150  166  202  250  296  338  380  430  488  548  602  649  691  731  762
  780  786  785  778  759  727  692  674  681  699  703  684  660  653  671  700
  722  734  740  742  730  700  658  616  585
     5.0-180.0 180.0   5.0 450.0                            LAT/LON1/LON2/DLON/H
  548  514  491  483  488  498  499  486  466  451  445  440  430  413  387  352
  311  273  250  247  256  264  263  258  255  251  242  224  203  183  167  152
  141  140  159  198  248  297  342  386  436  491  546  595  637  675  711  740
  758  767  771  771  761  734  700  676  675  686  690  677  661  662  684  712
  732  741  746  747  734  699  648  594  548
     2.5-180.0 180.0   5.0 450.0                            LAT/LON1/LON2/DLON/H
  529  480  445  426  424  431  436  433  430  432  441  451  454  449  434  405
  362  317  284  270  269  267  257  246  238  233  224  209  189  171  155  140
  130  133  156  198  249  300  346  390  438  490  540  583  620  655  689  719
  741  757  772  788  796  787  763  741  733  737  736  727  720  729  753  777
  786  785  781  776  758  717  657  590  529
