ionex_files/turquie/COD0OPSFIN_20230380000_01D_01H_GIM.INX
     1.0            IONOSPHERE MAPS     GNSS                IONEX VERSION / TYPE
ADDNEQ2 V5.5        AIUB                11-FEB-23 21:46     PGM / RUN BY / DATE 
CODE'S GLOBAL IONOSPHERE MAPS FOR DAY 038, 2023             COMMENT             
Global ionosphere maps (GIM) are generated on a daily basis DESCRIPTION         
at CODE using data from about 300 GNSS sites of the IGS and DESCRIPTION         
other institutions. The vertical total electron content     DESCRIPTION         
(VTEC) is modeled in a solar-geomagnetic reference frame    DESCRIPTION         
using a spherical harmonics expansion up to degree and      DESCRIPTION         
order 15. Piece-wise linear functions are used for          DESCRIPTION         
representation in the time domain. The time spacing of      DESCRIPTION         
their vertices is 1 hour, conforming with the epochs of the DESCRIPTION         
VTEC maps.                                                  DESCRIPTION         
To convert line-of-sight TEC into vertical TEC, a modified  DESCRIPTION         
single-layer model mapping function approximating the JPL   DESCRIPTION         
extended slab model mapping function is adopted. The        DESCRIPTION         
mapping function is evaluated at geodetic satellite         DESCRIPTION         
elevation angles. For the computation of the ionospheric    DESCRIPTION         
pierce points, a spherical layer with a radius of 6821 km   DESCRIPTION         
is assumed, implying geocentric, not geodetic IONEX         DESCRIPTION         
latitudes.                                                  DESCRIPTION         
Instrumental biases with respect to each involved GNSS code DESCRIPTION         
observable are estimated as constant values for each        DESCRIPTION         
day. They are modeled with one set of bias parameters for   DESCRIPTION         
each satellite and each station in case of GPS and for each DESCRIPTION         
satellite-station link in case of GLONASS. The code bias    DESCRIPTION         
datum is defined by zero-mean conditions imposed on the     DESCRIPTION         
satellite bias estimates. In this file, just GPS C1W-C2W    DESCRIPTION         
satellite and station bias values are included. The         DESCRIPTION         
complete set of GNSS code bias results is provided in an    DESCRIPTION         
additional Bias-SINEX file as pseudo-absolute values        DESCRIPTION         
specific to each observable.                                DESCRIPTION         
Note: These GIM results correspond to the results for the   DESCRIPTION         
middle day of a 3-day combination analysis solving for 73   DESCRIPTION         
times 256, or 18688 VTEC parameters and 3 daily sets of     DESCRIPTION         
GNSS code bias parameters.                                  DESCRIPTION         
Contact address: code(at)aiub.unibe.ch                      DESCRIPTION         
Data archive:    ftp.aiub.unibe.ch/CODE/                    DESCRIPTION         
                 www.aiub.unibe.ch/download/CODE/           DESCRIPTION         
  2023     2     7     0     0     0                        EPOCH OF FIRST MAP  
  2023     2     8     0     0     0                        EPOCH OF LAST MAP   
  3600                                                      INTERVAL            
[...]
brft brst brux bshm cags cas1 ccj2 cedu chpg chpi chti chur COMMENT             
ckis coco cord cpvg cpxf crar cro1 daej darw dav1 dgar dhlg COMMENT             
drao dubo ebre faa1 fair flrs frdn ftna func ganp glps glsv COMMENT             
gode godz gol2 gold gope gras graz guam guug harb hers hert COMMENT             
hlfx hob2 hofn holb hrao hyde iddr ieng iisc ineg invk iqal COMMENT             
irkj isba jog2 joz2 joze karr kerg kir0 kiri kiru kit3 kokb COMMENT             
kokv koug kour krgg laut lmmf lpal lpgs m0se mac1 madr mal2 COMMENT             
mana mas1 mat1 mate maw1 mcm4 mdo1 mdvj medi mets mgue mizu COMMENT             
mkea mnls mobs monp morp mqzg mro1 mtka nano nico nist nium COMMENT             
nklg nlib nnor not1 nrc1 nrmd ntus nya1 nyal ohi2 onsa opmt COMMENT             
ous2 pado parc park pdel penc pert pie1 pimo pohn pol2 polv COMMENT             
pots pove prds ptag ptbb ptvl qaq1 quin ramo reun reyk rgdg COMMENT             
rio2 riop salu samo sant savo sch2 scor scrz sctb scub seyg COMMENT             
smst sofi spt0 ssia sthl stjo stk2 str2 suth sutm suwn sydn COMMENT             
syog tabl tabv tash thtg thti thu2 tid1 tidb tlse tn22 tong COMMENT             
tow2 tro1 tsea tskb twtf txes uclu ufpr ulab unb3 unbj unsa COMMENT             
urum usn7 usud vald vill voim vtsp wab1 wab2 wark wes2 wgtn COMMENT             
whit will wsrt wtza wtzl wtzr wtzs wtzz wuhn xmis yar2 yar3 COMMENT             
yarr yell ykro zamb zeck zim2 zim3 zimm                     COMMENT             
                                                            END OF HEADER       
     1                                                      START OF TEC MAP    
  2023     2     7     0     0     0                        EPOCH OF CURRENT MAP
    87.5-180.0 180.0   5.0 450.0                            LAT/LON1/LON2/DLON/H
  141  143  146  148  151  153  155  157  158  160  161  162  162  163  163  163
  162  161  160  159  158  156  154  152  150  148  146  144  142  139  137  135
  133  131  129  128  126  125  123  122  121  120  119  118  117  117  116  116
  115  115  115  114  114  114  114  114  115  115  116  116  117  118  120  121
  123  124  126  129  131  133  136  138  141
    85.0-180.0 180.0   5.0 450.0                            LAT/LON1/LON2/DLON/H
  144  150  156  161  167  172  177  181  185  188  190  191  192  192  192  191
  189  187  184  181  177  174  169  165  160  156  151  146  142  137  133  129
  125  121  118  116  113  111  110  108  107  107  106  106  105  105  104  104
  103  103  102  101  101  100   99   98   98   97   97   97   98   99  101  103
  105  108  112  117  121  126  132  138  144
    82.5-180.0 180.0   5.0 450.0                            LAT/LON1/LON2/DLON/H
  149  159  168  178  187  195  202  208  213  217  219  221  220  219  217  214
  211  206  202  197  192  186  180  174  167  160  153  146  140  133  126  120
  115  110  107  103  101   99   98   98   97   98   98   99   99  100  100  100
   99   99   98   96   94   92   90   88   86   84   82   81   81   82   83   86
   89   94   99  106  113  121  130  139  149
    80.0-180.0 180.0   5.0 450.0                            LAT/LON1/LON2/DLON/H
  161  174  187  200  211  222  231  238  243  246  247  246  243  239  233  227
  221  215  209  203  198  192  186  180  173  165  157  149  140  131  123  116
  109  103   99   96   94   92   92   93   94   95   96   98   99  100  101  102
  101  101   99   97   94   91   87   83   79   76   73   71   70   71   72   76
   80   87   94  103  113  124  136  149  161
    77.5-180.0 180.0   5.0 450.0                            LAT/LON1/LON2/DLON/H
  184  199  214  228  242  254  263  271  275  275  273  267  258  248  237  227
  217  209  202  198  194  191  188  184  179  173  165  156  146  136  126  117
  109  103   99   96   94   94   94   96   97   99  101  103  104  105  106  107
  106  105  103  100   97   92   87   82   78   73   70   68   68   69   72   77
   84   93  103  114  127  140  154  169  184
    75.0-180.0 180.0   5.0 450.0                            LAT/LON1/LON2/DLON/H
  215  231  246  262  276  288  298  304  306  303  295  282  266  248  229  212
  198  188  182  181  182  184  187  188  187  184  177  168  157  146  134  124
  116  109  105  103  103  103  104  106  107  109  110  111  111  112  112  112
  111  109  107  103   99   94   89   84   79   75   73   72   73   77   83   91
  101  113  126  140  155  170  185  200  215
    72.5-180.0 180.0   5.0 450.0                            LAT/LON1/LON2/DLON/H
  252  266  281  296  310  322  332  337  337  330  316  295  269  241  213  188
  169  157  152  155  162  173  183  191  196  195  190  181  169  157  144  133
  124  119  115  114  115  116  118  120  120  121  120  119  118  117  116  114
  113  110  107  104   99   94   89   85   81   79   79   81   85   93  103  115
  129  145  161  177  193  208  223  237  252
    70.0-180.0 180.0   5.0 450.0                            LAT/LON1/LON2/DLON/H
  287  299  312  326  339  352  362  367  366  356  336  308  272  233  194  160
  135  121  119  126  140  159  177  191  201  203  199  190  177  163  150  138
  130  125  123  124  126  128  130  132  132  130  128  125  122  119  116  114
  111  108  104  100   95   91   87   84   82   83   86   91  100  112  127  144
  162  181  200  218  234  248  262  274  287
    67.5-180.0 180.0   5.0 450.0                            LAT/LON1/LON2/DLON/H
  314  325  336  349  362  375  386  392  391  380  357  323  279  230  181  139
  108   91   89  100  120  144  167  186  198  202  198  188  175  160  146  135
  128  124  124  126  129  132  135  136  136  134  130  126  121  117  113  109
  105  101   97   92   88   84   81   79   80   84   91  101  114  131  150  171
  193  215  235  253  269  282  294  304  314
    65.0-180.0 180.0   5.0 450.0                            LAT/LON1/LON2/DLON/H
  332  342  353  365  378  391  403  411  412  402  379  342  293  237  181  131
   95   75   72   83  104  130  154  173  184  187  183  173  160  146  133  123
  117  115  115  118  122  126  130  131  131  129  125  120  115  110  105  101
   97   92   87   82   77   73   71   72   76   83   93  107  124  144  167  191
  215  239  259  277  291  303  313  323  332
    62.5-180.0 180.0   5.0 450.0                            LAT/LON1/LON2/DLON/H
  342  354  365  377  389  401  413  422  426  419  399  363  314  256  196  142
  102   78   72   80   97  117  136  150  158  159  154  145  134  123  113  106
  101  100  101  103  107  111  115  117  118  116  114  109  105  100   95   91
   87   82   77   71   66   62   60   62   68   78   91  108  127  150  175  201
  226  250  271  287  300  311  321  331  342
    60.0-180.0 180.0   5.0 450.0                            LAT/LON1/LON2/DLON/H
  348  364  378  391  401  410  420  428  433  431  416  385  340  285  226  172
  130  103   90   90   98  108  116  122  123  121  116  111  104   98   93   89
   87   85   85   87   89   92   95   98  100  101  100   97   93   88   84   81
   77   73   68   62   56   51   50   53   61   72   87  105  125  149  174  201
  227  251  270  286  298  308  320  333  348
    57.5-180.0 180.0   5.0 450.0                            LAT/LON1/LON2/DLON/H
  357  378  397  410  417  421  425  429  434  435  427  405  368  320  267  217
  175  144  124  113  107  102   97   92   86   82   80   79   80   81   81   81
   79   78   76   75   74   76   78   81   85   87   88   86   83   78   75   72
   69   67   62   56   49   45   43   47   55   68   83  100  120  143  169  195
  221  245  264  279  291  303  317  335  357
    55.0-180.0 180.0   5.0 450.0                            LAT/LON1/LON2/DLON/H
  372  400  422  435  439  435  430  428  430  433  430  418  392  356  312  268
  228  194  167  143  122  102   84   68   57   52   53   59   67   75   81   84
   84   81   77   73   70   69   70   73   77   81   82   81   77   72   68   66
   65   64   61   55   49   44   42   46   54   67   81   97  116  137  161  187
  214  238  257  273  286  301  319  344  372
    52.5-180.0 180.0   5.0 450.0                            LAT/LON1/LON2/DLON/H
  393  427  452  465  463  451  437  426  423  425  427  424  410  386  354  317
  280  244  210  175  141  109   80   58   44   40   46   57   71   84   93   98
   98   95   89   84   79   76   76   78   81   84   86   83   78   71   66   64
   64   65   64   61   55   49   48   52   60   71   84   98  114  133  156  182
  209  234  255  273  289  307  330  359  393
    50.0-180.0 180.0   5.0 450.0                            LAT/LON1/LON2/DLON/H
  417  453  480  491  485  466  442  424  415  415  420  423  420  407  386  357
  323  286  246  204  163  123   90   66   53   50   58   72   88  102  112  117
  117  114  109  104   99   96   94   94   95   97   97   93   86   77   70   67
   68   72   73   71   66   61   60   64   72   82   93  105  119  136  157  182
  208  235  259  280  300  322  348  380  417
    47.5-180.0 180.0   5.0 450.0                            LAT/LON1/LON2/DLON/H
  435  470  495  505  496  474  445  422  408  406  412  419  423  419  405  383
  351  314  271  228  185  147  116   94   82   81   87   99  111  122  129  132
  132  130  128  126  124  121  119  117  116  115  114  108   99   88   78   75
   77   82   85   85   81   77   76   80   88   98  108  118  129  144  163  187
  213  240  267  292  316  340  368  400  435
    45.0-180.0 180.0   5.0 450.0                            LAT/LON1/LON2/DLON/H
  442  471  493  501  493  472  445  421  406  402  406  415  422  422  413  394
  364  327  286  245  209  177  153  136  126  122  123  127  131  135  136  137
  136  137  140  143  146  146  143  139  136  133  131  125  115  103   92   87
   89   94   98   99   96   94   94   98  106  116  126  135  145  158  175  196
  220  247  275  303  331  358  384  412  442
    42.5-180.0 180.0   5.0 450.0                            LAT/LON1/LON2/DLON/H
  435  456  473  480  476  462  442  423  410  405  407  414  420  422  414  394
  365  330  293  260  233  213  197  184  173  164  156  148  141  135  131  128
  129  133  140  150  158  162  161  155  149  145  143  140  131  119  108  102
  102  106  110  111  109  107  108  114  123  133  144  153  164  176  190  208
  228  252  280  310  341  369  392  414  435
    40.0-180.0 180.0   5.0 450.0                            LAT/LON1/LON2/DLON/H
  419  431  442  450  452  449  441  432  423  418  416  419  422  421  411  390
  361  328  298  274  258  248  238  226  211  193  174  156  139  126  116  113
  114  121  133  146  159  167  167  161  153  149  150  150  145  135  124  117
  115  117  119  118  116  114  117  124  134  147  159  170  182  194  207  221
  236  256  281  312  344  372  393  408  419
    37.5-180.0 180.0   5.0 450.0                            LAT/LON1/LON2/DLON/H
  406  410  417  427  437  445  450  451  446  439  433  430  427  422  408  386
  357  329  306  292  283  277  268  252  229  203  176  151  130  114  104  101
  104  112  124  138  152  162  163  157  149  146  150  154  155  149  138  129
  124  123  121  119  116  115  118  126  139  153  169  184  198  211  223  234
  245  259  281  310  343  372  392  401  406
    35.0-180.0 180.0   5.0 450.0                            LAT/LON1/LON2/DLON/H
  408  410  417  429  445  464  479  485  482  470  457  446  437  426  409  386
  360  337  322  313  306  297  280  255  224  194  166  143  126  114  108  108
  112  117  124  134  145  153  155  150  143  141  147  156  161  157  148  138
  129  124  119  113  110  109  113  123  137  154  174  193  210  226  240  250
  258  268  286  313  346  377  397  406  408
    32.5-180.0 180.0   5.0 450.0                            LAT/LON1/LON2/DLON/H
  441  447  457  472  493  516  534  539  530  509  485  466  450  434  414  392
  370  354  345  337  324  303  273  237  202  174  155  144  139  138  141  145
  148  148  144  143  145  150  152  147  141  140  147  158  164  162  152  140
  129  120  111  104  100  100  105  115  130  151  175  199  221  240  257  269
  278  286  301  327  360  393  418  433  441
    30.0-180.0 180.0   5.0 450.0                            LAT/LON1/LON2/DLON/H
  509  526  544  563  585  606  618  614  590  554  518  488  465  445  423  401
  386  378  372  360  336  298  252  208  174  157  157  167  181  194  206  214
  215  206  188  171  161  159  160  157  152  149  154  162  167  163  152  138
  125  113  103   94   90   91   95  106  124  148  177  206  231  255  276  294
  307  318  333  357  391  428  462  488  509
    27.5-180.0 180.0   5.0 450.0                            LAT/LON1/LON2/DLON/H
  608  643  672  696  715  728  728  706  662  606  554  513  483  457  433  413
  403  402  398  380  341  286  228  181  157  161  185  220  253  279  298  308
  306  287  254  219  195  185  185  183  178  172  171  172  170  161  147  132
  118  106   95   87   84   84   90  100  120  149  183  216  246  273  300  325
  346  363  380  404  439  481  525  568  608
    25.0-180.0 180.0   5.0 450.0                            LAT/LON1/LON2/DLON/H
  722  777  820  849  865  868  851  808  741  664  595  544  506  473  444  424
  419  422  419  393  341  274  212  173  167  195  245  300  346  379  399  409
  403  376  330  280  243  226  225  225  219  208  197  187  175  159  142  126
  112  101   91   84   82   84   89  101  123  157  196  234  266  296  329  363
  393  417  438  464  499  546  601  661  722
    22.5-180.0 180.0   5.0 450.0                            LAT/LON1/LON2/DLON/H
  831  903  959  992 1006 1000  969  908  820  725  642  581  535  494  458  434
  430  435  430  398  339  271  217  195  212  263  331  396  445  473  488  494
  485  455  403  343  297  276  274  276  268  251  228  205  182  158  137  121
  109  100   92   87   87   89   95  108  133  172  217  259  293  325  362  404
  444  476  501  527  563  612  675  751  831
    20.0-180.0 180.0   5.0 450.0                            LAT/LON1/LON2/DLON/H
  909  993 1056 1093 1107 1100 1063  992  892  785  694  626  573  522  476  445
  436  439  431  397  341  283  249  252  292  357  429  489  526  541  544  544
  536  509  458  397  347  324  323  326  316  292  259  224  190  160  136  120
  111  104   99   95   95   99  106  121  151  195  245  290  325  358  399  446
  493  530  558  584  618  667  734  818  909
    17.5-180.0 180.0   5.0 450.0                            LAT/LON1/LON2/DLON/H
  940 1024 1087 1125 1144 1143 1114 1047  948  841  748  677  618  558  500  458
  440  437  427  395  350  314  308  337  393  459  519  560  574  567  555  549
  545  528  487  433  386  363  363  366  354  324  282  239  198  164  140  125
  118  113  108  106  106  110  119  137  172  221  276  322  359  393  434  484
  534  574  602  627  657  701  766  849  940
    15.0-180.0 180.0   5.0 450.0                            LAT/LON1/LON2/DLON/H
  919  990 1043 1078 1103 1118 1109 1062  980  884  798  731  669  601  531  475
  446  435  422  397  370  363  386  436  495  547  581  591  577  549  523  514
  516  513  490  447  407  387  386  388  374  340  294  247  205  171  148  134
  128  124  119  116  116  121  132  154  193  247  304  352  389  424  466  516
  565  604  630  651  676  713  768  840  919
    12.5-180.0 180.0   5.0 450.0                            LAT/LON1/LON2/DLON/H
  854  900  932  958  989 1026 1048 1034  981  908  838  779  718  646  566  500
  458  437  422  407  402  422  470  528  576  599  598  577  539  497  464  454
  465  478  472  445  412  393  391  390  375  339  293  247  209  179  159  147
  140  135  129  124  123  128  142  169  213  268  325  373  411  447  490  539
  585  619  642  659  679  706  747  799  854
    10.0-180.0 180.0   5.0 450.0                            LAT/LON1/LON2/DLON/H
  767  778  781  790  825  883  940  966  951  909  861  814  759  687  604  530
  478  449  433  427  442  484  543  594  616  604  569  524  477  433  402  396
  414  438  447  432  405  386  379  375  357  323  280  241  210  188  171  160
  152  145  137  130  127  133  150  181  227  283  337  383  421  459  504  551
  593  623  643  657  671  690  714  743  767
     7.5-180.0 180.0   5.0 450.0                            LAT/LON1/LON2/DLON/H
  683  657  626  613  644  717  806  871  895  886  862  830  785  720  640  564
  507  471  455  458  487  537  591  620  607  559  501  451  414  384  364  363
  383  411  427  418  393  370  357  347  328  297  261  231  210  195  182  172
  162  152  142  132  128  135  155  190  237  289  338  380  419  460  507  554
  593  620  637  650  663  674  685  691  683
     5.0-180.0 180.0   5.0 450.0                            LAT/LON1/LON2/DLON/H
  627  569  504  466  485  563  671  766  823  843  841  826  793  738  668  598
  540  503  488  497  530  575  607  601  551  478  415  382  373  371  368  370
  385  407  419  408  380  350  330  315  296  269  240  219  207  200  191  180
  169  158  145  134  129  135  158  196  242  290  332  369  407  451  501  549
  587  613  631  646  659  669  671  660  627
     2.5-180.0 180.0   5.0 450.0                            LAT/LON1/LON2/DLON/H
  615  536  446  384  383  453  563  672  750  791  807  804  784  743  688  628
  576  541  528  538  566  593  592  546  465  383  336  338  372  405  418  418
  419  425  424  404  368  331  304  286  268  245  223  209  204  202  196  185
  173  161  148  136  129  136  160  199  245  287  322  353  390  436  489  538
  576  604  625  645  662  675  677  661  615
