ionex_files/turquie/COD0OPSFIN_20230270000_01D_01H_GIM.INX
     1.0            IONOSPHERE MAPS     GNSS                IONEX VERSION / TYPE
ADDNEQ2 V5.5        AIUB                31-JAN-23 21:39     PGM / RUN BY / DATE 
CODE'S GLOBAL IONOSPHERE MAPS FOR DAY 027, 2023             COMMENT             
Global ionosphere maps (GIM) are generated on a daily basis DESCRIPTION         
at CODE using data from about 300 GNSS sites of the IGS and DESCRIPTION         
other institutions. The vertical total electron content     DESCRIPTION         
(VTEC) is modeled in a solar-geomagnetic reference frame    DESCRIPTION         
using a spherical harmonics expansion up to degree and      DESCRIPTION         
order 15. Piece-wise linear functions are used for          DESCRIPTION         
representation in the time domain. The time spacing of      DESCRIPTION         
their vertices is 1 hour, conforming with the epochs of the DESCRIPTION         
VTEC maps.                                                  DESCRIPTION         
To convert line-of-sight TEC into vertical TEC, a modified  DESCRIPTION         
single-layer model mapping function approximating the JPL   DESCRIPTION         
extended slab model mapping function is adopted. The        DESCRIPTION         
mapping function is evaluated at geodetic satellite         DESCRIPTION         
elevation angles. For the computation of the ionospheric    DESCRIPTION         
pierce points, a spherical layer with a radius of 6821 km   DESCRIPTION         
is assumed, implying geocentric, not geodetic IONEX         DESCRIPTION         
latitudes.                                                  DESCRIPTION         
Instrumental biases with respect to each involved GNSS code DESCRIPTION         
observable are estimated as constant values for each        DESCRIPTION         
day. They are modeled with one set of bias parameters for   DESCRIPTION         
each satellite and each station in case of GPS and for each DESCRIPTION         
satellite-station link in case of GLONASS. The code bias    DESCRIPTION         
datum is defined by zero-mean conditions imposed on the     DESCRIPTION         
satellite bias estimates. In this file, just GPS C1W-C2W    DESCRIPTION         
satellite and station bias values are included. The         DESCRIPTION         
complete set of GNSS code bias results is provided in an    DESCRIPTION         
additional Bias-SINEX file as pseudo-absolute values        DESCRIPTION         
specific to each observable.                                DESCRIPTION         
Note: These GIM results correspond to the results for the   DESCRIPTION         
middle day of a 3-day combination analysis solving for 73   DESCRIPTION         
times 256, or 18688 VTEC parameters and 3 daily sets of     DESCRIPTION         
GNSS code bias parameters.                                  DESCRIPTION         
Contact address: code(at)aiub.unibe.ch                      DESCRIPTION         
Data archive:    ftp.aiub.unibe.ch/CODE/                    DESCRIPTION         
                 www.aiub.unibe.ch/download/CODE/           DESCRIPTION         
  2023     1    27     0     0     0                        EPOCH OF FIRST MAP  
  2023     1    28     0     0     0                        EPOCH OF LAST MAP   
  3600                                                      INTERVAL            
[...]
bake barh bndy boav bogo bogt bor1 braz brst brux bshm cas1 COMMENT             
ccj2 cedu chpg chpi chti chur ckis cnmr coco cord cpxf crar COMMENT             
cro1 daej darw dav1 dgar dhlg drao dubo ebre faa1 fair flrs COMMENT             
frdn ftna func ganp glps gode godz gol2 gold gope gras graz COMMENT             
guam guug harb hers hert hlfx hob2 hofn holb hrao hyde iddr COMMENT             
ieng iisc ineg invk iqal isba jog2 joz2 joze karr kerg kir0 COMMENT             
kiri kiru kit3 kokb kokv koug kour krgg laut lmmf lpal lpgs COMMENT             
m0se mac1 madr mal2 mana mas1 mat1 mate maw1 mcm4 mdo1 mdvj COMMENT             
medi mets mgue mizu mkea mnls mobs monp morp mqzg mro1 mtka COMMENT             
nano nico nist nium nklg nlib nnor not1 nrc1 nrmd ntus nya1 COMMENT             
nyal ohi2 onsa opmt ous2 pado parc park pdel penc pert pie1 COMMENT             
pimo pohn pol2 polv pots pove prds ptbb ptvl qaq1 quin ramo COMMENT             
reun reyk rgdg rio2 riop salu samo sant savo sch2 scor sctb COMMENT             
scub seyg sofi spt0 ssia sthl stjo stk2 str2 suth sutm suwn COMMENT             
sydn syog tabl tabv tash thtg thti thu2 tid1 tidb tlse tn22 COMMENT             
tong tow2 tro1 tsea tskb twtf txes uclu ufpr ulab unb3 unbj COMMENT             
unsa urum usn7 usud vald vill voim vtsp wab1 wab2 wark wes2 COMMENT             
wgtn whit will wind wsrt wtza wtzl wtzr wtzs wuhn xmis yar2 COMMENT             
yar3 yarr yell ykro zamb zeck zim2 zim3 zimm                COMMENT             
                                                            END OF HEADER       
[from data line 7722]
    19                                                      START OF TEC MAP    
  2023     1    27    18     0     0                        EPOCH OF CURRENT MAP
    87.5-180.0 180.0   5.0 450.0                            LAT/LON1/LON2/DLON/H
  118  120  123  126  129  132  135  138  141  144  148  150  153  156  159  161
  163  165  167  169  170  171  172  172  172  172  172  171  170  169  168  167
  165  163  161  158  156  153  151  148  145  142  139  136  133  130  127  124
  121  119  116  114  112  110  108  107  106  105  104  103  103  103  103  104
  104  105  106  108  109  111  113  116  118
    85.0-180.0 180.0   5.0 450.0                            LAT/LON1/LON2/DLON/H
   91   96  100  105  111  116  122  128  134  140  146  152  158  163  168  173
  177  181  184  186  188  190  191  191  191  191  190  189  187  185  183  181
  178  175  171  167  163  158  154  149  143  138  132  127  121  116  110  105
  100   96   91   87   84   80   78   75   73   71   70   69   69   68   69   69
   70   72   73   75   78   81   84   88   91
    82.5-180.0 180.0   5.0 450.0                            LAT/LON1/LON2/DLON/H
   66   71   76   82   89   96  104  112  121  130  138  147  156  164  171  178
  183  188  192  194  196  197  197  197  195  194  192  190  188  186  183  181
  178  174  171  166  162  157  151  145  138  131  124  117  110  103   96   89
   83   78   72   67   63   59   56   53   50   48   47   46   45   44   45   45
   46   47   48   50   52   55   58   62   66
    80.0-180.0 180.0   5.0 450.0                            LAT/LON1/LON2/DLON/H
   46   50   54   60   66   74   83   93  104  115  127  139  150  161  170  179
  186  191  195  197  197  196  194  191  188  184  181  177  174  172  169  167
  165  163  160  157  154  149  144  138  131  124  117  109  101   94   87   81
   75   69   64   59   55   51   48   45   42   40   38   37   36   35   35   35
   35   36   36   37   38   40   41   44   46
    77.5-180.0 180.0   5.0 450.0                            LAT/LON1/LON2/DLON/H
   37   38   40   44   49   56   65   76   88  102  116  131  145  159  172  182
  191  197  200  201  199  195  189  182  175  168  161  156  151  148  146  144
  144  143  143  142  140  137  134  129  123  117  110  104   97   91   85   80
   76   72   68   64   61   58   55   52   49   47   44   43   41   40   39   39
   39   39   39   38   38   37   37   37   37
    75.0-180.0 180.0   5.0 450.0                            LAT/LON1/LON2/DLON/H
   39   37   36   36   39   45   53   64   77   92  109  127  145  163  179  192
  203  210  214  213  209  201  191  179  167  154  143  134  126  121  118  117
  117  119  120  122  122  122  120  118  114  109  105  100   96   92   89   87
   85   83   81   80   78   75   72   69   66   63   60   57   55   54   53   53
   53   53   52   51   50   48   45   42   39
    72.5-180.0 180.0   5.0 450.0                            LAT/LON1/LON2/DLON/H
   51   45   41   38   38   41   48   58   72   89  108  129  150  172  192  210
  224  234  239  238  232  221  206  188  170  151  134  119  108   99   94   92
   92   94   96   99  102  103  104  103  102  100   98   96   94   94   94   95
   96   97   98   98   97   95   93   89   85   81   77   73   71   70   69   69
   70   71   71   71   69   66   62   57   51
    70.0-180.0 180.0   5.0 450.0                            LAT/LON1/LON2/DLON/H
   68   60   53   47   44   45   51   60   74   91  112  135  160  185  210  233
  253  267  275  275  268  255  235  212  187  162  139  118  101   88   79   74
   72   72   75   78   81   83   85   86   87   87   87   88   90   92   96  100
  104  108  111  112  112  110  107  103   98   93   88   84   81   80   81   82
   85   87   89   90   90   87   82   76   68
    67.5-180.0 180.0   5.0 450.0                            LAT/LON1/LON2/DLON/H
   84   75   66   59   54   54   58   67   80   98  119  143  170  199  229  258
  283  303  316  319  313  298  275  247  217  187  158  132  110   92   78   68
   62   59   58   60   62   64   66   68   69   71   73   76   80   85   91   97
  103  108  112  115  115  113  110  105  100   94   89   85   82   82   83   86
   91   95  100  103  104  103   99   92   84
    65.0-180.0 180.0   5.0 450.0                            LAT/LON1/LON2/DLON/H
   93   84   76   68   64   63   67   76   89  106  127  152  180  211  244  278
  310  336  354  362  357  342  318  288  254  220  188  158  133  110   92   77
   65   57   51   49   48   48   49   51   52   54   57   61   66   72   79   85
   92   97  101  103  104  103  100   95   90   85   80   76   74   74   77   81
   87   93   99  104  107  108  106  101   93
    62.5-180.0 180.0   5.0 450.0                            LAT/LON1/LON2/DLON/H
   92   85   78   72   70   71   77   87  100  117  136  159  186  217  253  291
  328  360  383  395  393  379  355  324  290  256  224  194  166  142  119   99
   81   67   55   47   42   40   39   38   39   40   42   46   50   56   62   67
   72   76   79   81   81   81   79   76   72   68   64   61   60   61   64   68
   74   81   88   95   99  101  101   98   92
    60.0-180.0 180.0   5.0 450.0                            LAT/LON1/LON2/DLON/H
   81   77   73   71   72   76   85   98  113  129  147  167  190  219  254  294
  334  370  398  412  413  401  379  350  319  287  258  231  206  181  157  132
  109   88   70   57   47   41   37   35   34   33   34   36   38   42   45   48
   50   51   52   54   54   55   55   54   52   50   48   46   46   47   49   53
   59   65   71   77   82   85   86   84   81
    57.5-180.0 180.0   5.0 450.0                            LAT/LON1/LON2/DLON/H
   64   63   63   65   71   81   94  111  128  145  160  176  195  220  251  289
  330  368  397  414  416  406  387  362  336  311  287  266  245  222  198  171
  144  118   95   76   62   53   46   42   39   36   34   34   34   34   34   33
   32   30   30   30   31   34   36   38   39   39   38   37   36   37   38   41
   44   48   53   57   60   63   64   65   64
    55.0-180.0 180.0   5.0 450.0                            LAT/LON1/LON2/DLON/H
   46   48   52   59   70   85  105  126  146  164  178  191  204  223  249  283
  320  356  385  401  405  397  382  362  343  325  309  294  278  260  237  210
  180  151  124  101   85   73   65   59   54   49   45   41   38   35   32   28
   24   20   17   17   19   23   28   32   35   37   37   36   35   34   34   34
   35   37   39   40   42   43   44   45   46
    52.5-180.0 180.0   5.0 450.0                            LAT/LON1/LON2/DLON/H
   33   37   45   56   72   93  118  144  169  189  203  212  220  232  251  279
  311  343  368  383  386  381  370  356  343  332  322  313  302  287  267  241
  211  180  152  128  110   98   89   82   75   68   62   56   51   46   40   34
   27   22   18   18   21   26   32   37   42   45   46   44   42   39   36   35
   34   33   33   32   32   32   31   32   33
    50.0-180.0 180.0   5.0 450.0                            LAT/LON1/LON2/DLON/H
   31   36   45   60   80  105  134  165  194  217  231  239  243  250  263  283
  308  333  353  365  368  365  358  350  342  335  329  322  314  301  283  259
  230  201  173  151  134  122  113  105   98   90   82   74   67   60   54   47
   40   35   31   31   34   39   45   52   57   60   61   58   53   48   44   41
   39   38   36   34   33   31   30   29   31
    47.5-180.0 180.0   5.0 450.0                            LAT/LON1/LON2/DLON/H
   38   43   54   70   93  120  152  187  219  245  262  270  272  275  283  296
  314  332  345  354  357  356  353  348  343  338  331  323  314  301  283  261
  235  209  185  166  151  140  132  125  117  109   99   90   82   75   69   64
   58   53   50   50   52   57   63   69   74   77   77   73   66   59   54   50
   48   47   46   45   43   41   39   37   38
    45.0-180.0 180.0   5.0 450.0                            LAT/LON1/LON2/DLON/H
   53   58   69   86  109  137  170  206  241  270  290  300  303  306  310  319
  330  340  348  353  355  356  355  353  348  340  329  316  303  288  270  249
  227  206  187  172  161  152  145  138  130  120  110   99   91   85   81   77
   73   70   68   68   69   72   76   81   87   90   90   85   77   68   62   59
   58   58   58   59   59   58   56   53   53
    42.5-180.0 180.0   5.0 450.0                            LAT/LON1/LON2/DLON/H
   70   74   85  103  125  152  184  220  256  288  311  325  332  337  341  347
  353  358  361  363  364  365  364  361  353  340  323  304  286  268  249  230
  211  196  184  175  167  160  152  144  135  125  114  103   93   88   85   84
   83   81   79   78   78   79   81   86   91   96   97   92   83   74   67   65
   65   67   69   72   74   75   74   71   70
    40.0-180.0 180.0   5.0 450.0                            LAT/LON1/LON2/DLON/H
   83   87   98  116  138  164  193  227  263  297  324  343  355  364  371  376
  379  380  380  379  378  377  374  368  355  336  313  290  269  249  230  212
  197  187  183  180  175  166  156  147  138  128  116  103   92   86   85   85
   85   84   82   80   79   77   77   81   87   94   97   94   85   76   70   68
   69   71   74   79   84   87   87   85   83
    37.5-180.0 180.0   5.0 450.0                            LAT/LON1/LON2/DLON/H
   88   93  105  124  146  169  197  229  264  298  328  351  370  384  395  402
  405  403  400  396  392  387  379  367  349  326  302  279  258  240  222  206
  194  191  193  194  190  180  165  153  143  134  122  107   95   87   85   85
   85   83   80   77   73   69   67   70   79   89   94   93   85   76   71   70
   71   72   74   78   85   90   91   90   88
    35.0-180.0 180.0   5.0 450.0                            LAT/LON1/LON2/DLON/H
   84   90  104  125  148  171  196  226  260  295  326  354  378  398  413  422
  425  423  418  411  403  391  376  358  336  313  292  275  262  249  235  221
  212  213  220  225  220  205  184  168  158  150  138  123  107   97   92   91
   89   85   79   74   68   62   59   61   71   83   92   92   86   79   74   72
   72   70   69   71   77   83   85   84   84
    32.5-180.0 180.0   5.0 450.0                            LAT/LON1/LON2/DLON/H
   71   80   98  122  147  171  195  224  257  291  324  354  381  406  425  436
  438  436  430  421  407  388  365  341  318  301  290  286  286  283  274  262
  255  258  269  275  267  244  216  195  185  180  171  154  135  121  113  109
  104   96   87   80   72   64   59   60   68   82   92   94   90   83   79   78
   75   69   64   61   64   69   72   71   71
    30.0-180.0 180.0   5.0 450.0                            LAT/LON1/LON2/DLON/H
   56   68   90  119  147  172  197  225  258  292  325  356  385  412  432  443
  445  443  437  425  406  379  350  323  305  297  301  315  332  341  338  327
  320  323  334  339  326  295  260  235  226  225  218  201  179  161  149  142
  133  121  109   99   90   81   73   70   76   87   97  100   96   91   88   86
   81   71   60   53   52   54   55   54   56
    27.5-180.0 180.0   5.0 450.0                            LAT/LON1/LON2/DLON/H
   44   58   85  118  150  177  204  234  267  301  333  363  393  420  438  446
  447  444  438  425  402  370  338  314  304  310  331  364  397  419  421  410
  400  401  410  411  392  352  309  282  276  279  276  259  234  212  198  187
  175  160  145  134  124  113  101   93   93   99  106  107  104  100   98   96
   90   77   61   50   45   44   43   41   44
    25.0-180.0 180.0   5.0 450.0                            LAT/LON1/LON2/DLON/H
   38   55   86  123  159  189  218  249  284  317  348  378  407  431  446  449
  447  442  436  423  398  367  338  322  324  344  382  430  476  506  511  498
  483  479  483  480  453  406  358  329  326  334  334  316  289  265  249  238
  224  207  191  179  168  156  140  125  117  116  116  114  110  107  107  106
   99   85   68   54   46   42   38   35   38
    22.5-180.0 180.0   5.0 450.0                            LAT/LON1/LON2/DLON/H
   42   61   95  135  173  206  237  270  306  340  371  399  426  447  457  454
  447  440  434  421  399  373  354  351  368  401  448  504  556  590  595  578
  557  546  544  534  501  448  397  369  369  380  381  362  332  307  292  282
  270  253  237  225  215  201  182  160  142  132  125  119  114  112  113  113
  108   95   79   65   56   49   43   38   42
    20.0-180.0 180.0   5.0 450.0                            LAT/LON1/LON2/DLON/H
   54   74  109  152  192  226  259  294  331  365  396  425  451  469  473  464
  450  440  434  423  406  391  387  402  433  474  523  576  626  657  660  639
  612  594  585  569  530  474  422  395  397  409  408  386  354  329  316  310
  301  287  273  264  255  241  218  190  164  145  131  121  115  113  114  116
  113  104   92   81   73   65   57   50   54
    17.5-180.0 180.0   5.0 450.0                            LAT/LON1/LON2/DLON/H
   71   91  128  171  212  248  282  318  355  390  421  451  477  493  493  478
  459  446  438  429  420  418  433  467  510  553  594  636  675  700  698  674
  643  619  604  582  540  483  432  407  409  418  412  386  351  325  316  316
  313  304  294  287  280  267  243  211  179  153  134  121  114  112  113  115
  115  111  104   98   92   85   75   68   71
    15.0-180.0 180.0   5.0 450.0                            LAT/LON1/LON2/DLON/H
   89  109  146  190  231  268  303  339  377  411  443  475  503  519  517  498
  475  458  448  441  439  451  486  537  587  625  650  673  697  713  709  685
  652  625  605  579  536  481  433  409  408  411  397  363  324  300  295  300
  304  301  296  293  288  276  253  220  187  157  135  121  113  111  112  113
  113  114  114  113  110  104   94   86   89
    12.5-180.0 180.0   5.0 450.0                            LAT/LON1/LON2/DLON/H
  105  125  161  205  248  286  321  358  395  429  462  496  527  545  543  523
  498  478  466  459  463  487  537  600  652  678  683  684  693  702  699  678
  648  621  598  569  527  475  432  408  402  395  371  329  286  262  260  272
  282  285  285  284  282  271  250  220  188  160  138  124  116  114  112  111
  112  115  119  124  124  119  110  102  105
    10.0-180.0 180.0   5.0 450.0                            LAT/LON1/LON2/DLON/H
  117  137  173  218  262  301  338  375  410  444  477  513  548  569  570  551
  527  507  493  485  490  521  580  647  694  705  690  672  669  676  677  664
  640  616  592  563  522  476  436  413  400  381  346  297  251  227  227  242
  257  265  269  270  268  259  240  215  188  163  144  132  125  122  118  114
  113  116  123  130  132  129  120  114  117
     7.5-180.0 180.0   5.0 450.0                            LAT/LON1/LON2/DLON/H
  125  145  182  227  273  316  355  392  426  459  492  529  566  591  595  581
  560  541  527  517  522  554  612  676  712  707  675  646  638  648  657  654
  639  619  597  568  530  488  453  428  408  379  335  280  233  209  210  226
  242  253  258  259  256  246  230  210  189  170  155  145  140  136  130  123
  118  119  126  133  136  133  126  121  125
     5.0-180.0 180.0   5.0 450.0                            LAT/LON1/LON2/DLON/H
  131  152  189  236  284  330  372  410  444  475  508  545  582  609  617  608
  593  579  566  555  557  584  635  687  709  690  648  617  613  630  649  655
  649  634  614  586  552  515  483  457  430  393  344  289  243  219  219  232
  247  257  261  259  251  239  224  208  194  181  170  162  158  154  146  136
  129  127  131  136  138  135  130  126  131
     2.5-180.0 180.0   5.0 450.0                            LAT/LON1/LON2/DLON/H
  138  159  196  244  296  344  389  429  464  495  526  561  596  623  633  630
  623  616  608  598  595  614  652  687  694  665  622  597  603  630  657  670
  669  658  640  615  584  552  522  495  464  424  374  323  281  259  255  263
  273  279  279  272  259  242  225  212  202  194  186  180  177  172  164  153
  144  139  140  142  141  138  133  131  138
