ionex_files/turquie/COD0OPSFIN_20230440000_01D_01H_GIM.INX
     1.0            IONOSPHERE MAPS     GNSS                IONEX VERSION / TYPE
ADDNEQ2 V5.5        AIUB                17-FEB-23 21:21     PGM / RUN BY / DATE 
CODE'S GLOBAL IONOSPHERE MAPS FOR DAY 044, 2023             COMMENT             
Global ionosphere maps (GIM) are generated on a daily basis DESCRIPTION         
at CODE using data from about 300 GNSS sites of the IGS and DESCRIPTION         
other institutions. The vertical total electron content     DESCRIPTION         
(VTEC) is modeled in a solar-geomagnetic reference frame    DESCRIPTION         
using a spherical harmonics expansion up to degree and      DESCRIPTION         
order 15. Piece-wise linear functions are used for          DESCRIPTION         
representation in the time domain. The time spacing of      DESCRIPTION         
their vertices is 1 hour, conforming with the epochs of the DESCRIPTION         
VTEC maps.                                                  DESCRIPTION         
To convert line-of-sight TEC into vertical TEC, a modified  DESCRIPTION         
single-layer model mapping function approximating the JPL   DESCRIPTION         
extended slab model mapping function is adopted. The        DESCRIPTION         
mapping function is evaluated at geodetic satellite         DESCRIPTION         
elevation angles. For the computation of the ionospheric    DESCRIPTION         
pierce points, a spherical layer with a radius of 6821 km   DESCRIPTION         
is assumed, implying geocentric, not geodetic IONEX         DESCRIPTION         
latitudes.                                                  DESCRIPTION         
Instrumental biases with respect to each involved GNSS code DESCRIPTION         
observable are estimated as constant values for each        DESCRIPTION         
day. They are modeled with one set of bias parameters for   DESCRIPTION         
each satellite and each station in case of GPS and for each DESCRIPTION         
satellite-station link in case of GLONASS. The code bias    DESCRIPTION         
datum is defined by zero-mean conditions imposed on the     DESCRIPTION         
satellite bias estimates. In this file, just GPS C1W-C2W    DESCRIPTION         
satellite and station bias values are included. The         DESCRIPTION         
complete set of GNSS code bias results is provided in an    DESCRIPTION         
additional Bias-SINEX file as pseudo-absolute values        DESCRIPTION         
specific to each observable.                                DESCRIPTION         
Note: These GIM results correspond to the results for the   DESCRIPTION         
middle day of a 3-day combination analysis solving for 73   DESCRIPTION         
times 256, or 18688 VTEC parameters and 3 daily sets of     DESCRIPTION         
GNSS code bias parameters.                                  DESCRIPTION         
Contact address: code(at)aiub.unibe.ch                      DESCRIPTION         
Data archive:    ftp.aiub.unibe.ch/CODE/                    DESCRIPTION         
                 www.aiub.unibe.ch/download/CODE/           DESCRIPTION         
  2023     2    13     0     0     0                        EPOCH OF FIRST MAP  
  2023     2    14     0     0     0                        EPOCH OF LAST MAP   
  3600                                                      INTERVAL            
[...]
brst brux bshm cags cas1 cedu chpg chpi chti chur ckis coco COMMENT             
cord cpvg cpxf crar cro1 daej darw dav1 dgar dhlg drao dubo COMMENT             
ebre faa1 fair flrs frdn ftna func ganp glps glsv gode godz COMMENT             
gol2 gold gope gras graz guam guug harb hers hert hlfx hob2 COMMENT             
hofn holb hrao hyde iddr ieng iisc ineg invk iqal irkj isba COMMENT             
jog2 joz2 joze karr kerg kir0 kiri kiru kit3 kokb kokv kouc COMMENT             
koug kour krgg laut lmmf lpal lpgs m0se mac1 madr mal2 mana COMMENT             
mas1 mat1 mate maw1 mcm4 mdo1 mdvj medi mets mgue mizu mkea COMMENT             
mnls mobs monp morp mqzg mro1 mtka nano nico nist nium nklg COMMENT             
nlib nnor not1 nrc1 nrmd ntus nya1 nyal ohi2 onsa opmt ous2 COMMENT             
pado parc park pdel penc pert pie1 pimo pohn pol2 polv pots COMMENT             
pove prds ptag ptbb ptvl qaq1 quin ramo reun reyk rgdg rio2 COMMENT             
riop salu samo sant savo sch2 scor scrz sctb scub seyg smst COMMENT             
sofi spt0 ssia sthl stjo str2 suth sutm suwn sydn tabl tabv COMMENT             
tash thtg thti thu2 tid1 tidb tlse tn22 tong tow2 tro1 tsea COMMENT             
tuva twtf txes uclu ufpr ulab unb3 unbj unsa urum usn7 usud COMMENT             
vald vill voim vtsp wab1 wab2 wark wes2 wgtn whit will wsrt COMMENT             
wtza wtzl wtzr wtzs wtzz wuhn xmis yar2 yar3 yarr ykro zamb COMMENT             
zeck zim2 zim3 zimm                                         COMMENT             
                                                            END OF HEADER       
[from data line 7293]
    18                                                      START OF TEC MAP    
  2023     2    13    17     0     0                        EPOCH OF CURRENT MAP
    87.5-180.0 180.0   5.0 450.0                            LAT/LON1/LON2/DLON/H
  250  252  255  257  260  262  264  265  267  269  270  271  272  273  273  274
  274  274  273  273  272  271  270  269  267  266  264  262  260  258  255  253
  251  248  246  243  240  238  235  233  231  228  226  224  222  221  219  218
  217  216  215  215  215  215  215  216  216  217  219  220  222  223  225  228
  230  232  235  237  240  242  245  247  250
    85.0-180.0 180.0   5.0 450.0                            LAT/LON1/LON2/DLON/H
  234  238  243  247  251  255  259  262  265  268  270  272  274  275  277  277
  277  277  277  276  275  273  271  269  266  263  260  257  253  249  245  241
  237  232  228  223  219  214  210  205  201  197  192  189  185  182  179  176
  174  172  171  170  170  170  171  172  173  175  178  180  183  186  190  194
  198  202  206  211  215  220  225  229  234
    82.5-180.0 180.0   5.0 450.0                            LAT/LON1/LON2/DLON/H
  207  212  218  223  229  234  238  243  247  251  255  258  261  263  265  266
  267  268  267  267  265  263  261  258  254  250  246  241  236  231  225  220
  215  209  204  198  192  187  181  175  169  164  158  153  148  143  139  136
  133  131  130  129  129  130  131  132  134  137  139  142  146  149  154  158
  163  167  173  178  184  189  195  201  207
    80.0-180.0 180.0   5.0 450.0                            LAT/LON1/LON2/DLON/H
  174  180  185  191  197  203  208  214  219  225  230  234  238  242  246  249
  251  253  254  254  254  252  249  245  240  235  228  222  215  208  202  196
  189  184  178  172  166  161  155  148  142  136  129  123  118  113  108  105
  102  101  100  100  101  103  104  107  109  111  113  116  118  121  124  127
  131  136  140  145  151  156  162  168  174
    77.5-180.0 180.0   5.0 450.0                            LAT/LON1/LON2/DLON/H
  142  147  152  158  163  169  176  182  189  196  203  210  217  223  229  235
  240  244  248  250  251  250  246  242  235  227  218  209  199  190  182  174
  167  161  156  150  145  140  134  129  123  116  110  104   98   93   89   87
   85   85   86   88   91   94   97  100  102  103  104  104  105  105  106  107
  109  111  114  118  122  127  132  137  142
    75.0-180.0 180.0   5.0 450.0                            LAT/LON1/LON2/DLON/H
  117  120  124  128  133  139  146  154  163  173  182  192  202  212  222  232
  241  249  256  262  265  265  262  256  246  235  222  208  195  182  171  162
  154  147  141  136  132  127  122  117  111  105  100   94   89   84   81   80
   80   83   86   91   97  102  106  110  111  111  110  108  105  101   99   97
   96   97   98  100  103  107  110  113  117
    72.5-180.0 180.0   5.0 450.0                            LAT/LON1/LON2/DLON/H
  102  103  105  108  112  117  125  134  146  158  172  185  199  213  228  242
  256  270  282  292  298  300  297  289  277  261  243  224  206  190  175  163
  153  145  139  133  128  123  118  112  107  101   95   90   85   82   79   79
   82   86   93  101  109  117  124  128  129  128  124  118  112  105   99   94
   91   90   90   92   94   96   99  100  102
    70.0-180.0 180.0   5.0 450.0                            LAT/LON1/LON2/DLON/H
   97   96   96   96   98  103  112  123  137  153  171  189  207  226  244  264
  283  303  321  336  346  351  348  339  323  302  279  256  233  213  195  181
  169  159  150  142  134  127  120  113  107  100   94   89   84   80   78   78
   81   88   97  108  119  130  139  144  145  142  136  128  118  109  100   94
   90   88   88   90   92   94   96   97   97
    67.5-180.0 180.0   5.0 450.0                            LAT/LON1/LON2/DLON/H
   97   95   93   91   92   96  104  117  135  155  177  199  222  244  267  291
  315  340  364  384  399  406  404  393  375  351  324  297  272  250  231  215
  201  188  175  163  151  139  128  118  109  101   94   88   82   77   73   72
   75   81   91  104  118  131  141  148  150  146  139  129  118  107   97   91
   87   86   87   89   93   96   98   98   97
    65.0-180.0 180.0   5.0 450.0                            LAT/LON1/LON2/DLON/H
   98   95   92   89   88   91  100  115  134  158  184  211  237  263  289  316
  345  375  403  428  446  455  453  442  422  397  369  342  318  297  278  262
  246  230  213  195  176  158  141  126  113  103   94   86   79   72   65   61
   61   65   74   87  102  116  128  136  138  135  128  118  107   96   88   82
   79   79   82   86   90   94   97   99   98
    62.5-180.0 180.0   5.0 450.0                            LAT/LON1/LON2/DLON/H
   93   92   89   86   84   87   96  112  134  161  191  221  250  278  306  336
  367  399  431  458  477  487  486  475  456  432  408  384  364  347  331  316
  299  280  258  233  207  182  159  138  122  109   98   88   78   68   58   49
   44   44   50   61   75   90  103  111  115  113  107   98   88   79   72   68
   67   68   72   77   82   87   91   93   93
    60.0-180.0 180.0   5.0 450.0                            LAT/LON1/LON2/DLON/H
   82   82   82   80   79   82   91  108  132  162  194  226  257  287  316  347
  379  412  444  471  491  500  499  489  473  454  435  418  405  393  382  368
  351  329  303  273  241  210  181  156  136  120  107   96   83   70   56   42
   31   26   28   36   48   61   73   82   86   86   81   75   68   62   57   54
   54   55   58   62   67   72   76   79   82
    57.5-180.0 180.0   5.0 450.0                            LAT/LON1/LON2/DLON/H
   64   68   70   72   74   78   88  105  131  162  195  229  261  291  321  351
  383  416  446  471  488  496  495  487  475  462  451  442  436  429  421  409
  391  367  338  306  271  237  206  178  156  138  124  111   97   82   64   45
   30   20   16   20   29   40   51   59   63   64   62   58   54   50   47   45
   44   44   45   47   49   52   56   60   64
    55.0-180.0 180.0   5.0 450.0                            LAT/LON1/LON2/DLON/H
   45   52   59   65   70   77   89  107  133  164  198  232  263  293  323  354
  385  415  442  463  476  481  480  474  467  461  458  456  454  450  443  430
  411  386  358  326  294  261  231  203  180  162  147  133  119  102   83   62
   43   28   21   21   26   34   42   49   54   56   56   54   52   49   47   44
   42   40   38   36   35   35   36   39   45
    52.5-180.0 180.0   5.0 450.0                            LAT/LON1/LON2/DLON/H
   30   39   50   61   71   82   95  115  141  173  206  238  268  297  327  358
  389  417  439  455  463  465  464  461  459  459  460  461  460  454  442  426
  405  381  356  330  304  278  252  227  205  186  170  157  143  127  108   87
   67   51   42   39   40   45   51   56   60   63   64   64   63   61   58   54
   49   45   40   35   30   26   23   24   30
    50.0-180.0 180.0   5.0 450.0                            LAT/LON1/LON2/DLON/H
   25   35   49   64   78   93  109  131  158  189  220  249  277  305  335  367
  397  423  442  452  456  456  455  455  457  460  462  461  454  440  421  399
  376  355  337  320  304  286  267  246  225  206  190  176  164  149  132  113
   95   81   71   67   66   68   71   75   78   81   83   84   83   80   77   71
   65   59   52   45   38   30   24   22   25
    47.5-180.0 180.0   5.0 450.0                            LAT/LON1/LON2/DLON/H
   33   40   55   72   90  108  128  153  181  211  240  267  291  318  347  380
  411  436  451  458  459  458  458  460  464  467  465  456  439  415  386  359
  336  320  310  303  298  289  277  259  238  218  200  185  173  161  147  132
  118  107  100   96   94   94   95   97  100  103  105  106  105  102   97   92
   86   79   73   67   59   49   40   33   33
    45.0-180.0 180.0   5.0 450.0                            LAT/LON1/LON2/DLON/H
   52   55   66   84  103  125  148  176  207  238  265  288  309  333  363  396
  427  452  466  471  471  470  472  475  478  477  469  451  422  387  351  322
  302  293  292  295  296  293  284  266  244  220  199  183  170  159  148  138
  129  122  118  116  114  112  111  113  116  119  121  122  120  118  114  110
  106  101   98   94   88   79   68   57   52
    42.5-180.0 180.0   5.0 450.0                            LAT/LON1/LON2/DLON/H
   76   73   79   94  114  137  164  196  230  263  290  311  329  350  379  412
  444  468  481  487  488  490  492  495  495  489  473  446  410  369  333  307
  296  297  304  310  313  308  295  274  248  219  194  175  160  149  139  131
  126  125  124  124  121  118  116  117  120  124  126  126  125  123  122  121
  121  120  120  120  118  112  101   87   76
    40.0-180.0 180.0   5.0 450.0                            LAT/LON1/LON2/DLON/H
   98   88   89   99  117  141  171  207  247  284  312  333  349  368  394  426
  457  481  495  503  507  510  513  514  509  497  477  447  410  374  346  334
  337  348  360  365  359  344  321  291  257  224  195  172  154  141  130  122
  120  121  123  123  120  115  111  112  115  118  120  120  119  119  122  126
  129  132  135  139  141  139  129  113   98
    37.5-180.0 180.0   5.0 450.0                            LAT/LON1/LON2/DLON/H
  111   97   91   97  111  135  167  209  254  297  330  352  368  385  409  438
  467  490  506  516  523  529  530  527  517  501  481  457  431  411  403  412
  434  457  469  464  442  407  367  325  284  246  213  188  167  150  135  125
  122  124  127  126  120  112  106  105  107  109  109  108  107  110  117  126
  134  139  142  147  151  152  145  129  111
    35.0-180.0 180.0   5.0 450.0                            LAT/LON1/LON2/DLON/H
  112   94   85   85   97  121  156  202  254  303  343  370  388  404  425  450
  475  497  515  528  537  543  542  533  519  503  490  481  478  484  505  541
  583  617  626  604  557  498  438  383  334  294  261  235  212  190  170  155
  149  149  150  146  137  124  114  109  107  106  104  100  100  105  116  129
  139  142  142  143  146  148  144  131  112
    32.5-180.0 180.0   5.0 450.0                            LAT/LON1/LON2/DLON/H
  100   82   71   69   79  103  140  190  248  304  352  386  408  425  443  463
  485  506  524  540  551  555  550  535  519  509  510  525  551  590  642  706
  767  808  809  767  694  608  528  462  410  371  342  318  295  269  242  221
  209  205  203  195  180  162  146  135  128  121  114  107  106  112  125  140
  149  148  141  133  131  131  128  117  100
    30.0-180.0 180.0   5.0 450.0                            LAT/LON1/LON2/DLON/H
   80   64   53   52   62   86  126  179  241  303  358  400  429  449  465  481
  499  519  538  556  567  569  559  541  525  525  545  587  645  715  796  881
  956  998  989  928  830  723  629  556  506  473  450  431  408  380  348  320
  303  294  287  274  254  229  206  188  173  159  146  135  131  136  149  163
  168  160  142  123  111  107  104   95   80
    27.5-180.0 180.0   5.0 450.0                            LAT/LON1/LON2/DLON/H
   60   47   38   38   51   77  118  173  236  302  364  414  450  474  489  503
  519  539  559  577  588  587  574  556  546  557  598  665  749  842  940 1035
 1112 1151 1132 1056  943  824  723  652  608  583  569  556  536  506  470  438
  416  403  392  375  349  319  289  263  240  219  199  183  175  176  186  196
  196  179  150  119   97   85   79   72   60
    25.0-180.0 180.0   5.0 450.0                            LAT/LON1/LON2/DLON/H
   46   35   30   33   48   78  120  174  237  303  368  425  469  498  514  528
  544  565  587  605  614  612  600  586  584  609  667  751  849  950 1048 1137
 1207 1237 1210 1128 1012  893  797  734  700  684  678  670  653  623  585  549
  524  510  497  476  447  414  380  348  318  289  264  244  231  228  231  235
  228  205  167  126   93   74   64   56   46
    22.5-180.0 180.0   5.0 450.0                            LAT/LON1/LON2/DLON/H
   42   33   30   36   55   88  132  185  243  306  372  434  484  517  537  553
  572  596  619  637  645  643  636  631  641  678  745  834  931 1021 1102 1170
 1221 1239 1209 1131 1024  919  837  788  765  757  755  750  734  703  664  627
  603  589  576  556  526  493  458  424  389  356  328  305  289  280  275  271
  259  231  189  143  104   79   64   53   42
    20.0-180.0 180.0   5.0 450.0                            LAT/LON1/LON2/DLON/H
   51   41   38   46   69  105  152  202  255  312  375  438  492  531  556  576
  600  628  653  669  676  677  679  688  711  756  823  903  981 1046 1094 1130
 1155 1160 1132 1069  984  902  841  807  793  790  787  779  760  727  688  653
  631  620  610  593  567  538  508  475  440  406  377  355  337  322  309  297
  280  251  212  167  128   98   79   64   51
    17.5-180.0 180.0   5.0 450.0                            LAT/LON1/LON2/DLON/H
   69   57   52   60   86  126  174  223  270  320  378  440  497  540  570  597
  628  660  685  699  704  711  725  750  786  833  890  949  997 1025 1033 1032
 1029 1023 1003  962  907  853  814  795  786  780  771  754  727  690  650  619
  602  597  592  581  562  541  518  491  460  429  403  383  365  346  326  306
  286  261  229  192  157  128  105   86   69
    15.0-180.0 180.0   5.0 450.0                            LAT/LON1/LON2/DLON/H
   92   75   67   75  102  145  196  245  287  331  384  443  501  547  583  618
  656  691  715  725  729  742  770  811  856  900  939  969  981  970  940  904
  878  865  858  843  819  792  773  762  754  739  716  685  646  604  564  536
  526  529  531  527  516  505  492  475  451  425  404  388  372  351  325  300
  278  259  237  212  186  160  136  113   92
    12.5-180.0 180.0   5.0 450.0                            LAT/LON1/LON2/DLON/H
  112   91   80   86  114  161  216  265  307  346  394  451  508  557  599  641
  685  722  743  748  750  768  809  863  913  948  965  964  944  901  842  782
  742  729  736  746  748  743  736  727  713  685  644  596  544  494  454  432
  430  441  451  453  451  448  446  438  422  401  385  374  361  340  310  281
  259  246  235  223  207  187  163  137  112
    10.0-180.0 180.0   5.0 450.0                            LAT/LON1/LON2/DLON/H
  127  103   89   94  122  173  232  285  327  366  413  468  524  574  620  668
  717  755  772  771  770  792  841  902  953  976  970  943  899  839  767  699
  656  649  670  700  719  725  720  707  682  639  581  515  450  395  356  340
  346  365  382  390  392  395  400  399  388  372  359  351  341  321  291  260
  238  228  227  225  218  203  181  154  127
     7.5-180.0 180.0   5.0 450.0                            LAT/LON1/LON2/DLON/H
  134  109   94   98  128  182  245  303  349  391  439  493  548  599  649  701
  753  790  802  796  792  815  867  930  974  984  960  916  862  801  735  676
  641  644  677  718  744  748  737  713  676  620  547  468  394  335  300  291
  306  331  353  362  365  369  375  376  367  351  338  331  323  305  276  244
  222  214  216  221  219  208  188  162  134
     5.0-180.0 180.0   5.0 450.0                            LAT/LON1/LON2/DLON/H
  135  111   97  103  134  190  256  319  372  420  471  526  581  631  682  737
  790  825  834  823  818  839  889  946  981  978  942  893  844  799  754  716
  699  714  754  796  817  810  785  749  701  636  555  468  391  335  305  304
  326  356  379  386  384  382  383  381  368  348  331  321  314  299  272  241
  218  209  211  216  215  205  186  162  135
     2.5-180.0 180.0   5.0 450.0                            LAT/LON1/LON2/DLON/H
  134  113  102  109  142  199  267  334  393  447  504  561  615  665  715  770
  822  856  863  852  846  865  908  955  978  965  925  881  849  830  816  807
  811  838  879  914  921  897  854  806  751  683  601  515  442  393  372  379
  405  436  457  458  446  433  424  413  393  366  342  327  318  305  282  254
  230  217  214  215  212  200  182  158  134
