ionex_files/turquie/COD0OPSFIN_20230220000_01D_01H_GIM.INX
     1.0            IONOSPHERE MAPS     GNSS                IONEX VERSION / TYPE
ADDNEQ2 V5.5        AIUB                26-JAN-23 21:09     PGM / RUN BY / DATE 
CODE'S GLOBAL IONOSPHERE MAPS FOR DAY 022, 2023             COMMENT             
Global ionosphere maps (GIM) are generated on a daily basis DESCRIPTION         
at CODE using data from about 300 GNSS sites of the IGS and DESCRIPTION         
other institutions. The vertical total electron content     DESCRIPTION         
(VTEC) is modeled in a solar-geomagnetic reference frame    DESCRIPTION         
using a spherical harmonics expansion up to degree and      DESCRIPTION         
order 15. Piece-wise linear functions are used for          DESCRIPTION         
representation in the time domain. The time spacing of      DESCRIPTION         
their vertices is 1 hour, conforming with the epochs of the DESCRIPTION         
VTEC maps.                                                  DESCRIPTION         
To convert line-of-sight TEC into vertical TEC, a modified  DESCRIPTION         
single-layer model mapping function approximating the JPL   DESCRIPTION         
extended slab model mapping function is adopted. The        DESCRIPTION         
mapping function is evaluated at geodetic satellite         DESCRIPTION         
elevation angles. For the computation of the ionospheric    DESCRIPTION         
pierce points, a spherical layer with a radius of 6821 km   DESCRIPTION         
is assumed, implying geocentric, not geodetic IONEX         DESCRIPTION         
latitudes.                                                  DESCRIPTION         
Instrumental biases with respect to each involved GNSS code DESCRIPTION         
observable are estimated as constant values for each        DESCRIPTION         
day. They are modeled with one set of bias parameters for   DESCRIPTION         
each satellite and each station in case of GPS and for each DESCRIPTION         
satellite-station link in case of GLONASS. The code bias    DESCRIPTION         
datum is defined by zero-mean conditions imposed on the     DESCRIPTION         
satellite bias estimates. In this file, just GPS C1W-C2W    DESCRIPTION         
satellite and station bias values are included. The         DESCRIPTION         
complete set of GNSS code bias results is provided in an    DESCRIPTION         
additional Bias-SINEX file as pseudo-absolute values        DESCRIPTION         
specific to each observable.                                DESCRIPTION         
Note: These GIM results correspond to the results for the   DESCRIPTION         
middle day of a 3-day combination analysis solving for 73   DESCRIPTION         
times 256, or 18688 VTEC parameters and 3 daily sets of     DESCRIPTION         
GNSS code bias parameters.                                  DESCRIPTION         
Contact address: code(at)aiub.unibe.ch                      DESCRIPTION         
Data archive:    ftp.aiub.unibe.ch/CODE/                    DESCRIPTION         
                 www.aiub.unibe.ch/download/CODE/           DESCRIPTION         
  2023     1    22     0     0     0                        EPOCH OF FIRST MAP  
  2023     1    23     0     0     0                        EPOCH OF LAST MAP   
  3600                                                      INTERVAL            
[...]
brux bshm cas1 ccj2 cedu chpg chpi chti chur ckis cnmr coco COMMENT             
cord cpxf crar cro1 daej darw dav1 dgar dhlg drao dubo ebre COMMENT             
faa1 fair flrs frdn ftna func ganp glps gode godz gol2 gold COMMENT             
gope gras graz guam guug harb hers hert hlfx hob2 hofn holb COMMENT             
hrao hyde iddr ieng iisc ineg invk iqal irkj isba jog2 joz2 COMMENT             
joze karr kerg kir0 kiru kit3 kokb kokv koug kour krgg laut COMMENT             
lmmf lpal lpgs m0se mac1 madr mal2 mana mas1 mat1 mate maw1 COMMENT             
mcm4 mdo1 mdvj medi mets mgue mizu mkea mnls mobs monp morp COMMENT             
mqzg mro1 mtka nano nico nist nium nklg nlib nnor not1 nrc1 COMMENT             
nrmd ntus nya1 nyal ohi2 onsa opmt ous2 pado parc park pdel COMMENT             
penc pert pie1 pimo pohn pol2 polv pots pove prds ptag ptbb COMMENT             
ptvl qaq1 quin ramo reun reyk rgdg rio2 riop salu samo sant COMMENT             
savo sch2 scor scrz sctb scub seyg sofi spt0 ssia sthl stk2 COMMENT             
str2 suth sutm sydn syog tabl tabv tash thtg thti thu2 tid1 COMMENT             
tidb tlse tn22 tong tow2 tro1 tsea tskb tuva twtf txes uclu COMMENT             
ufpr ulab unb3 unbj unsa urum usn7 usud vald vill voim vtsp COMMENT             
wab1 wab2 wark wes2 wgtn whit will wind wsrt wtza wtzl wtzr COMMENT             
wtzs wuhn xmis yar2 yar3 yarr yell ykro zamb zeck zim2 zim3 COMMENT             
zimm                                                        COMMENT             
                                                            END OF HEADER       
[from data line 5148]
    13                                                      START OF TEC MAP    
  2023     1    22    12     0     0                        EPOCH OF CURRENT MAP
    87.5-180.0 180.0   5.0 450.0                            LAT/LON1/LON2/DLON/H
  105  106  106  107  108  108  109  109  110  110  111  111  111  111  112  111
  111  111  111  110  109  109  108  107  106  105  103  102  101   99   98   97
   95   94   92   91   90   89   87   86   86   85   84   84   84   84   84   84
   85   85   86   87   87   88   89   90   91   92   93   94   95   96   97   98
   99  100  101  101  102  103  104  104  105
    85.0-180.0 180.0   5.0 450.0                            LAT/LON1/LON2/DLON/H
  102  103  104  104  105  106  108  109  110  111  112  113  114  115  115  115
  115  115  115  114  113  112  111  110  108  106  105  103  100   98   96   93
   90   88   85   82   80   77   75   73   71   70   69   68   68   68   69   70
   72   74   76   78   80   83   85   88   90   92   94   95   97   98   99   99
  100  100  100  101  101  101  101  102  102
    82.5-180.0 180.0   5.0 450.0                            LAT/LON1/LON2/DLON/H
   93   93   93   93   94   95   97   98  100  102  104  106  107  108  109  110
  110  110  109  109  108  107  106  105  104  103  102  101   99   98   95   93
   90   87   84   80   77   73   69   66   64   61   60   59   59   60   62   65
   68   72   76   80   85   89   93   97  100  103  105  106  107  107  107  106
  105  103  101  100   98   96   95   94   93
    80.0-180.0 180.0   5.0 450.0                            LAT/LON1/LON2/DLON/H
   82   80   79   78   78   79   80   82   84   87   89   91   93   94   95   95
   95   95   94   94   93   93   93   94   95   96   97   98  100  100  100  100
   99   97   94   90   86   82   77   73   70   67   65   64   64   66   69   72
   77   83   89   95  102  108  113  117  121  124  125  125  125  123  120  117
  113  109  105  100   96   92   88   85   82
    77.5-180.0 180.0   5.0 450.0                            LAT/LON1/LON2/DLON/H
   74   70   67   65   64   63   64   65   67   69   72   74   76   77   78   78
   77   76   75   74   74   74   76   79   82   87   92   98  103  108  112  115
  117  117  116  114  110  106  101   96   92   88   85   84   84   86   89   94
  100  107  114  122  129  135  141  145  148  149  149  147  144  140  135  129
  123  116  109  103   96   90   84   78   74
    75.0-180.0 180.0   5.0 450.0                            LAT/LON1/LON2/DLON/H
   71   66   61   58   55   53   53   53   54   56   58   60   61   62   62   61
   60   58   56   54   54   55   59   64   72   80   90  101  111  121  130  138
  143  147  149  149  147  143  139  134  129  124  121  118  118  119  122  126
  132  138  145  152  158  164  168  171  172  171  168  164  159  152  145  137
  129  121  113  105   97   90   83   77   71
    72.5-180.0 180.0   5.0 450.0                            LAT/LON1/LON2/DLON/H
   74   68   63   59   55   52   49   48   48   49   50   51   53   53   53   51
   48   45   42   40   40   42   47   55   66   78   93  108  123  138  151  163
  173  181  186  189  189  187  184  179  174  169  165  161  159  159  160  162
  166  170  175  179  183  185  186  186  184  180  175  168  160  152  144  135
  127  119  111  104   98   91   85   79   74
    70.0-180.0 180.0   5.0 450.0                            LAT/LON1/LON2/DLON/H
   79   75   70   66   61   57   54   51   49   48   48   49   50   51   50   48
   45   41   36   34   33   36   43   53   66   82   99  117  135  153  170  186
  200  211  220  226  230  230  229  226  221  216  211  206  202  198  196  195
  195  196  196  196  195  193  189  185  179  171  163  154  145  136  127  119
  112  106  101   97   93   90   86   83   79
    67.5-180.0 180.0   5.0 450.0                            LAT/LON1/LON2/DLON/H
   82   80   78   75   71   67   63   58   55   52   52   52   53   54   54   52
   48   43   38   35   35   38   46   57   72   89  107  126  146  165  183  202
  218  233  245  255  261  265  266  266  263  258  253  246  239  232  226  220
  215  210  205  199  193  185  176  166  156  146  135  125  115  106   97   91
   86   83   82   81   82   83   83   83   82
    65.0-180.0 180.0   5.0 450.0                            LAT/LON1/LON2/DLON/H
   78   80   81   80   79   76   71   67   62   58   56   56   57   59   59   58
   55   50   45   41   41   45   53   65   81   98  115  133  151  170  188  208
  226  243  258  271  280  287  292  294  294  291  286  278  268  258  247  236
  225  214  203  191  178  164  150  136  122  109   97   86   76   68   60   56
   53   53   55   59   64   68   72   76   78
    62.5-180.0 180.0   5.0 450.0                            LAT/LON1/LON2/DLON/H
   68   72   76   79   80   79   77   72   67   62   59   58   59   62   64   64
   62   57   52   48   48   52   61   74   89  105  121  136  152  169  187  206
  225  244  260  275  287  297  305  311  314  314  309  301  289  274  259  243
  227  211  195  177  159  139  120  103   87   72   60   50   40   33   27   23
   22   24   28   35   42   50   56   62   68
    60.0-180.0 180.0   5.0 450.0                            LAT/LON1/LON2/DLON/H
   52   58   64   69   74   76   76   73   69   63   59   58   58   61   64   66
   65   61   57   53   53   57   67   80   95  110  123  136  150  165  183  202
  221  240  257  272  285  297  309  319  326  329  326  317  303  286  266  247
  227  207  187  166  143  120   97   77   60   46   35   25   18   11    5    2
    1    4    9   16   24   32   39   46   52
    57.5-180.0 180.0   5.0 450.0                            LAT/LON1/LON2/DLON/H
   37   42   48   56   63   68   71   71   67   63   58   55   55   57   60   63
   63   61   57   54   54   59   69   83   99  113  125  137  150  165  182  201
  220  238  253  267  280  293  307  321  333  340  339  331  316  296  274  251
  230  208  186  162  137  112   88   67   50   37   27   20   14    8    3    0
    0    0    2    8   14   21   27   32   37
    55.0-180.0 180.0   5.0 450.0                            LAT/LON1/LON2/DLON/H
   28   31   35   42   50   58   64   67   66   62   57   53   50   51   54   57
   59   58   55   52   52   57   69   84  101  116  129  141  155  171  189  209
  227  242  254  265  276  289  305  322  339  350  353  346  331  309  285  261
  238  216  194  170  145  119   95   74   58   46   39   34   29   25   19   15
   11   10   11   14   18   22   25   27   28
    52.5-180.0 180.0   5.0 450.0                            LAT/LON1/LON2/DLON/H
   31   29   30   34   42   50   58   64   66   64   60   54   49   47   48   51
   54   54   52   49   49   55   68   85  104  121  137  152  168  187  207  226
  242  254  262  268  275  287  305  326  347  363  369  363  347  325  300  275
  252  231  210  187  163  138  114   94   79   68   63   59   56   52   47   41
   36   33   31   32   33   34   34   33   31
    50.0-180.0 180.0   5.0 450.0                            LAT/LON1/LON2/DLON/H
   45   39   36   37   41   49   58   66   71   71   67   60   53   47   46   48
   52   54   53   50   50   56   70   89  111  132  151  169  189  210  231  250
  263  271  274  275  280  290  309  332  357  376  385  381  365  342  316  292
  269  248  228  207  184  161  138  119  104   94   88   86   83   80   75   69
   63   58   55   54   55   55   54   50   45
    47.5-180.0 180.0   5.0 450.0                            LAT/LON1/LON2/DLON/H
   67   59   52   48   50   55   63   72   79   82   80   73   62   54   49   51
   55   58   58   55   55   62   77   99  123  147  170  191  213  236  257  273
  284  288  287  286  288  297  316  341  368  389  400  396  381  358  332  307
  284  263  242  222  201  180  159  139  123  112  105  102  100   96   92   87
   81   76   74   73   74   76   76   73   67
    45.0-180.0 180.0   5.0 450.0                            LAT/LON1/LON2/DLON/H
   90   82   74   67   65   67   73   82   90   96   96   89   77   66   59   59
   64   68   68   66   66   73   90  114  141  167  191  214  236  258  277  291
  299  301  299  297  299  308  326  352  379  401  411  408  393  371  345  320
  295  272  250  229  209  190  169  150  132  118  109  103   99   96   92   87
   83   80   79   81   85   90   94   94   90
    42.5-180.0 180.0   5.0 450.0                            LAT/LON1/LON2/DLON/H
  107  102   94   87   83   82   85   92  101  109  111  106   95   81   73   72
   77   81   82   80   80   88  106  133  161  188  211  233  253  272  287  298
  305  308  309  310  314  323  340  364  389  409  418  415  400  379  355  329
  303  276  251  229  209  191  172  151  131  114  101   92   86   81   77   73
   71   70   71   75   82   92  101  107  107
    40.0-180.0 180.0   5.0 450.0                            LAT/LON1/LON2/DLON/H
  112  112  108  103   98   96   96  100  108  117  123  121  111   98   88   87
   91   95   96   93   94  104  125  153  182  207  228  245  261  275  286  296
  305  313  321  329  336  346  360  380  401  417  424  419  406  387  365  340
  311  280  251  227  208  191  172  151  128  108   92   80   71   64   58   54
   53   53   55   61   70   82   96  107  112
    37.5-180.0 180.0   5.0 450.0                            LAT/LON1/LON2/DLON/H
  106  111  112  111  108  105  103  103  109  119  128  130  123  112  104  102
  105  107  106  103  106  119  144  173  201  223  239  251  262  271  279  290
  304  323  342  358  370  379  389  403  418  430  433  427  415  400  382  359
  328  294  261  235  216  200  183  161  137  115   97   83   72   61   53   47
   44   43   44   48   55   67   81   96  106
    35.0-180.0 180.0   5.0 450.0                            LAT/LON1/LON2/DLON/H
   92  101  106  110  111  109  104  102  105  114  126  133  131  124  117  114
  115  115  111  109  114  132  160  190  216  235  246  254  260  266  274  289
  313  345  378  404  419  426  430  436  445  451  451  444  435  424  411  391
  361  324  289  262  245  231  215  194  170  149  132  118  105   91   77   67
   59   54   51   49   50   56   67   80   92
    32.5-180.0 180.0   5.0 450.0                            LAT/LON1/LON2/DLON/H
   79   87   95  103  108  107  103   97   97  106  119  130  133  131  126  124
  122  117  111  109  118  141  173  204  229  243  252  258  264  270  281  303
  340  386  433  467  484  486  483  481  484  486  484  477  470  464  457  442
  414  377  342  317  302  290  275  255  234  217  204  193  179  161  141  124
  110   98   86   75   65   60   63   70   79
    30.0-180.0 180.0   5.0 450.0                            LAT/LON1/LON2/DLON/H
   74   79   86   95  102  104   99   92   90   96  110  123  131  133  133  130
  125  116  107  106  120  148  184  216  239  252  260  269  278  290  307  339
  388  448  505  545  561  557  545  537  535  535  532  526  522  521  520  510
  485  451  419  397  385  375  361  342  326  316  310  304  291  269  243  218
  195  174  153  128  105   86   75   72   74
    27.5-180.0 180.0   5.0 450.0                            LAT/LON1/LON2/DLON/H
   83   81   84   91   99  101   97   89   85   89  101  115  127  133  135  133
  125  113  103  104  122  156  195  227  248  262  275  291  309  328  355  395
  454  524  588  630  641  629  611  598  594  595  594  590  588  591  594  588
  568  537  510  493  484  476  462  446  434  433  437  436  424  400  368  334
  304  274  241  204  166  133  107   91   83
    25.0-180.0 180.0   5.0 450.0                            LAT/LON1/LON2/DLON/H
  107   96   92   94   99  102   98   90   84   86   96  109  120  129  134  133
  124  110   99  104  128  166  207  238  259  276  297  324  354  384  418  466
  530  604  670  708  714  696  672  658  656  661  663  661  661  665  670  666
  649  623  601  589  584  577  562  547  540  547  560  565  554  527  490  451
  413  376  335  288  238  192  154  126  107
    22.5-180.0 180.0   5.0 450.0                            LAT/LON1/LON2/DLON/H
  141  122  110  105  106  106  101   94   89   89   94  103  113  123  130  130
  121  107   99  108  138  180  220  251  272  294  326  367  410  449  489  538
  603  674  735  769  769  747  722  710  712  722  729  729  729  732  735  731
  715  693  676  669  667  659  642  626  624  637  655  663  652  623  584  541
  500  458  412  360  304  250  204  168  141
    20.0-180.0 180.0   5.0 450.0                            LAT/LON1/LON2/DLON/H
  176  151  133  121  116  112  107  101   96   95   96  100  106  114  122  124
  117  106  102  117  151  195  236  265  288  318  362  415  468  513  554  600
  658  722  775  803  801  779  757  749  757  772  782  784  782  782  781  774
  757  737  723  720  719  708  688  671  669  684  703  710  697  666  626  584
  543  501  455  403  348  294  246  207  176
    17.5-180.0 180.0   5.0 450.0                            LAT/LON1/LON2/DLON/H
  204  177  155  138  127  119  114  109  105  102   99   97   98  103  111  115
  111  105  108  129  168  213  252  281  308  346  400  463  521  566  603  641
  688  741  786  809  808  792  776  773  785  804  817  820  815  809  803  790
  771  750  738  736  734  721  697  675  671  682  697  697  678  646  608  570
  533  494  453  408  360  312  270  234  204
    15.0-180.0 180.0   5.0 450.0                            LAT/LON1/LON2/DLON/H
  218  194  171  151  136  126  118  114  112  109  103   94   90   92   99  104
  105  105  115  143  185  230  268  299  331  377  438  504  561  601  629  657
  692  733  770  793  798  790  782  784  798  818  831  832  824  813  800  782
  759  737  725  723  719  703  674  647  636  639  642  632  606  572  538  506
  475  443  410  376  340  304  272  244  218
    12.5-180.0 180.0   5.0 450.0                            LAT/LON1/LON2/DLON/H
  218  198  178  158  142  129  121  117  116  113  105   92   83   81   87   93
   97  104  121  155  200  246  285  319  358  410  473  536  585  615  633  650
  674  706  739  765  779  782  782  787  799  816  826  824  812  796  779  758
  733  709  696  692  687  667  634  602  581  571  559  535  501  466  438  413
  390  366  342  320  298  276  256  237  218
    10.0-180.0 180.0   5.0 450.0                            LAT/LON1/LON2/DLON/H
  208  193  176  160  144  130  121  117  117  115  105   91   78   73   77   83
   90  101  126  165  214  261  302  341  387  443  504  557  593  611  619  628
  646  673  705  736  762  777  783  787  794  804  809  802  786  767  749  728
  705  682  668  663  655  634  597  558  527  502  473  435  395  361  338  321
  304  287  272  261  252  243  232  221  208
     7.5-180.0 180.0   5.0 450.0                            LAT/LON1/LON2/DLON/H
  195  183  170  157  143  130  120  115  115  113  105   90   76   70   71   76
   83   99  129  174  225  274  319  365  417  475  529  568  588  594  597  604
  620  646  680  718  753  778  789  790  789  789  785  773  754  734  718  704
  686  667  654  648  640  618  580  535  492  452  408  360  316  287  270  259
  246  233  223  220  221  219  214  206  195
     5.0-180.0 180.0   5.0 450.0                            LAT/LON1/LON2/DLON/H
  190  177  164  153  142  129  118  113  112  111  104   91   78   71   70   72
   79   96  131  180  236  288  338  390  447  503  546  570  575  573  574  586
  606  634  670  713  756  788  800  796  786  775  762  743  721  703  694  689
  682  671  661  656  648  627  589  540  488  435  381  328  287  264  254  246
  234  221  214  214  218  218  213  203  190
     2.5-180.0 180.0   5.0 450.0                            LAT/LON1/LON2/DLON/H
  198  179  164  152  142  130  119  111  109  108  103   93   82   75   72   71
   76   95  133  187  247  303  358  414  473  524  556  564  558  552  559  579
  606  638  675  719  766  801  813  805  786  765  743  717  691  676  676  685
  692  691  687  684  679  660  623  571  512  452  394  345  312  297  293  287
  273  257  248  246  248  245  235  218  198
