ionex_files/turquie/COD0OPSFIN_20230400000_01D_01H_GIM.INX
     1.0            IONOSPHERE MAPS     GNSS                IONEX VERSION / TYPE
ADDNEQ2 V5.5        AIUB                13-FEB-23 21:37     PGM / RUN BY / DATE 
CODE'S GLOBAL IONOSPHERE MAPS FOR DAY 040, 2023             COMMENT             
Global ionosphere maps (GIM) are generated on a daily basis DESCRIPTION         
at CODE using data from about 300 GNSS sites of the IGS and DESCRIPTION         
other institutions. The vertical total electron content     DESCRIPTION         
(VTEC) is modeled in a solar-geomagnetic reference frame    DESCRIPTION         
using a spherical harmonics expansion up to degree and      DESCRIPTION         
order 15. Piece-wise linear functions are used for          DESCRIPTION         
representation in the time domain. The time spacing of      DESCRIPTION         
their vertices is 1 hour, conforming with the epochs of the DESCRIPTION         
VTEC maps.                                                  DESCRIPTION         
To convert line-of-sight TEC into vertical TEC, a modified  DESCRIPTION         
single-layer model mapping function approximating the JPL   DESCRIPTION         
extended slab model mapping function is adopted. The        DESCRIPTION         
mapping function is evaluated at geodetic satellite         DESCRIPTION         
elevation angles. For the computation of the ionospheric    DESCRIPTION         
pierce points, a spherical layer with a radius of 6821 km   DESCRIPTION         
is assumed, implying geocentric, not geodetic IONEX         DESCRIPTION         
latitudes.                                                  DESCRIPTION         
Instrumental biases with respect to each involved GNSS code DESCRIPTION         
observable are estimated as constant values for each        DESCRIPTION         
day. They are modeled with one set of bias parameters for   DESCRIPTION         
each satellite and each station in case of GPS and for each DESCRIPTION         
satellite-station link in case of GLONASS. The code bias    DESCRIPTION         
datum is defined by zero-mean conditions imposed on the     DESCRIPTION         
satellite bias estimates. In this file, just GPS C1W-C2W    DESCRIPTION         
satellite and station bias values are included. The         DESCRIPTION         
complete set of GNSS code bias results is provided in an    DESCRIPTION         
additional Bias-SINEX file as pseudo-absolute values        DESCRIPTION         
specific to each observable.                                DESCRIPTION         
Note: These GIM results correspond to the results for the   DESCRIPTION         
middle day of a 3-day combination analysis solving for 73   DESCRIPTION         
times 256, or 18688 VTEC parameters and 3 daily sets of     DESCRIPTION         
GNSS code bias parameters.                                  DESCRIPTION         
Contact address: code(at)aiub.unibe.ch                      DESCRIPTION         
Data archive:    ftp.aiub.unibe.ch/CODE/                    DESCRIPTION         
                 www.aiub.unibe.ch/download/CODE/           DESCRIPTION         
  2023     2     9     0     0     0                        EPOCH OF FIRST MAP  
  2023     2    10     0     0     0                        EPOCH OF LAST MAP   
  3600                                                      INTERVAL            
[...]
badg bake bako barh bjfs bndy boav bogo bogt bor1 braz brft COMMENT             
brst brux bshm cags cas1 cedu chpg chpi chti chur ckis coco COMMENT             
cord cpvg cpxf crar cro1 daej darw dav1 dhlg drao dubo ebre COMMENT             
faa1 fair flrs frdn ftna func ganp glps glsv gode godz gol2 COMMENT             
gold gope gras graz guam guug harb hers hert hlfx hob2 hofn COMMENT             
holb hrao hyde iddr ieng iisc ineg invk iqal irkj isba jog2 COMMENT             
joz2 joze karr kir0 kiri kiru kit3 kokb kokv koug kour krgg COMMENT             
laut lmmf lpal lpgs m0se madr mal2 mana mas1 mat1 mate mcm4 COMMENT             
mdo1 mdvj medi mets mgue mizu mkea mnls mobs monp morp mqzg COMMENT             
mro1 mtka nano nico nist nklg nlib nnor not1 nrc1 nrmd ntus COMMENT             
nya1 nyal ohi2 onsa opmt ous2 pado pdel penc pert pie1 pimo COMMENT             
pol2 polv pots pove prds ptag ptbb qaq1 quin ramo reun reyk COMMENT             
rgdg rio2 riop salu samo sant savo sch2 scor scrz sctb scub COMMENT             
seyg smst sofi spt0 ssia sthl stjo str2 suth sutm suwn sydn COMMENT             
tabl tabv tash thtg thti thu2 tid1 tidb tlse tn22 tong tow2 COMMENT             
tro1 tsea tskb twtf txes uclu ufpr ulab unb3 unbj unsa urum COMMENT             
usn7 usud vald vill voim vtsp wab1 wab2 wark wes2 wgtn whit COMMENT             
will wsrt wtza wtzl wtzr wtzs wtzz wuhn xmis yar2 yarr yell COMMENT             
ykro zamb zeck zim2 zim3 zimm                               COMMENT             
                                                            END OF HEADER       
[from data line 9009]
    22                                                      START OF TEC MAP    
  2023     2     9    21     0     0                        EPOCH OF CURRENT MAP
    87.5-180.0 180.0   5.0 450.0                            LAT/LON1/LON2/DLON/H
  173  181  188  197  205  214  224  233  243  252  261  271  279  288  296  303
  310  316  321  325  329  332  334  336  337  337  336  335  333  330  327  323
  319  315  310  304  298  292  285  279  272  264  257  249  242  234  226  219
  211  204  196  189  183  176  170  165  160  155  151  148  146  144  143  142
  142  144  146  148  152  156  161  167  173
    85.0-180.0 180.0   5.0 450.0                            LAT/LON1/LON2/DLON/H
   95  108  122  138  156  174  193  213  233  253  272  291  309  326  342  355
  368  378  386  393  398  402  404  404  404  402  399  395  391  385  379  373
  366  358  349  340  331  321  310  299  288  276  264  251  238  225  212  198
  185  172  158  146  133  121  110   99   89   80   71   64   58   53   50   48
   47   47   49   53   58   65   73   83   95
    82.5-180.0 180.0   5.0 450.0                            LAT/LON1/LON2/DLON/H
   24   40   58   80  103  129  157  186  216  246  276  305  331  356  377  395
  410  422  430  436  439  440  439  437  433  429  423  418  411  405  398  390
  382  374  365  356  346  335  324  311  299  285  270  255  239  223  206  189
  172  154  137  120  103   86   70   55   41   28   16    6    0    0    0    0
    0    0    0    0    0    0    0   11   24
    80.0-180.0 180.0   5.0 450.0                            LAT/LON1/LON2/DLON/H
    0    0   11   32   58   88  121  158  196  236  275  312  346  375  400  419
  433  442  446  447  445  440  434  428  421  415  408  402  396  391  385  379
  374  368  361  354  347  338  329  319  307  294  280  264  247  230  211  192
  173  153  133  113   94   75   56   38   21    6    0    0    0    0    0    0
    0    0    0    0    0    0    0    0    0
    77.5-180.0 180.0   5.0 450.0                            LAT/LON1/LON2/DLON/H
    0    0    0    8   31   59   94  135  179  226  272  316  355  388  412  428
  437  438  434  426  415  404  392  382  374  367  362  358  355  352  350  348
  347  345  343  341  338  334  329  322  314  304  291  277  261  244  225  206
  186  166  145  125  104   84   64   44   26   10    0    0    0    0    0    0
    0    0    0    0    0    0    0    0    0
    75.0-180.0 180.0   5.0 450.0                            LAT/LON1/LON2/DLON/H
   11    8    8   14   28   50   83  123  171  222  274  323  365  397  418  427
  426  415  399  379  358  339  323  311  303  299  297  297  299  301  303  306
  308  311  314  316  319  321  322  320  317  310  301  289  275  259  242  224
  205  186  166  146  126  106   86   67   49   32   18    7    0    0    0    0
    0    6   12   17   20   20   18   15   11
    72.5-180.0 180.0   5.0 450.0                            LAT/LON1/LON2/DLON/H
   82   68   56   49   51   64   89  127  175  229  285  336  379  408  423  422
  408  383  352  319  288  262  243  231  225  225  229  234  241  247  253  258
  263  269  275  282  290  297  304  309  310  309  303  294  282  268  253  237
  220  203  186  169  151  132  114   95   78   62   50   41   36   36   40   48
   60   73   86   97  105  107  104   95   82
    70.0-180.0 180.0   5.0 450.0                            LAT/LON1/LON2/DLON/H
  170  148  125  105   94   96  113  145  192  247  305  358  400  426  433  420
  392  352  306  261  221  190  169  157  155  160  169  179  190  199  206  211
  216  221  228  237  248  261  273  283  290  292  291  284  275  263  250  237
  224  211  198  184  169  153  136  119  103   89   78   71   69   73   82   97
  115  137  158  178  192  199  198  188  170
    67.5-180.0 180.0   5.0 450.0                            LAT/LON1/LON2/DLON/H
  251  226  197  169  149  141  150  177  220  275  333  388  429  451  450  427
  386  333  275  220  173  137  114  104  104  112  124  137  149  159  164  167
  169  171  176  185  197  212  228  242  253  259  261  257  250  240  230  220
  211  202  194  184  173  160  146  131  117  105   96   91   91   97  109  127
  150  178  206  234  256  270  275  268  251
    65.0-180.0 180.0   5.0 450.0                            LAT/LON1/LON2/DLON/H
  303  283  256  228  205  192  195  217  256  309  368  422  463  482  476  446
  396  333  268  206  153  114   89   77   76   83   95  109  121  129  132  131
  128  126  126  132  142  157  174  190  204  212  216  214  208  201  193  186
  181  177  173  167  160  151  140  129  118  108  102   98   98  104  115  133
  156  185  217  250  278  300  312  313  303
    62.5-180.0 180.0   5.0 450.0                            LAT/LON1/LON2/DLON/H
  315  307  291  272  254  242  243  261  297  346  403  457  497  516  508  475
  421  356  287  222  167  124   94   77   70   73   82   94  105  112  113  108
  100   92   87   87   93  105  120  136  149  158  162  161  157  151  145  141
  139  139  138  137  133  127  120  113  106  100   96   94   94   96  103  116
  135  160  190  222  254  282  302  313  315
    60.0-180.0 180.0   5.0 450.0                            LAT/LON1/LON2/DLON/H
  289  298  301  299  293  289  292  308  339  384  436  488  528  547  541  510
  460  397  330  267  211  164  127   99   83   76   80   89   99  106  107  101
   89   76   65   59   60   67   77   90  100  108  111  110  106  101   96   94
   94   96   98   99   99   96   93   90   87   86   85   84   82   81   81   86
   96  112  136  164  194  223  250  272  289
    57.5-180.0 180.0   5.0 450.0                            LAT/LON1/LON2/DLON/H
  238  268  293  312  324  332  340  355  381  419  465  512  551  572  571  547
  503  449  390  331  276  224  177  137  107   91   87   94  105  115  117  110
   97   80   65   53   48   48   53   59   66   71   72   71   67   61   57   54
   55   58   61   64   66   66   66   67   69   73   75   75   72   66   58   53
   53   60   73   94  118  146  175  207  238
    55.0-180.0 180.0   5.0 450.0                            LAT/LON1/LON2/DLON/H
  185  233  280  321  352  373  388  402  422  451  488  528  565  588  593  578
  545  502  453  402  348  293  236  183  141  114  104  110  123  135  139  134
  120  101   83   68   57   51   49   50   51   52   52   50   45   40   35   32
   31   34   37   41   43   45   48   53   59   66   71   72   67   56   43   29
   20   18   23   35   53   76  106  142  185
    52.5-180.0 180.0   5.0 450.0                            LAT/LON1/LON2/DLON/H
  152  212  275  333  380  413  434  448  462  481  507  539  571  595  605  599
  579  547  509  466  416  359  295  233  180  145  132  137  150  163  168  162
  147  128  109   93   80   70   63   58   55   53   52   49   45   39   33   28
   27   28   30   33   36   39   44   51   61   70   76   77   70   56   38   20
    6    0    0    6   18   37   64  102  152
    50.0-180.0 180.0   5.0 450.0                            LAT/LON1/LON2/DLON/H
  154  218  288  355  410  450  475  489  499  509  525  547  572  594  608  610
  599  578  550  515  470  414  349  281  224  186  170  173  185  193  193  183
  167  148  131  117  104   94   84   76   71   68   66   64   61   55   49   43
   40   40   41   44   47   50   56   64   74   83   88   87   78   63   43   24
   11    4    6   13   24   40   64  101  154
    47.5-180.0 180.0   5.0 450.0                            LAT/LON1/LON2/DLON/H
  191  253  321  386  440  480  507  522  529  535  542  555  572  591  605  611
  606  593  573  545  507  456  393  328  272  234  217  216  219  218  207  189
  169  152  138  129  121  113  104   96   90   87   87   87   85   81   75   69
   65   64   66   68   70   74   79   86   95  102  105  101   90   74   55   39
   30   29   36   49   64   82  106  142  191
    45.0-180.0 180.0   5.0 450.0                            LAT/LON1/LON2/DLON/H
  257  310  367  419  463  498  524  542  552  557  560  566  575  588  600  605
  603  594  578  557  526  483  429  372  322  287  269  259  249  230  204  176
  152  137  129  126  125  121  116  109  105  103  104  107  108  106  102   97
   94   94   96   99  101  103  107  113  119  122  121  113  101   85   69   57
   54   61   78  101  125  150  177  212  257
    42.5-180.0 180.0   5.0 450.0                            LAT/LON1/LON2/DLON/H
  332  375  415  448  476  500  524  547  565  576  579  581  584  590  596  599
  595  586  574  557  534  500  458  411  369  338  316  296  268  229  187  150
  125  114  113  117  121  122  119  115  112  111  114  119  122  123  122  120
  120  122  125  128  129  131  133  136  139  138  133  122  108   93   80   73
   75   89  116  150  186  220  254  291  332
    40.0-180.0 180.0   5.0 450.0                            LAT/LON1/LON2/DLON/H
  399  432  455  467  475  489  511  542  571  591  600  601  599  598  598  595
  588  578  566  553  536  511  479  443  409  381  355  322  276  221  167  127
  107  104  110  118  123  124  122  118  114  112  115  121  126  130  132  133
  136  140  145  148  149  149  150  151  151  147  138  126  111   98   87   83
   88  107  139  183  230  276  319  360  399
    37.5-180.0 180.0   5.0 450.0                            LAT/LON1/LON2/DLON/H
  444  471  480  475  467  471  494  532  574  606  622  625  620  613  605  597
  587  575  563  552  538  520  494  465  436  410  379  337  280  216  161  129
  121  129  141  147  146  141  134  125  118  113  113  118  124  130  135  139
  144  149  154  157  157  155  155  154  153  148  138  125  112  100   92   88
   93  111  146  194  249  304  357  404  444
    35.0-180.0 180.0   5.0 450.0                            LAT/LON1/LON2/DLON/H
  465  490  493  479  463  462  487  533  584  625  647  653  646  633  619  605
  592  579  568  557  545  527  503  476  450  424  392  347  289  229  187  174
  187  209  222  219  204  184  164  147  132  121  117  118  124  130  136  141
  146  151  155  156  154  150  148  147  147  143  134  123  111  102   95   90
   92  107  139  188  246  308  367  421  465
    32.5-180.0 180.0   5.0 450.0                            LAT/LON1/LON2/DLON/H
  466  497  503  490  475  478  507  557  611  654  679  685  676  658  637  618
  603  591  581  570  555  533  507  478  451  427  400  362  314  272  255  271
  310  345  355  336  297  255  217  187  162  144  134  132  135  139  144  147
  150  152  153  150  145  139  135  135  135  134  128  120  111  105   99   93
   92  102  130  176  234  296  358  417  466
    30.0-180.0 180.0   5.0 450.0                            LAT/LON1/LON2/DLON/H
  462  503  521  521  519  532  567  615  664  700  720  722  710  686  659  635
  618  607  598  586  566  539  506  474  448  430  414  391  364  349  364  413
  477  521  523  480  413  344  287  242  209  185  170  164  163  165  166  165
  163  159  154  146  136  127  122  122  124  126  124  118  113  108  104   98
   96  104  128  171  225  284  345  407  462
    27.5-180.0 180.0   5.0 450.0                            LAT/LON1/LON2/DLON/H
  467  520  557  580  601  630  671  713  746  765  771  766  749  719  684  654
  635  625  616  602  577  543  506  472  451  443  444  444  442  455  499  575
  657  704  692  624  527  434  358  304  265  238  222  214  210  208  204  197
  187  176  163  149  135  123  116  114  118  121  121  118  114  111  108  105
  105  114  140  180  231  285  343  405  467
    25.0-180.0 180.0   5.0 450.0                            LAT/LON1/LON2/DLON/H
  488  555  615  666  715  765  812  843  853  847  834  818  794  758  714  676
  653  642  632  614  585  548  510  480  468  477  498  520  540  573  634  723
  810  851  821  729  610  499  414  356  319  295  282  276  271  265  255  241
  224  204  183  164  145  130  119  116  118  121  122  118  114  111  110  111
  116  133  164  207  256  306  359  420  488
    22.5-180.0 180.0   5.0 450.0                            LAT/LON1/LON2/DLON/H
  528  608  689  768  846  918  970  989  973  939  904  876  845  803  750  703
  673  658  646  625  593  557  525  506  508  534  574  612  644  680  738  821
  896  923  877  768  638  521  438  387  359  346  341  338  334  325  311  292
  268  241  213  188  166  147  133  126  125  126  124  118  111  107  108  113
  128  155  195  244  294  343  394  455  528
    20.0-180.0 180.0   5.0 450.0                            LAT/LON1/LON2/DLON/H
  580  670  768  869  971 1061 1118 1126 1087 1028  975  937  902  854  794  738
  700  679  660  635  604  575  555  552  571  612  664  708  734  754  788  844
  895  902  842  729  601  494  425  390  379  380  386  390  387  377  361  340
  312  280  247  218  193  172  154  142  136  133  127  118  107  101  101  112
  135  173  225  282  336  386  438  501  580
    17.5-180.0 180.0   5.0 450.0                            LAT/LON1/LON2/DLON/H
  631  728  834  947 1063 1163 1224 1225 1173 1099 1036  994  959  910  846  783
  737  707  682  653  624  604  601  616  650  701  755  790  795  781  774  788
  806  793  727  621  511  427  381  369  377  394  412  421  420  411  396  376
  348  314  279  248  222  198  177  161  150  141  130  117  103   93   93  107
  138  185  246  310  369  422  479  547  631
    15.0-180.0 180.0   5.0 450.0                            LAT/LON1/LON2/DLON/H
  670  769  874  986 1101 1202 1263 1264 1211 1136 1075 1039 1009  965  901  836
  785  748  715  681  656  648  661  691  734  785  830  845  818  761  706  674
  658  629  566  479  396  343  325  336  362  393  418  431  431  423  411  395
  371  338  303  271  244  220  198  178  162  149  134  117  100   89   88  103
  138  191  255  322  384  443  506  581  670
    12.5-180.0 180.0   5.0 450.0                            LAT/LON1/LON2/DLON/H
  690  785  880  977 1076 1166 1224 1230 1188 1129 1083 1061 1044 1010  955  894
  842  801  761  724  701  703  729  767  810  851  877  866  804  707  608  538
  496  460  409  347  296  274  281  310  348  384  411  422  420  414  407  397
  378  349  315  284  258  235  213  192  173  156  138  120  102   90   89  105
  140  193  256  320  382  444  514  597  690
    10.0-180.0 180.0   5.0 450.0                            LAT/LON1/LON2/DLON/H
  688  777  854  925  995 1062 1111 1124 1104 1073 1054 1054 1056 1039  999  949
  904  862  820  780  759  766  796  833  866  889  891  854  767  642  517  425
  372  337  303  268  246  249  273  310  348  381  400  405  398  392  389  385
  372  346  314  284  260  240  220  200  181  163  144  126  110  100   99  115
  148  197  254  312  368  430  505  594  688
     7.5-180.0 180.0   5.0 450.0                            LAT/LON1/LON2/DLON/H
  671  750  807  846  879  912  944  965  971  974  987 1014 1038 1043 1024  993
  960  925  883  843  821  828  854  881  896  896  876  823  725  594  466  373
  323  298  282  269  267  283  312  344  373  392  397  389  376  368  368  369
  359  335  305  277  255  238  222  205  188  170  153  136  123  116  118  133
  165  210  259  306  355  412  487  578  671
     5.0-180.0 180.0   5.0 450.0                            LAT/LON1/LON2/DLON/H
  646  717  755  763  755  750  759  781  810  847  893  945  992 1019 1025 1018
 1003  978  941  903  880  881  896  906  900  880  845  787  697  583  474  398
  363  353  350  350  357  373  395  412  422  420  406  384  363  353  353  354
  345  321  291  264  245  232  221  209  195  179  162  148  138  135  140  158
  191  232  274  312  350  401  471  558  646
     2.5-180.0 180.0   5.0 450.0                            LAT/LON1/LON2/DLON/H
  624  687  713  698  655  612  593  607  651  713  785  857  922  971 1002 1019
 1023 1012  985  951  927  920  921  912  887  852  813  764  697  615  540  494
  478  481  485  487  490  497  503  500  486  461  428  393  365  352  350  348
  334  308  277  252  236  227  220  213  203  189  173  160  152  152  162  184
  219  260  299  330  360  402  463  542  624
