ionex_files/turquie/COD0OPSFIN_20230230000_01D_01H_GIM.INX
     1.0            IONOSPHERE MAPS     GNSS                IONEX VERSION / TYPE
ADDNEQ2 V5.5        AIUB                27-JAN-23 21:15     PGM / RUN BY / DATE 
CODE'S GLOBAL IONOSPHERE MAPS FOR DAY 023, 2023             COMMENT             
Global ionosphere maps (GIM) are generated on a daily basis DESCRIPTION         
at CODE using data from about 300 GNSS sites of the IGS and DESCRIPTION         
other institutions. The vertical total electron content     DESCRIPTION         
(VTEC) is modeled in a solar-geomagnetic reference frame    DESCRIPTION         
using a spherical harmonics expansion up to degree and      DESCRIPTION         
order 15. Piece-wise linear functions are used for          DESCRIPTION         
representation in the time domain. The time spacing of      DESCRIPTION         
their vertices is 1 hour, conforming with the epochs of the DESCRIPTION         
VTEC maps.                                                  DESCRIPTION         
To convert line-of-sight TEC into vertical TEC, a modified  DESCRIPTION         
single-layer model mapping function approximating the JPL   DESCRIPTION         
extended slab model mapping function is adopted. The        DESCRIPTION         
mapping function is evaluated at geodetic satellite         DESCRIPTION         
elevation angles. For the computation of the ionospheric    DESCRIPTION         
pierce points, a spherical layer with a radius of 6821 km   DESCRIPTION         
is assumed, implying geocentric, not geodetic IONEX         DESCRIPTION         
latitudes.                                                  DESCRIPTION         
Instrumental biases with respect to each involved GNSS code DESCRIPTION         
observable are estimated as constant values for each        DESCRIPTION         
day. They are modeled with one set of bias parameters for   DESCRIPTION         
each satellite and each station in case of GPS and for each DESCRIPTION         
satellite-station link in case of GLONASS. The code bias    DESCRIPTION         
datum is defined by zero-mean conditions imposed on the     DESCRIPTION         
satellite bias estimates. In this file, just GPS C1W-C2W    DESCRIPTION         
satellite and station bias values are included. The         DESCRIPTION         
complete set of GNSS code bias results is provided in an    DESCRIPTION         
additional Bias-SINEX file as pseudo-absolute values        DESCRIPTION         
specific to each observable.                                DESCRIPTION         
Note: These GIM results correspond to the results for the   DESCRIPTION         
middle day of a 3-day combination analysis solving for 73   DESCRIPTION         
times 256, or 18688 VTEC parameters and 3 daily sets of     DESCRIPTION         
GNSS code bias parameters.                                  DESCRIPTION         
Contact address: code(at)aiub.unibe.ch                      DESCRIPTION         
Data archive:    ftp.aiub.unibe.ch/CODE/                    DESCRIPTION         
                 www.aiub.unibe.ch/download/CODE/           DESCRIPTION         
  2023     1    23     0     0     0                        EPOCH OF FIRST MAP  
  2023     1    24     0     0     0                        EPOCH OF LAST MAP   
  3600                                                      INTERVAL            
[...]
azgb badg bake bako barh bjfs bndy boav bogo bogt bor1 braz COMMENT             
brst brux bshm cas1 ccj2 cedu chpg chpi chti chur ckis cnmr COMMENT             
coco cord cpxf crar cro1 daej darw dav1 dgar dhlg drao dubo COMMENT             
ebre faa1 fair flrs frdn ftna func ganp glps gode godz gol2 COMMENT             
gold gope gras graz guam harb hers hert hlfx hob2 hofn holb COMMENT             
hrao hyde iddr ieng iisc ineg invk iqal irkj isba jog2 joz2 COMMENT             
joze karr kerg kir0 kiru kit3 kokb kokv koug kour krgg laut COMMENT             
lmmf lpal lpgs m0se mac1 madr mal2 mana mas1 mat1 mate maw1 COMMENT             
mcm4 mdo1 mdvj medi mets mgue mizu mkea mnls mobs monp morp COMMENT             
mqzg mro1 mtka nano nico nist nium nklg nlib nnor not1 nrc1 COMMENT             
nrmd ntus nya1 nyal ohi2 onsa opmt ous2 pado parc park pdel COMMENT             
penc pert pie1 pimo pohn pol2 polv pots pove prds ptbb ptvl COMMENT             
qaq1 quin ramo reun reyk rgdg rio2 riop salu samo sant savo COMMENT             
sch2 scor scrz sctb scub seyg sofi spt0 ssia sthl stk2 str2 COMMENT             
suth sutm sydn syog tabl tabv tash thtg thti thu2 tid1 tidb COMMENT             
tlse tn22 tong tow2 tro1 tsea tskb tuva twtf txes uclu ufpr COMMENT             
ulab unb3 unbj unsa urum usn7 usud vald vill voim vtsp wab1 COMMENT             
wab2 wark wes2 wgtn whit will wind wsrt wtza wtzl wtzr wtzs COMMENT             
wuhn xmis yar2 yar3 yarr yell ykro zamb zeck zim2 zim3 zimm COMMENT             
                                                            END OF HEADER       
[from data line 2145]
     6                                                      START OF TEC MAP    
  2023     1    23     5     0     0                        EPOCH OF CURRENT MAP
    87.5-180.0 180.0   5.0 450.0                            LAT/LON1/LON2/DLON/H
   54   52   50   48   47   46   44   44   43   43   43   43   43   44   44   45
   46   47   49   50   51   52   54   55   56   58   59   60   61   63   64   65
   66   67   68   69   70   71   72   73   74   75   76   76   77   78   79   80
   80   81   81   82   82   83   83   83   82   82   81   81   79   78   77   75
   73   71   69   66   64   61   59   57   54
    85.0-180.0 180.0   5.0 450.0                            LAT/LON1/LON2/DLON/H
   54   48   43   38   35   32   30   28   28   28   29   30   32   34   37   39
   42   45   47   50   52   55   57   59   61   63   65   67   68   70   72   73
   75   76   78   79   80   81   82   83   84   86   87   88   89   91   93   95
   97   99  102  104  107  109  111  113  115  116  116  115  114  112  110  106
  102   97   91   86   79   73   66   60   54
    82.5-180.0 180.0   5.0 450.0                            LAT/LON1/LON2/DLON/H
   61   50   41   33   27   22   19   17   17   19   22   25   29   34   39   43
   48   52   55   59   61   63   65   67   68   70   71   73   75   77   78   80
   82   84   86   87   89   89   90   91   91   91   92   93   95   97   99  103
  107  112  118  124  130  136  142  148  153  157  160  162  162  160  157  153
  146  138  129  119  108   96   84   72   61
    80.0-180.0 180.0   5.0 450.0                            LAT/LON1/LON2/DLON/H
   76   60   46   34   24   18   14   13   14   17   22   28   35   42   49   55
   61   65   69   71   73   74   74   74   73   73   74   74   76   78   80   83
   86   88   91   92   94   94   94   93   93   92   91   91   92   95   98  103
  110  118  127  138  149  160  172  183  192  201  208  212  215  215  212  207
  199  189  176  162  146  128  111   93   76
    77.5-180.0 180.0   5.0 450.0                            LAT/LON1/LON2/DLON/H
   97   76   57   41   29   20   15   14   17   21   28   36   45   54   62   69
   75   79   82   83   83   81   78   76   73   71   70   70   71   74   77   80
   84   88   91   93   94   94   93   91   89   86   84   83   84   86   91   98
  107  119  132  148  164  181  197  213  227  240  250  258  263  265  264  259
  251  240  225  208  188  166  143  120   97
    75.0-180.0 180.0   5.0 450.0                            LAT/LON1/LON2/DLON/H
  121   95   73   53   38   28   23   22   25   30   38   47   56   65   73   80
   85   89   90   90   87   83   78   73   68   65   62   62   63   66   70   75
   80   84   88   90   91   90   88   84   80   76   73   71   72   75   81   90
  102  118  136  156  176  197  217  236  254  269  281  291  297  301  301  298
  291  280  265  247  226  201  175  148  121
    72.5-180.0 180.0   5.0 450.0                            LAT/LON1/LON2/DLON/H
  144  116   90   68   52   40   34   33   35   41   48   55   63   71   78   83
   88   91   91   90   86   81   74   68   61   57   54   53   55   58   63   68
   74   78   82   83   83   81   78   73   68   63   60   58   59   64   72   85
  101  120  141  164  188  211  233  253  270  285  297  306  313  316  317  316
  310  302  290  273  253  229  202  174  144
    70.0-180.0 180.0   5.0 450.0                            LAT/LON1/LON2/DLON/H
  163  134  106   83   65   52   46   44   46   50   55   61   66   70   74   78
   82   84   85   84   80   75   68   61   55   51   48   48   50   54   59   64
   69   72   74   74   72   68   64   59   53   49   47   47   50   57   69   85
  105  127  152  177  202  225  245  263  278  290  299  305  310  312  313  312
  309  304  295  282  266  245  220  193  163
    67.5-180.0 180.0   5.0 450.0                            LAT/LON1/LON2/DLON/H
  175  146  118   94   75   62   55   53   54   57   60   61   63   63   65   67
   69   72   74   75   73   68   63   57   51   48   46   47   50   55   59   63
   66   67   66   63   59   54   49   44   39   36   36   39   46   57   73   93
  116  142  168  194  217  238  256  269  280  287  291  294  295  295  295  294
  292  289  284  276  265  249  228  203  175
    65.0-180.0 180.0   5.0 450.0                            LAT/LON1/LON2/DLON/H
  182  154  126  100   80   66   59   57   58   60   60   59   56   54   52   53
   56   60   63   66   65   63   59   54   50   48   48   50   54   58   61   63
   64   62   58   53   47   41   35   30   27   27   30   36   48   63   84  108
  134  162  189  213  235  252  265  274  279  281  281  280  278  275  273  270
  268  266  264  260  254  243  228  207  182
    62.5-180.0 180.0   5.0 450.0                            LAT/LON1/LON2/DLON/H
  185  159  130  103   81   66   58   55   57   58   58   55   50   45   42   42
   45   51   56   60   61   59   56   52   50   49   50   54   57   61   63   64
   62   58   53   46   39   32   26   22   20   22   28   38   54   74   99  127
  156  185  211  234  252  265  274  278  280  279  276  273  269  264  259  254
  250  246  244  243  240  234  224  207  185
    60.0-180.0 180.0   5.0 450.0                            LAT/LON1/LON2/DLON/H
  189  164  135  106   82   64   54   51   52   54   54   51   46   40   37   38
   42   49   55   59   59   57   53   50   48   49   51   54   58   61   62   62
   59   55   49   43   36   29   24   20   20   23   31   44   63   87  116  148
  179  209  234  255  269  278  283  284  283  282  280  277  273  268  261  253
  244  238  233  231  230  227  221  208  189
    57.5-180.0 180.0   5.0 450.0                            LAT/LON1/LON2/DLON/H
  197  173  144  114   86   64   51   46   47   49   51   49   45   41   39   41
   46   53   59   61   59   55   50   47   45   46   48   51   54   56   56   56
   55   52   49   44   39   34   29   26   25   28   37   52   73  101  133  168
  202  232  257  274  285  290  292  291  290  290  291  291  290  286  278  267
  254  242  234  229  227  226  223  214  197
    55.0-180.0 180.0   5.0 450.0                            LAT/LON1/LON2/DLON/H
  210  189  160  129   98   72   54   45   44   47   49   50   48   45   45   49
   55   61   65   64   60   53   47   43   42   42   44   45   46   47   47   48
   49   51   51   51   49   45   41   37   35   38   46   61   83  114  149  187
  224  255  278  294  301  303  301  299  299  301  306  311  314  312  305  292
  275  258  245  236  233  232  230  224  210
    52.5-180.0 180.0   5.0 450.0                            LAT/LON1/LON2/DLON/H
  226  208  183  152  120   91   67   53   48   48   51   52   52   52   54   59
   65   70   71   67   59   51   44   41   40   41   41   40   38   37   37   40
   44   51   57   61   63   61   57   53   49   49   56   70   94  126  165  206
  245  278  301  315  319  317  313  308  307  310  317  326  333  335  329  316
  297  277  260  248  243  242  241  236  226
    50.0-180.0 180.0   5.0 450.0                            LAT/LON1/LON2/DLON/H
  240  227  207  181  151  120   92   71   60   56   56   58   58   59   62   66
   71   75   73   67   58   50   45   44   45   45   43   39   34   30   30   34
   42   52   63   72   78   78   75   69   64   63   68   82  106  140  182  225
  267  301  325  338  340  335  326  318  313  314  320  329  338  342  340  328
  310  290  272  259  253  251  251  248  240
    47.5-180.0 180.0   5.0 450.0                            LAT/LON1/LON2/DLON/H
  247  239  227  209  185  156  125   99   80   70   66   65   65   65   67   70
   74   76   73   66   58   52   51   53   57   57   54   46   37   31   29   33
   42   55   70   82   90   92   89   84   78   77   81   96  121  157  200  246
  289  325  350  362  363  355  342  328  317  312  312  318  325  330  330  323
  309  292  276  265  259  257  256  253  247
    45.0-180.0 180.0   5.0 450.0                            LAT/LON1/LON2/DLON/H
  244  240  235  228  214  190  160  130  105   89   80   76   74   72   71   72
   75   75   73   67   61   60   63   70   76   77   72   61   49   39   35   37
   45   59   74   88   98  101   99   95   91   91   97  113  139  176  219  266
  310  347  373  387  387  376  359  339  321  307  298  296  298  302  304  301
  293  282  272  264  260  258  254  249  244
    42.5-180.0 180.0   5.0 450.0                            LAT/LON1/LON2/DLON/H
  231  227  228  231  228  214  189  158  129  109   96   89   84   80   76   75
   76   77   76   73   72   74   83   93  101  102   94   81   66   54   46   45
   51   62   76   89   99  103  104  102  101  105  115  133  161  197  239  283
  327  364  391  406  408  397  378  353  328  305  286  274  269  269  272  274
  273  269  265  261  259  256  249  239  231
    40.0-180.0 180.0   5.0 450.0                            LAT/LON1/LON2/DLON/H
  213  204  206  215  223  220  203  175  147  124  111  103   97   91   85   83
   83   85   86   87   89   95  105  117  125  125  116  100   84   70   61   56
   57   63   73   85   94  100  103  106  110  118  133  155  183  217  256  296
  336  372  401  418  423  415  397  373  344  316  289  268  254  250  253  258
  263  265  265  265  263  258  246  229  213
    37.5-180.0 180.0   5.0 450.0                            LAT/LON1/LON2/DLON/H
  200  180  175  185  199  205  197  176  151  131  120  115  111  105   99   96
   97  100  105  108  112  118  127  136  142  140  129  114   98   85   74   66
   61   62   68   78   87   95  100  107  116  131  151  175  204  235  268  303
  337  371  400  422  432  430  418  399  374  347  318  291  272  263  265  273
  280  285  286  285  281  272  255  228  200
    35.0-180.0 180.0   5.0 450.0                            LAT/LON1/LON2/DLON/H
  205  168  148  148  162  173  173  159  141  128  122  122  122  120  116  113
  115  121  128  133  135  137  141  146  147  142  131  117  104   93   82   72
   64   60   63   71   80   89   97  107  121  140  165  193  221  249  276  303
  331  362  392  418  435  442  440  433  421  403  379  353  331  320  320  328
  335  338  334  328  320  307  284  248  205
    32.5-180.0 180.0   5.0 450.0                            LAT/LON1/LON2/DLON/H
  238  180  137  120  124  135  138  132  121  114  116  123  130  132  131  130
  134  142  150  154  152  148  144  142  139  132  122  110  101   94   86   75
   65   59   59   66   76   85   94  106  122  146  174  205  233  258  279  300
  323  351  382  412  436  454  466  475  482  482  471  453  433  421  420  426
  430  425  412  396  382  365  338  295  238
    30.0-180.0 180.0   5.0 450.0                            LAT/LON1/LON2/DLON/H
  303  224  156  115  102  104  108  104   98   97  105  118  131  139  141  143
  148  156  164  165  158  146  135  128  122  115  105   97   92   90   85   77
   66   59   60   66   76   84   93  104  121  147  178  211  241  264  282  299
  320  346  378  412  442  469  495  524  553  575  584  577  563  553  551  554
  552  538  513  486  463  445  418  372  303
    27.5-180.0 180.0   5.0 450.0                            LAT/LON1/LON2/DLON/H
  397  301  208  141  107   97   95   91   86   87   97  113  129  140  145  147
  151  158  164  162  151  133  117  108  102   97   90   85   84   86   85   80
   71   64   64   71   79   86   91  100  117  143  178  214  246  271  289  306
  327  354  387  423  458  492  529  575  626  671  699  707  700  693  691  692
  684  661  623  584  555  537  515  471  397
    25.0-180.0 180.0   5.0 450.0                            LAT/LON1/LON2/DLON/H
  508  403  292  202  149  125  114  104   96   94  101  115  130  140  144  144
  144  147  150  145  132  113   98   91   90   89   85   81   82   86   89   86
   79   73   73   79   85   88   89   94  110  138  175  215  252  281  304  325
  348  378  412  449  485  522  567  624  691  753  798  818  819  814  813  813
  802  771  725  678  645  629  616  581  508
    22.5-180.0 180.0   5.0 450.0                            LAT/LON1/LON2/DLON/H
  620  515  395  292  225  189  169  152  137  128  127  134  143  148  146  140
  133  130  128  122  109   94   85   86   93   97   96   92   92   96  100   98
   92   86   85   87   89   88   84   87  102  132  174  219  261  297  327  355
  384  417  453  488  523  560  606  667  740  811  864  890  895  893  893  894
  883  852  803  752  719  708  706  684  620
    20.0-180.0 180.0   5.0 450.0                            LAT/LON1/LON2/DLON/H
  714  619  502  397  325  283  257  233  211  192  181  177  175  171  162  146
  129  116  108  102   94   87   89  100  116  126  124  118  114  115  118  116
  108  100   96   94   91   85   78   79   96  130  177  228  276  318  356  393
  429  466  501  535  567  600  642  699  768  836  888  914  919  918  920  923
  916  890  847  800  769  765  773  764  714
    17.5-180.0 180.0   5.0 450.0                            LAT/LON1/LON2/DLON/H
  776  696  594  499  432  392  364  337  308  282  262  246  233  219  199  172
  143  119  105   99   97  100  113  135  158  170  167  155  145  142  141  137
  126  114  105   98   90   80   71   73   93  133  186  242  295  343  388  432
  475  514  549  580  608  637  672  719  775  830  871  890  893  891  894  901
  902  888  855  818  793  793  808  811  776
    15.0-180.0 180.0   5.0 450.0                            LAT/LON1/LON2/DLON/H
  800  739  657  581  529  497  472  444  414  385  359  336  315  292  263  225
  184  149  129  123  126  138  158  186  211  222  214  196  180  171  166  157
  142  126  112  100   87   75   67   72   97  142  200  260  315  365  415  465
  511  551  585  613  640  666  694  728  766  802  826  834  831  827  831  843
  854  854  838  813  795  796  812  822  800
    12.5-180.0 180.0   5.0 450.0                            LAT/LON1/LON2/DLON/H
  789  746  686  634  599  579  560  535  508  482  457  434  410  383  349  304
  253  208  182  175  182  197  219  245  266  271  257  232  210  196  187  173
  155  134  116  100   85   72   66   76  107  157  218  278  332  382  433  484
  531  570  601  629  657  683  708  729  749  764  770  766  757  753  758  774
  793  806  807  796  783  782  793  802  789
    10.0-180.0 180.0   5.0 450.0                            LAT/LON1/LON2/DLON/H
  756  726  686  654  636  626  612  591  570  552  536  520  500  476  443  396
  340  290  260  251  257  270  285  301  311  306  284  254  229  212  199  183
  162  139  118  100   85   74   72   86  121  174  235  293  343  390  438  488
  533  568  596  624  656  688  713  728  734  732  724  710  699  694  700  717
  740  764  778  778  768  761  763  766  756
     7.5-180.0 180.0   5.0 450.0                            LAT/LON1/LON2/DLON/H
  717  695  668  649  641  635  622  604  588  581  579  575  566  551  525  483
  429  379  348  337  339  342  343  343  337  321  292  260  234  217  203  185
  163  140  120  104   90   81   82  100  137  190  248  301  346  387  431  477
  518  548  574  604  642  681  712  728  728  718  701  685  674  671  677  692
  715  741  762  768  759  744  734  728  717
     5.0-180.0 180.0   5.0 450.0                            LAT/LON1/LON2/DLON/H
  689  670  648  633  625  615  596  574  561  563  573  585  591  589  575  543
  498  454  426  415  410  400  383  363  340  313  282  250  227  211  197  180
  160  140  123  110   99   93   96  115  151  201  255  302  341  377  417  458
  493  519  542  574  619  669  709  732  735  726  711  698  692  692  697  706
  723  745  765  770  757  734  715  702  689
     2.5-180.0 180.0   5.0 450.0                            LAT/LON1/LON2/DLON/H
  681  662  639  619  602  580  549  517  499  503  523  546  565  577  577  560
  529  497  476  466  454  431  396  359  323  290  259  232  212  199  187  171
  154  139  127  118  110  106  110  128  161  206  254  296  331  364  400  438
  468  490  512  546  596  654  705  738  753  754  750  746  747  750  752  754
  759  771  782  780  761  733  709  694  681
