ionex_files/turquie/COD0OPSFIN_20230400000_01D_01H_GIM.INX
     1.0            IONOSPHERE MAPS     GNSS                IONEX VERSION / TYPE
ADDNEQ2 V5.5        AIUB                13-FEB-23 21:37     PGM / RUN BY / DATE 
CODE'S GLOBAL IONOSPHERE MAPS FOR DAY 040, 2023             COMMENT             
Global ionosphere maps (GIM) are generated on a daily basis DESCRIPTION         
at CODE using data from about 300 GNSS sites of the IGS and DESCRIPTION         
other institutions. The vertical total electron content     DESCRIPTION         
(VTEC) is modeled in a solar-geomagnetic reference frame    DESCRIPTION         
using a spherical harmonics expansion up to degree and      DESCRIPTION         
order 15. Piece-wise linear functions are used for          DESCRIPTION         
representation in the time domain. The time spacing of      DESCRIPTION         
their vertices is 1 hour, conforming with the epochs of the DESCRIPTION         
VTEC maps.                                                  DESCRIPTION         
To convert line-of-sight TEC into vertical TEC, a modified  DESCRIPTION         
single-layer model mapping function approximating the JPL   DESCRIPTION         
extended slab model mapping function is adopted. The        DESCRIPTION         
mapping function is evaluated at geodetic satellite         DESCRIPTION         
elevation angles. For the computation of the ionospheric    DESCRIPTION         
pierce points, a spherical layer with a radius of 6821 km   DESCRIPTION         
is assumed, implying geocentric, not geodetic IONEX         DESCRIPTION         
latitudes.                                                  DESCRIPTION         
Instrumental biases with respect to each involved GNSS code DESCRIPTION         
observable are estimated as constant values for each        DESCRIPTION         
day. They are modeled with one set of bias parameters for   DESCRIPTION         
each satellite and each station in case of GPS and for each DESCRIPTION         
satellite-station link in case of GLONASS. The code bias    DESCRIPTION         
datum is defined by zero-mean conditions imposed on the     DESCRIPTION         
satellite bias estimates. In this file, just GPS C1W-C2W    DESCRIPTION         
satellite and station bias values are included. The         DESCRIPTION         
complete set of GNSS code bias results is provided in an    DESCRIPTION         
additional Bias-SINEX file as pseudo-absolute values        DESCRIPTION         
specific to each observable.                                DESCRIPTION         
Note: These GIM results correspond to the results for the   DESCRIPTION         
middle day of a 3-day combination analysis solving for 73   DESCRIPTION         
times 256, or 18688 VTEC parameters and 3 daily sets of     DESCRIPTION         
GNSS code bias parameters.                                  DESCRIPTION         
Contact address: code(at)aiub.unibe.ch                      DESCRIPTION         
Data archive:    ftp.aiub.unibe.ch/CODE/                    DESCRIPTION         
                 www.aiub.unibe.ch/download/CODE/           DESCRIPTION         
  2023     2     9     0     0     0                        EPOCH OF FIRST MAP  
  2023     2    10     0     0     0                        EPOCH OF LAST MAP   
  3600                                                      INTERVAL            
[...]
badg bake bako barh bjfs bndy boav bogo bogt bor1 braz brft COMMENT             
brst brux bshm cags cas1 cedu chpg chpi chti chur ckis coco COMMENT             
cord cpvg cpxf crar cro1 daej darw dav1 dhlg drao dubo ebre COMMENT             
faa1 fair flrs frdn ftna func ganp glps glsv gode godz gol2 COMMENT             
gold gope gras graz guam guug harb hers hert hlfx hob2 hofn COMMENT             
holb hrao hyde iddr ieng iisc ineg invk iqal irkj isba jog2 COMMENT             
joz2 joze karr kir0 kiri kiru kit3 kokb kokv koug kour krgg COMMENT             
laut lmmf lpal lpgs m0se madr mal2 mana mas1 mat1 mate mcm4 COMMENT             
mdo1 mdvj medi mets mgue mizu mkea mnls mobs monp morp mqzg COMMENT             
mro1 mtka nano nico nist nklg nlib nnor not1 nrc1 nrmd ntus COMMENT             
nya1 nyal ohi2 onsa opmt ous2 pado pdel penc pert pie1 pimo COMMENT             
pol2 polv pots pove prds ptag ptbb qaq1 quin ramo reun reyk COMMENT             
rgdg rio2 riop salu samo sant savo sch2 scor scrz sctb scub COMMENT             
seyg smst sofi spt0 ssia sthl stjo str2 suth sutm suwn sydn COMMENT             
tabl tabv tash thtg thti thu2 tid1 tidb tlse tn22 tong tow2 COMMENT             
tro1 tsea tskb twtf txes uclu ufpr ulab unb3 unbj unsa urum COMMENT             
usn7 usud vald vill voim vtsp wab1 wab2 wark wes2 wgtn whit COMMENT             
will wsrt wtza wtzl wtzr wtzs wtzz wuhn xmis yar2 yarr yell COMMENT             
ykro zamb zeck zim2 zim3 zimm                               COMMENT             
                                                            END OF HEADER       
[from data line 5148]
    13                                                      START OF TEC MAP    
  2023     2     9    12     0     0                        EPOCH OF CURRENT MAP
    87.5-180.0 180.0   5.0 450.0                            LAT/LON1/LON2/DLON/H
  150  150  149  149  149  148  147  147  146  145  144  143  143  142  141  140
  139  138  137  135  134  133  132  131  130  128  127  126  124  123  122  120
  119  118  116  115  114  113  112  111  110  109  109  109  109  109  110  111
  112  114  116  118  120  122  124  127  129  132  134  137  139  141  143  144
  146  147  148  149  149  150  150  150  150
    85.0-180.0 180.0   5.0 450.0                            LAT/LON1/LON2/DLON/H
  164  162  159  157  156  154  152  151  149  148  147  145  144  143  141  140
  138  137  135  134  133  131  130  129  128  127  126  125  124  123  121  119
  117  115  113  110  107  104  101   98   95   93   91   90   89   89   90   91
   94   97  101  106  112  118  124  131  137  143  149  155  159  164  167  170
  171  172  172  172  171  170  168  166  164
    82.5-180.0 180.0   5.0 450.0                            LAT/LON1/LON2/DLON/H
  168  162  157  153  150  147  144  143  141  140  139  137  136  134  132  130
  128  126  124  123  122  121  121  121  122  123  124  126  127  128  128  128
  128  126  124  121  117  112  107  102   96   91   86   82   80   78   78   80
   84   89   96  104  113  124  135  146  158  168  178  187  194  200  204  205
  206  204  201  197  192  186  180  173  168
    80.0-180.0 180.0   5.0 450.0                            LAT/LON1/LON2/DLON/H
  161  152  144  138  133  130  127  126  125  125  124  123  121  119  117  114
  111  108  105  103  103  103  104  107  111  115  120  126  132  138  143  147
  150  151  151  149  145  140  133  126  117  109  101   94   89   85   84   85
   89   95  104  115  128  143  158  174  190  205  218  229  238  244  247  247
  244  238  230  219  208  196  184  172  161
    77.5-180.0 180.0   5.0 450.0                            LAT/LON1/LON2/DLON/H
  148  135  124  117  112  109  108  108  108  109  109  108  106  103   99   95
   90   86   82   80   79   81   84   90   97  106  116  128  139  151  162  171
  180  186  190  191  189  184  178  169  159  148  137  127  119  113  110  110
  113  120  129  141  156  173  190  209  227  244  260  272  281  287  288  284
  277  266  252  235  217  198  180  163  148
    75.0-180.0 180.0   5.0 450.0                            LAT/LON1/LON2/DLON/H
  132  117  105   98   93   91   92   93   95   96   97   96   94   90   84   78
   72   66   62   59   59   61   67   76   87  100  115  131  148  165  182  198
  212  224  233  238  240  238  233  224  213  202  189  178  168  160  155  154
  155  160  168  179  192  207  224  241  259  276  290  302  310  314  312  305
  294  279  260  239  216  193  170  150  132
    72.5-180.0 180.0   5.0 450.0                            LAT/LON1/LON2/DLON/H
  118  103   93   86   82   82   83   86   89   91   91   90   87   82   75   68
   60   53   48   46   46   51   58   69   83   99  117  136  157  178  199  220
  239  257  271  282  289  291  289  282  273  262  249  238  227  219  213  209
  209  211  215  221  229  239  250  263  276  288  300  308  313  314  310  300
  287  269  249  226  203  179  157  136  118
    70.0-180.0 180.0   5.0 450.0                            LAT/LON1/LON2/DLON/H
  109   97   88   83   81   81   83   86   89   90   90   88   84   79   72   64
   56   50   45   43   45   51   60   73   88  105  124  143  164  186  209  233
  257  279  299  316  328  334  336  334  327  318  308  297  287  279  273  268
  265  263  261  260  259  260  262  266  271  277  282  286  286  283  276  265
  251  235  217  198  178  159  140  124  109
    67.5-180.0 180.0   5.0 450.0                            LAT/LON1/LON2/DLON/H
  104   96   90   87   86   87   89   91   92   92   91   88   84   79   73   66
   59   54   50   49   53   60   71   84   99  116  132  150  168  189  212  236
  262  288  313  334  351  363  370  372  369  364  356  348  340  332  326  320
  314  307  299  289  278  268  259  251  247  244  241  238  234  227  217  205
  192  179  166  155  144  133  123  113  104
    65.0-180.0 180.0   5.0 450.0                            LAT/LON1/LON2/DLON/H
  102   98   95   93   92   93   94   94   94   92   89   86   82   79   75   70
   66   62   60   61   65   74   85   99  113  127  140  154  169  186  207  231
  258  287  314  339  361  377  389  395  397  395  391  385  379  373  366  359
  351  339  324  305  284  263  242  224  209  198  188  179  169  157  144  131
  120  111  107  105  105  107  107  105  102
    62.5-180.0 180.0   5.0 450.0                            LAT/LON1/LON2/DLON/H
  100   99   97   96   95   95   95   94   91   88   84   80   78   76   75   74
   72   70   69   71   76   86   98  112  125  136  146  155  166  180  199  223
  251  280  310  337  360  380  395  405  411  413  412  409  404  398  391  383
  371  356  335  310  281  250  220  193  171  153  138  124  110   94   78   63
   52   48   50   59   70   82   92   98  100
    60.0-180.0 180.0   5.0 450.0                            LAT/LON1/LON2/DLON/H
   98   97   95   92   91   90   89   87   84   79   75   71   70   71   73   74
   75   74   74   76   82   92  105  119  132  142  149  156  164  177  195  219
  248  278  307  334  358  378  395  408  417  423  425  422  418  411  403  392
  379  360  336  307  273  236  201  169  143  122  105   89   73   54   34   17
    6    3   10   26   46   66   83   93   98
    57.5-180.0 180.0   5.0 450.0                            LAT/LON1/LON2/DLON/H
   94   92   87   82   80   79   79   78   74   69   64   62   62   64   68   71
   73   73   73   75   81   92  106  121  135  145  152  158  167  181  201  226
  255  285  313  337  359  377  394  409  421  429  433  431  426  417  406  393
  378  358  333  302  267  230  193  161  135  115   99   83   67   47   25    5
    0    0    0   14   37   61   80   91   94
    55.0-180.0 180.0   5.0 450.0                            LAT/LON1/LON2/DLON/H
   92   85   77   70   67   67   68   68   66   62   58   55   55   58   63   67
   69   69   68   70   76   88  104  121  137  149  158  167  179  196  219  247
  277  305  330  350  367  382  397  412  426  436  441  439  432  421  407  392
  374  354  330  301  268  234  199  170  146  129  116  105   90   71   49   27
   10    3    8   24   46   67   84   92   92
    52.5-180.0 180.0   5.0 450.0                            LAT/LON1/LON2/DLON/H
   92   81   69   61   57   58   61   64   64   61   57   54   54   56   59   62
   64   63   62   63   70   84  102  123  142  158  172  185  200  222  249  279
  309  336  356  371  382  393  405  420  434  446  451  449  440  427  410  393
  374  354  332  307  278  248  218  191  171  157  149  142  132  116   96   73
   54   43   42   51   67   83   94   97   92
    50.0-180.0 180.0   5.0 450.0                            LAT/LON1/LON2/DLON/H
   95   82   69   59   56   58   63   67   69   68   65   62   60   59   60   61
   61   60   59   62   70   85  107  131  155  176  193  210  230  255  284  316
  345  369  386  396  403  409  418  431  445  457  462  460  450  435  417  398
  378  359  339  318  295  269  243  218  199  187  182  179  174  164  147  127
  107   91   84   86   93  102  107  104   95
    47.5-180.0 180.0   5.0 450.0                            LAT/LON1/LON2/DLON/H
  102   89   76   68   65   67   73   78   82   82   79   75   71   68   66   65
   64   63   64   68   78   96  120  148  175  200  221  242  263  289  318  348
  376  398  412  420  424  428  435  446  459  470  474  471  461  445  427  408
  388  369  350  332  313  291  266  241  221  207  201  201  200  195  185  169
  150  133  121  115  115  116  116  112  102
    45.0-180.0 180.0   5.0 450.0                            LAT/LON1/LON2/DLON/H
  108   99   90   84   82   84   88   93   97   98   96   92   86   81   77   74
   73   73   76   82   94  114  141  171  201  228  251  272  293  316  341  367
  392  414  430  440  445  450  456  466  477  486  488  482  471  456  439  420
  400  381  362  345  328  307  282  255  230  211  202  201  202  202  197  187
  172  156  141  130  124  121  119  115  108
    42.5-180.0 180.0   5.0 450.0                            LAT/LON1/LON2/DLON/H
  112  109  106  104  102  103  105  108  110  112  111  107  101   95   90   87
   87   89   94  102  116  137  165  196  227  255  278  297  313  330  348  369
  393  416  437  455  467  476  484  494  503  508  505  496  483  468  452  434
  414  393  373  356  339  318  291  259  228  203  188  183  183  185  185  179
  169  156  141  128  119  114  113  113  112
    40.0-180.0 180.0   5.0 450.0                            LAT/LON1/LON2/DLON/H
  111  116  119  120  119  118  116  116  117  119  119  117  113  108  103  102
  103  107  113  123  137  159  186  218  249  276  297  311  321  330  341  358
  380  409  441  470  494  511  524  534  541  542  534  518  500  484  468  451
  430  406  384  365  347  326  297  261  224  193  173  162  159  160  160  158
  151  141  127  114  104  100  101  105  111
    37.5-180.0 180.0   5.0 450.0                            LAT/LON1/LON2/DLON/H
  105  115  123  127  126  123  119  116  115  117  119  120  119  117  115  116
  119  124  130  140  153  174  201  232  262  287  305  316  320  322  327  340
  366  403  448  493  531  559  578  592  598  594  579  555  529  508  491  473
  450  423  397  376  358  337  308  271  232  198  174  159  151  147  144  141
  135  126  114  101   90   86   88   95  105
    35.0-180.0 180.0   5.0 450.0                            LAT/LON1/LON2/DLON/H
   97  108  117  122  122  117  111  107  105  108  112  117  120  122  124  127
  131  136  141  148  161  181  207  237  266  290  306  314  315  313  316  330
  361  409  469  530  582  622  649  667  675  668  645  611  575  546  524  503
  478  448  420  397  380  360  333  299  263  231  208  191  178  167  158  150
  142  132  119  104   92   84   83   88   97
    32.5-180.0 180.0   5.0 450.0                            LAT/LON1/LON2/DLON/H
   92   98  105  108  107  103   97   93   92   96  102  110  117  124  130  135
  139  141  144  149  160  180  207  237  266  289  304  312  313  314  321  340
  379  438  510  585  649  697  732  756  768  761  733  688  640  600  571  546
  518  486  456  434  418  403  380  352  323  299  280  265  249  232  214  199
  186  172  156  138  120  105   95   91   92
    30.0-180.0 180.0   5.0 450.0                            LAT/LON1/LON2/DLON/H
   97   92   91   91   89   85   81   79   81   86   94  103  114  124  133  139
  142  141  139  143  155  176  205  236  265  288  305  316  324  333  349  378
  426  493  574  655  724  778  819  850  869  865  834  780  719  668  631  601
  571  539  510  490  478  466  449  428  408  394  385  375  360  338  314  291
  271  252  230  206  179  153  128  109   97
    27.5-180.0 180.0   5.0 450.0                            LAT/LON1/LON2/DLON/H
  115   96   85   78   73   70   70   72   76   82   90  100  111  123  133  139
  140  135  131  134  149  174  207  239  269  294  314  332  351  373  403  444
  500  571  652  732  800  854  897  935  963  966  935  875  805  744  700  666
  636  606  580  564  555  547  533  518  506  503  503  501  489  467  440  413
  388  362  334  302  265  224  183  145  115
    25.0-180.0 180.0   5.0 450.0                            LAT/LON1/LON2/DLON/H
  147  113   90   76   68   65   68   74   81   87   93  101  111  122  132  137
  135  129  123  128  148  179  216  251  282  308  333  361  393  431  477  530
  591  660  734  805  865  913  956  999 1035 1047 1021  960  885  818  769  735
  706  681  661  650  643  635  621  607  599  601  609  614  608  591  566  540
  514  485  452  412  364  309  250  194  147
    22.5-180.0 180.0   5.0 450.0                            LAT/LON1/LON2/DLON/H
  188  142  111   90   77   73   77   85   94   99  102  106  113  122  130  134
  131  123  119  128  155  193  235  271  302  330  361  398  445  500  561  623
  685  746  807  862  908  947  987 1032 1075 1096 1077 1020  946  879  831  798
  775  756  743  736  730  719  700  681  669  670  679  688  689  680  664  645
  622  594  558  512  456  391  319  248  188
    20.0-180.0 180.0   5.0 450.0                            LAT/LON1/LON2/DLON/H
  232  181  144  118  101   94   96  104  111  114  113  112  115  121  128  131
  127  121  120  136  170  215  260  297  327  357  393  440  499  568  640  707
  765  815  858  896  927  954  987 1032 1078 1105 1094 1045  979  918  876  849
  832  821  815  812  804  786  758  728  705  696  699  706  712  713  710  703
  690  667  632  584  525  454  376  299  232
    17.5-180.0 180.0   5.0 450.0                            LAT/LON1/LON2/DLON/H
  271  222  185  157  136  124  122  126  130  128  123  118  117  120  126  129
  127  124  128  150  191  241  287  323  352  383  424  479  547  624  702  769
  820  856  882  904  921  938  964 1003 1048 1077 1073 1036  982  934  901  883
  873  869  869  867  856  829  789  744  705  679  668  668  674  685  696  705
  705  690  660  614  556  486  410  336  271
    15.0-180.0 180.0   5.0 450.0                            LAT/LON1/LON2/DLON/H
  299  258  226  199  175  157  149  147  145  139  129  121  117  119  124  128
  129  131  141  169  215  266  311  345  373  406  451  511  582  662  739  802
  843  867  880  890  899  909  927  959  998 1025 1025  999  961  928  908  898
  895  896  900  897  881  845  793  733  676  630  600  588  592  609  633  656
  669  664  641  600  548  486  418  354  299
    12.5-180.0 180.0   5.0 450.0                            LAT/LON1/LON2/DLON/H
  312  283  260  237  212  189  173  164  155  143  131  121  117  119  124  131
  136  142  158  190  237  287  329  360  388  424  472  534  604  680  750  805
  838  852  858  864  870  878  891  914  943  963  965  949  927  911  903  900
  900  904  907  903  881  838  778  707  635  571  522  495  492  510  542  575
  599  603  587  553  509  457  403  353  312
    10.0-180.0 180.0   5.0 450.0                            LAT/LON1/LON2/DLON/H
  312  296  283  265  241  215  193  176  160  144  130  120  117  120  127  136
  144  156  176  210  256  303  340  368  397  436  489  549  614  680  741  787
  812  822  828  836  846  856  867  882  899  911  911  902  894  892  893  894
  894  896  897  888  862  816  753  678  598  521  458  418  407  422  454  491
  520  530  519  492  456  416  375  339  312
     7.5-180.0 180.0   5.0 450.0                            LAT/LON1/LON2/DLON/H
  304  297  293  282  261  234  208  185  163  144  129  121  120  125  133  143
  155  170  193  229  272  314  346  372  404  448  503  560  616  669  718  756
  778  789  798  814  832  848  860  869  877  880  877  873  874  881  887  887
  883  880  875  862  832  786  726  656  578  498  428  380  361  368  395  429
  456  468  460  437  407  376  346  321  304
     5.0-180.0 180.0   5.0 450.0                            LAT/LON1/LON2/DLON/H
  295  292  292  287  271  246  219  192  167  146  131  125  127  133  142  152
  165  183  209  245  286  323  352  378  412  460  516  569  614  654  692  724
  746  761  778  802  829  852  867  875  877  874  869  866  872  882  887  883
  872  861  850  830  798  755  704  645  577  504  437  388  364  364  380  404
  425  433  425  404  379  352  328  307  295
     2.5-180.0 180.0   5.0 450.0                            LAT/LON1/LON2/DLON/H
  291  285  286  284  272  252  227  200  174  152  138  134  137  144  152  162
  175  194  222  259  300  334  360  387  424  475  530  576  610  639  670  699
  723  743  767  797  832  861  881  891  894  890  883  880  886  894  894  882
  863  843  824  799  765  726  685  641  589  531  476  435  411  403  406  417
  428  431  422  401  376  352  327  306  291
