ionex_files/turquie/COD0OPSFIN_20230440000_01D_01H_GIM.INX
     1.0            IONOSPHERE MAPS     GNSS                IONEX VERSION / TYPE
ADDNEQ2 V5.5        AIUB                17-FEB-23 21:21     PGM / RUN BY / DATE 
CODE'S GLOBAL IONOSPHERE MAPS FOR DAY 044, 2023             COMMENT             
Global ionosphere maps (GIM) are generated on a daily basis DESCRIPTION         
at CODE using data from about 300 GNSS sites of the IGS and DESCRIPTION         
other institutions. The vertical total electron content     DESCRIPTION         
(VTEC) is modeled in a solar-geomagnetic reference frame    DESCRIPTION         
using a spherical harmonics expansion up to degree and      DESCRIPTION         
order 15. Piece-wise linear functions are used for          DESCRIPTION         
representation in the time domain. The time spacing of      DESCRIPTION         
their vertices is 1 hour, conforming with the epochs of the DESCRIPTION         
VTEC maps.                                                  DESCRIPTION         
To convert line-of-sight TEC into vertical TEC, a modified  DESCRIPTION         
single-layer model mapping function approximating the JPL   DESCRIPTION         
extended slab model mapping function is adopted. The        DESCRIPTION         
mapping function is evaluated at geodetic satellite         DESCRIPTION         
elevation angles. For the computation of the ionospheric    DESCRIPTION         
pierce points, a spherical layer with a radius of 6821 km   DESCRIPTION         
is assumed, implying geocentric, not geodetic IONEX         DESCRIPTION         
latitudes.                                                  DESCRIPTION         
Instrumental biases with respect to each involved GNSS code DESCRIPTION         
observable are estimated as constant values for each        DESCRIPTION         
day. They are modeled with one set of bias parameters for   DESCRIPTION         
each satellite and each station in case of GPS and for each DESCRIPTION         
satellite-station link in case of GLONASS. The code bias    DESCRIPTION         
datum is defined by zero-mean conditions imposed on the     DESCRIPTION         
satellite bias estimates. In this file, just GPS C1W-C2W    DESCRIPTION         
satellite and station bias values are included. The         DESCRIPTION         
complete set of GNSS code bias results is provided in an    DESCRIPTION         
additional Bias-SINEX file as pseudo-absolute values        DESCRIPTION         
specific to each observable.                                DESCRIPTION         
Note: These GIM results correspond to the results for the   DESCRIPTION         
middle day of a 3-day combination analysis solving for 73   DESCRIPTION         
times 256, or 18688 VTEC parameters and 3 daily sets of     DESCRIPTION         
GNSS code bias parameters.                                  DESCRIPTION         
Contact address: code(at)aiub.unibe.ch                      DESCRIPTION         
Data archive:    ftp.aiub.unibe.ch/CODE/                    DESCRIPTION         
                 www.aiub.unibe.ch/download/CODE/           DESCRIPTION         
  2023     2    13     0     0     0                        EPOCH OF FIRST MAP  
  2023     2    14     0     0     0                        EPOCH OF LAST MAP   
  3600                                                      INTERVAL            
[...]
brst brux bshm cags cas1 cedu chpg chpi chti chur ckis coco COMMENT             
cord cpvg cpxf crar cro1 daej darw dav1 dgar dhlg drao dubo COMMENT             
ebre faa1 fair flrs frdn ftna func ganp glps glsv gode godz COMMENT             
gol2 gold gope gras graz guam guug harb hers hert hlfx hob2 COMMENT             
hofn holb hrao hyde iddr ieng iisc ineg invk iqal irkj isba COMMENT             
jog2 joz2 joze karr kerg kir0 kiri kiru kit3 kokb kokv kouc COMMENT             
koug kour krgg laut lmmf lpal lpgs m0se mac1 madr mal2 mana COMMENT             
mas1 mat1 mate maw1 mcm4 mdo1 mdvj medi mets mgue mizu mkea COMMENT             
mnls mobs monp morp mqzg mro1 mtka nano nico nist nium nklg COMMENT             
nlib nnor not1 nrc1 nrmd ntus nya1 nyal ohi2 onsa opmt ous2 COMMENT             
pado parc park pdel penc pert pie1 pimo pohn pol2 polv pots COMMENT             
pove prds ptag ptbb ptvl qaq1 quin ramo reun reyk rgdg rio2 COMMENT             
riop salu samo sant savo sch2 scor scrz sctb scub seyg smst COMMENT             
sofi spt0 ssia sthl stjo str2 suth sutm suwn sydn tabl tabv COMMENT             
tash thtg thti thu2 tid1 tidb tlse tn22 tong tow2 tro1 tsea COMMENT             
tuva twtf txes uclu ufpr ulab unb3 unbj unsa urum usn7 usud COMMENT             
vald vill voim vtsp wab1 wab2 wark wes2 wgtn whit will wsrt COMMENT             
wtza wtzl wtzr wtzs wtzz wuhn xmis yar2 yar3 yarr ykro zamb COMMENT             
zeck zim2 zim3 zimm                                         COMMENT             
                                                            END OF HEADER       
[from data line 6864]
    17                                                      START OF TEC MAP    
  2023     2    13    16     0     0                        EPOCH OF CURRENT MAP
    87.5-180.0 180.0   5.0 450.0                            LAT/LON1/LON2/DLON/H
  242  246  249  252  256  259  262  265  267  270  272  273  275  276  277  277
  277  277  276  275  274  273  271  269  266  264  261  258  255  252  249  246
  242  239  236  233  229  226  224  221  218  216  214  212  210  208  207  206
  205  204  204  203  203  204  204  204  205  206  207  208  210  212  213  216
  218  220  223  226  229  232  235  239  242
    85.0-180.0 180.0   5.0 450.0                            LAT/LON1/LON2/DLON/H
  219  226  233  240  247  254  261  267  272  277  281  285  288  290  291  292
  292  291  290  288  286  283  279  276  271  266  261  256  250  244  238  232
  226  220  214  208  202  197  192  187  183  179  175  172  169  167  166  165
  164  163  163  163  164  164  165  165  166  167  168  169  170  172  173  176
  178  182  185  190  195  200  206  213  219
    82.5-180.0 180.0   5.0 450.0                            LAT/LON1/LON2/DLON/H
  181  191  201  212  222  233  242  251  259  266  272  277  281  284  286  287
  287  286  285  283  280  277  273  268  263  257  251  244  236  229  221  213
  204  196  188  180  173  166  159  153  147  143  138  135  133  131  130  130
  131  132  133  135  136  138  138  139  139  139  138  137  136  135  134  134
  135  137  140  144  149  155  163  171  181
    80.0-180.0 180.0   5.0 450.0                            LAT/LON1/LON2/DLON/H
  135  148  161  174  187  200  212  223  233  242  249  255  259  262  265  266
  267  267  267  266  264  262  259  255  250  244  238  230  222  213  204  195
  186  176  167  158  150  142  134  127  121  116  111  108  106  105  106  108
  111  114  118  122  126  129  131  132  131  129  126  121  116  111  106  101
   98   96   96   97  101  107  115  124  135
    77.5-180.0 180.0   5.0 450.0                            LAT/LON1/LON2/DLON/H
   95  108  122  136  151  165  178  190  201  210  218  224  228  232  235  238
  240  243  245  247  249  250  249  248  244  239  233  225  216  207  197  187
  176  167  157  148  139  131  123  115  109  103   98   94   92   92   94   98
  103  110  117  125  132  138  141  143  142  138  132  123  114  103   93   83
   74   68   64   62   64   68   74   84   95
    75.0-180.0 180.0   5.0 450.0                            LAT/LON1/LON2/DLON/H
   68   80   93  107  121  134  147  159  170  179  186  192  197  202  207  211
  217  224  231  238  245  250  254  255  254  249  243  234  224  213  202  190
  180  169  160  151  142  134  126  118  111  104   98   94   91   90   92   96
  103  113  123  135  145  154  160  163  162  157  149  138  124  109   95   80
   68   57   50   45   44   46   51   58   68
    72.5-180.0 180.0   5.0 450.0                            LAT/LON1/LON2/DLON/H
   60   69   80   91  102  113  124  135  144  153  160  167  173  179  186  195
  205  217  231  245  258  269  277  281  281  277  269  258  246  233  220  207
  195  185  175  166  157  149  141  134  126  117  109  102   97   93   93   96
  104  114  127  141  155  167  176  180  180  176  166  154  139  122  106   90
   75   63   54   47   44   44   47   52   60
    70.0-180.0 180.0   5.0 450.0                            LAT/LON1/LON2/DLON/H
   68   74   80   88   95  102  110  118  126  134  142  150  158  167  178  191
  207  225  246  268  288  305  317  323  323  317  307  294  279  264  249  235
  222  211  200  190  181  173  165  156  147  137  126  115  105   97   93   93
   98  107  121  136  152  166  177  183  185  181  173  161  147  132  117  103
   90   79   70   64   60   59   60   63   68
    67.5-180.0 180.0   5.0 450.0                            LAT/LON1/LON2/DLON/H
   84   87   90   93   95   99  103  108  115  123  133  143  154  166  180  198
  220  245  273  302  328  350  364  371  370  362  350  334  318  301  286  271
  257  244  232  221  210  201  191  181  171  158  144  129  114  100   89   83
   84   90  101  116  132  147  158  166  168  167  161  153  143  132  121  112
  103   95   89   85   82   81   81   82   84
    65.0-180.0 180.0   5.0 450.0                            LAT/LON1/LON2/DLON/H
   99   99   99   99   98   97   98  101  107  116  128  141  156  172  190  213
  239  270  304  338  369  393  408  414  412  402  388  372  356  340  326  312
  298  284  270  255  242  229  217  205  193  178  161  142  120  100   82   70
   64   66   73   85   99  112  123  130  134  134  132  128  123  119  115  111
  108  105  102  100   98   98   97   98   99
    62.5-180.0 180.0   5.0 450.0                            LAT/LON1/LON2/DLON/H
  102  102  102  100   97   93   92   93   99  110  124  142  160  180  203  229
  259  294  332  369  401  425  440  444  440  429  416  402  389  377  367  356
  342  327  310  291  273  256  241  227  213  197  177  154  128  101   77   58
   47   42   45   53   63   73   81   87   91   92   93   94   95   96   98  100
  101  102  102  102  102  101  101  101  102
    60.0-180.0 180.0   5.0 450.0                            LAT/LON1/LON2/DLON/H
   90   92   93   92   90   85   82   83   90  103  121  142  165  188  214  242
  275  312  351  388  419  442  454  456  450  441  431  422  415  410  405  397
  386  369  349  326  302  281  263  247  231  214  193  168  139  108   79   56
   39   30   28   31   36   42   47   50   53   55   58   62   67   73   78   83
   87   89   90   89   89   88   88   88   90
    57.5-180.0 180.0   5.0 450.0                            LAT/LON1/LON2/DLON/H
   65   70   75   77   77   74   72   73   80   95  117  142  168  195  222  252
  285  322  360  396  424  442  451  451  446  440  435  434  434  436  437  432
  422  405  382  356  329  304  283  265  249  232  211  185  155  123   93   67
   47   35   29   28   28   29   30   30   31   33   37   43   50   57   63   68
   70   70   69   67   64   62   61   62   65
    55.0-180.0 180.0   5.0 450.0                            LAT/LON1/LON2/DLON/H
   35   43   52   59   63   63   62   64   73   90  114  142  171  200  228  259
  292  329  364  396  419  433  439  438  435  433  435  440  447  454  457  455
  445  428  405  377  349  324  302  284  268  251  231  206  176  145  116   91
   72   58   50   45   41   38   35   33   33   34   38   44   50   56   59   60
   58   54   48   42   37   33   30   31   35
    52.5-180.0 180.0   5.0 450.0                            LAT/LON1/LON2/DLON/H
   11   20   32   44   52   56   57   60   71   90  116  146  177  206  235  266
  300  335  367  394  413  422  425  425  425  428  435  444  453  460  462  459
  449  433  412  387  362  338  318  301  286  270  250  226  199  171  145  123
  106   93   83   76   69   63   58   55   54   55   58   63   67   69   68   64
   56   46   36   27   19   13    8    7   11
    50.0-180.0 180.0   5.0 450.0                            LAT/LON1/LON2/DLON/H
    2   10   23   38   49   56   59   65   76   97  125  156  186  216  245  276
  310  344  374  397  411  417  419  420  424  430  438  446  451  453  450  442
  431  418  403  385  367  349  332  316  302  285  266  242  217  192  171  153
  139  128  118  108  100   92   87   84   84   85   88   91   93   92   87   77
   65   51   38   27   18   11    5    1    2
    47.5-180.0 180.0   5.0 450.0                            LAT/LON1/LON2/DLON/H
   14   17   28   43   55   64   69   76   89  111  140  171  201  230  259  290
  325  358  386  406  416  421  423  426  432  440  445  447  443  434  422  409
  398  390  383  376  367  356  344  330  314  296  275  251  227  205  187  174
  163  153  142  131  121  114  109  108  109  112  116  118  118  115  107   96
   82   67   54   44   37   30   23   16   14
    45.0-180.0 180.0   5.0 450.0                            LAT/LON1/LON2/DLON/H
   42   40   46   57   69   77   83   92  107  131  160  191  220  247  276  308
  343  376  403  421  429  433  436  442  449  454  453  445  429  408  387  370
  361  361  365  370  372  367  357  342  324  303  278  252  227  207  192  181
  172  161  148  136  125  119  116  117  120  125  129  132  132  129  123  113
  101   89   79   73   70   66   60   51   42
    42.5-180.0 180.0   5.0 450.0                            LAT/LON1/LON2/DLON/H
   81   72   70   76   84   90   97  107  125  151  182  213  241  267  295  327
  362  396  422  438  446  450  456  463  469  469  460  441  414  385  359  343
  340  350  366  382  391  390  378  360  336  309  280  250  223  202  188  179
  169  156  141  126  115  109  107  109  114  119  124  128  130  130  128  124
  118  112  107  106  108  109  105   94   81
    40.0-180.0 180.0   5.0 450.0                            LAT/LON1/LON2/DLON/H
  117  102   93   92   95   99  105  117  138  168  202  234  262  287  314  346
  380  413  439  454  463  468  475  482  485  479  462  437  406  377  356  348
  356  377  404  427  438  433  414  387  356  322  288  254  224  202  187  177
  166  150  131  114  102   95   94   95   98  102  107  111  115  119  124  128
  130  130  130  133  140  145  144  134  117
    37.5-180.0 180.0   5.0 450.0                            LAT/LON1/LON2/DLON/H
  141  122  108  101   99  100  105  119  144  179  217  252  280  305  331  362
  395  427  452  468  476  483  490  496  495  484  463  438  414  397  392  400
  423  457  491  514  519  503  471  432  391  350  311  274  242  219  203  192
  178  160  138  118  105   97   93   90   88   88   90   93   98  106  117  129
  138  142  144  148  156  165  167  158  141
    35.0-180.0 180.0   5.0 450.0                            LAT/LON1/LON2/DLON/H
  144  125  108   98   93   91   96  112  142  182  225  264  296  322  347  376
  407  438  462  478  488  495  502  504  499  485  467  453  447  455  475  506
  547  590  627  644  634  600  550  496  445  400  359  321  288  264  248  236
  221  201  177  156  141  131  121  110   99   92   89   90   94  102  117  133
  146  151  151  151  155  163  167  161  144
    32.5-180.0 180.0   5.0 450.0                            LAT/LON1/LON2/DLON/H
  128  111   96   85   78   75   80   99  133  179  228  272  308  337  362  389
  418  448  472  490  500  507  511  511  503  491  482  487  510  550  601  657
  714  764  797  802  774  718  648  578  519  471  432  396  364  341  326  315
  302  282  258  237  221  206  188  166  144  127  118  114  114  120  132  149
  161  163  154  145  141  143  146  142  128
    30.0-180.0 180.0   5.0 450.0                            LAT/LON1/LON2/DLON/H
  100   86   75   66   60   57   63   84  122  173  227  277  318  350  377  403
  431  460  486  505  516  522  524  521  514  507  514  544  600  675  755  832
  900  951  976  966  918  841  752  670  606  561  526  495  467  445  432  425
  414  397  375  354  337  318  291  257  222  196  180  170  164  163  169  180
  187  180  161  138  121  115  114  110  100
    27.5-180.0 180.0   5.0 450.0                            LAT/LON1/LON2/DLON/H
   68   59   52   47   43   42   49   72  113  167  225  280  327  364  393  419
  447  477  506  528  539  543  543  540  537  541  565  622  708  810  911  999
 1068 1114 1129 1105 1041  948  848  760  696  656  629  605  580  561  550  546
  540  526  507  488  471  448  413  367  322  288  267  253  240  229  224  225
  223  207  175  137  107   89   82   76   68
    25.0-180.0 180.0   5.0 450.0                            LAT/LON1/LON2/DLON/H
   46   39   36   34   32   33   42   67  109  163  223  282  334  376  408  436
  465  500  533  557  568  571  571  572  576  593  635  712  818  934 1040 1124
 1184 1220 1225 1191 1119 1021  919  832  775  744  726  708  686  666  656  655
  653  643  626  608  591  566  526  473  421  385  363  347  327  305  288  277
  265  239  198  149  106   78   63   54   46
    22.5-180.0 180.0   5.0 450.0                            LAT/LON1/LON2/DLON/H
   40   33   30   30   30   32   43   69  111  165  224  285  340  386  422  453
  486  525  564  590  601  603  606  614  631  661  716  803  913 1024 1116 1181
 1223 1245 1243 1209 1140 1048  954  877  830  809  800  786  764  741  728  726
  726  717  702  685  668  644  602  548  497  464  446  431  407  376  347  324
  303  271  225  171  122   87   64   50   40
    20.0-180.0 180.0   5.0 450.0                            LAT/LON1/LON2/DLON/H
   52   42   37   36   36   39   51   78  119  170  228  287  345  394  434  468
  506  551  594  622  632  634  642  663  694  736  797  881  978 1066 1127 1161
 1178 1187 1183 1156 1101 1027  950  890  856  845  841  828  801  769  749  742
  740  731  715  697  682  661  624  576  532  507  497  487  463  426  387  356
  329  296  251  200  152  114   87   67   52
    17.5-180.0 180.0   5.0 450.0                            LAT/LON1/LON2/DLON/H
   80   64   54   49   47   50   63   90  131  180  233  291  348  400  442  480
  524  574  620  647  656  659  676  711  758  809  868  936 1006 1056 1077 1074
 1066 1064 1063 1051 1018  969  916  874  853  849  848  831  793  749  716  701
  694  681  662  644  631  615  588  552  521  508  509  506  484  445  401  365
  335  305  269  228  188  153  125  101   80
    15.0-180.0 180.0   5.0 450.0                            LAT/LON1/LON2/DLON/H
  116   94   76   65   59   61   75  104  145  191  242  296  353  405  450  491
  539  593  640  665  671  677  704  755  815  870  919  964  997 1006  985  949
  921  913  919  925  917  895  867  843  831  831  827  802  751  690  641  615
  600  584  561  542  532  525  510  489  474  474  486  490  472  433  389  351
  322  299  274  248  221  195  169  142  116
    12.5-180.0 180.0   5.0 450.0                            LAT/LON1/LON2/DLON/H
  151  123   98   80   69   69   84  116  158  205  254  305  360  412  458  503
  554  609  654  676  678  687  725  790  861  915  948  965  962  934  881  823
  783  776  793  815  829  831  823  812  806  804  793  757  692  614  549  510
  489  468  444  425  419  421  420  415  413  425  443  451  437  402  359  322
  296  279  267  256  244  229  208  181  151
    10.0-180.0 180.0   5.0 450.0                            LAT/LON1/LON2/DLON/H
  178  145  115   91   75   74   91  126  172  221  269  319  372  424  472  518
  570  625  667  683  683  694  741  817  893  942  957  947  917  866  797  732
  693  692  718  753  781  797  802  799  792  784  764  717  638  545  467  418
  393  372  349  333  332  342  353  358  367  383  402  410  397  365  326  291
  267  255  252  254  256  250  234  209  178
     7.5-180.0 180.0   5.0 450.0                            LAT/LON1/LON2/DLON/H
  192  159  126   98   79   76   94  133  185  237  287  337  390  442  491  539
  591  644  681  693  691  705  758  839  914  952  950  921  877  820  756  701
  676  685  717  754  786  807  816  812  800  783  753  697  609  506  420  367
  342  325  308  298  302  318  334  345  356  370  383  385  370  341  305  272
  248  236  237  247  256  257  246  223  192
     5.0-180.0 180.0   5.0 450.0                            LAT/LON1/LON2/DLON/H
  196  164  131  101   80   77   97  140  197  255  309  360  414  467  517  565
  616  666  700  709  707  723  779  859  927  952  936  898  855  810  767  738
  733  754  787  819  843  859  863  853  831  804  766  705  613  509  422  371
  351  343  336  334  343  360  376  385  389  394  396  388  369  340  307  275
  248  232  232  242  253  255  245  224  196
     2.5-180.0 180.0   5.0 450.0                            LAT/LON1/LON2/DLON/H
  193  164  134  105   83   80  101  148  209  272  330  385  439  494  545  594
  644  691  724  733  733  751  805  878  933  946  920  883  853  834  825  828
  848  878  906  924  934  937  931  911  880  843  800  738  650  552  472  429
  419  422  427  433  445  460  468  468  460  451  438  420  394  366  335  302
  270  248  240  244  250  249  238  218  193
