ionex_files/turquie/COD0OPSFIN_20230230000_01D_01H_GIM.INX
     1.0            IONOSPHERE MAPS     GNSS                IONEX VERSION / TYPE
ADDNEQ2 V5.5        AIUB                27-JAN-23 21:15     PGM / RUN BY / DATE 
CODE'S GLOBAL IONOSPHERE MAPS FOR DAY 023, 2023             COMMENT             
Global ionosphere maps (GIM) are generated on a daily basis DESCRIPTION         
at CODE using data from about 300 GNSS sites of the IGS and DESCRIPTION         
other institutions. The vertical total electron content     DESCRIPTION         
(VTEC) is modeled in a solar-geomagnetic reference frame    DESCRIPTION         
using a spherical harmonics expansion up to degree and      DESCRIPTION         
order 15. Piece-wise linear functions are used for          DESCRIPTION         
representation in the time domain. The time spacing of      DESCRIPTION         
their vertices is 1 hour, conforming with the epochs of the DESCRIPTION         
VTEC maps.                                                  DESCRIPTION         
To convert line-of-sight TEC into vertical TEC, a modified  DESCRIPTION         
single-layer model mapping function approximating the JPL   DESCRIPTION         
extended slab model mapping function is adopted. The        DESCRIPTION         
mapping function is evaluated at geodetic satellite         DESCRIPTION         
elevation angles. For the computation of the ionospheric    DESCRIPTION         
pierce points, a spherical layer with a radius of 6821 km   DESCRIPTION         
is assumed, implying geocentric, not geodetic IONEX         DESCRIPTION         
latitudes.                                                  DESCRIPTION         
Instrumental biases with respect to each involved GNSS code DESCRIPTION         
observable are estimated as constant values for each        DESCRIPTION         
day. They are modeled with one set of bias parameters for   DESCRIPTION         
each satellite and each station in case of GPS and for each DESCRIPTION         
satellite-station link in case of GLONASS. The code bias    DESCRIPTION         
datum is defined by zero-mean conditions imposed on the     DESCRIPTION         
satellite bias estimates. In this file, just GPS C1W-C2W    DESCRIPTION         
satellite and station bias values are included. The         DESCRIPTION         
complete set of GNSS code bias results is provided in an    DESCRIPTION         
additional Bias-SINEX file as pseudo-absolute values        DESCRIPTION         
specific to each observable.                                DESCRIPTION         
Note: These GIM results correspond to the results for the   DESCRIPTION         
middle day of a 3-day combination analysis solving for 73   DESCRIPTION         
times 256, or 18688 VTEC parameters and 3 daily sets of     DESCRIPTION         
GNSS code bias parameters.                                  DESCRIPTION         
Contact address: code(at)aiub.unibe.ch                      DESCRIPTION         
Data archive:    ftp.aiub.unibe.ch/CODE/                    DESCRIPTION         
                 www.aiub.unibe.ch/download/CODE/           DESCRIPTION         
  2023     1    23     0     0     0                        EPOCH OF FIRST MAP  
  2023     1    24     0     0     0                        EPOCH OF LAST MAP   
  3600                                                      INTERVAL            
[...]
azgb badg bake bako barh bjfs bndy boav bogo bogt bor1 braz COMMENT             
brst brux bshm cas1 ccj2 cedu chpg chpi chti chur ckis cnmr COMMENT             
coco cord cpxf crar cro1 daej darw dav1 dgar dhlg drao dubo COMMENT             
ebre faa1 fair flrs frdn ftna func ganp glps gode godz gol2 COMMENT             
gold gope gras graz guam harb hers hert hlfx hob2 hofn holb COMMENT             
hrao hyde iddr ieng iisc ineg invk iqal irkj isba jog2 joz2 COMMENT             
joze karr kerg kir0 kiru kit3 kokb kokv koug kour krgg laut COMMENT             
lmmf lpal lpgs m0se mac1 madr mal2 mana mas1 mat1 mate maw1 COMMENT             
mcm4 mdo1 mdvj medi mets mgue mizu mkea mnls mobs monp morp COMMENT             
mqzg mro1 mtka nano nico nist nium nklg nlib nnor not1 nrc1 COMMENT             
nrmd ntus nya1 nyal ohi2 onsa opmt ous2 pado parc park pdel COMMENT             
penc pert pie1 pimo pohn pol2 polv pots pove prds ptbb ptvl COMMENT             
qaq1 quin ramo reun reyk rgdg rio2 riop salu samo sant savo COMMENT             
sch2 scor scrz sctb scub seyg sofi spt0 ssia sthl stk2 str2 COMMENT             
suth sutm sydn syog tabl tabv tash thtg thti thu2 tid1 tidb COMMENT             
tlse tn22 tong tow2 tro1 tsea tskb tuva twtf txes uclu ufpr COMMENT             
ulab unb3 unbj unsa urum usn7 usud vald vill voim vtsp wab1 COMMENT             
wab2 wark wes2 wgtn whit will wind wsrt wtza wtzl wtzr wtzs COMMENT             
wuhn xmis yar2 yar3 yarr yell ykro zamb zeck zim2 zim3 zimm COMMENT             
                                                            END OF HEADER       
[from data line 429]
     2                                                      START OF TEC MAP    
  2023     1    23     1     0     0                        EPOCH OF CURRENT MAP
    87.5-180.0 180.0   5.0 450.0                            LAT/LON1/LON2/DLON/H
  101  101  101  100  100  100  100  100   99   99   99   98   98   97   97   96
   96   95   95   94   93   93   92   91   90   90   89   88   87   87   86   85
   84   84   83   83   82   82   82   81   81   81   81   81   82   82   82   83
   83   84   85   85   86   87   88   89   90   91   92   93   94   95   96   97
   98   99   99  100  100  100  100  101  101
    85.0-180.0 180.0   5.0 450.0                            LAT/LON1/LON2/DLON/H
  110  109  108  108  107  106  105  104  103  103  102  101  101  100   99   99
   98   97   96   95   94   93   91   90   88   87   85   84   82   81   80   78
   77   76   75   74   73   72   72   71   71   71   71   71   71   71   72   73
   74   75   76   78   80   82   84   87   89   92   95   97  100  102  104  106
  108  109  110  111  111  111  111  111  110
    82.5-180.0 180.0   5.0 450.0                            LAT/LON1/LON2/DLON/H
  122  120  117  115  112  110  109  107  105  104  103  102  101  100   99   98
   97   96   95   93   92   90   89   87   85   83   81   79   77   75   73   71
   69   68   67   66   65   65   64   63   63   63   63   62   62   62   63   63
   64   66   67   70   72   76   79   84   88   93   98  103  108  113  117  121
  124  126  128  128  128  128  126  124  122
    80.0-180.0 180.0   5.0 450.0                            LAT/LON1/LON2/DLON/H
  139  134  129  125  120  117  113  110  108  106  104  102  100   98   96   94
   93   91   90   88   87   85   84   82   80   77   75   73   70   68   66   65
   63   62   62   61   61   60   60   60   60   59   59   58   58   57   57   57
   57   57   59   61   64   68   74   80   87   94  102  110  119  126  133  140
  145  149  151  152  152  150  147  144  139
    77.5-180.0 180.0   5.0 450.0                            LAT/LON1/LON2/DLON/H
  162  154  146  139  132  127  122  118  115  111  108  104  100   96   91   88
   85   82   80   79   78   77   77   75   74   72   70   68   65   63   62   61
   60   59   59   60   60   60   61   61   61   61   61   60   58   57   55   53
   52   51   52   53   56   61   67   75   84   94  105  117  128  140  151  160
  169  175  180  182  182  180  175  169  162
    75.0-180.0 180.0   5.0 450.0                            LAT/LON1/LON2/DLON/H
  189  178  167  157  148  141  136  131  127  122  117  110  102   94   86   79
   74   70   68   67   68   68   69   69   69   67   66   64   62   61   60   59
   59   60   60   61   62   63   64   65   66   66   65   64   63   60   57   54
   51   48   47   47   49   53   59   68   79   91  105  120  135  150  164  178
  191  201  209  213  215  213  207  199  189
    72.5-180.0 180.0   5.0 450.0                            LAT/LON1/LON2/DLON/H
  219  205  190  178  167  160  154  150  146  140  133  122  110   96   83   71
   62   57   55   55   57   60   63   64   65   65   64   63   62   61   60   60
   61   62   62   64   65   66   67   68   70   70   70   70   68   65   62   57
   52   48   44   42   42   46   52   61   73   86  102  119  136  154  172  190
  206  221  233  242  246  246  240  231  219
    70.0-180.0 180.0   5.0 450.0                            LAT/LON1/LON2/DLON/H
  246  230  213  198  186  178  174  172  169  164  154  140  123  103   83   66
   54   47   45   46   50   55   59   62   63   64   63   62   62   61   61   62
   62   63   64   64   65   66   67   69   70   72   73   73   72   70   66   61
   55   48   43   39   37   39   45   54   66   80   97  114  132  151  171  192
  213  232  249  263  271  274  270  261  246
    67.5-180.0 180.0   5.0 450.0                            LAT/LON1/LON2/DLON/H
  270  251  232  214  202  194  192  193  193  190  180  163  141  115   90   68
   52   43   41   43   48   54   58   61   62   62   62   61   60   61   61   62
   62   62   62   62   61   62   62   64   66   68   71   72   73   72   69   64
   57   49   42   36   33   34   39   48   61   75   91  108  125  144  164  186
  210  233  256  274  288  294  293  285  270
    65.0-180.0 180.0   5.0 450.0                            LAT/LON1/LON2/DLON/H
  288  268  247  227  213  206  205  209  213  213  205  188  163  133  103   78
   60   49   46   48   53   57   60   61   60   59   58   57   57   57   58   58
   58   58   57   55   54   53   54   55   57   61   64   67   69   70   68   64
   57   49   41   34   30   30   35   45   57   72   87  103  118  136  155  177
  202  228  254  277  295  306  309  302  288
    62.5-180.0 180.0   5.0 450.0                            LAT/LON1/LON2/DLON/H
  303  284  261  239  222  213  213  219  226  230  225  210  185  155  124   97
   77   66   61   61   62   63   62   59   56   53   51   51   51   52   52   53
   52   51   49   47   45   44   44   45   48   52   56   59   62   64   63   60
   54   47   38   31   27   28   33   44   58   73   88  102  116  131  148  169
  194  221  249  275  297  312  318  315  303
    60.0-180.0 180.0   5.0 450.0                            LAT/LON1/LON2/DLON/H
  318  301  279  255  234  221  218  223  232  239  238  227  206  178  149  123
  104   91   83   78   74   69   62   56   50   46   44   44   44   45   46   46
   45   43   41   39   38   37   37   39   42   45   49   52   54   55   56   54
   49   43   35   28   25   26   33   46   61   78   94  108  121  134  150  169
  193  219  246  273  296  314  325  326  318
    57.5-180.0 180.0   5.0 450.0                            LAT/LON1/LON2/DLON/H
  337  326  306  280  255  235  226  226  232  240  242  236  221  199  176  153
  135  120  108   97   85   73   61   52   44   40   39   39   40   41   41   40
   39   38   37   36   36   36   38   40   43   45   47   47   48   48   47   46
   43   38   32   26   24   26   35   50   69   89  106  122  135  147  162  180
  202  226  251  276  298  318  332  339  337
    55.0-180.0 180.0   5.0 450.0                            LAT/LON1/LON2/DLON/H
  362  359  343  318  288  261  241  232  232  236  240  238  230  217  200  183
  166  149  131  113   94   76   60   49   43   40   40   41   41   41   39   38
   37   37   38   39   41   43   46   50   52   53   52   49   46   43   41   40
   39   36   31   27   25   29   40   58   80  103  123  141  155  169  184  202
  222  243  265  286  306  325  342  356  362
    52.5-180.0 180.0   5.0 450.0                            LAT/LON1/LON2/DLON/H
  391  397  389  366  333  298  268  247  236  234  235  235  234  229  220  208
  192  172  149  124  100   78   62   53   49   49   50   51   49   46   43   40
   40   41   44   48   52   57   62   66   68   68   64   58   51   44   40   39
   38   37   35   32   31   36   49   69   94  120  143  163  179  195  211  229
  249  268  286  302  318  336  356  376  391
    50.0-180.0 180.0   5.0 450.0                            LAT/LON1/LON2/DLON/H
  420  435  435  417  384  344  304  271  249  236  232  232  235  237  234  225
  209  187  159  131  104   84   70   65   65   67   69   67   63   56   50   46
   46   49   54   60   66   73   79   85   88   87   82   73   62   52   45   43
   43   44   43   41   41   46   60   82  110  138  163  185  203  220  238  257
  276  293  308  321  333  350  371  396  420
    47.5-180.0 180.0   5.0 450.0                            LAT/LON1/LON2/DLON/H
  441  463  471  459  430  389  344  303  270  248  236  233  237  242  243  236
  219  193  164  135  111   95   87   86   89   92   92   87   78   67   57   52
   52   57   64   71   79   87   95  101  106  106  100   90   77   65   56   53
   54   56   56   54   54   60   75   98  127  156  182  204  223  241  259  278
  297  313  326  337  348  362  384  412  441
    45.0-180.0 180.0   5.0 450.0                            LAT/LON1/LON2/DLON/H
  450  475  487  481  458  423  380  337  299  268  248  240  242  248  249  241
  222  195  167  142  124  115  112  114  117  118  114  104   90   74   62   56
   56   62   70   79   87   95  103  112  118  120  117  107   95   81   72   68
   69   71   71   70   69   75   90  115  144  173  198  219  237  254  271  289
  307  324  337  348  359  373  394  421  450
    42.5-180.0 180.0   5.0 450.0                            LAT/LON1/LON2/DLON/H
  447  468  479  477  462  437  404  367  328  293  268  255  253  257  255  244
  222  196  172  155  145  142  142  144  143  138  128  113   95   77   63   57
   57   63   72   80   88   96  105  114  122  127  127  122  111   99   89   84
   85   86   86   83   82   89  105  131  161  189  213  231  247  261  276  292
  309  325  340  353  367  382  401  423  447
    40.0-180.0 180.0   5.0 450.0                            LAT/LON1/LON2/DLON/H
  438  448  452  450  442  429  411  385  353  320  291  275  270  269  264  248
  225  201  183  174  172  172  171  166  158  145  129  111   92   75   62   56
   57   62   70   77   84   92  101  111  121  129  132  131  124  114  104   99
   98   98   96   92   91   98  118  146  177  204  226  242  254  266  279  292
  306  322  339  358  376  393  410  425  438
    37.5-180.0 180.0   5.0 450.0                            LAT/LON1/LON2/DLON/H
  434  428  420  413  408  407  403  392  371  342  315  297  290  286  275  255
  231  210  200  199  201  199  191  177  158  138  120  102   86   72   62   57
   58   63   69   74   80   87   96  106  117  126  133  135  131  123  114  108
  105  102   98   93   92  103  126  158  192  220  239  253  264  275  285  297
  309  325  345  368  392  413  427  434  434
    35.0-180.0 180.0   5.0 450.0                            LAT/LON1/LON2/DLON/H
  449  427  404  387  381  384  392  393  381  359  335  318  310  303  289  266
  241  224  220  223  224  216  197  171  144  121  105   93   84   76   70   66
   67   70   74   77   81   88   96  106  115  123  130  134  134  127  118  110
  104   99   93   87   88  102  131  169  206  235  255  269  281  292  303  314
  327  342  364  392  421  447  462  462  449
    32.5-180.0 180.0   5.0 450.0                            LAT/LON1/LON2/DLON/H
  494  460  424  396  382  383  392  397  390  371  349  334  328  320  303  277
  252  238  237  240  236  218  188  153  123  104   95   94   95   94   91   88
   87   89   90   90   93   98  106  113  119  124  128  132  131  125  115  105
   97   90   81   75   78   97  133  178  220  253  275  290  305  321  336  350
  364  381  403  434  469  499  517  515  494
    30.0-180.0 180.0   5.0 450.0                            LAT/LON1/LON2/DLON/H
  574  538  495  457  432  422  421  419  406  384  361  347  342  334  316  287
  261  247  246  245  233  204  167  131  107   99  104  115  126  131  129  125
  122  120  118  116  116  119  125  130  130  128  128  128  126  118  107   95
   85   76   67   61   67   92  135  187  236  272  298  318  338  361  384  404
  422  440  463  494  532  569  592  594  574
    27.5-180.0 180.0   5.0 450.0                            LAT/LON1/LON2/DLON/H
  683  655  616  575  538  511  490  468  440  406  377  360  354  346  326  295
  266  250  244  236  215  181  144  118  110  119  140  162  179  185  182  175
  168  163  157  151  147  148  152  152  146  137  130  125  119  110   97   85
   74   64   55   50   59   90  140  199  253  295  325  351  378  409  441  470
  494  514  537  567  606  647  679  692  683
    25.0-180.0 180.0   5.0 450.0                            LAT/LON1/LON2/DLON/H
  804  796  773  737  694  648  601  552  499  446  403  378  368  358  334  300
  266  245  233  217  190  157  133  127  143  172  205  233  249  251  242  230
  220  211  201  190  182  179  179  175  164  148  133  123  114  103   89   76
   65   56   48   45   57   93  149  214  274  320  356  387  421  460  500  538
  568  591  613  641  680  725  766  794  804
    22.5-180.0 180.0   5.0 450.0                            LAT/LON1/LON2/DLON/H
  915  935  937  917  874  814  742  664  584  507  446  409  390  374  345  305
  266  238  218  197  170  148  145  168  209  256  295  319  326  317  299  281
  267  256  243  227  213  206  202  195  179  158  138  123  111   98   85   73
   63   55   48   47   63  103  163  232  296  347  388  424  463  507  554  597
  633  658  679  704  740  787  837  882  915
    20.0-180.0 180.0   5.0 450.0                            LAT/LON1/LON2/DLON/H
  992 1040 1073 1076 1044  980  892  792  688  589  508  455  424  398  362  316
  271  236  210  187  168  164  190  242  305  359  393  404  395  371  343  320
  304  291  275  254  235  222  215  205  188  165  142  124  111   98   86   76
   68   61   56   57   76  118  181  252  319  374  419  459  501  546  593  639
  676  703  723  746  779  826  880  937  992
    17.5-180.0 180.0   5.0 450.0                            LAT/LON1/LON2/DLON/H
 1018 1089 1150 1181 1168 1111 1022  914  797  684  587  517  471  434  390  338
  288  249  220  200  193  213  266  341  415  465  482  472  442  404  367  340
  323  310  292  268  244  227  217  207  190  168  146  128  114  102   92   84
   78   73   68   71   92  136  200  272  340  398  447  490  531  573  617  659
  695  721  740  761  792  835  889  950 1018
    15.0-180.0 180.0   5.0 450.0                            LAT/LON1/LON2/DLON/H
  990 1071 1151 1206 1217 1180 1106 1007  894  779  673  590  530  481  430  375
  323  283  255  242  251  292  365  451  520  551  543  508  459  410  369  341
  325  313  295  269  242  222  211  202  188  169  149  133  120  109  102   96
   91   86   82   87  109  155  219  290  358  418  469  513  553  590  626  660
  689  712  731  752  781  819  865  921  990
    12.5-180.0 180.0   5.0 450.0                            LAT/LON1/LON2/DLON/H
  917  992 1076 1146 1180 1171 1125 1053  961  858  755  665  595  536  481  426
  377  340  317  313  335  390  470  549  598  600  563  507  447  394  354  328
  315  305  287  261  234  214  203  195  184  170  154  140  128  119  112  108
  104   97   93   99  125  171  234  303  370  430  483  529  567  598  624  647
  667  686  704  727  755  787  821  861  917
    10.0-180.0 180.0   5.0 450.0                            LAT/LON1/LON2/DLON/H
  822  876  949 1020 1070 1088 1078 1044  987  910  820  731  656  593  538  487
  445  416  401  405  435  492  562  618  632  601  540  473  413  367  332  311
  300  291  275  251  225  207  197  191  183  173  160  148  136  128  122  118
  112  104  100  108  136  184  245  311  375  434  488  535  573  600  618  630
  641  653  672  697  725  751  771  790  822
     7.5-180.0 180.0   5.0 450.0                            LAT/LON1/LON2/DLON/H
  732  756  803  861  915  954  978  985  969  925  857  779  705  643  593  552
  521  501  493  502  531  577  623  642  618  557  483  419  373  340  316  300
  289  280  264  243  223  207  199  193  187  179  169  157  145  135  129  124
  117  107  102  112  143  193  252  314  373  430  484  533  572  600  613  617
  619  627  645  673  703  724  731  729  732
     5.0-180.0 180.0   5.0 450.0                            LAT/LON1/LON2/DLON/H
  674  667  681  714  757  804  852  893  916  906  865  802  737  681  639  610
  592  582  580  587  606  630  641  619  560  480  410  364  341  327  313  299
  287  275  260  243  227  215  208  202  196  189  179  166  152  140  133  126
  117  106  101  115  149  199  255  312  367  420  472  523  566  597  612  613
  610  614  632  662  694  714  713  695  674
     2.5-180.0 180.0   5.0 450.0                            LAT/LON1/LON2/DLON/H
  663  632  615  617  638  678  733  794  842  861  845  802  750  703  672  655
  649  646  644  644  645  641  615  557  474  393  341  325  330  335  327  311
  294  278  262  248  236  228  222  215  207  200  189  174  157  142  133  125
  115  103  100  117  153  203  257  308  357  405  455  507  556  594  614  617
  614  617  634  665  698  719  719  697  663
