ionex_files/turquie/COD0OPSFIN_20230220000_01D_01H_GIM.INX
     1.0            IONOSPHERE MAPS     GNSS                IONEX VERSION / TYPE
ADDNEQ2 V5.5        AIUB                26-JAN-23 21:09     PGM / RUN BY / DATE 
CODE'S GLOBAL IONOSPHERE MAPS FOR DAY 022, 2023             COMMENT             
Global ionosphere maps (GIM) are generated on a daily basis DESCRIPTION         
at CODE using data from about 300 GNSS sites of the IGS and DESCRIPTION         
other institutions. The vertical total electron content     DESCRIPTION         
(VTEC) is modeled in a solar-geomagnetic reference frame    DESCRIPTION         
using a spherical harmonics expansion up to degree and      DESCRIPTION         
order 15. Piece-wise linear functions are used for          DESCRIPTION         
representation in the time domain. The time spacing of      DESCRIPTION         
their vertices is 1 hour, conforming with the epochs of the DESCRIPTION         
VTEC maps.                                                  DESCRIPTION         
To convert line-of-sight TEC into vertical TEC, a modified  DESCRIPTION         
single-layer model mapping function approximating the JPL   DESCRIPTION         
extended slab model mapping function is adopted. The        DESCRIPTION         
mapping function is evaluated at geodetic satellite         DESCRIPTION         
elevation angles. For the computation of the ionospheric    DESCRIPTION         
pierce points, a spherical layer with a radius of 6821 km   DESCRIPTION         
is assumed, implying geocentric, not geodetic IONEX         DESCRIPTION         
latitudes.                                                  DESCRIPTION         
Instrumental biases with respect to each involved GNSS code DESCRIPTION         
observable are estimated as constant values for each        DESCRIPTION         
day. They are modeled with one set of bias parameters for   DESCRIPTION         
each satellite and each station in case of GPS and for each DESCRIPTION         
satellite-station link in case of GLONASS. The code bias    DESCRIPTION         
datum is defined by zero-mean conditions imposed on the     DESCRIPTION         
satellite bias estimates. In this file, just GPS C1W-C2W    DESCRIPTION         
satellite and station bias values are included. The         DESCRIPTION         
complete set of GNSS code bias results is provided in an    DESCRIPTION         
additional Bias-SINEX file as pseudo-absolute values        DESCRIPTION         
specific to each observable.                                DESCRIPTION         
Note: These GIM results correspond to the results for the   DESCRIPTION         
middle day of a 3-day combination analysis solving for 73   DESCRIPTION         
times 256, or 18688 VTEC parameters and 3 daily sets of     DESCRIPTION         
GNSS code bias parameters.                                  DESCRIPTION         
Contact address: code(at)aiub.unibe.ch                      DESCRIPTION         
Data archive:    ftp.aiub.unibe.ch/CODE/                    DESCRIPTION         
                 www.aiub.unibe.ch/download/CODE/           DESCRIPTION         
  2023     1    22     0     0     0                        EPOCH OF FIRST MAP  
  2023     1    23     0     0     0                        EPOCH OF LAST MAP   
  3600                                                      INTERVAL            
[...]
brux bshm cas1 ccj2 cedu chpg chpi chti chur ckis cnmr coco COMMENT             
cord cpxf crar cro1 daej darw dav1 dgar dhlg drao dubo ebre COMMENT             
faa1 fair flrs frdn ftna func ganp glps gode godz gol2 gold COMMENT             
gope gras graz guam guug harb hers hert hlfx hob2 hofn holb COMMENT             
hrao hyde iddr ieng iisc ineg invk iqal irkj isba jog2 joz2 COMMENT             
joze karr kerg kir0 kiru kit3 kokb kokv koug kour krgg laut COMMENT             
lmmf lpal lpgs m0se mac1 madr mal2 mana mas1 mat1 mate maw1 COMMENT             
mcm4 mdo1 mdvj medi mets mgue mizu mkea mnls mobs monp morp COMMENT             
mqzg mro1 mtka nano nico nist nium nklg nlib nnor not1 nrc1 COMMENT             
nrmd ntus nya1 nyal ohi2 onsa opmt ous2 pado parc park pdel COMMENT             
penc pert pie1 pimo pohn pol2 polv pots pove prds ptag ptbb COMMENT             
ptvl qaq1 quin ramo reun reyk rgdg rio2 riop salu samo sant COMMENT             
savo sch2 scor scrz sctb scub seyg sofi spt0 ssia sthl stk2 COMMENT             
str2 suth sutm sydn syog tabl tabv tash thtg thti thu2 tid1 COMMENT             
tidb tlse tn22 tong tow2 tro1 tsea tskb tuva twtf txes uclu COMMENT             
ufpr ulab unb3 unbj unsa urum usn7 usud vald vill voim vtsp COMMENT             
wab1 wab2 wark wes2 wgtn whit will wind wsrt wtza wtzl wtzr COMMENT             
wtzs wuhn xmis yar2 yar3 yarr yell ykro zamb zeck zim2 zim3 COMMENT             
zimm                                                        COMMENT             
                                                            END OF HEADER       
[from data line 7293]
    18                                                      START OF TEC MAP    
  2023     1    22    17     0     0                        EPOCH OF CURRENT MAP
    87.5-180.0 180.0   5.0 450.0                            LAT/LON1/LON2/DLON/H
  165  168  171  174  178  181  185  188  191  195  198  201  204  207  209  211
  214  215  217  218  219  220  220  220  220  220  219  219  218  216  215  213
  212  210  208  205  203  201  198  196  193  190  187  184  181  178  175  172
  169  166  164  161  158  156  154  152  150  149  148  147  147  146  147  147
  148  149  150  152  154  156  159  162  165
    85.0-180.0 180.0   5.0 450.0                            LAT/LON1/LON2/DLON/H
  130  136  142  148  155  161  168  174  180  187  192  198  203  208  213  217
  220  223  225  227  228  229  229  229  228  226  225  223  220  218  215  212
  210  207  203  200  197  193  190  186  182  178  174  169  164  159  154  149
  144  139  133  128  123  119  114  110  107  104  101   99   98   97   97   98
   99  101  104  107  111  115  119  125  130
    82.5-180.0 180.0   5.0 450.0                            LAT/LON1/LON2/DLON/H
   97  104  111  119  127  136  144  152  160  168  176  183  190  196  202  207
  211  215  217  219  220  220  219  217  215  212  208  205  201  197  193  189
  186  183  180  177  174  171  169  166  163  159  155  151  146  141  135  129
  122  115  109  102   95   88   82   77   72   67   64   61   59   58   58   58
   60   62   65   69   73   78   84   90   97
    80.0-180.0 180.0   5.0 450.0                            LAT/LON1/LON2/DLON/H
   73   79   87   94  102  111  119  128  136  144  152  160  167  174  181  186
  191  196  199  201  201  201  199  195  191  186  180  173  167  161  156  152
  148  145  143  142  141  140  140  139  138  137  135  133  129  125  120  115
  108  102   94   87   80   73   66   60   54   49   45   42   40   38   38   38
   39   41   44   47   51   55   61   66   73
    77.5-180.0 180.0   5.0 450.0                            LAT/LON1/LON2/DLON/H
   62   67   72   78   85   91   99  106  113  121  128  135  142  149  156  163
  169  175  179  183  184  184  181  176  169  161  152  142  133  124  117  111
  107  105  104  104  105  107  109  112  114  116  117  117  117  115  112  108
  104   98   92   86   79   73   67   61   56   52   48   45   43   42   41   41
   42   43   45   47   49   51   55   58   62
    75.0-180.0 180.0   5.0 450.0                            LAT/LON1/LON2/DLON/H
   66   67   70   73   77   81   86   91   97  102  107  113  120  126  134  143
  151  160  168  175  179  180  178  172  163  151  138  124  110   98   88   81
   75   73   72   73   75   79   83   88   93   97  101  104  107  108  108  107
  104  101   98   94   89   85   81   78   74   71   69   67   66   65   64   64
   64   64   64   64   64   64   65   65   66
    72.5-180.0 180.0   5.0 450.0                            LAT/LON1/LON2/DLON/H
   79   77   76   76   77   79   82   85   88   91   95   99  105  112  121  132
  145  159  172  184  193  197  197  190  179  164  146  127  109   93   79   69
   62   58   56   57   59   62   66   71   76   82   88   93   97  101  103  104
  105  105  104  103  102  101  100  100   99   99   98   98   97   97   96   96
   95   94   93   92   90   87   84   81   79
    70.0-180.0 180.0   5.0 450.0                            LAT/LON1/LON2/DLON/H
   95   90   87   84   83   83   84   85   87   89   91   94   99  106  118  133
  151  172  193  212  228  237  239  233  220  201  179  155  132  111   94   80
   71   64   60   58   57   57   59   62   65   70   75   80   86   90   94   97
  100  102  104  106  108  111  114  117  120  122  123  124  125  125  124  124
  123  122  120  117  114  110  105  100   95
    67.5-180.0 180.0   5.0 450.0                            LAT/LON1/LON2/DLON/H
  105  100   95   91   89   88   88   89   90   91   93   96  101  110  124  144
  169  197  227  254  277  291  297  292  278  256  230  202  174  150  130  113
  101   91   83   76   70   65   61   59   58   60   63   66   71   75   79   82
   86   89   93   97  103  109  115  122  127  132  136  138  139  139  138  137
  136  135  133  131  127  123  117  111  105
    65.0-180.0 180.0   5.0 450.0                            LAT/LON1/LON2/DLON/H
  106  101   96   92   90   90   91   92   94   96   99  102  109  120  138  162
  193  229  266  302  331  351  359  355  341  318  289  258  228  202  180  161
  146  132  119  106   93   81   70   61   55   52   51   52   54   57   59   61
   64   67   71   77   84   93  102  111  119  126  130  133  134  134  133  131
  130  129  128  127  124  121  117  112  106
    62.5-180.0 180.0   5.0 450.0                            LAT/LON1/LON2/DLON/H
   96   92   89   86   85   86   88   92   96  101  105  111  120  134  155  184
  220  262  305  345  379  402  413  410  396  373  344  314  284  257  234  215
  197  179  161  142  121  101   83   68   56   48   43   41   40   39   39   39
   40   41   45   50   58   67   78   89   98  105  110  112  113  112  110  108
  107  106  106  106  106  105  103  100   96
    60.0-180.0 180.0   5.0 450.0                            LAT/LON1/LON2/DLON/H
   78   77   75   74   74   76   81   88   95  103  112  121  134  151  175  207
  246  290  336  378  412  436  448  446  434  413  387  359  331  307  285  264
  245  224  201  175  149  123   99   78   62   49   41   35   31   29   26   23
   21   20   21   25   32   41   51   62   71   78   82   84   83   81   79   76
   75   74   75   76   78   79   80   80   78
    57.5-180.0 180.0   5.0 450.0                            LAT/LON1/LON2/DLON/H
   59   59   59   59   61   65   72   82   94  107  119  133  149  169  196  229
  269  313  356  396  428  449  460  459  449  433  412  389  366  344  324  304
  283  259  232  203  172  142  114   91   72   57   46   39   33   28   24   19
   14   11    9   10   15   22   31   40   48   53   57   57   56   53   49   46
   44   43   44   47   50   53   56   58   59
    55.0-180.0 180.0   5.0 450.0                            LAT/LON1/LON2/DLON/H
   44   46   47   49   51   56   66   79   95  113  130  148  167  190  218  252
  290  330  369  402  428  445  452  452  445  434  419  403  386  368  349  329
  307  281  252  220  188  158  130  106   87   71   60   51   44   39   33   27
   21   16   12   11   12   17   23   30   35   39   41   40   38   34   30   26
   24   23   24   27   31   35   39   42   44
    52.5-180.0 180.0   5.0 450.0                            LAT/LON1/LON2/DLON/H
   40   42   44   45   48   55   66   82  103  125  146  167  189  214  242  275
  310  345  376  402  420  430  434  433  428  422  415  405  393  378  360  339
  316  289  259  228  198  170  145  124  105   90   78   69   63   57   52   46
   40   33   28   25   24   26   29   33   37   38   38   36   34   30   26   22
   19   18   19   22   26   30   34   37   40
    50.0-180.0 180.0   5.0 450.0                            LAT/LON1/LON2/DLON/H
   46   48   50   51   55   62   75   94  118  144  169  192  215  240  269  300
  331  360  384  401  411  415  415  412  409  406  404  399  391  377  359  337
  312  285  257  229  203  180  160  142  125  110   98   89   83   78   74   69
   63   57   52   47   45   45   46   47   48   48   47   44   41   38   35   31
   29   28   29   32   36   39   42   44   46
    47.5-180.0 180.0   5.0 450.0                            LAT/LON1/LON2/DLON/H
   61   63   64   66   69   76   91  113  141  170  196  220  244  269  296  325
  353  377  395  406  411  410  404  398  394  392  392  390  382  369  349  325
  299  273  248  226  206  189  174  159  144  129  115  105   99   94   90   87
   82   78   73   69   66   64   64   64   64   62   60   57   54   52   50   48
   47   47   48   51   55   58   59   60   61
    45.0-180.0 180.0   5.0 450.0                            LAT/LON1/LON2/DLON/H
   80   81   82   84   87   95  112  137  167  198  226  250  272  297  323  351
  376  396  411  419  421  417  408  397  388  383  382  379  370  355  334  309
  284  260  240  223  210  200  189  176  160  142  127  115  107  102   98   95
   92   89   86   83   79   76   75   75   75   73   71   68   65   64   64   64
   64   65   68   72   76   79   80   80   80
    42.5-180.0 180.0   5.0 450.0                            LAT/LON1/LON2/DLON/H
   96   97   99  101  104  113  131  159  192  225  253  276  298  322  347  373
  396  415  429  438  441  437  425  408  392  380  373  367  357  341  319  295
  271  251  235  225  218  213  205  192  173  152  133  119  109  102   97   93
   91   90   89   86   82   78   76   77   77   77   74   71   69   68   70   72
   74   77   81   86   91   95   96   96   96
    40.0-180.0 180.0   5.0 450.0                            LAT/LON1/LON2/DLON/H
  104  106  109  112  116  126  146  176  212  246  275  298  320  343  368  392
  413  431  446  458  465  462  448  425  400  380  366  356  345  329  309  287
  267  251  240  235  233  231  224  209  186  161  139  122  110  101   93   89
   87   87   86   83   77   71   69   69   71   72   69   66   63   64   67   71
   75   79   83   89   95  100  102  103  104
    37.5-180.0 180.0   5.0 450.0                            LAT/LON1/LON2/DLON/H
  102  105  110  114  119  131  152  185  223  260  290  314  336  360  385  407
  426  441  457  472  484  485  470  442  409  380  360  347  337  324  308  292
  277  265  258  256  256  256  248  230  204  175  151  133  119  108   98   92
   90   91   90   84   74   64   59   60   63   64   62   57   54   54   59   64
   69   72   76   82   88   94   97   99  102
    35.0-180.0 180.0   5.0 450.0                            LAT/LON1/LON2/DLON/H
   91   97  103  109  115  128  151  186  228  267  299  326  350  375  400  420
  434  446  460  476  492  496  483  452  414  379  356  344  338  332  323  314
  304  296  291  289  290  289  280  259  229  199  174  157  145  133  122  115
  114  115  112  102   85   69   59   58   61   63   59   53   48   48   52   58
   63   65   66   69   74   80   84   87   91
    32.5-180.0 180.0   5.0 450.0                            LAT/LON1/LON2/DLON/H
   77   84   91   99  107  121  147  184  228  270  306  336  364  391  415  432
  441  446  454  469  484  491  481  453  415  381  359  352  353  356  357  354
  350  344  338  335  335  333  321  298  266  236  214  200  191  181  171  165
  165  167  162  145  119   94   78   73   74   75   70   61   54   52   56   62
   65   64   60   59   60   64   68   72   77
    30.0-180.0 180.0   5.0 450.0                            LAT/LON1/LON2/DLON/H
   64   71   80   88   98  115  143  182  229  275  314  349  381  411  434  447
  448  445  445  451  462  470  465  444  415  388  374  375  386  399  410  414
  413  407  399  393  389  385  372  347  315  286  268  260  256  250  244  241
  244  247  238  214  179  143  119  109  108  106   99   87   76   72   75   80
   81   75   66   57   53   54   56   59   64
    27.5-180.0 180.0   5.0 450.0                            LAT/LON1/LON2/DLON/H
   58   64   72   81   94  113  144  186  235  284  328  368  404  436  458  467
  461  448  436  431  433  439  440  433  419  407  404  416  437  460  479  488
  488  480  469  458  451  444  429  403  371  344  331  329  332  331  330  333
  340  344  332  301  256  211  179  164  159  155  144  128  114  108  109  112
  110  100   84   69   59   54   54   55   58
    25.0-180.0 180.0   5.0 450.0                            LAT/LON1/LON2/DLON/H
   60   63   70   80   96  119  153  198  249  301  349  393  433  467  488  493
  482  461  437  416  406  408  417  427  434  440  453  475  504  534  557  569
  569  558  542  527  516  505  489  461  429  403  393  396  403  409  414  422
  433  437  423  386  334  283  246  228  220  213  199  180  163  154  153  154
  149  134  114   92   76   67   62   60   60
    22.5-180.0 180.0   5.0 450.0                            LAT/LON1/LON2/DLON/H
   70   69   73   84  103  131  169  218  271  325  376  424  467  501  521  525
  513  488  453  418  392  388  404  433  463  490  516  546  580  613  637  648
  645  632  612  593  579  566  546  516  481  454  443  447  456  465  475  487
  501  505  489  450  395  342  305  286  278  268  252  230  212  201  198  196
  188  171  148  123  103   89   81   74   70
    20.0-180.0 180.0   5.0 450.0                            LAT/LON1/LON2/DLON/H
   84   78   80   91  114  147  191  242  298  353  407  457  502  536  557  563
  554  530  490  441  401  388  410  456  508  553  588  622  655  685  706  715
  710  695  674  653  636  619  596  562  522  490  473  472  479  488  498  512
  525  529  512  474  422  374  342  326  319  309  291  269  250  238  233  229
  219  202  178  153  132  116  104   93   84
    17.5-180.0 180.0   5.0 450.0                            LAT/LON1/LON2/DLON/H
   98   88   87   98  124  163  213  268  326  383  438  490  536  570  592  603
  602  585  546  489  436  415  439  498  565  621  661  691  719  743  759  764
  757  742  722  702  683  663  635  595  549  507  480  469  467  471  478  489
  500  501  485  451  408  371  348  339  335  327  311  290  271  259  252  246
  236  220  199  177  157  140  126  112   98
    15.0-180.0 180.0   5.0 450.0                            LAT/LON1/LON2/DLON/H
  109   94   90  102  132  177  232  292  352  411  467  520  565  601  625  643
  655  651  618  558  496  467  489  554  629  687  724  747  766  782  791  792
  784  772  756  738  719  695  662  616  561  509  468  441  427  421  421  426
  430  428  414  388  359  336  325  325  327  323  309  291  274  263  255  246
  236  223  207  190  173  157  142  126  109
    12.5-180.0 180.0   5.0 450.0                            LAT/LON1/LON2/DLON/H
  113   96   90  103  136  186  246  310  373  433  490  544  590  627  655  682
  707  718  697  641  575  539  557  618  691  744  771  783  792  800  804  801
  794  786  776  762  742  715  677  626  564  501  445  401  371  353  343  339
  336  331  320  306  291  283  285  294  302  302  292  278  264  254  245  235
  225  215  205  193  180  166  151  133  113
    10.0-180.0 180.0   5.0 450.0                            LAT/LON1/LON2/DLON/H
  114   95   88  101  137  191  255  322  388  449  507  562  610  648  680  715
  752  779  773  726  662  621  631  683  745  785  799  800  801  804  803  797
  791  788  783  773  754  725  684  630  564  492  422  363  318  287  267  254
  244  237  232  230  229  234  245  260  273  278  272  261  250  241  231  220
  210  203  198  191  181  169  154  135  114
     7.5-180.0 180.0   5.0 450.0                            LAT/LON1/LON2/DLON/H
  113   93   87  101  138  194  261  331  398  461  520  575  624  665  701  740
  787  826  835  801  744  702  704  741  785  809  810  803  799  799  795  788
  782  782  783  776  758  727  686  633  567  491  412  340  283  243  215  195
  182  176  178  186  196  208  222  240  255  263  260  252  243  234  224  212
  202  196  194  190  181  168  153  135  113
     5.0-180.0 180.0   5.0 450.0                            LAT/LON1/LON2/DLON/H
  115   95   89  104  142  199  266  337  406  470  530  585  635  677  715  756
  806  853  874  855  810  772  765  787  811  818  808  797  794  794  789  780
  773  774  777  772  754  724  685  637  576  501  419  340  277  231  201  179
  166  164  174  190  206  218  229  244  259  267  266  259  250  241  230  217
  206  201  199  194  185  171  155  136  115
     2.5-180.0 180.0   5.0 450.0                            LAT/LON1/LON2/DLON/H
  122  104   98  114  152  207  273  343  413  477  537  592  642  685  722  761
  808  856  887  884  854  822  810  817  823  816  800  790  790  793  788  776
  766  765  768  763  746  717  683  643  591  522  443  364  300  256  227  209
  200  205  222  244  259  265  267  275  286  294  293  284  274  263  251  237
  225  218  215  208  196  180  163  144  122
