ionex_files/turquie/COD0OPSFIN_20230270000_01D_01H_GIM.INX
     1.0            IONOSPHERE MAPS     GNSS                IONEX VERSION / TYPE
ADDNEQ2 V5.5        AIUB                31-JAN-23 21:39     PGM / RUN BY / DATE 
CODE'S GLOBAL IONOSPHERE MAPS FOR DAY 027, 2023             COMMENT             
Global ionosphere maps (GIM) are generated on a daily basis DESCRIPTION         
at CODE using data from about 300 GNSS sites of the IGS and DESCRIPTION         
other institutions. The vertical total electron content     DESCRIPTION         
(VTEC) is modeled in a solar-geomagnetic reference frame    DESCRIPTION         
using a spherical harmonics expansion up to degree and      DESCRIPTION         
order 15. Piece-wise linear functions are used for          DESCRIPTION         
representation in the time domain. The time spacing of      DESCRIPTION         
their vertices is 1 hour, conforming with the epochs of the DESCRIPTION         
VTEC maps.                                                  DESCRIPTION         
To convert line-of-sight TEC into vertical TEC, a modified  DESCRIPTION         
single-layer model mapping function approximating the JPL   DESCRIPTION         
extended slab model mapping function is adopted. The        DESCRIPTION         
mapping function is evaluated at geodetic satellite         DESCRIPTION         
elevation angles. For the computation of the ionospheric    DESCRIPTION         
pierce points, a spherical layer with a radius of 6821 km   DESCRIPTION         
is assumed, implying geocentric, not geodetic IONEX         DESCRIPTION         
latitudes.                                                  DESCRIPTION         
Instrumental biases with respect to each involved GNSS code DESCRIPTION         
observable are estimated as constant values for each        DESCRIPTION         
day. They are modeled with one set of bias parameters for   DESCRIPTION         
each satellite and each station in case of GPS and for each DESCRIPTION         
satellite-station link in case of GLONASS. The code bias    DESCRIPTION         
datum is defined by zero-mean conditions imposed on the     DESCRIPTION         
satellite bias estimates. In this file, just GPS C1W-C2W    DESCRIPTION         
satellite and station bias values are included. The         DESCRIPTION         
complete set of GNSS code bias results is provided in an    DESCRIPTION         
additional Bias-SINEX file as pseudo-absolute values        DESCRIPTION         
specific to each observable.                                DESCRIPTION         
Note: These GIM results correspond to the results for the   DESCRIPTION         
middle day of a 3-day combination analysis solving for 73   DESCRIPTION         
times 256, or 18688 VTEC parameters and 3 daily sets of     DESCRIPTION         
GNSS code bias parameters.                                  DESCRIPTION         
Contact address: code(at)aiub.unibe.ch                      DESCRIPTION         
Data archive:    ftp.aiub.unibe.ch/CODE/                    DESCRIPTION         
                 www.aiub.unibe.ch/download/CODE/           DESCRIPTION         
  2023     1    27     0     0     0                        EPOCH OF FIRST MAP  
  2023     1    28     0     0     0                        EPOCH OF LAST MAP   
  3600                                                      INTERVAL            
[...]
bake barh bndy boav bogo bogt bor1 braz brst brux bshm cas1 COMMENT             
ccj2 cedu chpg chpi chti chur ckis cnmr coco cord cpxf crar COMMENT             
cro1 daej darw dav1 dgar dhlg drao dubo ebre faa1 fair flrs COMMENT             
frdn ftna func ganp glps gode godz gol2 gold gope gras graz COMMENT             
guam guug harb hers hert hlfx hob2 hofn holb hrao hyde iddr COMMENT             
ieng iisc ineg invk iqal isba jog2 joz2 joze karr kerg kir0 COMMENT             
kiri kiru kit3 kokb kokv koug kour krgg laut lmmf lpal lpgs COMMENT             
m0se mac1 madr mal2 mana mas1 mat1 mate maw1 mcm4 mdo1 mdvj COMMENT             
medi mets mgue mizu mkea mnls mobs monp morp mqzg mro1 mtka COMMENT             
nano nico nist nium nklg nlib nnor not1 nrc1 nrmd ntus nya1 COMMENT             
nyal ohi2 onsa opmt ous2 pado parc park pdel penc pert pie1 COMMENT             
pimo pohn pol2 polv pots pove prds ptbb ptvl qaq1 quin ramo COMMENT             
reun reyk rgdg rio2 riop salu samo sant savo sch2 scor sctb COMMENT             
scub seyg sofi spt0 ssia sthl stjo stk2 str2 suth sutm suwn COMMENT             
sydn syog tabl tabv tash thtg thti thu2 tid1 tidb tlse tn22 COMMENT             
tong tow2 tro1 tsea tskb twtf txes uclu ufpr ulab unb3 unbj COMMENT             
unsa urum usn7 usud vald vill voim vtsp wab1 wab2 wark wes2 COMMENT             
wgtn whit will wind wsrt wtza wtzl wtzr wtzs wuhn xmis yar2 COMMENT             
yar3 yarr yell ykro zamb zeck zim2 zim3 zimm                COMMENT             
                                                            END OF HEADER       
[from data line 9438]
    23                                                      START OF TEC MAP    
  2023     1    27    22     0     0                        EPOCH OF CURRENT MAP
    87.5-180.0 180.0   5.0 450.0                            LAT/LON1/LON2/DLON/H
  108  111  113  116  118  120  123  124  126  128  129  130  130  131  130  130
  129  128  127  125  123  120  118  115  112  109  106  103  100   97   94   91
   88   85   82   80   78   76   74   72   71   70   69   68   68   67   67   68
   68   68   69   70   71   72   73   74   76   77   79   80   82   84   85   87
   89   91   93   96   98  100  103  105  108
    85.0-180.0 180.0   5.0 450.0                            LAT/LON1/LON2/DLON/H
  109  115  120  126  132  137  143  148  153  157  160  163  165  166  166  165
  163  160  157  153  148  143  138  132  125  119  113  107  100   94   88   83
   77   72   67   63   59   55   53   50   48   47   46   45   46   46   47   48
   50   52   54   56   58   60   62   64   66   68   70   71   73   75   76   78
   80   83   85   88   92   96  100  104  109
    82.5-180.0 180.0   5.0 450.0                            LAT/LON1/LON2/DLON/H
  101  109  117  127  136  146  156  165  173  181  187  192  195  197  196  195
  191  187  181  174  166  158  149  141  132  123  114  106   98   90   83   76
   69   63   57   52   47   43   39   36   34   33   33   33   34   36   38   41
   45   48   52   55   58   61   64   66   68   69   70   70   71   71   71   71
   72   72   74   76   79   83   88   94  101
    80.0-180.0 180.0   5.0 450.0                            LAT/LON1/LON2/DLON/H
   88   98  109  121  134  148  162  175  187  198  207  214  218  220  219  215
  210  202  193  183  173  162  151  140  130  120  111  103   95   88   81   74
   68   62   56   51   46   41   37   34   32   31   31   32   35   38   42   46
   51   56   61   65   70   73   76   77   78   78   78   76   74   72   69   67
   65   64   63   64   65   69   73   80   88
    77.5-180.0 180.0   5.0 450.0                            LAT/LON1/LON2/DLON/H
   77   88  101  115  131  148  165  182  197  211  222  230  234  235  232  226
  217  206  194  181  167  154  142  130  120  111  103   97   92   87   82   78
   74   69   64   59   55   50   46   43   41   40   40   42   45   49   54   59
   65   71   77   82   86   89   91   92   91   90   87   84   80   76   71   66
   62   59   57   55   56   58   62   69   77
    75.0-180.0 180.0   5.0 450.0                            LAT/LON1/LON2/DLON/H
   76   87  100  115  132  151  170  189  206  221  233  241  244  243  238  229
  216  202  186  170  155  140  127  115  106   99   94   90   88   87   86   85
   83   81   78   74   70   65   61   58   55   54   55   57   60   64   70   76
   82   87   93   97  100  102  103  103  101   98   94   89   84   78   73   68
   63   59   56   55   55   58   62   68   76
    72.5-180.0 180.0   5.0 450.0                            LAT/LON1/LON2/DLON/H
   88   98  110  125  141  159  178  197  215  231  243  250  252  249  240  228
  213  195  177  159  142  126  112  101   93   87   84   83   84   86   89   91
   92   92   90   87   83   79   75   72   69   69   69   71   74   79   84   89
   94   99  103  106  107  108  107  105  102   98   93   88   83   78   73   69
   66   64   63   63   65   69   74   80   88
    70.0-180.0 180.0   5.0 450.0                            LAT/LON1/LON2/DLON/H
  112  121  131  143  157  173  191  209  226  241  252  259  259  254  244  229
  212  193  173  154  136  119  105   93   84   78   75   75   78   82   87   91
   94   95   94   91   88   85   81   78   77   77   78   80   83   86   90   94
   98  101  103  104  104  102  100   97   93   88   84   79   75   72   69   68
   68   70   73   78   84   90   97  104  112
    67.5-180.0 180.0   5.0 450.0                            LAT/LON1/LON2/DLON/H
  145  152  160  169  179  191  206  221  237  251  262  268  268  262  251  236
  218  199  179  160  141  124  107   93   82   73   69   67   69   73   78   82
   86   87   86   84   81   79   77   75   75   76   78   80   83   85   88   90
   92   93   93   92   90   87   84   80   75   71   68   65   62   61   62   64
   69   76   85   95  106  117  127  136  145
    65.0-180.0 180.0   5.0 450.0                            LAT/LON1/LON2/DLON/H
  178  185  190  196  202  210  221  233  247  260  271  277  278  273  263  249
  232  215  197  178  160  141  122  103   87   74   65   60   59   61   64   67
   69   69   68   66   64   63   62   63   65   68   70   73   74   76   77   77
   77   76   75   73   70   67   63   59   55   52   49   48   47   49   52   58
   67   79   93  109  126  142  157  168  178
    62.5-180.0 180.0   5.0 450.0                            LAT/LON1/LON2/DLON/H
  205  212  217  220  223  227  234  243  254  266  277  284  287  284  277  266
  254  239  224  207  188  167  144  120   98   79   64   55   49   48   48   49
   49   48   46   43   42   42   44   47   51   55   59   61   61   61   60   59
   57   56   54   52   49   46   42   39   37   35   34   33   34   37   42   50
   62   78   97  119  141  162  180  195  205
    60.0-180.0 180.0   5.0 450.0                            LAT/LON1/LON2/DLON/H
  224  233  238  240  242  243  246  251  259  269  279  288  294  295  292  286
  277  267  254  239  220  196  169  141  113   88   68   54   45   39   37   34
   32   29   26   23   23   25   29   34   40   45   48   49   48   46   43   40
   38   36   35   34   32   30   29   27   26   25   25   25   26   29   34   43
   56   74   97  123  149  173  195  212  224
    57.5-180.0 180.0   5.0 450.0                            LAT/LON1/LON2/DLON/H
  235  246  254  258  260  260  259  260  264  271  280  290  298  302  304  302
  298  292  282  268  248  223  193  160  129  101   78   61   48   40   34   30
   25   20   16   14   14   17   23   30   37   42   44   43   40   35   31   27
   24   23   23   23   24   24   24   24   24   25   25   25   25   27   30   38
   52   71   95  123  152  178  201  220  235
    55.0-180.0 180.0   5.0 450.0                            LAT/LON1/LON2/DLON/H
  241  255  268  277  281  281  279  275  274  276  282  291  300  307  312  314
  314  311  303  289  269  242  210  177  145  117   94   76   63   52   44   37
   31   25   20   18   19   23   30   38   44   48   48   45   39   32   26   22
   20   20   21   23   25   27   29   30   31   32   32   32   31   30   32   38
   51   70   95  124  153  180  204  224  241
    52.5-180.0 180.0   5.0 450.0                            LAT/LON1/LON2/DLON/H
  247  266  284  300  309  311  307  298  291  287  288  294  302  310  316  321
  323  321  314  300  280  253  222  191  162  137  116   99   86   74   64   55
   47   41   36   35   36   41   49   56   61   62   59   53   46   38   31   27
   25   26   29   32   36   39   41   43   44   45   44   42   39   37   37   42
   54   73   99  128  157  183  207  227  247
    50.0-180.0 180.0   5.0 450.0                            LAT/LON1/LON2/DLON/H
  256  280  305  328  344  349  344  331  316  305  300  301  306  313  319  324
  327  325  318  304  283  257  230  203  180  160  143  128  114  101   88   78
   69   63   59   58   60   66   73   79   82   80   75   67   58   50   43   39
   38   40   43   47   51   54   56   58   58   58   57   53   49   45   44   49
   61   82  108  137  166  192  214  235  256
    47.5-180.0 180.0   5.0 450.0                            LAT/LON1/LON2/DLON/H
  272  299  330  360  382  390  384  368  347  330  319  315  316  320  325  328
  329  327  318  304  284  261  237  216  199  184  170  156  140  124  109   97
   88   82   80   80   83   89   95  100  101   98   91   82   73   66   60   57
   56   57   60   64   67   69   70   71   70   69   66   62   57   53   52   58
   72   94  122  152  181  206  228  249  272
    45.0-180.0 180.0   5.0 450.0                            LAT/LON1/LON2/DLON/H
  291  321  355  389  414  425  420  402  378  357  342  334  332  333  334  335
  335  331  321  307  288  267  248  231  218  205  192  177  158  139  121  107
   99   94   93   94   98  104  110  115  115  110  102   94   87   82   78   75
   74   75   76   78   80   81   81   80   78   76   72   67   62   58   59   67
   83  108  137  168  198  224  246  267  291
    42.5-180.0 180.0   5.0 450.0                            LAT/LON1/LON2/DLON/H
  312  341  374  408  434  447  442  425  401  380  365  356  352  350  349  348
  346  341  331  317  299  280  263  248  234  221  205  186  163  140  120  107
   99   97   97   99  103  109  115  120  119  115  109  103   98   95   93   90
   88   87   87   87   87   87   86   84   82   79   74   69   64   62   65   75
   94  121  151  184  214  241  265  287  312
    40.0-180.0 180.0   5.0 450.0                            LAT/LON1/LON2/DLON/H
  329  355  384  414  437  448  445  430  411  394  383  377  374  371  368  366
  363  358  349  335  318  299  280  263  245  227  206  182  156  131  112  100
   95   95   96   97  100  106  112  117  118  114  110  107  106  105  103  100
   97   94   92   90   89   87   86   85   82   79   75   70   66   65   70   83
  104  132  162  195  226  256  282  306  329
    37.5-180.0 180.0   5.0 450.0                            LAT/LON1/LON2/DLON/H
  343  364  386  407  423  431  428  418  406  398  394  394  393  391  389  386
  385  381  373  360  342  320  297  272  247  222  196  169  142  119  104   97
   96   98   98   97   97  101  107  112  113  112  110  110  111  112  110  105
  100   95   91   88   86   84   83   83   82   79   76   71   68   68   76   91
  114  140  170  200  232  264  294  320  343
    35.0-180.0 180.0   5.0 450.0                            LAT/LON1/LON2/DLON/H
  354  371  383  394  402  405  402  397  393  394  399  405  409  409  407  406
  406  405  399  387  366  339  308  274  240  208  178  152  131  116  108  108
  112  115  113  107  102  102  106  111  113  112  111  113  116  117  114  107
   99   92   87   83   80   79   79   81   82   81   78   74   72   74   83  101
  123  148  174  202  234  268  302  331  354
    32.5-180.0 180.0   5.0 450.0                            LAT/LON1/LON2/DLON/H
  367  381  387  389  388  386  383  382  385  393  405  416  422  423  423  423
  425  426  422  409  385  351  311  268  226  190  163  144  133  130  135  144
  152  154  147  134  121  115  116  118  119  118  118  120  123  123  117  107
   97   89   83   77   74   74   76   79   82   83   82   79   77   81   93  111
  134  157  179  203  234  271  309  343  367
    30.0-180.0 180.0   5.0 450.0                            LAT/LON1/LON2/DLON/H
  389  404  408  405  399  394  390  391  397  407  420  431  437  437  435  435
  438  442  439  424  396  354  306  256  212  178  158  152  157  170  188  205
  216  215  200  177  155  141  137  137  135  132  131  132  133  130  121  108
   97   88   81   74   70   70   73   78   84   86   86   84   84   89  103  123
  146  167  186  207  237  277  320  360  389
    27.5-180.0 180.0   5.0 450.0                            LAT/LON1/LON2/DLON/H
  422  444  453  453  448  442  439  439  443  449  456  460  459  454  448  445
  447  451  448  431  397  350  296  245  205  180  173  183  205  234  263  287
  297  290  266  232  199  178  168  164  159  153  149  147  146  139  127  113
  100   91   83   75   69   68   71   77   84   88   89   88   89   96  112  136
  160  180  197  217  248  290  339  386  422
    25.0-180.0 180.0   5.0 450.0                            LAT/LON1/LON2/DLON/H
  468  503  524  534  536  535  534  532  530  525  519  509  496  481  467  458
  456  456  451  432  394  343  289  243  213  202  211  236  272  313  349  374
  380  365  331  287  246  218  203  195  187  178  170  165  160  150  136  120
  108   99   90   80   71   67   70   76   83   87   89   88   90  100  120  146
  173  195  213  234  267  313  367  422  468
    22.5-180.0 180.0   5.0 450.0                            LAT/LON1/LON2/DLON/H
  523  574  613  640  656  664  667  664  653  634  608  580  551  522  496  477
  468  463  454  431  391  341  292  258  243  248  270  304  348  392  429  450
  449  425  381  330  284  252  235  225  214  202  190  182  174  162  147  131
  120  111  100   88   76   69   69   74   80   84   86   86   89  101  124  155
  185  210  231  257  294  344  403  464  523
    20.0-180.0 180.0   5.0 450.0                            LAT/LON1/LON2/DLON/H
  578  646  707  754  786  806  816  813  795  761  717  670  623  579  540  508
  488  476  462  436  396  349  311  292  295  313  342  377  417  456  486  499
  489  456  407  353  306  275  258  248  236  222  208  197  186  173  158  144
  134  125  113   97   82   72   69   72   76   79   80   81   85  100  127  161
  195  224  251  283  326  380  441  508  578
    17.5-180.0 180.0   5.0 450.0                            LAT/LON1/LON2/DLON/H
  624  707  786  851  899  931  949  950  929  886  828  766  705  648  595  551
  518  497  478  451  412  373  347  345  364  390  416  440  465  491  510  512
  493  454  404  353  311  284  271  263  252  238  222  209  196  183  169  157
  148  139  125  107   89   76   71   71   73   75   75   76   82   99  129  166
  204  236  269  308  357  414  477  546  624
    15.0-180.0 180.0   5.0 450.0                            LAT/LON1/LON2/DLON/H
  653  745  836  912  969 1009 1035 1043 1026  983  922  853  786  720  658  602
  558  528  505  477  442  411  399  412  440  466  479  482  486  494  499  492
  466  425  379  336  303  284  276  271  263  249  233  218  205  192  179  169
  161  151  136  116   96   82   75   74   74   74   73   73   80  100  132  172
  211  246  284  329  384  443  504  572  653
    12.5-180.0 180.0   5.0 450.0                            LAT/LON1/LON2/DLON/H
  661  754  846  923  978 1019 1051 1068 1063 1031  978  915  850  785  718  655
  603  566  540  513  483  460  459  483  514  531  523  499  477  467  462  449
  421  383  344  313  292  281  278  277  270  258  242  226  212  200  190  181
  173  161  144  123  104   90   83   80   78   76   75   76   84  105  139  180
  219  255  296  346  405  463  520  582  661
    10.0-180.0 180.0   5.0 450.0                            LAT/LON1/LON2/DLON/H
  650  735  819  883  927  959  990 1017 1029 1017  983  938  887  830  766  701
  646  606  579  555  530  514  521  548  575  577  543  491  446  424  414  402
  377  346  317  298  288  284  284  284  279  267  251  235  221  210  201  193
  183  170  151  130  112  100   93   89   86   84   82   83   92  114  150  191
  230  265  306  359  418  474  524  579  650
     7.5-180.0 180.0   5.0 450.0                            LAT/LON1/LON2/DLON/H
  626  698  764  807  827  843  867  900  929  942  936  917  888  848  795  735
  681  643  617  597  577  566  574  599  617  599  542  467  408  381  375  370
  352  329  310  301  299  299  298  296  289  277  261  245  232  222  214  205
  193  177  157  137  121  111  105  100   96   94   92   94  104  128  165  206
  243  277  317  368  426  478  521  566  626
     5.0-180.0 180.0   5.0 450.0                            LAT/LON1/LON2/DLON/H
  599  656  700  716  708  700  711  745  788  825  848  859  856  837  800  752
  706  672  651  635  619  609  615  633  637  603  528  441  378  355  360  365
  357  342  330  327  328  325  320  312  302  289  273  258  246  237  229  219
  204  185  163  144  130  122  116  111  107  105  104  106  117  143  181  223
  259  290  328  377  431  477  513  550  599
     2.5-180.0 180.0   5.0 450.0                            LAT/LON1/LON2/DLON/H
  578  621  646  637  602  569  562  589  638  692  741  778  801  804  786  753
  718  693  678  666  652  642  642  649  640  594  511  422  366  356  374  391
  392  381  373  371  369  360  345  329  315  300  285  271  261  254  246  234
  216  193  170  151  139  131  124  119  115  113  114  117  130  157  197  239
  275  305  340  385  434  475  505  537  578
