ionex_files/turquie/COD0OPSFIN_20230290000_01D_01H_GIM.INX
     1.0            IONOSPHERE MAPS     GNSS                IONEX VERSION / TYPE
ADDNEQ2 V5.5        AIUB                02-FEB-23 21:30     PGM / RUN BY / DATE 
CODE'S GLOBAL IONOSPHERE MAPS FOR DAY 029, 2023             COMMENT             
Global ionosphere maps (GIM) are generated on a daily basis DESCRIPTION         
at CODE using data from about 300 GNSS sites of the IGS and DESCRIPTION         
other institutions. The vertical total electron content     DESCRIPTION         
(VTEC) is modeled in a solar-geomagnetic reference frame    DESCRIPTION         
using a spherical harmonics expansion up to degree and      DESCRIPTION         
order 15. Piece-wise linear functions are used for          DESCRIPTION         
representation in the time domain. The time spacing of      DESCRIPTION         
their vertices is 1 hour, conforming with the epochs of the DESCRIPTION         
VTEC maps.                                                  DESCRIPTION         
To convert line-of-sight TEC into vertical TEC, a modified  DESCRIPTION         
single-layer model mapping function approximating the JPL   DESCRIPTION         
extended slab model mapping function is adopted. The        DESCRIPTION         
mapping function is evaluated at geodetic satellite         DESCRIPTION         
elevation angles. For the computation of the ionospheric    DESCRIPTION         
pierce points, a spherical layer with a radius of 6821 km   DESCRIPTION         
is assumed, implying geocentric, not geodetic IONEX         DESCRIPTION         
latitudes.                                                  DESCRIPTION         
Instrumental biases with respect to each involved GNSS code DESCRIPTION         
observable are estimated as constant values for each        DESCRIPTION         
day. They are modeled with one set of bias parameters for   DESCRIPTION         
each satellite and each station in case of GPS and for each DESCRIPTION         
satellite-station link in case of GLONASS. The code bias    DESCRIPTION         
datum is defined by zero-mean conditions imposed on the     DESCRIPTION         
satellite bias estimates. In this file, just GPS C1W-C2W    DESCRIPTION         
satellite and station bias values are included. The         DESCRIPTION         
complete set of GNSS code bias results is provided in an    DESCRIPTION         
additional Bias-SINEX file as pseudo-absolute values        DESCRIPTION         
specific to each observable.                                DESCRIPTION         
Note: These GIM results correspond to the results for the   DESCRIPTION         
middle day of a 3-day combination analysis solving for 73   DESCRIPTION         
times 256, or 18688 VTEC parameters and 3 daily sets of     DESCRIPTION         
GNSS code bias parameters.                                  DESCRIPTION         
Contact address: code(at)aiub.unibe.ch                      DESCRIPTION         
Data archive:    ftp.aiub.unibe.ch/CODE/                    DESCRIPTION         
                 www.aiub.unibe.ch/download/CODE/           DESCRIPTION         
  2023     1    29     0     0     0                        EPOCH OF FIRST MAP  
  2023     1    30     0     0     0                        EPOCH OF LAST MAP   
  3600                                                      INTERVAL            
[...]
brst brux bshm cas1 ccj2 cedu chpg chpi chti chur ckis cnmr COMMENT             
coco cord cpvg cpxf crar cro1 daej darw dav1 dgar dhlg drao COMMENT             
dubo ebre faa1 fair flrs frdn ftna func ganp glps gode godz COMMENT             
gol2 gold gope gras graz guam guug harb hers hert hlfx hob2 COMMENT             
hofn holb hrao hyde iddr ieng iisc ineg invk iqal irkj isba COMMENT             
jog2 joz2 joze karr kerg kir0 kiri kiru kit3 kokb kokv koug COMMENT             
kour krgg laut lmmf lpal lpgs m0se mac1 madr mal2 mana mas1 COMMENT             
mat1 mate maw1 mcm4 mdo1 mdvj medi mets mgue mizu mkea mnls COMMENT             
mobs monp morp mqzg mro1 mtka nano nico nist nium nklg nlib COMMENT             
nnor not1 nrc1 nrmd ntus nya1 nyal ohi2 onsa opmt ous2 pado COMMENT             
parc park pdel penc pert pie1 pimo pohn pol2 polv pots pove COMMENT             
prds ptbb ptvl qaq1 quin ramo reun reyk rgdg rio2 riop roth COMMENT             
salu samo sant savo sch2 scor scrz sctb scub seyg sofi spt0 COMMENT             
ssia sthl stjo stk2 str2 suth sutm suwn sydn syog tabl tabv COMMENT             
tash thtg thti thu2 tid1 tidb tlse tn22 tnml tong tow2 tro1 COMMENT             
tsea tskb twtf txes uclu ufpr ulab unb3 unbj unsa urum usn7 COMMENT             
usud vald vill voim vtsp wab1 wab2 wark wes2 wgtn whit will COMMENT             
wind wsrt wtza wtzl wtzr wtzs wuhn xmis yar2 yar3 yarr yell COMMENT             
ykro zamb zeck zim2 zim3 zimm                               COMMENT             
                                                            END OF HEADER       
[from data line 2574]
     7                                                      START OF TEC MAP    
  2023     1    29     6     0     0                        EPOCH OF CURRENT MAP
    87.5-180.0 180.0   5.0 450.0                            LAT/LON1/LON2/DLON/H
   48   47   47   47   47   48   48   48   49   50   51   51   52   53   54   55
   56   57   58   59   60   61   62   63   63   64   64   65   65   65   65   65
   65   65   65   65   65   64   64   64   63   63   62   62   61   61   61   60
   60   60   59   59   59   59   58   58   58   57   57   56   56   55   54   54
   53   52   52   51   50   49   49   48   48
    85.0-180.0 180.0   5.0 450.0                            LAT/LON1/LON2/DLON/H
   42   40   38   38   37   37   38   39   40   42   44   46   49   51   53   56
   58   60   62   64   65   67   68   69   70   71   72   73   73   73   74   74
   73   73   73   72   72   71   70   69   68   67   66   66   65   64   64   64
   64   65   65   66   67   68   68   69   70   70   70   70   69   68   67   65
   63   60   58   55   52   49   46   44   42
    82.5-180.0 180.0   5.0 450.0                            LAT/LON1/LON2/DLON/H
   40   35   31   29   27   27   28   29   31   34   38   41   45   49   52   56
   59   62   64   66   68   70   71   72   73   74   75   76   76   77   77   78
   78   78   78   77   76   75   74   73   71   70   69   68   67   67   67   69
   70   72   75   78   82   85   89   92   95   98  100  101  101  100   98   94
   90   85   78   72   65   58   51   45   40
    80.0-180.0 180.0   5.0 450.0                            LAT/LON1/LON2/DLON/H
   44   35   28   23   20   19   19   21   24   28   32   37   41   46   50   55
   58   62   64   66   68   69   70   71   71   72   72   73   74   75   76   77
   78   79   79   79   78   77   75   74   72   70   69   68   68   69   72   75
   79   84   90   97  105  112  120  128  135  141  145  149  150  149  146  141
  134  125  115  103   90   78   65   54   44
    77.5-180.0 180.0   5.0 450.0                            LAT/LON1/LON2/DLON/H
   54   41   30   22   17   14   14   16   19   23   28   33   38   43   48   52
   56   59   62   64   66   67   67   67   67   67   67   67   68   69   71   73
   75   76   77   77   77   76   74   72   70   68   67   67   69   72   77   84
   92  101  112  123  135  147  159  171  182  192  201  206  210  210  207  200
  190  177  162  144  125  106   88   70   54
    75.0-180.0 180.0   5.0 450.0                            LAT/LON1/LON2/DLON/H
   70   52   37   27   20   16   15   16   19   23   27   31   36   40   44   48
   52   55   58   61   63   64   64   64   63   62   61   61   61   63   65   67
   70   72   73   73   73   71   69   66   64   63   63   66   70   77   86   97
  109  123  138  154  169  185  201  216  231  244  255  264  269  270  267  260
  247  231  211  189  164  139  115   91   70
    72.5-180.0 180.0   5.0 450.0                            LAT/LON1/LON2/DLON/H
   89   67   50   36   28   23   21   22   24   27   29   32   34   36   39   42
   46   50   54   58   61   63   64   63   62   60   58   57   57   58   59   62
   64   66   67   67   66   64   61   58   56   56   58   63   71   83   97  113
  131  149  168  187  205  222  239  256  271  286  299  309  315  318  315  307
  294  276  254  228  200  171  142  115   89
    70.0-180.0 180.0   5.0 450.0                            LAT/LON1/LON2/DLON/H
  109   84   64   49   39   33   31   31   33   34   34   34   33   33   33   35
   39   44   50   56   61   64   66   65   64   61   59   56   55   55   56   57
   59   60   60   59   57   54   50   47   46   47   52   61   74   91  111  132
  155  177  198  218  236  252  267  282  296  310  322  332  339  342  340  333
  320  302  280  255  227  197  166  137  109
    67.5-180.0 180.0   5.0 450.0                            LAT/LON1/LON2/DLON/H
  126  100   78   61   50   43   41   41   42   42   41   38   34   30   29   29
   33   39   46   54   61   66   69   69   67   64   61   58   55   54   53   54
   54   54   53   51   47   43   39   36   36   40   48   60   78  100  126  152
  179  204  226  244  259  272  282  292  302  312  322  330  336  339  338  331
  320  305  286  264  239  212  183  154  126
    65.0-180.0 180.0   5.0 450.0                            LAT/LON1/LON2/DLON/H
  139  113   89   70   57   50   47   47   49   49   46   42   36   30   26   25
   29   35   44   53   61   67   70   71   69   66   62   58   55   53   51   50
   49   48   46   42   38   34   30   28   29   35   46   63   85  111  141  171
  200  225  246  262  273  280  284  288  292  297  302  308  312  314  312  306
  298  286  273  256  238  217  193  167  139
    62.5-180.0 180.0   5.0 450.0                            LAT/LON1/LON2/DLON/H
  148  121   96   74   59   50   47   48   51   52   50   45   38   31   26   25
   27   34   42   51   59   64   67   68   67   64   60   57   53   50   47   45
   44   42   39   35   31   27   24   24   27   35   49   69   94  123  154  186
  215  240  259  272  278  279  277  274  272  272  273  275  276  276  273  267
  261  253  245  237  226  213  195  173  148
    60.0-180.0 180.0   5.0 450.0                            LAT/LON1/LON2/DLON/H
  152  125   98   74   56   45   42   43   47   50   50   47   41   34   29   27
   29   35   42   49   55   58   60   60   59   57   55   52   49   45   43   41
   39   37   34   31   27   24   23   25   31   41   57   79  105  134  165  196
  225  248  265  274  276  273  266  259  252  248  246  244  243  239  234  228
  221  217  214  212  209  204  193  175  152
    57.5-180.0 180.0   5.0 450.0                            LAT/LON1/LON2/DLON/H
  153  127   99   72   52   39   34   35   40   45   47   46   43   38   34   32
   34   38   43   47   49   50   49   48   48   47   46   45   43   40   38   37
   36   35   33   31   29   27   27   31   39   52   70   92  118  146  175  204
  229  250  265  272  272  267  258  249  241  235  230  227  223  216  208  199
  192  187  187  190  193  194  188  174  153
    55.0-180.0 180.0   5.0 450.0                            LAT/LON1/LON2/DLON/H
  154  129  101   74   52   37   30   29   34   39   43   45   44   41   39   38
   40   43   46   46   45   42   39   37   37   38   39   39   38   36   35   35
   36   37   37   36   35   34   36   42   52   67   86  108  132  158  184  209
  232  250  263  270  270  265  258  249  241  236  232  228  222  213  201  189
  178  172  171  175  181  185  182  172  154
    52.5-180.0 180.0   5.0 450.0                            LAT/LON1/LON2/DLON/H
  153  132  107   83   61   45   35   31   33   37   41   44   44   44   43   44
   46   48   49   47   42   37   32   30   31   33   36   37   37   35   35   37
   39   43   45   45   45   45   48   55   67   83  103  125  148  172  195  216
  236  251  263  270  272  270  265  259  254  250  247  244  238  227  213  197
  182  172  168  169  174  177  176  168  153
    50.0-180.0 180.0   5.0 450.0                            LAT/LON1/LON2/DLON/H
  150  136  118  100   82   65   53   45   42   42   43   45   46   46   46   48
   51   53   53   50   45   38   32   30   32   36   40   41   40   39   39   41
   46   52   56   57   57   57   60   68   82   99  120  143  166  188  208  227
  243  257  267  274  278  278  277  274  272  271  269  267  262  251  236  217
  198  183  173  170  170  170  168  162  150
    47.5-180.0 180.0   5.0 450.0                            LAT/LON1/LON2/DLON/H
  145  138  131  122  110   97   83   71   61   55   52   50   49   49   49   51
   54   57   59   57   52   45   40   39   41   46   50   51   49   46   45   48
   55   63   68   70   70   69   73   81   96  115  137  161  184  206  225  242
  255  266  275  282  287  289  290  290  289  288  288  286  282  273  258  238
  217  197  182  172  166  162  157  151  145
    45.0-180.0 180.0   5.0 450.0                            LAT/LON1/LON2/DLON/H
  135  136  140  143  141  132  119  103   88   76   67   61   57   54   53   54
   57   62   66   67   65   60   55   54   57   63   66   65   61   55   53   56
   63   73   79   82   81   80   84   94  110  130  154  178  203  225  245  260
  271  279  286  291  296  299  300  300  298  296  295  293  290  283  270  252
  231  209  191  175  163  152  143  137  135
    42.5-180.0 180.0   5.0 450.0                            LAT/LON1/LON2/DLON/H
  121  129  142  156  164  162  151  134  116   99   86   75   68   62   59   59
   62   69   76   81   82   78   74   73   76   81   83   81   73   64   60   62
   70   80   88   90   90   90   94  106  124  146  170  196  221  245  264  279
  288  293  297  301  304  306  307  304  299  293  288  285  282  277  268  254
  237  216  197  178  160  144  130  122  121
    40.0-180.0 180.0   5.0 450.0                            LAT/LON1/LON2/DLON/H
  107  116  134  155  170  175  168  154  135  118  102   90   81   74   69   68
   71   79   89   98  101   98   93   90   92   96   98   94   84   73   65   65
   73   83   92   95   95   97  104  119  139  162  186  211  237  261  281  295
  303  306  308  310  312  314  312  306  296  285  275  268  264  261  257  249
  237  221  204  184  164  142  123  110  107
    37.5-180.0 180.0   5.0 450.0                            LAT/LON1/LON2/DLON/H
   98  102  118  139  156  165  164  154  140  125  112  101   94   88   83   81
   84   93  106  117  121  117  109  103  102  106  107  103   92   79   70   68
   74   84   92   96   98  102  113  132  155  179  202  225  249  272  292  306
  313  315  317  319  323  325  323  314  300  283  268  256  250  248  248  246
  241  232  219  202  181  156  129  108   98
    35.0-180.0 180.0   5.0 450.0                            LAT/LON1/LON2/DLON/H
  103   94   98  112  126  135  137  133  126  118  111  106  102  100   98   98
  101  111  125  137  140  132  119  109  106  109  112  109  100   86   75   72
   76   83   91   94   98  106  122  146  172  196  216  236  256  278  297  311
  319  323  326  332  340  346  346  337  321  300  280  264  256  253  255  258
  259  258  252  239  219  190  157  125  103
    32.5-180.0 180.0   5.0 450.0                            LAT/LON1/LON2/DLON/H
  127  100   87   85   88   92   95   97   98   99   99  101  105  108  111  113
  118  128  143  154  154  141  123  109  104  108  114  114  107   96   85   79
   80   85   89   92   96  107  129  157  186  210  227  242  259  278  297  312
  322  330  340  353  368  381  386  382  367  345  322  304  293  289  291  296
  302  306  307  299  280  249  209  166  127
    30.0-180.0 180.0   5.0 450.0                            LAT/LON1/LON2/DLON/H
  176  129   94   72   60   55   55   59   66   74   82   91  101  111  119  124
  131  142  156  165  161  144  122  105  101  107  116  121  118  110  100   92
   89   89   90   90   94  107  133  166  197  220  234  245  258  275  295  313
  328  342  360  383  408  431  445  446  436  418  397  379  366  360  360  365
  372  380  384  380  363  331  285  230  176
    27.5-180.0 180.0   5.0 450.0                            LAT/LON1/LON2/DLON/H
  247  183  129   87   57   39   32   35   45   57   68   80   93  107  119  128
  136  147  160  168  162  142  118  102  100  110  123  132  134  129  121  111
  104   99   94   90   91  105  133  169  203  225  237  245  256  274  296  318
  340  362  390  423  459  491  514  524  522  510  495  481  469  461  457  458
  463  471  477  475  459  426  376  314  247
    25.0-180.0 180.0   5.0 450.0                            LAT/LON1/LON2/DLON/H
  334  260  192  135   90   60   43   41   48   58   67   76   88  101  114  123
  132  142  155  162  155  136  114  102  105  119  135  147  153  152  146  135
  123  111  100   91   89  101  130  168  203  226  237  245  256  276  303  332
  361  392  428  470  514  555  585  602  607  605  600  592  583  575  567  563
  564  568  573  570  554  522  472  407  334
    22.5-180.0 180.0   5.0 450.0                            LAT/LON1/LON2/DLON/H
  425  351  279  215  161  120   95   85   85   88   90   89   92   99  108  114
  120  130  142  149  144  128  113  108  118  135  152  165  174  176  171  159
  143  125  107   92   86   96  125  163  200  224  237  246  261  286  318  354
  391  430  472  519  566  609  642  663  675  683  688  691  688  680  670  660
  655  655  656  651  635  604  557  496  425
    20.0-180.0 180.0   5.0 450.0                            LAT/LON1/LON2/DLON/H
  506  441  375  314  259  214  182  164  156  149  138  124  113  107  106  106
  108  114  125  133  131  122  116  121  137  156  172  183  191  195  191  178
  159  136  113   94   84   92  120  159  196  222  238  252  272  302  341  384
  427  470  515  561  606  646  675  696  712  727  744  757  762  757  746  732
  722  717  713  706  689  660  619  567  506
    17.5-180.0 180.0   5.0 450.0                            LAT/LON1/LON2/DLON/H
  565  515  464  414  366  323  289  266  251  235  211  181  152  131  116  107
  101  104  112  120  122  120  124  138  160  179  191  197  203  206  203  189
  167  142  116   95   84   91  118  157  195  223  243  262  287  323  367  415
  463  508  550  591  629  659  680  694  710  731  756  779  793  794  783  768
  754  745  738  728  711  686  652  611  565
    15.0-180.0 180.0   5.0 450.0                            LAT/LON1/LON2/DLON/H
  594  561  527  493  458  424  393  370  352  330  296  252  208  171  143  122
  110  106  111  118  122  126  137  159  184  201  206  205  206  208  204  190
  167  141  115   95   85   93  121  160  198  229  252  275  305  344  391  442
  491  535  573  605  632  650  659  665  676  698  729  760  781  787  780  766
  752  741  732  721  704  681  655  625  594
    12.5-180.0 180.0   5.0 450.0                            LAT/LON1/LON2/DLON/H
  593  573  555  536  516  493  471  454  438  416  379  327  272  223  185  156
  137  128  128  132  135  140  156  181  206  217  214  205  200  200  195  181
  158  134  111   94   88  100  128  167  206  238  264  290  322  361  408  459
  507  548  580  604  619  625  623  619  624  644  677  711  737  748  745  735
  723  714  705  693  677  657  635  613  593
    10.0-180.0 180.0   5.0 450.0                            LAT/LON1/LON2/DLON/H
  569  555  545  537  528  518  507  499  491  475  442  391  334  280  238  205
  182  169  164  162  160  163  177  201  222  227  216  200  189  185  178  164
  144  123  105   93   93  109  140  179  217  249  277  304  334  370  413  461
  507  545  573  591  599  598  587  576  574  590  620  655  681  694  695  690
  683  677  670  659  643  624  604  585  569
     7.5-180.0 180.0   5.0 450.0                            LAT/LON1/LON2/DLON/H
  535  518  507  501  498  496  495  498  501  496  473  431  379  331  291  261
  240  225  215  205  195  191  199  218  232  231  213  191  176  168  159  145
  127  111   99   93   99  119  152  191  228  260  288  314  341  371  408  451
  494  530  555  572  580  578  566  550  545  556  581  610  633  645  648  648
  647  646  642  632  616  596  574  554  535
     5.0-180.0 180.0   5.0 450.0                            LAT/LON1/LON2/DLON/H
  504  478  457  444  439  439  445  457  470  477  467  439  401  364  335  315
  299  285  271  254  234  220  219  229  236  228  207  181  163  152  141  128
  113  101   94   94  105  129  163  201  236  267  294  319  341  365  395  432
  471  506  533  554  568  573  566  553  546  554  573  595  609  616  619  623
  627  631  630  621  604  581  556  530  504
     2.5-180.0 180.0   5.0 450.0                            LAT/LON1/LON2/DLON/H
  489  451  415  388  374  371  377  393  412  428  430  416  393  373  361  354
  347  338  322  298  269  245  234  234  234  222  199  174  154  140  128  114
  102   94   92   95  109  135  170  206  240  269  296  320  338  355  378  410
  446  481  512  541  566  583  587  582  578  585  599  611  616  615  615  620
  628  636  636  627  608  582  554  523  489
