ionex_files/turquie/COD0OPSFIN_20230260000_01D_01H_GIM.INX
     1.0            IONOSPHERE MAPS     GNSS                IONEX VERSION / TYPE
ADDNEQ2 V5.5        AIUB                30-JAN-23 21:42     PGM / RUN BY / DATE 
CODE'S GLOBAL IONOSPHERE MAPS FOR DAY 026, 2023             COMMENT             
Global ionosphere maps (GIM) are generated on a daily basis DESCRIPTION         
at CODE using data from about 300 GNSS sites of the IGS and DESCRIPTION         
other institutions. The vertical total electron content     DESCRIPTION         
(VTEC) is modeled in a solar-geomagnetic reference frame    DESCRIPTION         
using a spherical harmonics expansion up to degree and      DESCRIPTION         
order 15. Piece-wise linear functions are used for          DESCRIPTION         
representation in the time domain. The time spacing of      DESCRIPTION         
their vertices is 1 hour, conforming with the epochs of the DESCRIPTION         
VTEC maps.                                                  DESCRIPTION         
To convert line-of-sight TEC into vertical TEC, a modified  DESCRIPTION         
single-layer model mapping function approximating the JPL   DESCRIPTION         
extended slab model mapping function is adopted. The        DESCRIPTION         
mapping function is evaluated at geodetic satellite         DESCRIPTION         
elevation angles. For the computation of the ionospheric    DESCRIPTION         
pierce points, a spherical layer with a radius of 6821 km   DESCRIPTION         
is assumed, implying geocentric, not geodetic IONEX         DESCRIPTION         
latitudes.                                                  DESCRIPTION         
Instrumental biases with respect to each involved GNSS code DESCRIPTION         
observable are estimated as constant values for each        DESCRIPTION         
day. They are modeled with one set of bias parameters for   DESCRIPTION         
each satellite and each station in case of GPS and for each DESCRIPTION         
satellite-station link in case of GLONASS. The code bias    DESCRIPTION         
datum is defined by zero-mean conditions imposed on the     DESCRIPTION         
satellite bias estimates. In this file, just GPS C1W-C2W    DESCRIPTION         
satellite and station bias values are included. The         DESCRIPTION         
complete set of GNSS code bias results is provided in an    DESCRIPTION         
additional Bias-SINEX file as pseudo-absolute values        DESCRIPTION         
specific to each observable.                                DESCRIPTION         
Note: These GIM results correspond to the results for the   DESCRIPTION         
middle day of a 3-day combination analysis solving for 73   DESCRIPTION         
times 256, or 18688 VTEC parameters and 3 daily sets of     DESCRIPTION         
GNSS code bias parameters.                                  DESCRIPTION         
Contact address: code(at)aiub.unibe.ch                      DESCRIPTION         
Data archive:    ftp.aiub.unibe.ch/CODE/                    DESCRIPTION         
                 www.aiub.unibe.ch/download/CODE/           DESCRIPTION         
  2023     1    26     0     0     0                        EPOCH OF FIRST MAP  
  2023     1    27     0     0     0                        EPOCH OF LAST MAP   
  3600                                                      INTERVAL            
[...]
brux bshm cas1 ccj2 cedu chpg chpi chti chur ckis cnmr coco COMMENT             
cord cpxf crar cro1 daej darw dav1 dgar dhlg drao dubo ebre COMMENT             
faa1 fair flin flrs frdn ftna func ganp glps gode godz gol2 COMMENT             
gold gope gras graz guam guug harb hers hert hlfx hob2 hofn COMMENT             
holb hrao hyde iddr ieng iisc ineg invk iqal irkj isba jog2 COMMENT             
joz2 joze karr kerg kir0 kiru kit3 kokb kokv koug kour krgg COMMENT             
laut lmmf lpal lpgs m0se mac1 madr mal2 mana mas1 mat1 mate COMMENT             
maw1 mcm4 mdo1 mdvj medi mets mgue mizu mkea mnls mobs monp COMMENT             
morp mqzg mro1 nano nico nist nium nklg nlib nnor not1 nrc1 COMMENT             
nrmd ntus nya1 nyal ohi2 onsa opmt ous2 pado parc park pdel COMMENT             
penc pert pie1 pimo pohn pol2 polv pots pove prds ptbb ptvl COMMENT             
qaq1 quin ramo reun reyk rgdg rio2 riop salu samo sant savo COMMENT             
sch2 scor scrz sctb scub seyg sofi spt0 ssia sthl stjo stk2 COMMENT             
str2 suth sutm sydn syog tabl tabv tash thtg thti thu2 tid1 COMMENT             
tidb tlse tn22 tong tow2 tro1 tsea tskb tuva twtf txes uclu COMMENT             
ufpr ulab unb3 unbj unsa urum usn7 usud vald vill voim vtsp COMMENT             
wab1 wab2 wark wes2 wgtn whit will wind wsrt wtza wtzl wtzr COMMENT             
wtzs wuhn xmis yar2 yar3 yarr yell ykro zamb zeck zim2 zim3 COMMENT             
zimm                                                        COMMENT             
                                                            END OF HEADER       
[from data line 858]
     3                                                      START OF TEC MAP    
  2023     1    26     2     0     0                        EPOCH OF CURRENT MAP
    87.5-180.0 180.0   5.0 450.0                            LAT/LON1/LON2/DLON/H
  141  140  138  137  135  133  131  129  127  125  122  120  117  115  112  109
  107  104  102  100   97   95   93   91   89   88   87   85   84   84   83   83
   82   83   83   83   84   85   86   87   88   90   91   93   95   97   99  101
  103  105  108  110  113  115  118  120  123  125  128  130  132  135  136  138
  139  141  141  142  142  142  142  142  141
    85.0-180.0 180.0   5.0 450.0                            LAT/LON1/LON2/DLON/H
  174  171  167  164  160  156  151  147  143  138  134  130  125  121  116  112
  107  103   98   94   90   86   82   78   75   72   70   67   66   65   64   63
   64   64   65   66   68   69   71   74   76   78   81   83   86   89   92   95
   98  102  105  109  114  118  123  128  134  139  145  150  156  161  165  169
  173  176  178  179  179  179  178  176  174
    82.5-180.0 180.0   5.0 450.0                            LAT/LON1/LON2/DLON/H
  204  198  192  185  178  171  165  159  153  148  143  138  132  127  122  116
  111  105   99   93   87   81   76   71   67   63   59   57   55   53   53   53
   53   55   57   59   62   65   68   71   74   77   80   82   85   87   89   92
   94   97  101  105  110  116  122  130  138  147  156  166  175  184  193  201
  207  212  215  217  218  216  213  209  204
    80.0-180.0 180.0   5.0 450.0                            LAT/LON1/LON2/DLON/H
  229  219  208  197  187  178  170  163  156  151  147  142  138  133  127  122
  115  108  102   94   88   81   75   69   64   60   57   54   52   51   50   51
   52   54   57   60   64   68   73   77   80   84   86   88   89   90   90   90
   91   92   93   96  101  107  114  124  135  147  161  175  189  203  217  229
  239  247  252  255  255  252  246  239  229
    77.5-180.0 180.0   5.0 450.0                            LAT/LON1/LON2/DLON/H
  249  234  218  202  188  176  166  159  153  149  146  143  140  136  131  125
  118  110  103   95   88   81   76   71   67   63   60   58   57   56   55   56
   57   60   63   67   72   77   82   86   91   94   96   97   97   95   93   90
   87   85   84   84   87   93  101  112  125  141  158  177  196  215  233  250
  264  276  284  287  287  283  275  263  249
    75.0-180.0 180.0   5.0 450.0                            LAT/LON1/LON2/DLON/H
  265  245  223  203  185  170  159  152  147  145  144  142  140  136  130  123
  115  107   99   91   85   80   76   73   71   70   69   68   67   66   66   66
   67   68   71   75   79   84   90   95   99  102  104  104  102   98   93   87
   81   76   72   71   73   77   86   98  113  131  151  173  196  219  242  262
  281  295  306  312  313  308  298  283  265
    72.5-180.0 180.0   5.0 450.0                            LAT/LON1/LON2/DLON/H
  279  255  230  205  184  166  154  146  143  141  141  140  137  132  125  117
  107   97   89   82   78   75   75   75   77   78   79   80   79   78   77   76
   75   76   77   80   83   88   92   97  102  105  107  106  103   98   91   83
   75   67   62   59   60   65   74   87  103  123  145  168  192  217  241  264
  285  303  317  326  329  326  316  300  279
    70.0-180.0 180.0   5.0 450.0                            LAT/LON1/LON2/DLON/H
  294  268  241  213  189  169  156  147  143  142  141  139  134  126  117  105
   94   83   75   69   67   68   71   76   81   85   88   89   89   87   85   82
   80   79   78   79   81   84   88   93   97  100  102  101   98   93   85   76
   67   59   53   51   52   59   69   83  100  120  141  164  187  211  235  258
  279  299  315  328  335  335  328  314  294
    67.5-180.0 180.0   5.0 450.0                            LAT/LON1/LON2/DLON/H
  308  285  257  229  202  181  166  157  151  148  145  139  131  120  106   93
   80   69   61   57   58   61   68   75   83   89   92   93   92   90   86   82
   79   76   74   73   74   75   78   81   85   88   91   91   88   83   76   67
   58   51   46   46   50   59   71   86  104  124  144  164  185  205  226  246
  266  285  303  319  331  336  335  326  308
    65.0-180.0 180.0   5.0 450.0                            LAT/LON1/LON2/DLON/H
  321  302  277  249  223  201  185  174  166  160  152  142  129  114   98   83
   70   60   54   51   53   58   65   74   81   86   89   89   87   83   79   75
   71   68   66   64   63   63   65   67   70   74   76   78   76   72   65   57
   50   44   42   45   52   64   79   96  115  134  152  170  187  203  219  235
  251  269  286  304  319  330  336  333  321
    62.5-180.0 180.0   5.0 450.0                            LAT/LON1/LON2/DLON/H
  330  316  295  270  245  223  207  194  185  174  162  146  128  110   93   79
   68   61   56   55   56   60   65   71   76   79   79   77   74   69   65   62
   59   57   56   54   53   52   53   54   57   60   63   65   65   62   56   49
   42   39   39   45   56   72   90  109  129  148  165  181  195  207  219  231
  243  256  271  287  304  319  330  334  330
    60.0-180.0 180.0   5.0 450.0                            LAT/LON1/LON2/DLON/H
  330  322  306  285  262  242  226  214  202  189  171  151  130  110   95   84
   77   73   70   67   66   66   67   69   69   68   65   61   56   52   49   48
   47   48   48   48   47   46   46   46   48   51   55   57   58   55   50   43
   37   35   38   47   61   80  100  122  143  162  180  195  208  220  229  237
  245  253  263  276  290  306  320  329  330
    57.5-180.0 180.0   5.0 450.0                            LAT/LON1/LON2/DLON/H
  321  317  306  288  269  252  238  227  215  200  180  156  133  114  101   96
   94   93   91   86   80   75   70   67   63   58   51   45   40   37   36   37
   40   43   45   47   47   47   46   46   47   50   53   56   56   53   48   41
   35   33   38   49   65   86  109  132  154  175  194  211  227  239  249  256
  260  264  267  273  281  293  305  316  321
    55.0-180.0 180.0   5.0 450.0                            LAT/LON1/LON2/DLON/H
  303  302  293  279  264  250  240  232  222  207  186  161  138  120  112  112
  115  116  113  105   94   83   74   66   59   51   43   36   31   29   31   34
   39   44   48   52   53   53   53   53   53   55   58   60   60   56   50   43
   37   35   39   51   69   91  115  140  163  186  208  228  247  263  275  284
  287  287  284  280  279  283  290  298  303
    52.5-180.0 180.0   5.0 450.0                            LAT/LON1/LON2/DLON/H
  282  281  273  261  248  238  232  228  222  211  191  168  145  130  124  128
  133  136  131  119  103   89   77   68   60   52   44   37   33   33   36   41
   46   52   57   61   64   65   65   65   65   66   67   68   67   64   57   49
   42   40   44   56   75   98  122  147  172  197  222  246  268  288  304  315
  320  317  308  296  285  278  277  280  282
    50.0-180.0 180.0   5.0 450.0                            LAT/LON1/LON2/DLON/H
  265  261  252  240  228  221  218  220  219  213  198  177  156  141  137  140
  146  146  138  124  107   93   83   76   70   63   55   49   47   47   50   54
   59   63   68   72   76   79   79   79   78   78   79   79   77   73   67   59
   52   49   53   64   83  107  132  158  184  211  237  263  288  310  328  342
  349  347  335  317  297  280  271  267  265
    47.5-180.0 180.0   5.0 450.0                            LAT/LON1/LON2/DLON/H
  261  252  241  226  214  207  207  212  217  216  206  189  170  155  148  148
  150  147  136  121  106   97   93   91   89   83   77   71   68   68   70   71
   73   75   78   83   87   91   92   92   91   90   90   89   87   83   77   70
   64   61   65   76   96  120  146  174  201  228  255  281  304  326  344  360
  369  370  359  338  314  292  276  267  261
    45.0-180.0 180.0   5.0 450.0                            LAT/LON1/LON2/DLON/H
  277  264  248  230  215  206  205  210  218  222  218  206  189  171  159  153
  148  141  129  116  108  106  109  113  114  109  101   95   91   89   88   86
   84   83   85   90   95  100  102  103  102  101  100   98   96   93   88   83
   77   75   79   91  111  136  165  194  222  250  276  299  318  334  350  364
  376  381  375  358  336  314  298  287  277
    42.5-180.0 180.0   5.0 450.0                            LAT/LON1/LON2/DLON/H
  318  302  281  258  238  225  218  219  225  232  233  225  209  189  170  156
  145  134  124  117  116  122  133  141  141  134  124  114  109  105  100   95
   90   87   88   94  100  106  108  109  109  108  107  106  104  101   98   94
   91   89   93  105  126  154  185  216  245  273  297  316  328  337  346  358
  372  383  385  377  363  349  338  329  318
    40.0-180.0 180.0   5.0 450.0                            LAT/LON1/LON2/DLON/H
  385  366  340  313  288  267  251  242  241  244  248  244  230  207  183  162
  146  135  128  128  135  148  161  168  164  152  137  125  117  111  105   97
   90   87   89   95  103  109  111  112  113  113  114  112  110  108  106  104
  102  101  105  117  140  169  202  235  266  293  315  329  335  336  338  347
  363  380  393  399  399  398  397  395  385
    37.5-180.0 180.0   5.0 450.0                            LAT/LON1/LON2/DLON/H
  474  453  424  392  362  333  305  281  265  260  261  259  247  224  196  171
  154  145  144  151  163  178  189  189  177  157  138  124  116  111  104   96
   88   86   90   98  106  111  112  113  114  117  119  118  116  113  112  111
  110  109  112  125  148  180  214  248  278  305  326  337  339  334  332  340
  358  383  408  428  445  461  474  480  474
    35.0-180.0 180.0   5.0 450.0                            LAT/LON1/LON2/DLON/H
  577  556  524  490  457  421  378  335  299  279  272  269  258  236  208  184
  169  165  170  181  194  205  208  198  176  150  128  116  111  109  104   96
   91   90   95  104  111  114  114  113  115  120  124  124  121  117  114  114
  113  112  115  128  151  183  218  251  281  308  328  340  342  338  335  344
  367  399  435  470  503  536  564  580  577
    32.5-180.0 180.0   5.0 450.0                            LAT/LON1/LON2/DLON/H
  684  663  632  599  566  525  469  403  344  303  283  275  264  243  218  197
  187  189  198  209  218  221  212  191  162  134  115  109  111  113  112  106
  102  102  108  115  120  120  117  114  117  123  128  129  124  118  114  113
  112  111  114  126  150  182  216  247  276  302  324  341  348  349  352  365
  394  435  480  526  572  618  659  683  684
    30.0-180.0 180.0   5.0 450.0                            LAT/LON1/LON2/DLON/H
  783  765  737  710  681  639  572  486  401  336  298  280  265  245  223  207
  202  207  217  225  226  218  199  171  140  116  107  111  122  132  134  130
  126  125  128  132  133  129  122  117  118  125  131  131  125  116  110  108
  107  107  111  124  148  179  211  239  266  292  318  341  358  370  382  405
  441  488  540  593  647  701  749  779  783
    27.5-180.0 180.0   5.0 450.0                            LAT/LON1/LON2/DLON/H
  865  853  832  814  795  755  682  580  471  382  323  290  267  245  224  211
  208  214  221  222  214  197  173  145  121  109  114  131  152  168  172  168
  162  157  155  154  150  142  130  122  121  127  132  131  123  112  104  101
  101  103  109  124  149  179  208  234  258  285  316  348  377  401  425  457
  500  552  608  662  717  773  823  857  865
    25.0-180.0 180.0   5.0 450.0                            LAT/LON1/LON2/DLON/H
  922  918  909  905  898  866  792  680  554  443  363  311  276  247  224  209
  205  207  207  199  185  165  144  127  118  122  142  172  201  220  224  217
  206  195  186  178  168  156  141  129  125  127  131  128  118  105   95   93
   94   99  110  129  155  185  212  236  259  288  325  365  405  441  475  514
  562  616  671  723  773  824  872  908  922
    22.5-180.0 180.0   5.0 450.0                            LAT/LON1/LON2/DLON/H
  947  955  961  974  981  961  892  779  645  520  421  350  298  258  227  207
  196  189  180  167  151  137  129  128  139  161  194  231  263  280  280  269
  250  231  214  199  185  170  153  138  129  127  128  123  111   96   86   84
   89   99  114  138  167  198  224  248  273  306  347  394  442  485  525  567
  614  667  718  763  804  846  890  926  947
    20.0-180.0 180.0   5.0 450.0                            LAT/LON1/LON2/DLON/H
  939  961  984 1013 1036 1028  970  865  734  604  493  406  337  282  241  211
  189  172  156  141  131  131  141  161  189  224  263  300  327  338  332  313
  287  260  235  215  199  184  166  148  134  127  123  116  103   88   78   78
   85  100  122  151  184  216  244  270  300  337  383  434  485  530  569  607
  649  695  739  776  806  837  873  910  939
    17.5-180.0 180.0   5.0 450.0                            LAT/LON1/LON2/DLON/H
  899  935  974 1018 1054 1058 1015  925  809  686  573  475  392  324  270  228
  195  169  150  140  142  160  191  228  267  304  338  365  381  382  368  342
  311  277  247  224  208  195  178  158  140  127  119  109   95   81   72   73
   84  104  131  166  202  236  267  298  334  377  426  478  528  570  602  631
  662  698  734  760  779  798  827  863  899
    15.0-180.0 180.0   5.0 450.0                            LAT/LON1/LON2/DLON/H
  834  879  930  984 1029 1044 1017  949  857  754  649  549  458  381  318  266
  224  192  175  175  195  232  277  322  359  386  405  415  417  406  384  353
  318  282  250  227  213  202  188  167  145  128  116  104   90   77   69   71
   84  108  140  179  218  254  288  325  369  417  468  519  566  601  624  639
  657  681  706  723  731  740  761  794  834
    12.5-180.0 180.0   5.0 450.0                            LAT/LON1/LON2/DLON/H
  754  800  854  912  962  985  973  931  870  795  709  617  527  448  381  324
  277  246  236  252  289  338  388  427  449  455  452  443  429  408  380  347
  311  276  246  225  214  206  194  173  149  129  115  103   89   77   69   72
   86  112  148  189  230  267  304  347  396  449  500  549  592  621  635  638
  641  653  668  677  677  677  689  715  754
    10.0-180.0 180.0   5.0 450.0                            LAT/LON1/LON2/DLON/H
  670  707  756  811  859  887  890  874  845  803  743  667  588  515  451  396
  351  325  327  358  408  461  502  521  518  498  471  446  422  395  364  330
  296  265  239  222  213  207  196  176  152  131  116  104   92   81   74   76
   90  117  155  197  237  275  314  360  412  465  515  562  602  630  639  633
  626  627  635  638  633  626  628  643  670
     7.5-180.0 180.0   5.0 450.0                            LAT/LON1/LON2/DLON/H
  599  617  649  694  739  769  783  788  789  779  747  694  632  573  520  472
  434  417  431  473  528  573  594  584  551  506  464  431  404  377  346  312
  281  255  234  219  212  205  194  175  153  134  120  110   99   88   82   84
   97  124  162  203  243  279  317  363  414  465  512  556  597  628  638  631
  619  615  619  620  612  600  592  592  599
     5.0-180.0 180.0   5.0 450.0                            LAT/LON1/LON2/DLON/H
  554  543  553  584  621  652  673  693  716  732  727  697  655  614  576  539
  509  500  523  571  620  648  641  601  542  482  436  407  386  364  334  302
  273  249  232  219  210  201  188  171  152  136  126  117  108   98   93   95
  108  134  171  211  248  282  318  360  406  451  492  535  580  618  637  636
  627  623  628  630  624  610  593  573  554
     2.5-180.0 180.0   5.0 450.0                            LAT/LON1/LON2/DLON/H
  546  504  488  502  533  562  585  612  647  679  692  682  659  635  611  584
  561  557  582  626  663  668  632  568  495  436  401  387  379  364  336  302
  272  251  235  222  209  196  181  165  150  139  132  126  118  110  106  109
  122  148  183  221  256  287  319  355  393  429  464  506  556  605  636  646
  647  651  661  669  667  655  631  593  546
