ionex_files/turquie/COD0OPSFIN_20230440000_01D_01H_GIM.INX
     1.0            IONOSPHERE MAPS     GNSS                IONEX VERSION / TYPE
ADDNEQ2 V5.5        AIUB                17-FEB-23 21:21     PGM / RUN BY / DATE 
CODE'S GLOBAL IONOSPHERE MAPS FOR DAY 044, 2023             COMMENT             
Global ionosphere maps (GIM) are generated on a daily basis DESCRIPTION         
at CODE using data from about 300 GNSS sites of the IGS and DESCRIPTION         
other institutions. The vertical total electron content     DESCRIPTION         
(VTEC) is modeled in a solar-geomagnetic reference frame    DESCRIPTION         
using a spherical harmonics expansion up to degree and      DESCRIPTION         
order 15. Piece-wise linear functions are used for          DESCRIPTION         
representation in the time domain. The time spacing of      DESCRIPTION         
their vertices is 1 hour, conforming with the epochs of the DESCRIPTION         
VTEC maps.                                                  DESCRIPTION         
To convert line-of-sight TEC into vertical TEC, a modified  DESCRIPTION         
single-layer model mapping function approximating the JPL   DESCRIPTION         
extended slab model mapping function is adopted. The        DESCRIPTION         
mapping function is evaluated at geodetic satellite         DESCRIPTION         
elevation angles. For the computation of the ionospheric    DESCRIPTION         
pierce points, a spherical layer with a radius of 6821 km   DESCRIPTION         
is assumed, implying geocentric, not geodetic IONEX         DESCRIPTION         
latitudes.                                                  DESCRIPTION         
Instrumental biases with respect to each involved GNSS code DESCRIPTION         
observable are estimated as constant values for each        DESCRIPTION         
day. They are modeled with one set of bias parameters for   DESCRIPTION         
each satellite and each station in case of GPS and for each DESCRIPTION         
satellite-station link in case of GLONASS. The code bias    DESCRIPTION         
datum is defined by zero-mean conditions imposed on the     DESCRIPTION         
satellite bias estimates. In this file, just GPS C1W-C2W    DESCRIPTION         
satellite and station bias values are included. The         DESCRIPTION         
complete set of GNSS code bias results is provided in an    DESCRIPTION         
additional Bias-SINEX file as pseudo-absolute values        DESCRIPTION         
specific to each observable.                                DESCRIPTION         
Note: These GIM results correspond to the results for the   DESCRIPTION         
middle day of a 3-day combination analysis solving for 73   DESCRIPTION         
times 256, or 18688 VTEC parameters and 3 daily sets of     DESCRIPTION         
GNSS code bias parameters.                                  DESCRIPTION         
Contact address: code(at)aiub.unibe.ch                      DESCRIPTION         
Data archive:    ftp.aiub.unibe.ch/CODE/                    DESCRIPTION         
                 www.aiub.unibe.ch/download/CODE/           DESCRIPTION         
  2023     2    13     0     0     0                        EPOCH OF FIRST MAP  
  2023     2    14     0     0     0                        EPOCH OF LAST MAP   
  3600                                                      INTERVAL            
[...]
brst brux bshm cags cas1 cedu chpg chpi chti chur ckis coco COMMENT             
cord cpvg cpxf crar cro1 daej darw dav1 dgar dhlg drao dubo COMMENT             
ebre faa1 fair flrs frdn ftna func ganp glps glsv gode godz COMMENT             
gol2 gold gope gras graz guam guug harb hers hert hlfx hob2 COMMENT             
hofn holb hrao hyde iddr ieng iisc ineg invk iqal irkj isba COMMENT             
jog2 joz2 joze karr kerg kir0 kiri kiru kit3 kokb kokv kouc COMMENT             
koug kour krgg laut lmmf lpal lpgs m0se mac1 madr mal2 mana COMMENT             
mas1 mat1 mate maw1 mcm4 mdo1 mdvj medi mets mgue mizu mkea COMMENT             
mnls mobs monp morp mqzg mro1 mtka nano nico nist nium nklg COMMENT             
nlib nnor not1 nrc1 nrmd ntus nya1 nyal ohi2 onsa opmt ous2 COMMENT             
pado parc park pdel penc pert pie1 pimo pohn pol2 polv pots COMMENT             
pove prds ptag ptbb ptvl qaq1 quin ramo reun reyk rgdg rio2 COMMENT             
riop salu samo sant savo sch2 scor scrz sctb scub seyg smst COMMENT             
sofi spt0 ssia sthl stjo str2 suth sutm suwn sydn tabl tabv COMMENT             
tash thtg thti thu2 tid1 tidb tlse tn22 tong tow2 tro1 tsea COMMENT             
tuva twtf txes uclu ufpr ulab unb3 unbj unsa urum usn7 usud COMMENT             
vald vill voim vtsp wab1 wab2 wark wes2 wgtn whit will wsrt COMMENT             
wtza wtzl wtzr wtzs wtzz wuhn xmis yar2 yar3 yarr ykro zamb COMMENT             
zeck zim2 zim3 zimm                                         COMMENT             
                                                            END OF HEADER       
[from data line 6435]
    16                                                      START OF TEC MAP    
  2023     2    13    15     0     0                        EPOCH OF CURRENT MAP
    87.5-180.0 180.0   5.0 450.0                            LAT/LON1/LON2/DLON/H
  234  238  241  244  247  250  253  256  259  261  264  265  267  268  269  269
  269  269  268  267  266  264  262  259  257  254  251  247  244  240  236  232
  229  225  221  217  214  210  207  205  202  200  198  196  195  194  193  193
  193  193  193  194  194  195  196  198  199  200  202  203  205  207  209  211
  213  215  217  220  222  225  228  231  234
    85.0-180.0 180.0   5.0 450.0                            LAT/LON1/LON2/DLON/H
  210  216  223  229  237  244  251  257  264  269  275  279  283  285  287  289
  289  289  287  286  283  280  276  272  267  261  256  249  243  236  228  221
  213  206  198  191  184  177  171  166  161  157  154  151  150  149  150  151
  152  154  157  159  162  165  168  170  172  174  176  177  178  179  180  181
  182  183  185  188  191  195  199  204  210
    82.5-180.0 180.0   5.0 450.0                            LAT/LON1/LON2/DLON/H
  165  173  183  194  205  217  228  239  249  258  266  273  278  282  285  286
  287  287  286  284  281  278  274  270  265  259  252  245  237  228  219  209
  199  188  178  167  157  147  138  130  123  118  114  112  111  112  114  118
  122  128  134  141  147  152  157  161  163  165  165  164  162  159  155  152
  149  146  144  144  145  147  151  157  165
    80.0-180.0 180.0   5.0 450.0                            LAT/LON1/LON2/DLON/H
  110  121  133  147  162  177  193  207  220  232  241  249  255  260  263  264
  265  265  265  265  264  263  261  259  256  252  247  241  234  225  216  206
  194  182  170  157  144  132  120  110  101   94   89   87   86   89   93  100
  109  119  130  140  151  160  167  172  175  175  172  167  160  151  141  131
  121  112  104   99   95   95   97  102  110
    77.5-180.0 180.0   5.0 450.0                            LAT/LON1/LON2/DLON/H
   62   72   86  102  119  137  155  171  186  199  209  216  221  225  227  229
  230  232  234  236  239  242  245  248  249  249  247  244  240  233  225  215
  204  192  179  165  151  137  123  111  100   91   85   82   81   84   90   99
  111  125  140  155  169  181  191  197  199  197  192  182  170  155  138  121
  105   89   75   64   56   51   51   54   62
    75.0-180.0 180.0   5.0 450.0                            LAT/LON1/LON2/DLON/H
   31   41   54   70   88  107  124  141  155  167  175  181  184  186  188  189
  192  196  203  210  219  229  238  246  253  257  259  259  257  252  246  238
  228  216  203  189  175  160  146  132  120  110  102   96   94   96  101  111
  123  139  156  174  190  205  216  222  224  221  212  200  183  164  144  122
  101   81   63   48   36   28   25   26   31
    72.5-180.0 180.0   5.0 450.0                            LAT/LON1/LON2/DLON/H
   26   33   44   58   74   91  107  121  133  141  147  150  152  152  153  156
  161  170  182  196  213  230  246  260  271  279  284  285  284  281  276  268
  259  249  237  224  210  196  182  168  155  143  133  125  120  118  120  127
  137  151  167  185  202  217  228  234  235  230  221  207  190  170  149  128
  107   88   69   53   40   30   24   23   26
    70.0-180.0 180.0   5.0 450.0                            LAT/LON1/LON2/DLON/H
   43   47   54   65   77   89  101  112  120  125  128  128  127  127  128  133
  143  157  176  199  224  248  271  289  303  312  317  318  317  313  308  301
  294  284  273  261  248  235  222  209  196  184  172  161  151  144  139  139
  144  153  166  180  195  208  217  222  221  216  207  194  180  164  148  132
  117  102   88   75   63   54   47   43   43
    67.5-180.0 180.0   5.0 450.0                            LAT/LON1/LON2/DLON/H
   72   72   76   82   90   97  105  110  114  116  116  114  113  113  116  124
  139  160  186  217  249  280  307  327  341  349  352  351  348  343  338  332
  325  317  307  295  283  271  259  247  236  224  211  196  181  166  153  144
  140  141  148  157  167  176  182  184  183  177  169  160  151  142  135  128
  122  117  110  103   95   87   80   74   72
    65.0-180.0 180.0   5.0 450.0                            LAT/LON1/LON2/DLON/H
   98   96   97   99  103  107  109  110  110  109  107  106  105  107  113  126
  146  173  207  244  282  317  345  365  377  382  381  377  372  368  363  359
  353  345  335  323  311  299  288  277  268  257  243  225  204  181  159  140
  126  119  118  120  125  129  131  131  127  122  116  111  108  108  110  114
  119  124  126  125  122  116  109  103   98
    62.5-180.0 180.0   5.0 450.0                            LAT/LON1/LON2/DLON/H
  109  106  106  107  109  109  109  107  104  102  100   99  101  107  117  134
  159  192  230  272  313  348  376  394  402  403  400  394  389  386  384  382
  378  371  361  348  333  320  309  299  291  281  267  247  221  191  160  132
  110   94   86   83   82   81   79   76   71   66   62   61   64   70   80   93
  107  119  128  133  133  129  122  115  109
    60.0-180.0 180.0   5.0 450.0                            LAT/LON1/LON2/DLON/H
   99   97   97  100  102  102  100   97   93   90   90   93   98  108  123  144
  173  209  251  294  334  368  393  407  412  411  406  402  400  400  402  403
  402  396  385  370  354  338  325  315  308  299  286  264  235  199  162  127
   98   77   64   56   51   47   42   36   30   25   23   25   31   41   55   72
   89  105  116  123  123  119  112  104   99
    57.5-180.0 180.0   5.0 450.0                            LAT/LON1/LON2/DLON/H
   69   69   73   78   83   85   84   81   78   77   79   85   95  109  128  154
  186  223  265  307  344  375  395  406  409  408  405  404  407  412  418  423
  425  420  410  393  374  356  340  330  322  314  301  280  248  210  168  130
   98   75   60   50   43   37   29   22   16   12   11   14   21   31   43   58
   72   85   95   99   97   91   82   74   69
    55.0-180.0 180.0   5.0 450.0                            LAT/LON1/LON2/DLON/H
   31   33   40   50   59   65   66   64   62   63   68   77   92  110  134  162
  196  234  274  312  345  370  387  395  398  399  401  406  413  423  433  440
  444  441  432  416  396  375  358  345  337  329  316  295  263  224  183  144
  113   91   77   67   59   51   43   36   30   28   28   31   36   42   49   56
   63   69   72   71   65   55   44   35   31
    52.5-180.0 180.0   5.0 450.0                            LAT/LON1/LON2/DLON/H
    0    1   12   26   39   48   51   51   51   54   61   74   91  113  140  171
  206  243  280  313  341  362  375  383  388  393  400  409  420  431  441  449
  454  454  448  435  416  396  377  363  353  343  331  310  280  243  204  169
  141  122  109  100   91   82   74   67   64   63   65   68   71   71   70   68
   65   62   57   49   38   25   11    1    0
    50.0-180.0 180.0   5.0 450.0                            LAT/LON1/LON2/DLON/H
    0    0    0   14   29   40   45   47   48   52   61   75   95  119  148  182
  217  254  288  317  340  356  368  376  385  394  405  416  426  434  440  445
  450  453  452  446  433  415  397  381  369  357  344  323  296  262  227  197
  173  157  146  136  126  116  107  102  100  103  107  110  111  107   99   89
   78   66   55   42   28   12    0    0    0
    47.5-180.0 180.0   5.0 450.0                            LAT/LON1/LON2/DLON/H
    0    0    5   20   34   45   51   53   54   59   69   84  104  129  160  195
  232  268  299  324  344  358  369  380  391  403  415  424  429  429  427  426
  430  438  445  448  444  432  416  399  384  370  354  334  308  278  248  222
  202  188  176  164  151  139  129  124  124  128  135  140  141  136  126  112
   96   81   66   52   38   23    9    0    0
    45.0-180.0 180.0   5.0 450.0                            LAT/LON1/LON2/DLON/H
   26   26   31   42   53   61   65   66   68   73   83   98  118  144  176  212
  250  285  314  337  354  368  381  393  406  418  427  429  425  414  403  397
  402  415  433  447  453  448  435  418  399  381  362  341  316  289  263  240
  221  206  192  176  159  144  132  126  126  131  139  146  150  149  141  128
  114  100   88   76   65   53   42   33   26
    42.5-180.0 180.0   5.0 450.0                            LAT/LON1/LON2/DLON/H
   73   69   68   72   78   81   83   82   84   90  100  115  135  161  194  231
  269  303  331  353  370  384  399  413  425  434  436  430  415  395  377  370
  377  399  428  454  469  470  459  441  418  395  371  347  323  297  272  250
  231  214  196  176  154  135  120  111  109  112  119  129  138  142  141  135
  127  119  112  106  100   94   87   80   73
    40.0-180.0 180.0   5.0 450.0                            LAT/LON1/LON2/DLON/H
  119  111  105  102  101  100   97   96   97  104  115  131  151  178  211  249
  287  320  347  368  386  402  418  432  442  446  441  426  405  381  364  361
  376  408  447  481  502  506  496  475  448  418  388  360  334  308  283  260
  239  220  199  175  150  127  108   95   88   85   89   99  111  123  130  133
  134  134  134  133  132  131  129  125  119
    37.5-180.0 180.0   5.0 450.0                            LAT/LON1/LON2/DLON/H
  150  140  129  120  114  109  104  101  103  111  125  144  166  194  228  266
  302  333  358  380  399  418  435  448  454  452  441  423  402  384  377  387
  416  459  505  542  562  565  552  527  495  458  421  388  357  329  303  278
  256  236  214  190  165  140  119  100   84   72   69   75   90  106  120  131
  139  145  149  151  152  153  155  155  150
    35.0-180.0 180.0   5.0 450.0                            LAT/LON1/LON2/DLON/H
  157  147  134  122  114  107  100   97   99  111  129  151  177  208  243  279
  313  342  367  389  410  430  447  458  461  455  443  428  418  417  431  461
  507  560  608  641  655  650  632  603  565  521  477  436  401  370  341  315
  293  275  258  238  216  192  168  143  117   93   79   79   91  108  124  137
  148  156  159  159  156  156  159  161  157
    32.5-180.0 180.0   5.0 450.0                            LAT/LON1/LON2/DLON/H
  141  132  119  108  101   94   88   84   89  103  126  154  185  220  256  292
  323  349  373  397  420  441  456  465  466  460  453  450  460  485  526  582
  645  704  749  772  773  759  734  700  657  607  555  508  468  434  402  376
  357  346  337  326  310  289  263  232  195  159  134  125  130  142  153  161
  167  170  168  159  148  141  141  144  141
    30.0-180.0 180.0   5.0 450.0                            LAT/LON1/LON2/DLON/H
  110  102   91   83   78   75   70   68   74   92  120  154  191  230  269  303
  332  357  382  409  434  454  467  474  475  475  479  495  530  585  657  735
  811  872  908  917  902  876  845  809  764  710  652  600  555  517  484  459
  445  443  447  446  438  420  394  357  312  265  230  212  208  210  209  204
  199  193  180  160  136  119  112  112  110
    27.5-180.0 180.0   5.0 450.0                            LAT/LON1/LON2/DLON/H
   77   69   59   55   55   56   54   53   60   81  113  153  196  240  281  315
  342  368  397  427  454  472  482  488  494  504  524  562  623  706  801  895
  976 1031 1055 1047 1018  983  949  914  871  816  755  699  651  611  577  553
  545  553  569  579  577  561  534  494  445  393  351  327  314  303  285  263
  243  224  200  167  130  100   85   81   77
    25.0-180.0 180.0   5.0 450.0                            LAT/LON1/LON2/DLON/H
   54   44   35   33   37   42   42   43   51   73  108  152  201  249  293  327
  355  384  418  453  481  496  504  512  526  551  589  646  728  829  935 1032
 1106 1149 1157 1136 1097 1058 1027  998  961  909  848  791  743  701  666  643
  639  654  678  694  694  679  651  611  562  512  471  445  426  402  367  326
  290  258  225  183  136   96   72   62   54
    22.5-180.0 180.0   5.0 450.0                            LAT/LON1/LON2/DLON/H
   52   37   26   24   30   37   39   40   48   71  107  153  205  257  303  339
  370  404  445  486  513  526  531  543  570  610  665  737  828  931 1033 1116
 1173 1198 1193 1163 1123 1087 1064 1046 1018  972  916  862  814  773  736  711
  707  723  748  763  760  741  712  676  635  594  561  539  519  486  436  379
  329  290  253  208  156  111   81   65   52
    20.0-180.0 180.0   5.0 450.0                            LAT/LON1/LON2/DLON/H
   72   51   34   29   34   41   43   43   51   73  109  155  209  264  312  351
  386  426  475  519  547  555  560  579  620  677  743  819  906  997 1078 1135
 1165 1171 1155 1125 1091 1066 1055 1050 1034  999  950  900  856  815  775  745
  735  745  761  767  755  730  702  673  644  618  600  588  571  534  475  407
  350  310  276  236  188  144  112   91   72
    17.5-180.0 180.0   5.0 450.0                            LAT/LON1/LON2/DLON/H
  109   81   57   46   46   50   51   51   58   79  113  158  212  268  319  361
  400  447  502  550  575  580  586  615  670  741  812  883  953 1018 1067 1090
 1091 1078 1059 1036 1014 1004 1008 1016 1013  988  948  906  866  826  782  742
  720  715  716  706  682  650  623  604  591  584  584  585  575  540  478  407
  349  313  289  261  224  187  157  134  109
    15.0-180.0 180.0   5.0 450.0                            LAT/LON1/LON2/DLON/H
  155  120   88   69   63   62   60   58   65   85  118  162  215  272  325  369
  413  465  524  573  595  597  606  646  715  795  864  920  965  999 1012 1001
  975  950  934  923  919  923  940  959  966  951  921  887  851  810  761  710
  671  647  627  599  562  525  501  493  496  508  524  539  538  508  449  381
  328  300  288  276  255  230  206  184  155
    12.5-180.0 180.0   5.0 450.0                            LAT/LON1/LON2/DLON/H
  197  158  120   93   80   73   67   64   72   92  124  166  219  276  331  378
  425  481  541  587  605  606  620  671  752  835  895  931  949  952  934  897
  855  827  818  824  835  851  875  899  912  906  884  856  824  783  727  665
  609  563  522  478  432  395  376  378  395  421  449  473  479  456  405  344
  298  278  278  280  275  264  249  228  197
    10.0-180.0 180.0   5.0 450.0                            LAT/LON1/LON2/DLON/H
  228  187  145  114   94   81   71   67   75   97  129  172  225  284  339  389
  438  494  553  595  609  610  630  691  779  859  907  920  915  896  861  813
  767  744  749  769  791  812  835  858  873  870  854  831  801  758  698  627
  555  492  435  382  335  302  291  301  326  357  389  415  425  407  364  312
  272  257  263  276  284  284  276  259  228
     7.5-180.0 180.0   5.0 450.0                            LAT/LON1/LON2/DLON/H
  244  203  162  128  104   86   73   69   78  101  136  181  235  295  352  403
  453  509  563  599  611  614  641  710  799  872  903  898  877  851  815  772
  737  727  745  776  802  820  835  850  861  859  845  823  794  750  688  612
  532  458  394  341  300  278  276  290  314  342  369  390  397  383  347  301
  265  249  255  270  283  290  288  273  244
     5.0-180.0 180.0   5.0 450.0                            LAT/LON1/LON2/DLON/H
  245  209  170  137  112   91   75   70   80  105  144  193  249  311  369  421
  472  525  574  606  616  623  657  730  815  876  890  873  848  827  807  784
  769  777  807  843  865  872  874  878  881  876  861  838  807  764  703  628
  548  474  412  367  342  335  341  354  369  385  399  409  410  395  364  323
  285  263  259  268  280  288  286  272  245
     2.5-180.0 180.0   5.0 450.0                            LAT/LON1/LON2/DLON/H
  238  206  173  144  119   97   80   73   83  111  154  207  267  329  388  441
  492  543  589  617  628  640  680  752  829  875  876  852  832  829  834  840
  851  878  916  949  961  953  940  931  925  916  898  872  838  796  740  673
  601  533  482  455  449  457  469  476  477  475  472  468  460  444  415  375
  334  300  281  276  279  282  277  263  238
