ionex_files/turquie/COD0OPSFIN_20230360000_01D_01H_GIM.INX
     1.0            IONOSPHERE MAPS     GNSS                IONEX VERSION / TYPE
ADDNEQ2 V5.5        AIUB                09-FEB-23 20:57     PGM / RUN BY / DATE 
CODE'S GLOBAL IONOSPHERE MAPS FOR DAY 036, 2023             COMMENT             
Global ionosphere maps (GIM) are generated on a daily basis DESCRIPTION         
at CODE using data from about 300 GNSS sites of the IGS and DESCRIPTION         
other institutions. The vertical total electron content     DESCRIPTION         
(VTEC) is modeled in a solar-geomagnetic reference frame    DESCRIPTION         
using a spherical harmonics expansion up to degree and      DESCRIPTION         
order 15. Piece-wise linear functions are used for          DESCRIPTION         
representation in the time domain. The time spacing of      DESCRIPTION         
their vertices is 1 hour, conforming with the epochs of the DESCRIPTION         
VTEC maps.                                                  DESCRIPTION         
To convert line-of-sight TEC into vertical TEC, a modified  DESCRIPTION         
single-layer model mapping function approximating the JPL   DESCRIPTION         
extended slab model mapping function is adopted. The        DESCRIPTION         
mapping function is evaluated at geodetic satellite         DESCRIPTION         
elevation angles. For the computation of the ionospheric    DESCRIPTION         
pierce points, a spherical layer with a radius of 6821 km   DESCRIPTION         
is assumed, implying geocentric, not geodetic IONEX         DESCRIPTION         
latitudes.                                                  DESCRIPTION         
Instrumental biases with respect to each involved GNSS code DESCRIPTION         
observable are estimated as constant values for each        DESCRIPTION         
day. They are modeled with one set of bias parameters for   DESCRIPTION         
each satellite and each station in case of GPS and for each DESCRIPTION         
satellite-station link in case of GLONASS. The code bias    DESCRIPTION         
datum is defined by zero-mean conditions imposed on the     DESCRIPTION         
satellite bias estimates. In this file, just GPS C1W-C2W    DESCRIPTION         
satellite and station bias values are included. The         DESCRIPTION         
complete set of GNSS code bias results is provided in an    DESCRIPTION         
additional Bias-SINEX file as pseudo-absolute values        DESCRIPTION         
specific to each observable.                                DESCRIPTION         
Note: These GIM results correspond to the results for the   DESCRIPTION         
middle day of a 3-day combination analysis solving for 73   DESCRIPTION         
times 256, or 18688 VTEC parameters and 3 daily sets of     DESCRIPTION         
GNSS code bias parameters.                                  DESCRIPTION         
Contact address: code(at)aiub.unibe.ch                      DESCRIPTION         
Data archive:    ftp.aiub.unibe.ch/CODE/                    DESCRIPTION         
                 www.aiub.unibe.ch/download/CODE/           DESCRIPTION         
  2023     2     5     0     0     0                        EPOCH OF FIRST MAP  
  2023     2     6     0     0     0                        EPOCH OF LAST MAP   
  3600                                                      INTERVAL            
[...]
brux bshm cags cas1 cedu chpg chpi chti chur ckis coco cord COMMENT             
cpvg cpxf crar cro1 daej darw dav1 dgar dhlg drao dubo ebre COMMENT             
faa1 fair flrs frdn ftna func ganp glps glsv gode godz gol2 COMMENT             
gold gope gras graz guam guug harb hers hert hlfx hob2 hofn COMMENT             
holb hrao hyde iddr ieng iisc ineg invk iqal irkj isba jog2 COMMENT             
joz2 joze karr kerg kir0 kiri kiru kit3 kokb kokv koug kour COMMENT             
krgg laut lmmf lpal lpgs m0se mac1 madr mal2 mana mas1 mat1 COMMENT             
mate maw1 mcm4 mdo1 mdvj medi mets mgue mizu mkea mnls mobs COMMENT             
monp morp mqzg mro1 mtka nano nico nist nium nklg nlib nnor COMMENT             
not1 nrc1 nrmd ntus nya1 nyal ohi2 onsa opmt ous2 pado parc COMMENT             
park pdel penc pert pie1 pimo pohn pol2 polv pots pove prds COMMENT             
ptag ptbb ptvl qaq1 quin ramo reun reyk rgdg rio2 riop roth COMMENT             
salu samo sant savo sch2 scor scrz sctb scub seyg smst sofi COMMENT             
spt0 ssia sthl stjo str2 suth sutm suwn sydn syog tabl tabv COMMENT             
tash thtg thti thu2 tid1 tidb tlse tn22 tong tow2 tro1 tsea COMMENT             
tskb twtf txes uclu ufpr ulab unb3 unbj unsa urum usn7 usud COMMENT             
vald vill voim vtsp wab1 wab2 wark wes2 wgtn whit will wsrt COMMENT             
wtza wtzl wtzr wtzs wtzz wuhn xmis yar2 yar3 yarr yell zamb COMMENT             
zeck zim2 zim3 zimm                                         COMMENT             
                                                            END OF HEADER       
[from data line 4719]
    12                                                      START OF TEC MAP    
  2023     2     5    11     0     0                        EPOCH OF CURRENT MAP
    87.5-180.0 180.0   5.0 450.0                            LAT/LON1/LON2/DLON/H
   70   71   72   73   74   75   76   76   77   77   77   78   78   78   78   78
   78   78   78   78   78   77   77   77   77   77   77   76   76   76   75   75
   74   74   73   72   72   71   70   68   67   66   65   64   63   61   60   59
   58   57   57   56   56   56   55   55   56   56   56   57   58   59   59   60
   61   63   64   65   66   67   68   69   70
    85.0-180.0 180.0   5.0 450.0                            LAT/LON1/LON2/DLON/H
   77   78   80   81   82   83   84   84   85   85   85   84   84   83   83   82
   81   81   80   79   79   79   79   79   79   79   80   81   81   82   83   83
   84   84   84   83   82   81   79   77   75   73   70   67   64   61   58   56
   53   51   50   49   48   47   47   48   48   49   51   52   54   55   57   59
   61   63   65   67   69   71   73   75   77
    82.5-180.0 180.0   5.0 450.0                            LAT/LON1/LON2/DLON/H
   84   85   86   88   89   89   90   90   89   89   88   86   85   83   81   79
   77   75   73   72   71   70   70   71   72   74   76   79   82   85   88   92
   95   97   99  100  100  100   98   96   93   89   85   80   75   71   66   62
   58   55   53   51   50   50   51   52   54   55   58   60   62   65   67   69
   71   73   75   76   78   79   81   82   84
    80.0-180.0 180.0   5.0 450.0                            LAT/LON1/LON2/DLON/H
   90   90   90   91   91   92   92   91   90   89   86   84   81   78   74   70
   67   64   61   59   57   56   56   57   60   63   67   72   78   85   92   99
  106  112  117  121  124  125  124  123  119  115  109  103   97   91   85   80
   75   72   69   68   68   68   70   72   75   78   81   83   86   88   89   90
   91   91   91   90   90   90   89   89   90
    77.5-180.0 180.0   5.0 450.0                            LAT/LON1/LON2/DLON/H
   92   91   90   90   90   90   89   88   87   84   82   78   74   70   65   60
   56   52   48   45   43   42   42   43   46   50   57   64   73   84   94  106
  117  127  137  144  150  154  155  155  152  148  142  135  128  121  114  109
  104  100   99   98   99  101  104  107  111  114  117  119  121  121  121  119
  117  114  110  107  103   99   96   94   92
    75.0-180.0 180.0   5.0 450.0                            LAT/LON1/LON2/DLON/H
   90   87   86   85   85   84   84   83   81   78   75   71   66   62   57   52
   48   44   40   37   34   33   32   34   37   42   49   58   69   82   97  112
  127  142  156  167  176  183  187  188  186  183  178  172  165  158  151  145
  141  138  137  138  139  142  146  150  154  157  159  159  159  157  153  149
  143  136  128  120  113  105   99   94   90
    72.5-180.0 180.0   5.0 450.0                            LAT/LON1/LON2/DLON/H
   82   79   77   76   76   76   76   75   74   71   68   64   60   56   52   48
   45   42   39   36   34   33   32   33   35   40   47   57   69   83  100  118
  137  155  172  187  199  208  215  218  218  216  213  208  202  196  190  185
  181  179  178  179  181  184  187  191  193  194  194  192  189  184  177  169
  160  150  138  127  115  105   95   88   82
    70.0-180.0 180.0   5.0 450.0                            LAT/LON1/LON2/DLON/H
   71   67   65   65   66   67   68   68   67   64   61   58   55   52   50   49
   48   46   45   44   42   41   40   40   41   45   51   60   72   87  104  124
  145  165  185  202  217  228  236  241  243  244  242  240  236  232  227  222
  218  215  214  214  215  217  219  220  219  218  214  209  202  194  184  174
  162  150  137  123  109   97   86   77   71
    67.5-180.0 180.0   5.0 450.0                            LAT/LON1/LON2/DLON/H
   56   53   53   54   56   58   60   60   60   58   55   53   51   51   51   52
   53   55   55   56   55   54   52   52   52   54   59   66   78   92  110  130
  152  173  194  213  229  241  250  256  260  263  264  265  264  261  257  253
  247  242  239  236  235  234  233  231  227  220  212  203  193  182  171  160
  148  136  122  109   95   82   71   62   56
    65.0-180.0 180.0   5.0 450.0                            LAT/LON1/LON2/DLON/H
   43   41   41   43   47   50   52   53   53   51   50   48   48   49   51   55
   59   62   65   66   66   65   64   62   62   63   67   74   84   98  116  136
  158  181  202  221  237  249  258  265  270  275  279  282  284  283  280  274
  266  257  250  243  238  234  230  223  215  204  191  178  165  152  141  131
  121  110   99   87   76   64   55   47   43
    62.5-180.0 180.0   5.0 450.0                            LAT/LON1/LON2/DLON/H
   32   32   33   36   39   42   45   47   47   45   44   43   44   46   50   55
   61   66   69   71   72   71   69   68   67   69   73   80   91  105  123  143
  165  188  209  228  243  254  263  269  275  281  288  294  298  298  294  286
  274  262  249  238  229  221  213  203  191  176  159  142  126  113  103   95
   88   81   73   65   56   48   41   36   32
    60.0-180.0 180.0   5.0 450.0                            LAT/LON1/LON2/DLON/H
   29   28   29   32   34   37   40   41   41   40   39   38   39   42   47   53
   59   64   68   70   70   69   67   66   67   69   75   84   96  112  131  152
  174  197  218  236  250  260  267  273  278  285  293  301  307  308  303  292
  277  259  241  226  213  202  191  179  164  146  127  108   91   78   68   63
   59   56   52   48   43   38   34   30   29
    57.5-180.0 180.0   5.0 450.0                            LAT/LON1/LON2/DLON/H
   33   32   32   33   34   35   36   37   37   37   36   35   36   39   43   48
   54   58   61   62   62   60   59   59   61   66   75   87  102  120  141  163
  185  207  228  246  259  268  274  278  282  288  297  306  313  314  309  295
  276  254  232  213  198  185  174  161  145  127  107   87   69   56   48   44
   43   42   41   40   38   36   35   34   33
    55.0-180.0 180.0   5.0 450.0                            LAT/LON1/LON2/DLON/H
   45   44   42   39   37   37   37   37   37   36   35   35   35   37   40   44
   48   51   53   53   52   50   49   50   55   63   75   91  110  131  153  175
  197  219  239  256  270  278  283  285  288  293  301  310  317  319  313  298
  277  252  227  206  190  177  166  155  140  123  104   85   68   55   48   44
   42   43   43   43   43   44   45   45   45
    52.5-180.0 180.0   5.0 450.0                            LAT/LON1/LON2/DLON/H
   62   60   56   51   46   43   41   41   41   40   39   39   39   39   41   43
   46   48   48   48   46   44   43   46   52   63   79   99  121  144  166  188
  209  229  249  266  280  289  294  296  297  300  306  314  320  321  315  301
  280  255  230  208  192  180  171  161  149  135  118  101   85   73   65   59
   57   55   54   54   55   57   60   62   62
    50.0-180.0 180.0   5.0 450.0                            LAT/LON1/LON2/DLON/H
   80   78   72   66   59   54   51   49   49   49   48   48   47   47   47   48
   49   50   50   49   47   45   45   48   56   70   89  112  136  159  180  199
  217  236  255  273  288  299  305  307  307  308  311  316  320  321  316  304
  285  262  239  218  202  191  183  175  166  155  142  127  113  101   91   84
   78   73   70   68   68   71   75   79   80
    47.5-180.0 180.0   5.0 450.0                            LAT/LON1/LON2/DLON/H
   93   92   88   81   74   68   64   62   61   61   61   61   60   60   59   59
   59   60   60   59   57   55   55   58   68   84  105  129  152  173  191  206
  221  237  256  275  294  307  315  318  317  316  315  316  318  318  314  305
  290  271  251  232  216  205  197  190  183  174  164  152  140  128  118  107
   98   89   82   78   77   80   86   91   93
    45.0-180.0 180.0   5.0 450.0                            LAT/LON1/LON2/DLON/H
   99  101   98   93   87   82   78   76   75   75   75   76   76   76   75   74
   74   75   76   76   75   72   71   75   86  103  125  147  168  186  199  209
  220  234  253  275  297  314  324  328  327  324  320  317  314  313  310  305
  294  280  262  245  229  216  206  198  190  183  175  166  156  145  134  122
  110   98   87   80   78   81   87   94   99
    42.5-180.0 180.0   5.0 450.0                            LAT/LON1/LON2/DLON/H
   95  100  101  100   97   94   90   88   87   87   89   91   93   93   92   92
   92   94   96   96   94   90   88   93  105  123  144  165  182  194  201  207
  215  229  250  276  301  322  334  340  339  334  327  319  312  308  306  303
  297  286  271  254  237  222  208  197  187  178  170  163  155  146  136  125
  112   98   85   75   72   74   80   88   95
    40.0-180.0 180.0   5.0 450.0                            LAT/LON1/LON2/DLON/H
   83   90   96   99  100  100   98   96   95   96   98  102  106  109  109  108
  109  111  114  115  111  106  103  107  121  140  161  180  192  199  201  204
  212  229  254  284  313  336  350  356  355  350  339  327  315  308  305  303
  300  292  278  261  242  224  206  189  175  163  154  147  142  136  130  121
  109   94   80   69   63   63   67   75   83
    37.5-180.0 180.0   5.0 450.0                            LAT/LON1/LON2/DLON/H
   66   74   83   90   95   98   98   97   97   98  102  109  115  120  122  122
  123  125  128  127  122  114  110  116  131  153  174  190  199  202  203  206
  217  239  270  306  338  360  374  379  379  373  362  346  330  318  313  311
  308  300  286  269  249  228  206  184  165  148  137  130  127  126  124  119
  110   97   82   68   59   55   56   60   66
    35.0-180.0 180.0   5.0 450.0                            LAT/LON1/LON2/DLON/H
   52   58   66   75   83   88   90   91   92   94  100  109  119  127  130  131
  131  134  135  133  124  114  110  117  136  160  183  198  205  208  210  218
  236  266  305  345  379  399  409  412  412  407  396  378  359  343  335  330
  325  315  301  284  264  243  219  193  168  147  132  126  125  129  133  133
  128  116   99   83   69   59   53   51   52
    32.5-180.0 180.0   5.0 450.0                            LAT/LON1/LON2/DLON/H
   46   45   50   57   66   72   77   79   81   85   93  105  118  128  133  135
  135  137  137  132  121  109  105  114  137  165  190  206  215  221  229  245
  273  312  359  403  436  452  456  456  455  451  442  424  403  384  372  364
  355  343  328  311  294  275  251  223  194  169  153  146  148  156  165  170
  168  156  138  118   98   81   66   54   46
    30.0-180.0 180.0   5.0 450.0                            LAT/LON1/LON2/DLON/H
   53   42   39   42   48   55   60   64   68   74   83   97  112  125  133  135
  136  136  134  127  114  101   98  111  138  169  197  216  230  244  263  290
  328  376  429  475  505  515  511  506  504  503  496  480  459  440  425  413
  401  385  370  356  343  328  307  279  248  221  203  197  202  213  225  233
  231  219  198  173  147  121   95   72   53
    27.5-180.0 180.0   5.0 450.0                            LAT/LON1/LON2/DLON/H
   74   50   37   33   35   40   46   52   58   64   74   88  105  120  129  133
  134  133  130  121  107   96   95  112  142  176  207  231  253  279  311  350
  397  452  507  552  577  579  568  558  555  557  554  541  522  503  487  473
  457  440  425  415  407  398  381  355  325  298  281  276  282  294  306  313
  310  295  271  240  208  175  140  105   74
    25.0-180.0 180.0   5.0 450.0                            LAT/LON1/LON2/DLON/H
  105   70   47   34   30   32   38   46   52   59   68   81   97  113  124  129
  131  129  125  116  104   95   99  119  151  187  221  251  283  323  369  419
  473  528  582  623  642  636  619  605  602  607  608  599  583  566  551  536
  519  502  489  483  481  477  464  440  412  387  372  369  374  384  393  395
  388  369  341  308  271  233  191  147  105
    22.5-180.0 180.0   5.0 450.0                            LAT/LON1/LON2/DLON/H
  141   98   66   46   36   35   40   48   55   61   67   76   90  105  117  124
  126  126  121  113  104  100  108  132  165  202  236  273  317  371  431  489
  544  596  643  677  689  678  657  641  639  646  650  645  633  620  608  595
  579  564  553  551  553  552  542  521  495  473  460  458  461  466  466  461
  447  425  394  360  323  284  240  191  141
    20.0-180.0 180.0   5.0 450.0                            LAT/LON1/LON2/DLON/H
  176  130   93   68   54   50   53   61   67   69   71   76   85   98  109  117
  121  121  118  113  107  109  123  149  182  217  253  295  350  418  488  550
  601  644  680  706  713  700  679  664  663  672  678  676  668  659  651  641
  629  616  609  610  614  614  603  583  559  540  530  527  526  521  511  495
  474  448  417  385  352  317  276  227  176
    17.5-180.0 180.0   5.0 450.0                            LAT/LON1/LON2/DLON/H
  204  159  122   96   80   74   76   81   85   84   80   78   82   91  101  109
  115  117  115  112  112  120  138  166  198  231  267  314  378  456  532  594
  636  667  692  709  713  702  684  673  674  684  691  691  686  681  678  672
  664  655  651  653  656  654  642  621  598  580  571  565  556  540  516  489
  461  433  405  378  353  326  292  250  204
    15.0-180.0 180.0   5.0 450.0                            LAT/LON1/LON2/DLON/H
  220  182  150  126  110  103  103  106  106  101   92   84   82   85   92  100
  107  111  111  111  115  129  152  181  212  242  278  328  398  481  559  615
  648  665  679  691  695  688  677  672  676  686  692  692  689  688  689  687
  683  677  675  677  678  672  657  634  611  593  582  571  553  523  485  447
  414  386  362  343  328  311  289  258  220
    12.5-180.0 180.0   5.0 450.0                            LAT/LON1/LON2/DLON/H
  225  197  173  154  141  133  130  130  127  118  106   93   83   81   84   91
   99  104  106  109  117  135  161  191  221  250  286  338  409  492  566  615
  637  644  649  658  666  667  664  666  674  683  688  686  685  686  690  691
  689  686  685  686  684  675  656  632  607  587  571  553  523  480  431  384
  347  320  302  291  285  280  270  251  225
    10.0-180.0 180.0   5.0 450.0                            LAT/LON1/LON2/DLON/H
  221  204  189  176  166  158  152  148  142  132  117  101   88   79   78   83
   91   98  102  107  117  138  166  197  227  256  292  344  413  489  555  595
  609  610  613  623  635  645  652  661  672  681  683  681  680  682  687  689
  688  686  685  685  681  670  651  626  600  575  552  524  483  430  371  318
  280  256  243  238  240  244  244  236  221
     7.5-180.0 180.0   5.0 450.0                            LAT/LON1/LON2/DLON/H
  214  206  198  191  183  174  165  158  150  139  126  110   94   81   75   78
   86   94  100  105  117  139  168  200  231  261  298  348  410  477  532  563
  573  573  578  593  612  629  645  660  674  682  683  680  679  683  687  687
  685  683  681  681  677  668  652  628  600  569  537  499  450  389  325  271
  234  212  202  200  205  214  221  220  214
     5.0-180.0 180.0   5.0 450.0                            LAT/LON1/LON2/DLON/H
  209  205  201  197  190  180  169  158  149  140  130  117  102   86   77   77
   84   93   99  105  117  140  170  203  235  268  306  352  405  458  500  525
  535  540  552  572  597  621  643  663  679  688  689  687  687  689  692  690
  685  680  679  679  678  674  664  644  613  576  535  488  433  371  308  256
  221  201  191  189  193  201  209  211  209
     2.5-180.0 180.0   5.0 450.0                            LAT/LON1/LON2/DLON/H
  209  205  201  198  190  178  164  151  141  135  131  123  110   94   83   80
   86   94  101  107  119  141  172  206  241  277  315  357  399  437  467  487
  500  514  534  562  591  618  643  666  685  695  698  698  699  701  701  696
  688  681  678  680  684  688  685  670  639  596  547  494  438  379  321  275
  244  225  213  206  205  209  213  213  209
