ionex_files/turquie/COD0OPSFIN_20230220000_01D_01H_GIM.INX
     1.0            IONOSPHERE MAPS     GNSS                IONEX VERSION / TYPE
ADDNEQ2 V5.5        AIUB                26-JAN-23 21:09     PGM / RUN BY / DATE 
CODE'S GLOBAL IONOSPHERE MAPS FOR DAY 022, 2023             COMMENT             
Global ionosphere maps (GIM) are generated on a daily basis DESCRIPTION         
at CODE using data from about 300 GNSS sites of the IGS and DESCRIPTION         
other institutions. The vertical total electron content     DESCRIPTION         
(VTEC) is modeled in a solar-geomagnetic reference frame    DESCRIPTION         
using a spherical harmonics expansion up to degree and      DESCRIPTION         
order 15. Piece-wise linear functions are used for          DESCRIPTION         
representation in the time domain. The time spacing of      DESCRIPTION         
their vertices is 1 hour, conforming with the epochs of the DESCRIPTION         
VTEC maps.                                                  DESCRIPTION         
To convert line-of-sight TEC into vertical TEC, a modified  DESCRIPTION         
single-layer model mapping function approximating the JPL   DESCRIPTION         
extended slab model mapping function is adopted. The        DESCRIPTION         
mapping function is evaluated at geodetic satellite         DESCRIPTION         
elevation angles. For the computation of the ionospheric    DESCRIPTION         
pierce points, a spherical layer with a radius of 6821 km   DESCRIPTION         
is assumed, implying geocentric, not geodetic IONEX         DESCRIPTION         
latitudes.                                                  DESCRIPTION         
Instrumental biases with respect to each involved GNSS code DESCRIPTION         
observable are estimated as constant values for each        DESCRIPTION         
day. They are modeled with one set of bias parameters for   DESCRIPTION         
each satellite and each station in case of GPS and for each DESCRIPTION         
satellite-station link in case of GLONASS. The code bias    DESCRIPTION         
datum is defined by zero-mean conditions imposed on the     DESCRIPTION         
satellite bias estimates. In this file, just GPS C1W-C2W    DESCRIPTION         
satellite and station bias values are included. The         DESCRIPTION         
complete set of GNSS code bias results is provided in an    DESCRIPTION         
additional Bias-SINEX file as pseudo-absolute values        DESCRIPTION         
specific to each observable.                                DESCRIPTION         
Note: These GIM results correspond to the results for the   DESCRIPTION         
middle day of a 3-day combination analysis solving for 73   DESCRIPTION         
times 256, or 18688 VTEC parameters and 3 daily sets of     DESCRIPTION         
GNSS code bias parameters.                                  DESCRIPTION         
Contact address: code(at)aiub.unibe.ch                      DESCRIPTION         
Data archive:    ftp.aiub.unibe.ch/CODE/                    DESCRIPTION         
                 www.aiub.unibe.ch/download/CODE/           DESCRIPTION         
  2023     1    22     0     0     0                        EPOCH OF FIRST MAP  
  2023     1    23     0     0     0                        EPOCH OF LAST MAP   
  3600                                                      INTERVAL            
[...]
brux bshm cas1 ccj2 cedu chpg chpi chti chur ckis cnmr coco COMMENT             
cord cpxf crar cro1 daej darw dav1 dgar dhlg drao dubo ebre COMMENT             
faa1 fair flrs frdn ftna func ganp glps gode godz gol2 gold COMMENT             
gope gras graz guam guug harb hers hert hlfx hob2 hofn holb COMMENT             
hrao hyde iddr ieng iisc ineg invk iqal irkj isba jog2 joz2 COMMENT             
joze karr kerg kir0 kiru kit3 kokb kokv koug kour krgg laut COMMENT             
lmmf lpal lpgs m0se mac1 madr mal2 mana mas1 mat1 mate maw1 COMMENT             
mcm4 mdo1 mdvj medi mets mgue mizu mkea mnls mobs monp morp COMMENT             
mqzg mro1 mtka nano nico nist nium nklg nlib nnor not1 nrc1 COMMENT             
nrmd ntus nya1 nyal ohi2 onsa opmt ous2 pado parc park pdel COMMENT             
penc pert pie1 pimo pohn pol2 polv pots pove prds ptag ptbb COMMENT             
ptvl qaq1 quin ramo reun reyk rgdg rio2 riop salu samo sant COMMENT             
savo sch2 scor scrz sctb scub seyg sofi spt0 ssia sthl stk2 COMMENT             
str2 suth sutm sydn syog tabl tabv tash thtg thti thu2 tid1 COMMENT             
tidb tlse tn22 tong tow2 tro1 tsea tskb tuva twtf txes uclu COMMENT             
ufpr ulab unb3 unbj unsa urum usn7 usud vald vill voim vtsp COMMENT             
wab1 wab2 wark wes2 wgtn whit will wind wsrt wtza wtzl wtzr COMMENT             
wtzs wuhn xmis yar2 yar3 yarr yell ykro zamb zeck zim2 zim3 COMMENT             
zimm                                                        COMMENT             
                                                            END OF HEADER       
[from data line 2574]
     7                                                      START OF TEC MAP    
  2023     1    22     6     0     0                        EPOCH OF CURRENT MAP
    87.5-180.0 180.0   5.0 450.0                            LAT/LON1/LON2/DLON/H
   66   64   62   60   58   57   55   54   53   52   52   51   51   50   50   50
   50   50   51   51   52   52   52   53   54   54   55   56   56   57   58   59
   59   60   61   62   63   64   65   67   68   69   70   72   73   75   76   77
   79   80   81   82   83   84   85   85   86   86   86   86   85   84   83   82
   81   79   78   76   74   72   70   68   66
    85.0-180.0 180.0   5.0 450.0                            LAT/LON1/LON2/DLON/H
   71   66   61   57   53   50   47   45   43   42   41   41   41   42   42   43
   45   46   47   48   49   50   51   52   53   53   54   55   56   56   57   58
   59   60   61   62   63   65   66   68   70   72   74   77   80   83   86   89
   93   96  100  103  106  109  111  114  115  116  117  117  116  115  113  111
  108  104  100   96   91   86   81   76   71
    82.5-180.0 180.0   5.0 450.0                            LAT/LON1/LON2/DLON/H
   79   71   63   56   49   44   40   37   35   34   34   35   37   39   42   44
   47   49   51   53   55   56   56   57   57   57   57   57   58   58   59   59
   60   61   62   62   64   65   66   68   70   72   75   78   83   87   92   98
  104  111  117  124  130  136  141  145  149  151  153  154  153  152  149  145
  141  135  129  122  114  105   97   88   79
    80.0-180.0 180.0   5.0 450.0                            LAT/LON1/LON2/DLON/H
   91   79   68   57   48   41   35   31   29   30   31   34   38   42   47   51
   55   59   61   63   64   65   64   64   63   62   61   60   60   59   60   60
   61   62   63   63   64   65   65   66   68   70   73   77   82   88   96  104
  114  124  134  144  154  162  170  177  182  186  189  190  189  188  184  180
  174  167  159  150  139  128  116  104   91
    77.5-180.0 180.0   5.0 450.0                            LAT/LON1/LON2/DLON/H
  106   90   76   62   50   41   34   29   28   29   32   37   43   49   56   62
   67   70   73   74   74   73   71   69   66   64   62   60   59   59   59   60
   61   62   64   64   65   65   64   64   64   66   68   72   79   87   97  109
  122  136  150  164  177  188  198  206  212  217  219  219  219  216  212  207
  201  193  185  174  163  150  136  121  106
    75.0-180.0 180.0   5.0 450.0                            LAT/LON1/LON2/DLON/H
  120  103   86   70   56   44   36   31   30   31   36   42   49   57   64   71
   76   79   81   81   80   77   74   71   67   64   61   59   57   57   58   59
   61   63   64   65   65   64   63   61   60   60   62   67   75   85   99  114
  132  150  168  185  200  213  224  231  237  239  240  239  237  233  228  223
  216  209  200  190  179  166  152  137  120
    72.5-180.0 180.0   5.0 450.0                            LAT/LON1/LON2/DLON/H
  131  113   95   78   62   50   41   35   34   36   41   47   55   63   70   76
   80   82   83   82   80   77   73   69   65   62   59   57   55   55   56   58
   60   62   64   65   64   63   60   57   55   55   57   62   72   85  103  123
  144  167  188  207  224  236  246  251  254  254  252  248  244  238  232  225
  219  211  204  195  185  174  161  147  131
    70.0-180.0 180.0   5.0 450.0                            LAT/LON1/LON2/DLON/H
  135  119  102   84   69   56   46   41   39   41   46   52   58   65   70   74
   77   78   77   76   74   71   68   65   62   60   58   56   55   55   55   57
   59   61   62   63   62   60   56   53   50   49   52   60   72   90  111  136
  161  187  210  230  246  257  264  266  265  262  257  250  243  235  227  219
  211  203  196  188  180  172  162  149  135
    67.5-180.0 180.0   5.0 450.0                            LAT/LON1/LON2/DLON/H
  133  119  103   87   72   60   51   46   45   46   50   54   59   63   66   67
   68   67   66   65   63   62   61   60   60   59   59   58   57   57   56   56
   57   58   59   59   58   55   51   47   45   45   50   61   77   99  125  153
  182  210  234  253  267  275  278  277  272  266  258  250  241  232  222  212
  201  191  182  174  167  161  153  144  133
    65.0-180.0 180.0   5.0 450.0                            LAT/LON1/LON2/DLON/H
  125  114  100   86   72   61   54   50   49   50   53   55   57   58   58   58
   56   55   53   52   52   52   54   56   58   60   61   62   61   60   58   56
   55   55   54   53   52   48   45   41   40   43   51   66   87  114  144  175
  206  233  256  273  284  288  288  283  277  269  262  254  245  235  224  211
  197  183  171  160  152  146  140  134  125
    62.5-180.0 180.0   5.0 450.0                            LAT/LON1/LON2/DLON/H
  115  106   94   81   69   59   53   51   51   53   54   55   55   53   51   49
   47   45   43   43   43   45   49   52   57   61   64   65   65   63   60   56
   53   51   49   48   45   42   39   36   37   44   56   76  102  133  166  199
  229  255  275  289  296  297  294  288  281  274  269  264  258  250  238  223
  205  186  169  154  142  134  128  123  115
    60.0-180.0 180.0   5.0 450.0                            LAT/LON1/LON2/DLON/H
  109  100   88   75   64   56   51   50   52   53   54   54   52   50   47   44
   42   40   39   39   40   42   46   50   55   60   64   67   67   64   60   55
   51   48   45   43   40   37   35   34   38   48   65   90  120  154  189  222
  251  274  290  300  303  302  297  290  285  281  280  280  278  273  263  247
  226  203  180  159  143  131  123  117  109
    57.5-180.0 180.0   5.0 450.0                            LAT/LON1/LON2/DLON/H
  111   99   86   73   61   53   49   49   51   53   54   53   51   49   47   45
   43   42   41   41   42   44   46   49   53   57   61   64   65   63   59   54
   49   46   43   41   39   36   34   35   42   55   77  106  141  177  213  245
  270  289  301  307  307  304  298  293  289  289  292  297  301  301  293  278
  257  231  203  178  157  141  130  120  111
    55.0-180.0 180.0   5.0 450.0                            LAT/LON1/LON2/DLON/H
  122  107   92   76   62   53   49   50   52   54   55   54   53   51   50   50
   50   50   50   50   49   49   49   48   49   51   54   57   59   59   56   53
   49   46   45   44   42   40   39   41   50   67   93  125  162  200  235  265
  287  302  310  312  310  306  300  295  293  295  301  310  318  321  318  306
  286  261  234  207  183  164  148  135  122
    52.5-180.0 180.0   5.0 450.0                            LAT/LON1/LON2/DLON/H
  141  124  105   86   70   60   55   54   56   57   57   57   56   56   57   58
   60   60   61   60   59   57   53   49   46   44   46   49   53   54   54   52
   50   50   50   50   50   48   48   52   63   83  111  146  184  222  257  284
  303  314  319  319  315  310  303  297  294  296  302  311  321  327  326  319
  304  285  261  237  214  193  175  158  141
    50.0-180.0 180.0   5.0 450.0                            LAT/LON1/LON2/DLON/H
  164  145  124  103   86   73   66   64   64   64   63   61   61   62   64   67
   69   70   71   71   69   66   60   53   45   40   40   43   48   51   53   53
   53   55   58   60   61   60   61   66   79  101  131  166  204  243  277  303
  320  329  331  328  323  317  308  300  293  291  294  300  307  312  313  310
  303  292  278  261  242  222  202  183  164
    47.5-180.0 180.0   5.0 450.0                            LAT/LON1/LON2/DLON/H
  184  164  144  124  106   92   84   79   77   75   72   69   67   68   71   74
   76   77   78   79   79   76   70   60   49   42   40   42   48   52   55   56
   58   61   66   71   73   73   75   83   98  121  151  186  223  261  295  322
  340  347  347  343  336  328  317  304  292  284  279  279  280  282  282  282
  281  281  277  270  258  242  223  204  184
    45.0-180.0 180.0   5.0 450.0                            LAT/LON1/LON2/DLON/H
  195  177  160  143  127  114  105   99   94   89   84   79   76   76   77   79
   80   81   82   85   87   87   81   71   59   50   47   49   54   58   60   60
   62   67   74   80   83   85   89  100  118  142  172  204  240  277  313  342
  361  368  367  361  353  343  329  313  295  280  268  260  254  248  244  243
  247  254  262  265  260  249  232  213  195
    42.5-180.0 180.0   5.0 450.0                            LAT/LON1/LON2/DLON/H
  192  178  166  155  144  134  125  118  112  105   98   91   86   84   84   84
   83   84   86   91   96   98   95   86   74   65   61   63   66   68   67   65
   66   71   78   85   90   94  101  115  137  163  191  221  254  291  329  361
  382  391  389  382  373  362  347  329  308  289  272  257  244  230  218  212
  215  225  238  248  250  242  227  209  192
    40.0-180.0 180.0   5.0 450.0                            LAT/LON1/LON2/DLON/H
  179  169  162  158  153  147  140  134  128  120  112  104   98   94   92   90
   89   90   93   99  106  111  109  102   92   84   81   81   83   81   75   70
   68   72   80   87   93   99  109  128  154  182  209  235  264  301  341  378
  402  412  410  403  395  387  375  358  339  320  303  286  268  246  225  209
  204  209  221  232  235  228  213  195  179
    37.5-180.0 180.0   5.0 450.0                            LAT/LON1/LON2/DLON/H
  161  152  150  151  152  150  147  142  137  131  124  116  110  105  102  100
   99  100  104  111  118  123  122  116  109  103  100  100   99   92   82   72
   68   70   78   86   92  100  115  139  169  199  224  246  272  307  350  391
  419  430  430  425  421  419  415  406  394  382  370  357  337  310  279  250
  230  222  224  228  228  218  199  178  161
    35.0-180.0 180.0   5.0 450.0                            LAT/LON1/LON2/DLON/H
  148  136  134  138  142  144  144  142  139  136  131  125  120  116  114  113
  113  116  120  126  131  134  132  126  121  117  116  115  111  101   86   73
   66   68   75   83   90  100  118  148  183  215  238  255  277  311  356  400
  431  445  447  447  452  462  470  475  475  475  474  469  453  424  384  340
  301  274  258  250  240  223  198  170  148
    32.5-180.0 180.0   5.0 450.0                            LAT/LON1/LON2/DLON/H
  150  130  123  125  129  132  133  134  134  134  133  130  127  125  124  126
  129  133  138  142  143  141  135  130  125  124  125  123  117  104   87   72
   64   66   73   80   87   98  121  155  195  229  250  264  282  314  360  406
  440  458  465  473  491  516  541  563  579  594  606  612  603  576  530  472
  414  364  327  301  279  252  218  182  150
    30.0-180.0 180.0   5.0 450.0                            LAT/LON1/LON2/DLON/H
  174  142  125  119  118  119  120  122  125  128  130  130  130  130  132  135
  141  147  152  153  150  142  133  126  123  124  125  124  117  103   85   70
   63   65   72   79   86   98  123  162  206  242  263  273  289  319  365  413
  449  470  485  505  538  580  624  663  696  724  749  765  764  741  693  627
  552  481  424  382  347  310  267  219  174
    27.5-180.0 180.0   5.0 450.0                            LAT/LON1/LON2/DLON/H
  222  175  143  125  116  112  111  113  117  123  127  129  130  131  134  139
  146  153  157  156  149  137  125  118  115  118  120  119  112   98   82   70
   65   67   74   79   85   99  127  170  217  255  276  286  300  330  374  422
  461  487  510  542  591  650  711  764  809  847  879  902  908  890  845  775
  692  608  535  480  436  392  340  281  222
    25.0-180.0 180.0   5.0 450.0                            LAT/LON1/LON2/DLON/H
  290  227  180  148  128  117  113  114  119  124  128  130  131  131  132  135
  140  147  151  150  141  128  116  108  107  111  113  112  105   94   81   72
   69   72   77   81   86  101  131  178  229  270  292  303  317  347  391  438
  478  509  540  585  646  718  789  851  901  941  974  997 1006  993  955  891
  808  720  642  581  533  486  429  361  290
    22.5-180.0 180.0   5.0 450.0                            LAT/LON1/LON2/DLON/H
  367  293  232  187  157  139  131  131  134  138  140  140  137  134  130  127
  128  131  135  135  130  119  109  103  103  107  109  107  101   92   84   78
   76   78   80   82   87  103  137  187  242  285  310  325  341  372  415  461
  502  537  576  628  696  773  846  908  956  991 1017 1034 1041 1033 1005  952
  880  799  726  668  622  576  518  446  367
    20.0-180.0 180.0   5.0 450.0                            LAT/LON1/LON2/DLON/H
  441  362  293  238  200  177  167  166  168  168  166  161  154  144  133  122
  115  113  116  120  120  115  109  106  107  110  111  108  102   96   90   86
   84   84   84   83   88  106  143  197  254  301  330  349  371  403  445  490
  531  569  613  667  734  806  873  926  964  988 1001 1008 1010 1006  989  953
  899  836  776  728  690  649  594  523  441
    17.5-180.0 180.0   5.0 450.0                            LAT/LON1/LON2/DLON/H
  503  425  354  296  254  228  218  217  217  215  208  197  185  169  149  127
  110  102  104  112  119  120  119  118  119  120  119  115  109  104  101   97
   94   90   86   83   88  108  149  207  267  316  350  375  402  436  478  520
  561  601  645  696  754  812  864  903  926  935  934  929  926  925  920  904
  872  831  790  757  729  695  646  580  503
    15.0-180.0 180.0   5.0 450.0                            LAT/LON1/LON2/DLON/H
  545  474  408  352  311  287  278  278  278  272  261  246  230  209  181  150
  122  107  108  119  132  139  140  139  138  137  133  128  122  118  114  109
  103   95   87   82   88  111  156  216  278  329  367  398  430  467  508  548
  587  627  668  711  754  793  825  846  854  849  836  822  815  817  824  826
  816  797  776  757  739  712  670  613  545
    12.5-180.0 180.0   5.0 450.0                            LAT/LON1/LON2/DLON/H
  567  509  452  402  365  344  338  340  340  332  319  303  284  262  230  192
  157  136  134  146  161  169  169  165  160  155  150  143  137  133  128  121
  111   99   88   83   90  116  163  224  286  339  380  416  453  492  530  568
  605  643  679  711  736  755  767  772  768  753  732  715  708  716  732  748
  755  754  749  741  729  707  671  623  567
    10.0-180.0 180.0   5.0 450.0                            LAT/LON1/LON2/DLON/H
  577  531  485  442  410  393  389  393  393  385  372  356  341  321  290  251
  212  186  181  191  203  207  200  189  179  172  165  158  153  147  141  131
  118  103   91   86   94  122  170  231  291  343  387  426  466  505  541  575
  610  646  677  699  709  711  708  702  690  672  650  636  635  650  674  697
  713  722  725  723  713  692  660  620  577
     7.5-180.0 180.0   5.0 450.0                            LAT/LON1/LON2/DLON/H
  581  545  508  472  443  428  426  429  428  421  409  398  388  375  351  315
  277  251  242  247  251  244  227  207  192  182  176  170  165  159  151  139
  123  108   97   93  102  130  177  236  293  344  387  428  469  507  539  569
  601  635  664  680  681  675  667  657  644  627  611  605  615  638  666  690
  706  714  718  715  703  680  650  616  581
     5.0-180.0 180.0   5.0 450.0                            LAT/LON1/LON2/DLON/H
  588  557  524  491  464  449  445  445  442  434  425  419  417  413  398  371
  339  315  303  300  292  272  242  214  194  185  180  176  172  166  157  144
  128  114  104  103  113  140  184  239  293  340  382  423  463  498  526  551
  581  614  642  659  662  659  655  651  642  630  622  629  652  684  712  730
  736  736  732  724  707  682  651  619  588
     2.5-180.0 180.0   5.0 450.0                            LAT/LON1/LON2/DLON/H
  604  571  536  502  474  456  446  440  433  423  416  415  420  425  422  406
  383  362  349  337  317  283  242  208  188  181  179  177  174  168  159  146
  132  120  113  114  124  150  190  240  290  335  375  415  452  482  504  524
  551  584  617  640  655  666  678  685  685  679  681  700  736  774  800  806
  796  781  766  750  728  700  668  635  604
