ionex_files/turquie/COD0OPSFIN_20230270000_01D_01H_GIM.INX
     1.0            IONOSPHERE MAPS     GNSS                IONEX VERSION / TYPE
ADDNEQ2 V5.5        AIUB                31-JAN-23 21:39     PGM / RUN BY / DATE 
CODE'S GLOBAL IONOSPHERE MAPS FOR DAY 027, 2023             COMMENT             
Global ionosphere maps (GIM) are generated on a daily basis DESCRIPTION         
at CODE using data from about 300 GNSS sites of the IGS and DESCRIPTION         
other institutions. The vertical total electron content     DESCRIPTION         
(VTEC) is modeled in a solar-geomagnetic reference frame    DESCRIPTION         
using a spherical harmonics expansion up to degree and      DESCRIPTION         
order 15. Piece-wise linear functions are used for          DESCRIPTION         
representation in the time domain. The time spacing of      DESCRIPTION         
their vertices is 1 hour, conforming with the epochs of the DESCRIPTION         
VTEC maps.                                                  DESCRIPTION         
To convert line-of-sight TEC into vertical TEC, a modified  DESCRIPTION         
single-layer model mapping function approximating the JPL   DESCRIPTION         
extended slab model mapping function is adopted. The        DESCRIPTION         
mapping function is evaluated at geodetic satellite         DESCRIPTION         
elevation angles. For the computation of the ionospheric    DESCRIPTION         
pierce points, a spherical layer with a radius of 6821 km   DESCRIPTION         
is assumed, implying geocentric, not geodetic IONEX         DESCRIPTION         
latitudes.                                                  DESCRIPTION         
Instrumental biases with respect to each involved GNSS code DESCRIPTION         
observable are estimated as constant values for each        DESCRIPTION         
day. They are modeled with one set of bias parameters for   DESCRIPTION         
each satellite and each station in case of GPS and for each DESCRIPTION         
satellite-station link in case of GLONASS. The code bias    DESCRIPTION         
datum is defined by zero-mean conditions imposed on the     DESCRIPTION         
satellite bias estimates. In this file, just GPS C1W-C2W    DESCRIPTION         
satellite and station bias values are included. The         DESCRIPTION         
complete set of GNSS code bias results is provided in an    DESCRIPTION         
additional Bias-SINEX file as pseudo-absolute values        DESCRIPTION         
specific to each observable.                                DESCRIPTION         
Note: These GIM results correspond to the results for the   DESCRIPTION         
middle day of a 3-day combination analysis solving for 73   DESCRIPTION         
times 256, or 18688 VTEC parameters and 3 daily sets of     DESCRIPTION         
GNSS code bias parameters.                                  DESCRIPTION         
Contact address: code(at)aiub.unibe.ch                      DESCRIPTION         
Data archive:    ftp.aiub.unibe.ch/CODE/                    DESCRIPTION         
                 www.aiub.unibe.ch/download/CODE/           DESCRIPTION         
  2023     1    27     0     0     0                        EPOCH OF FIRST MAP  
  2023     1    28     0     0     0                        EPOCH OF LAST MAP   
  3600                                                      INTERVAL            
[...]
bake barh bndy boav bogo bogt bor1 braz brst brux bshm cas1 COMMENT             
ccj2 cedu chpg chpi chti chur ckis cnmr coco cord cpxf crar COMMENT             
cro1 daej darw dav1 dgar dhlg drao dubo ebre faa1 fair flrs COMMENT             
frdn ftna func ganp glps gode godz gol2 gold gope gras graz COMMENT             
guam guug harb hers hert hlfx hob2 hofn holb hrao hyde iddr COMMENT             
ieng iisc ineg invk iqal isba jog2 joz2 joze karr kerg kir0 COMMENT             
kiri kiru kit3 kokb kokv koug kour krgg laut lmmf lpal lpgs COMMENT             
m0se mac1 madr mal2 mana mas1 mat1 mate maw1 mcm4 mdo1 mdvj COMMENT             
medi mets mgue mizu mkea mnls mobs monp morp mqzg mro1 mtka COMMENT             
nano nico nist nium nklg nlib nnor not1 nrc1 nrmd ntus nya1 COMMENT             
nyal ohi2 onsa opmt ous2 pado parc park pdel penc pert pie1 COMMENT             
pimo pohn pol2 polv pots pove prds ptbb ptvl qaq1 quin ramo COMMENT             
reun reyk rgdg rio2 riop salu samo sant savo sch2 scor sctb COMMENT             
scub seyg sofi spt0 ssia sthl stjo stk2 str2 suth sutm suwn COMMENT             
sydn syog tabl tabv tash thtg thti thu2 tid1 tidb tlse tn22 COMMENT             
tong tow2 tro1 tsea tskb twtf txes uclu ufpr ulab unb3 unbj COMMENT             
unsa urum usn7 usud vald vill voim vtsp wab1 wab2 wark wes2 COMMENT             
wgtn whit will wind wsrt wtza wtzl wtzr wtzs wuhn xmis yar2 COMMENT             
yar3 yarr yell ykro zamb zeck zim2 zim3 zimm                COMMENT             
                                                            END OF HEADER       
[from data line 10296]
    25                                                      START OF TEC MAP    
  2023     1    28     0     0     0                        EPOCH OF CURRENT MAP
    87.5-180.0 180.0   5.0 450.0                            LAT/LON1/LON2/DLON/H
  145  147  148  150  151  152  153  153  154  154  154  154  154  153  153  152
  151  149  148  147  145  144  142  140  138  137  135  133  131  130  128  127
  125  124  122  121  120  118  117  116  116  115  114  114  113  113  112  112
  112  112  112  113  113  114  114  115  116  117  119  120  122  123  125  127
  129  131  133  135  137  139  141  143  145
    85.0-180.0 180.0   5.0 450.0                            LAT/LON1/LON2/DLON/H
  155  159  162  165  168  170  171  172  173  173  173  172  171  170  168  166
  163  161  158  155  151  148  145  142  138  135  132  129  126  123  120  117
  115  113  111  109  107  106  104  103  102  101  100   99   98   97   97   96
   95   95   94   94   94   95   95   96   98   99  101  104  107  110  114  117
  121  126  130  134  139  143  147  151  155
    82.5-180.0 180.0   5.0 450.0                            LAT/LON1/LON2/DLON/H
  165  170  175  179  182  185  187  188  188  188  187  185  182  179  176  172
  168  163  159  155  151  146  142  138  134  130  125  122  118  114  111  108
  105  103  101   99   98   97   96   95   94   93   92   91   90   89   88   86
   84   83   81   80   79   78   78   78   79   81   84   87   91   96  101  107
  113  120  126  133  140  147  153  159  165
    80.0-180.0 180.0   5.0 450.0                            LAT/LON1/LON2/DLON/H
  175  182  187  192  195  198  200  201  200  198  195  191  186  180  174  168
  162  157  151  147  142  138  134  130  126  122  118  114  110  107  103  101
   98   96   95   94   93   93   93   93   92   92   91   91   89   88   85   83
   80   77   74   70   68   65   63   63   63   65   67   71   77   83   91   99
  108  117  126  135  144  153  161  168  175
    77.5-180.0 180.0   5.0 450.0                            LAT/LON1/LON2/DLON/H
  188  195  200  205  208  211  212  211  209  205  200  192  184  174  165  156
  148  141  135  131  128  126  124  121  119  116  113  109  106  102   99   96
   94   93   92   92   92   93   93   94   95   95   95   94   93   91   88   84
   80   75   70   65   60   56   52   50   50   51   54   59   66   75   85   96
  107  119  131  143  154  164  173  181  188
    75.0-180.0 180.0   5.0 450.0                            LAT/LON1/LON2/DLON/H
  205  210  215  219  221  223  224  222  219  213  204  192  179  164  150  137
  127  119  113  111  110  111  112  113  113  112  110  107  103  100   97   94
   92   91   91   92   93   94   95   97   98   98   98   98   97   95   92   88
   82   76   70   62   55   49   44   41   40   41   45   52   61   72   85   99
  114  128  143  156  169  180  190  198  205
    72.5-180.0 180.0   5.0 450.0                            LAT/LON1/LON2/DLON/H
  223  227  230  233  235  236  237  235  230  222  210  194  175  155  135  118
  104   94   90   90   93   98  103  107  109  110  108  105  102   98   95   92
   90   89   90   90   92   93   95   96   97   98   98   98   97   96   93   89
   84   77   69   61   52   44   38   34   33   35   41   49   61   75   90  107
  125  142  159  174  188  200  210  217  223
    70.0-180.0 180.0   5.0 450.0                            LAT/LON1/LON2/DLON/H
  242  244  246  247  248  249  250  248  244  235  221  201  177  151  125  102
   85   74   70   72   79   87   96  102  106  108  106  103   99   94   90   87
   85   84   84   85   86   87   88   90   91   91   92   92   92   91   89   86
   82   76   68   58   49   40   33   29   29   32   40   50   64   81   99  118
  138  157  176  193  208  221  230  237  242
    67.5-180.0 180.0   5.0 450.0                            LAT/LON1/LON2/DLON/H
  258  260  260  259  259  260  261  261  258  250  235  213  185  154  123   95
   75   62   59   62   71   81   91   99  102  103  100   96   91   86   82   79
   77   75   74   73   74   74   75   76   77   78   79   79   80   80   80   79
   76   71   64   55   45   36   29   26   26   32   41   54   70   88  108  129
  150  171  190  208  224  238  248  254  258
    65.0-180.0 180.0   5.0 450.0                            LAT/LON1/LON2/DLON/H
  271  272  271  269  267  267  269  270  270  264  251  229  200  166  131  101
   78   64   59   62   70   80   88   94   96   94   90   84   79   75   71   67
   65   62   59   58   57   57   58   59   60   61   61   62   63   65   67   68
   67   64   58   49   40   31   25   22   25   33   44   60   77   97  117  138
  159  179  199  218  234  248  259  267  271
    62.5-180.0 180.0   5.0 450.0                            LAT/LON1/LON2/DLON/H
  281  283  281  278  274  272  272  275  277  274  264  245  217  184  150  118
   94   79   72   72   76   82   86   87   85   80   75   69   65   61   58   55
   52   48   44   41   39   39   40   42   43   44   45   45   46   49   52   55
   56   55   51   43   34   26   20   20   24   34   48   65   84  104  124  144
  164  183  202  220  237  252  265  275  281
    60.0-180.0 180.0   5.0 450.0                            LAT/LON1/LON2/DLON/H
  289  294  293  288  282  276  274  275  278  278  273  258  234  205  174  146
  122  106   96   90   88   86   83   78   72   65   59   54   52   50   49   47
   43   38   32   28   25   25   27   30   33   34   34   33   33   35   38   43
   46   47   44   37   29   21   17   18   24   36   52   71   90  110  129  148
  167  184  202  218  235  251  266  279  289
    57.5-180.0 180.0   5.0 450.0                            LAT/LON1/LON2/DLON/H
  298  307  309  304  293  283  276  274  276  278  275  265  248  225  201  178
  157  140  126  113  102   91   81   70   61   53   47   45   45   46   47   45
   41   35   28   22   20   21   25   29   32   33   32   29   26   26   29   34
   39   41   40   34   27   19   16   18   26   40   57   76   97  116  135  153
  170  186  201  216  232  249  266  283  298
    55.0-180.0 180.0   5.0 450.0                            LAT/LON1/LON2/DLON/H
  310  325  330  325  312  296  282  276  274  275  274  268  256  242  225  209
  193  175  157  137  116   97   80   66   55   48   44   45   47   50   52   51
   47   40   32   27   25   28   33   39   43   43   39   33   28   25   26   31
   36   40   40   35   28   21   18   21   30   44   62   82  103  123  142  160
  176  191  204  218  232  249  269  290  310
    52.5-180.0 180.0   5.0 450.0                            LAT/LON1/LON2/DLON/H
  325  345  354  350  335  314  295  283  277  275  273  268  260  252  245  236
  224  206  183  156  129  104   83   69   59   55   54   56   59   63   65   64
   59   52   45   40   40   45   52   59   62   61   55   46   37   31   30   34
   39   43   44   40   33   27   24   27   36   51   69   89  110  131  151  170
  186  201  214  226  239  255  276  300  325
    50.0-180.0 180.0   5.0 450.0                            LAT/LON1/LON2/DLON/H
  340  364  377  375  359  336  314  297  288  282  276  269  263  259  257  254
  246  228  202  171  140  113   93   81   75   74   75   77   79   80   80   77
   73   67   62   59   62   68   76   83   86   82   74   62   51   43   40   42
   47   51   52   49   43   37   34   37   46   60   77   97  119  141  163  183
  201  216  228  240  252  267  288  313  340
    47.5-180.0 180.0   5.0 450.0                            LAT/LON1/LON2/DLON/H
  352  377  392  391  377  354  332  316  305  296  286  275  267  264  265  265
  258  241  214  182  151  127  111  103  101  102  102  101   99   95   91   87
   83   80   77   78   83   91   99  105  107  102   92   80   67   57   53   54
   58   62   63   60   55   50   47   50   58   71   87  107  129  153  177  198
  217  233  246  258  270  284  302  325  352
    45.0-180.0 180.0   5.0 450.0                            LAT/LON1/LON2/DLON/H
  357  378  392  393  381  362  345  333  325  316  303  288  275  270  271  271
  264  246  219  190  164  145  135  132  132  132  130  123  114  104   95   90
   87   87   88   93  100  109  116  121  121  115  106   94   82   73   68   67
   70   74   75   72   67   63   61   64   71   83   99  118  141  166  191  213
  233  249  263  276  289  302  317  335  357
    42.5-180.0 180.0   5.0 450.0                            LAT/LON1/LON2/DLON/H
  354  368  377  377  367  354  345  342  342  337  323  305  288  279  277  275
  266  248  223  199  180  168  162  160  159  156  148  135  119  104   92   86
   85   87   93  100  109  118  124  127  126  121  113  104   94   86   82   81
   82   84   84   82   77   74   73   77   84   96  111  130  153  178  204  227
  245  261  277  293  308  320  331  341  354
    40.0-180.0 180.0   5.0 450.0                            LAT/LON1/LON2/DLON/H
  349  352  353  349  339  331  331  340  350  352  341  322  304  292  286  280
  269  250  230  212  199  192  187  182  175  166  153  136  115   97   85   79
   81   86   93  101  110  118  123  125  123  119  115  109  103   98   94   92
   91   91   90   87   83   81   81   86   96  108  124  142  165  190  215  237
  255  270  288  307  326  339  345  347  349
    37.5-180.0 180.0   5.0 450.0                            LAT/LON1/LON2/DLON/H
  349  341  332  321  309  302  308  326  346  356  351  336  319  307  299  290
  276  258  241  229  221  213  203  190  175  160  144  126  107   91   82   79
   83   88   94  100  107  114  117  118  117  115  114  112  109  106  102   99
   97   95   92   88   84   82   84   92  104  119  136  155  177  201  226  246
  263  279  299  323  346  362  365  359  349
    35.0-180.0 180.0   5.0 450.0                            LAT/LON1/LON2/DLON/H
  367  349  331  312  293  283  289  310  335  351  352  342  331  322  315  305
  290  273  259  250  241  227  207  182  158  140  126  115  104   96   93   94
   98  101  102  103  106  109  112  112  112  112  113  114  114  111  107  102
   98   94   89   85   81   79   83   93  108  127  147  167  188  212  236  257
  274  292  315  344  374  393  396  385  367
    32.5-180.0 180.0   5.0 450.0                            LAT/LON1/LON2/DLON/H
  412  390  368  342  314  295  292  306  327  342  346  343  339  337  333  324
  309  293  281  270  256  231  197  160  131  115  110  112  115  119  125  130
  132  129  122  115  111  111  112  113  113  115  117  118  117  113  108  102
   95   89   84   79   74   73   78   90  110  134  157  178  200  223  247  271
  292  313  341  376  412  437  443  431  412
    30.0-180.0 180.0   5.0 450.0                            LAT/LON1/LON2/DLON/H
  488  472  452  423  387  353  333  330  336  341  343  343  346  351  352  345
  332  317  303  287  262  225  178  134  105   98  108  128  148  166  180  187
  185  173  154  137  126  122  122  122  123  124  124  123  119  113  106   98
   90   83   77   71   67   66   71   86  110  139  167  191  212  235  262  291
  319  347  381  422  463  494  506  502  488
    27.5-180.0 180.0   5.0 450.0                            LAT/LON1/LON2/DLON/H
  592  590  582  557  515  466  423  395  376  362  353  351  357  367  372  368
  357  342  324  298  261  211  158  115   95  102  131  168  204  233  252  259
  250  227  197  169  151  143  141  141  140  138  135  130  122  112  102   92
   84   76   70   65   61   60   65   82  110  145  177  204  226  250  281  318
  356  394  434  479  525  562  583  590  592
    25.0-180.0 180.0   5.0 450.0                            LAT/LON1/LON2/DLON/H
  709  731  742  729  687  627  562  504  455  415  388  377  381  390  395  392
  381  364  340  303  254  197  146  114  111  136  181  232  277  310  330  332
  316  283  243  207  184  173  169  165  161  156  147  136  123  110   97   87
   78   70   65   61   58   56   62   79  111  151  189  218  242  268  305  351
  400  448  494  542  590  631  663  686  709
    22.5-180.0 180.0   5.0 450.0                            LAT/LON1/LON2/DLON/H
  819  868  905  910  877  813  733  649  571  503  453  427  421  424  424  417
  405  385  353  305  247  191  153  142  160  201  255  309  353  383  397  393
  369  329  283  244  219  206  199  192  182  171  158  141  124  108   94   83
   73   66   62   60   58   56   62   80  114  158  201  234  260  290  332  387
  446  502  553  601  648  692  732  773  819
    20.0-180.0 180.0   5.0 450.0                            LAT/LON1/LON2/DLON/H
  900  973 1035 1064 1047  990  906  809  709  617  546  502  481  470  459  446
  430  406  365  308  247  201  184  199  238  289  340  384  417  435  440  429
  400  358  313  275  252  238  227  215  199  183  164  144  124  107   92   81
   71   64   61   60   60   60   65   84  120  167  214  251  280  313  360  421
  488  549  600  645  689  732  779  833  900
    17.5-180.0 180.0   5.0 450.0                            LAT/LON1/LON2/DLON/H
  932 1022 1103 1153 1159 1120 1047  952  845  740  654  594  555  527  501  479
  458  429  382  320  262  232  241  282  335  383  419  442  453  456  450  433
  404  365  326  296  277  264  250  231  210  188  166  145  125  108   94   81
   70   63   61   62   63   64   71   91  128  177  226  266  300  337  387  451
  519  579  627  667  705  745  793  854  932
    15.0-180.0 180.0   5.0 450.0                            LAT/LON1/LON2/DLON/H
  909 1000 1089 1155 1183 1171 1124 1048  951  849  759  689  636  590  548  515
  489  458  408  346  296  284  318  377  431  464  473  467  455  443  428  409
  383  354  326  307  295  283  264  240  213  188  166  145  127  111   98   85
   72   63   61   64   67   70   78  100  138  186  236  279  317  358  410  472
  535  590  631  664  695  730  774  832  909
    12.5-180.0 180.0   5.0 450.0                            LAT/LON1/LON2/DLON/H
  837  913  994 1064 1111 1129 1117 1074 1004  920  839  770  709  650  595  554
  525  494  446  388  348  353  403  466  509  514  489  454  423  401  384  367
  349  331  317  309  304  293  271  242  212  186  164  146  131  118  105   91
   76   65   63   65   70   75   87  111  149  196  244  288  330  374  426  483
  538  582  614  639  664  694  730  775  837
    10.0-180.0 180.0   5.0 450.0                            LAT/LON1/LON2/DLON/H
  734  781  838  899  956 1001 1026 1024  992  939  879  822  762  698  636  591
  563  536  494  444  413  428  481  534  551  522  466  409  369  345  333  323
  315  308  306  308  307  295  271  239  208  183  164  150  138  128  115   99
   81   69   65   67   72   79   95  122  160  204  248  292  336  384  435  485
  529  560  582  601  623  649  674  701  734
     7.5-180.0 180.0   5.0 450.0                            LAT/LON1/LON2/DLON/H
  630  637  659  699  754  816  874  911  919  902  872  835  787  727  667  624
  601  582  549  508  485  499  540  568  551  488  409  345  308  295  292  292
  292  294  299  306  306  293  267  234  205  183  167  157  148  140  127  109
   90   76   71   71   75   84  102  133  172  211  250  291  336  387  437  481
  512  532  545  561  584  608  625  630  630
     5.0-180.0 180.0   5.0 450.0                            LAT/LON1/LON2/DLON/H
  552  518  501  511  553  620  698  765  807  824  825  812  783  736  684  649
  634  626  605  573  552  556  571  564  511  424  337  280  261  265  276  284
  289  294  300  305  302  286  259  229  204  186  175  167  161  153  140  121
  100   86   79   77   79   87  109  144  182  217  249  285  331  383  433  472
  495  505  513  530  558  585  597  584  552
     2.5-180.0 180.0   5.0 450.0                            LAT/LON1/LON2/DLON/H
  522  456  403  382  403  462  544  624  687  728  753  765  757  728  690  665
  661  663  654  630  605  590  573  528  445  347  269  235  241  266  288  300
  305  306  307  305  295  276  250  224  205  193  185  180  175  168  154  134
  114   99   91   86   84   91  115  152  191  222  247  277  321  374  425  462
  480  486  494  514  550  585  598  576  522
