ionex_files/turquie/COD0OPSFIN_20230360000_01D_01H_GIM.INX
     1.0            IONOSPHERE MAPS     GNSS                IONEX VERSION / TYPE
ADDNEQ2 V5.5        AIUB                09-FEB-23 20:57     PGM / RUN BY / DATE 
CODE'S GLOBAL IONOSPHERE MAPS FOR DAY 036, 2023             COMMENT             
Global ionosphere maps (GIM) are generated on a daily basis DESCRIPTION         
at CODE using data from about 300 GNSS sites of the IGS and DESCRIPTION         
other institutions. The vertical total electron content     DESCRIPTION         
(VTEC) is modeled in a solar-geomagnetic reference frame    DESCRIPTION         
using a spherical harmonics expansion up to degree and      DESCRIPTION         
order 15. Piece-wise linear functions are used for          DESCRIPTION         
representation in the time domain. The time spacing of      DESCRIPTION         
their vertices is 1 hour, conforming with the epochs of the DESCRIPTION         
VTEC maps.                                                  DESCRIPTION         
To convert line-of-sight TEC into vertical TEC, a modified  DESCRIPTION         
single-layer model mapping function approximating the JPL   DESCRIPTION         
extended slab model mapping function is adopted. The        DESCRIPTION         
mapping function is evaluated at geodetic satellite         DESCRIPTION         
elevation angles. For the computation of the ionospheric    DESCRIPTION         
pierce points, a spherical layer with a radius of 6821 km   DESCRIPTION         
is assumed, implying geocentric, not geodetic IONEX         DESCRIPTION         
latitudes.                                                  DESCRIPTION         
Instrumental biases with respect to each involved GNSS code DESCRIPTION         
observable are estimated as constant values for each        DESCRIPTION         
day. They are modeled with one set of bias parameters for   DESCRIPTION         
each satellite and each station in case of GPS and for each DESCRIPTION         
satellite-station link in case of GLONASS. The code bias    DESCRIPTION         
datum is defined by zero-mean conditions imposed on the     DESCRIPTION         
satellite bias estimates. In this file, just GPS C1W-C2W    DESCRIPTION         
satellite and station bias values are included. The         DESCRIPTION         
complete set of GNSS code bias results is provided in an    DESCRIPTION         
additional Bias-SINEX file as pseudo-absolute values        DESCRIPTION         
specific to each observable.                                DESCRIPTION         
Note: These GIM results correspond to the results for the   DESCRIPTION         
middle day of a 3-day combination analysis solving for 73   DESCRIPTION         
times 256, or 18688 VTEC parameters and 3 daily sets of     DESCRIPTION         
GNSS code bias parameters.                                  DESCRIPTION         
Contact address: code(at)aiub.unibe.ch                      DESCRIPTION         
Data archive:    ftp.aiub.unibe.ch/CODE/                    DESCRIPTION         
                 www.aiub.unibe.ch/download/CODE/           DESCRIPTION         
  2023     2     5     0     0     0                        EPOCH OF FIRST MAP  
  2023     2     6     0     0     0                        EPOCH OF LAST MAP   
  3600                                                      INTERVAL            
[...]
brux bshm cags cas1 cedu chpg chpi chti chur ckis coco cord COMMENT             
cpvg cpxf crar cro1 daej darw dav1 dgar dhlg drao dubo ebre COMMENT             
faa1 fair flrs frdn ftna func ganp glps glsv gode godz gol2 COMMENT             
gold gope gras graz guam guug harb hers hert hlfx hob2 hofn COMMENT             
holb hrao hyde iddr ieng iisc ineg invk iqal irkj isba jog2 COMMENT             
joz2 joze karr kerg kir0 kiri kiru kit3 kokb kokv koug kour COMMENT             
krgg laut lmmf lpal lpgs m0se mac1 madr mal2 mana mas1 mat1 COMMENT             
mate maw1 mcm4 mdo1 mdvj medi mets mgue mizu mkea mnls mobs COMMENT             
monp morp mqzg mro1 mtka nano nico nist nium nklg nlib nnor COMMENT             
not1 nrc1 nrmd ntus nya1 nyal ohi2 onsa opmt ous2 pado parc COMMENT             
park pdel penc pert pie1 pimo pohn pol2 polv pots pove prds COMMENT             
ptag ptbb ptvl qaq1 quin ramo reun reyk rgdg rio2 riop roth COMMENT             
salu samo sant savo sch2 scor scrz sctb scub seyg smst sofi COMMENT             
spt0 ssia sthl stjo str2 suth sutm suwn sydn syog tabl tabv COMMENT             
tash thtg thti thu2 tid1 tidb tlse tn22 tong tow2 tro1 tsea COMMENT             
tskb twtf txes uclu ufpr ulab unb3 unbj unsa urum usn7 usud COMMENT             
vald vill voim vtsp wab1 wab2 wark wes2 wgtn whit will wsrt COMMENT             
wtza wtzl wtzr wtzs wtzz wuhn xmis yar2 yar3 yarr yell zamb COMMENT             
zeck zim2 zim3 zimm                                         COMMENT             
                                                            END OF HEADER       
[from data line 8580]
    21                                                      START OF TEC MAP    
  2023     2     5    20     0     0                        EPOCH OF CURRENT MAP
    87.5-180.0 180.0   5.0 450.0                            LAT/LON1/LON2/DLON/H
  171  173  175  176  178  180  181  183  184  186  187  188  189  189  190  190
  191  191  190  190  189  189  188  187  186  185  183  182  180  179  177  176
  174  172  170  169  167  165  163  162  160  159  157  156  155  154  153  152
  151  151  151  151  151  151  151  152  152  153  154  154  155  156  157  159
  160  161  162  164  165  167  168  170  171
    85.0-180.0 180.0   5.0 450.0                            LAT/LON1/LON2/DLON/H
  160  163  166  169  173  177  181  185  188  192  195  198  200  202  203  203
  204  203  202  201  200  198  196  193  191  189  186  184  181  178  176  173
  170  167  164  161  158  155  151  148  145  141  138  135  133  131  129  127
  126  126  125  126  126  127  128  130  131  133  134  136  138  139  141  142
  144  145  147  149  150  152  155  157  160
    82.5-180.0 180.0   5.0 450.0                            LAT/LON1/LON2/DLON/H
  139  143  148  153  159  166  173  180  187  193  199  204  208  211  213  214
  214  212  210  207  204  200  196  192  188  185  181  178  175  173  170  167
  165  162  159  155  151  146  141  136  131  126  121  116  111  107  104  102
  101  100  100  101  103  105  108  110  113  116  119  121  123  125  127  128
  129  129  130  130  131  132  134  136  139
    80.0-180.0 180.0   5.0 450.0                            LAT/LON1/LON2/DLON/H
  115  119  125  132  141  151  162  173  184  194  204  212  218  222  224  225
  223  220  215  210  204  198  191  185  180  175  171  168  165  163  162  161
  159  157  155  152  147  142  136  129  122  115  107  100   94   88   84   81
   79   79   80   82   85   88   92   96  101  105  109  112  115  116  117  118
  117  116  115  113  112  111  111  112  115
    77.5-180.0 180.0   5.0 450.0                            LAT/LON1/LON2/DLON/H
   93   97  104  113  125  138  152  168  183  198  211  222  230  236  238  238
  235  229  222  214  205  195  186  178  170  164  159  156  153  152  152  153
  153  153  152  150  147  142  135  127  118  108   99   90   82   75   70   67
   65   66   67   70   74   79   84   89   94   99  104  108  111  113  114  113
  111  108  105  101   97   94   92   92   93
    75.0-180.0 180.0   5.0 450.0                            LAT/LON1/LON2/DLON/H
   81   85   92  102  116  132  150  169  189  207  223  237  247  253  256  254
  250  242  233  222  210  198  186  175  165  157  150  145  143  142  142  143
  145  147  148  147  145  140  134  125  116  105   95   85   76   69   64   61
   60   61   64   67   72   77   82   87   92   98  102  107  110  112  113  113
  110  106  102   96   90   85   82   80   81
    72.5-180.0 180.0   5.0 450.0                            LAT/LON1/LON2/DLON/H
   81   85   93  104  119  137  157  179  200  221  240  255  266  273  276  274
  268  260  249  237  223  210  196  183  170  158  149  141  135  132  131  132
  134  136  138  138  137  133  128  120  111  101   91   82   74   68   64   62
   63   65   68   71   75   79   83   88   92   96  101  105  109  112  114  114
  112  108  103   97   91   86   82   80   81
    70.0-180.0 180.0   5.0 450.0                            LAT/LON1/LON2/DLON/H
   92   97  105  117  133  152  173  195  217  239  258  274  286  294  296  295
  289  281  271  259  246  231  217  201  186  170  156  144  134  126  122  120
  119  120  121  121  120  118  114  108  101   93   85   78   72   68   66   67
   69   72   75   79   81   83   85   87   90   93   97  101  106  109  112  113
  112  109  106  101   97   93   90   90   92
    67.5-180.0 180.0   5.0 450.0                            LAT/LON1/LON2/DLON/H
  108  116  126  139  155  173  193  215  236  257  275  291  303  311  315  315
  311  304  296  286  274  261  246  229  211  191  172  154  139  126  116  109
  104  101   99   98   96   95   93   89   85   80   75   71   68   67   68   70
   74   78   82   84   85   85   84   84   85   86   89   94   98  102  105  107
  107  106  105  103  101  100  101  104  108
    65.0-180.0 180.0   5.0 450.0                            LAT/LON1/LON2/DLON/H
  124  135  148  162  178  196  215  234  253  272  289  304  316  325  330  332
  330  327  321  314  305  294  280  262  241  218  195  172  151  133  118  105
   94   85   78   73   70   68   67   67   66   65   63   62   61   62   65   70
   75   79   83   84   83   81   79   77   76   77   79   83   88   92   95   96
   97   96   96   97   99  103  108  116  124
    62.5-180.0 180.0   5.0 450.0                            LAT/LON1/LON2/DLON/H
  133  148  164  180  198  216  233  250  267  282  297  310  323  333  340  345
  346  346  343  339  333  324  311  293  271  246  220  195  171  150  130  112
   95   79   65   54   47   44   44   46   48   50   51   52   53   55   59   64
   69   74   77   77   75   72   69   66   66   67   69   73   77   79   81   81
   80   79   79   82   88   97  107  120  133
    60.0-180.0 180.0   5.0 450.0                            LAT/LON1/LON2/DLON/H
  133  151  170  190  210  229  247  263  277  289  301  313  325  336  346  353
  358  360  360  358  354  346  334  316  294  269  244  219  197  175  154  133
  109   86   65   48   36   31   31   34   38   42   44   45   47   48   51   56
   60   64   66   66   63   60   58   56   57   59   62   66   68   69   67   64
   60   57   57   61   69   82   97  115  133
    57.5-180.0 180.0   5.0 450.0                            LAT/LON1/LON2/DLON/H
  123  145  167  190  214  236  256  272  285  295  305  315  326  338  349  358
  365  368  369  367  363  356  344  328  308  285  263  243  225  208  188  165
  137  108   79   56   40   32   31   34   39   43   45   45   45   44   46   48
   51   53   54   54   52   49   48   49   52   56   60   63   64   62   56   49
   41   35   33   37   47   63   82  102  123
    55.0-180.0 180.0   5.0 450.0                            LAT/LON1/LON2/DLON/H
  111  134  158  185  213  240  264  282  295  304  311  319  328  340  351  361
  368  371  370  368  363  355  344  328  311  293  276  263  253  241  225  202
  172  137  104   76   56   46   44   47   51   54   54   52   49   47   45   46
   47   48   48   47   45   44   44   47   53   59   64   66   65   60   51   40
   28   19   15   18   29   47   67   89  111
    52.5-180.0 180.0   5.0 450.0                            LAT/LON1/LON2/DLON/H
  103  125  150  179  211  244  273  295  310  318  323  328  335  344  355  363
  368  369  367  362  355  346  335  321  306  293  283  278  274  268  256  233
  202  165  129  100   80   69   67   68   71   72   70   66   61   56   53   52
   53   53   52   50   48   47   48   53   60   67   72   73   70   63   52   38
   24   13    7   10   21   39   60   82  103
    50.0-180.0 180.0   5.0 450.0                            LAT/LON1/LON2/DLON/H
  103  123  147  177  213  251  285  312  329  338  342  344  347  353  360  366
  368  366  361  353  344  334  323  311  299  290  285  284  285  282  271  248
  217  181  147  120  102   94   91   92   93   92   88   83   77   72   69   68
   69   69   68   65   61   59   59   64   71   77   81   81   77   69   58   44
   29   17   11   14   26   44   65   85  103
    47.5-180.0 180.0   5.0 450.0                            LAT/LON1/LON2/DLON/H
  115  132  154  184  221  261  300  331  352  362  366  365  365  366  369  370
  369  365  356  346  335  325  314  304  294  287  283  283  283  279  265  241
  209  177  149  129  118  113  112  111  110  108  103   99   94   91   90   91
   93   94   93   88   82   77   76   78   83   88   90   89   84   76   66   55
   42   31   26   29   42   61   81   99  115
    45.0-180.0 180.0   5.0 450.0                            LAT/LON1/LON2/DLON/H
  137  152  171  199  234  275  315  348  372  386  390  389  385  382  380  378
  373  366  356  344  332  322  312  303  294  286  280  276  270  259  239  211
  182  155  137  128  125  125  124  122  119  116  113  110  109  109  112  116
  120  123  121  116  107   99   93   91   93   96   96   93   88   82   76   67
   58   49   45   50   64   84  105  123  137
    42.5-180.0 180.0   5.0 450.0                            LAT/LON1/LON2/DLON/H
  163  177  195  219  251  288  325  359  386  403  411  411  406  400  395  389
  382  372  361  348  336  326  318  310  300  289  278  266  250  229  201  171
  144  127  121  124  129  131  129  125  120  116  115  115  118  123  130  138
  144  148  147  141  130  117  107  101   99   99   98   94   90   86   83   79
   73   66   63   69   85  107  130  149  163
    40.0-180.0 180.0   5.0 450.0                            LAT/LON1/LON2/DLON/H
  187  203  220  242  268  297  329  361  389  410  423  427  424  418  411  403
  395  384  372  358  346  336  329  321  310  295  278  257  231  201  167  135
  114  108  115  128  139  140  134  124  116  112  112  116  123  132  142  152
  160  165  164  157  144  128  114  105  101   99   97   93   90   89   89   88
   84   77   74   80   97  121  147  169  187
    37.5-180.0 180.0   5.0 450.0                            LAT/LON1/LON2/DLON/H
  203  224  244  263  282  303  326  353  381  406  425  436  438  434  428  421
  412  401  388  373  359  348  340  332  320  303  281  255  224  189  154  125
  112  117  136  156  166  161  145  127  114  109  111  117  126  136  147  157
  165  169  168  161  147  131  115  104   99   97   95   92   90   90   93   93
   89   81   77   81   98  124  153  180  203
    35.0-180.0 180.0   5.0 450.0                            LAT/LON1/LON2/DLON/H
  210  238  262  281  295  307  320  340  367  396  421  439  447  449  446  441
  433  421  405  387  370  357  348  339  328  311  289  265  237  206  176  155
  152  169  195  216  218  199  168  139  121  114  115  122  130  139  149  156
  161  162  160  153  141  125  111  100   96   95   95   93   92   93   95   95
   89   79   71   73   89  116  148  180  210
    32.5-180.0 180.0   5.0 450.0                            LAT/LON1/LON2/DLON/H
  210  246  276  298  309  313  319  333  357  387  417  440  455  462  465  463
  456  442  422  398  376  359  348  341  331  319  304  289  273  256  239  231
  239  264  293  307  294  255  206  165  139  130  130  133  139  145  150  153
  153  150  145  138  128  116  105   97   95   96   98   97   96   96   97   95
   87   73   62   61   75  103  137  173  210
    30.0-180.0 180.0   5.0 450.0                            LAT/LON1/LON2/DLON/H
  208  251  289  316  327  329  330  340  361  391  422  447  466  477  484  484
  478  461  435  404  375  354  342  336  332  328  326  329  333  336  337  344
  363  391  416  417  383  322  254  200  169  157  154  153  154  155  156  154
  147  138  130  123  116  108  101   97   97  101  104  103  102  101  100   95
   84   68   54   52   65   91  126  165  208
    27.5-180.0 180.0   5.0 450.0                            LAT/LON1/LON2/DLON/H
  209  258  304  338  355  359  361  370  389  416  444  467  485  497  505  506
  498  477  444  405  368  344  332  330  333  341  356  381  410  436  456  475
  500  527  542  525  469  386  301  238  204  191  185  179  174  171  168  161
  149  134  121  113  108  104  102  101  104  109  111  111  108  105  102   96
   84   67   53   51   64   89  123  163  209
    25.0-180.0 180.0   5.0 450.0                            LAT/LON1/LON2/DLON/H
  219  272  324  366  392  405  413  426  445  468  490  506  517  525  530  529
  518  491  449  402  359  332  323  327  339  360  394  440  492  538  573  598
  621  641  642  608  532  432  337  270  237  223  215  205  196  190  186  177
  161  141  123  113  109  109  110  111  115  118  119  116  111  107  103   97
   85   71   60   60   75  100  133  172  219
    22.5-180.0 180.0   5.0 450.0                            LAT/LON1/LON2/DLON/H
  238  293  350  401  438  463  483  504  526  546  559  565  566  565  562  556
  537  503  454  400  353  327  322  333  355  388  436  499  567  626  665  688
  702  708  695  645  557  449  352  288  259  247  238  225  214  209  207  199
  181  157  136  123  119  120  123  125  127  127  124  118  111  105  101   97
   89   79   74   79   97  124  156  193  238
    20.0-180.0 180.0   5.0 450.0                            LAT/LON1/LON2/DLON/H
  266  320  380  438  487  527  561  593  621  639  645  640  629  616  603  587
  561  520  463  404  356  331  332  352  383  425  481  552  625  684  717  727
  725  715  689  630  539  434  344  290  267  259  250  236  226  224  226  221
  205  180  156  141  135  137  139  140  139  133  125  115  106  100   97   96
   92   89   90  102  125  155  187  222  266
    17.5-180.0 180.0   5.0 450.0                            LAT/LON1/LON2/DLON/H
  296  350  411  474  533  586  634  678  713  733  736  723  701  676  652  626
  592  543  482  419  371  351  358  385  422  468  526  594  661  709  725  715
  693  666  630  571  487  394  319  278  264  259  251  238  230  232  240  240
  227  204  179  162  155  154  156  154  148  137  124  109   97   91   91   93
   94   97  105  124  153  186  219  254  296
    15.0-180.0 180.0   5.0 450.0                            LAT/LON1/LON2/DLON/H
  325  377  439  504  568  630  689  742  784  809  814  799  772  739  706  672
  632  578  514  450  403  386  398  430  470  515  567  624  676  704  698  665
  622  581  540  487  418  345  290  263  256  253  245  233  228  234  246  251
  242  223  200  182  172  170  169  165  155  139  120  102   89   83   84   89
   94  101  115  140  173  211  247  283  325
    12.5-180.0 180.0   5.0 450.0                            LAT/LON1/LON2/DLON/H
  346  399  460  525  590  654  715  773  820  852  863  854  830  796  760  723
  680  625  560  496  450  434  449  482  521  561  602  644  675  681  652  599
  540  490  449  407  357  307  271  255  253  249  239  228  225  234  247  254
  249  233  213  196  186  181  178  171  159  139  117   97   83   78   80   86
   93  102  119  147  185  225  265  303  346
    10.0-180.0 180.0   5.0 450.0                            LAT/LON1/LON2/DLON/H
  360  414  474  537  598  656  712  766  814  851  873  876  862  837  806  772
  732  680  618  556  510  493  505  535  570  602  632  657  669  655  611  545
  477  424  387  357  326  296  275  266  263  256  243  232  229  237  247  253
  249  237  221  205  193  186  181  174  160  140  117   96   83   78   81   87
   93  102  119  148  187  230  272  314  360
     7.5-180.0 180.0   5.0 450.0                            LAT/LON1/LON2/DLON/H
  366  422  483  542  595  642  684  726  768  807  839  858  862  852  835  813
  782  738  682  623  577  556  562  585  613  637  655  667  666  642  591  524
  456  405  373  353  337  321  308  299  290  277  261  248  245  248  253  253
  247  236  223  209  197  188  182  174  161  142  120  101   89   86   88   92
   96  103  119  147  186  229  273  317  366
     5.0-180.0 180.0   5.0 450.0                            LAT/LON1/LON2/DLON/H
  368  427  489  545  589  620  644  667  696  731  769  802  825  838  841  836
  821  791  744  690  644  617  614  628  647  663  674  678  671  647  603  543
  484  438  411  396  387  377  365  351  334  313  293  280  275  272  267  259
  248  236  225  212  198  187  180  172  162  146  127  111  102  100  102  104
  105  109  122  149  186  228  271  316  368
     2.5-180.0 180.0   5.0 450.0                            LAT/LON1/LON2/DLON/H
  369  431  495  549  585  601  604  606  616  640  677  719  760  794  820  838
  843  829  796  750  705  672  659  662  672  682  689  691  686  671  641  598
  552  512  486  471  461  449  433  410  384  357  336  323  316  308  293  274
  256  241  228  215  200  186  177  170  162  150  137  125  119  118  120  120
  119  121  132  157  193  232  273  317  369
