ionex_files/turquie/COD0OPSFIN_20230440000_01D_01H_GIM.INX
     1.0            IONOSPHERE MAPS     GNSS                IONEX VERSION / TYPE
ADDNEQ2 V5.5        AIUB                17-FEB-23 21:21     PGM / RUN BY / DATE 
CODE'S GLOBAL IONOSPHERE MAPS FOR DAY 044, 2023             COMMENT             
Global ionosphere maps (GIM) are generated on a daily basis DESCRIPTION         
at CODE using data from about 300 GNSS sites of the IGS and DESCRIPTION         
other institutions. The vertical total electron content     DESCRIPTION         
(VTEC) is modeled in a solar-geomagnetic reference frame    DESCRIPTION         
using a spherical harmonics expansion up to degree and      DESCRIPTION         
order 15. Piece-wise linear functions are used for          DESCRIPTION         
representation in the time domain. The time spacing of      DESCRIPTION         
their vertices is 1 hour, conforming with the epochs of the DESCRIPTION         
VTEC maps.                                                  DESCRIPTION         
To convert line-of-sight TEC into vertical TEC, a modified  DESCRIPTION         
single-layer model mapping function approximating the JPL   DESCRIPTION         
extended slab model mapping function is adopted. The        DESCRIPTION         
mapping function is evaluated at geodetic satellite         DESCRIPTION         
elevation angles. For the computation of the ionospheric    DESCRIPTION         
pierce points, a spherical layer with a radius of 6821 km   DESCRIPTION         
is assumed, implying geocentric, not geodetic IONEX         DESCRIPTION         
latitudes.                                                  DESCRIPTION         
Instrumental biases with respect to each involved GNSS code DESCRIPTION         
observable are estimated as constant values for each        DESCRIPTION         
day. They are modeled with one set of bias parameters for   DESCRIPTION         
each satellite and each station in case of GPS and for each DESCRIPTION         
satellite-station link in case of GLONASS. The code bias    DESCRIPTION         
datum is defined by zero-mean conditions imposed on the     DESCRIPTION         
satellite bias estimates. In this file, just GPS C1W-C2W    DESCRIPTION         
satellite and station bias values are included. The         DESCRIPTION         
complete set of GNSS code bias results is provided in an    DESCRIPTION         
additional Bias-SINEX file as pseudo-absolute values        DESCRIPTION         
specific to each observable.                                DESCRIPTION         
Note: These GIM results correspond to the results for the   DESCRIPTION         
middle day of a 3-day combination analysis solving for 73   DESCRIPTION         
times 256, or 18688 VTEC parameters and 3 daily sets of     DESCRIPTION         
GNSS code bias parameters.                                  DESCRIPTION         
Contact address: code(at)aiub.unibe.ch                      DESCRIPTION         
Data archive:    ftp.aiub.unibe.ch/CODE/                    DESCRIPTION         
                 www.aiub.unibe.ch/download/CODE/           DESCRIPTION         
  2023     2    13     0     0     0                        EPOCH OF FIRST MAP  
  2023     2    14     0     0     0                        EPOCH OF LAST MAP   
  3600                                                      INTERVAL            
[...]
brst brux bshm cags cas1 cedu chpg chpi chti chur ckis coco COMMENT             
cord cpvg cpxf crar cro1 daej darw dav1 dgar dhlg drao dubo COMMENT             
ebre faa1 fair flrs frdn ftna func ganp glps glsv gode godz COMMENT             
gol2 gold gope gras graz guam guug harb hers hert hlfx hob2 COMMENT             
hofn holb hrao hyde iddr ieng iisc ineg invk iqal irkj isba COMMENT             
jog2 joz2 joze karr kerg kir0 kiri kiru kit3 kokb kokv kouc COMMENT             
koug kour krgg laut lmmf lpal lpgs m0se mac1 madr mal2 mana COMMENT             
mas1 mat1 mate maw1 mcm4 mdo1 mdvj medi mets mgue mizu mkea COMMENT             
mnls mobs monp morp mqzg mro1 mtka nano nico nist nium nklg COMMENT             
nlib nnor not1 nrc1 nrmd ntus nya1 nyal ohi2 onsa opmt ous2 COMMENT             
pado parc park pdel penc pert pie1 pimo pohn pol2 polv pots COMMENT             
pove prds ptag ptbb ptvl qaq1 quin ramo reun reyk rgdg rio2 COMMENT             
riop salu samo sant savo sch2 scor scrz sctb scub seyg smst COMMENT             
sofi spt0 ssia sthl stjo str2 suth sutm suwn sydn tabl tabv COMMENT             
tash thtg thti thu2 tid1 tidb tlse tn22 tong tow2 tro1 tsea COMMENT             
tuva twtf txes uclu ufpr ulab unb3 unbj unsa urum usn7 usud COMMENT             
vald vill voim vtsp wab1 wab2 wark wes2 wgtn whit will wsrt COMMENT             
wtza wtzl wtzr wtzs wtzz wuhn xmis yar2 yar3 yarr ykro zamb COMMENT             
zeck zim2 zim3 zimm                                         COMMENT             
                                                            END OF HEADER       
[from data line 2574]
     7                                                      START OF TEC MAP    
  2023     2    13     6     0     0                        EPOCH OF CURRENT MAP
    87.5-180.0 180.0   5.0 450.0                            LAT/LON1/LON2/DLON/H
  161  159  158  157  156  155  154  153  153  153  152  152  152  152  152  151
  151  151  150  150  150  149  149  148  147  147  147  146  146  146  146  146
  146  147  147  148  149  150  152  153  155  157  159  160  162  165  167  169
  171  172  174  176  177  178  179  180  180  181  180  180  179  178  177  176
  174  173  171  169  167  166  164  162  161
    85.0-180.0 180.0   5.0 450.0                            LAT/LON1/LON2/DLON/H
  153  150  146  144  142  141  141  141  142  143  144  146  147  148  149  150
  150  150  149  148  147  145  143  141  139  137  135  133  131  130  129  128
  128  129  130  131  133  135  138  141  145  149  154  159  164  169  174  180
  185  191  196  200  204  208  211  213  214  214  214  213  211  208  204  200
  195  190  184  179  173  168  162  158  153
    82.5-180.0 180.0   5.0 450.0                            LAT/LON1/LON2/DLON/H
  142  135  129  125  123  122  122  124  127  130  134  138  142  146  148  150
  152  152  151  149  146  142  138  134  129  125  121  117  114  112  110  110
  110  110  112  114  117  120  124  129  135  141  148  156  164  173  183  193
  202  212  221  230  238  245  251  256  259  260  260  258  255  249  243  235
  225  215  204  193  181  170  160  150  142
    80.0-180.0 180.0   5.0 450.0                            LAT/LON1/LON2/DLON/H
  133  121  112  105  101  100  101  104  109  115  122  129  135  141  146  150
  152  152  151  148  143  138  131  124  117  111  105  100   97   95   94   94
   95   97   99  102  106  110  115  120  127  134  143  154  165  178  191  206
  220  235  249  263  275  287  296  304  310  313  314  312  308  301  291  280
  266  250  233  215  197  180  162  147  133
    77.5-180.0 180.0   5.0 450.0                            LAT/LON1/LON2/DLON/H
  131  114  100   90   84   81   82   86   92   99  108  116  125  133  139  144
  147  147  146  142  136  129  120  111  103   95   89   85   82   82   83   86
   89   93   96  100  104  108  112  117  123  131  141  152  166  182  199  218
  237  256  275  293  311  326  340  351  360  366  368  368  364  357  346  331
  314  294  272  248  223  199  174  152  131
    75.0-180.0 180.0   5.0 450.0                            LAT/LON1/LON2/DLON/H
  141  118   99   84   75   70   70   73   78   86   94  102  111  118  125  130
  134  135  134  130  124  116  107   97   88   80   75   73   73   76   80   86
   93   99  104  107  110  112  115  118  122  129  139  152  167  186  206  228
  251  274  297  319  340  359  375  390  402  410  416  417  415  409  398  383
  365  342  316  288  258  228  197  168  141
    72.5-180.0 180.0   5.0 450.0                            LAT/LON1/LON2/DLON/H
  160  132  107   89   76   69   66   68   72   77   83   89   94  100  105  110
  114  116  116  114  110  103   94   85   76   70   66   66   70   77   85   95
  104  112  117  120  121  120  120  120  123  129  138  151  169  189  213  238
  263  289  314  338  360  381  399  416  430  441  449  453  454  450  441  427
  409  387  360  330  298  263  228  193  160
    70.0-180.0 180.0   5.0 450.0                            LAT/LON1/LON2/DLON/H
  186  152  123  101   85   75   71   71   72   74   76   78   79   80   82   86
   89   93   96   97   95   90   83   76   69   64   63   66   73   83   95  107
  118  126  130  131  129  126  123  121  122  127  137  152  171  194  220  247
  274  301  326  350  372  392  411  427  442  455  465  472  475  473  467  457
  441  421  396  367  335  299  261  223  186
    67.5-180.0 180.0   5.0 450.0                            LAT/LON1/LON2/DLON/H
  212  174  142  116   97   86   80   78   78   77   74   71   66   63   61   62
   66   71   77   81   83   82   77   72   67   64   64   69   78   90  104  116
  127  134  136  134  130  124  119  117  118  125  137  154  176  201  229  257
  285  311  336  357  377  395  411  426  441  454  465  473  478  479  476  468
  455  439  418  393  363  329  292  252  212
    65.0-180.0 180.0   5.0 450.0                            LAT/LON1/LON2/DLON/H
  234  194  157  128  107   94   88   86   85   82   77   68   59   51   45   44
   48   55   63   71   76   77   75   72   68   66   68   73   83   95  108  119
  127  131  131  126  120  113  109  108  112  122  138  158  183  211  241  270
  298  323  344  363  379  393  406  419  431  443  453  462  467  469  467  461
  452  440  424  405  380  350  315  276  234
    62.5-180.0 180.0   5.0 450.0                            LAT/LON1/LON2/DLON/H
  251  208  169  136  112   98   92   90   89   87   80   70   58   47   39   36
   39   47   57   66   73   76   76   74   71   69   71   76   84   94  104  112
  117  117  114  108  101   95   93   97  106  121  142  167  195  225  256  286
  313  336  356  371  383  393  402  411  420  429  438  445  450  451  448  443
  436  427  416  403  385  361  331  293  251
    60.0-180.0 180.0   5.0 450.0                            LAT/LON1/LON2/DLON/H
  265  220  177  140  113   97   89   88   88   87   82   73   61   50   42   38
   41   48   58   68   74   78   77   75   72   70   71   75   81   88   95   99
   99   96   91   84   77   75   78   87  102  124  150  179  211  243  275  305
  331  354  371  384  393  399  404  409  414  420  426  431  433  431  427  421
  413  406  400  392  381  364  339  306  265
    57.5-180.0 180.0   5.0 450.0                            LAT/LON1/LON2/DLON/H
  277  233  187  146  115   95   85   82   82   82   80   74   66   58   51   49
   51   57   65   73   77   79   77   74   71   69   69   71   75   79   82   82
   80   75   68   61   57   58   66   82  104  132  163  196  229  263  296  326
  353  376  392  403  410  413  414  415  417  420  422  423  422  418  410  401
  392  385  380  377  373  363  345  316  277
    55.0-180.0 180.0   5.0 450.0                            LAT/LON1/LON2/DLON/H
  292  249  203  159  123   98   83   76   74   74   74   73   70   67   64   63
   65   70   75   79   80   79   75   71   67   65   65   66   68   69   70   69
   65   60   53   48   46   50   63   84  112  145  179  215  250  284  318  349
  377  400  417  428  433  434  433  431  429  428  427  425  421  413  402  389
  377  368  364  364  364  360  349  326  292
    52.5-180.0 180.0   5.0 450.0                            LAT/LON1/LON2/DLON/H
  310  271  227  182  143  113   91   77   69   67   67   70   72   74   76   77
   79   81   83   84   82   77   72   67   64   62   61   61   62   63   63   62
   60   56   51   47   47   53   69   93  125  161  199  236  271  306  340  373
  401  425  442  453  458  458  455  450  445  441  437  433  426  415  401  385
  371  359  354  353  356  358  353  338  310
    50.0-180.0 180.0   5.0 450.0                            LAT/LON1/LON2/DLON/H
  327  296  257  215  175  140  112   89   73   64   63   66   73   79   83   86
   88   89   89   87   83   77   71   67   64   62   61   60   60   61   62   63
   64   62   60   57   58   66   82  108  142  181  220  257  293  328  362  395
  424  448  464  475  479  479  475  469  461  455  448  442  434  422  406  388
  371  357  349  347  350  355  355  347  327
    47.5-180.0 180.0   5.0 450.0                            LAT/LON1/LON2/DLON/H
  339  316  285  249  213  178  144  113   88   71   64   66   73   80   86   89
   91   92   91   89   84   79   75   71   69   67   65   64   63   64   66   70
   73   75   76   75   76   83   99  125  161  201  241  279  315  349  383  415
  443  465  480  489  493  493  489  482  472  463  455  448  439  427  411  393
  374  358  347  342  343  348  352  351  339
    45.0-180.0 180.0   5.0 450.0                            LAT/LON1/LON2/DLON/H
  339  324  302  275  246  215  181  145  112   87   73   71   75   81   85   88
   89   91   92   91   89   87   84   83   81   79   75   72   69   69   71   76
   82   87   90   92   93   99  115  142  179  222  264  302  337  370  402  432
  457  475  487  495  498  499  495  488  477  466  456  448  439  428  413  396
  378  361  347  338  335  337  342  344  339
    42.5-180.0 180.0   5.0 450.0                            LAT/LON1/LON2/DLON/H
  325  315  300  282  263  240  210  175  138  108   89   82   82   84   85   86
   88   91   95   98   99   99  100  100   99   96   90   83   77   74   74   78
   85   92   97  101  104  111  128  157  197  243  287  326  360  390  419  445
  465  480  488  494  498  500  498  491  479  466  454  445  436  425  412  396
  380  364  349  335  327  324  326  327  325
    40.0-180.0 180.0   5.0 450.0                            LAT/LON1/LON2/DLON/H
  299  288  275  264  254  242  222  192  158  127  106   96   93   91   89   87
   89   95  103  109  113  116  119  121  120  115  106   95   85   77   73   73
   77   84   91   98  106  117  137  171  215  265  311  350  382  409  433  454
  471  481  488  494  500  505  505  498  484  469  455  444  435  424  411  398
  385  371  355  339  324  314  309  305  299
    37.5-180.0 180.0   5.0 450.0                            LAT/LON1/LON2/DLON/H
  271  252  234  223  219  217  209  189  163  136  118  109  105  101   97   94
   98  106  116  125  130  134  138  140  139  133  122  108   93   80   69   62
   61   65   74   86   99  117  144  184  234  288  337  375  403  425  445  463
  476  485  493  502  513  522  525  518  503  485  469  456  444  432  419  407
  397  387  373  355  335  317  302  288  271
    35.0-180.0 180.0   5.0 450.0                            LAT/LON1/LON2/DLON/H
  255  221  190  171  167  171  173  165  149  132  121  117  115  112  107  106
  112  122  134  142  146  149  152  155  154  148  136  120  103   85   67   52
   43   43   52   68   90  116  151  198  254  312  361  397  422  440  457  472
  486  498  511  527  545  560  566  559  542  522  503  487  473  458  442  431
  424  418  408  390  366  340  314  287  255
    32.5-180.0 180.0   5.0 450.0                            LAT/LON1/LON2/DLON/H
  264  210  161  128  116  120  127  129  123  116  114  117  120  120  118  120
  128  141  152  157  157  157  158  161  162  157  148  134  117   96   72   48
   30   24   33   53   82  117  160  213  274  334  382  416  437  453  469  487
  505  525  547  574  601  622  630  623  604  581  561  543  526  507  489  476
  470  468  462  447  422  390  354  313  264
    30.0-180.0 180.0   5.0 450.0                            LAT/LON1/LON2/DLON/H
  307  234  165  114   88   85   91   95   95   95  100  109  117  122  124  130
  142  155  164  164  159  155  156  161  164  163  158  150  137  118   91   60
   33   19   24   46   80  122  171  229  292  352  399  430  450  466  485  509
  536  568  603  642  678  704  713  704  683  660  640  622  603  581  559  543
  537  538  536  525  501  467  424  371  307
    27.5-180.0 180.0   5.0 450.0                            LAT/LON1/LON2/DLON/H
  384  298  213  145  104   87   84   84   83   83   90  101  111  118  124  134
  149  162  167  161  152  146  148  156  163  168  170  169  164  150  124   89
   54   32   31   51   87  132  184  243  306  364  409  439  460  480  506  540
  580  625  674  723  766  794  802  791  771  749  731  716  697  673  647  627
  620  622  623  616  595  562  517  458  384
    25.0-180.0 180.0   5.0 450.0                            LAT/LON1/LON2/DLON/H
  486  397  305  226  172  141  125  113  103   96   96  102  109  114  120  132
  147  159  160  150  138  133  139  152  165  175  183  191  196  190  169  133
   93   63   53   67   99  143  195  253  313  369  414  445  471  499  535  581
  633  690  749  806  851  876  881  870  852  835  823  812  796  772  743  720
  709  709  712  708  691  662  619  561  486
    22.5-180.0 180.0   5.0 450.0                            LAT/LON1/LON2/DLON/H
  596  515  428  349  287  245  216  191  166  144  130  123  119  117  119  128
  141  150  148  136  124  124  137  156  174  187  200  215  229  233  219  186
  143  105   85   89  114  153  201  257  315  369  414  450  484  523  571  627
  689  754  818  875  916  936  936  925  912  904  901  897  886  864  835  809
  793  789  791  788  775  751  714  664  596
    20.0-180.0 180.0   5.0 450.0                            LAT/LON1/LON2/DLON/H
  694  630  559  490  432  386  348  311  271  231  198  171  151  136  129  131
  139  144  139  126  119  126  147  172  192  206  220  238  258  271  265  237
  193  148  118  110  126  158  202  255  312  366  413  456  500  551  610  674
  740  806  867  917  949  960  956  948  944  947  954  959  954  936  909  881
  861  852  849  845  835  815  787  747  694
    17.5-180.0 180.0   5.0 450.0                            LAT/LON1/LON2/DLON/H
  763  721  673  623  577  536  498  455  405  349  296  249  210  179  159  151
  152  152  143  132  129  144  172  201  221  231  241  257  278  296  298  276
  233  183  144  125  131  157  199  250  307  363  414  464  519  581  648  715
  778  838  890  927  946  948  942  940  946  961  979  992  994  981  957  930
  906  891  882  875  865  849  827  799  763
    15.0-180.0 180.0   5.0 450.0                            LAT/LON1/LON2/DLON/H
  795  773  749  721  692  665  635  596  544  480  412  348  293  247  214  196
  189  182  171  160  160  180  211  240  256  259  260  268  286  304  310  294
  254  203  158  132  131  153  194  246  304  362  418  475  538  608  678  742
  798  846  884  907  914  908  903  909  927  953  979  997 1003  997  978  953
  927  907  891  880  868  853  835  816  795
    12.5-180.0 180.0   5.0 450.0                            LAT/LON1/LON2/DLON/H
  792  784  777  767  756  745  731  705  661  598  526  454  389  334  293  267
  252  239  224  211  211  230  260  284  291  284  274  272  281  295  302  290
  255  206  159  130  127  149  190  245  305  366  425  486  554  626  695  753
  798  833  857  867  865  857  856  871  900  934  962  981  989  987  975  954
  929  905  885  868  854  838  821  805  792
    10.0-180.0 180.0   5.0 450.0                            LAT/LON1/LON2/DLON/H
  768  763  761  759  759  762  766  760  733  681  615  546  482  428  385  356
  337  320  300  282  276  287  309  323  321  303  281  268  266  273  277  267
  238  194  151  124  123  148  193  250  312  373  432  494  562  632  696  746
  781  805  819  822  818  813  821  846  881  915  940  955  962  962  955  940
  918  894  871  852  835  817  798  780  768
     7.5-180.0 180.0   5.0 450.0                            LAT/LON1/LON2/DLON/H
  739  726  717  710  710  720  739  753  745  712  661  606  555  511  475  449
  431  412  387  361  343  341  349  351  338  311  282  258  246  243  243  234
  210  175  139  119  124  153  201  260  321  381  438  497  561  625  682  725
  753  771  783  788  789  794  812  844  881  909  924  929  930  931  929  920
  903  882  860  841  824  804  782  759  739
     5.0-180.0 180.0   5.0 450.0                            LAT/LON1/LON2/DLON/H
  724  695  668  644  632  639  664  692  702  688  657  623  592  567  546  530
  517  499  470  434  402  382  373  362  340  309  276  247  226  215  208  200
  182  155  130  119  131  165  215  273  332  387  440  493  550  607  657  695
  722  742  759  774  788  807  837  872  902  918  917  909  903  902  902  899
  889  873  856  840  825  807  783  754  724
     2.5-180.0 180.0   5.0 450.0                            LAT/LON1/LON2/DLON/H
  731  686  635  587  553  547  568  599  620  621  608  596  590  587  584  582
  577  562  531  487  441  405  379  357  330  299  266  236  211  192  181  172
  159  142  126  125  143  181  231  285  340  390  437  484  533  582  627  664
  694  723  753  783  814  849  887  921  940  938  920  899  884  880  880  880
  876  867  857  847  837  823  802  771  731
