ionex_files/turquie/COD0OPSFIN_20230450000_01D_01H_GIM.INX
     1.0            IONOSPHERE MAPS     GNSS                IONEX VERSION / TYPE
ADDNEQ2 V5.5        AIUB                18-FEB-23 21:28     PGM / RUN BY / DATE 
CODE'S GLOBAL IONOSPHERE MAPS FOR DAY 045, 2023             COMMENT             
Global ionosphere maps (GIM) are generated on a daily basis DESCRIPTION         
at CODE using data from about 300 GNSS sites of the IGS and DESCRIPTION         
other institutions. The vertical total electron content     DESCRIPTION         
(VTEC) is modeled in a solar-geomagnetic reference frame    DESCRIPTION         
using a spherical harmonics expansion up to degree and      DESCRIPTION         
order 15. Piece-wise linear functions are used for          DESCRIPTION         
representation in the time domain. The time spacing of      DESCRIPTION         
their vertices is 1 hour, conforming with the epochs of the DESCRIPTION         
VTEC maps.                                                  DESCRIPTION         
To convert line-of-sight TEC into vertical TEC, a modified  DESCRIPTION         
single-layer model mapping function approximating the JPL   DESCRIPTION         
extended slab model mapping function is adopted. The        DESCRIPTION         
mapping function is evaluated at geodetic satellite         DESCRIPTION         
elevation angles. For the computation of the ionospheric    DESCRIPTION         
pierce points, a spherical layer with a radius of 6821 km   DESCRIPTION         
is assumed, implying geocentric, not geodetic IONEX         DESCRIPTION         
latitudes.                                                  DESCRIPTION         
Instrumental biases with respect to each involved GNSS code DESCRIPTION         
observable are estimated as constant values for each        DESCRIPTION         
day. They are modeled with one set of bias parameters for   DESCRIPTION         
each satellite and each station in case of GPS and for each DESCRIPTION         
satellite-station link in case of GLONASS. The code bias    DESCRIPTION         
datum is defined by zero-mean conditions imposed on the     DESCRIPTION         
satellite bias estimates. In this file, just GPS C1W-C2W    DESCRIPTION         
satellite and station bias values are included. The         DESCRIPTION         
complete set of GNSS code bias results is provided in an    DESCRIPTION         
additional Bias-SINEX file as pseudo-absolute values        DESCRIPTION         
specific to each observable.                                DESCRIPTION         
Note: These GIM results correspond to the results for the   DESCRIPTION         
middle day of a 3-day combination analysis solving for 73   DESCRIPTION         
times 256, or 18688 VTEC parameters and 3 daily sets of     DESCRIPTION         
GNSS code bias parameters.                                  DESCRIPTION         
Contact address: code(at)aiub.unibe.ch                      DESCRIPTION         
Data archive:    ftp.aiub.unibe.ch/CODE/                    DESCRIPTION         
                 www.aiub.unibe.ch/download/CODE/           DESCRIPTION         
  2023     2    14     0     0     0                        EPOCH OF FIRST MAP  
  2023     2    15     0     0     0                        EPOCH OF LAST MAP   
  3600                                                      INTERVAL            
[...]
brft brst brux bshm cags cas1 ccj2 cedu chpg chpi chti chur COMMENT             
ckis coco cord cpvg cpxf crar cro1 daej darw dav1 dgar dhlg COMMENT             
drao dubo ebre faa1 fair flrs frdn ftna func ganp glps glsv COMMENT             
gode godz gol2 gold gope gras graz guam guug harb hers hert COMMENT             
hlfx hob2 hofn holb hrao hyde iddr ieng iisc ineg invk iqal COMMENT             
irkj isba jog2 joz2 joze karr kerg kir0 kiri kiru kit3 kokb COMMENT             
kokv kouc koug kour krgg lae1 laut lmmf lpal lpgs m0se mac1 COMMENT             
madr mal2 mana mas1 mat1 mate maw1 mcm4 mdo1 mdvj medi mets COMMENT             
mgue mizu mkea mnls mobs monp morp mqzg mro1 mtka nano nico COMMENT             
nist nium nklg nlib nnor not1 nrc1 nrmd ntus nya1 nyal ohi2 COMMENT             
onsa opmt ous2 pado parc park pdel penc pert pie1 pimo pohn COMMENT             
pol2 polv pots pove prds ptag ptbb ptvl qaq1 quin rabt ramo COMMENT             
reun reyk rgdg rio2 riop salu samo sant savo sch2 scor scrz COMMENT             
sctb scub seyg smst sofi spt0 ssia sthl stjo stk2 str2 suth COMMENT             
sutm suwn sydn syog tabl tabv tash thtg thti thu2 tid1 tidb COMMENT             
tlse tn22 tong tow2 tro1 tsea tskb tuva twtf txes uclu ufpr COMMENT             
ulab unb3 unsa urum usn7 usud vald vill voim vtsp wab1 wab2 COMMENT             
wark wes2 wgtn whit will wsrt wtza wtzl wtzr wtzs wtzz wuhn COMMENT             
xmis yar2 yar3 yarr yell ykro zamb zeck zim2 zim3 zimm      COMMENT             
                                                            END OF HEADER       
[from data line 10296]
    25                                                      START OF TEC MAP    
  2023     2    15     0     0     0                        EPOCH OF CURRENT MAP
    87.5-180.0 180.0   5.0 450.0                            LAT/LON1/LON2/DLON/H
  269  273  277  280  283  286  288  289  291  291  291  291  290  288  286  283
  280  277  273  268  264  259  253  248  242  236  231  225  219  213  208  202
  197  192  188  183  179  176  173  170  168  166  165  164  163  163  164  165
  166  168  170  172  175  178  182  185  189  194  198  203  208  213  218  223
  229  234  239  244  250  255  260  264  269
    85.0-180.0 180.0   5.0 450.0                            LAT/LON1/LON2/DLON/H
  297  306  313  321  327  333  338  341  344  346  347  346  344  342  338  333
  327  320  313  304  295  285  275  265  254  243  232  221  210  199  189  179
  169  161  152  145  139  133  128  123  120  117  115  114  114  114  115  117
  119  122  126  130  134  140  146  152  158  165  173  181  189  197  206  214
  224  233  242  252  261  270  280  289  297
    82.5-180.0 180.0   5.0 450.0                            LAT/LON1/LON2/DLON/H
  309  321  332  343  353  362  369  375  380  383  384  383  381  377  372  365
  357  348  338  327  315  302  289  275  261  247  232  217  203  189  175  162
  150  139  129  120  113  106  101   96   92   90   88   86   86   86   87   89
   92   95  100  104  110  116  123  130  137  145  153  162  171  181  191  201
  212  223  235  247  259  272  284  297  309
    80.0-180.0 180.0   5.0 450.0                            LAT/LON1/LON2/DLON/H
  306  321  335  348  361  373  383  391  397  400  401  400  396  390  383  374
  364  354  343  331  319  307  293  279  264  249  233  217  201  185  170  156
  143  131  122  113  106  101   96   92   89   87   85   84   83   82   83   84
   86   89   92   97  102  108  114  120  127  134  142  149  158  167  176  186
  197  209  221  234  248  262  277  291  306
    77.5-180.0 180.0   5.0 450.0                            LAT/LON1/LON2/DLON/H
  296  312  327  343  357  371  382  392  398  402  401  398  391  382  371  360
  348  337  326  316  307  297  287  276  264  250  235  219  203  187  172  158
  146  136  128  121  116  113  111  109  107  105  104  102  100   98   96   96
   96   97  100  103  107  112  117  122  127  132  138  143  149  156  164  173
  183  195  207  220  235  249  265  280  296
    75.0-180.0 180.0   5.0 450.0                            LAT/LON1/LON2/DLON/H
  287  303  318  334  349  364  377  387  394  396  393  386  374  359  343  327
  312  300  291  284  280  276  272  266  259  249  236  223  208  193  179  166
  155  147  141  137  135  135  135  136  136  136  134  131  127  123  119  116
  114  114  114  117  120  124  128  131  134  137  139  142  145  150  156  164
  174  186  199  212  227  242  257  272  287
    72.5-180.0 180.0   5.0 450.0                            LAT/LON1/LON2/DLON/H
  287  301  314  328  343  358  372  384  391  392  386  373  355  332  308  285
  266  252  244  242  243  246  250  251  249  243  235  223  210  197  184  172
  163  156  152  151  152  154  158  161  164  164  163  159  154  148  141  135
  131  128  128  130  133  136  139  141  142  143  143  143  145  148  154  162
  173  186  200  216  231  246  260  274  287
    70.0-180.0 180.0   5.0 450.0                            LAT/LON1/LON2/DLON/H
  299  309  319  331  344  358  373  386  394  395  387  369  343  311  277  246
  220  204  196  197  204  214  224  231  233  232  226  217  206  194  182  172
  164  158  155  155  157  162  167  173  178  181  180  176  170  161  153  144
  138  135  134  136  139  142  145  147  147  146  145  144  146  150  157  167
  181  197  214  231  248  263  277  289  299
    67.5-180.0 180.0   5.0 450.0                            LAT/LON1/LON2/DLON/H
  322  327  333  340  350  364  379  394  404  407  399  377  345  304  261  220
  188  167  159  161  171  184  197  207  212  212  208  201  192  183  174  165
  157  151  147  146  148  152  159  166  173  178  179  176  170  160  150  140
  133  129  128  131  134  139  142  144  144  144  143  143  146  153  163  178
  196  216  237  257  275  292  304  314  322
    65.0-180.0 180.0   5.0 450.0                            LAT/LON1/LON2/DLON/H
  350  352  353  355  361  372  387  404  418  424  418  397  361  315  264  216
  177  151  140  141  150  162  174  182  186  185  182  177  172  165  159  151
  144  136  130  126  125  128  134  142  151  157  160  159  153  144  134  123
  116  112  112  115  120  125  129  132  134  135  136  139  146  157  173  193
  216  240  264  287  307  324  337  345  350
    62.5-180.0 180.0   5.0 450.0                            LAT/LON1/LON2/DLON/H
  378  378  375  372  373  380  393  411  429  440  439  421  387  340  286  234
  191  161  145  141  145  151  156  158  157  155  152  149  148  146  142  137
  129  120  111  103   98   97  101  108  117  125  131  131  127  119  109   99
   92   88   89   92   97  103  109  113  117  120  125  133  145  162  184  209
  237  265  292  316  337  354  367  375  378
    60.0-180.0 180.0   5.0 450.0                            LAT/LON1/LON2/DLON/H
  403  402  397  390  386  387  397  414  433  449  454  443  415  372  321  270
  226  193  172  161  156  151  146  139  132  126  124  124  127  129  129  126
  118  108   95   83   74   70   71   76   84   93   99  102   99   92   83   73
   67   64   65   68   74   80   85   91   97  105  114  127  145  168  196  226
  258  288  315  338  359  376  389  399  403
    57.5-180.0 180.0   5.0 450.0                            LAT/LON1/LON2/DLON/H
  423  424  420  411  402  397  401  413  432  450  460  457  437  404  361  316
  274  241  215  196  179  162  145  128  114  106  104  108  114  120  123  121
  113  101   87   73   62   55   52   55   61   69   76   79   77   71   62   54
   49   46   47   50   55   60   65   72   81   92  107  125  149  177  209  242
  275  305  331  353  371  388  403  415  423
    55.0-180.0 180.0   5.0 450.0                            LAT/LON1/LON2/DLON/H
  438  446  445  437  425  414  410  415  428  444  456  458  449  427  396  361
  326  293  264  237  209  180  152  127  109  100  100  106  114  120  122  119
  111  100   87   74   63   55   51   51   55   60   65   68   66   60   53   46
   41   40   41   43   45   49   54   62   73   88  106  129  156  187  221  256
  289  318  341  360  377  392  409  425  438
    52.5-180.0 180.0   5.0 450.0                            LAT/LON1/LON2/DLON/H
  452  467  473  469  457  442  431  426  430  438  447  451  449  438  420  396
  369  339  308  274  239  201  166  137  118  110  111  117  122  125  123  117
  108   98   89   81   74   69   65   64   64   66   69   70   68   62   55   49
   46   45   46   48   48   49   53   62   75   92  113  138  167  199  233  268
  299  326  347  364  378  394  412  433  452
    50.0-180.0 180.0   5.0 450.0                            LAT/LON1/LON2/DLON/H
  467  489  503  505  497  482  465  452  444  441  441  442  442  439  432  418
  397  371  339  303  263  223  187  159  142  135  136  137  135  129  119  109
   99   93   89   88   89   89   88   86   84   84   84   83   80   75   68   63
   61   61   63   63   62   61   63   72   86  105  128  153  181  211  243  275
  305  330  350  366  381  397  417  441  467
    47.5-180.0 180.0   5.0 450.0                            LAT/LON1/LON2/DLON/H
  481  510  531  542  541  529  511  492  473  456  444  436  434  434  432  425
  410  386  355  319  281  244  211  187  174  169  166  159  146  128  109   94
   84   82   85   92  100  107  111  110  107  104  102  101   98   93   87   83
   82   83   85   85   82   79   80   88  103  123  146  170  195  222  250  279
  306  330  351  370  387  405  426  452  481
    45.0-180.0 180.0   5.0 450.0                            LAT/LON1/LON2/DLON/H
  493  524  552  571  578  574  560  539  513  485  459  440  430  428  428  423
  409  386  358  326  294  263  237  218  208  202  193  176  150  121   94   76
   68   70   78   91  106  118  126  128  126  122  120  119  117  113  108  104
  103  106  108  107  102   97   97  105  121  141  163  185  207  230  254  279
  304  329  353  375  396  417  439  464  493
    42.5-180.0 180.0   5.0 450.0                            LAT/LON1/LON2/DLON/H
  500  530  560  585  601  606  600  583  555  520  483  453  434  427  424  417
  402  380  354  329  304  281  261  246  236  227  211  184  148  111   82   67
   63   68   78   91  107  122  133  137  136  133  132  133  133  131  126  122
  121  124  127  125  118  111  110  117  134  155  176  196  216  235  256  277
  301  326  353  381  407  430  452  474  500
    40.0-180.0 180.0   5.0 450.0                            LAT/LON1/LON2/DLON/H
  500  525  554  582  603  616  620  611  587  551  509  471  445  432  425  414
  397  375  353  334  316  299  282  266  253  239  218  185  146  110   88   82
   85   92   97  103  112  124  134  139  139  138  138  141  144  143  139  134
  133  135  137  134  125  116  114  122  140  162  184  203  221  239  257  276
  298  324  354  387  418  443  462  480  500
    37.5-180.0 180.0   5.0 450.0                            LAT/LON1/LON2/DLON/H
  495  514  539  564  586  604  614  615  600  569  527  488  459  443  432  419
  400  378  360  346  333  317  297  276  258  241  219  188  155  132  126  135
  148  153  148  138  131  132  137  140  141  140  142  146  151  152  148  142
  139  139  139  134  124  113  110  119  138  162  186  207  226  244  260  278
  298  324  356  392  425  452  469  481  495
    35.0-180.0 180.0   5.0 450.0                            LAT/LON1/LON2/DLON/H
  492  506  524  543  561  576  589  597  591  569  534  497  470  455  444  431
  412  392  377  367  354  333  305  277  255  239  224  206  190  188  205  234
  256  257  234  201  172  155  150  149  147  145  146  151  156  157  152  145
  140  138  136  128  115  103  100  111  133  161  188  212  233  252  269  285
  304  329  361  397  431  458  473  482  492
    32.5-180.0 180.0   5.0 450.0                            LAT/LON1/LON2/DLON/H
  498  510  524  536  544  550  559  568  569  555  529  499  478  466  458  447
  432  415  403  393  376  347  309  274  253  247  248  251  259  283  325  372
  401  393  350  289  234  197  179  170  164  158  156  157  160  160  155  146
  139  134  130  120  105   91   89  103  130  163  194  222  246  267  285  301
  320  343  372  406  438  464  480  489  498
    30.0-180.0 180.0   5.0 450.0                            LAT/LON1/LON2/DLON/H
  522  538  552  558  554  547  544  548  549  541  522  499  483  475  472  465
  454  442  432  419  396  358  312  276  264  276  301  330  363  410  471  530
  560  540  476  390  310  254  221  204  191  180  172  168  166  164  157  147
  138  131  124  112   95   82   83  101  134  172  209  240  267  289  308  326
  345  367  393  422  451  476  494  508  522
    27.5-180.0 180.0   5.0 450.0                            LAT/LON1/LON2/DLON/H
  569  595  614  618  605  583  565  558  554  546  529  509  494  487  486  483
  476  467  456  439  410  366  320  292  298  335  387  440  491  549  616  676
  700  668  586  482  385  314  271  244  225  209  193  182  174  168  159  148
  138  129  121  108   91   79   83  107  147  192  234  268  296  318  338  359
  380  403  425  449  473  497  520  543  569
    25.0-180.0 180.0   5.0 450.0                            LAT/LON1/LON2/DLON/H
  635  676  707  715  698  665  633  613  600  586  566  541  521  510  505  501
  495  487  474  452  419  376  340  331  361  425  501  566  621  673  730  777
  788  744  653  543  442  366  315  283  260  239  218  199  184  172  161  150
  138  129  120  107   91   81   90  121  168  220  267  304  331  353  373  397
  423  447  468  486  506  531  561  595  635
    22.5-180.0 180.0   5.0 450.0                            LAT/LON1/LON2/DLON/H
  712  769  816  835  822  786  746  715  694  672  643  609  576  551  535  524
  514  502  485  459  427  395  378  395  452  538  624  687  725  754  784  806
  799  747  658  557  465  395  345  312  287  265  241  216  194  177  164  151
  139  129  120  107   93   87  101  139  194  253  305  343  370  389  410  437
  469  497  517  531  548  574  611  658  712
    20.0-180.0 180.0   5.0 450.0                            LAT/LON1/LON2/DLON/H
  787  858  920  955  954  925  885  852  825  797  759  713  663  619  584  558
  539  519  496  468  443  429  439  483  561  654  733  775  780  769  761  752
  727  673  598  520  451  396  354  323  302  283  260  232  205  183  166  151
  138  127  118  107   96   94  113  157  219  284  340  380  406  424  445  476
  514  547  567  579  594  622  665  721  787
    17.5-180.0 180.0   5.0 450.0                            LAT/LON1/LON2/DLON/H
  844  923  998 1050 1066 1051 1022  995  971  942  900  844  777  711  653  609
  576  546  515  488  475  483  520  584  669  752  804  807  767  712  664  627
  587  539  487  442  405  372  341  317  303  292  274  246  215  189  169  151
  135  123  114  105   97   99  122  170  237  308  368  410  436  453  476  512
  555  592  613  623  637  667  714  773  844
    15.0-180.0 180.0   5.0 450.0                            LAT/LON1/LON2/DLON/H
  874  952 1033 1099 1133 1136 1125 1111 1098 1078 1040  982  905  820  742  678
  630  589  552  527  527  557  613  685  757  809  817  772  687  594  516  460
  417  380  356  347  344  335  316  300  294  293  283  258  225  196  172  151
  132  117  108  102   97  101  126  177  247  320  384  429  457  476  501  541
  589  628  649  657  672  703  750  807  874
    12.5-180.0 180.0   5.0 450.0                            LAT/LON1/LON2/DLON/H
  875  944 1022 1094 1141 1161 1167 1171 1175 1171 1148 1099 1023  930  838  760
  699  650  610  588  599  643  707  767  807  810  766  675  557  443  356  298
  261  240  242  264  290  300  291  280  282  291  289  267  235  204  178  153
  130  113  104   99   97  102  127  178  248  323  389  437  469  492  520  563
  613  652  671  678  693  725  770  819  875
    10.0-180.0 180.0   5.0 450.0                            LAT/LON1/LON2/DLON/H
  853  907  975 1043 1093 1121 1139 1158 1180 1197 1197 1170 1109 1021  926  843
  777  725  684  666  683  730  783  813  804  751  659  537  409  301  228  186
  164  159  179  221  263  282  277  268  273  288  293  276  245  214  187  160
  133  113  104  102  101  107  130  179  246  320  386  437  473  500  533  578
  626  663  679  686  702  734  774  812  853
     7.5-180.0 180.0   5.0 450.0                            LAT/LON1/LON2/DLON/H
  822  859  912  968 1009 1034 1053 1078 1112 1149 1175 1177 1143 1075  991  914
  852  803  766  750  765  801  826  812  747  643  518  390  279  205  169  158
  156  161  186  231  274  292  282  268  272  289  296  282  254  226  201  174
  145  123  114  113  114  118  139  183  247  317  381  433  472  504  539  584
  630  662  674  681  699  733  769  796  822
     5.0-180.0 180.0   5.0 450.0                            LAT/LON1/LON2/DLON/H
  797  821  859  897  920  929  936  955  990 1038 1088 1120 1119 1080 1019  959
  910  871  839  823  828  840  826  761  647  508  376  270  204  184  199  226
  242  249  263  294  323  327  305  283  280  293  299  285  261  238  219  195
  166  144  135  135  135  138  156  195  254  319  380  429  468  502  539  582
  623  650  660  668  690  726  761  782  797
     2.5-180.0 180.0   5.0 450.0                            LAT/LON1/LON2/DLON/H
  792  811  837  857  857  841  826  827  851  898  958 1015 1045 1039 1007  970
  940  915  890  871  859  839  781  670  521  375  265  207  204  248  316  376
  403  399  390  392  395  378  341  306  294  298  299  285  265  251  239  221
  194  173  164  164  164  165  180  216  271  331  385  430  465  497  533  572
  608  630  640  651  679  720  758  779  792
