ionex_files/turquie/COD0OPSFIN_20230450000_01D_01H_GIM.INX
     1.0            IONOSPHERE MAPS     GNSS                IONEX VERSION / TYPE
ADDNEQ2 V5.5        AIUB                18-FEB-23 21:28     PGM / RUN BY / DATE 
CODE'S GLOBAL IONOSPHERE MAPS FOR DAY 045, 2023             COMMENT             
Global ionosphere maps (GIM) are generated on a daily basis DESCRIPTION         
at CODE using data from about 300 GNSS sites of the IGS and DESCRIPTION         
other institutions. The vertical total electron content     DESCRIPTION         
(VTEC) is modeled in a solar-geomagnetic reference frame    DESCRIPTION         
using a spherical harmonics expansion up to degree and      DESCRIPTION         
order 15. Piece-wise linear functions are used for          DESCRIPTION         
representation in the time domain. The time spacing of      DESCRIPTION         
their vertices is 1 hour, conforming with the epochs of the DESCRIPTION         
VTEC maps.                                                  DESCRIPTION         
To convert line-of-sight TEC into vertical TEC, a modified  DESCRIPTION         
single-layer model mapping function approximating the JPL   DESCRIPTION         
extended slab model mapping function is adopted. The        DESCRIPTION         
mapping function is evaluated at geodetic satellite         DESCRIPTION         
elevation angles. For the computation of the ionospheric    DESCRIPTION         
pierce points, a spherical layer with a radius of 6821 km   DESCRIPTION         
is assumed, implying geocentric, not geodetic IONEX         DESCRIPTION         
latitudes.                                                  DESCRIPTION         
Instrumental biases with respect to each involved GNSS code DESCRIPTION         
observable are estimated as constant values for each        DESCRIPTION         
day. They are modeled with one set of bias parameters for   DESCRIPTION         
each satellite and each station in case of GPS and for each DESCRIPTION         
satellite-station link in case of GLONASS. The code bias    DESCRIPTION         
datum is defined by zero-mean conditions imposed on the     DESCRIPTION         
satellite bias estimates. In this file, just GPS C1W-C2W    DESCRIPTION         
satellite and station bias values are included. The         DESCRIPTION         
complete set of GNSS code bias results is provided in an    DESCRIPTION         
additional Bias-SINEX file as pseudo-absolute values        DESCRIPTION         
specific to each observable.                                DESCRIPTION         
Note: These GIM results correspond to the results for the   DESCRIPTION         
middle day of a 3-day combination analysis solving for 73   DESCRIPTION         
times 256, or 18688 VTEC parameters and 3 daily sets of     DESCRIPTION         
GNSS code bias parameters.                                  DESCRIPTION         
Contact address: code(at)aiub.unibe.ch                      DESCRIPTION         
Data archive:    ftp.aiub.unibe.ch/CODE/                    DESCRIPTION         
                 www.aiub.unibe.ch/download/CODE/           DESCRIPTION         
  2023     2    14     0     0     0                        EPOCH OF FIRST MAP  
  2023     2    15     0     0     0                        EPOCH OF LAST MAP   
  3600                                                      INTERVAL            
[...]
brft brst brux bshm cags cas1 ccj2 cedu chpg chpi chti chur COMMENT             
ckis coco cord cpvg cpxf crar cro1 daej darw dav1 dgar dhlg COMMENT             
drao dubo ebre faa1 fair flrs frdn ftna func ganp glps glsv COMMENT             
gode godz gol2 gold gope gras graz guam guug harb hers hert COMMENT             
hlfx hob2 hofn holb hrao hyde iddr ieng iisc ineg invk iqal COMMENT             
irkj isba jog2 joz2 joze karr kerg kir0 kiri kiru kit3 kokb COMMENT             
kokv kouc koug kour krgg lae1 laut lmmf lpal lpgs m0se mac1 COMMENT             
madr mal2 mana mas1 mat1 mate maw1 mcm4 mdo1 mdvj medi mets COMMENT             
mgue mizu mkea mnls mobs monp morp mqzg mro1 mtka nano nico COMMENT             
nist nium nklg nlib nnor not1 nrc1 nrmd ntus nya1 nyal ohi2 COMMENT             
onsa opmt ous2 pado parc park pdel penc pert pie1 pimo pohn COMMENT             
pol2 polv pots pove prds ptag ptbb ptvl qaq1 quin rabt ramo COMMENT             
reun reyk rgdg rio2 riop salu samo sant savo sch2 scor scrz COMMENT             
sctb scub seyg smst sofi spt0 ssia sthl stjo stk2 str2 suth COMMENT             
sutm suwn sydn syog tabl tabv tash thtg thti thu2 tid1 tidb COMMENT             
tlse tn22 tong tow2 tro1 tsea tskb tuva twtf txes uclu ufpr COMMENT             
ulab unb3 unsa urum usn7 usud vald vill voim vtsp wab1 wab2 COMMENT             
wark wes2 wgtn whit will wsrt wtza wtzl wtzr wtzs wtzz wuhn COMMENT             
xmis yar2 yar3 yarr yell ykro zamb zeck zim2 zim3 zimm      COMMENT             
                                                            END OF HEADER       
[from data line 5577]
    14                                                      START OF TEC MAP    
  2023     2    14    13     0     0                        EPOCH OF CURRENT MAP
    87.5-180.0 180.0   5.0 450.0                            LAT/LON1/LON2/DLON/H
  252  253  253  253  253  253  253  253  252  252  251  250  250  249  248  247
  246  244  243  241  240  238  236  234  232  230  228  225  223  220  218  215
  212  210  207  205  203  200  199  197  196  194  194  193  193  194  194  195
  197  198  200  203  205  208  211  214  217  220  223  226  229  232  235  237
  240  242  244  246  248  249  250  251  252
    85.0-180.0 180.0   5.0 450.0                            LAT/LON1/LON2/DLON/H
  262  262  261  260  259  258  257  256  255  253  252  251  251  250  249  248
  247  246  245  244  243  242  240  238  236  233  230  227  223  218  214  209
  203  198  192  186  181  176  171  166  162  159  157  155  154  155  156  158
  161  165  169  174  180  186  192  198  205  211  218  224  230  235  240  245
  249  253  256  258  260  261  262  262  262
    82.5-180.0 180.0   5.0 450.0                            LAT/LON1/LON2/DLON/H
  258  255  252  249  246  243  241  238  236  235  234  233  233  233  233  233
  234  234  235  236  237  238  239  239  239  239  237  235  232  228  222  216
  209  201  193  184  175  166  157  149  142  136  131  128  126  126  127  129
  134  139  145  153  161  170  179  188  197  206  215  223  230  237  243  249
  253  257  260  261  262  262  261  260  258
    80.0-180.0 180.0   5.0 450.0                            LAT/LON1/LON2/DLON/H
  241  236  230  224  219  214  210  206  204  202  201  201  202  203  204  206
  208  211  214  218  222  227  232  237  241  245  248  250  250  249  245  240
  233  224  214  202  190  178  166  154  144  135  127  121  118  116  117  119
  123  129  137  145  155  165  175  185  194  203  212  220  227  233  239  244
  248  251  253  254  254  252  250  246  241
    77.5-180.0 180.0   5.0 450.0                            LAT/LON1/LON2/DLON/H
  219  211  203  194  186  179  174  169  167  165  165  166  167  169  171  174
  177  182  187  193  201  210  220  231  242  253  263  271  277  280  281  278
  273  265  254  241  228  213  198  184  170  158  148  140  134  131  129  131
  134  139  145  153  162  170  179  187  194  201  207  211  216  220  223  227
  230  233  235  236  236  234  231  225  219
    75.0-180.0 180.0   5.0 450.0                            LAT/LON1/LON2/DLON/H
  197  188  177  167  157  149  142  137  135  134  135  136  138  140  143  145
  148  153  159  167  178  191  206  224  242  260  278  294  307  317  323  325
  323  317  307  295  281  265  249  233  218  204  191  181  173  167  163  161
  162  164  168  173  178  183  188  192  194  195  195  195  194  194  194  196
  198  202  206  209  211  211  209  204  197
    72.5-180.0 180.0   5.0 450.0                            LAT/LON1/LON2/DLON/H
  179  171  160  149  138  128  121  117  115  115  116  119  121  123  124  125
  127  130  135  144  157  173  193  216  241  267  292  315  335  352  364  371
  373  371  364  353  340  325  308  292  276  262  248  236  226  217  209  204
  200  198  197  197  198  198  197  194  190  184  176  168  161  155  152  151
  154  159  167  175  182  186  188  185  179
    70.0-180.0 180.0   5.0 450.0                            LAT/LON1/LON2/DLON/H
  168  161  151  140  129  120  113  109  108  109  112  114  117  118  117  116
  116  116  120  128  141  160  183  211  240  271  302  330  356  378  396  408
  415  416  413  405  394  380  365  350  335  321  307  294  282  270  258  248
  239  231  225  219  214  208  201  192  180  167  151  135  121  109  101   98
  101  110  122  136  150  161  168  171  168
    67.5-180.0 180.0   5.0 450.0                            LAT/LON1/LON2/DLON/H
  159  155  148  138  128  120  115  112  111  113  116  119  121  121  120  116
  113  111  113  120  133  153  178  208  240  273  306  337  366  392  413  430
  441  447  447  442  434  422  410  397  384  371  358  345  332  317  302  286
  271  258  245  233  222  211  198  183  166  146  123  101   80   62   50   46
   49   60   77   97  118  137  150  158  159
    65.0-180.0 180.0   5.0 450.0                            LAT/LON1/LON2/DLON/H
  149  148  143  136  129  123  119  117  118  120  123  126  128  128  125  121
  116  112  113  119  133  153  179  209  241  273  305  335  364  391  415  435
  450  460  464  462  456  448  438  427  416  406  395  383  369  353  334  314
  294  274  255  238  222  206  189  171  149  125   99   73   48   26   11    3
    6   17   37   62   89  113  132  144  149
    62.5-180.0 180.0   5.0 450.0                            LAT/LON1/LON2/DLON/H
  133  135  133  129  125  122  120  119  120  123  126  129  131  131  128  124
  119  115  116  123  137  158  184  212  242  271  299  327  353  380  405  428
  446  459  466  468  464  457  449  441  433  425  416  406  393  376  355  332
  307  282  258  236  216  197  178  158  135  111   85   58   32    9    0    0
    0    0   10   36   64   91  112  126  133
    60.0-180.0 180.0   5.0 450.0                            LAT/LON1/LON2/DLON/H
  111  113  113  112  112  112  113  114  116  118  120  123  125  126  125  122
  119  117  119  128  144  166  191  218  245  269  292  315  339  364  389  414
  436  452  461  464  462  457  450  443  437  432  425  417  406  390  369  343
  315  286  259  233  210  189  169  148  128  106   84   61   38   16    0    0
    0    0    0   22   48   72   91  104  111
    57.5-180.0 180.0   5.0 450.0                            LAT/LON1/LON2/DLON/H
   84   85   86   88   91   95   99  102  104  105  107  109  112  114  115  114
  113  115  121  133  151  175  200  226  249  269  287  305  326  350  377  403
  426  444  456  460  459  454  448  442  437  433  429  424  414  400  379  353
  323  292  262  234  209  186  165  146  128  111   95   79   62   44   26   10
    1    0    8   23   41   59   72   81   84
    55.0-180.0 180.0   5.0 450.0                            LAT/LON1/LON2/DLON/H
   58   56   56   59   66   74   81   86   88   89   90   92   94   97   99  101
  104  110  120  136  158  183  209  234  254  271  286  302  322  346  372  400
  424  443  455  460  460  456  450  444  440  437  434  430  423  410  391  366
  336  304  272  243  216  191  169  150  135  123  114  106   97   85   70   53
   39   31   30   36   45   53   59   60   58
    52.5-180.0 180.0   5.0 450.0                            LAT/LON1/LON2/DLON/H
   38   32   31   35   44   55   65   72   75   75   75   76   78   81   84   88
   94  104  119  139  164  191  218  242  262  277  292  307  327  351  378  405
  429  448  460  466  467  464  459  453  449  446  443  440  434  424  406  382
  353  320  288  257  229  203  179  159  144  135  132  132  131  126  115   98
   81   68   59   57   57   57   53   46   38
    50.0-180.0 180.0   5.0 450.0                            LAT/LON1/LON2/DLON/H
   30   20   17   21   31   44   56   64   68   69   69   69   70   71   73   78
   86  100  120  144  171  200  227  251  270  287  302  320  340  365  391  416
  439  456  469  476  479  478  475  471  466  462  458  455  449  439  423  400
  371  339  306  275  245  217  191  168  151  142  142  147  152  153  146  133
  116   99   87   79   74   67   57   44   30
    47.5-180.0 180.0   5.0 450.0                            LAT/LON1/LON2/DLON/H
   35   22   17   20   30   44   57   67   72   74   73   73   71   70   70   74
   84  101  124  152  181  209  236  259  280  298  316  335  357  381  404  426
  446  462  476  486  493  496  496  493  489  484  478  472  465  454  438  415
  387  355  322  291  260  230  201  174  153  141  139  145  153  158  156  146
  132  118  106   97   89   80   67   51   35
    45.0-180.0 180.0   5.0 450.0                            LAT/LON1/LON2/DLON/H
   50   37   30   32   41   54   67   77   83   86   86   85   82   78   75   76
   87  107  134  164  193  221  246  268  289  309  329  349  371  392  411  428
  445  461  478  493  506  515  519  519  516  509  501  491  480  466  449  427
  398  367  334  302  271  240  208  178  152  134  127  128  135  141  142  138
  129  119  111  106  101   93   81   66   50
    42.5-180.0 180.0   5.0 450.0                            LAT/LON1/LON2/DLON/H
   69   58   51   51   58   70   82   92   98  101  103  102   99   91   85   85
   95  117  148  180  209  234  256  277  297  317  338  358  377  394  407  419
  434  452  474  497  517  533  542  546  544  537  525  510  494  477  457  434
  406  375  342  310  279  247  215  183  154  130  115  109  110  114  116  115
  112  109  107  106  106  102   94   82   69
    40.0-180.0 180.0   5.0 450.0                            LAT/LON1/LON2/DLON/H
   87   78   72   71   76   85   96  104  110  114  117  118  115  107   98   96
  106  131  164  197  226  249  268  286  304  323  342  360  375  386  393  402
  416  439  469  501  530  552  567  574  574  567  552  532  510  488  467  443
  415  384  351  319  289  259  230  200  170  142  120  104   97   95   95   96
   97   98  101  104  107  107  103   96   87
    37.5-180.0 180.0   5.0 450.0                            LAT/LON1/LON2/DLON/H
  100   93   88   86   88   95  103  110  115  119  123  127  126  119  109  107
  118  144  179  214  242  263  279  294  310  326  342  357  367  373  377  384
  401  431  470  512  549  577  595  606  609  603  586  561  533  507  483  460
  433  403  371  339  310  284  260  237  212  184  157  133  115  105  101  100
  101  103  105  107  109  110  108  105  100
    35.0-180.0 180.0   5.0 450.0                            LAT/LON1/LON2/DLON/H
  105  100   95   91   91   96  102  107  110  113  120  127  130  126  118  116
  128  156  192  227  255  274  289  302  315  328  341  352  360  364  368  377
  400  439  488  539  581  611  632  645  651  647  629  601  568  538  514  492
  468  440  409  378  350  330  315  303  288  266  237  206  179  159  148  143
  139  135  130  125  120  115  111  108  105
    32.5-180.0 180.0   5.0 450.0                            LAT/LON1/LON2/DLON/H
  104   99   93   87   85   88   93   96   97  100  108  119  128  128  124  123
  136  164  201  235  262  282  296  308  319  330  341  351  361  368  377  393
  424  472  529  585  629  659  678  693  702  701  685  654  619  588  564  544
  524  499  470  440  415  401  397  399  399  387  361  326  290  262  242  228
  215  200  182  163  144  128  117  110  104
    30.0-180.0 180.0   5.0 450.0                            LAT/LON1/LON2/DLON/H
  104   95   86   78   74   76   80   82   81   83   92  107  121  127  127  129
  142  170  205  239  265  285  301  313  324  334  345  360  376  393  413  439
  479  533  594  651  692  718  735  749  762  765  751  721  685  654  632  616
  600  579  552  524  503  494  501  518  533  534  514  477  436  399  371  347
  321  292  257  220  184  153  129  114  104
    27.5-180.0 180.0   5.0 450.0                            LAT/LON1/LON2/DLON/H
  108   94   80   69   62   63   67   69   68   69   78   95  113  124  128  133
  148  175  208  239  265  286  303  317  328  339  356  379  409  442  476  514
  561  617  677  729  764  783  796  810  826  833  823  796  761  731  712  700
  687  670  646  621  602  598  613  643  672  684  670  633  588  546  509  476
  438  394  343  288  235  188  151  125  108
    25.0-180.0 180.0   5.0 450.0                            LAT/LON1/LON2/DLON/H
  120  100   82   65   56   55   59   62   62   62   71   88  108  122  129  137
  154  180  210  239  264  285  304  319  332  347  372  409  457  509  560  609
  660  713  766  808  834  847  855  868  886  898  893  869  838  812  795  785
  775  759  739  716  699  697  715  750  787  806  795  760  712  666  625  585
  539  484  421  354  289  229  181  145  120
    22.5-180.0 180.0   5.0 450.0                            LAT/LON1/LON2/DLON/H
  141  116   92   72   58   55   58   62   63   64   72   87  106  120  130  141
  160  186  215  242  266  286  305  321  336  357  392  446  514  587  653  711
  760  805  845  876  892  898  903  916  936  952  951  933  907  884  869  859
  848  833  814  793  776  771  786  818  853  871  860  824  776  730  689  647
  598  540  474  404  335  270  215  173  141
    20.0-180.0 180.0   5.0 450.0                            LAT/LON1/LON2/DLON/H
  169  140  113   88   69   62   64   69   71   73   79   91  105  118  128  143
  166  195  225  250  272  291  309  324  340  368  415  485  571  661  739  800
  844  877  902  920  929  931  934  947  969  987  991  979  958  939  925  912
  898  881  862  840  820  807  809  829  852  860  844  806  760  718  681  643
  599  547  488  426  363  302  247  203  169
    17.5-180.0 180.0   5.0 450.0                            LAT/LON1/LON2/DLON/H
  198  169  140  111   88   76   74   78   82   85   89   97  106  114  124  142
  171  205  238  264  284  302  316  330  348  381  438  521  620  720  804  863
  899  918  929  938  942  943  947  960  981 1001 1009 1002  987  972  957  940
  919  898  876  853  825  798  781  778  780  772  746  706  664  630  603  576
  543  504  462  418  370  320  273  232  198
    15.0-180.0 180.0   5.0 450.0                            LAT/LON1/LON2/DLON/H
  224  197  168  138  110   92   85   86   90   94   98  102  104  107  117  139
  175  216  253  281  302  317  329  340  359  397  462  552  656  756  838  892
  918  925  926  928  932  936  941  955  976  996 1007 1004  994  982  967  944
  917  889  864  835  797  752  709  675  650  622  585  545  512  490  477  464
  447  427  406  384  357  324  288  254  224
    12.5-180.0 180.0   5.0 450.0                            LAT/LON1/LON2/DLON/H
  244  220  194  163  133  108   95   91   94   99  103  103  100   98  107  134
  176  225  268  300  322  336  346  356  377  419  487  576  675  767  841  886
  903  902  899  900  907  915  924  937  957  977  989  990  985  975  959  932
  898  865  835  801  750  683  611  546  492  443  398  361  341  337  341  344
  342  340  340  339  333  317  294  269  244
    10.0-180.0 180.0   5.0 450.0                            LAT/LON1/LON2/DLON/H
  258  238  214  185  153  124  103   93   93   97  102  101   95   90   98  128
  177  232  281  318  342  357  367  378  402  447  514  595  680  756  816  852
  864  861  858  864  877  890  901  914  932  951  963  967  964  956  940  912
  876  840  807  766  703  615  515  421  342  278  230  202  199  214  236  253
  265  275  288  302  310  307  295  277  258
     7.5-180.0 180.0   5.0 450.0                            LAT/LON1/LON2/DLON/H
  266  249  228  202  170  138  110   93   88   92   98   98   91   85   93  124
  177  236  290  331  359  377  390  405  433  479  542  610  674  730  775  803
  814  815  817  829  848  865  877  889  906  924  937  941  939  933  919  893
  859  825  792  748  675  570  448  333  238  168  124  110  125  160  198  225
  242  255  271  288  301  303  296  283  266
     5.0-180.0 180.0   5.0 450.0                            LAT/LON1/LON2/DLON/H
  274  256  237  214  185  151  119   96   85   87   93   95   90   85   93  125
  178  239  295  339  371  394  413  434  467  515  570  621  664  698  729  752
  766  773  783  802  826  844  856  867  883  902  914  917  914  909  899  880
  853  826  799  755  677  563  430  306  207  140  107  110  144  196  244  275
  289  294  300  308  313  312  304  291  274
     2.5-180.0 180.0   5.0 450.0                            LAT/LON1/LON2/DLON/H
  283  262  242  222  198  167  133  104   87   86   92   96   94   91   99  130
  181  240  296  342  379  409  435  463  501  548  594  629  651  668  688  709
  728  742  760  784  809  826  836  847  864  884  896  896  890  886  881  871
  856  842  825  787  712  599  468  348  258  203  186  205  255  317  369  396
  399  388  373  360  349  336  322  303  283
