ionex_files/turquie/COD0OPSFIN_20230360000_01D_01H_GIM.INX
     1.0            IONOSPHERE MAPS     GNSS                IONEX VERSION / TYPE
ADDNEQ2 V5.5        AIUB                09-FEB-23 20:57     PGM / RUN BY / DATE 
CODE'S GLOBAL IONOSPHERE MAPS FOR DAY 036, 2023             COMMENT             
Global ionosphere maps (GIM) are generated on a daily basis DESCRIPTION         
at CODE using data from about 300 GNSS sites of the IGS and DESCRIPTION         
other institutions. The vertical total electron content     DESCRIPTION         
(VTEC) is modeled in a solar-geomagnetic reference frame    DESCRIPTION         
using a spherical harmonics expansion up to degree and      DESCRIPTION         
order 15. Piece-wise linear functions are used for          DESCRIPTION         
representation in the time domain. The time spacing of      DESCRIPTION         
their vertices is 1 hour, conforming with the epochs of the DESCRIPTION         
VTEC maps.                                                  DESCRIPTION         
To convert line-of-sight TEC into vertical TEC, a modified  DESCRIPTION         
single-layer model mapping function approximating the JPL   DESCRIPTION         
extended slab model mapping function is adopted. The        DESCRIPTION         
mapping function is evaluated at geodetic satellite         DESCRIPTION         
elevation angles. For the computation of the ionospheric    DESCRIPTION         
pierce points, a spherical layer with a radius of 6821 km   DESCRIPTION         
is assumed, implying geocentric, not geodetic IONEX         DESCRIPTION         
latitudes.                                                  DESCRIPTION         
Instrumental biases with respect to each involved GNSS code DESCRIPTION         
observable are estimated as constant values for each        DESCRIPTION         
day. They are modeled with one set of bias parameters for   DESCRIPTION         
each satellite and each station in case of GPS and for each DESCRIPTION         
satellite-station link in case of GLONASS. The code bias    DESCRIPTION         
datum is defined by zero-mean conditions imposed on the     DESCRIPTION         
satellite bias estimates. In this file, just GPS C1W-C2W    DESCRIPTION         
satellite and station bias values are included. The         DESCRIPTION         
complete set of GNSS code bias results is provided in an    DESCRIPTION         
additional Bias-SINEX file as pseudo-absolute values        DESCRIPTION         
specific to each observable.                                DESCRIPTION         
Note: These GIM results correspond to the results for the   DESCRIPTION         
middle day of a 3-day combination analysis solving for 73   DESCRIPTION         
times 256, or 18688 VTEC parameters and 3 daily sets of     DESCRIPTION         
GNSS code bias parameters.                                  DESCRIPTION         
Contact address: code(at)aiub.unibe.ch                      DESCRIPTION         
Data archive:    ftp.aiub.unibe.ch/CODE/                    DESCRIPTION         
                 www.aiub.unibe.ch/download/CODE/           DESCRIPTION         
  2023     2     5     0     0     0                        EPOCH OF FIRST MAP  
  2023     2     6     0     0     0                        EPOCH OF LAST MAP   
  3600                                                      INTERVAL            
[...]
brux bshm cags cas1 cedu chpg chpi chti chur ckis coco cord COMMENT             
cpvg cpxf crar cro1 daej darw dav1 dgar dhlg drao dubo ebre COMMENT             
faa1 fair flrs frdn ftna func ganp glps glsv gode godz gol2 COMMENT             
gold gope gras graz guam guug harb hers hert hlfx hob2 hofn COMMENT             
holb hrao hyde iddr ieng iisc ineg invk iqal irkj isba jog2 COMMENT             
joz2 joze karr kerg kir0 kiri kiru kit3 kokb kokv koug kour COMMENT             
krgg laut lmmf lpal lpgs m0se mac1 madr mal2 mana mas1 mat1 COMMENT             
mate maw1 mcm4 mdo1 mdvj medi mets mgue mizu mkea mnls mobs COMMENT             
monp morp mqzg mro1 mtka nano nico nist nium nklg nlib nnor COMMENT             
not1 nrc1 nrmd ntus nya1 nyal ohi2 onsa opmt ous2 pado parc COMMENT             
park pdel penc pert pie1 pimo pohn pol2 polv pots pove prds COMMENT             
ptag ptbb ptvl qaq1 quin ramo reun reyk rgdg rio2 riop roth COMMENT             
salu samo sant savo sch2 scor scrz sctb scub seyg smst sofi COMMENT             
spt0 ssia sthl stjo str2 suth sutm suwn sydn syog tabl tabv COMMENT             
tash thtg thti thu2 tid1 tidb tlse tn22 tong tow2 tro1 tsea COMMENT             
tskb twtf txes uclu ufpr ulab unb3 unbj unsa urum usn7 usud COMMENT             
vald vill voim vtsp wab1 wab2 wark wes2 wgtn whit will wsrt COMMENT             
wtza wtzl wtzr wtzs wtzz wuhn xmis yar2 yar3 yarr yell zamb COMMENT             
zeck zim2 zim3 zimm                                         COMMENT             
                                                            END OF HEADER       
[from data line 5577]
    14                                                      START OF TEC MAP    
  2023     2     5    13     0     0                        EPOCH OF CURRENT MAP
    87.5-180.0 180.0   5.0 450.0                            LAT/LON1/LON2/DLON/H
  130  129  129  128  128  127  126  125  125  124  123  121  120  119  118  117
  116  115  114  113  112  111  110  109  108  107  107  106  105  105  104  104
  103  103  102  102  102  101  101  101  101  101  101  102  102  103  104  105
  106  107  109  110  112  114  115  117  119  120  122  123  124  125  126  127
  128  129  129  130  130  130  130  130  130
    85.0-180.0 180.0   5.0 450.0                            LAT/LON1/LON2/DLON/H
  134  133  132  131  130  129  127  126  124  123  121  119  116  114  112  110
  108  105  104  102  101   99   99   98   98   98   98   98   98   98   98   98
   97   96   96   94   93   92   90   89   88   87   87   86   87   88   89   91
   93   96  100  103  107  111  115  119  123  126  129  132  134  136  137  138
  138  139  138  138  137  137  136  135  134
    82.5-180.0 180.0   5.0 450.0                            LAT/LON1/LON2/DLON/H
  127  125  124  123  121  120  119  118  116  114  112  109  106  103   99   96
   92   89   86   85   83   83   83   84   86   89   91   94   97   99  101  103
  104  103  102  100   98   95   91   88   84   81   78   76   76   76   77   80
   84   89   95  101  108  115  121  128  134  139  143  146  148  149  149  148
  146  144  142  139  136  134  131  129  127
    80.0-180.0 180.0   5.0 450.0                            LAT/LON1/LON2/DLON/H
  110  108  106  105  105  105  105  104  103  102  100   97   93   88   83   78
   73   69   66   64   63   64   67   71   77   83   90   98  105  111  117  121
  124  125  125  122  118  113  107  100   94   87   82   77   75   74   75   78
   83   90   98  107  117  127  136  145  152  158  162  164  165  164  161  157
  152  146  140  133  127  122  117  113  110
    77.5-180.0 180.0   5.0 450.0                            LAT/LON1/LON2/DLON/H
   89   86   84   84   85   86   87   89   89   89   87   84   80   75   68   62
   56   50   46   45   45   48   54   62   72   84   96  109  122  133  143  151
  156  159  160  157  152  145  136  127  117  107   98   91   87   84   85   88
   93  101  111  123  134  146  157  167  175  180  183  184  181  177  170  162
  153  143  133  123  114  105   98   93   89
    75.0-180.0 180.0   5.0 450.0                            LAT/LON1/LON2/DLON/H
   69   66   65   65   66   69   72   74   76   77   77   75   71   65   58   51
   43   37   34   32   35   40   50   62   77   93  111  128  145  161  174  185
  193  198  200  198  192  185  174  163  150  138  127  118  111  107  107  109
  115  123  133  144  157  169  179  189  195  199  200  197  192  183  173  161
  148  135  122  110   99   89   81   74   69
    72.5-180.0 180.0   5.0 450.0                            LAT/LON1/LON2/DLON/H
   57   54   52   52   54   56   60   63   66   69   69   68   65   60   53   46
   39   33   30   30   34   43   56   72   90  110  131  151  170  188  204  217
  226  233  236  235  231  223  213  201  188  175  163  153  145  140  138  139
  143  149  157  167  177  186  195  201  205  206  203  198  189  178  165  151
  137  123  110   98   87   77   69   62   57
    70.0-180.0 180.0   5.0 450.0                            LAT/LON1/LON2/DLON/H
   53   50   48   47   48   50   53   56   59   62   64   64   62   58   53   47
   40   36   34   37   44   55   71   90  111  132  153  174  192  210  225  238
  249  257  261  263  260  254  246  235  224  212  201  191  182  177  173  171
  172  174  178  182  187  192  196  198  198  195  190  181  171  158  145  131
  118  106   96   86   78   70   64   58   53
    67.5-180.0 180.0   5.0 450.0                            LAT/LON1/LON2/DLON/H
   56   53   50   49   48   48   50   52   54   57   59   60   60   58   55   50
   46   43   44   49   59   74   92  112  133  154  173  191  207  222  235  248
  258  267  274  277  277  274  269  261  252  243  233  224  217  210  204  200
  195  192  189  186  184  182  180  177  173  167  159  149  137  125  113  102
   93   85   79   75   71   68   64   60   56
    65.0-180.0 180.0   5.0 450.0                            LAT/LON1/LON2/DLON/H
   62   59   55   53   51   50   49   49   49   51   53   55   56   56   55   53
   51   51   55   63   76   93  113  133  153  171  187  200  212  223  234  246
  257  267  275  281  284  284  282  277  271  265  257  250  243  235  227  219
  209  199  188  177  167  158  150  142  134  126  117  107   96   86   76   69
   64   62   63   64   66   67   67   65   62
    62.5-180.0 180.0   5.0 450.0                            LAT/LON1/LON2/DLON/H
   65   62   59   56   53   51   49   46   45   44   45   47   50   52   53   53
   54   57   63   74   89  108  128  148  166  181  193  202  210  218  227  238
  250  262  272  280  285  288  288  286  283  278  273  267  259  251  240  227
  212  195  177  158  141  126  112  101   92   83   74   66   57   49   43   39
   39   42   48   54   61   66   68   67   65
    60.0-180.0 180.0   5.0 450.0                            LAT/LON1/LON2/DLON/H
   63   60   57   55   53   51   48   45   41   39   38   39   42   45   47   49
   52   57   66   79   96  116  137  156  172  184  192  199  204  211  221  233
  246  259  271  281  288  292  293  293  291  287  282  275  267  257  244  227
  208  185  161  137  114   95   79   66   56   49   42   36   30   25   22   21
   23   28   37   47   56   62   66   65   63
    57.5-180.0 180.0   5.0 450.0                            LAT/LON1/LON2/DLON/H
   56   53   51   50   51   51   49   45   40   36   33   34   35   38   41   44
   48   55   65   79   97  117  138  157  172  183  190  195  201  209  220  234
  250  265  278  288  295  300  301  301  299  294  288  280  270  257  242  223
  200  175  147  120   96   75   58   46   38   32   29   26   24   21   19   18
   20   25   33   43   52   58   61   60   56
    55.0-180.0 180.0   5.0 450.0                            LAT/LON1/LON2/DLON/H
   48   44   42   44   47   50   50   48   43   38   34   33   33   35   37   40
   44   52   62   77   96  116  136  155  170  182  190  197  205  215  229  245
  262  278  292  302  309  312  313  312  309  303  295  284  271  256  239  219
  195  169  142  115   91   72   56   46   39   36   36   37   38   37   35   33
   32   33   37   44   51   55   56   53   48
    52.5-180.0 180.0   5.0 450.0                            LAT/LON1/LON2/DLON/H
   42   37   36   39   46   52   55   54   51   46   41   38   37   37   37   39
   44   51   63   78   96  116  136  155  171  185  196  206  216  229  244  261
  279  295  308  318  324  328  328  327  322  315  304  290  274  257  239  219
  197  173  147  124  103   85   72   63   58   57   59   62   66   67   65   60
   54   50   49   51   54   56   54   49   42
    50.0-180.0 180.0   5.0 450.0                            LAT/LON1/LON2/DLON/H
   44   37   36   40   48   57   63   65   63   59   55   51   48   45   44   45
   49   57   69   83  101  120  140  160  178  194  208  221  233  247  262  277
  293  307  320  330  337  340  342  340  336  327  315  299  281  263  245  226
  206  184  163  143  125  111   99   90   84   83   86   92   98  101   99   91
   81   71   63   61   61   61   58   52   44
    47.5-180.0 180.0   5.0 450.0                            LAT/LON1/LON2/DLON/H
   53   46   43   46   55   64   72   77   77   75   72   68   64   60   57   56
   60   69   81   95  112  131  151  171  191  210  226  239  252  263  274  286
  298  310  322  333  341  347  350  350  347  339  326  309  290  272  254  237
  219  201  183  166  152  139  126  115  107  103  106  113  121  126  125  116
  103   88   77   70   69   69   67   61   53
    45.0-180.0 180.0   5.0 450.0                            LAT/LON1/LON2/DLON/H
   68   61   57   58   65   73   82   87   90   91   90   87   82   77   73   72
   76   85   98  113  130  148  168  188  209  228  244  256  265  272  278  284
  291  301  313  326  337  346  351  354  353  347  335  318  300  282  266  250
  234  217  201  187  173  160  146  130  118  110  111  117  127  134  135  128
  114   98   85   77   75   77   78   75   68
    42.5-180.0 180.0   5.0 450.0                            LAT/LON1/LON2/DLON/H
   85   78   73   71   75   81   88   94   99  102  104  103   99   94   90   89
   94  104  118  134  151  169  188  208  227  245  258  267  272  274  273  274
  278  287  300  316  330  342  349  354  355  351  341  326  309  293  277  262
  246  229  213  198  185  170  152  132  114  103  100  106  115  124  128  124
  113   99   86   78   78   82   87   88   85
    40.0-180.0 180.0   5.0 450.0                            LAT/LON1/LON2/DLON/H
   96   91   85   81   81   84   89   95  101  107  111  113  112  108  104  104
  110  121  136  154  172  191  209  227  243  257  266  271  273  271  267  265
  268  278  294  313  330  343  350  354  356  353  345  332  317  302  288  272
  254  234  216  200  186  169  148  124  103   88   83   87   95  104  110  110
  104   94   83   76   76   82   91   96   96
    37.5-180.0 180.0   5.0 450.0                            LAT/LON1/LON2/DLON/H
   98   96   90   85   82   82   85   89   96  104  112  117  118  116  115  116
  123  135  151  171  191  210  228  243  254  263  268  271  272  271  270  271
  277  290  309  331  348  358  362  363  362  359  352  341  327  313  298  281
  260  237  215  198  182  164  142  117   95   80   73   74   79   86   92   97
   97   91   82   75   74   79   88   96   98
    35.0-180.0 180.0   5.0 450.0                            LAT/LON1/LON2/DLON/H
   91   90   85   80   75   74   75   79   86   96  106  114  118  120  120  123
  131  144  162  184  206  227  244  255  261  264  267  271  277  285  294  304
  316  334  356  378  392  396  392  386  381  375  367  355  342  328  312  293
  268  241  217  199  184  167  146  124  105   92   85   83   82   84   90   97
  102  101   93   83   76   75   81   88   91
    32.5-180.0 180.0   5.0 450.0                            LAT/LON1/LON2/DLON/H
   78   77   73   68   64   62   63   67   74   85   96  107  114  119  122  126
  135  149  169  193  219  242  257  264  266  266  270  280  298  321  346  370
  392  415  438  456  463  457  443  427  415  404  393  380  366  351  335  313
  285  256  231  213  200  187  171  155  142  134  129  123  116  111  113  121
  129  130  121  105   88   77   74   76   78
    30.0-180.0 180.0   5.0 450.0                            LAT/LON1/LON2/DLON/H
   64   61   57   53   50   50   52   56   64   74   86   99  108  115  121  127
  136  152  174  201  230  254  269  273  272  273  282  303  338  381  426  467
  500  526  546  557  554  537  511  486  465  449  434  418  401  386  369  346
  316  286  262  248  239  231  221  213  208  208  205  196  180  167  164  171
  181  183  170  144  115   90   75   67   64
    27.5-180.0 180.0   5.0 450.0                            LAT/LON1/LON2/DLON/H
   56   49   44   40   40   41   45   49   56   66   78   91  102  110  118  126
  137  154  179  210  242  267  281  284  283  289  308  344  398  462  527  583
  624  650  664  664  650  622  587  553  527  506  487  467  449  433  416  392
  363  334  314  304  300  298  294  292  296  302  301  289  266  245  237  242
  253  254  235  199  156  116   86   68   56
    25.0-180.0 180.0   5.0 450.0                            LAT/LON1/LON2/DLON/H
   60   47   39   35   35   38   42   47   53   62   73   85   96  106  114  125
  139  159  186  220  254  280  294  298  302  316  348  401  471  553  633  698
  742  763  768  758  734  698  657  620  591  568  546  525  505  489  473  451
  424  398  382  376  377  378  377  380  389  398  399  383  355  329  317  322
  332  330  306  261  205  152  110   80   60
    22.5-180.0 180.0   5.0 450.0                            LAT/LON1/LON2/DLON/H
   77   58   46   40   39   42   46   49   54   61   71   82   92  101  111  123
  141  165  196  232  267  292  306  314  327  354  401  466  548  638  724  791
  831  845  839  819  789  751  711  676  649  627  605  583  563  549  534  515
  491  469  457  455  457  457  456  459  467  476  475  456  425  397  385  391
  401  397  369  318  255  194  143  104   77
    20.0-180.0 180.0   5.0 450.0                            LAT/LON1/LON2/DLON/H
  103   79   63   54   51   52   53   55   57   62   70   79   87   95  106  122
  144  172  207  244  278  303  318  332  357  399  459  533  616  704  784  845
  876  879  864  838  807  773  740  713  692  674  654  633  616  603  592  576
  556  538  529  527  526  522  516  513  515  518  512  491  460  434  426  433
  444  440  410  358  294  231  177  135  103
    17.5-180.0 180.0   5.0 450.0                            LAT/LON1/LON2/DLON/H
  132  106   87   75   69   66   63   61   60   63   70   77   83   89  100  119
  146  181  218  256  287  310  327  350  388  445  515  590  666  739  805  852
  871  865  843  817  790  766  744  727  716  704  688  671  657  647  638  625
  609  595  586  582  575  562  546  533  525  518  504  480  452  432  429  441
  453  449  420  371  312  255  206  165  132
    15.0-180.0 180.0   5.0 450.0                            LAT/LON1/LON2/DLON/H
  158  133  113   98   88   80   73   66   62   63   68   74   78   82   93  115
  148  188  229  265  293  314  334  366  419  488  563  631  690  742  786  816
  824  812  789  768  751  738  729  724  721  716  706  693  682  675  668  658
  646  633  623  613  597  574  547  521  500  480  458  432  408  395  398  413
  426  423  398  356  308  262  222  188  158
    12.5-180.0 180.0   5.0 450.0                            LAT/LON1/LON2/DLON/H
  174  152  133  117  104   93   81   70   62   61   66   71   73   76   86  111
  150  195  238  272  297  316  340  382  446  524  597  652  688  715  738  753
  754  741  723  710  705  705  707  710  713  713  708  699  691  686  680  673
  662  651  639  622  596  563  525  488  454  422  391  363  343  336  345  362
  374  371  351  318  283  252  224  198  174
    10.0-180.0 180.0   5.0 450.0                            LAT/LON1/LON2/DLON/H
  179  162  145  130  116  101   86   72   62   60   64   69   70   71   81  107
  150  200  244  277  300  318  347  397  469  550  616  654  667  671  676  683
  683  675  667  665  670  680  688  695  701  702  700  694  687  682  677  670
  661  651  637  614  581  541  497  452  408  365  327  297  280  278  288  304
  313  310  293  270  247  229  212  196  179
     7.5-180.0 180.0   5.0 450.0                            LAT/LON1/LON2/DLON/H
  173  161  148  135  121  106   89   74   62   59   63   68   69   68   78  105
  151  203  249  282  303  323  356  412  488  566  620  640  633  621  618  624
  630  632  635  644  658  672  682  687  689  690  688  683  676  669  662  655
  649  641  626  600  563  520  475  428  379  330  287  256  240  239  247  257
  262  257  243  227  213  203  194  184  173
     5.0-180.0 180.0   5.0 450.0                            LAT/LON1/LON2/DLON/H
  161  152  143  133  120  106   91   75   64   60   64   69   70   69   78  106
  152  206  253  286  309  332  370  429  503  572  612  616  596  578  576  589
  606  620  633  651  670  684  688  687  683  680  676  671  663  652  642  635
  631  627  614  588  552  511  470  427  378  328  283  253  238  233  235  237
  235  226  214  201  191  185  178  170  161
     2.5-180.0 180.0   5.0 450.0                            LAT/LON1/LON2/DLON/H
  151  143  135  127  116  104   91   79   68   65   68   73   74   73   81  108
  154  208  256  291  318  346  387  446  514  570  595  587  563  548  556  581
  609  633  655  677  696  706  704  693  682  674  668  661  649  635  621  613
  613  614  605  583  551  518  485  449  406  358  316  288  272  263  256  247
  238  226  213  200  190  182  172  161  151
