ionex_files/turquie/COD0OPSFIN_20230260000_01D_01H_GIM.INX
     1.0            IONOSPHERE MAPS     GNSS                IONEX VERSION / TYPE
ADDNEQ2 V5.5        AIUB                30-JAN-23 21:42     PGM / RUN BY / DATE 
CODE'S GLOBAL IONOSPHERE MAPS FOR DAY 026, 2023             COMMENT             
Global ionosphere maps (GIM) are generated on a daily basis DESCRIPTION         
at CODE using data from about 300 GNSS sites of the IGS and DESCRIPTION         
other institutions. The vertical total electron content     DESCRIPTION         
(VTEC) is modeled in a solar-geomagnetic reference frame    DESCRIPTION         
using a spherical harmonics expansion up to degree and      DESCRIPTION         
order 15. Piece-wise linear functions are used for          DESCRIPTION         
representation in the time domain. The time spacing of      DESCRIPTION         
their vertices is 1 hour, conforming with the epochs of the DESCRIPTION         
VTEC maps.                                                  DESCRIPTION         
To convert line-of-sight TEC into vertical TEC, a modified  DESCRIPTION         
single-layer model mapping function approximating the JPL   DESCRIPTION         
extended slab model mapping function is adopted. The        DESCRIPTION         
mapping function is evaluated at geodetic satellite         DESCRIPTION         
elevation angles. For the computation of the ionospheric    DESCRIPTION         
pierce points, a spherical layer with a radius of 6821 km   DESCRIPTION         
is assumed, implying geocentric, not geodetic IONEX         DESCRIPTION         
latitudes.                                                  DESCRIPTION         
Instrumental biases with respect to each involved GNSS code DESCRIPTION         
observable are estimated as constant values for each        DESCRIPTION         
day. They are modeled with one set of bias parameters for   DESCRIPTION         
each satellite and each station in case of GPS and for each DESCRIPTION         
satellite-station link in case of GLONASS. The code bias    DESCRIPTION         
datum is defined by zero-mean conditions imposed on the     DESCRIPTION         
satellite bias estimates. In this file, just GPS C1W-C2W    DESCRIPTION         
satellite and station bias values are included. The         DESCRIPTION         
complete set of GNSS code bias results is provided in an    DESCRIPTION         
additional Bias-SINEX file as pseudo-absolute values        DESCRIPTION         
specific to each observable.                                DESCRIPTION         
Note: These GIM results correspond to the results for the   DESCRIPTION         
middle day of a 3-day combination analysis solving for 73   DESCRIPTION         
times 256, or 18688 VTEC parameters and 3 daily sets of     DESCRIPTION         
GNSS code bias parameters.                                  DESCRIPTION         
Contact address: code(at)aiub.unibe.ch                      DESCRIPTION         
Data archive:    ftp.aiub.unibe.ch/CODE/                    DESCRIPTION         
                 www.aiub.unibe.ch/download/CODE/           DESCRIPTION         
  2023     1    26     0     0     0                        EPOCH OF FIRST MAP  
  2023     1    27     0     0     0                        EPOCH OF LAST MAP   
  3600                                                      INTERVAL            
[...]
brux bshm cas1 ccj2 cedu chpg chpi chti chur ckis cnmr coco COMMENT             
cord cpxf crar cro1 daej darw dav1 dgar dhlg drao dubo ebre COMMENT             
faa1 fair flin flrs frdn ftna func ganp glps gode godz gol2 COMMENT             
gold gope gras graz guam guug harb hers hert hlfx hob2 hofn COMMENT             
holb hrao hyde iddr ieng iisc ineg invk iqal irkj isba jog2 COMMENT             
joz2 joze karr kerg kir0 kiru kit3 kokb kokv koug kour krgg COMMENT             
laut lmmf lpal lpgs m0se mac1 madr mal2 mana mas1 mat1 mate COMMENT             
maw1 mcm4 mdo1 mdvj medi mets mgue mizu mkea mnls mobs monp COMMENT             
morp mqzg mro1 nano nico nist nium nklg nlib nnor not1 nrc1 COMMENT             
nrmd ntus nya1 nyal ohi2 onsa opmt ous2 pado parc park pdel COMMENT             
penc pert pie1 pimo pohn pol2 polv pots pove prds ptbb ptvl COMMENT             
qaq1 quin ramo reun reyk rgdg rio2 riop salu samo sant savo COMMENT             
sch2 scor scrz sctb scub seyg sofi spt0 ssia sthl stjo stk2 COMMENT             
str2 suth sutm sydn syog tabl tabv tash thtg thti thu2 tid1 COMMENT             
tidb tlse tn22 tong tow2 tro1 tsea tskb tuva twtf txes uclu COMMENT             
ufpr ulab unb3 unbj unsa urum usn7 usud vald vill voim vtsp COMMENT             
wab1 wab2 wark wes2 wgtn whit will wind wsrt wtza wtzl wtzr COMMENT             
wtzs wuhn xmis yar2 yar3 yarr yell ykro zamb zeck zim2 zim3 COMMENT             
zimm                                                        COMMENT             
                                                            END OF HEADER       
[from data line 8151]
    20                                                      START OF TEC MAP    
  2023     1    26    19     0     0                        EPOCH OF CURRENT MAP
    87.5-180.0 180.0   5.0 450.0                            LAT/LON1/LON2/DLON/H
  158  159  160  161  162  163  164  165  167  168  170  171  172  173  175  176
  176  177  178  178  178  178  178  178  178  177  177  176  175  174  174  173
  172  171  170  169  168  167  166  165  164  163  163  162  161  161  160  160
  159  159  159  158  158  158  158  158  157  157  157  157  157  157  156  156
  156  156  156  156  156  157  157  157  158
    85.0-180.0 180.0   5.0 450.0                            LAT/LON1/LON2/DLON/H
  138  139  141  143  145  148  151  154  158  162  165  169  172  176  178  181
  183  184  185  185  185  185  184  183  182  180  179  177  175  173  171  169
  167  165  163  161  159  157  155  154  152  151  149  148  148  147  147  147
  147  147  147  148  148  148  149  149  149  149  148  148  147  146  145  144
  143  142  140  139  139  138  138  138  138
    82.5-180.0 180.0   5.0 450.0                            LAT/LON1/LON2/DLON/H
  113  113  115  117  121  125  131  137  144  151  158  165  171  177  181  185
  188  189  190  189  188  186  184  181  179  176  172  169  166  164  161  158
  156  153  150  148  145  143  140  138  136  134  132  131  131  131  131  132
  133  135  136  138  140  141  143  143  144  144  144  143  141  140  137  135
  132  129  126  123  120  117  115  114  113
    80.0-180.0 180.0   5.0 450.0                            LAT/LON1/LON2/DLON/H
   89   87   88   90   95  101  109  118  129  139  150  161  171  179  185  190
  193  194  194  192  189  184  180  175  170  165  160  156  152  148  146  143
  140  138  136  133  131  128  125  122  119  117  115  114  113  114  116  118
  121  124  128  132  135  138  140  142  143  143  142  141  139  137  134  130
  126  121  116  110  105  100   95   91   89
    77.5-180.0 180.0   5.0 450.0                            LAT/LON1/LON2/DLON/H
   71   68   66   68   72   79   89  102  116  131  146  161  173  184  193  198
  201  201  199  195  189  182  175  167  159  152  145  140  135  131  128  126
  124  122  121  119  117  114  111  108  105  102  100   99   99  101  104  108
  113  119  124  130  134  138  141  143  143  143  142  140  138  135  132  128
  123  118  112  105   98   90   83   77   71
    75.0-180.0 180.0   5.0 450.0                            LAT/LON1/LON2/DLON/H
   65   59   55   55   58   66   77   92  109  127  146  164  180  194  203  210
  212  212  208  202  194  185  175  165  154  144  135  127  120  114  111  108
  107  106  106  106  104  103  100   97   93   90   88   87   88   91   96  103
  110  118  125  132  137  140  142  143  142  140  138  136  134  131  129  126
  123  119  113  107   99   91   82   73   65
    72.5-180.0 180.0   5.0 450.0                            LAT/LON1/LON2/DLON/H
   71   62   56   54   56   62   74   90  109  130  152  172  191  206  217  224
  227  227  223  216  208  197  186  173  160  146  133  122  111  103   96   92
   91   90   91   92   92   92   90   87   84   81   79   79   81   86   93  101
  110  120  128  135  139  141  141  139  136  132  128  125  123  122  121  121
  120  119  117  113  107   99   90   81   71
    70.0-180.0 180.0   5.0 450.0                            LAT/LON1/LON2/DLON/H
   85   75   68   63   63   69   79   95  115  137  160  183  202  219  232  240
  245  246  244  239  232  222  210  195  180  162  145  127  111   98   87   79
   75   74   75   77   79   80   80   78   75   73   72   72   76   82   90  101
  111  121  130  135  138  137  134  129  123  117  111  107  105  105  106  109
  112  115  117  117  115  110  103   94   85
    67.5-180.0 180.0   5.0 450.0                            LAT/LON1/LON2/DLON/H
  100   91   84   79   78   82   92  107  126  148  171  193  214  231  245  256
  264  268  270  269  265  257  246  231  213  192  168  145  122  101   84   71
   63   59   59   62   65   67   68   68   67   65   65   66   70   77   87   98
  109  119  126  130  130  127  121  112  103   95   87   83   80   81   85   90
   97  105  111  116  118  117  114  107  100
    65.0-180.0 180.0   5.0 450.0                            LAT/LON1/LON2/DLON/H
  109  104   99   96   96  100  108  122  140  160  181  202  222  240  256  270
  282  291  299  303  303  299  290  275  255  230  202  171  141  113   89   69
   56   48   46   47   51   54   57   58   58   57   57   59   64   71   81   91
  101  110  115  117  115  109  101   91   80   70   62   57   55   56   60   67
   76   86   96  104  110  114  115  113  109
    62.5-180.0 180.0   5.0 450.0                            LAT/LON1/LON2/DLON/H
  109  109  109  109  112  117  126  139  155  173  192  211  229  247  264  281
  297  313  326  336  342  341  333  319  297  270  238  204  168  134  103   77
   58   45   39   38   40   44   47   49   50   50   51   53   57   64   71   80
   88   94   98   98   94   87   78   68   57   48   40   35   32   33   37   43
   52   62   73   83   92   99  104  107  109
    60.0-180.0 180.0   5.0 450.0                            LAT/LON1/LON2/DLON/H
   97  104  110  117  124  133  145  158  173  189  204  219  235  251  270  289
  310  331  350  364  373  375  369  355  333  305  272  236  199  161  126   95
   70   52   41   36   36   39   41   44   45   47   48   49   52   56   61   66
   71   74   75   74   71   65   57   49   41   33   27   22   19   18   20   24
   30   38   47   56   66   74   82   90   97
    57.5-180.0 180.0   5.0 450.0                            LAT/LON1/LON2/DLON/H
   78   91  105  119  133  148  164  179  194  208  219  230  242  257  276  297
  321  345  367  384  395  397  391  377  356  329  298  265  229  193  156  123
   93   70   54   45   41   41   43   45   47   48   49   50   51   51   52   53
   54   54   55   53   51   47   43   38   34   29   25   21   17   15   13   13
   15   19   25   31   38   46   55   66   78
    55.0-180.0 180.0   5.0 450.0                            LAT/LON1/LON2/DLON/H
   58   77   98  119  141  163  184  204  220  232  240  247  255  267  285  307
  331  356  378  394  403  405  398  384  364  340  314  286  256  224  190  155
  123   96   75   61   54   51   51   52   54   55   56   56   54   51   48   44
   42   41   40   40   40   40   39   39   38   37   35   32   27   22   17   14
   11   11   12   14   18   23   31   43   58
    52.5-180.0 180.0   5.0 450.0                            LAT/LON1/LON2/DLON/H
   45   67   93  121  150  180  208  232  251  262  268  270  274  283  299  320
  343  365  383  396  402  400  392  378  360  340  320  299  276  249  219  187
  153  123   99   82   71   66   64   65   66   68   68   67   63   57   50   43
   38   36   37   39   42   45   47   50   52   53   52   50   45   39   31   24
   18   14   11   10    9   11   17   28   45
    50.0-180.0 180.0   5.0 450.0                            LAT/LON1/LON2/DLON/H
   43   67   96  129  163  199  234  264  286  298  301  301  301  307  320  338
  357  374  387  394  395  390  380  366  349  333  318  302  285  265  239  208
  176  145  119  100   89   82   80   79   81   83   84   82   77   68   58   50
   45   43   45   50   55   60   65   68   71   73   73   71   67   60   51   42
   34   27   22   18   15   14   17   26   43
    47.5-180.0 180.0   5.0 450.0                            LAT/LON1/LON2/DLON/H
   53   77  108  143  181  221  261  296  322  336  338  335  333  337  348  362
  376  387  392  392  388  381  369  355  340  325  311  298  284  267  244  215
  184  155  130  113  102   96   94   93   95   97   98   96   91   82   71   63
   58   59   63   70   77   82   86   88   90   91   91   90   86   79   71   61
   52   46   40   36   32   29   30   37   53
    45.0-180.0 180.0   5.0 450.0                            LAT/LON1/LON2/DLON/H
   73   96  126  161  199  242  285  325  355  371  374  371  368  371  380  391
  399  403  401  396  388  378  366  352  336  320  304  289  273  255  232  205
  177  150  130  116  109  106  105  105  106  108  109  107  102   94   85   78
   76   78   85   92   99  104  105  105  103  103  102  101   99   94   87   78
   70   63   59   56   53   50   51   57   73
    42.5-180.0 180.0   5.0 450.0                            LAT/LON1/LON2/DLON/H
   94  118  147  180  217  258  304  347  380  399  404  402  401  404  412  421
  425  423  416  406  396  386  373  358  340  320  299  278  256  234  209  183
  158  136  121  114  112  113  113  113  113  114  115  113  109  103   96   92
   92   96  103  111  116  119  117  113  109  106  105  105  105  102   97   89
   81   75   73   72   71   70   71   79   94
    40.0-180.0 180.0   5.0 450.0                            LAT/LON1/LON2/DLON/H
  112  136  164  194  228  268  312  357  394  416  425  426  427  433  442  450
  451  445  434  423  412  401  388  371  349  324  297  268  240  212  185  160
  138  122  114  113  117  121  122  121  119  117  116  115  111  107  102  101
  102  107  113  119  123  123  119  113  106  102  101  102  104  104  100   93
   85   78   76   77   79   81   85   94  112
    37.5-180.0 180.0   5.0 450.0                            LAT/LON1/LON2/DLON/H
  120  146  174  202  231  267  310  356  395  421  434  439  445  455  466  473
  473  466  455  443  432  420  405  386  361  332  300  265  231  200  172  149
  131  121  118  122  129  135  136  132  126  121  118  115  111  108  105  105
  107  110  114  117  118  116  112  105   98   94   94   97  101  102   99   91
   81   73   70   71   74   79   86   99  120
    35.0-180.0 180.0   5.0 450.0                            LAT/LON1/LON2/DLON/H
  118  147  175  201  227  259  300  345  386  416  433  444  454  468  481  489
  490  483  473  462  450  436  418  396  370  341  308  274  239  208  182  163
  150  143  143  148  156  160  157  149  138  129  123  118  113  110  108  107
  107  107  107  106  105  103   99   94   90   88   89   93   98  100   97   87
   75   64   58   57   61   66   76   93  118
    32.5-180.0 180.0   5.0 450.0                            LAT/LON1/LON2/DLON/H
  108  141  170  195  218  247  285  329  372  405  427  443  458  474  489  498
  499  495  487  476  463  444  422  397  373  350  325  297  269  244  225  211
  202  196  194  195  198  196  188  175  159  146  136  129  123  118  114  112
  109  103   97   92   89   88   87   87   86   87   90   94   99  100   96   85
   70   55   45   42   43   49   60   80  108
    30.0-180.0 180.0   5.0 450.0                            LAT/LON1/LON2/DLON/H
   99  133  164  188  210  236  272  316  360  396  422  443  460  477  492  501
  503  501  495  484  467  443  415  390  372  361  351  338  323  310  299  292
  285  276  267  260  253  243  228  209  189  173  161  151  143  135  129  124
  115  104   93   84   79   80   83   87   91   95   99  103  105  104   98   86
   69   52   39   32   31   35   46   67   99
    27.5-180.0 180.0   5.0 450.0                            LAT/LON1/LON2/DLON/H
   95  132  163  187  208  234  269  313  358  396  426  449  468  484  496  503
  507  506  501  488  466  435  404  381  373  378  388  396  399  398  398  396
  388  373  354  333  313  293  271  247  226  209  196  185  174  164  155  145
  132  116   99   87   82   84   90   98  106  112  116  118  116  112  105   93
   76   59   44   34   29   30   40   62   95
    25.0-180.0 180.0   5.0 450.0                            LAT/LON1/LON2/DLON/H
  103  140  172  197  218  244  281  325  370  411  443  468  486  499  508  512
  515  515  509  494  466  430  396  377  382  406  438  466  486  497  505  506
  495  472  438  402  368  338  310  285  265  250  238  226  214  201  189  176
  160  140  120  105   99  101  108  118  127  135  138  136  130  123  114  103
   90   74   60   48   40   38   47   69  103
    22.5-180.0 180.0   5.0 450.0                            LAT/LON1/LON2/DLON/H
  123  160  192  218  242  271  309  354  400  442  476  502  519  528  532  535
  536  536  528  508  475  435  401  389  406  447  497  541  572  591  602  602
  587  553  506  455  408  370  340  317  301  290  281  270  256  241  228  213
  196  175  154  138  130  130  135  143  152  158  159  154  144  134  125  117
  107   96   83   71   61   58   66   89  123
    20.0-180.0 180.0   5.0 450.0                            LAT/LON1/LON2/DLON/H
  152  189  222  250  277  310  351  398  444  487  523  550  566  572  573  574
  575  574  563  538  501  459  428  423  449  501  560  611  645  665  673  670
  648  606  547  485  429  387  358  339  329  323  317  307  293  278  265  252
  235  216  195  178  168  165  165  168  173  177  175  168  156  144  135  130
  125  118  109   97   87   84   93  117  152
    17.5-180.0 180.0   5.0 450.0                            LAT/LON1/LON2/DLON/H
  184  223  257  288  320  359  403  451  498  541  579  607  623  628  629  631
  634  632  618  588  548  507  480  480  510  563  621  667  695  707  709  700
  673  624  559  490  431  389  364  351  347  346  342  333  320  306  295  285
  272  255  236  219  207  198  192  189  188  187  184  175  163  151  144  142
  141  137  130  119  110  108  120  147  184
    15.0-180.0 180.0   5.0 450.0                            LAT/LON1/LON2/DLON/H
  212  253  290  326  364  409  457  505  552  596  635  665  683  690  695  702
  708  706  689  657  615  576  553  555  582  625  670  702  716  717  709  694
  665  615  549  479  421  382  361  355  356  357  354  345  332  321  314  308
  300  287  270  253  239  225  212  201  193  189  184  176  166  157  152  151
  151  149  142  131  123  124  140  172  212
    12.5-180.0 180.0   5.0 450.0                            LAT/LON1/LON2/DLON/H
  231  276  317  358  403  454  505  554  599  643  683  715  736  749  761  776
  789  790  771  736  694  659  638  637  653  679  703  715  712  699  684  665
  636  590  528  463  408  373  358  356  359  359  353  343  331  324  322  322
  318  307  292  275  259  242  223  206  192  183  177  172  167  162  159  158
  157  153  144  132  124  128  149  186  231
    10.0-180.0 180.0   5.0 450.0                            LAT/LON1/LON2/DLON/H
  239  288  333  381  433  489  542  589  632  675  715  750  775  794  816  841
  863  868  851  815  775  741  720  712  712  716  716  708  690  669  649  631
  606  566  512  453  404  373  360  360  361  356  346  332  322  319  323  328
  327  317  302  285  267  248  227  206  187  175  169  167  167  167  167  165
  160  151  138  124  116  122  148  190  239
     7.5-180.0 180.0   5.0 450.0                            LAT/LON1/LON2/DLON/H
  238  290  340  393  451  511  564  609  649  689  728  763  791  818  849  886
  918  929  914  880  842  810  787  769  751  733  712  690  665  642  623  608
  589  557  511  459  413  384  372  369  366  355  338  321  313  314  323  331
  330  320  302  284  267  249  229  206  185  169  163  164  170  176  177  173
  163  148  131  114  105  113  141  186  238
     5.0-180.0 180.0   5.0 450.0                            LAT/LON1/LON2/DLON/H
  233  286  340  397  459  520  573  615  651  686  722  755  784  815  855  902
  942  960  950  920  886  855  829  800  767  731  698  670  648  630  618  608
  594  569  530  482  438  407  393  386  377  359  336  317  310  316  329  337
  334  319  298  278  262  248  231  211  188  171  164  167  178  188  190  183
  168  148  127  108   99  107  136  181  233
     2.5-180.0 180.0   5.0 450.0                            LAT/LON1/LON2/DLON/H
  231  283  338  397  460  521  571  609  641  671  702  731  758  790  834  886
  932  957  953  929  900  871  842  806  762  718  682  660  649  643  639  634
  623  600  563  516  471  438  419  408  394  370  343  323  318  328  343  349
  341  320  295  273  258  249  238  221  201  182  173  177  190  203  206  196
  177  153  130  112  103  111  138  181  231
