ionex_files/turquie/COD0OPSFIN_20230270000_01D_01H_GIM.INX
     1.0            IONOSPHERE MAPS     GNSS                IONEX VERSION / TYPE
ADDNEQ2 V5.5        AIUB                31-JAN-23 21:39     PGM / RUN BY / DATE 
CODE'S GLOBAL IONOSPHERE MAPS FOR DAY 027, 2023             COMMENT             
Global ionosphere maps (GIM) are generated on a daily basis DESCRIPTION         
at CODE using data from about 300 GNSS sites of the IGS and DESCRIPTION         
other institutions. The vertical total electron content     DESCRIPTION         
(VTEC) is modeled in a solar-geomagnetic reference frame    DESCRIPTION         
using a spherical harmonics expansion up to degree and      DESCRIPTION         
order 15. Piece-wise linear functions are used for          DESCRIPTION         
representation in the time domain. The time spacing of      DESCRIPTION         
their vertices is 1 hour, conforming with the epochs of the DESCRIPTION         
VTEC maps.                                                  DESCRIPTION         
To convert line-of-sight TEC into vertical TEC, a modified  DESCRIPTION         
single-layer model mapping function approximating the JPL   DESCRIPTION         
extended slab model mapping function is adopted. The        DESCRIPTION         
mapping function is evaluated at geodetic satellite         DESCRIPTION         
elevation angles. For the computation of the ionospheric    DESCRIPTION         
pierce points, a spherical layer with a radius of 6821 km   DESCRIPTION         
is assumed, implying geocentric, not geodetic IONEX         DESCRIPTION         
latitudes.                                                  DESCRIPTION         
Instrumental biases with respect to each involved GNSS code DESCRIPTION         
observable are estimated as constant values for each        DESCRIPTION         
day. They are modeled with one set of bias parameters for   DESCRIPTION         
each satellite and each station in case of GPS and for each DESCRIPTION         
satellite-station link in case of GLONASS. The code bias    DESCRIPTION         
datum is defined by zero-mean conditions imposed on the     DESCRIPTION         
satellite bias estimates. In this file, just GPS C1W-C2W    DESCRIPTION         
satellite and station bias values are included. The         DESCRIPTION         
complete set of GNSS code bias results is provided in an    DESCRIPTION         
additional Bias-SINEX file as pseudo-absolute values        DESCRIPTION         
specific to each observable.                                DESCRIPTION         
Note: These GIM results correspond to the results for the   DESCRIPTION         
middle day of a 3-day combination analysis solving for 73   DESCRIPTION         
times 256, or 18688 VTEC parameters and 3 daily sets of     DESCRIPTION         
GNSS code bias parameters.                                  DESCRIPTION         
Contact address: code(at)aiub.unibe.ch                      DESCRIPTION         
Data archive:    ftp.aiub.unibe.ch/CODE/                    DESCRIPTION         
                 www.aiub.unibe.ch/download/CODE/           DESCRIPTION         
  2023     1    27     0     0     0                        EPOCH OF FIRST MAP  
  2023     1    28     0     0     0                        EPOCH OF LAST MAP   
  3600                                                      INTERVAL            
[...]
bake barh bndy boav bogo bogt bor1 braz brst brux bshm cas1 COMMENT             
ccj2 cedu chpg chpi chti chur ckis cnmr coco cord cpxf crar COMMENT             
cro1 daej darw dav1 dgar dhlg drao dubo ebre faa1 fair flrs COMMENT             
frdn ftna func ganp glps gode godz gol2 gold gope gras graz COMMENT             
guam guug harb hers hert hlfx hob2 hofn holb hrao hyde iddr COMMENT             
ieng iisc ineg invk iqal isba jog2 joz2 joze karr kerg kir0 COMMENT             
kiri kiru kit3 kokb kokv koug kour krgg laut lmmf lpal lpgs COMMENT             
m0se mac1 madr mal2 mana mas1 mat1 mate maw1 mcm4 mdo1 mdvj COMMENT             
medi mets mgue mizu mkea mnls mobs monp morp mqzg mro1 mtka COMMENT             
nano nico nist nium nklg nlib nnor not1 nrc1 nrmd ntus nya1 COMMENT             
nyal ohi2 onsa opmt ous2 pado parc park pdel penc pert pie1 COMMENT             
pimo pohn pol2 polv pots pove prds ptbb ptvl qaq1 quin ramo COMMENT             
reun reyk rgdg rio2 riop salu samo sant savo sch2 scor sctb COMMENT             
scub seyg sofi spt0 ssia sthl stjo stk2 str2 suth sutm suwn COMMENT             
sydn syog tabl tabv tash thtg thti thu2 tid1 tidb tlse tn22 COMMENT             
tong tow2 tro1 tsea tskb twtf txes uclu ufpr ulab unb3 unbj COMMENT             
unsa urum usn7 usud vald vill voim vtsp wab1 wab2 wark wes2 COMMENT             
wgtn whit will wind wsrt wtza wtzl wtzr wtzs wuhn xmis yar2 COMMENT             
yar3 yarr yell ykro zamb zeck zim2 zim3 zimm                COMMENT             
                                                            END OF HEADER       
[from data line 7293]
    18                                                      START OF TEC MAP    
  2023     1    27    17     0     0                        EPOCH OF CURRENT MAP
    87.5-180.0 180.0   5.0 450.0                            LAT/LON1/LON2/DLON/H
  143  146  149  152  156  159  162  165  169  172  175  178  181  184  186  188
  190  192  194  195  196  197  198  198  198  198  197  196  195  194  193  191
  190  188  186  184  181  179  176  173  171  168  165  162  159  156  153  150
  147  145  142  140  137  135  133  132  130  129  128  127  127  127  127  127
  128  129  130  132  134  136  138  141  143
    85.0-180.0 180.0   5.0 450.0                            LAT/LON1/LON2/DLON/H
  112  117  123  129  135  141  148  154  160  167  173  178  184  189  194  198
  202  205  207  210  211  212  212  212  212  211  209  208  206  204  201  199
  196  193  189  186  182  178  174  170  165  161  156  151  146  140  135  130
  125  120  115  111  106  102   98   95   92   89   87   85   84   83   83   84
   85   86   88   91   94   98  102  107  112
    82.5-180.0 180.0   5.0 450.0                            LAT/LON1/LON2/DLON/H
   79   86   93  101  109  117  126  135  143  152  161  169  177  184  191  197
  202  206  209  212  213  213  213  212  210  207  205  202  199  195  192  189
  186  183  179  176  172  168  164  159  154  149  143  137  131  125  118  112
  106   99   93   88   82   77   71   67   62   58   55   52   50   48   47   47
   48   49   51   54   58   62   67   73   79
    80.0-180.0 180.0   5.0 450.0                            LAT/LON1/LON2/DLON/H
   53   59   67   75   83   92  101  111  121  131  142  152  162  172  181  189
  195  201  205  208  208  208  206  202  198  193  188  183  178  174  170  167
  164  161  159  157  154  151  148  144  140  135  130  124  118  112  106  100
   93   87   82   76   70   65   59   54   49   44   39   35   31   28   26   25
   24   25   26   29   32   36   41   47   53
    77.5-180.0 180.0   5.0 450.0                            LAT/LON1/LON2/DLON/H
   37   42   48   54   61   69   78   87   98  109  120  133  145  157  168  179
  188  196  202  205  206  204  200  194  187  178  169  161  153  146  141  137
  135  134  133  132  132  131  130  128  125  121  117  113  108  103   98   93
   89   85   81   77   72   68   63   58   53   47   42   36   31   26   22   20
   18   17   18   19   22   25   28   33   37
    75.0-180.0 180.0   5.0 450.0                            LAT/LON1/LON2/DLON/H
   35   38   40   44   48   53   60   68   78   89  101  114  129  143  158  173
  186  197  206  212  213  211  206  196  185  171  157  144  132  122  114  109
  107  106  107  108  109  110  111  111  110  108  105  102   99   96   94   92
   90   89   87   86   85   82   80   76   71   65   59   52   45   39   34   30
   27   25   25   25   27   29   31   33   35
    72.5-180.0 180.0   5.0 450.0                            LAT/LON1/LON2/DLON/H
   45   45   44   44   44   46   50   56   64   74   86  101  117  134  153  172
  191  207  221  231  235  234  227  215  198  179  159  139  122  107   96   89
   85   84   85   87   90   92   94   95   95   94   93   92   90   90   89   90
   91   93   96   98  100  100  100   98   94   89   82   75   67   60   54   49
   45   43   42   43   44   45   45   46   45
    70.0-180.0 180.0   5.0 450.0                            LAT/LON1/LON2/DLON/H
   63   60   55   51   48   47   48   51   57   66   78   93  110  131  153  178
  202  226  246  262  270  271  264  249  228  203  176  150  126  107   92   82
   76   73   72   73   75   77   79   80   80   80   80   80   80   80   82   85
   89   93   99  104  109  113  115  116  114  109  103   96   88   80   73   68
   65   63   63   64   65   66   66   65   63
    67.5-180.0 180.0   5.0 450.0                            LAT/LON1/LON2/DLON/H
   82   76   70   63   57   53   51   52   57   65   76   91  109  131  157  186
  217  248  276  298  312  316  310  294  269  239  207  175  146  122  103   89
   80   74   70   69   68   68   68   68   68   67   67   66   67   68   70   74
   79   85   92   99  107  113  118  121  121  119  114  108  100   93   86   81
   78   78   79   81   84   86   86   85   82
    65.0-180.0 180.0   5.0 450.0                            LAT/LON1/LON2/DLON/H
   94   89   81   73   66   60   57   57   61   68   78   92  110  133  162  194
  231  268  302  331  351  359  355  339  313  280  244  209  177  150  129  112
   99   88   80   74   69   65   62   59   58   56   54   53   53   53   55   58
   62   68   75   83   92  100  107  112  114  114  111  106  100   94   88   84
   83   83   86   89   94   97   99   98   94
    62.5-180.0 180.0   5.0 450.0                            LAT/LON1/LON2/DLON/H
   97   92   86   78   71   66   63   64   67   74   84   97  114  137  165  200
  239  281  321  355  379  391  389  374  349  316  281  246  214  187  165  146
  129  114  101   88   77   69   62   57   53   49   46   43   41   40   39   40
   43   47   52   59   67   76   84   91   96   98   97   94   90   85   80   77
   77   78   81   86   92   96   99  100   97
    60.0-180.0 180.0   5.0 450.0                            LAT/LON1/LON2/DLON/H
   90   87   82   76   71   67   67   69   74   82   91  104  119  140  168  202
  242  285  327  363  390  404  405  393  371  342  311  280  252  228  207  187
  168  148  129  110   93   80   69   61   54   49   44   39   35   31   28   27
   27   28   30   35   41   49   58   65   72   76   77   76   73   70   66   64
   64   65   69   74   80   85   89   91   90
    57.5-180.0 180.0   5.0 450.0                            LAT/LON1/LON2/DLON/H
   75   74   72   69   67   66   69   74   82   91  101  113  127  146  171  203
  241  282  322  358  384  399  403  395  378  355  331  307  286  267  249  230
  209  185  160  135  114   96   82   72   63   56   49   42   36   30   25   22
   19   17   16   18   22   28   36   44   51   56   59   59   57   55   52   50
   49   50   53   58   63   68   72   74   75
    55.0-180.0 180.0   5.0 450.0                            LAT/LON1/LON2/DLON/H
   58   59   60   60   61   64   70   79   90  102  114  125  138  154  177  206
  240  277  312  343  366  381  386  382  372  357  341  326  312  299  285  267
  245  218  189  160  136  115  100   88   78   69   60   52   44   37   32   27
   22   18   14   13   14   19   25   33   40   46   48   49   48   45   43   40
   39   38   40   43   47   51   55   57   58
    52.5-180.0 180.0   5.0 450.0                            LAT/LON1/LON2/DLON/H
   46   48   51   54   58   65   74   86  101  116  130  142  154  168  188  214
  243  274  302  327  345  357  363  363  359  352  344  336  329  320  309  293
  270  241  210  181  155  135  119  107   96   86   76   66   58   51   45   40
   36   30   25   21   20   23   29   36   42   47   49   49   47   44   41   37
   35   33   34   36   39   41   43   44   46
    50.0-180.0 180.0   5.0 450.0                            LAT/LON1/LON2/DLON/H
   42   45   49   54   60   69   81   97  116  134  150  162  174  187  205  228
  253  278  299  316  329  338  344  347  348  346  344  340  335  329  318  302
  280  251  221  193  170  152  137  125  113  102   91   81   73   66   61   58
   54   49   44   39   36   38   43   49   55   58   59   57   54   50   45   41
   38   36   36   37   39   41   41   41   42
    47.5-180.0 180.0   5.0 450.0                            LAT/LON1/LON2/DLON/H
   48   50   55   61   68   78   92  111  133  154  172  186  197  210  228  249
  271  290  306  317  325  331  335  339  342  343  341  337  331  323  312  295
  273  247  221  197  179  164  152  139  127  114  103   93   84   78   75   73
   71   68   63   58   55   56   60   67   72   75   74   71   66   60   54   49
   46   44   44   47   49   50   50   49   48
    45.0-180.0 180.0   5.0 450.0                            LAT/LON1/LON2/DLON/H
   62   63   67   73   80   90  104  125  150  175  195  209  221  234  252  272
  293  310  322  330  334  337  339  341  343  342  337  329  318  306  292  275
  254  232  212  196  184  175  164  151  136  122  110   99   91   85   81   81
   81   80   77   72   68   69   74   81   87   90   88   84   77   71   64   59
   55   54   56   60   64   66   65   63   62
    42.5-180.0 180.0   5.0 450.0                            LAT/LON1/LON2/DLON/H
   77   78   81   86   92  101  116  139  167  194  216  231  243  257  275  296
  316  333  344  351  354  355  353  351  347  341  330  316  298  281  264  248
  231  215  202  195  191  185  175  160  142  126  113  102   93   86   82   81
   83   84   81   76   72   73   79   87   95   98   97   93   86   78   72   66
   63   63   66   72   78   82   82   80   77
    40.0-180.0 180.0   5.0 450.0                            LAT/LON1/LON2/DLON/H
   89   89   92   96  101  109  124  148  179  209  233  249  261  275  294  316
  337  354  367  376  379  377  371  361  350  337  320  299  276  256  240  226
  215  205  200  201  203  201  190  171  149  131  117  106   95   86   79   78
   79   81   78   73   69   69   74   84   92   98   99   95   89   82   75   70
   68   68   72   78   86   92   93   92   89
    37.5-180.0 180.0   5.0 450.0                            LAT/LON1/LON2/DLON/H
   93   93   95   98  102  110  126  153  186  220  245  262  274  289  309  330
  351  370  385  397  402  397  384  366  346  327  306  283  260  242  230  222
  216  213  215  221  228  227  213  189  162  141  127  117  105   92   81   77
   78   79   76   69   63   61   65   74   84   91   94   93   89   83   77   72
   69   69   72   78   85   92   95   95   93
    35.0-180.0 180.0   5.0 450.0                            LAT/LON1/LON2/DLON/H
   87   87   89   92   97  106  123  152  189  225  253  271  285  300  320  340
  360  378  396  411  417  408  387  360  334  312  292  273  257  247  244  245
  246  247  251  260  267  265  247  217  186  163  150  140  127  110   96   89
   88   89   84   75   65   59   59   65   74   82   88   89   87   82   78   73
   70   69   68   71   77   83   87   87   87
    32.5-180.0 180.0   5.0 450.0                            LAT/LON1/LON2/DLON/H
   73   73   76   80   86   96  117  149  188  227  258  278  294  311  330  348
  364  380  398  415  420  408  379  345  316  297  286  278  275  279  289  300
  306  308  311  316  321  315  292  256  222  198  187  179  166  147  129  120
  118  117  110   97   82   71   65   66   70   77   83   87   87   84   80   77
   73   69   65   62   63   67   70   72   73
    30.0-180.0 180.0   5.0 450.0                            LAT/LON1/LON2/DLON/H
   56   57   59   64   73   87  111  146  188  229  262  286  305  324  342  356
  367  378  394  410  414  397  363  325  299  290  293  303  318  339  364  385
  394  393  388  385  383  372  344  305  268  245  237  231  219  200  181  170
  168  166  158  141  120  101   88   80   77   80   85   89   90   89   87   84
   80   73   64   55   50   50   52   55   56
    27.5-180.0 180.0   5.0 450.0                            LAT/LON1/LON2/DLON/H
   41   42   44   51   63   81  109  146  190  232  267  294  318  340  358  367
  371  376  387  400  401  380  344  309  293  299  321  351  385  424  462  491
  500  490  473  458  446  429  398  357  320  299  294  292  282  263  245  235
  233  232  221  201  175  149  126  108   96   92   93   96   98   98   96   95
   91   82   69   54   43   38   38   40   41
    25.0-180.0 180.0   5.0 450.0                            LAT/LON1/LON2/DLON/H
   34   34   36   43   59   82  114  153  196  238  275  305  333  359  377  383
  379  375  380  388  385  364  330  305  304  330  372  419  469  521  569  601
  606  585  553  524  501  478  445  405  371  352  350  351  344  327  310  302
  302  301  290  267  237  206  175  147  125  112  107  108  108  108  107  107
  104   95   80   61   45   36   34   34   34
    22.5-180.0 180.0   5.0 450.0                            LAT/LON1/LON2/DLON/H
   38   35   35   44   63   91  127  167  208  248  285  318  350  380  398  401
  391  379  376  378  372  352  328  318  337  383  440  500  558  616  668  699
  697  664  617  573  541  514  482  445  413  397  396  398  392  378  363  358
  359  359  348  325  294  259  223  187  156  134  123  120  119  118  118  118
  117  110   96   76   58   46   41   39   38
    20.0-180.0 180.0   5.0 450.0                            LAT/LON1/LON2/DLON/H
   50   44   42   51   73  107  146  186  225  261  296  331  367  400  420  421
  406  388  377  373  365  350  340  350  391  453  519  580  637  693  742  769
  760  716  657  603  563  534  504  472  443  427  425  425  419  406  393  389
  392  392  382  361  332  299  261  221  184  155  138  131  128  126  125  126
  127  124  113   97   78   65   58   54   50
    17.5-180.0 180.0   5.0 450.0                            LAT/LON1/LON2/DLON/H
   67   58   54   63   88  126  168  208  244  276  309  344  382  417  438  440
  423  400  384  374  365  359  365  398  458  530  595  647  693  739  781  802
  787  738  673  613  570  541  515  487  460  442  434  430  422  407  394  390
  393  393  385  368  344  316  282  243  203  171  149  138  133  130  129  131
  134  135  130  118  103   90   81   75   67
    15.0-180.0 180.0   5.0 450.0                            LAT/LON1/LON2/DLON/H
   86   74   67   75  103  145  190  230  263  292  322  356  394  430  454  456
  440  416  395  381  373  377  401  455  528  601  656  690  717  749  781  797
  781  734  671  612  568  540  518  493  467  444  428  416  402  384  369  362
  363  364  359  347  330  310  283  249  212  179  156  143  136  133  131  132
  136  141  142  138  127  115  105   96   86
    12.5-180.0 180.0   5.0 450.0                            LAT/LON1/LON2/DLON/H
  101   87   78   85  115  160  209  250  282  309  337  369  406  441  466  471
  458  435  413  396  390  402  442  511  592  657  692  703  710  726  750  763
  751  713  659  607  568  542  522  499  470  440  414  391  369  345  325  315
  314  316  315  309  300  287  269  243  212  183  160  146  139  136  133  133
  137  143  150  152  147  136  125  114  101
    10.0-180.0 180.0   5.0 450.0                            LAT/LON1/LON2/DLON/H
  110   94   84   92  122  171  223  266  299  326  353  384  418  452  477  485
  477  457  435  418  413  433  484  561  640  690  702  690  678  683  701  715
  711  687  650  610  576  553  533  509  476  438  400  366  335  305  280  265
  262  266  270  270  266  260  250  232  209  184  164  151  144  141  138  137
  138  145  155  161  160  150  138  125  110
     7.5-180.0 180.0   5.0 450.0                            LAT/LON1/LON2/DLON/H
  114   98   88   95  126  177  232  279  315  344  372  401  433  465  489  501
  498  483  463  446  443  467  524  601  669  700  690  659  636  635  652  670
  677  670  651  625  599  576  556  529  491  444  395  351  313  277  247  229
  225  232  241  245  245  241  235  223  207  188  171  159  153  151  148  145
  143  148  158  166  167  157  144  129  114
     5.0-180.0 180.0   5.0 450.0                            LAT/LON1/LON2/DLON/H
  114   99   89   97  129  180  238  289  330  363  393  422  452  481  505  520
  521  512  496  482  480  505  559  628  680  692  664  624  598  599  618  641
  658  667  666  653  633  611  588  559  516  461  404  354  310  271  238  218
  217  228  241  247  245  239  231  222  210  196  181  171  166  165  163  158
  153  154  162  170  170  160  145  129  114
     2.5-180.0 180.0   5.0 450.0                            LAT/LON1/LON2/DLON/H
  114  100   92  100  132  183  243  298  344  383  416  446  475  502  525  541
  547  543  532  521  521  544  591  646  680  675  637  597  578  587  610  635
  658  678  690  689  674  651  626  594  548  489  428  375  330  290  257  239
  240  256  272  277  270  255  241  230  220  208  196  186  182  182  181  175
  167  164  168  174  172  160  144  128  114
