ionex_files/turquie/COD0OPSFIN_20230380000_01D_01H_GIM.INX
     1.0            IONOSPHERE MAPS     GNSS                IONEX VERSION / TYPE
ADDNEQ2 V5.5        AIUB                11-FEB-23 21:46     PGM / RUN BY / DATE 
CODE'S GLOBAL IONOSPHERE MAPS FOR DAY 038, 2023             COMMENT             
Global ionosphere maps (GIM) are generated on a daily basis DESCRIPTION         
at CODE using data from about 300 GNSS sites of the IGS and DESCRIPTION         
other institutions. The vertical total electron content     DESCRIPTION         
(VTEC) is modeled in a solar-geomagnetic reference frame    DESCRIPTION         
using a spherical harmonics expansion up to degree and      DESCRIPTION         
order 15. Piece-wise linear functions are used for          DESCRIPTION         
representation in the time domain. The time spacing of      DESCRIPTION         
their vertices is 1 hour, conforming with the epochs of the DESCRIPTION         
VTEC maps.                                                  DESCRIPTION         
To convert line-of-sight TEC into vertical TEC, a modified  DESCRIPTION         
single-layer model mapping function approximating the JPL   DESCRIPTION         
extended slab model mapping function is adopted. The        DESCRIPTION         
mapping function is evaluated at geodetic satellite         DESCRIPTION         
elevation angles. For the computation of the ionospheric    DESCRIPTION         
pierce points, a spherical layer with a radius of 6821 km   DESCRIPTION         
is assumed, implying geocentric, not geodetic IONEX         DESCRIPTION         
latitudes.                                                  DESCRIPTION         
Instrumental biases with respect to each involved GNSS code DESCRIPTION         
observable are estimated as constant values for each        DESCRIPTION         
day. They are modeled with one set of bias parameters for   DESCRIPTION         
each satellite and each station in case of GPS and for each DESCRIPTION         
satellite-station link in case of GLONASS. The code bias    DESCRIPTION         
datum is defined by zero-mean conditions imposed on the     DESCRIPTION         
satellite bias estimates. In this file, just GPS C1W-C2W    DESCRIPTION         
satellite and station bias values are included. The         DESCRIPTION         
complete set of GNSS code bias results is provided in an    DESCRIPTION         
additional Bias-SINEX file as pseudo-absolute values        DESCRIPTION         
specific to each observable.                                DESCRIPTION         
Note: These GIM results correspond to the results for the   DESCRIPTION         
middle day of a 3-day combination analysis solving for 73   DESCRIPTION         
times 256, or 18688 VTEC parameters and 3 daily sets of     DESCRIPTION         
GNSS code bias parameters.                                  DESCRIPTION         
Contact address: code(at)aiub.unibe.ch                      DESCRIPTION         
Data archive:    ftp.aiub.unibe.ch/CODE/                    DESCRIPTION         
                 www.aiub.unibe.ch/download/CODE/           DESCRIPTION         
  2023     2     7     0     0     0                        EPOCH OF FIRST MAP  
  2023     2     8     0     0     0                        EPOCH OF LAST MAP   
  3600                                                      INTERVAL            
[...]
brft brst brux bshm cags cas1 ccj2 cedu chpg chpi chti chur COMMENT             
ckis coco cord cpvg cpxf crar cro1 daej darw dav1 dgar dhlg COMMENT             
drao dubo ebre faa1 fair flrs frdn ftna func ganp glps glsv COMMENT             
gode godz gol2 gold gope gras graz guam guug harb hers hert COMMENT             
hlfx hob2 hofn holb hrao hyde iddr ieng iisc ineg invk iqal COMMENT             
irkj isba jog2 joz2 joze karr kerg kir0 kiri kiru kit3 kokb COMMENT             
kokv koug kour krgg laut lmmf lpal lpgs m0se mac1 madr mal2 COMMENT             
mana mas1 mat1 mate maw1 mcm4 mdo1 mdvj medi mets mgue mizu COMMENT             
mkea mnls mobs monp morp mqzg mro1 mtka nano nico nist nium COMMENT             
nklg nlib nnor not1 nrc1 nrmd ntus nya1 nyal ohi2 onsa opmt COMMENT             
ous2 pado parc park pdel penc pert pie1 pimo pohn pol2 polv COMMENT             
pots pove prds ptag ptbb ptvl qaq1 quin ramo reun reyk rgdg COMMENT             
rio2 riop salu samo sant savo sch2 scor scrz sctb scub seyg COMMENT             
smst sofi spt0 ssia sthl stjo stk2 str2 suth sutm suwn sydn COMMENT             
syog tabl tabv tash thtg thti thu2 tid1 tidb tlse tn22 tong COMMENT             
tow2 tro1 tsea tskb twtf txes uclu ufpr ulab unb3 unbj unsa COMMENT             
urum usn7 usud vald vill voim vtsp wab1 wab2 wark wes2 wgtn COMMENT             
whit will wsrt wtza wtzl wtzr wtzs wtzz wuhn xmis yar2 yar3 COMMENT             
yarr yell ykro zamb zeck zim2 zim3 zimm                     COMMENT             
                                                            END OF HEADER       
[from data line 3003]
     8                                                      START OF TEC MAP    
  2023     2     7     7     0     0                        EPOCH OF CURRENT MAP
    87.5-180.0 180.0   5.0 450.0                            LAT/LON1/LON2/DLON/H
   57   58   59   60   62   63   65   66   68   69   71   72   74   75   76   78
   79   80   81   82   82   83   83   84   84   84   84   84   84   84   84   84
   83   83   82   82   81   81   80   79   79   78   77   76   75   74   73   72
   71   70   69   68   67   66   65   64   63   62   61   60   59   58   58   57
   56   56   56   56   56   56   56   57   57
    85.0-180.0 180.0   5.0 450.0                            LAT/LON1/LON2/DLON/H
   52   53   55   56   59   61   64   67   71   74   77   80   83   85   87   89
   91   92   93   93   94   94   94   94   94   93   93   93   93   93   93   93
   93   93   92   92   92   91   91   90   90   89   88   87   87   86   85   84
   83   82   81   81   80   78   77   76   75   73   71   69   67   65   63   61
   59   57   55   54   53   52   51   52   52
    82.5-180.0 180.0   5.0 450.0                            LAT/LON1/LON2/DLON/H
   56   56   56   58   60   63   67   72   76   80   85   89   92   95   98   99
  100  100  100   99   98   96   95   93   92   91   91   91   91   91   92   93
   94   95   97   98   98   99  100  100  100  101  101  102  102  103  104  105
  106  107  108  109  110  111  111  111  110  109  107  105  102   98   94   90
   85   80   75   71   66   63   60   57   56
    80.0-180.0 180.0   5.0 450.0                            LAT/LON1/LON2/DLON/H
   71   67   65   65   66   68   72   77   82   87   92   96  100  102  104  104
  104  102  100   97   93   90   86   83   81   79   78   78   79   81   84   87
   90   93   96   99  101  104  106  108  110  112  114  116  119  123  127  132
  137  142  147  153  158  162  166  168  170  170  170  167  163  158  152  145
  136  127  118  108   99   91   83   76   71
    77.5-180.0 180.0   5.0 450.0                            LAT/LON1/LON2/DLON/H
   95   86   79   76   74   75   78   82   86   91   96  100  103  105  106  105
  103   99   95   90   84   79   74   69   65   63   63   63   65   69   73   78
   83   89   94   98  102  106  109  113  116  120  125  130  137  144  153  163
  173  184  195  206  217  226  235  241  246  249  250  248  244  237  229  218
  206  192  178  163  147  132  118  105   95
    75.0-180.0 180.0   5.0 450.0                            LAT/LON1/LON2/DLON/H
  122  108   96   88   83   82   83   85   89   93   97  101  103  104  103  102
   99   95   90   84   77   71   65   59   55   53   52   53   56   61   67   73
   80   86   92   97  102  106  111  115  120  126  133  141  152  164  178  193
  210  227  245  262  278  293  306  317  325  331  333  332  327  320  309  296
  280  262  243  222  201  179  159  139  122
    72.5-180.0 180.0   5.0 450.0                            LAT/LON1/LON2/DLON/H
  147  127  111   99   91   87   86   88   90   94   96   98   99   99   98   97
   94   91   87   82   77   71   65   60   56   53   53   54   58   63   69   75
   82   88   93   98  102  106  110  115  121  129  138  150  164  181  200  220
  242  265  288  311  332  351  368  381  392  399  402  401  396  387  375  360
  341  321  298  273  247  221  195  170  147
    70.0-180.0 180.0   5.0 450.0                            LAT/LON1/LON2/DLON/H
  163  139  120  105   94   89   87   88   90   92   94   95   94   93   92   91
   90   90   89   88   85   82   77   73   69   67   66   67   69   74   79   84
   89   93   97  100  102  105  109  114  121  130  142  156  174  194  217  241
  268  294  321  346  370  391  409  423  434  441  443  441  435  425  412  395
  376  354  330  304  276  248  218  190  163
    67.5-180.0 180.0   5.0 450.0                            LAT/LON1/LON2/DLON/H
  167  142  120  104   93   87   86   87   89   91   91   91   89   86   85   85
   87   91   95   98   99   99   97   94   91   89   87   87   88   90   93   95
   97   99  100  100  101  103  107  112  120  131  145  161  181  204  229  256
  284  312  339  365  388  407  424  437  446  451  451  447  439  428  413  396
  376  355  333  308  282  254  225  195  167
    65.0-180.0 180.0   5.0 450.0                            LAT/LON1/LON2/DLON/H
  160  135  114   98   87   82   81   84   87   89   89   87   84   80   79   80
   85   92  100  108  114  117  118  116  114  111  108  107  106  105  105  104
  103  101   99   98   98  100  104  111  121  134  149  168  188  212  238  265
  293  320  345  368  388  404  416  425  430  432  430  423  413  399  383  366
  348  329  309  289  266  241  215  187  160
    62.5-180.0 180.0   5.0 450.0                            LAT/LON1/LON2/DLON/H
  146  123  104   89   79   75   75   79   83   87   88   85   80   76   73   75
   82   92  103  114  123  128  131  131  129  126  122  119  115  112  109  105
  102   98   95   93   93   96  103  112  125  139  157  176  197  221  246  272
  298  322  344  362  376  386  393  397  398  397  392  383  370  355  337  320
  302  286  271  255  237  218  195  171  146
    60.0-180.0 180.0   5.0 450.0                            LAT/LON1/LON2/DLON/H
  133  113   95   81   72   67   68   72   79   84   86   83   78   72   69   70
   77   88  100  112  121  127  131  131  130  127  124  119  114  108  103   98
   93   89   86   85   87   93  103  115  131  148  167  187  209  231  255  280
  303  325  342  355  362  366  367  366  363  359  352  342  328  311  293  275
  258  244  232  221  209  193  175  155  133
    57.5-180.0 180.0   5.0 450.0                            LAT/LON1/LON2/DLON/H
  127  109   93   79   69   63   62   66   72   79   83   82   77   70   66   67
   72   82   93  102  109  114  117  118  118  116  113  108  101   95   88   83
   79   76   75   77   82   92  105  122  141  161  182  202  224  246  269  292
  313  332  345  353  355  352  347  342  337  331  324  315  301  284  265  247
  230  218  208  200  191  179  163  146  127
    55.0-180.0 180.0   5.0 450.0                            LAT/LON1/LON2/DLON/H
  131  115  100   87   75   65   60   60   66   73   78   80   76   70   65   65
   69   76   83   88   90   92   94   96   98   98   95   90   83   76   70   66
   64   64   66   72   81   94  111  132  154  177  200  222  244  266  288  310
  331  347  358  361  358  350  341  333  326  321  316  309  298  282  263  244
  227  214  206  198  190  179  165  148  131
    52.5-180.0 180.0   5.0 450.0                            LAT/LON1/LON2/DLON/H
  145  130  117  104   89   75   63   58   60   67   74   77   76   71   67   66
   69   72   74   73   71   69   71   74   79   81   79   74   66   59   55   53
   54   58   63   72   84  101  121  145  170  196  221  245  268  291  314  336
  356  371  380  380  373  361  349  338  331  328  326  322  314  301  284  264
  247  233  223  215  206  194  178  161  145
    50.0-180.0 180.0   5.0 450.0                            LAT/LON1/LON2/DLON/H
  162  150  139  127  111   92   73   61   58   62   70   75   76   74   71   72
   73   74   71   65   58   54   55   62   69   74   72   66   58   51   48   49
   53   59   67   78   93  113  136  162  190  218  246  273  298  322  346  368
  387  401  408  405  395  381  365  353  345  343  344  345  341  331  315  297
  278  263  252  242  231  216  198  179  162
    47.5-180.0 180.0   5.0 450.0                            LAT/LON1/LON2/DLON/H
  176  166  160  151  136  113   89   70   61   62   68   75   77   78   78   80
   83   82   77   66   56   51   54   64   75   81   79   71   61   53   51   53
   60   68   78   90  107  129  154  183  213  244  274  304  332  357  381  403
  420  432  437  432  419  401  383  369  360  358  360  363  363  357  343  325
  307  290  278  266  253  236  214  193  176
    45.0-180.0 180.0   5.0 450.0                            LAT/LON1/LON2/DLON/H
  180  173  171  169  157  135  108   83   69   66   71   77   81   83   86   91
   96   96   89   78   67   63   69   82   95  102   98   87   74   65   62   66
   73   81   92  105  124  148  176  206  239  272  306  338  368  395  418  437
  452  460  462  454  439  419  398  380  369  365  367  370  371  367  356  339
  320  303  290  278  263  244  220  197  180
    42.5-180.0 180.0   5.0 450.0                            LAT/LON1/LON2/DLON/H
  170  165  169  174  169  151  125   98   80   74   77   82   85   89   95  103
  110  113  108   97   88   86   95  111  126  131  124  109   93   82   78   82
   88   96  106  120  141  168  199  233  267  303  339  373  405  432  453  469
  478  482  479  469  452  430  407  387  372  364  362  363  364  360  349  333
  314  297  283  272  258  238  212  187  170
    40.0-180.0 180.0   5.0 450.0                            LAT/LON1/LON2/DLON/H
  149  144  152  163  167  157  135  111   93   85   86   89   92   96  103  114
  125  130  128  120  113  115  126  143  157  160  149  130  110   97   94   96
  101  108  117  133  157  188  224  261  297  334  372  408  441  467  485  495
  499  497  491  479  461  439  415  393  375  362  355  351  348  342  331  314
  294  277  264  254  241  222  195  168  149
    37.5-180.0 180.0   5.0 450.0                            LAT/LON1/LON2/DLON/H
  125  117  123  138  149  148  135  116  102   95   95   97   99  104  112  124
  136  144  145  141  138  141  153  168  179  178  164  142  121  108  104  105
  109  114  123  142  170  208  249  289  327  364  402  439  473  497  512  516
  514  509  500  488  472  452  430  408  389  372  359  350  342  332  317  298
  277  259  246  236  225  206  179  149  125
    35.0-180.0 180.0   5.0 450.0                            LAT/LON1/LON2/DLON/H
  110   93   93  106  121  127  123  113  104  101  101  104  106  111  120  132
  145  154  157  156  155  159  168  180  187  182  166  143  123  111  107  109
  112  116  126  148  183  227  273  316  355  391  427  465  498  522  534  534
  528  521  513  504  493  478  461  443  424  407  390  376  362  346  326  303
  280  260  246  236  225  206  177  142  110
    32.5-180.0 180.0   5.0 450.0                            LAT/LON1/LON2/DLON/H
  114   84   72   77   89   99  102  100   99  100  104  107  112  118  127  139
  151  160  164  164  164  165  169  175  177  170  154  134  117  108  107  109
  112  116  128  154  195  245  296  340  377  411  446  483  516  541  552  551
  545  539  535  533  529  522  513  502  489  474  457  439  420  398  373  345
  318  294  277  265  252  231  198  156  114
    30.0-180.0 180.0   5.0 450.0                            LAT/LON1/LON2/DLON/H
  145   99   70   61   65   72   79   83   88   94  101  108  115  124  134  145
  154  161  165  166  163  159  157  156  154  147  134  119  107  103  105  109
  112  117  132  162  208  262  316  360  394  425  457  493  529  556  569  570
  567  566  570  577  583  586  586  584  579  571  559  541  519  491  460  427
  395  368  347  330  313  287  249  199  145
    27.5-180.0 180.0   5.0 450.0                            LAT/LON1/LON2/DLON/H
  202  141   94   67   58   58   62   69   77   86   96  106  116  128  139  149
  156  161  163  162  156  147  137  130  125  120  113  105  100  101  106  111
  115  122  139  172  221  278  331  373  404  431  462  499  538  569  587  593
  596  604  618  636  652  664  673  680  685  687  681  667  644  614  578  540
  505  474  448  426  402  369  325  267  202
    25.0-180.0 180.0   5.0 450.0                            LAT/LON1/LON2/DLON/H
  279  206  144  101   76   64   62   65   73   82   92  103  116  130  143  152
  157  160  160  156  147  131  115  104   99   98   98   97   99  104  112  118
  123  131  149  184  234  291  342  381  408  433  463  502  546  583  607  621
  633  650  674  702  726  745  760  774  789  800  804  796  775  744  705  665
  627  594  565  537  505  466  415  352  279
    22.5-180.0 180.0   5.0 450.0                            LAT/LON1/LON2/DLON/H
  363  285  214  159  120   96   84   80   83   89   96  104  116  131  144  153
  157  157  155  150  137  118   98   86   83   87   93   99  106  114  123  129
  134  142  161  197  246  300  348  383  408  432  464  507  556  600  632  654
  673  699  732  766  795  816  833  850  870  890  902  901  885  856  817  777
  739  707  676  644  606  561  505  439  363
    20.0-180.0 180.0   5.0 450.0                            LAT/LON1/LON2/DLON/H
  440  365  295  235  188  153  129  116  110  110  110  113  120  131  144  152
  154  154  151  144  130  109   90   79   80   89  100  111  120  130  137  141
  144  152  172  207  254  304  349  382  407  432  468  515  570  620  658  687
  713  744  782  819  848  867  880  895  916  939  957  963  953  928  893  855
  821  791  762  728  686  637  579  513  440
    17.5-180.0 180.0   5.0 450.0                            LAT/LON1/LON2/DLON/H
  500  435  373  318  270  228  194  171  156  147  138  131  129  134  142  148
  150  149  146  139  125  107   91   86   92  104  118  129  139  146  151  152
  153  159  179  213  258  305  346  379  406  436  476  528  587  642  684  716
  746  780  818  854  879  891  896  904  920  942  962  973  969  950  921  889
  860  835  810  778  736  685  628  566  500
    15.0-180.0 180.0   5.0 450.0                            LAT/LON1/LON2/DLON/H
  537  485  439  396  353  310  269  238  215  197  179  160  146  140  141  143
  145  145  143  136  125  111  102  103  114  128  141  150  158  162  162  159
  156  161  181  215  258  303  342  376  407  443  489  545  606  662  706  739
  768  801  837  868  887  891  886  884  891  907  925  937  938  927  905  881
  859  841  822  793  753  704  648  592  537
    12.5-180.0 180.0   5.0 450.0                            LAT/LON1/LON2/DLON/H
  550  514  485  458  425  385  342  306  278  254  228  198  170  151  143  142
  142  143  141  136  127  120  120  128  142  156  165  170  173  174  170  161
  155  159  179  213  256  299  339  375  411  453  504  563  624  678  721  752
  778  806  837  864  876  873  859  848  845  852  865  875  880  875  862  847
  833  821  806  783  747  700  647  596  550
    10.0-180.0 180.0   5.0 450.0                            LAT/LON1/LON2/DLON/H
  548  523  509  498  477  442  401  364  335  310  279  240  201  169  152  145
  145  145  144  140  135  134  141  156  172  182  185  186  185  182  174  161
  151  154  175  211  254  296  336  374  416  463  517  577  635  686  725  752
  774  798  824  846  855  848  831  813  802  801  806  812  817  818  814  807
  799  792  781  761  729  684  634  586  548
     7.5-180.0 180.0   5.0 450.0                            LAT/LON1/LON2/DLON/H
  537  519  515  515  504  476  439  404  378  356  326  283  235  194  168  157
  155  155  154  150  147  151  165  184  199  204  201  196  193  188  176  159
  148  151  174  212  254  295  333  373  419  470  526  583  637  683  718  741
  759  779  802  823  833  828  812  794  780  773  770  771  775  779  781  781
  778  772  762  743  712  670  621  573  537
     5.0-180.0 180.0   5.0 450.0                            LAT/LON1/LON2/DLON/H
  527  509  509  514  509  486  453  423  403  387  362  321  271  224  192  177
  174  174  171  167  165  172  190  210  222  221  212  203  198  192  178  160
  147  152  178  216  257  294  331  371  418  472  528  581  630  670  700  721
  738  755  777  800  816  819  811  799  788  779  772  766  766  770  776  780
  779  772  758  737  705  663  613  564  527
     2.5-180.0 180.0   5.0 450.0                            LAT/LON1/LON2/DLON/H
  521  500  497  502  498  478  449  424  411  403  386  351  303  256  222  205
  201  200  196  190  188  195  213  232  240  233  219  208  201  194  180  162
  151  159  186  223  261  294  327  365  413  467  521  571  613  649  677  697
  713  731  755  782  806  821  827  827  824  819  809  797  790  790  795  800
  799  789  770  743  707  664  613  562  521
