ionex_files/bejaia/igsg0870.21i
     1.0            IONOSPHERE MAPS     MIX                 IONEX VERSION / TYPE
cmpcmb v1.2          GRL/UWM            15-apr-21 05:35     PGM / RUN BY / DATE 
ionex file containing IGS COMBINED Ionosphere maps          COMMENT             
global ionosphere maps for day 087, 2021                    DESCRIPTION         
IONEX file containing the COMBINED IGS TEC MAPS and DCBs    DESCRIPTION         
      IONEX files of the following IAACs were combined: cod DESCRIPTION         
                                                        esa DESCRIPTION         
                                                        jpl DESCRIPTION         
                                                        upc DESCRIPTION         
Contact address: Andrzej Krankowski                         DESCRIPTION
                 Geodynamics Research Laboratory            DESCRIPTION
                 University of Warmia and Mazury (GRL/UWM)  DESCRIPTION
                 Oczapowski St. 1                           DESCRIPTION
                 10-957-Olsztyn, POLAND                     DESCRIPTION
                 e-mail:  kand@uwm.edu.pl                   DESCRIPTION
                                                            DESCRIPTION         
  2021     3    28     0     0     0                        EPOCH OF FIRST MAP  
  2021     3    29     0     0     0                        EPOCH OF LAST MAP   
  7200                                                      INTERVAL            
    13                                                      # OF MAPS IN FILE   
  COSZ                                                      MAPPING FUNCTION    
     0.0                                                    ELEVATION CUTOFF    
combined TEC calculated as weighted mean of input TEC valuesOBSERVABLES USED    
   375                                                      # OF STATIONS       
    32                                                      # OF SATELLITES     
  6371.0                                                    BASE RADIUS         
     2                                                      MAP DIMENSION       
   450.0 450.0   0.0                                        HGT1 / HGT2 / DHGT  
    87.5 -87.5  -2.5                                        LAT1 / LAT2 / DLAT  
  -180.0 180.0   5.0                                        LON1 / LON2 / DLON  
    -1                                                      EXPONENT            
TEC values in 0.1 tec units;  9999, if no value available   COMMENT             
DCB values in nanoseconds, reference is Sum_of_SatDCBs = 0  COMMENT             
                                                            END OF HEADER       
[from data line 2145]
     6                                                      START OF TEC MAP    
  2021     3    28    10     0     0                        EPOCH OF CURRENT MAP
    87.5-180.0 180.0   5.0 450.0                            LAT/LON1/LON2/DLON/H
   68   68   68   69   68   68   69   69   69   69   69   69   69   69   69   70
   70   70   70   70   70   70   70   70   70   70   70   70   70   71   71   71
   71   71   71   71   71   71   71   71   70   71   70   70   70   70   70   69
   69   69   69   68   68   68   68   67   67   67   67   67   67   67   67   67
   67   67   67   67   68   68   68   68   68
    85.0-180.0 180.0   5.0 450.0                            LAT/LON1/LON2/DLON/H
   64   64   65   65   65   65   65   65   65   65   65   65   66   65   66   66
   66   65   66   66   67   67   67   68   68   68   69   69   70   70   71   71
   72   72   72   73   72   73   73   73   72   72   72   71   71   71   70   70
   69   68   68   67   67   66   66   65   64   64   64   63   63   63   63   63
   63   63   63   63   63   63   63   64   64
    82.5-180.0 180.0   5.0 450.0                            LAT/LON1/LON2/DLON/H
   59   60   61   61   61   61   62   61   60   60   60   60   60   60   60   59
   59   60   60   60   60   61   62   63   64   65   66   67   68   69   70   71
   72   73   73   74   74   74   74   74   74   73   74   73   73   72   71   71
   70   70   69   68   67   66   65   64   63   62   61   60   59   59   58   58
   57   57   57   58   58   58   58   59   59
    80.0-180.0 180.0   5.0 450.0                            LAT/LON1/LON2/DLON/H
   54   54   54   54   54   55   55   55   54   54   54   53   53   52   52   51
   51   51   51   52   53   53   56   58   59   61   62   64   66   67   69   70
   72   73   73   74   74   75   75   75   75   75   75   75   75   75   74   74
   73   73   72   71   70   69   67   66   65   64   61   60   58   56   55   54
   53   52   53   52   53   53   54   54   54
    77.5-180.0 180.0   5.0 450.0                            LAT/LON1/LON2/DLON/H
   47   47   48   48   48   49   49   49   49   48   47   46   45   44   43   43
   43   43   45   45   46   49   51   53   55   57   59   61   63   65   67   69
   71   72   73   74   74   75   75   76   76   76   76   77   77   78   78   77
   77   78   77   77   76   75   74   72   70   68   66   64   61   59   56   54
   52   50   49   48   47   48   47   47   47
    75.0-180.0 180.0   5.0 450.0                            LAT/LON1/LON2/DLON/H
   40   40   41   41   42   42   42   41   41   40   39   38   37   36   35   36
   36   37   39   41   43   45   47   50   53   54   57   59   62   64   66   68
   70   72   73   74   75   76   76   77   77   78   78   79   80   81   82   82
   83   83   83   83   84   83   82   81   78   76   73   71   68   64   61   58
   55   52   49   46   44   42   41   40   40
    72.5-180.0 180.0   5.0 450.0                            LAT/LON1/LON2/DLON/H
   34   34   34   34   35   35   35   34   34   33   32   31   29   29   30   31
   33   35   36   38   41   43   45   49   51   54   56   58   61   64   66   68
   70   71   73   74   76   77   78   78   79   79   80   81   83   85   86   87
   88   89   90   91   91   91   90   89   87   85   82   80   76   72   68   65
   60   56   52   48   44   40   37   35   34
    70.0-180.0 180.0   5.0 450.0                            LAT/LON1/LON2/DLON/H
   31   29   29   28   29   28   29   28   28   28   27   26   26   27   28   29
   32   32   34   37   39   42   45   48   51   54   57   59   61   63   66   67
   69   71   73   74   76   78   79   80   80   81   82   84   86   88   90   92
   94   95   96   97   97   97   96   96   94   92   90   87   84   80   76   71
   66   62   56   51   46   41   37   34   31
    67.5-180.0 180.0   5.0 450.0                            LAT/LON1/LON2/DLON/H
   30   28   26   25   25   25   25   25   24   24   24   24   25   26   27   28
   30   31   34   36   38   42   44   48   51   54   57   60   62   63   65   66
   68   70   73   75   78   80   81   82   83   84   85   87   89   91   94   96
   98   99  100  101  101  101  100   99   97   96   94   92   89   86   82   77
   71   66   60   55   49   44   38   34   30
    65.0-180.0 180.0   5.0 450.0                            LAT/LON1/LON2/DLON/H
   32   30   27   26   25   25   24   23   23   23   23   24   24   25   26   28
   29   30   32   35   37   40   44   47   50   54   57   59   61   63   64   65
   67   70   73   76   80   83   84   85   86   88   88   90   92   94   96   98
  100  101  102  103  103  103  101  100   98   96   95   93   91   88   83   79
   74   69   63   58   52   46   41   36   32
    62.5-180.0 180.0   5.0 450.0                            LAT/LON1/LON2/DLON/H
   36   33   31   29   28   27   26   24   23   22   22   23   24   24   26   27
   28   29   30   32   34   38   41   45   49   52   56   59   60   62   63   65
   68   71   75   79   83   86   88   89   91   92   93   94   96   97  100  101
  103  104  105  105  104  104  101   99   97   95   93   91   90   88   83   79
   74   70   65   60   55   50   45   40   36
    60.0-180.0 180.0   5.0 450.0                            LAT/LON1/LON2/DLON/H
   42   38   36   34   33   31   29   26   25   23   22   22   23   24   25   26
   26   27   27   28   30   34   37   41   45   50   54   57   60   62   64   67
   70   74   79   83   87   90   92   94   95   96   98   99  100  102  104  105
  107  107  108  108  107  105  102   99   96   93   91   90   88   85   83   79
   75   70   66   61   57   54   49   45   42
    57.5-180.0 180.0   5.0 450.0                            LAT/LON1/LON2/DLON/H
   48   45   43   41   38   36   34   30   27   25   23   22   22   23   23   23
   24   24   23   23   24   28   33   37   42   47   52   56   60   63   65   69
   74   79   84   89   93   96   98  100  101  102  103  104  106  107  109  110
  111  112  113  113  112  109  105  102   98   95   92   91   89   86   83   79
   75   70   66   63   60   58   54   51   48
    55.0-180.0 180.0   5.0 450.0                            LAT/LON1/LON2/DLON/H
   55   52   50   48   45   42   39   35   31   27   25   22   22   22   21   21
   21   20   19   19   20   23   29   34   39   45   51   57   61   65   69   74
   80   85   91   95   99  101  103  105  106  108  110  111  113  115  116  117
  118  120  121  121  120  117  113  110  105  102   98   96   93   90   86   81
   76   72   68   65   63   61   59   57   55
    52.5-180.0 180.0   5.0 450.0                            LAT/LON1/LON2/DLON/H
   62   59   57   55   52   49   46   40   35   30   27   25   24   23   22   21
   20   18   17   16   17   20   27   32   38   45   52   58   64   68   74   79
   86   92   98  102  105  107  109  111  113  115  118  121  122  124  124  125
  128  129  130  131  129  127  124  120  115  111  108  105  102   97   91   85
   79   74   70   68   67   66   65   63   62
    50.0-180.0 180.0   5.0 450.0                            LAT/LON1/LON2/DLON/H
   67   65   62   60   58   55   52   46   40   35   31   28   27   26   25   24
   22   20   18   17   18   22   27   33   39   47   55   62   68   73   80   86
   93   99  104  109  111  113  115  117  120  124  128  131  133  133  133  134
  136  137  139  139  138  136  133  129  125  121  118  115  110  105   97   91
   84   78   74   72   71   70   71   69   67
    47.5-180.0 180.0   5.0 450.0                            LAT/LON1/LON2/DLON/H
   71   69   66   65   62   60   57   52   47   42   37   35   33   32   30   29
   27   25   23   22   23   26   31   37   43   52   60   67   73   79   85   91
   98  105  111  115  117  119  121  125  128  133  138  141  143  143  143  143
  143  145  146  147  145  143  140  136  133  129  127  123  120  114  107   99
   91   84   80   77   75   75   75   73   71
    45.0-180.0 180.0   5.0 450.0                            LAT/LON1/LON2/DLON/H
   74   72   69   67   66   64   62   57   54   50   45   43   42   40   38   37
   35   33   30   30   31   34   37   42   49   57   65   72   78   84   89   96
  102  110  116  120  123  125  128  133  139  145  150  153  154  153  152  151
  151  152  152  152  150  147  144  140  135  132  131  129  126  123  117  109
  101   93   87   83   80   80   80   77   74
    42.5-180.0 180.0   5.0 450.0                            LAT/LON1/LON2/DLON/H
   77   74   71   68   67   66   66   63   61   58   54   53   52   50   48   46
   44   42   40   40   40   41   43   48   54   62   70   77   83   88   93   98
  105  113  120  124  128  132  137  144  152  159  165  167  167  165  162  160
  159  159  157  156  153  149  144  139  134  131  130  129  129  128  124  117
  110  102   95   90   87   85   84   81   77
    40.0-180.0 180.0   5.0 450.0                            LAT/LON1/LON2/DLON/H
   80   75   71   69   68   68   69   67   67   66   64   63   62   60   59   57
   55   53   51   50   49   49   49   52   58   66   74   81   87   91   95  100
  106  114  122  127  133  139  148  157  166  176  180  184  183  180  176  173
  168  166  163  159  156  150  143  137  131  128  127  128  129  130  128  124
  117  111  103   96   92   90   87   84   80
    37.5-180.0 180.0   5.0 450.0                            LAT/LON1/LON2/DLON/H
   81   77   71   69   68   68   69   71   72   72   71   71   71   70   68   66
   64   62   61   59   58   55   54   55   61   69   77   85   90   94   98  101
  108  116  123  130  138  147  158  171  184  194  200  203  203  198  194  188
  181  176  172  168  163  155  147  140  134  130  127  128  130  131  131  127
  122  115  109  101   96   93   89   85   81
    35.0-180.0 180.0   5.0 450.0                            LAT/LON1/LON2/DLON/H
   82   76   71   67   66   67   69   71   75   76   77   77   78   77   76   74
   72   70   68   67   64   61   58   57   63   71   80   88   94   97   99  104
  109  118  126  134  144  156  170  187  203  215  221  224  223  219  216  208
  200  194  190  186  181  174  164  155  147  140  135  133  133  135  134  131
  126  120  112  103   98   94   89   86   82
    32.5-180.0 180.0   5.0 450.0                            LAT/LON1/LON2/DLON/H
   81   76   70   66   64   64   66   69   74   77   78   80   81   81   81   79
   77   75   73   71   68   64   60   59   64   73   82   90   97   99  102  106
  114  122  132  141  152  167  183  203  221  236  245  249  247  244  243  234
  226  222  221  218  215  210  199  187  176  164  153  147  144  143  140  136
  130  123  113  104   99   94   89   86   81
    30.0-180.0 180.0   5.0 450.0                            LAT/LON1/LON2/DLON/H
   80   75   70   65   62   62   63   67   71   75   77   79   80   82   83   81
   79   77   75   73   70   65   62   61   66   75   85   93   99  103  107  112
  120  130  140  152  165  180  198  219  240  254  267  274  273  273  272  266
  264  264  266  268  267  264  252  240  222  202  184  172  164  157  151  144
  135  126  115  105   98   93   88   84   80
    27.5-180.0 180.0   5.0 450.0                            LAT/LON1/LON2/DLON/H
   79   75   71   66   62   61   62   65   69   72   74   76   78   80   81   80
   78   76   75   74   70   66   63   63   68   77   87   96  102  107  113  120
  130  140  152  166  180  194  213  235  255  273  286  296  299  301  305  306
  309  317  323  327  329  327  314  299  279  253  228  208  193  178  166  156
  143  130  117  106   98   91   86   82   79
    25.0-180.0 180.0   5.0 450.0                            LAT/LON1/LON2/DLON/H
   78   76   72   68   64   61   62   63   66   68   70   72   74   77   78   77
   75   74   74   73   70   67   64   64   71   80   90   98  105  113  121  130
  142  155  169  185  200  212  229  249  269  287  302  315  322  330  341  347
  360  373  380  384  386  386  371  356  335  308  276  249  227  207  188  174
  156  138  122  109   99   90   84   81   78
    22.5-180.0 180.0   5.0 450.0                            LAT/LON1/LON2/DLON/H
   78   76   74   70   66   63   62   63   64   66   67   68   70   73   74   74
   72   72   72   72   70   67   65   66   73   83   92  101  108  117  129  142
  158  174  190  208  221  232  246  263  280  296  315  333  340  354  370  386
  402  416  423  426  429  429  416  401  379  353  320  290  266  240  216  196
  174  151  132  117  104   94   86   81   78
    20.0-180.0 180.0   5.0 450.0                            LAT/LON1/LON2/DLON/H
   81   78   77   73   68   65   64   65   65   65   65   66   66   69   71   70
   69   69   70   71   69   67   65   68   74   85   93  103  112  122  136  154
  174  193  213  229  240  250  261  274  288  304  330  348  360  373  391  410
  425  434  440  440  445  446  437  424  404  380  353  324  298  271  245  218
  192  168  146  129  114  102   93   86   81
    17.5-180.0 180.0   5.0 450.0                            LAT/LON1/LON2/DLON/H
   90   85   81   77   72   69   68   69   69   68   67   65   65   66   67   67
   66   67   69   69   68   65   64   67   74   85   94  104  114  128  144  165
  188  209  232  247  257  264  273  282  294  311  335  358  373  387  402  417
  427  429  428  427  430  436  430  420  407  388  369  344  319  294  268  239
  212  187  166  147  130  117  106   97   90
    15.0-180.0 180.0   5.0 450.0                            LAT/LON1/LON2/DLON/H
  103   95   90   84   78   74   73   74   74   72   70   67   65   64   65   64
   64   65   67   67   66   63   61   64   72   83   94  105  117  133  153  176
  200  224  245  260  269  277  283  291  302  318  342  364  379  392  402  411
  414  409  398  399  399  405  403  398  391  382  369  351  331  309  285  257
  231  207  186  165  149  136  125  114  103
    12.5-180.0 180.0   5.0 450.0                            LAT/LON1/LON2/DLON/H
  121  110  101   92   85   80   78   79   79   77   74   70   66   64   63   63
   63   64   65   66   64   61   59   61   70   82   95  106  121  137  159  184
  209  231  252  267  277  285  291  298  309  325  346  366  380  391  398  402
  396  385  370  366  366  370  371  369  368  366  360  349  333  314  294  270
  245  222  199  182  168  157  146  134  121
    10.0-180.0 180.0   5.0 450.0                            LAT/LON1/LON2/DLON/H
  139  125  112  102   93   88   86   84   84   82   79   75   70   67   64   63
   63   64   64   64   62   59   57   59   68   81   95  109  124  142  164  189
  213  234  255  269  281  289  297  304  315  330  348  365  379  389  395  395
  384  368  351  342  340  342  343  345  348  351  350  343  330  312  293  271
  250  228  209  194  183  174  165  154  139
     7.5-180.0 180.0   5.0 450.0                            LAT/LON1/LON2/DLON/H
  153  137  122  111  101   95   92   90   89   87   84   80   74   70   67   66
   65   65   64   63   61   58   55   57   66   81   96  111  128  146  168  191
  214  234  254  268  280  290  299  308  318  331  346  363  378  389  395  395
  383  366  348  337  331  329  329  332  337  342  344  338  324  305  286  266
  247  227  210  198  191  186  179  168  153
     5.0-180.0 180.0   5.0 450.0                            LAT/LON1/LON2/DLON/H
  160  144  129  117  108  101   98   95   93   91   89   84   79   74   71   69
   68   66   64   63   60   57   54   56   65   80   97  114  130  149  170  192
  212  231  249  263  276  287  298  308  318  330  342  358  376  389  399  401
  392  378  362  348  338  332  329  331  337  343  344  335  318  297  276  257
  239  221  206  196  191  188  184  175  160
     2.5-180.0 180.0   5.0 450.0                            LAT/LON1/LON2/DLON/H
  160  145  131  120  113  108  104   99   96   94   92   87   82   78   75   73
   71   68   66   63   60   58   55   56   65   80   99  116  133  151  170  190
  208  225  240  255  268  279  292  304  315  325  336  351  370  387  402  408
  405  395  383  369  357  347  342  341  346  351  348  335  313  289  266  246
  228  211  197  188  184  182  179  172  160
