ionex_files/bejaia/igsg0720.21i
     1.0            IONOSPHERE MAPS     MIX                 IONEX VERSION / TYPE
cmpcmb v1.2          GRL/UWM             1-apr-21 08:10     PGM / RUN BY / DATE 
ionex file containing IGS COMBINED Ionosphere maps          COMMENT             
global ionosphere maps for day 072, 2021                    DESCRIPTION         
IONEX file containing the COMBINED IGS TEC MAPS and DCBs    DESCRIPTION         
      IONEX files of the following IAACs were combined: cod DESCRIPTION         
                                                        esa DESCRIPTION         
                                                        jpl DESCRIPTION         
                                                        upc DESCRIPTION         
Contact address: Andrzej Krankowski                         DESCRIPTION
                 Geodynamics Research Laboratory            DESCRIPTION
                 University of Warmia and Mazury (GRL/UWM)  DESCRIPTION
                 Oczapowski St. 1                           DESCRIPTION
                 10-957-Olsztyn, POLAND                     DESCRIPTION
                 e-mail:  kand@uwm.edu.pl                   DESCRIPTION
                                                            DESCRIPTION         
  2021     3    13     0     0     0                        EPOCH OF FIRST MAP  
  2021     3    14     0     0     0                        EPOCH OF LAST MAP   
  7200                                                      INTERVAL            
    13                                                      # OF MAPS IN FILE   
  COSZ                                                      MAPPING FUNCTION    
     0.0                                                    ELEVATION CUTOFF    
combined TEC calculated as weighted mean of input TEC valuesOBSERVABLES USED    
   372                                                      # OF STATIONS       
    32                                                      # OF SATELLITES     
  6371.0                                                    BASE RADIUS         
     2                                                      MAP DIMENSION       
   450.0 450.0   0.0                                        HGT1 / HGT2 / DHGT  
    87.5 -87.5  -2.5                                        LAT1 / LAT2 / DLAT  
  -180.0 180.0   5.0                                        LON1 / LON2 / DLON  
    -1                                                      EXPONENT            
TEC values in 0.1 tec units;  9999, if no value available   COMMENT             
DCB values in nanoseconds, reference is Sum_of_SatDCBs = 0  COMMENT             
                                                            END OF HEADER       
[from data line 858]
     3                                                      START OF TEC MAP    
  2021     3    13     4     0     0                        EPOCH OF CURRENT MAP
    87.5-180.0 180.0   5.0 450.0                            LAT/LON1/LON2/DLON/H
   54   54   55   55   55   55   55   55   55   55   55   54   54   54   53   53
   53   52   51   51   50   50   49   48   48   47   46   46   45   45   45   44
   44   44   44   44   44   44   44   44   44   45   45   45   45   45   45   46
   46   46   47   47   48   48   48   49   49   49   50   50   50   51   51   51
   52   52   52   52   53   53   54   54   54
    85.0-180.0 180.0   5.0 450.0                            LAT/LON1/LON2/DLON/H
   56   57   57   58   58   59   59   59   59   59   58   58   57   57   56   55
   53   52   51   49   48   47   46   44   43   42   41   40   39   38   38   38
   37   37   37   38   38   38   39   39   39   40   41   42   42   43   43   44
   44   45   46   46   47   47   48   48   48   48   49   49   49   49   49   50
   50   50   51   52   52   53   54   55   56
    82.5-180.0 180.0   5.0 450.0                            LAT/LON1/LON2/DLON/H
   57   58   59   60   60   61   61   61   61   61   60   59   58   58   56   55
   53   52   49   47   44   42   40   38   36   35   33   32   31   30   30   30
   30   30   31   32   32   33   34   35   36   37   38   39   41   42   43   44
   45   45   46   46   47   48   48   48   48   48   48   48   48   48   47   48
   48   48   49   50   51   53   54   55   57
    80.0-180.0 180.0   5.0 450.0                            LAT/LON1/LON2/DLON/H
   57   58   60   61   62   63   63   63   63   62   61   60   58   57   55   53
   51   49   47   44   43   41   36   32   30   29   27   26   25   25   24   25
   25   26   26   28   29   31   32   33   35   36   38   40   41   42   44   45
   46   47   48   49   49   50   50   50   50   49   48   48   48   47   48   47
   48   48   49   50   51   53   54   56   57
    77.5-180.0 180.0   5.0 450.0                            LAT/LON1/LON2/DLON/H
   58   60   61   62   63   63   63   63   62   61   59   57   54   53   51   49
   48   45   43   41   39   36   33   30   28   26   24   23   22   21   22   22
   23   24   25   27   29   30   32   34   35   37   39   40   43   44   45   47
   48   49   51   52   53   53   53   53   53   52   51   50   50   49   49   49
   49   50   50   51   52   53   55   57   58
    75.0-180.0 180.0   5.0 450.0                            LAT/LON1/LON2/DLON/H
   59   60   61   62   63   63   62   61   60   57   55   53   53   52   49   46
   44   42   41   38   36   34   32   29   27   25   24   23   22   22   22   23
   24   25   27   28   30   32   33   35   36   37   39   40   42   45   47   49
   50   53   55   56   57   58   58   58   58   57   57   56   55   54   54   54
   53   53   53   53   54   55   56   58   59
    72.5-180.0 180.0   5.0 450.0                            LAT/LON1/LON2/DLON/H
   60   61   62   63   63   62   61   59   57   55   53   52   50   46   44   42
   41   40   39   37   36   34   33   31   30   28   26   26   25   25   26   27
   28   29   30   32   33   34   34   35   36   37   38   39   42   45   47   50
   53   55   58   61   62   63   64   64   64   64   64   63   62   61   60   59
   58   57   57   57   57   57   58   59   60
    70.0-180.0 180.0   5.0 450.0                            LAT/LON1/LON2/DLON/H
   63   64   65   65   64   63   61   58   56   53   51   48   45   42   41   40
   39   38   37   37   36   36   35   34   33   32   31   31   31   30   31   33
   33   34   35   36   36   36   36   35   34   35   35   37   40   43   47   51
   55   59   63   65   67   68   69   70   70   70   70   69   68   67   67   66
   65   64   63   62   62   61   62   63   63
    67.5-180.0 180.0   5.0 450.0                            LAT/LON1/LON2/DLON/H
   68   68   68   68   67   65   62   58   55   51   48   45   41   39   39   38
   37   36   36   37   37   37   37   37   37   37   36   36   37   37   38   39
   39   39   39   38   37   35   34   33   31   31   32   34   37   42   47   52
   58   63   67   70   72   73   74   74   75   75   74   74   73   73   73   72
   71   70   69   68   67   67   67   67   68
    65.0-180.0 180.0   5.0 450.0                            LAT/LON1/LON2/DLON/H
   72   72   72   72   70   67   64   59   55   50   46   42   39   39   37   36
   35   34   35   36   37   38   38   39   39   40   40   41   42   42   44   43
   44   43   41   39   36   33   31   29   27   27   28   31   36   42   49   56
   63   68   72   75   77   77   78   77   77   77   76   76   76   76   76   76
   76   75   75   73   72   72   72   72   72
    62.5-180.0 180.0   5.0 450.0                            LAT/LON1/LON2/DLON/H
   76   76   76   75   73   70   65   60   55   50   45   41   39   38   36   35
   34   33   34   36   37   37   38   39   39   41   42   43   45   46   47   46
   45   44   41   37   34   31   28   26   24   24   26   30   36   44   53   61
   69   74   78   80   81   81   80   79   78   77   77   77   77   78   79   80
   80   80   79   79   78   77   76   76   76
    60.0-180.0 180.0   5.0 450.0                            LAT/LON1/LON2/DLON/H
   80   80   79   78   77   73   68   62   56   51   45   41   39   37   35   34
   34   33   33   35   35   36   37   37   37   40   42   44   46   47   47   46
   43   42   39   34   31   29   27   24   22   23   25   31   39   48   59   67
   76   81   84   86   85   84   82   80   79   77   77   77   77   79   81   83
   83   84   83   83   82   82   80   79   80
    57.5-180.0 180.0   5.0 450.0                            LAT/LON1/LON2/DLON/H
   84   84   83   82   80   75   70   64   57   51   46   42   39   37   35   34
   33   33   32   33   34   34   34   34   35   37   40   44   44   44   44   43
   40   38   35   32   30   29   27   24   23   24   28   35   44   55   65   75
   82   87   91   91   90   88   85   83   81   79   79   79   80   82   84   86
   88   88   88   87   87   86   84   83   84
    55.0-180.0 180.0   5.0 450.0                            LAT/LON1/LON2/DLON/H
   88   88   88   87   84   79   73   66   59   52   47   44   41   39   36   34
   33   32   31   32   32   31   32   32   32   34   39   42   42   40   40   38
   37   35   34   32   32   31   29   27   26   28   32   40   50   61   72   82
   89   93   96   97   96   94   91   89   86   84   85   85   87   89   91   93
   94   94   94   93   93   92   89   88   88
    52.5-180.0 180.0   5.0 450.0                            LAT/LON1/LON2/DLON/H
   93   93   94   93   90   84   77   70   63   56   50   47   44   42   39   36
   34   31   31   31   31   30   31   31   31   35   39   41   41   39   38   37
   36   35   34   35   36   36   35   33   33   34   39   47   57   69   80   89
   96  100  103  104  104  102  100   98   96   94   94   95   97   99  101  103
  103  103  103  102  102  100   97   94   93
    50.0-180.0 180.0   5.0 450.0                            LAT/LON1/LON2/DLON/H
  102  101  101  100   97   92   85   77   69   62   56   52   49   46   43   41
   37   35   33   34   34   34   34   34   35   38   41   42   42   42   41   39
   38   37   39   41   42   43   42   41   40   41   46   54   64   76   85   94
  101  106  110  112  113  112  111  110  108  107  107  107  110  112  115  117
  117  115  115  112  112  110  106  102  102
    47.5-180.0 180.0   5.0 450.0                            LAT/LON1/LON2/DLON/H
  111  110  110  109  106  101   94   86   77   70   63   58   55   52   49   46
   43   41   40   41   42   42   42   42   43   45   47   48   47   46   45   43
   43   43   45   48   51   52   51   49   47   48   53   61   70   80   89   98
  105  110  116  119  121  123  122  122  120  119  120  121  124  128  130  132
  130  129  128  124  123  120  117  113  111
    45.0-180.0 180.0   5.0 450.0                            LAT/LON1/LON2/DLON/H
  121  120  119  119  116  111  105   98   89   80   73   68   63   59   56   54
   51   49   48   50   52   54   55   55   55   55   56   56   55   53   51   50
   50   51   54   57   59   60   59   56   54   55   59   65   73   83   92  100
  107  114  121  126  130  132  133  133  131  131  132  134  138  142  143  144
  142  140  138  135  133  130  127  123  121
    42.5-180.0 180.0   5.0 450.0                            LAT/LON1/LON2/DLON/H
  130  128  127  126  124  120  115  108  100   92   84   78   72   68   65   62
   60   58   58   61   64   66   68   69   68   67   66   65   62   59   57   56
   57   60   62   65   66   66   65   62   60   60   63   70   78   86   94  102
  109  118  125  131  137  140  142  142  140  141  143  145  150  152  153  153
  151  149  147  144  141  138  135  131  130
    40.0-180.0 180.0   5.0 450.0                            LAT/LON1/LON2/DLON/H
  137  135  133  132  129  127  123  117  110  102   96   88   82   77   74   71
   69   68   68   71   74   78   81   82   80   77   74   73   69   65   63   62
   64   67   69   71   72   71   68   65   64   64   68   74   82   89   96  104
  112  120  128  134  140  144  147  147  147  149  152  156  160  161  160  159
  157  155  152  151  148  145  142  139  137
    37.5-180.0 180.0   5.0 450.0                            LAT/LON1/LON2/DLON/H
  144  141  138  135  132  128  126  122  117  112  105   98   92   87   83   80
   78   76   76   79   83   88   91   91   89   84   80   78   74   70   68   68
   69   72   74   75   75   73   71   68   66   67   72   79   86   93   99  106
  115  123  129  135  141  146  148  151  152  156  161  165  169  169  168  166
  163  160  157  155  154  151  149  146  144
    35.0-180.0 180.0   5.0 450.0                            LAT/LON1/LON2/DLON/H
  151  147  142  136  131  127  124  122  119  116  112  106  100   95   91   88
   85   84   83   86   90   94   97   97   94   89   84   81   78   74   73   73
   75   77   77   77   76   75   73   70   69   70   75   83   90   96  102  109
  116  124  131  136  141  146  149  152  156  161  168  173  177  178  176  174
  170  167  164  162  161  159  157  154  151
    32.5-180.0 180.0   5.0 450.0                            LAT/LON1/LON2/DLON/H
  162  156  149  139  130  122  118  117  116  116  114  111  105  101   97   94
   91   89   89   90   94   98  100   99   96   90   86   82   80   78   77   78
   80   80   80   78   76   74   73   70   69   72   77   85   93  100  105  111
  118  126  132  137  142  146  150  157  163  170  179  186  189  191  190  188
  184  180  176  173  171  170  169  166  162
    30.0-180.0 180.0   5.0 450.0                            LAT/LON1/LON2/DLON/H
  179  172  161  147  132  120  112  109  109  112  112  111  107  104  101   99
   96   93   92   93   96   99  100   99   95   91   87   84   83   82   82   83
   84   83   81   77   74   72   70   69   69   72   78   87   95  103  109  114
  120  128  135  140  145  150  157  166  176  186  196  204  208  211  211  210
  206  202  198  193  189  187  185  183  179
    27.5-180.0 180.0   5.0 450.0                            LAT/LON1/LON2/DLON/H
  204  194  182  163  143  124  110  103  102  106  109  108  106  104  103  101
   99   97   95   95   96   98   99   99   95   92   89   87   86   87   88   89
   88   86   81   74   70   68   66   66   68   71   77   87   96  104  111  118
  125  133  141  147  154  160  170  182  195  208  221  230  234  238  239  240
  238  233  229  223  220  213  211  209  204
    25.0-180.0 180.0   5.0 450.0                            LAT/LON1/LON2/DLON/H
  236  227  210  188  162  137  117  104  101  104  106  105  104  103  102  101
  100   98   97   96   97   98   98   97   96   94   92   91   91   92   94   94
   93   88   80   72   66   64   63   63   65   68   74   84   95  106  114  122
  131  141  150  158  166  175  188  204  220  236  251  261  267  272  275  277
  275  272  265  258  255  247  243  241  236
    22.5-180.0 180.0   5.0 450.0                            LAT/LON1/LON2/DLON/H
  272  266  248  224  193  161  133  114  106  106  107  105  104  102  101  100
   99   98   97   97   97   97   97   97   96   97   97   96   95   97   99   99
   95   88   78   68   63   60   59   60   61   64   69   80   94  106  116  126
  137  149  160  171  183  194  210  229  249  268  284  294  301  308  312  317
  314  310  302  296  292  285  279  277  272
    20.0-180.0 180.0   5.0 450.0                            LAT/LON1/LON2/DLON/H
  307  305  291  268  235  198  163  138  121  116  113  109  105  102  101  100
   99   99   98   98   97   96   96   96   98  101  102  101  101  101  102  101
   95   86   75   65   59   57   56   57   57   60   66   78   93  106  119  130
  143  157  171  186  201  216  236  259  281  299  315  324  333  341  346  352
  350  346  334  328  322  316  314  310  307
    17.5-180.0 180.0   5.0 450.0                            LAT/LON1/LON2/DLON/H
  335  336  331  311  280  245  206  175  149  136  128  119  111  105  102  100
  100   99   98   98   97   95   96   97  100  104  107  107  106  105  104  100
   93   84   72   63   58   56   55   54   54   56   63   75   91  107  122  135
  150  167  184  202  221  239  262  288  311  325  337  346  353  360  367  374
  377  372  359  351  344  341  337  334  335
    15.0-180.0 180.0   5.0 450.0                            LAT/LON1/LON2/DLON/H
  349  353  355  344  320  288  253  219  189  166  153  137  124  113  106  102
  101  100   99   97   96   95   96   99  105  111  115  114  111  107  104   99
   91   82   72   64   60   57   55   53   52   53   61   74   90  108  124  141
  158  177  197  219  240  259  282  308  328  339  348  356  359  365  372  379
  385  381  372  363  359  355  350  347  349
    12.5-180.0 180.0   5.0 450.0                            LAT/LON1/LON2/DLON/H
  350  356  362  356  344  322  291  260  228  201  181  160  142  125  113  106
  103  101   99   98   96   95   97  103  111  120  124  122  116  109  103   97
   90   82   74   68   63   60   56   53   51   52   60   73   91  109  127  145
  166  187  210  233  254  273  292  314  329  340  348  353  357  361  368  371
  378  377  372  367  364  359  353  349  350
    10.0-180.0 180.0   5.0 450.0                            LAT/LON1/LON2/DLON/H
  339  344  354  355  352  342  322  292  268  238  211  187  163  141  125  112
  105  102  101   99   97   98  102  110  121  130  133  129  120  110  102   95
   89   83   77   72   67   64   60   55   52   52   59   73   91  111  131  150
  171  195  219  242  263  280  294  310  322  332  340  345  348  352  357  359
  363  365  366  364  362  357  351  343  339
     7.5-180.0 180.0   5.0 450.0                            LAT/LON1/LON2/DLON/H
  327  328  338  342  345  344  333  312  293  269  241  214  185  160  139  121
  112  107  104  101  101  102  109  120  132  139  141  136  124  112  102   95
   89   84   80   76   73   69   63   57   53   53   59   74   93  113  133  154
  175  199  223  245  263  278  290  301  311  320  329  335  339  344  347  349
  351  355  357  360  360  355  346  335  327
     5.0-180.0 180.0   5.0 450.0                            LAT/LON1/LON2/DLON/H
  324  322  327  331  334  336  331  318  303  286  264  237  208  180  156  135
  123  116  110  106  105  110  120  133  145  150  149  142  129  115  104   96
   90   85   82   79   76   72   66   59   54   53   60   75   94  114  134  155
  177  200  223  242  259  272  283  291  300  310  318  325  331  335  339  340
  343  348  355  362  362  358  347  334  324
     2.5-180.0 180.0   5.0 450.0                            LAT/LON1/LON2/DLON/H
  335  331  331  329  328  328  325  315  303  291  275  252  226  200  174  152
  137  128  120  115  114  120  133  148  160  163  159  149  133  119  107   98
   91   86   82   80   77   73   67   60   54   54   61   76   95  116  135  154
  176  198  219  237  252  265  276  283  292  301  311  319  326  331  335  337
  339  344  357  365  369  366  356  343  335
