ionex_files/bejaia/igsg0840.21i
     1.0            IONOSPHERE MAPS     MIX                 IONEX VERSION / TYPE
cmpcmb v1.2          GRL/UWM            12-apr-21 05:36     PGM / RUN BY / DATE 
ionex file containing IGS COMBINED Ionosphere maps          COMMENT             
global ionosphere maps for day 084, 2021                    DESCRIPTION         
IONEX file containing the COMBINED IGS TEC MAPS and DCBs    DESCRIPTION         
      IONEX files of the following IAACs were combined: cod DESCRIPTION         
                                                        esa DESCRIPTION         
                                                        jpl DESCRIPTION         
                                                        upc DESCRIPTION         
Contact address: Andrzej Krankowski                         DESCRIPTION
                 Geodynamics Research Laboratory            DESCRIPTION
                 University of Warmia and Mazury (GRL/UWM)  DESCRIPTION
                 Oczapowski St. 1                           DESCRIPTION
                 10-957-Olsztyn, POLAND                     DESCRIPTION
                 e-mail:  kand@uwm.edu.pl                   DESCRIPTION
                                                            DESCRIPTION         
  2021     3    25     0     0     0                        EPOCH OF FIRST MAP  
  2021     3    26     0     0     0                        EPOCH OF LAST MAP   
  7200                                                      INTERVAL            
    13                                                      # OF MAPS IN FILE   
  COSZ                                                      MAPPING FUNCTION    
     0.0                                                    ELEVATION CUTOFF    
combined TEC calculated as weighted mean of input TEC valuesOBSERVABLES USED    
   378                                                      # OF STATIONS       
    32                                                      # OF SATELLITES     
  6371.0                                                    BASE RADIUS         
     2                                                      MAP DIMENSION       
   450.0 450.0   0.0                                        HGT1 / HGT2 / DHGT  
    87.5 -87.5  -2.5                                        LAT1 / LAT2 / DLAT  
  -180.0 180.0   5.0                                        LON1 / LON2 / DLON  
    -1                                                      EXPONENT            
TEC values in 0.1 tec units;  9999, if no value available   COMMENT             
DCB values in nanoseconds, reference is Sum_of_SatDCBs = 0  COMMENT             
                                                            END OF HEADER       
[from data line 1716]
     5                                                      START OF TEC MAP    
  2021     3    25     8     0     0                        EPOCH OF CURRENT MAP
    87.5-180.0 180.0   5.0 450.0                            LAT/LON1/LON2/DLON/H
   64   65   65   65   66   66   67   67   67   67   68   69   69   69   68   69
   69   69   68   68   68   67   67   67   67   68   67   67   68   68   68   68
   69   69   69   69   69   69   69   69   69   69   69   69   68   68   68   68
   67   67   67   66   66   65   65   64   64   63   63   63   62   62   62   62
   62   62   62   62   62   63   63   64   64
    85.0-180.0 180.0   5.0 450.0                            LAT/LON1/LON2/DLON/H
   57   58   60   61   62   63   65   65   66   66   67   67   67   67   67   67
   66   66   66   65   65   64   63   63   63   64   64   64   64   65   66   66
   67   68   68   68   69   69   69   69   69   69   69   69   69   69   69   68
   68   67   67   66   65   64   63   62   61   60   58   57   57   56   55   54
   54   54   54   54   54   55   56   57   57
    82.5-180.0 180.0   5.0 450.0                            LAT/LON1/LON2/DLON/H
   50   52   54   56   58   60   61   63   64   65   65   65   64   63   63   61
   61   59   58   57   56   55   55   54   54   55   56   56   57   58   59   60
   61   62   64   64   65   66   67   67   67   68   68   69   69   69   69   69
   69   68   68   67   66   65   63   62   60   59   56   54   52   51   49   48
   47   46   46   45   45   46   47   48   50
    80.0-180.0 180.0   5.0 450.0                            LAT/LON1/LON2/DLON/H
   44   46   49   51   54   57   60   61   63   64   64   63   62   60   57   55
   52   50   48   46   44   44   44   42   42   43   44   45   47   49   51   52
   54   56   57   58   60   61   63   64   66   66   67   68   69   70   70   71
   71   71   71   70   70   69   68   66   65   62   60   57   54   51   48   45
   44   42   40   39   39   39   40   42   44
    77.5-180.0 180.0   5.0 450.0                            LAT/LON1/LON2/DLON/H
   39   41   44   48   52   57   59   61   62   61   60   59   57   54   51   47
   43   41   39   37   36   34   33   35   34   35   38   40   42   44   45   48
   51   53   55   56   58   59   60   62   64   65   67   68   70   71   73   74
   75   76   77   78   78   77   77   75   73   71   69   65   61   58   53   49
   46   42   40   38   36   35   36   37   39
    75.0-180.0 180.0   5.0 450.0                            LAT/LON1/LON2/DLON/H
   36   38   41   46   50   53   56   57   57   58   58   56   54   48   44   40
   37   34   32   29   27   26   26   28   30   31   33   36   38   40   42   44
   47   50   52   54   55   58   60   62   64   65   68   70   72   74   76   78
   81   82   85   86   88   88   88   87   85   83   81   78   73   69   64   59
   54   49   44   41   38   36   34   35   36
    72.5-180.0 180.0   5.0 450.0                            LAT/LON1/LON2/DLON/H
   35   37   40   43   47   49   53   54   56   56   56   52   49   43   39   36
   33   29   26   24   23   23   23   25   27   30   32   35   37   40   42   44
   47   48   51   53   55   57   59   62   64   67   69   72   75   78   81   84
   87   90   93   96   97   98   99   99   97   96   94   91   87   82   77   71
   65   58   53   48   42   39   36   35   35
    70.0-180.0 180.0   5.0 450.0                            LAT/LON1/LON2/DLON/H
   37   37   39   41   44   47   49   51   53   53   52   48   46   40   37   35
   30   27   26   25   25   25   25   27   29   32   34   37   39   41   44   46
   48   49   51   53   55   57   59   62   65   68   71   75   79   83   87   90
   95   97  101  104  105  106  107  107  107  106  104  101   98   94   89   83
   77   70   63   57   50   45   41   38   37
    67.5-180.0 180.0   5.0 450.0                            LAT/LON1/LON2/DLON/H
   41   39   39   39   41   43   45   47   48   49   47   45   43   40   38   34
   31   29   29   29   29   29   30   32   34   36   37   39   40   43   45   47
   48   50   52   54   55   58   60   63   66   70   74   79   83   88   93   98
  102  105  108  110  111  112  111  111  111  110  109  107  104  101   96   91
   86   80   73   66   60   54   48   44   41
    65.0-180.0 180.0   5.0 450.0                            LAT/LON1/LON2/DLON/H
   45   41   38   38   38   39   41   42   43   44   43   42   41   40   37   35
   33   33   35   35   34   33   34   36   38   39   40   40   41   43   44   47
   48   50   52   54   56   58   61   64   68   73   78   83   89   95  100  104
  109  111  114  114  114  114  113  112  111  109  108  108  105  103   99   95
   90   85   79   74   67   61   55   50   45
    62.5-180.0 180.0   5.0 450.0                            LAT/LON1/LON2/DLON/H
   50   44   40   37   36   36   37   38   39   39   39   39   39   39   38   37
   36   37   39   38   36   36   37   38   40   41   40   40   40   41   43   46
   47   49   51   53   56   59   62   66   71   76   82   89   95  101  107  111
  114  117  119  119  117  115  113  110  108  107  105  104  103  101   99   95
   90   86   82   77   73   67   62   56   50
    60.0-180.0 180.0   5.0 450.0                            LAT/LON1/LON2/DLON/H
   55   48   43   39   36   35   34   35   35   35   35   36   37   38   39   39
   39   38   39   39   37   36   36   36   38   40   38   37   38   39   40   44
   46   48   51   53   56   60   64   69   74   80   87   95  101  108  114  118
  122  123  124  123  121  118  114  110  107  105  103  102  101   99   96   92
   88   84   81   78   76   72   66   61   55
    57.5-180.0 180.0   5.0 450.0                            LAT/LON1/LON2/DLON/H
   60   54   48   43   39   37   35   34   33   32   33   33   34   35   37   39
   39   37   37   36   34   32   32   32   33   35   34   32   33   34   37   41
   44   47   51   54   58   62   67   73   79   85   93  100  108  115  121  126
  129  131  131  130  127  123  119  115  111  107  105  103  101   99   96   91
   86   83   81   79   78   75   71   66   60
    55.0-180.0 180.0   5.0 450.0                            LAT/LON1/LON2/DLON/H
   67   61   54   50   45   42   39   37   35   33   32   31   32   33   35   36
   35   35   34   32   30   28   27   26   28   28   28   27   28   30   35   39
   43   47   52   57   61   66   72   78   85   93  101  109  116  123  129  134
  138  140  140  140  137  134  130  126  121  117  113  110  107  103   99   94
   88   85   83   82   82   79   77   72   67
    52.5-180.0 180.0   5.0 450.0                            LAT/LON1/LON2/DLON/H
   74   68   62   57   54   50   46   43   39   36   33   32   32   32   32   33
   33   32   30   28   26   23   22   22   23   23   23   23   25   29   34   39
   44   50   56   61   67   73   79   86   93  101  110  118  125  132  138  143
  147  150  152  151  150  148  144  140  136  131  128  123  118  112  107  102
   95   91   89   88   87   86   83   79   74
    50.0-180.0 180.0   5.0 450.0                            LAT/LON1/LON2/DLON/H
   81   76   71   66   63   59   55   50   46   42   39   36   35   34   33   32
   32   30   28   26   24   22   21   21   21   22   21   23   26   30   36   42
   48   54   61   67   74   81   88   95  103  112  121  129  136  142  148  153
  156  160  163  164  164  162  159  155  151  147  142  136  129  123  117  111
  105  101   98   96   95   93   91   87   81
    47.5-180.0 180.0   5.0 450.0                            LAT/LON1/LON2/DLON/H
   89   84   79   76   72   68   64   60   55   51   48   44   42   39   36   35
   33   33   31   29   27   26   25   25   25   26   26   27   30   35   40   47
   53   61   68   75   83   90   98  106  114  124  133  141  148  154  159  163
  166  170  174  175  175  173  170  166  162  158  153  146  139  133  127  121
  116  112  109  106  104  101   98   93   89
    45.0-180.0 180.0   5.0 450.0                            LAT/LON1/LON2/DLON/H
   93   89   86   83   80   76   72   68   63   61   58   55   52   47   43   40
   39   38   38   36   35   34   33   33   34   34   34   35   36   40   46   52
   60   68   76   84   92  101  109  117  126  137  146  154  161  167  171  175
  178  180  182  183  182  180  176  171  166  161  156  150  144  140  134  130
  126  122  119  116  112  108  103   98   93
    42.5-180.0 180.0   5.0 450.0                            LAT/LON1/LON2/DLON/H
   95   91   88   86   84   81   78   74   71   69   67   65   62   56   51   48
   47   47   47   47   45   45   44   44   44   43   42   42   43   46   51   58
   67   75   84   93  102  109  118  128  138  149  159  167  175  179  183  186
  189  191  190  190  187  183  177  169  163  158  153  147  143  140  137  135
  132  130  127  123  119  113  106  100   95
    40.0-180.0 180.0   5.0 450.0                            LAT/LON1/LON2/DLON/H
   94   90   87   86   85   83   80   78   77   77   76   75   72   67   61   57
   56   57   58   58   56   55   55   55   53   51   50   48   48   51   56   64
   73   83   93  102  110  118  127  137  147  160  171  180  187  192  195  198
  201  202  200  197  192  185  177  168  160  154  149  144  140  138  137  136
  134  133  131  127  122  115  106   99   94
    37.5-180.0 180.0   5.0 450.0                            LAT/LON1/LON2/DLON/H
   90   86   84   84   82   81   80   79   79   81   84   84   83   78   72   67
   66   67   67   67   66   64   64   63   60   58   55   52   51   53   59   69
   79   90  100  110  119  127  135  145  156  169  182  191  199  204  208  212
  213  215  214  209  201  193  183  172  164  157  151  145  141  139  138  138
  137  136  134  129  123  115  104   96   90
    35.0-180.0 180.0   5.0 450.0                            LAT/LON1/LON2/DLON/H
   85   80   78   78   77   77   77   78   80   84   89   91   92   87   81   76
   74   75   75   75   73   72   70   68   64   61   57   53   52   55   63   73
   85   96  107  117  126  133  141  151  163  177  190  200  209  217  222  227
  231  234  234  229  220  209  199  189  181  173  165  158  152  147  145  145
  143  141  139  133  126  115  103   92   85
    32.5-180.0 180.0   5.0 450.0                            LAT/LON1/LON2/DLON/H
   82   75   73   72   72   71   72   74   78   83   91   95   97   95   90   84
   81   80   80   79   77   75   72   69   65   61   56   52   52   56   64   77
   90  102  114  124  132  139  147  157  170  184  198  209  219  227  236  246
  254  261  264  258  251  241  234  226  220  210  199  189  178  169  164  161
  157  155  151  143  133  119  104   91   82
    30.0-180.0 180.0   5.0 450.0                            LAT/LON1/LON2/DLON/H
   83   74   71   69   68   68   69   72   75   80   88   96  100  100   96   90
   85   83   81   80   78   75   71   67   63   59   55   52   52   56   66   80
   95  108  120  130  138  145  153  163  176  192  205  218  228  239  252  268
  284  295  302  301  296  288  285  281  277  267  253  238  222  207  195  188
  182  178  172  162  149  131  113   96   83
    27.5-180.0 180.0   5.0 450.0                            LAT/LON1/LON2/DLON/H
   92   80   74   71   69   67   68   70   73   76   83   92   97   99   97   93
   87   84   81   79   77   74   69   66   61   58   53   51   51   58   69   83
   98  112  124  135  143  150  159  171  185  200  214  227  239  253  271  293
  318  336  347  353  350  345  347  347  348  336  320  300  277  256  239  227
  217  211  204  191  174  152  129  108   92
    25.0-180.0 180.0   5.0 450.0                            LAT/LON1/LON2/DLON/H
  109   93   84   77   74   72   71   71   71   73   78   86   92   96   96   92
   87   83   80   77   75   72   68   65   61   57   54   52   52   58   70   85
  100  115  128  140  148  157  166  180  197  211  225  239  253  271  295  323
  352  379  397  407  406  408  408  412  416  407  391  369  342  316  293  277
  265  254  244  229  208  182  154  129  109
    22.5-180.0 180.0   5.0 450.0                            LAT/LON1/LON2/DLON/H
  133  113   99   90   84   81   79   76   73   73   76   81   86   92   92   90
   85   81   78   76   74   71   68   66   63   60   56   53   53   59   71   85
  101  116  131  144  154  164  176  193  211  226  240  255  272  294  322  350
  386  420  440  450  450  450  452  459  463  458  447  428  403  376  352  333
  318  304  293  272  247  218  187  159  133
    20.0-180.0 180.0   5.0 450.0                            LAT/LON1/LON2/DLON/H
  164  140  119  106   98   94   91   85   80   75   75   79   82   87   88   87
   84   80   76   74   73   70   69   67   66   63   59   55   54   59   69   84
  100  116  132  145  158  172  188  207  225  240  256  273  290  315  345  379
  416  449  463  466  465  464  466  469  474  473  469  458  441  420  400  387
  367  350  338  314  285  255  222  193  164
    17.5-180.0 180.0   5.0 450.0                            LAT/LON1/LON2/DLON/H
  199  172  145  127  116  110  105   98   89   81   77   77   79   81   82   82
   81   78   74   72   71   70   69   69   68   66   62   57   55   58   68   81
   98  114  131  147  163  180  200  221  239  255  272  290  310  336  365  396
  429  450  455  452  451  451  450  451  455  456  456  456  449  438  427  420
  406  388  369  344  318  287  255  227  199
    15.0-180.0 180.0   5.0 450.0                            LAT/LON1/LON2/DLON/H
  232  204  174  151  136  128  121  112  100   89   82   79   78   78   78   79
   79   76   73   71   70   70   70   71   71   69   65   60   56   58   66   79
   95  112  130  147  166  187  210  232  252  270  287  306  329  353  375  396
  417  425  426  422  419  419  418  415  420  424  429  434  436  435  434  431
  424  407  385  362  338  308  280  256  232
    12.5-180.0 180.0   5.0 450.0                            LAT/LON1/LON2/DLON/H
  256  231  203  177  158  146  137  126  111   98   88   83   80   78   77   78
   78   75   72   70   69   69   71   73   74   72   68   63   57   58   65   78
   94  111  130  149  170  193  218  242  265  283  301  320  342  362  374  384
  393  393  391  390  385  384  381  381  387  393  400  409  417  424  429  429
  424  408  387  365  341  316  293  276  256
    10.0-180.0 180.0   5.0 450.0                            LAT/LON1/LON2/DLON/H
  269  250  224  201  180  164  153  141  123  108   97   89   85   81   78   78
   77   75   72   69   68   69   72   75   77   75   71   65   59   58   66   78
   95  112  131  151  173  197  224  249  273  292  310  328  348  363  370  373
  372  371  366  364  359  359  358  361  369  375  384  393  403  413  420  421
  414  399  379  357  335  315  298  283  269
     7.5-180.0 180.0   5.0 450.0                            LAT/LON1/LON2/DLON/H
  274  261  241  219  200  183  169  155  135  118  106   97   92   86   80   78
   77   75   72   69   68   70   74   78   79   77   72   66   60   60   68   81
   98  115  134  153  174  199  225  251  275  295  314  332  350  362  365  364
  361  359  355  352  351  353  357  364  372  379  385  392  400  408  413  411
  402  387  366  345  325  307  295  284  274
     5.0-180.0 180.0   5.0 450.0                            LAT/LON1/LON2/DLON/H
  276  268  253  235  218  200  184  165  146  128  115  107  101   91   84   80
   78   76   73   70   70   72   77   81   82   79   74   67   62   62   70   85
  103  121  137  155  174  197  223  248  271  292  312  331  349  359  362  361
  360  360  359  358  359  367  377  389  398  403  404  405  408  411  410  403
  391  373  353  333  315  300  289  282  276
     2.5-180.0 180.0   5.0 450.0                            LAT/LON1/LON2/DLON/H
  275  270  261  246  230  213  195  175  155  137  124  117  110   98   89   83
   80   77   74   72   72   76   80   84   85   82   75   69   65   65   74   90
  108  125  141  156  172  193  217  240  262  283  303  324  343  355  360  363
  367  371  374  377  382  395  413  430  440  441  435  429  425  420  412  398
  381  362  342  323  306  293  284  279  275
