ionex_files/bejaia/igsg0660.21i
     1.0            IONOSPHERE MAPS     MIX                 IONEX VERSION / TYPE
cmpcmb v1.2          GRL/UWM             1-apr-21 07:36     PGM / RUN BY / DATE 
ionex file containing IGS COMBINED Ionosphere maps          COMMENT             
global ionosphere maps for day 066, 2021                    DESCRIPTION         
IONEX file containing the COMBINED IGS TEC MAPS and DCBs    DESCRIPTION         
      IONEX files of the following IAACs were combined: cod DESCRIPTION         
                                                        esa DESCRIPTION         
                                                        jpl DESCRIPTION         
                                                        upc DESCRIPTION         
Contact address: Andrzej Krankowski                         DESCRIPTION
                 Geodynamics Research Laboratory            DESCRIPTION
                 University of Warmia and Mazury (GRL/UWM)  DESCRIPTION
                 Oczapowski St. 1                           DESCRIPTION
                 10-957-Olsztyn, POLAND                     DESCRIPTION
                 e-mail:  kand@uwm.edu.pl                   DESCRIPTION
                                                            DESCRIPTION         
  2021     3     7     0     0     0                        EPOCH OF FIRST MAP  
  2021     3     8     0     0     0                        EPOCH OF LAST MAP   
  7200                                                      INTERVAL            
    13                                                      # OF MAPS IN FILE   
  COSZ                                                      MAPPING FUNCTION    
     0.0                                                    ELEVATION CUTOFF    
combined TEC calculated as weighted mean of input TEC valuesOBSERVABLES USED    
   375                                                      # OF STATIONS       
    32                                                      # OF SATELLITES     
  6371.0                                                    BASE RADIUS         
     2                                                      MAP DIMENSION       
   450.0 450.0   0.0                                        HGT1 / HGT2 / DHGT  
    87.5 -87.5  -2.5                                        LAT1 / LAT2 / DLAT  
  -180.0 180.0   5.0                                        LON1 / LON2 / DLON  
    -1                                                      EXPONENT            
TEC values in 0.1 tec units;  9999, if no value available   COMMENT             
DCB values in nanoseconds, reference is Sum_of_SatDCBs = 0  COMMENT             
                                                            END OF HEADER       
[from data line 4719]
    12                                                      START OF TEC MAP    
  2021     3     7    22     0     0                        EPOCH OF CURRENT MAP
    87.5-180.0 180.0   5.0 450.0                            LAT/LON1/LON2/DLON/H
   45   45   45   46   46   47   47   47   47   47   48   48   47   48   47   47
   46   46   46   45   44   44   43   42   41   40   39   38   38   37   36   36
   36   35   35   33   34   33   33   33   32   32   32   32   32   32   32   32
   32   33   32   33   34   34   35   35   36   36   37   37   38   39   39   40
   40   41   41   42   42   43   44   44   45
    85.0-180.0 180.0   5.0 450.0                            LAT/LON1/LON2/DLON/H
   49   50   51   52   53   53   54   55   55   55   56   55   56   55   55   54
   54   53   52   51   49   48   47   45   44   42   41   40   38   37   35   34
   33   33   32   31   30   29   29   28   28   27   27   27   27   27   27   27
   28   29   29   30   31   31   32   33   34   35   36   37   37   38   39   40
   41   42   43   44   45   46   47   48   49
    82.5-180.0 180.0   5.0 450.0                            LAT/LON1/LON2/DLON/H
   53   54   55   57   58   59   60   61   62   63   63   63   63   63   62   61
   60   59   58   56   55   53   51   49   47   45   42   41   39   37   36   34
   33   31   30   29   28   27   26   26   25   25   25   24   24   24   25   25
   26   26   27   28   29   30   31   33   34   35   36   37   38   39   40   41
   42   43   44   46   47   49   50   51   53
    80.0-180.0 180.0   5.0 450.0                            LAT/LON1/LON2/DLON/H
   54   56   57   59   61   63   65   66   67   68   69   69   70   69   68   67
   66   65   63   61   59   56   54   51   48   45   43   41   39   37   36   34
   32   31   30   29   28   27   26   26   25   24   24   24   23   24   24   24
   26   26   27   28   30   30   32   33   34   35   36   37   38   39   40   41
   42   44   45   47   48   49   51   53   54
    77.5-180.0 180.0   5.0 450.0                            LAT/LON1/LON2/DLON/H
   54   56   58   60   63   65   67   70   71   73   74   75   75   74   73   72
   71   69   66   64   63   60   57   54   51   49   45   43   41   39   37   35
   34   33   31   30   29   28   28   27   26   25   25   25   25   25   25   25
   26   27   28   29   30   31   32   33   34   35   35   36   37   38   40   41
   41   43   44   46   47   48   50   52   54
    75.0-180.0 180.0   5.0 450.0                            LAT/LON1/LON2/DLON/H
   53   55   58   61   64   66   69   72   75   76   79   80   79   78   77   75
   73   71   70   67   63   61   58   54   52   49   46   43   42   40   38   37
   35   34   33   32   31   30   29   29   28   27   27   26   26   26   27   27
   27   27   28   29   30   31   32   32   33   33   34   35   35   36   37   38
   39   40   42   44   46   47   49   51   53
    72.5-180.0 180.0   5.0 450.0                            LAT/LON1/LON2/DLON/H
   53   55   58   62   64   68   71   74   77   79   80   81   81   81   80   78
   76   74   70   66   64   61   58   54   51   48   45   42   40   38   37   35
   35   34   33   32   31   30   29   29   28   28   27   27   26   26   27   27
   27   28   28   29   30   30   30   31   30   31   31   32   32   33   34   36
   37   38   40   43   44   47   49   51   53
    70.0-180.0 180.0   5.0 450.0                            LAT/LON1/LON2/DLON/H
   55   58   60   63   67   70   73   76   78   80   82   83   83   83   82   80
   77   74   71   67   64   60   57   53   49   46   43   40   37   35   34   33
   33   32   31   30   30   29   28   27   27   26   26   25   25   25   26   27
   27   28   29   29   29   29   29   28   28   27   28   28   29   30   32   33
   36   38   40   42   45   47   49   52   55
    67.5-180.0 180.0   5.0 450.0                            LAT/LON1/LON2/DLON/H
   58   62   65   67   70   73   75   78   80   82   84   85   85   85   83   81
   77   75   71   69   65   61   57   52   48   43   40   37   34   33   32   31
   30   29   28   28   27   26   25   25   24   24   24   23   23   23   24   25
   26   27   27   28   28   27   26   25   25   24   24   25   26   28   30   33
   36   38   41   44   47   50   53   56   58
    65.0-180.0 180.0   5.0 450.0                            LAT/LON1/LON2/DLON/H
   64   67   69   72   74   76   78   80   81   83   84   85   85   85   84   81
   80   77   73   71   68   64   59   53   48   42   37   34   31   30   29   29
   28   27   25   24   23   22   21   21   21   21   21   21   20   20   21   23
   24   25   25   25   25   24   24   23   22   22   22   23   25   28   30   34
   37   41   44   48   51   54   58   61   64
    62.5-180.0 180.0   5.0 450.0                            LAT/LON1/LON2/DLON/H
   70   72   75   77   79   80   81   81   82   83   84   85   85   84   84   82
   82   79   76   74   71   67   62   56   49   43   38   33   31   30   29   28
   27   26   24   21   19   19   18   18   18   19   19   19   20   19   21   22
   22   23   22   23   23   23   23   23   22   22   22   23   25   29   32   37
   41   45   49   53   56   60   63   66   70
    60.0-180.0 180.0   5.0 450.0                            LAT/LON1/LON2/DLON/H
   75   78   80   82   84   84   84   84   84   83   83   83   83   84   84   83
   82   81   79   77   74   70   65   59   53   46   40   36   33   32   32   30
   28   26   24   21   19   18   18   18   19   19   20   21   21   22   23   23
   23   23   23   24   24   25   25   25   25   25   26   27   29   33   36   41
   46   51   55   59   63   66   69   72   75
    57.5-180.0 180.0   5.0 450.0                            LAT/LON1/LON2/DLON/H
   81   83   86   88   89   89   89   88   86   84   84   83   83   83   83   83
   84   83   82   80   77   74   68   62   57   50   44   42   39   38   37   35
   32   29   26   24   22   21   21   22   23   23   25   26   26   27   28   28
   28   28   28   29   29   30   31   32   33   31   32   33   34   37   42   46
   52   56   61   64   68   71   74   78   81
    55.0-180.0 180.0   5.0 450.0                            LAT/LON1/LON2/DLON/H
   86   89   92   95   96   96   95   93   89   86   85   84   84   84   84   84
   85   84   84   82   80   77   71   65   60   54   51   49   47   46   44   42
   39   35   31   29   28   27   27   29   29   31   32   33   34   35   35   35
   35   36   36   37   37   39   41   42   42   40   40   40   41   43   47   51
   56   61   66   70   73   76   79   82   86
    52.5-180.0 180.0   5.0 450.0                            LAT/LON1/LON2/DLON/H
   90   94   98  101  104  105  103  101   96   91   88   86   85   85   85   86
   86   85   84   84   82   79   74   68   64   60   58   58   57   55   53   50
   46   41   38   36   35   35   36   38   38   40   41   42   43   43   43   44
   45   46   46   46   47   49   51   52   52   51   50   49   48   49   52   56
   60   65   70   75   78   81   84   87   90
    50.0-180.0 180.0   5.0 450.0                            LAT/LON1/LON2/DLON/H
   96  100  104  109  113  114  113  110  105   99   93   89   88   87   87   87
   87   87   86   85   84   81   77   73   69   66   66   66   65   63   59   56
   51   48   45   44   44   45   46   48   49   50   51   52   52   52   51   53
   55   56   56   56   56   58   60   61   62   61   59   56   54   54   56   59
   63   68   73   77   81   85   89   92   96
    47.5-180.0 180.0   5.0 450.0                            LAT/LON1/LON2/DLON/H
  103  107  112  118  122  125  125  122  116  108  101   96   92   90   90   90
   90   90   88   88   86   84   82   79   77   75   74   73   71   67   63   59
   55   52   51   51   52   54   56   57   58   59   59   59   60   60   60   61
   63   64   65   65   65   66   69   70   71   68   65   61   58   57   59   62
   66   71   75   79   84   89   94   98  103
    45.0-180.0 180.0   5.0 450.0                            LAT/LON1/LON2/DLON/H
  110  115  119  126  132  136  136  134  127  120  111  104   99   95   94   94
   95   94   94   92   91   90   88   87   86   84   82   78   74   69   64   59
   55   55   55   57   61   63   64   65   65   65   65   65   65   66   67   69
   71   72   72   72   73   74   76   77   76   72   67   63   60   60   61   65
   69   73   78   83   89   93   99  105  110
    42.5-180.0 180.0   5.0 450.0                            LAT/LON1/LON2/DLON/H
  118  123  128  133  141  145  147  145  139  132  122  114  107  103  101  101
  101  100   99   99   98   98   97   97   96   93   89   82   76   68   61   57
   55   55   58   63   67   70   70   70   69   68   69   69   69   71   73   74
   76   77   78   78   78   79   80   81   79   75   69   64   62   62   64   68
   74   78   83   88   93   99  106  112  118
    40.0-180.0 180.0   5.0 450.0                            LAT/LON1/LON2/DLON/H
  127  132  137  141  146  151  154  153  148  141  133  124  116  111  108  107
  108  107  107  107  107  107  107  107  105  101   95   86   76   67   60   55
   54   56   62   67   72   74   74   72   71   71   71   73   75   76   76   77
   79   80   80   79   79   80   81   81   79   75   71   66   64   65   68   73
   78   84   88   93   99  104  112  120  127
    37.5-180.0 180.0   5.0 450.0                            LAT/LON1/LON2/DLON/H
  135  142  145  148  151  154  157  158  155  150  143  133  125  119  116  115
  115  115  114  114  115  116  117  116  114  108  100   89   78   69   62   58
   56   60   65   71   75   77   76   74   73   73   74   77   78   79   78   78
   78   79   79   79   79   79   80   80   78   75   71   67   67   69   73   79
   83   89   94   99  104  110  118  128  135
    35.0-180.0 180.0   5.0 450.0                            LAT/LON1/LON2/DLON/H
  144  151  155  155  155  155  157  159  159  157  150  142  134  129  125  123
  122  121  121  121  122  124  124  124  121  114  104   93   83   75   69   65
   64   66   70   74   78   79   78   77   76   77   78   80   81   80   78   76
   75   75   76   76   76   77   77   77   76   73   70   67   68   72   78   85
   90   95   99  104  109  115  124  135  144
    32.5-180.0 180.0   5.0 450.0                            LAT/LON1/LON2/DLON/H
  153  161  165  164  160  158  157  158  159  159  155  149  143  138  134  131
  128  128  126  126  127  128  129  128  124  118  109  100   92   86   81   77
   76   75   76   79   81   82   81   80   80   81   82   83   83   82   78   75
   72   71   72   72   73   73   74   74   73   70   68   67   69   75   83   90
   96  100  104  108  114  120  130  142  153
    30.0-180.0 180.0   5.0 450.0                            LAT/LON1/LON2/DLON/H
  162  172  176  174  169  162  159  158  159  159  157  155  151  147  143  139
  135  133  131  129  130  130  129  129  126  121  115  109  104  101   98   94
   90   86   84   84   85   85   84   83   84   86   87   87   86   83   78   74
   71   69   69   69   70   71   72   72   70   68   67   67   71   78   87   95
  101  105  109  113  119  127  138  150  162
    27.5-180.0 180.0   5.0 450.0                            LAT/LON1/LON2/DLON/H
  173  183  189  188  182  173  166  162  160  159  159  159  158  155  151  147
  143  139  135  132  131  129  129  129  128  126  123  120  118  118  115  111
  105   97   90   88   88   87   86   86   88   90   91   89   87   84   79   74
   71   69   68   68   68   69   69   69   68   67   66   67   71   80   91  100
  106  109  113  118  125  134  145  158  173
    25.0-180.0 180.0   5.0 450.0                            LAT/LON1/LON2/DLON/H
  184  196  205  207  201  190  180  172  166  163  163  164  165  164  161  156
  151  146  141  136  132  130  130  130  131  132  132  132  132  133  132  127
  118  106   95   91   90   90   89   90   91   93   93   91   89   86   81   76
   72   71   70   69   68   67   66   64   64   64   65   66   70   81   93  103
  109  113  118  125  132  141  153  167  184
    22.5-180.0 180.0   5.0 450.0                            LAT/LON1/LON2/DLON/H
  195  211  223  229  225  213  202  189  178  172  170  171  172  173  172  168
  161  155  149  142  138  134  133  134  138  141  143  145  147  147  145  139
  127  112   98   92   92   93   94   94   94   95   94   92   91   88   84   80
   76   74   73   72   69   66   63   60   59   60   61   64   69   79   93  104
  111  116  122  130  139  149  161  177  195
    20.0-180.0 180.0   5.0 450.0                            LAT/LON1/LON2/DLON/H
  207  226  242  252  252  243  228  212  199  188  183  181  182  184  183  180
  173  165  158  152  146  142  142  144  149  154  157  159  159  157  153  145
  133  115  100   94   95   97   99  100   98   97   96   95   93   90   88   84
   82   80   78   75   71   66   63   59   56   57   58   60   66   78   92  104
  112  118  126  137  148  159  172  188  207
    17.5-180.0 180.0   5.0 450.0                            LAT/LON1/LON2/DLON/H
  219  240  258  272  277  271  258  242  225  211  200  195  194  196  197  194
  187  179  171  165  159  155  154  157  163  170  174  175  171  165  158  148
  135  117  102   97  100  103  107  107  104  102  100   98   95   94   93   91
   91   90   87   81   74   69   64   60   56   54   55   57   64   76   92  104
  113  121  131  144  157  170  183  200  219
    15.0-180.0 180.0   5.0 450.0                            LAT/LON1/LON2/DLON/H
  230  250  270  289  298  298  289  274  255  236  222  214  209  211  212  211
  203  197  188  181  174  171  171  175  182  189  193  192  183  172  160  150
  136  120  108  105  108  113  116  116  112  109  105  103  100   98   98   98
  100  101   97   89   81   73   68   62   57   54   53   55   62   75   90  104
  115  124  136  150  166  180  195  211  230
    12.5-180.0 180.0   5.0 450.0                            LAT/LON1/LON2/DLON/H
  239  259  278  299  315  318  314  302  284  264  247  236  229  229  229  228
  222  215  206  200  194  192  192  196  203  210  213  208  195  179  164  151
  139  126  118  118  121  125  127  127  123  119  115  110  105  103  103  104
  106  108  105   96   87   79   72   65   60   55   53   54   61   74   90  104
  116  128  140  157  173  190  205  221  239
    10.0-180.0 180.0   5.0 450.0                            LAT/LON1/LON2/DLON/H
  244  263  282  302  320  328  327  321  304  286  273  259  250  249  249  247
  241  234  226  222  218  216  216  218  224  230  231  224  209  189  171  156
  144  134  132  134  137  140  142  141  137  133  127  120  113  108  108  109
  111  112  109  100   92   84   76   68   62   58   55   55   62   74   91  105
  118  130  144  160  179  197  213  228  244
     7.5-180.0 180.0   5.0 450.0                            LAT/LON1/LON2/DLON/H
  248  264  280  298  313  325  329  327  318  305  292  281  272  269  269  267
  261  254  245  243  242  241  238  240  244  247  247  240  223  201  180  163
  152  145  147  151  155  156  158  157  153  147  140  131  122  114  112  113
  115  114  108  100   93   86   79   72   66   61   58   57   63   76   92  107
  120  132  146  162  181  200  217  233  248
     5.0-180.0 180.0   5.0 450.0                            LAT/LON1/LON2/DLON/H
  249  265  278  292  303  314  322  326  323  317  308  298  289  286  287  285
  280  273  264  262  263  264  260  260  262  264  262  254  236  213  191  173
  161  157  160  166  170  170  171  170  167  161  153  143  130  120  115  113
  113  111  104   96   90   85   79   74   68   64   59   58   64   77   94  109
  121  133  146  162  180  199  217  234  249
     2.5-180.0 180.0   5.0 450.0                            LAT/LON1/LON2/DLON/H
  250  264  276  286  296  305  313  321  323  323  318  309  302  299  300  300
  296  290  284  282  283  285  280  276  277  279  276  265  247  224  202  183
  171  166  171  177  180  179  179  180  178  173  165  152  137  124  115  110
  105  101   94   87   83   80   76   73   69   64   60   58   64   78   95  111
  123  133  145  160  176  195  214  233  250
