ionex_files/bejaia/igsg0680.21i
     1.0            IONOSPHERE MAPS     MIX                 IONEX VERSION / TYPE
cmpcmb v1.2          GRL/UWM             1-apr-21 07:47     PGM / RUN BY / DATE 
ionex file containing IGS COMBINED Ionosphere maps          COMMENT             
global ionosphere maps for day 068, 2021                    DESCRIPTION         
IONEX file containing the COMBINED IGS TEC MAPS and DCBs    DESCRIPTION         
      IONEX files of the following IAACs were combined: cod DESCRIPTION         
                                                        esa DESCRIPTION         
                                                        jpl DESCRIPTION         
                                                        upc DESCRIPTION         
Contact address: Andrzej Krankowski                         DESCRIPTION
                 Geodynamics Research Laboratory            DESCRIPTION
                 University of Warmia and Mazury (GRL/UWM)  DESCRIPTION
                 Oczapowski St. 1                           DESCRIPTION
                 10-957-Olsztyn, POLAND                     DESCRIPTION
                 e-mail:  kand@uwm.edu.pl                   DESCRIPTION
                                                            DESCRIPTION         
  2021     3     9     0     0     0                        EPOCH OF FIRST MAP  
  2021     3    10     0     0     0                        EPOCH OF LAST MAP   
  7200                                                      INTERVAL            
    13                                                      # OF MAPS IN FILE   
  COSZ                                                      MAPPING FUNCTION    
     0.0                                                    ELEVATION CUTOFF    
combined TEC calculated as weighted mean of input TEC valuesOBSERVABLES USED    
   386                                                      # OF STATIONS       
    32                                                      # OF SATELLITES     
  6371.0                                                    BASE RADIUS         
     2                                                      MAP DIMENSION       
   450.0 450.0   0.0                                        HGT1 / HGT2 / DHGT  
    87.5 -87.5  -2.5                                        LAT1 / LAT2 / DLAT  
  -180.0 180.0   5.0                                        LON1 / LON2 / DLON  
    -1                                                      EXPONENT            
TEC values in 0.1 tec units;  9999, if no value available   COMMENT             
DCB values in nanoseconds, reference is Sum_of_SatDCBs = 0  COMMENT             
                                                            END OF HEADER       
[from data line 1716]
     5                                                      START OF TEC MAP    
  2021     3     9     8     0     0                        EPOCH OF CURRENT MAP
    87.5-180.0 180.0   5.0 450.0                            LAT/LON1/LON2/DLON/H
   43   43   43   43   43   43   43   43   43   44   44   44   45   45   45   45
   46   46   46   47   47   47   47   48   47   48   48   48   48   48   49   48
   49   49   49   50   50   50   50   51   51   52   52   52   52   52   52   52
   52   52   52   52   51   51   51   50   50   49   49   49   48   47   47   46
   46   45   45   44   44   44   43   43   43
    85.0-180.0 180.0   5.0 450.0                            LAT/LON1/LON2/DLON/H
   37   37   37   37   38   38   38   39   40   40   41   41   42   42   43   43
   43   43   44   44   44   44   44   44   44   44   44   45   46   46   46   46
   47   47   48   48   49   49   50   50   52   52   52   53   53   54   54   55
   55   55   54   54   54   53   52   52   51   50   49   48   47   46   44   43
   42   41   40   39   39   38   38   38   37
    82.5-180.0 180.0   5.0 450.0                            LAT/LON1/LON2/DLON/H
   31   31   31   32   32   33   33   34   35   36   37   38   39   40   40   40
   40   40   40   40   40   40   40   39   39   39   39   39   40   40   41   42
   43   44   45   47   48   49   51   52   54   54   56   57   58   59   59   58
   59   59   58   58   57   56   56   55   54   53   51   49   47   45   44   41
   40   38   37   36   34   33   32   32   31
    80.0-180.0 180.0   5.0 450.0                            LAT/LON1/LON2/DLON/H
   25   25   26   26   26   27   29   30   31   32   33   34   35   36   36   36
   36   36   36   35   34   34   34   34   34   34   34   34   34   34   35   37
   39   40   42   45   47   49   51   54   56   58   60   61   63   64   65   65
   65   65   64   63   63   62   61   59   58   57   55   53   50   48   46   43
   41   39   37   34   32   29   27   26   25
    77.5-180.0 180.0   5.0 450.0                            LAT/LON1/LON2/DLON/H
   22   21   21   21   22   23   24   25   26   27   28   30   30   31   32   33
   33   33   32   31   30   29   28   28   26   26   26   27   28   28   30   32
   34   36   39   42   46   48   52   55   58   60   63   65   67   69   70   71
   72   72   71   70   69   68   67   66   65   63   61   59   57   54   51   48
   45   41   38   34   31   27   25   23   22
    75.0-180.0 180.0   5.0 450.0                            LAT/LON1/LON2/DLON/H
   21   19   18   18   18   19   20   21   22   24   25   26   27   28   28   29
   29   29   28   27   26   25   24   23   23   22   22   22   23   25   27   29
   32   35   38   42   45   49   53   56   59   62   65   68   70   73   75   76
   77   77   77   76   76   75   74   73   72   71   69   67   64   62   58   55
   51   47   42   37   33   29   25   23   21
    72.5-180.0 180.0   5.0 450.0                            LAT/LON1/LON2/DLON/H
   23   20   18   17   17   17   18   19   19   20   22   22   23   23   24   24
   25   25   24   24   23   22   22   21   21   20   19   20   21   23   25   28
   31   35   38   42   46   50   54   57   61   63   67   70   72   75   77   79
   81   82   82   83   82   82   81   80   79   78   76   75   72   69   66   62
   58   53   48   43   38   33   29   25   23
    70.0-180.0 180.0   5.0 450.0                            LAT/LON1/LON2/DLON/H
   25   22   20   19   18   18   17   18   18   19   19   18   19   19   20   21
   22   21   22   22   22   21   21   21   20   19   19   20   21   22   25   28
   31   35   39   43   47   51   54   58   60   64   66   70   73   76   79   81
   83   85   86   87   87   87   86   85   84   83   82   80   78   76   73   68
   64   59   53   48   43   38   33   29   25
    67.5-180.0 180.0   5.0 450.0                            LAT/LON1/LON2/DLON/H
   29   26   24   21   20   19   18   18   17   17   16   16   16   16   17   18
   19   21   21   22   22   22   21   21   21   20   20   21   22   23   25   28
   32   36   40   44   47   50   53   57   59   63   66   69   73   76   79   82
   85   87   88   90   90   90   89   88   87   86   85   84   81   79   76   72
   68   63   58   52   47   42   37   33   29
    65.0-180.0 180.0   5.0 450.0                            LAT/LON1/LON2/DLON/H
   32   30   27   25   23   22   21   19   18   16   15   14   14   15   16   17
   18   21   21   22   22   22   22   21   21   21   21   21   22   23   26   29
   32   36   41   44   47   50   53   56   58   61   64   69   73   76   79   83
   86   88   90   91   91   91   90   89   88   86   86   84   82   80   77   73
   68   64   58   54   49   44   40   36   32
    62.5-180.0 180.0   5.0 450.0                            LAT/LON1/LON2/DLON/H
   36   33   31   29   27   25   23   21   18   17   15   14   13   14   15   16
   18   20   20   21   21   21   21   20   20   20   20   20   21   23   25   29
   33   37   41   44   47   49   52   54   58   61   64   69   73   76   80   83
   86   88   90   92   91   91   90   88   87   86   84   83   81   79   76   72
   67   62   58   54   49   45   42   38   36
    60.0-180.0 180.0   5.0 450.0                            LAT/LON1/LON2/DLON/H
   38   36   34   32   29   27   25   22   20   17   15   14   14   14   15   16
   18   19   19   20   19   19   19   18   19   18   18   19   20   22   24   29
   33   38   41   44   47   50   52   54   58   62   66   70   74   78   81   85
   87   89   91   91   92   92   91   89   87   85   84   82   80   78   75   71
   67   61   57   53   50   46   42   40   38
    57.5-180.0 180.0   5.0 450.0                            LAT/LON1/LON2/DLON/H
   41   39   37   35   33   30   27   24   21   19   17   15   15   15   16   16
   17   18   18   18   17   17   17   16   17   17   17   18   19   22   24   29
   34   38   42   45   48   51   54   57   61   65   70   74   78   82   85   87
   90   92   93   94   94   93   92   91   89   87   85   84   82   79   76   72
   68   62   57   54   51   48   45   42   41
    55.0-180.0 180.0   5.0 450.0                            LAT/LON1/LON2/DLON/H
   45   43   41   40   37   34   31   27   24   21   19   18   18   18   17   17
   17   17   17   16   15   15   15   15   16   17   17   18   20   22   26   30
   36   41   45   48   51   54   57   61   66   72   76   81   84   88   91   93
   95   97   98   99   99   98   97   96   94   92   90   89   87   84   80   76
   71   67   61   57   54   51   49   47   45
    52.5-180.0 180.0   5.0 450.0                            LAT/LON1/LON2/DLON/H
   52   49   47   45   43   40   36   32   29   26   24   22   22   21   20   19
   19   18   17   16   15   14   16   17   18   20   19   20   22   25   29   34
   40   46   50   53   56   59   63   68   73   79   84   89   92   95   97  100
  102  104  105  106  106  106  105  104  102  101   99   97   95   92   87   83
   78   73   69   64   62   58   56   53   52
    50.0-180.0 180.0   5.0 450.0                            LAT/LON1/LON2/DLON/H
   59   57   54   52   50   47   43   39   35   33   30   28   27   25   24   23
   21   20   19   18   17   18   19   21   23   25   25   25   27   30   34   40
   46   52   56   59   62   66   71   76   82   88   93   98  101  104  105  107
  109  112  113  114  115  114  113  112  111  109  107  106  104  101   96   91
   86   82   78   74   70   68   65   62   59
    47.5-180.0 180.0   5.0 450.0                            LAT/LON1/LON2/DLON/H
   67   64   62   60   58   54   51   48   45   41   38   35   34   32   30   28
   26   24   24   24   24   26   28   30   32   34   34   34   35   37   41   46
   52   59   63   67   71   75   79   85   90   96  102  106  110  112  114  116
  117  119  121  122  123  122  120  119  117  116  114  113  112  108  105  101
   96   91   88   84   80   76   74   70   67
    45.0-180.0 180.0   5.0 450.0                            LAT/LON1/LON2/DLON/H
   73   71   69   67   64   63   60   57   53   50   47   45   44   40   37   35
   32   32   32   33   34   36   39   42   44   46   45   44   43   44   48   53
   59   66   71   75   79   83   88   93   98  103  109  113  117  120  121  123
  125  127  128  129  130  128  126  124  122  120  118  117  116  114  111  108
  104  100   95   92   88   83   80   76   73
    42.5-180.0 180.0   5.0 450.0                            LAT/LON1/LON2/DLON/H
   76   74   72   71   70   69   67   64   62   60   58   56   54   50   46   43
   41   41   42   44   46   49   51   54   56   57   55   52   51   51   54   59
   65   73   78   83   87   91   96  101  105  110  114  119  123  126  128  131
  134  136  136  137  136  133  131  128  125  122  119  117  117  116  114  112
  109  105  101   96   93   88   83   79   76
    40.0-180.0 180.0   5.0 450.0                            LAT/LON1/LON2/DLON/H
   76   74   73   73   72   72   72   71   70   69   67   66   64   61   57   53
   51   51   53   56   59   61   63   64   65   65   63   59   56   55   57   63
   70   79   85   90   95   99  104  108  112  116  119  124  129  132  136  139
  141  143  143  143  142  139  135  131  127  123  120  118  117  116  115  114
  110  107  103   98   94   88   83   79   76
    37.5-180.0 180.0   5.0 450.0                            LAT/LON1/LON2/DLON/H
   72   70   70   71   71   73   74   74   75   75   75   75   74   71   67   63
   61   62   64   67   69   71   72   72   71   71   68   63   59   57   60   66
   74   83   90   96  101  107  111  116  119  122  126  131  136  140  143  146
  149  150  150  150  147  145  141  136  132  128  124  121  120  120  118  117
  113  108  103   97   92   86   80   75   72
    35.0-180.0 180.0   5.0 450.0                            LAT/LON1/LON2/DLON/H
   66   64   64   66   68   70   72   75   76   79   80   82   82   80   77   74
   72   72   73   75   77   78   77   75   74   72   68   63   58   57   60   68
   77   86   94  101  108  114  120  124  127  130  134  139  143  148  151  155
  157  160  160  159  157  153  150  146  141  137  132  129  128  128  127  124
  120  114  108  100   93   84   76   70   66
    32.5-180.0 180.0   5.0 450.0                            LAT/LON1/LON2/DLON/H
   62   58   58   60   61   63   67   71   75   78   82   85   87   87   85   83
   80   79   79   79   80   79   77   74   72   69   66   60   56   55   59   68
   80   90   99  108  115  122  129  134  137  140  144  148  152  156  161  164
  168  171  172  172  170  168  165  162  158  153  148  145  145  145  143  140
  136  129  121  111  100   88   77   68   62
    30.0-180.0 180.0   5.0 450.0                            LAT/LON1/LON2/DLON/H
   64   57   54   54   55   56   60   65   70   75   80   85   89   90   90   89
   86   83   81   79   78   76   73   70   67   64   61   56   52   53   59   70
   82   93  104  113  122  131  138  143  147  150  155  160  164  168  172  176
  181  185  188  189  189  190  189  186  183  178  174  172  171  172  170  168
  161  154  143  131  118  102   87   74   64
    27.5-180.0 180.0   5.0 450.0                            LAT/LON1/LON2/DLON/H
   75   63   56   52   50   50   54   58   64   70   76   82   87   90   91   90
   88   84   80   77   74   71   68   66   63   60   57   53   50   51   59   71
   84   96  107  117  126  137  147  154  159  163  169  175  179  183  187  192
  198  203  207  211  214  217  218  218  214  210  207  207  208  209  208  205
  197  189  177  162  145  126  108   90   75
    25.0-180.0 180.0   5.0 450.0                            LAT/LON1/LON2/DLON/H
   95   78   65   56   50   49   50   55   60   66   72   77   82   86   88   88
   86   82   78   73   69   66   64   62   60   57   54   51   49   51   58   71
   85   98  109  121  132  143  155  164  172  177  183  189  195  200  206  211
  219  226  231  238  242  248  250  252  250  247  246  248  250  253  252  251
  241  231  218  202  184  163  139  117   95
    22.5-180.0 180.0   5.0 450.0                            LAT/LON1/LON2/DLON/H
  124  102   82   67   57   52   53   55   58   63   67   71   75   79   82   83
   82   79   74   70   66   64   62   61   59   56   52   50   48   50   58   71
   85   99  111  123  135  149  162  174  184  193  198  204  212  219  226  234
  243  252  258  267  272  278  281  287  285  286  285  288  292  297  298  294
  290  276  261  246  226  205  179  151  124
    20.0-180.0 180.0   5.0 450.0                            LAT/LON1/LON2/DLON/H
  160  130  103   83   67   61   59   60   61   63   65   67   70   73   75   76
   77   75   71   67   65   63   61   60   59   57   53   50   48   50   57   69
   83   98  112  124  138  153  169  183  196  206  214  222  228  237  247  257
  266  278  285  295  301  307  309  313  315  317  317  320  325  332  336  331
  327  316  302  286  266  247  220  192  160
    17.5-180.0 180.0   5.0 450.0                            LAT/LON1/LON2/DLON/H
  194  162  129  103   83   72   68   67   66   66   65   64   64   66   68   69
   70   70   68   66   64   62   61   61   60   57   54   51   48   49   55   66
   80   96  111  125  139  157  175  191  205  217  227  237  246  255  265  277
  289  300  308  316  322  326  328  331  333  338  339  341  346  355  359  356
  350  339  329  312  294  277  255  227  194
    15.0-180.0 180.0   5.0 450.0                            LAT/LON1/LON2/DLON/H
  219  187  155  126  102   87   80   76   74   71   68   65   62   61   62   63
   65   66   66   65   64   63   62   61   61   59   55   52   48   49   54   65
   79   95  109  124  140  159  179  197  213  226  239  251  262  270  280  291
  304  314  319  324  329  335  338  338  340  346  349  351  356  362  364  361
  356  346  333  317  302  288  272  249  219
    12.5-180.0 180.0   5.0 450.0                            LAT/LON1/LON2/DLON/H
  231  205  177  148  122  104   94   88   82   79   73   68   63   60   58   59
   62   63   64   65   65   64   64   63   62   59   56   52   48   48   53   63
   78   94  109  124  142  162  183  203  220  235  249  263  275  282  290  300
  311  319  320  324  329  335  339  339  338  344  349  352  355  357  358  354
  349  338  325  309  293  281  268  253  231
    10.0-180.0 180.0   5.0 450.0                            LAT/LON1/LON2/DLON/H
  232  213  189  163  139  121  109  101   93   87   81   74   68   61   58   58
   60   62   64   65   66   65   64   64   62   59   56   51   48   47   52   63
   79   95  110  126  143  164  186  207  225  241  256  271  283  290  296  305
  315  320  321  323  329  335  339  341  340  344  349  351  352  349  347  342
  336  325  311  295  278  264  257  246  232
     7.5-180.0 180.0   5.0 450.0                            LAT/LON1/LON2/DLON/H
  225  213  193  171  151  135  124  115  106   98   92   84   76   67   62   60
   61   63   65   65   65   65   64   64   61   58   54   50   47   47   53   65
   81   97  113  128  145  165  187  209  228  245  260  275  287  295  302  310
  318  323  324  327  332  337  342  345  347  351  355  355  351  345  339  334
  326  314  298  281  265  249  241  234  225
     5.0-180.0 180.0   5.0 450.0                            LAT/LON1/LON2/DLON/H
  216  207  192  175  160  146  135  125  117  110  103   94   86   75   68   65
   65   65   65   65   65   65   65   64   61   57   54   50   47   49   55   68
   84  101  116  130  146  165  187  207  227  245  261  277  290  299  308  316
  324  329  331  333  336  341  347  352  357  362  365  363  357  347  338  331
  322  309  293  275  257  241  230  223  216
     2.5-180.0 180.0   5.0 450.0                            LAT/LON1/LON2/DLON/H
  210  202  189  177  164  152  142  134  127  121  115  108  100   86   78   73
   71   69   67   67   66   66   66   65   62   58   53   50   49   51   58   72
   89  105  119  132  146  164  183  204  225  244  262  278  292  304  314  321
  329  334  335  335  338  343  349  357  366  372  375  373  365  354  342  333
  323  310  294  276  257  240  227  218  210
