ionex_files/bejaia/igsg0760.21i
     1.0            IONOSPHERE MAPS     MIX                 IONEX VERSION / TYPE
cmpcmb v1.2          GRL/UWM             1-apr-21 10:13     PGM / RUN BY / DATE 
ionex file containing IGS COMBINED Ionosphere maps          COMMENT             
global ionosphere maps for day 076, 2021                    DESCRIPTION         
IONEX file containing the COMBINED IGS TEC MAPS and DCBs    DESCRIPTION         
      IONEX files of the following IAACs were combined: cod DESCRIPTION         
                                                        esa DESCRIPTION         
                                                        jpl DESCRIPTION         
                                                        upc DESCRIPTION         
Contact address: Andrzej Krankowski                         DESCRIPTION
                 Geodynamics Research Laboratory            DESCRIPTION
                 University of Warmia and Mazury (GRL/UWM)  DESCRIPTION
                 Oczapowski St. 1                           DESCRIPTION
                 10-957-Olsztyn, POLAND                     DESCRIPTION
                 e-mail:  kand@uwm.edu.pl                   DESCRIPTION
                                                            DESCRIPTION         
  2021     3    17     0     0     0                        EPOCH OF FIRST MAP  
  2021     3    18     0     0     0                        EPOCH OF LAST MAP   
  7200                                                      INTERVAL            
    13                                                      # OF MAPS IN FILE   
  COSZ                                                      MAPPING FUNCTION    
     0.0                                                    ELEVATION CUTOFF    
combined TEC calculated as weighted mean of input TEC valuesOBSERVABLES USED    
   372                                                      # OF STATIONS       
    32                                                      # OF SATELLITES     
  6371.0                                                    BASE RADIUS         
     2                                                      MAP DIMENSION       
   450.0 450.0   0.0                                        HGT1 / HGT2 / DHGT  
    87.5 -87.5  -2.5                                        LAT1 / LAT2 / DLAT  
  -180.0 180.0   5.0                                        LON1 / LON2 / DLON  
    -1                                                      EXPONENT            
TEC values in 0.1 tec units;  9999, if no value available   COMMENT             
DCB values in nanoseconds, reference is Sum_of_SatDCBs = 0  COMMENT             
                                                            END OF HEADER       
[from data line 1716]
     5                                                      START OF TEC MAP    
  2021     3    17     8     0     0                        EPOCH OF CURRENT MAP
    87.5-180.0 180.0   5.0 450.0                            LAT/LON1/LON2/DLON/H
   53   53   52   52   52   52   52   52   52   51   52   52   52   51   51   51
   51   52   52   52   52   53   53   53   54   54   54   55   55   56   56   57
   57   57   58   58   59   59   59   59   60   60   60   60   60   60   61   61
   61   61   61   61   61   61   60   60   60   59   59   59   58   57   57   56
   55   55   55   54   54   54   54   53   53
    85.0-180.0 180.0   5.0 450.0                            LAT/LON1/LON2/DLON/H
   50   49   49   48   48   48   48   48   48   47   47   47   47   47   47   47
   47   47   47   48   48   48   48   49   50   50   51   53   53   54   55   55
   56   57   58   58   59   60   60   61   61   61   62   62   63   63   63   64
   64   64   64   64   64   64   64   63   63   62   61   60   59   58   57   56
   55   54   54   53   53   51   51   50   50
    82.5-180.0 180.0   5.0 450.0                            LAT/LON1/LON2/DLON/H
   47   46   46   46   45   45   45   45   44   44   43   43   43   42   42   42
   42   42   42   42   43   43   43   44   45   46   47   48   49   50   52   53
   54   56   57   58   59   60   61   62   63   64   64   64   65   65   66   66
   67   67   68   68   68   67   67   67   66   66   65   63   62   61   59   58
   56   55   53   51   50   50   49   47   47
    80.0-180.0 180.0   5.0 450.0                            LAT/LON1/LON2/DLON/H
   43   42   42   42   42   42   41   41   40   40   39   38   38   37   37   36
   36   36   36   36   36   36   37   39   40   41   43   44   46   48   50   51
   53   55   56   58   60   61   63   64   65   66   67   68   69   69   69   70
   70   71   71   72   72   72   72   72   72   71   70   69   67   65   63   61
   58   56   54   51   49   47   45   44   43
    77.5-180.0 180.0   5.0 450.0                            LAT/LON1/LON2/DLON/H
   40   39   39   38   38   38   38   37   37   36   35   34   34   32   31   31
   31   31   32   32   32   32   34   36   36   38   39   41   42   44   47   49
   51   54   56   59   60   62   63   65   66   68   69   70   71   72   73   73
   74   75   76   77   77   78   79   79   79   78   77   76   74   72   69   66
   63   60   57   53   49   46   43   41   40
    75.0-180.0 180.0   5.0 450.0                            LAT/LON1/LON2/DLON/H
   39   37   36   35   35   35   35   34   34   33   32   30   29   27   27   27
   27   28   28   29   29   30   31   32   33   34   35   37   39   41   44   46
   49   52   55   57   60   62   64   65   67   69   70   72   73   74   75   77
   78   79   80   82   84   85   85   86   86   86   85   84   82   79   76   73
   70   66   62   58   53   48   45   42   39
    72.5-180.0 180.0   5.0 450.0                            LAT/LON1/LON2/DLON/H
   41   37   36   34   33   33   32   32   31   30   28   26   25   24   24   24
   25   26   27   27   29   29   30   31   32   33   33   34   36   38   41   44
   47   50   53   57   59   61   64   66   68   69   71   73   75   76   78   80
   82   83   85   87   89   91   92   92   93   93   92   91   89   87   84   81
   77   73   69   65   59   54   49   45   41
    70.0-180.0 180.0   5.0 450.0                            LAT/LON1/LON2/DLON/H
   45   41   37   35   33   31   30   30   29   27   26   24   23   22   22   23
   25   26   27   28   29   30   30   31   31   32   31   32   34   36   38   41
   44   48   52   55   59   61   64   66   67   69   71   74   76   78   80   82
   85   87   89   91   93   94   95   96   97   97   96   95   94   92   89   86
   83   80   76   71   66   60   55   50   45
    67.5-180.0 180.0   5.0 450.0                            LAT/LON1/LON2/DLON/H
   50   45   40   36   34   32   30   29   27   26   24   23   22   20   21   22
   25   27   28   30   31   31   31   31   31   31   30   30   31   33   35   38
   42   46   50   54   57   60   63   65   67   70   72   75   78   80   83   85
   87   89   92   94   95   96   97   97   97   97   97   96   95   94   91   89
   87   84   80   76   72   67   61   56   50
    65.0-180.0 180.0   5.0 450.0                            LAT/LON1/LON2/DLON/H
   54   49   43   39   35   32   30   29   27   26   23   22   21   20   21   23
   25   27   29   31   31   31   31   30   30   28   28   28   28   30   32   35
   40   44   49   53   56   59   62   65   68   70   73   76   79   82   85   88
   89   91   92   94   95   96   96   96   95   95   95   94   93   92   91   89
   87   85   83   80   76   71   66   60   54
    62.5-180.0 180.0   5.0 450.0                            LAT/LON1/LON2/DLON/H
   57   51   46   41   37   34   31   29   28   25   23   22   20   20   21   22
   25   27   29   30   31   31   29   28   26   25   23   23   24   26   30   34
   39   44   49   52   56   59   62   65   68   71   75   79   82   84   87   89
   91   93   93   94   95   96   95   94   93   92   91   90   90   89   88   87
   85   84   82   80   77   73   69   63   57
    60.0-180.0 180.0   5.0 450.0                            LAT/LON1/LON2/DLON/H
   59   54   48   43   39   36   33   31   28   26   24   22   21   20   21   22
   24   26   27   27   28   27   25   23   21   20   19   19   21   23   28   34
   40   45   49   53   56   59   62   66   69   73   78   82   84   88   90   92
   93   94   95   96   96   96   95   94   92   91   90   89   88   87   86   84
   83   81   79   78   76   73   69   65   59
    57.5-180.0 180.0   5.0 450.0                            LAT/LON1/LON2/DLON/H
   60   56   51   46   42   39   36   33   31   28   25   22   21   20   21   21
   23   24   24   24   23   22   21   19   17   16   15   17   19   22   28   35
   41   47   51   55   58   61   64   68   72   76   81   85   89   92   94   95
   96   97   98   99   99   99   98   96   95   94   93   92   90   88   86   84
   81   78   77   75   73   71   68   65   60
    55.0-180.0 180.0   5.0 450.0                            LAT/LON1/LON2/DLON/H
   62   57   53   49   46   42   39   36   34   31   28   24   23   21   21   22
   22   22   22   21   19   18   17   16   15   14   15   16   19   23   29   38
   45   50   55   58   61   64   67   71   76   81   86   90   93   96   98  100
  101  102  103  104  105  105  104  104  103  102  101   99   96   93   89   85
   80   77   75   73   71   69   68   65   62
    52.5-180.0 180.0   5.0 450.0                            LAT/LON1/LON2/DLON/H
   63   60   56   52   50   47   44   41   38   35   31   29   27   24   23   22
   22   21   21   19   17   17   16   16   17   16   17   18   22   26   33   41
   48   55   59   62   64   67   71   75   81   86   91   96  100  103  105  106
  108  109  110  111  113  113  113  114  113  113  112  109  106  100   94   89
   84   79   76   73   71   69   68   66   63
    50.0-180.0 180.0   5.0 450.0                            LAT/LON1/LON2/DLON/H
   65   63   60   57   55   52   49   46   42   39   36   33   31   28   26   25
   24   23   22   21   20   20   19   20   21   21   22   23   27   31   37   46
   52   58   62   66   69   71   76   80   85   91   97  103  107  110  112  115
  115  117  119  120  121  122  122  123  123  123  123  120  115  108  101   94
   89   84   80   75   73   71   70   68   65
    47.5-180.0 180.0   5.0 450.0                            LAT/LON1/LON2/DLON/H
   69   67   64   61   60   58   55   52   48   46   42   39   37   34   32   30
   29   28   27   26   26   26   27   28   29   30   30   31   33   37   42   49
   57   62   66   70   73   76   81   86   91   97  104  109  114  118  121  123
  124  125  127  127  128  129  129  129  129  130  129  127  122  115  108  102
   96   90   85   81   77   74   73   71   69
    45.0-180.0 180.0   5.0 450.0                            LAT/LON1/LON2/DLON/H
   72   70   68   67   65   63   61   58   54   53   50   47   46   42   39   37
   36   35   34   34   34   35   36   38   39   39   38   38   38   41   46   53
   59   65   70   74   77   81   86   90   96  102  109  115  121  125  129  132
  133  134  134  135  134  134  134  132  131  130  129  127  123  118  113  108
  103   97   91   86   82   79   77   74   72
    42.5-180.0 180.0   5.0 450.0                            LAT/LON1/LON2/DLON/H
   75   74   72   71   70   68   66   64   61   59   58   56   55   52   48   45
   44   44   43   43   43   45   46   47   47   47   45   43   43   44   49   55
   62   68   73   77   82   86   91   95  100  106  113  120  127  132  137  140
  142  143  143  143  141  139  136  132  128  126  124  122  120  117  113  110
  106  102   97   93   88   84   81   78   75
    40.0-180.0 180.0   5.0 450.0                            LAT/LON1/LON2/DLON/H
   78   76   75   74   73   72   71   69   67   66   65   65   64   61   58   55
   54   53   52   53   52   52   53   54   54   53   50   47   45   46   50   56
   63   70   76   81   86   90   95   99  104  109  117  124  132  139  144  147
  149  151  151  150  148  144  141  134  128  123  120  117  115  113  111  110
  108  104  101   97   93   88   84   81   78
    37.5-180.0 180.0   5.0 450.0                            LAT/LON1/LON2/DLON/H
   79   77   76   76   75   75   74   73   71   71   72   73   73   71   67   64
   63   62   61   60   59   59   58   58   57   55   51   47   45   46   50   57
   65   72   78   85   90   95   99  104  108  113  121  129  138  145  150  153
  157  159  161  161  159  155  150  143  135  128  123  119  116  114  111  111
  109  106  104  100   95   89   85   81   79
    35.0-180.0 180.0   5.0 450.0                            LAT/LON1/LON2/DLON/H
   78   76   75   75   75   75   75   75   75   75   77   79   80   78   76   73
   71   70   68   66   64   62   61   59   56   53   50   46   44   45   50   58
   66   74   81   87   94  100  105  109  113  118  125  134  143  151  156  161
  166  171  175  177  177  174  169  162  155  146  138  132  127  123  119  117
  113  110  107  102   97   91   85   80   78
    32.5-180.0 180.0   5.0 450.0                            LAT/LON1/LON2/DLON/H
   75   73   73   72   72   73   74   75   76   77   80   83   85   85   84   81
   78   75   72   69   66   63   60   57   54   50   47   43   41   44   49   58
   68   77   84   91   98  106  110  115  119  124  131  139  149  157  165  171
  178  187  195  200  204  204  202  198  192  183  172  162  153  144  136  130
  124  118  113  108  102   94   87   80   75
    30.0-180.0 180.0   5.0 450.0                            LAT/LON1/LON2/DLON/H
   76   71   69   69   69   69   70   73   74   77   81   84   88   89   89   86
   83   79   74   70   65   62   58   54   50   47   43   40   39   42   49   59
   69   79   87   95  103  110  116  121  126  132  138  147  157  166  175  185
  197  209  221  232  241  247  248  248  248  237  224  210  195  179  164  152
  141  133  125  118  111  101   91   82   76
    27.5-180.0 180.0   5.0 450.0                            LAT/LON1/LON2/DLON/H
   79   73   69   67   66   66   68   70   73   76   80   83   87   90   91   89
   85   81   76   70   65   61   56   52   48   44   41   38   38   42   50   60
   71   80   89   97  106  114  122  129  134  140  148  158  167  178  191  206
  222  237  254  271  284  296  302  308  312  302  288  268  248  226  202  185
  167  154  144  134  124  112   99   88   79
    25.0-180.0 180.0   5.0 450.0                            LAT/LON1/LON2/DLON/H
   87   79   73   68   65   65   65   68   70   73   77   81   85   89   90   89
   86   81   76   70   65   60   56   51   47   44   40   37   37   41   49   60
   71   81   89   98  108  118  128  137  144  151  160  170  180  194  211  230
  249  270  291  313  330  345  355  367  370  365  350  329  306  279  248  224
  201  183  169  156  143  129  113   99   87
    22.5-180.0 180.0   5.0 450.0                            LAT/LON1/LON2/DLON/H
  101   89   81   73   68   66   67   68   70   72   75   78   82   85   88   87
   85   81   75   71   66   61   56   52   47   44   41   38   37   40   49   59
   70   80   89   99  110  122  134  145  155  164  174  184  197  214  235  255
  278  303  327  352  369  384  394  406  414  410  396  378  356  328  298  268
  243  219  200  184  168  151  132  115  101
    20.0-180.0 180.0   5.0 450.0                            LAT/LON1/LON2/DLON/H
  119  104   91   80   73   70   70   71   73   73   74   76   79   81   84   85
   83   80   75   71   66   62   57   53   49   46   42   38   36   39   46   57
   69   80   89  100  112  125  140  154  167  178  189  201  214  234  256  279
  304  332  355  376  389  398  408  419  429  426  414  399  382  360  335  307
  280  253  236  214  196  177  156  137  119
    17.5-180.0 180.0   5.0 450.0                            LAT/LON1/LON2/DLON/H
  139  120  103   91   81   75   74   76   77   76   74   75   76   78   80   81
   80   77   75   70   66   62   57   54   51   48   44   38   35   37   45   56
   68   79   90  102  115  129  146  162  176  191  204  219  235  254  276  299
  322  348  364  373  383  390  399  404  412  412  403  393  383  369  353  331
  306  282  264  242  223  203  182  161  139
    15.0-180.0 180.0   5.0 450.0                            LAT/LON1/LON2/DLON/H
  161  138  119  104   91   82   80   81   82   79   76   75   75   77   77   77
   76   75   73   69   66   62   58   55   53   50   45   40   35   36   43   55
   69   81   92  103  117  133  150  168  187  204  220  235  253  271  291  309
  325  341  350  352  358  365  371  372  377  378  375  370  368  363  354  336
  318  299  280  260  245  225  205  183  161
    12.5-180.0 180.0   5.0 450.0                            LAT/LON1/LON2/DLON/H
  180  157  136  119  103   91   86   86   86   83   80   77   76   76   76   75
   74   73   72   69   65   60   58   55   54   52   47   40   35   35   43   57
   71   83   93  105  119  136  154  173  195  214  232  249  267  284  300  310
  318  323  324  328  330  336  337  338  341  344  345  346  349  351  346  332
  317  303  287  270  255  239  220  202  180
    10.0-180.0 180.0   5.0 450.0                            LAT/LON1/LON2/DLON/H
  194  172  152  134  116  102   94   91   90   87   84   81   79   78   77   75
   73   72   70   67   63   59   56   55   54   52   48   41   36   36   44   58
   73   86   97  108  122  138  157  177  199  221  241  260  277  291  302  308
  308  308  306  308  310  313  314  315  319  323  327  331  336  339  335  324
  312  298  285  270  257  243  228  212  194
     7.5-180.0 180.0   5.0 450.0                            LAT/LON1/LON2/DLON/H
  199  181  163  145  127  111  101   97   95   92   89   86   84   82   80   76
   73   72   70   66   61   58   55   55   54   52   48   43   37   37   46   61
   76   89  100  111  124  139  157  178  201  224  246  266  282  295  303  306
  303  299  298  300  302  304  305  308  314  320  325  328  331  331  326  316
  304  290  277  263  251  238  225  213  199
     5.0-180.0 180.0   5.0 450.0                            LAT/LON1/LON2/DLON/H
  196  183  168  153  137  120  107  101   99   96   94   92   90   88   85   79
   76   74   71   66   61   58   56   56   55   53   50   45   40   40   49   64
   79   92  103  113  125  139  156  176  197  220  243  264  281  294  303  305
  304  302  301  302  304  307  308  314  323  331  336  337  334  329  321  310
  297  281  266  251  239  226  216  207  196
     2.5-180.0 180.0   5.0 450.0                            LAT/LON1/LON2/DLON/H
  187  179  168  156  142  126  113  105  101  100   99   98   97   95   91   85
   81   78   73   67   62   60   59   58   57   55   53   49   44   44   52   67
   82   94  104  113  124  138  153  171  193  214  236  258  276  292  301  306
  309  309  309  311  313  317  322  331  343  352  355  352  343  332  321  306
  291  272  254  238  224  211  202  195  187
