ionex_files/bejaia/igsg0810.21i
     1.0            IONOSPHERE MAPS     MIX                 IONEX VERSION / TYPE
cmpcmb v1.2          GRL/UWM            12-apr-21 05:19     PGM / RUN BY / DATE 
ionex file containing IGS COMBINED Ionosphere maps          COMMENT             
global ionosphere maps for day 081, 2021                    DESCRIPTION         
IONEX file containing the COMBINED IGS TEC MAPS and DCBs    DESCRIPTION         
      IONEX files of the following IAACs were combined: cod DESCRIPTION         
                                                        esa DESCRIPTION         
                                                        jpl DESCRIPTION         
                                                        upc DESCRIPTION         
Contact address: Andrzej Krankowski                         DESCRIPTION
                 Geodynamics Research Laboratory            DESCRIPTION
                 University of Warmia and Mazury (GRL/UWM)  DESCRIPTION
                 Oczapowski St. 1                           DESCRIPTION
                 10-957-Olsztyn, POLAND                     DESCRIPTION
                 e-mail:  kand@uwm.edu.pl                   DESCRIPTION
                                                            DESCRIPTION         
  2021     3    22     0     0     0                        EPOCH OF FIRST MAP  
  2021     3    23     0     0     0                        EPOCH OF LAST MAP   
  7200                                                      INTERVAL            
    13                                                      # OF MAPS IN FILE   
  COSZ                                                      MAPPING FUNCTION    
     0.0                                                    ELEVATION CUTOFF    
combined TEC calculated as weighted mean of input TEC valuesOBSERVABLES USED    
   380                                                      # OF STATIONS       
    32                                                      # OF SATELLITES     
  6371.0                                                    BASE RADIUS         
     2                                                      MAP DIMENSION       
   450.0 450.0   0.0                                        HGT1 / HGT2 / DHGT  
    87.5 -87.5  -2.5                                        LAT1 / LAT2 / DLAT  
  -180.0 180.0   5.0                                        LON1 / LON2 / DLON  
    -1                                                      EXPONENT            
TEC values in 0.1 tec units;  9999, if no value available   COMMENT             
DCB values in nanoseconds, reference is Sum_of_SatDCBs = 0  COMMENT             
                                                            END OF HEADER       
[from data line 3432]
     9                                                      START OF TEC MAP    
  2021     3    22    16     0     0                        EPOCH OF CURRENT MAP
    87.5-180.0 180.0   5.0 450.0                            LAT/LON1/LON2/DLON/H
   61   62   62   62   62   63   64   64   64   64   65   65   65   65   65   65
   65   65   65   65   65   65   65   65   65   65   65   64   64   64   64   63
   63   63   63   62   62   62   62   62   62   61   61   61   61   61   61   61
   61   61   61   60   60   60   60   60   60   60   60   60   60   60   60   60
   60   60   60   60   60   60   61   61   61
    85.0-180.0 180.0   5.0 450.0                            LAT/LON1/LON2/DLON/H
   59   59   60   60   61   62   63   63   64   66   66   67   67   68   68   69
   69   69   69   69   69   69   69   68   68   67   67   66   65   65   64   64
   64   64   63   63   63   62   62   62   62   61   61   60   61   60   60   59
   60   59   59   58   59   59   58   58   58   58   58   57   57   57   57   57
   57   57   57   57   57   58   58   59   59
    82.5-180.0 180.0   5.0 450.0                            LAT/LON1/LON2/DLON/H
   53   54   55   56   57   59   60   62   63   64   66   67   69   69   71   71
   71   72   72   72   72   71   71   71   70   69   68   67   66   66   65   65
   64   63   63   62   62   61   61   60   60   60   60   59   59   58   58   58
   57   57   57   57   57   56   56   56   56   55   55   55   55   54   54   53
   53   53   53   53   53   53   53   53   53
    80.0-180.0 180.0   5.0 450.0                            LAT/LON1/LON2/DLON/H
   48   50   51   52   54   56   58   61   63   65   66   68   70   71   72   73
   74   74   74   74   74   73   73   72   72   71   70   68   68   67   66   66
   65   64   63   62   62   61   60   59   59   58   58   57   57   56   56   55
   55   55   54   54   54   54   53   53   53   52   52   52   51   51   50   49
   49   49   48   48   47   47   47   47   48
    77.5-180.0 180.0   5.0 450.0                            LAT/LON1/LON2/DLON/H
   43   44   46   48   50   52   55   58   60   62   65   68   70   72   74   76
   77   77   78   77   77   75   75   76   75   73   72   70   70   69   68   67
   66   65   64   63   63   61   59   58   57   56   55   55   54   54   53   52
   51   51   51   51   50   50   50   50   49   49   48   48   47   46   45   45
   45   44   44   43   42   42   42   42   43
    75.0-180.0 180.0   5.0 450.0                            LAT/LON1/LON2/DLON/H
   38   39   41   43   45   48   51   53   57   60   64   67   71   73   76   77
   78   78   79   78   79   79   79   78   77   76   75   73   71   70   69   69
   69   68   66   65   63   61   60   58   56   54   53   51   51   50   50   49
   48   48   47   47   46   46   45   45   45   44   44   43   42   42   41   40
   40   40   39   38   38   38   38   38   38
    72.5-180.0 180.0   5.0 450.0                            LAT/LON1/LON2/DLON/H
   34   35   37   38   40   43   45   49   52   56   61   65   68   72   73   75
   77   79   79   81   82   83   83   82   81   79   77   75   74   72   71   70
   70   69   68   67   65   63   60   59   56   54   52   50   48   48   47   46
   46   45   45   44   43   41   41   40   40   39   38   38   37   37   36   36
   35   36   35   35   34   34   33   34   34
    70.0-180.0 180.0   5.0 450.0                            LAT/LON1/LON2/DLON/H
   32   33   34   34   36   39   41   44   48   53   56   61   65   69   71   74
   77   79   82   83   85   87   87   86   85   83   81   78   76   74   72   72
   71   70   70   69   68   65   62   60   58   55   53   50   48   46   45   44
   43   42   41   40   39   37   37   36   35   35   33   33   32   32   31   31
   31   31   31   31   31   31   31   31   32
    67.5-180.0 180.0   5.0 450.0                            LAT/LON1/LON2/DLON/H
   30   31   32   33   34   36   39   42   46   50   54   58   62   66   69   72
   75   79   82   85   88   91   91   91   90   87   84   81   78   76   74   73
   72   72   71   71   70   69   66   64   60   58   55   53   50   48   46   44
   42   41   38   37   36   35   33   32   31   31   30   29   28   28   27   27
   27   27   27   27   27   28   29   29   30
    65.0-180.0 180.0   5.0 450.0                            LAT/LON1/LON2/DLON/H
   29   30   31   32   33   35   38   41   44   48   52   56   60   63   67   70
   73   77   81   87   91   95   96   95   94   92   88   84   80   77   75   73
   73   73   72   72   72   70   68   66   64   61   59   57   54   52   49   47
   44   41   39   36   34   33   31   30   29   28   27   27   27   26   25   25
   25   24   23   23   24   25   26   28   29
    62.5-180.0 180.0   5.0 450.0                            LAT/LON1/LON2/DLON/H
   28   29   31   32   34   36   38   41   44   48   52   55   59   62   65   68
   72   77   81   87   92   97  100  100   98   96   91   86   82   78   76   75
   74   74   74   73   73   72   71   69   67   65   63   62   59   56   53   50
   47   44   42   39   36   33   31   30   29   28   28   27   28   26   25   25
   23   22   21   21   21   22   24   26   28
    60.0-180.0 180.0   5.0 450.0                            LAT/LON1/LON2/DLON/H
   27   30   32   34   35   37   40   42   45   49   53   56   59   62   66   69
   73   77   82   88   94   99  102  103  102   99   94   90   85   82   79   78
   77   76   76   76   75   75   73   72   71   70   69   67   64   61   58   55
   52   48   45   42   38   35   33   31   30   30   30   30   30   29   28   26
   24   22   20   19   19   20   22   25   27
    57.5-180.0 180.0   5.0 450.0                            LAT/LON1/LON2/DLON/H
   28   31   34   36   38   40   42   45   48   51   55   58   61   64   67   70
   74   79   85   90   96  101  103  105  104  102   99   94   90   87   84   84
   83   81   81   80   79   78   77   77   76   75   74   72   70   67   63   60
   56   53   50   46   42   39   36   35   34   34   34   35   35   34   32   30
   26   23   21   18   19   20   22   24   28
    55.0-180.0 180.0   5.0 450.0                            LAT/LON1/LON2/DLON/H
   29   33   36   40   42   44   46   49   52   55   58   62   65   67   70   73
   77   82   88   93   98  102  104  105  105  104  102  100   96   95   93   91
   89   88   87   86   84   84   83   82   82   82   81   79   76   72   68   65
   61   58   55   51   47   44   42   40   39   40   41   41   41   42   39   36
   32   28   24   21   20   21   23   26   29
    52.5-180.0 180.0   5.0 450.0                            LAT/LON1/LON2/DLON/H
   32   35   39   43   45   48   51   53   56   60   63   66   69   71   74   77
   82   87   91   96  100  103  104  105  106  106  106  105  105  104  102  101
   98   97   95   93   92   91   90   90   89   89   88   86   82   78   73   70
   67   64   61   58   54   51   49   48   47   48   49   50   51   50   48   45
   39   34   30   27   25   24   26   29   32
    50.0-180.0 180.0   5.0 450.0                            LAT/LON1/LON2/DLON/H
   36   40   43   47   49   52   55   58   62   65   68   71   74   76   79   82
   86   91   96  100  103  105  106  106  107  109  110  112  114  114  113  111
  109  106  104  102  101  100   99   99   98   97   96   92   88   83   79   75
   72   70   67   64   61   59   58   57   56   57   58   60   60   60   57   54
   49   44   39   34   33   31   32   33   36
    47.5-180.0 180.0   5.0 450.0                            LAT/LON1/LON2/DLON/H
   42   45   47   51   53   55   59   63   67   71   74   77   79   82   84   88
   92   97  101  105  107  108  109  109  111  113  116  119  121  122  122  119
  116  114  112  111  110  110  109  109  108  107  105  100   95   89   84   80
   78   75   73   71   69   66   65   64   64   65   66   67   68   69   67   64
   60   55   50   44   42   39   40   39   42
    45.0-180.0 180.0   5.0 450.0                            LAT/LON1/LON2/DLON/H
   48   51   53   55   56   60   64   69   73   77   80   83   85   87   90   93
   97  102  107  111  113  115  116  116  117  120  123  126  128  129  128  125
  122  120  119  119  119  120  120  119  118  117  114  109  102   96   90   85
   83   82   79   78   76   74   73   72   72   72   72   73   73   74   74   72
   69   65   60   56   52   47   48   48   48
    42.5-180.0 180.0   5.0 450.0                            LAT/LON1/LON2/DLON/H
   56   57   58   59   60   64   69   73   78   83   86   89   92   94   96  100
  103  108  114  119  122  123  124  124  125  127  129  132  133  134  132  129
  126  125  126  127  129  130  131  130  129  127  123  117  110  102   95   91
   88   87   85   83   81   80   79   78   77   77   77   76   76   77   77   77
   75   72   69   65   61   57   57   57   56
    40.0-180.0 180.0   5.0 450.0                            LAT/LON1/LON2/DLON/H
   63   63   62   62   63   67   72   78   83   90   94   97  100  102  104  107
  110  115  120  127  131  133  134  134  134  135  136  137  138  137  135  133
  131  131  132  135  138  141  142  141  139  137  131  125  117  108  101   96
   92   90   88   85   84   83   83   82   81   81   81   80   80   79   79   78
   77   76   73   71   67   64   64   64   63
    37.5-180.0 180.0   5.0 450.0                            LAT/LON1/LON2/DLON/H
   68   67   66   64   65   69   74   81   88   95  101  105  109  111  114  115
  118  122  127  134  139  143  145  145  144  144  143  143  143  142  140  137
  136  137  141  145  150  153  153  152  150  146  140  134  124  113  105   99
   94   90   88   85   84   83   84   83   83   83   84   83   82   80   79   78
   76   76   74   73   71   69   68   69   68
    35.0-180.0 180.0   5.0 450.0                            LAT/LON1/LON2/DLON/H
   71   70   68   65   65   69   75   84   93  101  108  114  118  122  124  126
  127  130  136  142  148  152  155  155  155  154  153  152  152  151  148  145
  145  148  153  159  164  168  168  166  161  155  149  140  131  118  108  100
   94   89   86   84   82   82   83   83   83   83   84   83   82   79   78   76
   75   74   74   73   72   71   71   71   71
    32.5-180.0 180.0   5.0 450.0                            LAT/LON1/LON2/DLON/H
   72   70   67   64   63   67   75   85   95  106  114  121  127  132  136  137
  138  140  144  150  155  161  164  165  165  166  165  165  166  164  161  158
  161  166  173  178  183  186  185  180  173  165  157  149  137  123  110  100
   93   87   84   81   79   80   82   83   83   82   82   81   80   78   76   74
   73   73   72   72   72   71   72   72   72
    30.0-180.0 180.0   5.0 450.0                            LAT/LON1/LON2/DLON/H
   71   70   67   63   61   64   72   84   95  107  118  127  135  141  146  148
  148  149  152  157  162  168  172  174  176  179  181  183  185  184  181  180
  184  190  196  204  209  208  205  198  188  175  167  158  143  128  113  101
   94   88   83   79   78   78   81   82   83   81   80   79   78   77   75   73
   72   71   71   71   71   70   71   71   71
    27.5-180.0 180.0   5.0 450.0                            LAT/LON1/LON2/DLON/H
   70   69   66   62   60   62   69   82   95  108  119  130  139  148  154  158
  158  158  160  164  169  174  179  183  187  194  200  206  211  211  209  209
  213  220  226  234  238  237  228  218  205  193  180  166  150  134  118  107
   98   92   86   81   78   79   81   83   82   80   78   78   77   76   74   73
   72   71   71   70   70   70   70   70   70
    25.0-180.0 180.0   5.0 450.0                            LAT/LON1/LON2/DLON/H
   69   68   67   63   60   60   66   79   94  108  120  131  141  151  160  165
  166  167  169  173  177  182  187  193  202  213  223  233  240  242  242  244
  247  253  260  270  276  271  255  239  224  211  195  179  163  147  131  118
  109  102   94   87   83   82   83   85   84   81   78   78   78   77   76   76
   75   75   73   72   71   71   70   70   69
    22.5-180.0 180.0   5.0 450.0                            LAT/LON1/LON2/DLON/H
   69   68   67   65   61   61   66   79   93  107  119  131  142  153  163  169
  173  176  178  184  188  193  199  207  219  235  249  263  272  277  279  279
  281  288  295  307  315  306  278  259  243  229  214  199  184  168  151  135
  126  118  108  100   93   90   90   90   88   85   81   80   81   81   80   81
   81   81   79   77   75   73   72   70   69
    20.0-180.0 180.0   5.0 450.0                            LAT/LON1/LON2/DLON/H
   69   69   69   66   64   63   70   81   95  108  120  131  142  154  164  172
  178  184  190  198  202  208  213  223  239  258  277  295  305  313  317  313
  315  316  327  338  342  325  297  276  262  251  239  227  212  196  177  161
  150  140  128  118  111  104  102  100   98   94   90   88   88   88   88   89
   90   89   87   85   81   78   75   72   69
    17.5-180.0 180.0   5.0 450.0                            LAT/LON1/LON2/DLON/H
   72   71   70   69   66   67   74   86  100  112  122  132  144  155  166  175
  183  192  202  213  220  224  230  241  259  283  307  327  337  346  352  347
  343  341  348  354  354  335  311  295  285  277  269  257  241  223  204  189
  178  166  154  141  134  124  119  115  112  109  104  102  101   99   99   99
  101  100   97   94   90   86   80   75   72
    15.0-180.0 180.0   5.0 450.0                            LAT/LON1/LON2/DLON/H
   77   75   74   72   70   71   78   91  107  118  127  136  146  157  169  179
  189  202  216  230  238  243  249  261  281  306  333  355  365  373  377  373
  363  360  361  361  354  339  323  313  309  306  298  284  268  249  230  215
  206  192  180  166  157  147  140  135  131  127  122  120  117  113  111  111
  111  110  108  104  100   94   87   81   77
    12.5-180.0 180.0   5.0 450.0                            LAT/LON1/LON2/DLON/H
   83   79   77   76   74   74   81   95  111  124  133  141  151  162  174  186
  198  214  232  247  257  263  269  283  303  327  354  375  385  389  391  385
  375  370  367  362  352  342  333  330  330  329  321  308  290  271  252  235
  227  214  201  188  177  168  160  157  154  150  145  140  134  126  123  122
  121  119  116  112  108  102   96   88   83
    10.0-180.0 180.0   5.0 450.0                            LAT/LON1/LON2/DLON/H
   90   84   82   80   78   78   84   97  114  129  139  148  157  169  182  195
  209  229  248  265  277  284  290  302  321  344  366  385  396  397  396  390
  381  374  369  362  353  346  343  345  346  344  336  323  305  285  266  250
  239  226  211  198  188  180  175  175  176  173  168  160  151  139  133  130
  128  124  120  116  112  108  102   96   90
     7.5-180.0 180.0   5.0 450.0                            LAT/LON1/LON2/DLON/H
   95   89   85   82   80   79   85   99  116  132  145  155  165  179  191  206
  222  243  263  282  295  303  310  319  335  356  375  390  399  400  397  392
  386  380  372  366  358  353  353  355  356  352  342  328  310  290  270  253
  238  224  209  198  189  185  183  187  190  191  186  176  165  150  141  135
  130  125  120  115  112  110  106  101   95
     5.0-180.0 180.0   5.0 450.0                            LAT/LON1/LON2/DLON/H
   97   91   87   84   81   80   86  100  119  135  150  162  173  188  203  220
  236  258  279  297  310  318  324  332  346  364  380  391  399  400  399  397
  393  388  380  374  367  362  362  362  360  351  338  321  303  281  261  243
  226  211  199  189  183  182  184  191  197  200  196  185  172  156  145  136
  128  122  115  110  108  108  107  103   97
     2.5-180.0 180.0   5.0 450.0                            LAT/LON1/LON2/DLON/H
   96   91   87   84   81   81   86  100  119  138  153  167  181  197  215  233
  252  272  292  309  322  328  334  341  353  369  382  390  395  398  401  403
  401  397  390  382  375  370  368  365  356  343  326  305  284  261  240  222
  205  191  181  174  172  174  179  188  196  200  197  185  171  155  141  131
  122  114  107  102  101  102  102  101   96
