ionex_files/bejaia/igsg0900.21i
     1.0            IONOSPHERE MAPS     MIX                 IONEX VERSION / TYPE
cmpcmb v1.2          GRL/UWM            15-apr-21 05:52     PGM / RUN BY / DATE 
ionex file containing IGS COMBINED Ionosphere maps          COMMENT             
global ionosphere maps for day 090, 2021                    DESCRIPTION         
IONEX file containing the COMBINED IGS TEC MAPS and DCBs    DESCRIPTION         
      IONEX files of the following IAACs were combined: cod DESCRIPTION         
                                                        esa DESCRIPTION         
                                                        jpl DESCRIPTION         
                                                        upc DESCRIPTION         
Contact address: Andrzej Krankowski                         DESCRIPTION
                 Geodynamics Research Laboratory            DESCRIPTION
                 University of Warmia and Mazury (GRL/UWM)  DESCRIPTION
                 Oczapowski St. 1                           DESCRIPTION
                 10-957-Olsztyn, POLAND                     DESCRIPTION
                 e-mail:  kand@uwm.edu.pl                   DESCRIPTION
                                                            DESCRIPTION         
  2021     3    31     0     0     0                        EPOCH OF FIRST MAP  
  2021     4     1     0     0     0                        EPOCH OF LAST MAP   
  7200                                                      INTERVAL            
    13                                                      # OF MAPS IN FILE   
  COSZ                                                      MAPPING FUNCTION    
     0.0                                                    ELEVATION CUTOFF    
combined TEC calculated as weighted mean of input TEC valuesOBSERVABLES USED    
   378                                                      # OF STATIONS       
    32                                                      # OF SATELLITES     
  6371.0                                                    BASE RADIUS         
     2                                                      MAP DIMENSION       
   450.0 450.0   0.0                                        HGT1 / HGT2 / DHGT  
    87.5 -87.5  -2.5                                        LAT1 / LAT2 / DLAT  
  -180.0 180.0   5.0                                        LON1 / LON2 / DLON  
    -1                                                      EXPONENT            
TEC values in 0.1 tec units;  9999, if no value available   COMMENT             
DCB values in nanoseconds, reference is Sum_of_SatDCBs = 0  COMMENT             
                                                            END OF HEADER       
     1                                                      START OF TEC MAP    
  2021     3    31     0     0     0                        EPOCH OF CURRENT MAP
    87.5-180.0 180.0   5.0 450.0                            LAT/LON1/LON2/DLON/H
   75   75   76   76   76   76   76   76   76   76   76   76   76   75   75   75
   75   75   74   74   73   73   72   71   71   71   70   70   69   69   68   68
   68   68   66   66   66   66   66   66   66   66   66   65   65   65   66   66
   66   66   66   66   66   66   67   67   67   68   68   69   69   69   70   71
   72   72   73   73   73   74   74   75   75
    85.0-180.0 180.0   5.0 450.0                            LAT/LON1/LON2/DLON/H
   76   76   77   78   78   79   79   80   80   80   80   79   79   79   78   77
   76   75   74   73   72   70   69   67   67   66   65   65   64   63   62   62
   62   61   61   60   60   59   59   58   58   58   59   58   59   59   60   60
   61   61   62   62   62   62   62   63   63   63   63   65   66   66   67   68
   69   70   71   72   72   73   74   75   76
    82.5-180.0 180.0   5.0 450.0                            LAT/LON1/LON2/DLON/H
   76   78   79   81   82   84   85   86   87   88   88   89   88   88   86   84
   83   81   78   75   71   68   65   63   63   62   62   60   59   58   58   57
   57   56   56   56   55   55   55   55   55   55   55   55   55   55   55   55
   56   57   58   58   58   59   59   59   60   60   60   60   62   63   64   65
   66   67   68   69   70   72   73   74   76
    80.0-180.0 180.0   5.0 450.0                            LAT/LON1/LON2/DLON/H
   77   79   81   83   86   88   90   92   93   94   94   94   93   92   90   87
   85   82   79   76   73   72   64   62   61   61   60   59   57   56   56   55
   54   54   53   53   52   52   51   51   50   50   50   50   50   51   51   51
   52   52   53   54   54   55   56   57   57   57   58   58   59   60   61   62
   63   64   65   67   69   71   72   75   77
    77.5-180.0 180.0   5.0 450.0                            LAT/LON1/LON2/DLON/H
   76   79   81   85   87   90   93   95   97   99   99  100  100   98   96   92
   88   84   80   77   73   68   64   62   60   59   58   56   55   54   53   53
   52   51   51   50   50   49   48   47   46   44   44   44   45   45   46   46
   47   47   48   49   51   52   53   54   54   55   56   57   58   59   60   61
   62   64   65   67   68   70   72   74   76
    75.0-180.0 180.0   5.0 450.0                            LAT/LON1/LON2/DLON/H
   78   80   83   86   89   92   95   98  101  103  104  105  104  101   97   93
   87   81   75   71   67   62   59   56   55   54   54   53   52   52   52   51
   51   50   49   48   47   46   45   44   42   41   40   39   40   40   40   41
   41   42   43   44   46   48   49   51   52   53   55   56   58   60   61   62
   64   66   67   68   70   71   73   75   78
    72.5-180.0 180.0   5.0 450.0                            LAT/LON1/LON2/DLON/H
   82   84   86   88   91   94   97   99  102  104  106  105  104  101   96   90
   83   77   72   67   62   59   56   53   52   51   50   51   50   49   49   49
   48   47   47   46   45   44   43   42   40   38   37   35   35   35   35   35
   36   37   38   40   42   44   46   47   49   51   54   57   59   61   63   65
   67   69   70   72   74   76   78   80   82
    70.0-180.0 180.0   5.0 450.0                            LAT/LON1/LON2/DLON/H
   88   90   91   93   94   95   97   99  102  103  104  104  103  100   95   88
   82   75   68   64   59   56   53   51   50   49   48   48   48   46   46   46
   45   45   44   44   42   41   40   40   38   35   33   32   31   31   31   31
   32   33   34   35   38   40   42   44   47   50   53   57   60   63   67   69
   72   74   76   78   80   83   85   87   88
    67.5-180.0 180.0   5.0 450.0                            LAT/LON1/LON2/DLON/H
   97   98   99   99   99   98   98   99  100  102  103  103  102   99   93   87
   80   73   67   62   57   54   52   51   49   49   46   46   45   44   43   42
   42   41   41   40   39   38   37   36   35   32   30   29   28   28   29   29
   28   30   30   31   34   36   39   42   46   50   54   59   63   66   71   74
   77   80   82   86   88   91   93   95   97
    65.0-180.0 180.0   5.0 450.0                            LAT/LON1/LON2/DLON/H
  105  106  107  106  104  102  101  100   99  100  101  101  101   98   93   87
   79   73   67   62   58   55   53   52   50   49   46   44   43   41   40   39
   39   37   36   36   35   34   34   33   31   29   27   27   27   27   27   27
   27   27   27   29   31   34   38   41   46   51   56   62   67   72   76   80
   84   87   90   92   95   98  100  103  105
    62.5-180.0 180.0   5.0 450.0                            LAT/LON1/LON2/DLON/H
  112  114  115  113  111  108  104  101   98   98   98   98   98   97   94   88
   83   76   70   64   60   58   55   53   52   50   46   43   41   40   38   37
   36   34   33   32   31   30   31   30   29   28   27   27   28   29   29   29
   28   27   27   29   31   35   38   43   48   54   60   67   72   78   82   87
   90   92   95   97  100  103  106  109  112
    60.0-180.0 180.0   5.0 450.0                            LAT/LON1/LON2/DLON/H
  117  120  122  122  119  114  109  104  100   98   97   97   97   97   94   91
   87   82   75   69   65   62   59   56   54   52   47   44   42   40   39   38
   35   34   33   32   31   30   30   30   30   30   30   31   32   33   34   33
   32   31   31   32   33   37   41   47   52   60   66   73   79   85   89   93
   96   98   99  101  103  106  109  113  117
    57.5-180.0 180.0   5.0 450.0                            LAT/LON1/LON2/DLON/H
  121  125  128  129  126  121  115  108  103   99   98   97   97   97   96   94
   91   87   82   76   73   70   66   63   60   57   52   48   45   43   42   40
   37   36   36   34   33   32   32   33   34   34   36   38   39   41   41   40
   39   38   38   38   39   42   47   53   59   67   74   81   87   92   96   99
  101  102  103  104  105  108  112  116  121
    55.0-180.0 180.0   5.0 450.0                            LAT/LON1/LON2/DLON/H
  125  130  134  136  133  129  123  115  108  103  101   99   98   98   98   96
   94   91   89   86   83   80   76   73   71   66   60   55   53   51   49   47
   43   41   41   39   38   37   37   38   39   41   44   46   48   49   50   49
   47   46   45   45   46   50   55   61   68   76   82   89   94   98  102  104
  106  108  109  109  110  112  115  119  125
    52.5-180.0 180.0   5.0 450.0                            LAT/LON1/LON2/DLON/H
  129  135  140  142  141  137  131  123  115  110  106  103  101  100   99   97
   96   95   94   94   93   90   87   84   80   75   67   64   62   60   58   55
   50   47   46   45   44   44   44   45   47   49   52   54   56   56   57   58
   56   55   54   54   55   58   63   69   76   84   90   96  100  104  106  108
  110  113  114  114  115  117  119  123  129
    50.0-180.0 180.0   5.0 450.0                            LAT/LON1/LON2/DLON/H
  135  140  145  148  148  145  139  132  124  118  112  109  106  104  102  100
   99   99   99  100  100   99   97   93   89   83   77   74   73   71   67   62
   58   55   52   52   50   51   51   52   54   57   60   62   63   63   64   65
   64   64   63   63   64   66   70   75   83   91   98  103  105  108  109  111
  114  117  119  120  121  124  126  129  135
    47.5-180.0 180.0   5.0 450.0                            LAT/LON1/LON2/DLON/H
  142  146  150  153  154  153  148  140  133  128  121  116  112  109  106  104
  103  103  104  105  105  106  105  102   97   92   86   84   82   78   73   68
   63   60   57   57   56   57   57   58   59   62   65   67   68   69   70   71
   71   72   72   72   73   74   77   82   89   97  102  107  110  112  113  116
  120  123  128  130  132  133  136  138  142
    45.0-180.0 180.0   5.0 450.0                            LAT/LON1/LON2/DLON/H
  148  151  153  156  159  158  154  148  141  136  130  124  120  116  112  110
  110  110  110  112  113  114  113  110  105   99   94   89   85   80   75   70
   65   62   61   61   61   61   62   62   64   66   69   72   73   73   75   76
   78   79   81   80   80   80   83   88   94  100  106  111  114  116  118  123
  127  131  137  141  142  144  146  148  148
    42.5-180.0 180.0   5.0 450.0                            LAT/LON1/LON2/DLON/H
  156  156  158  158  160  161  158  153  147  143  139  133  128  125  121  118
  118  118  118  120  121  123  122  117  112  104   97   91   85   80   74   69
   65   63   62   63   64   64   64   64   65   68   72   75   77   78   80   82
   84   86   87   86   84   85   87   91   97  103  110  115  118  120  123  129
  134  140  147  150  152  153  155  156  156
    40.0-180.0 180.0   5.0 450.0                            LAT/LON1/LON2/DLON/H
  164  164  163  161  162  163  161  156  153  150  147  141  138  135  132  129
  128  128  128  130  132  133  130  125  117  106   97   89   82   76   70   66
   63   62   64   65   67   66   66   65   66   69   74   78   80   82   84   87
   89   90   90   87   84   84   86   91   98  106  113  119  123  126  129  135
  141  148  153  156  158  160  163  164  164
    37.5-180.0 180.0   5.0 450.0                            LAT/LON1/LON2/DLON/H
  172  172  170  167  166  166  164  161  158  157  154  150  147  145  143  142
  140  140  140  141  143  143  139  131  120  106   94   84   77   71   67   64
   63   64   66   67   68   68   67   66   67   70   75   80   82   84   85   88
   89   90   88   84   81   79   80   85   95  105  115  122  128  133  137  142
  148  154  157  159  161  164  168  171  172
    35.0-180.0 180.0   5.0 450.0                            LAT/LON1/LON2/DLON/H
  180  180  179  176  173  171  169  167  165  164  163  160  157  157  156  155
  154  153  153  153  154  153  146  135  120  104   89   80   73   69   67   67
   68   69   72   72   72   72   70   68   68   71   76   81   84   84   85   85
   86   86   84   79   74   72   73   79   89  102  113  123  132  138  143  149
  154  159  161  162  164  168  174  178  180
    32.5-180.0 180.0   5.0 450.0                            LAT/LON1/LON2/DLON/H
  189  190  189  186  184  180  178  176  173  172  172  171  169  169  169  170
  169  167  165  164  163  160  151  136  118  101   86   78   73   71   72   75
   78   80   81   81   80   78   75   72   72   74   77   82   84   83   81   80
   80   79   76   71   66   64   67   74   84   98  111  124  135  143  150  157
  161  165  166  167  169  174  180  186  189
    30.0-180.0 180.0   5.0 450.0                            LAT/LON1/LON2/DLON/H
  202  203  202  200  199  196  194  191  188  186  185  183  182  182  182  183
  182  180  177  174  170  165  153  135  115   98   85   78   77   78   82   88
   92   94   94   91   88   87   83   79   77   80   81   83   83   82   78   75
   73   72   69   63   59   58   62   71   82   96  111  125  137  147  156  163
  169  173  174  174  177  184  192  199  202
    27.5-180.0 180.0   5.0 450.0                            LAT/LON1/LON2/DLON/H
  220  221  221  220  219  217  215  210  207  204  203  199  197  197  195  195
  194  190  185  180  175  166  152  133  113   97   87   83   85   89   96  102
  108  110  107  104  100   99   94   86   83   84   84   84   82   80   74   70
   68   67   63   57   53   53   59   69   82   96  111  127  141  152  161  171
  178  182  184  186  190  198  208  216  220
    25.0-180.0 180.0   5.0 450.0                            LAT/LON1/LON2/DLON/H
  244  246  246  244  243  242  240  236  231  228  226  221  216  212  210  208
  203  198  191  183  175  165  151  131  112   98   92   91   95  103  112  117
  122  124  121  120  115  111  102   93   88   86   85   85   82   78   72   66
   63   61   57   52   50   51   58   69   83   98  114  129  145  157  168  180
  189  194  198  201  207  217  228  238  244
    22.5-180.0 180.0   5.0 450.0                            LAT/LON1/LON2/DLON/H
  269  273  272  273  271  270  267  263  260  256  253  247  240  233  226  221
  213  205  195  185  174  163  148  130  113  102   98   99  106  114  123  127
  131  133  131  129  123  118  106   97   91   87   86   85   82   77   70   63
   59   57   53   50   48   51   59   71   85  101  117  133  148  163  176  190
  201  209  214  218  228  239  251  262  269
    20.0-180.0 180.0   5.0 450.0                            LAT/LON1/LON2/DLON/H
  292  297  298  299  299  299  295  293  291  289  284  276  265  254  243  235
  223  211  198  185  173  161  146  129  114  105  102  105  112  120  126  129
  133  136  135  131  126  118  108   99   92   88   86   84   81   76   68   61
   57   53   51   49   49   52   61   74   88  104  121  137  153  169  183  198
  211  222  228  234  247  260  273  284  292
    17.5-180.0 180.0   5.0 450.0                            LAT/LON1/LON2/DLON/H
  310  316  319  321  322  322  321  321  320  321  316  308  293  277  262  250
  235  220  202  186  172  159  145  129  116  108  106  110  115  120  122  124
  128  133  132  127  123  114  106   99   92   87   85   82   78   72   66   59
   55   52   49   48   49   55   64   76   91  108  125  141  159  175  191  206
  219  232  241  249  262  278  293  304  310
    15.0-180.0 180.0   5.0 450.0                            LAT/LON1/LON2/DLON/H
  323  328  335  340  341  341  343  344  345  347  344  335  319  299  280  265
  251  233  210  189  173  159  145  130  118  112  111  114  116  116  114  115
  119  124  125  120  118  110  103   97   91   86   82   79   75   69   64   58
   54   50   48   47   49   56   66   80   95  111  128  148  166  184  199  214
  227  239  250  259  273  289  304  315  323
    12.5-180.0 180.0   5.0 450.0                            LAT/LON1/LON2/DLON/H
  326  335  345  351  355  356  358  360  362  366  366  356  339  318  298  280
  266  248  222  198  178  163  147  133  123  118  116  116  113  109  106  105
  108  115  117  115  113  107  101   94   88   83   78   74   70   66   62   58
   53   50   47   46   48   54   68   82   97  114  131  152  172  191  209  222
  234  244  254  263  277  292  307  318  326
    10.0-180.0 180.0   5.0 450.0                            LAT/LON1/LON2/DLON/H
  323  334  346  357  362  366  368  369  374  379  379  370  353  333  314  296
  282  265  239  212  189  169  153  138  128  122  120  117  112  105   99   97
  101  108  113  114  113  108  100   93   85   79   73   69   66   64   62   57
   53   49   46   45   47   52   65   81   98  115  133  153  174  196  215  228
  238  248  256  264  275  288  303  314  323
     7.5-180.0 180.0   5.0 450.0                            LAT/LON1/LON2/DLON/H
  317  330  342  355  361  367  370  375  382  386  385  376  361  343  326  311
  297  283  258  229  201  179  160  145  134  127  122  118  111  103   97   96
  100  108  115  118  117  111  102   92   83   75   69   66   65   64   61   56
   52   48   46   44   45   49   61   78   95  113  132  151  175  196  216  229
  240  250  257  263  272  283  296  308  317
     5.0-180.0 180.0   5.0 450.0                            LAT/LON1/LON2/DLON/H
  311  324  336  348  355  362  367  375  383  387  385  376  362  346  333  321
  312  299  276  245  213  188  168  153  141  133  126  120  114  107  102  101
  106  115  122  125  124  117  106   93   81   73   68   65   64   64   60   55
   51   48   45   42   42   46   57   72   91  109  126  145  169  194  213  227
  239  250  258  264  271  279  290  301  311
     2.5-180.0 180.0   5.0 450.0                            LAT/LON1/LON2/DLON/H
  306  319  330  339  348  355  362  370  377  381  380  372  359  346  335  328
  322  311  291  261  227  197  178  163  151  141  133  127  121  117  114  113
  117  125  131  133  132  122  110   96   84   75   69   66   65   63   59   54
   50   46   43   40   39   43   54   68   85  102  117  135  159  186  207  223
  237  248  259  266  272  279  288  297  306
