ionex_files/bejaia/igsg0830.21i
     1.0            IONOSPHERE MAPS     MIX                 IONEX VERSION / TYPE
cmpcmb v1.2          GRL/UWM            12-apr-21 05:31     PGM / RUN BY / DATE 
ionex file containing IGS COMBINED Ionosphere maps          COMMENT             
global ionosphere maps for day 083, 2021                    DESCRIPTION         
IONEX file containing the COMBINED IGS TEC MAPS and DCBs    DESCRIPTION         
      IONEX files of the following IAACs were combined: cod DESCRIPTION         
                                                        esa DESCRIPTION         
                                                        jpl DESCRIPTION         
                                                        upc DESCRIPTION         
Contact address: Andrzej Krankowski                         DESCRIPTION
                 Geodynamics Research Laboratory            DESCRIPTION
                 University of Warmia and Mazury (GRL/UWM)  DESCRIPTION
                 Oczapowski St. 1                           DESCRIPTION
                 10-957-Olsztyn, POLAND                     DESCRIPTION
                 e-mail:  kand@uwm.edu.pl                   DESCRIPTION
                                                            DESCRIPTION         
  2021     3    24     0     0     0                        EPOCH OF FIRST MAP  
  2021     3    25     0     0     0                        EPOCH OF LAST MAP   
  7200                                                      INTERVAL            
    13                                                      # OF MAPS IN FILE   
  COSZ                                                      MAPPING FUNCTION    
     0.0                                                    ELEVATION CUTOFF    
combined TEC calculated as weighted mean of input TEC valuesOBSERVABLES USED    
   375                                                      # OF STATIONS       
    32                                                      # OF SATELLITES     
  6371.0                                                    BASE RADIUS         
     2                                                      MAP DIMENSION       
   450.0 450.0   0.0                                        HGT1 / HGT2 / DHGT  
    87.5 -87.5  -2.5                                        LAT1 / LAT2 / DLAT  
  -180.0 180.0   5.0                                        LON1 / LON2 / DLON  
    -1                                                      EXPONENT            
TEC values in 0.1 tec units;  9999, if no value available   COMMENT             
DCB values in nanoseconds, reference is Sum_of_SatDCBs = 0  COMMENT             
                                                            END OF HEADER       
[from data line 858]
     3                                                      START OF TEC MAP    
  2021     3    24     4     0     0                        EPOCH OF CURRENT MAP
    87.5-180.0 180.0   5.0 450.0                            LAT/LON1/LON2/DLON/H
   60   60   60   60   60   60   60   60   59   60   59   59   59   59   58   58
   57   57   57   56   56   55   54   54   54   53   53   53   53   52   53   52
   52   52   52   53   53   53   53   53   54   55   55   55   55   56   56   56
   57   57   57   58   58   59   59   59   60   60   60   60   60   60   60   61
   61   60   60   60   60   60   60   60   60
    85.0-180.0 180.0   5.0 450.0                            LAT/LON1/LON2/DLON/H
   62   62   62   62   62   62   63   63   63   63   62   63   61   61   60   59
   59   57   56   55   54   53   51   50   49   48   47   47   46   46   46   46
   46   46   47   47   48   49   49   51   51   52   53   54   55   55   56   58
   58   59   59   60   60   61   62   62   63   63   63   63   63   63   63   63
   63   63   63   63   62   62   61   62   62
    82.5-180.0 180.0   5.0 450.0                            LAT/LON1/LON2/DLON/H
   64   64   64   64   64   65   65   65   65   65   65   65   64   64   63   62
   60   58   56   54   52   50   47   45   43   41   40   39   38   38   38   38
   39   39   40   42   43   44   46   47   48   50   51   53   54   56   58   59
   61   62   63   63   64   65   66   67   68   67   67   67   67   67   67   66
   66   66   65   65   64   64   64   64   64
    80.0-180.0 180.0   5.0 450.0                            LAT/LON1/LON2/DLON/H
   64   63   63   63   63   64   65   65   65   66   66   66   66   65   64   63
   61   59   56   53   49   46   42   39   36   34   33   32   31   31   31   32
   33   34   36   37   39   41   43   45   47   49   51   52   54   56   58   60
   62   64   66   67   68   69   70   72   72   73   72   72   72   72   72   72
   72   71   70   69   68   67   66   65   64
    77.5-180.0 180.0   5.0 450.0                            LAT/LON1/LON2/DLON/H
   66   65   63   63   62   63   63   64   63   65   66   66   66   65   65   64
   62   58   54   50   46   42   39   35   32   30   28   27   27   26   27   29
   30   31   33   35   38   40   41   44   46   48   50   52   54   56   58   60
   62   64   66   68   70   72   74   75   76   77   78   78   78   78   78   78
   78   77   76   75   74   72   70   68   66
    75.0-180.0 180.0   5.0 450.0                            LAT/LON1/LON2/DLON/H
   71   68   66   64   62   61   60   60   60   62   64   65   66   65   64   61
   58   55   51   47   43   39   35   31   28   26   25   25   25   25   26   28
   29   32   34   35   37   39   41   43   45   47   49   51   53   55   57   59
   61   64   66   69   72   75   77   79   81   82   83   84   84   85   85   85
   85   84   84   82   81   79   77   74   71
    72.5-180.0 180.0   5.0 450.0                            LAT/LON1/LON2/DLON/H
   78   74   70   66   63   61   58   58   58   59   61   62   62   61   59   57
   55   52   48   44   40   36   33   29   27   26   25   26   26   28   28   30
   32   33   35   36   37   39   40   42   43   45   48   49   51   53   55   58
   60   63   66   70   73   77   80   83   85   87   88   89   90   91   92   92
   92   92   91   90   88   86   84   81   78
    70.0-180.0 180.0   5.0 450.0                            LAT/LON1/LON2/DLON/H
   84   80   76   72   67   63   59   56   55   56   56   55   55   54   53   52
   49   47   45   41   37   35   32   30   29   28   28   29   30   32   33   34
   35   36   37   37   37   37   38   39   40   42   44   47   49   51   54   56
   59   63   67   71   75   79   83   86   88   90   91   93   94   95   96   97
   97   97   97   97   95   93   91   87   84
    67.5-180.0 180.0   5.0 450.0                            LAT/LON1/LON2/DLON/H
   90   87   82   78   73   68   62   57   54   52   50   49   47   47   46   46
   44   43   40   38   36   35   33   33   32   32   33   34   36   37   38   38
   38   37   36   36   36   35   34   35   36   38   41   43   46   50   53   56
   59   63   68   73   77   81   85   88   91   93   94   95   96   97   98   99
  100  101  101  101  100   99   96   94   90
    65.0-180.0 180.0   5.0 450.0                            LAT/LON1/LON2/DLON/H
   96   92   88   83   78   73   67   61   56   51   47   44   42   40   40   40
   39   38   37   36   35   36   35   35   35   36   37   39   40   41   41   41
   39   38   35   33   31   30   29   30   32   34   37   41   45   50   54   56
   60   64   68   74   78   82   86   91   93   95   96   97   97   98   99  100
  101  101  102  102  102  101   99   98   96
    62.5-180.0 180.0   5.0 450.0                            LAT/LON1/LON2/DLON/H
   98   96   93   88   84   78   73   67   60   54   47   42   38   36   35   36
   36   35   35   35   35   36   36   37   37   38   39   41   42   43   42   41
   38   34   31   28   26   25   25   26   28   31   35   40   45   50   55   58
   62   66   70   75   80   84   89   93   96   98   99   99   99   99  100  100
  100  101  101  101  101  101  100  100   98
    60.0-180.0 180.0   5.0 450.0                            LAT/LON1/LON2/DLON/H
   99   98   95   92   88   83   78   72   66   58   51   43   38   34   33   34
   34   34   35   35   36   37   37   37   37   38   38   40   41   42   41   38
   35   30   26   24   22   22   21   22   25   29   35   41   46   52   57   61
   65   69   74   78   83   89   94   98  101  102  103  102  103  102  103  102
  102  101  101   99   99   98   99   99   99
    57.5-180.0 180.0   5.0 450.0                            LAT/LON1/LON2/DLON/H
  100   99   97   94   91   87   82   77   71   63   56   48   41   36   34   35
   35   35   35   36   35   35   35   35   35   36   36   36   36   37   37   34
   31   26   23   21   21   21   21   23   25   30   36   43   49   55   60   64
   68   73   77   84   90   96  101  105  108  109  110  109  109  109  109  108
  107  105  103  101  100   99   99   99  100
    55.0-180.0 180.0   5.0 450.0                            LAT/LON1/LON2/DLON/H
  101  100   99   96   93   89   85   81   75   68   61   53   47   42   38   38
   36   37   37   36   35   34   33   34   32   32   33   32   32   33   33   30
   27   24   22   22   22   23   24   26   29   34   40   47   54   60   64   69
   74   78   85   91   98  105  110  115  118  118  118  118  118  118  118  116
  114  112  109  106  103  101  101  101  101
    52.5-180.0 180.0   5.0 450.0                            LAT/LON1/LON2/DLON/H
  105  103  101   99   95   92   88   83   78   72   66   60   54   49   46   44
   41   40   39   37   35   33   32   31   30   30   30   30   30   30   31   29
   27   26   25   27   28   29   31   33   35   40   46   53   59   65   70   75
   79   85   93  101  108  115  121  125  128  129  129  130  129  129  128  128
  125  122  119  115  111  107  105  104  105
    50.0-180.0 180.0   5.0 450.0                            LAT/LON1/LON2/DLON/H
  110  109  106  102   99   95   91   86   82   75   70   65   60   56   52   50
   47   44   43   40   37   35   33   33   32   32   31   31   31   32   32   31
   30   31   32   34   36   39   40   41   43   47   53   58   66   71   76   81
   86   93  101  110  119  126  132  136  138  139  140  140  141  141  141  141
  139  135  131  126  121  116  113  111  110
    47.5-180.0 180.0   5.0 450.0                            LAT/LON1/LON2/DLON/H
  119  117  113  108  104  100   95   91   86   80   75   70   67   63   59   56
   53   51   47   45   42   40   39   38   38   38   37   37   38   39   38   38
   38   39   41   44   46   48   49   50   51   55   60   66   73   79   84   89
   94  102  110  120  130  137  142  145  147  148  149  150  150  151  151  153
  151  148  144  138  132  126  123  121  119
    45.0-180.0 180.0   5.0 450.0                            LAT/LON1/LON2/DLON/H
  129  126  121  115  110  105  101   96   92   86   81   76   73   69   66   62
   59   56   53   51   49   49   49   50   50   50   48   48   48   48   47   47
   47   49   50   52   55   57   57   57   58   61   67   74   80   86   92   98
  105  112  121  132  141  147  151  153  154  154  155  155  156  157  159  160
  160  158  154  149  142  136  133  131  129
    42.5-180.0 180.0   5.0 450.0                            LAT/LON1/LON2/DLON/H
  137  134  129  122  117  113  109  104   98   93   88   84   80   76   71   68
   65   62   60   59   58   59   61   62   63   63   61   60   58   57   55   56
   56   57   58   59   62   62   62   62   63   67   73   81   89   95  102  108
  115  124  132  142  151  155  159  159  159  158  158  158  158  160  163  165
  166  165  162  157  151  145  142  139  137
    40.0-180.0 180.0   5.0 450.0                            LAT/LON1/LON2/DLON/H
  142  139  135  129  124  121  117  113  107  102   96   91   87   82   78   74
   71   69   68   68   68   70   73   75   75   74   72   69   66   63   61   62
   62   62   63   63   64   65   64   64   66   71   79   88   98  105  112  119
  125  134  142  150  158  162  163  162  161  160  160  159  160  162  165  168
  171  171  169  163  157  151  148  145  142
    37.5-180.0 180.0   5.0 450.0                            LAT/LON1/LON2/DLON/H
  145  142  138  133  129  127  124  121  116  111  105   99   94   89   85   80
   78   77   76   77   78   81   83   83   83   80   78   74   70   66   64   64
   64   64   64   64   64   65   65   65   68   74   84   95  105  114  121  127
  134  142  149  156  161  165  165  165  165  165  164  163  165  166  169  174
  176  178  176  170  163  155  151  148  145
    35.0-180.0 180.0   5.0 450.0                            LAT/LON1/LON2/DLON/H
  146  143  139  135  132  131  130  127  124  119  114  107  102   97   91   88
   85   84   84   86   87   88   89   87   86   82   78   73   69   65   63   63
   63   63   62   62   63   64   64   65   69   77   89  101  112  120  128  135
  141  148  156  161  164  166  168  169  170  172  173  173  175  176  180  185
  188  189  187  180  172  162  155  150  146
    32.5-180.0 180.0   5.0 450.0                            LAT/LON1/LON2/DLON/H
  149  144  138  134  133  133  133  131  128  124  120  114  108  102   97   94
   91   91   90   91   91   90   88   85   82   78   73   68   65   62   61   61
   62   62   62   62   63   63   63   64   70   79   91  104  115  125  133  140
  147  155  161  165  168  171  174  179  183  187  189  190  193  196  199  205
  207  207  204  196  186  173  164  156  149
    30.0-180.0 180.0   5.0 450.0                            LAT/LON1/LON2/DLON/H
  158  148  140  134  133  134  133  132  129  126  122  116  111  106  101   98
   96   95   94   93   91   87   82   78   73   69   65   62   60   59   58   59
   61   62   62   62   62   62   62   64   69   79   92  104  116  126  135  144
  152  159  166  171  176  181  188  196  203  209  213  216  220  225  229  235
  236  235  230  221  209  193  180  169  158
    27.5-180.0 180.0   5.0 450.0                            LAT/LON1/LON2/DLON/H
  176  162  151  141  136  133  132  130  128  125  121  117  112  107  102   99
   98   96   94   91   87   82   76   69   65   61   60   60   60   60   60   60
   62   63   63   62   62   61   61   64   68   77   88  103  115  127  137  146
  156  165  173  180  187  196  206  218  229  238  244  249  256  260  267  273
  273  269  263  255  240  223  207  192  176
    25.0-180.0 180.0   5.0 450.0                            LAT/LON1/LON2/DLON/H
  204  185  169  154  143  137  132  129  126  123  120  115  111  105   99   97
   96   94   92   88   84   79   72   66   62   60   61   63   65   66   66   65
   66   66   65   64   63   62   61   62   66   74   85   99  114  126  137  148
  160  172  183  193  203  215  229  245  260  271  278  286  296  305  309  315
  314  309  300  293  277  261  244  224  204
    22.5-180.0 180.0   5.0 450.0                            LAT/LON1/LON2/DLON/H
  239  216  195  175  159  148  138  132  128  123  120  115  111  104   97   93
   92   92   90   87   83   79   74   70   68   68   71   75   78   78   77   74
   73   72   69   66   64   61   60   59   61   69   81   95  110  124  137  151
  165  180  194  207  221  236  252  272  290  304  313  323  335  345  349  356
  354  350  341  334  320  304  283  262  239
    20.0-180.0 180.0   5.0 450.0                            LAT/LON1/LON2/DLON/H
  277  248  224  200  181  166  155  144  135  129  125  121  115  107   98   93
   92   92   91   88   87   87   86   85   84   87   91   95   96   94   90   84
   82   77   73   69   65   61   58   56   57   63   75   90  107  123  139  154
  171  188  207  224  241  258  275  293  311  328  341  353  364  373  379  383
  387  385  381  374  361  346  325  302  277
    17.5-180.0 180.0   5.0 450.0                            LAT/LON1/LON2/DLON/H
  316  285  254  228  205  187  175  162  152  142  138  133  127  116  106   99
   97   98   97   96   98  102  105  107  108  113  117  118  115  110  103   95
   90   83   76   71   65   60   55   52   52   57   69   86  105  123  141  158
  176  197  219  239  259  275  292  307  323  341  359  372  380  385  392  397
  399  401  404  400  390  378  361  340  316
    15.0-180.0 180.0   5.0 450.0                            LAT/LON1/LON2/DLON/H
  349  318  288  261  234  214  198  185  176  167  160  156  147  134  121  113
  111  112  112  111  116  125  132  136  137  140  142  140  133  124  114  104
   96   87   79   71   64   58   52   48   47   52   65   83  104  124  144  163
  183  205  229  251  270  287  303  315  329  347  364  375  382  384  388  394
  397  400  403  406  401  392  382  370  349
    12.5-180.0 180.0   5.0 450.0                            LAT/LON1/LON2/DLON/H
  370  348  321  293  264  243  227  215  205  195  189  185  174  159  147  139
  136  138  137  135  142  153  163  167  166  167  165  157  146  132  120  109
  100   89   80   70   62   55   49   45   44   49   62   81  104  126  146  166
  188  210  235  257  276  293  305  316  329  345  360  370  375  376  378  380
  385  388  393  397  396  393  389  383  370
    10.0-180.0 180.0   5.0 450.0                            LAT/LON1/LON2/DLON/H
  379  367  348  320  294  273  259  248  238  227  220  217  206  194  183  179
  173  174  173  170  174  184  193  195  190  187  181  167  151  135  122  110
  100   90   79   69   60   53   47   43   43   48   62   82  104  127  147  167
  189  213  237  258  276  292  302  313  326  339  353  363  367  367  368  370
  376  379  384  386  388  388  387  383  379
     7.5-180.0 180.0   5.0 450.0                            LAT/LON1/LON2/DLON/H
  378  375  361  340  318  301  290  280  268  255  248  245  236  229  221  219
  214  215  212  209  209  214  217  215  205  198  185  169  149  133  119  109
   99   88   78   68   59   52   47   43   43   49   62   81  104  126  146  167
  189  212  235  255  272  288  300  311  323  336  348  358  363  363  365  368
  374  378  381  381  382  381  380  379  378
     5.0-180.0 180.0   5.0 450.0                            LAT/LON1/LON2/DLON/H
  374  375  368  350  334  321  312  305  291  274  266  264  257  252  248  247
  251  248  242  241  237  238  234  226  211  199  181  162  144  128  115  105
   97   87   77   67   59   53   47   44   44   50   62   82  104  125  144  163
  185  207  229  248  266  284  298  311  323  335  347  357  362  364  367  374
  381  386  388  385  381  378  376  375  374
     2.5-180.0 180.0   5.0 450.0                            LAT/LON1/LON2/DLON/H
  374  374  369  357  343  335  328  320  306  285  272  268  265  260  257  258
  262  261  256  257  252  250  241  226  209  190  170  153  136  121  111  103
   95   85   77   68   60   55   50   46   46   51   65   84  104  124  141  158
  178  199  220  240  259  279  295  311  324  337  348  359  365  368  374  384
  394  401  401  395  386  379  376  374  374
