ionex_files/bejaia/igsg0820.21i
     1.0            IONOSPHERE MAPS     MIX                 IONEX VERSION / TYPE
cmpcmb v1.2          GRL/UWM            12-apr-21 05:25     PGM / RUN BY / DATE 
ionex file containing IGS COMBINED Ionosphere maps          COMMENT             
global ionosphere maps for day 082, 2021                    DESCRIPTION         
IONEX file containing the COMBINED IGS TEC MAPS and DCBs    DESCRIPTION         
      IONEX files of the following IAACs were combined: cod DESCRIPTION         
                                                        esa DESCRIPTION         
                                                        jpl DESCRIPTION         
                                                        upc DESCRIPTION         
Contact address: Andrzej Krankowski                         DESCRIPTION
                 Geodynamics Research Laboratory            DESCRIPTION
                 University of Warmia and Mazury (GRL/UWM)  DESCRIPTION
                 Oczapowski St. 1                           DESCRIPTION
                 10-957-Olsztyn, POLAND                     DESCRIPTION
                 e-mail:  kand@uwm.edu.pl                   DESCRIPTION
                                                            DESCRIPTION         
  2021     3    23     0     0     0                        EPOCH OF FIRST MAP  
  2021     3    24     0     0     0                        EPOCH OF LAST MAP   
  7200                                                      INTERVAL            
    13                                                      # OF MAPS IN FILE   
  COSZ                                                      MAPPING FUNCTION    
     0.0                                                    ELEVATION CUTOFF    
combined TEC calculated as weighted mean of input TEC valuesOBSERVABLES USED    
   379                                                      # OF STATIONS       
    32                                                      # OF SATELLITES     
  6371.0                                                    BASE RADIUS         
     2                                                      MAP DIMENSION       
   450.0 450.0   0.0                                        HGT1 / HGT2 / DHGT  
    87.5 -87.5  -2.5                                        LAT1 / LAT2 / DLAT  
  -180.0 180.0   5.0                                        LON1 / LON2 / DLON  
    -1                                                      EXPONENT            
TEC values in 0.1 tec units;  9999, if no value available   COMMENT             
DCB values in nanoseconds, reference is Sum_of_SatDCBs = 0  COMMENT             
                                                            END OF HEADER       
[from data line 3432]
     9                                                      START OF TEC MAP    
  2021     3    23    16     0     0                        EPOCH OF CURRENT MAP
    87.5-180.0 180.0   5.0 450.0                            LAT/LON1/LON2/DLON/H
   81   82   82   82   82   82   82   82   82   82   83   83   83   84   84   84
   84   85   85   85   85   86   86   87   87   87   87   87   87   87   87   87
   87   86   86   86   86   86   86   85   86   85   85   85   85   85   85   85
   84   84   84   84   84   84   83   83   83   83   83   82   82   82   82   82
   81   81   81   81   81   81   81   81   81
    85.0-180.0 180.0   5.0 450.0                            LAT/LON1/LON2/DLON/H
   75   74   75   75   75   75   75   76   76   77   77   78   79   80   80   81
   82   83   84   84   85   86   86   86   87   87   86   86   86   86   86   86
   85   85   85   84   84   84   84   83   83   83   83   82   82   82   82   82
   82   81   81   81   81   81   80   80   80   79   79   79   78   78   77   77
   77   77   76   76   76   76   75   75   75
    82.5-180.0 180.0   5.0 450.0                            LAT/LON1/LON2/DLON/H
   66   67   67   68   68   69   70   71   71   72   73   74   75   76   77   78
   80   81   82   83   84   85   85   86   86   86   86   86   86   86   85   85
   84   83   83   82   81   81   80   80   80   79   79   79   78   78   78   78
   78   78   78   78   78   77   77   77   76   76   75   74   73   73   73   72
   71   71   70   69   69   68   67   67   66
    80.0-180.0 180.0   5.0 450.0                            LAT/LON1/LON2/DLON/H
   59   60   60   61   62   63   64   65   65   67   68   69   71   72   74   76
   77   79   81   82   83   84   85   86   85   85   85   85   84   84   83   82
   81   80   79   78   77   76   75   75   74   73   73   72   73   72   72   72
   72   73   73   73   74   73   73   73   73   72   71   70   69   68   68   67
   65   64   63   62   61   59   59   59   59
    77.5-180.0 180.0   5.0 450.0                            LAT/LON1/LON2/DLON/H
   53   53   54   55   56   57   59   60   61   62   63   65   67   69   70   72
   74   77   79   81   82   84   85   87   86   87   86   84   83   82   81   80
   79   77   76   74   73   71   70   69   67   66   66   65   65   66   65   66
   67   67   68   68   69   68   68   68   68   67   66   65   64   63   62   61
   59   58   57   55   54   53   52   52   53
    75.0-180.0 180.0   5.0 450.0                            LAT/LON1/LON2/DLON/H
   48   48   49   51   52   54   55   56   57   59   61   63   65   67   69   72
   74   77   79   81   84   86   87   88   88   87   86   85   83   81   80   79
   78   77   75   72   70   68   65   63   62   60   59   58   58   59   59   60
   61   61   63   63   63   63   63   63   62   62   61   60   59   58   56   55
   54   53   52   50   49   48   48   48   48
    72.5-180.0 180.0   5.0 450.0                            LAT/LON1/LON2/DLON/H
   45   45   46   48   49   51   52   54   55   57   59   62   63   66   68   71
   74   77   80   82   86   88   90   91   91   90   88   85   83   82   81   79
   78   76   74   72   69   66   64   61   59   56   55   54   53   54   54   55
   55   56   57   58   58   57   57   57   56   56   55   54   52   52   51   50
   49   48   48   47   46   45   44   44   45
    70.0-180.0 180.0   5.0 450.0                            LAT/LON1/LON2/DLON/H
   43   43   44   46   48   49   51   53   55   57   58   60   63   65   68   71
   74   78   82   86   89   93   95   96   95   93   90   88   85   83   82   80
   79   77   74   72   70   67   64   61   59   56   54   53   52   52   52   52
   52   52   52   52   52   52   52   51   51   49   48   47   46   45   45   45
   44   44   43   43   42   42   42   42   43
    67.5-180.0 180.0   5.0 450.0                            LAT/LON1/LON2/DLON/H
   41   42   43   45   46   49   51   53   55   57   58   61   63   65   68   72
   76   80   85   90   94   98  100  100  100   97   95   92   89   87   85   83
   81   80   78   75   73   70   67   64   61   59   57   55   54   52   52   51
   50   50   48   47   48   47   47   46   45   44   42   41   40   40   40   40
   40   40   40   39   39   39   39   41   41
    65.0-180.0 180.0   5.0 450.0                            LAT/LON1/LON2/DLON/H
   40   41   41   43   45   48   50   53   55   57   59   61   64   66   70   73
   78   83   89   94   98  102  105  105  104  102  100   97   94   92   90   88
   86   85   83   80   77   76   72   70   67   64   62   61   59   56   55   53
   52   49   48   46   46   45   44   42   41   40   38   37   36   36   36   36
   37   37   37   37   37   38   38   39   40
    62.5-180.0 180.0   5.0 450.0                            LAT/LON1/LON2/DLON/H
   39   39   40   42   44   47   50   53   55   57   60   62   65   68   72   76
   80   86   91   96  101  105  108  108  108  106  104  102   99   97   95   94
   92   91   88   86   84   81   79   76   75   73   70   68   66   62   60   58
   55   53   50   47   45   44   42   41   38   37   36   35   34   34   34   34
   34   35   36   36   36   37   37   38   39
    60.0-180.0 180.0   5.0 450.0                            LAT/LON1/LON2/DLON/H
   38   39   39   41   43   46   49   53   56   58   61   63   67   70   74   79
   84   88   93   98  102  106  109  110  109  109  107  105  104  102  101   99
   99   97   94   91   89   87   85   83   82   80   78   76   73   69   66   63
   60   56   53   50   47   45   42   40   38   37   36   35   34   34   34   33
   34   34   35   36   37   38   38   38   38
    57.5-180.0 180.0   5.0 450.0                            LAT/LON1/LON2/DLON/H
   40   40   40   41   43   46   49   53   56   59   62   66   69   73   77   82
   87   91   95   98  102  106  108  109  111  112  111  110  109  109  107  107
  106  103  100   97   94   92   91   90   89   88   86   83   80   76   73   69
   65   61   58   54   51   48   45   43   40   40   39   38   37   36   35   35
   34   35   36   37   39   39   40   40   40
    55.0-180.0 180.0   5.0 450.0                            LAT/LON1/LON2/DLON/H
   44   43   43   44   46   49   51   55   58   61   65   68   72   75   81   86
   90   94   98  101  103  106  108  110  112  114  114  115  114  115  115  115
  113  110  106  102   99   97   96   96   95   94   93   90   86   83   79   75
   72   68   64   60   56   53   50   47   46   45   44   43   42   41   39   37
   36   37   38   40   42   43   43   43   44
    52.5-180.0 180.0   5.0 450.0                            LAT/LON1/LON2/DLON/H
   48   48   48   49   51   53   55   58   61   65   68   72   75   79   84   89
   94   98  101  103  105  107  109  111  114  117  118  120  121  122  122  121
  119  116  112  107  104  103  102  102  101  101   99   96   92   89   85   81
   78   75   71   68   63   60   57   55   53   52   52   51   49   47   45   43
   40   40   42   44   47   48   49   49   48
    50.0-180.0 180.0   5.0 450.0                            LAT/LON1/LON2/DLON/H
   55   55   55   56   57   59   61   64   67   70   73   76   80   84   89   93
   98  103  106  108  109  111  113  115  118  121  123  126  127  128  128  126
  123  120  116  112  110  108  108  109  108  107  106  103   99   96   92   89
   86   83   79   76   72   68   65   63   61   60   60   59   58   54   51   49
   47   46   47   49   52   54   55   55   55
    47.5-180.0 180.0   5.0 450.0                            LAT/LON1/LON2/DLON/H
   62   61   62   63   64   66   69   71   74   77   79   82   85   88   93   98
  104  108  112  114  116  117  119  121  124  126  129  131  132  133  132  129
  126  123  120  116  114  115  115  116  117  116  114  110  107  104  100   97
   94   91   87   84   80   76   74   71   69   68   67   67   65   62   59   57
   54   53   54   55   58   59   60   62   62
    45.0-180.0 180.0   5.0 450.0                            LAT/LON1/LON2/DLON/H
   68   68   68   69   70   73   76   79   82   84   86   89   91   94   98  103
  109  114  119  122  124  126  128  130  132  135  136  137  137  136  134  130
  127  125  123  120  120  121  123  124  125  124  122  119  115  112  109  105
  102   99   96   92   88   84   81   78   76   75   73   72   71   69   66   64
   62   60   61   62   64   64   67   68   68
    42.5-180.0 180.0   5.0 450.0                            LAT/LON1/LON2/DLON/H
   72   72   71   72   74   78   83   86   89   92   94   96   98  100  104  109
  114  120  126  131  134  137  139  141  143  144  144  143  142  139  136  133
  130  129  127  126  127  129  132  134  134  134  131  129  126  122  117  113
  109  105  102   98   94   91   88   84   81   80   78   77   75   73   72   70
   68   67   67   67   68   68   70   72   72
    40.0-180.0 180.0   5.0 450.0                            LAT/LON1/LON2/DLON/H
   73   73   72   74   76   80   86   90   94   99  102  104  106  108  111  115
  121  127  133  139  144  148  150  152  154  153  153  151  148  144  139  136
  134  134  134  134  136  139  142  144  145  145  143  141  137  131  126  120
  114  108  104  100   97   94   91   87   84   84   82   80   78   77   75   74
   73   72   71   71   70   70   72   73   73
    37.5-180.0 180.0   5.0 450.0                            LAT/LON1/LON2/DLON/H
   71   70   70   72   75   79   86   92   98  103  108  112  114  117  120  123
  127  133  139  146  152  157  160  163  164  164  162  161  157  151  146  143
  142  143  144  146  148  152  154  156  157  157  156  154  149  141  133  124
  114  107  102   99   96   94   91   88   85   84   85   82   81   79   78   77
   76   75   73   72   71   70   70   70   71
    35.0-180.0 180.0   5.0 450.0                            LAT/LON1/LON2/DLON/H
   66   65   65   66   69   75   82   91   99  106  113  118  123  126  129  132
  135  140  146  152  159  164  169  172  174  175  174  174  171  165  160  155
  155  158  160  164  167  170  171  171  171  172  172  169  163  150  137  124
  112  103   98   96   93   92   90   88   86   84   84   82   80   79   78   78
   77   75   73   71   69   67   66   65   66
    32.5-180.0 180.0   5.0 450.0                            LAT/LON1/LON2/DLON/H
   59   58   58   59   61   67   76   86   96  107  115  122  129  135  139  142
  144  147  151  157  162  168  173  177  181  184  186  188  188  184  179  174
  176  180  186  189  193  195  192  190  187  186  187  184  175  158  140  123
  109  100   95   92   91   90   90   88   87   85   84   82   80   79   78   78
   77   76   73   69   66   63   61   60   59
    30.0-180.0 180.0   5.0 450.0                            LAT/LON1/LON2/DLON/H
   52   51   51   51   52   57   68   80   92  103  115  125  134  143  148  152
  153  154  156  160  165  170  175  180  186  193  200  205  209  207  203  200
  204  211  217  224  230  227  221  213  206  201  202  197  183  164  142  123
  109  100   95   92   90   90   91   90   89   87   84   82   80   79   78   78
   77   76   71   68   63   60   57   54   52
    27.5-180.0 180.0   5.0 450.0                            LAT/LON1/LON2/DLON/H
   48   46   45   44   45   49   60   74   87  100  113  125  137  148  155  160
  160  161  161  164  167  171  177  183  191  202  212  223  232  235  233  231
  237  246  255  265  269  264  251  237  226  221  216  208  191  169  145  127
  113  105  100   96   94   93   94   94   92   89   86   83   81   80   79   79
   78   76   72   67   63   59   55   52   48
    25.0-180.0 180.0   5.0 450.0                            LAT/LON1/LON2/DLON/H
   48   45   43   41   40   44   54   68   82   96  109  123  136  149  160  167
  168  168  167  169  171  175  180  187  197  211  226  242  255  262  264  263
  270  284  297  310  315  302  281  258  243  237  230  218  200  177  153  136
  125  118  112  107  103  101  100   99   97   94   90   87   86   84   83   83
   81   79   74   69   65   61   57   52   48
    22.5-180.0 180.0   5.0 450.0                            LAT/LON1/LON2/DLON/H
   51   48   46   42   41   43   51   65   79   93  106  120  135  150  163  172
  175  176  176  177  179  182  187  194  206  222  240  261  278  290  295  295
  303  318  336  350  352  330  301  274  259  250  242  231  212  189  167  151
  142  137  131  125  119  115  111  109  105  100   96   93   92   90   89   89
   87   84   79   73   69   65   61   56   51
    20.0-180.0 180.0   5.0 450.0                            LAT/LON1/LON2/DLON/H
   56   53   50   46   44   46   55   67   81   92  105  118  134  150  165  174
  180  183  186  189  191  195  198  205  216  234  254  280  301  317  323  322
  328  340  360  372  368  344  312  286  270  263  257  246  229  207  185  172
  166  163  156  149  141  133  127  120  115  109  105  102  101   98   97   96
   94   91   86   80   75   71   66   61   56
    17.5-180.0 180.0   5.0 450.0                            LAT/LON1/LON2/DLON/H
   62   58   55   51   49   51   59   73   86   96  106  119  134  150  165  177
  184  190  196  203  207  211  214  219  229  246  270  299  321  340  347  345
  346  355  368  374  372  346  317  294  282  278  275  262  245  224  205  196
  193  191  186  176  167  155  146  135  127  120  115  112  112  108  106  104
  103   99   93   88   82   77   72   67   62
    15.0-180.0 180.0   5.0 450.0                            LAT/LON1/LON2/DLON/H
   68   63   61   57   55   57   66   79   93  102  110  121  135  151  166  180
  189  197  206  216  224  229  232  236  244  260  285  314  338  356  364  361
  358  360  366  369  361  342  319  301  295  295  291  278  261  240  224  218
  220  217  212  201  190  177  165  153  142  133  128  125  122  118  116  113
  110  105  100   94   89   84   78   72   68
    12.5-180.0 180.0   5.0 450.0                            LAT/LON1/LON2/DLON/H
   72   68   65   62   60   62   70   84   99  108  116  125  138  153  169  183
  194  205  218  231  241  247  250  254  261  276  299  326  349  365  372  371
  365  362  362  360  351  336  320  309  306  308  304  291  274  254  240  235
  239  237  232  222  210  196  183  170  159  150  143  138  134  127  123  119
  115  110  103   98   93   87   82   77   72
    10.0-180.0 180.0   5.0 450.0                            LAT/LON1/LON2/DLON/H
   75   71   67   64   62   65   74   88  103  114  123  131  142  157  173  188
  199  214  229  244  256  263  267  270  277  291  311  336  357  372  378  376
  370  363  359  354  344  334  323  316  315  317  312  301  284  264  250  246
  248  246  240  231  221  209  196  184  174  167  160  152  146  135  129  123
  118  112  106  100   94   89   85   80   75
     7.5-180.0 180.0   5.0 450.0                            LAT/LON1/LON2/DLON/H
   76   71   68   65   63   66   76   91  106  119  128  137  148  163  179  195
  208  222  239  255  268  277  282  285  291  305  325  347  366  376  382  380
  374  366  359  353  345  337  329  325  323  321  316  306  289  269  254  249
  247  244  238  231  223  214  203  194  187  181  174  165  156  143  135  127
  119  113  106   99   93   89   85   81   76
     5.0-180.0 180.0   5.0 450.0                            LAT/LON1/LON2/DLON/H
   76   72   67   65   64   67   77   92  108  123  133  143  156  170  187  203
  217  232  248  264  278  288  294  297  304  318  337  357  373  381  386  384
  380  372  364  359  352  346  340  335  330  324  315  303  286  267  251  242
  236  231  227  222  217  211  204  198  194  190  184  174  164  149  139  128
  119  112  104   97   91   86   84   81   76
     2.5-180.0 180.0   5.0 450.0                            LAT/LON1/LON2/DLON/H
   76   71   68   66   65   69   78   92  109  124  137  148  161  177  195  212
  228  243  257  272  286  295  303  307  313  329  348  366  377  384  389  389
  386  381  374  368  363  356  350  343  333  323  310  295  277  258  242  230
  220  214  211  207  204  202  198  196  195  193  188  178  166  151  139  127
  118  109  101   94   87   83   81   79   76
