ionex_files/bejaia/igsg0730.21i
     1.0            IONOSPHERE MAPS     MIX                 IONEX VERSION / TYPE
cmpcmb v1.2          GRL/UWM             1-apr-21 09:56     PGM / RUN BY / DATE 
ionex file containing IGS COMBINED Ionosphere maps          COMMENT             
global ionosphere maps for day 073, 2021                    DESCRIPTION         
IONEX file containing the COMBINED IGS TEC MAPS and DCBs    DESCRIPTION         
      IONEX files of the following IAACs were combined: cod DESCRIPTION         
                                                        esa DESCRIPTION         
                                                        jpl DESCRIPTION         
                                                        upc DESCRIPTION         
Contact address: Andrzej Krankowski                         DESCRIPTION
                 Geodynamics Research Laboratory            DESCRIPTION
                 University of Warmia and Mazury (GRL/UWM)  DESCRIPTION
                 Oczapowski St. 1                           DESCRIPTION
                 10-957-Olsztyn, POLAND                     DESCRIPTION
                 e-mail:  kand@uwm.edu.pl                   DESCRIPTION
                                                            DESCRIPTION         
  2021     3    14     0     0     0                        EPOCH OF FIRST MAP  
  2021     3    15     0     0     0                        EPOCH OF LAST MAP   
  7200                                                      INTERVAL            
    13                                                      # OF MAPS IN FILE   
  COSZ                                                      MAPPING FUNCTION    
     0.0                                                    ELEVATION CUTOFF    
combined TEC calculated as weighted mean of input TEC valuesOBSERVABLES USED    
   371                                                      # OF STATIONS       
    32                                                      # OF SATELLITES     
  6371.0                                                    BASE RADIUS         
     2                                                      MAP DIMENSION       
   450.0 450.0   0.0                                        HGT1 / HGT2 / DHGT  
    87.5 -87.5  -2.5                                        LAT1 / LAT2 / DLAT  
  -180.0 180.0   5.0                                        LON1 / LON2 / DLON  
    -1                                                      EXPONENT            
TEC values in 0.1 tec units;  9999, if no value available   COMMENT             
DCB values in nanoseconds, reference is Sum_of_SatDCBs = 0  COMMENT             
                                                            END OF HEADER       
[from data line 3861]
    10                                                      START OF TEC MAP    
  2021     3    14    18     0     0                        EPOCH OF CURRENT MAP
    87.5-180.0 180.0   5.0 450.0                            LAT/LON1/LON2/DLON/H
   50   50   50   51   51   51   51   52   52   52   52   53   53   53   53   53
   53   53   53   54   54   54   54   55   55   55   55   55   55   55   55   55
   55   55   55   54   54   54   54   54   54   53   53   53   52   52   52   52
   51   51   51   50   50   50   49   49   49   49   48   48   48   48   48   48
   48   48   48   48   49   49   49   50   50
    85.0-180.0 180.0   5.0 450.0                            LAT/LON1/LON2/DLON/H
   50   50   50   51   51   51   51   52   52   53   53   53   54   54   54   55
   55   55   55   56   56   56   57   57   57   57   58   58   58   58   58   58
   58   58   58   58   58   58   57   57   56   56   55   54   54   53   53   52
   51   51   50   49   48   47   47   46   45   45   44   44   44   44   44   44
   45   45   46   47   47   48   48   49   50
    82.5-180.0 180.0   5.0 450.0                            LAT/LON1/LON2/DLON/H
   50   50   51   52   52   52   53   53   53   54   54   54   54   54   55   55
   56   56   57   57   58   58   58   59   59   60   60   61   61   61   61   62
   62   62   62   61   61   60   60   59   59   58   57   56   56   55   54   53
   52   51   50   49   48   46   46   44   43   42   42   42   41   41   42   42
   43   44   45   46   46   48   49   49   50
    80.0-180.0 180.0   5.0 450.0                            LAT/LON1/LON2/DLON/H
   50   51   52   53   54   54   55   55   55   55   55   56   56   56   57   57
   58   58   58   59   59   59   60   61   62   63   63   63   64   64   64   64
   64   63   63   63   62   62   61   61   60   59   58   58   57   56   55   54
   53   52   50   49   48   46   45   43   42   41   40   40   40   39   40   40
   41   42   44   45   46   47   48   49   50
    77.5-180.0 180.0   5.0 450.0                            LAT/LON1/LON2/DLON/H
   50   51   53   54   55   56   56   56   57   57   57   57   58   59   58   59
   60   61   61   61   63   63   64   65   65   66   66   66   66   66   66   65
   65   65   64   64   63   63   61   61   60   59   59   58   57   56   56   54
   53   52   51   49   48   46   45   44   42   41   41   40   39   39   39   39
   40   41   41   43   44   45   47   48   50
    75.0-180.0 180.0   5.0 450.0                            LAT/LON1/LON2/DLON/H
   49   51   53   54   55   57   58   58   59   59   60   60   61   61   62   61
   61   62   63   64   65   66   68   68   69   69   69   68   69   68   67   66
   65   64   63   62   62   61   60   59   58   58   57   57   57   56   55   54
   53   52   51   50   48   47   46   44   43   42   42   41   40   39   39   39
   39   39   40   41   42   43   45   47   49
    72.5-180.0 180.0   5.0 450.0                            LAT/LON1/LON2/DLON/H
   47   50   51   53   55   57   58   59   59   60   61   62   63   63   62   62
   64   66   68   69   70   71   72   73   73   72   71   70   69   68   66   65
   63   62   60   58   58   57   56   55   54   54   54   53   53   53   53   52
   52   52   50   48   47   46   45   45   44   43   42   41   40   39   38   38
   37   37   39   40   40   41   42   45   47
    70.0-180.0 180.0   5.0 450.0                            LAT/LON1/LON2/DLON/H
   45   47   49   52   54   56   57   58   59   60   62   63   64   64   65   67
   68   70   72   73   75   76   76   76   75   75   72   70   68   66   64   62
   60   57   55   53   52   51   50   49   48   48   48   48   48   48   48   49
   48   48   47   46   45   45   44   43   43   42   42   41   39   38   37   36
   35   35   36   37   38   39   40   42   45
    67.5-180.0 180.0   5.0 450.0                            LAT/LON1/LON2/DLON/H
   41   44   47   50   52   55   56   58   59   60   62   64   66   67   69   71
   73   76   77   79   80   81   80   79   78   76   73   70   66   63   61   59
   56   53   50   48   46   45   44   43   42   41   41   41   41   43   43   43
   42   43   42   42   41   41   40   40   40   40   40   39   37   36   34   33
   31   32   33   34   35   35   36   38   41
    65.0-180.0 180.0   5.0 450.0                            LAT/LON1/LON2/DLON/H
   37   41   44   48   51   54   56   58   60   62   64   67   69   71   73   77
   80   81   83   83   84   85   84   82   80   76   73   68   64   61   58   54
   51   49   46   44   42   39   38   37   36   34   35   34   35   36   37   37
   37   37   37   37   37   36   36   36   36   37   37   36   35   33   31   30
   29   28   28   30   30   31   33   34   37
    62.5-180.0 180.0   5.0 450.0                            LAT/LON1/LON2/DLON/H
   34   38   42   46   50   53   56   58   61   63   66   69   72   75   78   81
   83   84   86   87   88   89   88   86   83   79   73   68   63   59   55   51
   48   46   44   42   39   37   35   33   32   30   29   29   30   32   32   32
   33   33   33   33   33   32   33   33   33   33   33   33   32   31   29   28
   27   26   26   26   27   28   29   31   34
    60.0-180.0 180.0   5.0 450.0                            LAT/LON1/LON2/DLON/H
   33   36   41   45   49   53   57   60   63   66   70   73   76   79   82   84
   85   87   88   90   92   93   92   90   86   80   74   69   64   59   56   53
   50   48   46   43   41   38   35   34   32   30   29   29   29   30   31   32
   32   32   32   31   31   31   30   31   31   31   31   31   31   30   29   29
   27   27   27   27   27   27   28   30   33
    57.5-180.0 180.0   5.0 450.0                            LAT/LON1/LON2/DLON/H
   33   36   40   45   50   55   59   63   66   71   75   79   82   84   87   87
   88   90   91   93   95   96   95   93   89   84   78   72   67   64   60   58
   56   54   52   49   46   43   41   39   37   35   33   32   32   32   34   35
   34   34   34   33   31   32   32   32   32   32   32   32   32   31   31   31
   30   29   29   28   29   28   29   30   33
    55.0-180.0 180.0   5.0 450.0                            LAT/LON1/LON2/DLON/H
   34   38   42   48   54   59   63   68   72   76   81   86   90   92   93   93
   94   94   96   97  100  101  100   99   95   90   84   79   74   71   68   67
   64   61   58   56   53   51   49   47   45   43   41   39   39   39   39   40
   40   39   39   37   36   36   36   36   36   36   36   36   36   35   35   35
   35   33   32   31   32   32   32   33   34
    52.5-180.0 180.0   5.0 450.0                            LAT/LON1/LON2/DLON/H
   38   41   46   52   58   64   70   75   79   85   90   96  100  102  102  102
  102  102  103  105  107  108  108  106  103   98   93   88   83   81   78   76
   73   70   66   63   61   60   59   58   55   53   51   49   48   49   49   49
   48   47   46   45   44   43   42   42   42   43   43   43   42   42   41   42
   41   39   38   37   37   36   36   36   38
    50.0-180.0 180.0   5.0 450.0                            LAT/LON1/LON2/DLON/H
   43   46   50   57   65   72   77   83   89   94  100  106  111  113  114  114
  113  113  113  115  116  117  117  116  112  108  102   98   94   91   88   85
   82   78   74   71   70   70   70   69   68   65   63   61   60   59   60   59
   58   57   56   55   52   51   50   49   50   51   51   51   50   50   50   50
   49   47   46   45   43   42   42   41   43
    47.5-180.0 180.0   5.0 450.0                            LAT/LON1/LON2/DLON/H
   48   51   58   65   73   80   86   92   98  104  111  117  123  127  128  128
  127  127  127  127  128  129  128  127  123  117  112  108  104  100   97   94
   90   86   82   79   79   80   81   81   80   78   75   73   71   70   69   69
   69   68   66   64   61   59   58   58   58   58   58   59   59   60   60   61
   59   57   56   53   51   48   48   47   48
    45.0-180.0 180.0   5.0 450.0                            LAT/LON1/LON2/DLON/H
   54   58   65   74   82   89   95  102  108  115  122  130  136  141  143  144
  144  143  142  141  141  141  140  137  133  128  121  116  111  107  104  101
   97   93   90   88   89   91   93   92   91   89   86   84   82   81   79   79
   79   77   75   72   70   67   65   64   65   65   65   66   67   69   70   70
   68   66   64   61   58   55   54   53   54
    42.5-180.0 180.0   5.0 450.0                            LAT/LON1/LON2/DLON/H
   60   65   73   82   91   99  106  112  117  124  132  141  149  155  159  161
  161  160  157  156  154  153  151  148  143  137  130  123  117  112  108  105
  103  100   98   98  100  102  104  103  101   98   95   92   91   90   89   88
   86   85   83   81   78   74   72   69   69   70   70   71   73   75   76   76
   74   73   71   68   65   61   60   59   60
    40.0-180.0 180.0   5.0 450.0                            LAT/LON1/LON2/DLON/H
   65   71   79   89   99  108  115  121  126  134  141  150  160  168  173  176
  176  175  172  170  167  164  161  158  153  146  138  130  122  115  112  111
  110  110  109  111  112  114  114  113  110  107  103  100   99   98   97   94
   92   90   88   87   84   80   77   73   73   73   73   74   76   78   79   80
   78   77   74   72   69   66   64   63   65
    37.5-180.0 180.0   5.0 450.0                            LAT/LON1/LON2/DLON/H
   69   75   85   96  106  116  124  129  135  142  150  160  171  181  186  190
  190  189  186  183  179  175  171  168  162  155  145  136  127  121  119  120
  121  124  125  126  128  128  126  123  119  114  110  107  105  103  100   97
   94   93   91   89   87   83   80   76   75   74   74   75   76   78   80   80
   80   78   75   73   70   68   66   66   69
    35.0-180.0 180.0   5.0 450.0                            LAT/LON1/LON2/DLON/H
   70   78   89  101  113  123  132  138  143  150  159  169  180  191  197  201
  202  201  198  194  189  185  180  176  170  162  152  142  135  129  130  133
  138  143  146  146  147  145  141  135  128  122  117  113  109  105  101   97
   95   93   91   90   88   83   80   77   75   73   73   73   74   76   77   78
   78   76   74   73   69   67   66   67   70
    32.5-180.0 180.0   5.0 450.0                            LAT/LON1/LON2/DLON/H
   70   79   91  104  118  130  140  146  153  160  169  179  191  201  207  209
  210  210  207  204  199  193  187  183  176  169  161  152  146  143  147  153
  161  169  172  171  168  163  156  146  137  129  123  118  114  107  102   97
   94   93   91   90   87   84   81   78   76   73   71   72   72   74   74   74
   74   73   71   70   67   65   65   66   70
    30.0-180.0 180.0   5.0 450.0                            LAT/LON1/LON2/DLON/H
   69   79   91  107  122  135  148  156  163  171  182  192  203  211  215  218
  218  218  216  213  207  200  193  189  183  178  171  165  162  163  170  180
  193  202  204  202  194  181  171  159  146  136  129  124  118  110  103   99
   95   93   92   90   87   85   82   80   78   75   73   72   72   73   73   72
   70   69   68   67   65   64   63   64   69
    27.5-180.0 180.0   5.0 450.0                            LAT/LON1/LON2/DLON/H
   68   78   92  110  127  142  157  169  177  186  197  206  215  222  225  227
  227  227  225  222  215  207  199  194  190  187  184  183  183  189  201  215
  231  242  241  239  223  201  186  169  154  142  134  129  122  114  108  103
   99   97   96   93   89   87   85   82   80   78   75   74   73   73   72   70
   68   66   64   64   63   62   61   63   68
    25.0-180.0 180.0   5.0 450.0                            LAT/LON1/LON2/DLON/H
   67   79   95  112  131  150  167  182  194  204  213  223  231  236  238  239
  238  239  237  233  225  216  206  200  198  198  201  204  208  219  238  257
  275  285  283  278  253  223  201  177  158  145  138  133  128  121  116  111
  105  103  101   97   92   89   87   86   84   82   79   78   77   75   73   70
   67   64   61   61   61   60   60   61   67
    22.5-180.0 180.0   5.0 450.0                            LAT/LON1/LON2/DLON/H
   67   80   98  117  136  157  177  195  209  221  232  241  249  254  255  255
  255  255  253  249  239  227  216  209  208  213  218  227  236  252  273  298
  322  326  323  311  279  250  218  187  164  148  141  143  139  132  127  119
  113  110  107  102   98   94   92   90   88   87   84   83   81   78   74   70
   66   62   60   59   59   59   59   61   67
    20.0-180.0 180.0   5.0 450.0                            LAT/LON1/LON2/DLON/H
   70   84  102  123  143  165  187  207  223  237  250  259  267  274  275  276
  276  277  274  267  255  241  226  218  219  230  238  249  263  282  306  332
  354  355  349  331  299  267  240  205  173  155  148  152  157  149  138  128
  121  119  115  109  104  100   98   95   93   91   89   86   85   82   77   71
   66   61   59   57   58   58   59   62   70
    17.5-180.0 180.0   5.0 450.0                            LAT/LON1/LON2/DLON/H
   74   88  107  129  151  174  197  217  235  250  264  275  285  294  298  300
  302  303  298  290  275  257  240  230  231  243  257  270  287  308  333  356
  373  371  359  337  307  277  253  221  189  167  160  166  171  163  147  136
  131  129  125  119  114  109  106  102   99   95   92   90   88   85   78   71
   65   60   58   56   57   58   60   64   74
    15.0-180.0 180.0   5.0 450.0                            LAT/LON1/LON2/DLON/H
   78   93  112  134  156  180  203  224  242  259  274  290  304  313  322  327
  330  331  325  315  297  276  255  243  242  254  270  286  305  327  349  369
  378  373  360  337  309  284  258  228  199  181  175  179  178  168  152  143
  142  141  137  133  128  120  116  111  106  100   96   94   91   87   79   71
   65   60   57   55   56   58   62   67   78
    12.5-180.0 180.0   5.0 450.0                            LAT/LON1/LON2/DLON/H
   81   98  116  137  159  182  205  227  246  264  281  300  318  333  345  354
  359  360  353  342  321  297  274  259  256  265  282  300  320  339  358  372
  377  371  358  337  312  292  266  237  213  198  190  187  178  167  156  152
  152  154  153  150  144  135  128  121  113  105  100   97   93   88   80   71
   65   60   57   56   56   59   63   70   81
    10.0-180.0 180.0   5.0 450.0                            LAT/LON1/LON2/DLON/H
   84  101  119  139  160  183  206  227  247  265  283  306  328  347  364  376
  384  388  382  366  347  322  296  278  272  278  293  310  327  345  361  372
  374  368  357  338  318  302  278  253  232  217  205  194  183  171  164  162
  164  168  168  166  160  151  142  132  120  109  102   97   93   87   80   71
   65   60   58   56   57   60   65   73   84
     7.5-180.0 180.0   5.0 450.0                            LAT/LON1/LON2/DLON/H
   87  103  121  141  161  183  205  227  246  265  285  308  333  358  377  392
  402  408  404  390  371  346  320  300  290  293  304  318  332  346  360  369
  370  366  356  341  326  312  294  276  258  239  223  206  191  181  175  174
  179  183  184  183  177  168  157  143  127  113  103   97   93   87   79   72
   66   61   58   58   58   61   67   75   87
     5.0-180.0 180.0   5.0 450.0                            LAT/LON1/LON2/DLON/H
   88  104  122  142  162  184  205  227  246  264  285  309  334  361  384  402
  415  421  419  409  391  369  343  322  309  308  315  325  336  347  358  367
  369  365  357  347  337  327  315  300  282  262  242  223  207  196  192  192
  195  197  198  196  189  180  168  150  133  116  104   96   91   85   79   72
   67   63   60   59   60   63   68   76   88
     2.5-180.0 180.0   5.0 450.0                            LAT/LON1/LON2/DLON/H
   88  103  122  141  162  184  206  228  247  266  286  309  335  360  384  404
  419  427  429  422  408  388  365  344  329  323  326  332  340  349  359  367
  369  366  360  354  349  342  334  322  305  283  261  241  223  215  213  209
  208  205  203  200  194  184  171  153  134  116  102   94   89   84   78   72
   68   65   61   60   60   64   69   76   88
