ionex_files/bejaia/igsg0720.21i
     1.0            IONOSPHERE MAPS     MIX                 IONEX VERSION / TYPE
cmpcmb v1.2          GRL/UWM             1-apr-21 08:10     PGM / RUN BY / DATE 
ionex file containing IGS COMBINED Ionosphere maps          COMMENT             
global ionosphere maps for day 072, 2021                    DESCRIPTION         
IONEX file containing the COMBINED IGS TEC MAPS and DCBs    DESCRIPTION         
      IONEX files of the following IAACs were combined: cod DESCRIPTION         
                                                        esa DESCRIPTION         
                                                        jpl DESCRIPTION         
                                                        upc DESCRIPTION         
Contact address: Andrzej Krankowski                         DESCRIPTION
                 Geodynamics Research Laboratory            DESCRIPTION
                 University of Warmia and Mazury (GRL/UWM)  DESCRIPTION
                 Oczapowski St. 1                           DESCRIPTION
                 10-957-Olsztyn, POLAND                     DESCRIPTION
                 e-mail:  kand@uwm.edu.pl                   DESCRIPTION
                                                            DESCRIPTION         
  2021     3    13     0     0     0                        EPOCH OF FIRST MAP  
  2021     3    14     0     0     0                        EPOCH OF LAST MAP   
  7200                                                      INTERVAL            
    13                                                      # OF MAPS IN FILE   
  COSZ                                                      MAPPING FUNCTION    
     0.0                                                    ELEVATION CUTOFF    
combined TEC calculated as weighted mean of input TEC valuesOBSERVABLES USED    
   372                                                      # OF STATIONS       
    32                                                      # OF SATELLITES     
  6371.0                                                    BASE RADIUS         
     2                                                      MAP DIMENSION       
   450.0 450.0   0.0                                        HGT1 / HGT2 / DHGT  
    87.5 -87.5  -2.5                                        LAT1 / LAT2 / DLAT  
  -180.0 180.0   5.0                                        LON1 / LON2 / DLON  
    -1                                                      EXPONENT            
TEC values in 0.1 tec units;  9999, if no value available   COMMENT             
DCB values in nanoseconds, reference is Sum_of_SatDCBs = 0  COMMENT             
                                                            END OF HEADER       
     1                                                      START OF TEC MAP    
  2021     3    13     0     0     0                        EPOCH OF CURRENT MAP
    87.5-180.0 180.0   5.0 450.0                            LAT/LON1/LON2/DLON/H
   36   36   36   36   36   35   35   35   35   35   35   35   35   35   34   34
   34   34   33   33   33   32   32   31   31   31   30   29   29   29   29   28
   28   28   28   27   27   27   27   27   27   27   28   28   28   28   29   29
   29   30   30   30   31   32   33   33   33   34   34   34   35   35   35   35
   36   36   36   36   36   36   36   36   36
    85.0-180.0 180.0   5.0 450.0                            LAT/LON1/LON2/DLON/H
   40   40   40   40   40   40   41   41   41   42   42   42   42   43   42   42
   41   40   39   38   37   36   36   35   34   33   32   31   31   29   28   27
   27   26   25   24   24   23   24   24   24   24   25   25   26   27   28   29
   30   31   32   33   34   35   36   37   38   39   39   40   40   41   41   41
   41   41   41   41   41   40   40   40   40
    82.5-180.0 180.0   5.0 450.0                            LAT/LON1/LON2/DLON/H
   43   43   43   43   44   44   45   46   46   46   47   48   48   48   48   49
   48   48   47   46   45   43   42   41   40   38   36   33   32   30   28   27
   26   25   24   23   23   23   23   23   24   24   25   26   27   29   30   31
   33   34   35   36   38   40   41   42   44   44   45   46   47   47   47   47
   47   47   46   46   45   45   44   44   43
    80.0-180.0 180.0   5.0 450.0                            LAT/LON1/LON2/DLON/H
   47   46   47   48   48   49   50   50   51   53   53   55   56   56   56   56
   56   55   54   53   52   50   48   45   44   42   40   38   36   33   32   30
   28   27   27   26   27   26   26   26   26   27   28   29   30   32   33   35
   36   38   40   41   43   44   46   48   49   50   51   51   52   53   53   52
   53   53   52   51   50   49   48   47   47
    77.5-180.0 180.0   5.0 450.0                            LAT/LON1/LON2/DLON/H
   51   52   52   52   53   54   55   56   58   58   60   61   62   62   61   61
   61   60   59   59   59   56   54   51   50   48   45   43   41   39   37   35
   34   33   32   32   32   32   31   31   31   32   32   34   34   36   38   39
   40   42   43   45   47   48   50   51   53   54   55   55   56   56   57   57
   58   57   56   56   55   54   53   52   51
    75.0-180.0 180.0   5.0 450.0                            LAT/LON1/LON2/DLON/H
   58   58   57   57   58   60   61   63   64   66   67   67   66   66   66   66
   64   64   63   62   60   58   57   56   54   52   51   49   48   46   44   42
   41   40   39   38   38   38   38   37   37   37   38   38   39   39   40   41
   43   44   45   47   48   50   51   53   54   55   56   57   58   58   59   60
   60   60   60   60   59   58   59   58   58
    72.5-180.0 180.0   5.0 450.0                            LAT/LON1/LON2/DLON/H
   64   64   64   64   65   68   70   71   73   72   73   72   72   71   70   68
   67   65   64   62   61   59   58   58   56   56   55   54   53   52   50   49
   47   47   46   45   44   44   44   43   42   41   41   40   40   41   41   42
   43   45   46   48   49   50   52   52   53   54   55   56   56   57   58   60
   61   61   62   63   63   64   64   64   64
    70.0-180.0 180.0   5.0 450.0                            LAT/LON1/LON2/DLON/H
   71   71   71   72   73   75   78   80   80   79   80   79   77   75   73   72
   68   66   64   62   60   58   58   58   58   57   57   57   57   56   55   54
   53   51   50   49   49   47   48   47   46   45   43   41   40   39   39   40
   41   43   45   47   48   49   50   50   51   52   53   54   54   55   57   59
   60   63   64   66   67   68   69   71   71
    67.5-180.0 180.0   5.0 450.0                            LAT/LON1/LON2/DLON/H
   78   79   79   79   79   81   83   85   85   86   86   84   82   79   76   74
   70   66   63   61   58   58   56   56   56   58   58   58   58   58   57   56
   55   53   52   50   49   47   46   46   46   44   41   39   38   36   36   37
   38   39   41   43   44   45   46   47   48   49   50   51   52   53   55   57
   60   63   65   68   70   72   75   77   78
    65.0-180.0 180.0   5.0 450.0                            LAT/LON1/LON2/DLON/H
   85   86   86   85   84   86   87   88   89   90   91   89   86   83   79   75
   71   67   64   61   58   57   55   54   54   56   57   57   57   58   57   56
   55   53   51   48   47   43   43   42   42   40   38   36   35   34   34   35
   35   36   36   38   39   40   41   43   44   46   48   50   52   53   54   56
   59   62   66   70   72   76   80   83   85
    62.5-180.0 180.0   5.0 450.0                            LAT/LON1/LON2/DLON/H
   91   92   92   90   90   90   90   91   93   93   93   91   89   86   82   78
   74   70   65   62   59   58   55   53   52   53   54   55   55   56   55   55
   52   50   47   44   41   38   37   38   38   36   34   34   34   34   33   32
   33   34   34   35   36   37   38   40   42   44   47   50   52   54   55   56
   59   63   67   71   75   79   83   88   91
    60.0-180.0 180.0   5.0 450.0                            LAT/LON1/LON2/DLON/H
   97   97   97   96   95   94   93   94   95   95   94   93   91   88   85   82
   77   74   69   64   61   59   55   52   50   50   50   50   51   53   53   53
   50   46   42   38   36   33   33   34   34   34   33   33   34   33   32   31
   32   34   34   35   35   36   37   39   42   46   49   53   56   57   58   59
   61   64   69   74   78   83   88   93   97
    57.5-180.0 180.0   5.0 450.0                            LAT/LON1/LON2/DLON/H
  103  104  103  102  101   98   98   98   97   97   95   93   92   89   88   84
   81   78   73   68   63   60   55   51   48   47   45   44   45   50   51   49
   47   43   39   34   32   30   31   33   35   36   36   37   36   35   34   33
   35   36   36   37   36   37   39   42   45   49   53   57   61   63   64   65
   66   68   73   77   81   86   92   98  103
    55.0-180.0 180.0   5.0 450.0                            LAT/LON1/LON2/DLON/H
  111  113  113  112  109  106  104  103  101   99   96   94   92   89   88   86
   85   82   79   73   67   62   55   50   48   45   42   42   43   47   49   48
   46   42   38   34   32   32   34   38   40   42   43   43   42   41   39   39
   40   41   41   41   40   41   42   45   49   54   59   63   68   70   71   72
   74   77   80   83   86   91   98  104  111
    52.5-180.0 180.0   5.0 450.0                            LAT/LON1/LON2/DLON/H
  120  125  126  123  120  116  113  111  107  103   99   95   91   89   88   87
   87   86   84   79   72   66   59   54   49   47   43   43   45   49   51   49
   48   44   41   39   38   39   42   45   48   50   51   51   50   48   46   46
   47   48   48   47   45   45   46   49   54   59   65   70   74   76   78   80
   83   87   91   93   94   98  105  114  120
    50.0-180.0 180.0   5.0 450.0                            LAT/LON1/LON2/DLON/H
  135  141  142  140  134  130  124  119  114  108  103   97   93   90   89   88
   88   87   85   82   77   74   68   63   56   52   49   49   51   54   55   55
   53   49   47   46   46   49   52   56   58   60   61   60   58   56   54   53
   53   54   54   52   50   49   51   54   60   65   70   75   78   81   84   87
   91   95  102  104  104  108  116  126  135
    47.5-180.0 180.0   5.0 450.0                            LAT/LON1/LON2/DLON/H
  151  158  159  155  150  145  137  129  123  116  109  103   97   93   90   89
   89   88   86   84   83   83   80   75   70   64   59   58   60   62   62   62
   59   56   55   55   56   60   63   66   68   69   69   67   65   62   59   57
   57   58   57   56   55   55   57   61   66   72   76   79   83   86   91   95
  100  106  113  115  117  121  131  142  151
    45.0-180.0 180.0   5.0 450.0                            LAT/LON1/LON2/DLON/H
  168  174  174  171  165  159  149  140  131  124  116  109  103   98   94   92
   90   89   87   87   89   93   93   90   85   79   71   69   69   69   69   68
   66   64   63   64   66   70   73   76   76   75   74   72   69   66   63   62
   61   62   62   60   60   60   63   67   73   79   83   86   89   93   98  105
  112  118  126  130  134  140  149  159  168
    42.5-180.0 180.0   5.0 450.0                            LAT/LON1/LON2/DLON/H
  181  188  189  185  181  172  160  149  141  134  125  117  109  103   99   95
   93   90   89   91   95  101  105  104   99   92   83   78   77   76   75   73
   70   69   70   72   75   78   81   81   80   79   77   75   72   69   67   65
   65   66   66   66   65   65   68   74   81   88   91   94   97  102  108  115
  123  131  139  144  151  157  167  173  181
    40.0-180.0 180.0   5.0 450.0                            LAT/LON1/LON2/DLON/H
  193  199  202  197  192  182  170  158  150  143  134  125  118  111  105  100
   97   94   92   95  101  110  116  116  111  101   92   85   82   81   79   76
   73   72   75   78   81   84   85   85   84   82   79   77   75   73   70   69
   68   69   69   68   67   68   72   79   88   95  100  103  106  111  117  125
  132  142  150  156  163  170  180  186  193
    37.5-180.0 180.0   5.0 450.0                            LAT/LON1/LON2/DLON/H
  201  207  213  209  203  195  181  167  158  151  143  133  126  119  113  107
  103   99   98  101  108  118  124  125  118  107   97   89   86   84   81   78
   76   76   79   83   86   87   88   87   86   84   81   80   78   77   74   71
   70   69   69   68   68   69   74   84   94  103  109  112  115  120  126  134
  142  150  158  164  173  179  190  197  201
    35.0-180.0 180.0   5.0 450.0                            LAT/LON1/LON2/DLON/H
  209  213  218  216  211  205  190  176  166  160  151  142  134  127  121  115
  109  106  105  108  115  125  130  128  120  109   98   92   89   87   83   80
   79   81   85   88   90   91   91   89   87   85   83   83   82   81   78   74
   70   67   66   66   67   69   75   86   98  109  117  121  124  128  135  142
  148  156  164  172  179  186  197  205  209
    32.5-180.0 180.0   5.0 450.0                            LAT/LON1/LON2/DLON/H
  217  217  218  217  218  214  202  185  174  167  159  151  143  137  130  124
  117  114  113  116  121  128  131  126  118  107   98   93   92   90   88   86
   86   88   91   94   95   94   93   90   88   87   86   86   86   85   82   76
   70   65   63   63   64   68   75   86  100  114  123  128  132  136  142  149
  154  159  168  176  185  193  204  213  217
    30.0-180.0 180.0   5.0 450.0                            LAT/LON1/LON2/DLON/H
  227  227  224  222  225  222  212  198  185  175  166  159  151  144  138  132
  126  123  121  122  125  128  127  121  113  103   98   96   96   96   96   95
   95   96   98  100  100   97   94   91   91   91   91   90   89   88   84   77
   70   64   62   61   62   65   74   87  102  117  127  133  138  143  149  155
  159  163  171  181  193  205  215  224  227
    27.5-180.0 180.0   5.0 450.0                            LAT/LON1/LON2/DLON/H
  244  244  242  238  238  236  227  214  199  187  176  167  159  150  144  138
  133  130  129  128  127  126  122  115  108  103  101  102  104  105  106  105
  105  106  107  106  104   99   95   93   94   94   94   93   92   90   85   77
   68   62   60   58   59   63   73   87  104  120  131  138  143  150  155  160
  164  168  177  189  205  220  232  241  244
    25.0-180.0 180.0   5.0 450.0                            LAT/LON1/LON2/DLON/H
  268  270  271  265  260  256  247  233  218  204  187  176  167  158  150  143
  138  135  133  131  126  122  117  111  108  108  110  113  116  117  117  117
  117  116  115  112  109  100   95   94   95   96   95   93   91   89   83   74
   66   60   58   56   57   61   71   86  105  121  134  141  147  154  160  166
  170  176  185  200  220  239  253  264  268
    22.5-180.0 180.0   5.0 450.0                            LAT/LON1/LON2/DLON/H
  295  302  302  300  293  284  273  258  239  222  204  190  180  170  159  151
  145  141  136  131  126  120  115  112  115  121  126  129  131  130  129  127
  125  125  121  115  111  100   95   94   95   96   94   91   90   86   79   71
   63   58   54   52   53   58   68   85  104  122  135  142  149  155  163  170
  176  184  196  214  238  258  275  288  295
    20.0-180.0 180.0   5.0 450.0                            LAT/LON1/LON2/DLON/H
  320  331  336  338  335  324  306  289  266  246  225  210  198  186  172  163
  154  148  141  133  125  120  118  121  130  141  147  149  147  143  138  134
  130  127  122  115  110  100   95   94   95   95   93   90   87   82   75   68
   60   55   52   49   50   55   66   83  103  121  135  143  148  156  164  174
  183  193  208  230  253  276  295  310  320
    17.5-180.0 180.0   5.0 450.0                            LAT/LON1/LON2/DLON/H
  336  351  364  374  375  365  346  325  297  273  251  234  220  205  189  178
  167  158  148  138  128  124  127  136  151  165  171  170  161  152  144  137
  131  125  119  112  109  100   96   95   95   93   91   87   82   77   70   63
   56   51   48   45   45   51   62   81  101  120  134  143  148  156  167  178
  191  205  223  245  268  290  308  324  336
    15.0-180.0 180.0   5.0 450.0                            LAT/LON1/LON2/DLON/H
  341  359  378  396  404  400  383  359  329  301  279  260  244  227  210  196
  184  173  160  147  137  134  141  156  175  189  193  186  171  156  145  137
  129  122  116  110  108  102   99   97   96   93   89   83   78   71   64   57
   51   47   45   41   41   47   59   79  101  120  135  144  150  159  171  185
  200  217  238  260  279  297  313  326  341
    12.5-180.0 180.0   5.0 450.0                            LAT/LON1/LON2/DLON/H
  332  354  375  398  416  419  406  384  356  329  306  287  268  254  234  218
  204  191  176  161  152  151  159  179  199  211  210  196  173  155  143  133
  126  120  115  112  111  107  103  101   98   93   87   79   73   66   59   52
   47   44   41   39   39   44   58   78  102  121  136  146  155  165  178  193
  209  229  251  273  289  299  308  318  332
    10.0-180.0 180.0   5.0 450.0                            LAT/LON1/LON2/DLON/H
  315  335  361  388  409  419  412  395  373  350  334  311  294  280  262  243
  227  212  195  180  171  170  181  202  218  226  217  194  168  148  137  129
  123  118  117  117  118  114  110  106  101   95   86   77   69   62   54   48
   44   41   39   37   38   44   58   79  102  122  138  150  160  172  186  201
  218  238  261  281  294  298  300  304  315
     7.5-180.0 180.0   5.0 450.0                            LAT/LON1/LON2/DLON/H
  296  315  340  368  390  406  407  396  382  365  348  331  317  303  287  268
  252  235  216  201  192  191  200  218  226  224  210  182  157  140  131  126
  121  120  121  124  127  123  118  112  105   97   86   75   66   58   51   45
   42   39   38   37   38   45   59   81  103  123  140  153  165  179  194  209
  226  245  265  283  294  296  291  289  296
     5.0-180.0 180.0   5.0 450.0                            LAT/LON1/LON2/DLON/H
  285  301  325  350  372  389  395  391  381  369  356  342  332  321  307  290
  275  257  237  222  213  210  215  223  219  205  189  166  146  134  128  125
  124  124  128  133  135  131  124  116  107   97   84   73   64   57   51   45
   41   39   38   38   40   45   60   80  102  123  140  155  169  184  201  216
  231  249  266  282  293  293  288  282  285
     2.5-180.0 180.0   5.0 450.0                            LAT/LON1/LON2/DLON/H
  289  302  322  343  362  377  385  385  378  369  358  347  339  331  320  305
  291  275  256  241  231  227  225  221  203  182  166  151  139  133  131  130
  129  131  135  140  142  137  128  118  106   94   82   72   63   57   51   45
   41   39   38   39   40   47   60   80  101  122  139  155  172  189  206  221
  235  251  265  282  292  295  292  285  289
