ionex_files/bejaia/igsg0670.21i
     1.0            IONOSPHERE MAPS     MIX                 IONEX VERSION / TYPE
cmpcmb v1.2          GRL/UWM             1-apr-21 07:42     PGM / RUN BY / DATE 
ionex file containing IGS COMBINED Ionosphere maps          COMMENT             
global ionosphere maps for day 067, 2021                    DESCRIPTION         
IONEX file containing the COMBINED IGS TEC MAPS and DCBs    DESCRIPTION         
      IONEX files of the following IAACs were combined: cod DESCRIPTION         
                                                        esa DESCRIPTION         
                                                        jpl DESCRIPTION         
                                                        upc DESCRIPTION         
Contact address: Andrzej Krankowski                         DESCRIPTION
                 Geodynamics Research Laboratory            DESCRIPTION
                 University of Warmia and Mazury (GRL/UWM)  DESCRIPTION
                 Oczapowski St. 1                           DESCRIPTION
                 10-957-Olsztyn, POLAND                     DESCRIPTION
                 e-mail:  kand@uwm.edu.pl                   DESCRIPTION
                                                            DESCRIPTION         
  2021     3     8     0     0     0                        EPOCH OF FIRST MAP  
  2021     3     9     0     0     0                        EPOCH OF LAST MAP   
  7200                                                      INTERVAL            
    13                                                      # OF MAPS IN FILE   
  COSZ                                                      MAPPING FUNCTION    
     0.0                                                    ELEVATION CUTOFF    
combined TEC calculated as weighted mean of input TEC valuesOBSERVABLES USED    
   376                                                      # OF STATIONS       
    32                                                      # OF SATELLITES     
  6371.0                                                    BASE RADIUS         
     2                                                      MAP DIMENSION       
   450.0 450.0   0.0                                        HGT1 / HGT2 / DHGT  
    87.5 -87.5  -2.5                                        LAT1 / LAT2 / DLAT  
  -180.0 180.0   5.0                                        LON1 / LON2 / DLON  
    -1                                                      EXPONENT            
TEC values in 0.1 tec units;  9999, if no value available   COMMENT             
DCB values in nanoseconds, reference is Sum_of_SatDCBs = 0  COMMENT             
                                                            END OF HEADER       
[from data line 2574]
     7                                                      START OF TEC MAP    
  2021     3     8    12     0     0                        EPOCH OF CURRENT MAP
    87.5-180.0 180.0   5.0 450.0                            LAT/LON1/LON2/DLON/H
   44   45   45   46   46   47   47   47   48   48   49   49   49   49   50   50
   51   51   51   51   51   52   52   52   52   52   52   53   53   52   52   52
   52   52   52   52   51   51   51   51   51   50   50   50   49   49   49   48
   48   47   47   46   46   45   45   44   44   44   43   43   43   43   43   43
   43   43   43   43   43   43   43   44   44
    85.0-180.0 180.0   5.0 450.0                            LAT/LON1/LON2/DLON/H
   40   41   41   42   43   44   45   46   47   48   48   49   50   50   51   51
   52   52   53   53   53   53   53   54   54   54   54   55   55   55   55   55
   55   56   56   56   56   55   55   55   54   54   53   52   51   50   49   48
   47   46   46   45   44   43   42   41   40   39   38   38   37   37   37   36
   36   36   36   37   37   37   38   39   40
    82.5-180.0 180.0   5.0 450.0                            LAT/LON1/LON2/DLON/H
   35   36   38   40   41   42   44   44   45   46   47   48   49   49   50   51
   52   52   52   52   52   53   52   53   53   54   54   55   55   56   57   57
   57   58   58   59   59   59   59   58   58   57   56   55   54   53   52   50
   49   48   47   46   44   43   41   40   38   37   35   34   33   32   31   31
   30   30   30   31   31   32   32   34   35
    80.0-180.0 180.0   5.0 450.0                            LAT/LON1/LON2/DLON/H
   30   31   33   35   36   37   39   41   42   43   45   46   47   47   48   48
   49   50   50   50   50   51   50   51   52   52   53   55   56   56   57   59
   60   61   62   62   62   62   62   62   61   61   61   59   59   58   56   54
   52   51   50   48   47   45   43   41   39   37   35   33   31   29   28   27
   26   26   26   26   26   27   27   28   30
    77.5-180.0 180.0   5.0 450.0                            LAT/LON1/LON2/DLON/H
   24   25   27   29   31   32   34   36   38   40   41   42   42   43   44   45
   46   46   46   47   47   47   48   49   49   51   52   53   55   56   58   60
   61   63   64   65   66   66   66   66   66   65   64   63   62   62   61   60
   57   56   55   53   52   50   49   46   44   41   38   35   33   30   27   26
   24   23   22   22   21   22   22   23   24
    75.0-180.0 180.0   5.0 450.0                            LAT/LON1/LON2/DLON/H
   18   20   22   23   25   27   29   31   33   35   35   38   39   39   39   40
   40   42   43   43   42   44   45   47   48   48   50   52   55   57   58   60
   62   64   65   67   67   68   69   69   69   69   68   67   66   66   65   65
   63   63   62   60   59   57   56   53   50   46   43   39   36   32   29   26
   24   22   20   19   18   18   18   18   18
    72.5-180.0 180.0   5.0 450.0                            LAT/LON1/LON2/DLON/H
   15   16   17   18   21   22   24   26   28   30   32   33   32   33   34   36
   37   38   39   39   41   42   43   45   48   49   50   52   54   57   59   61
   62   64   66   67   68   69   70   71   71   71   72   72   71   70   70   70
   69   68   68   67   66   65   62   59   56   51   46   42   38   34   30   27
   24   21   19   18   17   16   15   15   15
    70.0-180.0 180.0   5.0 450.0                            LAT/LON1/LON2/DLON/H
   14   13   13   14   16   18   19   21   23   24   25   26   27   28   30   31
   33   35   36   38   40   42   44   46   48   50   52   54   55   57   59   60
   62   64   66   67   68   69   70   72   72   73   74   74   74   74   74   74
   74   73   73   72   71   69   66   62   58   54   49   44   39   34   31   27
   24   21   20   18   17   16   15   14   14
    67.5-180.0 180.0   5.0 450.0                            LAT/LON1/LON2/DLON/H
   14   13   12   12   12   14   16   18   19   20   21   21   22   23   25   27
   30   32   35   38   40   43   45   47   50   52   54   56   58   59   60   61
   62   64   65   66   68   69   71   72   74   75   77   77   78   77   78   78
   77   77   76   74   72   69   66   61   57   52   47   42   37   33   30   27
   24   22   21   20   19   17   16   15   14
    65.0-180.0 180.0   5.0 450.0                            LAT/LON1/LON2/DLON/H
   15   13   12   12   12   13   14   16   17   17   18   18   19   20   22   25
   27   31   34   37   41   44   46   49   52   54   57   59   60   61   61   61
   62   63   65   66   68   69   71   72   75   77   78   80   80   81   81   80
   80   78   76   73   70   66   62   58   52   48   43   39   34   31   28   25
   24   23   22   22   21   20   18   17   15
    62.5-180.0 180.0   5.0 450.0                            LAT/LON1/LON2/DLON/H
   19   16   14   13   13   14   14   15   16   16   16   16   16   18   20   22
   25   28   32   35   40   43   47   51   53   56   59   61   62   62   62   62
   63   64   64   66   67   69   71   73   76   78   80   82   83   83   83   82
   81   78   75   72   67   62   57   52   47   43   38   34   30   28   26   24
   23   23   24   25   25   24   23   21   19
    60.0-180.0 180.0   5.0 450.0                            LAT/LON1/LON2/DLON/H
   24   21   18   17   16   16   17   17   17   16   16   15   16   16   18   20
   22   25   29   34   38   42   47   51   54   58   60   63   64   65   64   64
   65   65   66   68   69   71   73   75   78   81   83   85   86   86   86   85
   83   79   76   71   65   60   54   48   43   39   36   33   30   29   26   25
   24   24   25   27   28   28   28   26   24
    57.5-180.0 180.0   5.0 450.0                            LAT/LON1/LON2/DLON/H
   31   28   25   23   22   21   21   21   20   19   18   17   16   16   17   18
   20   22   26   31   36   41   47   51   55   60   62   65   66   67   68   68
   69   70   71   71   73   74   76   79   82   85   87   89   90   90   89   88
   85   82   78   72   66   61   55   50   44   41   38   37   35   33   31   29
   27   27   28   30   32   33   33   33   31
    55.0-180.0 180.0   5.0 450.0                            LAT/LON1/LON2/DLON/H
   38   35   32   31   29   28   27   26   25   23   22   20   19   18   17   17
   19   20   24   29   35   41   47   52   56   61   65   68   70   71   72   73
   75   76   77   78   78   80   82   84   87   90   92   94   95   95   94   93
   90   87   83   77   72   66   62   56   51   48   46   45   44   42   40   36
   33   32   33   34   36   37   39   39   38
    52.5-180.0 180.0   5.0 450.0                            LAT/LON1/LON2/DLON/H
   45   43   40   40   38   37   35   33   32   29   28   26   23   21   20   19
   18   20   24   29   36   43   49   54   59   64   68   71   74   76   77   79
   81   83   84   85   86   87   89   92   95   97   99  101  100  100   99   98
   95   93   90   85   80   75   71   66   61   58   57   56   55   53   51   45
   41   38   38   39   41   42   44   45   45
    50.0-180.0 180.0   5.0 450.0                            LAT/LON1/LON2/DLON/H
   51   50   49   48   47   46   44   42   39   37   34   33   30   27   25   23
   22   22   25   32   39   47   53   58   63   69   73   76   79   80   84   86
   88   90   92   93   94   96   98  101  104  105  107  107  107  106  104  103
  101   99   96   94   90   85   82   77   72   69   67   65   64   63   61   56
   50   46   45   45   46   47   48   50   51
    47.5-180.0 180.0   5.0 450.0                            LAT/LON1/LON2/DLON/H
   56   56   57   57   56   55   53   50   47   45   43   42   39   36   33   29
   27   27   30   38   46   53   60   65   70   74   78   82   84   86   90   92
   94   97   99  101  102  104  107  111  113  115  115  114  112  110  108  106
  105  104  103  101   98   94   90   85   82   78   74   71   70   70   68   64
   59   55   51   50   49   51   53   55   56
    45.0-180.0 180.0   5.0 450.0                            LAT/LON1/LON2/DLON/H
   60   61   62   63   64   63   61   59   56   54   53   51   49   46   42   38
   35   35   38   46   55   62   69   73   77   81   84   87   89   92   95   97
   99  103  105  107  110  113  116  119  123  124  123  120  117  113  111  110
  109  109  108  107  104  101   97   91   86   80   75   72   71   71   71   69
   65   61   58   55   54   55   57   59   60
    42.5-180.0 180.0   5.0 450.0                            LAT/LON1/LON2/DLON/H
   63   64   66   68   69   69   68   66   63   62   63   62   61   57   53   48
   45   44   48   55   64   71   77   81   84   86   90   92   95   97   99  101
  103  107  110  112  115  120  124  129  132  132  130  126  121  117  115  114
  114  114  113  112  109  105   99   91   84   77   71   68   67   68   69   69
   67   64   62   60   60   60   61   62   63
    40.0-180.0 180.0   5.0 450.0                            LAT/LON1/LON2/DLON/H
   65   66   68   70   72   74   73   72   70   70   71   71   71   68   64   59
   55   55   58   64   72   78   84   87   89   92   94   97   99  100  101  103
  106  109  112  116  120  125  132  138  142  141  137  133  127  122  119  119
  119  118  118  116  113  107  100   90   81   72   64   61   60   61   63   65
   66   65   64   64   64   64   64   64   65
    37.5-180.0 180.0   5.0 450.0                            LAT/LON1/LON2/DLON/H
   66   66   68   70   73   76   76   76   75   77   79   81   81   79   75   71
   67   65   67   72   78   84   89   91   94   95   98  101  103  103  104  105
  107  110  113  118  124  131  139  147  152  152  148  142  136  130  127  125
  125  124  124  121  117  112  103   93   81   72   64   59   57   57   58   60
   63   64   64   65   65   66   66   65   66
    35.0-180.0 180.0   5.0 450.0                            LAT/LON1/LON2/DLON/H
   66   66   67   69   72   76   77   78   78   81   85   88   89   88   84   79
   76   74   74   77   83   88   92   94   96   98  101  105  106  106  105  106
  109  112  116  121  128  137  147  157  163  163  160  154  147  141  138  136
  135  135  135  133  128  123  114  104   92   82   73   67   63   61   59   59
   60   62   63   65   65   66   67   66   66
    32.5-180.0 180.0   5.0 450.0                            LAT/LON1/LON2/DLON/H
   66   66   66   68   70   73   75   77   79   82   87   91   94   94   90   86
   82   79   78   81   85   90   94   96   97  100  104  108  110  108  108  108
  112  116  121  127  136  146  159  169  176  175  172  167  161  155  152  150
  151  153  155  154  150  145  137  130  120  110  100   91   84   76   70   65
   61   61   62   64   66   67   67   67   66
    30.0-180.0 180.0   5.0 450.0                            LAT/LON1/LON2/DLON/H
   67   65   65   65   68   70   72   74   77   81   86   92   95   95   93   90
   85   81   80   81   86   91   95   97   99  102  107  111  113  112  111  113
  118  124  129  138  147  158  171  182  189  191  188  183  178  174  171  172
  176  181  184  185  183  180  174  171  163  155  143  131  119  104   90   78
   69   64   63   64   67   67   68   68   67
    27.5-180.0 180.0   5.0 450.0                            LAT/LON1/LON2/DLON/H
   67   65   63   63   64   66   68   71   74   78   83   89   92   93   92   89
   85   81   79   81   86   92   96   98  101  105  110  115  117  116  116  121
  127  135  143  152  161  171  184  196  204  207  206  202  198  197  199  202
  210  217  222  226  224  223  220  220  215  207  195  180  164  143  120   99
   82   71   67   67   68   68   69   68   67
    25.0-180.0 180.0   5.0 450.0                            LAT/LON1/LON2/DLON/H
   68   66   64   62   62   62   64   66   69   73   78   83   87   88   87   85
   82   79   78   80   87   93   98  102  104  108  114  119  120  121  124  131
  141  151  160  169  179  189  200  212  219  224  225  225  228  226  233  242
  250  257  262  268  271  271  271  271  265  259  247  229  211  185  154  125
  100   84   75   72   70   70   70   70   68
    22.5-180.0 180.0   5.0 450.0                            LAT/LON1/LON2/DLON/H
   71   69   66   62   61   61   61   62   64   67   71   75   80   82   81   79
   76   75   75   80   87   95  102  105  108  112  117  122  125  128  134  145
  157  169  180  188  197  208  218  228  236  242  248  252  258  264  272  281
  288  294  299  306  312  311  313  313  307  298  285  266  246  218  184  150
  122   99   86   79   75   74   73   73   71
    20.0-180.0 180.0   5.0 450.0                            LAT/LON1/LON2/DLON/H
   75   71   68   63   61   61   61   61   62   64   65   68   72   74   73   72
   70   70   73   79   88   98  105  109  112  115  120  125  130  136  146  159
  174  187  197  207  213  223  236  249  255  261  270  282  296  304  310  316
  321  325  328  332  337  338  338  337  328  316  299  276  257  232  201  170
  141  114   98   89   83   81   79   77   75
    17.5-180.0 180.0   5.0 450.0                            LAT/LON1/LON2/DLON/H
   79   74   69   65   62   62   61   62   62   62   61   62   66   66   65   64
   64   65   69   78   90  100  108  112  115  117  122  128  135  144  158  175
  191  203  213  221  228  238  249  262  275  283  293  310  328  336  338  341
  344  343  342  342  345  344  342  338  324  304  286  262  243  224  202  177
  152  128  111  101   94   90   86   83   79
    15.0-180.0 180.0   5.0 450.0                            LAT/LON1/LON2/DLON/H
   86   78   72   67   64   63   62   62   63   61   59   59   60   60   59   57
   57   60   66   77   90  102  109  113  115  118  125  132  141  154  171  189
  205  216  224  231  239  248  260  274  286  296  311  329  343  351  351  352
  351  347  343  339  340  337  330  319  298  271  249  231  216  203  191  175
  158  139  125  113  106  100   97   91   86
    12.5-180.0 180.0   5.0 450.0                            LAT/LON1/LON2/DLON/H
   93   82   75   70   66   64   63   63   62   61   58   58   58   56   54   53
   53   56   64   77   91  104  111  115  117  121  129  138  149  164  183  201
  215  225  232  238  246  255  268  282  293  305  320  336  348  353  354  356
  350  343  336  330  327  323  309  290  264  231  207  193  184  178  173  167
  157  145  134  125  118  111  106   99   93
    10.0-180.0 180.0   5.0 450.0                            LAT/LON1/LON2/DLON/H
   98   87   79   73   69   67   65   63   62   61   58   57   56   55   53   51
   50   54   64   78   93  106  113  117  120  125  134  145  158  174  192  210
  223  231  237  244  251  262  276  287  297  308  322  338  348  353  355  354
  347  339  330  320  313  306  290  266  237  203  175  160  153  153  154  156
  154  148  140  132  127  121  115  106   98
     7.5-180.0 180.0   5.0 450.0                            LAT/LON1/LON2/DLON/H
  102   90   82   76   72   69   66   64   62   61   59   57   56   54   52   51
   50   55   64   80   95  108  116  120  124  131  142  154  168  184  200  216
  227  234  240  247  256  268  281  292  300  311  323  336  347  352  355  354
  347  338  328  317  305  294  277  255  225  190  161  143  136  137  141  147
  148  146  141  135  132  128  121  111  102
     5.0-180.0 180.0   5.0 450.0                            LAT/LON1/LON2/DLON/H
  105   93   84   79   74   70   66   64   62   61   59   57   56   54   53   51
   51   56   66   81   97  111  120  125  130  139  151  164  179  193  207  220
  229  236  242  250  261  274  286  296  304  312  324  336  345  352  355  355
  350  342  332  319  305  291  276  255  228  196  166  146  136  135  139  143
  145  144  140  135  132  130  125  115  105
     2.5-180.0 180.0   5.0 450.0                            LAT/LON1/LON2/DLON/H
  106   94   85   79   75   70   66   63   61   59   58   57   56   55   53   52
   52   58   68   84  101  114  125  131  138  148  161  175  188  201  213  223
  232  239  246  255  268  281  293  302  308  316  326  336  343  350  354  353
  351  345  337  324  310  297  284  267  243  216  190  169  155  149  148  148
  146  142  137  132  129  128  125  117  106
