ionex_files/bejaia/igsg0840.21i
     1.0            IONOSPHERE MAPS     MIX                 IONEX VERSION / TYPE
cmpcmb v1.2          GRL/UWM            12-apr-21 05:36     PGM / RUN BY / DATE 
ionex file containing IGS COMBINED Ionosphere maps          COMMENT             
global ionosphere maps for day 084, 2021                    DESCRIPTION         
IONEX file containing the COMBINED IGS TEC MAPS and DCBs    DESCRIPTION         
      IONEX files of the following IAACs were combined: cod DESCRIPTION         
                                                        esa DESCRIPTION         
                                                        jpl DESCRIPTION         
                                                        upc DESCRIPTION         
Contact address: Andrzej Krankowski                         DESCRIPTION
                 Geodynamics Research Laboratory            DESCRIPTION
                 University of Warmia and Mazury (GRL/UWM)  DESCRIPTION
                 Oczapowski St. 1                           DESCRIPTION
                 10-957-Olsztyn, POLAND                     DESCRIPTION
                 e-mail:  kand@uwm.edu.pl                   DESCRIPTION
                                                            DESCRIPTION         
  2021     3    25     0     0     0                        EPOCH OF FIRST MAP  
  2021     3    26     0     0     0                        EPOCH OF LAST MAP   
  7200                                                      INTERVAL            
    13                                                      # OF MAPS IN FILE   
  COSZ                                                      MAPPING FUNCTION    
     0.0                                                    ELEVATION CUTOFF    
combined TEC calculated as weighted mean of input TEC valuesOBSERVABLES USED    
   378                                                      # OF STATIONS       
    32                                                      # OF SATELLITES     
  6371.0                                                    BASE RADIUS         
     2                                                      MAP DIMENSION       
   450.0 450.0   0.0                                        HGT1 / HGT2 / DHGT  
    87.5 -87.5  -2.5                                        LAT1 / LAT2 / DLAT  
  -180.0 180.0   5.0                                        LON1 / LON2 / DLON  
    -1                                                      EXPONENT            
TEC values in 0.1 tec units;  9999, if no value available   COMMENT             
DCB values in nanoseconds, reference is Sum_of_SatDCBs = 0  COMMENT             
                                                            END OF HEADER       
     1                                                      START OF TEC MAP    
  2021     3    25     0     0     0                        EPOCH OF CURRENT MAP
    87.5-180.0 180.0   5.0 450.0                            LAT/LON1/LON2/DLON/H
   62   62   62   62   63   63   63   63   63   63   63   63   63   63   62   62
   61   61   61   60   59   59   58   58   57   56   56   55   54   54   53   53
   52   52   51   51   51   51   51   51   51   51   51   51   51   51   52   53
   53   53   54   54   55   55   56   57   57   57   58   58   58   59   59   59
   59   60   60   60   61   61   62   62   62
    85.0-180.0 180.0   5.0 450.0                            LAT/LON1/LON2/DLON/H
   65   65   65   66   67   67   67   68   68   68   68   68   68   68   68   67
   67   66   65   64   62   61   59   57   56   54   52   51   50   49   48   47
   46   45   44   44   43   43   43   43   43   44   44   44   45   46   46   48
   48   49   50   51   53   54   54   55   56   57   58   58   59   60   60   61
   61   61   62   62   63   63   64   64   65
    82.5-180.0 180.0   5.0 450.0                            LAT/LON1/LON2/DLON/H
   66   66   67   67   68   69   70   70   70   71   71   72   72   72   72   71
   71   70   69   67   66   64   60   57   54   52   51   49   46   45   43   41
   40   38   37   36   36   35   35   36   37   38   38   40   41   42   43   44
   45   46   48   50   51   53   54   56   56   57   58   59   60   60   61   61
   62   63   63   63   64   65   65   65   66
    80.0-180.0 180.0   5.0 450.0                            LAT/LON1/LON2/DLON/H
   66   66   67   67   68   69   69   71   71   71   72   72   73   73   73   73
   73   73   72   70   68   66   62   57   54   51   48   46   43   41   38   37
   35   34   33   31   31   31   32   32   33   33   35   37   38   40   41   42
   44   45   47   49   50   52   54   55   57   58   59   60   61   62   62   63
   64   64   64   64   65   65   65   65   66
    77.5-180.0 180.0   5.0 450.0                            LAT/LON1/LON2/DLON/H
   67   67   68   69   70   70   70   70   70   71   72   73   73   75   75   75
   75   74   73   71   69   66   60   58   55   51   49   46   43   40   38   35
   34   33   31   31   31   32   33   34   34   35   35   36   37   39   40   42
   43   44   46   48   50   52   54   55   57   58   59   61   62   63   64   64
   65   65   65   66   66   67   67   67   67
    75.0-180.0 180.0   5.0 450.0                            LAT/LON1/LON2/DLON/H
   71   71   71   72   72   71   71   71   72   72   73   74   74   75   75   74
   73   72   70   68   66   63   59   58   55   52   50   46   43   41   39   37
   35   35   35   34   35   36   36   37   38   38   38   38   39   40   41   42
   43   45   46   48   50   52   54   56   57   58   60   61   62   64   65   66
   66   67   68   68   69   69   70   70   71
    72.5-180.0 180.0   5.0 450.0                            LAT/LON1/LON2/DLON/H
   76   76   76   76   75   75   75   75   75   75   75   75   75   74   73   71
   70   68   66   64   62   60   58   57   54   53   50   48   44   42   41   40
   40   39   39   39   40   40   41   41   41   41   41   41   41   42   42   43
   44   45   46   48   50   52   54   56   57   58   59   61   62   64   65   66
   68   69   71   72   73   74   75   75   76
    70.0-180.0 180.0   5.0 450.0                            LAT/LON1/LON2/DLON/H
   83   82   82   81   81   81   80   80   80   79   78   77   76   74   72   69
   67   65   62   60   59   57   56   55   54   52   51   50   47   46   44   44
   44   44   43   43   44   43   44   43   43   43   42   42   42   41   42   43
   44   45   46   47   49   51   54   56   57   59   60   61   63   65   66   69
   70   73   75   77   78   81   81   82   83
    67.5-180.0 180.0   5.0 450.0                            LAT/LON1/LON2/DLON/H
   90   90   89   88   87   86   85   85   84   83   82   81   78   75   72   69
   65   62   60   57   55   54   54   53   52   51   51   51   51   50   49   48
   48   47   46   45   44   44   43   42   41   41   41   40   40   40   39   40
   41   42   44   45   47   49   51   55   57   60   61   63   65   68   70   72
   75   77   80   82   84   86   88   89   90
    65.0-180.0 180.0   5.0 450.0                            LAT/LON1/LON2/DLON/H
   95   96   95   94   92   91   90   88   88   88   87   85   82   78   74   70
   66   62   58   55   54   53   53   52   51   50   50   50   51   51   51   49
   49   48   46   43   42   40   40   39   38   38   37   37   37   37   36   35
   36   37   39   41   43   45   49   53   57   61   64   67   70   73   76   78
   81   83   86   88   90   92   93   95   95
    62.5-180.0 180.0   5.0 450.0                            LAT/LON1/LON2/DLON/H
   99  100  100   98   96   94   92   91   90   90   90   88   86   81   77   72
   69   64   59   56   55   54   53   51   50   48   47   48   49   49   50   49
   48   47   43   40   37   35   35   34   34   33   33   33   33   33   32   31
   31   32   33   35   38   40   45   51   57   63   68   73   77   80   84   87
   89   91   93   95   95   97   97   98   99
    60.0-180.0 180.0   5.0 450.0                            LAT/LON1/LON2/DLON/H
  102  103  103  101   98   96   93   91   90   90   90   90   88   85   81   76
   72   67   63   59   58   56   54   52   49   46   45   45   46   45   46   46
   44   43   39   35   33   31   30   30   30   30   30   30   30   30   29   29
   28   28   29   30   33   37   43   51   59   66   74   80   85   90   94   97
   99  101  101  101  101  100  101  102  102
    57.5-180.0 180.0   5.0 450.0                            LAT/LON1/LON2/DLON/H
  106  106  106  104  101   97   94   91   89   89   89   89   89   88   85   82
   78   73   69   65   62   60   58   55   50   45   43   42   43   43   42   42
   42   39   35   32   30   28   28   28   29   30   31   31   32   32   31   29
   28   27   27   29   32   37   44   53   63   72   80   87   94  100  104  108
  110  111  110  109  108  107  106  106  106
    55.0-180.0 180.0   5.0 450.0                            LAT/LON1/LON2/DLON/H
  112  112  111  108  104   99   95   92   89   88   87   88   89   89   89   87
   85   81   76   72   69   66   62   59   53   47   44   43   43   43   42   42
   41   37   34   32   31   30   31   32   33   34   35   36   36   36   36   34
   32   31   30   31   34   40   48   57   68   77   87   94  101  108  113  118
  121  122  121  120  118  116  114  113  112
    52.5-180.0 180.0   5.0 450.0                            LAT/LON1/LON2/DLON/H
  122  121  118  115  110  105  100   95   91   89   88   88   89   91   92   92
   91   88   84   81   77   73   70   65   58   53   49   46   45   46   45   44
   43   38   36   35   35   36   38   40   41   42   43   44   43   43   41   40
   38   37   37   37   39   45   52   62   73   83   93  102  108  115  122  127
  131  133  134  133  132  129  127  124  122
    50.0-180.0 180.0   5.0 450.0                            LAT/LON1/LON2/DLON/H
  136  133  130  126  121  114  108  102   97   94   91   90   91   92   94   95
   96   95   91   88   84   81   79   74   68   62   57   54   52   52   51   50
   48   44   42   42   43   46   48   50   51   52   52   52   51   50   49   47
   46   46   45   45   47   52   58   67   78   88   98  107  114  120  127  134
  139  144  147  149  149  147  144  140  136
    47.5-180.0 180.0   5.0 450.0                            LAT/LON1/LON2/DLON/H
  155  150  145  139  134  126  119  112  106  102   98   95   94   95   97   98
   99   98   96   94   92   91   89   85   79   73   67   63   62   60   58   56
   54   52   51   52   54   56   59   60   60   60   59   59   59   57   56   56
   55   55   54   54   56   60   65   73   84   93  103  111  117  123  131  138
  146  153  160  165  168  168  163  159  155
    45.0-180.0 180.0   5.0 450.0                            LAT/LON1/LON2/DLON/H
  174  168  161  153  146  138  131  124  118  113  108  103  100  100  101  103
  103  102  100   99   98   99   99   96   91   85   79   75   71   69   66   63
   61   60   60   62   64   66   68   68   67   66   65   64   64   63   62   63
   63   63   63   63   64   66   72   81   90   99  107  114  120  125  133  142
  152  162  173  180  186  186  182  178  174
    42.5-180.0 180.0   5.0 450.0                            LAT/LON1/LON2/DLON/H
  191  185  176  168  158  150  143  136  130  125  120  113  109  106  107  108
  107  106  104  103  105  107  108  106  101   95   89   84   79   77   74   70
   68   68   69   71   72   73   74   73   71   69   68   68   68   68   68   69
   71   72   71   71   70   72   78   87   97  105  113  119  124  129  136  145
  157  169  182  194  201  203  201  197  191
    40.0-180.0 180.0   5.0 450.0                            LAT/LON1/LON2/DLON/H
  207  199  189  180  170  160  151  146  141  136  131  124  118  115  114  114
  113  111  109  109  112  115  117  115  109  102   95   89   84   81   78   74
   72   73   75   77   78   77   76   75   72   71   70   71   72   73   73   73
   75   76   76   75   74   76   82   92  102  111  119  125  129  134  140  150
  161  174  189  203  213  217  217  213  207
    37.5-180.0 180.0   5.0 450.0                            LAT/LON1/LON2/DLON/H
  219  210  201  190  179  166  157  151  148  145  141  134  128  124  122  121
  120  119  117  117  119  122  123  120  113  106   97   91   87   83   79   76
   75   75   78   79   79   78   77   75   73   71   71   73   75   75   75   76
   76   77   76   75   74   76   83   94  106  115  124  130  135  139  145  154
  166  179  195  209  223  228  230  226  219
    35.0-180.0 180.0   5.0 450.0                            LAT/LON1/LON2/DLON/H
  229  221  211  201  188  172  160  154  152  151  148  143  138  134  131  131
  129  128  126  125  126  128  127  123  114  106   97   90   86   82   78   76
   76   77   79   80   80   79   78   76   74   73   73   74   76   76   76   75
   75   74   73   72   70   73   81   94  107  118  128  134  139  143  151  160
  171  185  200  215  230  238  240  236  229
    32.5-180.0 180.0   5.0 450.0                            LAT/LON1/LON2/DLON/H
  241  233  225  216  201  182  166  158  155  154  154  150  147  143  141  140
  139  138  136  134  132  131  128  122  112  103   94   88   84   80   77   75
   76   77   79   81   81   80   79   77   76   75   76   77   77   77   76   74
   72   71   69   66   65   68   78   93  108  120  130  138  144  149  156  165
  176  190  205  221  237  247  251  249  241
    30.0-180.0 180.0   5.0 450.0                            LAT/LON1/LON2/DLON/H
  260  253  245  237  221  199  178  166  160  159  157  155  153  151  150  150
  149  147  144  140  136  131  126  119  110  100   92   87   83   80   77   76
   76   78   81   82   82   81   81   81   81   80   80   80   80   78   75   71
   69   67   64   61   60   64   75   92  108  122  132  140  147  154  162  171
  182  196  211  229  245  258  266  266  260
    27.5-180.0 180.0   5.0 450.0                            LAT/LON1/LON2/DLON/H
  289  284  278  270  252  225  199  182  171  165  163  160  158  158  157  157
  156  153  149  143  136  128  122  116  109  101   94   90   87   84   81   78
   80   82   83   85   85   85   85   85   85   84   84   84   82   79   74   70
   66   64   60   57   55   59   72   90  108  123  133  141  150  158  166  176
  188  203  219  238  257  273  285  291  289
    25.0-180.0 180.0   5.0 450.0                            LAT/LON1/LON2/DLON/H
  326  328  323  310  292  263  233  209  191  179  174  169  167  165  163  162
  159  154  148  140  131  123  117  115  112  107  101   98   96   94   90   85
   86   86   86   88   89   90   90   89   88   88   89   88   85   81   74   68
   64   61   57   54   52   56   70   89  107  123  134  142  151  161  171  182
  194  210  228  249  271  292  307  321  326
    22.5-180.0 180.0   5.0 450.0                            LAT/LON1/LON2/DLON/H
  367  380  377  363  341  312  282  249  220  202  191  183  179  175  171  165
  159  151  143  134  125  118  117  120  122  120  115  113  111  108  104   98
   93   92   92   94   95   95   94   94   93   95   95   94   90   83   75   67
   62   59   56   51   50   55   68   87  106  122  134  142  152  163  174  186
  201  218  238  261  285  309  332  352  367
    20.0-180.0 180.0   5.0 450.0                            LAT/LON1/LON2/DLON/H
  406  426  425  418  397  371  339  300  260  233  216  204  196  188  181  170
  159  147  135  125  119  116  121  131  138  139  135  133  129  125  119  110
  103   99   99  102  102  102  101  100  100  102  102  100   93   84   75   67
   62   58   55   51   49   53   67   86  106  121  132  142  153  164  177  191
  208  226  248  272  298  324  350  378  406
    17.5-180.0 180.0   5.0 450.0                            LAT/LON1/LON2/DLON/H
  427  457  465  468  453  422  390  353  308  272  247  232  218  205  193  179
  161  144  129  118  115  119  131  147  157  160  157  154  148  141  134  122
  113  107  108  110  110  109  107  107  106  108  107  103   95   85   74   66
   61   58   54   50   47   52   66   85  105  120  131  143  155  168  181  196
  214  235  257  281  307  333  360  392  427
    15.0-180.0 180.0   5.0 450.0                            LAT/LON1/LON2/DLON/H
  426  460  476  485  482  463  438  407  361  318  288  269  248  230  212  192
  168  146  128  117  117  128  146  165  178  182  178  173  163  153  145  133
  123  116  117  118  117  115  112  111  112  113  110  104   94   84   74   65
   61   57   54   49   46   51   64   85  106  121  132  145  159  173  187  203
  221  242  265  288  312  334  361  391  426
    12.5-180.0 180.0   5.0 450.0                            LAT/LON1/LON2/DLON/H
  408  438  460  474  482  481  472  449  407  362  332  313  287  264  238  212
  184  158  138  126  128  144  165  185  197  199  193  184  171  160  152  142
  131  125  125  127  125  121  116  113  112  112  109  102   92   82   72   65
   60   57   53   48   45   49   64   85  107  123  135  149  164  180  195  211
  229  250  272  293  312  332  352  379  408
    10.0-180.0 180.0   5.0 450.0                            LAT/LON1/LON2/DLON/H
  381  407  429  446  461  473  479  468  439  400  375  357  331  303  272  242
  209  182  158  146  149  167  187  203  212  209  199  184  171  162  156  148
  139  134  135  136  134  128  121  115  111  109  104   97   89   81   72   64
   59   57   53   48   44   48   63   85  107  124  138  153  170  187  203  220
  237  257  278  296  312  325  341  359  381
     7.5-180.0 180.0   5.0 450.0                            LAT/LON1/LON2/DLON/H
  353  375  397  415  431  448  461  465  450  426  408  393  370  344  309  277
  243  213  190  178  179  192  207  219  220  212  196  179  165  160  157  153
  146  143  144  144  142  134  125  117  109  103   98   92   88   80   72   63
   58   55   52   47   44   49   64   85  105  122  139  156  174  193  210  228
  245  265  284  301  312  319  327  339  353
     5.0-180.0 180.0   5.0 450.0                            LAT/LON1/LON2/DLON/H
  336  353  372  388  401  418  437  449  446  434  424  413  397  374  345  312
  280  254  230  217  215  220  225  228  222  210  190  173  161  157  158  154
  150  150  151  150  148  139  129  119  109  101   95   90   86   81   73   63
   57   54   51   46   44   49   64   83  103  119  136  155  175  197  216  232
  250  270  290  307  316  320  321  327  336
     2.5-180.0 180.0   5.0 450.0                            LAT/LON1/LON2/DLON/H
  337  349  362  373  381  395  414  429  434  430  426  421  410  392  369  343
  317  295  272  259  254  252  244  232  218  200  181  165  157  157  159  157
  155  154  154  153  151  142  132  120  109  100   94   90   86   80   72   62
   55   52   49   45   43   49   63   82  100  115  130  149  172  195  215  233
  251  273  296  316  326  329  328  330  337
