ionex_files/bejaia/igsg0860.21i
     1.0            IONOSPHERE MAPS     MIX                 IONEX VERSION / TYPE
cmpcmb v1.2          GRL/UWM            12-apr-21 05:48     PGM / RUN BY / DATE 
ionex file containing IGS COMBINED Ionosphere maps          COMMENT             
global ionosphere maps for day 086, 2021                    DESCRIPTION         
IONEX file containing the COMBINED IGS TEC MAPS and DCBs    DESCRIPTION         
      IONEX files of the following IAACs were combined: cod DESCRIPTION         
                                                        esa DESCRIPTION         
                                                        jpl DESCRIPTION         
                                                        upc DESCRIPTION         
Contact address: Andrzej Krankowski                         DESCRIPTION
                 Geodynamics Research Laboratory            DESCRIPTION
                 University of Warmia and Mazury (GRL/UWM)  DESCRIPTION
                 Oczapowski St. 1                           DESCRIPTION
                 10-957-Olsztyn, POLAND                     DESCRIPTION
                 e-mail:  kand@uwm.edu.pl                   DESCRIPTION
                                                            DESCRIPTION         
  2021     3    27     0     0     0                        EPOCH OF FIRST MAP  
  2021     3    28     0     0     0                        EPOCH OF LAST MAP   
  7200                                                      INTERVAL            
    13                                                      # OF MAPS IN FILE   
  COSZ                                                      MAPPING FUNCTION    
     0.0                                                    ELEVATION CUTOFF    
combined TEC calculated as weighted mean of input TEC valuesOBSERVABLES USED    
   376                                                      # OF STATIONS       
    32                                                      # OF SATELLITES     
  6371.0                                                    BASE RADIUS         
     2                                                      MAP DIMENSION       
   450.0 450.0   0.0                                        HGT1 / HGT2 / DHGT  
    87.5 -87.5  -2.5                                        LAT1 / LAT2 / DLAT  
  -180.0 180.0   5.0                                        LON1 / LON2 / DLON  
    -1                                                      EXPONENT            
TEC values in 0.1 tec units;  9999, if no value available   COMMENT             
DCB values in nanoseconds, reference is Sum_of_SatDCBs = 0  COMMENT             
                                                            END OF HEADER       
[from data line 1287]
     4                                                      START OF TEC MAP    
  2021     3    27     6     0     0                        EPOCH OF CURRENT MAP
    87.5-180.0 180.0   5.0 450.0                            LAT/LON1/LON2/DLON/H
   61   61   61   62   62   61   62   62   62   62   62   62   62   62   61   61
   61   61   61   60   60   60   60   59   59   58   58   58   58   58   58   58
   58   58   57   57   57   57   57   57   57   58   58   58   58   58   59   59
   59   59   59   60   60   60   60   60   60   60   60   60   60   60   60   60
   60   60   60   60   60   60   61   61   61
    85.0-180.0 180.0   5.0 450.0                            LAT/LON1/LON2/DLON/H
   60   61   61   61   62   62   63   63   63   63   63   63   63   62   62   61
   61   60   59   58   57   56   55   54   54   53   53   52   52   52   52   52
   52   52   52   53   54   54   54   55   55   56   56   57   57   58   58   59
   59   59   59   59   60   60   60   60   59   59   59   59   59   59   59   58
   58   58   59   58   58   58   59   60   60
    82.5-180.0 180.0   5.0 450.0                            LAT/LON1/LON2/DLON/H
   57   58   58   59   60   61   61   62   62   63   62   62   61   61   60   59
   57   56   55   53   51   50   48   47   46   45   44   44   44   44   44   45
   45   46   47   48   49   50   51   53   53   54   55   56   57   58   59   59
   60   61   62   62   62   62   62   62   62   61   61   60   60   59   59   58
   57   57   57   56   56   56   56   56   57
    80.0-180.0 180.0   5.0 450.0                            LAT/LON1/LON2/DLON/H
   52   53   54   55   56   57   57   59   59   60   60   60   59   58   56   55
   53   50   48   46   44   42   40   39   37   37   36   35   35   35   36   37
   38   40   41   43   45   47   49   51   52   53   55   57   58   59   61   62
   63   65   66   67   67   68   68   67   67   66   66   65   64   63   62   60
   59   58   57   55   54   54   53   53   52
    77.5-180.0 180.0   5.0 450.0                            LAT/LON1/LON2/DLON/H
   49   49   49   50   50   52   53   54   55   56   57   56   55   54   52   50
   47   44   42   39   36   34   32   31   29   28   27   27   27   28   29   31
   33   35   38   40   43   46   48   51   53   55   57   59   60   63   65   66
   68   70   72   73   74   75   75   75   75   74   73   72   71   70   68   66
   64   62   59   57   55   53   51   50   49
    75.0-180.0 180.0   5.0 450.0                            LAT/LON1/LON2/DLON/H
   48   47   46   46   46   46   47   48   50   51   51   51   50   49   46   43
   40   37   35   32   30   28   26   24   23   22   22   21   22   23   25   27
   29   32   36   39   42   46   49   52   55   57   59   62   63   66   68   71
   74   76   78   81   82   83   84   83   83   83   82   81   80   78   77   74
   72   69   66   62   59   56   53   50   48
    72.5-180.0 180.0   5.0 450.0                            LAT/LON1/LON2/DLON/H
   51   48   47   45   44   43   43   44   44   45   45   45   44   42   40   37
   34   31   30   27   25   24   22   21   20   20   20   19   20   21   22   25
   27   31   34   39   43   48   51   54   56   58   61   63   66   69   72   75
   79   83   86   89   90   92   92   92   91   91   89   89   87   86   85   83
   80   77   74   70   66   62   58   54   51
    70.0-180.0 180.0   5.0 450.0                            LAT/LON1/LON2/DLON/H
   57   54   50   47   45   43   42   40   40   39   39   39   37   36   35   33
   30   27   26   25   24   22   22   22   21   21   20   21   21   21   22   24
   27   31   35   39   44   48   52   55   57   59   61   64   67   71   76   80
   85   89   93   96   98   99   98   97   96   95   94   93   91   91   90   88
   87   84   81   78   74   69   65   61   57
    67.5-180.0 180.0   5.0 450.0                            LAT/LON1/LON2/DLON/H
   65   60   56   52   48   45   41   39   37   35   34   33   32   32   31   29
   27   26   25   25   24   24   24   24   24   24   23   22   22   22   23   24
   27   30   35   40   45   49   52   54   57   59   61   65   69   73   79   84
   90   94   99  102  103  103  102  100   98   96   94   93   92   92   91   90
   89   88   86   84   81   77   73   69   65
    65.0-180.0 180.0   5.0 450.0                            LAT/LON1/LON2/DLON/H
   73   69   63   58   53   48   43   39   36   33   31   30   29   29   29   28
   27   26   26   27   27   27   27   27   27   27   26   25   24   23   23   24
   26   30   34   39   44   48   51   53   55   58   61   65   70   75   81   88
   93   98  102  105  106  106  104  101   98   96   93   91   90   90   89   89
   88   88   88   88   86   84   80   77   73
    62.5-180.0 180.0   5.0 450.0                            LAT/LON1/LON2/DLON/H
   79   75   70   64   58   51   45   40   35   31   29   27   27   27   27   27
   27   27   28   29   29   29   29   28   28   28   27   26   24   23   22   23
   25   29   33   38   43   47   50   52   55   57   60   65   71   77   85   91
   97  102  106  108  109  108  105  102   98   95   91   89   88   87   86   86
   86   87   87   88   88   87   85   83   79
    60.0-180.0 180.0   5.0 450.0                            LAT/LON1/LON2/DLON/H
   84   80   75   69   62   55   48   41   36   31   28   26   26   26   27   27
   27   29   29   29   29   29   28   27   27   27   26   25   23   22   21   22
   24   27   32   37   41   45   49   52   55   57   61   67   73   81   88   95
  100  105  109  112  112  111  108  105  101   97   93   90   88   86   85   85
   84   84   86   87   88   88   87   86   84
    57.5-180.0 180.0   5.0 450.0                            LAT/LON1/LON2/DLON/H
   86   83   78   73   66   59   51   44   37   32   28   26   25   25   26   26
   27   28   28   28   27   26   24   23   23   23   23   22   21   20   19   20
   22   26   31   36   41   45   49   53   56   59   64   70   77   85   92   99
  105  110  114  117  117  117  115  112  108  104  100   96   93   91   89   87
   85   85   85   86   87   88   88   88   86
    55.0-180.0 180.0   5.0 450.0                            LAT/LON1/LON2/DLON/H
   88   85   81   77   70   62   54   46   39   33   30   27   26   26   26   26
   26   27   26   25   24   22   20   19   19   19   20   20   20   20   19   20
   22   25   31   37   42   47   51   56   59   63   69   75   83   90   98  105
  111  117  121  124  126  126  125  123  121  118  114  109  106  102   98   95
   91   89   88   87   88   89   89   89   88
    52.5-180.0 180.0   5.0 450.0                            LAT/LON1/LON2/DLON/H
   90   87   84   80   74   67   59   52   44   38   33   30   28   27   26   26
   26   25   24   23   21   18   16   16   16   18   20   21   21   21   20   21
   23   27   33   39   45   51   56   61   65   70   76   83   90   98  105  113
  119  125  129  133  136  138  138  137  136  134  131  127  123  118  112  107
  101   97   94   92   91   91   91   90   90
    50.0-180.0 180.0   5.0 450.0                            LAT/LON1/LON2/DLON/H
   92   90   88   84   79   72   65   57   50   44   39   35   32   30   28   27
   25   24   23   22   19   17   16   17   18   20   23   25   25   25   25   25
   27   31   37   43   50   57   63   68   73   78   84   91   98  106  114  121
  127  133  139  143  147  150  151  152  151  150  147  143  139  134  127  121
  113  107  102   97   96   95   94   93   92
    47.5-180.0 180.0   5.0 450.0                            LAT/LON1/LON2/DLON/H
   96   95   92   89   84   78   71   64   58   52   47   42   38   35   31   29
   27   26   25   23   21   20   19   21   23   26   29   32   32   33   32   32
   33   36   42   48   56   64   71   77   82   87   93   99  107  115  123  130
  136  142  148  153  157  160  162  162  161  160  157  154  150  145  139  132
  125  118  110  105  102  101   99   98   96
    45.0-180.0 180.0   5.0 450.0                            LAT/LON1/LON2/DLON/H
  101   99   97   94   88   83   77   71   66   61   57   52   47   42   37   33
   30   28   28   27   27   26   26   28   31   34   38   41   41   41   40   40
   40   43   48   55   63   72   80   86   92   96  101  108  115  123  131  139
  145  151  155  160  165  168  169  168  165  163  160  156  153  149  144  138
  132  125  119  113  109  106  104  103  101
    42.5-180.0 180.0   5.0 450.0                            LAT/LON1/LON2/DLON/H
  106  104  102   98   92   87   82   77   73   70   66   62   57   51   45   40
   36   34   34   35   35   34   34   36   39   43   47   49   50   50   49   48
   48   50   54   61   70   79   88   95  100  105  110  115  122  129  138  146
  153  159  162  167  170  172  172  168  163  159  155  151  148  145  141  137
  133  129  124  119  115  111  110  108  106
    40.0-180.0 180.0   5.0 450.0                            LAT/LON1/LON2/DLON/H
  111  108  105  100   95   89   84   81   79   77   75   71   67   61   55   49
   45   43   43   43   44   43   43   44   46   50   54   56   57   57   56   55
   55   56   60   66   76   86   95  102  108  112  117  122  129  137  145  153
  159  164  167  171  173  173  172  167  160  153  148  144  141  138  135  133
  131  129  127  123  119  117  116  114  111
    37.5-180.0 180.0   5.0 450.0                            LAT/LON1/LON2/DLON/H
  115  111  107  101   94   88   84   82   82   82   81   79   76   71   66   60
   55   52   52   53   53   52   51   50   52   55   58   60   61   61   61   60
   60   60   63   70   80   91  101  107  114  118  123  128  135  142  150  159
  164  168  171  174  177  177  176  169  160  154  146  141  137  134  132  130
  129  129  128  125  123  121  119  118  115
    35.0-180.0 180.0   5.0 450.0                            LAT/LON1/LON2/DLON/H
  117  112  107  100   93   86   82   80   81   83   84   85   83   79   75   70
   65   62   62   62   61   58   55   54   54   56   59   60   61   62   62   62
   62   62   65   72   82   94  104  112  118  123  128  134  140  147  155  162
  168  172  175  180  184  185  185  180  172  164  156  150  145  140  137  135
  134  134  133  130  128  125  123  120  117
    32.5-180.0 180.0   5.0 450.0                            LAT/LON1/LON2/DLON/H
  119  112  105   98   90   82   77   76   78   80   84   87   87   85   83   79
   74   71   69   69   66   61   57   55   55   56   57   58   59   60   61   61
   62   63   65   72   83   96  106  114  120  126  132  138  145  151  159  167
  173  177  181  188  195  202  207  205  199  191  182  175  169  162  155  152
  149  147  145  142  138  133  129  125  119
    30.0-180.0 180.0   5.0 450.0                            LAT/LON1/LON2/DLON/H
  125  116  106   97   87   78   72   70   72   75   80   85   87   88   87   85
   80   77   75   73   69   63   58   55   55   56   57   57   57   57   59   60
   61   61   65   72   83   96  107  115  122  129  135  142  148  156  164  173
  181  185  192  202  217  230  240  243  240  233  224  217  209  200  190  184
  177  173  168  162  154  146  140  133  125
    27.5-180.0 180.0   5.0 450.0                            LAT/LON1/LON2/DLON/H
  137  125  113  100   88   77   69   66   66   69   75   80   84   87   88   86
   84   81   78   75   70   64   59   58   58   59   59   57   55   55   57   58
   59   59   62   69   80   93  105  115  122  130  138  146  153  161  170  181
  191  199  210  225  245  265  281  289  293  287  279  270  262  252  238  227
  218  209  199  189  177  166  158  148  137
    25.0-180.0 180.0   5.0 450.0                            LAT/LON1/LON2/DLON/H
  155  141  126  110   94   81   71   65   64   65   71   75   79   83   85   85
   84   81   79   75   71   66   63   63   65   67   65   61   57   55   55   56
   56   56   59   66   77   90  103  113  122  131  140  149  158  167  178  191
  204  217  232  253  279  306  326  341  351  348  341  330  324  312  297  282
  273  256  240  225  208  195  181  169  155
    22.5-180.0 180.0   5.0 450.0                            LAT/LON1/LON2/DLON/H
  179  161  145  127  109   92   79   70   66   66   68   72   76   79   81   81
   81   79   77   75   71   68   68   72   76   79   76   69   62   58   56   55
   53   53   55   62   73   87  101  112  121  131  142  153  164  175  190  203
  219  237  256  283  313  346  368  388  400  401  398  389  383  371  353  336
  326  310  295  270  248  229  211  197  179
    20.0-180.0 180.0   5.0 450.0                            LAT/LON1/LON2/DLON/H
  210  189  168  149  128  108   92   79   72   70   70   71   74   76   79   78
   77   76   75   74   72   72   76   82   89   93   89   81   71   63   59   55
   52   50   51   58   70   84   99  111  121  132  144  158  170  184  201  219
  238  259  283  314  346  380  398  412  424  429  429  425  419  407  390  378
  369  357  346  319  292  269  248  230  210
    17.5-180.0 180.0   5.0 450.0                            LAT/LON1/LON2/DLON/H
  245  224  199  179  154  130  109   94   84   80   77   76   75   77   78   77
   74   73   73   72   73   75   83   93  102  107  103   93   81   71   63   57
   52   48   49   55   68   82   97  109  121  133  148  162  178  195  215  237
  259  284  310  341  370  392  404  410  418  422  424  424  418  407  397  392
  392  389  376  355  332  307  285  266  245
    15.0-180.0 180.0   5.0 450.0                            LAT/LON1/LON2/DLON/H
  279  257  235  213  184  156  132  114  102   95   91   86   83   82   81   78
   76   73   73   73   75   79   90  102  113  119  114  104   90   78   69   60
   53   47   47   53   65   80   96  109  121  135  151  169  188  208  231  256
  280  308  333  357  374  384  390  389  391  394  397  397  393  388  386  385
  392  393  388  375  356  334  315  297  279
    12.5-180.0 180.0   5.0 450.0                            LAT/LON1/LON2/DLON/H
  304  288  268  246  217  186  162  141  125  117  110  103   97   93   88   85
   81   79   78   78   79   85   96  109  121  127  121  111   97   84   73   63
   55   48   47   52   64   79   95  109  123  138  156  176  198  220  245  273
  299  325  344  356  361  366  368  362  362  364  366  367  366  365  367  369
  378  381  382  374  361  345  331  318  304
    10.0-180.0 180.0   5.0 450.0                            LAT/LON1/LON2/DLON/H
  319  308  291  273  247  218  195  172  154  144  136  126  116  109  103   97
   93   90   89   87   87   93  103  115  124  128  122  112  100   88   77   67
   58   51   49   53   64   80   96  111  125  141  161  183  207  230  257  285
  310  331  341  346  346  349  347  342  341  343  346  348  349  350  353  354
  361  364  366  361  355  343  336  328  319
     7.5-180.0 180.0   5.0 450.0                            LAT/LON1/LON2/DLON/H
  323  317  306  289  268  244  221  200  184  175  168  153  139  131  122  115
  109  106  104  100   99  103  110  119  127  126  118  110  100   89   79   71
   62   54   51   55   65   81   98  113  128  144  165  189  212  236  262  287
  312  328  333  334  336  338  336  333  333  336  341  345  347  348  348  346
  348  347  347  344  341  334  331  330  323
     5.0-180.0 180.0   5.0 450.0                            LAT/LON1/LON2/DLON/H
  321  318  309  296  280  262  244  227  216  209  199  184  169  156  146  137
  129  127  124  118  114  115  118  125  129  126  116  107   97   89   80   73
   65   57   54   58   67   82   99  114  129  147  167  190  213  236  259  286
  306  319  324  327  331  334  334  333  336  342  350  356  359  358  355  348
  341  334  329  325  322  319  320  323  321
     2.5-180.0 180.0   5.0 450.0                            LAT/LON1/LON2/DLON/H
  312  312  306  298  286  273  260  249  241  235  226  212  197  184  172  160
  153  151  147  139  133  131  130  131  132  126  114  104   95   87   81   75
   67   60   57   60   69   83   99  114  129  147  166  188  210  231  253  276
  295  308  316  322  328  334  338  342  349  358  368  376  379  377  369  355
  339  325  314  306  302  300  303  309  312
