ionex_files/bejaia/igsg0700.21i
     1.0            IONOSPHERE MAPS     MIX                 IONEX VERSION / TYPE
cmpcmb v1.2          GRL/UWM             1-apr-21 07:59     PGM / RUN BY / DATE 
ionex file containing IGS COMBINED Ionosphere maps          COMMENT             
global ionosphere maps for day 070, 2021                    DESCRIPTION         
IONEX file containing the COMBINED IGS TEC MAPS and DCBs    DESCRIPTION         
      IONEX files of the following IAACs were combined: cod DESCRIPTION         
                                                        esa DESCRIPTION         
                                                        jpl DESCRIPTION         
                                                        upc DESCRIPTION         
Contact address: Andrzej Krankowski                         DESCRIPTION
                 Geodynamics Research Laboratory            DESCRIPTION
                 University of Warmia and Mazury (GRL/UWM)  DESCRIPTION
                 Oczapowski St. 1                           DESCRIPTION
                 10-957-Olsztyn, POLAND                     DESCRIPTION
                 e-mail:  kand@uwm.edu.pl                   DESCRIPTION
                                                            DESCRIPTION         
  2021     3    11     0     0     0                        EPOCH OF FIRST MAP  
  2021     3    12     0     0     0                        EPOCH OF LAST MAP   
  7200                                                      INTERVAL            
    13                                                      # OF MAPS IN FILE   
  COSZ                                                      MAPPING FUNCTION    
     0.0                                                    ELEVATION CUTOFF    
combined TEC calculated as weighted mean of input TEC valuesOBSERVABLES USED    
   370                                                      # OF STATIONS       
    32                                                      # OF SATELLITES     
  6371.0                                                    BASE RADIUS         
     2                                                      MAP DIMENSION       
   450.0 450.0   0.0                                        HGT1 / HGT2 / DHGT  
    87.5 -87.5  -2.5                                        LAT1 / LAT2 / DLAT  
  -180.0 180.0   5.0                                        LON1 / LON2 / DLON  
    -1                                                      EXPONENT            
TEC values in 0.1 tec units;  9999, if no value available   COMMENT             
DCB values in nanoseconds, reference is Sum_of_SatDCBs = 0  COMMENT             
                                                            END OF HEADER       
[from data line 2145]
     6                                                      START OF TEC MAP    
  2021     3    11    10     0     0                        EPOCH OF CURRENT MAP
    87.5-180.0 180.0   5.0 450.0                            LAT/LON1/LON2/DLON/H
   46   46   47   47   48   48   49   49   49   50   50   50   51   51   52   52
   52   53   53   54   54   54   54   55   55   55   55   55   55   55   56   55
   55   55   55   55   55   55   55   55   54   54   54   54   53   53   53   52
   51   51   51   51   50   50   49   49   49   48   48   48   47   47   46   46
   46   45   45   45   46   45   46   46   46
    85.0-180.0 180.0   5.0 450.0                            LAT/LON1/LON2/DLON/H
   40   40   41   41   43   43   44   45   46   47   47   48   49   49   50   51
   52   52   53   53   54   54   54   55   55   55   56   56   57   58   58   58
   59   59   59   60   60   60   60   60   59   58   58   57   56   55   54   53
   53   52   51   50   50   49   48   47   46   45   44   43   42   41   40   39
   39   38   38   38   38   39   39   40   40
    82.5-180.0 180.0   5.0 450.0                            LAT/LON1/LON2/DLON/H
   33   34   35   36   37   39   40   41   42   43   45   46   47   47   48   49
   50   51   51   51   52   52   52   53   54   54   55   55   56   57   58   59
   60   61   61   62   63   63   63   63   63   62   62   61   60   59   58   56
   55   54   52   51   51   49   48   47   45   44   42   40   39   38   36   34
   33   33   32   31   31   31   31   32   33
    80.0-180.0 180.0   5.0 450.0                            LAT/LON1/LON2/DLON/H
   26   28   29   31   32   34   36   37   39   40   42   44   45   46   47   47
   48   49   48   49   48   48   49   49   50   51   51   52   54   55   56   58
   59   60   62   63   64   65   66   66   66   66   65   64   63   62   61   60
   58   57   55   53   52   51   49   48   46   44   42   39   38   36   34   32
   30   29   27   27   26   26   26   26   26
    77.5-180.0 180.0   5.0 450.0                            LAT/LON1/LON2/DLON/H
   22   23   24   26   28   29   31   33   35   37   39   41   42   42   43   44
   44   44   44   44   44   44   44   44   45   45   46   48   50   52   54   56
   58   60   62   64   66   67   68   69   69   69   68   68   67   66   65   64
   63   62   60   59   57   55   53   52   50   48   46   43   41   38   36   33
   31   29   26   24   23   22   22   22   22
    75.0-180.0 180.0   5.0 450.0                            LAT/LON1/LON2/DLON/H
   19   20   20   22   23   25   27   29   32   35   36   37   38   39   40   40
   40   40   39   39   39   39   39   40   40   42   43   44   46   49   52   55
   58   61   63   66   68   70   71   72   72   72   71   71   71   71   70   69
   69   68   67   66   65   63   61   59   57   54   52   50   47   44   41   38
   35   32   29   26   23   22   20   19   19
    72.5-180.0 180.0   5.0 450.0                            LAT/LON1/LON2/DLON/H
   18   17   17   18   20   22   24   26   29   30   32   34   35   36   37   37
   36   36   35   34   34   35   35   36   37   39   41   43   45   48   51   55
   58   61   64   67   70   72   74   74   75   75   75   74   74   75   75   75
   75   75   75   74   72   72   70   68   65   63   60   58   55   52   49   45
   41   37   33   30   26   23   21   19   18
    70.0-180.0 180.0   5.0 450.0                            LAT/LON1/LON2/DLON/H
   18   17   16   17   18   19   21   23   25   27   29   30   32   33   33   32
   33   32   32   32   32   32   33   33   35   37   40   43   46   49   52   56
   59   62   65   68   70   73   75   76   77   77   77   77   77   78   79   80
   80   81   81   81   80   79   77   75   73   71   68   66   63   60   56   52
   48   44   39   34   30   26   23   20   18
    67.5-180.0 180.0   5.0 450.0                            LAT/LON1/LON2/DLON/H
   19   18   17   17   17   18   20   21   22   24   26   27   27   28   29   29
   29   29   29   30   30   31   31   32   34   36   40   43   47   50   54   57
   60   64   66   69   71   73   75   77   78   78   78   79   79   81   82   83
   84   84   85   85   85   84   82   80   78   75   73   70   67   64   61   57
   52   48   43   39   34   30   26   22   19
    65.0-180.0 180.0   5.0 450.0                            LAT/LON1/LON2/DLON/H
   22   20   19   18   18   19   19   20   21   21   22   23   24   24   26   26
   26   27   27   28   29   29   30   31   33   36   40   44   47   52   55   59
   62   65   67   70   72   75   77   78   79   79   79   80   81   82   84   85
   86   86   87   87   86   85   83   81   80   77   75   72   69   66   61   58
   53   49   45   40   36   32   29   25   22
    62.5-180.0 180.0   5.0 450.0                            LAT/LON1/LON2/DLON/H
   26   24   22   21   21   21   21   21   21   20   20   21   21   22   23   23
   24   25   26   26   26   26   27   28   31   35   40   45   49   54   58   61
   63   66   69   71   74   76   78   79   81   81   81   82   83   83   85   85
   85   86   86   86   84   83   82   81   79   76   74   71   67   63   59   55
   51   48   44   41   37   34   31   29   26
    60.0-180.0 180.0   5.0 450.0                            LAT/LON1/LON2/DLON/H
   31   28   27   25   25   24   23   22   21   20   19   19   19   19   20   21
   21   23   23   22   23   23   24   26   29   34   40   46   51   56   60   63
   65   68   70   73   76   78   80   82   83   84   85   85   85   86   86   86
   86   85   84   83   82   81   79   79   77   75   72   68   64   60   55   51
   48   44   42   40   38   36   34   32   31
    57.5-180.0 180.0   5.0 450.0                            LAT/LON1/LON2/DLON/H
   36   34   32   31   29   28   27   25   23   21   20   19   19   19   18   19
   20   20   20   19   20   21   22   24   28   33   40   48   54   60   63   66
   68   70   73   76   79   81   84   86   88   89   90   91   91   90   89   89
   88   86   84   82   80   80   79   78   77   75   72   67   63   58   53   49
   45   42   41   40   39   39   38   37   36
    55.0-180.0 180.0   5.0 450.0                            LAT/LON1/LON2/DLON/H
   41   40   39   37   35   33   31   29   26   23   21   21   20   20   19   19
   19   18   18   17   18   19   21   24   28   34   42   51   58   64   67   70
   72   75   77   80   83   85   88   90   92   95   97   98   97   97   96   94
   92   90   87   84   82   81   80   80   79   78   74   70   66   60   55   49
   45   43   43   43   43   43   43   42   41
    52.5-180.0 180.0   5.0 450.0                            LAT/LON1/LON2/DLON/H
   48   47   46   44   42   40   37   34   30   27   25   24   23   22   22   21
   20   19   18   18   18   19   21   25   30   37   46   54   62   68   72   75
   77   80   83   86   88   90   93   95   98  102  104  106  105  105  104  102
   99   96   92   89   87   85   84   84   84   83   80   76   72   66   60   54
   50   47   47   48   49   49   49   49   48
    50.0-180.0 180.0   5.0 450.0                            LAT/LON1/LON2/DLON/H
   55   55   53   52   50   47   44   39   36   33   30   29   29   28   27   26
   24   23   22   22   22   22   25   29   35   42   51   61   68   74   77   80
   83   86   88   91   93   95   98  101  105  109  112  114  115  115  113  111
  108  104  100   96   92   90   89   89   90   89   87   84   79   74   67   62
   57   54   54   55   56   57   56   55   55
    47.5-180.0 180.0   5.0 450.0                            LAT/LON1/LON2/DLON/H
   61   61   60   59   57   54   52   47   43   41   38   36   35   34   33   33
   31   30   28   29   29   30   32   36   42   50   59   69   76   80   83   85
   88   92   94   97   99  100  103  106  111  115  119  122  124  125  124  121
  117  113  108  102   99   97   96   97   96   96   94   91   88   82   76   71
   65   62   61   61   62   62   62   61   61
    45.0-180.0 180.0   5.0 450.0                            LAT/LON1/LON2/DLON/H
   64   65   66   65   63   61   59   54   52   50   47   45   44   43   41   41
   39   38   37   38   39   40   42   45   51   59   67   75   82   85   88   90
   92   96  100  102  104  106  108  111  116  121  125  128  130  132  131  129
  126  121  115  110  106  103  103  103  102  102  101   99   95   91   85   79
   73   69   66   65   66   66   66   65   64
    42.5-180.0 180.0   5.0 450.0                            LAT/LON1/LON2/DLON/H
   66   67   68   68   68   67   66   63   61   59   57   55   54   52   50   49
   47   47   47   48   49   50   50   53   59   66   74   81   87   90   92   93
   96  101  104  106  108  110  112  116  121  126  131  133  135  137  136  135
  133  129  122  117  112  109  108  107  106  106  105  103  101   96   90   84
   78   73   70   68   68   68   67   67   66
    40.0-180.0 180.0   5.0 450.0                            LAT/LON1/LON2/DLON/H
   66   67   69   70   70   71   71   70   70   69   67   65   63   61   59   58
   56   56   57   58   59   59   58   59   64   70   79   86   91   93   95   96
   98  103  107  110  111  114  117  121  127  132  136  139  141  142  141  140
  138  134  129  123  118  115  112  109  108  107  106  105  102   98   92   85
   79   73   70   68   67   66   65   66   66
    37.5-180.0 180.0   5.0 450.0                            LAT/LON1/LON2/DLON/H
   63   65   67   69   71   73   74   75   77   77   77   75   73   70   68   65
   65   64   66   67   67   66   63   63   67   73   81   89   93   96   97   97
  101  105  109  112  115  118  122  128  135  141  145  147  148  148  147  146
  143  141  136  131  126  121  116  113  110  109  107  105  103   98   92   85
   78   72   67   65   63   62   62   62   63
    35.0-180.0 180.0   5.0 450.0                            LAT/LON1/LON2/DLON/H
   59   61   64   67   69   71   74   77   80   84   85   84   81   78   75   73
   72   72   73   74   73   70   66   64   67   73   82   90   95   97   98   99
  102  107  111  115  119  124  130  137  145  152  156  157  158  157  155  153
  152  151  148  143  138  131  124  120  117  114  110  107  103   99   92   86
   78   72   67   62   60   58   58   58   59
    32.5-180.0 180.0   5.0 450.0                            LAT/LON1/LON2/DLON/H
   55   57   59   63   65   67   71   75   81   86   89   90   88   84   81   79
   77   77   77   77   76   71   66   63   65   72   82   91   96   99  100  101
  105  110  115  121  127  134  141  150  158  165  170  173  173  171  169  167
  167  168  167  163  156  149  141  135  130  125  118  113  108  103   97   91
   83   77   70   65   61   58   56   54   55
    30.0-180.0 180.0   5.0 450.0                            LAT/LON1/LON2/DLON/H
   54   54   56   58   60   62   66   72   79   84   90   93   91   88   85   83
   81   81   79   78   76   70   65   61   64   72   82   91   98  101  102  105
  109  114  121  129  137  147  157  167  175  180  187  191  192  192  190  190
  192  194  193  190  183  175  166  160  152  142  133  125  118  113  108  103
   96   90   82   75   68   63   58   55   54
    27.5-180.0 180.0   5.0 450.0                            LAT/LON1/LON2/DLON/H
   57   56   56   56   56   58   62   67   74   82   88   91   91   89   86   84
   83   81   80   78   74   68   63   60   64   72   83   92   99  104  106  110
  115  121  129  139  150  161  174  185  192  199  206  213  218  219  219  221
  226  230  229  225  217  209  199  191  180  167  154  143  136  130  125  122
  116  109  101   92   83   74   67   61   57
    25.0-180.0 180.0   5.0 450.0                            LAT/LON1/LON2/DLON/H
   65   61   58   56   55   56   58   63   70   77   84   88   89   87   85   84
   82   80   78   76   72   67   62   61   65   73   84   94  101  107  111  116
  123  131  140  153  166  179  194  205  211  218  226  236  246  251  255  255
  263  270  270  265  256  248  235  228  214  197  182  168  159  154  149  147
  143  136  125  114  102   91   81   72   65
    22.5-180.0 180.0   5.0 450.0                            LAT/LON1/LON2/DLON/H
   77   69   64   60   57   56   57   61   66   72   77   82   84   83   82   81
   80   78   76   73   70   66   63   63   67   75   85   94  102  109  115  122
  132  141  153  168  184  199  214  223  228  235  245  259  274  281  289  292
  299  307  307  302  293  283  272  264  248  230  212  197  188  182  177  175
  171  163  151  138  123  110   97   86   77
    20.0-180.0 180.0   5.0 450.0                            LAT/LON1/LON2/DLON/H
   89   79   71   65   61   59   59   61   63   67   71   75   77   78   78   77
   75   74   73   71   68   65   64   65   70   78   86   95  103  111  119  129
  140  152  166  184  202  219  230  238  243  249  262  280  295  308  314  318
  324  333  335  330  320  310  301  293  277  259  242  227  219  213  208  201
  195  185  173  159  143  129  114  101   89
    17.5-180.0 180.0   5.0 450.0                            LAT/LON1/LON2/DLON/H
  102   90   80   71   66   64   63   62   63   65   66   68   70   72   72   72
   71   69   69   68   66   65   65   67   71   79   87   96  104  114  124  136
  149  162  178  198  214  230  241  249  253  261  273  291  310  323  326  330
  337  345  347  343  335  327  320  312  298  281  264  252  246  242  234  223
  211  196  187  173  158  143  130  116  102
    15.0-180.0 180.0   5.0 450.0                            LAT/LON1/LON2/DLON/H
  114  101   90   80   74   71   68   67   65   64   64   64   65   66   67   67
   66   65   65   65   64   65   65   67   71   79   88   97  106  117  129  142
  157  172  189  208  224  238  248  256  262  269  281  297  312  322  325  329
  336  343  346  342  337  331  326  320  309  294  281  271  266  262  252  237
  216  199  189  176  164  152  140  127  114
    12.5-180.0 180.0   5.0 450.0                            LAT/LON1/LON2/DLON/H
  126  113  102   91   83   79   76   72   68   65   63   62   62   62   62   62
   62   62   62   62   63   64   64   66   71   80   90   99  109  121  134  147
  163  180  198  215  230  242  253  262  269  275  285  297  306  313  316  320
  327  334  335  333  330  328  325  321  313  302  292  285  279  272  259  237
  213  193  180  172  163  154  145  136  126
    10.0-180.0 180.0   5.0 450.0                            LAT/LON1/LON2/DLON/H
  134  125  114  102   93   87   83   78   72   67   64   61   60   59   59   58
   59   59   60   60   61   62   63   65   70   80   92  103  113  125  138  153
  169  185  203  219  233  245  257  267  275  281  287  295  300  304  307  312
  317  322  325  324  323  323  322  319  313  305  298  294  287  276  258  232
  206  183  170  163  158  152  147  142  134
     7.5-180.0 180.0   5.0 450.0                            LAT/LON1/LON2/DLON/H
  140  134  124  113  102   94   89   84   77   72   67   63   60   58   57   56
   57   57   58   58   59   59   60   63   68   80   94  106  117  129  142  156
  173  189  206  222  234  247  260  272  280  286  291  295  297  300  304  310
  316  320  323  322  322  322  321  317  312  305  301  298  291  278  257  228
  199  176  162  155  153  150  148  145  140
     5.0-180.0 180.0   5.0 450.0                            LAT/LON1/LON2/DLON/H
  146  141  132  120  109  100   94   89   83   76   71   66   62   59   57   56
   56   57   57   57   57   57   58   60   66   79   94  109  121  132  145  159
  176  192  207  222  235  248  263  276  286  293  297  299  301  306  312  318
  325  330  331  330  329  326  323  317  311  305  302  300  293  278  255  226
  198  175  160  153  151  150  149  148  146
     2.5-180.0 180.0   5.0 450.0                            LAT/LON1/LON2/DLON/H
  148  144  137  125  114  104   97   92   87   81   75   70   65   60   57   56
   56   56   56   56   55   55   56   58   65   79   95  111  124  135  147  161
  176  191  205  219  233  248  265  281  293  302  307  310  314  321  329  337
  345  350  349  345  341  337  330  321  312  305  302  299  292  276  254  227
  201  179  164  156  154  153  152  150  148
