ionex_files/bejaia/igsg0670.21i
     1.0            IONOSPHERE MAPS     MIX                 IONEX VERSION / TYPE
cmpcmb v1.2          GRL/UWM             1-apr-21 07:42     PGM / RUN BY / DATE 
ionex file containing IGS COMBINED Ionosphere maps          COMMENT             
global ionosphere maps for day 067, 2021                    DESCRIPTION         
IONEX file containing the COMBINED IGS TEC MAPS and DCBs    DESCRIPTION         
      IONEX files of the following IAACs were combined: cod DESCRIPTION         
                                                        esa DESCRIPTION         
                                                        jpl DESCRIPTION         
                                                        upc DESCRIPTION         
Contact address: Andrzej Krankowski                         DESCRIPTION
                 Geodynamics Research Laboratory            DESCRIPTION
                 University of Warmia and Mazury (GRL/UWM)  DESCRIPTION
                 Oczapowski St. 1                           DESCRIPTION
                 10-957-Olsztyn, POLAND                     DESCRIPTION
                 e-mail:  kand@uwm.edu.pl                   DESCRIPTION
                                                            DESCRIPTION         
  2021     3     8     0     0     0                        EPOCH OF FIRST MAP  
  2021     3     9     0     0     0                        EPOCH OF LAST MAP   
  7200                                                      INTERVAL            
    13                                                      # OF MAPS IN FILE   
  COSZ                                                      MAPPING FUNCTION    
     0.0                                                    ELEVATION CUTOFF    
combined TEC calculated as weighted mean of input TEC valuesOBSERVABLES USED    
   376                                                      # OF STATIONS       
    32                                                      # OF SATELLITES     
  6371.0                                                    BASE RADIUS         
     2                                                      MAP DIMENSION       
   450.0 450.0   0.0                                        HGT1 / HGT2 / DHGT  
    87.5 -87.5  -2.5                                        LAT1 / LAT2 / DLAT  
  -180.0 180.0   5.0                                        LON1 / LON2 / DLON  
    -1                                                      EXPONENT            
TEC values in 0.1 tec units;  9999, if no value available   COMMENT             
DCB values in nanoseconds, reference is Sum_of_SatDCBs = 0  COMMENT             
                                                            END OF HEADER       
[from data line 5148]
    13                                                      START OF TEC MAP    
  2021     3     9     0     0     0                        EPOCH OF CURRENT MAP
    87.5-180.0 180.0   5.0 450.0                            LAT/LON1/LON2/DLON/H
   41   42   41   41   42   41   41   41   41   41   41   40   40   39   39   38
   38   37   37   36   35   34   34   33   32   31   31   30   29   29   28   27
   27   27   26   25   25   25   25   25   25   25   25   25   26   26   26   27
   27   28   28   29   29   30   31   31   32   33   34   34   35   36   37   37
   38   39   39   40   40   41   41   41   41
    85.0-180.0 180.0   5.0 450.0                            LAT/LON1/LON2/DLON/H
   48   48   48   49   48   49   49   49   49   49   48   48   47   48   46   45
   44   44   43   42   41   40   39   37   36   35   33   32   31   29   28   27
   26   25   24   24   24   23   23   23   23   23   23   23   24   24   25   26
   27   27   28   29   31   32   33   34   35   36   38   39   40   41   42   43
   44   45   46   46   47   47   47   48   48
    82.5-180.0 180.0   5.0 450.0                            LAT/LON1/LON2/DLON/H
   54   54   55   55   56   56   58   57   58   58   57   57   56   56   55   54
   53   52   51   50   48   47   44   42   40   38   35   34   32   30   29   26
   25   23   22   21   21   20   21   21   21   21   22   22   23   24   25   26
   27   28   30   32   33   34   36   37   39   40   42   43   45   46   47   48
   49   49   50   51   51   52   53   53   54
    80.0-180.0 180.0   5.0 450.0                            LAT/LON1/LON2/DLON/H
   60   61   62   63   65   65   66   66   66   66   66   66   65   64   63   61
   60   58   56   54   54   53   50   46   44   41   40   38   36   33   31   29
   27   26   25   23   23   22   21   22   22   23   24   24   26   27   28   28
   30   31   32   34   35   37   39   40   42   43   45   46   48   49   50   51
   51   52   53   54   55   56   57   58   60
    77.5-180.0 180.0   5.0 450.0                            LAT/LON1/LON2/DLON/H
   64   67   68   70   71   72   74   75   76   77   76   77   76   73   70   67
   65   63   61   60   59   57   55   51   48   46   44   42   40   38   35   32
   30   28   26   26   25   25   24   24   25   26   27   27   28   29   30   31
   31   33   34   35   37   39   40   42   44   45   47   48   49   50   51   52
   53   54   55   56   58   59   62   64   64
    75.0-180.0 180.0   5.0 450.0                            LAT/LON1/LON2/DLON/H
   69   70   72   74   76   78   80   83   84   84   83   81   77   73   71   69
   67   65   63   60   59   58   57   54   52   50   48   45   44   40   37   35
   33   31   29   28   27   27   28   28   28   29   30   30   31   31   31   31
   32   32   33   35   36   38   39   41   44   45   47   48   49   50   51   52
   53   54   55   57   59   61   64   66   69
    72.5-180.0 180.0   5.0 450.0                            LAT/LON1/LON2/DLON/H
   70   73   75   77   80   82   84   86   87   87   86   82   79   76   73   70
   66   63   61   59   58   58   55   55   53   51   50   48   46   43   41   38
   36   34   32   31   30   30   29   30   30   30   31   32   31   31   30   30
   30   30   30   32   33   35   38   40   42   44   46   47   49   50   50   51
   52   54   55   58   60   63   66   68   70
    70.0-180.0 180.0   5.0 450.0                            LAT/LON1/LON2/DLON/H
   73   75   76   78   81   83   86   88   89   89   88   86   82   78   74   67
   63   61   59   57   56   55   53   53   51   50   49   48   46   44   41   39
   37   35   34   33   32   30   29   29   30   30   31   31   31   30   29   27
   26   26   26   27   29   32   35   38   41   44   46   47   49   50   51   52
   53   54   56   59   61   65   67   70   73
    67.5-180.0 180.0   5.0 450.0                            LAT/LON1/LON2/DLON/H
   75   77   78   79   81   83   85   87   88   89   89   88   84   80   73   66
   62   59   57   54   53   51   49   49   48   46   46   45   44   42   40   38
   36   35   33   31   30   28   27   27   27   28   29   29   28   27   26   24
   22   21   21   22   25   28   31   36   39   44   47   49   51   52   53   54
   55   56   58   61   64   67   71   73   75
    65.0-180.0 180.0   5.0 450.0                            LAT/LON1/LON2/DLON/H
   79   80   79   79   80   82   84   86   88   90   91   89   86   81   75   69
   63   59   55   52   49   47   45   44   43   42   42   41   40   39   37   35
   33   32   30   27   26   24   23   23   24   25   26   26   25   25   23   21
   19   18   17   19   21   25   29   35   39   45   49   52   55   56   57   58
   59   60   62   65   68   72   75   77   79
    62.5-180.0 180.0   5.0 450.0                            LAT/LON1/LON2/DLON/H
   84   83   81   81   81   81   83   86   89   91   92   91   89   85   80   74
   67   61   56   52   48   45   41   39   38   37   36   36   35   35   33   32
   30   28   26   24   22   20   19   20   21   22   24   23   23   23   21   20
   18   16   16   17   19   23   28   34   40   47   52   57   60   63   64   64
   65   66   68   70   74   77   80   83   84
    60.0-180.0 180.0   5.0 450.0                            LAT/LON1/LON2/DLON/H
   90   89   88   85   83   83   85   87   90   92   94   93   92   88   84   78
   71   65   61   56   50   45   40   37   35   32   32   32   31   30   31   29
   27   25   24   21   20   17   17   18   19   21   22   23   23   23   22   21
   19   19   18   18   20   23   29   35   42   50   57   63   67   71   72   73
   74   74   76   78   81   85   88   89   90
    57.5-180.0 180.0   5.0 450.0                            LAT/LON1/LON2/DLON/H
   99   98   96   92   90   88   89   90   92   94   95   95   94   91   88   83
   78   72   67   61   54   49   43   39   36   33   32   31   30   29   29   27
   26   25   23   21   19   18   18   19   21   23   25   25   26   26   25   25
   24   24   23   23   24   27   31   36   44   53   61   69   74   78   80   81
   83   83   85   86   90   94   97   99   99
    55.0-180.0 180.0   5.0 450.0                            LAT/LON1/LON2/DLON/H
  111  110  107  104  100   97   95   94   94   95   95   96   95   94   92   89
   83   78   73   67   60   53   48   44   41   38   36   35   32   30   30   29
   28   27   26   24   24   23   24   25   27   29   30   31   31   32   32   32
   33   32   31   31   31   33   36   41   49   58   66   74   80   86   88   90
   91   92   93   95   99  103  107  110  111
    52.5-180.0 180.0   5.0 450.0                            LAT/LON1/LON2/DLON/H
  125  125  122  118  114  109  105  102   99   97   97   97   98   97   95   92
   88   83   78   72   64   57   54   51   48   45   42   41   37   34   33   33
   32   31   31   30   31   30   32   34   37   38   39   40   40   41   41   43
   44   43   42   40   40   41   43   47   54   62   70   78   84   90   95   97
   99  101  102  105  109  113  118  121  125
    50.0-180.0 180.0   5.0 450.0                            LAT/LON1/LON2/DLON/H
  137  139  137  134  129  124  117  112  107  103  100  100  100  100   98   96
   92   87   82   75   68   62   59   57   56   52   49   47   44   41   39   39
   38   38   38   38   39   40   43   44   46   47   49   51   50   51   52   54
   53   54   53   51   50   49   49   52   59   67   74   81   86   92   98  102
  106  109  111  114  117  122  128  133  137
    47.5-180.0 180.0   5.0 450.0                            LAT/LON1/LON2/DLON/H
  148  151  151  149  145  139  131  124  117  111  107  104  104  103  102  100
   96   91   85   79   73   67   64   63   63   59   56   54   51   49   47   45
   45   45   46   47   49   51   52   53   54   56   58   59   60   60   60   61
   61   62   61   59   56   54   54   58   64   71   78   84   89   94   99  105
  111  115  119  121  125  130  136  142  148
    45.0-180.0 180.0   5.0 450.0                            LAT/LON1/LON2/DLON/H
  156  161  163  161  159  154  146  137  128  121  115  110  108  107  106  104
  100   95   90   84   79   74   70   68   68   66   63   61   59   57   54   53
   53   53   55   56   57   59   60   61   60   61   64   66   66   66   66   66
   67   67   66   63   60   59   59   63   69   76   83   88   93   96  101  108
  115  120  125  130  133  137  143  150  156
    42.5-180.0 180.0   5.0 450.0                            LAT/LON1/LON2/DLON/H
  161  167  170  171  170  167  159  150  140  131  124  118  114  113  112  109
  106  101   97   92   86   81   77   74   73   72   69   68   66   64   62   61
   60   61   62   63   64   66   66   65   64   65   68   70   71   71   71   72
   72   70   68   65   62   61   63   68   74   81   87   92   96  100  104  111
  118  125  131  136  140  144  149  154  161
    40.0-180.0 180.0   5.0 450.0                            LAT/LON1/LON2/DLON/H
  164  169  173  175  176  175  170  161  151  142  133  126  122  120  119  117
  114  111  107  101   96   90   84   80   78   76   74   73   72   70   68   67
   66   66   67   68   68   69   69   68   67   68   72   74   76   78   77   77
   75   72   70   67   64   64   67   72   79   85   91   95   99  103  108  114
  122  129  135  142  147  151  155  158  164
    37.5-180.0 180.0   5.0 450.0                            LAT/LON1/LON2/DLON/H
  165  169  173  177  179  179  177  170  161  151  142  136  131  130  129  127
  125  123  118  113  107  100   93   87   83   79   76   75   75   74   73   71
   70   70   70   69   70   70   70   70   71   72   75   79   81   82   81   79
   77   73   70   67   64   65   68   75   82   88   93   98  102  107  112  119
  126  134  140  147  153  158  161  162  165
    35.0-180.0 180.0   5.0 450.0                            LAT/LON1/LON2/DLON/H
  168  170  173  176  179  180  180  176  169  159  151  145  141  140  140  139
  138  135  131  125  118  111  102   95   88   82   79   78   77   77   75   73
   72   71   70   70   70   71   72   73   74   76   79   83   85   85   83   80
   76   72   68   65   62   64   68   75   83   90   96  101  105  110  117  125
  132  139  146  153  160  166  168  168  168
    32.5-180.0 180.0   5.0 450.0                            LAT/LON1/LON2/DLON/H
  174  174  175  177  178  180  181  179  174  167  160  155  151  149  150  150
  149  146  142  137  130  122  113  102   93   86   81   79   78   77   75   73
   72   72   71   72   72   74   76   77   77   79   82   86   87   86   83   78
   74   69   65   61   59   61   66   74   83   90   97  102  108  115  122  131
  138  145  153  162  170  176  179  176  174
    30.0-180.0 180.0   5.0 450.0                            LAT/LON1/LON2/DLON/H
  187  185  184  183  182  182  182  181  178  172  166  162  159  158  158  159
  158  156  152  147  140  132  122  111  100   91   84   80   78   77   76   74
   74   74   74   75   75   77   79   81   81   81   84   87   88   86   82   76
   71   66   62   58   56   58   64   72   82   90   96  103  110  120  129  137
  144  152  162  173  183  190  194  192  187
    27.5-180.0 180.0   5.0 450.0                            LAT/LON1/LON2/DLON/H
  210  205  202  198  195  190  188  187  184  179  173  169  167  166  166  166
  166  165  161  156  149  142  132  121  108   97   89   84   81   79   77   76
   77   78   79   80   81   81   83   85   85   84   85   87   87   84   79   74
   69   64   61   56   53   55   61   71   81   89   96  103  113  125  135  145
  152  160  171  186  200  211  217  216  210
    25.0-180.0 180.0   5.0 450.0                            LAT/LON1/LON2/DLON/H
  240  234  231  224  216  207  200  196  193  188  183  177  174  173  171  172
  172  172  167  163  157  150  141  131  118  106   96   89   85   82   81   81
   82   83   86   87   86   86   87   88   87   86   85   86   85   81   76   70
   65   63   60   56   52   53   60   71   83   90   97  104  115  128  141  152
  159  169  183  201  219  236  243  244  240
    22.5-180.0 180.0   5.0 450.0                            LAT/LON1/LON2/DLON/H
  274  268  269  259  247  233  219  210  204  199  193  187  182  178  177  177
  178  177  173  168  163  157  150  141  129  118  106   98   93   90   89   88
   89   91   92   94   93   89   87   88   87   85   84   84   83   77   71   65
   62   60   59   56   54   54   61   73   85   93   99  106  117  132  146  158
  168  179  197  218  240  260  271  273  274
    20.0-180.0 180.0   5.0 450.0                            LAT/LON1/LON2/DLON/H
  310  310  307  299  284  264  246  229  220  213  207  198  191  185  183  182
  182  181  177  172  168  163  157  152  142  130  118  110  104  101  100   99
  100  100  101  100   97   90   86   86   85   84   83   82   79   73   66   60
   57   57   57   56   55   55   62   76   89   97  104  110  121  135  151  165
  177  191  210  234  260  284  299  308  310
    17.5-180.0 180.0   5.0 450.0                            LAT/LON1/LON2/DLON/H
  336  345  344  338  323  300  274  253  240  231  223  214  204  196  191  189
  188  187  183  178  173  170  167  163  154  144  132  123  117  114  113  112
  114  113  111  107  100   91   85   84   83   81   80   78   75   70   62   57
   56   56   57   57   56   57   66   80   94  104  110  117  126  140  155  170
  185  201  223  249  275  300  320  331  336
    15.0-180.0 180.0   5.0 450.0                            LAT/LON1/LON2/DLON/H
  346  360  368  365  354  334  306  281  264  251  241  231  220  212  205  202
  198  197  193  189  185  181  178  174  167  156  144  136  129  126  127  127
  127  127  122  114  105   93   85   81   80   78   76   74   70   66   59   56
   57   58   59   59   57   61   71   86  100  111  118  123  131  144  159  175
  192  212  235  260  285  308  326  337  346
    12.5-180.0 180.0   5.0 450.0                            LAT/LON1/LON2/DLON/H
  338  356  371  376  373  358  333  308  288  273  262  252  240  232  224  220
  215  213  211  207  203  198  193  187  179  167  155  146  140  138  138  139
  141  140  134  124  112   95   85   81   79   76   73   70   67   63   59   58
   59   60   62   61   60   64   73   89  105  117  124  129  136  147  162  179
  198  220  244  269  292  309  322  326  338
    10.0-180.0 180.0   5.0 450.0                            LAT/LON1/LON2/DLON/H
  325  343  362  375  380  372  354  332  312  296  284  274  262  255  246  242
  238  236  234  230  225  218  209  200  190  177  165  155  149  147  148  148
  149  148  141  130  117   98   86   81   79   75   71   68   66   63   62   61
   62   63   64   63   61   64   73   89  107  119  127  133  140  150  165  183
  204  227  251  274  294  305  311  315  325
     7.5-180.0 180.0   5.0 450.0                            LAT/LON1/LON2/DLON/H
  314  330  352  369  379  377  365  351  333  318  310  297  287  279  271  266
  262  263  260  257  250  240  226  213  199  185  171  161  155  153  153  153
  153  151  145  134  120  101   89   84   81   75   71   68   67   65   64   64
   65   65   65   63   61   63   71   87  106  120  128  135  142  152  167  185
  207  231  255  278  296  305  307  307  314
     5.0-180.0 180.0   5.0 450.0                            LAT/LON1/LON2/DLON/H
  314  328  348  366  378  381  375  363  351  341  331  322  313  304  299  292
  288  287  286  283  276  262  243  223  206  191  176  166  159  156  155  153
  152  149  145  133  121  104   93   89   84   78   73   69   68   67   67   66
   66   66   65   62   60   61   68   84  102  117  127  134  142  153  167  186
  209  233  257  279  297  309  310  310  314
     2.5-180.0 180.0   5.0 450.0                            LAT/LON1/LON2/DLON/H
  327  337  354  370  382  385  382  374  364  355  350  344  334  328  324  318
  312  310  308  307  297  280  255  231  211  195  180  169  162  156  153  150
  147  145  141  130  121  109  101   93   88   82   75   71   69   67   66   66
   65   64   63   60   57   57   65   80   98  113  124  132  141  152  167  186
  208  232  255  277  299  314  321  323  327
