ionex_files/bejaia/igsg0740.21i
     1.0            IONOSPHERE MAPS     MIX                 IONEX VERSION / TYPE
cmpcmb v1.2          GRL/UWM             1-apr-21 10:02     PGM / RUN BY / DATE 
ionex file containing IGS COMBINED Ionosphere maps          COMMENT             
global ionosphere maps for day 074, 2021                    DESCRIPTION         
IONEX file containing the COMBINED IGS TEC MAPS and DCBs    DESCRIPTION         
      IONEX files of the following IAACs were combined: cod DESCRIPTION         
                                                        esa DESCRIPTION         
                                                        jpl DESCRIPTION         
                                                        upc DESCRIPTION         
Contact address: Andrzej Krankowski                         DESCRIPTION
                 Geodynamics Research Laboratory            DESCRIPTION
                 University of Warmia and Mazury (GRL/UWM)  DESCRIPTION
                 Oczapowski St. 1                           DESCRIPTION
                 10-957-Olsztyn, POLAND                     DESCRIPTION
                 e-mail:  kand@uwm.edu.pl                   DESCRIPTION
                                                            DESCRIPTION         
  2021     3    15     0     0     0                        EPOCH OF FIRST MAP  
  2021     3    16     0     0     0                        EPOCH OF LAST MAP   
  7200                                                      INTERVAL            
    13                                                      # OF MAPS IN FILE   
  COSZ                                                      MAPPING FUNCTION    
     0.0                                                    ELEVATION CUTOFF    
combined TEC calculated as weighted mean of input TEC valuesOBSERVABLES USED    
   371                                                      # OF STATIONS       
    32                                                      # OF SATELLITES     
  6371.0                                                    BASE RADIUS         
     2                                                      MAP DIMENSION       
   450.0 450.0   0.0                                        HGT1 / HGT2 / DHGT  
    87.5 -87.5  -2.5                                        LAT1 / LAT2 / DLAT  
  -180.0 180.0   5.0                                        LON1 / LON2 / DLON  
    -1                                                      EXPONENT            
TEC values in 0.1 tec units;  9999, if no value available   COMMENT             
DCB values in nanoseconds, reference is Sum_of_SatDCBs = 0  COMMENT             
                                                            END OF HEADER       
[from data line 1287]
     4                                                      START OF TEC MAP    
  2021     3    15     6     0     0                        EPOCH OF CURRENT MAP
    87.5-180.0 180.0   5.0 450.0                            LAT/LON1/LON2/DLON/H
   51   52   52   52   52   52   52   52   52   51   51   51   50   50   49   49
   49   48   48   47   47   46   46   46   45   45   44   44   44   44   43   44
   44   44   44   44   44   44   44   44   45   45   45   45   45   46   46   46
   47   47   47   47   47   47   47   47   48   48   48   48   48   49   49   49
   49   49   50   50   50   51   51   51   51
    85.0-180.0 180.0   5.0 450.0                            LAT/LON1/LON2/DLON/H
   53   53   54   55   55   55   55   55   55   54   54   53   52   51   50   49
   48   46   45   44   43   42   41   40   39   38   38   38   38   38   38   38
   39   39   40   40   41   41   42   43   43   44   45   45   45   45   46   46
   46   46   47   48   47   48   48   48   48   48   48   48   48   49   49   49
   49   50   51   51   51   52   52   53   53
    82.5-180.0 180.0   5.0 450.0                            LAT/LON1/LON2/DLON/H
   52   53   54   54   55   55   56   56   56   56   55   55   53   52   50   47
   45   43   41   38   36   35   33   32   31   31   31   31   31   31   32   33
   34   35   36   37   38   40   41   42   43   44   45   46   46   47   48   48
   49   49   50   50   51   50   51   50   50   51   50   50   50   50   50   50
   50   50   50   50   50   51   51   52   52
    80.0-180.0 180.0   5.0 450.0                            LAT/LON1/LON2/DLON/H
   50   50   50   52   53   54   55   56   57   56   56   54   53   50   47   44
   41   38   36   32   30   28   26   25   24   24   24   24   25   26   27   29
   31   32   34   36   38   40   41   43   45   46   48   49   50   50   51   52
   53   54   55   56   56   57   56   56   56   55   55   54   54   53   52   52
   51   51   50   50   49   49   48   49   50
    77.5-180.0 180.0   5.0 450.0                            LAT/LON1/LON2/DLON/H
   46   46   47   48   50   51   52   54   55   54   54   52   50   48   44   40
   36   33   30   26   24   21   19   18   18   18   18   20   21   22   24   26
   28   31   33   36   38   41   43   45   47   49   51   53   55   56   57   58
   58   60   61   62   63   64   64   64   63   62   61   61   60   58   57   56
   55   54   52   51   49   48   47   46   46
    75.0-180.0 180.0   5.0 450.0                            LAT/LON1/LON2/DLON/H
   44   43   43   43   44   45   48   48   50   50   50   49   46   44   41   37
   33   29   26   23   20   18   17   17   17   17   17   18   19   21   23   25
   28   30   33   35   38   41   44   47   50   52   54   57   59   60   62   63
   65   66   68   69   70   71   71   71   71   70   69   68   67   66   65   63
   61   60   57   55   52   50   47   45   44
    72.5-180.0 180.0   5.0 450.0                            LAT/LON1/LON2/DLON/H
   45   42   40   39   39   40   42   44   45   45   45   45   43   41   38   34
   31   27   25   21   19   17   17   17   17   17   19   19   21   22   24   25
   28   30   32   35   38   41   45   48   51   54   56   59   61   63   65   68
   70   72   74   76   77   78   79   78   78   77   77   76   75   74   73   71
   69   66   64   61   58   54   51   47   45
    70.0-180.0 180.0   5.0 450.0                            LAT/LON1/LON2/DLON/H
   48   44   39   37   35   36   36   37   38   39   39   39   39   37   34   32
   29   27   25   22   21   20   20   20   20   21   22   22   23   24   25   27
   28   29   31   34   37   41   44   48   51   54   57   60   62   65   69   72
   75   77   80   82   83   84   84   84   83   83   82   81   80   80   79   77
   76   74   72   69   66   61   57   52   48
    67.5-180.0 180.0   5.0 450.0                            LAT/LON1/LON2/DLON/H
   53   48   42   38   35   33   32   32   33   34   35   34   35   34   32   30
   29   27   26   25   24   24   24   25   26   25   26   26   26   26   26   27
   27   28   30   32   35   39   42   46   50   53   56   60   63   67   71   74
   78   81   84   86   87   88   88   87   86   85   84   83   83   83   83   82
   80   79   78   77   73   69   64   59   53
    65.0-180.0 180.0   5.0 450.0                            LAT/LON1/LON2/DLON/H
   59   53   47   42   37   33   31   30   30   30   31   31   31   31   30   30
   29   28   28   27   28   28   29   30   30   29   29   28   28   27   26   26
   26   26   27   30   32   36   40   44   48   51   56   59   63   68   72   76
   80   84   87   89   91   91   90   89   87   86   85   83   83   83   82   82
   83   83   82   81   79   76   71   65   59
    62.5-180.0 180.0   5.0 450.0                            LAT/LON1/LON2/DLON/H
   65   59   52   46   41   36   32   29   28   28   28   28   29   29   29   28
   28   28   29   29   30   30   31   32   31   31   30   29   28   26   24   23
   22   23   24   27   29   33   37   41   46   51   55   59   64   69   74   78
   82   86   90   93   94   94   93   91   88   86   85   83   82   82   82   82
   82   83   84   83   82   80   76   71   65
    60.0-180.0 180.0   5.0 450.0                            LAT/LON1/LON2/DLON/H
   70   64   58   51   45   40   35   32   29   27   27   27   28   28   27   27
   27   28   29   30   30   30   30   31   30   29   29   28   26   24   22   20
   19   20   22   24   28   32   36   40   45   50   56   60   65   70   75   80
   85   89   95   97  100  100   98   95   91   89   86   85   84   83   83   82
   82   82   83   83   82   81   79   75   70
    57.5-180.0 180.0   5.0 450.0                            LAT/LON1/LON2/DLON/H
   72   67   61   56   49   44   38   34   31   29   27   27   27   27   26   25
   26   26   27   27   27   27   26   27   26   26   26   26   25   23   20   18
   18   18   20   23   27   31   36   41   47   52   57   62   67   73   78   83
   89   95  101  106  108  108  106  103   99   96   94   92   91   89   87   84
   83   82   82   82   82   82   80   77   72
    55.0-180.0 180.0   5.0 450.0                            LAT/LON1/LON2/DLON/H
   74   70   65   59   53   47   42   38   34   31   30   28   27   27   25   24
   24   24   23   23   23   22   21   21   20   21   23   23   23   22   19   18
   18   18   21   24   28   33   38   44   49   55   60   65   71   77   82   89
   95  103  111  116  119  119  118  115  112  109  107  105  103   99   96   91
   88   85   83   82   82   81   80   78   74
    52.5-180.0 180.0   5.0 450.0                            LAT/LON1/LON2/DLON/H
   76   72   68   62   57   51   45   41   37   34   33   31   30   28   26   24
   23   22   21   20   19   18   17   16   16   17   19   22   22   22   20   19
   19   21   23   26   31   36   42   48   54   59   65   70   77   83   89   96
  103  113  122  128  131  132  131  130  128  125  122  120  117  112  107  101
   95   90   87   85   84   82   81   78   76
    50.0-180.0 180.0   5.0 450.0                            LAT/LON1/LON2/DLON/H
   77   74   70   65   60   55   49   44   41   38   37   35   34   31   29   27
   25   23   22   20   18   17   16   15   15   16   19   22   23   23   23   23
   24   24   26   30   35   41   48   54   60   66   71   76   83   90   98  105
  113  123  132  139  143  146  146  144  142  140  137  134  130  124  119  112
  104   98   93   90   87   86   83   80   77
    47.5-180.0 180.0   5.0 450.0                            LAT/LON1/LON2/DLON/H
   80   76   73   68   64   59   53   49   45   43   42   41   39   37   34   31
   28   26   25   24   22   20   19   18   18   20   23   26   27   28   28   27
   28   30   31   35   40   47   54   61   67   72   78   83   90   98  105  113
  123  132  141  148  153  156  157  155  153  150  147  143  139  134  127  121
  113  106  101   97   94   90   87   83   80
    45.0-180.0 180.0   5.0 450.0                            LAT/LON1/LON2/DLON/H
   84   80   76   72   68   63   57   53   50   49   48   48   46   43   40   37
   34   32   31   30   29   28   27   25   25   26   29   31   33   33   33   33
   33   34   36   40   45   53   61   68   75   80   85   91   98  105  112  122
  131  141  149  157  161  163  163  161  158  155  151  146  142  137  131  125
  119  113  109  106  102   97   92   88   84
    42.5-180.0 180.0   5.0 450.0                            LAT/LON1/LON2/DLON/H
   89   84   80   76   72   68   62   58   55   55   55   55   54   51   47   43
   41   39   39   39   39   38   37   35   34   35   36   38   39   38   38   37
   37   39   40   44   50   58   68   76   82   87   93   98  105  113  120  129
  138  148  156  163  168  168  167  164  160  154  148  143  138  134  129  125
  121  118  115  113  110  105  100   94   89
    40.0-180.0 180.0   5.0 450.0                            LAT/LON1/LON2/DLON/H
   94   89   84   80   76   72   67   63   61   62   62   62   61   58   54   51
   48   47   47   48   48   49   49   46   44   43   44   45   45   43   42   41
   41   42   43   47   54   63   74   83   90   95   99  106  113  120  128  136
  145  155  162  169  172  173  171  168  162  154  145  137  132  128  124  122
  120  119  118  117  115  112  106  101   94
    37.5-180.0 180.0   5.0 450.0                            LAT/LON1/LON2/DLON/H
   99   93   88   84   80   76   72   69   67   68   69   70   68   66   62   59
   56   54   55   56   57   58   58   56   54   52   51   51   50   47   45   43
   43   44   46   49   56   66   78   89   96  101  106  113  121  128  136  143
  152  162  170  176  180  182  181  178  171  160  147  135  127  123  121  120
  119  120  121  120  119  116  111  106   99
    35.0-180.0 180.0   5.0 450.0                            LAT/LON1/LON2/DLON/H
  103   97   91   87   83   79   75   73   72   73   75   76   75   73   69   66
   63   62   62   62   64   66   66   64   60   58   56   55   53   50   47   44
   44   44   47   50   58   69   83   94  102  107  113  120  128  136  144  151
  161  174  184  190  195  200  202  200  194  180  160  144  133  126  123  122
  121  122  123  122  121  119  115  109  103
    32.5-180.0 180.0   5.0 450.0                            LAT/LON1/LON2/DLON/H
  106  100   94   89   85   81   78   75   75   76   78   80   80   78   76   72
   69   68   67   68   69   71   71   68   64   61   59   57   55   50   47   45
   44   45   46   51   59   71   85   98  106  112  119  127  136  145  154  163
  176  191  203  213  221  230  236  239  233  216  192  169  153  143  137  132
  130  129  128  126  124  121  117  112  106
    30.0-180.0 180.0   5.0 450.0                            LAT/LON1/LON2/DLON/H
  110  102   95   90   85   81   79   76   75   77   79   81   82   81   79   77
   74   72   71   71   72   73   73   70   66   63   61   59   55   51   47   44
   44   44   45   49   58   71   86   99  108  115  123  133  144  156  167  181
  197  214  231  246  259  273  283  292  286  267  238  210  189  176  164  156
  149  144  140  134  130  125  121  116  110
    27.5-180.0 180.0   5.0 450.0                            LAT/LON1/LON2/DLON/H
  115  106   98   91   86   81   78   76   75   75   77   79   80   81   81   80
   77   75   74   74   74   74   74   71   68   65   63   61   57   51   46   43
   42   42   43   47   56   70   85   99  109  118  128  140  154  169  185  202
  223  245  265  284  302  322  336  350  348  328  295  264  239  222  204  191
  178  168  158  149  141  133  127  122  115
    25.0-180.0 180.0   5.0 450.0                            LAT/LON1/LON2/DLON/H
  124  114  104   94   87   82   78   75   72   72   72   74   77   79   80   80
   78   77   76   76   76   76   75   74   71   68   66   62   57   51   45   41
   39   38   40   45   54   68   85   99  110  121  133  148  165  183  205  226
  252  278  301  324  344  367  387  406  407  388  356  325  298  275  252  238
  219  203  187  173  158  146  139  132  124
    22.5-180.0 180.0   5.0 450.0                            LAT/LON1/LON2/DLON/H
  137  126  113  101   91   84   79   75   72   69   68   69   72   75   77   78
   77   77   76   77   78   78   79   78   75   73   68   63   57   50   44   38
   35   35   37   42   52   67   85  100  112  125  139  157  175  198  224  251
  280  309  335  358  378  402  424  444  446  431  404  376  352  331  304  288
  266  246  224  204  183  167  155  146  137
    20.0-180.0 180.0   5.0 450.0                            LAT/LON1/LON2/DLON/H
  154  140  125  110   98   90   84   78   73   69   66   66   68   71   73   74
   75   75   76   77   79   81   82   82   81   77   71   64   56   49   42   36
   32   32   34   39   51   66   85  101  115  129  145  165  188  212  242  272
  303  334  358  377  392  411  433  447  450  439  421  401  384  368  349  328
  310  290  265  241  214  193  177  165  154
    17.5-180.0 180.0   5.0 450.0                            LAT/LON1/LON2/DLON/H
  175  159  140  123  108   98   91   84   77   71   68   66   67   69   69   70
   71   72   74   76   79   83   86   87   85   81   73   64   55   47   40   34
   31   30   32   38   49   66   86  103  119  135  152  174  199  225  257  288
  317  345  363  373  383  398  411  420  423  418  409  400  391  384  375  357
  341  324  301  275  248  223  204  188  175
    15.0-180.0 180.0   5.0 450.0                            LAT/LON1/LON2/DLON/H
  199  181  160  140  123  110  100   93   85   78   73   71   70   69   68   67
   67   69   71   74   79   83   88   90   89   84   75   64   55   46   39   34
   31   30   33   38   51   67   87  106  123  140  160  182  209  236  266  294
  320  340  350  355  359  367  374  380  383  382  380  379  381  382  380  370
  357  344  325  302  276  253  232  216  199
    12.5-180.0 180.0   5.0 450.0                            LAT/LON1/LON2/DLON/H
  224  205  183  161  140  125  114  105   97   89   84   80   77   74   70   66
   64   67   69   75   80   85   89   92   91   86   75   64   54   46   40   36
   34   34   35   41   53   70   90  109  128  146  167  191  218  245  271  292
  310  325  330  330  331  333  336  339  341  344  348  354  364  371  374  369
  362  353  337  316  295  275  258  241  224
    10.0-180.0 180.0   5.0 450.0                            LAT/LON1/LON2/DLON/H
  247  228  207  185  162  144  132  121  113  105  100   95   90   83   76   70
   66   68   70   76   81   86   90   93   92   86   76   64   55   48   43   39
   38   37   39   45   56   73   92  111  131  150  172  197  224  249  269  286
  298  308  311  310  309  308  308  309  311  316  323  335  350  361  366  362
  357  349  337  320  302  287  273  262  247
     7.5-180.0 180.0   5.0 450.0                            LAT/LON1/LON2/DLON/H
  261  246  228  208  186  166  151  140  131  125  119  114  106   97   87   78
   72   72   73   78   83   87   91   93   91   86   76   65   57   52   47   44
   43   42   43   48   59   74   93  112  131  152  175  199  226  247  265  280
  291  300  303  302  299  297  296  297  300  304  313  326  344  357  361  356
  349  338  325  312  299  289  281  272  261
     5.0-180.0 180.0   5.0 450.0                            LAT/LON1/LON2/DLON/H
  268  257  242  224  205  185  169  159  152  145  141  134  124  115  102   94
   85   82   82   84   88   91   92   93   91   86   77   68   61   55   52   49
   47   46   47   51   60   74   92  111  130  150  173  198  223  245  262  276
  289  300  305  306  303  301  302  304  307  311  317  330  346  358  361  352
  338  322  309  296  287  281  278  274  268
     2.5-180.0 180.0   5.0 450.0                            LAT/LON1/LON2/DLON/H
  264  257  247  233  218  201  186  176  169  165  160  153  144  133  123  114
  104   98   97   96   98   97   96   96   93   87   78   70   64   59   56   54
   52   51   50   52   60   73   90  109  128  148  171  195  220  241  259  275
  291  305  314  317  317  317  320  325  329  332  336  345  356  363  361  348
  328  306  289  277  270  267  267  267  264
