ionex_files/bejaia/igsg0760.21i
     1.0            IONOSPHERE MAPS     MIX                 IONEX VERSION / TYPE
cmpcmb v1.2          GRL/UWM             1-apr-21 10:13     PGM / RUN BY / DATE 
ionex file containing IGS COMBINED Ionosphere maps          COMMENT             
global ionosphere maps for day 076, 2021                    DESCRIPTION         
IONEX file containing the COMBINED IGS TEC MAPS and DCBs    DESCRIPTION         
      IONEX files of the following IAACs were combined: cod DESCRIPTION         
                                                        esa DESCRIPTION         
                                                        jpl DESCRIPTION         
                                                        upc DESCRIPTION         
Contact address: Andrzej Krankowski                         DESCRIPTION
                 Geodynamics Research Laboratory            DESCRIPTION
                 University of Warmia and Mazury (GRL/UWM)  DESCRIPTION
                 Oczapowski St. 1                           DESCRIPTION
                 10-957-Olsztyn, POLAND                     DESCRIPTION
                 e-mail:  kand@uwm.edu.pl                   DESCRIPTION
                                                            DESCRIPTION         
  2021     3    17     0     0     0                        EPOCH OF FIRST MAP  
  2021     3    18     0     0     0                        EPOCH OF LAST MAP   
  7200                                                      INTERVAL            
    13                                                      # OF MAPS IN FILE   
  COSZ                                                      MAPPING FUNCTION    
     0.0                                                    ELEVATION CUTOFF    
combined TEC calculated as weighted mean of input TEC valuesOBSERVABLES USED    
   372                                                      # OF STATIONS       
    32                                                      # OF SATELLITES     
  6371.0                                                    BASE RADIUS         
     2                                                      MAP DIMENSION       
   450.0 450.0   0.0                                        HGT1 / HGT2 / DHGT  
    87.5 -87.5  -2.5                                        LAT1 / LAT2 / DLAT  
  -180.0 180.0   5.0                                        LON1 / LON2 / DLON  
    -1                                                      EXPONENT            
TEC values in 0.1 tec units;  9999, if no value available   COMMENT             
DCB values in nanoseconds, reference is Sum_of_SatDCBs = 0  COMMENT             
                                                            END OF HEADER       
[from data line 2145]
     6                                                      START OF TEC MAP    
  2021     3    17    10     0     0                        EPOCH OF CURRENT MAP
    87.5-180.0 180.0   5.0 450.0                            LAT/LON1/LON2/DLON/H
   53   54   54   54   54   54   54   55   55   55   55   56   56   56   56   57
   57   57   58   58   58   59   59   59   60   60   60   60   61   61   61   61
   61   61   61   61   61   61   61   61   61   61   61   60   60   60   60   59
   60   59   59   59   58   58   57   57   56   56   55   55   55   54   54   54
   54   53   53   53   53   54   54   53   53
    85.0-180.0 180.0   5.0 450.0                            LAT/LON1/LON2/DLON/H
   48   48   48   48   49   49   50   50   51   51   51   52   53   53   53   54
   54   55   56   56   57   57   59   59   59   60   60   61   61   62   62   63
   63   63   64   64   64   65   64   65   65   65   65   64   63   62   62   62
   61   61   60   59   58   58   57   56   55   54   53   52   51   50   49   49
   48   48   47   48   48   47   47   48   48
    82.5-180.0 180.0   5.0 450.0                            LAT/LON1/LON2/DLON/H
   40   41   41   42   43   44   45   46   48   49   50   50   51   51   52   52
   52   53   53   53   54   54   55   55   56   57   57   58   59   60   61   63
   64   65   65   67   67   68   68   68   68   68   68   67   67   66   66   65
   64   63   62   61   61   59   58   57   55   53   51   50   48   47   45   44
   43   42   41   41   40   40   40   40   40
    80.0-180.0 180.0   5.0 450.0                            LAT/LON1/LON2/DLON/H
   33   33   35   37   39   40   42   43   44   45   46   46   47   47   48   49
   49   49   49   50   50   50   50   50   52   53   54   55   57   59   60   62
   64   65   66   67   68   69   69   69   70   70   70   69   70   69   69   68
   68   67   67   66   65   64   62   60   58   56   53   51   48   46   43   41
   39   37   35   34   34   33   32   32   33
    77.5-180.0 180.0   5.0 450.0                            LAT/LON1/LON2/DLON/H
   28   28   30   32   34   35   37   38   40   41   42   43   43   44   44   44
   45   45   44   44   45   45   46   47   48   49   51   53   55   57   59   61
   62   64   66   67   69   69   70   70   71   71   72   71   72   72   72   72
   72   72   72   71   71   70   68   66   64   62   59   56   53   49   46   42
   39   36   33   31   29   28   27   28   28
    75.0-180.0 180.0   5.0 450.0                            LAT/LON1/LON2/DLON/H
   24   25   26   28   29   31   33   35   36   37   37   38   39   40   40   40
   39   39   39   39   40   41   42   44   45   47   48   50   53   55   58   60
   63   64   66   68   69   70   71   71   72   72   73   73   74   75   76   77
   77   78   78   78   78   77   76   75   73   70   67   64   60   56   52   47
   43   39   35   32   29   27   26   25   24
    72.5-180.0 180.0   5.0 450.0                            LAT/LON1/LON2/DLON/H
   24   23   24   25   26   28   30   30   31   32   33   34   35   36   35   35
   35   36   36   37   38   39   40   42   44   46   48   49   51   54   57   59
   62   64   66   68   69   70   71   72   73   73   73   75   76   78   79   81
   82   83   84   85   84   84   84   82   81   79   76   73   70   66   61   57
   52   47   41   37   33   30   27   25   24
    70.0-180.0 180.0   5.0 450.0                            LAT/LON1/LON2/DLON/H
   25   24   24   24   25   25   26   27   27   29   29   29   30   31   31   32
   32   33   35   36   37   38   40   41   43   45   48   49   51   54   57   59
   61   63   66   67   69   70   71   72   72   73   74   76   78   80   83   84
   86   87   89   89   89   89   88   88   86   84   82   80   77   74   69   64
   60   55   49   44   39   34   30   27   25
    67.5-180.0 180.0   5.0 450.0                            LAT/LON1/LON2/DLON/H
   28   26   25   25   24   25   25   25   25   25   26   26   27   28   29   29
   31   33   34   36   37   39   40   42   43   46   48   50   52   54   57   59
   61   63   65   67   68   70   71   72   73   74   75   77   80   82   85   86
   89   90   90   91   91   90   89   88   87   85   84   82   80   78   74   70
   66   61   56   50   44   40   35   31   28
    65.0-180.0 180.0   5.0 450.0                            LAT/LON1/LON2/DLON/H
   32   30   28   26   25   25   25   24   24   23   24   24   24   25   26   27
   29   32   33   34   36   38   39   41   42   44   47   50   53   55   57   59
   61   63   64   66   68   70   71   72   73   74   76   79   81   84   86   88
   90   90   90   90   89   87   86   85   84   83   82   81   79   78   74   72
   67   64   59   54   49   44   40   36   32
    62.5-180.0 180.0   5.0 450.0                            LAT/LON1/LON2/DLON/H
   36   33   31   29   28   27   26   25   24   23   22   22   22   23   24   25
   27   30   31   31   33   35   36   38   39   42   46   49   53   55   58   60
   62   63   65   66   69   70   71   72   74   75   77   80   83   85   87   89
   90   89   88   87   85   84   82   80   79   77   77   76   75   74   71   70
   66   63   59   55   51   47   43   40   36
    60.0-180.0 180.0   5.0 450.0                            LAT/LON1/LON2/DLON/H
   39   37   35   33   32   30   29   27   25   23   22   21   21   21   21   23
   25   27   27   27   28   29   31   34   36   40   45   49   53   57   59   61
   63   64   66   68   70   71   72   74   76   77   80   82   85   88   90   90
   90   89   86   84   82   80   78   77   75   74   72   72   71   69   68   65
   63   60   57   54   51   48   45   42   39
    57.5-180.0 180.0   5.0 450.0                            LAT/LON1/LON2/DLON/H
   42   41   39   38   37   35   33   31   28   26   24   22   21   20   20   21
   22   22   22   22   22   23   26   29   33   37   44   49   55   59   61   63
   65   66   68   70   72   74   75   77   78   80   83   86   88   91   93   93
   91   89   87   85   83   81   80   78   76   74   72   71   70   67   65   63
   61   57   55   53   50   48   45   44   42
    55.0-180.0 180.0   5.0 450.0                            LAT/LON1/LON2/DLON/H
   44   43   43   43   42   40   39   36   33   29   26   24   22   20   20   20
   20   19   18   18   18   19   21   26   31   36   44   51   57   62   64   66
   69   70   72   74   76   77   79   81   83   85   88   90   93   96   97   97
   96   94   93   91   89   87   85   84   82   80   78   76   74   71   68   64
   61   58   55   53   50   48   47   45   44
    52.5-180.0 180.0   5.0 450.0                            LAT/LON1/LON2/DLON/H
   47   47   47   48   48   46   45   42   39   35   31   28   25   22   22   21
   20   19   18   17   17   18   20   26   31   38   46   53   60   65   68   71
   73   74   77   79   81   83   84   87   88   91   93   96   99  102  104  104
  104  103  102  100   99   97   96   95   92   91   89   86   83   79   74   69
   65   61   58   55   54   51   50   48   47
    50.0-180.0 180.0   5.0 450.0                            LAT/LON1/LON2/DLON/H
   51   51   52   53   53   53   52   49   45   41   36   33   30   27   25   24
   23   21   20   19   19   20   23   28   33   41   49   58   65   70   73   75
   78   80   83   85   87   89   91   93   95   98  100  103  107  110  112  113
  113  113  112  112  110  109  108  107  105  103  101   98   95   89   83   78
   71   66   64   61   59   57   54   52   51
    47.5-180.0 180.0   5.0 450.0                            LAT/LON1/LON2/DLON/H
   56   56   56   57   58   59   58   56   53   49   44   40   36   33   31   30
   29   28   27   26   26   26   28   33   38   46   55   63   70   74   76   78
   81   85   89   92   94   97   99  101  103  106  108  111  115  118  121  122
  122  122  122  122  121  120  119  117  115  113  111  107  103   99   93   87
   80   75   71   67   65   62   60   57   56
    45.0-180.0 180.0   5.0 450.0                            LAT/LON1/LON2/DLON/H
   62   61   60   61   63   63   64   62   59   56   52   47   44   41   39   38
   37   36   35   35   34   35   37   40   46   53   61   68   73   77   79   81
   85   90   94   97  100  104  106  109  112  115  117  119  123  126  129  130
  131  131  130  130  129  127  126  123  120  119  116  112  110  106  101   95
   89   83   78   74   71   69   66   63   62
    42.5-180.0 180.0   5.0 450.0                            LAT/LON1/LON2/DLON/H
   67   66   64   65   66   67   68   67   65   62   59   55   52   50   48   48
   47   46   45   44   44   44   45   47   52   59   66   71   76   79   81   84
   88   94   99  103  107  110  114  118  122  125  127  129  131  134  136  138
  139  138  136  134  133  130  128  124  120  117  115  113  111  108  104   99
   93   88   84   80   77   74   72   69   67
    40.0-180.0 180.0   5.0 450.0                            LAT/LON1/LON2/DLON/H
   71   69   68   67   68   69   70   70   69   68   65   63   60   59   58   58
   57   56   54   54   53   52   51   52   56   62   68   74   77   80   82   85
   91   97  103  107  112  115  121  127  132  136  137  139  141  143  145  147
  146  144  140  138  135  132  128  122  117  114  112  111  109  107  103   99
   94   89   86   83   80   79   76   74   71
    37.5-180.0 180.0   5.0 450.0                            LAT/LON1/LON2/DLON/H
   74   72   70   69   69   70   71   72   72   72   70   69   67   67   67   67
   66   65   63   61   59   57   54   54   57   62   69   74   78   81   83   87
   92   99  105  110  116  121  127  136  143  148  150  151  153  154  155  155
  154  151  147  144  141  137  132  125  120  115  112  110  108  105  102   98
   93   88   84   81   80   79   78   76   74
    35.0-180.0 180.0   5.0 450.0                            LAT/LON1/LON2/DLON/H
   75   73   71   70   70   69   70   72   74   75   75   74   74   74   75   75
   74   72   69   66   63   59   56   54   57   61   68   74   78   81   84   89
   95  102  108  114  120  128  135  145  155  161  164  166  167  166  167  167
  166  164  161  159  156  153  147  140  134  127  121  117  113  109  105  100
   94   88   83   80   78   77   77   76   75
    32.5-180.0 180.0   5.0 450.0                            LAT/LON1/LON2/DLON/H
   73   72   71   70   68   68   69   71   74   76   77   77   78   79   81   82
   80   77   73   69   64   59   55   53   54   59   66   73   78   82   85   90
   98  104  112  118  126  135  145  157  168  176  181  184  184  182  183  185
  185  186  186  186  185  184  179  172  163  153  144  137  130  123  115  108
  100   93   85   80   76   75   75   74   73
    30.0-180.0 180.0   5.0 450.0                            LAT/LON1/LON2/DLON/H
   71   71   70   69   68   67   67   69   72   75   78   79   81   83   85   86
   85   80   74   69   63   57   53   50   52   58   66   73   79   83   87   93
  100  108  116  125  134  145  157  170  182  190  198  202  203  204  206  209
  213  219  225  230  232  234  228  221  209  195  181  170  159  149  137  127
  115  105   94   84   78   75   73   72   71
    27.5-180.0 180.0   5.0 450.0                            LAT/LON1/LON2/DLON/H
   70   70   71   69   68   67   66   67   70   73   76   79   82   84   87   88
   87   82   74   68   62   56   51   50   52   59   68   75   81   85   90   96
  104  113  122  133  143  155  169  182  195  206  215  221  223  227  233  240
  250  264  277  287  291  294  288  280  265  248  230  214  199  184  168  155
  140  126  110   97   86   79   74   72   70
    25.0-180.0 180.0   5.0 450.0                            LAT/LON1/LON2/DLON/H
   72   72   73   72   69   67   66   67   69   72   75   78   80   83   86   88
   86   81   73   67   60   55   51   50   54   61   70   78   83   88   93   99
  109  119  130  144  156  169  183  196  209  223  232  238  244  253  263  274
  294  316  334  347  351  355  346  339  323  304  283  265  248  229  209  192
  174  155  134  115   99   88   80   74   72
    22.5-180.0 180.0   5.0 450.0                            LAT/LON1/LON2/DLON/H
   74   74   75   74   72   69   68   68   69   71   73   76   78   81   83   85
   84   80   72   66   60   55   52   52   57   64   72   80   85   90   96  103
  113  125  140  155  170  185  197  210  222  236  247  255  263  276  293  312
  336  363  383  397  400  399  391  384  369  352  332  315  296  275  251  233
  212  189  163  139  118  102   89   79   74
    20.0-180.0 180.0   5.0 450.0                            LAT/LON1/LON2/DLON/H
   79   77   77   77   74   72   71   71   71   71   72   73   75   76   78   80
   80   76   70   65   60   56   54   54   59   67   74   82   87   93   99  107
  119  133  150  167  185  201  210  221  233  246  260  272  285  301  319  340
  365  393  413  422  423  419  411  402  391  379  366  352  333  311  288  265
  246  221  193  165  140  119  101   87   79
    17.5-180.0 180.0   5.0 450.0                            LAT/LON1/LON2/DLON/H
   87   82   81   79   77   75   74   73   73   72   71   71   72   72   73   74
   74   72   67   63   60   56   54   55   60   68   76   84   89   95  102  111
  124  140  159  179  197  212  221  231  241  255  270  287  303  320  337  355
  376  399  414  416  412  409  402  393  387  381  375  368  353  332  311  290
  267  242  219  190  163  139  117   99   87
    15.0-180.0 180.0   5.0 450.0                            LAT/LON1/LON2/DLON/H
   98   90   85   82   79   78   77   77   76   74   73   71   70   68   67   68
   69   67   64   61   58   55   53   54   59   68   77   86   92   99  107  117
  131  147  168  188  207  221  231  240  251  264  281  299  317  330  343  356
  370  384  389  390  380  378  372  367  366  363  363  363  354  335  315  295
  274  253  234  205  181  157  134  113   98
    12.5-180.0 180.0   5.0 450.0                            LAT/LON1/LON2/DLON/H
  110   98   91   86   82   80   79   80   79   77   74   71   68   65   63   62
   63   62   61   59   57   54   52   52   59   69   80   89   96  104  112  123
  137  154  175  196  214  229  240  249  260  273  290  309  322  332  340  348
  354  360  357  355  346  341  338  338  339  339  342  347  342  326  305  284
  265  248  232  211  189  169  148  127  110
    10.0-180.0 180.0   5.0 450.0                            LAT/LON1/LON2/DLON/H
  119  106   96   89   85   83   82   83   82   79   76   72   67   63   60   58
   59   59   58   57   55   52   49   50   58   69   83   92  101  109  119  129
  143  160  181  201  220  236  248  259  270  282  297  313  322  328  335  339
  340  338  333  326  318  315  316  316  317  320  326  332  328  312  291  266
  245  230  219  206  190  173  155  137  119
     7.5-180.0 180.0   5.0 450.0                            LAT/LON1/LON2/DLON/H
  126  112  100   91   87   85   85   86   84   82   78   74   68   62   58   56
   56   57   56   55   53   50   47   49   56   70   85   96  106  115  125  135
  148  165  184  205  224  241  255  268  279  290  302  313  320  326  331  334
  334  330  322  315  309  308  309  309  310  315  320  324  318  300  276  248
  223  207  200  193  183  171  158  142  126
     5.0-180.0 180.0   5.0 450.0                            LAT/LON1/LON2/DLON/H
  129  115  102   92   88   87   87   88   87   85   81   76   69   63   59   56
   56   57   56   54   52   49   46   47   56   70   87  100  110  120  129  140
  152  168  187  206  225  243  261  275  288  298  306  312  319  327  334  338
  338  334  327  320  317  317  318  319  320  322  325  324  314  293  265  233
  205  188  181  177  172  163  154  142  129
     2.5-180.0 180.0   5.0 450.0                            LAT/LON1/LON2/DLON/H
  126  114  102   93   89   88   88   89   88   87   83   77   71   65   60   58
   57   58   57   54   52   49   46   48   57   72   89  103  114  123  133  143
  155  169  185  203  223  242  262  280  295  304  309  313  319  329  339  346
  347  345  342  338  337  339  340  340  340  339  337  331  316  290  259  225
  194  173  165  162  158  153  146  138  126
