ionex_files/bejaia/igsg0790.21i
     1.0            IONOSPHERE MAPS     MIX                 IONEX VERSION / TYPE
cmpcmb v1.2          GRL/UWM             1-apr-21 10:30     PGM / RUN BY / DATE 
ionex file containing IGS COMBINED Ionosphere maps          COMMENT             
global ionosphere maps for day 079, 2021                    DESCRIPTION         
IONEX file containing the COMBINED IGS TEC MAPS and DCBs    DESCRIPTION         
      IONEX files of the following IAACs were combined: cod DESCRIPTION         
                                                        esa DESCRIPTION         
                                                        jpl DESCRIPTION         
                                                        upc DESCRIPTION         
Contact address: Andrzej Krankowski                         DESCRIPTION
                 Geodynamics Research Laboratory            DESCRIPTION
                 University of Warmia and Mazury (GRL/UWM)  DESCRIPTION
                 Oczapowski St. 1                           DESCRIPTION
                 10-957-Olsztyn, POLAND                     DESCRIPTION
                 e-mail:  kand@uwm.edu.pl                   DESCRIPTION
                                                            DESCRIPTION         
  2021     3    20     0     0     0                        EPOCH OF FIRST MAP  
  2021     3    21     0     0     0                        EPOCH OF LAST MAP   
  7200                                                      INTERVAL            
    13                                                      # OF MAPS IN FILE   
  COSZ                                                      MAPPING FUNCTION    
     0.0                                                    ELEVATION CUTOFF    
combined TEC calculated as weighted mean of input TEC valuesOBSERVABLES USED    
   374                                                      # OF STATIONS       
    32                                                      # OF SATELLITES     
  6371.0                                                    BASE RADIUS         
     2                                                      MAP DIMENSION       
   450.0 450.0   0.0                                        HGT1 / HGT2 / DHGT  
    87.5 -87.5  -2.5                                        LAT1 / LAT2 / DLAT  
  -180.0 180.0   5.0                                        LON1 / LON2 / DLON  
    -1                                                      EXPONENT            
TEC values in 0.1 tec units;  9999, if no value available   COMMENT             
DCB values in nanoseconds, reference is Sum_of_SatDCBs = 0  COMMENT             
                                                            END OF HEADER       
     1                                                      START OF TEC MAP    
  2021     3    20     0     0     0                        EPOCH OF CURRENT MAP
    87.5-180.0 180.0   5.0 450.0                            LAT/LON1/LON2/DLON/H
   47   47   47   47   47   47   46   46   46   46   46   46   46   45   45   45
   44   44   44   43   43   43   42   42   41   41   40   40   40   40   39   39
   39   39   39   39   39   39   39   39   39   39   39   39   39   40   40   40
   41   41   42   42   43   43   43   44   44   45   45   46   46   46   47   47
   47   47   47   47   47   47   47   47   47
    85.0-180.0 180.0   5.0 450.0                            LAT/LON1/LON2/DLON/H
   53   53   53   54   54   54   55   55   55   55   55   55   54   55   54   53
   52   52   50   49   48   47   46   45   43   43   42   41   40   40   39   38
   38   37   37   36   36   36   36   36   36   37   37   37   38   39   40   40
   41   42   43   44   45   46   47   48   49   49   50   51   51   52   52   52
   52   52   53   53   53   53   52   53   53
    82.5-180.0 180.0   5.0 450.0                            LAT/LON1/LON2/DLON/H
   58   59   59   60   60   60   61   61   61   62   62   62   62   62   63   62
   62   61   60   58   57   54   51   49   47   47   45   45   43   42   40   38
   38   36   35   35   35   35   35   36   36   37   37   37   38   40   41   42
   43   44   45   46   48   49   51   52   53   54   55   56   56   56   57   57
   58   58   58   58   58   58   58   58   58
    80.0-180.0 180.0   5.0 450.0                            LAT/LON1/LON2/DLON/H
   62   63   64   64   65   65   66   67   68   70   70   71   71   71   71   70
   70   69   68   66   64   63   59   55   54   53   51   49   47   45   44   42
   40   39   37   37   36   35   35   36   36   37   38   39   40   41   42   43
   44   46   47   48   50   51   53   54   56   57   58   59   59   60   60   61
   62   62   62   63   62   62   62   62   62
    77.5-180.0 180.0   5.0 450.0                            LAT/LON1/LON2/DLON/H
   66   67   68   69   70   71   72   74   76   77   78   79   80   80   79   79
   78   76   75   74   73   70   67   64   61   58   56   54   52   49   48   46
   44   42   40   39   38   38   38   38   37   38   38   39   40   41   42   42
   44   45   46   48   49   50   52   54   55   56   57   59   60   61   62   63
   64   65   65   65   65   65   66   66   66
    75.0-180.0 180.0   5.0 450.0                            LAT/LON1/LON2/DLON/H
   70   70   71   72   74   75   77   79   81   83   84   85   85   85   85   84
   83   82   80   78   75   73   70   68   65   63   60   57   55   53   51   48
   46   45   43   41   40   39   39   39   38   38   38   39   39   39   39   40
   41   42   43   45   46   47   49   50   52   53   55   56   58   59   61   63
   64   66   66   67   68   69   69   70   70
    72.5-180.0 180.0   5.0 450.0                            LAT/LON1/LON2/DLON/H
   73   74   74   75   77   78   80   82   84   86   88   89   90   90   89   88
   87   84   81   80   76   73   71   69   66   64   61   59   56   54   52   50
   48   46   44   43   42   40   39   40   38   37   36   36   36   36   36   36
   36   37   38   39   40   41   44   46   47   49   51   53   55   58   60   61
   64   65   67   68   70   71   72   73   73
    70.0-180.0 180.0   5.0 450.0                            LAT/LON1/LON2/DLON/H
   77   78   78   78   79   80   81   83   86   88   90   92   93   92   91   89
   87   83   81   77   74   71   69   66   65   62   60   57   55   53   50   49
   47   45   44   43   42   40   38   38   37   35   34   33   32   31   31   31
   31   31   32   33   34   35   37   40   42   45   49   51   53   56   59   61
   64   66   68   70   72   73   75   76   77
    67.5-180.0 180.0   5.0 450.0                            LAT/LON1/LON2/DLON/H
   81   82   81   81   81   81   82   83   85   87   90   92   92   92   91   89
   85   81   78   74   70   67   64   62   61   59   56   54   52   50   47   45
   44   43   41   39   38   37   35   34   33   32   30   28   27   27   26   27
   27   27   27   28   29   30   32   34   39   42   47   50   53   57   60   63
   66   68   71   74   75   77   79   80   81
    65.0-180.0 180.0   5.0 450.0                            LAT/LON1/LON2/DLON/H
   85   85   85   84   83   83   83   83   85   86   88   90   91   91   90   87
   82   78   74   70   67   63   59   57   55   53   51   48   46   45   43   41
   40   38   37   34   33   31   31   30   30   28   27   25   24   23   22   23
   23   24   24   25   26   27   29   32   37   42   48   52   57   60   64   67
   70   73   75   78   80   82   83   85   85
    62.5-180.0 180.0   5.0 450.0                            LAT/LON1/LON2/DLON/H
   89   89   89   87   85   85   84   84   84   86   87   88   89   89   88   86
   81   77   73   68   64   59   55   52   50   48   45   43   41   40   38   37
   36   34   32   28   28   26   28   28   28   28   26   25   23   22   22   22
   23   23   24   24   26   28   30   34   40   45   52   57   62   66   70   74
   77   79   82   84   85   87   88   89   89
    60.0-180.0 180.0   5.0 450.0                            LAT/LON1/LON2/DLON/H
   95   94   93   92   90   88   87   86   85   86   87   87   88   88   88   86
   82   78   74   68   62   57   52   50   47   44   42   39   38   36   35   34
   32   31   27   25   25   25   26   28   29   29   28   28   27   27   26   26
   26   26   26   27   29   31   34   39   45   52   59   64   70   74   79   82
   85   87   89   90   91   92   93   94   95
    57.5-180.0 180.0   5.0 450.0                            LAT/LON1/LON2/DLON/H
  100  100  100   99   96   93   91   90   88   88   87   88   89   89   89   87
   85   82   78   72   65   58   53   50   46   43   41   38   37   35   34   33
   31   29   26   24   24   25   28   30   31   33   33   34   34   35   35   34
   33   33   33   33   34   37   40   46   53   60   67   73   78   83   87   92
   95   96   97   97   97   97   98   99  100
    55.0-180.0 180.0   5.0 450.0                            LAT/LON1/LON2/DLON/H
  107  108  108  107  104  101   98   96   93   91   90   90   90   91   90   89
   88   85   82   77   70   63   58   54   50   47   44   42   40   40   38   36
   34   30   28   27   27   28   32   35   37   39   41   43   43   44   44   44
   43   43   43   43   44   46   49   55   61   68   75   81   86   91   95  100
  103  106  105  105  105  104  105  106  107
    52.5-180.0 180.0   5.0 450.0                            LAT/LON1/LON2/DLON/H
  116  117  118  118  115  112  108  104  101   97   95   93   94   93   93   92
   91   89   87   83   77   71   66   62   57   54   52   50   48   47   45   41
   38   35   33   32   33   34   38   41   44   47   49   51   52   53   54   54
   53   54   55   54   54   56   59   64   70   77   83   89   94   97  100  105
  110  113  113  113  113  113  114  115  116
    50.0-180.0 180.0   5.0 450.0                            LAT/LON1/LON2/DLON/H
  126  128  129  129  128  124  120  115  110  105  101   98   97   97   96   96
   95   94   92   89   84   79   75   70   66   64   62   60   58   57   53   49
   45   41   39   39   40   42   45   49   52   55   57   59   61   62   63   64
   65   66   66   65   65   65   67   71   76   82   89   95   99  101  104  108
  114  118  118  120  121  121  122  125  126
    47.5-180.0 180.0   5.0 450.0                            LAT/LON1/LON2/DLON/H
  137  139  141  141  141  137  132  127  120  114  109  105  102  101  101  100
   99   98   97   94   91   88   83   79   76   74   72   71   68   66   61   56
   51   48   46   46   47   49   53   56   59   61   63   65   67   69   70   72
   74   76   77   76   75   74   75   78   83   88   93   98  102  104  107  111
  117  121  124  127  129  130  131  134  137
    45.0-180.0 180.0   5.0 450.0                            LAT/LON1/LON2/DLON/H
  147  149  151  152  153  150  144  138  130  123  117  111  108  106  105  105
  104  103  101  100   98   96   92   89   86   84   82   81   76   72   67   61
   56   53   52   52   53   56   60   62   64   66   68   70   72   74   76   80
   83   86   87   86   83   82   81   85   89   94   99  102  104  106  110  114
  119  125  130  134  137  139  141  144  147
    42.5-180.0 180.0   5.0 450.0                            LAT/LON1/LON2/DLON/H
  154  157  160  162  162  160  155  147  138  131  124  118  115  112  110  110
  109  109  107  107  105  103   99   96   93   91   89   87   81   76   70   64
   59   57   57   58   59   61   64   66   67   68   70   73   77   80   83   87
   91   95   96   94   91   87   86   90   95  100  105  108  109  111  113  117
  122  128  135  140  145  148  151  153  154
    40.0-180.0 180.0   5.0 450.0                            LAT/LON1/LON2/DLON/H
  162  165  167  169  170  168  162  154  145  138  131  125  121  118  117  116
  116  116  115  113  111  109  106  102   98   95   92   88   83   77   70   65
   60   58   60   61   63   64   67   68   68   69   72   77   81   86   88   91
   97  100  101   99   94   90   89   94  100  106  110  113  115  116  118  121
  126  132  139  146  152  156  158  160  162
    37.5-180.0 180.0   5.0 450.0                            LAT/LON1/LON2/DLON/H
  168  170  173  174  176  173  167  158  151  145  138  133  129  126  124  124
  125  124  123  121  118  114  110  105  100   95   92   87   81   75   68   63
   60   60   62   63   65   66   68   70   70   70   74   80   85   89   91   94
   98   99   99   97   93   89   91   95  103  110  114  118  120  122  124  128
  132  137  144  151  158  163  165  166  168
    35.0-180.0 180.0   5.0 450.0                            LAT/LON1/LON2/DLON/H
  175  177  179  180  180  177  171  162  155  149  144  140  136  134  132  133
  134  135  133  129  124  118  111  105   99   92   88   83   78   72   66   62
   60   60   62   64   66   67   69   71   71   72   75   81   86   90   93   94
   95   95   95   92   89   86   88   94  103  111  117  121  124  128  131  135
  139  143  150  157  164  170  173  174  175
    32.5-180.0 180.0   5.0 450.0                            LAT/LON1/LON2/DLON/H
  185  186  188  188  188  184  178  168  159  153  149  146  144  142  142  143
  145  146  143  137  128  120  110  102   95   88   82   78   74   69   64   60
   60   61   63   65   67   68   70   70   72   73   77   82   86   90   91   91
   90   89   88   86   83   81   84   91  102  111  117  123  128  132  136  141
  146  150  158  165  174  180  184  185  185
    30.0-180.0 180.0   5.0 450.0                            LAT/LON1/LON2/DLON/H
  200  202  202  201  200  194  186  177  167  159  154  152  151  150  151  153
  156  156  150  142  130  117  106   97   90   81   76   74   71   68   63   60
   60   63   65   67   68   69   70   70   73   76   80   84   87   89   89   86
   84   83   82   80   78   77   81   89  101  110  117  124  129  135  141  148
  153  160  168  176  186  193  198  200  200
    27.5-180.0 180.0   5.0 450.0                            LAT/LON1/LON2/DLON/H
  222  223  222  219  217  210  200  189  178  168  161  159  158  158  159  160
  163  162  156  144  129  113  100   91   84   77   72   72   71   69   66   63
   63   66   68   69   70   71   72   73   76   77   81   85   88   88   86   83
   80   78   77   76   74   74   79   89  101  110  117  124  130  138  146  154
  161  171  181  192  203  211  218  221  222
    25.0-180.0 180.0   5.0 450.0                            LAT/LON1/LON2/DLON/H
  249  252  249  244  239  231  220  208  193  180  171  168  167  167  165  165
  167  165  157  143  125  108   95   87   81   76   72   73   74   74   72   69
   68   70   72   73   75   78   78   78   79   79   82   87   89   88   85   79
   76   74   72   71   70   72   78   88  101  111  118  124  132  141  151  162
  172  184  196  210  223  233  241  246  249
    22.5-180.0 180.0   5.0 450.0                            LAT/LON1/LON2/DLON/H
  279  283  282  275  267  258  247  233  214  198  186  181  178  175  171  170
  168  165  155  140  122  104   93   87   84   80   78   79   80   82   81   78
   77   76   78   80   82   85   86   85   83   82   84   88   91   89   84   77
   72   69   68   67   67   70   77   88  102  113  119  125  134  145  158  171
  184  197  212  229  244  256  266  274  279
    20.0-180.0 180.0   5.0 450.0                            LAT/LON1/LON2/DLON/H
  307  313  314  309  301  291  280  265  241  220  205  196  191  183  176  173
  170  164  153  137  120  105   97   93   92   90   88   88   90   93   93   90
   88   86   87   89   91   95   97   95   90   87   88   90   92   88   82   74
   69   65   64   64   65   69   77   90  103  114  121  128  138  150  165  181
  196  211  228  247  264  278  289  298  307
    17.5-180.0 180.0   5.0 450.0                            LAT/LON1/LON2/DLON/H
  328  335  338  337  335  329  315  299  274  247  228  215  206  194  182  178
  173  166  152  136  121  111  107  107  106  103  101  100  102  104  105  102
  100   99  100  102  105  108  109  104   98   93   91   92   91   87   79   71
   66   63   62   61   62   68   76   89  104  115  124  132  143  157  175  192
  209  226  243  262  279  293  305  316  328
    15.0-180.0 180.0   5.0 450.0                            LAT/LON1/LON2/DLON/H
  338  346  352  355  358  357  348  330  304  276  254  237  225  208  193  187
  180  172  158  142  129  122  122  124  125  121  118  116  117  117  117  115
  113  113  114  117  120  123  121  113  105   98   94   92   89   84   77   70
   65   62   61   60   61   66   75   89  104  117  128  138  150  165  183  202
  221  239  255  273  288  300  312  326  338
    12.5-180.0 180.0   5.0 450.0                            LAT/LON1/LON2/DLON/H
  337  346  354  363  371  377  375  357  334  305  281  263  246  228  210  200
  192  185  171  157  145  142  144  145  145  142  138  133  131  130  128  127
  126  128  129  133  135  136  130  121  112  102   95   90   86   82   76   70
   65   63   61   60   60   64   74   88  105  119  132  144  157  172  190  209
  228  246  262  278  290  299  310  324  337
    10.0-180.0 180.0   5.0 450.0                            LAT/LON1/LON2/DLON/H
  326  337  349  360  373  386  394  383  359  330  307  288  269  247  228  215
  210  207  194  180  170  169  171  170  167  163  157  150  145  140  137  136
  137  139  142  146  148  146  138  127  116  104   94   89   84   80   75   70
   67   64   61   60   58   62   73   88  104  120  133  147  161  177  193  212
  231  248  264  278  286  292  300  313  326
     7.5-180.0 180.0   5.0 450.0                            LAT/LON1/LON2/DLON/H
  313  326  339  352  367  382  397  398  374  348  328  311  290  266  247  235
  234  234  222  208  201  197  196  193  187  180  173  163  154  146  144  142
  144  146  150  154  156  151  142  130  118  105   94   87   83   80   77   72
   68   65   61   58   57   61   72   87  103  118  132  146  161  177  194  212
  229  246  262  274  281  284  290  298  313
     5.0-180.0 180.0   5.0 450.0                            LAT/LON1/LON2/DLON/H
  303  318  332  344  358  373  387  389  375  358  343  329  308  285  265  257
  259  261  253  243  235  226  219  213  201  191  182  171  158  149  145  144
  145  148  152  156  157  151  141  129  117  105   94   87   83   82   79   75
   69   64   61   58   56   60   70   84  100  114  127  141  157  173  190  208
  224  240  256  268  276  277  282  291  303
     2.5-180.0 180.0   5.0 450.0                            LAT/LON1/LON2/DLON/H
  302  317  331  343  352  363  374  375  370  360  352  341  320  300  280  276
  281  286  284  275  264  249  235  222  206  191  181  170  156  147  142  140
  141  144  148  151  151  145  136  125  115  105   95   88   85   84   81   75
   68   63   60   56   55   58   68   81   96  108  120  134  149  167  184  200
  216  232  249  263  272  276  281  289  302
