ionex_files/bejaia/igsg0640.21i
     1.0            IONOSPHERE MAPS     MIX                 IONEX VERSION / TYPE
cmpcmb v1.2          GRL/UWM            18-mar-21 04:01     PGM / RUN BY / DATE 
ionex file containing IGS COMBINED Ionosphere maps          COMMENT             
global ionosphere maps for day 064, 2021                    DESCRIPTION         
IONEX file containing the COMBINED IGS TEC MAPS and DCBs    DESCRIPTION         
      IONEX files of the following IAACs were combined: cod DESCRIPTION         
                                                        esa DESCRIPTION         
                                                        jpl DESCRIPTION         
                                                        upc DESCRIPTION         
Contact address: Andrzej Krankowski                         DESCRIPTION
                 Geodynamics Research Laboratory            DESCRIPTION
                 University of Warmia and Mazury (GRL/UWM)  DESCRIPTION
                 Oczapowski St. 1                           DESCRIPTION
                 10-957-Olsztyn, POLAND                     DESCRIPTION
                 e-mail:  kand@uwm.edu.pl                   DESCRIPTION
                                                            DESCRIPTION         
  2021     3     5     0     0     0                        EPOCH OF FIRST MAP  
  2021     3     6     0     0     0                        EPOCH OF LAST MAP   
  7200                                                      INTERVAL            
    13                                                      # OF MAPS IN FILE   
  COSZ                                                      MAPPING FUNCTION    
     0.0                                                    ELEVATION CUTOFF    
combined TEC calculated as weighted mean of input TEC valuesOBSERVABLES USED    
   374                                                      # OF STATIONS       
    32                                                      # OF SATELLITES     
  6371.0                                                    BASE RADIUS         
     2                                                      MAP DIMENSION       
   450.0 450.0   0.0                                        HGT1 / HGT2 / DHGT  
    87.5 -87.5  -2.5                                        LAT1 / LAT2 / DLAT  
  -180.0 180.0   5.0                                        LON1 / LON2 / DLON  
    -1                                                      EXPONENT            
TEC values in 0.1 tec units;  9999, if no value available   COMMENT             
DCB values in nanoseconds, reference is Sum_of_SatDCBs = 0  COMMENT             
                                                            END OF HEADER       
[from data line 1716]
     5                                                      START OF TEC MAP    
  2021     3     5     8     0     0                        EPOCH OF CURRENT MAP
    87.5-180.0 180.0   5.0 450.0                            LAT/LON1/LON2/DLON/H
   50   50   50   50   50   50   50   50   50   50   49   49   49   49   48   48
   48   48   48   48   47   48   48   47   48   48   48   48   48   48   49   49
   49   50   50   51   51   51   51   51   51   52   52   52   52   53   53   52
   53   53   53   53   53   53   53   53   52   52   52   52   52   52   51   52
   51   51   51   51   51   50   51   50   50
    85.0-180.0 180.0   5.0 450.0                            LAT/LON1/LON2/DLON/H
   49   49   49   50   50   50   50   50   50   49   49   48   47   47   46   46
   45   44   43   42   41   41   41   41   41   42   42   43   43   44   44   45
   46   46   47   48   49   49   50   51   52   52   53   53   53   53   54   53
   53   53   53   53   53   52   52   52   52   51   51   50   50   50   49   49
   49   48   48   48   48   48   48   49   49
    82.5-180.0 180.0   5.0 450.0                            LAT/LON1/LON2/DLON/H
   45   45   46   46   47   47   47   47   47   46   45   45   44   42   41   39
   38   36   36   35   35   34   33   34   34   34   35   36   37   38   40   41
   42   44   45   47   48   49   50   51   52   53   54   54   55   55   56   55
   55   55   55   54   53   53   53   52   52   51   50   50   49   48   47   46
   45   44   44   44   44   43   44   44   45
    80.0-180.0 180.0   5.0 450.0                            LAT/LON1/LON2/DLON/H
   38   39   39   41   42   43   44   45   45   44   43   41   40   38   36   33
   32   30   28   27   26   26   26   27   27   28   30   31   32   34   36   37
   40   41   44   47   48   50   52   52   53   55   56   56   57   58   58   58
   58   58   57   57   56   56   56   55   55   54   53   52   50   48   47   45
   44   42   40   39   38   37   37   38   38
    77.5-180.0 180.0   5.0 450.0                            LAT/LON1/LON2/DLON/H
   31   32   34   36   38   39   41   41   42   41   40   38   36   33   30   27
   25   23   22   20   20   20   20   21   22   23   25   27   29   31   33   35
   38   40   43   46   48   50   52   54   55   57   57   58   59   60   60   61
   61   62   62   62   62   62   62   62   61   60   59   58   56   54   51   48
   45   41   39   36   34   32   31   30   31
    75.0-180.0 180.0   5.0 450.0                            LAT/LON1/LON2/DLON/H
   26   27   29   30   33   35   36   38   38   38   37   35   33   30   26   23
   20   18   17   17   16   17   18   19   20   22   23   25   27   29   32   34
   37   39   42   46   49   51   53   55   57   58   59   60   60   62   62   64
   65   66   66   67   68   69   70   70   70   69   68   67   65   62   59   54
   50   45   41   36   32   29   27   26   26
    72.5-180.0 180.0   5.0 450.0                            LAT/LON1/LON2/DLON/H
   21   22   23   25   28   30   32   34   35   36   35   32   30   26   23   20
   18   17   16   16   16   18   18   20   22   23   24   25   27   28   31   33
   36   39   42   45   49   51   54   56   57   59   60   61   62   63   64   66
   68   70   71   73   75   76   78   78   78   78   78   76   74   72   68   63
   58   52   46   41   35   30   26   23   21
    70.0-180.0 180.0   5.0 450.0                            LAT/LON1/LON2/DLON/H
   20   20   20   21   24   25   27   29   31   31   31   29   28   25   23   21
   19   18   18   18   19   21   22   23   25   26   27   27   28   28   30   31
   34   37   41   44   48   51   53   55   57   59   60   61   62   64   66   68
   70   73   75   77   80   82   83   85   85   85   85   85   83   80   77   72
   67   61   54   47   40   33   28   23   20
    67.5-180.0 180.0   5.0 450.0                            LAT/LON1/LON2/DLON/H
   23   20   19   20   20   22   24   26   27   28   28   28   27   26   25   22
   22   21   21   22   23   24   26   27   28   28   28   28   28   27   28   30
   32   35   39   43   47   50   53   55   57   59   60   61   63   65   67   70
   73   75   78   80   82   84   86   88   89   89   89   89   88   86   83   79
   75   68   62   54   46   39   32   27   23
    65.0-180.0 180.0   5.0 450.0                            LAT/LON1/LON2/DLON/H
   27   24   21   20   20   21   22   23   24   25   26   27   27   27   25   25
   24   24   24   25   27   28   29   29   29   29   28   27   26   25   26   27
   30   34   38   42   46   49   52   55   57   59   61   63   65   67   69   72
   74   77   79   81   83   84   85   87   88   88   89   89   89   88   86   83
   79   74   67   61   53   46   38   32   27
    62.5-180.0 180.0   5.0 450.0                            LAT/LON1/LON2/DLON/H
   33   29   26   23   22   21   21   21   22   22   23   25   26   27   27   27
   26   26   26   27   29   30   29   29   29   27   26   25   24   23   24   26
   29   33   38   42   46   50   52   55   58   61   63   65   67   70   72   74
   77   78   80   82   83   83   84   84   85   86   87   87   87   88   86   84
   80   76   71   65   58   51   44   38   33
    60.0-180.0 180.0   5.0 450.0                            LAT/LON1/LON2/DLON/H
   39   35   32   29   26   24   22   21   20   20   21   22   24   26   26   26
   26   26   26   26   27   28   27   26   25   24   23   21   21   21   22   25
   29   34   39   44   48   51   54   57   61   63   66   69   72   74   77   78
   80   81   82   83   83   83   83   83   83   84   84   85   85   85   85   83
   80   76   72   67   61   56   49   44   39
    57.5-180.0 180.0   5.0 450.0                            LAT/LON1/LON2/DLON/H
   45   42   38   35   31   28   25   23   20   19   19   20   21   23   24   25
   25   25   25   25   24   24   24   22   21   21   20   19   19   20   22   26
   31   36   42   46   50   54   57   61   64   67   71   75   78   80   83   84
   86   86   86   87   86   86   85   85   84   85   85   86   86   85   84   82
   80   76   71   67   63   58   54   49   45
    55.0-180.0 180.0   5.0 450.0                            LAT/LON1/LON2/DLON/H
   50   47   44   41   38   33   30   26   22   20   18   18   19   20   22   22
   23   23   23   22   21   19   19   18   18   18   18   17   17   20   23   29
   35   41   46   50   54   58   61   65   69   73   77   81   84   88   90   92
   93   94   93   93   92   92   91   90   90   90   90   90   90   88   86   84
   79   76   71   67   63   60   57   54   50
    52.5-180.0 180.0   5.0 450.0                            LAT/LON1/LON2/DLON/H
   55   53   51   48   45   41   36   32   27   23   20   19   19   19   20   20
   21   20   20   20   18   16   16   16   17   17   17   17   18   21   26   32
   39   46   51   55   59   63   66   71   75   80   84   89   92   96   99  101
  102  103  103  102  102  101  100  100   99  100  100   99   98   95   91   87
   82   77   72   68   64   61   59   57   55
    50.0-180.0 180.0   5.0 450.0                            LAT/LON1/LON2/DLON/H
   58   58   56   54   52   48   44   39   34   29   25   22   21   20   19   20
   20   20   20   19   18   17   17   18   19   20   19   20   22   25   30   37
   44   51   56   60   64   68   72   77   81   86   91   96  100  104  108  111
  112  113  114  113  113  112  110  109  109  110  110  109  107  104   99   94
   88   81   75   70   66   63   62   60   58
    47.5-180.0 180.0   5.0 450.0                            LAT/LON1/LON2/DLON/H
   62   61   61   60   58   55   52   48   43   37   32   28   25   23   22   21
   22   22   22   22   22   22   23   23   24   25   25   25   27   30   35   42
   49   56   61   65   69   74   78   84   88   93   98  102  107  112  116  119
  121  123  124  124  123  122  120  117  117  117  117  117  115  111  107  101
   95   88   80   75   69   66   64   63   62
    45.0-180.0 180.0   5.0 450.0                            LAT/LON1/LON2/DLON/H
   64   64   64   64   63   61   59   56   52   47   41   37   34   30   27   26
   26   27   28   29   29   30   31   31   32   33   32   31   32   35   40   47
   53   60   65   70   75   79   85   90   94   99  104  108  113  118  123  127
  130  132  133  133  132  130  126  124  121  120  120  119  118  116  112  108
  102   95   88   81   75   70   66   65   64
    42.5-180.0 180.0   5.0 450.0                            LAT/LON1/LON2/DLON/H
   67   67   67   66   66   65   65   63   60   56   52   47   45   40   36   34
   33   34   36   38   39   39   39   40   40   41   39   38   38   40   44   51
   58   64   70   74   80   85   91   97  101  104  109  114  119  124  130  134
  138  140  141  142  140  136  131  127  122  120  119  117  116  114  113  111
  107  102   95   88   81   74   70   67   67
    40.0-180.0 180.0   5.0 450.0                            LAT/LON1/LON2/DLON/H
   68   68   67   67   66   67   68   68   67   65   62   58   56   51   47   44
   42   43   45   48   49   49   48   48   47   47   45   43   42   43   48   54
   61   68   74   79   85   92   98  103  107  110  114  120  126  132  138  142
  145  148  148  149  146  141  135  129  123  119  116  114  111  112  111  111
  109  106  100   94   85   79   72   69   68
    37.5-180.0 180.0   5.0 450.0                            LAT/LON1/LON2/DLON/H
   69   68   67   65   65   66   68   70   71   70   70   69   68   64   59   55
   52   53   55   57   58   57   55   53   52   51   49   46   44   45   49   56
   64   71   77   83   90   98  105  110  114  117  122  129  136  143  148  151
  154  157  158  158  155  149  143  134  127  121  117  113  110  110  110  111
  110  108  104   97   89   81   75   71   69
    35.0-180.0 180.0   5.0 450.0                            LAT/LON1/LON2/DLON/H
   68   66   64   63   62   63   65   69   72   74   76   78   79   76   71   66
   62   61   62   64   64   62   60   56   55   53   50   48   46   46   50   58
   65   73   80   86   95  104  112  118  123  126  131  140  148  155  160  164
  166  170  171  171  169  163  156  148  141  133  127  121  116  114  113  113
  112  110  107   99   91   83   76   71   68
    32.5-180.0 180.0   5.0 450.0                            LAT/LON1/LON2/DLON/H
   67   63   60   59   58   57   60   64   69   74   79   84   87   85   81   75
   71   68   68   68   68   65   62   58   55   53   50   48   46   47   51   59
   67   75   82   91  100  111  119  127  132  136  144  153  162  171  177  182
  184  188  190  192  192  187  182  174  167  158  150  143  135  129  125  122
  118  114  109  101   93   84   77   71   67
    30.0-180.0 180.0   5.0 450.0                            LAT/LON1/LON2/DLON/H
   65   60   57   54   53   51   53   58   63   70   78   86   91   91   88   83
   78   74   72   70   69   66   62   58   55   52   50   47   46   47   51   59
   69   77   86   95  105  116  126  135  142  148  157  169  181  191  200  204
  207  213  216  221  224  225  219  212  205  196  189  179  168  158  149  140
  130  122  113  104   96   86   78   71   65
    27.5-180.0 180.0   5.0 450.0                            LAT/LON1/LON2/DLON/H
   66   59   53   50   47   46   47   51   57   65   74   84   90   93   91   86
   81   76   73   71   69   66   62   59   56   52   50   47   45   46   50   58
   69   79   88   98  108  120  132  143  152  160  172  187  201  214  224  232
  237  241  249  258  263  266  263  260  253  245  238  226  212  198  182  166
  149  135  122  111  101   91   81   73   66
    25.0-180.0 180.0   5.0 450.0                            LAT/LON1/LON2/DLON/H
   71   62   54   48   45   42   43   46   50   58   69   79   86   90   90   86
   81   77   73   71   68   66   63   61   57   53   50   47   45   45   49   57
   68   80   91  101  112  125  139  152  162  173  188  206  223  238  254  261
  266  272  282  296  303  308  308  307  302  297  291  277  260  244  223  201
  176  154  138  125  112  101   90   80   71
    22.5-180.0 180.0   5.0 450.0                            LAT/LON1/LON2/DLON/H
   82   72   61   51   46   42   42   44   47   53   62   72   80   85   85   83
   80   75   72   70   68   67   64   62   58   54   49   46   44   43   47   55
   67   81   93  104  117  131  146  160  173  188  205  225  246  265  281  292
  296  301  312  327  335  341  344  347  345  344  340  326  308  290  266  238
  207  180  159  145  131  119  106   94   82
    20.0-180.0 180.0   5.0 450.0                            LAT/LON1/LON2/DLON/H
  100   85   70   59   51   45   44   45   46   50   57   65   72   77   77   77
   75   73   70   69   67   66   66   63   59   53   48   44   42   41   43   52
   66   81   95  108  121  136  153  168  184  201  221  244  262  285  308  319
  321  326  335  347  355  362  364  369  371  377  379  367  348  330  306  274
  240  211  187  172  158  145  130  116  100
    17.5-180.0 180.0   5.0 450.0                            LAT/LON1/LON2/DLON/H
  122  104   86   72   59   52   48   48   48   51   55   59   64   69   70   70
   69   69   68   66   66   66   64   61   57   51   46   42   39   38   40   50
   65   82   98  111  125  142  159  177  193  212  234  256  277  300  324  333
  335  341  347  353  358  363  366  372  376  387  395  391  374  357  336  305
  270  240  220  202  189  176  159  141  122
    15.0-180.0 180.0   5.0 450.0                            LAT/LON1/LON2/DLON/H
  147  125  106   89   73   63   57   54   53   53   54   57   59   62   64   64
   64   64   64   64   64   64   62   59   53   48   43   40   37   36   39   49
   66   85  100  114  129  146  165  183  203  224  244  264  284  307  326  333
  337  341  343  344  344  349  352  357  363  373  383  385  376  364  348  323
  293  267  246  230  220  207  190  170  147
    12.5-180.0 180.0   5.0 450.0                            LAT/LON1/LON2/DLON/H
  173  150  129  108   91   78   69   64   60   58   57   57   57   59   59   60
   61   61   61   61   62   62   60   56   50   45   40   37   35   34   38   50
   68   87  103  117  133  150  170  189  211  232  252  271  290  308  320  325
  328  331  328  328  325  329  331  335  341  348  356  361  359  353  343  327
  304  283  264  252  243  231  215  197  173
    10.0-180.0 180.0   5.0 450.0                            LAT/LON1/LON2/DLON/H
  195  173  152  129  110   96   85   77   71   67   63   61   59   58   58   57
   59   60   60   59   59   59   57   53   47   41   38   36   34   34   39   52
   71   90  106  120  136  153  173  193  215  235  257  278  294  306  312  316
  318  319  316  313  312  313  314  316  322  328  334  338  339  336  331  320
  305  288  273  264  256  247  233  216  195
     7.5-180.0 180.0   5.0 450.0                            LAT/LON1/LON2/DLON/H
  210  192  171  149  131  115  104   94   85   78   73   68   65   62   60   58
   59   59   59   58   57   56   53   50   44   39   36   35   34   36   43   56
   75   93  109  123  138  154  173  193  214  236  260  282  296  305  310  313
  314  313  311  310  309  309  308  309  315  320  323  325  324  321  316  307
  296  284  273  266  260  252  240  227  210
     5.0-180.0 180.0   5.0 450.0                            LAT/LON1/LON2/DLON/H
  216  202  185  167  152  135  122  111  101   92   84   78   74   69   64   62
   61   61   59   57   56   54   52   48   43   38   37   36   37   39   46   61
   79   97  111  124  137  153  172  190  211  235  259  282  299  309  316  319
  320  319  318  316  316  315  314  315  320  324  325  323  318  311  303  292
  282  272  265  258  253  247  239  228  216
     2.5-180.0 180.0   5.0 450.0                            LAT/LON1/LON2/DLON/H
  214  204  193  180  167  153  141  130  120  108   98   91   86   77   72   67
   65   64   61   57   56   55   52   48   44   40   38   38   39   43   51   66
   83   99  112  123  135  149  166  186  209  234  261  284  302  316  327  332
  333  332  330  330  331  331  330  332  336  339  337  330  320  308  295  280
  268  259  252  245  240  235  229  222  214
