ionex_files/bejaia/igsg0810.21i
     1.0            IONOSPHERE MAPS     MIX                 IONEX VERSION / TYPE
cmpcmb v1.2          GRL/UWM            12-apr-21 05:19     PGM / RUN BY / DATE 
ionex file containing IGS COMBINED Ionosphere maps          COMMENT             
global ionosphere maps for day 081, 2021                    DESCRIPTION         
IONEX file containing the COMBINED IGS TEC MAPS and DCBs    DESCRIPTION         
      IONEX files of the following IAACs were combined: cod DESCRIPTION         
                                                        esa DESCRIPTION         
                                                        jpl DESCRIPTION         
                                                        upc DESCRIPTION         
Contact address: Andrzej Krankowski                         DESCRIPTION
                 Geodynamics Research Laboratory            DESCRIPTION
                 University of Warmia and Mazury (GRL/UWM)  DESCRIPTION
                 Oczapowski St. 1                           DESCRIPTION
                 10-957-Olsztyn, POLAND                     DESCRIPTION
                 e-mail:  kand@uwm.edu.pl                   DESCRIPTION
                                                            DESCRIPTION         
  2021     3    22     0     0     0                        EPOCH OF FIRST MAP  
  2021     3    23     0     0     0                        EPOCH OF LAST MAP   
  7200                                                      INTERVAL            
    13                                                      # OF MAPS IN FILE   
  COSZ                                                      MAPPING FUNCTION    
     0.0                                                    ELEVATION CUTOFF    
combined TEC calculated as weighted mean of input TEC valuesOBSERVABLES USED    
   380                                                      # OF STATIONS       
    32                                                      # OF SATELLITES     
  6371.0                                                    BASE RADIUS         
     2                                                      MAP DIMENSION       
   450.0 450.0   0.0                                        HGT1 / HGT2 / DHGT  
    87.5 -87.5  -2.5                                        LAT1 / LAT2 / DLAT  
  -180.0 180.0   5.0                                        LON1 / LON2 / DLON  
    -1                                                      EXPONENT            
TEC values in 0.1 tec units;  9999, if no value available   COMMENT             
DCB values in nanoseconds, reference is Sum_of_SatDCBs = 0  COMMENT             
                                                            END OF HEADER       
[from data line 2574]
     7                                                      START OF TEC MAP    
  2021     3    22    12     0     0                        EPOCH OF CURRENT MAP
    87.5-180.0 180.0   5.0 450.0                            LAT/LON1/LON2/DLON/H
   68   68   68   69   68   69   69   69   69   69   69   69   69   69   69   69
   69   69   69   69   69   69   69   70   69   70   69   70   70   70   70   70
   70   70   69   69   69   69   69   69   69   68   68   68   68   67   67   67
   67   67   67   67   67   67   67   67   67   66   66   66   67   66   66   66
   66   67   67   67   67   67   67   67   68
    85.0-180.0 180.0   5.0 450.0                            LAT/LON1/LON2/DLON/H
   66   65   66   66   67   67   67   67   67   67   67   67   68   67   67   68
   67   68   68   67   68   67   67   68   68   69   68   69   69   69   69   69
   69   69   69   68   68   68   68   67   66   66   66   65   65   64   64   64
   63   63   64   63   63   63   63   63   63   63   62   62   62   62   62   62
   62   62   63   64   64   64   65   65   66
    82.5-180.0 180.0   5.0 450.0                            LAT/LON1/LON2/DLON/H
   61   61   62   62   63   64   64   64   65   64   64   64   63   63   63   63
   63   63   62   63   64   64   64   65   65   66   66   67   68   69   69   69
   70   70   69   69   69   68   67   66   65   64   63   62   61   61   60   60
   59   59   59   59   59   58   58   58   58   58   57   57   57   56   56   56
   56   57   57   58   59   59   60   60   61
    80.0-180.0 180.0   5.0 450.0                            LAT/LON1/LON2/DLON/H
   55   55   56   57   58   59   59   60   60   60   61   61   60   59   59   59
   58   58   58   58   57   58   59   61   62   63   64   65   67   68   69   70
   70   70   70   69   69   68   67   66   64   63   62   61   60   58   58   58
   57   57   56   56   56   56   55   55   54   54   53   52   52   51   51   50
   50   51   51   52   52   53   53   54   55
    77.5-180.0 180.0   5.0 450.0                            LAT/LON1/LON2/DLON/H
   48   47   49   50   51   52   53   54   54   55   55   54   54   54   54   53
   52   53   53   54   54   54   56   58   59   61   63   65   66   68   69   70
   71   71   71   71   70   69   67   66   64   63   62   61   59   59   58   58
   58   58   57   57   57   56   55   54   54   52   50   49   48   46   45   45
   44   44   44   44   45   45   45   46   48
    75.0-180.0 180.0   5.0 450.0                            LAT/LON1/LON2/DLON/H
   39   39   41   42   44   45   47   48   48   48   49   49   48   47   48   49
   49   49   50   50   51   53   54   55   57   59   61   63   66   68   70   71
   72   72   72   72   71   70   68   67   65   64   63   62   62   61   61   61
   62   62   62   62   61   60   59   57   55   53   50   47   45   43   41   40
   39   38   37   37   37   37   37   37   39
    72.5-180.0 180.0   5.0 450.0                            LAT/LON1/LON2/DLON/H
   31   32   34   35   37   39   40   41   42   43   42   42   42   43   44   44
   45   46   47   48   49   51   53   54   57   59   62   64   66   68   70   71
   72   73   73   72   72   71   69   68   67   66   65   65   65   65   66   68
   68   69   70   69   68   67   64   62   59   55   51   47   44   41   38   36
   34   33   31   30   29   29   28   29   31
    70.0-180.0 180.0   5.0 450.0                            LAT/LON1/LON2/DLON/H
   23   24   27   29   31   34   35   36   36   36   37   37   38   39   39   41
   42   44   46   47   48   50   53   56   58   61   63   66   68   69   70   71
   72   72   72   72   71   71   69   69   68   67   68   68   69   71   73   74
   76   77   77   77   76   74   71   67   63   58   53   48   44   39   36   33
   30   28   27   24   23   22   22   22   23
    67.5-180.0 180.0   5.0 450.0                            LAT/LON1/LON2/DLON/H
   18   20   22   24   26   29   30   32   32   32   32   32   33   34   35   37
   40   43   45   46   48   51   55   58   61   64   66   67   69   69   70   70
   71   71   71   71   71   70   69   69   69   69   70   72   74   76   79   81
   83   83   84   83   81   78   74   70   65   60   54   49   44   39   36   32
   30   27   25   22   20   19   18   18   18
    65.0-180.0 180.0   5.0 450.0                            LAT/LON1/LON2/DLON/H
   17   18   19   22   24   26   28   29   29   28   28   29   29   30   32   34
   37   40   43   46   49   52   56   60   63   66   68   69   70   70   69   69
   69   70   70   70   70   70   70   70   71   72   73   76   78   82   84   86
   88   88   88   85   83   79   74   69   64   59   54   49   44   40   37   34
   31   28   26   23   20   19   17   17   17
    62.5-180.0 180.0   5.0 450.0                            LAT/LON1/LON2/DLON/H
   18   18   19   21   23   25   27   28   27   27   26   26   26   28   29   31
   34   37   40   44   48   52   57   61   65   68   70   71   71   71   69   69
   69   69   69   70   70   72   72   73   74   75   77   80   83   86   89   91
   91   91   89   86   82   78   72   68   63   58   53   49   45   42   39   36
   33   31   28   25   23   20   18   18   18
    60.0-180.0 180.0   5.0 450.0                            LAT/LON1/LON2/DLON/H
   20   21   22   23   25   27   28   28   28   27   26   26   26   26   27   28
   31   34   38   42   46   51   56   62   66   70   73   73   73   73   71   70
   70   70   71   72   73   74   75   77   77   80   82   85   89   91   93   94
   94   92   89   85   81   77   71   67   62   59   54   51   47   44   41   38
   36   34   31   28   26   24   22   21   20
    57.5-180.0 180.0   5.0 450.0                            LAT/LON1/LON2/DLON/H
   25   25   26   28   28   30   31   31   30   29   28   26   25   25   25   26
   29   31   35   40   44   49   55   61   67   72   75   77   77   76   75   74
   73   73   74   76   77   79   81   82   83   85   88   91   93   96   97   97
   96   94   90   85   81   77   73   69   64   61   58   55   51   49   45   42
   39   37   35   33   31   28   26   26   25
    55.0-180.0 180.0   5.0 450.0                            LAT/LON1/LON2/DLON/H
   31   31   32   32   34   34   35   35   34   32   30   29   25   24   23   24
   26   29   33   38   43   48   55   62   68   74   79   81   82   82   81   80
   79   79   80   82   84   86   88   89   91   92   95   97  100  101  102  101
   99   97   93   88   84   80   77   73   70   67   64   61   58   55   52   49
   45   43   41   38   36   34   32   31   31
    52.5-180.0 180.0   5.0 450.0                            LAT/LON1/LON2/DLON/H
   37   38   38   39   39   40   41   40   40   38   36   33   29   25   23   23
   25   28   33   38   43   49   56   64   71   77   83   86   89   89   88   87
   86   87   88   90   92   95   97   98   99  101  103  105  106  108  108  106
  105  102   99   95   91   88   85   81   78   76   74   71   68   65   61   58
   55   52   49   45   43   40   38   37   37
    50.0-180.0 180.0   5.0 450.0                            LAT/LON1/LON2/DLON/H
   44   44   45   45   45   46   47   48   47   46   43   38   34   29   26   25
   26   29   34   40   46   52   60   68   75   82   88   93   95   97   96   96
   96   96   97   99  101  104  106  108  109  111  112  113  115  115  115  113
  112  109  107  104  101   97   94   91   88   85   83   81   77   74   71   68
   64   61   58   53   51   48   46   44   44
    47.5-180.0 180.0   5.0 450.0                            LAT/LON1/LON2/DLON/H
   51   51   52   52   52   52   53   54   54   53   51   47   42   35   31   29
   30   33   39   45   52   59   67   73   81   88   95  100  103  104  103  103
  104  105  106  108  111  114  116  118  119  121  122  122  123  123  122  121
  120  119  116  113  110  107  104  100   97   93   90   87   84   81   79   76
   73   70   67   63   60   56   53   51   51
    45.0-180.0 180.0   5.0 450.0                            LAT/LON1/LON2/DLON/H
   58   59   59   58   59   58   58   59   61   61   60   55   49   44   38   36
   36   40   46   52   60   67   74   81   88   95  101  107  111  112  111  111
  111  113  114  117  119  123  126  127  129  130  132  132  131  130  130  129
  127  127  125  122  119  116  112  108  103   97   93   90   88   86   85   83
   82   79   76   73   69   64   61   59   58
    42.5-180.0 180.0   5.0 450.0                            LAT/LON1/LON2/DLON/H
   66   67   67   66   65   63   63   64   66   68   67   64   58   52   47   44
   44   48   53   61   68   75   82   88   95  102  107  113  117  119  119  119
  119  120  123  126  129  133  136  138  140  140  141  140  139  137  136  135
  135  134  131  128  124  120  116  111  105   99   93   89   88   88   87   87
   87   85   84   82   78   73   69   67   66
    40.0-180.0 180.0   5.0 450.0                            LAT/LON1/LON2/DLON/H
   74   73   73   72   71   68   66   67   70   73   74   71   67   60   56   52
   52   55   60   68   75   81   88   95  101  107  113  118  121  123  125  125
  126  129  132  136  141  145  146  148  150  151  150  149  147  145  143  142
  141  139  136  132  127  122  118  113  106   98   91   87   87   88   88   89
   89   89   88   87   84   80   77   74   74
    37.5-180.0 180.0   5.0 450.0                            LAT/LON1/LON2/DLON/H
   78   77   78   77   74   71   69   70   73   77   79   77   73   69   64   61
   61   62   66   73   80   87   93   99  105  111  116  121  125  128  131  132
  134  139  144  150  156  158  160  161  163  163  162  159  156  152  150  148
  146  145  142  137  131  127  123  119  111  101   92   87   85   86   87   89
   90   90   90   89   87   85   81   79   78
    35.0-180.0 180.0   5.0 450.0                            LAT/LON1/LON2/DLON/H
   81   80   80   78   76   72   70   71   75   78   81   81   78   75   72   70
   68   69   71   76   83   90   95  102  108  113  118  123  128  132  137  139
  145  152  160  167  173  177  176  176  177  176  174  171  166  161  159  156
  155  154  151  147  142  138  135  132  124  112  101   92   87   85   86   87
   89   89   90   90   89   87   84   82   81
    32.5-180.0 180.0   5.0 450.0                            LAT/LON1/LON2/DLON/H
   82   80   80   78   75   72   69   71   74   78   81   82   82   80   78   76
   74   73   75   78   85   91   97  103  110  116  121  125  131  136  143  149
  158  168  179  188  194  198  198  197  194  191  188  185  179  174  171  171
  172  171  168  164  161  161  159  158  150  135  119  106   97   90   87   86
   87   88   89   90   90   88   86   83   82
    30.0-180.0 180.0   5.0 450.0                            LAT/LON1/LON2/DLON/H
   82   79   78   76   74   70   67   68   72   75   79   82   82   81   81   80
   79   77   77   80   86   91   97  104  111  117  123  127  133  141  152  163
  176  189  201  212  218  221  221  220  215  214  208  203  196  192  190  192
  196  198  196  194  193  195  196  196  187  170  149  129  114  101   93   87
   86   86   87   89   89   89   86   83   82
    27.5-180.0 180.0   5.0 450.0                            LAT/LON1/LON2/DLON/H
   81   77   76   74   72   68   65   65   68   72   77   79   80   81   81   81
   80   79   78   82   86   92   98  105  113  120  126  131  137  148  164  181
  198  214  227  239  245  247  247  245  239  236  231  224  218  216  218  223
  228  233  235  236  237  241  243  244  233  213  187  161  138  119  104   95
   88   86   87   89   89   88   85   83   81
    25.0-180.0 180.0   5.0 450.0                            LAT/LON1/LON2/DLON/H
   80   76   74   73   71   69   66   65   67   70   74   76   77   78   79   80
   79   79   79   83   88   93  100  107  115  123  129  134  143  159  179  202
  222  241  255  268  274  280  276  269  260  256  254  249  248  246  252  259
  268  277  282  287  292  295  299  297  283  262  234  201  172  145  124  109
   98   92   91   92   92   89   86   82   80
    22.5-180.0 180.0   5.0 450.0                            LAT/LON1/LON2/DLON/H
   80   77   76   75   74   72   69   67   67   69   72   73   73   75   75   76
   76   77   79   84   89   95  103  110  119  126  132  139  152  173  199  225
  250  268  285  298  304  312  308  291  280  277  279  280  281  283  289  299
  311  324  333  342  347  346  351  345  329  307  278  242  206  177  150  131
  115  105  101   99   97   93   88   83   80
    20.0-180.0 180.0   5.0 450.0                            LAT/LON1/LON2/DLON/H
   85   82   81   80   80   78   75   72   70   70   71   70   69   69   70   71
   72   73   78   84   91   99  106  114  121  128  135  146  164  190  222  251
  276  290  309  327  326  331  330  311  300  299  306  313  316  320  329  341
  354  369  382  386  392  389  387  377  359  335  307  275  241  211  179  158
  139  126  117  113  108  101   94   89   85
    17.5-180.0 180.0   5.0 450.0                            LAT/LON1/LON2/DLON/H
   98   94   91   90   90   89   84   79   75   73   72   70   67   65   64   65
   66   69   75   84   93  101  109  116  123  130  138  152  176  208  243  274
  296  310  326  341  343  344  342  328  323  326  336  345  351  356  365  376
  388  400  410  415  417  412  403  388  368  345  321  296  269  240  209  187
  167  151  140  132  123  115  107  101   98
    15.0-180.0 180.0   5.0 450.0                            LAT/LON1/LON2/DLON/H
  117  112  106  103  103  100   93   87   81   78   75   71   66   62   60   59
   61   65   72   82   93  102  110  118  125  132  142  160  188  223  259  288
  307  321  332  341  343  349  351  343  343  351  364  373  380  385  390  396
  404  411  419  425  423  415  400  380  361  342  324  305  284  260  234  211
  194  177  164  153  143  135  127  121  117
    12.5-180.0 180.0   5.0 450.0                            LAT/LON1/LON2/DLON/H
  142  136  128  123  118  113  104   95   89   84   80   73   67   61   58   56
   56   61   70   81   93  103  111  119  127  136  148  169  200  234  268  294
  310  320  328  333  337  349  355  354  360  372  385  395  401  403  403  404
  406  411  416  418  414  404  385  364  344  328  316  301  286  268  247  229
  212  195  184  172  162  155  150  146  142
    10.0-180.0 180.0   5.0 450.0                            LAT/LON1/LON2/DLON/H
  169  162  152  143  135  126  116  103   95   89   84   77   69   62   57   54
   54   58   68   81   94  104  113  121  130  141  156  179  209  243  272  294
  308  316  322  326  333  348  357  364  375  389  400  408  412  410  406  402
  398  400  402  402  396  385  365  344  326  311  302  290  279  265  247  233
  221  208  197  186  178  174  172  171  169
     7.5-180.0 180.0   5.0 450.0                            LAT/LON1/LON2/DLON/H
  192  185  174  162  150  137  123  110  101   93   86   79   71   64   58   55
   54   57   67   81   94  104  114  124  134  147  164  188  217  248  273  292
  305  312  316  322  332  346  360  374  388  400  409  414  414  409  401  394
  387  384  384  381  374  364  347  329  312  298  289  279  269  257  241  228
  218  209  202  194  188  187  190  193  192
     5.0-180.0 180.0   5.0 450.0                            LAT/LON1/LON2/DLON/H
  208  201  190  176  160  144  127  114  104   95   88   80   73   67   61   56
   54   59   68   82   95  106  116  127  139  154  173  196  224  251  273  289
  300  310  315  322  335  348  364  381  396  406  411  412  408  400  391  382
  374  367  364  359  353  345  332  319  307  293  281  270  260  249  232  216
  208  203  197  192  190  193  199  206  208
     2.5-180.0 180.0   5.0 450.0                            LAT/LON1/LON2/DLON/H
  211  207  196  182  164  146  129  115  104   95   87   80   73   69   63   58
   56   60   69   83   97  109  120  132  146  161  180  204  229  253  273  288
  301  312  320  329  340  353  369  384  396  402  404  401  394  386  377  367
  360  352  345  338  333  328  320  314  305  293  277  264  252  238  221  205
  195  190  186  183  184  188  198  207  211
