ionex_files/bejaia/igsg0790.21i
     1.0            IONOSPHERE MAPS     MIX                 IONEX VERSION / TYPE
cmpcmb v1.2          GRL/UWM             1-apr-21 10:30     PGM / RUN BY / DATE 
ionex file containing IGS COMBINED Ionosphere maps          COMMENT             
global ionosphere maps for day 079, 2021                    DESCRIPTION         
IONEX file containing the COMBINED IGS TEC MAPS and DCBs    DESCRIPTION         
      IONEX files of the following IAACs were combined: cod DESCRIPTION         
                                                        esa DESCRIPTION         
                                                        jpl DESCRIPTION         
                                                        upc DESCRIPTION         
Contact address: Andrzej Krankowski                         DESCRIPTION
                 Geodynamics Research Laboratory            DESCRIPTION
                 University of Warmia and Mazury (GRL/UWM)  DESCRIPTION
                 Oczapowski St. 1                           DESCRIPTION
                 10-957-Olsztyn, POLAND                     DESCRIPTION
                 e-mail:  kand@uwm.edu.pl                   DESCRIPTION
                                                            DESCRIPTION         
  2021     3    20     0     0     0                        EPOCH OF FIRST MAP  
  2021     3    21     0     0     0                        EPOCH OF LAST MAP   
  7200                                                      INTERVAL            
    13                                                      # OF MAPS IN FILE   
  COSZ                                                      MAPPING FUNCTION    
     0.0                                                    ELEVATION CUTOFF    
combined TEC calculated as weighted mean of input TEC valuesOBSERVABLES USED    
   374                                                      # OF STATIONS       
    32                                                      # OF SATELLITES     
  6371.0                                                    BASE RADIUS         
     2                                                      MAP DIMENSION       
   450.0 450.0   0.0                                        HGT1 / HGT2 / DHGT  
    87.5 -87.5  -2.5                                        LAT1 / LAT2 / DLAT  
  -180.0 180.0   5.0                                        LON1 / LON2 / DLON  
    -1                                                      EXPONENT            
TEC values in 0.1 tec units;  9999, if no value available   COMMENT             
DCB values in nanoseconds, reference is Sum_of_SatDCBs = 0  COMMENT             
                                                            END OF HEADER       
[from data line 3432]
     9                                                      START OF TEC MAP    
  2021     3    20    16     0     0                        EPOCH OF CURRENT MAP
    87.5-180.0 180.0   5.0 450.0                            LAT/LON1/LON2/DLON/H
   43   44   44   44   45   46   46   47   47   47   48   48   49   49   50   50
   50   50   50   51   51   51   51   51   51   52   52   52   51   51   51   51
   51   51   51   50   50   50   49   49   48   48   48   47   47   46   46   45
   45   44   44   43   43   43   42   42   42   41   41   41   41   41   41   41
   41   42   42   42   42   42   42   43   43
    85.0-180.0 180.0   5.0 450.0                            LAT/LON1/LON2/DLON/H
   41   42   43   44   46   47   48   49   50   52   52   53   54   55   55   56
   56   57   57   57   57   57   57   57   57   57   57   57   57   57   57   57
   56   56   56   55   55   54   54   54   53   52   51   50   49   48   48   46
   45   44   43   42   41   40   40   39   38   38   38   37   37   37   37   37
   37   37   37   38   39   39   40   40   41
    82.5-180.0 180.0   5.0 450.0                            LAT/LON1/LON2/DLON/H
   40   41   43   44   46   47   49   50   52   52   54   55   57   57   59   59
   60   61   61   61   61   61   61   61   61   61   62   62   62   62   62   62
   62   61   61   61   60   59   58   57   56   55   54   53   51   51   49   48
   46   45   43   42   41   40   39   38   37   36   35   35   35   34   34   34
   34   34   34   35   36   36   38   39   40
    80.0-180.0 180.0   5.0 450.0                            LAT/LON1/LON2/DLON/H
   39   40   42   44   46   48   50   53   55   57   59   61   62   63   64   64
   65   64   65   64   64   64   64   65   66   66   66   67   67   67   68   67
   67   67   66   65   64   63   62   60   59   56   55   53   52   51   49   48
   47   45   44   43   41   40   39   38   37   36   35   35   34   33   33   32
   32   32   32   33   34   34   36   37   39
    77.5-180.0 180.0   5.0 450.0                            LAT/LON1/LON2/DLON/H
   38   40   42   45   48   50   53   56   58   61   63   64   66   67   68   69
   69   69   69   69   69   69   69   69   70   70   71   71   71   72   72   72
   72   72   71   70   68   66   64   62   60   57   55   53   51   49   48   47
   46   45   44   43   42   42   40   39   38   37   36   36   35   34   33   32
   32   31   31   32   32   33   35   37   38
    75.0-180.0 180.0   5.0 450.0                            LAT/LON1/LON2/DLON/H
   38   40   43   46   49   52   55   57   60   63   64   67   68   69   70   71
   72   72   72   72   72   71   72   73   73   73   73   74   75   76   76   76
   77   76   75   73   71   68   66   63   60   57   54   52   50   48   47   46
   45   45   44   43   43   42   42   41   40   40   39   37   36   35   34   33
   33   32   32   31   32   33   35   36   38
    72.5-180.0 180.0   5.0 450.0                            LAT/LON1/LON2/DLON/H
   38   41   43   46   50   52   55   58   60   63   65   67   68   70   72   73
   73   74   74   75   75   74   75   77   76   76   76   77   77   78   79   79
   79   78   77   74   71   68   66   63   60   57   53   50   48   46   45   44
   44   44   43   43   43   43   42   42   41   40   39   38   37   37   36   35
   35   34   33   33   33   34   35   36   38
    70.0-180.0 180.0   5.0 450.0                            LAT/LON1/LON2/DLON/H
   38   40   42   45   47   50   53   56   59   61   63   65   68   71   72   74
   75   75   75   77   77   77   78   79   79   79   79   79   79   79   80   80
   79   78   77   75   71   68   65   62   59   56   52   48   45   44   43   41
   41   41   41   42   41   41   40   40   40   40   39   38   37   37   36   36
   36   36   35   35   35   35   35   37   38
    67.5-180.0 180.0   5.0 450.0                            LAT/LON1/LON2/DLON/H
   38   39   41   43   45   47   50   52   55   58   60   63   66   69   71   73
   74   75   77   77   78   79   80   80   81   80   80   80   81   80   80   80
   79   78   77   74   72   69   65   62   59   56   52   48   45   43   41   40
   39   39   38   39   39   38   38   37   38   37   37   37   36   36   36   36
   36   36   36   35   35   35   36   36   38
    65.0-180.0 180.0   5.0 450.0                            LAT/LON1/LON2/DLON/H
   37   38   39   40   42   44   46   49   52   55   58   61   64   67   70   72
   73   75   76   78   79   81   81   82   82   82   81   81   81   81   81   80
   79   77   75   73   71   69   67   64   62   59   55   52   49   45   43   40
   38   37   37   36   37   35   35   35   35   35   34   34   34   35   35   36
   36   36   36   35   35   34   35   35   37
    62.5-180.0 180.0   5.0 450.0                            LAT/LON1/LON2/DLON/H
   35   37   37   38   39   41   44   47   50   53   56   59   62   66   68   71
   73   75   76   78   79   81   82   82   81   82   82   81   82   82   82   81
   80   78   75   73   72   70   69   67   66   64   62   60   57   52   48   44
   41   38   37   35   35   35   34   34   33   33   33   33   33   34   35   36
   36   37   36   35   34   33   33   34   35
    60.0-180.0 180.0   5.0 450.0                            LAT/LON1/LON2/DLON/H
   34   35   36   36   38   40   42   45   49   52   55   59   62   66   68   71
   73   74   76   77   79   80   82   82   81   82   82   82   83   83   84   83
   82   80   77   74   73   72   73   72   72   71   71   69   66   62   57   51
   47   42   40   37   35   35   34   34   33   33   33   34   34   35   36   37
   37   37   37   36   35   34   33   33   34
    57.5-180.0 180.0   5.0 450.0                            LAT/LON1/LON2/DLON/H
   34   35   35   36   37   39   42   45   48   52   56   60   63   66   69   72
   74   75   76   77   78   79   81   81   81   82   83   83   85   86   87   87
   85   82   79   77   76   76   76   78   79   79   80   79   76   72   66   61
   54   48   44   40   38   37   36   36   35   35   36   37   38   39   40   40
   39   39   38   37   36   35   34   34   34
    55.0-180.0 180.0   5.0 450.0                            LAT/LON1/LON2/DLON/H
   35   36   37   38   39   41   43   46   49   53   58   62   65   68   71   74
   75   76   77   78   79   80   81   81   82   83   85   87   89   91   92   92
   91   87   83   81   80   81   82   84   87   89   90   89   86   81   75   70
   61   55   50   46   43   42   41   41   40   41   41   43   44   44   44   44
   43   42   41   40   38   37   36   35   35
    52.5-180.0 180.0   5.0 450.0                            LAT/LON1/LON2/DLON/H
   38   39   40   41   42   44   47   49   53   57   61   65   68   71   74   76
   78   79   80   81   81   82   83   84   85   88   90   93   96   98   99   98
   96   93   89   87   86   87   89   92   95   99  100   99   97   93   86   79
   70   64   59   54   52   49   48   48   48   49   50   51   52   52   51   50
   48   46   45   43   42   40   39   38   38
    50.0-180.0 180.0   5.0 450.0                            LAT/LON1/LON2/DLON/H
   43   43   44   45   46   48   51   54   58   62   65   68   72   74   77   79
   81   83   83   85   86   87   88   90   92   95   98  101  104  106  107  105
  102   99   96   93   92   94   97  101  104  108  109  109  106  102   97   88
   80   74   68   63   60   58   57   56   57   57   58   59   60   60   60   59
   56   54   51   49   47   45   44   43   43
    47.5-180.0 180.0   5.0 450.0                            LAT/LON1/LON2/DLON/H
   48   48   48   49   50   52   56   59   64   67   71   73   76   79   81   84
   86   88   89   91   93   94   97  100  103  106  108  111  113  114  114  111
  108  105  102  100  100  103  106  110  114  117  119  118  114  110  105   97
   90   83   78   74   70   68   66   65   65   65   65   67   68   69   69   68
   66   63   59   56   53   51   50   49   48
    45.0-180.0 180.0   5.0 450.0                            LAT/LON1/LON2/DLON/H
   54   53   52   52   53   56   61   65   70   74   77   79   81   83   86   90
   92   95   97  100  102  105  109  113  117  120  121  123  123  123  121  117
  115  112  109  106  108  111  115  120  123  127  127  125  121  117  112  105
   99   94   88   84   80   76   74   72   71   71   71   72   73   76   76   76
   74   72   68   64   61   58   56   55   54
    42.5-180.0 180.0   5.0 450.0                            LAT/LON1/LON2/DLON/H
   59   57   55   55   56   59   65   71   76   81   84   86   88   90   94   97
  100  104  107  111  115  120  125  129  134  136  137  137  136  133  129  125
  123  120  117  115  117  121  125  129  133  134  134  131  128  122  117  113
  108  103   97   93   88   84   81   78   76   75   75   76   78   80   82   82
   82   79   76   71   68   64   62   61   59
    40.0-180.0 180.0   5.0 450.0                            LAT/LON1/LON2/DLON/H
   63   60   57   56   57   62   68   75   82   89   93   95   97  100  103  106
  110  114  118  124  129  136  142  148  153  156  156  155  151  145  140  136
  132  130  127  126  128  131  136  140  142  144  143  140  135  128  124  120
  116  109  103   99   94   89   85   81   78   78   79   79   82   83   85   87
   87   85   81   77   73   70   68   66   63
    37.5-180.0 180.0   5.0 450.0                            LAT/LON1/LON2/DLON/H
   65   62   58   57   58   63   70   79   88   97  102  106  108  111  114  119
  122  126  131  138  145  153  161  168  174  177  176  176  171  161  155  149
  145  143  139  139  142  145  148  151  153  154  153  149  143  134  129  126
  119  112  107  102   95   90   86   82   79   79   81   82   84   85   88   89
   90   88   85   80   76   73   71   68   65
    35.0-180.0 180.0   5.0 450.0                            LAT/LON1/LON2/DLON/H
   65   62   58   57   58   63   71   83   94  104  112  117  121  125  128  132
  135  140  146  154  161  170  180  188  194  198  198  197  192  182  175  168
  163  161  159  158  161  163  165  166  167  167  164  159  150  141  133  127
  119  112  107  102   96   90   86   83   80   79   81   83   85   87   88   90
   91   90   87   82   78   74   71   69   65
    32.5-180.0 180.0   5.0 450.0                            LAT/LON1/LON2/DLON/H
   64   60   58   56   56   61   71   84   98  110  121  128  134  139  143  147
  150  154  161  169  178  187  198  207  213  218  219  220  216  208  201  193
  189  189  186  185  186  187  186  185  184  181  175  168  158  147  137  126
  119  111  106  100   95   91   87   85   83   82   83   85   86   88   89   90
   90   90   86   82   78   74   71   68   64
    30.0-180.0 180.0   5.0 450.0                            LAT/LON1/LON2/DLON/H
   62   59   56   54   54   58   69   83   99  114  128  138  146  153  158  162
  164  169  176  185  194  204  215  224  230  236  240  243  243  237  231  224
  222  222  221  221  221  217  213  210  205  198  190  181  167  153  139  127
  120  114  107  101   96   92   89   89   88   87   88   89   89   90   90   90
   90   88   85   81   76   73   70   66   62
    27.5-180.0 180.0   5.0 450.0                            LAT/LON1/LON2/DLON/H
   61   57   56   53   52   56   65   82  100  117  132  145  156  165  170  175
  178  182  190  201  210  221  230  238  245  253  258  265  269  269  265  259
  258  260  260  261  258  251  246  238  231  224  212  197  179  161  146  134
  127  120  113  106  100   96   95   95   95   95   94   94   94   93   92   91
   89   87   83   78   74   71   68   65   61
    25.0-180.0 180.0   5.0 450.0                            LAT/LON1/LON2/DLON/H
   61   57   56   54   52   54   63   79   99  117  135  149  162  173  181  187
  189  196  206  218  228  237  245  251  259  267  275  285  293  298  301  297
  296  298  299  301  299  291  280  268  258  248  234  214  195  175  159  146
  138  132  124  116  108  104  103  104  104  103  101  100   99   97   94   92
   90   87   82   77   73   70   68   64   61
    22.5-180.0 180.0   5.0 450.0                            LAT/LON1/LON2/DLON/H
   61   58   56   55   52   53   61   77   97  116  135  151  166  179  189  197
  201  211  223  236  247  255  261  266  272  281  289  302  314  326  333  332
  333  334  336  341  342  337  314  296  283  272  257  237  215  193  176  164
  155  148  139  130  122  115  114  114  115  113  110  107  105  101   97   94
   91   87   82   77   73   70   67   64   61
    20.0-180.0 180.0   5.0 450.0                            LAT/LON1/LON2/DLON/H
   61   58   57   56   53   54   61   77   97  117  135  151  168  184  196  205
  213  225  240  256  266  275  278  281  285  292  302  317  333  349  361  365
  367  365  372  379  381  369  343  320  303  293  281  265  240  216  198  185
  176  169  157  147  137  130  126  125  124  121  118  112  110  104   99   94
   91   87   82   78   74   71   69   65   61
    17.5-180.0 180.0   5.0 450.0                            LAT/LON1/LON2/DLON/H
   62   59   58   57   54   55   63   80  101  119  137  153  170  187  202  213
  224  239  257  276  287  294  296  295  297  303  315  331  349  368  386  395
  394  391  397  403  404  390  365  340  323  315  307  289  264  239  221  208
  199  190  178  166  155  145  139  135  131  127  122  117  113  106  100   95
   91   87   83   78   76   74   70   67   62
    15.0-180.0 180.0   5.0 450.0                            LAT/LON1/LON2/DLON/H
   65   61   59   57   56   57   66   84  106  126  142  157  174  191  208  222
  235  252  274  295  309  313  312  310  311  317  329  345  364  385  405  416
  412  408  410  413  410  397  374  353  338  334  327  309  285  261  242  229
  219  209  197  185  172  160  152  145  138  130  123  118  114  107  101   95
   91   86   83   79   78   76   73   69   65
    12.5-180.0 180.0   5.0 450.0                            LAT/LON1/LON2/DLON/H
   68   64   61   58   56   58   68   88  111  131  147  162  179  197  215  230
  246  266  290  314  327  331  329  326  326  332  343  360  379  399  417  426
  420  414  413  412  406  395  378  362  349  346  338  322  300  277  257  243
  234  225  212  198  186  173  164  154  144  133  124  118  114  107  101   95
   90   86   83   80   79   79   77   72   68
    10.0-180.0 180.0   5.0 450.0                            LAT/LON1/LON2/DLON/H
   70   66   62   59   56   59   70   90  114  136  153  168  185  204  222  239
  257  280  305  328  341  346  346  342  341  345  357  374  391  408  422  427
  420  411  408  405  398  390  378  366  355  349  341  327  308  285  265  250
  242  232  218  205  192  181  171  160  148  137  126  119  114  108  100   94
   90   85   82   80   80   81   80   76   70
     7.5-180.0 180.0   5.0 450.0                            LAT/LON1/LON2/DLON/H
   73   68   63   60   57   59   71   92  116  139  157  173  191  212  230  249
  267  291  315  336  350  357  358  356  354  359  370  385  401  414  424  424
  416  408  400  396  391  383  374  366  358  350  340  326  306  284  263  248
  237  227  215  204  193  182  172  162  151  139  129  121  116  109  101   94
   89   85   81   80   80   82   81   79   73
     5.0-180.0 180.0   5.0 450.0                            LAT/LON1/LON2/DLON/H
   75   69   64   60   57   59   71   92  117  140  159  178  197  218  239  258
  277  299  322  342  355  362  364  366  365  371  382  395  407  417  423  421
  412  402  393  388  384  377  371  364  355  345  334  318  297  274  252  235
  223  212  204  196  187  178  169  161  151  140  130  122  117  110  102   94
   88   84   81   79   80   82   81   80   75
     2.5-180.0 180.0   5.0 450.0                            LAT/LON1/LON2/DLON/H
   75   70   65   60   57   59   71   91  117  141  162  181  201  223  244  264
  284  304  326  344  357  364  369  371  374  381  390  401  410  417  419  416
  406  396  387  381  377  370  365  358  349  337  323  304  280  256  234  216
  202  192  188  182  176  170  163  156  148  138  129  122  118  110  102   95
   88   84   80   79   80   81   81   79   75
