ionex_files/bejaia/igsg0680.21i
     1.0            IONOSPHERE MAPS     MIX                 IONEX VERSION / TYPE
cmpcmb v1.2          GRL/UWM             1-apr-21 07:47     PGM / RUN BY / DATE 
ionex file containing IGS COMBINED Ionosphere maps          COMMENT             
global ionosphere maps for day 068, 2021                    DESCRIPTION         
IONEX file containing the COMBINED IGS TEC MAPS and DCBs    DESCRIPTION         
      IONEX files of the following IAACs were combined: cod DESCRIPTION         
                                                        esa DESCRIPTION         
                                                        jpl DESCRIPTION         
                                                        upc DESCRIPTION         
Contact address: Andrzej Krankowski                         DESCRIPTION
                 Geodynamics Research Laboratory            DESCRIPTION
                 University of Warmia and Mazury (GRL/UWM)  DESCRIPTION
                 Oczapowski St. 1                           DESCRIPTION
                 10-957-Olsztyn, POLAND                     DESCRIPTION
                 e-mail:  kand@uwm.edu.pl                   DESCRIPTION
                                                            DESCRIPTION         
  2021     3     9     0     0     0                        EPOCH OF FIRST MAP  
  2021     3    10     0     0     0                        EPOCH OF LAST MAP   
  7200                                                      INTERVAL            
    13                                                      # OF MAPS IN FILE   
  COSZ                                                      MAPPING FUNCTION    
     0.0                                                    ELEVATION CUTOFF    
combined TEC calculated as weighted mean of input TEC valuesOBSERVABLES USED    
   386                                                      # OF STATIONS       
    32                                                      # OF SATELLITES     
  6371.0                                                    BASE RADIUS         
     2                                                      MAP DIMENSION       
   450.0 450.0   0.0                                        HGT1 / HGT2 / DHGT  
    87.5 -87.5  -2.5                                        LAT1 / LAT2 / DLAT  
  -180.0 180.0   5.0                                        LON1 / LON2 / DLON  
    -1                                                      EXPONENT            
TEC values in 0.1 tec units;  9999, if no value available   COMMENT             
DCB values in nanoseconds, reference is Sum_of_SatDCBs = 0  COMMENT             
                                                            END OF HEADER       
[from data line 5148]
    13                                                      START OF TEC MAP    
  2021     3    10     0     0     0                        EPOCH OF CURRENT MAP
    87.5-180.0 180.0   5.0 450.0                            LAT/LON1/LON2/DLON/H
   51   51   52   52   52   52   52   52   51   51   51   51   50   50   49   49
   48   48   47   46   46   45   44   43   42   42   41   41   40   39   38   38
   37   37   37   36   36   36   36   36   36   36   36   36   36   36   37   38
   38   39   39   40   40   41   41   42   43   43   44   45   46   46   47   48
   48   49   49   50   50   51   51   51   51
    85.0-180.0 180.0   5.0 450.0                            LAT/LON1/LON2/DLON/H
   55   56   56   56   56   56   56   56   56   55   55   55   54   54   53   52
   51   50   49   48   47   46   44   43   41   40   39   37   37   35   34   33
   32   31   31   30   30   29   29   29   30   30   30   31   31   31   32   33
   33   34   35   36   37   39   40   41   42   43   45   47   47   49   50   51
   52   52   53   53   54   55   55   55   55
    82.5-180.0 180.0   5.0 450.0                            LAT/LON1/LON2/DLON/H
   58   59   58   59   59   60   60   61   61   61   61   61   60   59   58   57
   56   54   51   49   47   46   44   42   39   37   34   31   30   26   25   24
   23   23   22   22   22   22   23   23   24   25   26   26   27   28   29   30
   31   32   33   34   36   37   39   40   42   43   45   47   49   49   51   52
   53   54   55   55   56   56   57   57   58
    80.0-180.0 180.0   5.0 450.0                            LAT/LON1/LON2/DLON/H
   60   61   61   62   63   63   64   64   64   65   64   64   63   62   61   59
   57   55   52   50   48   46   43   37   35   32   29   27   25   22   21   20
   18   18   17   18   18   19   19   20   21   22   23   24   25   26   26   27
   29   30   31   32   34   35   37   39   41   43   45   47   48   50   52   53
   54   55   56   56   57   58   58   59   60
    77.5-180.0 180.0   5.0 450.0                            LAT/LON1/LON2/DLON/H
   63   64   64   65   65   66   67   68   68   69   68   68   68   66   64   61
   59   57   54   51   48   45   41   37   34   30   27   25   22   20   18   16
   15   14   14   15   16   17   17   18   20   20   22   23   23   24   25   25
   27   28   29   31   32   34   37   38   41   43   45   47   48   50   51   53
   54   55   56   57   57   59   61   63   63
    75.0-180.0 180.0   5.0 450.0                            LAT/LON1/LON2/DLON/H
   67   67   68   68   69   69   70   71   71   72   72   71   68   66   64   62
   60   57   55   52   48   45   41   37   33   30   27   24   21   19   18   16
   15   14   15   15   15   16   17   19   19   20   21   22   22   22   23   24
   24   25   26   28   30   32   34   37   40   42   45   47   49   51   52   53
   55   56   57   58   60   62   65   66   67
    72.5-180.0 180.0   5.0 450.0                            LAT/LON1/LON2/DLON/H
   71   71   71   71   71   72   73   73   74   74   73   72   70   68   65   63
   60   58   55   51   49   45   41   38   34   31   28   25   22   20   19   18
   17   17   16   16   17   18   18   19   19   20   20   20   20   21   21   21
   21   22   23   25   27   30   33   36   40   43   45   47   50   52   53   54
   56   57   59   61   64   67   68   70   71
    70.0-180.0 180.0   5.0 450.0                            LAT/LON1/LON2/DLON/H
   76   76   75   75   75   75   75   75   76   75   75   74   72   70   66   62
   61   58   54   51   49   46   42   39   35   32   29   26   24   23   21   20
   20   19   19   19   19   19   19   19   19   19   19   18   18   18   18   18
   18   19   20   22   24   27   31   35   39   43   46   49   52   54   55   56
   58   60   62   65   67   71   73   75   76
    67.5-180.0 180.0   5.0 450.0                            LAT/LON1/LON2/DLON/H
   81   81   79   78   77   77   76   77   77   77   77   76   75   71   66   64
   62   58   55   53   50   46   43   40   36   33   30   28   26   24   24   23
   22   21   21   21   20   19   19   18   17   17   16   16   16   15   15   15
   15   16   17   19   22   25   30   35   39   45   49   52   55   57   58   60
   61   63   65   69   72   76   79   81   81
    65.0-180.0 180.0   5.0 450.0                            LAT/LON1/LON2/DLON/H
   87   85   83   80   79   78   77   78   79   79   80   79   76   73   69   67
   64   61   58   55   52   49   46   41   38   35   31   29   28   26   26   26
   24   23   22   21   20   18   18   16   16   15   15   14   14   14   14   14
   14   14   15   17   19   23   28   34   40   47   52   57   60   62   63   64
   65   67   69   73   77   81   84   86   87
    62.5-180.0 180.0   5.0 450.0                            LAT/LON1/LON2/DLON/H
   92   90   86   83   80   78   78   79   80   82   83   82   79   78   75   72
   68   65   62   59   56   53   49   44   40   37   34   31   30   28   27   27
   26   24   23   21   19   17   16   15   15   15   15   14   14   14   15   15
   15   15   15   16   19   23   28   35   42   50   57   62   66   68   69   70
   71   72   74   78   82   86   89   91   92
    60.0-180.0 180.0   5.0 450.0                            LAT/LON1/LON2/DLON/H
   96   94   91   86   82   80   80   81   83   84   85   85   83   82   80   76
   72   69   66   62   59   56   51   46   42   39   36   34   32   30   29   28
   27   25   23   21   20   17   16   16   16   16   17   17   17   17   18   18
   18   18   18   19   20   24   29   37   45   54   62   69   73   75   76   77
   77   78   80   83   87   92   94   97   96
    57.5-180.0 180.0   5.0 450.0                            LAT/LON1/LON2/DLON/H
  102  100   96   92   87   84   83   84   85   86   87   87   87   84   83   80
   77   74   69   65   61   57   52   48   44   41   39   36   35   33   32   30
   29   27   25   23   22   20   18   19   20   21   22   22   22   23   23   24
   24   24   24   24   25   27   32   39   47   58   67   76   80   83   84   84
   84   85   87   89   93   97  100  102  102
    55.0-180.0 180.0   5.0 450.0                            LAT/LON1/LON2/DLON/H
  110  109  105  101   95   91   89   87   88   88   88   88   88   87   86   85
   82   78   73   67   62   57   53   50   46   44   42   40   38   36   35   34
   32   30   28   27   26   25   25   26   27   29   30   30   30   31   32   32
   33   32   31   31   31   33   36   43   52   63   73   81   86   90   91   92
   92   93   95   97  100  104  107  109  110
    52.5-180.0 180.0   5.0 450.0                            LAT/LON1/LON2/DLON/H
  120  120  117  112  107  101   97   94   92   90   89   89   89   90   90   89
   87   82   76   70   63   57   54   51   50   48   45   44   42   41   40   38
   37   35   34   33   33   33   34   36   38   39   40   41   41   41   42   43
   43   42   40   40   39   41   43   49   57   67   77   85   90   94   97   98
  100  101  103  106  109  112  115  118  120
    50.0-180.0 180.0   5.0 450.0                            LAT/LON1/LON2/DLON/H
  131  132  131  127  122  115  108  103   99   95   93   92   93   93   93   93
   90   85   79   73   66   59   56   54   53   51   48   48   47   46   45   44
   43   42   41   41   41   42   44   45   47   50   51   53   52   52   52   53
   52   52   51   50   49   50   51   55   63   72   80   87   93   97  100  102
  106  109  112  115  118  121  124  128  131
    47.5-180.0 180.0   5.0 450.0                            LAT/LON1/LON2/DLON/H
  142  145  145  142  137  129  121  114  108  102   98   97   97   97   98   97
   94   89   83   77   70   64   61   58   58   56   53   52   51   51   50   49
   49   48   48   48   49   51   53   55   56   59   61   62   62   61   60   60
   61   61   59   58   56   55   56   61   68   76   84   90   95   98  101  105
  111  117  121  125  127  130  134  138  142
    45.0-180.0 180.0   5.0 450.0                            LAT/LON1/LON2/DLON/H
  151  156  157  154  149  142  133  125  118  111  106  103  102  102  102  101
   99   94   89   84   78   72   68   65   64   61   58   56   56   54   54   54
   54   54   55   56   57   59   61   63   63   66   68   69   68   67   66   67
   68   67   65   62   60   58   60   65   73   81   88   93   97  100  102  108
  116  122  129  134  138  140  143  147  151
    42.5-180.0 180.0   5.0 450.0                            LAT/LON1/LON2/DLON/H
  159  162  165  164  158  152  144  135  127  120  114  110  108  107  107  107
  104  101   97   93   88   82   77   73   69   64   61   60   59   57   56   57
   58   59   60   62   63   65   67   68   69   70   73   73   73   73   72   73
   73   72   69   65   62   61   63   68   77   85   93   97   99  101  104  111
  120  127  137  143  147  150  154  156  159
    40.0-180.0 180.0   5.0 450.0                            LAT/LON1/LON2/DLON/H
  165  166  168  167  163  158  151  144  137  129  123  118  116  114  114  113
  112  110  107  103   99   92   86   79   74   68   63   62   62   60   59   60
   61   63   64   66   67   68   70   71   72   74   77   77   78   78   77   78
   77   76   73   69   65   64   66   72   80   89   96  100  102  104  107  113
  123  133  143  152  158  161  164  164  165
    37.5-180.0 180.0   5.0 450.0                            LAT/LON1/LON2/DLON/H
  170  169  168  167  163  160  156  151  144  137  131  126  123  121  120  120
  120  119  117  114  108  101   93   84   77   70   64   63   62   62   62   63
   65   67   68   69   70   71   72   74   75   77   79   81   81   80   80   79
   79   78   75   71   68   67   70   76   84   93  100  104  106  108  111  118
  127  138  150  160  168  172  174  173  170
    35.0-180.0 180.0   5.0 450.0                            LAT/LON1/LON2/DLON/H
  176  172  167  165  163  161  159  156  152  145  139  133  130  128  127  127
  127  127  126  123  117  109   98   88   79   73   68   67   66   66   66   67
   69   70   71   71   72   74   76   76   77   79   80   82   82   81   80   79
   79   77   74   70   67   67   70   78   87   97  104  109  111  113  116  122
  132  144  157  169  180  186  187  184  176
    32.5-180.0 180.0   5.0 450.0                            LAT/LON1/LON2/DLON/H
  188  178  172  168  167  166  165  162  158  153  146  140  135  133  132  132
  132  133  133  130  124  114  102   91   82   78   75   75   74   73   72   73
   75   75   75   75   75   78   80   80   80   80   81   82   83   82   80   78
   76   74   72   68   66   66   71   79   89   99  107  112  115  117  121  127
  138  151  166  181  195  203  204  199  188
    30.0-180.0 180.0   5.0 450.0                            LAT/LON1/LON2/DLON/H
  206  194  186  183  179  176  175  171  167  160  153  147  142  138  136  135
  136  137  138  135  127  117  105   94   88   86   85   86   86   84   83   82
   82   82   81   80   80   82   84   83   81   80   81   82   82   81   78   76
   73   71   69   66   64   64   69   78   90  101  109  115  118  121  125  133
  144  159  177  197  213  223  226  219  206
    27.5-180.0 180.0   5.0 450.0                            LAT/LON1/LON2/DLON/H
  234  221  214  210  206  200  194  190  181  171  162  154  148  144  140  138
  138  140  140  138  130  120  109  100   97   97  100  103  102   99   96   93
   92   90   88   87   86   86   87   86   83   81   80   81   81   79   77   74
   70   69   66   63   61   61   67   78   89  101  111  117  121  125  130  139
  151  169  191  215  235  251  256  250  234
    25.0-180.0 180.0   5.0 450.0                            LAT/LON1/LON2/DLON/H
  272  262  257  251  245  236  227  217  203  188  176  165  157  151  145  141
  140  141  141  139  132  123  115  110  110  115  119  123  121  115  109  104
  100   97   95   92   91   90   89   89   85   81   80   80   79   77   74   71
   67   65   63   61   58   58   65   76   89  100  110  116  121  127  134  145
  160  179  207  235  260  279  286  284  272
    22.5-180.0 180.0   5.0 450.0                            LAT/LON1/LON2/DLON/H
  317  313  313  304  295  284  270  251  231  212  195  179  169  160  152  146
  143  142  142  141  136  129  125  124  129  136  141  143  139  131  122  115
  109  104  100   98   94   91   90   88   85   81   79   78   76   73   69   66
   62   60   58   57   55   56   62   74   88   99  108  115  120  127  137  151
  169  192  222  255  285  308  315  320  317
    20.0-180.0 180.0   5.0 450.0                            LAT/LON1/LON2/DLON/H
  353  361  363  360  350  336  315  290  264  239  220  202  187  174  163  152
  147  144  144  143  140  138  138  143  151  159  163  162  154  145  136  124
  116  110  105   99   95   89   89   87   84   81   78   76   73   69   64   60
   56   54   52   52   51   51   58   70   85   98  108  114  121  130  142  158
  178  203  233  268  302  328  336  344  353
    17.5-180.0 180.0   5.0 450.0                            LAT/LON1/LON2/DLON/H
  367  387  403  405  398  382  359  333  303  276  250  231  213  195  177  163
  153  149  148  148  149  152  157  165  173  179  180  176  164  154  144  131
  123  116  109   99   94   87   87   85   82   79   76   73   69   64   58   54
   50   47   47   46   45   45   53   66   83   97  108  116  124  135  148  165
  186  212  241  275  303  328  341  350  367
    15.0-180.0 180.0   5.0 450.0                            LAT/LON1/LON2/DLON/H
  361  389  414  426  426  415  395  370  341  313  287  265  242  221  198  179
  164  158  157  159  163  170  178  186  192  194  190  182  169  158  147  135
  128  122  113  101   94   87   85   84   81   77   73   69   63   58   52   49
   46   43   42   41   40   41   49   63   81   98  110  118  128  139  154  172
  193  219  246  271  293  313  325  337  361
    12.5-180.0 180.0   5.0 450.0                            LAT/LON1/LON2/DLON/H
  337  369  399  419  430  427  413  395  375  351  324  300  274  252  225  203
  183  174  172  175  183  191  198  204  205  200  190  179  165  155  145  136
  132  127  118  105   96   89   85   82   79   75   70   64   58   52   48   45
   43   41   40   39   37   38   46   61   81   98  111  120  131  144  160  179
  201  224  247  264  279  291  302  312  337
    10.0-180.0 180.0   5.0 450.0                            LAT/LON1/LON2/DLON/H
  310  339  370  392  411  418  414  406  399  383  359  333  307  284  254  229
  208  198  193  196  204  212  216  217  209  197  181  166  154  145  138  135
  135  132  124  111  101   92   87   83   79   74   68   61   54   49   46   43
   42   41   39   38   36   37   45   62   82  100  113  124  135  149  166  186
  207  229  247  258  266  269  276  289  310
     7.5-180.0 180.0   5.0 450.0                            LAT/LON1/LON2/DLON/H
  283  306  333  360  380  394  399  402  406  401  384  362  338  314  285  256
  234  224  220  221  228  234  233  224  208  186  166  150  139  133  131  134
  138  138  131  118  108   97   91   85   80   74   67   60   53   48   45   43
   42   41   40   39   37   39   47   63   84  103  116  127  140  154  172  191
  211  231  246  254  257  258  261  269  283
     5.0-180.0 180.0   5.0 450.0                            LAT/LON1/LON2/DLON/H
  269  285  304  326  345  362  375  387  397  405  401  387  366  342  316  288
  262  249  246  250  254  256  247  229  203  176  151  135  128  126  129  135
  141  145  140  128  116  103   95   89   82   75   67   59   52   47   45   43
   42   42   41   40   39   41   49   66   87  106  119  130  143  159  177  194
  214  231  245  251  255  256  258  262  269
     2.5-180.0 180.0   5.0 450.0                            LAT/LON1/LON2/DLON/H
  272  280  290  305  319  336  351  366  380  395  402  397  383  364  343  317
  292  276  271  277  279  276  258  230  198  166  142  129  125  126  131  138
  146  151  148  135  124  109  100   92   84   76   68   60   52   48   45   44
   43   43   43   42   41   43   52   70   90  107  121  131  145  161  178  195
  212  229  242  250  257  263  268  270  272
