ionex_files/bejaia/igsg0710.21i
     1.0            IONOSPHERE MAPS     MIX                 IONEX VERSION / TYPE
cmpcmb v1.2          GRL/UWM             1-apr-21 08:04     PGM / RUN BY / DATE 
ionex file containing IGS COMBINED Ionosphere maps          COMMENT             
global ionosphere maps for day 071, 2021                    DESCRIPTION         
IONEX file containing the COMBINED IGS TEC MAPS and DCBs    DESCRIPTION         
      IONEX files of the following IAACs were combined: cod DESCRIPTION         
                                                        esa DESCRIPTION         
                                                        jpl DESCRIPTION         
                                                        upc DESCRIPTION         
Contact address: Andrzej Krankowski                         DESCRIPTION
                 Geodynamics Research Laboratory            DESCRIPTION
                 University of Warmia and Mazury (GRL/UWM)  DESCRIPTION
                 Oczapowski St. 1                           DESCRIPTION
                 10-957-Olsztyn, POLAND                     DESCRIPTION
                 e-mail:  kand@uwm.edu.pl                   DESCRIPTION
                                                            DESCRIPTION         
  2021     3    12     0     0     0                        EPOCH OF FIRST MAP  
  2021     3    13     0     0     0                        EPOCH OF LAST MAP   
  7200                                                      INTERVAL            
    13                                                      # OF MAPS IN FILE   
  COSZ                                                      MAPPING FUNCTION    
     0.0                                                    ELEVATION CUTOFF    
combined TEC calculated as weighted mean of input TEC valuesOBSERVABLES USED    
   372                                                      # OF STATIONS       
    32                                                      # OF SATELLITES     
  6371.0                                                    BASE RADIUS         
     2                                                      MAP DIMENSION       
   450.0 450.0   0.0                                        HGT1 / HGT2 / DHGT  
    87.5 -87.5  -2.5                                        LAT1 / LAT2 / DLAT  
  -180.0 180.0   5.0                                        LON1 / LON2 / DLON  
    -1                                                      EXPONENT            
TEC values in 0.1 tec units;  9999, if no value available   COMMENT             
DCB values in nanoseconds, reference is Sum_of_SatDCBs = 0  COMMENT             
                                                            END OF HEADER       
[from data line 1716]
     5                                                      START OF TEC MAP    
  2021     3    12     8     0     0                        EPOCH OF CURRENT MAP
    87.5-180.0 180.0   5.0 450.0                            LAT/LON1/LON2/DLON/H
   53   54   54   54   55   55   55   55   55   55   55   55   54   54   53   53
   53   52   52   51   50   50   49   48   48   47   47   47   46   46   46   46
   45   45   46   45   45   46   46   46   46   46   46   47   47   47   46   47
   47   47   47   47   47   47   47   47   47   48   47   47   48   48   48   48
   49   49   50   50   51   52   52   53   53
    85.0-180.0 180.0   5.0 450.0                            LAT/LON1/LON2/DLON/H
   53   54   55   56   57   58   58   59   59   58   58   58   57   56   55   54
   52   51   49   48   47   46   45   43   42   41   40   39   39   38   38   37
   37   38   38   39   39   40   41   42   43   44   45   46   47   47   47   48
   48   48   48   47   48   47   47   46   46   45   45   45   45   45   45   45
   45   46   47   47   48   49   50   51   53
    82.5-180.0 180.0   5.0 450.0                            LAT/LON1/LON2/DLON/H
   49   51   53   56   58   60   61   61   61   62   61   60   59   57   54   52
   49   47   45   43   40   38   36   35   33   32   31   30   30   29   29   30
   30   30   31   33   34   36   38   40   42   44   46   48   49   51   53   53
   54   54   53   52   51   50   50   48   47   45   44   43   42   41   40   40
   40   40   40   40   41   43   45   47   49
    80.0-180.0 180.0   5.0 450.0                            LAT/LON1/LON2/DLON/H
   45   48   51   55   57   60   62   63   63   63   62   59   57   54   51   48
   45   43   39   37   33   31   29   27   26   25   24   23   22   23   23   24
   25   26   28   30   32   35   38   41   44   47   50   53   56   59   61   62
   62   63   62   61   60   58   57   55   52   50   48   45   43   41   39   37
   35   34   33   33   34   36   38   42   45
    77.5-180.0 180.0   5.0 450.0                            LAT/LON1/LON2/DLON/H
   39   43   47   51   54   57   59   61   61   61   59   58   55   52   49   45
   42   37   34   31   28   26   25   23   21   20   20   20   20   20   20   21
   23   25   27   31   34   38   41   46   50   54   58   62   67   71   73   75
   75   75   75   74   72   71   69   66   63   60   57   54   51   47   43   40
   36   33   31   30   30   30   33   35   39
    75.0-180.0 180.0   5.0 450.0                            LAT/LON1/LON2/DLON/H
   33   37   42   46   50   54   57   58   60   59   58   56   53   49   45   39
   35   33   30   27   25   23   23   23   22   22   21   21   22   22   23   24
   25   27   30   34   39   43   48   54   59   66   70   76   80   86   89   91
   91   91   91   89   89   87   85   82   79   75   72   68   64   59   53   49
   43   39   34   31   29   29   29   31   33
    72.5-180.0 180.0   5.0 450.0                            LAT/LON1/LON2/DLON/H
   33   36   40   44   48   51   53   55   55   55   54   52   49   44   40   37
   34   31   27   26   25   25   26   25   26   26   26   26   26   26   27   29
   31   33   36   40   46   52   58   64   72   78   85   92   97  103  106  108
  108  108  107  106  104  103  100   98   95   91   88   84   79   74   68   62
   55   48   42   37   33   30   30   31   33
    70.0-180.0 180.0   5.0 450.0                            LAT/LON1/LON2/DLON/H
   35   36   39   42   45   48   50   51   51   51   50   48   46   42   39   37
   34   31   30   29   29   29   30   31   32   33   33   33   33   33   33   35
   36   39   44   48   54   60   68   76   83   92   99  106  112  117  121  123
  124  122  122  120  118  116  113  111  108  105  102   99   94   90   84   76
   69   61   53   47   41   37   34   34   35
    67.5-180.0 180.0   5.0 450.0                            LAT/LON1/LON2/DLON/H
   39   38   39   41   42   44   45   46   46   46   46   44   43   42   39   38
   36   34   33   34   34   35   35   36   37   38   38   39   38   38   38   39
   41   44   49   55   61   68   77   85   94  103  111  118  124  130  133  135
  136  134  132  130  126  124  121  118  116  113  111  109  105  101   96   89
   82   74   66   58   51   45   42   40   39
    65.0-180.0 180.0   5.0 450.0                            LAT/LON1/LON2/DLON/H
   43   41   40   40   39   40   40   41   41   41   41   41   41   42   40   40
   39   38   38   38   39   40   40   41   40   40   40   41   41   40   41   42
   43   47   53   60   68   76   84   92  102  110  119  127  133  138  142  143
  143  141  138  134  130  126  123  120  117  115  114  112  110  107  102   97
   90   83   75   68   60   54   50   46   43
    62.5-180.0 180.0   5.0 450.0                            LAT/LON1/LON2/DLON/H
   47   44   41   39   37   36   36   36   36   36   37   39   40   41   42   42
   42   41   41   41   42   42   42   42   40   40   40   39   39   38   39   42
   44   49   56   64   72   80   89   98  107  116  124  133  139  144  147  147
  145  143  139  134  130  125  121  117  115  113  112  111  109  106  104   99
   93   87   81   75   67   62   56   51   47
    60.0-180.0 180.0   5.0 450.0                            LAT/LON1/LON2/DLON/H
   51   47   43   39   36   34   32   32   32   33   34   37   38   40   42   42
   44   43   43   42   42   41   40   39   38   36   36   35   34   34   36   40
   45   50   58   67   76   85   93  102  111  119  128  137  144  148  150  150
  147  143  137  132  128  123  118  115  112  110  108  106  105  104  102   98
   94   89   84   78   72   66   61   56   51
    57.5-180.0 180.0   5.0 450.0                            LAT/LON1/LON2/DLON/H
   56   50   46   41   37   34   32   31   30   31   32   35   37   39   41   42
   43   43   43   41   39   37   37   35   34   32   30   30   30   31   33   38
   45   52   60   70   79   88   96  105  114  123  132  141  147  151  152  151
  147  142  136  131  126  121  117  114  110  107  105  104  102  100   99   97
   94   89   84   80   75   71   65   60   56
    55.0-180.0 180.0   5.0 450.0                            LAT/LON1/LON2/DLON/H
   61   55   50   46   42   38   35   33   32   32   32   34   35   37   38   39
   41   41   40   37   34   33   32   29   31   29   26   26   27   29   33   39
   47   55   64   73   82   91  100  108  117  126  136  144  150  154  154  152
  148  142  137  132  128  124  120  117  113  110  107  104  102   99   97   95
   92   89   85   81   78   74   70   65   61
    52.5-180.0 180.0   5.0 450.0                            LAT/LON1/LON2/DLON/H
   67   62   57   52   49   45   42   40   37   36   36   35   36   35   35   36
   37   37   35   32   29   27   27   27   29   28   25   25   27   30   35   42
   50   60   69   78   86   95  104  113  122  131  140  148  154  157  157  154
  149  144  140  136  133  130  127  124  120  117  114  110  106  102   98   96
   93   90   87   84   82   78   75   71   67
    50.0-180.0 180.0   5.0 450.0                            LAT/LON1/LON2/DLON/H
   74   70   66   62   58   55   52   49   46   44   42   39   39   37   35   34
   34   34   31   29   27   26   27   28   30   30   29   30   32   35   41   49
   57   67   75   83   92  100  109  117  126  135  145  153  158  160  160  157
  152  148  145  142  140  138  136  133  130  127  123  118  114  108  103   99
   96   92   91   88   86   84   80   77   74
    47.5-180.0 180.0   5.0 450.0                            LAT/LON1/LON2/DLON/H
   81   78   74   71   69   66   63   60   57   54   51   47   44   41   39   36
   35   34   32   31   30   30   32   35   37   38   38   39   41   44   50   56
   65   74   82   90   98  105  114  123  132  142  150  157  162  163  163  160
  156  153  150  149  147  145  143  141  138  135  132  127  122  116  110  105
  101   98   95   93   91   88   86   84   81
    45.0-180.0 180.0   5.0 450.0                            LAT/LON1/LON2/DLON/H
   87   85   82   80   77   75   73   70   67   64   61   56   53   49   45   42
   40   38   37   37   37   39   42   45   48   49   50   50   51   53   58   65
   73   81   88   96  104  111  120  128  137  146  154  160  165  166  166  164
  161  158  156  155  153  151  148  145  142  140  137  133  128  123  117  112
  107  103  100   97   96   94   92   90   87
    42.5-180.0 180.0   5.0 450.0                            LAT/LON1/LON2/DLON/H
   91   89   87   86   84   82   81   79   77   74   71   67   63   59   54   50
   48   47   47   47   48   50   53   56   59   61   61   59   59   61   65   72
   80   88   95  102  109  116  125  133  142  150  157  164  167  168  169  168
  166  164  161  160  158  154  150  145  141  139  137  134  130  126  121  117
  112  108  105  101  100   98   96   94   91
    40.0-180.0 180.0   5.0 450.0                            LAT/LON1/LON2/DLON/H
   93   90   88   88   86   86   84   84   83   82   79   77   74   70   65   61
   58   58   57   59   60   61   63   65   67   69   68   66   64   66   70   76
   85   93  100  106  113  122  131  138  146  154  160  166  170  171  171  171
  171  170  168  166  163  157  150  144  140  138  136  134  130  127  123  119
  115  111  107  104  102  100   97   95   93
    37.5-180.0 180.0   5.0 450.0                            LAT/LON1/LON2/DLON/H
   90   88   86   86   85   84   84   85   86   86   86   86   85   81   77   72
   70   68   69   69   70   71   71   72   73   73   72   69   67   68   72   78
   87   94  102  108  116  126  135  144  151  157  163  169  173  176  176  177
  178  178  177  175  169  161  152  145  140  139  137  134  131  128  125  122
  117  113  109  104  102   99   96   93   90
    35.0-180.0 180.0   5.0 450.0                            LAT/LON1/LON2/DLON/H
   86   83   82   81   80   80   80   82   85   88   91   92   93   91   88   83
   80   79   77   78   78   78   76   76   74   74   71   68   66   66   71   78
   86   95  102  110  120  130  140  149  155  161  167  172  178  181  184  187
  189  190  191  189  181  170  159  150  146  144  142  140  136  134  131  128
  123  118  113  107  102   98   93   89   86
    32.5-180.0 180.0   5.0 450.0                            LAT/LON1/LON2/DLON/H
   81   78   76   75   73   72   73   77   82   87   92   96   98   98   97   93
   89   86   83   83   82   80   78   75   72   70   68   64   62   63   69   77
   87   96  104  113  123  134  145  153  159  165  171  178  183  189  195  201
  203  208  212  211  203  190  178  169  166  163  159  156  151  147  144  140
  135  129  122  113  106  100   93   87   81
    30.0-180.0 180.0   5.0 450.0                            LAT/LON1/LON2/DLON/H
   81   74   70   68   66   64   64   69   76   82   90   95  100  102  102  100
   95   90   86   83   81   78   76   72   69   66   63   60   58   60   67   77
   87   98  107  117  126  138  148  157  164  170  177  185  192  200  210  218
  225  234  239  241  235  224  211  202  201  197  193  186  179  172  166  160
  153  147  138  126  116  107   98   89   81
    27.5-180.0 180.0   5.0 450.0                            LAT/LON1/LON2/DLON/H
   86   76   69   64   60   58   57   61   69   77   85   93   99  101  103  101
   97   91   85   81   78   75   73   68   65   62   60   57   56   59   66   76
   87   99  109  119  129  140  151  160  169  177  186  196  206  216  228  239
  253  264  274  280  276  268  255  250  249  245  238  228  216  206  196  189
  180  171  161  148  134  121  110   99   86
    25.0-180.0 180.0   5.0 450.0                            LAT/LON1/LON2/DLON/H
   99   85   73   66   60   55   54   56   63   72   80   88   94   97  100   99
   94   88   81   77   74   72   69   66   62   60   58   56   56   59   67   77
   89  100  110  120  131  143  153  164  174  184  196  209  223  236  250  264
  280  297  312  321  319  315  305  301  301  298  290  276  262  249  234  224
  213  203  190  175  160  144  129  114   99
    22.5-180.0 180.0   5.0 450.0                            LAT/LON1/LON2/DLON/H
  115   98   84   72   64   58   55   56   60   68   75   83   88   91   94   93
   90   84   78   73   71   69   67   64   61   59   57   56   57   60   68   77
   89  101  111  122  133  145  156  168  180  194  207  223  241  258  274  292
  310  329  346  358  357  355  345  345  348  348  338  323  308  293  276  262
  252  238  223  206  189  171  153  134  115
    20.0-180.0 180.0   5.0 450.0                            LAT/LON1/LON2/DLON/H
  134  114   96   83   72   65   61   60   61   66   72   78   82   84   86   86
   84   79   74   70   68   67   65   62   60   58   57   56   57   60   67   77
   89  102  113  123  135  147  159  172  187  203  219  239  257  278  298  316
  335  353  369  378  378  375  371  375  381  385  375  358  343  332  317  300
  288  271  262  240  219  198  178  157  134
    17.5-180.0 180.0   5.0 450.0                            LAT/LON1/LON2/DLON/H
  153  131  112   97   84   75   70   67   67   69   72   74   76   78   79   79
   77   74   71   68   66   64   62   60   59   58   57   56   57   60   66   76
   89  101  113  124  136  148  161  176  192  211  231  252  274  295  315  331
  347  361  372  375  374  376  377  382  392  399  392  374  360  354  343  329
  315  302  292  269  247  223  200  178  153
    15.0-180.0 180.0   5.0 450.0                            LAT/LON1/LON2/DLON/H
  169  147  128  113   99   88   80   77   74   73   73   73   73   74   74   73
   72   70   69   67   65   62   61   59   59   58   58   57   56   58   64   75
   88  102  113  125  136  149  163  179  198  220  242  264  288  306  321  332
  343  349  353  356  356  361  364  370  379  386  383  371  360  357  350  338
  327  317  304  285  264  240  217  193  169
    12.5-180.0 180.0   5.0 450.0                            LAT/LON1/LON2/DLON/H
  180  160  142  128  115  101   91   86   82   79   77   75   73   72   71   70
   69   68   68   68   66   63   61   59   58   58   58   57   55   57   63   74
   88  102  114  125  137  150  166  184  205  228  252  275  296  311  319  324
  326  329  330  333  332  339  343  347  354  359  359  353  349  348  344  334
  326  316  305  289  269  246  224  202  180
    10.0-180.0 180.0   5.0 450.0                            LAT/LON1/LON2/DLON/H
  184  167  152  140  128  115  104   96   90   86   83   79   76   73   71   70
   69   69   70   69   67   64   61   59   57   57   57   55   54   55   61   74
   89  102  115  127  139  153  169  187  210  234  258  282  300  310  315  316
  316  316  314  316  317  320  323  327  331  334  335  334  334  336  334  326
  319  309  297  283  266  246  225  205  184
     7.5-180.0 180.0   5.0 450.0                            LAT/LON1/LON2/DLON/H
  187  171  158  148  139  127  117  108  100   94   91   86   82   78   75   73
   72   71   71   70   67   64   61   59   57   56   55   54   52   54   61   74
   90  104  117  129  141  155  171  190  214  237  261  284  300  308  313  313
  314  313  313  314  315  315  315  316  318  319  320  321  323  325  325  319
  311  301  289  275  259  241  224  205  187
     5.0-180.0 180.0   5.0 450.0                            LAT/LON1/LON2/DLON/H
  189  176  164  156  149  139  128  117  110  103   99   93   89   84   80   77
   75   74   73   71   67   64   62   59   57   56   54   52   52   54   62   76
   92  107  120  132  143  157  173  190  213  236  258  280  297  308  316  320
  323  325  325  325  325  323  320  318  317  318  317  318  320  322  321  315
  307  296  283  268  254  237  222  206  189
     2.5-180.0 180.0   5.0 450.0                            LAT/LON1/LON2/DLON/H
  195  183  173  164  157  149  138  128  121  114  107  103   99   91   88   83
   80   78   76   73   69   66   63   61   58   56   54   53   53   56   64   79
   96  110  123  133  144  157  172  189  211  232  254  276  296  312  325  333
  340  344  345  345  343  340  335  332  330  329  328  327  327  327  324  316
  306  294  281  266  252  237  223  208  195
