ionex_files/bejaia/igsg0770.21i
     1.0            IONOSPHERE MAPS     MIX                 IONEX VERSION / TYPE
cmpcmb v1.2          GRL/UWM             1-apr-21 10:18     PGM / RUN BY / DATE 
ionex file containing IGS COMBINED Ionosphere maps          COMMENT             
global ionosphere maps for day 077, 2021                    DESCRIPTION         
IONEX file containing the COMBINED IGS TEC MAPS and DCBs    DESCRIPTION         
      IONEX files of the following IAACs were combined: cod DESCRIPTION         
                                                        esa DESCRIPTION         
                                                        jpl DESCRIPTION         
                                                        upc DESCRIPTION         
Contact address: Andrzej Krankowski                         DESCRIPTION
                 Geodynamics Research Laboratory            DESCRIPTION
                 University of Warmia and Mazury (GRL/UWM)  DESCRIPTION
                 Oczapowski St. 1                           DESCRIPTION
                 10-957-Olsztyn, POLAND                     DESCRIPTION
                 e-mail:  kand@uwm.edu.pl                   DESCRIPTION
                                                            DESCRIPTION         
  2021     3    18     0     0     0                        EPOCH OF FIRST MAP  
  2021     3    19     0     0     0                        EPOCH OF LAST MAP   
  7200                                                      INTERVAL            
    13                                                      # OF MAPS IN FILE   
  COSZ                                                      MAPPING FUNCTION    
     0.0                                                    ELEVATION CUTOFF    
combined TEC calculated as weighted mean of input TEC valuesOBSERVABLES USED    
   372                                                      # OF STATIONS       
    32                                                      # OF SATELLITES     
  6371.0                                                    BASE RADIUS         
     2                                                      MAP DIMENSION       
   450.0 450.0   0.0                                        HGT1 / HGT2 / DHGT  
    87.5 -87.5  -2.5                                        LAT1 / LAT2 / DLAT  
  -180.0 180.0   5.0                                        LON1 / LON2 / DLON  
    -1                                                      EXPONENT            
TEC values in 0.1 tec units;  9999, if no value available   COMMENT             
DCB values in nanoseconds, reference is Sum_of_SatDCBs = 0  COMMENT             
                                                            END OF HEADER       
[from data line 5148]
    13                                                      START OF TEC MAP    
  2021     3    19     0     0     0                        EPOCH OF CURRENT MAP
    87.5-180.0 180.0   5.0 450.0                            LAT/LON1/LON2/DLON/H
   58   58   58   59   59   59   60   60   60   60   60   61   61   61   61   61
   60   60   59   59   58   58   57   55   55   54   53   52   51   50   50   49
   48   47   47   46   46   46   46   45   45   45   45   45   45   45   45   46
   46   46   47   47   48   48   49   49   50   50   51   52   52   53   53   54
   54   55   55   56   56   56   57   57   58
    85.0-180.0 180.0   5.0 450.0                            LAT/LON1/LON2/DLON/H
   61   61   62   63   63   64   64   65   66   67   67   67   68   68   68   68
   68   67   67   66   65   64   62   60   58   56   54   52   51   49   48   47
   45   44   43   42   41   40   39   38   38   38   38   38   39   39   40   41
   41   43   43   44   45   46   47   48   50   50   51   52   53   54   54   55
   56   57   57   57   58   59   59   60   61
    82.5-180.0 180.0   5.0 450.0                            LAT/LON1/LON2/DLON/H
   63   64   65   66   67   69   70   72   74   75   77   77   79   79   79   79
   79   78   76   74   72   70   67   64   61   60   58   56   53   50   48   45
   43   41   39   39   37   36   36   36   36   36   37   37   37   37   37   38
   39   40   42   43   45   46   47   49   50   52   53   54   55   56   57   57
   58   59   59   59   60   61   61   62   63
    80.0-180.0 180.0   5.0 450.0                            LAT/LON1/LON2/DLON/H
   65   66   68   69   71   73   76   78   80   83   84   86   87   88   88   88
   88   87   86   84   82   78   73   69   66   62   58   55   52   50   47   45
   42   40   38   37   36   34   33   33   33   34   35   36   37   37   38   38
   38   40   41   43   44   46   48   49   51   53   55   56   57   58   60   60
   61   61   62   62   62   63   64   65   65
    77.5-180.0 180.0   5.0 450.0                            LAT/LON1/LON2/DLON/H
   68   69   71   73   75   77   80   83   86   89   91   92   93   93   93   93
   92   91   90   88   85   83   78   74   71   65   62   58   54   51   48   45
   43   41   40   38   38   35   34   33   33   33   34   35   36   37   38   38
   38   39   40   42   44   45   47   49   51   53   56   58   59   61   62   63
   63   64   65   65   66   67   67   68   68
    75.0-180.0 180.0   5.0 450.0                            LAT/LON1/LON2/DLON/H
   72   72   74   76   78   81   84   87   91   93   94   96   96   96   96   95
   95   93   92   89   87   82   79   75   71   66   62   58   54   51   47   45
   43   41   39   38   37   36   35   35   35   35   35   36   36   36   37   37
   38   38   39   40   42   44   46   48   50   53   56   58   61   63   64   65
   67   67   68   69   70   70   71   71   72
    72.5-180.0 180.0   5.0 450.0                            LAT/LON1/LON2/DLON/H
   76   76   77   79   81   84   87   90   93   95   96   97   97   97   96   95
   93   91   90   88   84   80   77   73   69   65   60   57   53   50   47   45
   43   42   40   38   38   36   36   35   36   35   35   35   35   35   35   35
   35   36   36   37   39   41   44   46   49   52   56   59   61   64   66   68
   70   71   72   73   74   75   75   76   76
    70.0-180.0 180.0   5.0 450.0                            LAT/LON1/LON2/DLON/H
   80   81   81   82   84   86   89   91   94   95   96   98   97   96   93   91
   88   86   85   82   80   77   73   69   65   62   58   54   51   48   46   45
   43   42   40   38   38   36   34   34   35   35   34   34   33   33   32   32
   32   32   33   34   35   37   40   44   48   51   56   59   63   66   68   71
   73   75   77   79   80   81   81   81   80
    67.5-180.0 180.0   5.0 450.0                            LAT/LON1/LON2/DLON/H
   86   86   85   85   86   88   90   92   94   95   97   97   96   93   90   87
   83   81   80   77   75   72   68   63   60   56   53   50   48   46   45   43
   42   40   39   38   37   34   33   33   33   33   33   32   31   30   29   29
   28   29   29   30   31   34   38   42   47   51   56   60   64   68   71   74
   77   79   82   85   86   87   87   87   86
    65.0-180.0 180.0   5.0 450.0                            LAT/LON1/LON2/DLON/H
   92   91   89   88   88   89   90   92   95   96   96   96   94   92   89   85
   82   80   79   75   72   68   64   59   55   52   49   47   45   43   42   40
   39   38   37   35   34   33   32   31   31   31   30   29   28   27   27   26
   26   25   25   26   28   31   37   42   47   52   57   62   67   71   74   77
   80   83   86   89   91   93   94   93   92
    62.5-180.0 180.0   5.0 450.0                            LAT/LON1/LON2/DLON/H
   98   95   93   91   90   90   91   92   94   95   96   95   94   91   89   86
   84   82   80   77   73   68   63   58   54   49   46   45   42   41   40   38
   36   35   35   33   32   30   29   28   28   28   27   27   27   26   25   24
   24   23   24   25   27   31   38   43   48   53   60   64   70   74   78   81
   84   87   91   94   97   99  100  100   98
    60.0-180.0 180.0   5.0 450.0                            LAT/LON1/LON2/DLON/H
  104  101   97   94   92   90   91   93   94   95   95   95   94   92   90   89
   87   85   82   80   76   71   65   59   54   50   46   44   41   39   38   36
   34   32   32   30   29   27   26   25   26   25   25   25   25   25   25   25
   25   24   25   26   28   33   39   43   49   55   62   68   74   77   82   85
   88   91   95   99  101  104  105  105  104
    57.5-180.0 180.0   5.0 450.0                            LAT/LON1/LON2/DLON/H
  110  108  103  100   95   93   92   93   94   95   95   95   94   93   93   92
   91   88   86   83   79   74   67   61   55   52   48   45   42   39   38   35
   32   31   30   28   27   26   26   26   26   27   27   27   28   28   28   28
   28   28   29   29   31   35   39   44   50   58   67   73   78   82   86   89
   92   95   98  102  106  109  110  111  110
    55.0-180.0 180.0   5.0 450.0                            LAT/LON1/LON2/DLON/H
  117  115  112  107  102   98   95   95   95   95   95   95   95   95   95   96
   95   93   90   86   81   76   70   65   59   56   53   50   45   41   38   35
   33   31   30   29   29   29   30   31   32   32   32   33   33   33   33   34
   34   35   35   35   36   39   42   47   53   61   70   77   83   87   90   93
   95   98  102  105  109  113  115  117  117
    52.5-180.0 180.0   5.0 450.0                            LAT/LON1/LON2/DLON/H
  124  124  121  117  111  106  102  100   98   97   97   97   97   98   99   99
   98   96   93   89   84   78   74   68   64   60   58   55   50   45   40   37
   35   34   33   34   35   36   38   38   40   40   41   41   41   42   42   42
   42   43   44   43   44   45   48   52   57   65   73   79   85   90   93   96
   98  101  105  108  112  116  120  123  124
    50.0-180.0 180.0   5.0 450.0                            LAT/LON1/LON2/DLON/H
  131  132  130  127  123  117  112  108  105  102  100  100  100  101  103  103
  101   99   96   92   87   82   77   73   69   65   63   60   54   50   45   41
   39   38   39   40   42   44   46   47   48   49   50   50   51   51   51   52
   53   54   54   53   52   52   54   57   62   68   75   80   87   91   95   98
  101  105  108  112  116  120  124  128  131
    47.5-180.0 180.0   5.0 450.0                            LAT/LON1/LON2/DLON/H
  135  139  139  138  134  129  124  119  114  109  106  105  104  106  107  106
  105  103   99   96   91   87   83   79   75   71   67   64   59   54   50   46
   44   45   46   48   50   53   55   56   56   57   58   59   59   59   59   61
   63   64   64   62   60   59   60   63   67   73   78   83   87   92   96  101
  105  109  111  116  121  124  128  132  135
    45.0-180.0 180.0   5.0 450.0                            LAT/LON1/LON2/DLON/H
  139  143  146  146  145  140  135  130  124  118  113  110  109  110  111  111
  109  106  104  102   98   94   90   86   81   77   72   67   63   58   54   51
   50   51   53   56   58   61   62   62   62   61   63   64   65   65   66   68
   70   71   71   69   66   65   66   69   74   78   83   87   91   95  100  104
  109  113  117  122  126  129  132  135  139
    42.5-180.0 180.0   5.0 450.0                            LAT/LON1/LON2/DLON/H
  141  145  149  151  150  148  144  139  133  126  120  117  115  116  117  116
  114  112  110  109  106  103   97   91   85   80   75   70   66   61   58   56
   55   57   59   62   65   67   67   65   65   65   66   68   69   71   72   75
   77   78   77   74   71   70   72   75   79   84   88   91   94   98  103  108
  114  119  123  128  131  134  135  137  141
    40.0-180.0 180.0   5.0 450.0                            LAT/LON1/LON2/DLON/H
  141  145  148  152  153  152  150  146  141  134  128  124  123  124  124  124
  122  121  120  118  116  111  103   96   88   81   76   72   67   64   62   60
   60   62   64   67   70   70   70   69   69   70   70   72   75   77   79   81
   84   83   82   78   75   73   75   78   83   88   92   96   99  102  106  112
  118  125  131  136  139  139  139  139  141
    37.5-180.0 180.0   5.0 450.0                            LAT/LON1/LON2/DLON/H
  143  144  147  148  151  152  152  151  147  141  135  131  131  132  133  133
  132  132  131  129  125  118  108   98   89   81   74   70   67   65   64   64
   64   66   68   71   72   71   71   71   72   73   75   77   79   81   83   84
   86   85   84   80   76   75   77   81   86   91   96  100  104  107  111  117
  123  131  140  145  149  149  146  143  143
    35.0-180.0 180.0   5.0 450.0                            LAT/LON1/LON2/DLON/H
  151  149  148  147  148  150  151  152  151  146  142  138  139  141  142  142
  143  144  143  139  133  122  110   99   89   79   72   68   66   65   65   65
   66   68   70   72   72   73   73   73   73   75   77   81   82   84   85   85
   84   84   82   78   75   74   77   82   88   93   98  103  108  113  118  124
  131  139  149  157  162  162  160  155  151
    32.5-180.0 180.0   5.0 450.0                            LAT/LON1/LON2/DLON/H
  168  162  157  152  149  149  150  152  153  150  148  145  145  148  150  151
  153  155  153  148  137  123  109   97   87   78   71   67   66   64   65   65
   67   69   71   73   73   74   74   74   74   75   79   82   84   86   86   83
   82   80   78   74   70   70   75   81   88   93   98  104  111  118  125  131
  139  148  161  172  180  183  180  174  168
    30.0-180.0 180.0   5.0 450.0                            LAT/LON1/LON2/DLON/H
  193  187  177  165  157  153  152  154  155  155  154  151  152  153  156  158
  161  163  162  154  140  123  107   97   89   81   74   71   68   66   66   65
   67   70   72   73   73   75   75   76   77   77   80   82   85   86   85   81
   78   76   72   67   64   65   70   78   86   92   97  103  112  122  131  139
  147  159  175  189  202  207  206  202  193
    27.5-180.0 180.0   5.0 450.0                            LAT/LON1/LON2/DLON/H
  228  218  205  188  174  164  160  160  161  161  160  158  158  158  160  163
  167  170  167  158  141  122  107   99   94   89   83   78   74   71   69   67
   67   70   73   75   75   76   76   76   78   79   80   82   85   85   82   78
   74   71   67   62   59   60   66   76   84   90   95  101  111  123  134  144
  155  171  189  208  227  236  238  236  228
    25.0-180.0 180.0   5.0 450.0                            LAT/LON1/LON2/DLON/H
  269  258  242  222  201  184  175  172  172  172  169  167  165  164  163  166
  170  173  170  161  142  123  112  108  106  103   96   90   83   77   72   69
   69   71   75   77   76   77   76   76   77   78   79   82   84   82   78   72
   69   66   62   58   55   57   64   75   84   90   94   99  110  123  136  150
  163  182  204  228  251  264  272  274  269
    22.5-180.0 180.0   5.0 450.0                            LAT/LON1/LON2/DLON/H
  310  304  287  265  237  214  198  191  189  187  183  179  175  172  168  169
  171  174  172  163  147  131  124  125  126  123  114  105   95   85   77   73
   72   74   79   79   79   76   76   76   76   76   77   80   82   79   73   66
   63   60   58   54   53   55   63   75   85   91   94   99  110  123  137  153
  170  192  218  247  272  289  302  311  310
    20.0-180.0 180.0   5.0 450.0                            LAT/LON1/LON2/DLON/H
  344  346  339  314  281  251  228  217  211  207  202  195  188  181  175  173
  173  175  173  167  155  145  145  149  152  147  135  121  108   95   85   78
   77   79   84   82   80   77   75   74   74   74   75   77   77   74   67   61
   57   56   54   52   50   53   62   74   86   93   96  102  112  125  139  157
  176  200  230  261  287  308  323  338  344
    17.5-180.0 180.0   5.0 450.0                            LAT/LON1/LON2/DLON/H
  363  371  376  357  323  291  263  248  239  231  224  216  205  195  185  180
  179  180  180  176  170  168  173  180  181  172  154  136  119  106   94   86
   85   86   88   87   83   77   73   73   73   72   72   72   71   69   62   56
   53   52   51   49   48   51   60   74   86   95  100  105  115  128  143  161
  183  208  237  266  292  312  330  349  363
    15.0-180.0 180.0   5.0 450.0                            LAT/LON1/LON2/DLON/H
  362  381  392  382  354  323  302  283  271  260  251  239  227  214  203  195
  192  193  194  195  196  198  206  211  207  192  168  144  127  114  103   96
   93   94   95   91   86   78   74   74   73   71   70   69   67   64   59   53
   50   49   49   47   47   50   59   74   87   97  103  110  120  132  148  167
  189  215  241  265  285  300  318  341  362
    12.5-180.0 180.0   5.0 450.0                            LAT/LON1/LON2/DLON/H
  343  369  388  389  373  351  330  314  304  291  278  266  254  239  227  218
  213  214  217  224  228  234  239  237  226  203  173  147  129  118  110  104
  102  103  102   97   90   80   76   75   74   72   69   67   65   62   56   51
   48   47   47   46   46   50   60   74   88   99  107  115  125  137  153  173
  196  221  245  263  275  283  295  318  343
    10.0-180.0 180.0   5.0 450.0                            LAT/LON1/LON2/DLON/H
  318  346  368  378  374  363  353  342  334  321  306  295  281  267  255  246
  242  247  253  262  266  269  266  254  233  202  169  143  128  119  113  111
  110  111  109  103   94   84   79   78   76   73   71   68   64   61   55   51
   48   46   46   45   45   50   61   75   89  100  109  118  129  142  157  178
  202  228  250  262  268  270  276  292  318
     7.5-180.0 180.0   5.0 450.0                            LAT/LON1/LON2/DLON/H
  298  323  346  359  363  362  361  359  356  347  334  323  308  294  285  277
  277  288  303  304  301  298  282  258  226  191  158  135  124  119  116  115
  116  116  114  107   98   88   82   81   80   77   75   71   67   62   57   52
   49   47   46   45   46   51   62   76   90  101  110  120  132  145  162  182
  208  233  255  266  270  265  266  278  298
     5.0-180.0 180.0   5.0 450.0                            LAT/LON1/LON2/DLON/H
  291  310  329  342  349  355  360  365  366  364  356  347  331  320  314  310
  312  327  342  334  325  312  284  248  210  173  143  125  119  117  117  118
  119  119  116  109  101   92   86   86   85   82   79   74   69   64   58   53
   50   49   47   46   47   52   63   76   89   99  108  119  133  148  165  186
  211  238  261  274  277  272  270  277  291
     2.5-180.0 180.0   5.0 450.0                            LAT/LON1/LON2/DLON/H
  303  314  325  333  340  348  358  364  367  367  364  359  350  343  339  338
  340  348  357  348  329  305  270  229  188  153  130  118  116  116  118  117
  118  117  113  107  100   96   91   90   89   87   82   77   72   66   60   54
   52   50   49   48   49   54   63   75   86   96  105  117  132  147  165  186
  211  240  265  283  291  291  288  292  303
