ionex_files/bejaia/igsg0830.21i
     1.0            IONOSPHERE MAPS     MIX                 IONEX VERSION / TYPE
cmpcmb v1.2          GRL/UWM            12-apr-21 05:31     PGM / RUN BY / DATE 
ionex file containing IGS COMBINED Ionosphere maps          COMMENT             
global ionosphere maps for day 083, 2021                    DESCRIPTION         
IONEX file containing the COMBINED IGS TEC MAPS and DCBs    DESCRIPTION         
      IONEX files of the following IAACs were combined: cod DESCRIPTION         
                                                        esa DESCRIPTION         
                                                        jpl DESCRIPTION         
                                                        upc DESCRIPTION         
Contact address: Andrzej Krankowski                         DESCRIPTION
                 Geodynamics Research Laboratory            DESCRIPTION
                 University of Warmia and Mazury (GRL/UWM)  DESCRIPTION
                 Oczapowski St. 1                           DESCRIPTION
                 10-957-Olsztyn, POLAND                     DESCRIPTION
                 e-mail:  kand@uwm.edu.pl                   DESCRIPTION
                                                            DESCRIPTION         
  2021     3    24     0     0     0                        EPOCH OF FIRST MAP  
  2021     3    25     0     0     0                        EPOCH OF LAST MAP   
  7200                                                      INTERVAL            
    13                                                      # OF MAPS IN FILE   
  COSZ                                                      MAPPING FUNCTION    
     0.0                                                    ELEVATION CUTOFF    
combined TEC calculated as weighted mean of input TEC valuesOBSERVABLES USED    
   375                                                      # OF STATIONS       
    32                                                      # OF SATELLITES     
  6371.0                                                    BASE RADIUS         
     2                                                      MAP DIMENSION       
   450.0 450.0   0.0                                        HGT1 / HGT2 / DHGT  
    87.5 -87.5  -2.5                                        LAT1 / LAT2 / DLAT  
  -180.0 180.0   5.0                                        LON1 / LON2 / DLON  
    -1                                                      EXPONENT            
TEC values in 0.1 tec units;  9999, if no value available   COMMENT             
DCB values in nanoseconds, reference is Sum_of_SatDCBs = 0  COMMENT             
                                                            END OF HEADER       
[from data line 4290]
    11                                                      START OF TEC MAP    
  2021     3    24    20     0     0                        EPOCH OF CURRENT MAP
    87.5-180.0 180.0   5.0 450.0                            LAT/LON1/LON2/DLON/H
   58   59   59   59   59   60   60   60   60   60   61   61   60   61   61   61
   60   60   60   60   59   59   58   58   57   57   56   56   55   55   54   53
   53   52   52   51   51   51   50   50   50   50   49   49   49   49   49   49
   49   50   50   50   51   51   51   52   52   53   53   53   54   54   55   55
   56   56   56   56   57   57   58   58   58
    85.0-180.0 180.0   5.0 450.0                            LAT/LON1/LON2/DLON/H
   61   61   62   63   64   64   65   65   66   66   66   66   66   67   67   67
   67   66   66   66   65   64   64   63   62   61   60   58   57   56   55   54
   53   51   50   49   48   47   47   46   46   45   45   44   45   45   45   45
   45   46   46   47   47   48   49   50   51   51   52   53   54   54   55   56
   56   57   57   58   59   59   60   61   61
    82.5-180.0 180.0   5.0 450.0                            LAT/LON1/LON2/DLON/H
   63   63   64   65   66   66   67   68   69   69   70   71   71   72   73   73
   73   73   72   72   71   70   69   68   67   66   64   62   61   59   57   55
   54   52   51   49   48   46   45   44   43   42   42   42   42   42   42   41
   42   42   43   44   44   46   47   48   49   50   50   52   52   53   54   55
   55   56   58   58   59   60   61   62   63
    80.0-180.0 180.0   5.0 450.0                            LAT/LON1/LON2/DLON/H
   61   62   63   64   65   66   67   68   70   71   72   73   75   75   76   77
   77   77   77   77   77   76   74   73   71   70   68   66   64   62   60   58
   56   54   52   50   49   47   46   44   43   41   40   40   39   39   40   40
   41   40   41   41   42   43   44   45   46   47   48   49   49   50   51   52
   53   54   55   56   58   59   59   61   61
    77.5-180.0 180.0   5.0 450.0                            LAT/LON1/LON2/DLON/H
   59   59   60   62   63   64   66   67   69   70   72   74   75   76   77   79
   79   79   80   79   80   79   79   78   76   74   72   70   68   65   63   60
   58   56   54   53   50   49   47   45   44   42   41   39   38   38   38   39
   39   39   39   39   40   41   42   42   43   43   44   44   45   45   46   48
   49   50   52   53   54   56   57   58   59
    75.0-180.0 180.0   5.0 450.0                            LAT/LON1/LON2/DLON/H
   56   57   58   59   61   62   63   65   67   69   70   72   74   76   77   79
   79   79   81   80   81   81   81   80   78   76   75   72   69   67   64   62
   60   57   55   53   51   49   47   46   44   42   40   38   37   36   36   36
   36   37   37   37   38   38   38   38   38   38   38   38   38   39   40   41
   42   44   46   48   50   52   54   55   56
    72.5-180.0 180.0   5.0 450.0                            LAT/LON1/LON2/DLON/H
   55   56   57   58   59   61   62   63   65   67   69   71   73   75   76   77
   78   78   78   80   80   81   81   80   78   77   75   73   69   66   64   61
   59   57   56   53   51   48   46   44   42   40   38   36   35   33   33   33
   33   34   34   35   35   35   34   34   33   32   32   32   32   32   32   34
   36   38   41   44   47   49   51   53   55
    70.0-180.0 180.0   5.0 450.0                            LAT/LON1/LON2/DLON/H
   55   57   58   58   60   61   62   63   65   66   68   70   72   73   75   76
   76   76   78   77   78   80   79   79   78   76   74   71   68   65   63   60
   58   56   54   52   50   47   44   42   39   37   35   33   31   30   30   30
   29   30   30   31   31   30   29   29   27   26   26   25   25   25   26   27
   30   33   37   41   45   48   51   53   55
    67.5-180.0 180.0   5.0 450.0                            LAT/LON1/LON2/DLON/H
   58   59   61   61   62   63   64   65   66   67   69   70   71   72   73   74
   74   75   75   75   76   78   78   77   76   75   73   71   68   64   61   59
   57   54   53   51   49   46   42   39   36   34   31   30   28   27   26   26
   26   26   26   26   26   25   25   24   23   22   21   21   21   21   22   24
   27   31   34   39   44   48   52   55   58
    65.0-180.0 180.0   5.0 450.0                            LAT/LON1/LON2/DLON/H
   62   63   65   66   66   67   67   68   68   69   70   71   71   72   72   73
   74   74   73   74   75   76   76   76   76   74   73   71   67   64   61   59
   56   54   52   50   47   43   40   37   33   30   28   26   25   24   24   24
   24   23   23   23   23   22   21   21   20   20   20   20   20   20   21   23
   26   30   35   40   46   51   55   59   62
    62.5-180.0 180.0   5.0 450.0                            LAT/LON1/LON2/DLON/H
   67   69   70   71   72   72   72   72   72   71   71   72   72   72   73   73
   74   73   74   74   75   77   77   77   76   75   74   72   68   66   62   60
   57   55   52   50   47   43   38   34   31   28   27   25   25   24   24   24
   24   24   24   23   22   22   21   21   21   21   22   22   22   23   24   26
   28   33   37   43   49   55   60   64   67
    60.0-180.0 180.0   5.0 450.0                            LAT/LON1/LON2/DLON/H
   72   74   75   76   76   77   77   76   75   74   73   73   73   73   74   75
   75   75   75   76   77   78   79   79   78   78   77   75   72   70   66   63
   61   58   54   51   47   43   39   35   32   30   28   28   27   28   27   28
   28   27   26   26   25   25   24   24   25   25   27   27   28   29   29   31
   33   36   41   46   54   60   65   69   72
    57.5-180.0 180.0   5.0 450.0                            LAT/LON1/LON2/DLON/H
   76   78   79   80   81   81   81   80   79   77   75   74   74   74   75   77
   78   78   79   79   81   81   82   82   82   82   81   80   78   76   73   70
   67   63   59   55   50   46   42   38   36   34   34   33   33   34   33   33
   33   32   32   31   30   30   30   30   31   32   33   35   36   36   37   38
   39   41   46   51   58   64   69   73   76
    55.0-180.0 180.0   5.0 450.0                            LAT/LON1/LON2/DLON/H
   79   81   83   84   85   85   85   84   82   80   77   76   75   76   78   79
   81   82   83   84   84   84   85   87   87   87   87   87   86   84   82   79
   74   70   65   60   55   51   47   45   43   42   42   41   41   41   41   40
   40   39   38   38   37   38   37   38   39   39   41   43   44   44   44   44
   46   47   50   56   61   67   73   76   79
    52.5-180.0 180.0   5.0 450.0                            LAT/LON1/LON2/DLON/H
   83   85   86   88   90   90   90   89   87   84   81   79   78   79   81   83
   85   86   88   88   88   89   89   91   92   93   93   95   95   93   91   88
   83   78   71   66   61   57   55   53   52   51   51   50   50   49   49   48
   47   46   46   46   46   46   45   46   46   47   49   50   50   50   50   50
   51   52   54   59   65   71   76   80   83
    50.0-180.0 180.0   5.0 450.0                            LAT/LON1/LON2/DLON/H
   86   89   91   94   96   97   97   95   93   90   87   85   84   84   85   87
   90   92   93   93   93   94   94   95   97   98   99  101  103  102   99   96
   90   84   77   71   67   64   62   62   61   61   60   59   58   57   56   55
   54   54   54   55   55   54   54   54   54   54   55   56   57   56   54   54
   54   55   57   61   68   74   79   83   86
    47.5-180.0 180.0   5.0 450.0                            LAT/LON1/LON2/DLON/H
   91   94   98  101  103  104  105  105  103  100   97   95   93   92   92   93
   95   98   99   99  100  100  100  101  102  104  106  108  110  109  107  102
   97   89   82   76   72   71   70   70   70   70   68   66   65   64   62   62
   62   62   63   63   63   63   63   62   62   61   61   61   61   60   59   57
   56   57   59   65   71   77   82   86   91
    45.0-180.0 180.0   5.0 450.0                            LAT/LON1/LON2/DLON/H
   96  101  106  110  113  115  116  116  115  113  110  108  105  103  101  102
  103  105  106  108  108  108  108  109  110  111  113  115  116  115  112  108
  101   93   86   80   77   76   77   77   76   75   73   71   70   69   69   69
   70   72   73   73   72   72   71   69   68   66   66   65   64   64   62   60
   59   59   62   66   72   78   85   91   96
    42.5-180.0 180.0   5.0 450.0                            LAT/LON1/LON2/DLON/H
  102  109  116  121  125  128  130  130  129  129  127  124  120  116  113  112
  112  114  115  116  117  118  118  119  119  120  121  122  122  119  116  112
  105   98   90   84   82   81   82   82   80   79   76   76   74   75   76   77
   79   80   81   81   80   79   76   74   71   70   69   67   67   66   64   62
   61   61   65   70   75   82   89   96  102
    40.0-180.0 180.0   5.0 450.0                            LAT/LON1/LON2/DLON/H
  109  118  126  133  138  142  145  147  146  146  145  142  137  132  127  124
  123  124  125  127  127  128  129  129  130  131  130  130  128  124  120  116
  110  102   95   89   86   85   85   85   83   81   79   79   80   81   83   84
   86   87   88   88   86   83   80   77   74   72   71   69   68   67   65   63
   62   63   67   73   81   87   95  102  109
    37.5-180.0 180.0   5.0 450.0                            LAT/LON1/LON2/DLON/H
  117  127  137  145  152  157  160  162  164  164  164  161  155  149  142  137
  135  135  135  137  138  139  140  141  141  141  140  138  135  131  127  122
  118  111  104   97   93   91   89   88   86   84   83   83   85   86   88   90
   91   91   91   91   88   85   81   78   75   73   72   70   69   67   66   64
   63   65   70   77   85   93  100  108  117
    35.0-180.0 180.0   5.0 450.0                            LAT/LON1/LON2/DLON/H
  124  135  146  157  165  170  175  178  181  184  184  180  173  166  157  151
  147  146  146  146  147  148  150  151  151  151  150  149  145  140  137  134
  130  125  118  110  104   98   95   92   88   87   86   88   90   91   93   92
   93   92   91   89   87   83   80   77   75   73   70   69   68   67   65   64
   64   67   72   81   89   97  105  114  124
    32.5-180.0 180.0   5.0 450.0                            LAT/LON1/LON2/DLON/H
  130  142  155  167  177  183  188  193  197  200  202  197  190  182  173  165
  160  157  155  154  154  155  157  158  159  161  161  160  157  153  151  150
  148  145  137  127  117  108  101   96   92   90   90   92   94   95   94   92
   92   88   87   85   82   79   77   75   73   71   69   68   67   65   64   63
   64   67   74   84   93  103  110  119  130
    30.0-180.0 180.0   5.0 450.0                            LAT/LON1/LON2/DLON/H
  136  149  163  176  188  197  204  209  214  217  217  213  206  198  187  178
  172  167  163  160  158  159  161  164  166  169  171  171  170  169  170  171
  172  169  160  146  132  119  108  100   96   94   94   96   96   95   93   88
   86   83   81   79   76   75   74   74   72   70   68   66   65   64   62   62
   62   66   74   85   96  107  116  125  136
    27.5-180.0 180.0   5.0 450.0                            LAT/LON1/LON2/DLON/H
  143  157  172  186  200  212  221  227  231  233  234  229  222  214  203  192
  185  178  172  167  164  163  164  167  172  177  181  183  185  187  191  195
  199  197  185  167  148  130  116  107  100   98   99   99   98   93   88   82
   79   76   75   73   72   71   71   71   71   68   66   64   63   61   60   59
   60   64   73   86   99  111  121  131  143
    25.0-180.0 180.0   5.0 450.0                            LAT/LON1/LON2/DLON/H
  152  167  182  198  214  228  241  247  250  252  254  249  240  232  221  210
  198  190  183  176  172  170  170  174  179  185  191  195  200  206  215  224
  231  228  213  192  172  144  128  116  106  102  103  104  100   92   84   77
   73   72   72   71   70   69   70   70   69   67   64   61   60   59   58   57
   58   62   72   86  101  114  125  138  152
    22.5-180.0 180.0   5.0 450.0                            LAT/LON1/LON2/DLON/H
  159  176  193  211  228  246  259  268  273  274  276  274  265  256  243  231
  216  206  198  192  186  182  181  184  190  197  202  209  216  226  240  254
  265  261  240  215  191  161  141  127  112  107  110  111  104   93   82   74
   71   70   71   72   72   71   71   70   68   65   62   59   57   56   55   54
   55   59   71   86  103  117  130  143  159
    20.0-180.0 180.0   5.0 450.0                            LAT/LON1/LON2/DLON/H
  165  184  204  223  243  262  278  291  298  299  300  299  293  284  270  258
  242  230  222  216  209  205  201  202  206  211  217  225  235  247  265  283
  297  289  261  234  207  179  156  135  120  116  119  119  110   97   85   76
   74   74   73   75   76   76   74   71   68   64   60   56   54   53   52   51
   52   57   69   87  104  120  134  148  165
    17.5-180.0 180.0   5.0 450.0                            LAT/LON1/LON2/DLON/H
  171  191  213  234  256  278  297  313  321  323  324  326  323  315  302  290
  272  262  254  249  242  237  230  227  225  228  233  242  253  268  287  305
  317  305  275  244  211  185  162  143  132  130  133  130  120  107   96   88
   85   84   81   81   82   80   77   73   69   64   59   55   53   52   50   49
   49   55   67   86  106  124  139  154  171
    15.0-180.0 180.0   5.0 450.0                            LAT/LON1/LON2/DLON/H
  179  199  221  245  268  292  313  331  343  346  348  353  354  349  337  324
  310  303  295  292  285  279  268  258  251  248  251  261  272  286  302  319
  325  310  280  244  210  186  168  156  149  149  150  145  135  123  115  111
  109  101   94   90   88   85   81   76   69   64   58   54   52   50   49   48
   48   53   66   85  107  127  144  160  179
    12.5-180.0 180.0   5.0 450.0                            LAT/LON1/LON2/DLON/H
  186  207  230  253  278  305  328  346  359  365  372  380  382  383  372  361
  352  348  343  343  336  327  311  295  280  271  270  279  289  301  313  326
  328  311  277  241  213  193  181  174  168  167  167  163  154  146  142  138
  134  121  110  102   96   91   86   79   71   64   57   53   51   50   49   48
   48   52   65   85  108  130  148  166  186
    10.0-180.0 180.0   5.0 450.0                            LAT/LON1/LON2/DLON/H
  193  214  237  261  287  314  337  355  369  377  387  400  412  413  409  398
  394  396  395  397  390  377  357  334  311  296  291  297  305  313  321  328
  327  307  276  244  219  205  199  194  189  186  183  180  176  172  168  161
  155  137  125  113  104   96   89   80   71   62   57   52   50   49   49   48
   48   51   65   86  110  132  152  171  193
     7.5-180.0 180.0   5.0 450.0                            LAT/LON1/LON2/DLON/H
  198  220  244  268  292  317  340  359  373  384  395  412  429  439  440  434
  433  441  444  448  442  426  401  371  343  323  314  315  318  322  327  330
  324  305  276  250  233  223  218  215  209  205  203  200  199  194  187  174
  165  148  134  120  108   98   89   79   70   61   55   51   49   49   49   48
   48   52   65   86  110  134  155  176  198
     5.0-180.0 180.0   5.0 450.0                            LAT/LON1/LON2/DLON/H
  202  225  249  273  298  321  340  357  369  382  395  412  432  449  456  459
  465  475  484  491  485  467  438  405  374  351  336  333  332  332  333  330
  320  302  279  260  248  240  236  234  230  224  221  218  215  208  196  180
  169  150  135  121  107   96   86   76   68   60   54   50   49   49   50   49
   49   53   67   87  111  135  157  179  202
     2.5-180.0 180.0   5.0 450.0                            LAT/LON1/LON2/DLON/H
  204  227  253  281  305  327  342  354  364  374  386  402  423  441  452  463
  477  493  509  519  515  495  467  432  400  375  357  347  342  339  335  328
  315  299  282  269  258  253  251  248  243  237  230  225  220  210  196  179
  167  145  131  116  103   91   81   72   64   58   52   49   48   49   50   50
   50   54   67   88  112  135  158  180  204
