ionex_files/bejaia/igsg0780.21i
     1.0            IONOSPHERE MAPS     MIX                 IONEX VERSION / TYPE
cmpcmb v1.2          GRL/UWM             1-apr-21 10:24     PGM / RUN BY / DATE 
ionex file containing IGS COMBINED Ionosphere maps          COMMENT             
global ionosphere maps for day 078, 2021                    DESCRIPTION         
IONEX file containing the COMBINED IGS TEC MAPS and DCBs    DESCRIPTION         
      IONEX files of the following IAACs were combined: cod DESCRIPTION         
                                                        esa DESCRIPTION         
                                                        jpl DESCRIPTION         
                                                        upc DESCRIPTION         
Contact address: Andrzej Krankowski                         DESCRIPTION
                 Geodynamics Research Laboratory            DESCRIPTION
                 University of Warmia and Mazury (GRL/UWM)  DESCRIPTION
                 Oczapowski St. 1                           DESCRIPTION
                 10-957-Olsztyn, POLAND                     DESCRIPTION
                 e-mail:  kand@uwm.edu.pl                   DESCRIPTION
                                                            DESCRIPTION         
  2021     3    19     0     0     0                        EPOCH OF FIRST MAP  
  2021     3    20     0     0     0                        EPOCH OF LAST MAP   
  7200                                                      INTERVAL            
    13                                                      # OF MAPS IN FILE   
  COSZ                                                      MAPPING FUNCTION    
     0.0                                                    ELEVATION CUTOFF    
combined TEC calculated as weighted mean of input TEC valuesOBSERVABLES USED    
   369                                                      # OF STATIONS       
    32                                                      # OF SATELLITES     
  6371.0                                                    BASE RADIUS         
     2                                                      MAP DIMENSION       
   450.0 450.0   0.0                                        HGT1 / HGT2 / DHGT  
    87.5 -87.5  -2.5                                        LAT1 / LAT2 / DLAT  
  -180.0 180.0   5.0                                        LON1 / LON2 / DLON  
    -1                                                      EXPONENT            
TEC values in 0.1 tec units;  9999, if no value available   COMMENT             
DCB values in nanoseconds, reference is Sum_of_SatDCBs = 0  COMMENT             
                                                            END OF HEADER       
[from data line 3432]
     9                                                      START OF TEC MAP    
  2021     3    19    16     0     0                        EPOCH OF CURRENT MAP
    87.5-180.0 180.0   5.0 450.0                            LAT/LON1/LON2/DLON/H
   66   67   67   67   68   68   68   69   69   69   69   69   69   69   69   69
   69   69   69   69   68   69   68   68   68   67   66   66   65   65   64   64
   63   63   62   62   61   61   60   60   60   60   60   59   60   60   60   60
   60   60   60   60   60   60   61   61   61   62   62   62   63   63   64   63
   64   64   65   65   65   65   66   66   66
    85.0-180.0 180.0   5.0 450.0                            LAT/LON1/LON2/DLON/H
   66   67   68   68   69   70   70   71   71   72   73   73   73   74   74   74
   73   73   73   72   72   72   71   70   69   68   68   67   66   64   63   62
   61   60   59   58   57   57   56   55   55   55   54   53   53   53   54   53
   54   54   55   56   56   57   57   58   58   59   59   60   60   60   61   61
   62   62   63   63   64   65   65   66   66
    82.5-180.0 180.0   5.0 450.0                            LAT/LON1/LON2/DLON/H
   63   63   64   65   67   68   69   70   71   72   73   74   75   75   76   76
   76   76   76   76   75   75   74   73   72   71   70   68   67   65   64   63
   61   59   58   57   55   54   53   52   51   51   50   49   49   49   49   49
   49   50   51   51   52   53   54   54   55   56   56   56   57   57   58   58
   58   59   59   59   60   60   61   61   63
    80.0-180.0 180.0   5.0 450.0                            LAT/LON1/LON2/DLON/H
   55   57   58   60   62   64   65   67   69   71   73   75   76   77   77   78
   78   78   78   78   78   77   77   76   75   74   72   71   70   68   67   65
   63   61   59   58   56   54   52   51   50   48   47   46   45   45   45   45
   45   46   47   48   49   50   50   51   52   53   53   53   53   53   54   53
   53   53   53   53   53   53   54   54   55
    77.5-180.0 180.0   5.0 450.0                            LAT/LON1/LON2/DLON/H
   47   49   51   53   55   58   60   63   66   68   70   72   73   75   76   78
   78   79   80   81   81   81   81   81   79   78   77   75   74   72   70   68
   66   64   62   60   58   56   54   52   50   48   46   44   43   43   43   42
   42   43   44   44   45   47   47   48   48   49   49   49   48   48   48   48
   47   47   46   46   45   45   45   46   47
    75.0-180.0 180.0   5.0 450.0                            LAT/LON1/LON2/DLON/H
   40   41   43   46   49   51   55   57   60   63   66   69   72   73   75   77
   78   80   81   82   83   84   84   84   83   82   80   79   77   75   73   72
   69   67   65   64   61   59   56   54   52   50   48   45   43   41   41   40
   41   41   41   42   43   43   44   44   44   43   43   43   43   42   42   42
   41   41   40   39   39   38   38   39   40
    72.5-180.0 180.0   5.0 450.0                            LAT/LON1/LON2/DLON/H
   34   35   37   39   42   45   49   52   55   58   62   65   67   70   73   74
   76   78   81   82   84   86   87   87   87   85   83   82   80   78   76   74
   73   71   69   67   65   62   59   57   55   52   50   47   44   43   41   40
   39   39   39   39   40   40   40   40   39   39   37   37   37   36   36   36
   36   36   35   34   34   33   33   34   34
    70.0-180.0 180.0   5.0 450.0                            LAT/LON1/LON2/DLON/H
   31   32   34   36   39   42   45   48   51   54   57   60   64   67   69   72
   75   78   80   83   85   87   89   89   89   87   85   84   82   79   78   77
   75   74   73   72   69   66   63   61   59   56   54   50   48   45   43   41
   40   38   37   36   37   36   36   35   34   33   32   31   31   31   31   31
   31   31   31   31   31   31   31   31   31
    67.5-180.0 180.0   5.0 450.0                            LAT/LON1/LON2/DLON/H
   31   32   33   35   37   40   43   46   49   52   55   58   61   64   67   71
   74   77   81   83   86   87   89   90   89   88   86   84   82   80   79   78
   77   77   76   74   72   70   68   65   62   60   57   55   52   50   47   44
   42   39   37   35   35   34   33   31   30   28   27   26   26   27   27   28
   29   30   31   30   30   31   31   30   31
    65.0-180.0 180.0   5.0 450.0                            LAT/LON1/LON2/DLON/H
   33   33   35   36   38   41   44   46   49   51   54   57   60   64   67   71
   74   77   80   83   85   87   89   89   88   87   86   84   82   80   79   78
   78   79   78   77   75   74   72   69   66   64   61   59   57   55   52   48
   45   41   38   36   34   32   31   29   27   26   24   24   24   25   27   28
   29   31   32   32   33   33   33   33   33
    62.5-180.0 180.0   5.0 450.0                            LAT/LON1/LON2/DLON/H
   37   37   38   39   41   43   45   47   50   52   54   58   61   64   69   72
   76   79   81   83   85   86   88   88   88   87   85   84   82   81   80   80
   81   82   81   80   78   76   74   73   70   68   66   64   63   60   56   52
   47   43   41   38   36   33   31   29   27   26   25   24   25   26   28   30
   32   34   35   36   36   37   37   37   37
    60.0-180.0 180.0   5.0 450.0                            LAT/LON1/LON2/DLON/H
   42   41   42   44   45   46   48   50   52   54   57   60   64   67   71   75
   78   81   82   83   84   86   87   87   87   87   86   85   85   84   84   85
   86   86   85   84   82   80   78   76   74   73   72   70   68   65   61   56
   52   47   44   42   38   36   33   31   30   29   28   28   28   31   32   34
   36   38   39   40   40   41   41   41   42
    57.5-180.0 180.0   5.0 450.0                            LAT/LON1/LON2/DLON/H
   46   46   46   48   49   51   52   54   56   58   60   63   67   70   74   78
   82   83   85   85   85   87   88   88   88   89   89   90   90   91   92   93
   94   93   91   89   87   84   82   81   80   79   78   76   74   70   66   62
   58   53   50   47   43   40   37   36   35   34   34   35   35   37   38   40
   41   43   44   45   46   46   46   46   46
    55.0-180.0 180.0   5.0 450.0                            LAT/LON1/LON2/DLON/H
   50   50   51   52   53   55   56   58   60   62   65   68   72   75   80   83
   86   88   89   88   88   89   90   91   92   94   95   97   98  100  102  103
  103  101   98   95   92   89   88   86   86   86   85   83   80   76   72   69
   65   61   58   53   49   47   45   44   43   43   43   44   44   45   46   47
   47   48   49   50   52   52   51   51   50
    52.5-180.0 180.0   5.0 450.0                            LAT/LON1/LON2/DLON/H
   55   54   55   56   57   59   61   62   64   67   71   74   77   81   85   88
   92   93   94   94   93   94   95   96   99  101  104  107  108  110  112  113
  112  110  106  102   98   95   94   94   94   95   94   91   87   83   79   76
   72   69   66   62   58   55   54   54   53   54   54   55   54   54   54   55
   54   54   55   57   58   58   57   56   55
    50.0-180.0 180.0   5.0 450.0                            LAT/LON1/LON2/DLON/H
   60   59   59   60   60   62   64   66   69   73   76   80   84   87   91   95
   98  100  100  100  100  101  102  105  108  111  114  116  118  120  122  123
  120  116  112  108  104  102  102  103  104  105  103  100   96   91   87   83
   80   77   75   71   68   66   64   63   63   64   65   65   65   64   63   63
   62   61   62   62   64   65   64   62   60
    47.5-180.0 180.0   5.0 450.0                            LAT/LON1/LON2/DLON/H
   66   64   63   64   63   64   68   71   75   79   83   87   91   94   98  101
  104  106  107  108  108  110  112  115  119  122  124  126  127  129  129  129
  126  122  118  114  111  110  111  113  116  117  116  112  106  100   96   92
   89   87   84   81   78   75   74   72   72   72   73   73   73   73   72   71
   70   70   69   69   70   71   70   68   66
    45.0-180.0 180.0   5.0 450.0                            LAT/LON1/LON2/DLON/H
   72   69   67   66   65   66   72   76   82   86   90   94   97  100  103  106
  110  112  114  116  117  119  124  127  131  134  135  136  135  134  134  133
  131  128  124  122  121  122  123  125  129  130  128  123  117  110  104  100
   99   97   95   92   89   85   82   79   79   78   78   78   78   78   78   78
   78   78   77   77   76   75   75   74   72
    42.5-180.0 180.0   5.0 450.0                            LAT/LON1/LON2/DLON/H
   77   74   70   68   67   69   75   81   87   92   97  100  104  107  110  112
  115  118  121  123  126  130  135  139  144  145  144  143  141  139  138  138
  137  136  136  136  138  139  140  141  143  144  142  136  129  121  114  110
  108  107  104  101   98   93   89   86   84   83   83   82   82   81   82   83
   84   84   84   83   82   80   80   79   77
    40.0-180.0 180.0   5.0 450.0                            LAT/LON1/LON2/DLON/H
   80   77   73   70   69   71   78   85   92   99  104  108  111  114  116  118
  121  123  127  130  134  139  144  150  155  156  153  151  148  145  145  146
  148  150  153  158  162  161  160  158  159  158  155  150  142  132  124  119
  116  114  111  107  103   98   94   91   87   86   86   85   85   84   85   86
   88   88   88   86   85   84   83   82   80
    37.5-180.0 180.0   5.0 450.0                            LAT/LON1/LON2/DLON/H
   81   78   75   71   70   73   79   88   97  104  110  115  118  121  123  124
  126  129  132  136  140  146  153  160  165  166  163  160  157  155  156  160
  164  171  179  187  193  191  184  179  177  175  171  165  155  143  132  125
  121  118  115  111  105  100   96   93   89   86   87   85   85   85   86   88
   89   90   88   86   85   84   83   83   81
    35.0-180.0 180.0   5.0 450.0                            LAT/LON1/LON2/DLON/H
   79   77   74   71   70   73   79   90  100  109  116  122  126  129  131  132
  133  134  138  141  146  151  159  168  174  175  173  170  170  170  175  180
  189  200  214  224  231  227  215  204  197  191  186  179  167  153  140  130
  123  119  116  111  106  100   97   94   90   87   86   85   84   84   85   87
   88   89   87   84   82   81   80   80   79
    32.5-180.0 180.0   5.0 450.0                            LAT/LON1/LON2/DLON/H
   75   74   72   70   68   70   78   89  101  111  120  126  132  136  139  140
  140  141  144  147  150  155  163  172  180  183  184  184  187  191  200  208
  220  236  252  267  274  270  250  232  217  208  199  190  178  162  145  132
  124  119  114  109  104  100   97   95   92   88   85   83   82   82   83   84
   86   86   84   80   76   75   75   75   75
    30.0-180.0 180.0   5.0 450.0                            LAT/LON1/LON2/DLON/H
   69   70   68   66   65   66   74   87  100  111  121  129  136  143  146  148
  149  149  150  153  155  159  165  173  182  189  193  198  206  217  230  242
  257  273  292  310  319  313  291  263  239  223  213  202  188  169  150  135
  127  119  112  107  102   99   97   96   94   90   86   84   82   81   82   83
   83   83   80   76   71   69   69   69   69
    27.5-180.0 180.0   5.0 450.0                            LAT/LON1/LON2/DLON/H
   64   65   64   62   61   62   69   82   97  110  120  130  139  147  153  156
  157  158  159  161  162  164  168  174  184  193  201  212  227  247  262  276
  292  309  329  351  364  355  329  289  255  237  224  213  197  176  157  142
  132  123  113  106  101   98   97   97   95   92   88   85   83   82   81   82
   82   80   77   72   67   64   64   64   64
    25.0-180.0 180.0   5.0 450.0                            LAT/LON1/LON2/DLON/H
   61   62   62   60   58   58   65   78   93  107  119  129  140  150  158  163
  165  167  169  171  171  171  173  178  186  197  209  226  247  272  293  306
  321  339  361  387  399  384  351  300  266  247  233  221  205  185  167  152
  139  130  118  109  102   99   98   98   97   95   91   87   86   84   83   83
   83   81   76   70   66   63   62   61   61
    22.5-180.0 180.0   5.0 450.0                            LAT/LON1/LON2/DLON/H
   59   60   61   59   57   57   61   74   89  103  116  128  140  153  163  170
  173  177  181  184  183  181  180  184  191  203  218  239  264  292  315  328
  342  358  380  404  411  393  353  303  273  258  245  233  217  195  178  162
  149  138  125  114  107  103  102  101   99   97   94   91   90   88   86   85
   85   84   78   73   68   64   62   60   59
    20.0-180.0 180.0   5.0 450.0                            LAT/LON1/LON2/DLON/H
   59   58   59   58   57   56   62   73   88  101  114  127  140  155  167  175
  181  188  194  199  198  194  191  191  196  208  226  251  278  306  331  344
  355  364  382  398  403  385  347  306  280  268  261  252  230  209  191  174
  159  147  134  122  115  110  108  106  103  100   97   95   95   91   90   89
   88   88   83   78   72   68   64   61   59
    17.5-180.0 180.0   5.0 450.0                            LAT/LON1/LON2/DLON/H
   60   59   58   58   57   57   62   75   90  103  115  128  142  157  170  181
  189  198  207  215  214  209  202  199  202  214  233  260  290  317  341  353
  359  364  372  379  379  365  339  310  292  284  284  269  245  223  204  187
  171  158  144  133  126  121  117  113  108  104  101   99   99   96   94   93
   92   92   89   83   78   74   69   64   60
    15.0-180.0 180.0   5.0 450.0                            LAT/LON1/LON2/DLON/H
   63   60   59   57   56   58   64   77   93  107  119  131  145  160  174  186
  197  208  221  230  231  224  215  209  211  221  241  269  299  325  344  354
  357  358  359  360  355  343  329  315  305  300  300  281  257  235  217  200
  185  172  159  148  141  134  128  123  116  110  105  103  103  101   99   97
   97   96   92   88   83   79   73   68   63
    12.5-180.0 180.0   5.0 450.0                            LAT/LON1/LON2/DLON/H
   66   61   59   58   57   58   66   79   96  111  123  136  149  164  179  193
  206  220  234  246  248  241  230  222  221  230  250  278  308  329  344  352
  351  348  345  342  335  328  323  319  311  308  305  287  265  246  228  212
  200  189  176  164  156  149  142  134  126  118  112  109  108  105  103  101
   99   98   95   91   87   82   77   71   66
    10.0-180.0 180.0   5.0 450.0                            LAT/LON1/LON2/DLON/H
   68   63   60   58   56   58   66   81   98  115  128  141  154  170  186  201
  216  232  248  259  263  257  245  236  233  241  261  289  315  335  347  350
  348  342  336  331  323  321  322  322  315  312  306  294  274  255  239  223
  214  204  192  180  171  162  154  145  136  127  119  115  113  110  107  103
  101   98   95   91   88   84   79   74   68
     7.5-180.0 180.0   5.0 450.0                            LAT/LON1/LON2/DLON/H
   68   63   60   57   56   58   66   81   99  117  132  146  160  177  192  210
  226  243  260  272  276  270  260  251  246  254  274  299  324  342  351  353
  349  343  335  327  324  323  326  331  328  323  314  300  281  264  248  233
  224  216  204  192  181  172  163  154  145  135  127  121  118  114  109  104
  101   98   94   90   86   83   79   75   68
     5.0-180.0 180.0   5.0 450.0                            LAT/LON1/LON2/DLON/H
   68   63   59   56   55   58   65   82  100  118  135  151  165  183  200  219
  236  253  271  282  286  281  271  265  259  267  286  310  332  347  355  359
  357  352  344  339  338  338  341  343  341  335  324  308  289  273  256  241
  232  222  210  198  187  176  166  158  149  140  131  125  121  115  109  104
  100   96   91   87   83   80   78   74   68
     2.5-180.0 180.0   5.0 450.0                            LAT/LON1/LON2/DLON/H
   67   62   58   55   54   57   66   81  100  120  137  153  170  187  207  227
  245  262  279  290  294  290  280  273  269  278  297  317  336  349  357  363
  365  364  361  359  358  359  360  360  354  345  332  316  296  279  263  248
  233  220  208  196  184  174  164  156  149  139  131  125  120  114  108  102
   98   94   89   84   79   76   74   71   67
