ionex_files/bejaia/igsg0890.21i
     1.0            IONOSPHERE MAPS     MIX                 IONEX VERSION / TYPE
cmpcmb v1.2          GRL/UWM            15-apr-21 05:46     PGM / RUN BY / DATE 
ionex file containing IGS COMBINED Ionosphere maps          COMMENT             
global ionosphere maps for day 089, 2021                    DESCRIPTION         
IONEX file containing the COMBINED IGS TEC MAPS and DCBs    DESCRIPTION         
      IONEX files of the following IAACs were combined: cod DESCRIPTION         
                                                        esa DESCRIPTION         
                                                        jpl DESCRIPTION         
                                                        upc DESCRIPTION         
Contact address: Andrzej Krankowski                         DESCRIPTION
                 Geodynamics Research Laboratory            DESCRIPTION
                 University of Warmia and Mazury (GRL/UWM)  DESCRIPTION
                 Oczapowski St. 1                           DESCRIPTION
                 10-957-Olsztyn, POLAND                     DESCRIPTION
                 e-mail:  kand@uwm.edu.pl                   DESCRIPTION
                                                            DESCRIPTION         
  2021     3    30     0     0     0                        EPOCH OF FIRST MAP  
  2021     3    31     0     0     0                        EPOCH OF LAST MAP   
  7200                                                      INTERVAL            
    13                                                      # OF MAPS IN FILE   
  COSZ                                                      MAPPING FUNCTION    
     0.0                                                    ELEVATION CUTOFF    
combined TEC calculated as weighted mean of input TEC valuesOBSERVABLES USED    
   376                                                      # OF STATIONS       
    32                                                      # OF SATELLITES     
  6371.0                                                    BASE RADIUS         
     2                                                      MAP DIMENSION       
   450.0 450.0   0.0                                        HGT1 / HGT2 / DHGT  
    87.5 -87.5  -2.5                                        LAT1 / LAT2 / DLAT  
  -180.0 180.0   5.0                                        LON1 / LON2 / DLON  
    -1                                                      EXPONENT            
TEC values in 0.1 tec units;  9999, if no value available   COMMENT             
DCB values in nanoseconds, reference is Sum_of_SatDCBs = 0  COMMENT             
                                                            END OF HEADER       
[from data line 1716]
     5                                                      START OF TEC MAP    
  2021     3    30     8     0     0                        EPOCH OF CURRENT MAP
    87.5-180.0 180.0   5.0 450.0                            LAT/LON1/LON2/DLON/H
   67   67   67   67   67   67   67   67   67   67   67   67   67   67   67   67
   67   66   66   66   66   66   66   66   66   66   66   66   67   67   67   67
   68   68   68   69   69   69   69   69   70   71   71   70   70   71   70   70
   70   70   70   71   70   70   69   69   68   67   67   67   67   67   66   66
   66   66   66   66   66   66   67   67   67
    85.0-180.0 180.0   5.0 450.0                            LAT/LON1/LON2/DLON/H
   63   64   64   65   65   66   66   66   67   66   66   66   66   65   65   64
   64   63   62   62   61   61   60   60   60   60   60   61   61   62   63   63
   64   65   66   67   68   68   69   70   70   71   71   72   72   73   72   72
   72   72   72   72   71   71   70   69   68   67   66   65   64   64   63   63
   63   63   63   62   63   63   63   63   63
    82.5-180.0 180.0   5.0 450.0                            LAT/LON1/LON2/DLON/H
   59   59   61   62   63   64   64   65   65   66   65   65   65   63   62   60
   58   57   56   54   54   53   52   52   52   52   53   53   54   56   57   58
   60   62   63   65   66   68   69   70   71   72   73   74   74   74   74   74
   74   74   73   73   72   71   71   70   69   67   66   64   64   62   61   60
   59   58   58   57   57   57   57   58   59
    80.0-180.0 180.0   5.0 450.0                            LAT/LON1/LON2/DLON/H
   53   54   55   56   58   59   61   62   63   64   63   61   60   58   56   54
   52   50   48   46   44   43   43   43   43   43   44   45   46   48   50   53
   55   57   60   63   65   67   69   71   72   74   74   74   75   76   76   76
   76   76   76   76   75   74   74   73   72   71   69   68   66   64   62   60
   58   57   56   54   53   52   53   53   53
    77.5-180.0 180.0   5.0 450.0                            LAT/LON1/LON2/DLON/H
   48   49   50   51   53   55   56   57   58   58   58   56   55   53   51   48
   46   43   40   37   36   35   33   33   34   34   36   38   39   41   45   48
   51   54   57   61   63   66   69   72   73   75   76   77   78   78   78   79
   79   80   80   80   80   80   80   79   78   77   75   73   72   70   67   64
   61   59   57   54   52   51   50   49   48
    75.0-180.0 180.0   5.0 450.0                            LAT/LON1/LON2/DLON/H
   47   46   45   46   47   48   49   50   51   51   52   51   50   48   46   42
   38   36   33   31   29   28   28   28   28   30   31   33   36   38   41   45
   49   52   56   60   63   67   70   72   75   77   78   79   79   80   81   82
   83   84   85   86   87   87   87   87   86   85   83   81   79   77   74   71
   68   66   62   59   56   53   51   49   47
    72.5-180.0 180.0   5.0 450.0                            LAT/LON1/LON2/DLON/H
   48   45   43   42   42   42   42   43   44   45   46   46   45   43   40   36
   34   31   29   27   26   25   25   26   26   28   29   32   35   38   41   45
   49   53   57   61   64   68   71   74   76   78   80   81   81   83   84   85
   87   89   90   92   93   95   95   95   94   93   91   90   87   85   82   79
   76   73   70   66   62   59   55   51   48
    70.0-180.0 180.0   5.0 450.0                            LAT/LON1/LON2/DLON/H
   51   47   43   41   39   38   37   37   38   39   39   40   39   37   35   33
   31   28   26   25   25   25   26   27   27   28   30   33   36   39   43   47
   50   54   59   63   66   69   72   75   78   80   81   83   83   85   87   89
   91   93   95   97   99  100  101  100   99   98   97   95   93   91   89   86
   84   80   77   73   69   65   60   55   51
    67.5-180.0 180.0   5.0 450.0                            LAT/LON1/LON2/DLON/H
   54   49   45   41   38   35   33   33   32   33   34   34   34   33   33   31
   29   27   26   25   25   26   27   28   28   30   32   34   38   41   45   49
   53   57   61   64   67   70   74   76   79   81   83   85   87   88   90   93
   95   97   99  101  103  103  103  102  101  100   99   97   95   94   92   90
   88   85   83   79   76   71   65   60   54
    65.0-180.0 180.0   5.0 450.0                            LAT/LON1/LON2/DLON/H
   58   53   47   43   39   35   32   30   29   28   28   29   29   31   30   29
   28   27   27   27   27   28   28   29   29   31   33   35   38   43   47   51
   56   60   63   65   69   72   74   77   80   83   85   88   90   92   94   96
   99  101  104  105  105  105  104  102  100   98   97   95   94   93   92   90
   88   87   85   83   79   75   70   64   58
    62.5-180.0 180.0   5.0 450.0                            LAT/LON1/LON2/DLON/H
   62   56   50   46   41   37   33   30   28   26   25   26   26   27   28   28
   28   27   27   28   28   27   27   27   28   30   32   35   38   43   49   53
   57   60   64   66   70   73   76   79   83   86   89   92   94   96   98  100
  103  106  107  108  108  106  104  101   98   95   93   92   92   91   90   89
   87   85   85   84   81   77   73   67   62
    60.0-180.0 180.0   5.0 450.0                            LAT/LON1/LON2/DLON/H
   65   60   55   50   45   41   37   33   30   27   25   24   24   24   25   26
   26   27   26   25   26   25   25   25   26   28   30   33   38   43   48   54
   58   62   64   67   70   74   78   82   86   89   93   96   98  101  103  105
  108  110  112  112  111  108  104  100   97   93   92   91   90   89   88   87
   86   84   84   84   82   80   75   71   65
    57.5-180.0 180.0   5.0 450.0                            LAT/LON1/LON2/DLON/H
   70   64   59   55   51   46   42   38   33   30   27   25   25   24   24   24
   25   24   24   23   23   21   21   22   23   25   28   32   36   42   48   53
   58   62   65   69   72   76   80   85   89   94   98  101  104  107  110  112
  114  116  118  117  116  112  108  104  100   96   94   93   92   91   89   88
   86   85   84   84   83   81   78   74   70
    55.0-180.0 180.0   5.0 450.0                            LAT/LON1/LON2/DLON/H
   74   69   65   62   58   54   49   43   38   33   30   27   26   25   24   24
   23   22   21   20   19   18   19   20   21   23   27   31   35   41   47   53
   58   63   67   71   74   79   84   89   94   99  104  108  112  115  117  120
  123  125  125  125  123  120  115  112  107  105  102  101  100   98   95   93
   89   88   86   86   86   85   82   78   74
    52.5-180.0 180.0   5.0 450.0                            LAT/LON1/LON2/DLON/H
   80   75   72   69   66   62   56   50   44   39   35   31   30   28   27   25
   23   21   20   18   18   18   19   20   22   24   28   32   37   42   48   54
   60   65   70   74   78   84   89   95  101  107  112  116  119  123  125  129
  132  134  135  135  133  130  126  123  119  117  115  113  111  108  104  100
   95   92   91   91   91   90   87   83   80
    50.0-180.0 180.0   5.0 450.0                            LAT/LON1/LON2/DLON/H
   84   81   78   76   73   69   63   56   51   46   41   37   35   32   30   28
   25   23   21   20   20   21   22   24   26   29   32   36   40   45   51   57
   62   68   73   78   84   89   95  101  108  114  120  125  129  132  135  138
  141  144  145  145  142  139  136  133  131  130  128  125  122  118  113  108
  102   98   96   97   97   95   92   88   84
    47.5-180.0 180.0   5.0 450.0                            LAT/LON1/LON2/DLON/H
   88   86   83   81   78   75   69   63   57   53   49   44   42   38   35   33
   30   28   26   26   27   28   30   33   35   38   40   43   46   50   54   60
   66   72   78   84   90   96  102  109  116  123  129  134  138  142  145  148
  151  153  154  154  151  148  145  143  142  141  139  135  132  127  121  115
  109  104  102  101  102  100   96   92   88
    45.0-180.0 180.0   5.0 450.0                            LAT/LON1/LON2/DLON/H
   89   86   85   83   81   77   73   67   63   60   57   53   51   46   43   39
   36   35   34   34   36   38   40   43   46   48   49   50   51   54   58   64
   70   77   84   90   96  103  109  116  124  131  137  142  147  152  155  159
  160  162  162  161  158  155  152  150  148  147  144  141  138  134  128  122
  116  111  108  105  104  102   97   93   89
    42.5-180.0 180.0   5.0 450.0                            LAT/LON1/LON2/DLON/H
   87   84   83   82   81   78   74   70   68   66   64   61   59   55   51   48
   45   44   43   44   47   49   51   54   56   56   56   56   56   58   62   68
   74   81   89   96  102  109  115  123  130  138  145  152  158  162  166  170
  173  174  172  170  165  161  157  152  148  146  143  141  138  135  130  125
  120  116  112  109  106  103   97   91   87
    40.0-180.0 180.0   5.0 450.0                            LAT/LON1/LON2/DLON/H
   83   80   78   77   78   76   73   72   71   71   70   69   68   64   60   57
   54   53   53   54   56   59   61   62   63   62   61   59   58   60   64   69
   78   85   93  101  107  113  120  127  136  144  153  160  168  174  179  184
  186  187  184  180  174  168  162  155  149  145  141  137  135  133  131  128
  124  119  115  112  108  103   97   90   83
    37.5-180.0 180.0   5.0 450.0                            LAT/LON1/LON2/DLON/H
   80   74   72   72   72   72   71   71   72   74   76   76   76   73   69   65
   63   62   61   63   63   66   67   68   67   64   62   60   58   61   65   72
   80   88   96  104  111  117  124  131  141  150  160  170  179  187  193  199
  201  203  201  195  188  179  170  162  155  148  143  138  135  135  135  134
  130  126  122  117  112  104   96   87   80
    35.0-180.0 180.0   5.0 450.0                            LAT/LON1/LON2/DLON/H
   78   70   67   66   66   66   67   68   71   76   80   82   83   80   77   73
   71   69   68   69   69   70   71   69   67   64   61   58   56   60   65   73
   82   91  100  107  114  120  127  135  145  157  168  179  190  200  209  214
  219  224  222  217  209  198  188  178  169  161  153  147  144  143  144  145
  142  139  134  127  120  110   99   88   78
    32.5-180.0 180.0   5.0 450.0                            LAT/LON1/LON2/DLON/H
   80   70   64   62   61   61   64   65   69   74   82   85   88   87   83   80
   76   74   73   73   72   72   71   67   63   60   56   54   54   57   64   74
   84   94  102  110  116  123  129  139  151  164  176  189  203  214  226  235
  242  249  251  247  240  228  218  208  198  187  177  170  166  164  164  166
  163  160  154  146  136  122  107   93   80
    30.0-180.0 180.0   5.0 450.0                            LAT/LON1/LON2/DLON/H
   87   74   66   62   60   59   61   62   65   72   79   86   90   90   88   83
   80   77   75   75   73   71   68   64   59   55   52   50   51   56   63   75
   86   96  105  112  119  126  134  144  156  171  185  200  215  230  245  258
  269  279  285  286  280  269  260  250  241  229  217  207  201  198  196  197
  195  191  185  175  159  141  122  104   87
    27.5-180.0 180.0   5.0 450.0                            LAT/LON1/LON2/DLON/H
   99   83   72   65   61   59   60   60   62   67   75   83   88   89   89   85
   81   78   77   75   74   71   67   61   57   52   49   48   49   55   64   76
   88   98  107  115  122  130  139  150  163  177  193  211  228  245  264  282
  298  312  320  327  325  316  310  300  293  280  267  256  249  244  240  235
  233  229  223  211  190  167  144  120   99
    25.0-180.0 180.0   5.0 450.0                            LAT/LON1/LON2/DLON/H
  114   95   82   72   66   63   61   61   62   65   71   79   85   87   87   85
   81   79   78   76   74   70   66   61   56   52   49   47   49   55   65   77
   89  100  109  117  126  135  145  157  170  186  202  221  241  260  282  304
  324  339  353  364  367  366  359  351  346  335  322  311  303  294  286  277
  276  271  265  251  227  199  170  141  114
    22.5-180.0 180.0   5.0 450.0                            LAT/LON1/LON2/DLON/H
  133  109   93   82   74   70   67   65   64   65   69   76   82   85   85   83
   81   79   78   77   75   71   68   63   59   55   52   48   49   55   66   78
   90  101  111  120  130  140  152  165  179  194  211  231  252  274  299  322
  342  360  378  395  402  404  398  393  392  382  371  360  352  340  328  316
  314  308  303  287  262  231  197  165  133
    20.0-180.0 180.0   5.0 450.0                            LAT/LON1/LON2/DLON/H
  153  125  105   93   85   79   76   72   68   66   68   73   78   81   83   82
   81   79   79   78   76   73   70   67   64   60   55   51   50   56   66   79
   91  102  112  123  134  146  158  173  188  203  220  240  259  283  309  334
  353  374  396  415  422  424  419  414  412  408  400  390  382  370  358  346
  340  335  329  314  289  259  223  187  153
    17.5-180.0 180.0   5.0 450.0                            LAT/LON1/LON2/DLON/H
  172  143  120  106   96   90   86   81   75   71   71   72   76   78   80   81
   80   80   80   80   78   75   73   71   69   65   60   54   51   56   66   79
   92  103  114  125  137  150  165  180  195  211  229  246  267  289  315  337
  357  379  401  414  420  418  414  408  408  407  403  397  391  382  372  362
  355  350  341  326  305  277  243  207  172
    15.0-180.0 180.0   5.0 450.0                            LAT/LON1/LON2/DLON/H
  188  159  137  122  111  104   98   92   85   79   77   77   79   79   80   82
   82   83   82   82   79   77   76   75   74   69   63   56   52   55   66   79
   91  103  113  125  138  153  169  184  201  218  235  252  271  293  315  334
  352  371  389  396  398  394  392  386  384  386  390  389  385  379  372  364
  358  351  342  328  308  283  253  221  188
    12.5-180.0 180.0   5.0 450.0                            LAT/LON1/LON2/DLON/H
  201  176  155  139  128  119  113  105   98   92   88   87   88   86   85   86
   87   88   86   84   81   78   78   78   77   72   65   57   53   55   66   78
   91  102  113  125  139  155  172  188  206  223  241  259  277  296  314  327
  341  354  365  371  368  366  365  360  360  364  370  374  374  370  363  354
  349  342  333  321  303  281  255  228  201
    10.0-180.0 180.0   5.0 450.0                            LAT/LON1/LON2/DLON/H
  208  189  170  158  146  137  130  122  114  107  103  100  100   96   93   93
   96   94   90   87   83   80   79   79   77   72   64   56   52   55   65   78
   91  102  113  125  140  156  173  190  209  228  247  266  285  300  312  320
  329  339  346  351  347  348  347  346  346  350  356  361  364  361  353  343
  337  330  322  310  294  274  252  229  208
     7.5-180.0 180.0   5.0 450.0                            LAT/LON1/LON2/DLON/H
  212  198  185  173  163  154  147  139  131  124  119  114  113  107  103  102
  105  102   95   89   84   80   78   78   76   70   62   55   52   55   65   78
   91  102  113  126  140  156  173  190  210  230  252  273  290  304  312  317
  325  332  338  342  342  344  345  346  347  348  352  356  358  355  348  336
  327  320  311  300  286  267  248  229  212
     5.0-180.0 180.0   5.0 450.0                            LAT/LON1/LON2/DLON/H
  214  204  196  187  179  170  162  155  147  140  135  131  128  119  113  111
  112  109  102   93   86   81   78   75   73   67   60   54   52   55   65   79
   92  104  114  126  140  155  171  188  208  232  255  277  294  307  316  321
  328  336  342  346  349  352  357  359  359  357  357  358  358  354  345  332
  322  314  305  295  281  263  245  228  214
     2.5-180.0 180.0   5.0 450.0                            LAT/LON1/LON2/DLON/H
  216  208  203  197  188  180  172  166  159  152  147  142  139  131  124  120
  119  116  108   98   89   82   77   74   69   64   58   54   52   56   66   79
   93  104  115  126  139  153  167  183  204  228  254  277  296  312  323  330
  338  345  353  358  361  367  374  378  378  373  369  366  362  355  344  330
  320  311  302  292  279  262  245  229  216
