ionex_files/bejaia/igsg0840.21i
     1.0            IONOSPHERE MAPS     MIX                 IONEX VERSION / TYPE
cmpcmb v1.2          GRL/UWM            12-apr-21 05:36     PGM / RUN BY / DATE 
ionex file containing IGS COMBINED Ionosphere maps          COMMENT             
global ionosphere maps for day 084, 2021                    DESCRIPTION         
IONEX file containing the COMBINED IGS TEC MAPS and DCBs    DESCRIPTION         
      IONEX files of the following IAACs were combined: cod DESCRIPTION         
                                                        esa DESCRIPTION         
                                                        jpl DESCRIPTION         
                                                        upc DESCRIPTION         
Contact address: Andrzej Krankowski                         DESCRIPTION
                 Geodynamics Research Laboratory            DESCRIPTION
                 University of Warmia and Mazury (GRL/UWM)  DESCRIPTION
                 Oczapowski St. 1                           DESCRIPTION
                 10-957-Olsztyn, POLAND                     DESCRIPTION
                 e-mail:  kand@uwm.edu.pl                   DESCRIPTION
                                                            DESCRIPTION         
  2021     3    25     0     0     0                        EPOCH OF FIRST MAP  
  2021     3    26     0     0     0                        EPOCH OF LAST MAP   
  7200                                                      INTERVAL            
    13                                                      # OF MAPS IN FILE   
  COSZ                                                      MAPPING FUNCTION    
     0.0                                                    ELEVATION CUTOFF    
combined TEC calculated as weighted mean of input TEC valuesOBSERVABLES USED    
   378                                                      # OF STATIONS       
    32                                                      # OF SATELLITES     
  6371.0                                                    BASE RADIUS         
     2                                                      MAP DIMENSION       
   450.0 450.0   0.0                                        HGT1 / HGT2 / DHGT  
    87.5 -87.5  -2.5                                        LAT1 / LAT2 / DLAT  
  -180.0 180.0   5.0                                        LON1 / LON2 / DLON  
    -1                                                      EXPONENT            
TEC values in 0.1 tec units;  9999, if no value available   COMMENT             
DCB values in nanoseconds, reference is Sum_of_SatDCBs = 0  COMMENT             
                                                            END OF HEADER       
[from data line 4719]
    12                                                      START OF TEC MAP    
  2021     3    25    22     0     0                        EPOCH OF CURRENT MAP
    87.5-180.0 180.0   5.0 450.0                            LAT/LON1/LON2/DLON/H
   61   61   61   62   62   62   62   62   62   62   62   62   62   62   62   61
   61   61   60   60   59   59   58   57   56   56   55   55   54   54   53   53
   52   52   52   52   52   52   52   52   52   52   52   52   53   53   53   54
   54   54   54   55   55   56   56   56   57   57   57   57   58   58   58   59
   59   59   60   60   60   60   60   61   61
    85.0-180.0 180.0   5.0 450.0                            LAT/LON1/LON2/DLON/H
   63   63   64   64   65   66   66   67   67   68   68   68   68   68   68   68
   67   67   66   65   64   63   61   60   57   56   55   53   52   51   50   49
   48   48   48   47   47   46   47   48   48   49   49   50   51   51   52   53
   53   54   54   55   55   56   57   57   57   58   58   58   59   59   59   60
   60   60   60   61   61   62   62   63   63
    82.5-180.0 180.0   5.0 450.0                            LAT/LON1/LON2/DLON/H
   63   64   65   65   66   67   68   69   70   71   72   73   73   74   74   74
   73   73   73   72   70   69   66   63   60   57   54   51   49   47   46   44
   44   43   42   42   42   42   42   43   44   44   46   47   49   50   52   52
   53   54   54   55   55   56   56   57   57   57   57   57   57   58   58   58
   59   59   60   60   61   61   62   62   63
    80.0-180.0 180.0   5.0 450.0                            LAT/LON1/LON2/DLON/H
   62   63   64   65   67   68   70   71   73   74   76   77   78   79   80   80
   80   80   79   78   76   74   72   63   60   56   53   50   48   45   43   42
   41   39   39   39   38   39   40   40   41   42   43   45   47   48   50   51
   52   53   53   53   54   54   54   54   54   55   54   54   55   55   55   56
   56   56   57   58   58   59   60   61   62
    77.5-180.0 180.0   5.0 450.0                            LAT/LON1/LON2/DLON/H
   60   62   63   65   66   68   69   71   73   75   77   79   81   83   84   85
   85   85   84   83   80   77   73   69   64   60   56   52   49   45   42   40
   38   38   37   37   37   37   38   38   40   41   42   43   45   46   47   48
   49   49   50   50   50   50   49   49   49   49   49   50   50   50   51   52
   53   53   54   55   56   57   58   60   60
    75.0-180.0 180.0   5.0 450.0                            LAT/LON1/LON2/DLON/H
   59   61   62   64   65   66   68   70   72   74   77   80   82   84   85   87
   88   88   86   86   83   80   77   73   69   64   58   53   49   44   42   41
   38   37   36   36   37   37   37   37   38   39   40   41   42   42   43   43
   43   43   44   44   43   43   42   42   42   42   43   43   44   45   46   47
   49   50   51   53   54   55   57   58   59
    72.5-180.0 180.0   5.0 450.0                            LAT/LON1/LON2/DLON/H
   59   60   62   63   64   65   66   68   70   73   76   79   80   83   85   87
   86   87   88   87   85   82   79   75   70   65   59   54   49   44   41   39
   38   37   36   36   36   36   36   36   36   36   36   37   38   38   37   37
   37   37   37   36   35   35   34   33   34   34   35   37   38   40   42   44
   46   48   50   52   53   55   56   57   59
    70.0-180.0 180.0   5.0 450.0                            LAT/LON1/LON2/DLON/H
   60   62   63   64   65   65   66   68   70   72   74   76   78   80   81   83
   85   86   87   86   84   80   77   74   69   63   58   53   47   43   39   37
   35   36   35   35   35   35   34   34   33   32   32   31   32   32   32   31
   31   30   30   29   28   27   26   26   27   28   29   32   35   37   40   43
   45   47   50   51   53   55   57   58   60
    67.5-180.0 180.0   5.0 450.0                            LAT/LON1/LON2/DLON/H
   63   64   65   66   66   66   66   68   69   71   73   74   76   77   78   80
   81   83   83   82   80   77   75   71   67   61   55   50   46   41   38   35
   34   33   33   32   32   32   31   29   28   27   26   26   26   27   27   26
   26   25   24   23   22   21   20   20   21   23   25   29   33   37   40   44
   47   49   52   53   55   57   59   61   63
    65.0-180.0 180.0   5.0 450.0                            LAT/LON1/LON2/DLON/H
   67   68   69   69   68   68   68   68   69   71   72   73   73   74   75   76
   77   78   79   78   77   75   72   69   65   59   53   49   44   39   36   34
   33   31   31   30   29   28   27   25   24   22   21   21   21   22   22   22
   22   21   21   20   19   18   17   17   19   21   25   30   34   39   44   48
   51   53   55   57   58   60   62   65   67
    62.5-180.0 180.0   5.0 450.0                            LAT/LON1/LON2/DLON/H
   71   73   74   73   72   71   70   70   70   71   73   73   73   73   73   73
   74   75   76   75   74   73   70   67   63   58   52   49   44   40   37   35
   33   31   30   28   27   25   24   22   20   19   18   18   19   20   20   20
   20   20   20   19   18   18   18   18   20   23   27   32   38   44   49   53
   56   58   59   61   62   64   66   69   71
    60.0-180.0 180.0   5.0 450.0                            LAT/LON1/LON2/DLON/H
   77   79   79   78   76   74   72   72   73   73   74   74   74   73   73   72
   72   73   74   74   73   72   70   67   63   59   53   50   46   43   39   37
   34   32   29   27   26   24   22   21   19   18   19   19   21   21   22   22
   23   22   22   22   21   22   22   23   25   28   32   37   43   49   55   59
   62   63   64   65   66   69   71   74   77
    57.5-180.0 180.0   5.0 450.0                            LAT/LON1/LON2/DLON/H
   84   86   86   85   82   79   77   75   75   76   77   77   77   76   75   74
   73   73   74   74   73   72   70   67   64   61   56   54   51   47   45   40
   37   34   31   28   26   25   23   23   22   22   23   25   26   28   29   29
   29   28   28   28   27   28   29   30   32   35   38   43   49   55   60   65
   68   69   70   70   72   74   77   81   84
    55.0-180.0 180.0   5.0 450.0                            LAT/LON1/LON2/DLON/H
   92   94   94   93   89   86   83   81   80   80   81   82   81   79   78   77
   76   75   75   75   74   73   72   69   66   64   61   59   56   54   51   47
   43   39   35   32   30   29   28   28   29   29   31   33   35   37   38   38
   37   37   36   36   36   37   38   39   40   42   46   49   55   60   65   71
   74   76   77   78   79   81   85   88   92
    52.5-180.0 180.0   5.0 450.0                            LAT/LON1/LON2/DLON/H
  101  104  104  102  100   95   92   90   87   86   86   86   85   84   82   81
   79   78   78   77   76   75   74   72   70   68   66   64   62   61   57   54
   49   45   41   38   36   36   36   37   38   39   41   43   45   47   48   48
   47   47   46   46   46   47   47   48   48   49   52   55   59   65   70   75
   79   83   85   86   88   90   94   98  101
    50.0-180.0 180.0   5.0 450.0                            LAT/LON1/LON2/DLON/H
  113  115  116  115  112  108  104  101   98   95   93   91   90   89   87   86
   84   82   80   79   78   78   77   77   75   74   72   71   69   67   64   60
   55   51   48   46   45   45   46   48   49   51   52   55   56   57   58   57
   56   56   55   55   56   57   57   56   55   55   56   59   63   68   74   80
   84   89   93   95   98  101  105  109  113
    47.5-180.0 180.0   5.0 450.0                            LAT/LON1/LON2/DLON/H
  124  127  127  127  126  123  119  115  112  107  103   99   97   95   93   91
   89   86   84   82   81   81   82   82   81   80   79   77   75   72   69   65
   60   57   55   54   55   56   57   58   60   62   63   66   66   66   66   65
   64   64   63   63   64   65   64   63   62   60   60   61   65   70   77   84
   90   94   99  104  107  111  115  120  124
    45.0-180.0 180.0   5.0 450.0                            LAT/LON1/LON2/DLON/H
  134  138  138  140  140  139  136  133  127  121  114  108  106  102  100   97
   94   92   89   86   86   87   88   89   89   88   86   83   80   76   72   68
   64   63   62   62   64   66   68   70   71   72   73   74   74   74   74   74
   73   72   71   71   71   71   71   69   67   64   63   64   68   74   81   88
   95  101  107  112  116  120  124  128  134
    42.5-180.0 180.0   5.0 450.0                            LAT/LON1/LON2/DLON/H
  141  146  149  151  154  155  154  150  144  136  127  119  114  110  107  104
  101   98   95   92   92   94   97   98   97   96   93   88   83   78   73   69
   67   67   68   69   73   75   77   79   79   80   81   81   82   82   82   82
   82   81   78   77   77   77   76   75   72   68   66   67   72   79   87   95
  103  109  115  121  125  128  132  136  141
    40.0-180.0 180.0   5.0 450.0                            LAT/LON1/LON2/DLON/H
  146  152  155  160  164  168  170  167  160  151  141  131  125  120  116  113
  109  106  102  101  101  104  106  108  108  105  100   94   87   80   75   70
   69   70   73   75   79   82   84   85   86   86   87   89   89   89   89   90
   88   86   83   81   81   80   79   78   75   72   70   71   76   85   93  102
  110  117  123  129  133  136  138  141  146
    37.5-180.0 180.0   5.0 450.0                            LAT/LON1/LON2/DLON/H
  150  156  161  166  172  179  182  181  175  165  154  144  136  129  125  121
  118  115  112  111  111  114  118  120  119  114  107   99   91   83   77   72
   72   73   75   78   81   85   87   89   90   92   93   95   95   95   95   94
   90   88   84   82   81   80   79   79   77   74   72   75   81   91  101  110
  118  125  131  136  139  141  142  145  150
    35.0-180.0 180.0   5.0 450.0                            LAT/LON1/LON2/DLON/H
  154  160  166  171  176  183  188  189  186  178  166  156  147  140  134  131
  128  126  123  122  123  126  129  131  129  124  115  106   97   89   82   77
   75   75   76   79   82   86   89   91   92   93   94   98  100  100   99   95
   91   86   83   79   77   77   77   77   76   74   73   77   85   96  107  117
  126  132  139  143  145  145  146  149  154
    32.5-180.0 180.0   5.0 450.0                            LAT/LON1/LON2/DLON/H
  162  168  173  176  179  184  190  193  192  186  177  169  159  152  145  140
  137  136  134  132  133  136  140  141  138  132  123  114  106   98   91   85
   81   80   80   81   84   86   89   90   92   94   95   99  101  101   99   95
   89   84   79   75   73   72   73   74   73   71   71   77   87  100  112  123
  131  139  145  149  150  151  152  156  162
    30.0-180.0 180.0   5.0 450.0                            LAT/LON1/LON2/DLON/H
  176  182  186  185  183  186  192  196  197  194  188  181  174  165  157  151
  147  146  144  141  141  143  146  147  144  138  130  121  115  109  103   96
   90   87   86   85   85   86   87   89   91   93   94   96   98   99   96   91
   86   81   75   71   69   68   69   70   69   68   69   74   87  101  116  127
  136  144  151  157  159  161  164  169  176
    27.5-180.0 180.0   5.0 450.0                            LAT/LON1/LON2/DLON/H
  197  204  205  200  193  192  196  201  203  203  200  194  189  182  172  163
  159  156  153  149  147  147  149  149  146  142  135  129  125  121  116  108
  102   96   93   90   87   87   87   88   90   90   91   93   94   94   92   87
   82   77   71   67   64   64   65   65   65   64   66   72   85  102  116  129
  139  147  157  165  170  175  180  188  197
    25.0-180.0 180.0   5.0 450.0                            LAT/LON1/LON2/DLON/H
  226  233  233  223  210  204  206  209  213  216  215  212  208  201  192  182
  173  168  161  155  151  149  149  148  147  144  139  136  134  133  129  121
  113  107  102   98   94   91   91   91   91   90   89   89   89   89   88   84
   78   73   68   63   61   60   61   61   61   60   62   70   84  101  117  130
  141  152  163  175  184  192  201  214  226
    22.5-180.0 180.0   5.0 450.0                            LAT/LON1/LON2/DLON/H
  257  267  266  252  235  224  223  225  230  233  237  238  235  230  218  206
  192  183  173  162  154  149  147  147  147  144  142  141  143  144  140  132
  126  120  114  109  104  101  100  100   98   93   90   86   85   85   83   80
   75   70   64   60   58   57   58   57   56   56   59   67   82  100  117  132
  144  157  172  186  201  212  225  241  257
    20.0-180.0 180.0   5.0 450.0                            LAT/LON1/LON2/DLON/H
  287  299  299  286  265  252  248  252  255  261  265  271  270  265  252  238
  219  204  187  173  160  151  147  146  147  147  146  148  152  155  151  144
  139  135  129  125  120  116  116  115  111  102   95   87   83   81   80   78
   74   69   63   59   56   56   55   54   53   53   55   64   79   97  117  133
  147  163  183  201  218  232  248  269  287
    17.5-180.0 180.0   5.0 450.0                            LAT/LON1/LON2/DLON/H
  311  326  327  316  297  284  281  285  288  294  300  309  311  308  294  277
  254  232  210  189  171  158  152  149  150  153  156  161  163  166  163  159
  156  154  149  144  139  136  137  137  130  116  104   92   84   81   80   77
   74   70   64   60   57   55   55   53   52   51   53   61   75   95  115  133
  150  169  193  214  233  251  269  291  311
    15.0-180.0 180.0   5.0 450.0                            LAT/LON1/LON2/DLON/H
  326  341  347  339  325  316  316  321  326  333  341  351  357  355  341  321
  295  268  239  214  191  174  164  160  161  165  171  176  176  177  177  174
  173  172  169  164  160  160  161  161  151  134  117  100   89   84   82   79
   76   72   67   62   59   57   55   54   52   51   53   60   73   92  113  134
  154  175  201  224  245  264  283  304  326
    12.5-180.0 180.0   5.0 450.0                            LAT/LON1/LON2/DLON/H
  328  345  355  351  346  343  347  355  362  370  382  395  401  405  389  369
  342  312  278  248  220  200  187  181  180  184  189  192  191  192  191  189
  188  189  186  183  181  181  185  184  172  153  132  111   98   90   85   82
   79   75   69   64   60   59   57   54   53   52   53   59   72   90  113  135
  157  181  207  231  253  271  289  308  328
    10.0-180.0 180.0   5.0 450.0                            LAT/LON1/LON2/DLON/H
  321  337  348  352  356  363  372  383  394  405  423  435  445  450  439  416
  390  359  323  290  259  236  219  210  206  207  209  210  207  206  206  204
  202  201  202  200  198  199  202  201  189  169  147  124  108   96   89   84
   81   76   70   65   61   59   57   55   54   53   55   60   71   89  112  135
  159  184  211  236  257  275  291  305  321
     7.5-180.0 180.0   5.0 450.0                            LAT/LON1/LON2/DLON/H
  311  322  335  346  360  375  390  404  419  433  450  468  480  486  482  461
  435  406  370  336  303  278  258  245  238  235  232  228  222  220  221  219
  215  214  212  210  207  207  210  208  198  179  158  134  114  100   91   85
   80   75   69   63   60   58   57   55   54   55   56   61   71   88  111  135
  161  187  214  239  260  278  290  301  311
     5.0-180.0 180.0   5.0 450.0                            LAT/LON1/LON2/DLON/H
  306  312  324  341  361  381  399  416  432  450  468  485  499  510  514  498
  473  446  413  382  349  322  299  284  272  266  257  247  237  234  235  233
  226  221  215  210  206  204  205  204  197  180  161  136  116  101   92   84
   78   72   65   60   58   57   56   55   54   55   57   61   71   88  110  136
  162  188  217  240  262  281  293  301  306
     2.5-180.0 180.0   5.0 450.0                            LAT/LON1/LON2/DLON/H
  314  314  325  345  367  388  407  425  441  458  475  489  504  515  523  519
  499  474  447  419  390  363  338  320  305  291  277  262  249  246  246  242
  231  219  209  201  194  190  189  188  182  167  152  132  114  100   90   81
   74   67   61   56   55   55   54   54   54   55   56   60   70   87  110  135
  162  189  216  242  265  285  301  312  314
