ionex_files/bejaia/igsg0820.21i
     1.0            IONOSPHERE MAPS     MIX                 IONEX VERSION / TYPE
cmpcmb v1.2          GRL/UWM            12-apr-21 05:25     PGM / RUN BY / DATE 
ionex file containing IGS COMBINED Ionosphere maps          COMMENT             
global ionosphere maps for day 082, 2021                    DESCRIPTION         
IONEX file containing the COMBINED IGS TEC MAPS and DCBs    DESCRIPTION         
      IONEX files of the following IAACs were combined: cod DESCRIPTION         
                                                        esa DESCRIPTION         
                                                        jpl DESCRIPTION         
                                                        upc DESCRIPTION         
Contact address: Andrzej Krankowski                         DESCRIPTION
                 Geodynamics Research Laboratory            DESCRIPTION
                 University of Warmia and Mazury (GRL/UWM)  DESCRIPTION
                 Oczapowski St. 1                           DESCRIPTION
                 10-957-Olsztyn, POLAND                     DESCRIPTION
                 e-mail:  kand@uwm.edu.pl                   DESCRIPTION
                                                            DESCRIPTION         
  2021     3    23     0     0     0                        EPOCH OF FIRST MAP  
  2021     3    24     0     0     0                        EPOCH OF LAST MAP   
  7200                                                      INTERVAL            
    13                                                      # OF MAPS IN FILE   
  COSZ                                                      MAPPING FUNCTION    
     0.0                                                    ELEVATION CUTOFF    
combined TEC calculated as weighted mean of input TEC valuesOBSERVABLES USED    
   379                                                      # OF STATIONS       
    32                                                      # OF SATELLITES     
  6371.0                                                    BASE RADIUS         
     2                                                      MAP DIMENSION       
   450.0 450.0   0.0                                        HGT1 / HGT2 / DHGT  
    87.5 -87.5  -2.5                                        LAT1 / LAT2 / DLAT  
  -180.0 180.0   5.0                                        LON1 / LON2 / DLON  
    -1                                                      EXPONENT            
TEC values in 0.1 tec units;  9999, if no value available   COMMENT             
DCB values in nanoseconds, reference is Sum_of_SatDCBs = 0  COMMENT             
                                                            END OF HEADER       
[from data line 2145]
     6                                                      START OF TEC MAP    
  2021     3    23    10     0     0                        EPOCH OF CURRENT MAP
    87.5-180.0 180.0   5.0 450.0                            LAT/LON1/LON2/DLON/H
   76   77   78   79   79   80   80   80   81   81   81   81   82   82   82   82
   82   82   82   81   81   81   81   81   81   81   81   81   81   81   82   82
   82   82   82   82   82   82   82   82   81   81   81   80   80   79   78   78
   77   77   76   75   75   74   74   73   73   73   72   72   72   72   72   72
   73   73   73   74   74   75   76   76   76
    85.0-180.0 180.0   5.0 450.0                            LAT/LON1/LON2/DLON/H
   72   74   75   76   77   78   79   79   80   79   79   79   80   79   78   78
   78   77   77   76   76   76   75   76   75   76   76   77   78   78   79   80
   81   82   82   83   83   83   83   83   83   82   81   81   80   78   77   76
   75   74   73   71   70   68   67   65   64   63   62   62   61   61   61   62
   62   63   63   65   66   68   69   70   72
    82.5-180.0 180.0   5.0 450.0                            LAT/LON1/LON2/DLON/H
   65   68   70   71   74   75   76   77   78   78   77   76   75   73   72   69
   68   66   65   64   64   64   64   64   65   66   67   69   71   73   74   77
   78   80   82   83   85   85   86   85   85   84   83   82   80   79   77   75
   73   71   69   68   65   63   61   59   57   55   54   53   51   51   51   50
   51   52   53   55   57   59   61   64   65
    80.0-180.0 180.0   5.0 450.0                            LAT/LON1/LON2/DLON/H
   58   61   63   67   69   71   73   73   73   72   71   69   67   64   61   59
   57   55   53   52   51   50   51   52   53   54   57   60   63   66   69   73
   76   79   81   83   86   87   88   88   88   87   86   84   82   80   78   76
   74   72   69   67   65   62   59   57   55   52   50   48   46   45   43   43
   42   42   44   45   47   49   52   55   58
    77.5-180.0 180.0   5.0 450.0                            LAT/LON1/LON2/DLON/H
   50   54   57   60   63   65   67   68   68   67   65   63   60   56   53   49
   46   44   42   40   39   39   40   42   43   45   48   53   56   60   65   69
   73   77   81   84   87   89   90   91   90   89   88   86   85   83   81   80
   77   75   74   71   69   67   64   62   59   56   53   50   48   44   42   40
   38   38   37   38   39   41   44   47   50
    75.0-180.0 180.0   5.0 450.0                            LAT/LON1/LON2/DLON/H
   43   47   50   54   57   60   62   62   62   61   58   55   52   48   44   41
   38   36   34   34   32   32   34   36   39   41   45   48   52   57   62   66
   71   75   79   83   87   89   90   91   91   90   89   88   86   86   85   85
   83   82   81   80   78   77   74   72   70   66   63   59   55   51   46   43
   40   38   36   35   35   36   37   40   43
    72.5-180.0 180.0   5.0 450.0                            LAT/LON1/LON2/DLON/H
   38   41   44   47   50   53   55   55   55   53   52   49   46   42   38   35
   32   31   31   30   30   31   34   35   38   42   45   48   52   56   61   65
   70   74   78   82   85   88   89   90   90   90   90   89   89   89   90   90
   90   90   90   89   89   88   87   85   82   79   75   71   67   61   56   51
   45   41   37   34   33   33   33   35   38
    70.0-180.0 180.0   5.0 450.0                            LAT/LON1/LON2/DLON/H
   34   35   38   40   43   45   47   47   47   47   46   43   40   37   34   32
   31   31   29   31   31   34   37   38   41   45   48   51   54   58   61   65
   69   72   76   80   84   86   88   89   89   90   90   91   91   92   94   96
   97   98   99   99   99   99   97   95   93   90   86   82   77   72   66   59
   53   47   41   37   34   33   33   33   34
    67.5-180.0 180.0   5.0 450.0                            LAT/LON1/LON2/DLON/H
   32   32   33   35   36   38   40   41   41   41   40   38   36   34   32   31
   31   30   31   33   35   37   41   43   46   49   52   55   57   59   62   65
   67   70   74   78   82   85   87   88   89   90   92   93   94   96   98  100
  103  104  105  106  105  105  103  101   99   96   93   89   84   80   74   67
   61   54   48   43   39   36   34   32   32
    65.0-180.0 180.0   5.0 450.0                            LAT/LON1/LON2/DLON/H
   33   31   30   31   32   33   34   36   36   36   36   35   34   33   32   32
   32   32   33   36   38   41   44   47   49   52   55   57   59   60   62   64
   67   69   73   76   80   83   86   87   89   91   93   95   97   99  102  105
  107  108  109  109  108  106  104  101   98   96   93   90   86   83   77   71
   65   60   54   49   45   41   38   35   33
    62.5-180.0 180.0   5.0 450.0                            LAT/LON1/LON2/DLON/H
   36   33   31   30   29   30   31   32   33   33   33   32   33   32   32   32
   32   32   34   36   38   43   44   47   49   52   55   57   59   61   62   64
   67   69   73   76   80   83   86   88   90   93   95   98  101  103  106  108
  110  111  110  109  107  104  100   97   93   91   88   86   84   82   77   72
   67   62   57   53   49   45   42   39   36
    60.0-180.0 180.0   5.0 450.0                            LAT/LON1/LON2/DLON/H
   40   37   34   32   30   30   30   31   31   31   30   31   30   31   30   31
   31   32   33   33   37   40   41   44   46   49   53   56   58   61   62   65
   68   71   75   79   82   84   87   90   92   95   98  102  105  108  110  112
  113  112  111  108  105  101   97   93   88   85   83   82   81   79   76   72
   67   63   59   55   52   49   46   44   40
    57.5-180.0 180.0   5.0 450.0                            LAT/LON1/LON2/DLON/H
   45   42   39   37   35   33   33   32   31   30   30   29   28   28   28   29
   30   30   30   30   31   34   35   39   42   45   50   55   58   61   64   67
   71   75   79   83   86   88   91   93   96   99  102  106  109  113  115  116
  116  115  112  109  104  100   95   91   87   84   82   81   81   79   77   73
   69   64   60   58   55   53   50   48   45
    55.0-180.0 180.0   5.0 450.0                            LAT/LON1/LON2/DLON/H
   51   49   46   44   41   39   38   35   33   31   30   28   26   26   26   27
   27   26   26   25   26   28   30   35   38   42   49   54   59   63   67   72
   76   81   85   89   91   93   95   98  100  103  107  111  115  118  120  121
  121  119  116  113  108  105  100   96   92   89   87   87   87   85   82   78
   73   68   64   61   58   56   55   53   51
    52.5-180.0 180.0   5.0 450.0                            LAT/LON1/LON2/DLON/H
   57   56   53   51   49   47   45   41   38   35   32   29   27   25   25   25
   25   24   23   22   23   24   27   32   36   42   49   56   62   66   72   77
   83   88   93   96   98  100  101  103  105  108  112  117  120  124  126  127
  127  125  122  120  117  114  110  107  103  101   98   98   97   95   91   86
   80   74   70   67   63   61   60   58   57
    50.0-180.0 180.0   5.0 450.0                            LAT/LON1/LON2/DLON/H
   63   62   61   59   57   55   53   49   45   41   36   33   30   28   27   26
   25   24   24   23   23   25   28   33   38   45   53   61   67   72   78   84
   90   96  101  104  106  107  108  109  111  114  118  122  126  130  132  133
  133  131  130  128  127  124  122  119  116  114  112  110  109  106  102   96
   89   82   77   73   69   66   64   63   63
    47.5-180.0 180.0   5.0 450.0                            LAT/LON1/LON2/DLON/H
   67   67   67   66   64   63   61   58   54   49   44   39   37   34   32   31
   30   29   29   28   29   31   35   39   45   53   61   68   74   80   84   91
   97  104  109  113  114  115  115  116  118  121  125  129  133  136  138  139
  138  137  137  136  135  134  133  130  127  125  122  120  119  117  112  106
   98   90   83   78   73   70   68   67   67
    45.0-180.0 180.0   5.0 450.0                            LAT/LON1/LON2/DLON/H
   70   70   70   71   70   70   69   66   63   58   53   49   45   43   41   40
   38   38   37   37   38   41   44   49   55   63   69   76   82   87   91   97
  103  110  116  120  121  122  123  124  127  131  134  137  141  143  144  145
  144  144  142  143  142  140  139  136  133  130  127  126  126  124  120  114
  106   97   89   82   77   73   70   70   70
    42.5-180.0 180.0   5.0 450.0                            LAT/LON1/LON2/DLON/H
   71   72   72   74   75   76   75   73   71   67   63   59   56   53   51   49
   48   48   48   48   49   51   54   59   65   72   78   84   89   93   97  102
  108  115  121  126  128  129  131  134  138  142  145  148  150  151  151  151
  150  149  148  146  145  142  139  134  131  128  126  125  126  125  123  118
  111  102   93   84   79   75   72   72   71
    40.0-180.0 180.0   5.0 450.0                            LAT/LON1/LON2/DLON/H
   71   72   73   74   76   78   79   79   78   76   72   69   66   63   61   59
   59   58   58   58   59   60   62   66   72   79   85   91   96   99  103  106
  112  119  126  131  135  137  141  146  150  155  157  159  160  161  161  161
  158  155  151  147  144  140  135  130  126  123  121  121  122  123  121  117
  110  102   93   84   78   75   72   71   71
    37.5-180.0 180.0   5.0 450.0                            LAT/LON1/LON2/DLON/H
   69   70   71   73   75   78   80   82   83   82   80   77   75   73   70   69
   68   68   67   66   65   65   66   69   75   82   89   95  100  104  107  110
  115  122  130  137  141  146  151  158  164  169  172  174  174  175  174  172
  167  162  156  151  146  140  134  129  125  122  121  121  122  122  121  116
  109  100   90   81   74   71   69   69   69
    35.0-180.0 180.0   5.0 450.0                            LAT/LON1/LON2/DLON/H
   66   66   68   70   71   74   77   80   84   86   85   83   82   80   78   77
   75   74   72   70   69   67   67   69   74   82   89   97  103  108  111  114
  119  126  133  142  149  156  163  171  179  184  187  189  190  190  189  186
  182  176  168  162  156  150  144  140  137  134  132  131  130  128  126  120
  111   99   88   77   70   67   66   65   66
    32.5-180.0 180.0   5.0 450.0                            LAT/LON1/LON2/DLON/H
   62   61   63   65   65   68   70   75   80   84   85   85   84   83   83   82
   80   77   74   71   69   66   65   66   71   78   87   96  104  110  115  118
  123  130  139  149  157  167  176  185  194  200  203  206  207  207  207  204
  201  197  191  185  179  175  171  168  166  163  160  157  154  148  141  132
  119  104   89   77   69   66   64   63   62
    30.0-180.0 180.0   5.0 450.0                            LAT/LON1/LON2/DLON/H
   60   58   58   58   59   60   63   67   73   78   82   84   84   84   84   84
   81   78   74   70   66   62   61   62   66   74   83   93  104  112  119  124
  129  136  146  157  167  179  190  200  211  215  220  224  225  225  226  225
  227  227  227  224  221  219  216  217  215  212  207  201  193  182  169  154
  135  116   97   82   73   68   65   63   60
    27.5-180.0 180.0   5.0 450.0                            LAT/LON1/LON2/DLON/H
   63   59   56   55   53   54   56   60   65   72   77   79   81   82   83   82
   80   76   72   67   62   59   57   58   63   71   80   92  103  114  123  130
  137  145  155  168  180  192  203  214  226  233  237  243  244  244  247  253
  259  266  271  275  275  276  276  281  280  277  270  258  246  229  208  188
  164  139  114   96   84   76   72   67   63
    25.0-180.0 180.0   5.0 450.0                            LAT/LON1/LON2/DLON/H
   70   64   60   55   52   51   52   54   60   66   72   74   76   78   79   79
   78   73   69   64   60   57   55   56   61   69   79   91  103  116  127  136
  145  155  167  181  195  207  219  230  244  253  253  259  262  265  273  282
  297  310  320  329  332  339  340  350  352  349  340  325  308  286  258  233
  201  171  139  118  102   93   86   77   70
    22.5-180.0 180.0   5.0 450.0                            LAT/LON1/LON2/DLON/H
   83   74   67   61   56   53   51   52   55   61   67   69   71   73   74   75
   74   70   66   62   58   56   55   57   62   70   79   91  104  117  131  143
  154  167  181  197  211  223  233  245  258  265  266  275  279  286  300  316
  334  355  369  380  386  392  398  411  414  413  404  388  367  341  307  279
  242  206  171  147  128  116  105   93   83
    20.0-180.0 180.0   5.0 450.0                            LAT/LON1/LON2/DLON/H
  100   89   79   71   64   58   56   54   55   59   63   67   68   68   70   71
   70   68   64   61   57   56   56   58   64   71   81   92  104  118  133  148
  163  177  195  212  226  236  246  257  267  273  280  291  301  310  327  346
  367  391  407  416  421  427  435  444  450  451  444  428  405  377  344  310
  277  240  206  180  159  144  128  113  100
    17.5-180.0 180.0   5.0 450.0                            LAT/LON1/LON2/DLON/H
  120  106   94   85   76   69   64   61   60   61   64   66   66   66   66   67
   66   64   62   59   57   55   55   59   65   74   83   94  105  119  135  152
  171  187  206  223  237  247  257  266  275  283  293  309  322  333  350  368
  388  408  421  424  427  434  441  448  455  458  452  440  417  390  358  326
  295  264  236  210  189  172  154  137  120
    15.0-180.0 180.0   5.0 450.0                            LAT/LON1/LON2/DLON/H
  142  126  112  102   92   84   78   72   69   68   69   69   67   65   63   63
   62   61   60   58   56   54   54   58   66   76   85   95  107  120  137  157
  178  197  214  231  245  257  267  276  285  295  310  327  342  354  367  380
  395  407  411  413  413  420  423  430  437  441  437  427  409  384  356  328
  301  276  253  229  212  196  179  161  142
    12.5-180.0 180.0   5.0 450.0                            LAT/LON1/LON2/DLON/H
  164  146  131  119  109  101   94   86   81   77   75   73   70   66   62   60
   60   59   58   56   54   53   53   57   66   77   87   97  108  122  139  160
  182  202  220  237  251  265  277  286  296  308  325  342  356  367  376  386
  393  398  395  392  391  396  397  400  406  410  409  402  387  366  341  315
  293  273  254  237  224  213  200  183  164
    10.0-180.0 180.0   5.0 450.0                            LAT/LON1/LON2/DLON/H
  183  164  147  134  125  117  110  100   92   86   82   79   74   68   62   59
   59   58   57   55   53   52   52   57   66   78   89   99  111  125  142  163
  185  204  224  241  256  272  285  295  306  318  335  350  362  372  380  387
  389  384  378  372  372  373  372  372  375  380  381  376  363  343  320  296
  277  259  248  238  231  223  213  201  183
     7.5-180.0 180.0   5.0 450.0                            LAT/LON1/LON2/DLON/H
  197  179  160  147  138  131  124  113  104   96   90   85   78   71   63   60
   60   58   57   55   53   51   52   57   67   79   91  102  114  128  145  166
  186  206  226  244  260  276  290  301  311  323  336  349  360  370  378  384
  383  378  370  365  362  361  358  354  355  359  361  357  345  325  301  278
  260  245  239  235  232  229  222  211  197
     5.0-180.0 180.0   5.0 450.0                            LAT/LON1/LON2/DLON/H
  206  189  171  157  149  142  135  124  113  103   97   90   81   73   66   63
   61   60   59   56   54   53   53   58   68   80   93  104  117  131  148  167
  187  207  227  245  262  277  290  301  311  320  330  340  350  358  369  377
  378  376  372  368  365  361  356  350  349  352  355  350  338  316  292  268
  249  236  232  232  231  230  225  218  206
     2.5-180.0 180.0   5.0 450.0                            LAT/LON1/LON2/DLON/H
  209  195  179  165  158  152  145  133  121  110  101   93   84   75   69   65
   65   64   63   60   57   56   57   61   70   82   95  108  121  135  151  169
  187  205  224  243  261  275  287  296  304  312  319  326  332  341  353  366
  374  378  380  379  377  372  365  359  357  359  360  355  341  318  291  265
  244  232  228  228  228  227  224  219  209
