ionex_files/bejaia/igsg0630.21i
     1.0            IONOSPHERE MAPS     MIX                 IONEX VERSION / TYPE
cmpcmb v1.2          GRL/UWM            18-mar-21 03:55     PGM / RUN BY / DATE 
ionex file containing IGS COMBINED Ionosphere maps          COMMENT             
global ionosphere maps for day 063, 2021                    DESCRIPTION         
IONEX file containing the COMBINED IGS TEC MAPS and DCBs    DESCRIPTION         
      IONEX files of the following IAACs were combined: cod DESCRIPTION         
                                                        esa DESCRIPTION         
                                                        jpl DESCRIPTION         
                                                        upc DESCRIPTION         
Contact address: Andrzej Krankowski                         DESCRIPTION
                 Geodynamics Research Laboratory            DESCRIPTION
                 University of Warmia and Mazury (GRL/UWM)  DESCRIPTION
                 Oczapowski St. 1                           DESCRIPTION
                 10-957-Olsztyn, POLAND                     DESCRIPTION
                 e-mail:  kand@uwm.edu.pl                   DESCRIPTION
                                                            DESCRIPTION         
  2021     3     4     0     0     0                        EPOCH OF FIRST MAP  
  2021     3     5     0     0     0                        EPOCH OF LAST MAP   
  7200                                                      INTERVAL            
    13                                                      # OF MAPS IN FILE   
  COSZ                                                      MAPPING FUNCTION    
     0.0                                                    ELEVATION CUTOFF    
combined TEC calculated as weighted mean of input TEC valuesOBSERVABLES USED    
   379                                                      # OF STATIONS       
    32                                                      # OF SATELLITES     
  6371.0                                                    BASE RADIUS         
     2                                                      MAP DIMENSION       
   450.0 450.0   0.0                                        HGT1 / HGT2 / DHGT  
    87.5 -87.5  -2.5                                        LAT1 / LAT2 / DLAT  
  -180.0 180.0   5.0                                        LON1 / LON2 / DLON  
    -1                                                      EXPONENT            
TEC values in 0.1 tec units;  9999, if no value available   COMMENT             
DCB values in nanoseconds, reference is Sum_of_SatDCBs = 0  COMMENT             
                                                            END OF HEADER       
[from data line 858]
     3                                                      START OF TEC MAP    
  2021     3     4     4     0     0                        EPOCH OF CURRENT MAP
    87.5-180.0 180.0   5.0 450.0                            LAT/LON1/LON2/DLON/H
   46   46   46   46   45   45   45   44   44   43   43   42   42   41   41   40
   39   38   38   37   36   36   35   35   34   34   34   33   33   33   33   32
   32   32   32   33   33   33   33   34   34   35   35   35   36   37   37   38
   39   39   40   40   41   42   42   43   43   44   44   45   45   46   46   46
   46   47   47   47   47   47   47   47   46
    85.0-180.0 180.0   5.0 450.0                            LAT/LON1/LON2/DLON/H
   50   50   49   49   48   48   47   47   47   46   45   44   43   43   41   40
   39   38   37   35   34   32   31   31   30   28   27   27   26   25   25   25
   25   25   26   26   26   27   27   28   29   30   31   31   32   34   34   36
   37   39   40   41   42   44   45   46   47   48   49   50   51   51   52   52
   52   52   53   53   52   51   51   51   50
    82.5-180.0 180.0   5.0 450.0                            LAT/LON1/LON2/DLON/H
   53   52   51   50   49   48   48   48   48   47   46   46   45   44   42   41
   39   38   36   34   32   30   28   26   24   22   21   19   19   18   18   18
   19   19   19   20   21   22   23   24   25   26   27   29   30   31   33   35
   37   38   40   42   44   46   48   49   51   52   53   54   56   57   57   58
   58   58   57   57   56   55   55   53   53
    80.0-180.0 180.0   5.0 450.0                            LAT/LON1/LON2/DLON/H
   54   52   50   50   49   48   48   48   48   48   47   47   46   44   42   41
   39   37   35   33   30   28   26   22   20   18   16   15   15   14   14   15
   15   16   17   18   19   20   22   23   24   25   26   27   29   30   32   34
   36   38   40   42   45   47   50   52   54   56   58   59   60   62   63   63
   63   63   62   61   60   59   57   56   54
    77.5-180.0 180.0   5.0 450.0                            LAT/LON1/LON2/DLON/H
   54   52   50   48   47   46   46   46   46   47   46   47   48   48   46   44
   40   39   36   33   30   27   24   21   19   17   15   14   13   13   13   14
   15   16   18   20   21   22   23   24   25   26   27   28   29   31   32   34
   36   39   41   44   46   49   52   54   56   59   61   63   65   67   68   69
   69   69   68   67   65   63   61   58   54
    75.0-180.0 180.0   5.0 450.0                            LAT/LON1/LON2/DLON/H
   57   52   49   46   44   43   42   42   43   44   45   45   45   43   43   44
   41   38   37   34   31   28   25   22   19   17   15   15   14   15   15   16
   17   19   21   23   24   25   26   27   27   28   28   29   30   31   33   35
   37   40   43   46   48   51   54   57   59   62   65   67   70   72   73   74
   75   75   74   73   71   68   65   61   57
    72.5-180.0 180.0   5.0 450.0                            LAT/LON1/LON2/DLON/H
   61   55   51   47   43   41   39   39   39   39   40   41   42   44   44   43
   41   41   39   37   34   30   27   24   22   20   19   18   17   18   19   20
   22   24   25   26   28   29   29   29   29   29   29   29   30   31   33   35
   38   41   44   47   51   54   56   59   63   65   68   71   74   76   78   79
   81   81   80   79   77   74   70   65   61
    70.0-180.0 180.0   5.0 450.0                            LAT/LON1/LON2/DLON/H
   66   60   55   50   45   41   38   36   35   35   35   37   38   40   41   41
   42   42   40   39   37   34   31   28   26   25   23   22   23   23   24   26
   27   29   30   30   31   31   31   30   29   28   28   28   30   31   34   36
   40   42   46   50   53   57   60   63   66   69   72   74   77   80   82   84
   85   86   86   85   83   80   76   71   66
    67.5-180.0 180.0   5.0 450.0                            LAT/LON1/LON2/DLON/H
   72   66   61   55   49   43   39   35   33   32   32   32   34   36   38   40
   41   42   41   40   39   36   34   32   30   29   28   27   27   28   29   30
   31   32   33   32   32   31   30   28   27   26   26   27   29   31   34   38
   41   45   49   53   57   61   64   67   70   73   75   78   80   83   85   88
   90   90   90   90   88   86   82   77   72
    65.0-180.0 180.0   5.0 450.0                            LAT/LON1/LON2/DLON/H
   78   73   67   61   55   48   42   37   33   31   29   29   30   32   34   36
   39   41   40   40   40   37   36   34   33   32   31   31   32   32   32   33
   33   32   32   31   29   27   26   25   24   23   24   25   28   31   35   40
   44   49   54   58   62   66   69   72   75   77   79   81   84   86   88   90
   92   93   94   94   92   91   87   83   78
    62.5-180.0 180.0   5.0 450.0                            LAT/LON1/LON2/DLON/H
   83   78   72   66   60   54   47   41   35   31   28   26   27   28   30   33
   36   38   39   40   38   37   36   35   34   33   33   34   33   33   33   32
   32   31   29   27   24   22   21   20   19   19   21   24   27   32   37   43
   48   53   58   63   67   71   74   77   79   82   83   85   87   89   90   93
   94   94   95   95   95   93   91   88   83
    60.0-180.0 180.0   5.0 450.0                            LAT/LON1/LON2/DLON/H
   87   81   76   71   65   59   53   46   39   32   28   25   24   25   27   29
   32   35   37   37   36   35   34   34   33   32   33   33   32   31   31   29
   29   26   24   21   19   17   16   15   15   17   19   23   28   34   40   46
   52   58   64   69   72   77   80   83   86   88   89   91   92   93   94   94
   95   95   96   97   97   96   94   92   87
    57.5-180.0 180.0   5.0 450.0                            LAT/LON1/LON2/DLON/H
   90   85   80   75   69   63   57   49   42   35   29   25   23   23   24   27
   29   31   33   32   32   32   32   31   30   31   31   31   30   29   28   25
   24   22   19   16   14   13   13   13   14   16   19   24   30   37   44   51
   57   63   69   73   78   82   86   90   93   96   98   99  100  100   99   98
   97   97   97   98   98   98   96   94   90
    55.0-180.0 180.0   5.0 450.0                            LAT/LON1/LON2/DLON/H
   93   88   83   79   73   66   60   52   45   37   31   27   24   23   24   24
   26   27   27   27   27   26   27   26   26   27   27   27   27   26   25   22
   20   18   15   14   13   13   13   14   16   18   22   28   34   42   49   55
   62   68   73   78   83   88   93   97  102  105  108  109  110  108  107  104
  101  100  101  101  101  100   99   96   93
    52.5-180.0 180.0   5.0 450.0                            LAT/LON1/LON2/DLON/H
   96   92   88   83   78   71   64   56   48   40   33   29   26   24   23   24
   24   23   24   24   23   22   22   22   21   23   24   25   24   24   23   21
   19   17   16   15   15   16   18   19   21   23   27   32   39   47   54   60
   66   71   76   82   88   94  100  105  110  115  118  120  121  118  115  112
  108  106  106  105  104  103  102   98   96
    50.0-180.0 180.0   5.0 450.0                            LAT/LON1/LON2/DLON/H
   99   96   93   89   84   78   69   60   51   43   37   32   28   26   25   24
   24   23   23   23   22   21   20   20   19   20   22   23   23   23   23   23
   22   20   20   21   22   24   26   28   29   31   34   39   46   52   59   66
   71   76   81   86   92   99  106  112  118  123  127  130  130  128  124  120
  116  113  111  110  109  107  105  102   99
    47.5-180.0 180.0   5.0 450.0                            LAT/LON1/LON2/DLON/H
  103  101   98   95   91   85   76   66   57   48   42   36   33   30   27   26
   25   25   24   24   23   23   22   21   21   22   23   24   25   26   27   28
   27   27   28   29   32   34   37   38   39   40   42   46   52   58   65   71
   76   80   85   90   98  105  112  118  125  131  135  139  140  138  133  129
  124  120  118  116  114  111  109  106  103
    45.0-180.0 180.0   5.0 450.0                            LAT/LON1/LON2/DLON/H
  106  104  103  101   98   92   84   73   63   55   48   43   39   36   33   31
   30   29   28   28   28   28   27   27   27   28   29   29   31   32   34   36
   36   36   37   40   42   45   47   48   48   48   49   53   58   64   71   76
   81   87   92   97  103  111  117  124  131  137  142  145  147  146  142  137
  132  127  124  121  118  115  112  109  106
    42.5-180.0 180.0   5.0 450.0                            LAT/LON1/LON2/DLON/H
  107  105  105  105  104   99   91   81   71   62   56   51   47   43   40   39
   37   36   35   35   35   35   35   35   36   37   37   37   38   39   41   44
   44   45   46   48   51   53   55   56   55   55   55   59   64   70   77   83
   89   95  100  105  111  118  124  130  136  141  146  150  153  152  149  145
  139  134  130  126  122  118  114  110  107
    40.0-180.0 180.0   5.0 450.0                            LAT/LON1/LON2/DLON/H
  106  104  104  105  106  104   98   89   79   71   64   59   55   52   49   47
   46   45   44   44   45   45   46   46   46   47   47   46   45   46   47   49
   51   52   52   54   56   58   60   61   60   59   61   65   71   77   84   91
   98  104  109  115  120  126  131  136  141  145  150  154  158  158  156  152
  146  141  136  132  127  121  115  109  106
    37.5-180.0 180.0   5.0 450.0                            LAT/LON1/LON2/DLON/H
  103  100  100  102  104  105  102   95   86   79   74   69   65   61   59   58
   56   56   55   54   54   55   56   57   58   58   56   54   53   52   52   53
   55   55   55   56   58   60   62   63   63   63   65   70   76   84   91   99
  106  113  119  125  129  134  139  143  147  151  156  161  164  166  165  161
  155  149  144  138  132  124  116  109  103
    35.0-180.0 180.0   5.0 450.0                            LAT/LON1/LON2/DLON/H
  102   96   94   95   98  101  101   97   91   86   81   78   74   71   69   68
   66   66   65   64   64   65   66   66   67   66   64   62   58   56   55   55
   57   57   57   57   58   60   62   63   64   64   67   73   81   89   97  105
  113  121  128  134  139  143  148  153  157  162  166  171  175  177  176  173
  168  162  155  149  142  132  120  111  102
    32.5-180.0 180.0   5.0 450.0                            LAT/LON1/LON2/DLON/H
  105   95   89   87   89   93   97   96   92   88   86   84   82   80   78   76
   75   74   73   73   73   73   74   73   74   72   70   68   64   60   58   58
   58   58   57   57   57   59   61   61   62   64   67   75   84   93  101  110
  118  127  135  142  148  154  160  166  171  177  182  187  192  194  193  191
  186  180  173  167  160  147  133  119  105
    30.0-180.0 180.0   5.0 450.0                            LAT/LON1/LON2/DLON/H
  117  100   89   84   83   87   90   90   89   87   86   86   85   85   84   83
   82   81   80   79   80   79   79   78   78   77   75   72   68   64   61   60
   60   59   58   56   56   56   58   58   59   61   66   75   85   95  104  113
  123  132  141  149  157  165  174  182  191  199  205  210  215  217  217  215
  211  206  201  194  183  169  155  137  117
    27.5-180.0 180.0   5.0 450.0                            LAT/LON1/LON2/DLON/H
  141  117   99   88   83   83   84   84   83   82   82   84   84   85   86   86
   86   85   84   83   83   83   81   80   79   79   78   76   72   68   65   63
   62   61   59   56   54   54   55   54   55   58   63   73   85   96  107  117
  128  138  147  156  166  177  189  201  213  224  231  237  242  246  246  244
  243  239  238  231  218  203  185  166  141
    25.0-180.0 180.0   5.0 450.0                            LAT/LON1/LON2/DLON/H
  176  150  122  102   91   85   82   80   77   77   78   79   81   82   84   85
   86   85   85   85   84   84   82   80   80   80   79   78   75   71   68   67
   66   64   61   58   55   53   52   51   51   53   59   70   83   96  109  120
  132  142  153  164  176  190  206  221  237  249  257  265  272  276  277  276
  277  275  278  274  261  245  226  205  176
    22.5-180.0 180.0   5.0 450.0                            LAT/LON1/LON2/DLON/H
  225  193  161  132  113  100   88   80   74   74   75   75   76   78   80   82
   83   83   82   82   83   83   81   80   78   78   78   78   76   74   71   70
   69   68   65   62   57   53   50   48   47   48   55   67   81   95  110  122
  136  147  159  172  188  205  224  242  258  271  281  290  298  306  307  311
  311  313  318  314  304  289  270  252  225
    20.0-180.0 180.0   5.0 450.0                            LAT/LON1/LON2/DLON/H
  274  246  210  179  151  127  106   90   79   77   75   73   73   73   75   78
   79   79   78   78   79   80   80   79   77   75   74   75   76   76   74   73
   73   73   71   67   61   54   50   46   44   45   52   65   80   96  112  126
  139  153  166  182  200  221  241  260  277  290  298  308  317  327  333  339
  341  345  348  347  338  326  312  297  274
    17.5-180.0 180.0   5.0 450.0                            LAT/LON1/LON2/DLON/H
  315  293  266  235  200  168  138  114   95   85   80   75   72   70   72   74
   75   75   74   73   74   75   77   77   75   72   70   72   75   77   77   78
   78   79   77   72   65   57   51   46   43   44   51   64   79   96  113  129
  144  158  175  193  213  235  255  274  291  302  309  319  329  339  350  357
  363  369  370  368  365  355  346  334  315
    15.0-180.0 180.0   5.0 450.0                            LAT/LON1/LON2/DLON/H
  341  326  312  291  257  217  180  148  121  103   93   86   79   74   72   73
   74   74   73   70   70   72   74   76   73   70   67   70   75   78   80   81
   82   82   80   74   68   61   55   48   43   43   50   63   79   97  115  132
  148  165  182  203  225  247  267  284  299  308  315  323  333  344  355  364
  373  379  382  381  377  371  365  356  341
    12.5-180.0 180.0   5.0 450.0                            LAT/LON1/LON2/DLON/H
  355  347  344  335  308  268  226  188  155  130  116  105   94   86   81   78
   78   77   75   72   71   73   75   76   74   70   67   70   74   79   82   83
   84   84   82   78   72   65   58   50   45   44   50   63   80   98  117  134
  152  170  189  211  235  258  275  288  301  311  316  323  332  343  353  364
  374  381  386  384  382  378  374  366  355
    10.0-180.0 180.0   5.0 450.0                            LAT/LON1/LON2/DLON/H
  363  358  363  363  344  307  268  228  193  162  147  132  116  105   95   90
   87   85   83   80   78   79   81   82   80   75   71   73   77   81   83   84
   86   86   84   80   75   69   61   53   47   46   52   64   82  100  119  137
  155  174  193  216  240  262  277  288  300  309  315  321  329  338  349  360
  371  379  383  382  381  378  376  369  363
     7.5-180.0 180.0   5.0 450.0                            LAT/LON1/LON2/DLON/H
  365  362  370  379  367  337  297  258  226  198  179  162  144  128  117  108
  103  101   98   94   92   91   93   93   92   87   81   81   83   85   86   87
   88   88   86   83   77   71   63   55   49   48   53   66   84  102  121  139
  157  175  195  216  238  259  273  285  297  308  315  322  329  336  346  357
  368  376  380  380  380  377  374  369  365
     5.0-180.0 180.0   5.0 450.0                            LAT/LON1/LON2/DLON/H
  365  366  374  384  378  353  319  283  255  230  210  195  175  158  144  132
  127  126  121  117  113  110  109  111  110  105   98   94   93   92   90   90
   90   90   88   84   78   71   63   55   50   49   55   68   85  104  122  139
  156  173  191  211  232  250  265  279  293  306  316  324  330  337  347  357
  369  376  381  382  382  379  374  368  365
     2.5-180.0 180.0   5.0 450.0                            LAT/LON1/LON2/DLON/H
  369  371  381  388  384  362  331  300  275  254  236  222  206  189  176  163
  159  157  152  150  141  135  133  135  133  127  118  110  105  101   96   93
   92   90   87   83   77   70   62   54   49   50   56   70   87  105  122  139
  154  169  186  204  221  238  253  269  286  302  314  322  330  338  348  359
  369  378  383  386  387  384  377  371  369
