ionex_files/bejaia/igsg0690.21i
     1.0            IONOSPHERE MAPS     MIX                 IONEX VERSION / TYPE
cmpcmb v1.2          GRL/UWM             1-apr-21 07:53     PGM / RUN BY / DATE 
ionex file containing IGS COMBINED Ionosphere maps          COMMENT             
global ionosphere maps for day 069, 2021                    DESCRIPTION         
IONEX file containing the COMBINED IGS TEC MAPS and DCBs    DESCRIPTION         
      IONEX files of the following IAACs were combined: cod DESCRIPTION         
                                                        esa DESCRIPTION         
                                                        jpl DESCRIPTION         
                                                        upc DESCRIPTION         
Contact address: Andrzej Krankowski                         DESCRIPTION
                 Geodynamics Research Laboratory            DESCRIPTION
                 University of Warmia and Mazury (GRL/UWM)  DESCRIPTION
                 Oczapowski St. 1                           DESCRIPTION
                 10-957-Olsztyn, POLAND                     DESCRIPTION
                 e-mail:  kand@uwm.edu.pl                   DESCRIPTION
                                                            DESCRIPTION         
  2021     3    10     0     0     0                        EPOCH OF FIRST MAP  
  2021     3    11     0     0     0                        EPOCH OF LAST MAP   
  7200                                                      INTERVAL            
    13                                                      # OF MAPS IN FILE   
  COSZ                                                      MAPPING FUNCTION    
     0.0                                                    ELEVATION CUTOFF    
combined TEC calculated as weighted mean of input TEC valuesOBSERVABLES USED    
   377                                                      # OF STATIONS       
    32                                                      # OF SATELLITES     
  6371.0                                                    BASE RADIUS         
     2                                                      MAP DIMENSION       
   450.0 450.0   0.0                                        HGT1 / HGT2 / DHGT  
    87.5 -87.5  -2.5                                        LAT1 / LAT2 / DLAT  
  -180.0 180.0   5.0                                        LON1 / LON2 / DLON  
    -1                                                      EXPONENT            
TEC values in 0.1 tec units;  9999, if no value available   COMMENT             
DCB values in nanoseconds, reference is Sum_of_SatDCBs = 0  COMMENT             
                                                            END OF HEADER       
[from data line 5148]
    13                                                      START OF TEC MAP    
  2021     3    11     0     0     0                        EPOCH OF CURRENT MAP
    87.5-180.0 180.0   5.0 450.0                            LAT/LON1/LON2/DLON/H
   55   55   55   55   55   55   55   54   54   54   54   53   53   52   52   51
   51   50   50   49   48   47   47   46   45   44   44   43   42   42   42   41
   41   40   40   40   40   40   40   40   40   41   41   41   42   43   44   44
   45   45   46   47   47   48   48   49   50   50   51   51   52   52   53   53
   53   53   54   54   54   55   55   55   55
    85.0-180.0 180.0   5.0 450.0                            LAT/LON1/LON2/DLON/H
   59   59   59   59   59   59   59   58   59   58   58   58   57   57   56   55
   54   53   52   50   49   48   46   44   43   41   40   38   37   35   34   33
   33   33   32   32   32   32   33   33   34   34   35   36   37   38   39   41
   42   44   45   46   47   48   50   50   52   52   53   54   55   55   56   57
   57   57   58   58   58   58   59   59   59
    82.5-180.0 180.0   5.0 450.0                            LAT/LON1/LON2/DLON/H
   59   60   60   60   61   61   62   62   63   63   64   64   63   63   61   60
   59   56   54   52   50   48   45   43   40   37   34   31   29   26   25   23
   23   22   22   23   23   24   25   26   27   29   30   32   33   35   37   39
   41   42   44   46   47   49   50   52   53   54   55   56   57   57   58   59
   59   59   59   59   60   59   59   59   59
    80.0-180.0 180.0   5.0 450.0                            LAT/LON1/LON2/DLON/H
   61   61   62   63   63   64   65   66   68   69   69   69   69   68   67   65
   63   61   58   55   51   48   45   40   36   34   30   28   25   22   20   18
   17   16   16   16   17   18   20   21   23   25   27   29   31   33   35   37
   39   41   43   45   46   48   50   51   53   54   56   57   58   59   59   59
   60   60   60   60   59   60   59   60   61
    77.5-180.0 180.0   5.0 450.0                            LAT/LON1/LON2/DLON/H
   63   64   64   64   66   67   69   70   72   73   75   76   75   74   73   71
   69   66   63   59   55   51   45   40   36   32   28   24   22   19   16   14
   13   12   12   13   14   16   17   18   20   22   24   27   29   31   33   34
   36   38   40   42   44   46   48   50   52   54   55   57   58   59   59   60
   61   61   61   61   61   61   62   63   63
    75.0-180.0 180.0   5.0 450.0                            LAT/LON1/LON2/DLON/H
   67   66   67   68   69   70   72   74   76   78   78   78   78   77   75   73
   71   69   65   61   56   52   47   42   38   33   29   24   21   19   17   14
   13   12   12   13   13   15   16   18   19   21   23   25   26   28   29   31
   32   34   36   38   40   42   45   48   50   52   54   56   58   60   61   62
   62   63   63   64   65   65   66   66   67
    72.5-180.0 180.0   5.0 450.0                            LAT/LON1/LON2/DLON/H
   71   71   71   71   71   73   74   76   77   78   79   80   79   78   77   74
   74   70   66   61   58   54   49   43   39   35   31   27   23   21   19   18
   16   15   15   15   15   16   17   18   19   20   21   22   23   23   25   26
   26   28   30   32   35   38   40   44   47   50   53   56   58   60   62   64
   65   66   67   69   69   70   71   71   71
    70.0-180.0 180.0   5.0 450.0                            LAT/LON1/LON2/DLON/H
   77   77   76   75   75   75   76   77   78   79   80   80   79   78   76   74
   73   69   65   63   60   55   50   45   42   37   33   30   28   25   23   22
   21   19   19   19   19   19   19   20   19   19   19   19   19   19   20   20
   21   22   24   26   29   32   36   40   44   48   52   56   59   62   64   66
   68   70   72   74   75   77   77   78   77
    67.5-180.0 180.0   5.0 450.0                            LAT/LON1/LON2/DLON/H
   84   83   81   79   78   78   77   78   79   79   80   79   78   77   75   74
   71   69   66   63   60   56   52   47   43   38   35   32   30   29   28   27
   25   24   24   22   22   21   21   20   20   19   19   17   16   16   16   16
   16   17   19   21   24   28   33   37   43   48   52   57   60   64   67   69
   72   74   77   80   82   84   85   85   84
    65.0-180.0 180.0   5.0 450.0                            LAT/LON1/LON2/DLON/H
   91   89   86   83   81   79   79   79   79   79   79   78   77   76   75   74
   71   70   67   64   60   57   53   48   43   39   35   33   32   31   30   29
   28   27   26   25   24   22   22   22   21   20   19   17   15   14   14   13
   14   14   15   18   21   25   30   36   42   49   54   59   64   67   70   73
   76   79   81   85   87   90   91   92   91
    62.5-180.0 180.0   5.0 450.0                            LAT/LON1/LON2/DLON/H
   98   95   91   87   84   81   80   80   80   80   80   79   78   78   77   75
   73   71   70   67   63   59   55   49   44   40   36   35   34   33   32   31
   30   29   27   25   24   22   22   22   21   21   20   18   17   15   14   14
   14   14   15   17   20   24   30   36   43   50   57   63   68   72   75   78
   80   83   85   89   92   95   97   98   98
    60.0-180.0 180.0   5.0 450.0                            LAT/LON1/LON2/DLON/H
  103  101   97   92   87   85   83   82   82   81   81   81   80   79   78   77
   76   75   73   70   66   62   56   51   46   42   39   37   36   35   34   33
   31   29   27   24   23   21   21   22   23   23   23   22   20   18   17   18
   18   19   20   21   23   27   32   38   45   53   61   69   73   77   80   82
   85   86   89   92   96  100  102  104  103
    57.5-180.0 180.0   5.0 450.0                            LAT/LON1/LON2/DLON/H
  110  108  104   98   93   88   86   85   84   84   83   82   81   79   79   80
   79   78   75   71   68   63   57   52   47   44   41   40   39   38   37   35
   33   30   27   25   24   23   23   25   26   28   28   27   26   24   24   25
   26   26   27   28   29   31   36   41   49   58   66   75   79   83   85   87
   89   90   92   95   99  104  107  109  110
    55.0-180.0 180.0   5.0 450.0                            LAT/LON1/LON2/DLON/H
  118  116  112  107  100   95   91   88   86   85   84   83   82   81   82   83
   83   81   77   73   68   62   58   54   50   47   45   44   43   42   41   39
   36   32   30   27   27   27   27   30   32   34   34   34   33   33   34   35
   37   37   37   38   37   38   41   45   53   63   71   80   84   88   90   92
   93   94   97   99  103  108  113  116  118
    52.5-180.0 180.0   5.0 450.0                            LAT/LON1/LON2/DLON/H
  126  125  122  116  110  103   98   94   90   88   86   84   84   85   86   86
   85   83   79   74   68   63   60   56   54   51   50   50   48   46   45   43
   40   37   34   32   32   33   35   38   40   42   43   42   43   43   44   48
   49   49   48   48   47   46   47   52   59   67   75   83   87   91   94   95
   97   99  102  105  109  114  120  124  126
    50.0-180.0 180.0   5.0 450.0                            LAT/LON1/LON2/DLON/H
  135  136  134  128  122  114  107  100   95   92   89   88   88   89   89   89
   88   85   81   76   70   65   62   60   59   57   55   55   53   51   49   47
   45   42   40   39   40   41   44   46   48   51   52   52   53   54   56   58
   60   62   62   59   57   55   55   59   65   72   79   85   89   93   95   98
  101  104  108  112  116  122  128  132  135
    47.5-180.0 180.0   5.0 450.0                            LAT/LON1/LON2/DLON/H
  145  147  144  140  133  125  117  109  103   98   95   93   93   93   93   93
   91   88   84   79   74   71   69   67   66   64   61   59   57   55   53   51
   49   47   46   46   47   50   52   55   56   59   60   60   61   62   63   67
   70   73   72   69   66   63   63   66   71   77   83   88   91   93   96  101
  104  109  115  119  124  130  137  142  145
    45.0-180.0 180.0   5.0 450.0                            LAT/LON1/LON2/DLON/H
  155  157  155  150  143  136  127  119  112  106  102   99   98   98   98   97
   96   93   89   85   82   80   78   76   74   70   66   62   59   57   55   53
   52   52   52   53   55   58   60   61   62   63   65   66   66   67   70   73
   79   81   80   77   72   69   69   72   77   83   88   92   94   96   98  103
  109  114  123  130  135  140  147  152  155
    42.5-180.0 180.0   5.0 450.0                            LAT/LON1/LON2/DLON/H
  165  166  164  159  152  144  136  128  120  114  110  107  105  104  104  104
  102   99   97   95   92   91   89   85   82   74   68   65   61   57   56   55
   55   55   57   59   61   64   66   65   65   66   69   70   71   73   77   81
   85   87   86   81   76   73   73   77   82   88   93   96   97   99  100  106
  113  121  131  140  147  152  158  162  165
    40.0-180.0 180.0   5.0 450.0                            LAT/LON1/LON2/DLON/H
  173  174  171  164  157  151  143  136  128  122  117  114  113  112  111  111
  109  108  106  105  104  102   99   93   86   77   68   64   61   58   56   56
   57   58   61   64   66   68   69   69   70   70   73   74   77   79   83   87
   90   91   89   84   79   76   77   81   86   92   97  100  101  102  104  109
  118  128  140  150  159  166  170  172  173
    37.5-180.0 180.0   5.0 450.0                            LAT/LON1/LON2/DLON/H
  183  181  176  170  162  155  149  142  136  130  126  122  121  120  120  120
  118  118  117  117  115  113  107   98   88   77   67   63   60   58   57   58
   60   62   65   67   70   71   73   73   74   75   77   79   81   83   86   89
   91   92   89   85   81   79   80   84   90   97  101  104  105  106  108  114
  124  135  149  161  173  180  185  185  183
    35.0-180.0 180.0   5.0 450.0                            LAT/LON1/LON2/DLON/H
  199  194  186  177  168  161  153  148  143  137  134  130  129  128  128  128
  128  128  128  127  126  121  112   99   88   77   67   64   62   61   61   62
   64   67   69   71   73   76   77   77   78   79   82   83   84   85   87   89
   90   89   86   82   78   78   80   86   93  100  104  107  109  111  113  119
  129  143  158  174  189  199  204  204  199
    32.5-180.0 180.0   5.0 450.0                            LAT/LON1/LON2/DLON/H
  223  215  204  191  178  168  159  153  149  145  141  137  137  136  136  136
  136  137  137  136  133  125  113  100   88   79   72   70   68   67   67   70
   72   74   75   77   78   82   83   82   81   82   85   86   85   86   86   86
   86   84   82   77   74   74   79   85   94  101  107  110  112  115  118  125
  136  151  170  190  207  220  227  228  223
    30.0-180.0 180.0   5.0 450.0                            LAT/LON1/LON2/DLON/H
  256  247  233  215  196  180  168  162  156  152  148  145  145  145  143  142
  142  143  144  143  137  127  114  100   90   84   81   80   79   79   80   81
   84   85   84   84   84   87   88   87   86   85   87   87   87   85   84   83
   82   79   76   71   69   70   75   83   92  101  107  112  116  119  124  132
  144  161  182  206  227  246  257  260  256
    27.5-180.0 180.0   5.0 450.0                            LAT/LON1/LON2/DLON/H
  295  286  271  248  224  202  187  176  169  162  158  154  153  153  151  149
  148  149  149  147  140  128  115  102   96   95   96   97   97   95   96   96
   98   97   94   91   90   92   93   93   91   90   89   88   87   85   83   81
   77   74   70   66   64   64   70   80   90  100  107  113  118  124  129  139
  152  172  198  226  252  276  291  299  295
    25.0-180.0 180.0   5.0 450.0                            LAT/LON1/LON2/DLON/H
  338  333  313  287  259  232  211  197  187  178  172  166  164  163  160  156
  154  154  154  151  144  131  118  109  110  114  118  119  118  114  112  111
  112  109  102   98   96   96   97   98   96   93   91   90   87   84   80   77
   73   69   65   61   58   59   65   76   88   98  106  112  119  126  134  145
  162  184  216  248  278  307  326  337  338
    22.5-180.0 180.0   5.0 450.0                            LAT/LON1/LON2/DLON/H
  382  378  360  330  299  270  245  226  213  201  192  183  180  175  171  166
  161  160  159  156  148  136  125  123  131  143  149  151  143  135  127  124
  123  118  110  104  100   99   99  100   98   95   92   89   86   82   77   72
   67   63   59   56   54   54   60   72   85   96  104  112  120  129  139  154
  173  200  233  270  305  335  354  372  382
    20.0-180.0 180.0   5.0 450.0                            LAT/LON1/LON2/DLON/H
  408  416  402  374  340  309  281  260  244  230  216  208  201  196  187  180
  171  168  165  162  154  144  140  145  160  175  183  182  168  154  140  131
  128  123  114  106  101   99   98   98   96   94   91   88   84   78   72   67
   61   56   54   51   49   49   55   69   82   95  104  113  122  134  145  161
  182  210  244  284  322  352  371  390  408
    17.5-180.0 180.0   5.0 450.0                            LAT/LON1/LON2/DLON/H
  411  427  428  407  376  346  320  301  283  266  249  237  228  220  208  197
  185  179  175  172  166  162  164  173  190  204  209  203  188  167  150  134
  129  124  115  104   99   96   94   93   91   90   87   84   81   75   68   61
   55   50   49   46   44   45   53   67   83   96  106  116  127  139  152  168
  189  218  252  289  320  349  369  388  411
    15.0-180.0 180.0   5.0 450.0                            LAT/LON1/LON2/DLON/H
  391  414  425  418  398  374  353  338  322  303  285  271  260  250  234  221
  204  197  192  191  188  189  195  204  216  223  222  209  191  168  147  131
  128  122  112  101   95   90   87   85   85   84   82   79   76   70   62   56
   51   46   44   42   42   44   53   68   85   99  110  121  132  145  159  175
  196  222  252  281  310  331  345  365  391
    12.5-180.0 180.0   5.0 450.0                            LAT/LON1/LON2/DLON/H
  355  380  398  406  400  387  375  367  357  340  321  305  291  282  265  248
  232  224  217  217  215  218  225  230  232  230  220  201  178  154  135  126
  122  118  109   98   92   85   81   79   79   79   77   74   70   64   58   52
   47   43   41   40   39   43   52   68   85  102  114  125  138  151  165  182
  201  225  250  272  292  303  315  331  355
    10.0-180.0 180.0   5.0 450.0                            LAT/LON1/LON2/DLON/H
  311  336  361  378  384  384  383  384  384  373  355  336  321  312  295  279
  264  255  248  246  244  244  246  245  236  224  207  183  158  136  121  116
  116  113  106   97   92   83   78   76   75   75   73   70   65   61   56   50
   44   41   39   38   38   42   52   68   87  103  116  129  142  157  172  187
  206  227  247  264  276  281  286  295  311
     7.5-180.0 180.0   5.0 450.0                            LAT/LON1/LON2/DLON/H
  274  294  320  343  356  367  376  389  396  393  378  361  349  338  324  307
  293  285  278  274  270  264  258  248  231  210  189  163  140  122  112  110
  111  110  105   98   94   85   78   75   74   74   72   67   62   58   53   47
   42   39   38   37   37   41   50   67   88  105  118  131  146  161  176  192
  209  228  245  258  266  266  265  265  274
     5.0-180.0 180.0   5.0 450.0                            LAT/LON1/LON2/DLON/H
  251  266  288  311  327  343  359  378  391  398  392  382  371  359  347  331
  317  308  304  299  288  274  260  245  221  194  171  149  130  117  111  110
  111  111  108  103   99   89   81   77   76   75   71   66   61   56   51   46
   40   38   38   38   37   40   50   67   87  105  118  132  147  163  178  193
  209  227  243  255  263  263  258  252  251
     2.5-180.0 180.0   5.0 450.0                            LAT/LON1/LON2/DLON/H
  250  257  272  291  304  320  338  359  375  387  390  387  380  372  360  347
  332  322  317  309  295  275  256  236  210  182  159  142  129  121  117  116
  116  117  115  110  106   95   87   83   81   78   72   66   59   54   49   44
   39   37   38   37   37   40   50   67   87  104  117  131  146  163  178  192
  208  225  241  255  265  269  266  257  250
