ionex_files/bejaia/igsg0900.21i
     1.0            IONOSPHERE MAPS     MIX                 IONEX VERSION / TYPE
cmpcmb v1.2          GRL/UWM            15-apr-21 05:52     PGM / RUN BY / DATE 
ionex file containing IGS COMBINED Ionosphere maps          COMMENT             
global ionosphere maps for day 090, 2021                    DESCRIPTION         
IONEX file containing the COMBINED IGS TEC MAPS and DCBs    DESCRIPTION         
      IONEX files of the following IAACs were combined: cod DESCRIPTION         
                                                        esa DESCRIPTION         
                                                        jpl DESCRIPTION         
                                                        upc DESCRIPTION         
Contact address: Andrzej Krankowski                         DESCRIPTION
                 Geodynamics Research Laboratory            DESCRIPTION
                 University of Warmia and Mazury (GRL/UWM)  DESCRIPTION
                 Oczapowski St. 1                           DESCRIPTION
                 10-957-Olsztyn, POLAND                     DESCRIPTION
                 e-mail:  kand@uwm.edu.pl                   DESCRIPTION
                                                            DESCRIPTION         
  2021     3    31     0     0     0                        EPOCH OF FIRST MAP  
  2021     4     1     0     0     0                        EPOCH OF LAST MAP   
  7200                                                      INTERVAL            
    13                                                      # OF MAPS IN FILE   
  COSZ                                                      MAPPING FUNCTION    
     0.0                                                    ELEVATION CUTOFF    
combined TEC calculated as weighted mean of input TEC valuesOBSERVABLES USED    
   378                                                      # OF STATIONS       
    32                                                      # OF SATELLITES     
  6371.0                                                    BASE RADIUS         
     2                                                      MAP DIMENSION       
   450.0 450.0   0.0                                        HGT1 / HGT2 / DHGT  
    87.5 -87.5  -2.5                                        LAT1 / LAT2 / DLAT  
  -180.0 180.0   5.0                                        LON1 / LON2 / DLON  
    -1                                                      EXPONENT            
TEC values in 0.1 tec units;  9999, if no value available   COMMENT             
DCB values in nanoseconds, reference is Sum_of_SatDCBs = 0  COMMENT             
                                                            END OF HEADER       
[from data line 4290]
    11                                                      START OF TEC MAP    
  2021     3    31    20     0     0                        EPOCH OF CURRENT MAP
    87.5-180.0 180.0   5.0 450.0                            LAT/LON1/LON2/DLON/H
   63   63   63   63   64   64   64   64   64   64   64   64   64   64   64   64
   64   63   63   63   63   62   62   62   61   61   61   60   59   59   59   59
   58   58   58   57   57   57   57   57   57   56   56   56   56   57   57   57
   57   57   57   58   58   58   58   59   59   59   59   60   60   60   60   61
   61   61   61   61   62   62   63   63   63
    85.0-180.0 180.0   5.0 450.0                            LAT/LON1/LON2/DLON/H
   64   65   65   66   66   67   67   67   68   68   68   68   68   68   68   68
   67   68   67   67   66   66   65   64   63   63   62   61   60   59   59   58
   57   56   56   55   55   54   54   54   53   53   53   53   53   53   53   53
   53   53   54   54   55   55   56   56   56   57   57   58   58   59   59   60
   60   61   61   62   62   63   63   64   64
    82.5-180.0 180.0   5.0 450.0                            LAT/LON1/LON2/DLON/H
   65   66   67   68   69   69   70   70   70   71   71   71   71   72   72   72
   72   71   71   71   70   69   68   67   66   64   63   62   61   59   58   57
   56   55   54   53   53   52   51   51   51   51   50   50   51   50   51   51
   51   51   51   51   51   51   51   52   53   53   54   54   55   56   56   57
   58   59   60   61   62   63   63   64   65
    80.0-180.0 180.0   5.0 450.0                            LAT/LON1/LON2/DLON/H
   65   66   67   68   69   69   70   71   71   73   73   74   74   74   74   75
   75   75   75   75   74   74   72   70   69   68   66   65   63   60   59   57
   55   54   52   51   50   50   49   48   48   48   48   48   48   48   48   48
   48   49   49   48   48   47   47   47   47   47   48   49   49   50   52   52
   54   55   57   58   60   61   63   64   65
    77.5-180.0 180.0   5.0 450.0                            LAT/LON1/LON2/DLON/H
   64   65   66   67   68   68   70   71   72   73   73   74   75   76   77   78
   78   78   78   77   78   77   75   74   72   71   69   66   64   61   59   56
   55   52   51   49   48   47   46   45   45   45   45   45   45   45   45   45
   45   46   46   45   44   44   43   42   42   41   42   42   43   44   46   47
   49   51   53   55   57   59   61   62   64
    75.0-180.0 180.0   5.0 450.0                            LAT/LON1/LON2/DLON/H
   62   63   64   65   66   67   68   69   70   72   73   76   77   78   79   80
   81   81   80   80   80   79   78   77   74   72   70   67   64   61   58   56
   53   50   48   46   44   42   42   41   40   40   41   41   42   41   41   41
   41   42   42   42   41   40   39   38   37   37   36   37   37   38   39   42
   43   46   49   51   54   56   59   60   62
    72.5-180.0 180.0   5.0 450.0                            LAT/LON1/LON2/DLON/H
   61   62   63   63   64   65   66   67   69   72   74   76   78   80   82   83
   83   82   83   82   81   80   79   78   76   73   71   67   64   61   57   54
   51   48   45   42   39   38   37   37   36   35   35   35   36   36   36   36
   36   37   38   38   37   36   34   33   32   32   32   31   32   32   34   36
   38   41   44   48   51   54   57   59   61
    70.0-180.0 180.0   5.0 450.0                            LAT/LON1/LON2/DLON/H
   60   62   62   63   63   65   66   67   70   72   75   78   81   83   85   85
   84   85   83   83   82   81   80   78   77   74   71   68   64   61   57   53
   49   45   43   40   36   34   32   31   31   31   30   30   30   30   31   31
   31   32   33   33   32   31   30   28   28   27   27   28   28   28   29   31
   33   36   40   44   49   52   56   58   60
    67.5-180.0 180.0   5.0 450.0                            LAT/LON1/LON2/DLON/H
   61   63   64   64   65   66   67   69   71   74   77   80   83   85   87   87
   87   85   84   84   82   81   80   78   76   74   71   68   64   61   57   53
   48   44   40   37   34   31   29   27   27   27   26   25   25   25   26   27
   27   28   27   27   27   27   26   25   25   25   26   26   26   27   27   29
   31   34   38   43   48   52   56   59   61
    65.0-180.0 180.0   5.0 450.0                            LAT/LON1/LON2/DLON/H
   64   66   67   67   68   69   70   72   74   77   80   83   85   87   87   87
   87   85   85   84   82   81   80   78   76   74   72   68   65   62   59   54
   50   45   41   36   32   30   27   26   26   26   24   24   24   24   24   24
   25   24   24   24   24   23   24   24   24   25   26   27   28   29   29   30
   32   35   38   43   48   54   57   61   64
    62.5-180.0 180.0   5.0 450.0                            LAT/LON1/LON2/DLON/H
   67   70   71   72   73   74   75   76   78   80   82   85   86   87   88   87
   87   86   85   84   83   83   82   80   77   75   73   70   67   65   62   58
   54   49   44   39   35   32   29   29   28   28   27   26   25   25   25   25
   25   24   24   23   23   23   23   25   27   29   30   32   33   34   34   35
   36   38   41   45   51   55   60   64   67
    60.0-180.0 180.0   5.0 450.0                            LAT/LON1/LON2/DLON/H
   71   74   77   78   80   81   82   82   83   84   85   85   86   87   88   88
   87   85   85   84   84   84   84   82   80   78   76   73   71   69   67   64
   59   54   50   45   41   38   35   35   34   34   34   32   31   30   30   29
   28   27   27   27   26   26   28   30   32   35   37   39   41   42   42   42
   43   44   46   49   53   58   63   68   71
    57.5-180.0 180.0   5.0 450.0                            LAT/LON1/LON2/DLON/H
   75   79   82   85   87   89   89   90   89   87   87   87   87   87   88   88
   87   86   85   85   85   85   86   84   82   81   80   78   76   75   74   71
   67   61   56   52   48   45   43   43   43   43   42   41   40   39   38   37
   36   35   34   33   32   33   34   37   40   43   46   48   51   51   52   51
   50   51   52   54   57   61   66   71   75
    55.0-180.0 180.0   5.0 450.0                            LAT/LON1/LON2/DLON/H
   79   84   88   91   95   96   97   97   95   93   90   89   88   89   89   90
   88   87   86   86   86   86   87   87   86   85   84   84   83   82   81   79
   75   69   64   60   56   54   53   53   54   53   53   52   50   49   47   46
   45   44   43   42   41   42   43   45   48   52   55   58   60   61   61   60
   58   57   58   60   63   66   70   74   79
    52.5-180.0 180.0   5.0 450.0                            LAT/LON1/LON2/DLON/H
   83   89   94   99  103  105  106  105  104  100   97   94   92   92   92   93
   91   90   88   87   87   88   88   90   90   90   90   90   90   90   89   86
   81   76   71   68   65   63   63   64   64   65   64   63   61   60   57   56
   54   53   52   51   50   50   51   52   55   59   63   66   68   69   68   68
   64   62   65   67   69   71   74   78   83
    50.0-180.0 180.0   5.0 450.0                            LAT/LON1/LON2/DLON/H
   89   94  100  105  110  114  116  116  114  111  107  103  101  100   99   98
   97   94   92   90   90   90   91   93   95   95   97   98   98   98   96   93
   87   81   77   74   72   72   73   74   74   75   74   73   71   69   67   65
   64   63   61   59   57   56   57   58   60   64   68   72   74   75   74   73
   70   68   70   72   74   76   79   83   89
    47.5-180.0 180.0   5.0 450.0                            LAT/LON1/LON2/DLON/H
   94  100  106  112  119  123  125  127  126  124  121  117  114  112  110  108
  105  102   98   95   93   93   95   97  100  103  105  106  106  105  103   98
   92   86   83   80   78   79   81   83   83   83   83   81   79   77   75   74
   72   71   69   67   64   63   63   64   65   68   72   76   78   80   78   77
   75   73   74   76   77   80   84   88   94
    45.0-180.0 180.0   5.0 450.0                            LAT/LON1/LON2/DLON/H
   99  106  113  119  127  132  135  139  141  141  138  135  131  128  124  121
  116  112  106  102  100  100  102  104  108  112  114  115  114  112  108  102
   95   90   87   84   84   86   88   89   90   90   89   88   86   84   82   81
   80   79   76   74   71   69   69   69   69   71   75   78   82   83   82   80
   78   77   77   79   80   84   88   93   99
    42.5-180.0 180.0   5.0 450.0                            LAT/LON1/LON2/DLON/H
  104  112  119  126  133  140  145  151  156  160  159  156  153  148  142  138
  131  124  117  112  109  109  111  114  118  121  123  122  121  118  113  107
   99   94   91   90   90   92   94   94   94   93   93   93   92   91   90   89
   87   85   82   79   75   72   71   70   71   72   75   79   82   85   84   82
   81   80   81   83   85   89   93   99  104
    40.0-180.0 180.0   5.0 450.0                            LAT/LON1/LON2/DLON/H
  110  117  124  131  138  146  154  162  170  177  179  177  175  168  163  155
  147  138  130  124  121  121  123  125  129  131  132  130  127  123  119  113
  106  101   98   97   97   98   98   98   97   96   97   98   99   98   97   95
   93   89   85   81   76   72   70   69   71   73   75   77   81   84   84   83
   83   83   85   89   91   95   98  104  110
    37.5-180.0 180.0   5.0 450.0                            LAT/LON1/LON2/DLON/H
  116  123  130  137  144  152  162  172  182  191  196  196  193  188  182  174
  164  154  144  138  135  135  137  139  141  142  142  139  136  132  128  123
  118  113  109  106  105  105  103  102  100  100  101  103  105  104  102   98
   95   90   86   82   77   72   69   68   69   70   72   75   79   81   83   83
   83   84   88   93   97  100  104  109  116
    35.0-180.0 180.0   5.0 450.0                            LAT/LON1/LON2/DLON/H
  120  128  135  142  149  157  168  180  192  201  209  211  209  206  200  191
  182  171  160  153  150  151  152  154  155  154  152  149  146  144  141  138
  135  129  123  118  115  112  109  105  102  103  105  109  109  108  104   98
   94   89   85   80   76   71   67   66   66   67   68   71   76   79   81   82
   83   85   90   96  101  106  110  114  120
    32.5-180.0 180.0   5.0 450.0                            LAT/LON1/LON2/DLON/H
  125  133  140  147  153  161  173  185  197  208  215  220  221  219  215  209
  199  188  177  169  166  167  168  169  169  167  163  161  160  159  160  158
  155  150  142  134  127  121  114  109  106  106  110  113  114  110  105   96
   91   87   82   78   74   70   67   65   64   64   64   67   70   74   77   78
   81   85   92   99  105  110  115  119  125
    30.0-180.0 180.0   5.0 450.0                            LAT/LON1/LON2/DLON/H
  130  138  145  152  158  166  177  189  201  212  220  226  229  229  228  225
  216  205  192  185  181  182  183  184  184  182  178  177  177  180  183  184
  181  174  163  151  140  129  120  112  109  111  114  117  116  111  102   93
   89   85   82   78   75   72   69   67   64   61   60   63   66   70   73   74
   77   83   91  100  108  113  118  124  130
    27.5-180.0 180.0   5.0 450.0                            LAT/LON1/LON2/DLON/H
  135  143  151  158  164  172  183  195  206  217  224  230  235  239  241  240
  233  221  209  200  196  197  199  201  201  199  197  197  199  204  210  214
  210  201  185  168  152  137  126  117  113  115  117  117  116  108   98   91
   87   85   84   83   80   76   73   69   64   61   60   60   63   66   68   70
   73   79   90  101  109  115  121  128  135
    25.0-180.0 180.0   5.0 450.0                            LAT/LON1/LON2/DLON/H
  141  150  157  165  172  181  191  203  213  222  230  236  243  250  254  256
  248  238  225  216  213  213  216  218  218  219  219  220  222  230  239  244
  241  228  207  186  164  147  133  122  118  119  119  118  113  104   95   89
   87   88   89   89   87   84   79   73   67   61   58   59   60   63   65   67
   69   76   87   99  109  117  123  131  141
    22.5-180.0 180.0   5.0 450.0                            LAT/LON1/LON2/DLON/H
  145  156  165  173  182  192  202  213  223  231  239  247  255  265  271  275
  267  256  243  234  230  230  234  237  240  243  242  244  248  256  266  272
  272  254  231  204  177  155  139  129  125  124  123  120  113  103   94   91
   90   95   97   98   96   91   86   78   69   63   58   57   58   60   62   64
   66   73   84   97  110  119  126  135  145
    20.0-180.0 180.0   5.0 450.0                            LAT/LON1/LON2/DLON/H
  150  162  173  183  193  206  217  227  236  244  253  261  272  284  291  295
  289  277  263  254  250  251  256  262  267  271  269  269  273  280  291  297
  295  273  248  221  191  165  148  138  133  132  130  125  116  105   98   97
   98  104  107  107  104   99   91   81   72   64   59   57   57   59   60   61
   63   70   81   96  110  121  129  138  150
    17.5-180.0 180.0   5.0 450.0                            LAT/LON1/LON2/DLON/H
  156  169  181  193  205  218  234  245  253  260  271  281  292  304  315  318
  313  302  288  278  273  277  283  289  294  298  295  291  294  300  308  312
  306  285  257  229  202  174  159  149  145  143  141  134  123  112  109  110
  112  116  117  115  110  104   96   86   75   66   60   58   57   58   59   58
   60   67   80   95  111  123  133  143  156
    15.0-180.0 180.0   5.0 450.0                            LAT/LON1/LON2/DLON/H
  163  177  191  204  216  233  248  261  271  279  290  302  315  326  338  343
  339  330  316  307  302  306  311  317  321  323  319  313  311  312  316  316
  305  284  256  229  204  185  171  164  161  158  154  146  136  127  125  125
  127  128  127  121  114  108   99   90   80   70   64   61   58   58   58   58
   59   66   79   95  112  125  136  149  163
    12.5-180.0 180.0   5.0 450.0                            LAT/LON1/LON2/DLON/H
  170  185  200  215  228  244  261  275  287  298  310  324  337  349  361  367
  365  359  348  341  336  339  342  345  346  345  339  328  321  316  315  310
  297  276  251  226  207  194  185  180  178  174  168  160  151  145  143  141
  142  139  134  127  118  110  101   93   83   74   68   63   60   60   59   59
   60   66   79   94  112  128  141  155  170
    10.0-180.0 180.0   5.0 450.0                            LAT/LON1/LON2/DLON/H
  176  192  208  223  238  255  271  287  301  314  328  343  357  370  381  388
  388  386  382  377  374  374  373  371  367  362  351  336  324  314  310  301
  288  267  245  225  212  204  199  196  192  188  181  171  164  160  158  154
  153  145  138  129  120  110  102   94   85   77   70   65   62   61   60   60
   61   67   79   95  113  130  145  160  176
     7.5-180.0 180.0   5.0 450.0                            LAT/LON1/LON2/DLON/H
  180  197  215  231  247  265  281  298  312  326  340  358  373  385  395  402
  405  410  411  410  410  405  398  390  381  371  357  339  322  310  303  292
  278  261  240  227  219  214  210  206  201  195  187  178  172  169  165  161
  157  146  136  127  117  108  100   93   85   78   72   66   63   62   61   61
   63   69   79   95  114  132  148  163  180
     5.0-180.0 180.0   5.0 450.0                            LAT/LON1/LON2/DLON/H
  183  201  220  235  254  272  287  305  320  334  349  366  381  394  402  410
  416  426  433  439  438  430  414  400  387  374  356  337  319  306  296  286
  271  254  239  229  225  221  216  210  204  196  186  177  172  168  163  157
  153  140  131  121  112  103   96   90   84   78   72   67   63   62   62   63
   65   70   80   96  114  132  149  166  183
     2.5-180.0 180.0   5.0 450.0                            LAT/LON1/LON2/DLON/H
  182  201  220  239  258  276  293  308  325  339  351  366  382  392  403  412
  422  434  447  455  455  443  423  401  385  369  351  332  315  302  291  279
  264  249  236  230  227  222  215  206  198  189  178  169  164  158  152  145
  140  130  122  114  104   96   89   85   81   77   72   67   64   61   62   63
   65   71   81   95  113  131  149  165  182
