ionex_files/bejaia/igsg0800.21i
     1.0            IONOSPHERE MAPS     MIX                 IONEX VERSION / TYPE
cmpcmb v1.2          GRL/UWM            12-apr-21 05:14     PGM / RUN BY / DATE 
ionex file containing IGS COMBINED Ionosphere maps          COMMENT             
global ionosphere maps for day 080, 2021                    DESCRIPTION         
IONEX file containing the COMBINED IGS TEC MAPS and DCBs    DESCRIPTION         
      IONEX files of the following IAACs were combined: cod DESCRIPTION         
                                                        esa DESCRIPTION         
                                                        jpl DESCRIPTION         
                                                        upc DESCRIPTION         
Contact address: Andrzej Krankowski                         DESCRIPTION
                 Geodynamics Research Laboratory            DESCRIPTION
                 University of Warmia and Mazury (GRL/UWM)  DESCRIPTION
                 Oczapowski St. 1                           DESCRIPTION
                 10-957-Olsztyn, POLAND                     DESCRIPTION
                 e-mail:  kand@uwm.edu.pl                   DESCRIPTION
                                                            DESCRIPTION         
  2021     3    21     0     0     0                        EPOCH OF FIRST MAP  
  2021     3    22     0     0     0                        EPOCH OF LAST MAP   
  7200                                                      INTERVAL            
    13                                                      # OF MAPS IN FILE   
  COSZ                                                      MAPPING FUNCTION    
     0.0                                                    ELEVATION CUTOFF    
combined TEC calculated as weighted mean of input TEC valuesOBSERVABLES USED    
   373                                                      # OF STATIONS       
    32                                                      # OF SATELLITES     
  6371.0                                                    BASE RADIUS         
     2                                                      MAP DIMENSION       
   450.0 450.0   0.0                                        HGT1 / HGT2 / DHGT  
    87.5 -87.5  -2.5                                        LAT1 / LAT2 / DLAT  
  -180.0 180.0   5.0                                        LON1 / LON2 / DLON  
    -1                                                      EXPONENT            
TEC values in 0.1 tec units;  9999, if no value available   COMMENT             
DCB values in nanoseconds, reference is Sum_of_SatDCBs = 0  COMMENT             
                                                            END OF HEADER       
[from data line 2145]
     6                                                      START OF TEC MAP    
  2021     3    21    10     0     0                        EPOCH OF CURRENT MAP
    87.5-180.0 180.0   5.0 450.0                            LAT/LON1/LON2/DLON/H
   54   54   54   54   54   54   54   54   54   54   54   54   53   54   54   54
   54   54   54   54   54   54   54   54   54   55   55   55   56   56   56   56
   57   57   57   57   57   57   57   57   58   58   58   58   57   58   57   57
   57   57   57   56   56   56   56   56   55   55   55   55   54   55   55   54
   54   54   54   54   54   54   54   54   54
    85.0-180.0 180.0   5.0 450.0                            LAT/LON1/LON2/DLON/H
   51   51   51   50   50   49   49   48   48   48   48   47   47   47   47   48
   48   49   50   50   51   51   52   52   53   53   54   56   56   57   57   58
   58   59   59   60   60   60   60   60   60   60   60   60   60   59   59   59
   59   58   58   58   57   56   55   55   55   54   54   54   54   53   53   53
   52   52   52   53   52   52   52   52   51
    82.5-180.0 180.0   5.0 450.0                            LAT/LON1/LON2/DLON/H
   48   48   48   48   48   48   48   47   47   46   45   45   44   44   44   43
   44   44   44   45   45   46   47   49   51   52   54   55   57   58   59   61
   61   63   64   64   65   65   65   64   64   63   63   63   63   62   62   61
   61   61   60   59   59   57   57   56   55   54   54   53   52   52   51   50
   50   50   50   50   50   49   49   49   48
    80.0-180.0 180.0   5.0 450.0                            LAT/LON1/LON2/DLON/H
   45   45   45   45   45   45   44   43   42   41   40   39   39   38   38   38
   38   38   39   40   41   42   44   47   49   50   52   54   56   58   60   61
   63   64   65   66   67   67   68   67   67   67   67   66   66   66   66   66
   65   65   64   63   63   61   60   59   57   56   55   53   52   51   50   49
   48   48   47   47   46   46   46   45   45
    77.5-180.0 180.0   5.0 450.0                            LAT/LON1/LON2/DLON/H
   42   42   42   41   41   41   40   40   39   37   36   35   33   33   33   33
   33   34   36   38   39   41   44   46   49   51   53   56   58   60   62   64
   65   67   68   68   69   70   70   70   70   70   70   70   71   71   71   71
   71   71   71   70   68   68   66   64   62   61   59   57   55   53   51   49
   47   46   45   43   43   42   42   42   42
    75.0-180.0 180.0   5.0 450.0                            LAT/LON1/LON2/DLON/H
   38   38   38   38   39   39   38   37   36   34   32   31   30   30   30   31
   32   33   35   37   38   41   44   46   49   51   54   56   58   61   63   65
   66   68   69   71   72   73   73   73   74   74   75   76   76   78   79   79
   79   79   79   78   77   76   74   72   70   68   65   63   60   56   53   50
   47   45   43   40   39   39   39   39   38
    72.5-180.0 180.0   5.0 450.0                            LAT/LON1/LON2/DLON/H
   34   35   35   35   36   35   35   33   33   31   29   28   27   28   28   29
   31   33   35   36   39   42   45   47   50   53   55   57   58   60   62   64
   66   68   70   72   73   75   76   77   78   78   80   81   84   85   87   88
   88   88   88   87   86   85   83   81   78   76   73   70   66   62   58   53
   49   45   41   39   37   36   34   34   34
    70.0-180.0 180.0   5.0 450.0                            LAT/LON1/LON2/DLON/H
   31   30   31   32   32   32   31   30   29   27   26   25   25   26   27   29
   32   34   36   39   41   44   47   48   51   53   56   58   59   60   62   63
   65   67   70   72   75   76   79   81   82   84   86   88   91   93   95   96
   97   96   96   95   94   93   91   89   86   84   81   77   73   69   63   57
   52   47   43   39   36   33   32   31   31
    67.5-180.0 180.0   5.0 450.0                            LAT/LON1/LON2/DLON/H
   28   28   28   29   29   29   29   27   26   24   23   23   23   24   26   30
   33   35   37   41   43   45   47   48   51   53   55   57   58   59   60   62
   63   66   69   72   76   80   83   85   88   91   94   96   99  101  103  104
  105  104  103  102  101   99   97   94   92   90   87   84   79   75   69   63
   57   50   45   41   37   34   31   30   28
    65.0-180.0 180.0   5.0 450.0                            LAT/LON1/LON2/DLON/H
   28   27   27   26   26   26   26   25   24   22   22   22   22   23   26   29
   33   34   37   40   43   44   45   47   49   52   53   55   56   57   58   60
   63   65   69   73   78   83   87   90   94   98  100  104  107  108  110  111
  110  110  109  107  105  103  101   98   96   94   91   88   84   79   72   66
   59   54   49   43   39   35   32   30   28
    62.5-180.0 180.0   5.0 450.0                            LAT/LON1/LON2/DLON/H
   30   28   27   26   26   25   24   24   23   22   21   21   22   23   25   27
   30   33   34   37   39   40   41   43   45   48   51   53   54   55   57   59
   62   67   70   76   82   87   91   96  100  104  107  111  113  115  116  116
  115  114  112  110  108  107  104  101   98   96   93   90   86   81   73   67
   61   56   51   46   41   38   35   32   30
    60.0-180.0 180.0   5.0 450.0                            LAT/LON1/LON2/DLON/H
   33   31   30   28   28   26   25   24   23   21   21   20   20   21   23   25
   27   29   30   32   34   34   36   38   41   45   48   51   54   55   57   60
   64   70   75   81   87   93   98  102  106  110  114  117  118  120  121  120
  119  117  115  113  111  109  106  104  101   97   95   91   86   80   75   68
   63   57   53   48   44   41   38   35   33
    57.5-180.0 180.0   5.0 450.0                            LAT/LON1/LON2/DLON/H
   38   35   34   32   31   30   29   27   25   23   22   21   20   20   21   23
   24   26   25   25   27   27   30   33   37   42   47   51   54   57   59   63
   69   75   81   88   94   99  104  109  113  116  119  121  124  125  126  124
  122  120  118  116  114  112  110  107  104  101   97   93   88   83   77   72
   66   60   55   51   48   45   43   40   38
    55.0-180.0 180.0   5.0 450.0                            LAT/LON1/LON2/DLON/H
   43   41   39   38   36   35   34   32   29   27   25   23   21   21   21   22
   22   22   21   20   21   22   26   30   35   41   47   53   57   60   64   69
   76   83   90   96  102  106  111  115  119  122  125  127  129  130  130  129
  128  126  123  121  119  117  115  112  109  106  102   97   92   87   81   75
   69   64   59   55   52   49   47   45   43
    52.5-180.0 180.0   5.0 450.0                            LAT/LON1/LON2/DLON/H
   49   47   45   44   43   42   41   38   35   32   30   27   25   23   22   21
   21   20   18   17   18   19   23   30   35   42   50   55   60   65   70   76
   84   92  100  105  110  114  118  122  125  128  132  134  136  137  136  136
  134  133  130  128  126  124  122  119  116  113  108  103   98   92   86   79
   72   67   64   61   58   55   52   50   49
    50.0-180.0 180.0   5.0 450.0                            LAT/LON1/LON2/DLON/H
   55   53   51   51   50   49   47   45   43   40   36   32   30   27   26   24
   22   21   19   18   18   21   25   32   39   46   54   61   66   71   76   84
   92  102  109  114  118  122  126  129  133  136  140  143  144  145  144  144
  142  141  138  136  133  132  130  127  123  119  115  110  104   97   90   83
   77   72   69   66   63   60   58   56   55
    47.5-180.0 180.0   5.0 450.0                            LAT/LON1/LON2/DLON/H
   60   59   58   58   57   56   55   52   51   48   44   40   37   34   32   29
   27   25   24   23   24   28   33   39   46   54   61   67   72   77   83   90
   99  109  117  123  126  130  133  138  142  146  150  153  155  155  154  153
  151  148  146  143  140  138  136  133  129  126  122  116  111  104   96   89
   83   78   74   71   68   65   63   61   60
    45.0-180.0 180.0   5.0 450.0                            LAT/LON1/LON2/DLON/H
   65   64   63   63   63   62   61   59   57   55   51   48   45   43   40   37
   34   33   31   32   34   38   42   48   55   62   67   72   77   82   87   95
  104  114  122  128  133  137  142  146  152  158  162  164  165  164  162  161
  159  156  152  149  146  142  140  137  134  131  127  122  117  111  105   97
   91   85   81   77   73   70   68   66   65
    42.5-180.0 180.0   5.0 450.0                            LAT/LON1/LON2/DLON/H
   69   68   68   68   68   69   68   65   63   62   59   56   54   51   48   45
   43   42   42   43   45   49   53   57   63   69   73   77   81   85   90   98
  107  118  127  134  140  145  151  158  165  170  174  176  175  173  171  169
  166  163  158  153  149  144  141  139  136  133  130  126  123  118  111  105
   98   91   87   82   78   75   72   70   69
    40.0-180.0 180.0   5.0 450.0                            LAT/LON1/LON2/DLON/H
   72   72   71   71   72   72   72   70   69   68   65   63   62   60   57   54
   53   53   53   55   57   59   61   65   69   74   78   81   84   89   93  101
  110  121  132  140  147  155  162  170  178  184  186  188  186  183  180  178
  174  169  162  156  150  145  141  139  137  136  134  131  128  124  118  111
  103   96   91   85   80   77   75   73   72
    37.5-180.0 180.0   5.0 450.0                            LAT/LON1/LON2/DLON/H
   74   74   74   74   75   75   75   74   74   73   71   71   70   68   66   64
   64   64   65   67   67   68   68   70   72   76   81   84   87   91   97  103
  113  124  136  147  157  166  175  184  193  199  201  201  199  196  192  187
  182  176  168  161  155  148  144  142  142  141  139  138  135  130  124  117
  107   99   93   87   82   78   76   75   74
    35.0-180.0 180.0   5.0 450.0                            LAT/LON1/LON2/DLON/H
   75   75   74   75   75   75   76   77   78   78   77   76   77   76   76   75
   75   76   76   77   76   75   73   73   74   77   82   87   91   96  101  109
  118  130  143  157  170  180  191  200  209  214  216  215  212  209  206  200
  193  187  179  172  164  158  155  154  154  151  150  147  143  138  131  123
  112  103   95   87   82   79   76   75   75
    32.5-180.0 180.0   5.0 450.0                            LAT/LON1/LON2/DLON/H
   75   75   74   74   74   75   76   78   80   81   81   82   83   83   84   85
   86   86   85   84   82   78   74   72   72   77   83   89   95  101  108  116
  127  140  156  171  185  199  209  218  226  231  232  232  228  224  220  215
  209  204  197  190  185  182  180  177  174  170  165  160  155  149  141  132
  119  107   97   89   83   79   77   76   75
    30.0-180.0 180.0   5.0 450.0                            LAT/LON1/LON2/DLON/H
   76   75   74   72   72   73   75   77   79   81   83   86   88   89   91   93
   94   94   91   88   84   78   72   70   71   76   84   91  100  109  117  127
  139  153  171  189  205  220  230  237  246  247  249  248  246  241  238  234
  232  230  226  222  219  219  217  214  206  197  186  178  171  164  156  144
  129  114  102   92   86   81   78   77   76
    27.5-180.0 180.0   5.0 450.0                            LAT/LON1/LON2/DLON/H
   78   76   75   73   71   72   74   76   79   82   85   87   90   92   95   98
   99   99   95   90   83   76   70   67   69   77   86   96  106  117  129  140
  154  170  191  212  229  242  250  255  264  271  272  268  268  264  262  262
  262  264  266  266  264  265  262  257  247  233  215  202  193  185  174  162
  145  127  112  101   93   87   82   79   78
    25.0-180.0 180.0   5.0 450.0                            LAT/LON1/LON2/DLON/H
   81   80   78   75   73   72   73   76   78   82   86   87   90   93   97  100
  101  100   96   91   83   75   68   66   70   79   89  101  113  127  141  154
  171  191  213  238  258  268  272  275  286  297  293  287  291  292  293  293
  299  305  310  315  313  315  309  305  292  274  252  233  221  211  199  186
  166  145  128  115  104   95   89   84   81
    22.5-180.0 180.0   5.0 450.0                            LAT/LON1/LON2/DLON/H
   86   85   83   80   76   74   74   76   78   81   85   86   88   91   96  100
  101  100   96   90   82   74   68   66   71   82   93  106  120  135  152  168
  188  211  236  263  283  290  289  290  299  306  305  305  312  318  324  330
  336  346  355  362  359  359  353  349  334  314  290  268  255  242  228  213
  192  169  148  134  120  109   99   91   86
    20.0-180.0 180.0   5.0 450.0                            LAT/LON1/LON2/DLON/H
   95   92   90   86   81   77   76   77   78   80   82   84   85   87   92   96
   98   97   94   88   81   73   67   67   74   84   96  110  126  142  161  179
  203  226  254  281  299  301  298  299  304  311  315  323  335  344  353  360
  368  382  392  395  392  389  384  379  364  344  325  307  290  275  259  238
  217  195  174  157  140  126  112  101   95
    17.5-180.0 180.0   5.0 450.0                            LAT/LON1/LON2/DLON/H
  106  102  100   95   87   82   79   78   78   79   80   80   81   82   86   91
   93   92   90   85   79   72   67   67   74   87   99  115  131  148  168  189
  213  238  265  291  304  306  302  303  310  318  329  343  356  367  376  382
  388  399  407  405  401  401  397  392  382  366  354  341  325  306  286  264
  241  220  201  183  164  146  129  115  106
    15.0-180.0 180.0   5.0 450.0                            LAT/LON1/LON2/DLON/H
  121  116  113  107   97   90   84   81   80   80   79   77   77   77   79   84
   86   86   85   81   76   69   64   66   75   89  103  118  135  153  174  196
  220  246  270  291  303  305  305  308  316  329  345  361  376  384  389  392
  395  399  399  398  394  396  393  392  390  382  376  368  352  332  310  287
  265  246  228  208  188  167  147  131  121
    12.5-180.0 180.0   5.0 450.0                            LAT/LON1/LON2/DLON/H
  138  132  128  122  111  101   93   88   84   82   79   75   73   72   73   77
   80   81   80   77   72   66   62   64   75   90  106  122  138  157  178  200
  224  248  271  288  298  304  308  315  326  341  359  377  387  394  395  394
  392  389  385  381  380  382  383  385  390  392  392  385  371  350  326  302
  280  262  243  225  206  186  165  148  138
    10.0-180.0 180.0   5.0 450.0                            LAT/LON1/LON2/DLON/H
  154  148  145  138  127  115  107   98   91   86   80   75   71   68   69   71
   75   76   75   72   68   62   59   62   74   91  108  124  141  160  180  202
  224  246  267  284  294  304  313  325  338  353  369  384  391  397  397  395
  389  380  372  368  367  370  372  377  388  397  400  394  380  358  333  307
  285  267  252  236  218  199  178  164  154
     7.5-180.0 180.0   5.0 450.0                            LAT/LON1/LON2/DLON/H
  164  160  157  151  142  132  122  111  102   94   85   78   72   68   66   68
   71   73   71   69   64   59   56   60   72   90  108  125  142  161  181  202
  223  243  263  279  293  306  320  336  350  363  375  386  392  397  399  399
  392  380  370  364  363  364  365  371  383  396  401  396  382  359  331  303
  281  265  252  239  223  206  188  173  164
     5.0-180.0 180.0   5.0 450.0                            LAT/LON1/LON2/DLON/H
  169  165  163  159  153  145  137  126  115  105   95   84   76   70   67   68
   70   71   69   65   60   55   53   58   70   89  108  126  143  162  181  202
  221  240  259  276  292  309  327  345  361  372  378  383  390  396  403  406
  401  389  378  370  366  365  364  367  377  389  396  391  376  350  321  293
  271  255  245  235  222  206  191  178  169
     2.5-180.0 180.0   5.0 450.0                            LAT/LON1/LON2/DLON/H
  166  163  162  161  160  156  151  140  130  118  105   92   81   74   71   70
   72   72   68   64   58   53   52   57   69   87  106  125  143  161  180  200
  218  237  255  273  292  311  333  353  368  376  377  379  384  394  406  413
  410  401  391  381  375  370  366  364  370  379  384  378  361  335  305  277
  256  241  233  224  213  200  187  175  166
