ionex_files/bejaia/igsg0850.21i
     1.0            IONOSPHERE MAPS     MIX                 IONEX VERSION / TYPE
cmpcmb v1.2          GRL/UWM            12-apr-21 05:42     PGM / RUN BY / DATE 
ionex file containing IGS COMBINED Ionosphere maps          COMMENT             
global ionosphere maps for day 085, 2021                    DESCRIPTION         
IONEX file containing the COMBINED IGS TEC MAPS and DCBs    DESCRIPTION         
      IONEX files of the following IAACs were combined: cod DESCRIPTION         
                                                        esa DESCRIPTION         
                                                        jpl DESCRIPTION         
                                                        upc DESCRIPTION         
Contact address: Andrzej Krankowski                         DESCRIPTION
                 Geodynamics Research Laboratory            DESCRIPTION
                 University of Warmia and Mazury (GRL/UWM)  DESCRIPTION
                 Oczapowski St. 1                           DESCRIPTION
                 10-957-Olsztyn, POLAND                     DESCRIPTION
                 e-mail:  kand@uwm.edu.pl                   DESCRIPTION
                                                            DESCRIPTION         
  2021     3    26     0     0     0                        EPOCH OF FIRST MAP  
  2021     3    27     0     0     0                        EPOCH OF LAST MAP   
  7200                                                      INTERVAL            
    13                                                      # OF MAPS IN FILE   
  COSZ                                                      MAPPING FUNCTION    
     0.0                                                    ELEVATION CUTOFF    
combined TEC calculated as weighted mean of input TEC valuesOBSERVABLES USED    
   372                                                      # OF STATIONS       
    32                                                      # OF SATELLITES     
  6371.0                                                    BASE RADIUS         
     2                                                      MAP DIMENSION       
   450.0 450.0   0.0                                        HGT1 / HGT2 / DHGT  
    87.5 -87.5  -2.5                                        LAT1 / LAT2 / DLAT  
  -180.0 180.0   5.0                                        LON1 / LON2 / DLON  
    -1                                                      EXPONENT            
TEC values in 0.1 tec units;  9999, if no value available   COMMENT             
DCB values in nanoseconds, reference is Sum_of_SatDCBs = 0  COMMENT             
                                                            END OF HEADER       
[from data line 4290]
    11                                                      START OF TEC MAP    
  2021     3    26    20     0     0                        EPOCH OF CURRENT MAP
    87.5-180.0 180.0   5.0 450.0                            LAT/LON1/LON2/DLON/H
   49   49   49   49   50   50   50   51   51   52   52   53   53   54   54   54
   55   55   55   56   56   56   57   57   57   57   57   57   57   57   57   56
   56   56   56   56   55   55   55   55   55   54   54   54   53   53   53   52
   52   51   51   51   50   50   50   50   49   49   49   49   49   49   48   48
   48   48   48   48   48   48   48   48   49
    85.0-180.0 180.0   5.0 450.0                            LAT/LON1/LON2/DLON/H
   47   48   48   49   49   49   50   51   52   53   53   55   56   57   58   59
   60   61   62   62   63   63   64   64   64   63   63   62   62   61   61   60
   59   59   58   58   58   57   57   56   56   56   55   55   55   55   54   53
   53   52   52   51   51   50   49   49   49   48   48   48   47   47   47   47
   46   46   46   46   46   46   46   47   47
    82.5-180.0 180.0   5.0 450.0                            LAT/LON1/LON2/DLON/H
   48   49   48   49   50   50   51   52   53   55   56   58   60   62   63   65
   66   68   69   69   70   70   71   70   69   69   68   67   66   64   63   62
   61   60   59   58   58   57   57   57   57   56   56   56   56   56   55   55
   55   54   54   53   52   51   49   48   48   47   47   47   46   46   46   46
   46   46   46   47   47   48   48   48   48
    80.0-180.0 180.0   5.0 450.0                            LAT/LON1/LON2/DLON/H
   50   50   50   50   51   51   53   54   56   58   60   63   65   67   70   72
   73   75   77   78   78   78   77   76   75   74   71   70   68   65   64   62
   60   59   58   57   56   56   56   56   56   56   57   56   56   56   56   56
   55   55   54   53   52   51   50   48   47   46   46   46   45   45   45   46
   46   47   48   49   49   49   49   50   50
    77.5-180.0 180.0   5.0 450.0                            LAT/LON1/LON2/DLON/H
   52   52   52   52   52   53   54   56   57   59   61   64   67   70   74   76
   79   81   83   84   84   84   82   80   78   75   73   70   67   65   62   60
   58   56   55   54   53   52   52   52   52   53   54   55   55   55   54   54
   54   53   52   52   51   50   48   47   46   45   44   43   43   44   45   45
   46   47   48   49   50   51   52   52   52
    75.0-180.0 180.0   5.0 450.0                            LAT/LON1/LON2/DLON/H
   54   54   54   54   54   54   55   56   58   60   63   66   70   73   77   81
   84   85   87   88   87   86   83   81   78   75   72   68   65   62   59   56
   54   52   51   49   49   47   47   47   47   48   48   49   50   50   50   50
   49   49   48   48   48   47   46   44   43   42   42   41   41   41   42   43
   44   46   47   49   50   52   53   54   54
    72.5-180.0 180.0   5.0 450.0                            LAT/LON1/LON2/DLON/H
   57   57   57   56   56   56   56   57   59   62   65   69   72   76   80   83
   86   88   88   88   87   85   83   81   78   74   70   66   62   59   56   53
   51   48   46   44   43   42   41   41   41   42   42   42   43   44   44   44
   44   43   43   43   43   42   42   41   40   39   38   37   37   37   38   39
   41   43   45   48   50   53   55   56   57
    70.0-180.0 180.0   5.0 450.0                            LAT/LON1/LON2/DLON/H
   58   59   59   59   58   58   58   60   62   64   67   71   74   78   82   85
   87   87   87   86   84   83   81   79   76   72   69   64   60   57   53   50
   47   45   42   40   38   37   36   35   35   35   35   35   36   36   37   37
   38   38   38   38   38   38   38   37   36   35   34   34   33   33   33   35
   37   40   43   46   50   53   56   57   58
    67.5-180.0 180.0   5.0 450.0                            LAT/LON1/LON2/DLON/H
   60   61   61   61   61   61   61   62   64   66   69   72   75   80   82   85
   86   85   85   83   82   81   79   77   74   71   67   63   59   55   52   49
   45   43   40   38   35   33   32   31   30   30   30   30   30   31   31   32
   32   33   33   34   34   34   34   33   33   32   31   31   30   30   30   32
   34   36   40   44   48   52   55   58   60
    65.0-180.0 180.0   5.0 450.0                            LAT/LON1/LON2/DLON/H
   61   62   64   64   65   64   65   65   67   69   71   74   77   80   82   84
   84   84   83   82   80   80   78   76   74   72   68   64   60   56   53   49
   46   43   39   37   34   32   30   29   28   28   27   27   27   27   28   28
   29   30   31   31   31   31   31   31   31   30   30   30   29   29   29   30
   32   35   38   42   47   51   55   58   61
    62.5-180.0 180.0   5.0 450.0                            LAT/LON1/LON2/DLON/H
   62   64   66   68   68   69   69   70   71   73   74   76   79   82   84   84
   84   83   83   82   81   80   79   78   76   73   70   67   63   60   57   54
   50   46   42   39   36   33   30   29   28   28   28   28   27   28   28   29
   29   30   31   31   31   31   32   32   31   31   31   31   31   30   30   31
   33   34   37   41   45   50   54   58   62
    60.0-180.0 180.0   5.0 450.0                            LAT/LON1/LON2/DLON/H
   63   66   69   71   72   74   75   75   76   76   77   79   82   84   86   86
   85   84   83   83   82   81   82   81   79   77   75   73   69   66   63   60
   56   51   47   44   41   37   35   33   32   32   31   32   32   32   33   33
   33   34   34   34   34   35   35   35   35   35   35   35   34   34   34   35
   36   37   40   42   46   50   54   59   63
    57.5-180.0 180.0   5.0 450.0                            LAT/LON1/LON2/DLON/H
   64   68   72   75   78   79   81   82   82   81   82   83   85   87   89   89
   88   87   86   85   83   84   85   84   83   82   80   79   76   73   71   68
   64   59   54   50   47   44   42   40   39   39   39   39   39   40   40   41
   41   40   40   40   40   40   41   41   41   41   41   41   40   40   40   40
   41   42   44   46   48   52   56   60   64
    55.0-180.0 180.0   5.0 450.0                            LAT/LON1/LON2/DLON/H
   67   71   76   80   84   86   88   89   89   88   88   89   90   92   93   93
   92   90   89   87   86   87   87   87   87   86   86   85   84   81   79   75
   71   66   61   57   54   51   50   49   49   49   50   49   50   50   50   49
   49   48   48   47   47   47   47   48   48   48   49   48   47   47   46   47
   48   49   50   51   53   55   59   63   67
    52.5-180.0 180.0   5.0 450.0                            LAT/LON1/LON2/DLON/H
   71   76   80   85   91   94   97   98   98   97   96   95   96   96   97   97
   97   95   92   91   90   89   90   90   90   90   91   92   91   88   86   83
   78   73   69   65   62   61   60   60   60   60   61   60   60   60   60   59
   58   56   55   55   55   55   56   56   56   56   56   56   55   54   53   54
   54   55   56   57   59   61   64   67   71
    50.0-180.0 180.0   5.0 450.0                            LAT/LON1/LON2/DLON/H
   77   82   86   91   98  102  106  108  109  107  106  105  104  103  103  102
  101   98   96   95   93   93   93   93   94   95   96   98   98   97   93   89
   84   80   76   73   72   71   71   72   72   73   72   71   70   69   68   67
   66   64   63   63   63   64   64   64   63   63   63   62   61   61   59   59
   59   60   61   63   66   68   71   74   77
    47.5-180.0 180.0   5.0 450.0                            LAT/LON1/LON2/DLON/H
   85   89   93   98  105  111  116  119  120  121  119  117  115  112  110  107
  105  103  101  100   98   97   97   97   99  100  102  104  105  104  100   96
   90   86   83   81   81   82   83   84   83   83   82   81   78   76   74   73
   73   72   71   71   71   72   72   72   70   69   68   67   66   65   64   63
   63   63   66   68   72   74   77   81   85
    45.0-180.0 180.0   5.0 450.0                            LAT/LON1/LON2/DLON/H
   92   96  101  106  114  120  126  130  133  136  135  133  129  124  119  114
  110  108  107  106  104  103  103  104  105  107  109  110  111  109  104  101
   95   91   88   88   89   92   94   94   94   91   89   86   84   82   80   80
   80   79   78   79   79   79   79   78   75   73   72   70   69   68   67   66
   65   66   69   72   76   80   84   87   92
    42.5-180.0 180.0   5.0 450.0                            LAT/LON1/LON2/DLON/H
   99  104  109  114  121  129  135  142  148  152  154  152  147  140  132  123
  118  115  114  114  113  112  111  112  113  116  117  117  116  113  108  105
   99   96   93   95   97  100  102  102  100   97   94   91   89   87   86   86
   85   85   85   85   85   85   83   81   79   76   75   73   72   70   68   66
   66   67   71   76   80   86   90   94   99
    40.0-180.0 180.0   5.0 450.0                            LAT/LON1/LON2/DLON/H
  106  113  118  123  131  139  147  155  163  170  175  174  169  160  147  136
  128  124  123  123  123  122  122  123  124  125  126  125  122  116  112  108
  103  100   99  100  103  106  108  106  103  100   97   94   93   92   92   91
   90   89   89   89   89   87   85   83   81   79   77   75   73   71   68   66
   66   68   72   79   85   91   96  101  106
    37.5-180.0 180.0   5.0 450.0                            LAT/LON1/LON2/DLON/H
  114  121  127  132  140  149  157  166  178  189  197  199  196  183  168  153
  142  136  135  135  134  134  134  135  137  137  135  132  127  121  117  112
  108  104  104  105  107  109  110  108  105  102   99   97   96   95   95   93
   92   90   90   90   89   88   86   83   82   80   77   75   73   71   68   66
   65   67   73   81   89   96  102  108  114
    35.0-180.0 180.0   5.0 450.0                            LAT/LON1/LON2/DLON/H
  122  131  138  144  150  159  168  178  191  206  218  224  221  210  192  174
  159  151  148  147  146  146  147  148  149  147  144  139  134  128  124  119
  115  112  109  109  110  111  111  108  104  101   99   99   98   98   96   93
   91   89   88   88   87   86   84   81   79   77   75   74   73   71   68   65
   64   67   74   84   93  101  108  115  122
    32.5-180.0 180.0   5.0 450.0                            LAT/LON1/LON2/DLON/H
  132  141  149  156  163  170  179  189  204  221  237  247  247  238  219  197
  179  168  162  159  158  157  159  159  158  156  152  147  141  136  133  130
  125  121  117  115  114  112  110  106  103  100   99  100  100   99   97   92
   89   85   84   83   83   83   82   80   77   74   73   73   72   71   68   66
   65   69   77   87   98  106  115  123  132
    30.0-180.0 180.0   5.0 450.0                            LAT/LON1/LON2/DLON/H
  142  153  162  169  176  182  191  199  214  233  252  266  271  265  245  222
  202  187  178  172  169  167  168  168  166  164  160  156  151  148  147  145
  141  135  128  123  118  113  109  104  101   99  100  101   99   97   94   89
   85   80   78   78   78   79   79   78   75   72   71   72   72   71   68   66
   66   70   79   91  103  114  124  134  142
    27.5-180.0 180.0   5.0 450.0                            LAT/LON1/LON2/DLON/H
  154  166  176  183  190  197  205  212  225  244  265  282  291  288  273  252
  229  210  197  188  182  178  177  176  174  172  170  167  165  165  166  166
  162  154  143  133  124  115  108  103  100  100  101  101   98   95   90   84
   80   76   74   74   74   76   77   76   73   71   70   72   72   71   68   67
   67   72   82   95  110  122  132  144  154
    25.0-180.0 180.0   5.0 450.0                            LAT/LON1/LON2/DLON/H
  164  178  188  198  206  215  223  229  240  256  276  295  309  311  299  281
  256  235  218  208  199  192  188  186  183  182  181  180  182  187  192  192
  188  177  164  148  133  121  112  106  103  104  105  104   99   94   88   82
   77   74   73   71   72   74   75   75   73   70   69   70   71   70   68   67
   68   74   85  100  116  128  139  151  164
    22.5-180.0 180.0   5.0 450.0                            LAT/LON1/LON2/DLON/H
  171  186  199  212  223  233  241  247  258  271  288  309  325  332  325  312
  288  266  248  235  223  213  205  200  197  196  196  198  204  214  223  225
  222  208  188  170  150  132  121  115  111  110  111  109  104   97   90   84
   79   77   74   73   72   74   75   75   73   70   68   68   68   68   67   67
   69   75   88  105  121  134  145  157  171
    20.0-180.0 180.0   5.0 450.0                            LAT/LON1/LON2/DLON/H
  178  194  209  224  238  250  260  269  276  287  302  322  340  353  352  345
  325  304  286  272  257  243  231  223  217  215  216  221  231  245  258  261
  257  241  218  196  171  149  135  127  122  122  122  119  113  103   95   90
   85   82   80   77   76   76   77   77   75   71   69   68   67   66   66   66
   69   76   90  108  125  140  150  163  178
    17.5-180.0 180.0   5.0 450.0                            LAT/LON1/LON2/DLON/H
  185  201  218  234  250  265  278  288  296  305  318  337  356  373  379  378
  364  348  331  319  302  285  268  255  244  240  242  249  262  279  292  294
  288  269  243  216  189  168  153  145  140  139  137  132  124  115  106   99
   94   92   88   83   80   80   80   80   78   74   71   68   66   65   64   65
   68   76   90  109  128  144  156  169  185
    15.0-180.0 180.0   5.0 450.0                            LAT/LON1/LON2/DLON/H
  193  209  226  243  261  278  294  307  316  324  338  355  374  394  406  412
  405  396  384  374  356  336  315  295  279  271  272  281  294  309  319  319
  308  286  259  230  204  185  173  166  162  159  155  148  138  129  122  114
  109  103   97   91   86   83   83   82   80   77   72   69   66   64   63   64
   68   76   90  109  130  147  162  177  193
    12.5-180.0 180.0   5.0 450.0                            LAT/LON1/LON2/DLON/H
  200  217  233  251  271  290  309  323  334  343  358  374  393  413  431  441
  445  446  440  434  417  392  368  342  319  306  305  312  322  331  335  333
  319  295  266  239  218  205  195  190  183  178  171  163  154  147  139  131
  125  114  105   97   91   87   85   84   81   78   73   69   65   64   63   64
   68   76   90  110  131  150  167  183  200
    10.0-180.0 180.0   5.0 450.0                            LAT/LON1/LON2/DLON/H
  207  224  241  259  280  300  320  336  350  362  376  392  410  430  450  469
  483  493  496  494  477  451  421  390  361  343  337  341  344  346  344  339
  324  298  270  248  233  224  218  211  203  194  183  174  166  160  152  142
  135  121  111  102   94   89   86   84   81   77   72   68   64   63   63   65
   69   76   91  110  133  153  170  189  207
     7.5-180.0 180.0   5.0 450.0                            LAT/LON1/LON2/DLON/H
  214  232  249  267  287  308  329  347  362  377  391  406  423  443  465  489
  514  533  544  545  531  503  469  433  400  376  364  362  358  355  350  341
  322  297  271  254  245  240  235  227  216  204  191  179  171  164  156  143
  136  121  112  102   94   89   85   82   79   75   71   67   64   62   64   66
   70   78   93  111  133  154  174  194  214
     5.0-180.0 180.0   5.0 450.0                            LAT/LON1/LON2/DLON/H
  220  239  256  275  294  316  337  355  371  386  400  414  431  450  472  501
  533  562  578  583  570  541  505  466  430  401  384  375  368  360  350  336
  316  293  271  258  254  250  245  235  222  207  191  178  167  160  149  135
  127  114  106   99   92   86   82   79   76   73   69   65   62   62   64   67
   72   80   94  113  134  155  176  198  220
     2.5-180.0 180.0   5.0 450.0                            LAT/LON1/LON2/DLON/H
  224  245  264  283  304  325  345  363  378  392  405  416  432  449  470  500
  536  568  589  597  586  559  524  484  447  418  398  384  372  360  346  328
  307  285  266  257  255  252  246  235  219  200  182  167  156  146  133  120
  113  103   97   92   86   81   77   74   72   70   67   63   61   62   64   67
   72   80   95  113  134  155  177  199  224
