ionex_files/bejaia/igsg0690.21i
     1.0            IONOSPHERE MAPS     MIX                 IONEX VERSION / TYPE
cmpcmb v1.2          GRL/UWM             1-apr-21 07:53     PGM / RUN BY / DATE 
ionex file containing IGS COMBINED Ionosphere maps          COMMENT             
global ionosphere maps for day 069, 2021                    DESCRIPTION         
IONEX file containing the COMBINED IGS TEC MAPS and DCBs    DESCRIPTION         
      IONEX files of the following IAACs were combined: cod DESCRIPTION         
                                                        esa DESCRIPTION         
                                                        jpl DESCRIPTION         
                                                        upc DESCRIPTION         
Contact address: Andrzej Krankowski                         DESCRIPTION
                 Geodynamics Research Laboratory            DESCRIPTION
                 University of Warmia and Mazury (GRL/UWM)  DESCRIPTION
                 Oczapowski St. 1                           DESCRIPTION
                 10-957-Olsztyn, POLAND                     DESCRIPTION
                 e-mail:  kand@uwm.edu.pl                   DESCRIPTION
                                                            DESCRIPTION         
  2021     3    10     0     0     0                        EPOCH OF FIRST MAP  
  2021     3    11     0     0     0                        EPOCH OF LAST MAP   
  7200                                                      INTERVAL            
    13                                                      # OF MAPS IN FILE   
  COSZ                                                      MAPPING FUNCTION    
     0.0                                                    ELEVATION CUTOFF    
combined TEC calculated as weighted mean of input TEC valuesOBSERVABLES USED    
   377                                                      # OF STATIONS       
    32                                                      # OF SATELLITES     
  6371.0                                                    BASE RADIUS         
     2                                                      MAP DIMENSION       
   450.0 450.0   0.0                                        HGT1 / HGT2 / DHGT  
    87.5 -87.5  -2.5                                        LAT1 / LAT2 / DLAT  
  -180.0 180.0   5.0                                        LON1 / LON2 / DLON  
    -1                                                      EXPONENT            
TEC values in 0.1 tec units;  9999, if no value available   COMMENT             
DCB values in nanoseconds, reference is Sum_of_SatDCBs = 0  COMMENT             
                                                            END OF HEADER       
[from data line 1716]
     5                                                      START OF TEC MAP    
  2021     3    10     8     0     0                        EPOCH OF CURRENT MAP
    87.5-180.0 180.0   5.0 450.0                            LAT/LON1/LON2/DLON/H
   47   46   46   46   45   44   44   44   44   43   43   43   43   43   43   43
   43   43   44   44   44   44   44   44   45   45   45   45   46   46   47   47
   47   47   48   49   49   49   49   49   50   51   51   52   52   52   52   52
   53   53   53   54   54   54   54   54   54   53   53   53   53   52   51   51
   50   50   50   48   48   48   48   47   47
    85.0-180.0 180.0   5.0 450.0                            LAT/LON1/LON2/DLON/H
   43   43   42   41   41   41   40   40   40   39   39   39   39   38   38   38
   38   38   38   39   39   39   40   40   40   41   42   42   43   44   44   44
   45   46   46   47   47   48   49   49   50   50   51   52   52   53   54   55
   56   56   57   57   58   58   58   58   58   58   57   56   56   55   53   53
   51   50   49   48   47   46   45   44   43
    82.5-180.0 180.0   5.0 450.0                            LAT/LON1/LON2/DLON/H
   40   39   39   38   37   37   35   35   35   34   34   34   34   34   33   33
   33   33   33   34   35   35   36   36   36   37   38   38   39   40   41   42
   43   44   45   47   48   49   50   51   52   53   54   55   56   57   57   57
   58   59   59   60   61   62   62   62   63   62   61   60   59   57   55   53
   51   50   49   46   45   44   42   41   40
    80.0-180.0 180.0   5.0 450.0                            LAT/LON1/LON2/DLON/H
   37   36   35   34   33   32   31   31   31   30   29   28   28   28   28   28
   28   29   29   29   30   30   32   32   33   34   34   35   36   37   38   40
   41   43   45   47   48   50   52   53   55   56   58   59   61   61   63   63
   64   64   64   65   65   66   66   67   67   66   65   64   62   60   57   55
   52   50   48   46   44   41   39   38   37
    77.5-180.0 180.0   5.0 450.0                            LAT/LON1/LON2/DLON/H
   33   32   31   30   30   29   28   27   26   25   25   24   24   23   23   24
   25   26   27   28   29   29   29   30   30   30   31   31   32   34   35   37
   39   41   44   46   49   51   53   56   58   60   61   63   65   66   68   69
   69   70   71   71   71   72   72   72   72   71   70   68   66   64   61   58
   54   51   48   44   41   38   36   34   33
    75.0-180.0 180.0   5.0 450.0                            LAT/LON1/LON2/DLON/H
   30   29   28   27   27   26   26   25   24   22   22   21   20   19   20   21
   22   23   25   26   27   27   27   28   28   28   27   29   29   31   32   34
   37   40   43   47   50   53   55   58   61   63   65   67   69   71   73   74
   75   76   77   77   78   78   78   78   77   77   75   73   71   69   65   61
   57   53   48   44   40   37   34   32   30
    72.5-180.0 180.0   5.0 450.0                            LAT/LON1/LON2/DLON/H
   28   27   26   26   25   25   24   23   22   21   19   18   17   17   17   18
   21   23   24   26   26   26   26   27   26   26   25   26   26   28   30   33
   36   39   43   48   51   55   58   61   64   66   68   70   72   75   77   79
   80   81   82   83   83   84   83   83   83   82   80   79   76   74   70   66
   61   56   51   46   41   37   33   30   28
    70.0-180.0 180.0   5.0 450.0                            LAT/LON1/LON2/DLON/H
   28   27   26   26   25   24   24   23   22   20   18   16   16   15   16   18
   20   22   24   26   26   27   26   26   26   25   24   24   24   26   28   31
   35   39   44   49   53   57   61   63   66   68   70   73   75   77   80   82
   84   85   87   87   88   88   87   87   86   85   84   83   80   78   75   70
   65   59   53   48   42   38   34   30   28
    67.5-180.0 180.0   5.0 450.0                            LAT/LON1/LON2/DLON/H
   29   28   26   26   25   25   24   23   21   19   17   16   15   14   15   17
   19   23   25   26   26   27   27   26   25   24   22   22   22   24   26   29
   34   39   44   50   54   58   61   64   67   70   72   74   77   80   82   85
   87   88   89   90   90   90   89   89   87   86   86   85   83   81   77   73
   69   63   56   51   45   40   35   31   29
    65.0-180.0 180.0   5.0 450.0                            LAT/LON1/LON2/DLON/H
   31   29   27   27   26   25   24   23   21   19   17   15   14   14   15   16
   19   23   25   25   26   26   25   25   23   22   20   20   20   22   25   29
   34   39   45   50   55   59   62   65   67   70   73   76   79   81   84   87
   88   90   90   90   90   89   89   87   86   85   84   84   83   81   79   75
   70   65   59   53   47   41   37   33   31
    62.5-180.0 180.0   5.0 450.0                            LAT/LON1/LON2/DLON/H
   33   31   29   28   27   25   24   22   21   18   16   15   15   15   16   17
   20   22   23   24   24   24   23   22   20   18   17   18   18   21   24   29
   35   41   46   51   56   59   62   65   68   71   74   77   81   83   86   87
   88   90   90   89   88   87   87   85   84   83   83   82   81   80   78   75
   71   66   60   55   49   44   39   35   33
    60.0-180.0 180.0   5.0 450.0                            LAT/LON1/LON2/DLON/H
   35   33   31   29   28   26   24   22   20   18   17   16   15   15   16   17
   19   20   21   21   21   21   20   18   17   16   15   16   17   20   24   30
   37   43   49   53   57   60   63   66   69   72   76   80   83   86   88   88
   89   89   89   89   88   87   85   84   82   81   81   80   80   79   77   74
   72   66   61   56   51   46   41   38   35
    57.5-180.0 180.0   5.0 450.0                            LAT/LON1/LON2/DLON/H
   38   36   34   31   29   27   25   22   20   19   18   17   17   16   17   18
   18   18   19   18   18   17   16   15   15   14   14   16   18   21   26   33
   40   46   51   56   59   62   65   68   72   76   80   84   88   90   92   92
   91   91   90   90   88   88   86   85   84   83   81   80   79   78   77   74
   72   67   62   57   52   48   44   41   38
    55.0-180.0 180.0   5.0 450.0                            LAT/LON1/LON2/DLON/H
   43   40   38   36   33   30   27   24   22   21   20   19   19   19   18   18
   18   18   17   16   16   15   15   14   15   15   16   17   20   24   29   36
   44   51   56   60   63   66   69   72   76   81   86   90   94   96   97   96
   96   95   94   94   93   92   91   90   88   87   85   83   82   80   78   75
   71   67   63   59   55   52   48   45   43
    52.5-180.0 180.0   5.0 450.0                            LAT/LON1/LON2/DLON/H
   49   47   44   41   38   35   32   30   27   25   24   24   24   22   22   21
   20   19   18   17   16   16   16   17   18   19   19   21   23   27   33   40
   49   57   62   65   68   71   74   79   84   88   94   98  101  103  104  104
  103  102  102  101  101  100   98   97   95   94   92   90   87   84   80   76
   73   69   65   61   59   56   53   51   49
    50.0-180.0 180.0   5.0 450.0                            LAT/LON1/LON2/DLON/H
   56   54   51   49   46   43   40   37   34   32   30   30   30   28   26   25
   23   22   22   21   21   21   22   24   25   26   26   27   29   33   39   47
   55   63   68   72   75   77   81   85   91   97  102  107  110  112  113  112
  111  111  111  111  110  109  108  106  104  103  101   98   95   91   85   80
   76   72   68   66   63   61   59   57   56
    47.5-180.0 180.0   5.0 450.0                            LAT/LON1/LON2/DLON/H
   62   60   58   56   54   52   50   47   44   41   38   38   37   35   33   30
   29   28   27   28   28   30   32   33   35   36   36   35   36   39   44   52
   60   69   74   79   82   85   89   94   99  105  110  114  117  119  120  120
  119  120  120  120  119  117  115  113  111  110  108  105  102   98   93   87
   82   77   73   71   68   66   65   63   62
    45.0-180.0 180.0   5.0 450.0                            LAT/LON1/LON2/DLON/H
   67   66   65   63   62   61   59   57   53   50   48   47   46   44   40   37
   36   35   35   37   38   40   43   45   47   48   46   44   44   45   51   58
   66   74   80   85   89   93   98  102  107  112  116  120  124  125  126  127
  127  128  128  128  127  124  121  118  116  114  113  110  108  105  100   95
   89   84   80   76   73   71   70   68   67
    42.5-180.0 180.0   5.0 450.0                            LAT/LON1/LON2/DLON/H
   70   69   69   69   69   69   68   66   63   60   58   57   56   53   49   46
   43   43   44   46   49   51   54   56   57   57   55   52   50   51   55   63
   71   79   86   91   96  100  105  110  114  118  122  126  129  131  132  134
  134  135  135  135  132  128  124  121  117  116  115  113  111  109  106  102
   97   92   87   82   79   75   73   71   70
    40.0-180.0 180.0   5.0 450.0                            LAT/LON1/LON2/DLON/H
   70   69   70   71   72   73   74   73   71   69   68   67   66   62   58   53
   51   51   53   56   59   61   63   64   65   64   62   58   54   54   58   65
   75   84   91   97  103  108  113  118  122  125  128  132  134  137  138  139
  139  141  140  139  136  131  126  121  119  118  117  115  114  113  111  108
  104   99   93   87   82   78   75   72   70
    37.5-180.0 180.0   5.0 450.0                            LAT/LON1/LON2/DLON/H
   68   67   68   69   71   73   75   77   76   75   76   76   75   72   67   62
   59   59   60   63   66   68   69   69   69   68   65   60   57   56   60   68
   77   86   94  102  108  115  121  126  129  132  135  138  142  144  145  145
  146  146  147  145  140  134  129  124  122  121  120  118  117  117  116  115
  111  105   99   91   85   78   73   70   68
    35.0-180.0 180.0   5.0 450.0                            LAT/LON1/LON2/DLON/H
   64   62   63   65   67   70   73   76   78   80   81   83   83   81   76   71
   67   66   66   68   70   72   72   71   70   69   65   60   57   56   61   69
   79   89   98  106  113  121  129  134  137  140  143  147  151  154  154  154
  155  156  156  154  149  141  136  131  129  128  126  124  123  123  123  122
  119  112  105   96   87   78   72   67   64
    32.5-180.0 180.0   5.0 450.0                            LAT/LON1/LON2/DLON/H
   60   58   57   58   60   63   67   72   76   80   83   87   89   88   84   79
   75   71   70   71   71   72   72   70   67   66   63   59   56   56   61   70
   82   92  102  111  120  129  137  142  146  149  154  159  163  166  168  167
  169  171  173  172  165  157  151  147  145  142  139  135  134  134  133  132
  127  121  113  101   91   80   72   65   60
    30.0-180.0 180.0   5.0 450.0                            LAT/LON1/LON2/DLON/H
   60   55   52   52   53   55   59   65   71   76   83   88   91   91   89   85
   80   76   72   71   71   70   69   67   64   63   60   57   54   56   61   71
   83   95  106  117  126  136  144  151  156  160  166  174  180  184  185  186
  189  193  196  196  190  184  176  171  169  165  159  154  151  149  148  145
  140  133  123  111   99   87   77   68   60
    27.5-180.0 180.0   5.0 450.0                            LAT/LON1/LON2/DLON/H
   66   57   51   47   46   48   52   58   65   72   79   86   90   91   90   87
   83   78   73   71   69   68   67   65   62   60   58   55   53   55   61   72
   84   97  109  121  131  142  152  160  166  172  181  192  200  204  207  211
  216  221  226  227  221  215  208  204  200  195  187  180  175  171  167  163
  155  148  138  126  112  100   88   77   66
    25.0-180.0 180.0   5.0 450.0                            LAT/LON1/LON2/DLON/H
   78   66   55   48   44   44   47   53   59   67   74   81   86   88   89   86
   83   78   73   69   68   67   66   64   62   59   56   54   53   55   62   72
   85   99  112  124  136  148  159  169  177  186  197  210  222  227  233  238
  246  253  259  259  254  249  243  240  236  230  221  211  204  199  192  186
  177  167  157  145  132  118  105   92   78
    22.5-180.0 180.0   5.0 450.0                            LAT/LON1/LON2/DLON/H
   95   80   66   54   46   44   46   50   56   62   68   75   79   82   84   83
   81   78   73   69   67   66   66   65   64   60   57   54   54   56   63   72
   86  100  115  128  141  154  167  178  189  202  213  228  242  251  258  267
  275  283  287  288  284  280  276  277  272  266  256  245  237  230  222  212
  203  191  180  169  156  141  126  111   95
    20.0-180.0 180.0   5.0 450.0                            LAT/LON1/LON2/DLON/H
  116   97   79   64   53   49   49   52   55   59   63   68   72   75   76   77
   77   75   71   68   67   67   67   67   66   63   59   56   55   56   61   71
   86  101  117  132  146  161  175  187  200  213  228  244  258  269  280  288
  298  307  310  312  309  306  304  304  303  298  286  275  266  259  251  241
  231  219  211  197  182  165  149  134  116
    17.5-180.0 180.0   5.0 450.0                            LAT/LON1/LON2/DLON/H
  137  116   96   78   64   57   56   56   56   58   60   62   64   67   68   69
   71   70   69   67   66   66   67   69   69   67   63   59   56   56   60   70
   84  101  118  134  151  167  182  196  208  223  240  254  270  282  292  302
  312  323  325  327  324  322  320  322  326  320  308  296  288  283  276  270
  257  247  240  225  208  189  172  156  137
    15.0-180.0 180.0   5.0 450.0                            LAT/LON1/LON2/DLON/H
  155  134  113   93   78   69   64   61   60   59   59   59   59   60   61   63
   65   66   66   66   66   66   68   71   72   71   67   62   58   56   60   70
   85  102  119  136  154  172  188  202  218  233  248  260  274  286  295  304
  315  326  329  329  327  326  326  328  334  332  321  309  302  298  294  289
  279  270  260  246  230  209  192  175  155
    12.5-180.0 180.0   5.0 450.0                            LAT/LON1/LON2/DLON/H
  168  150  130  109   93   82   74   68   64   62   60   59   57   56   56   58
   60   62   64   65   66   67   69   73   75   74   70   65   59   56   60   70
   85  103  121  138  157  176  194  210  225  241  253  264  276  285  291  298
  307  317  321  323  324  325  326  328  332  333  326  317  311  308  305  300
  292  283  270  258  241  221  203  188  168
    10.0-180.0 180.0   5.0 450.0                            LAT/LON1/LON2/DLON/H
  176  160  144  123  107   95   84   76   71   67   64   61   59   56   55   55
   58   60   63   64   65   66   69   73   75   75   72   65   59   56   59   70
   86  104  123  141  161  181  199  216  231  246  258  268  278  283  285  289
  296  305  312  318  322  324  326  328  332  334  330  323  317  313  309  304
  297  286  272  258  242  224  207  191  176
     7.5-180.0 180.0   5.0 450.0                            LAT/LON1/LON2/DLON/H
  177  167  152  136  120  106   96   86   79   74   72   69   65   60   58   57
   57   60   62   63   64   65   68   72   74   74   71   65   59   56   60   71
   87  106  125  144  164  183  202  219  235  249  263  274  281  284  284  286
  291  301  311  319  325  327  330  333  338  340  337  331  323  316  310  303
  294  282  266  251  235  218  203  190  177
     5.0-180.0 180.0   5.0 450.0                            LAT/LON1/LON2/DLON/H
  175  168  159  145  132  118  107   97   90   85   82   77   74   68   64   61
   60   61   62   63   64   65   68   71   73   72   69   64   58   57   61   73
   90  108  127  146  164  184  204  221  238  255  268  280  288  291  293  293
  299  308  318  328  333  336  339  343  348  351  349  342  331  319  309  300
  288  274  257  240  224  207  194  183  175
     2.5-180.0 180.0   5.0 450.0                            LAT/LON1/LON2/DLON/H
  169  165  160  151  141  129  118  108  101   97   93   89   85   76   71   67
   65   65   65   65   64   66   68   72   72   70   67   62   58   58   63   76
   92  110  128  145  163  183  202  222  241  259  276  290  300  308  311  311
  316  324  333  341  346  349  351  356  362  365  362  354  340  323  309  295
  280  264  246  228  211  195  184  175  169
