ionex_files/bejaia/igsg0860.21i
     1.0            IONOSPHERE MAPS     MIX                 IONEX VERSION / TYPE
cmpcmb v1.2          GRL/UWM            12-apr-21 05:48     PGM / RUN BY / DATE 
ionex file containing IGS COMBINED Ionosphere maps          COMMENT             
global ionosphere maps for day 086, 2021                    DESCRIPTION         
IONEX file containing the COMBINED IGS TEC MAPS and DCBs    DESCRIPTION         
      IONEX files of the following IAACs were combined: cod DESCRIPTION         
                                                        esa DESCRIPTION         
                                                        jpl DESCRIPTION         
                                                        upc DESCRIPTION         
Contact address: Andrzej Krankowski                         DESCRIPTION
                 Geodynamics Research Laboratory            DESCRIPTION
                 University of Warmia and Mazury (GRL/UWM)  DESCRIPTION
                 Oczapowski St. 1                           DESCRIPTION
                 10-957-Olsztyn, POLAND                     DESCRIPTION
                 e-mail:  kand@uwm.edu.pl                   DESCRIPTION
                                                            DESCRIPTION         
  2021     3    27     0     0     0                        EPOCH OF FIRST MAP  
  2021     3    28     0     0     0                        EPOCH OF LAST MAP   
  7200                                                      INTERVAL            
    13                                                      # OF MAPS IN FILE   
  COSZ                                                      MAPPING FUNCTION    
     0.0                                                    ELEVATION CUTOFF    
combined TEC calculated as weighted mean of input TEC valuesOBSERVABLES USED    
   376                                                      # OF STATIONS       
    32                                                      # OF SATELLITES     
  6371.0                                                    BASE RADIUS         
     2                                                      MAP DIMENSION       
   450.0 450.0   0.0                                        HGT1 / HGT2 / DHGT  
    87.5 -87.5  -2.5                                        LAT1 / LAT2 / DLAT  
  -180.0 180.0   5.0                                        LON1 / LON2 / DLON  
    -1                                                      EXPONENT            
TEC values in 0.1 tec units;  9999, if no value available   COMMENT             
DCB values in nanoseconds, reference is Sum_of_SatDCBs = 0  COMMENT             
                                                            END OF HEADER       
[from data line 2145]
     6                                                      START OF TEC MAP    
  2021     3    27    10     0     0                        EPOCH OF CURRENT MAP
    87.5-180.0 180.0   5.0 450.0                            LAT/LON1/LON2/DLON/H
   66   66   67   67   67   67   68   68   68   68   68   68   68   68   68   68
   68   68   67   67   67   67   66   67   66   66   66   66   66   66   66   66
   67   66   66   67   66   66   66   66   66   66   66   66   65   65   65   64
   64   64   64   64   64   64   63   63   63   64   63   63   64   63   64   64
   64   64   64   65   65   66   66   66   66
    85.0-180.0 180.0   5.0 450.0                            LAT/LON1/LON2/DLON/H
   65   66   66   67   68   68   69   69   69   68   68   68   68   67   66   66
   65   64   64   63   63   63   63   63   63   63   63   63   64   65   66   66
   67   67   68   68   68   69   69   69   69   68   68   68   67   67   66   66
   65   64   63   62   62   61   60   60   60   59   59   59   59   59   59   59
   59   60   60   61   61   62   63   64   65
    82.5-180.0 180.0   5.0 450.0                            LAT/LON1/LON2/DLON/H
   62   63   64   66   67   67   68   68   68   68   67   66   64   63   61   60
   59   58   57   56   55   55   56   56   57   57   59   59   61   62   63   65
   66   68   68   70   71   72   72   72   72   72   72   71   71   70   69   68
   68   66   65   63   62   61   60   59   58   57   56   55   55   54   54   54
   54   55   55   56   57   58   60   61   62
    80.0-180.0 180.0   5.0 450.0                            LAT/LON1/LON2/DLON/H
   58   60   62   63   65   65   66   67   66   66   65   63   60   58   55   53
   51   49   48   47   47   46   47   49   50   52   53   55   57   59   61   63
   65   67   69   71   72   74   75   75   76   76   76   76   75   74   74   73
   72   71   70   68   67   65   64   62   61   59   57   56   54   52   51   51
   51   52   52   52   53   54   55   57   58
    77.5-180.0 180.0   5.0 450.0                            LAT/LON1/LON2/DLON/H
   52   54   56   59   60   62   63   64   63   62   60   58   55   51   48   45
   42   41   39   38   37   38   39   41   43   46   48   51   54   57   60   62
   65   68   70   72   74   76   77   78   79   80   80   80   81   80   80   80
   79   78   77   76   75   74   72   70   68   65   64   61   58   56   54   52
   52   51   50   50   48   49   50   51   52
    75.0-180.0 180.0   5.0 450.0                            LAT/LON1/LON2/DLON/H
   45   48   50   52   54   56   57   58   58   57   55   52   48   45   41   38
   35   33   32   32   32   33   34   38   40   43   46   49   52   56   59   62
   65   67   70   73   75   77   79   81   82   83   84   85   86   87   88   87
   88   88   87   86   86   85   83   81   79   76   73   71   67   64   61   58
   56   53   50   47   45   44   44   44   45
    72.5-180.0 180.0   5.0 450.0                            LAT/LON1/LON2/DLON/H
   39   40   42   44   47   49   51   51   52   51   49   46   43   40   35   32
   30   30   30   29   30   31   34   37   40   43   46   50   53   56   59   62
   65   67   70   72   75   77   80   81   84   85   87   89   91   93   94   96
   96   97   97   97   96   95   94   92   90   87   84   81   78   74   70   66
   61   56   52   47   44   41   39   39   39
    70.0-180.0 180.0   5.0 450.0                            LAT/LON1/LON2/DLON/H
   34   33   35   36   39   42   43   45   46   46   44   42   39   36   33   31
   30   29   29   29   30   33   35   39   41   46   49   52   54   57   60   62
   64   66   68   71   74   76   79   82   84   86   89   92   95   97  100  102
  104  105  105  105  105  103  102  100   98   95   93   90   86   82   78   73
   68   62   56   51   46   41   38   35   34
    67.5-180.0 180.0   5.0 450.0                            LAT/LON1/LON2/DLON/H
   31   30   30   31   32   35   37   38   39   40   40   39   36   35   33   32
   31   30   30   31   33   35   38   42   45   49   52   55   57   58   60   62
   63   65   67   70   72   75   78   81   84   87   91   94   98  101  104  107
  109  110  111  111  109  107  106  103  101   99   97   94   91   88   83   78
   72   66   60   54   49   43   38   34   31
    65.0-180.0 180.0   5.0 450.0                            LAT/LON1/LON2/DLON/H
   32   29   28   27   28   29   31   33   34   36   36   36   35   34   34   33
   32   32   32   33   34   37   41   44   48   52   54   57   59   60   61   61
   62   64   65   68   71   75   77   81   84   88   92   97  100  104  108  110
  112  113  113  112  110  107  105  102  100   98   96   94   91   89   84   80
   74   69   63   57   51   46   40   36   32
    62.5-180.0 180.0   5.0 450.0                            LAT/LON1/LON2/DLON/H
   35   31   29   27   26   27   27   29   30   31   33   33   33   33   34   33
   33   33   32   33   35   38   42   45   49   52   56   58   59   60   61   61
   62   63   66   68   71   74   78   81   86   90   94   99  103  106  109  112
  113  113  112  111  108  105  102   99   97   94   92   91   89   86   83   78
   73   69   63   58   54   49   44   39   35
    60.0-180.0 180.0   5.0 450.0                            LAT/LON1/LON2/DLON/H
   41   36   33   30   28   27   27   27   27   28   28   29   30   31   32   32
   32   32   31   31   33   36   40   44   47   51   56   58   60   60   61   62
   63   65   67   70   73   76   80   84   88   92   98  103  106  110  112  114
  114  112  111  108  105  102   99   96   93   91   89   88   86   84   80   76
   72   68   63   59   56   53   49   45   41
    57.5-180.0 180.0   5.0 450.0                            LAT/LON1/LON2/DLON/H
   48   44   39   35   32   30   29   27   26   26   26   26   26   27   28   29
   29   29   28   28   29   32   36   41   45   50   55   58   60   62   62   64
   66   68   71   74   77   80   83   88   93   97  103  108  112  115  117  117
  116  114  111  109  106  103  100   97   94   92   89   88   86   84   81   77
   73   68   64   61   59   57   54   51   48
    55.0-180.0 180.0   5.0 450.0                            LAT/LON1/LON2/DLON/H
   56   52   47   43   39   35   33   30   28   26   25   24   23   24   24   24
   24   24   23   23   24   26   31   37   42   48   54   59   61   63   65   67
   69   73   76   79   82   86   89   94   99  104  109  114  118  121  122  122
  120  117  115  112  110  108  106  103  100   97   95   93   91   88   84   79
   75   70   66   64   62   61   60   58   56
    52.5-180.0 180.0   5.0 450.0                            LAT/LON1/LON2/DLON/H
   63   60   56   51   47   43   40   36   32   29   27   24   23   21   21   21
   20   20   19   19   20   23   28   35   41   48   55   60   64   66   69   71
   75   79   83   86   89   93   97  101  106  111  116  121  125  128  128  128
  126  124  121  119  118  117  115  113  110  107  104  102   99   95   90   85
   79   74   71   68   67   66   66   65   63
    50.0-180.0 180.0   5.0 450.0                            LAT/LON1/LON2/DLON/H
   69   67   63   60   56   51   48   43   38   35   31   28   25   22   20   19
   18   18   17   17   19   22   27   34   41   50   57   63   66   70   73   77
   81   85   89   93   97  100  104  109  114  119  124  129  133  135  136  135
  133  131  129  128  127  126  125  123  120  118  115  111  107  103   97   91
   86   80   76   73   71   71   71   70   69
    47.5-180.0 180.0   5.0 450.0                            LAT/LON1/LON2/DLON/H
   74   72   70   67   63   59   57   52   48   44   39   34   31   27   23   21
   20   19   19   19   21   24   29   36   44   54   61   67   71   74   78   82
   87   92   97  101  105  108  113  118  122  128  133  137  141  143  144  143
  140  138  137  136  135  135  134  131  128  126  123  119  115  110  105  100
   93   87   82   78   75   74   74   74   74
    45.0-180.0 180.0   5.0 450.0                            LAT/LON1/LON2/DLON/H
   76   75   73   72   69   67   64   60   57   54   49   44   40   35   30   27
   25   24   24   25   26   29   33   40   49   59   66   72   76   79   82   87
   92   98  103  108  112  116  121  125  131  136  142  146  149  152  151  150
  148  147  144  143  141  139  138  136  132  129  126  122  119  116  112  106
  100   93   87   82   78   76   76   76   76
    42.5-180.0 180.0   5.0 450.0                            LAT/LON1/LON2/DLON/H
   77   77   76   75   74   72   70   67   66   63   60   56   52   47   41   37
   34   32   32   33   34   35   38   44   53   62   70   76   80   83   87   91
   97  103  109  114  119  124  130  135  140  146  151  156  159  160  159  158
  157  155  151  147  144  141  138  135  130  127  123  120  119  117  115  110
  104   97   91   85   80   78   77   77   77
    40.0-180.0 180.0   5.0 450.0                            LAT/LON1/LON2/DLON/H
   77   77   76   76   76   75   74   73   73   71   70   67   64   59   53   49
   45   43   43   43   42   42   43   48   56   66   74   80   85   88   91   96
  101  107  114  120  126  132  138  145  151  157  162  167  171  172  171  171
  167  164  157  151  145  140  135  132  128  124  120  117  117  116  114  111
  105   99   92   86   81   78   76   76   77
    37.5-180.0 180.0   5.0 450.0                            LAT/LON1/LON2/DLON/H
   76   77   76   76   76   76   76   76   77   77   77   76   74   71   66   60
   57   55   53   52   50   48   47   50   58   68   77   84   88   92   96  100
  105  111  119  126  134  142  149  157  164  171  178  184  188  188  187  185
  181  175  166  157  149  141  136  133  130  125  121  118  118  117  115  111
  105   99   92   85   80   77   75   75   76
    35.0-180.0 180.0   5.0 450.0                            LAT/LON1/LON2/DLON/H
   74   75   73   73   74   75   76   76   79   80   81   82   82   80   76   72
   67   65   62   60   56   52   49   51   59   70   79   87   92   96  100  105
  110  117  124  133  143  153  162  172  181  189  197  205  209  209  207  204
  198  191  181  170  159  152  147  144  141  136  132  129  126  125  120  115
  108  100   92   85   80   77   75   74   74
    32.5-180.0 180.0   5.0 450.0                            LAT/LON1/LON2/DLON/H
   73   72   71   71   71   72   72   73   77   80   82   85   87   87   84   81
   76   72   69   65   61   55   50   51   60   71   82   90   96  100  104  109
  115  123  132  143  155  167  178  190  200  210  220  232  237  234  232  229
  223  215  204  193  182  176  172  169  167  162  157  152  147  143  135  126
  115  105   96   88   83   78   75   74   73
    30.0-180.0 180.0   5.0 450.0                            LAT/LON1/LON2/DLON/H
   73   71   70   69   68   68   68   69   72   76   81   84   88   90   89   86
   81   77   73   69   63   56   52   53   61   73   84   93  100  104  110  116
  123  130  142  156  170  186  199  212  223  231  245  258  265  262  260  258
  255  247  239  228  219  214  212  213  208  202  195  188  181  172  159  146
  131  118  106   97   90   84   79   76   73
    27.5-180.0 180.0   5.0 450.0                            LAT/LON1/LON2/DLON/H
   77   73   70   68   66   66   66   67   69   72   77   81   86   89   90   87
   83   78   74   70   65   59   55   56   64   76   88   97  103  109  116  123
  131  141  155  172  189  206  222  235  245  255  270  285  292  290  291  291
  289  286  280  273  265  263  263  267  263  256  247  237  227  212  193  176
  156  139  124  113  103   96   88   82   77
    25.0-180.0 180.0   5.0 450.0                            LAT/LON1/LON2/DLON/H
   85   79   74   69   66   65   65   65   66   69   72   77   82   86   87   85
   81   76   74   70   66   61   59   61   69   81   91   99  106  114  122  131
  142  155  172  193  213  229  244  256  265  278  294  311  318  321  325  323
  324  325  324  322  317  321  319  327  325  318  307  295  280  260  235  214
  189  168  150  136  123  112  102   92   85
    22.5-180.0 180.0   5.0 450.0                            LAT/LON1/LON2/DLON/H
   96   87   81   74   69   66   66   65   65   66   69   73   77   81   83   81
   77   74   72   70   67   64   63   66   74   85   95  102  109  118  128  141
  154  172  192  216  235  250  263  271  280  293  314  335  342  348  355  357
  358  363  366  370  370  373  374  384  383  378  366  353  333  309  281  257
  229  205  182  166  149  135  120  107   96
    20.0-180.0 180.0   5.0 450.0                            LAT/LON1/LON2/DLON/H
  114  101   92   82   75   70   68   67   65   65   68   70   73   76   78   76
   73   71   69   68   67   65   65   69   78   88   96  104  112  122  134  150
  168  187  212  237  254  267  275  281  289  304  333  356  366  372  381  385
  388  397  401  405  408  409  412  421  421  417  408  395  375  350  322  295
  273  245  220  199  178  161  144  127  114
    17.5-180.0 180.0   5.0 450.0                            LAT/LON1/LON2/DLON/H
  137  122  108   96   85   78   74   72   70   68   69   69   70   72   73   70
   67   65   66   66   65   64   65   71   80   90   97  105  114  126  141  160
  180  202  229  252  268  277  282  286  295  314  341  366  379  389  396  402
  407  416  417  417  417  420  424  429  431  428  423  412  396  373  348  325
  304  277  254  230  208  189  171  154  137
    15.0-180.0 180.0   5.0 450.0                            LAT/LON1/LON2/DLON/H
  165  148  131  115   99   89   84   80   76   74   71   70   68   68   67   64
   62   61   61   63   63   62   64   70   79   89   97  107  117  131  148  169
  191  216  240  262  277  285  288  291  302  321  347  370  385  396  401  406
  412  414  409  409  407  410  413  417  418  416  414  406  394  376  356  337
  319  297  275  253  232  214  198  182  165
    12.5-180.0 180.0   5.0 450.0                            LAT/LON1/LON2/DLON/H
  193  179  160  137  117  106   98   90   84   80   76   72   67   64   63   61
   58   58   59   59   59   59   61   67   77   88   98  108  121  137  156  178
  202  225  249  269  282  290  292  296  308  327  350  371  387  395  399  403
  404  402  395  393  392  394  395  396  397  395  393  389  379  364  348  332
  317  299  280  263  246  232  219  206  193
    10.0-180.0 180.0   5.0 450.0                            LAT/LON1/LON2/DLON/H
  216  205  186  161  140  126  117  105   95   87   81   74   69   63   61   59
   58   57   57   57   56   55   57   63   74   87   99  111  126  143  163  186
  210  233  255  273  285  293  296  302  315  333  353  371  385  391  396  399
  399  393  385  381  380  381  379  378  378  376  374  370  361  346  331  315
  303  289  275  261  249  239  231  224  216
     7.5-180.0 180.0   5.0 450.0                            LAT/LON1/LON2/DLON/H
  229  221  203  182  162  147  136  121  107   96   87   79   71   65   62   60
   58   57   57   56   53   52   53   59   71   85   99  115  131  150  171  192
  215  237  258  275  286  294  301  310  323  339  356  371  382  390  396  400
  400  394  387  380  376  374  370  366  365  365  363  357  345  328  311  295
  283  271  260  249  242  237  234  232  229
     5.0-180.0 180.0   5.0 450.0                            LAT/LON1/LON2/DLON/H
  231  226  214  195  179  164  153  136  119  106   95   85   75   68   64   63
   61   59   57   56   53   50   50   56   69   84  101  118  137  157  176  197
  218  239  259  275  286  295  305  316  331  346  358  370  382  392  401  408
  410  406  398  389  381  375  367  362  361  361  358  349  333  312  292  273
  261  249  239  231  228  227  228  231  231
     2.5-180.0 180.0   5.0 450.0                            LAT/LON1/LON2/DLON/H
  223  221  213  200  188  177  166  149  132  116  103   92   81   73   70   67
   65   62   59   57   54   50   49   55   67   84  103  122  142  161  179  198
  218  238  256  271  283  294  307  323  339  352  362  371  382  394  407  418
  424  422  413  402  391  381  369  362  360  360  356  343  323  299  275  253
  238  225  215  210  209  211  216  221  223
