ionex_files/bejaia/igsg0860.21i
     1.0            IONOSPHERE MAPS     MIX                 IONEX VERSION / TYPE
cmpcmb v1.2          GRL/UWM            12-apr-21 05:48     PGM / RUN BY / DATE 
ionex file containing IGS COMBINED Ionosphere maps          COMMENT             
global ionosphere maps for day 086, 2021                    DESCRIPTION         
IONEX file containing the COMBINED IGS TEC MAPS and DCBs    DESCRIPTION         
      IONEX files of the following IAACs were combined: cod DESCRIPTION         
                                                        esa DESCRIPTION         
                                                        jpl DESCRIPTION         
                                                        upc DESCRIPTION         
Contact address: Andrzej Krankowski                         DESCRIPTION
                 Geodynamics Research Laboratory            DESCRIPTION
                 University of Warmia and Mazury (GRL/UWM)  DESCRIPTION
                 Oczapowski St. 1                           DESCRIPTION
                 10-957-Olsztyn, POLAND                     DESCRIPTION
                 e-mail:  kand@uwm.edu.pl                   DESCRIPTION
                                                            DESCRIPTION         
  2021     3    27     0     0     0                        EPOCH OF FIRST MAP  
  2021     3    28     0     0     0                        EPOCH OF LAST MAP   
  7200                                                      INTERVAL            
    13                                                      # OF MAPS IN FILE   
  COSZ                                                      MAPPING FUNCTION    
     0.0                                                    ELEVATION CUTOFF    
combined TEC calculated as weighted mean of input TEC valuesOBSERVABLES USED    
   376                                                      # OF STATIONS       
    32                                                      # OF SATELLITES     
  6371.0                                                    BASE RADIUS         
     2                                                      MAP DIMENSION       
   450.0 450.0   0.0                                        HGT1 / HGT2 / DHGT  
    87.5 -87.5  -2.5                                        LAT1 / LAT2 / DLAT  
  -180.0 180.0   5.0                                        LON1 / LON2 / DLON  
    -1                                                      EXPONENT            
TEC values in 0.1 tec units;  9999, if no value available   COMMENT             
DCB values in nanoseconds, reference is Sum_of_SatDCBs = 0  COMMENT             
                                                            END OF HEADER       
     1                                                      START OF TEC MAP    
  2021     3    27     0     0     0                        EPOCH OF CURRENT MAP
    87.5-180.0 180.0   5.0 450.0                            LAT/LON1/LON2/DLON/H
   46   46   46   46   47   46   46   47   47   47   47   47   47   47   47   47
   47   47   46   46   46   45   45   45   44   43   43   42   42   42   41   41
   41   40   40   40   39   39   39   39   39   39   39   39   39   39   40   40
   40   40   40   41   41   41   42   42   42   43   43   43   44   44   44   44
   44   44   45   45   45   45   45   46   46
    85.0-180.0 180.0   5.0 450.0                            LAT/LON1/LON2/DLON/H
   47   48   48   48   48   49   49   50   50   51   52   52   52   53   53   53
   53   53   52   50   50   49   48   47   45   44   43   42   41   40   39   38
   37   36   36   35   35   35   35   34   34   34   35   35   36   36   37   37
   38   39   39   40   40   41   42   42   44   44   44   45   45   46   46   46
   47   47   47   47   47   47   47   47   47
    82.5-180.0 180.0   5.0 450.0                            LAT/LON1/LON2/DLON/H
   48   48   48   49   49   50   50   51   52   54   55   56   57   58   59   59
   59   59   58   57   55   54   52   49   48   46   44   42   40   38   37   35
   34   33   32   31   31   30   30   30   31   31   31   32   33   34   35   36
   37   37   39   40   41   42   43   44   45   46   47   48   48   49   49   50
   49   49   49   49   49   48   48   48   48
    80.0-180.0 180.0   5.0 450.0                            LAT/LON1/LON2/DLON/H
   50   49   50   50   51   52   54   55   57   58   60   61   62   63   64   64
   64   64   63   62   60   58   55   51   48   47   44   42   39   37   35   33
   31   30   29   28   28   28   27   27   27   28   29   29   30   31   32   34
   35   36   37   38   40   41   43   45   46   47   49   50   51   52   53   53
   53   53   52   52   51   51   50   50   50
    77.5-180.0 180.0   5.0 450.0                            LAT/LON1/LON2/DLON/H
   53   52   52   53   53   54   56   57   59   61   62   65   67   69   70   69
   69   69   68   66   63   59   55   52   48   45   42   39   37   34   32   31
   29   28   27   27   26   26   26   26   26   26   27   27   28   29   30   31
   32   33   35   36   38   40   42   44   46   48   50   52   53   54   56   56
   56   56   56   56   55   55   54   53   53
    75.0-180.0 180.0   5.0 450.0                            LAT/LON1/LON2/DLON/H
   56   56   56   56   57   57   59   61   63   65   69   71   72   73   74   75
   74   72   67   64   61   57   54   50   47   43   39   37   34   32   30   29
   28   27   27   26   26   26   26   26   26   26   26   26   27   27   28   28
   29   30   31   33   34   36   39   41   44   46   49   52   54   56   58   59
   59   60   60   60   59   59   58   57   56
    72.5-180.0 180.0   5.0 450.0                            LAT/LON1/LON2/DLON/H
   62   61   61   61   61   62   63   64   67   69   72   74   76   77   77   76
   73   68   65   61   58   54   50   47   43   40   36   33   32   30   28   27
   27   27   27   27   27   27   27   27   27   26   26   26   25   25   25   26
   26   26   27   29   30   33   35   38   41   44   47   51   55   57   59   60
   62   62   63   63   64   64   63   62   62
    70.0-180.0 180.0   5.0 450.0                            LAT/LON1/LON2/DLON/H
   68   68   67   66   66   66   66   68   69   71   74   76   77   77   75   73
   69   65   62   58   54   50   47   43   40   37   34   31   29   28   27   26
   26   27   27   28   28   28   27   26   26   26   25   24   24   24   23   24
   24   24   24   25   27   28   31   34   37   41   46   50   54   57   60   62
   63   64   66   66   67   68   68   68   68
    67.5-180.0 180.0   5.0 450.0                            LAT/LON1/LON2/DLON/H
   74   73   73   71   70   70   70   70   71   73   74   75   76   75   73   70
   66   62   58   54   51   47   44   41   37   35   32   29   27   27   26   26
   26   27   27   28   28   27   26   26   25   24   24   24   24   23   23   22
   22   22   22   22   24   26   29   32   36   40   45   50   54   58   61   63
   65   66   68   69   71   72   73   74   74
    65.0-180.0 180.0   5.0 450.0                            LAT/LON1/LON2/DLON/H
   78   78   77   76   74   73   71   71   72   73   74   74   74   73   71   68
   65   60   56   53   49   46   44   40   36   33   31   28   26   26   25   25
   26   26   26   26   26   25   24   24   23   23   23   23   24   24   23   23
   22   22   21   22   23   25   28   32   37   42   47   53   56   60   63   65
   67   68   70   71   73   74   76   77   78
    62.5-180.0 180.0   5.0 450.0                            LAT/LON1/LON2/DLON/H
   81   81   81   79   77   75   73   72   71   72   73   73   72   71   69   67
   65   61   58   54   51   48   45   41   36   33   30   27   25   25   24   24
   25   25   24   24   23   22   22   21   22   22   22   24   25   26   25   25
   24   24   24   24   24   27   30   35   40   46   52   57   61   64   66   68
   69   70   71   72   73   75   77   79   81
    60.0-180.0 180.0   5.0 450.0                            LAT/LON1/LON2/DLON/H
   82   83   84   82   79   77   74   72   71   71   71   71   71   70   69   68
   67   64   61   59   56   53   48   44   38   35   31   28   25   25   24   23
   24   23   23   22   21   21   21   22   23   23   24   27   29   29   30   29
   29   28   28   28   28   31   35   40   45   52   57   63   67   70   71   73
   73   73   73   73   74   76   78   81   82
    57.5-180.0 180.0   5.0 450.0                            LAT/LON1/LON2/DLON/H
   86   87   87   86   83   80   76   73   71   71   71   71   71   71   70   71
   70   68   66   65   63   58   54   49   43   39   35   31   28   27   26   24
   23   22   22   22   21   22   23   25   26   28   30   33   35   36   37   36
   35   34   33   33   34   36   40   45   51   58   64   69   73   76   77   78
   78   77   77   76   77   78   80   83   86
    55.0-180.0 180.0   5.0 450.0                            LAT/LON1/LON2/DLON/H
   90   92   93   92   89   85   81   77   74   73   72   72   72   72   72   73
   73   73   72   71   69   65   60   55   49   44   40   36   34   31   29   26
   24   23   23   24   25   26   29   31   33   36   39   42   43   45   45   43
   43   41   40   40   41   43   46   52   58   65   71   76   79   82   84   84
   84   83   83   82   82   83   85   87   90
    52.5-180.0 180.0   5.0 450.0                            LAT/LON1/LON2/DLON/H
   99  101  102  101   98   94   89   85   81   78   76   76   75   75   75   75
   75   77   77   76   74   70   66   60   54   49   45   43   41   38   34   31
   28   26   27   29   31   35   38   41   44   47   49   51   52   52   52   51
   51   49   48   47   47   48   52   58   64   72   77   83   86   88   90   90
   90   90   90   90   90   91   94   95   99
    50.0-180.0 180.0   5.0 450.0                            LAT/LON1/LON2/DLON/H
  110  113  114  113  111  107  101   96   91   87   83   81   80   79   78   78
   78   79   79   80   78   74   70   64   59   56   52   50   49   45   41   38
   34   32   34   37   39   45   49   53   56   58   60   62   61   60   59   58
   57   57   56   54   53   54   57   63   70   78   84   89   92   94   95   96
   96   98   98   98   99  101  105  107  110
    47.5-180.0 180.0   5.0 450.0                            LAT/LON1/LON2/DLON/H
  125  128  128  128  126  121  116  110  104   99   94   89   87   84   83   81
   80   80   80   81   80   78   74   69   65   62   59   58   58   53   48   45
   42   40   42   46   49   56   61   65   67   69   70   70   70   67   65   65
   64   63   62   60   58   59   62   68   76   83   89   94   97   99  100  101
  103  105  108  109  111  114  118  121  125
    45.0-180.0 180.0   5.0 450.0                            LAT/LON1/LON2/DLON/H
  140  143  143  142  139  136  131  124  117  112  106  100   96   92   88   85
   83   82   82   83   83   82   78   74   70   68   66   66   65   60   56   52
   49   49   51   55   59   66   71   75   76   78   78   77   75   73   71   71
   71   70   68   66   64   66   69   75   82   89   95   99  102  103  104  107
  111  114  118  121  123  126  131  136  140
    42.5-180.0 180.0   5.0 450.0                            LAT/LON1/LON2/DLON/H
  153  155  155  154  151  149  144  138  130  124  117  111  106  100   96   91
   87   86   85   86   87   87   84   80   77   75   73   71   70   66   62   58
   56   56   59   63   68   73   78   81   82   82   82   82   81   79   78   78
   78   77   74   72   70   71   75   82   89   96  101  105  107  108  108  112
  117  122  127  131  134  137  143  149  153
    40.0-180.0 180.0   5.0 450.0                            LAT/LON1/LON2/DLON/H
  165  166  165  163  160  158  154  148  141  134  127  121  116  110  104   99
   94   92   91   92   94   94   92   87   84   81   77   75   72   69   66   62
   60   61   65   69   73   78   82   84   84   85   86   86   86   84   83   82
   82   81   78   75   73   75   81   88   96  103  109  112  113  113  114  117
  122  128  133  138  142  147  154  160  165
    37.5-180.0 180.0   5.0 450.0                            LAT/LON1/LON2/DLON/H
  173  175  174  171  169  167  162  155  148  141  135  130  125  121  115  109
  103  100   99  100  103  103  100   95   91   85   79   75   72   69   67   65
   63   65   69   73   76   79   83   84   85   85   87   89   89   88   85   83
   83   81   78   74   74   77   83   91  100  108  114  118  119  120  120  123
  128  133  138  142  147  153  162  169  173
    35.0-180.0 180.0   5.0 450.0                            LAT/LON1/LON2/DLON/H
  181  184  181  178  179  177  170  161  152  146  141  137  134  130  126  120
  114  111  110  111  111  111  107  101   94   86   78   73   69   67   66   66
   66   68   71   75   77   80   83   83   84   85   88   90   91   90   86   83
   81   78   75   72   72   77   83   93  104  112  118  122  124  126  126  129
  134  138  143  146  152  159  169  179  181
    32.5-180.0 180.0   5.0 450.0                            LAT/LON1/LON2/DLON/H
  193  195  192  188  188  187  178  167  156  148  144  143  141  140  136  132
  127  123  121  120  119  116  110  103   94   84   75   70   66   65   66   67
   70   72   75   77   79   80   82   82   84   87   90   91   91   90   87   82
   78   74   70   68   69   75   84   96  106  113  120  125  128  131  132  135
  139  144  148  152  159  167  178  189  193
    30.0-180.0 180.0   5.0 450.0                            LAT/LON1/LON2/DLON/H
  209  211  212  208  204  198  189  176  162  153  149  148  148  147  145  142
  137  133  130  127  122  116  109  100   90   80   72   67   64   64   66   70
   74   77   79   79   80   81   81   82   86   90   92   93   91   88   83   78
   73   68   65   63   65   72   84   97  107  115  122  128  132  135  137  140
  145  150  154  160  168  178  190  202  209
    27.5-180.0 180.0   5.0 450.0                            LAT/LON1/LON2/DLON/H
  230  235  236  234  229  219  206  191  174  163  157  156  156  154  151  148
  144  140  135  129  122  112  103   94   85   78   72   69   67   68   70   74
   79   81   82   82   82   82   83   85   88   92   94   93   90   86   79   73
   68   64   61   59   62   70   83   97  108  116  123  129  135  138  142  146
  150  157  162  170  180  193  208  222  230
    25.0-180.0 180.0   5.0 450.0                            LAT/LON1/LON2/DLON/H
  259  267  268  266  262  250  234  212  192  179  172  168  166  162  157  152
  147  141  134  126  116  106   96   90   83   79   78   77   77   76   79   82
   86   88   87   86   87   87   87   89   92   95   96   94   88   82   75   68
   63   59   56   56   59   68   81   96  108  116  124  131  137  142  147  152
  159  166  173  182  195  213  231  247  259
    22.5-180.0 180.0   5.0 450.0                            LAT/LON1/LON2/DLON/H
  294  303  307  305  300  289  267  242  220  204  194  187  179  171  164  156
  149  141  131  121  110   99   92   89   88   88   90   91   92   93   93   94
   96   95   94   93   93   93   94   95   96   98   97   92   86   79   71   64
   59   56   53   54   58   67   80   95  108  118  126  133  140  146  152  159
  168  177  186  197  214  234  257  277  294
    20.0-180.0 180.0   5.0 450.0                            LAT/LON1/LON2/DLON/H
  324  340  343  344  339  327  310  280  256  237  224  211  198  184  174  162
  151  140  129  116  105   96   94   96   99  104  108  111  114  113  112  109
  108  106  105  103  103  102  102  102  102  102   99   92   84   76   67   61
   56   53   52   52   56   65   79   94  107  118  127  135  143  151  159  168
  178  189  200  214  232  256  281  304  324
    17.5-180.0 180.0   5.0 450.0                            LAT/LON1/LON2/DLON/H
  347  366  375  380  378  369  350  328  301  281  262  246  225  206  188  173
  158  144  130  116  106  101  103  109  116  124  131  137  139  136  130  124
  122  119  118  115  115  113  112  110  108  106  101   93   83   73   64   58
   54   52   50   50   54   62   76   93  107  119  129  138  149  158  168  178
  189  201  214  229  250  274  300  325  347
    15.0-180.0 180.0   5.0 450.0                            LAT/LON1/LON2/DLON/H
  359  379  395  405  409  406  394  374  346  325  306  288  261  236  210  190
  171  154  138  123  114  113  119  128  137  148  156  163  162  155  146  138
  134  132  130  126  126  124  121  118  113  109  103   93   82   72   63   57
   53   51   50   49   51   59   74   90  108  122  133  144  155  166  177  189
  200  213  227  243  264  289  313  337  359
    12.5-180.0 180.0   5.0 450.0                            LAT/LON1/LON2/DLON/H
  359  379  399  416  428  435  430  411  386  366  350  332  305  275  242  219
  194  175  157  142  135  136  143  153  163  172  179  184  179  168  158  149
  145  142  141  137  137  133  130  124  118  112  104   92   81   70   62   57
   53   51   49   48   49   56   71   89  108  125  138  150  162  174  186  199
  212  225  239  255  275  297  320  339  359
    10.0-180.0 180.0   5.0 450.0                            LAT/LON1/LON2/DLON/H
  353  372  391  410  429  444  447  430  412  399  389  376  350  322  284  257
  229  208  188  174  167  169  174  181  188  190  193  194  187  176  165  156
  152  150  147  144  144  140  136  129  121  112  102   91   79   70   63   57
   52   50   48   46   47   54   67   87  108  126  141  155  168  181  193  207
  221  235  249  263  280  297  317  335  353
     7.5-180.0 180.0   5.0 450.0                            LAT/LON1/LON2/DLON/H
  340  358  378  400  418  435  443  434  426  423  420  412  392  365  331  299
  272  252  230  215  206  205  205  207  205  203  200  196  187  177  168  159
  154  152  150  148  148  144  139  131  121  110  100   89   79   70   63   56
   51   48   46   44   46   53   66   86  106  125  142  157  171  185  199  213
  228  242  257  269  281  293  308  325  340
     5.0-180.0 180.0   5.0 450.0                            LAT/LON1/LON2/DLON/H
  330  348  366  385  400  415  424  429  430  436  439  437  424  400  375  344
  319  298  276  261  248  239  232  225  217  212  203  194  185  175  165  158
  153  150  149  147  146  143  138  130  120  108   97   87   78   70   62   54
   48   45   44   43   45   52   66   84  104  122  138  154  170  186  202  216
  232  247  261  273  282  290  301  315  330
     2.5-180.0 180.0   5.0 450.0                            LAT/LON1/LON2/DLON/H
  326  344  359  374  386  398  409  419  426  437  444  444  436  419  398  378
  357  338  318  301  284  268  252  236  223  213  199  190  180  172  163  156
  150  145  143  141  139  137  132  126  117  106   95   85   76   68   60   51
   46   43   42   42   44   52   65   83  101  117  131  146  164  182  200  215
  231  247  263  275  283  288  297  311  326
