ionex_files/bejaia/igsg0850.21i
     1.0            IONOSPHERE MAPS     MIX                 IONEX VERSION / TYPE
cmpcmb v1.2          GRL/UWM            12-apr-21 05:42     PGM / RUN BY / DATE 
ionex file containing IGS COMBINED Ionosphere maps          COMMENT             
global ionosphere maps for day 085, 2021                    DESCRIPTION         
IONEX file containing the COMBINED IGS TEC MAPS and DCBs    DESCRIPTION         
      IONEX files of the following IAACs were combined: cod DESCRIPTION         
                                                        esa DESCRIPTION         
                                                        jpl DESCRIPTION         
                                                        upc DESCRIPTION         
Contact address: Andrzej Krankowski                         DESCRIPTION
                 Geodynamics Research Laboratory            DESCRIPTION
                 University of Warmia and Mazury (GRL/UWM)  DESCRIPTION
                 Oczapowski St. 1                           DESCRIPTION
                 10-957-Olsztyn, POLAND                     DESCRIPTION
                 e-mail:  kand@uwm.edu.pl                   DESCRIPTION
                                                            DESCRIPTION         
  2021     3    26     0     0     0                        EPOCH OF FIRST MAP  
  2021     3    27     0     0     0                        EPOCH OF LAST MAP   
  7200                                                      INTERVAL            
    13                                                      # OF MAPS IN FILE   
  COSZ                                                      MAPPING FUNCTION    
     0.0                                                    ELEVATION CUTOFF    
combined TEC calculated as weighted mean of input TEC valuesOBSERVABLES USED    
   372                                                      # OF STATIONS       
    32                                                      # OF SATELLITES     
  6371.0                                                    BASE RADIUS         
     2                                                      MAP DIMENSION       
   450.0 450.0   0.0                                        HGT1 / HGT2 / DHGT  
    87.5 -87.5  -2.5                                        LAT1 / LAT2 / DLAT  
  -180.0 180.0   5.0                                        LON1 / LON2 / DLON  
    -1                                                      EXPONENT            
TEC values in 0.1 tec units;  9999, if no value available   COMMENT             
DCB values in nanoseconds, reference is Sum_of_SatDCBs = 0  COMMENT             
                                                            END OF HEADER       
[from data line 429]
     2                                                      START OF TEC MAP    
  2021     3    26     2     0     0                        EPOCH OF CURRENT MAP
    87.5-180.0 180.0   5.0 450.0                            LAT/LON1/LON2/DLON/H
   56   56   56   56   57   57   57   58   58   58   58   58   58   58   57   57
   57   57   56   56   55   55   54   54   53   52   52   51   50   50   50   50
   49   49   48   48   48   48   48   48   49   49   49   49   49   49   49   50
   50   50   50   50   50   50   51   51   52   52   52   52   53   53   53   53
   54   54   54   55   55   55   55   56   56
    85.0-180.0 180.0   5.0 450.0                            LAT/LON1/LON2/DLON/H
   57   57   58   58   59   60   60   61   61   61   62   62   62   62   62   61
   60   60   59   58   57   55   54   53   51   49   49   47   46   45   44   44
   44   43   43   43   43   43   44   44   44   45   45   45   46   46   47   48
   48   48   49   49   49   49   50   50   51   51   52   52   52   53   53   54
   54   54   55   55   55   55   56   56   57
    82.5-180.0 180.0   5.0 450.0                            LAT/LON1/LON2/DLON/H
   58   59   59   60   61   62   63   64   65   66   66   67   67   68   67   66
   65   63   61   59   57   55   53   50   48   45   44   42   40   39   38   38
   37   38   37   38   38   39   39   40   41   42   43   44   44   45   46   46
   46   48   48   49   49   49   50   50   51   51   52   53   54   54   54   55
   55   55   55   55   56   56   56   57   58
    80.0-180.0 180.0   5.0 450.0                            LAT/LON1/LON2/DLON/H
   59   60   60   61   62   63   64   66   68   69   70   71   71   71   70   69
   68   66   63   61   58   56   52   48   45   42   40   37   35   34   33   33
   32   32   33   34   35   36   37   38   39   40   41   42   43   44   45   45
   46   47   47   48   49   49   50   51   52   53   54   54   56   57   57   58
   57   57   57   57   57   58   58   58   59
    77.5-180.0 180.0   5.0 450.0                            LAT/LON1/LON2/DLON/H
   61   61   61   62   63   63   65   67   68   70   72   73   73   73   72   71
   69   66   64   61   58   55   51   47   44   40   37   34   32   31   30   30
   30   30   30   32   33   35   36   37   38   39   40   41   42   43   43   43
   44   45   46   47   48   50   51   52   53   54   56   57   58   60   61   61
   61   61   61   61   61   61   61   61   61
    75.0-180.0 180.0   5.0 450.0                            LAT/LON1/LON2/DLON/H
   65   64   64   63   64   64   66   67   69   70   71   72   72   72   71   69
   67   65   62   59   56   53   50   46   42   39   36   32   31   29   29   29
   29   30   31   32   33   34   35   36   37   37   38   39   40   40   41   41
   42   43   45   46   48   49   51   53   55   57   59   61   63   64   65   66
   66   66   67   66   66   66   65   65   65
    72.5-180.0 180.0   5.0 450.0                            LAT/LON1/LON2/DLON/H
   69   68   67   67   66   67   67   68   68   70   70   70   69   68   66   64
   63   61   58   56   54   51   48   46   42   39   36   33   32   30   30   30
   31   32   33   34   35   35   35   35   36   36   36   36   37   37   37   38
   39   40   42   44   47   50   52   55   57   60   63   65   67   68   70   71
   72   73   73   73   72   72   71   70   69
    70.0-180.0 180.0   5.0 450.0                            LAT/LON1/LON2/DLON/H
   75   73   71   70   69   69   69   69   69   68   67   65   64   62   60   58
   57   55   53   52   51   49   48   46   42   40   37   35   33   33   33   33
   34   35   36   36   36   36   35   34   34   33   33   33   33   33   34   35
   36   38   40   43   47   50   54   57   61   64   67   69   71   73   74   76
   77   77   78   78   78   78   77   76   75
    67.5-180.0 180.0   5.0 450.0                            LAT/LON1/LON2/DLON/H
   79   77   74   72   71   71   70   70   69   67   65   62   58   56   53   51
   49   47   47   47   47   48   48   46   44   41   39   37   36   35   36   37
   37   38   38   37   36   35   33   31   30   29   28   28   28   29   30   32
   34   37   40   44   48   52   56   61   64   68   70   73   75   76   78   78
   79   80   81   82   82   83   82   81   79
    65.0-180.0 180.0   5.0 450.0                            LAT/LON1/LON2/DLON/H
   82   80   77   74   72   71   70   70   69   67   64   59   55   50   47   44
   41   41   41   42   44   46   47   45   44   41   39   38   37   37   38   38
   39   39   38   37   34   32   28   26   25   24   24   24   25   26   28   31
   34   37   41   46   51   56   61   65   69   72   75   76   78   79   79   80
   80   81   82   83   84   85   85   84   82
    62.5-180.0 180.0   5.0 450.0                            LAT/LON1/LON2/DLON/H
   84   81   79   75   73   71   70   70   69   68   65   60   54   48   43   39
   36   36   37   39   42   43   45   43   42   40   38   37   36   36   37   37
   38   38   36   33   31   27   23   21   20   20   21   22   23   25   27   31
   35   39   45   51   56   62   66   71   74   77   79   80   81   81   81   81
   81   81   82   83   84   85   86   85   84
    60.0-180.0 180.0   5.0 450.0                            LAT/LON1/LON2/DLON/H
   86   83   80   76   73   71   71   71   70   69   67   63   57   50   44   38
   35   34   34   36   40   41   42   40   38   37   36   34   34   34   35   35
   34   34   33   29   26   22   19   18   18   19   21   22   24   27   30   33
   38   43   50   57   63   68   73   77   80   83   84   85   85   84   84   84
   83   83   83   84   84   86   87   87   86
    57.5-180.0 180.0   5.0 450.0                            LAT/LON1/LON2/DLON/H
   89   86   82   79   75   74   73   73   73   72   70   67   62   55   49   42
   37   34   33   35   38   39   38   37   34   32   32   31   31   31   32   32
   31   31   29   25   22   19   18   18   19   22   25   27   29   31   34   37
   43   48   55   63   70   75   80   84   87   89   91   92   92   92   91   91
   90   88   87   87   88   89   89   89   89
    55.0-180.0 180.0   5.0 450.0                            LAT/LON1/LON2/DLON/H
   94   91   88   84   81   79   77   77   77   76   74   72   67   62   55   49
   42   39   36   36   37   36   35   33   30   28   29   28   30   29   31   31
   30   29   27   24   22   20   21   23   26   29   32   34   36   38   40   43
   48   54   62   70   76   82   87   92   95   97   99  101  101  101  101  101
   99   97   95   94   94   94   94   94   94
    52.5-180.0 180.0   5.0 450.0                            LAT/LON1/LON2/DLON/H
  101   98   95   92   89   86   84   83   82   81   79   77   73   69   63   57
   50   45   41   39   37   36   33   31   30   28   27   29   29   30   32   32
   32   31   29   28   27   27   29   33   37   40   44   45   45   46   46   49
   53   61   69   77   84   90   95   99  103  107  109  111  112  113  113  113
  111  109  106  104  104  103  103  102  101
    50.0-180.0 180.0   5.0 450.0                            LAT/LON1/LON2/DLON/H
  110  108  105  102  100   97   94   91   89   87   84   81   79   75   69   64
   58   53   48   44   40   38   36   34   32   31   31   31   32   34   36   36
   37   37   35   34   35   38   41   45   49   54   56   57   55   54   54   56
   60   68   77   84   92   98  102  107  112  116  120  123  125  126  126  126
  124  122  120  117  117  115  114  112  110
    47.5-180.0 180.0   5.0 450.0                            LAT/LON1/LON2/DLON/H
  121  118  116  114  112  110  106  102   97   93   89   86   83   79   75   70
   64   59   54   50   47   44   43   41   40   39   38   39   39   41   42   43
   44   44   44   44   46   49   54   59   62   66   68   67   65   62   61   62
   68   75   84   92  100  105  109  114  120  126  130  133  135  136  138  138
  137  135  133  130  128  127  126  124  121
    45.0-180.0 180.0   5.0 450.0                            LAT/LON1/LON2/DLON/H
  131  128  126  125  124  122  118  113  106  100   95   91   88   84   79   74
   69   64   59   56   54   53   52   51   49   49   48   48   48   49   50   51
   52   53   53   54   57   61   65   69   72   75   77   76   73   69   67   69
   75   83   92  100  106  111  116  122  128  134  139  142  143  144  145  146
  146  144  143  141  139  137  136  134  131
    42.5-180.0 180.0   5.0 450.0                            LAT/LON1/LON2/DLON/H
  138  135  133  134  134  133  130  124  116  108  102   98   93   89   83   78
   73   69   66   64   63   62   62   61   59   59   57   57   55   56   56   57
   58   59   60   61   65   68   72   75   78   81   83   82   79   76   74   76
   82   90   99  108  114  118  123  129  135  140  145  146  147  148  148  149
  149  149  148  148  147  145  144  141  138
    40.0-180.0 180.0   5.0 450.0                            LAT/LON1/LON2/DLON/H
  144  139  138  138  140  142  139  133  125  117  111  105  100   95   89   83
   78   75   72   71   71   72   73   71   69   67   65   63   61   60   61   60
   63   64   65   66   69   72   76   78   81   84   86   86   85   82   79   82
   88   97  107  115  120  124  129  135  140  145  148  149  149  148  148  149
  149  150  151  152  152  151  151  148  144
    37.5-180.0 180.0   5.0 450.0                            LAT/LON1/LON2/DLON/H
  148  143  140  139  142  145  144  139  133  126  121  115  109  103   96   89
   84   81   79   79   79   80   80   78   76   72   69   66   64   63   62   62
   64   65   66   67   70   73   76   79   82   86   88   89   88   85   82   84
   91  101  111  118  124  128  133  139  144  148  150  150  149  147  148  149
  150  152  154  156  158  158  157  153  148
    35.0-180.0 180.0   5.0 450.0                            LAT/LON1/LON2/DLON/H
  154  147  141  139  141  144  145  143  138  133  131  126  121  113  105   98
   92   88   86   86   85   85   83   81   77   72   69   67   65   64   63   63
   65   66   66   67   69   71   74   78   81   84   86   89   88   86   83   85
   92  101  111  119  125  130  135  141  146  149  150  150  150  150  152  154
  157  159  163  165  167  167  166  161  154
    32.5-180.0 180.0   5.0 450.0                            LAT/LON1/LON2/DLON/H
  164  154  144  139  139  141  143  143  140  139  138  136  132  124  115  107
  100   95   92   90   88   85   82   79   74   70   67   65   65   63   63   63
   65   67   67   67   68   71   73   76   79   81   84   86   86   84   82   84
   90  100  110  117  124  130  136  142  147  150  152  154  156  158  162  167
  171  176  180  182  183  182  181  174  164
    30.0-180.0 180.0   5.0 450.0                            LAT/LON1/LON2/DLON/H
  183  168  154  144  139  139  140  140  140  142  143  142  138  132  123  115
  107  101   96   92   87   82   78   73   67   65   64   64   65   65   64   65
   67   70   69   69   69   71   72   75   77   79   81   82   82   80   79   80
   87   97  107  116  123  130  137  143  148  153  157  162  168  175  181  189
  197  204  209  212  212  208  205  197  183
    27.5-180.0 180.0   5.0 450.0                            LAT/LON1/LON2/DLON/H
  213  193  173  157  147  142  140  138  139  142  144  145  141  135  127  119
  111  104   97   91   84   77   72   66   63   62   63   65   67   68   68   69
   72   73   73   73   72   72   73   74   75   76   76   77   77   75   73   75
   82   94  105  115  123  131  138  146  152  159  166  176  187  198  208  220
  230  242  250  254  251  246  239  230  213
    25.0-180.0 180.0   5.0 450.0                            LAT/LON1/LON2/DLON/H
  253  230  206  182  165  154  146  140  139  142  145  145  141  134  126  118
  110  102   94   87   79   72   68   64   62   64   66   70   72   74   74   76
   78   80   79   79   77   76   75   74   73   72   71   71   71   69   66   69
   77   91  104  115  123  132  141  150  159  168  179  195  211  228  242  256
  269  285  296  301  295  288  283  271  253
    22.5-180.0 180.0   5.0 450.0                            LAT/LON1/LON2/DLON/H
  299  276  248  220  197  179  162  150  143  142  144  144  138  130  122  114
  106   98   89   81   74   70   67   66   68   71   74   78   80   82   82   84
   86   88   87   86   83   81   79   76   73   69   66   66   65   63   61   63
   73   88  102  115  125  134  145  157  169  180  195  216  238  259  276  296
  311  330  341  346  340  334  326  316  299
    20.0-180.0 180.0   5.0 450.0                            LAT/LON1/LON2/DLON/H
  348  324  297  266  240  216  192  170  156  149  146  143  135  126  117  109
  101   93   84   77   72   72   74   78   81   84   87   88   90   91   91   92
   95   96   95   91   89   86   83   78   73   67   62   60   59   57   56   59
   70   86  102  116  126  138  151  165  180  195  214  238  263  287  309  328
  351  369  378  381  377  373  366  358  348
    17.5-180.0 180.0   5.0 450.0                            LAT/LON1/LON2/DLON/H
  389  372  341  316  286  257  228  199  176  161  154  147  136  123  112  105
   98   90   81   75   75   80   87   94  100  102  101  100  100  101  100  101
  102  102   99   96   92   90   86   82   75   66   59   57   55   53   52   56
   68   86  103  117  129  142  157  174  193  212  233  259  284  306  328  347
  366  386  395  398  398  397  395  395  389
    15.0-180.0 180.0   5.0 450.0                            LAT/LON1/LON2/DLON/H
  412  404  385  364  338  306  272  234  205  182  169  159  144  128  115  107
  100   92   84   80   84   93  105  115  120  120  117  113  111  111  109  109
  108  106  103   99   95   92   89   84   76   66   59   55   52   50   50   55
   67   85  104  119  132  146  164  185  206  228  251  276  299  317  333  348
  364  381  389  397  399  401  403  408  412
    12.5-180.0 180.0   5.0 450.0                            LAT/LON1/LON2/DLON/H
  413  417  410  398  381  355  320  280  240  211  192  178  161  144  128  118
  109  100   93   93  100  113  127  136  138  136  131  125  124  122  119  117
  114  109  105  100   98   95   92   86   77   68   60   56   53   49   48   53
   66   84  103  120  134  150  171  193  216  239  263  285  304  318  328  336
  347  359  371  381  386  391  395  403  413
    10.0-180.0 180.0   5.0 450.0                            LAT/LON1/LON2/DLON/H
  403  414  417  412  407  392  363  322  279  244  222  206  187  168  149  138
  126  116  110  112  122  136  150  157  155  149  142  137  135  133  130  125
  120  114  107  102   99   96   92   86   78   69   62   57   53   49   47   51
   63   83  102  119  135  153  176  199  222  246  268  288  304  315  321  325
  330  338  350  360  370  377  385  391  403
     7.5-180.0 180.0   5.0 450.0                            LAT/LON1/LON2/DLON/H
  395  406  415  417  418  412  390  355  313  279  257  241  220  200  178  164
  149  141  133  137  148  161  170  173  168  159  151  147  146  143  141  134
  127  119  110  104  100   96   91   85   78   70   64   59   54   49   47   50
   62   80  100  117  134  154  177  200  223  246  267  286  301  311  317  317
  320  325  335  346  357  365  373  384  395
     5.0-180.0 180.0   5.0 450.0                            LAT/LON1/LON2/DLON/H
  390  401  412  420  425  423  406  375  337  307  289  274  255  235  213  196
  178  168  161  165  175  184  189  186  176  165  157  155  157  155  152  143
  134  123  114  106  100   94   89   83   76   70   64   60   54   50   46   49
   61   78   96  114  133  153  175  197  220  241  262  281  297  309  317  317
  318  321  330  340  352  362  371  381  390
     2.5-180.0 180.0   5.0 450.0                            LAT/LON1/LON2/DLON/H
  396  405  415  425  431  430  414  386  354  329  314  302  286  266  247  227
  209  198  192  194  197  203  204  196  182  169  162  163  166  163  160  150
  140  128  118  108   99   92   86   80   74   68   62   59   55   50   47   50
   59   75   93  111  130  150  170  191  213  233  253  272  290  307  318  322
  323  326  333  343  356  367  378  387  396
