ionex_files/bejaia/igsg0770.21i
     1.0            IONOSPHERE MAPS     MIX                 IONEX VERSION / TYPE
cmpcmb v1.2          GRL/UWM             1-apr-21 10:18     PGM / RUN BY / DATE 
ionex file containing IGS COMBINED Ionosphere maps          COMMENT             
global ionosphere maps for day 077, 2021                    DESCRIPTION         
IONEX file containing the COMBINED IGS TEC MAPS and DCBs    DESCRIPTION         
      IONEX files of the following IAACs were combined: cod DESCRIPTION         
                                                        esa DESCRIPTION         
                                                        jpl DESCRIPTION         
                                                        upc DESCRIPTION         
Contact address: Andrzej Krankowski                         DESCRIPTION
                 Geodynamics Research Laboratory            DESCRIPTION
                 University of Warmia and Mazury (GRL/UWM)  DESCRIPTION
                 Oczapowski St. 1                           DESCRIPTION
                 10-957-Olsztyn, POLAND                     DESCRIPTION
                 e-mail:  kand@uwm.edu.pl                   DESCRIPTION
                                                            DESCRIPTION         
  2021     3    18     0     0     0                        EPOCH OF FIRST MAP  
  2021     3    19     0     0     0                        EPOCH OF LAST MAP   
  7200                                                      INTERVAL            
    13                                                      # OF MAPS IN FILE   
  COSZ                                                      MAPPING FUNCTION    
     0.0                                                    ELEVATION CUTOFF    
combined TEC calculated as weighted mean of input TEC valuesOBSERVABLES USED    
   372                                                      # OF STATIONS       
    32                                                      # OF SATELLITES     
  6371.0                                                    BASE RADIUS         
     2                                                      MAP DIMENSION       
   450.0 450.0   0.0                                        HGT1 / HGT2 / DHGT  
    87.5 -87.5  -2.5                                        LAT1 / LAT2 / DLAT  
  -180.0 180.0   5.0                                        LON1 / LON2 / DLON  
    -1                                                      EXPONENT            
TEC values in 0.1 tec units;  9999, if no value available   COMMENT             
DCB values in nanoseconds, reference is Sum_of_SatDCBs = 0  COMMENT             
                                                            END OF HEADER       
[from data line 3432]
     9                                                      START OF TEC MAP    
  2021     3    18    16     0     0                        EPOCH OF CURRENT MAP
    87.5-180.0 180.0   5.0 450.0                            LAT/LON1/LON2/DLON/H
   51   52   53   53   54   55   55   56   56   57   57   58   58   59   60   60
   60   61   61   61   61   61   61   61   61   61   61   61   61   61   60   60
   60   60   60   59   59   59   58   58   58   57   57   57   56   55   55   54
   53   53   52   52   51   51   50   50   50   49   49   49   49   49   49   49
   49   49   49   50   50   50   50   51   51
    85.0-180.0 180.0   5.0 450.0                            LAT/LON1/LON2/DLON/H
   47   48   50   51   53   54   55   57   58   60   60   61   62   63   64   64
   65   65   65   65   65   65   65   65   66   65   65   65   64   64   64   64
   63   63   63   63   62   61   61   61   60   59   58   57   56   55   54   53
   52   51   49   48   47   46   45   44   43   43   42   42   41   41   41   41
   41   41   42   42   43   43   44   46   47
    82.5-180.0 180.0   5.0 450.0                            LAT/LON1/LON2/DLON/H
   42   44   46   48   50   52   54   56   58   60   62   63   65   66   67   68
   68   68   68   68   68   68   68   67   67   67   66   66   66   66   66   66
   65   65   65   65   65   64   63   62   62   60   59   57   56   54   53   51
   50   48   47   45   43   42   40   39   38   37   36   35   35   34   34   33
   33   34   34   34   35   36   38   40   42
    80.0-180.0 180.0   5.0 450.0                            LAT/LON1/LON2/DLON/H
   35   38   40   42   46   49   52   55   59   61   63   65   67   68   70   71
   71   71   71   71   70   69   69   68   68   68   68   67   68   68   68   68
   67   68   67   67   66   66   65   64   62   61   60   58   57   55   52   50
   48   46   44   42   40   38   36   34   33   32   31   30   29   28   28   27
   27   27   27   28   28   29   32   34   35
    77.5-180.0 180.0   5.0 450.0                            LAT/LON1/LON2/DLON/H
   29   31   34   37   41   45   50   53   58   60   64   66   69   71   72   73
   73   73   73   73   72   72   70   70   69   69   69   68   68   68   68   69
   69   69   69   69   68   67   66   65   64   62   60   58   56   54   52   49
   47   44   41   39   37   35   33   31   30   28   27   26   25   24   23   22
   22   22   22   22   22   24   25   27   29
    75.0-180.0 180.0   5.0 450.0                            LAT/LON1/LON2/DLON/H
   23   26   28   32   36   41   45   50   54   59   63   66   69   72   74   76
   76   75   76   75   74   73   72   71   71   70   70   70   70   70   70   70
   70   70   70   69   69   68   67   65   64   62   60   58   55   53   50   48
   45   42   40   37   35   33   31   29   27   26   25   23   22   21   20   19
   19   19   19   18   19   20   20   22   23
    72.5-180.0 180.0   5.0 450.0                            LAT/LON1/LON2/DLON/H
   19   21   24   27   32   36   40   45   50   55   59   64   68   72   74   76
   77   77   78   77   77   76   75   74   73   73   72   72   72   72   72   72
   72   72   72   71   70   69   67   65   64   62   60   57   54   52   49   47
   44   41   38   35   33   31   29   27   25   24   23   22   21   20   19   19
   18   18   18   17   17   17   17   18   19
    70.0-180.0 180.0   5.0 450.0                            LAT/LON1/LON2/DLON/H
   18   19   21   24   28   32   36   41   46   52   56   61   65   70   72   75
   77   78   79   79   79   79   79   78   77   76   76   75   74   74   74   74
   74   74   74   73   72   70   69   66   65   63   60   57   54   51   49   46
   43   40   38   36   33   31   29   26   24   23   23   22   21   21   20   19
   19   18   18   17   17   17   17   17   18
    67.5-180.0 180.0   5.0 450.0                            LAT/LON1/LON2/DLON/H
   18   20   21   23   26   30   34   39   44   49   54   58   63   67   71   74
   76   78   80   81   82   83   83   82   81   81   80   79   78   77   76   76
   76   76   76   75   73   72   70   68   65   63   61   58   55   52   49   46
   43   40   37   35   33   30   27   25   24   23   23   22   22   22   22   21
   21   20   20   19   19   19   18   18   18
    65.0-180.0 180.0   5.0 450.0                            LAT/LON1/LON2/DLON/H
   22   22   23   25   27   31   35   39   43   48   52   57   61   65   69   73
   76   79   81   83   85   86   87   86   85   84   84   83   81   80   80   79
   79   78   77   76   75   73   71   69   67   64   62   60   57   54   51   47
   44   40   37   34   32   29   26   25   24   24   23   23   23   23   23   23
   23   23   23   22   22   22   21   21   22
    62.5-180.0 180.0   5.0 450.0                            LAT/LON1/LON2/DLON/H
   26   26   27   29   31   34   37   41   45   49   52   56   60   64   69   72
   76   79   82   85   87   89   91   90   89   89   87   86   84   83   82   81
   81   80   79   77   76   74   72   71   68   66   64   62   59   56   52   48
   44   41   38   34   32   30   27   27   25   25   25   25   25   26   26   26
   25   25   25   25   25   25   25   25   26
    60.0-180.0 180.0   5.0 450.0                            LAT/LON1/LON2/DLON/H
   30   30   32   34   36   38   41   45   48   51   54   58   61   65   69   73
   77   81   84   87   89   91   93   93   92   92   90   89   88   87   85   85
   84   83   81   79   78   76   74   73   71   70   68   66   62   59   55   51
   47   43   40   37   34   32   30   29   27   28   28   29   28   29   29   29
   28   28   28   28   29   29   29   29   30
    57.5-180.0 180.0   5.0 450.0                            LAT/LON1/LON2/DLON/H
   37   36   38   40   42   45   47   50   53   56   58   61   64   68   72   76
   80   83   86   89   91   93   94   95   94   95   94   93   91   91   90   89
   88   86   84   82   80   78   77   76   75   74   73   70   67   63   58   54
   50   47   44   41   37   36   34   33   32   33   33   34   34   34   34   33
   32   32   33   33   34   34   35   35   37
    55.0-180.0 180.0   5.0 450.0                            LAT/LON1/LON2/DLON/H
   43   44   45   47   49   52   54   57   59   61   63   65   68   71   75   79
   83   86   89   92   94   95   96   97   96   97   97   96   96   95   94   94
   92   90   88   85   84   82   82   81   81   80   79   76   72   67   62   58
   54   51   49   46   44   41   39   38   38   39   40   41   41   40   40   39
   38   37   38   39   40   40   40   41   43
    52.5-180.0 180.0   5.0 450.0                            LAT/LON1/LON2/DLON/H
   48   50   52   55   57   60   62   63   65   66   68   71   73   76   79   83
   87   90   93   95   97   98   98   99   99  100  101  101  101  101  100   99
   97   95   92   90   88   87   87   87   87   87   86   83   79   74   69   64
   60   58   56   54   51   48   46   45   46   47   48   49   49   48   47   47
   45   44   44   45   46   47   47   48   48
    50.0-180.0 180.0   5.0 450.0                            LAT/LON1/LON2/DLON/H
   54   55   58   61   64   67   69   71   72   73   75   77   79   81   84   87
   90   94   96   98  100  100  101  102  103  105  106  106  107  107  106  105
  103  100   97   95   93   93   93   94   95   95   94   91   87   81   76   71
   68   66   65   62   59   57   55   53   53   54   55   56   56   56   55   55
   53   52   51   51   52   53   54   54   54
    47.5-180.0 180.0   5.0 450.0                            LAT/LON1/LON2/DLON/H
   60   60   63   66   69   72   75   77   79   81   82   84   86   87   89   92
   95   97  100  102  103  104  105  106  108  111  112  113  113  114  113  111
  108  105  103  100   99  100  100  102  103  104  103   99   94   89   84   79
   76   75   74   72   68   65   63   61   60   59   61   61   62   63   63   63
   62   61   60   58   58   59   60   59   60
    45.0-180.0 180.0   5.0 450.0                            LAT/LON1/LON2/DLON/H
   64   65   67   69   71   74   79   83   86   89   91   92   92   94   95   97
   99  101  103  106  108  109  111  113  116  118  120  121  121  121  119  116
  114  111  109  107  107  108  109  111  112  113  111  107  103   98   92   87
   85   84   83   81   78   74   70   67   66   65   65   65   66   68   69   70
   70   69   68   67   65   64   64   64   64
    42.5-180.0 180.0   5.0 450.0                            LAT/LON1/LON2/DLON/H
   68   68   69   70   72   76   82   88   92   96   99  100  101  100  101  101
  103  104  107  110  113  115  118  121  123  126  128  128  128  127  125  123
  120  118  116  115  117  118  119  120  121  121  120  116  112  105  100   95
   93   93   91   89   85   82   77   73   70   69   68   68   68   70   72   74
   76   76   74   73   71   69   68   68   68
    40.0-180.0 180.0   5.0 450.0                            LAT/LON1/LON2/DLON/H
   70   69   69   70   72   76   82   90   97  103  107  109  109  109  108  107
  107  108  111  114  117  120  124  128  131  133  134  135  135  134  133  130
  128  127  126  127  129  130  130  130  130  129  127  124  120  113  108  104
  101  100   97   94   90   85   81   76   72   70   70   69   70   71   73   76
   78   79   78   76   73   71   70   70   70
    37.5-180.0 180.0   5.0 450.0                            LAT/LON1/LON2/DLON/H
   69   69   68   68   70   74   81   90  100  108  114  117  118  117  116  115
  113  113  114  118  122  126  130  134  137  139  141  141  141  141  140  139
  137  138  139  141  143  144  142  141  140  138  136  132  127  120  114  110
  106  103  100   97   92   86   81   77   73   70   70   69   69   71   73   76
   79   79   78   76   74   72   70   69   69
    35.0-180.0 180.0   5.0 450.0                            LAT/LON1/LON2/DLON/H
   66   66   65   64   66   71   78   89  101  111  119  123  125  126  126  123
  120  119  119  122  126  130  135  139  143  145  146  146  147  147  149  149
  150  153  157  160  163  161  158  155  151  148  144  139  133  126  119  112
  108  103  100   96   91   85   81   77   73   71   70   70   70   71   73   75
   78   79   78   75   73   70   68   67   66
    32.5-180.0 180.0   5.0 450.0                            LAT/LON1/LON2/DLON/H
   62   61   60   60   60   65   72   85  100  112  122  128  132  134  135  133
  129  126  126  128  131  135  139  142  146  149  150  152  153  156  160  163
  168  174  179  183  185  182  177  170  165  157  151  145  137  130  121  112
  107  102   98   93   88   84   81   78   76   75   73   72   72   73   74   76
   77   78   76   73   70   67   65   63   62
    30.0-180.0 180.0   5.0 450.0                            LAT/LON1/LON2/DLON/H
   58   56   56   54   54   57   66   80   96  111  122  131  136  141  144  143
  139  135  134  135  137  140  142  144  148  152  153  157  161  167  175  183
  191  199  204  209  210  206  198  188  179  170  160  150  141  132  122  113
  106  100   95   90   86   83   81   81   81   80   79   79   78   77   78   78
   78   78   76   73   68   65   62   60   58
    27.5-180.0 180.0   5.0 450.0                            LAT/LON1/LON2/DLON/H
   54   53   51   50   48   50   58   73   91  107  121  131  139  147  151  152
  150  146  144  145  146  147  147  147  150  154  158  164  173  183  195  209
  219  228  233  237  236  230  220  206  194  183  170  158  146  135  124  114
  107  101   94   90   86   83   83   85   87   88   88   88   88   86   84   84
   83   82   78   73   68   63   60   57   54
    25.0-180.0 180.0   5.0 450.0                            LAT/LON1/LON2/DLON/H
   52   50   48   47   45   46   52   67   86  104  119  130  140  150  157  161
  159  157  156  157  157  156  155  153  154  159  165  175  187  203  220  237
  250  259  263  266  264  258  243  224  209  197  182  167  155  141  129  119
  110  103   98   93   89   87   88   91   95   97   99  100  100   99   95   94
   92   90   84   76   70   64   59   55   52
    22.5-180.0 180.0   5.0 450.0                            LAT/LON1/LON2/DLON/H
   51   48   47   45   43   43   49   63   81  100  115  128  140  151  161  168
  168  168  169  172  171  169  165  161  161  167  177  191  207  227  250  269
  283  289  290  291  289  282  262  240  225  212  197  182  167  151  137  126
  116  109  104   99   95   94   96  100  104  108  111  113  114  111  108  106
  103  100   94   85   76   67   61   55   51
    20.0-180.0 180.0   5.0 450.0                            LAT/LON1/LON2/DLON/H
   51   48   46   44   42   43   49   62   80   98  113  127  139  153  164  172
  176  179  183  189  188  185  178  173  172  179  192  210  230  255  282  304
  314  313  313  310  304  295  275  254  240  229  216  200  182  164  149  138
  127  119  113  109  106  104  106  109  115  119  122  124  125  122  118  116
  114  111  104   94   83   73   64   57   51
    17.5-180.0 180.0   5.0 450.0                            LAT/LON1/LON2/DLON/H
   54   49   47   45   43   44   50   65   83   99  114  126  140  154  167  177
  183  189  196  205  206  202  194  187  186  195  210  231  256  282  311  332
  338  332  326  319  310  299  282  266  256  247  238  220  200  181  165  152
  141  133  126  122  119  117  118  119  124  129  130  131  132  130  126  124
  123  120  114  102   91   80   69   60   54
    15.0-180.0 180.0   5.0 450.0                            LAT/LON1/LON2/DLON/H
   58   53   50   47   46   47   54   68   87  104  117  129  141  155  169  181
  190  198  209  219  222  219  210  202  202  212  231  254  280  305  331  349
  350  342  331  320  308  296  284  276  271  267  260  239  218  199  183  169
  158  148  141  137  135  133  132  131  134  136  136  136  137  134  131  129
  128  126  120  109   98   86   76   66   58
    12.5-180.0 180.0   5.0 450.0                            LAT/LON1/LON2/DLON/H
   64   57   53   51   49   50   58   73   92  110  123  133  144  158  172  185
  196  208  221  234  238  236  227  220  221  231  249  272  298  320  341  353
  352  342  330  317  304  295  288  285  283  281  273  255  236  218  201  185
  173  164  156  152  149  147  145  143  144  143  141  140  139  137  134  131
  129  128  122  112  102   92   82   72   64
    10.0-180.0 180.0   5.0 450.0                            LAT/LON1/LON2/DLON/H
   69   62   57   53   52   53   61   76   96  114  128  138  148  160  175  189
  202  218  234  247  254  252  245  238  239  250  267  288  310  329  343  350
  348  337  326  314  303  297  294  295  294  290  283  268  250  232  215  198
  186  176  168  161  157  154  152  152  150  149  145  144  143  140  135  131
  128  126  120  112  103   95   86   78   69
     7.5-180.0 180.0   5.0 450.0                            LAT/LON1/LON2/DLON/H
   75   67   60   56   54   55   63   79   98  117  132  143  153  166  180  195
  209  227  245  260  267  266  260  255  257  268  283  301  318  332  342  346
  344  334  324  314  308  304  305  307  306  301  290  276  258  241  223  206
  193  182  173  165  159  156  153  154  154  151  149  147  146  142  135  129
  125  121  116  109  102   95   88   83   75
     5.0-180.0 180.0   5.0 450.0                            LAT/LON1/LON2/DLON/H
   77   69   63   58   56   57   65   80  100  119  135  148  159  173  187  203
  218  236  255  270  278  278  273  271  273  283  297  310  321  331  338  341
  340  334  327  321  318  317  320  322  318  309  296  279  261  243  224  207
  192  181  172  164  157  152  150  152  152  152  151  150  148  142  134  126
  121  116  111  104   97   92   88   84   77
     2.5-180.0 180.0   5.0 450.0                            LAT/LON1/LON2/DLON/H
   76   69   63   58   56   57   65   80  100  120  138  152  166  180  196  213
  228  246  263  277  286  287  285  284  287  296  307  314  321  327  333  337
  337  336  333  331  331  333  336  336  327  314  296  278  259  238  219  200
  186  174  166  158  151  145  144  146  148  148  148  148  147  140  131  123
  116  111  105   98   92   88   85   82   76
