ionex_files/bejaia/igsg0680.21i
     1.0            IONOSPHERE MAPS     MIX                 IONEX VERSION / TYPE
cmpcmb v1.2          GRL/UWM             1-apr-21 07:47     PGM / RUN BY / DATE 
ionex file containing IGS COMBINED Ionosphere maps          COMMENT             
global ionosphere maps for day 068, 2021                    DESCRIPTION         
IONEX file containing the COMBINED IGS TEC MAPS and DCBs    DESCRIPTION         
      IONEX files of the following IAACs were combined: cod DESCRIPTION         
                                                        esa DESCRIPTION         
                                                        jpl DESCRIPTION         
                                                        upc DESCRIPTION         
Contact address: Andrzej Krankowski                         DESCRIPTION
                 Geodynamics Research Laboratory            DESCRIPTION
                 University of Warmia and Mazury (GRL/UWM)  DESCRIPTION
                 Oczapowski St. 1                           DESCRIPTION
                 10-957-Olsztyn, POLAND                     DESCRIPTION
                 e-mail:  kand@uwm.edu.pl                   DESCRIPTION
                                                            DESCRIPTION         
  2021     3     9     0     0     0                        EPOCH OF FIRST MAP  
  2021     3    10     0     0     0                        EPOCH OF LAST MAP   
  7200                                                      INTERVAL            
    13                                                      # OF MAPS IN FILE   
  COSZ                                                      MAPPING FUNCTION    
     0.0                                                    ELEVATION CUTOFF    
combined TEC calculated as weighted mean of input TEC valuesOBSERVABLES USED    
   386                                                      # OF STATIONS       
    32                                                      # OF SATELLITES     
  6371.0                                                    BASE RADIUS         
     2                                                      MAP DIMENSION       
   450.0 450.0   0.0                                        HGT1 / HGT2 / DHGT  
    87.5 -87.5  -2.5                                        LAT1 / LAT2 / DLAT  
  -180.0 180.0   5.0                                        LON1 / LON2 / DLON  
    -1                                                      EXPONENT            
TEC values in 0.1 tec units;  9999, if no value available   COMMENT             
DCB values in nanoseconds, reference is Sum_of_SatDCBs = 0  COMMENT             
                                                            END OF HEADER       
[from data line 2574]
     7                                                      START OF TEC MAP    
  2021     3     9    12     0     0                        EPOCH OF CURRENT MAP
    87.5-180.0 180.0   5.0 450.0                            LAT/LON1/LON2/DLON/H
   49   50   50   51   51   52   53   53   54   55   56   56   57   57   58   58
   59   59   59   60   60   60   60   60   60   60   60   61   60   60   60   60
   59   59   59   59   58   58   57   57   56   56   55   54   54   53   52   51
   50   50   49   48   47   47   46   46   45   45   45   45   45   45   45   45
   45   46   46   46   47   47   48   48   49
    85.0-180.0 180.0   5.0 450.0                            LAT/LON1/LON2/DLON/H
   40   41   43   44   45   47   48   50   51   53   54   55   56   57   57   58
   59   60   61   62   62   62   62   62   62   62   62   62   62   62   62   62
   62   62   62   61   61   60   59   58   58   57   56   55   53   52   50   49
   47   45   43   42   41   39   38   37   36   35   35   34   34   34   34   34
   35   35   36   37   37   38   38   39   40
    82.5-180.0 180.0   5.0 450.0                            LAT/LON1/LON2/DLON/H
   33   35   37   39   42   44   46   47   49   50   52   53   54   55   56   57
   58   58   58   59   59   59   60   60   60   60   60   60   61   61   61   62
   62   62   62   62   61   61   60   59   58   57   56   55   53   51   49   47
   45   43   41   39   37   35   33   31   29   28   27   26   25   25   24   24
   25   25   25   26   27   28   29   31   33
    80.0-180.0 180.0   5.0 450.0                            LAT/LON1/LON2/DLON/H
   26   28   30   33   35   37   40   42   44   46   48   49   50   51   53   53
   54   55   55   55   56   54   55   55   55   56   56   56   57   58   59   59
   60   61   61   61   61   61   61   60   59   58   57   55   54   52   49   47
   45   43   41   39   37   34   32   29   27   25   23   22   20   19   19   18
   18   18   18   19   20   22   23   24   26
    77.5-180.0 180.0   5.0 450.0                            LAT/LON1/LON2/DLON/H
   19   21   23   26   28   31   33   36   38   40   42   44   46   47   48   50
   50   50   50   49   49   49   49   50   50   51   51   52   53   55   56   57
   59   60   60   61   62   62   62   62   60   60   59   57   56   54   52   50
   47   45   44   42   40   38   36   33   31   28   25   23   21   19   17   16
   15   14   15   15   15   16   16   18   19
    75.0-180.0 180.0   5.0 450.0                            LAT/LON1/LON2/DLON/H
   15   16   18   20   22   25   28   30   33   34   36   39   41   42   42   42
   42   43   43   43   44   44   44   45   45   46   47   49   51   52   53   55
   56   58   60   61   62   63   63   63   62   61   60   59   58   57   55   54
   52   51   49   48   46   44   42   40   37   34   31   28   25   23   20   18
   16   14   13   13   13   13   14   14   15
    72.5-180.0 180.0   5.0 450.0                            LAT/LON1/LON2/DLON/H
   13   14   15   16   19   21   23   25   26   29   31   33   33   34   34   35
   36   37   38   39   39   40   41   43   45   45   46   48   50   52   53   54
   56   58   59   61   62   63   64   64   63   63   63   62   61   60   59   58
   58   57   56   55   54   53   51   48   46   42   38   35   32   28   25   22
   20   17   15   14   13   13   12   13   13
    70.0-180.0 180.0   5.0 450.0                            LAT/LON1/LON2/DLON/H
   13   12   13   14   16   18   18   20   22   23   24   25   26   28   28   29
   31   32   33   35   37   39   40   43   45   47   49   50   51   53   54   55
   56   58   60   62   63   64   64   64   64   63   64   63   63   63   63   63
   63   63   62   61   60   59   58   55   52   49   44   41   37   33   29   26
   23   21   19   17   15   14   13   13   13
    67.5-180.0 180.0   5.0 450.0                            LAT/LON1/LON2/DLON/H
   13   12   12   13   14   15   16   17   18   19   20   20   21   22   23   25
   26   28   31   34   36   39   42   45   48   51   52   54   55   55   56   56
   57   58   60   62   63   63   64   64   64   65   65   65   66   66   67   67
   67   67   67   66   65   64   62   59   56   52   47   43   39   35   31   28
   26   23   22   20   18   16   15   13   13
    65.0-180.0 180.0   5.0 450.0                            LAT/LON1/LON2/DLON/H
   15   14   14   14   14   14   15   15   15   16   17   17   17   18   20   21
   23   25   29   32   36   40   43   47   51   54   56   57   57   58   58   58
   58   59   61   62   63   63   63   64   65   66   66   67   68   69   69   70
   69   69   68   67   65   64   62   59   54   50   46   42   37   34   31   28
   27   25   24   22   21   19   17   16   15
    62.5-180.0 180.0   5.0 450.0                            LAT/LON1/LON2/DLON/H
   18   17   16   16   15   16   15   15   15   15   15   15   16   16   18   18
   20   23   27   31   36   40   45   49   53   56   58   59   60   60   59   59
   60   61   62   63   64   64   64   65   66   67   68   69   70   71   71   71
   70   69   68   66   64   61   58   54   50   46   42   38   35   32   29   27
   26   25   25   24   23   22   20   19   18
    60.0-180.0 180.0   5.0 450.0                            LAT/LON1/LON2/DLON/H
   22   21   20   19   19   18   17   16   16   15   15   15   15   16   16   17
   18   21   24   30   35   40   45   50   54   58   60   61   61   61   61   61
   62   63   64   65   66   66   66   67   68   70   71   72   74   74   74   73
   72   70   68   65   61   57   53   50   46   42   39   36   33   30   28   27
   26   25   26   26   26   25   24   23   22
    57.5-180.0 180.0   5.0 450.0                            LAT/LON1/LON2/DLON/H
   29   28   26   25   24   22   20   19   18   17   17   17   16   16   16   16
   17   19   23   28   33   39   45   50   54   58   60   62   62   63   64   64
   65   67   68   68   69   69   69   71   72   74   76   77   78   78   78   77
   75   72   69   64   60   56   53   49   45   42   39   37   34   32   31   29
   28   28   29   29   30   30   30   30   29
    55.0-180.0 180.0   5.0 450.0                            LAT/LON1/LON2/DLON/H
   37   36   34   33   31   28   26   24   22   21   20   20   19   18   18   17
   17   19   22   27   33   39   44   49   54   58   61   63   64   65   67   69
   71   72   74   74   73   74   75   76   78   80   82   84   84   84   83   82
   79   76   72   68   63   60   56   52   49   46   44   42   41   40   37   36
   35   34   35   35   36   36   37   37   37
    52.5-180.0 180.0   5.0 450.0                            LAT/LON1/LON2/DLON/H
   46   45   43   43   40   36   33   30   28   26   25   24   23   22   20   19
   18   20   23   28   34   40   45   50   55   59   63   65   67   69   72   74
   77   79   80   80   79   80   81   83   86   88   91   92   92   92   91   89
   85   83   79   75   71   67   64   60   57   54   53   52   51   50   48   45
   44   43   43   43   43   44   45   46   46
    50.0-180.0 180.0   5.0 450.0                            LAT/LON1/LON2/DLON/H
   55   55   54   52   49   46   42   39   35   33   31   31   29   27   25   23
   22   23   26   32   39   45   49   54   58   63   67   70   72   75   79   81
   85   86   88   87   86   87   89   91   94   98  100  101  101  100   99   96
   94   91   88   85   81   77   74   70   67   64   63   61   61   60   58   55
   53   51   50   50   50   51   52   54   55
    47.5-180.0 180.0   5.0 450.0                            LAT/LON1/LON2/DLON/H
   62   64   63   62   60   56   52   48   44   41   41   39   38   35   32   30
   28   29   33   39   47   52   57   61   65   70   74   77   80   83   87   89
   92   94   95   95   94   95   97  100  104  107  109  109  109  107  105  103
  101   99   98   96   92   88   84   80   77   74   71   70   70   69   67   64
   61   59   57   56   56   56   58   61   62
    45.0-180.0 180.0   5.0 450.0                            LAT/LON1/LON2/DLON/H
   67   70   70   70   68   65   61   57   54   52   50   49   47   44   41   38
   37   38   42   49   56   62   67   71   75   79   83   86   89   92   95   97
   99  101  102  102  102  103  105  109  113  116  117  117  116  113  111  110
  109  109  107  105  102   98   94   89   85   81   77   75   74   73   72   70
   66   63   61   60   60   60   62   65   67
    42.5-180.0 180.0   5.0 450.0                            LAT/LON1/LON2/DLON/H
   69   71   73   73   73   71   68   65   63   62   61   60   58   55   52   49
   47   48   53   59   67   72   77   81   84   88   92   95   98  100  101  103
  105  106  107  107  108  110  114  117  121  123  124  124  122  119  118  117
  117  118  116  114  110  106  100   94   88   83   78   75   74   73   72   70
   67   64   62   61   61   62   64   67   69
    40.0-180.0 180.0   5.0 450.0                            LAT/LON1/LON2/DLON/H
   69   71   73   75   76   75   73   72   71   70   70   69   69   65   63   60
   58   59   63   70   76   81   86   89   93   97  101  104  105  106  106  107
  109  111  111  113  115  118  122  126  129  131  131  130  128  127  125  125
  125  125  123  120  116  111  104   96   89   82   76   72   70   69   68   66
   63   60   59   59   59   61   63   66   69
    37.5-180.0 180.0   5.0 450.0                            LAT/LON1/LON2/DLON/H
   66   69   71   73   75   76   76   76   75   76   78   78   77   75   72   70
   68   69   72   78   83   88   93   96  100  104  108  111  111  110  110  111
  112  114  116  119  123  127  131  135  137  139  139  137  136  134  133  132
  132  130  129  125  119  113  107   99   91   83   76   71   68   66   64   62
   59   57   55   56   57   58   60   63   66
    35.0-180.0 180.0   5.0 450.0                            LAT/LON1/LON2/DLON/H
   62   64   66   69   71   74   76   78   78   80   83   84   84   83   80   77
   76   75   78   83   88   93   97  100  104  109  113  116  116  114  113  113
  115  118  122  127  133  139  143  146  147  147  147  146  145  143  142  140
  138  136  134  130  123  118  112  105   97   89   81   76   72   68   65   61
   57   55   54   54   55   56   58   60   62
    32.5-180.0 180.0   5.0 450.0                            LAT/LON1/LON2/DLON/H
   60   61   62   64   67   69   72   75   77   81   83   86   88   87   85   82
   80   79   80   84   89   95   99  103  107  112  116  119  119  117  116  117
  120  125  131  138  146  153  158  159  159  156  156  156  155  154  153  149
  146  144  142  138  132  128  124  119  112  105   98   93   87   80   73   66
   61   58   57   58   58   57   58   59   60
    30.0-180.0 180.0   5.0 450.0                            LAT/LON1/LON2/DLON/H
   60   59   59   60   62   64   68   71   74   77   81   85   87   88   86   84
   81   78   79   83   89   95  100  103  108  113  118  122  122  122  122  125
  131  138  145  153  162  169  173  174  172  170  168  167  167  167  165  161
  158  157  155  152  149  147  146  143  138  132  126  120  113  103   91   81
   73   69   69   68   67   64   62   61   60
    27.5-180.0 180.0   5.0 450.0                            LAT/LON1/LON2/DLON/H
   63   61   58   57   58   60   63   66   69   73   77   81   83   83   83   81
   78   76   76   81   88   95  100  104  108  114  120  124  127  129  132  139
  148  157  165  173  181  188  191  190  187  185  182  179  180  181  180  178
  177  176  175  173  172  174  175  176  173  168  164  157  149  136  118  103
   93   88   86   85   82   76   70   67   63
    25.0-180.0 180.0   5.0 450.0                            LAT/LON1/LON2/DLON/H
   71   66   61   57   56   57   59   61   64   67   72   75   78   78   78   75
   73   71   73   79   87   94  100  105  110  116  122  128  133  139  147  158
  170  182  189  196  204  214  211  207  202  199  196  193  197  199  200  200
  200  199  200  201  204  208  211  214  213  211  207  200  190  174  152  132
  118  111  108  105  100   91   82   76   71
    22.5-180.0 180.0   5.0 450.0                            LAT/LON1/LON2/DLON/H
   82   74   66   59   56   56   56   57   60   63   66   69   72   73   71   68
   66   66   69   76   85   95  102  108  113  118  126  134  141  152  166  182
  199  212  217  220  228  238  233  224  216  212  213  212  216  220  223  224
  224  226  228  234  241  244  251  254  254  252  249  240  226  209  185  162
  144  135  130  126  118  108   98   89   82
    20.0-180.0 180.0   5.0 450.0                            LAT/LON1/LON2/DLON/H
   94   83   72   63   58   56   56   56   58   59   61   63   65   66   64   62
   61   61   65   74   85   96  104  111  116  121  129  139  151  166  186  207
  227  239  244  244  245  254  251  239  230  227  229  234  240  245  248  249
  250  254  259  267  280  284  290  290  290  286  278  266  248  228  205  183
  164  152  146  142  135  126  113  102   94
    17.5-180.0 180.0   5.0 450.0                            LAT/LON1/LON2/DLON/H
  106   92   78   67   61   58   57   57   57   58   58   58   60   59   58   56
   55   57   63   72   85   97  106  112  118  124  133  144  160  181  206  231
  253  265  266  260  259  262  258  250  245  243  247  256  266  270  272  273
  274  279  286  295  309  316  318  315  312  305  292  274  253  234  211  189
  171  157  151  149  147  139  127  114  106
    15.0-180.0 180.0   5.0 450.0                            LAT/LON1/LON2/DLON/H
  119  100   85   72   64   61   59   58   58   57   56   55   55   54   53   52
   51   54   61   71   85   96  106  113  119  126  136  151  170  195  223  249
  269  279  275  266  262  262  260  257  256  259  266  277  287  291  291  290
  292  294  303  315  328  334  333  325  316  304  287  266  244  226  204  181
  163  153  148  149  150  146  137  126  119
    12.5-180.0 180.0   5.0 450.0                            LAT/LON1/LON2/DLON/H
  126  107   91   78   69   64   61   59   58   57   55   54   52   51   50   49
   49   52   59   71   84   97  106  113  120  129  141  157  179  205  234  257
  274  279  274  266  262  263  263  264  266  273  284  294  302  306  305  303
  303  305  311  322  334  339  334  322  306  290  270  248  228  209  187  167
  152  143  140  143  147  147  141  133  126
    10.0-180.0 180.0   5.0 450.0                            LAT/LON1/LON2/DLON/H
  128  112   98   84   75   69   64   60   58   56   55   53   51   50   49   48
   48   51   59   71   85   97  106  114  122  133  147  165  186  213  238  257
  270  273  269  264  263  266  269  273  279  288  299  308  315  317  315  311
  309  308  311  320  330  334  326  311  293  272  252  230  210  191  173  157
  143  135  132  136  141  144  142  135  128
     7.5-180.0 180.0   5.0 450.0                            LAT/LON1/LON2/DLON/H
  128  116  103   91   82   75   69   63   58   56   55   53   51   50   49   48
   48   51   59   72   85   97  106  115  126  139  155  173  194  217  237  254
  264  266  265  264  267  272  279  285  292  302  311  319  324  325  323  317
  311  307  307  314  321  324  315  300  281  261  242  221  200  183  166  154
  143  134  131  134  139  142  141  135  128
     5.0-180.0 180.0   5.0 450.0                            LAT/LON1/LON2/DLON/H
  129  118  106   97   88   81   74   66   60   57   55   53   51   50   49   48
   49   52   60   73   86   98  108  118  130  145  163  182  201  219  235  248
  257  261  264  268  275  283  291  299  306  314  321  327  330  331  328  320
  312  303  300  304  310  311  304  292  276  260  243  224  204  186  172  161
  151  141  138  140  143  143  142  136  129
     2.5-180.0 180.0   5.0 450.0                            LAT/LON1/LON2/DLON/H
  131  120  109  100   92   85   77   69   62   58   55   53   51   50   49   48
   49   53   61   74   88  100  110  122  136  153  172  190  207  222  234  246
  254  261  267  276  286  296  306  313  318  323  328  332  332  333  329  321
  309  297  292  294  299  299  295  287  277  265  253  236  215  197  184  174
  164  154  149  149  149  148  145  139  131
