ionex_files/bejaia/igsg0870.21i
     1.0            IONOSPHERE MAPS     MIX                 IONEX VERSION / TYPE
cmpcmb v1.2          GRL/UWM            15-apr-21 05:35     PGM / RUN BY / DATE 
ionex file containing IGS COMBINED Ionosphere maps          COMMENT             
global ionosphere maps for day 087, 2021                    DESCRIPTION         
IONEX file containing the COMBINED IGS TEC MAPS and DCBs    DESCRIPTION         
      IONEX files of the following IAACs were combined: cod DESCRIPTION         
                                                        esa DESCRIPTION         
                                                        jpl DESCRIPTION         
                                                        upc DESCRIPTION         
Contact address: Andrzej Krankowski                         DESCRIPTION
                 Geodynamics Research Laboratory            DESCRIPTION
                 University of Warmia and Mazury (GRL/UWM)  DESCRIPTION
                 Oczapowski St. 1                           DESCRIPTION
                 10-957-Olsztyn, POLAND                     DESCRIPTION
                 e-mail:  kand@uwm.edu.pl                   DESCRIPTION
                                                            DESCRIPTION         
  2021     3    28     0     0     0                        EPOCH OF FIRST MAP  
  2021     3    29     0     0     0                        EPOCH OF LAST MAP   
  7200                                                      INTERVAL            
    13                                                      # OF MAPS IN FILE   
  COSZ                                                      MAPPING FUNCTION    
     0.0                                                    ELEVATION CUTOFF    
combined TEC calculated as weighted mean of input TEC valuesOBSERVABLES USED    
   375                                                      # OF STATIONS       
    32                                                      # OF SATELLITES     
  6371.0                                                    BASE RADIUS         
     2                                                      MAP DIMENSION       
   450.0 450.0   0.0                                        HGT1 / HGT2 / DHGT  
    87.5 -87.5  -2.5                                        LAT1 / LAT2 / DLAT  
  -180.0 180.0   5.0                                        LON1 / LON2 / DLON  
    -1                                                      EXPONENT            
TEC values in 0.1 tec units;  9999, if no value available   COMMENT             
DCB values in nanoseconds, reference is Sum_of_SatDCBs = 0  COMMENT             
                                                            END OF HEADER       
     1                                                      START OF TEC MAP    
  2021     3    28     0     0     0                        EPOCH OF CURRENT MAP
    87.5-180.0 180.0   5.0 450.0                            LAT/LON1/LON2/DLON/H
   63   64   64   65   65   66   66   66   66   66   66   67   67   67   67   67
   66   66   65   65   64   64   62   62   61   60   59   58   57   57   56   55
   54   54   53   52   52   51   51   51   51   51   51   51   51   51   51   52
   52   52   53   53   54   54   55   55   55   56   57   57   58   58   59   59
   59   60   60   61   61   62   62   63   63
    85.0-180.0 180.0   5.0 450.0                            LAT/LON1/LON2/DLON/H
   66   67   68   68   69   69   70   70   71   72   73   72   73   73   74   73
   73   73   73   73   72   71   69   67   65   63   61   59   57   55   53   52
   50   49   49   48   47   46   46   46   46   46   46   46   47   47   48   49
   50   51   52   53   53   54   55   56   56   57   58   59   59   60   60   61
   62   62   63   63   64   65   66   66   66
    82.5-180.0 180.0   5.0 450.0                            LAT/LON1/LON2/DLON/H
   68   68   69   71   71   73   74   75   76   78   79   80   81   82   83   83
   83   83   82   81   79   78   75   73   68   64   61   59   56   53   51   49
   47   46   44   43   42   42   42   41   41   42   43   44   45   45   47   49
   50   51   53   54   55   56   57   58   59   60   60   61   62   62   62   63
   63   64   64   65   66   66   67   67   68
    80.0-180.0 180.0   5.0 450.0                            LAT/LON1/LON2/DLON/H
   70   71   73   75   76   77   78   79   81   83   84   86   87   88   90   90
   90   91   90   89   89   86   81   74   73   70   67   63   59   55   52   48
   46   44   42   42   41   40   40   40   40   41   42   43   44   46   47   49
   51   53   54   56   57   59   60   60   61   62   63   64   64   65   65   65
   65   65   66   66   67   67   68   69   70
    77.5-180.0 180.0   5.0 450.0                            LAT/LON1/LON2/DLON/H
   73   75   76   78   79   81   83   84   86   87   89   91   93   95   96   96
   95   96   95   94   90   87   82   79   75   72   68   63   59   55   52   49
   47   45   43   42   42   42   41   42   42   43   43   44   45   47   49   50
   52   54   56   57   58   60   61   62   62   63   64   64   65   66   66   67
   67   67   68   69   70   70   71   72   73
    75.0-180.0 180.0   5.0 450.0                            LAT/LON1/LON2/DLON/H
   77   78   79   81   83   86   87   90   92   94   96   98  100   99   99   99
   98   97   94   91   88   84   82   79   75   70   66   62   59   56   53   50
   48   47   46   45   45   45   45   45   45   45   45   46   46   48   49   51
   53   54   55   56   57   59   59   60   61   62   62   63   65   65   66   67
   68   69   70   71   72   73   74   75   77
    72.5-180.0 180.0   5.0 450.0                            LAT/LON1/LON2/DLON/H
   81   82   83   85   88   90   93   96   98  100  102  102  103  102  100   99
   97   93   91   88   83   81   78   75   72   69   64   62   58   55   53   51
   50   49   49   49   49   49   49   48   49   47   47   46   46   47   49   50
   51   52   52   53   55   56   56   57   58   59   60   61   63   64   66   68
   70   71   72   74   76   77   78   79   81
    70.0-180.0 180.0   5.0 450.0                            LAT/LON1/LON2/DLON/H
   85   87   88   90   92   94   96   99  101  103  105  105  105  103  101   97
   93   89   85   81   78   76   72   71   68   66   63   60   58   56   55   53
   51   51   52   52   52   51   51   50   49   49   47   46   45   45   46   47
   48   48   49   49   50   50   52   53   54   55   57   59   61   64   66   69
   71   73   75   77   78   81   82   84   85
    67.5-180.0 180.0   5.0 450.0                            LAT/LON1/LON2/DLON/H
   90   91   92   94   95   96   98  100  103  106  107  108  106  104  100   95
   91   85   81   75   71   69   66   66   64   63   61   59   58   57   56   55
   53   53   53   53   53   52   51   49   47   45   44   42   41   41   42   43
   44   44   43   44   44   45   46   48   50   52   55   58   61   64   68   71
   73   76   78   80   81   84   86   88   90
    65.0-180.0 180.0   5.0 450.0                            LAT/LON1/LON2/DLON/H
   93   95   96   96   96   97   97   99  102  105  108  109  108  105  101   96
   89   83   77   72   68   65   64   63   61   61   59   59   58   58   56   55
   54   53   51   51   50   48   47   44   42   41   39   37   36   36   35   36
   36   37   38   39   39   40   42   45   48   52   55   60   64   67   71   74
   77   79   81   82   84   86   89   91   93
    62.5-180.0 180.0   5.0 450.0                            LAT/LON1/LON2/DLON/H
   96   97   98   97   97   96   96   96   99  101  105  107  108  106  102   96
   90   84   78   72   67   65   64   62   60   60   58   58   57   57   57   55
   53   50   48   46   44   42   41   38   37   35   34   33   32   32   31   31
   31   32   33   35   36   38   41   45   49   54   59   64   68   73   76   80
   82   83   84   85   86   88   91   93   96
    60.0-180.0 180.0   5.0 450.0                            LAT/LON1/LON2/DLON/H
   98  100  101   99   97   94   93   93   94   97  100  103  106  105  103   99
   94   88   82   77   70   68   66   62   60   60   59   59   57   57   56   53
   50   47   43   40   38   36   34   33   33   32   31   31   32   31   31   31
   30   30   32   33   34   37   42   47   52   58   64   70   75   80   83   86
   88   89   89   88   89   90   93   96   98
    57.5-180.0 180.0   5.0 450.0                            LAT/LON1/LON2/DLON/H
  103  105  105  103   99   94   91   90   90   92   95   99  102  104  104  101
   98   93   89   84   76   72   69   64   62   62   60   59   57   57   55   51
   47   43   39   37   35   33   32   32   33   33   34   35   35   36   36   35
   34   33   34   34   36   40   45   51   58   64   71   77   82   88   91   94
   94   94   94   94   94   95   97  100  103
    55.0-180.0 180.0   5.0 450.0                            LAT/LON1/LON2/DLON/H
  111  113  111  108  103   97   93   90   89   90   92   96   99  101  102  102
  101   99   95   91   84   79   74   69   66   65   63   61   59   58   56   48
   45   40   38   37   35   34   35   35   37   38   40   42   42   43   43   42
   40   39   38   39   41   45   50   57   64   71   78   84   89   94   98  100
  101  101  102  102  102  102  105  107  111
    52.5-180.0 180.0   5.0 450.0                            LAT/LON1/LON2/DLON/H
  122  123  122  117  111  105   99   95   93   92   93   95   97   99  101  101
  102  101   99   96   90   85   80   75   72   70   67   65   63   60   56   49
   45   41   40   39   39   40   41   43   45   47   49   50   51   50   50   49
   48   47   46   46   48   52   57   63   71   79   85   90   94   98  102  104
  106  108  110  111  112  114  117  119  122
    50.0-180.0 180.0   5.0 450.0                            LAT/LON1/LON2/DLON/H
  136  136  134  130  124  117  111  105  101   99   97   97   97   98   99  100
  101  102  101   98   94   89   85   81   78   76   74   71   68   64   59   52
   48   45   45   45   46   48   51   53   55   57   59   60   60   59   58   57
   56   56   55   54   55   59   63   69   77   85   91   96   99  102  105  107
  110  114  118  121  124  128  131  134  136
    47.5-180.0 180.0   5.0 450.0                            LAT/LON1/LON2/DLON/H
  151  151  148  143  138  132  126  119  114  110  106  102  100   99   99  100
  101  102  101   99   96   92   89   86   84   82   81   78   73   68   62   57
   53   52   52   53   55   58   61   63   65   66   67   67   67   65   65   65
   64   64   63   62   63   66   69   75   83   90   96  100  102  104  106  110
  114  121  127  132  138  142  146  149  151
    45.0-180.0 180.0   5.0 450.0                            LAT/LON1/LON2/DLON/H
  165  164  160  156  149  146  141  136  130  124  117  111  107  104  102  102
  102  103  102  100   98   95   93   91   90   89   87   84   79   72   66   62
   59   59   60   62   65   68   70   71   71   72   72   73   72   70   70   71
   72   72   71   70   70   72   76   82   89   96  100  104  105  107  109  114
  120  127  136  144  151  157  161  164  165
    42.5-180.0 180.0   5.0 450.0                            LAT/LON1/LON2/DLON/H
  176  173  169  165  160  158  155  151  144  138  130  123  116  112  108  106
  105  105  105  103  101   98   97   95   95   95   93   90   83   76   71   66
   65   65   67   70   72   74   75   76   75   75   76   76   75   75   76   78
   78   79   78   76   76   78   82   88   95  101  106  109  110  111  113  119
  126  133  144  153  162  168  173  176  176
    40.0-180.0 180.0   5.0 450.0                            LAT/LON1/LON2/DLON/H
  184  181  175  170  168  168  165  161  155  148  140  132  127  122  118  114
  111  110  109  108  106  103  101   99   99   98   96   91   85   79   73   69
   68   70   72   74   76   77   78   77   76   76   77   78   79   79   79   82
   82   82   81   79   77   80   85   92  100  108  113  116  116  118  119  125
  131  140  150  159  168  176  181  184  184
    37.5-180.0 180.0   5.0 450.0                            LAT/LON1/LON2/DLON/H
  189  186  180  175  176  175  172  168  161  154  147  140  136  133  128  124
  121  119  117  115  113  109  106  103  102   99   95   90   84   78   74   71
   70   72   75   76   77   77   77   76   75   75   77   80   81   80   81   82
   82   81   79   77   77   80   85   92  103  112  119  123  125  126  128  133
  138  146  154  162  171  179  185  189  189
    35.0-180.0 180.0   5.0 450.0                            LAT/LON1/LON2/DLON/H
  195  193  186  181  183  185  179  172  163  155  149  146  144  142  140  137
  132  129  126  123  119  114  109  105  101   96   91   86   80   76   72   71
   72   74   76   77   77   76   76   75   74   76   78   80   81   81   80   79
   78   76   75   73   73   76   82   91  104  114  123  130  133  136  138  141
  145  152  158  164  173  181  189  194  195
    32.5-180.0 180.0   5.0 450.0                            LAT/LON1/LON2/DLON/H
  205  202  197  192  193  193  188  177  165  155  150  149  150  152  151  149
  145  140  136  131  125  118  110  104   98   91   84   79   75   70   68   70
   73   76   77   77   76   74   74   73   74   77   79   80   80   79   77   74
   72   71   69   66   66   71   78   90  104  116  126  135  142  146  148  150
  153  158  163  169  177  186  195  203  205
    30.0-180.0 180.0   5.0 450.0                            LAT/LON1/LON2/DLON/H
  222  222  218  213  211  208  202  188  172  159  154  155  157  161  161  161
  156  151  144  137  128  118  109   99   90   83   76   72   69   66   66   69
   73   76   76   75   74   72   72   73   75   79   81   80   78   77   73   69
   66   64   62   59   60   65   76   89  104  117  129  140  149  155  157  160
  162  165  170  177  187  198  208  218  222
    27.5-180.0 180.0   5.0 450.0                            LAT/LON1/LON2/DLON/H
  249  251  248  244  241  235  225  208  188  174  168  167  169  171  171  171
  166  160  151  140  128  116  106   94   83   76   70   67   65   64   65   68
   71   74   74   72   72   72   73   75   78   81   81   80   77   74   70   66
   61   59   56   54   54   60   72   88  104  117  130  143  154  162  166  168
  170  174  180  191  203  218  231  243  249
    25.0-180.0 180.0   5.0 450.0                            LAT/LON1/LON2/DLON/H
  287  294  291  286  282  274  260  240  219  203  195  191  189  187  184  181
  176  168  155  140  126  113  102   90   80   73   68   66   65   65   66   68
   70   72   73   73   74   75   77   78   80   81   80   79   75   71   67   63
   58   55   52   50   51   57   70   87  103  118  132  144  157  166  172  175
  180  185  196  209  225  243  262  277  287
    22.5-180.0 180.0   5.0 450.0                            LAT/LON1/LON2/DLON/H
  333  342  339  336  330  322  308  287  265  248  238  227  218  210  202  194
  186  175  159  141  125  111  100   91   83   77   73   72   72   72   70   70
   72   74   76   77   79   81   82   83   83   83   81   78   74   69   65   60
   56   52   48   48   50   57   69   87  104  119  133  145  157  169  177  183
  190  199  213  230  250  271  293  316  333
    20.0-180.0 180.0   5.0 450.0                            LAT/LON1/LON2/DLON/H
  374  389  386  384  379  373  360  344  324  309  292  278  259  242  226  214
  199  184  165  144  127  114  106  101   94   88   84   83   84   84   80   78
   80   81   83   84   87   88   89   88   88   86   82   78   73   69   64   59
   54   50   47   47   49   57   70   87  104  119  132  145  157  169  179  188
  198  212  230  250  273  297  321  348  374
    17.5-180.0 180.0   5.0 450.0                            LAT/LON1/LON2/DLON/H
  397  419  420  419  417  417  416  410  396  379  358  338  310  283  256  239
  218  198  175  151  133  123  119  116  111  105  102  101  101   99   94   90
   88   88   90   91   96   97   97   95   92   88   84   79   73   68   63   58
   53   49   47   47   49   57   70   87  105  120  132  144  157  170  181  193
  207  225  245  267  291  314  339  368  397
    15.0-180.0 180.0   5.0 450.0                            LAT/LON1/LON2/DLON/H
  400  423  431  434  440  449  461  467  464  448  427  402  365  332  295  270
  244  220  191  165  146  138  137  137  134  130  125  123  120  114  108  101
   98   96   97  100  105  107  107  102   95   91   86   80   74   69   63   58
   53   49   47   47   49   56   71   89  106  122  134  145  159  173  185  200
  217  237  259  281  301  322  344  372  400
    12.5-180.0 180.0   5.0 450.0                            LAT/LON1/LON2/DLON/H
  387  406  417  425  440  460  484  500  508  501  484  459  421  384  341  309
  272  248  216  188  168  161  162  164  161  156  148  143  135  127  118  112
  108  107  108  111  116  117  115  108  100   93   87   80   75   70   64   57
   52   49   47   46   48   55   69   87  107  123  135  147  161  175  190  207
  227  250  271  289  303  319  338  361  387
    10.0-180.0 180.0   5.0 450.0                            LAT/LON1/LON2/DLON/H
  359  376  388  401  419  448  475  500  517  523  516  499  467  429  383  346
  308  281  249  219  199  193  191  191  185  180  168  158  147  137  128  123
  121  119  121  123  127  126  122  113  103   94   86   81   76   71   64   56
   51   48   46   45   47   53   67   86  106  122  135  147  162  178  195  213
  236  259  279  293  302  311  324  342  359
     7.5-180.0 180.0   5.0 450.0                            LAT/LON1/LON2/DLON/H
  333  346  357  369  386  413  446  475  499  515  520  512  491  454  417  377
  343  314  284  256  233  223  218  215  206  201  183  167  154  144  137  133
  132  131  131  133  135  132  126  116  103   92   85   81   77   71   63   55
   49   46   44   43   45   51   64   83  104  120  133  146  162  181  199  219
  242  266  285  297  301  304  310  321  333
     5.0-180.0 180.0   5.0 450.0                            LAT/LON1/LON2/DLON/H
  315  324  332  341  353  376  406  437  461  483  495  496  486  460  429  398
  369  341  315  290  263  246  236  229  219  206  188  171  159  150  144  141
  141  139  137  137  138  134  127  115  102   91   84   80   77   71   62   53
   46   44   42   41   42   48   61   80  100  116  128  143  162  183  203  224
  248  272  292  302  304  303  304  309  315
     2.5-180.0 180.0   5.0 450.0                            LAT/LON1/LON2/DLON/H
  312  317  320  325  332  348  371  397  418  439  454  460  459  445  423  402
  380  357  335  312  284  261  245  231  219  205  186  172  161  154  149  147
  145  142  138  135  135  130  122  112   99   89   83   79   76   69   60   50
   43   41   39   38   39   45   58   77   95  110  123  139  160  183  205  228
  252  278  299  312  314  311  308  310  312
