ionex_files/bejaia/igsg0880.21i
     1.0            IONOSPHERE MAPS     MIX                 IONEX VERSION / TYPE
cmpcmb v1.2          GRL/UWM            15-apr-21 05:41     PGM / RUN BY / DATE 
ionex file containing IGS COMBINED Ionosphere maps          COMMENT             
global ionosphere maps for day 088, 2021                    DESCRIPTION         
IONEX file containing the COMBINED IGS TEC MAPS and DCBs    DESCRIPTION         
      IONEX files of the following IAACs were combined: cod DESCRIPTION         
                                                        esa DESCRIPTION         
                                                        jpl DESCRIPTION         
                                                        upc DESCRIPTION         
Contact address: Andrzej Krankowski                         DESCRIPTION
                 Geodynamics Research Laboratory            DESCRIPTION
                 University of Warmia and Mazury (GRL/UWM)  DESCRIPTION
                 Oczapowski St. 1                           DESCRIPTION
                 10-957-Olsztyn, POLAND                     DESCRIPTION
                 e-mail:  kand@uwm.edu.pl                   DESCRIPTION
                                                            DESCRIPTION         
  2021     3    29     0     0     0                        EPOCH OF FIRST MAP  
  2021     3    30     0     0     0                        EPOCH OF LAST MAP   
  7200                                                      INTERVAL            
    13                                                      # OF MAPS IN FILE   
  COSZ                                                      MAPPING FUNCTION    
     0.0                                                    ELEVATION CUTOFF    
combined TEC calculated as weighted mean of input TEC valuesOBSERVABLES USED    
   377                                                      # OF STATIONS       
    32                                                      # OF SATELLITES     
  6371.0                                                    BASE RADIUS         
     2                                                      MAP DIMENSION       
   450.0 450.0   0.0                                        HGT1 / HGT2 / DHGT  
    87.5 -87.5  -2.5                                        LAT1 / LAT2 / DLAT  
  -180.0 180.0   5.0                                        LON1 / LON2 / DLON  
    -1                                                      EXPONENT            
TEC values in 0.1 tec units;  9999, if no value available   COMMENT             
DCB values in nanoseconds, reference is Sum_of_SatDCBs = 0  COMMENT             
                                                            END OF HEADER       
[from data line 2574]
     7                                                      START OF TEC MAP    
  2021     3    29    12     0     0                        EPOCH OF CURRENT MAP
    87.5-180.0 180.0   5.0 450.0                            LAT/LON1/LON2/DLON/H
   76   76   77   77   77   77   77   78   78   78   78   78   78   78   79   79
   79   79   79   79   79   79   79   79   79   79   79   79   79   79   79   79
   78   78   78   77   77   77   76   76   76   75   75   74   74   74   73   73
   72   72   72   72   72   72   72   72   72   72   72   72   72   73   73   73
   73   74   74   74   75   75   75   76   76
    85.0-180.0 180.0   5.0 450.0                            LAT/LON1/LON2/DLON/H
   73   73   74   75   75   76   76   76   77   77   77   77   77   78   78   78
   78   78   78   78   78   78   79   78   79   79   80   80   80   80   79   80
   79   79   78   78   78   77   76   75   75   74   73   72   71   71   70   69
   69   68   68   67   67   67   66   66   66   66   66   66   67   67   68   68
   69   70   70   70   71   71   72   72   73
    82.5-180.0 180.0   5.0 450.0                            LAT/LON1/LON2/DLON/H
   67   68   69   69   71   71   72   72   72   73   72   72   73   73   73   72
   73   73   73   73   74   75   75   75   76   77   78   79   79   80   79   80
   79   79   79   79   78   77   76   75   74   73   72   70   70   69   68   67
   66   65   65   64   64   63   62   62   61   61   61   61   61   62   62   62
   63   63   63   64   65   65   66   66   67
    80.0-180.0 180.0   5.0 450.0                            LAT/LON1/LON2/DLON/H
   59   60   61   62   62   64   65   65   66   67   67   67   67   67   67   67
   67   67   68   68   69   69   70   73   74   75   76   77   78   79   80   81
   81   81   81   80   79   79   78   76   75   74   73   72   70   69   68   67
   66   65   64   64   63   62   61   61   60   59   58   58   57   57   56   56
   56   55   56   56   57   57   58   58   59
    77.5-180.0 180.0   5.0 450.0                            LAT/LON1/LON2/DLON/H
   50   50   51   53   54   55   56   58   58   58   59   58   58   58   59   60
   60   62   63   64   65   65   67   68   69   71   73   75   77   78   80   81
   82   83   83   83   82   81   80   79   78   77   76   74   73   72   71   70
   69   69   68   67   66   65   64   63   62   60   58   57   55   54   52   51
   50   48   48   48   47   48   48   49   50
    75.0-180.0 180.0   5.0 450.0                            LAT/LON1/LON2/DLON/H
   40   41   43   44   45   47   47   48   49   49   49   49   50   51   53   54
   55   56   58   60   60   62   64   65   66   69   70   73   75   77   80   82
   84   85   86   86   86   85   84   83   82   81   80   79   78   77   77   77
   76   76   75   74   72   71   70   68   67   64   62   60   57   54   51   48
   45   43   41   39   38   38   38   39   40
    72.5-180.0 180.0   5.0 450.0                            LAT/LON1/LON2/DLON/H
   31   33   35   37   38   39   40   41   41   41   42   42   44   45   46   48
   51   53   54   56   58   60   62   63   65   67   70   72   75   78   80   83
   85   87   88   89   89   88   88   87   86   85   85   84   84   84   84   84
   84   83   83   82   81   80   77   76   73   71   67   64   61   57   52   48
   44   40   36   33   31   30   29   30   31
    70.0-180.0 180.0   5.0 450.0                            LAT/LON1/LON2/DLON/H
   24   26   28   29   32   34   34   35   35   35   35   37   38   39   41   44
   47   49   51   54   57   59   61   63   65   67   70   73   76   78   82   84
   87   89   91   92   92   92   91   90   89   88   88   88   89   89   91   91
   92   92   91   90   88   86   84   82   79   76   72   69   65   60   55   50
   45   40   34   30   27   25   24   23   24
    67.5-180.0 180.0   5.0 450.0                            LAT/LON1/LON2/DLON/H
   21   22   23   26   27   29   30   30   30   31   31   32   33   34   37   39
   42   45   49   53   56   59   62   64   67   69   71   74   77   80   83   86
   89   92   93   94   94   94   93   93   91   91   91   92   93   94   96   97
   98   97   97   96   94   91   88   85   82   80   76   72   68   64   59   53
   48   42   36   31   26   23   21   21   21
    65.0-180.0 180.0   5.0 450.0                            LAT/LON1/LON2/DLON/H
   22   22   23   24   25   26   27   26   26   26   27   28   28   30   33   35
   38   42   47   52   56   60   63   66   68   71   73   76   79   82   85   88
   91   94   96   97   97   96   96   94   93   93   93   94   96   98  100  100
  101  100   99   98   95   92   89   86   83   80   77   74   70   66   61   57
   51   45   40   34   29   26   23   22   22
    62.5-180.0 180.0   5.0 450.0                            LAT/LON1/LON2/DLON/H
   26   25   26   26   27   27   26   25   24   24   24   25   26   28   29   32
   36   40   46   51   56   60   64   67   70   72   75   78   81   84   87   90
   94   96   98   99   99   99   98   97   96   96   96   97   99  100  101  102
  102  101  100   97   94   91   88   85   82   79   77   74   71   68   64   60
   55   50   45   40   35   31   28   26   26
    60.0-180.0 180.0   5.0 450.0                            LAT/LON1/LON2/DLON/H
   32   32   31   31   30   29   28   26   24   23   23   23   25   26   27   29
   33   38   43   49   54   59   64   68   71   74   77   80   83   87   89   93
   96   98  101  102  102  102  101  100   99   99  100  101  102  103  104  104
  103  102  100   97   94   91   87   84   81   79   77   75   72   70   67   64
   59   55   51   46   42   38   35   34   32
    57.5-180.0 180.0   5.0 450.0                            LAT/LON1/LON2/DLON/H
   41   40   39   38   36   33   31   29   26   24   23   23   23   24   25   27
   30   35   41   47   52   58   63   67   72   76   79   83   87   90   93   96
   99  100  102  104  105  105  105  104  104  104  105  107  108  108  108  107
  106  104  101   98   95   92   89   85   83   81   79   77   75   73   71   68
   65   62   58   54   50   47   44   42   41
    55.0-180.0 180.0   5.0 450.0                            LAT/LON1/LON2/DLON/H
   50   49   48   46   43   40   37   34   31   28   26   25   24   23   24   25
   28   33   39   45   50   56   62   68   73   77   82   86   90   94   97  100
  102  103  105  107  108  110  110  109  110  111  112  114  115  115  114  113
  110  108  105  102   99   96   93   90   87   85   83   82   80   78   76   74
   70   67   64   62   59   56   53   51   50
    52.5-180.0 180.0   5.0 450.0                            LAT/LON1/LON2/DLON/H
   60   57   56   54   51   47   44   41   38   34   31   29   27   25   24   25
   28   33   39   45   51   57   63   68   74   80   85   90   94   98  101  103
  104  105  107  110  112  114  115  116  117  119  121  123  123  123  121  120
  117  115  112  109  107  104  100   97   94   92   90   88   87   84   82   79
   75   72   70   67   66   64   62   61   60
    50.0-180.0 180.0   5.0 450.0                            LAT/LON1/LON2/DLON/H
   67   65   63   61   58   56   52   49   46   43   39   36   33   30   28   28
   31   35   40   46   53   59   65   70   76   82   88   93   98  101  103  106
  106  108  110  113  116  118  121  123  125  127  130  131  131  131  130  128
  126  124  121  118  116  112  109  104  101   99   96   95   94   91   88   84
   79   77   74   71   71   70   68   68   67
    47.5-180.0 180.0   5.0 450.0                            LAT/LON1/LON2/DLON/H
   72   70   69   68   65   63   60   58   56   53   49   45   41   38   35   34
   35   39   44   51   58   63   69   74   80   86   92   97  101  104  106  107
  109  111  114  117  121  125  127  130  133  135  137  138  138  137  136  136
  134  133  130  127  124  120  116  111  107  104  101   99   98   96   92   89
   85   81   78   76   74   73   72   72   72
    45.0-180.0 180.0   5.0 450.0                            LAT/LON1/LON2/DLON/H
   75   73   73   72   70   69   67   66   65   63   59   55   51   47   43   42
   42   45   51   58   63   69   74   79   85   90   96  100  104  106  108  109
  111  114  117  121  126  130  135  138  141  143  144  144  143  143  142  142
  142  141  138  134  131  125  122  117  113  109  105  104  102  100   97   94
   90   87   83   80   78   76   75   75   75
    42.5-180.0 180.0   5.0 450.0                            LAT/LON1/LON2/DLON/H
   76   75   74   73   72   72   71   72   71   70   68   65   62   57   54   51
   50   52   57   64   70   76   81   84   90   95   99  103  106  108  109  111
  113  117  122  127  132  138  143  147  150  151  151  149  149  147  147  148
  147  145  142  137  132  128  124  120  116  112  108  107  106  104  102   99
   96   93   89   85   81   78   77   76   76
    40.0-180.0 180.0   5.0 450.0                            LAT/LON1/LON2/DLON/H
   75   75   74   73   72   72   73   73   75   76   75   72   70   67   63   60
   58   59   64   71   78   82   87   90   95   99  103  105  107  109  111  113
  116  120  126  133  140  147  153  158  160  161  159  158  156  153  152  152
  151  148  143  137  131  127  124  120  116  112  109  108  108  107  106  103
  100   97   93   89   84   80   77   75   75
    37.5-180.0 180.0   5.0 450.0                            LAT/LON1/LON2/DLON/H
   73   72   72   72   71   70   70   72   76   78   78   77   76   75   71   69
   66   66   70   77   84   89   92   96   99  103  106  108  109  110  113  115
  118  124  132  140  150  159  166  172  175  175  174  170  167  163  160  158
  156  152  147  139  132  129  126  122  118  113  109  108  109  109  108  106
  103  100   96   92   86   80   76   73   73
    35.0-180.0 180.0   5.0 450.0                            LAT/LON1/LON2/DLON/H
   71   69   68   69   67   65   65   67   73   76   78   79   80   80   78   75
   73   72   74   81   88   93   97  100  104  107  109  111  112  112  115  118
  124  130  140  151  162  174  183  190  195  195  193  188  183  178  174  169
  166  161  155  148  142  139  134  130  125  118  112  109  109  109  109  108
  106  102   98   93   87   81   75   71   71
    32.5-180.0 180.0   5.0 450.0                            LAT/LON1/LON2/DLON/H
   68   66   65   64   61   58   56   59   66   71   75   78   81   83   82   80
   77   76   78   85   92   97  100  103  107  111  114  114  115  116  119  123
  130  139  150  164  178  193  205  213  220  220  217  214  207  202  197  191
  186  180  173  167  162  158  153  148  139  129  119  113  110  109  109  108
  106  103   99   95   89   82   75   69   68
    30.0-180.0 180.0   5.0 450.0                            LAT/LON1/LON2/DLON/H
   68   63   61   58   54   52   49   52   59   64   70   74   78   82   84   83
   81   79   81   87   94   99  102  105  110  115  118  120  120  122  125  131
  139  150  164  179  195  212  227  239  248  252  249  246  239  235  229  223
  217  212  206  201  195  191  183  176  163  146  131  119  114  111  109  107
  106  103  101   96   91   84   76   70   68
    27.5-180.0 180.0   5.0 450.0                            LAT/LON1/LON2/DLON/H
   68   62   59   54   51   48   45   47   53   59   64   69   74   79   83   83
   81   80   82   88   95  100  103  107  113  120  124  126  127  129  134  141
  152  166  182  199  217  235  251  268  279  286  284  282  276  273  273  270
  264  259  253  249  240  234  223  211  192  169  148  131  122  117  112  108
  105  104  101   98   93   85   77   71   68
    25.0-180.0 180.0   5.0 450.0                            LAT/LON1/LON2/DLON/H
   71   64   60   55   50   47   45   47   51   55   59   62   68   74   79   80
   79   79   82   89   96  101  104  109  116  124  129  133  136  140  146  156
  169  186  203  222  241  259  277  295  310  319  319  320  322  317  324  323
  317  312  306  302  292  280  267  248  223  195  169  147  135  127  119  112
  108  107  104  101   96   89   80   74   71
    22.5-180.0 180.0   5.0 450.0                            LAT/LON1/LON2/DLON/H
   77   70   65   59   53   48   46   47   49   52   54   57   63   69   73   75
   75   77   81   90   97  103  107  112  120  129  136  142  147  153  162  173
  189  207  227  246  264  283  301  321  336  345  351  356  361  365  372  372
  366  362  356  349  336  319  305  281  251  220  190  166  151  140  130  121
  114  112  110  108  103   96   87   80   77
    20.0-180.0 180.0   5.0 450.0                            LAT/LON1/LON2/DLON/H
   86   79   73   64   57   52   49   48   49   50   50   52   56   62   67   69
   70   74   81   90   99  106  110  116  124  134  143  152  160  170  180  193
  210  229  249  269  284  302  322  341  355  365  372  382  393  401  406  405
  400  395  389  377  364  346  327  303  271  235  207  186  170  156  144  134
  126  121  119  119  114  107   98   90   86
    17.5-180.0 180.0   5.0 450.0                            LAT/LON1/LON2/DLON/H
  100   91   83   73   63   56   52   50   49   49   49   49   51   56   60   62
   65   69   78   90  101  107  113  119  129  139  151  162  174  187  199  213
  231  250  270  287  303  318  334  352  371  377  382  392  406  414  416  415
  411  404  397  387  374  354  334  311  281  247  222  205  191  177  161  150
  141  134  132  131  128  122  114  106  100
    15.0-180.0 180.0   5.0 450.0                            LAT/LON1/LON2/DLON/H
  119  107   95   83   71   62   55   52   51   50   49   48   48   52   54   57
   59   65   75   89  101  109  115  122  133  145  159  174  189  204  218  233
  250  268  285  299  313  326  343  361  376  379  381  390  399  406  405  404
  399  394  388  381  367  349  328  308  285  258  238  223  210  196  180  166
  156  149  145  146  144  140  133  126  119
    12.5-180.0 180.0   5.0 450.0                            LAT/LON1/LON2/DLON/H
  139  125  110   96   82   70   61   54   52   52   51   48   48   49   50   52
   55   61   73   87  101  110  117  126  139  153  169  186  204  220  234  248
  263  279  293  305  316  329  345  361  367  370  372  379  384  385  384  384
  379  376  372  365  353  337  318  299  284  266  250  237  223  209  194  180
  168  160  157  158  159  158  154  147  139
    10.0-180.0 180.0   5.0 450.0                            LAT/LON1/LON2/DLON/H
  158  142  126  109   93   79   67   56   54   54   53   50   48   48   48   49
   52   59   72   87  100  111  120  132  145  162  181  199  217  234  247  259
  272  284  294  304  313  325  338  350  355  357  363  370  371  371  369  365
  363  360  356  350  340  328  313  296  283  270  258  245  231  216  201  187
  176  168  166  167  170  172  171  166  158
     7.5-180.0 180.0   5.0 450.0                            LAT/LON1/LON2/DLON/H
  171  155  138  120  103   87   72   61   56   57   56   54   51   49   48   48
   51   58   70   86  100  111  123  136  152  171  192  212  230  244  255  265
  274  282  289  297  305  315  327  339  345  351  359  365  366  366  363  359
  357  354  350  345  339  329  316  301  287  275  263  249  233  218  202  189
  178  171  170  172  176  180  182  179  171
     5.0-180.0 180.0   5.0 450.0                            LAT/LON1/LON2/DLON/H
  176  161  144  128  111   93   77   64   59   59   59   57   55   52   50   49
   51   58   70   85   99  112  125  141  159  180  202  221  238  251  259  265
  272  278  281  287  295  304  316  328  339  349  361  369  372  373  372  369
  367  363  358  353  347  337  324  310  295  282  267  250  232  214  198  185
  176  169  168  169  174  178  183  182  176
     2.5-180.0 180.0   5.0 450.0                            LAT/LON1/LON2/DLON/H
  173  160  145  131  116   99   81   69   62   62   62   61   58   55   52   50
   52   58   70   85  100  114  129  146  166  188  210  228  244  255  260  264
  268  271  273  277  283  294  308  322  336  351  366  380  387  393  395  395
  391  386  377  369  360  349  334  318  303  288  269  248  227  207  190  178
  169  163  160  161  165  169  174  176  173
