ionex_files/bejaia/igsg0850.21i
     1.0            IONOSPHERE MAPS     MIX                 IONEX VERSION / TYPE
cmpcmb v1.2          GRL/UWM            12-apr-21 05:42     PGM / RUN BY / DATE 
ionex file containing IGS COMBINED Ionosphere maps          COMMENT             
global ionosphere maps for day 085, 2021                    DESCRIPTION         
IONEX file containing the COMBINED IGS TEC MAPS and DCBs    DESCRIPTION         
      IONEX files of the following IAACs were combined: cod DESCRIPTION         
                                                        esa DESCRIPTION         
                                                        jpl DESCRIPTION         
                                                        upc DESCRIPTION         
Contact address: Andrzej Krankowski                         DESCRIPTION
                 Geodynamics Research Laboratory            DESCRIPTION
                 University of Warmia and Mazury (GRL/UWM)  DESCRIPTION
                 Oczapowski St. 1                           DESCRIPTION
                 10-957-Olsztyn, POLAND                     DESCRIPTION
                 e-mail:  kand@uwm.edu.pl                   DESCRIPTION
                                                            DESCRIPTION         
  2021     3    26     0     0     0                        EPOCH OF FIRST MAP  
  2021     3    27     0     0     0                        EPOCH OF LAST MAP   
  7200                                                      INTERVAL            
    13                                                      # OF MAPS IN FILE   
  COSZ                                                      MAPPING FUNCTION    
     0.0                                                    ELEVATION CUTOFF    
combined TEC calculated as weighted mean of input TEC valuesOBSERVABLES USED    
   372                                                      # OF STATIONS       
    32                                                      # OF SATELLITES     
  6371.0                                                    BASE RADIUS         
     2                                                      MAP DIMENSION       
   450.0 450.0   0.0                                        HGT1 / HGT2 / DHGT  
    87.5 -87.5  -2.5                                        LAT1 / LAT2 / DLAT  
  -180.0 180.0   5.0                                        LON1 / LON2 / DLON  
    -1                                                      EXPONENT            
TEC values in 0.1 tec units;  9999, if no value available   COMMENT             
DCB values in nanoseconds, reference is Sum_of_SatDCBs = 0  COMMENT             
                                                            END OF HEADER       
[from data line 1716]
     5                                                      START OF TEC MAP    
  2021     3    26     8     0     0                        EPOCH OF CURRENT MAP
    87.5-180.0 180.0   5.0 450.0                            LAT/LON1/LON2/DLON/H
   72   73   73   74   75   76   76   77   78   78   78   79   79   79   79   79
   79   80   80   79   79   79   79   79   79   79   78   78   79   78   79   79
   78   78   78   78   78   78   78   77   77   77   77   76   76   75   75   74
   74   73   73   72   72   71   70   70   69   69   69   68   68   68   68   68
   68   68   69   69   69   70   71   71   72
    85.0-180.0 180.0   5.0 450.0                            LAT/LON1/LON2/DLON/H
   66   68   69   71   73   75   76   78   79   79   80   80   80   80   79   79
   78   77   77   76   76   75   74   74   73   74   74   74   74   74   74   75
   75   75   76   76   76   77   77   77   77   77   76   76   76   74   74   72
   71   70   69   68   66   65   64   62   61   60   59   58   57   56   56   56
   56   56   57   58   59   60   62   64   66
    82.5-180.0 180.0   5.0 450.0                            LAT/LON1/LON2/DLON/H
   57   60   63   66   69   71   73   75   76   77   77   78   77   76   75   73
   72   70   68   67   66   65   64   63   63   62   63   63   63   64   65   67
   68   69   70   72   73   74   75   76   76   76   76   76   75   75   74   73
   71   69   67   66   63   62   60   58   55   53   51   49   47   45   44   44
   44   44   44   46   47   49   52   54   57
    80.0-180.0 180.0   5.0 450.0                            LAT/LON1/LON2/DLON/H
   47   51   55   59   64   67   71   73   74   75   75   73   72   69   66   64
   61   58   56   54   52   51   50   49   48   48   49   50   52   53   55   57
   60   62   64   67   69   71   72   74   75   76   76   76   77   76   75   74
   73   71   70   67   65   63   61   58   55   52   49   46   43   40   38   36
   35   35   35   36   37   39   41   45   47
    77.5-180.0 180.0   5.0 450.0                            LAT/LON1/LON2/DLON/H
   41   45   50   55   60   64   67   69   71   70   69   66   64   60   57   53
   49   46   43   40   38   37   37   36   37   37   38   40   42   44   46   49
   52   56   59   61   64   67   69   72   74   76   77   78   78   78   77   77
   76   75   74   73   71   69   67   64   61   58   54   50   47   43   39   37
   34   32   31   31   31   32   34   37   41
    75.0-180.0 180.0   5.0 450.0                            LAT/LON1/LON2/DLON/H
   36   41   46   50   55   59   62   65   66   65   63   60   57   52   48   43
   37   34   31   30   27   27   27   28   29   30   32   33   35   38   41   44
   47   51   54   58   61   64   68   70   74   75   77   79   80   81   81   81
   82   82   82   82   81   79   78   75   72   69   66   61   57   53   49   44
   41   38   35   32   31   30   31   33   36
    72.5-180.0 180.0   5.0 450.0                            LAT/LON1/LON2/DLON/H
   35   38   41   46   50   55   58   60   61   60   57   54   50   46   40   34
   29   26   24   22   22   23   24   25   26   28   29   31   34   36   39   42
   45   48   52   56   59   63   66   70   73   76   79   81   83   85   86   88
   89   90   91   91   91   90   90   88   85   82   79   75   70   67   62   57
   53   48   44   41   37   34   33   33   35
    70.0-180.0 180.0   5.0 450.0                            LAT/LON1/LON2/DLON/H
   36   36   39   42   46   49   52   55   55   55   52   49   46   41   35   30
   26   23   21   21   22   23   24   26   28   30   31   32   35   37   39   42
   46   49   52   56   60   63   66   69   73   77   80   84   87   89   92   94
   97   98  100  100  101  101  100   99   97   94   91   88   84   80   75   71
   66   62   57   52   47   43   39   36   36
    67.5-180.0 180.0   5.0 450.0                            LAT/LON1/LON2/DLON/H
   39   37   37   39   41   43   47   49   50   50   48   45   42   37   33   30
   26   25   24   25   26   28   29   31   33   34   34   35   37   39   42   44
   47   50   54   56   59   62   65   69   72   77   82   86   91   95   99  102
  104  105  107  108  108  108  106  105  104  101   99   96   93   89   85   82
   78   74   70   64   60   53   47   43   39
    65.0-180.0 180.0   5.0 450.0                            LAT/LON1/LON2/DLON/H
   43   39   37   36   37   40   42   44   45   45   44   41   39   37   35   32
   30   29   30   30   31   33   34   36   36   37   37   38   39   40   44   46
   49   52   55   57   59   62   64   68   72   77   83   90   97  102  107  109
  112  113  114  113  112  111  109  108  106  103  101   99   97   94   91   88
   86   83   79   75   70   64   56   50   43
    62.5-180.0 180.0   5.0 450.0                            LAT/LON1/LON2/DLON/H
   49   42   38   35   36   36   38   40   41   41   40   39   38   38   36   35
   35   35   36   35   36   37   38   38   39   39   38   39   39   41   44   47
   50   53   55   57   59   61   63   67   73   80   87   96  104  111  116  119
  121  121  120  118  115  113  110  107  105  103  101   99   97   94   92   90
   88   87   85   81   77   71   65   56   49
    60.0-180.0 180.0   5.0 450.0                            LAT/LON1/LON2/DLON/H
   55   47   42   37   36   35   36   37   38   38   37   37   37   37   38   38
   38   39   39   38   39   39   37   37   37   37   36   36   37   39   43   47
   51   54   56   57   58   61   63   68   75   84   94  104  113  121  127  130
  131  130  128  124  119  115  111  108  105  103  101  100   98   95   92   89
   88   87   87   84   81   77   70   63   55
    57.5-180.0 180.0   5.0 450.0                            LAT/LON1/LON2/DLON/H
   61   53   47   43   39   38   37   37   36   35   35   35   35   36   37   39
   39   40   39   38   38   37   34   33   32   32   32   32   33   37   42   47
   51   54   56   58   59   61   65   72   81   91  103  115  125  133  139  142
  143  142  137  131  125  120  115  112  109  107  106  104  101   98   94   91
   89   87   87   86   84   80   75   68   61
    55.0-180.0 180.0   5.0 450.0                            LAT/LON1/LON2/DLON/H
   67   60   54   50   46   42   40   38   37   35   34   33   33   34   36   37
   38   38   37   35   33   31   28   27   25   26   26   27   30   35   41   47
   51   55   57   59   61   64   70   78   89  101  115  127  138  146  152  155
  156  155  149  142  134  128  124  121  118  117  115  113  109  105  100   96
   91   90   89   88   87   84   79   74   67
    52.5-180.0 180.0   5.0 450.0                            LAT/LON1/LON2/DLON/H
   74   68   63   58   54   50   47   44   41   38   35   33   32   32   34   34
   35   35   32   30   27   25   23   21   20   20   21   23   28   34   41   48
   52   56   59   62   65   70   78   88  101  114  129  141  151  159  164  167
  169  169  165  156  148  142  137  134  132  131  129  126  121  116  111  105
  100   96   94   92   90   89   85   79   74
    50.0-180.0 180.0   5.0 450.0                            LAT/LON1/LON2/DLON/H
   81   76   71   67   63   59   55   50   46   43   39   36   34   32   32   33
   33   32   29   27   24   22   20   19   18   18   19   23   29   36   43   49
   54   59   63   66   71   79   88  100  114  129  143  156  165  171  176  179
  180  181  179  172  164  157  152  149  146  146  144  139  134  129  123  116
  110  105  102  100   98   95   91   86   81
    47.5-180.0 180.0   5.0 450.0                            LAT/LON1/LON2/DLON/H
   88   84   80   75   71   67   62   58   54   50   45   41   38   35   34   33
   32   31   30   27   26   25   23   22   21   21   22   26   32   40   46   52
   58   63   67   73   80   89  100  114  129  144  157  168  177  183  187  191
  192  193  192  186  178  171  165  161  159  157  155  151  145  141  135  128
  123  117  114  111  107  103   98   93   88
    45.0-180.0 180.0   5.0 450.0                            LAT/LON1/LON2/DLON/H
   94   90   86   82   77   73   68   64   60   57   54   49   45   40   38   36
   35   34   33   32   31   31   30   29   29   28   29   32   38   44   51   57
   62   68   74   80   89  100  113  127  142  156  168  178  187  193  197  202
  204  205  203  198  190  183  177  170  165  163  159  155  151  148  143  139
  135  130  127  123  119  113  106   99   94
    42.5-180.0 180.0   5.0 450.0                            LAT/LON1/LON2/DLON/H
   98   92   89   85   81   76   72   69   66   65   61   58   54   48   44   42
   41   41   40   40   40   40   39   39   38   38   37   39   43   49   55   62
   68   74   81   89   99  110  124  139  152  166  177  187  194  201  207  213
  218  218  215  210  202  194  185  175  167  162  157  152  149  148  146  145
  143  140  138  134  129  121  113  104   98
    40.0-180.0 180.0   5.0 450.0                            LAT/LON1/LON2/DLON/H
   99   92   89   85   81   77   74   71   71   71   69   66   62   57   53   50
   49   49   49   49   49   49   50   49   48   46   45   46   49   54   60   66
   74   81   89   97  108  120  133  147  161  173  184  193  202  210  219  226
  231  233  229  223  214  205  194  181  169  160  153  147  144  144  146  147
  148  147  146  142  137  127  117  107   99
    37.5-180.0 180.0   5.0 450.0                            LAT/LON1/LON2/DLON/H
   98   89   85   82   79   77   74   72   73   75   76   74   72   68   62   60
   58   58   57   57   57   57   58   57   55   53   51   50   52   56   63   70
   78   87   96  106  117  128  141  153  166  178  189  201  212  222  232  242
  246  249  246  239  229  219  207  192  177  165  154  146  142  143  146  150
  152  152  152  148  142  131  118  107   98
    35.0-180.0 180.0   5.0 450.0                            LAT/LON1/LON2/DLON/H
   93   85   81   78   75   73   72   72   73   77   81   81   81   77   73   69
   67   65   64   64   63   63   62   62   59   57   54   52   53   58   65   73
   83   94  104  114  123  134  145  157  170  183  196  209  222  237  250  259
  266  270  269  260  250  239  228  214  198  182  166  156  150  150  153  157
  159  159  158  154  147  134  119  105   93
    32.5-180.0 180.0   5.0 450.0                            LAT/LON1/LON2/DLON/H
   90   80   76   73   72   70   69   70   72   76   82   86   87   86   82   78
   74   72   69   68   66   65   64   63   59   57   53   52   53   58   66   77
   89  100  111  120  129  139  150  161  175  189  203  219  235  251  268  282
  291  297  298  289  280  271  263  250  235  216  197  182  173  171  171  174
  174  172  170  163  154  139  121  103   90
    30.0-180.0 180.0   5.0 450.0                            LAT/LON1/LON2/DLON/H
   88   78   73   70   69   68   67   69   70   74   81   87   90   91   88   83
   79   76   72   70   68   66   63   61   58   55   52   51   52   58   68   80
   94  106  118  127  135  144  154  167  181  197  212  229  247  267  288  307
  322  330  332  328  322  315  311  301  286  266  245  226  214  209  205  203
  198  194  188  179  165  146  126  105   88
    27.5-180.0 180.0   5.0 450.0                            LAT/LON1/LON2/DLON/H
   93   80   74   70   68   67   67   68   68   71   76   84   89   92   91   86
   81   77   74   70   67   64   62   60   57   54   51   50   52   58   69   83
   97  111  122  133  140  148  159  174  190  207  224  242  261  283  309  336
  358  368  372  373  370  366  365  359  347  328  307  286  272  263  253  246
  235  225  214  201  183  161  137  112   93
    25.0-180.0 180.0   5.0 450.0                            LAT/LON1/LON2/DLON/H
  105   88   78   73   70   69   68   68   67   69   73   80   85   89   89   86
   81   78   74   71   67   64   62   59   57   55   52   50   52   58   69   84
   99  114  127  137  144  152  165  181  201  220  238  257  277  302  333  366
  391  407  416  421  418  421  420  419  415  395  376  358  344  331  317  300
  287  267  249  231  209  183  154  127  105
    22.5-180.0 180.0   5.0 450.0                            LAT/LON1/LON2/DLON/H
  123  101   87   78   74   73   73   71   69   68   70   75   80   85   85   83
   79   77   74   71   68   64   62   60   58   56   53   50   51   58   69   83
  100  115  129  140  148  157  171  191  213  234  253  274  295  322  356  387
  417  439  454  462  459  462  465  469  466  453  438  425  413  400  382  360
  340  316  291  265  240  213  180  150  123
    20.0-180.0 180.0   5.0 450.0                            LAT/LON1/LON2/DLON/H
  146  119   99   87   81   79   79   76   72   69   68   71   75   80   80   79
   77   75   74   72   68   64   61   60   59   57   54   51   51   56   67   82
   99  115  130  142  151  163  179  201  224  247  268  289  308  335  368  403
  434  460  474  479  476  477  481  482  483  480  473  465  459  449  432  412
  385  355  328  299  272  245  212  179  146
    17.5-180.0 180.0   5.0 450.0                            LAT/LON1/LON2/DLON/H
  176  143  116  100   91   88   87   84   78   71   67   68   71   74   75   74
   74   74   73   71   67   63   61   59   59   57   53   50   49   54   64   79
   97  113  129  142  154  168  186  209  234  257  280  300  320  344  372  403
  432  456  465  465  463  462  467  465  467  470  472  473  472  467  455  436
  413  383  353  324  301  274  245  212  176
    15.0-180.0 180.0   5.0 450.0                            LAT/LON1/LON2/DLON/H
  207  171  141  119  106  101   97   93   85   76   69   68   70   71   71   72
   73   72   72   70   66   61   59   58   57   55   52   48   47   51   61   76
   93  111  127  142  156  172  192  215  241  267  290  310  329  347  368  388
  410  426  433  432  430  432  436  434  436  441  450  458  462  462  455  439
  420  393  366  341  319  296  271  241  207
    12.5-180.0 180.0   5.0 450.0                            LAT/LON1/LON2/DLON/H
  234  201  171  144  127  118  112  105   95   83   75   72   72   72   72   72
   72   73   72   69   65   59   56   56   56   54   51   46   44   48   58   74
   92  110  126  142  158  175  197  221  247  274  297  317  333  347  358  368
  380  389  395  400  399  402  404  403  406  412  423  434  442  445  441  428
  412  389  366  344  325  305  284  262  234
    10.0-180.0 180.0   5.0 450.0                            LAT/LON1/LON2/DLON/H
  251  227  199  174  154  141  131  122  108   94   85   80   79   77   75   74
   73   73   71   67   62   58   55   55   54   53   50   46   44   47   57   73
   91  109  127  143  160  178  200  224  252  278  302  321  335  344  348  352
  357  365  371  376  379  382  384  386  388  394  402  413  422  426  423  410
  396  376  356  337  320  303  288  271  251
     7.5-180.0 180.0   5.0 450.0                            LAT/LON1/LON2/DLON/H
  259  244  222  198  180  166  153  144  126  109   99   92   89   85   80   77
   75   73   71   66   60   55   53   53   53   53   51   47   45   48   58   74
   93  112  129  145  162  180  202  225  252  279  304  323  337  344  346  346
  350  356  364  370  374  379  383  386  388  390  394  401  409  412  408  393
  377  359  341  324  309  294  283  272  259
     5.0-180.0 180.0   5.0 450.0                            LAT/LON1/LON2/DLON/H
  260  253  239  222  205  190  178  164  148  130  116  108  104   96   89   83
   78   75   72   66   60   56   54   54   54   55   54   50   48   50   60   77
   97  116  132  148  163  181  201  223  250  278  304  324  341  350  353  354
  359  366  373  379  385  390  397  401  403  402  400  401  405  406  398  380
  361  342  325  309  295  282  273  267  260
     2.5-180.0 180.0   5.0 450.0                            LAT/LON1/LON2/DLON/H
  257  256  251  239  223  207  195  182  168  150  135  126  121  109  100   91
   84   79   74   69   63   59   57   57   57   57   57   54   52   54   64   81
  102  121  136  150  163  180  198  218  245  274  302  327  347  361  369  374
  380  386  393  399  405  412  420  426  426  422  415  410  409  407  394  372
  349  328  311  295  281  269  261  258  257
