ionex_files/bejaia/igsg0700.21i
     1.0            IONOSPHERE MAPS     MIX                 IONEX VERSION / TYPE
cmpcmb v1.2          GRL/UWM             1-apr-21 07:59     PGM / RUN BY / DATE 
ionex file containing IGS COMBINED Ionosphere maps          COMMENT             
global ionosphere maps for day 070, 2021                    DESCRIPTION         
IONEX file containing the COMBINED IGS TEC MAPS and DCBs    DESCRIPTION         
      IONEX files of the following IAACs were combined: cod DESCRIPTION         
                                                        esa DESCRIPTION         
                                                        jpl DESCRIPTION         
                                                        upc DESCRIPTION         
Contact address: Andrzej Krankowski                         DESCRIPTION
                 Geodynamics Research Laboratory            DESCRIPTION
                 University of Warmia and Mazury (GRL/UWM)  DESCRIPTION
                 Oczapowski St. 1                           DESCRIPTION
                 10-957-Olsztyn, POLAND                     DESCRIPTION
                 e-mail:  kand@uwm.edu.pl                   DESCRIPTION
                                                            DESCRIPTION         
  2021     3    11     0     0     0                        EPOCH OF FIRST MAP  
  2021     3    12     0     0     0                        EPOCH OF LAST MAP   
  7200                                                      INTERVAL            
    13                                                      # OF MAPS IN FILE   
  COSZ                                                      MAPPING FUNCTION    
     0.0                                                    ELEVATION CUTOFF    
combined TEC calculated as weighted mean of input TEC valuesOBSERVABLES USED    
   370                                                      # OF STATIONS       
    32                                                      # OF SATELLITES     
  6371.0                                                    BASE RADIUS         
     2                                                      MAP DIMENSION       
   450.0 450.0   0.0                                        HGT1 / HGT2 / DHGT  
    87.5 -87.5  -2.5                                        LAT1 / LAT2 / DLAT  
  -180.0 180.0   5.0                                        LON1 / LON2 / DLON  
    -1                                                      EXPONENT            
TEC values in 0.1 tec units;  9999, if no value available   COMMENT             
DCB values in nanoseconds, reference is Sum_of_SatDCBs = 0  COMMENT             
                                                            END OF HEADER       
[from data line 3003]
     8                                                      START OF TEC MAP    
  2021     3    11    14     0     0                        EPOCH OF CURRENT MAP
    87.5-180.0 180.0   5.0 450.0                            LAT/LON1/LON2/DLON/H
   57   58   59   59   60   61   62   62   63   63   64   64   65   66   66   66
   66   66   66   66   66   66   66   65   65   65   65   65   64   64   63   62
   62   61   61   61   60   60   59   58   57   57   56   56   55   54   53   53
   52   51   51   51   50   49   49   49   49   49   49   49   49   50   50   51
   51   52   52   53   54   55   56   56   57
    85.0-180.0 180.0   5.0 450.0                            LAT/LON1/LON2/DLON/H
   54   55   56   58   59   60   62   64   65   67   68   69   69   71   72   71
   72   72   72   72   72   72   71   70   70   70   69   69   68   68   67   66
   65   65   64   63   63   61   60   59   58   57   56   55   54   53   51   50
   49   47   46   45   44   43   42   41   41   41   41   41   41   41   42   43
   44   45   46   47   48   50   51   52   54
    82.5-180.0 180.0   5.0 450.0                            LAT/LON1/LON2/DLON/H
   48   50   52   54   56   59   61   63   65   67   69   70   72   72   74   74
   75   76   76   76   76   75   73   73   73   72   72   71   70   70   69   68
   68   67   66   65   64   62   61   59   58   56   54   53   51   49   48   46
   45   43   42   41   39   38   36   35   34   34   33   33   33   34   34   35
   36   37   38   40   42   43   44   46   48
    80.0-180.0 180.0   5.0 450.0                            LAT/LON1/LON2/DLON/H
   40   42   44   47   49   51   53   55   57   60   62   65   67   68   70   71
   72   73   74   74   75   75   74   74   74   74   73   72   72   71   71   70
   70   69   68   67   65   63   62   60   58   57   54   53   51   48   47   44
   42   40   39   37   35   33   31   30   29   28   28   27   27   27   28   29
   29   30   31   32   34   35   36   38   40
    77.5-180.0 180.0   5.0 450.0                            LAT/LON1/LON2/DLON/H
   32   34   36   38   40   43   45   48   51   53   56   58   60   62   64   66
   67   69   71   72   74   74   74   75   75   75   75   74   74   74   73   72
   71   70   69   68   67   66   63   62   60   58   57   55   53   50   48   46
   43   41   39   37   34   32   30   28   26   25   24   23   23   23   23   23
   23   23   24   25   26   28   29   30   32
    75.0-180.0 180.0   5.0 450.0                            LAT/LON1/LON2/DLON/H
   24   26   29   31   33   35   37   39   41   43   46   48   50   54   56   58
   61   65   67   69   71   72   74   74   75   75   75   76   76   76   75   74
   74   73   72   70   69   68   67   64   62   61   59   58   56   54   51   49
   47   44   42   40   37   34   31   29   26   24   23   22   21   20   20   19
   19   19   19   19   20   21   22   23   24
    72.5-180.0 180.0   5.0 450.0                            LAT/LON1/LON2/DLON/H
   19   20   23   24   26   27   28   29   31   33   36   39   42   45   49   53
   57   61   64   66   70   71   73   75   75   76   77   77   77   77   77   76
   76   76   75   75   73   72   70   69   66   64   62   60   59   57   56   54
   52   49   47   43   40   37   34   30   28   26   24   23   21   20   19   18
   18   17   16   15   16   16   17   17   19
    70.0-180.0 180.0   5.0 450.0                            LAT/LON1/LON2/DLON/H
   15   17   19   19   21   21   21   22   23   26   28   32   35   40   44   48
   53   57   62   65   68   71   73   75   76   77   78   79   78   78   79   78
   78   78   77   77   76   75   73   71   69   67   65   64   62   61   59   58
   56   53   50   47   43   39   36   32   30   28   26   25   24   22   21   19
   18   17   15   14   14   14   14   14   15
    67.5-180.0 180.0   5.0 450.0                            LAT/LON1/LON2/DLON/H
   15   16   17   18   18   18   18   17   18   20   22   25   30   34   40   44
   49   54   60   64   68   71   74   76   78   78   79   80   80   79   80   79
   79   79   79   79   78   77   75   73   72   70   68   67   65   64   63   61
   59   57   54   49   45   40   37   34   31   29   28   27   26   25   24   22
   20   18   16   15   14   13   13   14   15
    65.0-180.0 180.0   5.0 450.0                            LAT/LON1/LON2/DLON/H
   17   18   20   20   19   18   16   15   15   15   17   21   26   31   37   42
   47   54   60   65   69   72   75   77   79   79   80   80   80   80   80   80
   80   80   80   79   79   79   77   75   74   73   71   70   68   67   65   63
   61   58   54   50   45   40   37   34   31   30   30   30   29   28   27   25
   23   21   19   17   16   16   15   16   17
    62.5-180.0 180.0   5.0 450.0                            LAT/LON1/LON2/DLON/H
   21   23   23   23   22   20   18   16   14   14   16   19   24   29   35   40
   47   54   61   66   70   74   77   78   79   80   80   81   80   81   81   81
   81   81   81   80   80   80   79   78   77   75   74   73   71   69   67   65
   62   59   53   48   43   40   36   33   31   31   31   32   32   32   31   29
   27   24   22   20   19   19   19   20   21
    60.0-180.0 180.0   5.0 450.0                            LAT/LON1/LON2/DLON/H
   26   28   28   28   27   25   22   18   16   15   16   19   24   29   35   41
   47   55   61   67   71   75   77   79   80   81   81   82   82   82   83   83
   83   82   82   82   82   81   81   80   79   78   77   76   74   72   69   66
   62   57   53   48   43   39   36   34   32   33   33   34   35   36   35   34
   31   29   27   24   23   23   24   25   26
    57.5-180.0 180.0   5.0 450.0                            LAT/LON1/LON2/DLON/H
   32   33   34   34   32   29   26   22   19   18   18   21   25   31   36   42
   49   55   62   67   72   75   78   80   81   82   83   84   85   86   87   87
   86   85   85   84   83   82   82   82   81   81   81   80   78   75   72   69
   63   58   53   48   45   42   39   37   36   37   38   39   40   41   40   38
   36   34   32   30   29   29   30   31   32
    55.0-180.0 180.0   5.0 450.0                            LAT/LON1/LON2/DLON/H
   38   39   39   39   38   35   31   27   24   22   22   25   28   33   39   45
   51   57   63   68   72   76   79   81   82   85   87   88   90   91   92   92
   92   90   89   87   85   84   84   84   84   85   85   85   83   80   76   73
   67   62   57   53   49   47   45   43   43   43   44   45   46   46   46   44
   42   40   38   37   37   36   37   37   38
    52.5-180.0 180.0   5.0 450.0                            LAT/LON1/LON2/DLON/H
   44   44   45   46   44   42   38   33   30   28   28   30   33   37   43   49
   55   61   66   70   73   77   80   83   86   89   92   94   96   98   99   98
   98   96   95   92   89   87   86   86   87   88   90   90   89   87   84   80
   74   68   63   59   55   54   53   52   51   50   51   52   52   51   50   49
   47   45   44   44   45   45   44   45   44
    50.0-180.0 180.0   5.0 450.0                            LAT/LON1/LON2/DLON/H
   51   51   51   51   50   49   45   42   38   36   36   37   40   44   49   54
   60   65   69   72   76   80   83   87   91   95   98  101  103  105  105  105
  104  103  101   98   94   91   90   90   91   93   95   96   96   95   92   89
   82   76   70   66   63   61   60   59   59   58   58   58   57   56   55   54
   52   51   49   50   51   51   51   51   51
    47.5-180.0 180.0   5.0 450.0                            LAT/LON1/LON2/DLON/H
   57   57   57   57   57   56   53   50   48   47   46   47   49   51   56   60
   65   71   75   78   81   84   88   93   98  103  106  108  110  111  111  110
  110  109  107  104  100   97   95   95   96   98  100  102  104  103  101   97
   91   85   79   74   71   69   68   66   65   65   64   64   63   61   60   59
   57   56   55   56   57   56   57   57   57
    45.0-180.0 180.0   5.0 450.0                            LAT/LON1/LON2/DLON/H
   62   61   62   63   64   64   62   60   58   58   57   57   57   59   63   68
   74   79   83   86   88   90   95  101  106  111  114  116  116  116  115  115
  115  116  114  111  108  105  103  102  102  103  106  108  110  110  108  105
  100   94   88   82   79   76   74   72   71   69   68   68   68   67   65   64
   62   61   61   61   62   62   63   63   62
    42.5-180.0 180.0   5.0 450.0                            LAT/LON1/LON2/DLON/H
   67   66   66   68   70   71   71   69   69   69   67   67   66   67   71   76
   81   87   91   94   96   99  104  109  115  119  121  121  120  119  118  118
  119  121  121  119  118  115  113  110  110  110  111  114  116  117  115  113
  109  103   96   90   85   81   77   75   73   72   71   70   70   70   69   68
   67   65   65   65   66   66   67   68   67
    40.0-180.0 180.0   5.0 450.0                            LAT/LON1/LON2/DLON/H
   69   69   69   71   74   76   77   77   78   78   77   76   75   76   79   84
   90   96  100  103  105  107  112  118  123  126  127  125  123  121  120  120
  123  125  127  129  130  128  125  122  120  119  120  121  123  124  123  121
  116  110  102   94   88   82   78   75   74   73   72   72   72   72   72   72
   70   69   68   67   68   68   70   70   69
    37.5-180.0 180.0   5.0 450.0                            LAT/LON1/LON2/DLON/H
   71   70   70   72   75   78   80   83   84   85   84   83   82   84   87   92
   99  105  109  112  114  115  120  125  129  131  131  129  126  123  122  123
  126  131  136  140  144  144  142  138  135  133  132  132  133  132  130  126
  121  112  105   97   88   81   76   73   72   72   72   73   74   74   74   74
   73   71   70   69   69   69   70   70   71
    35.0-180.0 180.0   5.0 450.0                            LAT/LON1/LON2/DLON/H
   69   69   69   71   73   76   80   83   86   89   88   87   88   90   94  100
  107  114  118  121  122  124  127  131  133  134  134  132  130  128  128  129
  133  140  147  155  162  164  163  158  155  152  149  147  145  141  137  132
  125  117  108   99   90   82   77   74   72   71   72   73   75   76   76   76
   75   73   70   68   67   67   68   69   69
    32.5-180.0 180.0   5.0 450.0                            LAT/LON1/LON2/DLON/H
   67   67   66   66   69   72   75   80   84   88   88   89   91   95  101  109
  116  121  125  128  129  130  133  135  136  137  136  135  135  137  139  141
  146  154  162  175  183  186  186  183  179  175  171  168  162  155  147  141
  133  124  115  105   96   89   84   80   77   74   74   75   76   77   78   77
   76   74   71   67   65   65   66   67   67
    30.0-180.0 180.0   5.0 450.0                            LAT/LON1/LON2/DLON/H
   64   63   62   61   63   66   70   75   79   83   84   87   91   98  107  116
  123  128  131  133  134  135  137  138  138  139  139  141  145  149  154  160
  166  174  184  196  206  211  212  210  206  203  197  192  183  172  160  153
  145  136  126  117  109  102   96   91   87   82   79   79   78   79   80   79
   77   75   71   67   64   62   63   64   64
    27.5-180.0 180.0   5.0 450.0                            LAT/LON1/LON2/DLON/H
   62   60   58   57   57   59   63   68   72   75   78   82   89   98  110  120
  128  133  135  137  138  139  140  141  141  142  144  150  158  167  176  183
  190  200  210  223  232  240  239  237  234  232  225  217  207  192  180  171
  163  154  144  135  127  120  114  107   99   92   87   84   82   82   82   81
   78   75   72   68   64   62   62   62   62
    25.0-180.0 180.0   5.0 450.0                            LAT/LON1/LON2/DLON/H
   61   58   55   53   52   53   57   61   65   67   71   76   84   96  110  123
  131  136  138  139  141  143  144  144  145  148  155  165  177  188  199  208
  219  231  242  255  262  268  265  265  264  261  256  245  233  216  205  196
  185  177  166  157  149  141  134  125  115  104   96   92   89   87   86   84
   81   77   74   70   66   63   62   62   61
    22.5-180.0 180.0   5.0 450.0                            LAT/LON1/LON2/DLON/H
   62   58   54   51   50   50   52   55   58   61   63   69   79   93  110  124
  133  137  139  141  143  146  148  149  152  159  171  186  200  213  225  235
  247  260  280  293  295  291  291  292  288  285  282  271  261  247  236  224
  211  202  191  179  172  163  155  143  130  116  106  100   97   94   91   89
   85   82   79   75   70   66   64   63   62
    20.0-180.0 180.0   5.0 450.0                            LAT/LON1/LON2/DLON/H
   64   60   54   50   48   48   50   52   54   55   58   63   74   90  107  123
  133  138  140  143  145  149  152  156  163  175  190  208  225  236  248  260
  275  292  309  321  317  309  306  306  304  303  300  290  287  275  264  250
  236  223  212  202  191  181  172  159  143  128  116  109  106  103   98   95
   92   88   87   83   78   72   69   66   64
    17.5-180.0 180.0   5.0 450.0                            LAT/LON1/LON2/DLON/H
   67   62   55   50   48   47   49   51   52   53   54   59   69   86  105  121
  131  137  141  144  147  152  156  163  175  192  212  233  248  257  269  282
  296  314  330  335  328  320  313  310  308  308  307  302  300  293  282  269
  254  241  230  221  208  195  185  172  155  139  126  119  115  113  108  105
  100   97   96   91   87   81   75   71   67
    15.0-180.0 180.0   5.0 450.0                            LAT/LON1/LON2/DLON/H
   71   64   57   52   48   47   48   49   51   51   53   57   67   83  102  118
  129  135  140  145  149  154  161  172  188  210  233  254  267  275  284  297
  309  326  338  337  330  322  315  309  306  307  309  308  303  297  288  279
  269  257  245  234  220  204  193  180  165  150  137  129  125  123  118  115
  111  108  107  102   97   91   83   77   71
    12.5-180.0 180.0   5.0 450.0                            LAT/LON1/LON2/DLON/H
   75   67   60   54   49   47   47   48   50   51   52   56   66   82  100  117
  128  135  140  145  152  159  168  182  201  227  253  272  282  286  291  302
  314  326  335  332  326  321  314  308  305  306  309  309  304  297  289  283
  277  267  255  242  226  209  195  181  171  159  147  137  134  132  129  126
  122  117  116  111  108  100   92   83   75
    10.0-180.0 180.0   5.0 450.0                            LAT/LON1/LON2/DLON/H
   80   70   62   55   50   47   46   47   48   50   52   56   65   80   98  115
  127  136  142  148  156  165  177  193  215  242  266  283  289  290  293  301
  312  322  326  325  322  318  313  310  309  310  312  310  305  298  292  287
  282  273  260  243  225  207  189  176  169  163  154  146  142  141  138  135
  132  127  125  120  116  109   99   89   80
     7.5-180.0 180.0   5.0 450.0                            LAT/LON1/LON2/DLON/H
   84   73   63   55   51   47   45   46   46   49   52   56   65   79   97  113
  127  138  145  153  162  173  186  203  226  251  273  287  290  290  293  300
  309  318  320  321  321  320  318  317  316  317  318  316  310  303  298  294
  286  276  261  241  221  201  183  170  166  164  159  153  150  148  147  145
  141  136  132  126  123  115  105   94   84
     5.0-180.0 180.0   5.0 450.0                            LAT/LON1/LON2/DLON/H
   86   75   65   56   50   46   44   44   45   47   50   55   64   78   96  112
  128  139  150  159  169  181  195  213  235  257  275  286  289  290  294  301
  309  315  319  322  325  327  329  329  329  330  330  327  319  313  308  302
  291  277  259  238  217  196  178  167  165  166  163  159  156  153  152  152
  148  142  137  131  126  118  108   97   86
     2.5-180.0 180.0   5.0 450.0                            LAT/LON1/LON2/DLON/H
   88   77   66   57   50   45   43   42   43   44   48   53   62   77   95  113
  129  143  154  166  177  190  205  223  242  261  276  284  287  291  298  305
  312  319  323  327  333  338  342  345  346  348  348  343  336  328  320  308
  293  276  256  235  213  193  176  166  165  168  167  162  158  155  154  154
  152  146  140  133  127  119  109   99   88
