ionex_files/bejaia/igsg0700.21i
     1.0            IONOSPHERE MAPS     MIX                 IONEX VERSION / TYPE
cmpcmb v1.2          GRL/UWM             1-apr-21 07:59     PGM / RUN BY / DATE 
ionex file containing IGS COMBINED Ionosphere maps          COMMENT             
global ionosphere maps for day 070, 2021                    DESCRIPTION         
IONEX file containing the COMBINED IGS TEC MAPS and DCBs    DESCRIPTION         
      IONEX files of the following IAACs were combined: cod DESCRIPTION         
                                                        esa DESCRIPTION         
                                                        jpl DESCRIPTION         
                                                        upc DESCRIPTION         
Contact address: Andrzej Krankowski                         DESCRIPTION
                 Geodynamics Research Laboratory            DESCRIPTION
                 University of Warmia and Mazury (GRL/UWM)  DESCRIPTION
                 Oczapowski St. 1                           DESCRIPTION
                 10-957-Olsztyn, POLAND                     DESCRIPTION
                 e-mail:  kand@uwm.edu.pl                   DESCRIPTION
                                                            DESCRIPTION         
  2021     3    11     0     0     0                        EPOCH OF FIRST MAP  
  2021     3    12     0     0     0                        EPOCH OF LAST MAP   
  7200                                                      INTERVAL            
    13                                                      # OF MAPS IN FILE   
  COSZ                                                      MAPPING FUNCTION    
     0.0                                                    ELEVATION CUTOFF    
combined TEC calculated as weighted mean of input TEC valuesOBSERVABLES USED    
   370                                                      # OF STATIONS       
    32                                                      # OF SATELLITES     
  6371.0                                                    BASE RADIUS         
     2                                                      MAP DIMENSION       
   450.0 450.0   0.0                                        HGT1 / HGT2 / DHGT  
    87.5 -87.5  -2.5                                        LAT1 / LAT2 / DLAT  
  -180.0 180.0   5.0                                        LON1 / LON2 / DLON  
    -1                                                      EXPONENT            
TEC values in 0.1 tec units;  9999, if no value available   COMMENT             
DCB values in nanoseconds, reference is Sum_of_SatDCBs = 0  COMMENT             
                                                            END OF HEADER       
[from data line 858]
     3                                                      START OF TEC MAP    
  2021     3    11     4     0     0                        EPOCH OF CURRENT MAP
    87.5-180.0 180.0   5.0 450.0                            LAT/LON1/LON2/DLON/H
   46   46   46   46   45   45   45   44   44   44   44   44   43   43   42   42
   42   42   42   41   41   41   40   40   40   39   39   40   40   40   40   40
   41   41   41   41   42   42   42   42   43   43   43   44   44   44   45   45
   46   46   46   46   47   47   47   47   47   47   47   48   48   48   48   48
   47   47   47   47   47   47   46   46   46
    85.0-180.0 180.0   5.0 450.0                            LAT/LON1/LON2/DLON/H
   47   47   46   46   46   45   45   44   44   43   43   42   42   41   40   40
   39   38   37   37   36   36   35   35   34   34   34   34   35   35   35   35
   36   36   37   37   38   38   39   40   41   42   42   43   45   45   46   47
   48   48   49   50   50   51   51   51   52   52   52   52   52   51   51   51
   50   50   50   49   49   49   48   48   47
    82.5-180.0 180.0   5.0 450.0                            LAT/LON1/LON2/DLON/H
   50   50   49   49   48   47   46   46   45   45   44   44   42   41   39   38
   37   36   35   34   32   31   30   30   29   29   29   29   29   29   29   30
   30   31   32   33   33   35   35   37   38   39   40   42   44   45   47   48
   50   51   52   54   55   55   56   56   57   57   56   56   56   55   55   54
   54   53   53   52   52   51   51   51   50
    80.0-180.0 180.0   5.0 450.0                            LAT/LON1/LON2/DLON/H
   53   52   51   50   50   50   49   48   47   45   44   42   41   40   38   36
   34   33   31   30   29   28   25   25   24   23   23   23   23   23   24   24
   25   26   27   27   28   29   30   32   34   36   37   40   42   44   47   49
   51   53   56   57   59   61   61   62   62   62   62   62   61   61   60   60
   59   59   58   58   57   56   55   54   53
    77.5-180.0 180.0   5.0 450.0                            LAT/LON1/LON2/DLON/H
   56   55   54   53   51   50   49   48   46   45   43   42   40   38   35   33
   31   29   27   25   23   22   21   20   19   18   18   18   18   18   19   20
   21   21   22   23   24   25   26   27   28   31   33   36   39   42   46   49
   52   56   59   61   64   66   67   67   68   68   69   69   68   68   67   67
   66   66   65   63   62   61   59   58   56
    75.0-180.0 180.0   5.0 450.0                            LAT/LON1/LON2/DLON/H
   60   58   56   54   53   51   49   48   46   44   42   40   37   35   33   30
   27   25   23   21   20   19   18   17   16   16   16   16   17   17   17   18
   19   19   20   20   20   21   21   22   23   26   29   32   36   40   44   49
   53   58   62   66   69   71   73   74   74   75   75   75   76   75   75   75
   74   73   72   70   69   67   65   62   60
    72.5-180.0 180.0   5.0 450.0                            LAT/LON1/LON2/DLON/H
   65   62   59   57   55   53   51   48   46   43   41   37   35   32   28   26
   24   22   20   19   18   17   17   16   16   16   16   16   17   17   17   18
   18   19   19   19   19   18   18   18   20   21   25   28   32   38   43   49
   55   60   65   70   73   76   78   79   80   81   81   81   82   82   82   82
   81   80   79   78   76   73   71   68   65
    70.0-180.0 180.0   5.0 450.0                            LAT/LON1/LON2/DLON/H
   69   66   63   60   57   54   51   49   45   42   39   35   32   28   26   24
   22   19   18   18   18   17   17   17   17   17   17   17   18   18   19   19
   20   19   19   18   18   17   16   16   17   19   22   25   30   36   43   50
   57   63   69   73   77   80   82   83   84   85   85   86   86   86   86   87
   87   86   85   83   81   79   76   73   69
    67.5-180.0 180.0   5.0 450.0                            LAT/LON1/LON2/DLON/H
   73   70   66   63   59   56   52   49   45   41   37   33   29   26   23   21
   20   19   18   18   19   19   19   19   19   19   19   20   20   20   21   21
   21   21   20   19   17   16   15   15   16   17   20   25   30   36   43   51
   59   65   72   76   79   82   84   85   86   86   87   87   87   88   88   88
   88   88   87   86   84   83   80   77   73
    65.0-180.0 180.0   5.0 450.0                            LAT/LON1/LON2/DLON/H
   76   73   69   65   61   58   54   50   46   42   37   32   28   25   22   20
   20   19   19   20   20   21   21   21   21   21   21   21   22   22   22   23
   23   22   21   20   18   16   16   16   16   18   20   25   31   38   45   53
   61   68   74   78   81   83   85   86   86   86   86   87   87   87   87   88
   88   88   87   87   86   84   82   80   76
    62.5-180.0 180.0   5.0 450.0                            LAT/LON1/LON2/DLON/H
   78   75   71   67   63   60   55   51   46   41   36   32   28   24   22   21
   21   21   22   22   22   22   23   23   22   22   21   22   22   23   23   24
   24   24   22   20   19   18   17   17   18   20   23   28   34   41   48   57
   64   71   76   80   82   84   85   86   86   86   86   86   86   86   86   86
   87   86   86   86   86   85   83   81   78
    60.0-180.0 180.0   5.0 450.0                            LAT/LON1/LON2/DLON/H
   80   77   74   70   65   61   57   51   46   42   37   32   29   26   23   22
   22   23   24   24   24   24   23   22   21   21   21   21   22   23   24   24
   25   25   23   22   21   21   21   21   22   24   27   32   39   46   53   61
   68   74   78   82   83   85   86   87   87   87   87   87   87   86   86   86
   86   86   85   86   86   85   84   82   80
    57.5-180.0 180.0   5.0 450.0                            LAT/LON1/LON2/DLON/H
   82   80   77   72   68   63   57   52   47   42   38   34   31   28   26   25
   24   25   25   25   25   24   23   21   20   20   21   22   23   25   26   26
   27   27   26   25   25   25   25   26   27   29   33   39   45   52   59   66
   72   77   81   84   86   88   89   90   90   91   91   91   91   91   90   89
   89   88   87   87   87   87   85   84   82
    55.0-180.0 180.0   5.0 450.0                            LAT/LON1/LON2/DLON/H
   86   83   80   77   72   65   59   53   48   43   39   36   33   30   29   28
   27   27   27   27   26   24   23   21   21   21   23   25   26   28   30   30
   30   30   30   30   31   31   32   32   33   35   39   45   52   60   66   72
   78   82   86   89   90   92   94   95   97   98   99   99   99   99   98   97
   95   94   92   92   91   90   89   86   86
    52.5-180.0 180.0   5.0 450.0                            LAT/LON1/LON2/DLON/H
   90   88   86   82   77   69   62   55   50   45   41   39   36   33   32   31
   31   30   30   29   28   26   24   24   24   25   27   29   31   34   35   36
   35   35   35   36   37   38   39   39   40   42   46   51   59   67   74   79
   85   89   92   94   97   99  100  102  104  106  108  109  109  109  108  107
  104  102   99   98   97   95   93   91   90
    50.0-180.0 180.0   5.0 450.0                            LAT/LON1/LON2/DLON/H
   96   94   93   90   83   75   67   59   53   49   45   42   40   38   36   36
   34   34   33   32   31   30   29   29   30   32   35   37   39   41   42   42
   41   41   42   43   45   46   46   47   47   48   52   57   65   73   80   86
   92   96   99  101  104  105  107  109  111  115  118  119  119  119  119  117
  115  111  108  106  104  101   99   96   96
    47.5-180.0 180.0   5.0 450.0                            LAT/LON1/LON2/DLON/H
  101  101   99   97   90   82   73   65   59   54   50   48   45   42   41   40
   39   38   38   38   37   37   37   38   39   42   44   47   48   50   50   49
   48   48   49   51   53   55   55   54   53   54   57   63   70   78   86   93
   98  104  107  110  112  113  113  115  117  121  124  125  126  127  127  126
  124  121  117  114  111  108  105  102  101
    45.0-180.0 180.0   5.0 450.0                            LAT/LON1/LON2/DLON/H
  106  106  105  103   98   90   81   74   67   62   58   55   51   48   46   44
   44   43   43   44   44   45   46   48   50   53   55   57   58   58   57   56
   55   55   56   58   61   62   62   61   59   59   61   66   74   83   92  100
  106  112  116  119  120  120  120  121  121  124  125  127  128  130  131  131
  130  127  124  121  117  113  109  107  106
    42.5-180.0 180.0   5.0 450.0                            LAT/LON1/LON2/DLON/H
  108  109  109  108  104   98   90   82   76   71   67   62   58   55   52   50
   49   49   50   51   52   54   55   58   60   62   63   64   64   63   63   62
   61   61   62   65   67   68   68   66   64   63   65   71   80   90  100  108
  115  121  125  127  127  126  125  125  124  123  124  125  127  129  131  133
  133  131  128  124  120  116  112  109  108
    40.0-180.0 180.0   5.0 450.0                            LAT/LON1/LON2/DLON/H
  109  109  111  110  108  103   97   91   85   81   77   72   67   62   59   57
   55   56   56   58   60   62   64   66   67   68   69   69   68   67   66   64
   64   65   67   69   71   72   71   69   66   65   69   76   87   96  107  116
  124  130  133  134  133  132  129  128  126  123  123  123  124  126  129  132
  133  133  131  127  123  118  114  110  109
    37.5-180.0 180.0   5.0 450.0                            LAT/LON1/LON2/DLON/H
  108  108  108  109  108  106  102   98   94   91   87   82   76   71   66   63
   62   63   64   65   67   69   70   72   72   72   71   70   69   67   65   65
   66   68   70   72   73   75   73   71   68   68   73   82   92  104  113  123
  131  137  139  140  139  138  135  133  130  128  126  125  126  128  131  134
  136  136  134  131  128  121  116  111  108
    35.0-180.0 180.0   5.0 450.0                            LAT/LON1/LON2/DLON/H
  109  106  105  105  105  104  103  100  100   98   96   90   84   78   73   70
   70   70   71   72   73   74   74   74   74   72   71   69   67   64   63   64
   66   68   71   73   74   75   74   71   70   70   75   85   98  110  119  127
  135  140  144  145  146  145  143  142  141  140  138  137  136  138  140  143
  145  146  145  141  135  129  121  114  109
    32.5-180.0 180.0   5.0 450.0                            LAT/LON1/LON2/DLON/H
  113  106  103  101  101  100  100  100  101  100   99   96   91   85   80   77
   76   77   78   78   77   76   75   74   74   72   70   67   64   62   62   63
   66   69   72   73   74   74   73   70   69   71   77   88  101  113  123  130
  136  142  146  150  153  154  156  158  160  161  161  160  159  160  162  164
  166  165  163  159  151  143  133  123  113
    30.0-180.0 180.0   5.0 450.0                            LAT/LON1/LON2/DLON/H
  125  112  104   99   96   95   94   94   97   98   99   98   94   89   85   81
   81   82   83   82   79   76   73   73   73   72   70   66   63   61   62   64
   67   71   72   72   72   71   69   68   67   70   77   89  103  115  124  130
  136  143  149  155  162  168  174  182  188  193  196  195  195  196  196  197
  197  194  192  186  178  166  152  138  125
    27.5-180.0 180.0   5.0 450.0                            LAT/LON1/LON2/DLON/H
  143  127  112  101   95   91   88   88   89   93   95   96   94   90   87   84
   84   85   85   83   79   75   72   72   73   74   72   69   66   65   66   68
   71   73   73   71   69   67   65   64   65   68   76   88  102  115  123  130
  137  144  153  163  174  183  196  210  223  232  239  239  240  242  242  241
  236  233  231  223  212  198  180  162  143
    25.0-180.0 180.0   5.0 450.0                            LAT/LON1/LON2/DLON/H
  170  148  128  110   99   91   86   82   83   87   90   91   91   88   86   84
   84   85   85   83   78   74   71   73   76   79   78   75   72   72   73   75
   76   76   75   71   67   63   60   59   61   65   73   85   99  112  121  129
  137  147  159  171  186  202  221  240  258  273  284  290  290  294  294  291
  283  279  277  265  253  235  215  194  170
    22.5-180.0 180.0   5.0 450.0                            LAT/LON1/LON2/DLON/H
  201  176  150  128  110   98   88   82   80   83   85   86   87   86   83   81
   81   82   82   80   77   74   73   76   81   87   87   85   82   82   83   84
   84   82   77   71   65   60   56   55   56   61   68   81   96  109  119  128
  138  151  165  182  200  221  244  267  288  307  323  333  333  338  337  336
  330  326  319  304  290  271  250  228  201
    20.0-180.0 180.0   5.0 450.0                            LAT/LON1/LON2/DLON/H
  233  206  177  151  129  112   99   89   82   81   83   84   84   83   81   78
   77   77   77   77   75   74   76   81   88   95   97   96   94   93   94   94
   91   87   80   72   64   58   53   51   52   56   64   77   92  105  117  127
  139  154  172  192  214  237  263  287  309  328  344  353  354  356  357  360
  361  356  348  336  321  304  284  260  233
    17.5-180.0 180.0   5.0 450.0                            LAT/LON1/LON2/DLON/H
  260  233  204  176  152  133  117  104   93   88   86   85   84   82   79   76
   74   74   73   73   74   76   81   88   96  103  107  106  105  104  104  102
   97   90   82   73   64   57   52   49   49   52   61   73   89  102  115  127
  142  160  181  204  226  249  274  295  315  329  342  346  348  347  352  358
  365  363  359  352  339  325  306  286  260
    15.0-180.0 180.0   5.0 450.0                            LAT/LON1/LON2/DLON/H
  279  253  228  199  175  155  138  123  111  102   97   93   90   86   81   77
   74   72   71   72   75   80   88   95  104  112  115  114  112  112  111  106
   98   90   82   73   65   57   52   48   48   50   58   71   85  100  113  128
  145  166  189  213  236  256  277  292  306  315  324  325  324  325  331  338
  349  352  354  351  344  333  319  300  279
    12.5-180.0 180.0   5.0 450.0                            LAT/LON1/LON2/DLON/H
  290  268  244  218  196  177  161  146  132  120  113  106  100   93   87   81
   78   75   74   76   80   87   95  104  112  119  121  120  116  114  112  106
   97   88   81   73   66   58   52   48   47   49   56   68   83   99  113  130
  149  172  197  220  241  258  271  282  291  298  303  302  300  301  307  315
  326  334  340  341  337  330  320  307  290
    10.0-180.0 180.0   5.0 450.0                            LAT/LON1/LON2/DLON/H
  293  277  258  234  215  198  183  167  153  141  131  122  114  105   98   91
   86   84   84   86   90   97  104  113  120  125  125  122  118  114  110  103
   94   86   80   74   67   60   54   49   47   48   54   66   82   98  113  131
  152  176  201  223  240  254  265  273  279  285  287  286  282  283  290  296
  307  317  324  327  326  321  315  306  293
     7.5-180.0 180.0   5.0 450.0                            LAT/LON1/LON2/DLON/H
  294  283  270  249  231  216  202  187  174  161  150  139  128  119  112  104
  100   98   99  101  103  109  116  123  128  129  125  121  116  111  106   99
   90   83   78   74   68   62   55   51   48   47   53   65   81   97  113  131
  153  176  200  220  236  249  260  268  275  280  281  279  277  277  282  288
  297  307  313  318  318  315  310  303  294
     5.0-180.0 180.0   5.0 450.0                            LAT/LON1/LON2/DLON/H
  297  290  280  264  246  230  217  203  191  178  166  155  143  134  128  122
  119  120  119  120  121  122  126  133  137  134  126  120  112  106  101   94
   86   80   77   74   69   62   57   52   48   48   53   65   81   97  113  130
  151  174  196  215  230  243  256  267  276  281  283  282  281  284  288  293
  300  308  312  317  317  316  311  304  297
     2.5-180.0 180.0   5.0 450.0                            LAT/LON1/LON2/DLON/H
  307  302  293  278  259  242  228  215  203  191  179  168  157  148  143  141
  141  144  142  142  139  136  136  142  145  138  128  118  110  103   97   91
   84   79   76   73   69   63   57   52   49   49   55   66   81   97  112  128
  148  170  190  208  222  238  253  268  279  287  291  293  295  298  303  308
  312  316  322  325  326  324  319  311  307
