ionex_files/bejaia/igsg0700.21i
     1.0            IONOSPHERE MAPS     MIX                 IONEX VERSION / TYPE
cmpcmb v1.2          GRL/UWM             1-apr-21 07:59     PGM / RUN BY / DATE 
ionex file containing IGS COMBINED Ionosphere maps          COMMENT             
global ionosphere maps for day 070, 2021                    DESCRIPTION         
IONEX file containing the COMBINED IGS TEC MAPS and DCBs    DESCRIPTION         
      IONEX files of the following IAACs were combined: cod DESCRIPTION         
                                                        esa DESCRIPTION         
                                                        jpl DESCRIPTION         
                                                        upc DESCRIPTION         
Contact address: Andrzej Krankowski                         DESCRIPTION
                 Geodynamics Research Laboratory            DESCRIPTION
                 University of Warmia and Mazury (GRL/UWM)  DESCRIPTION
                 Oczapowski St. 1                           DESCRIPTION
                 10-957-Olsztyn, POLAND                     DESCRIPTION
                 e-mail:  kand@uwm.edu.pl                   DESCRIPTION
                                                            DESCRIPTION         
  2021     3    11     0     0     0                        EPOCH OF FIRST MAP  
  2021     3    12     0     0     0                        EPOCH OF LAST MAP   
  7200                                                      INTERVAL            
    13                                                      # OF MAPS IN FILE   
  COSZ                                                      MAPPING FUNCTION    
     0.0                                                    ELEVATION CUTOFF    
combined TEC calculated as weighted mean of input TEC valuesOBSERVABLES USED    
   370                                                      # OF STATIONS       
    32                                                      # OF SATELLITES     
  6371.0                                                    BASE RADIUS         
     2                                                      MAP DIMENSION       
   450.0 450.0   0.0                                        HGT1 / HGT2 / DHGT  
    87.5 -87.5  -2.5                                        LAT1 / LAT2 / DLAT  
  -180.0 180.0   5.0                                        LON1 / LON2 / DLON  
    -1                                                      EXPONENT            
TEC values in 0.1 tec units;  9999, if no value available   COMMENT             
DCB values in nanoseconds, reference is Sum_of_SatDCBs = 0  COMMENT             
                                                            END OF HEADER       
[from data line 4290]
    11                                                      START OF TEC MAP    
  2021     3    11    20     0     0                        EPOCH OF CURRENT MAP
    87.5-180.0 180.0   5.0 450.0                            LAT/LON1/LON2/DLON/H
   51   52   53   53   54   54   55   55   55   56   56   56   56   56   56   56
   55   54   54   54   53   53   52   51   50   49   49   48   47   46   45   44
   43   43   42   41   41   40   40   40   40   39   39   39   39   39   39   39
   39   40   40   40   41   41   41   41   42   43   43   44   44   45   45   46
   46   47   47   48   49   49   50   51   51
    85.0-180.0 180.0   5.0 450.0                            LAT/LON1/LON2/DLON/H
   55   56   58   59   60   61   63   64   64   65   66   66   66   66   66   66
   65   64   63   61   60   59   58   56   54   52   50   48   46   45   42   41
   40   38   37   36   35   34   34   33   33   33   33   33   34   34   34   35
   35   36   36   36   37   37   38   38   39   39   40   41   41   42   43   44
   45   46   47   48   50   51   52   53   55
    82.5-180.0 180.0   5.0 450.0                            LAT/LON1/LON2/DLON/H
   55   58   60   62   64   66   67   69   70   72   73   74   74   75   74   74
   74   73   71   70   67   66   64   62   59   56   53   50   47   44   42   39
   37   34   33   32   30   29   29   28   28   28   28   29   29   30   30   31
   32   33   33   34   34   35   35   36   36   37   37   38   38   39   40   41
   41   43   44   46   47   49   51   53   55
    80.0-180.0 180.0   5.0 450.0                            LAT/LON1/LON2/DLON/H
   53   56   59   62   64   66   68   71   73   75   76   78   78   79   79   80
   79   78   78   76   74   73   70   66   62   59   55   52   48   45   42   39
   36   34   31   30   28   27   26   26   26   26   26   27   27   28   28   29
   29   30   31   32   33   33   33   34   34   34   34   34   35   35   36   37
   37   39   40   42   44   45   48   51   53
    77.5-180.0 180.0   5.0 450.0                            LAT/LON1/LON2/DLON/H
   51   53   57   60   63   66   69   71   75   77   79   81   82   83   83   83
   82   82   81   80   79   78   77   73   69   66   62   58   53   49   45   41
   38   35   32   30   28   27   26   26   26   25   25   26   26   26   27   27
   27   28   29   30   31   31   32   32   31   31   31   31   31   31   31   32
   32   33   35   37   39   41   44   47   51
    75.0-180.0 180.0   5.0 450.0                            LAT/LON1/LON2/DLON/H
   48   52   55   59   62   65   68   71   74   77   79   82   83   84   85   84
   84   85   85   84   84   83   81   78   75   72   67   63   58   53   48   44
   40   37   35   33   31   29   28   27   26   26   25   25   26   25   25   25
   26   26   27   28   29   30   30   29   29   28   28   27   27   26   26   26
   26   27   29   31   34   37   41   44   48
    72.5-180.0 180.0   5.0 450.0                            LAT/LON1/LON2/DLON/H
   46   50   54   58   61   64   67   70   73   76   79   81   83   84   86   85
   86   86   86   86   87   86   84   82   79   76   72   67   61   56   51   47
   43   40   37   35   33   31   30   28   27   26   26   25   25   24   24   23
   23   23   24   26   27   27   27   26   25   25   24   23   22   21   21   21
   22   23   25   27   30   34   38   42   46
    70.0-180.0 180.0   5.0 450.0                            LAT/LON1/LON2/DLON/H
   48   52   56   59   62   64   67   70   73   76   79   81   83   85   86   86
   86   87   87   88   88   88   87   85   82   79   75   70   65   59   54   50
   47   43   41   38   35   33   31   29   28   27   26   25   24   23   21   21
   21   21   21   22   24   23   23   23   22   21   20   20   19   18   18   18
   18   20   22   25   29   33   38   43   48
    67.5-180.0 180.0   5.0 450.0                            LAT/LON1/LON2/DLON/H
   50   56   59   63   66   67   69   71   74   76   80   82   84   85   86   87
   89   88   89   89   89   89   89   86   84   81   77   72   67   62   57   53
   49   47   43   41   37   35   33   30   29   28   27   25   23   22   21   20
   20   20   20   20   21   21   21   21   20   19   19   18   18   17   17   17
   17   19   21   25   29   34   40   46   50
    65.0-180.0 180.0   5.0 450.0                            LAT/LON1/LON2/DLON/H
   56   61   65   68   71   72   74   75   77   79   82   84   85   86   88   89
   89   90   91   90   91   91   90   88   85   82   79   74   69   64   61   56
   53   50   47   43   39   37   34   31   30   29   27   25   23   23   22   21
   20   20   21   21   21   21   21   21   20   20   19   18   19   19   19   19
   19   21   23   27   32   37   43   50   56
    62.5-180.0 180.0   5.0 450.0                            LAT/LON1/LON2/DLON/H
   61   67   72   75   77   79   79   80   81   83   85   86   88   89   90   91
   91   92   93   92   92   92   92   89   87   83   79   75   71   67   63   60
   57   53   50   46   42   38   35   33   32   30   29   27   26   25   24   23
   23   23   24   24   24   24   23   23   22   22   22   22   23   23   24   23
   24   25   27   30   35   40   47   54   61
    60.0-180.0 180.0   5.0 450.0                            LAT/LON1/LON2/DLON/H
   65   73   78   82   85   86   86   85   86   87   88   89   91   92   92   93
   93   94   95   95   95   94   93   90   87   83   80   77   73   70   67   64
   61   57   54   49   45   41   37   35   33   32   31   31   30   30   29   28
   28   29   30   29   29   28   27   27   27   28   28   29   30   30   31   31
   31   31   33   35   38   44   50   58   65
    57.5-180.0 180.0   5.0 450.0                            LAT/LON1/LON2/DLON/H
   70   78   84   89   92   92   92   91   91   91   92   93   94   94   95   96
   96   98   98   98   98   96   94   91   88   84   81   79   77   75   73   70
   66   62   58   53   48   44   40   38   37   36   36   37   37   37   37   36
   37   38   37   37   36   35   34   34   35   35   36   37   38   39   39   39
   38   39   39   40   43   48   54   60   70
    55.0-180.0 180.0   5.0 450.0                            LAT/LON1/LON2/DLON/H
   73   82   89   94   97   99   99   98   97   97   97   97   97   97   98   99
   99  100  101  101  100   99   96   92   90   86   84   83   82   81   79   77
   72   68   63   57   52   48   45   43   42   42   43   43   44   45   46   46
   47   48   47   47   45   44   42   43   43   44   45   46   47   47   47   47
   45   45   45   45   48   52   57   64   73
    52.5-180.0 180.0   5.0 450.0                            LAT/LON1/LON2/DLON/H
   77   85   93  100  103  105  106  105  105  103  102  101  101  100  101  102
  102  103  103  103  102  100   98   95   92   90   89   88   89   88   87   83
   77   73   67   62   57   53   51   49   48   49   50   52   53   54   56   57
   58   58   57   56   54   52   50   50   51   52   52   53   55   55   54   53
   51   50   49   50   54   57   61   68   77
    50.0-180.0 180.0   5.0 450.0                            LAT/LON1/LON2/DLON/H
   81   89   97  104  109  112  113  113  113  111  109  108  106  105  104  105
  105  105  105  104  104  102  100   98   97   96   95   96   97   96   94   89
   82   76   71   65   61   59   57   57   56   57   58   59   61   63   66   68
   69   67   66   64   62   60   58   57   58   59   59   60   60   59   59   57
   56   54   54   56   58   61   66   72   81
    47.5-180.0 180.0   5.0 450.0                            LAT/LON1/LON2/DLON/H
   85   93  101  109  115  118  121  123  123  121  119  116  114  112  110  110
  109  108  107  106  105  105  104  104  103  103  104  105  105  103   99   92
   85   79   73   69   66   65   65   64   64   64   64   66   68   70   74   76
   77   77   75   72   70   67   65   64   64   65   65   65   64   63   62   60
   59   58   58   59   62   66   71   78   85
    45.0-180.0 180.0   5.0 450.0                            LAT/LON1/LON2/DLON/H
   90   97  105  113  120  126  130  133  135  133  130  126  123  121  119  117
  114  112  109  108  108  109  111  111  112  112  113  113  112  109  103   94
   86   80   75   72   71   72   71   71   71   70   70   72   74   77   80   83
   84   84   82   79   76   74   72   70   70   69   69   68   67   66   64   63
   61   60   61   63   67   72   77   83   90
    42.5-180.0 180.0   5.0 450.0                            LAT/LON1/LON2/DLON/H
   94  101  109  117  125  133  139  144  147  146  143  139  135  132  129  126
  122  118  113  112  112  114  117  119  120  121  121  120  119  113  105   96
   87   82   78   77   77   78   79   77   76   75   75   76   79   83   86   89
   90   89   87   84   81   78   76   75   74   73   71   70   68   68   67   65
   63   62   63   66   71   77   83   89   94
    40.0-180.0 180.0   5.0 450.0                            LAT/LON1/LON2/DLON/H
  100  106  113  121  131  140  149  155  159  160  157  152  149  145  141  137
  132  125  119  117  117  120  124  126  127  127  127  126  123  116  109   99
   91   86   84   84   85   85   85   84   81   80   80   82   85   89   92   93
   94   91   89   87   83   80   78   77   77   75   73   71   70   69   68   66
   65   64   65   69   75   82   89   95  100
    37.5-180.0 180.0   5.0 450.0                            LAT/LON1/LON2/DLON/H
  106  111  117  126  137  148  158  166  171  174  171  166  161  157  153  149
  143  135  128  124  123  126  129  131  132  131  130  129  126  120  114  106
   99   96   95   94   94   92   91   89   86   85   85   87   89   92   94   95
   95   91   89   86   82   79   78   77   78   76   74   71   71   70   69   68
   66   65   66   70   78   86   94  101  106
    35.0-180.0 180.0   5.0 450.0                            LAT/LON1/LON2/DLON/H
  111  116  123  132  144  155  166  175  182  184  182  178  174  169  165  161
  154  145  137  132  131  133  135  136  135  134  133  132  131  127  123  117
  113  111  110  107  104  100   97   94   91   89   89   90   92   95   96   95
   94   89   87   84   81   79   78   77   76   75   73   71   71   71   70   69
   66   65   66   71   79   88   97  105  111
    32.5-180.0 180.0   5.0 450.0                            LAT/LON1/LON2/DLON/H
  114  120  128  138  150  162  175  184  191  194  193  188  184  180  175  171
  165  156  148  142  140  140  140  139  138  136  136  138  139  138  137  135
  133  132  129  123  116  109  103   97   94   92   92   93   94   96   96   93
   92   87   84   82   80   79   77   76   75   73   71   70   70   70   69   68
   66   64   65   70   78   89   99  107  114
    30.0-180.0 180.0   5.0 450.0                            LAT/LON1/LON2/DLON/H
  117  125  133  144  157  170  183  193  199  203  203  198  194  189  185  181
  175  167  159  153  149  146  145  142  140  140  143  148  153  156  157  158
  159  158  151  141  130  116  106   99   95   94   94   95   95   95   94   91
   89   86   82   81   79   78   77   75   73   72   70   69   69   69   69   67
   64   62   62   68   78   88   99  110  117
    27.5-180.0 180.0   5.0 450.0                            LAT/LON1/LON2/DLON/H
  121  130  139  150  165  178  193  204  210  214  215  209  204  199  194  190
  184  178  171  165  160  155  151  147  147  150  156  165  174  180  184  188
  188  184  173  159  143  123  109  101   97   96   97   96   95   94   92   90
   87   85   82   80   79   78   76   74   73   70   69   68   68   67   66   65
   62   59   59   66   76   88   99  111  121
    25.0-180.0 180.0   5.0 450.0                            LAT/LON1/LON2/DLON/H
  124  136  146  159  173  188  203  215  224  229  229  225  219  212  206  201
  195  190  184  178  172  165  161  158  160  168  179  193  203  211  216  218
  217  210  194  178  156  132  113  103   98   98   98   98   96   94   92   89
   86   84   81   79   79   78   77   74   72   69   68   66   65   64   63   61
   59   55   56   64   75   87  100  113  124
    22.5-180.0 180.0   5.0 450.0                            LAT/LON1/LON2/DLON/H
  128  142  155  169  183  199  216  230  241  248  249  246  239  231  223  217
  209  205  199  194  187  180  175  176  182  196  213  229  239  246  249  246
  245  231  216  195  168  143  122  104   98   99  100  100  100   96   93   90
   87   84   80   79   79   78   77   74   71   68   66   64   61   59   57   56
   54   52   54   63   75   89  102  115  128
    20.0-180.0 180.0   5.0 450.0                            LAT/LON1/LON2/DLON/H
  133  147  163  178  196  214  231  248  262  272  277  272  265  257  247  238
  229  223  217  213  205  197  195  199  211  230  252  269  278  282  281  274
  267  249  227  203  174  149  128  110  100  101  103  104  104  100   96   93
   90   84   80   79   79   79   77   74   70   66   63   60   57   54   52   49
   48   48   52   62   76   90  104  118  133
    17.5-180.0 180.0   5.0 450.0                            LAT/LON1/LON2/DLON/H
  138  154  169  187  207  228  250  270  287  301  308  304  298  289  277  265
  255  247  240  234  226  218  218  227  244  266  290  306  313  312  306  293
  278  257  228  200  173  151  130  113  105  106  108  110  109  104  100   97
   93   85   81   79   80   79   78   74   70   65   60   56   53   50   47   45
   44   46   52   64   78   93  107  122  138
    15.0-180.0 180.0   5.0 450.0                            LAT/LON1/LON2/DLON/H
  143  160  177  195  217  241  266  290  311  327  339  337  333  325  313  298
  285  275  265  258  248  244  245  257  276  301  322  336  338  331  319  300
  278  253  223  194  168  147  130  119  113  114  116  117  115  110  108  103
   99   89   83   80   80   80   79   75   70   65   59   53   49   46   44   42
   42   45   52   66   81   96  111  126  143
    12.5-180.0 180.0   5.0 450.0                            LAT/LON1/LON2/DLON/H
  149  167  184  202  224  250  277  305  329  348  364  373  370  363  353  336
  318  305  292  284  274  271  274  287  307  330  346  353  349  336  318  296
  272  246  216  189  166  148  135  128  124  124  125  126  122  118  117  114
  108   95   86   82   81   82   81   77   72   65   58   51   47   45   43   42
   42   45   55   68   84  100  115  131  149
    10.0-180.0 180.0   5.0 450.0                            LAT/LON1/LON2/DLON/H
  155  173  190  208  229  254  281  311  337  360  381  400  403  399  390  372
  352  335  320  309  299  295  299  311  329  348  360  359  347  328  310  287
  264  238  211  187  168  153  145  141  137  135  133  133  131  128  129  127
  119  103   90   84   82   83   82   79   73   66   59   51   47   45   44   43
   43   47   56   71   87  103  118  137  155
     7.5-180.0 180.0   5.0 450.0                            LAT/LON1/LON2/DLON/H
  161  178  194  213  232  255  280  306  331  357  384  410  423  424  418  402
  381  362  346  333  322  317  320  329  342  357  361  350  331  313  296  278
  257  233  208  190  174  163  158  154  150  146  142  139  139  140  140  138
  129  111   96   87   84   83   83   80   75   68   60   53   49   48   47   46
   46   50   59   73   89  106  123  141  161
     5.0-180.0 180.0   5.0 450.0                            LAT/LON1/LON2/DLON/H
  166  184  201  217  236  256  275  295  316  340  369  398  421  431  429  419
  402  381  366  352  341  337  339  344  350  357  353  334  312  296  283  268
  249  228  209  194  182  174  169  165  161  156  150  148  149  152  153  150
  140  120  101   90   85   83   82   80   75   69   62   55   52   51   51   50
   50   53   62   75   91  107  125  145  166
     2.5-180.0 180.0   5.0 450.0                            LAT/LON1/LON2/DLON/H
  169  188  205  222  240  258  273  283  298  318  343  373  401  416  423  421
  408  392  378  366  357  354  355  357  356  354  343  321  301  287  275  261
  243  226  210  198  189  182  178  175  170  164  160  159  160  165  165  159
  149  127  106   92   85   82   80   78   75   69   63   58   54   53   54   54
   54   56   64   78   93  109  126  146  169
