ionex_files/bejaia/igsg0800.21i
     1.0            IONOSPHERE MAPS     MIX                 IONEX VERSION / TYPE
cmpcmb v1.2          GRL/UWM            12-apr-21 05:14     PGM / RUN BY / DATE 
ionex file containing IGS COMBINED Ionosphere maps          COMMENT             
global ionosphere maps for day 080, 2021                    DESCRIPTION         
IONEX file containing the COMBINED IGS TEC MAPS and DCBs    DESCRIPTION         
      IONEX files of the following IAACs were combined: cod DESCRIPTION         
                                                        esa DESCRIPTION         
                                                        jpl DESCRIPTION         
                                                        upc DESCRIPTION         
Contact address: Andrzej Krankowski                         DESCRIPTION
                 Geodynamics Research Laboratory            DESCRIPTION
                 University of Warmia and Mazury (GRL/UWM)  DESCRIPTION
                 Oczapowski St. 1                           DESCRIPTION
                 10-957-Olsztyn, POLAND                     DESCRIPTION
                 e-mail:  kand@uwm.edu.pl                   DESCRIPTION
                                                            DESCRIPTION         
  2021     3    21     0     0     0                        EPOCH OF FIRST MAP  
  2021     3    22     0     0     0                        EPOCH OF LAST MAP   
  7200                                                      INTERVAL            
    13                                                      # OF MAPS IN FILE   
  COSZ                                                      MAPPING FUNCTION    
     0.0                                                    ELEVATION CUTOFF    
combined TEC calculated as weighted mean of input TEC valuesOBSERVABLES USED    
   373                                                      # OF STATIONS       
    32                                                      # OF SATELLITES     
  6371.0                                                    BASE RADIUS         
     2                                                      MAP DIMENSION       
   450.0 450.0   0.0                                        HGT1 / HGT2 / DHGT  
    87.5 -87.5  -2.5                                        LAT1 / LAT2 / DLAT  
  -180.0 180.0   5.0                                        LON1 / LON2 / DLON  
    -1                                                      EXPONENT            
TEC values in 0.1 tec units;  9999, if no value available   COMMENT             
DCB values in nanoseconds, reference is Sum_of_SatDCBs = 0  COMMENT             
                                                            END OF HEADER       
[from data line 3861]
    10                                                      START OF TEC MAP    
  2021     3    21    18     0     0                        EPOCH OF CURRENT MAP
    87.5-180.0 180.0   5.0 450.0                            LAT/LON1/LON2/DLON/H
   46   47   47   48   48   49   49   49   50   50   51   51   52   52   52   52
   52   52   53   53   53   53   53   53   53   53   52   52   52   52   52   52
   51   51   51   51   51   50   50   50   49   49   49   48   48   48   47   47
   46   46   46   45   45   45   45   45   45   44   44   45   44   44   44   44
   44   44   45   45   45   45   45   46   46
    85.0-180.0 180.0   5.0 450.0                            LAT/LON1/LON2/DLON/H
   47   48   49   50   51   51   52   53   54   55   55   56   57   58   59   59
   60   60   60   60   60   60   59   59   59   58   58   58   58   57   57   56
   56   55   55   54   53   53   52   52   52   51   50   49   49   48   48   48
   47   47   47   46   46   45   45   45   44   44   44   44   44   44   43   44
   44   44   44   45   45   46   46   46   47
    82.5-180.0 180.0   5.0 450.0                            LAT/LON1/LON2/DLON/H
   49   51   51   53   53   54   55   56   57   59   60   61   63   63   65   65
   67   67   68   68   68   67   66   65   64   63   61   60   60   60   59   59
   59   59   58   58   57   57   56   55   54   54   53   52   51   50   50   49
   49   48   48   48   48   48   48   48   47   47   46   46   45   45   45   45
   45   45   45   45   46   47   47   48   49
    80.0-180.0 180.0   5.0 450.0                            LAT/LON1/LON2/DLON/H
   51   52   53   55   56   57   59   60   62   65   67   69   70   71   73   73
   73   74   74   74   72   71   70   68   67   67   66   66   65   64   63   62
   61   61   60   60   60   59   59   58   57   57   56   56   54   54   53   52
   52   50   50   51   51   52   52   52   51   51   50   49   49   48   48   47
   47   47   47   47   48   48   49   50   51
    77.5-180.0 180.0   5.0 450.0                            LAT/LON1/LON2/DLON/H
   53   54   55   56   58   60   63   65   68   71   72   75   76   77   77   78
   79   80   81   80   79   77   79   78   75   71   71   69   68   67   66   66
   66   65   65   64   64   64   63   62   62   62   61   59   59   57   57   56
   55   54   53   54   55   55   55   56   55   54   54   53   52   52   51   50
   50   49   49   49   49   49   50   52   53
    75.0-180.0 180.0   5.0 450.0                            LAT/LON1/LON2/DLON/H
   53   54   56   57   59   62   65   67   70   73   75   77   79   81   84   85
   87   87   86   86   83   82   82   80   79   77   74   72   71   70   69   67
   68   68   67   66   66   65   65   64   64   64   63   62   61   59   58   58
   57   56   56   56   56   57   57   58   58   57   57   56   55   54   53   52
   51   50   50   49   49   49   50   52   53
    72.5-180.0 180.0   5.0 450.0                            LAT/LON1/LON2/DLON/H
   52   54   55   57   59   61   64   66   69   72   75   78   81   84   87   89
   92   91   91   90   88   86   84   84   82   79   77   75   73   71   70   69
   68   67   67   66   65   65   64   63   63   63   61   61   60   59   58   58
   57   56   56   56   57   58   57   58   58   58   57   57   56   55   54   53
   51   50   49   48   48   48   49   50   52
    70.0-180.0 180.0   5.0 450.0                            LAT/LON1/LON2/DLON/H
   51   53   55   57   59   61   63   65   67   70   74   77   80   83   87   91
   93   94   95   95   94   91   89   88   85   82   79   77   76   73   71   69
   68   66   65   64   63   63   61   60   59   59   58   58   57   56   55   55
   54   54   54   54   55   55   55   55   56   55   54   54   54   52   52   51
   50   48   47   47   46   47   48   49   51
    67.5-180.0 180.0   5.0 450.0                            LAT/LON1/LON2/DLON/H
   50   52   54   57   58   60   62   64   66   68   71   74   78   82   86   91
   95   98  100  101  100   99   95   93   89   86   82   79   77   74   73   70
   68   66   63   62   61   59   58   56   55   54   52   52   52   51   51   50
   49   50   49   50   50   51   51   51   50   50   49   48   47   47   47   47
   45   45   44   44   43   44   46   47   50
    65.0-180.0 180.0   5.0 450.0                            LAT/LON1/LON2/DLON/H
   48   51   54   57   60   61   62   64   65   66   69   72   75   81   86   91
   97  101  105  108  108  106  102   99   94   90   85   82   79   76   74   71
   68   66   63   61   60   58   55   53   51   49   47   46   45   45   45   45
   44   44   44   44   45   44   44   44   43   42   41   41   39   40   41   41
   40   40   40   40   41   41   44   45   48
    62.5-180.0 180.0   5.0 450.0                            LAT/LON1/LON2/DLON/H
   47   51   55   58   61   63   64   64   65   66   68   72   75   80   85   91
   98  104  108  111  112  111  108  105  100   95   90   85   81   78   76   74
   71   69   66   63   61   58   55   52   49   46   43   41   40   39   40   40
   40   39   39   39   39   38   38   36   35   34   33   33   32   33   34   35
   36   36   36   37   38   39   40   44   47
    60.0-180.0 180.0   5.0 450.0                            LAT/LON1/LON2/DLON/H
   47   51   56   60   63   65   67   66   67   68   70   73   76   80   86   92
   98  104  109  113  114  114  112  111  107  101   97   91   86   84   82   81
   79   75   72   68   66   63   59   56   52   47   44   43   40   39   39   39
   38   37   37   36   35   34   33   31   30   28   27   27   27   28   29   31
   32   33   34   35   36   37   39   42   47
    57.5-180.0 180.0   5.0 450.0                            LAT/LON1/LON2/DLON/H
   47   52   58   63   67   69   70   70   71   71   73   76   79   83   87   92
   98  103  108  111  114  114  114  113  111  107  103   99   95   94   91   91
   89   85   81   79   76   72   69   65   60   55   52   48   46   45   44   41
   40   39   37   36   35   34   32   30   28   26   25   25   25   26   28   30
   31   32   34   35   37   38   39   42   47
    55.0-180.0 180.0   5.0 450.0                            LAT/LON1/LON2/DLON/H
   48   54   60   67   71   74   75   76   76   77   79   81   84   87   91   94
   98  102  106  108  111  112  113  113  112  110  108  106  105  105  103  103
  101   97   94   91   88   85   81   78   72   68   63   59   56   53   51   48
   46   43   42   41   39   37   36   32   30   28   26   26   27   28   29   31
   33   34   36   38   39   40   41   44   48
    52.5-180.0 180.0   5.0 450.0                            LAT/LON1/LON2/DLON/H
   51   57   64   71   76   79   82   83   85   85   87   90   91   93   95   96
   98  101  103  105  108  110  112  113  114  113  113  114  115  116  115  114
  111  108  105  102   99   97   94   90   86   81   77   72   67   64   60   57
   54   52   50   48   46   43   41   39   37   34   32   31   31   32   34   35
   37   38   40   42   44   43   43   46   51
    50.0-180.0 180.0   5.0 450.0                            LAT/LON1/LON2/DLON/H
   54   60   67   75   81   86   89   91   93   96   98  100  101  102  101  102
  102  102  103  105  107  110  112  115  117  119  120  121  124  126  126  124
  121  118  115  111  109  108  106  102   98   93   88   84   79   75   70   66
   63   61   59   57   55   52   51   48   46   44   42   40   39   39   40   42
   43   44   46   46   47   46   46   49   54
    47.5-180.0 180.0   5.0 450.0                            LAT/LON1/LON2/DLON/H
   58   64   71   79   87   93   97  100  104  107  111  112  113  113  111  110
  108  107  106  106  108  112  115  120  123  126  127  129  131  133  134  133
  131  127  123  120  119  118  116  113  109  104   99   94   89   84   78   75
   73   71   68   65   63   62   60   58   57   55   53   50   49   49   48   49
   50   51   52   52   52   51   50   53   58
    45.0-180.0 180.0   5.0 450.0                            LAT/LON1/LON2/DLON/H
   62   68   75   84   92  100  105  111  115  120  124  126  127  126  124  121
  118  115  112  112  114  117  122  128  132  135  136  136  136  138  140  141
  139  136  133  130  129  128  126  122  117  112  107  101   95   90   87   84
   82   80   77   74   72   70   69   68   66   65   63   60   59   58   57   58
   58   58   59   58   58   57   57   59   62
    42.5-180.0 180.0   5.0 450.0                            LAT/LON1/LON2/DLON/H
   67   73   80   88   97  105  113  120  125  131  137  140  142  141  139  136
  131  127  123  122  124  128  134  140  144  146  146  144  143  144  147  148
  147  146  144  141  141  139  136  131  125  117  111  105  101   97   93   92
   91   89   85   82   78   77   76   75   74   73   70   68   66   66   65   65
   65   65   65   64   64   63   63   64   67
    40.0-180.0 180.0   5.0 450.0                            LAT/LON1/LON2/DLON/H
   72   78   85   93  102  110  119  127  134  142  149  154  156  157  156  153
  149  144  138  137  138  143  150  156  158  158  155  152  150  151  154  157
  158  158  157  155  154  152  147  139  130  121  114  109  105  101   98   96
   95   94   91   88   84   81   80   80   80   79   77   75   73   73   72   72
   71   70   69   69   69   68   68   69   72
    37.5-180.0 180.0   5.0 450.0                            LAT/LON1/LON2/DLON/H
   77   83   89   97  106  115  124  133  141  150  159  166  171  174  174  174
  170  164  159  157  158  163  169  173  173  171  165  161  159  159  164  170
  173  175  174  174  172  167  160  150  138  127  117  111  107  103   99   98
   98   97   95   92   88   85   84   83   83   82   81   80   78   78   78   77
   76   75   73   72   71   70   71   72   77
    35.0-180.0 180.0   5.0 450.0                            LAT/LON1/LON2/DLON/H
   79   86   93  101  109  118  127  137  147  158  168  177  184  190  194  195
  193  188  182  180  180  184  188  189  187  182  175  171  170  173  181  189
  194  197  196  196  194  188  176  161  146  132  121  113  107  103  100   99
   98   98   96   93   91   88   87   85   84   83   83   82   81   80   81   80
   79   78   75   73   72   71   72   74   79
    32.5-180.0 180.0   5.0 450.0                            LAT/LON1/LON2/DLON/H
   80   87   95  103  112  121  131  140  151  163  176  186  197  206  212  216
  216  212  207  205  203  205  206  205  200  193  186  185  188  194  205  215
  221  224  223  222  217  210  194  174  154  137  125  116  109  105  101   99
   99   99   97   94   91   89   89   87   86   85   84   83   82   82   82   81
   80   78   76   73   71   70   71   74   80
    30.0-180.0 180.0   5.0 450.0                            LAT/LON1/LON2/DLON/H
   78   87   96  105  115  124  133  142  154  167  180  193  206  218  228  235
  237  237  232  229  225  224  223  219  213  205  201  204  213  223  237  248
  254  255  254  248  243  235  213  187  164  146  133  122  114  108  103  100
  101  102   99   97   93   92   92   91   90   88   86   85   84   83   82   81
   79   77   75   72   69   68   69   72   78
    27.5-180.0 180.0   5.0 450.0                            LAT/LON1/LON2/DLON/H
   77   88   98  107  116  125  134  144  155  169  183  197  212  228  240  250
  257  258  255  252  248  243  240  234  228  223  224  234  246  260  276  286
  291  291  284  275  268  257  234  202  176  156  142  131  121  114  108  105
  106  107  105  102   99   97   97   95   95   92   91   89   87   85   82   80
   78   75   72   69   66   65   66   70   77
    25.0-180.0 180.0   5.0 450.0                            LAT/LON1/LON2/DLON/H
   77   89  101  110  118  126  135  145  156  170  186  203  219  237  251  264
  274  278  277  274  268  262  257  252  248  248  255  271  287  304  319  327
  330  329  318  303  289  278  250  213  185  167  152  140  132  124  117  114
  114  115  113  110  107  105  105  103  101  100   97   95   91   88   84   80
   76   72   69   66   64   62   63   67   77
    22.5-180.0 180.0   5.0 450.0                            LAT/LON1/LON2/DLON/H
   76   90  104  114  122  130  139  148  159  173  191  209  227  245  262  276
  288  296  297  294  289  283  279  276  277  284  296  315  330  349  363  367
  367  362  346  329  311  289  255  219  191  173  161  152  146  140  132  128
  128  128  125  122  119  116  116  113  111  109  106  102   98   92   86   80
   74   70   67   64   62   59   60   65   76
    20.0-180.0 180.0   5.0 450.0                            LAT/LON1/LON2/DLON/H
   75   91  108  119  128  136  145  154  164  179  197  215  235  253  272  289
  303  313  318  316  310  307  305  307  315  328  343  362  376  389  398  403
  393  382  366  348  324  291  256  222  195  180  173  168  163  158  152  147
  145  144  139  136  133  130  129  126  122  120  116  113  107   99   90   81
   74   69   66   63   61   59   59   64   75
    17.5-180.0 180.0   5.0 450.0                            LAT/LON1/LON2/DLON/H
   76   92  109  123  134  143  152  161  173  187  204  224  242  262  282  301
  318  330  337  338  335  334  338  345  358  375  390  407  416  421  424  421
  405  391  375  355  327  293  259  227  202  190  188  188  184  181  175  170
  166  162  155  150  147  145  144  139  135  132  128  125  118  107   95   84
   75   70   68   65   62   60   61   65   76
    15.0-180.0 180.0   5.0 450.0                            LAT/LON1/LON2/DLON/H
   77   93  110  126  138  148  159  169  181  195  214  234  252  271  291  313
  331  347  357  361  362  366  374  386  402  422  436  445  444  440  435  426
  410  393  375  356  331  299  266  236  212  205  208  210  209  203  197  192
  186  179  171  165  162  160  158  152  148  145  143  138  128  114  102   90
   81   75   71   68   65   63   63   67   77
    12.5-180.0 180.0   5.0 450.0                            LAT/LON1/LON2/DLON/H
   78   93  111  128  142  154  165  176  190  205  224  244  263  282  301  324
  344  364  377  384  390  399  412  427  447  467  472  472  460  446  434  422
  405  388  371  353  331  305  275  247  229  224  230  233  230  223  216  211
  204  196  187  179  175  173  171  164  160  157  154  149  137  123  108   95
   86   80   75   72   69   67   65   69   78
    10.0-180.0 180.0   5.0 450.0                            LAT/LON1/LON2/DLON/H
   79   94  112  129  145  157  170  183  197  214  234  256  274  293  312  335
  357  378  395  408  419  433  448  465  482  498  498  485  464  443  426  412
  397  382  367  352  333  311  286  261  246  244  249  250  245  237  230  224
  218  208  199  190  186  182  179  173  168  165  161  154  141  126  112   98
   90   83   79   76   72   70   69   71   79
     7.5-180.0 180.0   5.0 450.0                            LAT/LON1/LON2/DLON/H
   79   93  111  130  147  161  176  189  205  224  245  266  286  303  322  344
  368  391  411  428  445  464  481  496  508  516  509  485  457  432  414  400
  386  375  362  351  337  319  296  275  263  261  264  262  254  245  237  231
  224  215  205  196  191  187  185  177  172  168  163  154  141  125  111  100
   92   85   81   77   74   72   70   71   79
     5.0-180.0 180.0   5.0 450.0                            LAT/LON1/LON2/DLON/H
   77   91  109  129  148  164  180  195  212  232  254  276  296  313  332  352
  376  401  422  445  465  488  507  518  524  523  505  474  443  419  401  389
  377  367  359  351  339  324  304  286  275  273  273  267  255  245  237  229
  220  211  202  195  190  186  183  175  170  165  158  148  135  121  109   99
   92   86   80   76   74   72   70   71   77
     2.5-180.0 180.0   5.0 450.0                            LAT/LON1/LON2/DLON/H
   75   88  107  127  147  166  183  200  218  237  259  283  303  321  339  358
  381  408  431  454  477  501  518  524  523  512  489  457  430  407  394  383
  374  365  356  349  340  324  306  290  280  276  272  262  248  235  226  217
  207  199  192  185  181  177  174  168  163  156  148  137  125  113  104   97
   90   84   79   75   72   69   68   69   75
