ionex_files/bejaia/igsg0630.21i
     1.0            IONOSPHERE MAPS     MIX                 IONEX VERSION / TYPE
cmpcmb v1.2          GRL/UWM            18-mar-21 03:55     PGM / RUN BY / DATE 
ionex file containing IGS COMBINED Ionosphere maps          COMMENT             
global ionosphere maps for day 063, 2021                    DESCRIPTION         
IONEX file containing the COMBINED IGS TEC MAPS and DCBs    DESCRIPTION         
      IONEX files of the following IAACs were combined: cod DESCRIPTION         
                                                        esa DESCRIPTION         
                                                        jpl DESCRIPTION         
                                                        upc DESCRIPTION         
Contact address: Andrzej Krankowski                         DESCRIPTION
                 Geodynamics Research Laboratory            DESCRIPTION
                 University of Warmia and Mazury (GRL/UWM)  DESCRIPTION
                 Oczapowski St. 1                           DESCRIPTION
                 10-957-Olsztyn, POLAND                     DESCRIPTION
                 e-mail:  kand@uwm.edu.pl                   DESCRIPTION
                                                            DESCRIPTION         
  2021     3     4     0     0     0                        EPOCH OF FIRST MAP  
  2021     3     5     0     0     0                        EPOCH OF LAST MAP   
  7200                                                      INTERVAL            
    13                                                      # OF MAPS IN FILE   
  COSZ                                                      MAPPING FUNCTION    
     0.0                                                    ELEVATION CUTOFF    
combined TEC calculated as weighted mean of input TEC valuesOBSERVABLES USED    
   379                                                      # OF STATIONS       
    32                                                      # OF SATELLITES     
  6371.0                                                    BASE RADIUS         
     2                                                      MAP DIMENSION       
   450.0 450.0   0.0                                        HGT1 / HGT2 / DHGT  
    87.5 -87.5  -2.5                                        LAT1 / LAT2 / DLAT  
  -180.0 180.0   5.0                                        LON1 / LON2 / DLON  
    -1                                                      EXPONENT            
TEC values in 0.1 tec units;  9999, if no value available   COMMENT             
DCB values in nanoseconds, reference is Sum_of_SatDCBs = 0  COMMENT             
                                                            END OF HEADER       
[from data line 4719]
    12                                                      START OF TEC MAP    
  2021     3     4    22     0     0                        EPOCH OF CURRENT MAP
    87.5-180.0 180.0   5.0 450.0                            LAT/LON1/LON2/DLON/H
   44   45   45   45   46   46   46   46   46   46   47   47   47   47   46   46
   45   45   44   44   43   42   42   42   41   40   39   38   38   37   36   36
   35   35   34   34   34   33   33   33   33   33   33   33   33   33   33   33
   34   34   34   34   35   35   36   36   36   37   37   38   39   39   40   40
   41   41   42   42   43   43   43   44   44
    85.0-180.0 180.0   5.0 450.0                            LAT/LON1/LON2/DLON/H
   47   48   49   49   50   51   51   52   52   53   54   54   54   54   54   54
   53   53   52   51   49   48   47   45   43   42   40   38   37   35   34   33
   32   31   30   29   28   28   28   28   28   28   27   28   28   29   29   30
   31   32   32   33   33   34   34   35   36   37   37   38   38   39   40   41
   42   42   43   44   44   45   46   46   47
    82.5-180.0 180.0   5.0 450.0                            LAT/LON1/LON2/DLON/H
   50   51   51   53   53   55   57   58   60   60   62   63   63   63   63   62
   62   60   59   57   55   53   50   48   45   43   40   38   36   34   32   30
   29   28   27   26   25   25   24   24   24   24   25   25   26   26   27   28
   29   30   31   32   33   34   34   35   36   37   37   38   39   40   40   41
   42   43   44   45   46   47   47   48   50
    80.0-180.0 180.0   5.0 450.0                            LAT/LON1/LON2/DLON/H
   51   52   54   55   57   58   60   62   63   65   67   68   69   70   70   70
   69   67   65   62   60   57   53   49   46   43   40   38   36   33   32   30
   28   27   26   25   25   24   24   23   23   23   23   24   25   26   27   28
   29   30   31   32   33   33   34   34   35   36   36   37   38   39   39   40
   41   42   44   44   46   47   48   50   51
    77.5-180.0 180.0   5.0 450.0                            LAT/LON1/LON2/DLON/H
   51   52   53   55   57   58   61   63   66   68   70   72   73   74   74   74
   72   70   67   65   62   58   54   50   46   43   40   38   36   34   32   31
   30   29   28   27   26   26   26   25   25   24   24   24   25   26   27   27
   29   29   31   31   32   32   33   33   33   34   34   35   35   36   37   38
   40   41   43   45   46   48   49   51   51
    75.0-180.0 180.0   5.0 450.0                            LAT/LON1/LON2/DLON/H
   52   53   54   55   56   58   61   64   66   69   72   75   76   77   77   76
   75   72   69   65   61   56   53   49   46   43   40   38   36   34   33   32
   31   30   30   30   29   28   27   27   27   26   26   26   26   26   27   28
   29   29   29   30   30   30   30   30   30   30   30   30   31   32   33   35
   37   40   42   44   47   48   50   51   52
    72.5-180.0 180.0   5.0 450.0                            LAT/LON1/LON2/DLON/H
   55   55   56   57   58   59   61   64   67   70   73   75   77   80   80   79
   75   71   67   63   58   54   50   46   43   41   38   36   35   35   34   33
   32   31   31   30   30   30   29   28   28   27   27   27   26   26   26   26
   27   27   27   27   27   27   27   26   26   25   26   25   26   28   30   32
   35   38   41   44   47   50   52   54   55
    70.0-180.0 180.0   5.0 450.0                            LAT/LON1/LON2/DLON/H
   59   60   60   61   61   62   64   65   68   70   73   76   79   80   80   76
   73   69   64   60   55   51   47   44   41   39   36   35   33   32   32   32
   32   31   30   30   29   29   28   28   27   26   26   25   25   25   25   25
   26   26   26   25   24   24   24   23   22   22   21   21   23   24   26   29
   33   37   41   45   49   53   56   58   59
    67.5-180.0 180.0   5.0 450.0                            LAT/LON1/LON2/DLON/H
   65   66   67   66   66   66   66   67   68   71   74   76   78   79   77   75
   71   66   62   58   53   49   46   43   40   37   35   33   31   30   30   30
   29   28   27   27   26   26   25   25   25   24   23   23   23   23   23   23
   24   24   24   24   23   21   21   20   19   19   19   19   21   22   26   29
   33   38   43   48   53   57   61   64   65
    65.0-180.0 180.0   5.0 450.0                            LAT/LON1/LON2/DLON/H
   72   74   73   73   72   71   70   70   71   72   74   76   77   77   77   74
   71   66   63   58   54   50   47   43   40   36   34   31   29   27   27   26
   25   24   23   23   22   22   21   21   21   21   21   21   20   20   21   22
   23   23   23   22   21   20   19   19   19   18   18   19   21   24   27   31
   36   41   46   52   57   62   66   70   72
    62.5-180.0 180.0   5.0 450.0                            LAT/LON1/LON2/DLON/H
   77   79   80   79   78   77   76   75   75   75   75   76   77   77   76   74
   72   69   66   62   59   55   51   47   42   38   33   30   27   25   25   23
   22   20   19   18   18   17   18   18   18   18   19   18   19   20   21   21
   22   23   23   22   22   20   19   20   20   21   21   23   25   28   31   35
   40   46   50   56   61   66   71   74   77
    60.0-180.0 180.0   5.0 450.0                            LAT/LON1/LON2/DLON/H
   81   83   85   85   85   84   83   80   79   78   77   77   77   78   77   76
   74   72   70   68   65   61   56   51   46   41   35   31   27   25   25   23
   20   18   17   16   15   15   15   16   17   18   19   19   20   21   22   23
   23   24   24   24   24   24   23   24   25   26   26   28   30   33   37   41
   46   50   55   60   65   70   74   78   81
    57.5-180.0 180.0   5.0 450.0                            LAT/LON1/LON2/DLON/H
   83   86   89   91   91   91   89   87   84   82   80   79   79   79   79   78
   77   75   74   74   71   68   63   57   51   45   39   35   32   29   27   26
   22   19   17   16   16   16   17   18   19   20   21   22   24   25   26   26
   26   27   28   28   29   29   30   31   32   32   33   34   36   39   43   47
   52   56   60   64   69   73   76   80   83
    55.0-180.0 180.0   5.0 450.0                            LAT/LON1/LON2/DLON/H
   86   89   92   96   98   98   97   94   91   87   84   83   81   81   81   80
   79   78   79   78   76   74   69   63   56   51   45   41   38   35   33   31
   28   24   21   19   19   19   21   23   24   26   27   29   30   31   31   32
   33   34   34   36   36   37   38   39   40   40   40   40   42   45   49   53
   58   61   65   69   72   76   79   82   86
    52.5-180.0 180.0   5.0 450.0                            LAT/LON1/LON2/DLON/H
   90   93   97  102  106  107  107  104   99   94   90   87   85   84   83   82
   81   81   81   80   79   77   73   67   61   56   51   48   46   43   41   38
   34   30   28   25   25   26   28   30   32   33   35   36   38   38   38   39
   41   41   43   43   44   45   46   47   47   47   46   46   48   50   54   59
   63   66   69   73   77   80   83   86   90
    50.0-180.0 180.0   5.0 450.0                            LAT/LON1/LON2/DLON/H
   95   99  103  109  114  117  116  113  108  102   96   92   89   87   86   84
   83   83   82   82   80   79   75   70   66   61   58   56   53   51   48   45
   41   37   34   33   32   33   35   37   39   42   43   45   46   47   47   48
   48   50   52   52   51   52   52   52   53   52   51   51   51   54   58   63
   67   71   74   77   81   85   88   91   95
    47.5-180.0 180.0   5.0 450.0                            LAT/LON1/LON2/DLON/H
  103  107  112  118  124  126  127  124  118  111  104   98   94   91   88   87
   85   84   84   83   82   80   78   75   71   68   65   62   59   57   53   49
   45   42   40   39   40   41   43   45   47   49   51   51   52   54   54   56
   57   58   59   59   59   59   59   58   57   56   54   53   53   55   60   65
   70   75   78   82   86   91   96  100  103
    45.0-180.0 180.0   5.0 450.0                            LAT/LON1/LON2/DLON/H
  113  116  120  127  132  136  137  134  127  120  112  105  100   95   92   90
   87   86   85   84   84   83   83   81   79   75   72   68   63   59   54   49
   46   44   44   44   45   47   49   51   53   54   56   57   58   59   61   64
   65   66   67   66   66   65   65   64   61   59   57   55   55   58   62   68
   74   79   84   88   93   98  104  109  113
    42.5-180.0 180.0   5.0 450.0                            LAT/LON1/LON2/DLON/H
  123  126  130  135  141  145  146  143  136  129  120  113  107  101   97   94
   92   89   88   88   88   89   90   89   87   83   78   72   65   59   52   46
   44   44   45   47   50   53   54   55   57   58   60   61   64   66   68   70
   72   72   73   72   70   69   69   67   65   62   59   57   57   60   65   72
   80   85   91   95  100  105  111  118  123
    40.0-180.0 180.0   5.0 450.0                            LAT/LON1/LON2/DLON/H
  131  136  141  145  149  151  152  149  143  136  128  120  113  107  103   99
   97   95   94   94   96   98   99   99   96   92   83   75   66   57   49   45
   43   43   46   49   53   56   58   59   59   61   63   66   69   72   73   74
   76   77   77   75   74   72   71   69   68   64   61   60   60   63   69   78
   85   92   98  102  107  112  119  125  131
    37.5-180.0 180.0   5.0 450.0                            LAT/LON1/LON2/DLON/H
  138  145  150  154  156  156  155  152  148  141  135  127  120  115  109  106
  104  102  102  103  106  108  110  109  105   98   87   76   65   56   49   45
   44   46   48   52   57   60   62   62   63   64   66   70   73   75   76   76
   77   78   78   76   75   74   72   70   69   65   63   61   62   66   74   83
   91   98  103  108  112  118  125  131  138
    35.0-180.0 180.0   5.0 450.0                            LAT/LON1/LON2/DLON/H
  145  154  160  162  162  160  157  153  150  146  141  134  127  121  117  114
  112  111  111  113  116  118  119  117  111  101   89   76   66   58   53   51
   51   52   55   58   62   65   67   67   67   67   69   73   75   76   77   76
   75   76   76   75   74   73   72   70   68   65   63   62   63   69   77   87
   97  103  108  112  117  123  129  137  145
    32.5-180.0 180.0   5.0 450.0                            LAT/LON1/LON2/DLON/H
  152  163  171  173  171  166  160  155  152  150  146  140  134  129  125  122
  121  120  120  122  125  126  125  121  113  102   89   77   69   65   64   63
   63   64   65   67   69   71   71   71   70   70   72   75   76   77   76   75
   73   73   73   72   72   72   71   69   67   64   62   61   63   70   80   91
  101  108  113  117  122  127  134  142  152
    30.0-180.0 180.0   5.0 450.0                            LAT/LON1/LON2/DLON/H
  161  175  186  189  185  176  167  159  155  153  152  147  142  137  133  131
  129  128  128  129  130  129  126  120  112  101   89   80   77   79   81   82
   82   81   79   78   77   77   75   74   73   74   75   77   78   77   75   73
   72   71   70   70   70   70   69   67   65   61   58   59   62   71   82   94
  104  111  116  121  126  132  139  149  161
    27.5-180.0 180.0   5.0 450.0                            LAT/LON1/LON2/DLON/H
  174  191  206  211  206  195  181  171  164  161  158  154  151  147  143  140
  137  136  134  132  130  128  123  117  109  100   92   87   90   98  104  106
  105  101   94   89   85   81   78   75   74   75   77   77   78   76   74   72
   70   69   68   67   67   66   65   63   61   58   56   56   60   70   83   95
  105  113  120  126  132  140  149  159  174
    25.0-180.0 180.0   5.0 450.0                            LAT/LON1/LON2/DLON/H
  192  212  231  239  235  222  205  191  181  175  170  165  161  158  154  150
  146  142  137  132  128  124  119  114  109  103   99  101  109  121  131  133
  130  122  109  100   92   84   79   75   74   74   76   77   77   76   73   71
   69   68   66   65   63   62   61   58   56   54   52   52   56   68   83   96
  106  114  123  133  140  149  160  173  192
    22.5-180.0 180.0   5.0 450.0                            LAT/LON1/LON2/DLON/H
  214  239  261  274  271  257  237  219  206  196  188  181  177  174  170  163
  156  147  138  131  125  120  116  114  114  114  113  120  132  149  160  161
  155  142  125  112   99   85   79   75   72   73   76   78   79   77   74   71
   69   67   65   63   61   58   56   53   50   49   48   48   53   66   82   96
  106  115  126  139  150  162  175  192  214
    20.0-180.0 180.0   5.0 450.0                            LAT/LON1/LON2/DLON/H
  238  268  292  311  310  295  276  254  238  224  213  205  200  195  191  181
  169  156  141  131  124  119  118  120  126  131  134  144  158  173  191  191
  177  160  137  121  103   87   79   76   73   75   77   81   81   79   76   73
   71   68   64   61   58   54   52   49   46   45   44   45   51   64   81   97
  107  116  129  145  160  175  191  212  238
    17.5-180.0 180.0   5.0 450.0                            LAT/LON1/LON2/DLON/H
  262  295  322  344  348  335  316  297  277  260  245  235  228  224  217  207
  189  168  150  136  128  125  128  134  144  152  158  171  184  196  205  205
  190  169  145  122  104   90   83   80   78   80   82   86   85   83   80   77
   74   69   65   60   55   52   50   47   45   43   43   44   51   65   82   98
  109  120  133  152  171  188  208  231  262
    15.0-180.0 180.0   5.0 450.0                            LAT/LON1/LON2/DLON/H
  281  314  343  369  378  368  351  336  318  299  283  270  261  256  248  238
  217  191  168  152  144  142  145  154  166  177  184  196  205  208  210  205
  189  170  144  119  106   96   91   90   88   89   90   92   92   89   86   83
   78   72   66   60   55   52   49   47   45   44   43   45   52   68   86  102
  113  124  139  159  180  201  221  250  281
    12.5-180.0 180.0   5.0 450.0                            LAT/LON1/LON2/DLON/H
  292  323  351  378  393  387  375  365  353  337  321  309  298  292  283  275
  251  225  199  182  172  169  173  182  193  203  210  216  216  211  204  195
  180  162  140  122  112  108  107  106  105  104  104  101   98   95   92   88
   82   75   68   62   57   53   50   48   47   46   46   47   55   70   89  106
  118  130  145  166  187  210  233  260  292
    10.0-180.0 180.0   5.0 450.0                            LAT/LON1/LON2/DLON/H
  297  324  348  370  387  390  385  381  378  369  358  348  337  335  325  317
  296  270  242  224  213  209  210  215  222  230  231  230  221  209  196  183
  169  155  139  130  126  126  127  127  126  122  117  111  107  101   96   91
   85   77   69   63   58   55   53   51   50   50   50   51   58   73   92  109
  122  134  150  170  192  217  241  268  297
     7.5-180.0 180.0   5.0 450.0                            LAT/LON1/LON2/DLON/H
  297  319  338  355  369  376  379  385  391  391  388  382  376  377  372  360
  343  320  294  278  264  255  249  248  250  252  248  238  223  206  190  177
  164  154  147  145  145  148  151  151  147  139  130  121  113  106   98   91
   84   76   69   63   59   58   56   55   54   54   53   54   61   75   93  111
  125  138  154  173  195  219  244  271  297
     5.0-180.0 180.0   5.0 450.0                            LAT/LON1/LON2/DLON/H
  297  315  329  339  347  357  367  381  396  404  408  409  410  412  412  402
  387  368  347  333  318  304  289  278  274  271  261  245  226  207  191  179
  169  162  161  163  166  171  174  173  167  154  141  128  117  107   98   88
   80   73   66   61   60   59   59   59   58   57   56   57   63   77   95  113
  129  142  156  175  195  220  246  272  297
     2.5-180.0 180.0   5.0 450.0                            LAT/LON1/LON2/DLON/H
  298  316  326  331  336  345  358  376  394  408  415  422  427  434  438  434
  423  409  393  383  369  351  328  305  295  288  272  250  230  212  198  188
  181  178  178  181  186  191  193  189  180  165  149  131  117  104   92   82
   74   67   63   59   59   60   60   60   60   59   57   58   64   78   96  116
  132  145  159  175  194  217  244  272  298
