ionex_files/bejaia/igsg0880.21i
     1.0            IONOSPHERE MAPS     MIX                 IONEX VERSION / TYPE
cmpcmb v1.2          GRL/UWM            15-apr-21 05:41     PGM / RUN BY / DATE 
ionex file containing IGS COMBINED Ionosphere maps          COMMENT             
global ionosphere maps for day 088, 2021                    DESCRIPTION         
IONEX file containing the COMBINED IGS TEC MAPS and DCBs    DESCRIPTION         
      IONEX files of the following IAACs were combined: cod DESCRIPTION         
                                                        esa DESCRIPTION         
                                                        jpl DESCRIPTION         
                                                        upc DESCRIPTION         
Contact address: Andrzej Krankowski                         DESCRIPTION
                 Geodynamics Research Laboratory            DESCRIPTION
                 University of Warmia and Mazury (GRL/UWM)  DESCRIPTION
                 Oczapowski St. 1                           DESCRIPTION
                 10-957-Olsztyn, POLAND                     DESCRIPTION
                 e-mail:  kand@uwm.edu.pl                   DESCRIPTION
                                                            DESCRIPTION         
  2021     3    29     0     0     0                        EPOCH OF FIRST MAP  
  2021     3    30     0     0     0                        EPOCH OF LAST MAP   
  7200                                                      INTERVAL            
    13                                                      # OF MAPS IN FILE   
  COSZ                                                      MAPPING FUNCTION    
     0.0                                                    ELEVATION CUTOFF    
combined TEC calculated as weighted mean of input TEC valuesOBSERVABLES USED    
   377                                                      # OF STATIONS       
    32                                                      # OF SATELLITES     
  6371.0                                                    BASE RADIUS         
     2                                                      MAP DIMENSION       
   450.0 450.0   0.0                                        HGT1 / HGT2 / DHGT  
    87.5 -87.5  -2.5                                        LAT1 / LAT2 / DLAT  
  -180.0 180.0   5.0                                        LON1 / LON2 / DLON  
    -1                                                      EXPONENT            
TEC values in 0.1 tec units;  9999, if no value available   COMMENT             
DCB values in nanoseconds, reference is Sum_of_SatDCBs = 0  COMMENT             
                                                            END OF HEADER       
[from data line 858]
     3                                                      START OF TEC MAP    
  2021     3    29     4     0     0                        EPOCH OF CURRENT MAP
    87.5-180.0 180.0   5.0 450.0                            LAT/LON1/LON2/DLON/H
   75   76   76   77   77   76   77   77   77   78   77   77   77   77   77   77
   77   77   76   76   75   74   73   72   71   71   70   69   69   68   68   68
   68   67   67   67   66   66   66   66   66   66   66   66   66   66   67   66
   66   66   67   67   67   68   68   68   69   70   70   70   71   71   72   72
   73   74   74   75   74   75   75   76   75
    85.0-180.0 180.0   5.0 450.0                            LAT/LON1/LON2/DLON/H
   77   77   78   79   79   80   81   81   81   81   82   82   81   81   81   81
   80   79   78   76   75   74   72   71   70   68   67   66   65   63   63   62
   61   61   60   60   60   60   59   60   60   60   60   60   61   61   61   62
   63   63   64   65   66   66   66   67   67   67   68   69   69   70   71   71
   71   72   73   73   74   75   75   76   77
    82.5-180.0 180.0   5.0 450.0                            LAT/LON1/LON2/DLON/H
   76   77   77   78   79   80   81   81   82   83   82   83   82   83   82   81
   80   79   78   76   74   72   69   67   65   63   61   60   58   57   55   54
   54   53   53   53   53   53   54   55   55   56   56   57   58   59   59   60
   61   62   63   64   65   65   67   67   68   68   68   69   69   69   70   70
   71   72   72   72   73   73   74   75   76
    80.0-180.0 180.0   5.0 450.0                            LAT/LON1/LON2/DLON/H
   76   76   77   77   77   78   79   79   79   80   80   79   79   79   79   78
   77   75   74   73   70   69   65   62   60   57   54   52   50   49   47   46
   46   45   45   45   46   47   47   49   50   51   53   54   55   56   58   60
   61   63   64   65   66   67   69   69   70   70   71   71   71   72   72   73
   73   74   74   74   74   75   75   75   76
    77.5-180.0 180.0   5.0 450.0                            LAT/LON1/LON2/DLON/H
   78   77   77   76   76   76   75   75   74   74   74   74   74   74   74   73
   72   70   69   67   65   62   58   56   53   50   47   45   43   41   40   39
   39   39   39   39   40   42   43   45   47   48   50   52   54   56   58   60
   62   63   65   67   69   71   72   74   75   75   76   76   77   77   78   78
   79   78   78   79   78   78   78   78   78
    75.0-180.0 180.0   5.0 450.0                            LAT/LON1/LON2/DLON/H
   81   80   79   77   76   74   73   71   69   68   67   67   66   66   66   66
   65   63   62   61   58   56   53   50   47   44   42   39   37   35   34   34
   34   34   35   36   37   38   39   41   43   46   48   50   52   55   57   59
   62   64   67   70   72   75   76   79   80   81   82   82   83   84   84   85
   85   85   85   85   85   84   84   83   81
    72.5-180.0 180.0   5.0 450.0                            LAT/LON1/LON2/DLON/H
   87   85   83   80   78   75   72   68   65   62   60   59   58   57   57   57
   56   56   55   54   53   50   48   46   44   41   38   35   33   33   31   31
   31   31   32   33   34   35   37   39   41   43   46   48   51   54   57   59
   63   66   69   72   75   78   81   84   86   87   88   89   90   91   91   91
   92   93   92   92   92   91   90   88   87
    70.0-180.0 180.0   5.0 450.0                            LAT/LON1/LON2/DLON/H
   92   90   88   85   81   77   72   67   62   57   55   51   49   48   48   48
   49   48   48   48   48   46   45   43   41   39   37   34   32   31   31   31
   31   31   31   31   31   33   34   36   38   40   44   46   50   53   56   60
   64   67   71   75   78   82   85   88   90   92   93   94   95   96   96   97
   98   98   99   99   98   98   96   95   92
    67.5-180.0 180.0   5.0 450.0                            LAT/LON1/LON2/DLON/H
   98   96   93   89   84   80   74   68   62   56   51   45   42   40   40   41
   41   41   43   44   44   44   43   42   40   39   36   34   33   32   32   32
   32   31   30   29   29   29   30   32   34   37   41   45   49   53   57   61
   65   69   73   77   81   85   88   91   93   95   96   96   98   99  100  100
  101  102  103  103  103  103  102  101   98
    65.0-180.0 180.0   5.0 450.0                            LAT/LON1/LON2/DLON/H
  101  100   96   93   88   83   77   71   64   57   49   43   39   36   36   36
   36   37   39   41   42   42   42   41   40   38   36   35   34   33   33   33
   32   31   29   27   26   26   27   28   31   35   39   44   49   54   58   62
   67   71   76   79   83   87   90   92   94   96   97   98   99  100  101  102
  103  104  105  105  105  105  104  103  101
    62.5-180.0 180.0   5.0 450.0                            LAT/LON1/LON2/DLON/H
  102  101   98   95   91   86   80   73   66   59   52   44   39   36   34   34
   34   36   37   39   40   41   40   39   38   37   36   34   34   34   34   33
   32   29   27   25   24   23   24   26   29   34   39   45   51   56   61   66
   70   74   78   82   86   90   92   94   96   98   99   99  100  101  102  102
  103  104  104  104  104  104  104  103  102
    60.0-180.0 180.0   5.0 450.0                            LAT/LON1/LON2/DLON/H
  102  101   99   96   93   88   82   76   69   61   54   47   41   38   36   35
   35   35   36   37   38   38   37   37   35   35   33   33   33   32   32   32
   30   27   25   24   22   22   23   25   29   35   41   48   54   60   66   70
   74   78   82   86   89   92   95   98   99  100  101  102  103  103  104  104
  104  103  103  103  102  102  102  102  102
    57.5-180.0 180.0   5.0 450.0                            LAT/LON1/LON2/DLON/H
  102  101  100   98   94   90   84   77   70   63   56   49   45   41   38   36
   36   35   36   35   35   35   34   34   33   32   31   31   31   30   31   31
   29   27   26   24   23   23   24   28   32   38   46   53   61   66   72   75
   79   83   86   91   94   98  101  103  104  106  107  108  108  108  109  108
  107  106  104  103  101  101  102  102  102
    55.0-180.0 180.0   5.0 450.0                            LAT/LON1/LON2/DLON/H
  104  103  101   99   96   91   86   78   71   64   57   51   47   43   41   39
   37   36   35   34   33   33   32   32   31   30   29   30   30   30   30   30
   29   28   27   27   27   27   30   33   38   46   53   61   68   74   79   82
   85   89   92   97  101  105  108  111  113  115  116  117  118  118  116  115
  113  111  108  106  104  103  103  104  104
    52.5-180.0 180.0   5.0 450.0                            LAT/LON1/LON2/DLON/H
  109  108  106  103   99   94   88   81   73   65   58   52   48   46   43   41
   39   37   35   33   32   31   31   31   31   31   30   31   32   32   32   32
   31   30   31   32   33   35   37   41   47   53   62   69   76   82   85   89
   92   96  100  104  109  114  118  121  123  126  128  129  129  129  126  124
  121  119  116  113  111  109  109  109  109
    50.0-180.0 180.0   5.0 450.0                            LAT/LON1/LON2/DLON/H
  116  114  111  107  103   98   91   84   76   67   60   55   51   48   46   44
   42   40   36   34   32   32   32   33   34   35   35   36   37   38   37   36
   35   35   37   39   41   43   46   50   55   62   69   77   83   88   92   95
   99  103  107  113  118  124  128  132  135  138  140  141  141  139  136  133
  131  128  126  123  120  118  117  116  116
    47.5-180.0 180.0   5.0 450.0                            LAT/LON1/LON2/DLON/H
  124  121  117  112  108  102   97   89   80   72   64   58   54   51   49   47
   45   43   40   37   35   35   36   38   41   42   42   43   44   44   43   41
   41   41   44   46   49   52   55   59   63   69   76   83   89   94   98  102
  106  110  115  121  127  133  138  143  147  150  151  151  150  147  143  140
  138  136  133  131  128  127  126  125  124
    45.0-180.0 180.0   5.0 450.0                            LAT/LON1/LON2/DLON/H
  130  126  120  115  110  106  101   94   87   78   70   64   60   56   54   52
   49   47   44   41   40   41   43   46   49   51   51   51   51   50   48   47
   47   49   51   54   57   60   62   65   68   74   80   87   93   99  104  108
  113  118  123  129  136  142  148  152  155  158  159  159  157  152  148  144
  142  140  139  137  136  135  135  133  130
    42.5-180.0 180.0   5.0 450.0                            LAT/LON1/LON2/DLON/H
  134  129  122  116  111  109  105  100   93   86   78   72   67   63   60   58
   55   53   50   47   46   48   50   54   57   59   58   57   56   54   53   52
   52   54   57   59   62   65   66   67   71   76   84   91   98  103  109  115
  120  125  131  137  144  151  156  160  163  165  166  165  161  156  150  145
  143  141  141  140  140  141  141  139  134
    40.0-180.0 180.0   5.0 450.0                            LAT/LON1/LON2/DLON/H
  136  129  122  115  111  110  108  105  100   93   86   79   74   71   68   65
   62   60   57   54   53   55   57   61   64   65   64   61   59   56   55   54
   55   58   60   63   65   67   67   68   72   78   87   95  102  109  114  120
  126  131  137  144  151  157  162  167  171  173  174  172  167  160  152  147
  143  141  141  141  142  143  144  142  136
    37.5-180.0 180.0   5.0 450.0                            LAT/LON1/LON2/DLON/H
  137  130  123  115  111  109  109  108  105   99   92   86   82   78   75   73
   71   68   65   63   61   62   63   67   68   67   65   61   58   56   55   55
   56   59   62   64   66   67   67   68   72   79   90   99  107  113  118  124
  130  136  143  150  156  162  167  173  179  182  184  183  177  169  160  153
  148  145  144  143  143  144  145  144  137
    35.0-180.0 180.0   5.0 450.0                            LAT/LON1/LON2/DLON/H
  140  133  126  120  114  111  110  109  107  102   95   90   87   84   82   80
   78   76   73   71   68   68   69   70   70   67   62   58   55   53   54   56
   58   60   63   65   65   66   66   68   72   80   92  102  110  116  121  127
  133  140  147  155  161  167  173  180  188  194  199  200  195  186  178  170
  163  158  154  151  149  148  149  148  140
    32.5-180.0 180.0   5.0 450.0                            LAT/LON1/LON2/DLON/H
  152  146  140  133  126  120  115  111  107  101   96   91   89   87   86   85
   84   83   80   77   74   73   72   72   70   65   59   54   51   52   54   57
   60   62   64   65   65   65   65   66   71   81   93  104  112  118  123  129
  136  144  152  159  167  175  183  191  202  211  220  225  223  217  208  200
  190  182  174  168  164  161  162  159  152
    30.0-180.0 180.0   5.0 450.0                            LAT/LON1/LON2/DLON/H
  178  172  168  160  150  137  126  116  107   99   93   88   87   87   87   88
   88   87   85   82   77   75   74   72   69   63   56   51   50   51   55   60
   63   65   65   66   64   64   64   65   71   80   92  103  111  117  123  129
  138  146  156  166  176  185  196  206  220  234  248  257  260  257  250  243
  231  220  207  199  191  188  187  185  178
    27.5-180.0 180.0   5.0 450.0                            LAT/LON1/LON2/DLON/H
  218  216  212  203  187  167  146  127  110   97   88   84   83   83   85   86
   87   88   86   84   80   77   75   72   68   62   56   52   51   54   59   63
   66   67   66   65   64   63   62   63   68   77   89  100  109  116  121  128
  138  150  161  174  187  200  212  225  243  261  279  293  301  305  300  295
  281  266  251  240  229  226  227  224  218
    25.0-180.0 180.0   5.0 450.0                            LAT/LON1/LON2/DLON/H
  273  273  271  259  238  210  178  146  119  101   87   81   79   79   80   82
   83   85   85   84   80   77   75   73   69   64   59   56   56   60   64   68
   69   68   66   65   63   62   60   60   64   72   84   96  106  113  120  128
  139  152  167  183  198  215  230  246  267  287  310  329  343  352  352  345
  332  314  297  287  274  274  273  273  273
    22.5-180.0 180.0   5.0 450.0                            LAT/LON1/LON2/DLON/H
  332  334  339  326  300  263  220  176  138  111   93   83   79   77   76   76
   78   80   82   81   78   76   75   73   71   68   65   63   64   67   71   72
   71   68   65   63   61   59   57   56   58   66   78   91  101  110  118  128
  141  158  174  191  210  231  248  267  289  312  336  357  375  388  391  386
  377  358  344  330  319  320  323  324  332
    20.0-180.0 180.0   5.0 450.0                            LAT/LON1/LON2/DLON/H
  383  398  398  390  361  317  271  216  166  132  108   93   86   80   75   73
   73   76   78   78   75   73   73   74   74   73   73   72   73   75   76   76
   72   67   63   59   57   55   52   51   53   59   71   85   97  107  117  130
  146  163  181  200  221  243  261  283  304  328  350  371  388  402  410  408
  400  387  377  364  357  361  365  373  383
    17.5-180.0 180.0   5.0 450.0                            LAT/LON1/LON2/DLON/H
  417  438  447  445  418  373  316  257  206  164  133  113   99   89   79   73
   71   73   75   76   73   70   70   73   77   79   81   81   81   81   81   77
   72   65   60   56   52   51   48   46   46   52   64   80   95  106  118  132
  150  170  189  210  232  254  273  291  313  333  352  369  381  394  405  406
  401  396  388  379  380  385  392  402  417
    15.0-180.0 180.0   5.0 450.0                            LAT/LON1/LON2/DLON/H
  430  453  470  473  453  412  359  304  249  203  167  140  119  103   89   79
   74   74   75   75   72   69   69   74   80   85   88   89   88   85   82   77
   69   62   56   52   49   46   44   41   41   47   59   78   95  107  120  136
  155  176  198  220  242  263  280  296  313  326  340  352  362  373  383  386
  386  384  382  379  383  392  401  412  430
    12.5-180.0 180.0   5.0 450.0                            LAT/LON1/LON2/DLON/H
  421  444  463  471  463  432  387  339  289  244  206  173  144  122  104   93
   85   82   80   78   75   72   72   78   85   91   95   95   92   87   82   74
   66   59   53   49   46   44   42   39   39   44   58   77   95  108  122  139
  159  181  202  225  248  269  284  295  305  314  324  333  340  349  358  363
  366  366  367  368  375  384  394  403  421
    10.0-180.0 180.0   5.0 450.0                            LAT/LON1/LON2/DLON/H
  397  416  433  445  446  430  398  359  319  280  243  206  171  146  126  113
  103   97   92   88   83   79   79   85   93   99  101   99   94   87   79   71
   64   57   52   48   46   44   42   40   40   45   59   77   95  110  124  140
  161  183  204  227  248  270  284  293  299  306  314  320  325  331  339  347
  352  354  358  361  366  372  378  384  397
     7.5-180.0 180.0   5.0 450.0                            LAT/LON1/LON2/DLON/H
  369  382  396  409  412  405  386  360  331  302  271  231  195  170  151  137
  126  119  111  104   97   92   92   97  103  107  107  103   96   87   78   69
   62   57   53   50   47   45   44   42   43   48   60   77   95  110  124  141
  160  182  203  225  248  270  285  294  300  308  315  319  321  325  333  342
  350  356  361  363  364  365  364  365  369
     5.0-180.0 180.0   5.0 450.0                            LAT/LON1/LON2/DLON/H
  353  357  364  373  374  369  359  344  325  306  280  248  215  189  175  162
  152  144  135  126  116  110  109  112  116  117  114  108   99   89   78   69
   64   60   57   54   51   49   48   47   47   51   61   77   93  108  122  139
  158  178  199  221  244  267  285  297  307  315  323  327  328  331  338  350
  361  371  378  379  376  370  362  355  353
     2.5-180.0 180.0   5.0 450.0                            LAT/LON1/LON2/DLON/H
  355  350  348  349  346  340  332  323  310  296  276  250  223  202  192  185
  178  170  160  151  140  134  130  131  132  128  123  114  103   92   80   72
   67   64   62   59   56   54   53   51   50   53   62   76   91  105  118  134
  152  172  193  215  238  263  283  300  314  326  336  341  343  346  353  367
  381  394  405  406  399  388  375  363  355
