ionex_files/bejaia/igsg0780.21i
     1.0            IONOSPHERE MAPS     MIX                 IONEX VERSION / TYPE
cmpcmb v1.2          GRL/UWM             1-apr-21 10:24     PGM / RUN BY / DATE 
ionex file containing IGS COMBINED Ionosphere maps          COMMENT             
global ionosphere maps for day 078, 2021                    DESCRIPTION         
IONEX file containing the COMBINED IGS TEC MAPS and DCBs    DESCRIPTION         
      IONEX files of the following IAACs were combined: cod DESCRIPTION         
                                                        esa DESCRIPTION         
                                                        jpl DESCRIPTION         
                                                        upc DESCRIPTION         
Contact address: Andrzej Krankowski                         DESCRIPTION
                 Geodynamics Research Laboratory            DESCRIPTION
                 University of Warmia and Mazury (GRL/UWM)  DESCRIPTION
                 Oczapowski St. 1                           DESCRIPTION
                 10-957-Olsztyn, POLAND                     DESCRIPTION
                 e-mail:  kand@uwm.edu.pl                   DESCRIPTION
                                                            DESCRIPTION         
  2021     3    19     0     0     0                        EPOCH OF FIRST MAP  
  2021     3    20     0     0     0                        EPOCH OF LAST MAP   
  7200                                                      INTERVAL            
    13                                                      # OF MAPS IN FILE   
  COSZ                                                      MAPPING FUNCTION    
     0.0                                                    ELEVATION CUTOFF    
combined TEC calculated as weighted mean of input TEC valuesOBSERVABLES USED    
   369                                                      # OF STATIONS       
    32                                                      # OF SATELLITES     
  6371.0                                                    BASE RADIUS         
     2                                                      MAP DIMENSION       
   450.0 450.0   0.0                                        HGT1 / HGT2 / DHGT  
    87.5 -87.5  -2.5                                        LAT1 / LAT2 / DLAT  
  -180.0 180.0   5.0                                        LON1 / LON2 / DLON  
    -1                                                      EXPONENT            
TEC values in 0.1 tec units;  9999, if no value available   COMMENT             
DCB values in nanoseconds, reference is Sum_of_SatDCBs = 0  COMMENT             
                                                            END OF HEADER       
     1                                                      START OF TEC MAP    
  2021     3    19     0     0     0                        EPOCH OF CURRENT MAP
    87.5-180.0 180.0   5.0 450.0                            LAT/LON1/LON2/DLON/H
   45   46   46   46   47   47   47   47   47   48   48   48   48   48   48   48
   48   47   47   47   46   46   45   45   44   44   43   43   42   42   41   41
   40   39   39   39   38   38   38   37   37   37   37   37   38   38   38   38
   38   39   39   39   39   39   40   40   40   41   41   41   41   42   42   42
   43   43   43   44   44   44   45   45   45
    85.0-180.0 180.0   5.0 450.0                            LAT/LON1/LON2/DLON/H
   49   50   50   51   52   52   54   55   55   56   56   57   57   57   57   57
   56   56   55   54   53   51   50   49   48   47   46   44   43   42   40   39
   38   37   36   36   35   35   34   34   34   34   34   34   34   34   35   35
   36   36   37   37   38   39   39   40   41   41   42   43   43   44   44   44
   45   45   46   46   47   47   47   48   49
    82.5-180.0 180.0   5.0 450.0                            LAT/LON1/LON2/DLON/H
   52   53   54   55   56   57   59   60   62   63   64   65   67   67   67   68
   67   66   65   64   61   58   55   54   51   49   47   46   44   42   41   39
   37   36   35   33   33   32   32   32   31   32   32   32   33   33   33   34
   35   36   37   37   38   39   40   41   42   42   43   44   45   46   47   47
   47   48   49   49   49   50   51   51   52
    80.0-180.0 180.0   5.0 450.0                            LAT/LON1/LON2/DLON/H
   54   56   57   58   60   62   64   66   69   72   73   74   76   76   76   76
   76   74   73   71   69   67   62   58   56   54   51   49   46   43   41   39
   37   35   34   33   33   32   32   31   31   31   32   32   32   33   33   34
   34   35   36   37   38   39   40   41   42   43   45   46   47   48   49   50
   51   52   52   53   53   53   53   54   54
    77.5-180.0 180.0   5.0 450.0                            LAT/LON1/LON2/DLON/H
   58   59   60   62   63   66   68   72   75   78   80   81   83   83   84   83
   82   81   78   77   75   72   68   63   59   56   53   50   48   45   42   40
   38   37   36   35   34   33   33   32   32   32   33   33   33   33   33   33
   34   34   35   35   36   37   39   40   42   43   45   47   49   51   52   54
   55   56   56   57   57   56   57   57   58
    75.0-180.0 180.0   5.0 450.0                            LAT/LON1/LON2/DLON/H
   62   63   64   65   68   71   73   77   80   82   85   87   88   88   88   86
   85   84   82   79   77   73   70   66   61   58   54   51   49   46   43   41
   40   39   38   37   36   35   35   35   34   34   33   34   33   33   33   32
   32   33   33   33   34   35   37   38   40   42   45   47   50   52   54   57
   59   60   61   61   62   62   62   62   62
    72.5-180.0 180.0   5.0 450.0                            LAT/LON1/LON2/DLON/H
   69   69   69   71   73   75   78   81   84   86   89   90   91   90   89   87
   85   84   81   79   75   71   69   65   61   57   54   51   48   46   44   42
   41   41   40   40   39   39   37   37   36   34   34   33   33   32   31   30
   30   30   30   31   31   32   34   35   38   40   44   47   50   53   57   60
   62   64   66   67   68   68   69   68   69
    70.0-180.0 180.0   5.0 450.0                            LAT/LON1/LON2/DLON/H
   76   76   76   77   78   80   82   84   87   89   90   91   91   90   88   86
   83   81   79   75   73   69   66   63   59   56   52   50   48   46   45   44
   42   42   42   40   40   38   38   37   36   34   32   31   30   29   28   27
   27   27   27   27   28   29   31   33   36   39   44   47   51   55   59   62
   66   69   71   73   74   75   75   75   76
    67.5-180.0 180.0   5.0 450.0                            LAT/LON1/LON2/DLON/H
   83   83   83   82   83   83   85   86   88   90   91   92   90   89   87   84
   81   77   73   71   69   67   63   60   56   53   50   48   47   45   44   43
   42   42   41   39   39   37   36   34   33   31   29   28   26   25   25   25
   24   24   25   25   26   28   30   32   36   39   44   48   52   57   61   66
   69   73   76   79   81   82   82   83   83
    65.0-180.0 180.0   5.0 450.0                            LAT/LON1/LON2/DLON/H
   90   89   88   87   86   86   86   88   89   90   90   90   89   88   85   82
   77   73   70   68   66   64   61   57   54   51   48   47   45   43   42   42
   40   40   39   36   36   33   32   32   30   29   27   26   24   24   23   23
   24   24   24   25   26   27   29   32   36   40   45   50   55   59   64   69
   73   77   81   83   85   88   89   90   90
    62.5-180.0 180.0   5.0 450.0                            LAT/LON1/LON2/DLON/H
   95   94   92   90   88   87   88   88   89   89   89   89   87   86   83   80
   76   72   69   67   64   62   59   56   51   49   47   44   42   41   40   39
   38   37   35   33   32   30   29   29   29   27   26   25   24   24   24   24
   24   25   25   26   27   28   30   34   39   43   48   54   59   64   69   73
   77   81   84   87   89   92   94   95   95
    60.0-180.0 180.0   5.0 450.0                            LAT/LON1/LON2/DLON/H
   98   98   95   93   90   88   88   88   88   88   88   87   86   84   83   80
   77   74   71   68   66   61   58   55   51   48   47   44   42   39   38   37
   36   34   31   30   29   28   28   29   29   29   29   28   28   28   28   28
   29   28   28   28   29   31   33   37   42   47   53   58   65   69   75   79
   82   85   88   90   92   95   97   98   98
    57.5-180.0 180.0   5.0 450.0                            LAT/LON1/LON2/DLON/H
  102  101   99   96   92   90   88   88   88   88   87   87   86   85   84   82
   80   78   74   71   68   64   60   56   52   50   48   45   43   41   38   36
   35   32   30   28   28   28   30   32   32   33   34   35   35   35   35   35
   34   34   33   33   33   35   37   41   47   52   58   64   70   76   81   84
   86   89   91   92   94   97   99  101  102
    55.0-180.0 180.0   5.0 450.0                            LAT/LON1/LON2/DLON/H
  105  105  103   99   96   93   91   91   90   89   89   88   87   86   86   86
   84   82   79   76   72   68   63   59   56   54   52   49   47   44   41   38
   36   33   30   30   30   32   35   37   39   41   42   43   43   43   42   42
   41   40   40   40   39   41   43   47   51   57   63   69   76   81   85   87
   89   92   94   96   98  100  102  104  105
    52.5-180.0 180.0   5.0 450.0                            LAT/LON1/LON2/DLON/H
  110  110  108  106  102   99   97   95   94   93   91   90   89   89   89   89
   88   86   84   80   76   72   67   63   60   58   56   54   52   50   46   42
   40   36   35   35   36   39   42   45   47   49   50   51   51   51   51   50
   49   49   49   47   46   47   49   52   57   63   69   75   80   86   89   90
   92   95   99  101  103  104  106  109  110
    50.0-180.0 180.0   5.0 450.0                            LAT/LON1/LON2/DLON/H
  117  117  116  114  111  108  105  103  101   98   96   94   94   93   93   93
   92   90   87   84   80   75   71   67   65   63   62   61   59   56   52   47
   44   41   41   42   44   47   50   54   56   57   59   59   58   58   58   58
   57   58   57   56   54   54   55   58   62   68   74   80   84   89   91   93
   95  100  103  105  107  110  112  115  117
    47.5-180.0 180.0   5.0 450.0                            LAT/LON1/LON2/DLON/H
  125  126  125  123  122  119  116  113  109  106  103  100   99   98   98   97
   96   94   91   87   84   79   76   73   70   70   68   68   66   63   58   53
   49   48   48   50   52   55   59   61   63   64   65   65   64   63   63   63
   64   66   66   64   62   61   61   64   67   72   78   83   87   91   93   96
  100  104  107  110  114  116  119  122  125
    45.0-180.0 180.0   5.0 450.0                            LAT/LON1/LON2/DLON/H
  132  134  134  133  132  129  126  123  119  115  111  107  105  104  103  102
  100   97   94   91   88   85   82   79   77   75   74   73   70   67   63   59
   55   54   55   57   60   63   65   67   68   68   68   68   67   67   67   69
   71   75   75   74   71   69   68   70   74   78   84   87   91   94   97  100
  104  109  114  117  121  124  127  129  132
    42.5-180.0 180.0   5.0 450.0                            LAT/LON1/LON2/DLON/H
  139  141  141  140  139  137  135  132  128  124  119  114  112  110  109  108
  105  103   99   97   95   93   89   85   82   80   77   75   72   68   65   62
   59   58   61   63   65   68   69   70   69   69   69   69   70   71   72   75
   79   83   84   82   79   76   75   76   81   85   90   94   96   99  101  104
  108  114  120  126  130  133  135  137  139
    40.0-180.0 180.0   5.0 450.0                            LAT/LON1/LON2/DLON/H
  145  147  147  145  143  142  140  138  134  131  126  121  119  117  116  115
  112  110  107  105  103  101   96   91   86   82   77   74   71   68   64   62
   60   60   64   67   68   70   70   70   70   69   69   71   73   75   77   79
   84   88   89   87   83   80   80   82   86   92   96   99  102  104  106  110
  114  119  127  133  140  142  143  144  145
    37.5-180.0 180.0   5.0 450.0                            LAT/LON1/LON2/DLON/H
  152  152  151  148  145  143  141  140  139  136  132  128  125  124  124  123
  122  119  117  115  112  109  103   96   89   82   76   71   68   66   63   61
   60   62   65   68   69   70   70   70   70   68   69   72   75   78   80   82
   85   88   89   87   83   81   82   85   90   96  100  103  106  110  112  116
  119  124  132  141  147  150  150  151  152
    35.0-180.0 180.0   5.0 450.0                            LAT/LON1/LON2/DLON/H
  158  157  154  150  145  141  139  139  139  138  135  133  132  132  132  133
  132  131  130  127  123  117  109   99   90   82   75   69   65   63   60   59
   60   63   66   68   69   70   69   70   69   69   70   74   77   80   82   83
   83   84   85   83   80   79   81   85   92   97  101  104  108  112  117  121
  126  130  138  147  155  158  159  159  158
    32.5-180.0 180.0   5.0 450.0                            LAT/LON1/LON2/DLON/H
  169  166  162  155  148  140  138  137  138  138  138  137  138  140  141  143
  143  144  143  139  131  121  111  100   90   81   74   68   65   62   59   57
   59   63   67   68   69   68   68   68   69   71   73   76   79   81   82   81
   79   79   78   76   75   74   78   84   91   96  100  103  108  115  121  126
  131  137  145  155  163  169  171  171  169
    30.0-180.0 180.0   5.0 450.0                            LAT/LON1/LON2/DLON/H
  186  183  177  166  155  145  140  138  138  139  140  140  143  146  148  152
  154  156  155  148  137  123  109   98   90   81   76   72   68   65   60   57
   59   64   68   68   69   66   66   68   71   74   77   79   80   81   80   77
   74   72   70   69   69   70   74   82   89   95   98  102  107  115  123  130
  136  143  154  164  176  183  187  188  186
    27.5-180.0 180.0   5.0 450.0                            LAT/LON1/LON2/DLON/H
  212  208  200  187  172  157  148  144  144  144  145  146  148  151  154  158
  162  164  163  154  139  121  106   97   91   85   82   80   78   73   66   61
   62   67   69   68   68   66   66   69   74   76   78   79   80   80   77   72
   68   64   62   62   62   65   71   79   88   94   96  100  106  115  125  134
  142  151  164  177  191  202  209  212  212
    25.0-180.0 180.0   5.0 450.0                            LAT/LON1/LON2/DLON/H
  243  242  232  218  198  179  164  157  153  153  152  154  156  157  158  161
  165  168  166  156  139  120  106   99   98   97   95   94   91   86   77   69
   68   70   71   69   70   67   67   71   75   76   77   78   78   77   72   66
   61   58   56   56   56   60   67   77   87   94   96   99  105  115  126  138
  148  160  175  192  209  223  233  240  243
    22.5-180.0 180.0   5.0 450.0                            LAT/LON1/LON2/DLON/H
  277  282  275  260  236  211  191  179  170  167  166  165  165  164  163  164
  165  167  165  155  139  121  112  110  113  116  115  115  111  103   91   82
   77   76   75   71   71   69   69   73   76   77   76   76   76   73   67   61
   55   52   51   51   52   56   65   76   87   94   97  100  105  115  128  142
  155  169  187  208  228  245  258  270  277
    20.0-180.0 180.0   5.0 450.0                            LAT/LON1/LON2/DLON/H
  308  320  324  308  282  254  229  212  196  188  184  180  177  172  167  166
  166  167  163  154  141  130  126  130  137  140  140  139  135  123  109   96
   87   83   82   77   76   73   73   75   77   77   75   74   72   69   63   56
   51   48   46   47   47   53   62   74   86   94   98  101  107  117  130  145
  161  179  199  222  243  263  279  295  308
    17.5-180.0 180.0   5.0 450.0                            LAT/LON1/LON2/DLON/H
  329  348  360  354  331  304  275  255  233  218  208  200  193  184  172  170
  169  168  164  157  149  145  149  158  166  168  166  165  159  144  126  109
   99   94   91   86   84   78   76   77   77   76   74   71   69   64   58   51
   47   44   44   43   44   49   59   73   87   96  101  105  111  120  133  150
  168  189  210  233  254  274  292  311  329
    15.0-180.0 180.0   5.0 450.0                            LAT/LON1/LON2/DLON/H
  336  359  379  382  368  342  322  297  272  251  238  223  213  200  183  178
  177  175  171  166  164  167  180  191  198  198  192  186  184  162  140  122
  110  106  100   95   91   84   80   78   77   74   71   68   64   59   53   48
   44   42   41   40   41   47   56   71   87   98  104  110  116  126  139  156
  176  198  219  240  258  275  293  314  336
    12.5-180.0 180.0   5.0 450.0                            LAT/LON1/LON2/DLON/H
  327  352  377  390  386  369  350  328  310  287  266  251  236  221  203  194
  190  188  187  186  188  199  218  226  230  225  212  202  192  170  150  132
  121  115  109  103   98   89   82   78   75   72   68   64   60   55   50   46
   42   41   40   40   40   44   55   70   87   99  108  115  122  133  145  162
  183  205  226  243  258  269  284  305  327
    10.0-180.0 180.0   5.0 450.0                            LAT/LON1/LON2/DLON/H
  308  333  359  376  382  377  367  353  337  317  296  280  263  246  229  217
  211  212  214  218  222  238  258  262  256  243  220  201  186  168  154  138
  128  121  115  110  103   92   83   77   74   70   65   61   57   53   49   45
   42   40   40   38   39   43   54   70   87  100  110  119  127  138  151  168
  188  211  229  244  254  259  270  286  308
     7.5-180.0 180.0   5.0 450.0                            LAT/LON1/LON2/DLON/H
  286  309  335  354  364  369  370  365  354  337  319  305  289  272  256  244
  239  242  250  259  262  273  286  285  270  248  213  185  167  157  148  136
  129  123  118  114  105   94   83   76   71   68   64   60   56   53   50   46
   42   40   39   38   38   43   55   70   86  100  109  119  130  142  155  172
  192  214  232  246  251  252  257  266  286
     5.0-180.0 180.0   5.0 450.0                            LAT/LON1/LON2/DLON/H
  271  291  312  330  344  353  361  363  358  346  334  325  311  297  282  272
  270  277  289  295  302  302  300  288  267  233  190  161  144  139  133  127
  123  120  118  114  105   93   82   74   70   67   65   62   58   55   52   47
   42   39   38   38   39   45   56   72   86   97  107  118  129  142  157  174
  193  215  235  247  251  249  250  256  271
     2.5-180.0 180.0   5.0 450.0                            LAT/LON1/LON2/DLON/H
  269  284  301  316  328  340  352  356  355  348  341  337  328  316  303  296
  296  307  321  329  327  318  300  274  241  201  161  137  123  121  119  118
  116  116  114  109  101   90   79   73   69   69   67   64   61   58   53   46
   40   38   38   38   41   47   58   72   84   94  102  112  125  140  156  173
  192  214  235  249  255  252  252  258  269
