ionex_files/bejaia/igsg0830.21i
     1.0            IONOSPHERE MAPS     MIX                 IONEX VERSION / TYPE
cmpcmb v1.2          GRL/UWM            12-apr-21 05:31     PGM / RUN BY / DATE 
ionex file containing IGS COMBINED Ionosphere maps          COMMENT             
global ionosphere maps for day 083, 2021                    DESCRIPTION         
IONEX file containing the COMBINED IGS TEC MAPS and DCBs    DESCRIPTION         
      IONEX files of the following IAACs were combined: cod DESCRIPTION         
                                                        esa DESCRIPTION         
                                                        jpl DESCRIPTION         
                                                        upc DESCRIPTION         
Contact address: Andrzej Krankowski                         DESCRIPTION
                 Geodynamics Research Laboratory            DESCRIPTION
                 University of Warmia and Mazury (GRL/UWM)  DESCRIPTION
                 Oczapowski St. 1                           DESCRIPTION
                 10-957-Olsztyn, POLAND                     DESCRIPTION
                 e-mail:  kand@uwm.edu.pl                   DESCRIPTION
                                                            DESCRIPTION         
  2021     3    24     0     0     0                        EPOCH OF FIRST MAP  
  2021     3    25     0     0     0                        EPOCH OF LAST MAP   
  7200                                                      INTERVAL            
    13                                                      # OF MAPS IN FILE   
  COSZ                                                      MAPPING FUNCTION    
     0.0                                                    ELEVATION CUTOFF    
combined TEC calculated as weighted mean of input TEC valuesOBSERVABLES USED    
   375                                                      # OF STATIONS       
    32                                                      # OF SATELLITES     
  6371.0                                                    BASE RADIUS         
     2                                                      MAP DIMENSION       
   450.0 450.0   0.0                                        HGT1 / HGT2 / DHGT  
    87.5 -87.5  -2.5                                        LAT1 / LAT2 / DLAT  
  -180.0 180.0   5.0                                        LON1 / LON2 / DLON  
    -1                                                      EXPONENT            
TEC values in 0.1 tec units;  9999, if no value available   COMMENT             
DCB values in nanoseconds, reference is Sum_of_SatDCBs = 0  COMMENT             
                                                            END OF HEADER       
[from data line 3432]
     9                                                      START OF TEC MAP    
  2021     3    24    16     0     0                        EPOCH OF CURRENT MAP
    87.5-180.0 180.0   5.0 450.0                            LAT/LON1/LON2/DLON/H
   69   69   69   70   70   70   71   71   71   71   72   72   72   73   73   73
   73   73   73   73   73   73   73   73   72   72   72   72   72   72   71   71
   71   70   70   70   70   69   69   69   69   68   68   68   68   68   68   67
   67   67   67   67   67   67   67   67   67   67   67   67   67   67   67   67
   67   68   68   68   68   68   68   68   69
    85.0-180.0 180.0   5.0 450.0                            LAT/LON1/LON2/DLON/H
   65   66   66   66   67   68   69   70   70   71   72   72   73   73   73   74
   74   74   75   75   74   74   74   74   74   74   73   72   72   72   71   71
   70   70   69   68   68   68   67   66   66   65   65   65   64   64   64   64
   64   64   64   63   64   64   64   64   63   63   63   63   63   63   63   63
   62   63   63   63   63   64   64   64   65
    82.5-180.0 180.0   5.0 450.0                            LAT/LON1/LON2/DLON/H
   59   60   61   63   64   66   67   68   70   70   72   72   73   74   74   75
   75   75   75   75   75   75   75   75   75   75   74   74   73   73   72   72
   71   70   69   68   67   66   65   64   63   63   62   61   61   60   60   60
   59   60   60   60   60   60   60   60   60   59   59   58   58   57   57   57
   56   56   56   56   57   57   57   58   59
    80.0-180.0 180.0   5.0 450.0                            LAT/LON1/LON2/DLON/H
   52   53   55   57   59   61   64   66   68   69   70   71   72   73   73   74
   74   74   74   74   74   74   75   76   76   76   76   75   75   74   73   72
   71   70   69   67   67   65   64   63   61   60   59   58   57   57   56   56
   56   56   55   56   56   56   56   56   55   55   54   53   53   51   50   50
   49   48   48   48   48   48   49   50   52
    77.5-180.0 180.0   5.0 450.0                            LAT/LON1/LON2/DLON/H
   43   45   48   51   54   57   60   62   64   66   67   69   70   70   71   71
   71   72   72   72   72   73   74   75   75   76   76   77   76   76   75   74
   73   72   70   69   67   66   64   62   61   59   58   56   55   54   53   52
   52   51   51   51   51   51   51   50   50   49   49   47   47   45   44   43
   42   40   40   39   39   39   40   42   43
    75.0-180.0 180.0   5.0 450.0                            LAT/LON1/LON2/DLON/H
   36   38   42   45   48   51   54   57   60   62   64   66   67   67   68   68
   69   68   69   70   71   72   74   75   76   77   78   78   78   78   78   77
   76   75   73   71   69   67   66   64   61   60   57   56   54   53   51   49
   48   48   47   46   46   46   45   45   44   43   42   41   40   39   38   36
   35   34   33   32   32   33   33   35   36
    72.5-180.0 180.0   5.0 450.0                            LAT/LON1/LON2/DLON/H
   30   33   36   39   42   45   49   52   54   56   59   61   62   63   64   64
   65   66   67   68   69   71   73   75   77   78   80   80   80   80   80   79
   78   77   75   74   71   69   67   66   63   61   58   56   54   52   50   48
   46   45   43   43   42   40   39   38   38   37   36   35   34   33   32   31
   29   28   27   26   27   27   27   28   30
    70.0-180.0 180.0   5.0 450.0                            LAT/LON1/LON2/DLON/H
   27   30   32   35   38   41   44   47   50   53   55   57   58   60   61   62
   63   63   65   67   68   71   74   76   78   80   81   81   81   80   80   79
   78   77   76   75   73   71   69   67   65   63   60   58   55   52   50   47
   45   43   41   39   37   35   33   32   32   31   30   29   28   28   27   26
   26   25   24   23   23   23   24   26   27
    67.5-180.0 180.0   5.0 450.0                            LAT/LON1/LON2/DLON/H
   27   29   31   33   36   39   42   44   47   50   52   54   56   57   59   60
   61   62   64   66   68   71   74   77   79   81   82   82   81   80   79   77
   77   76   75   74   73   71   70   68   66   65   62   60   57   54   51   48
   45   42   39   37   34   30   29   28   27   26   25   25   24   25   25   26
   25   24   23   22   22   22   24   25   27
    65.0-180.0 180.0   5.0 450.0                            LAT/LON1/LON2/DLON/H
   28   30   32   34   35   38   41   44   46   48   51   53   54   57   58   60
   61   62   64   67   69   72   75   78   80   81   82   81   80   78   77   75
   74   74   73   72   71   71   70   69   68   67   65   63   60   57   54   50
   46   42   39   36   33   29   28   26   25   24   23   24   23   25   26   26
   26   26   26   24   23   24   25   27   28
    62.5-180.0 180.0   5.0 450.0                            LAT/LON1/LON2/DLON/H
   31   32   34   35   37   39   42   44   47   49   51   53   55   57   59   60
   62   63   65   67   70   73   77   80   81   81   81   80   79   77   75   74
   73   72   71   71   71   71   70   70   69   69   68   66   64   60   56   52
   48   44   41   38   34   32   30   28   26   26   25   25   26   27   29   30
   30   30   29   28   27   27   28   29   31
    60.0-180.0 180.0   5.0 450.0                            LAT/LON1/LON2/DLON/H
   34   35   37   38   40   42   44   46   48   51   53   55   57   59   61   62
   64   65   67   69   71   75   78   81   82   82   82   80   79   77   75   74
   73   72   72   72   71   72   71   71   71   71   70   69   67   63   59   55
   51   48   44   41   38   36   34   32   30   30   29   29   30   32   33   34
   34   34   34   33   32   32   33   33   34
    57.5-180.0 180.0   5.0 450.0                            LAT/LON1/LON2/DLON/H
   39   39   41   42   44   45   47   50   52   54   57   59   60   62   63   64
   66   67   68   70   73   76   79   82   83   84   83   83   82   80   78   77
   77   75   75   75   74   74   74   73   74   74   74   72   70   67   63   59
   55   52   49   46   44   41   39   38   36   36   36   36   37   38   39   40
   40   40   39   39   38   38   38   38   39
    55.0-180.0 180.0   5.0 450.0                            LAT/LON1/LON2/DLON/H
   44   44   45   47   48   50   51   54   56   59   61   63   64   65   66   66
   68   69   70   72   74   77   81   84   86   87   87   87   86   86   84   83
   82   82   81   80   78   77   77   77   78   78   78   76   74   71   67   63
   60   57   55   52   50   48   46   45   44   43   43   44   45   46   46   47
   47   46   46   45   44   43   43   43   44
    52.5-180.0 180.0   5.0 450.0                            LAT/LON1/LON2/DLON/H
   50   50   51   52   53   54   57   59   61   64   66   67   67   67   68   68
   70   71   72   74   77   80   83   86   89   91   92   93   93   93   92   92
   90   89   88   86   84   83   83   83   83   84   83   81   78   75   71   68
   66   64   61   60   57   55   54   53   52   52   52   53   53   55   55   55
   54   53   52   52   51   50   49   49   50
    50.0-180.0 180.0   5.0 450.0                            LAT/LON1/LON2/DLON/H
   56   56   57   57   58   60   62   65   67   69   70   71   71   71   71   71
   73   75   77   79   82   84   88   91   94   96   98  100  101  102  101  100
   98   97   95   92   91   90   89   90   90   90   89   87   84   81   77   74
   72   70   67   66   65   63   62   60   60   61   61   62   63   63   63   63
   62   61   59   59   58   56   55   55   56
    47.5-180.0 180.0   5.0 450.0                            LAT/LON1/LON2/DLON/H
   62   62   62   63   63   65   68   71   74   75   75   75   75   74   75   76
   77   80   83   86   89   92   95   97  100  103  105  107  109  110  109  107
  105  103  101   99   97   96   97   97   98   98   98   95   92   88   84   80
   78   76   74   73   72   70   69   68   68   69   69   70   71   72   72   72
   71   69   68   66   64   62   61   62   62
    45.0-180.0 180.0   5.0 450.0                            LAT/LON1/LON2/DLON/H
   67   66   67   67   67   70   74   77   80   82   81   81   80   80   81   83
   85   88   91   96   99  102  105  107  109  111  112  114  116  116  115  112
  109  107  105  103  103  104  104  105  107  108  107  104  100   95   90   87
   84   83   81   80   78   77   77   76   76   75   75   76   77   78   79   79
   79   77   76   73   70   68   67   67   67
    42.5-180.0 180.0   5.0 450.0                            LAT/LON1/LON2/DLON/H
   72   70   70   70   70   74   79   83   86   88   89   88   88   89   90   93
   96  100  104  108  112  115  117  118  119  120  120  122  122  121  119  115
  111  110  109  108  109  111  113  115  116  117  116  113  108  103   97   92
   90   89   88   87   85   84   83   82   81   81   80   80   80   82   84   84
   84   83   82   79   76   73   72   72   72
    40.0-180.0 180.0   5.0 450.0                            LAT/LON1/LON2/DLON/H
   74   73   72   72   72   76   82   87   92   95   97   98   99  101  103  107
  110  114  118  123  126  129  130  130  129  129  128  128  127  126  122  117
  114  114  114  114  116  119  122  124  127  128  127  123  117  109  103   98
   95   92   91   91   90   89   88   87   86   86   84   84   84   85   86   87
   87   86   85   82   79   77   75   75   74
    37.5-180.0 180.0   5.0 450.0                            LAT/LON1/LON2/DLON/H
   75   74   72   71   72   77   84   91   97  103  107  111  113  117  119  123
  126  130  133  137  140  141  142  141  139  137  136  135  134  130  125  120
  117  119  121  123  127  130  133  136  139  140  138  133  125  115  107  102
   97   94   94   93   92   92   91   89   88   88   88   86   86   86   87   88
   87   87   86   83   80   78   77   76   75
    35.0-180.0 180.0   5.0 450.0                            LAT/LON1/LON2/DLON/H
   75   73   71   70   70   75   84   93  103  111  119  124  130  135  138  141
  143  145  147  149  151  152  152  150  147  145  144  143  141  136  131  126
  126  129  134  138  143  146  149  151  152  152  151  143  134  121  111  103
   98   95   93   92   92   91   91   90   88   87   87   86   86   86   86   87
   87   86   85   82   80   77   76   75   75
    32.5-180.0 180.0   5.0 450.0                            LAT/LON1/LON2/DLON/H
   72   71   69   67   67   72   81   93  105  117  128  137  145  152  157  159
  159  160  159  159  159  159  158  156  154  154  153  153  152  147  142  138
  142  148  156  162  166  169  169  168  166  165  162  154  142  126  113  104
   98   95   92   90   89   89   90   90   88   86   85   85   85   85   85   85
   85   84   83   80   78   76   75   73   72
    30.0-180.0 180.0   5.0 450.0                            LAT/LON1/LON2/DLON/H
   69   69   67   64   63   67   77   91  105  120  133  146  158  168  173  175
  174  171  169  166  164  163  162  161  161  162  164  166  167  163  160  158
  165  175  185  195  200  199  196  190  183  178  173  164  149  132  118  107
  100   95   92   89   87   87   89   89   88   86   84   85   85   85   85   84
   83   82   81   79   76   74   73   71   69
    27.5-180.0 180.0   5.0 450.0                            LAT/LON1/LON2/DLON/H
   67   66   65   62   59   62   72   87  103  120  136  152  167  178  185  187
  185  182  177  173  169  167  166  166  169  172  177  184  187  186  184  186
  195  208  221  233  237  233  224  213  202  193  186  174  158  141  125  113
  105  100   94   90   87   87   88   88   88   85   85   85   86   87   86   85
   83   81   79   77   75   72   70   68   67
    25.0-180.0 180.0   5.0 450.0                            LAT/LON1/LON2/DLON/H
   65   65   64   62   59   59   68   82  100  118  135  153  169  183  192  195
  193  190  185  180  175  172  172  174  178  186  195  205  211  215  215  218
  228  243  260  275  281  271  254  236  222  210  199  189  175  154  138  126
  115  109  102   96   91   90   90   91   89   87   87   89   91   92   90   89
   86   83   80   77   75   72   69   67   65
    22.5-180.0 180.0   5.0 450.0                            LAT/LON1/LON2/DLON/H
   64   65   64   62   59   60   66   80   98  116  133  151  169  184  194  199
  200  199  195  191  185  183  182  186  193  204  217  232  241  248  251  253
  263  279  298  315  320  304  279  256  240  226  215  211  197  173  157  143
  131  124  114  106  100   97   96   96   94   93   93   95   99  100   99   96
   92   89   83   80   77   74   70   66   64
    20.0-180.0 180.0   5.0 450.0                            LAT/LON1/LON2/DLON/H
   64   64   64   63   61   60   68   82   98  115  131  148  167  183  195  201
  205  208  208  207  202  199  199  203  212  227  242  262  276  286  288  288
  296  308  330  346  347  327  297  274  256  243  234  227  217  194  177  164
  153  143  131  122  115  110  107  104  104  102  102  105  109  111  109  105
  102   97   91   85   81   77   72   66   64
    17.5-180.0 180.0   5.0 450.0                            LAT/LON1/LON2/DLON/H
   64   64   65   64   62   63   71   85  102  117  131  147  166  182  195  204
  211  218  223  226  223  221  221  225  235  251  272  296  312  322  325  322
  324  332  349  361  359  337  309  289  274  264  258  246  233  214  200  187
  177  166  154  141  134  126  121  116  114  112  113  117  122  121  119  115
  111  105   98   91   86   81   74   68   64
    15.0-180.0 180.0   5.0 450.0                            LAT/LON1/LON2/DLON/H
   66   65   66   65   63   65   74   90  107  122  134  148  165  181  196  208
  219  230  240  246  247  247  247  252  262  279  302  327  343  353  355  350
  346  349  358  365  359  339  318  301  295  291  283  269  254  235  220  209
  201  190  176  163  154  145  139  130  125  121  124  129  134  131  128  123
  119  111  104   97   91   85   78   71   66
    12.5-180.0 180.0   5.0 450.0                            LAT/LON1/LON2/DLON/H
   69   67   66   65   64   67   76   93  111  126  138  152  167  184  200  213
  227  242  256  267  272  274  275  281  290  306  329  351  368  376  376  369
  362  361  363  364  356  340  324  314  314  313  303  289  272  251  235  226
  221  209  195  184  174  164  156  147  139  134  135  139  143  139  135  129
  122  114  107   99   93   87   81   74   69
    10.0-180.0 180.0   5.0 450.0                            LAT/LON1/LON2/DLON/H
   71   68   66   65   64   68   78   95  115  131  143  157  172  189  205  219
  235  254  272  286  294  299  303  309  318  332  352  372  386  392  390  382
  374  368  366  363  355  342  332  325  324  324  314  301  283  262  246  238
  234  224  210  198  189  178  170  161  152  146  145  148  149  143  138  131
  124  115  106   99   92   87   81   76   71
     7.5-180.0 180.0   5.0 450.0                            LAT/LON1/LON2/DLON/H
   72   68   66   64   63   67   78   97  118  135  148  162  177  195  211  228
  245  265  284  300  312  322  328  332  341  355  372  389  400  402  399  391
  382  375  369  364  357  346  339  334  332  328  319  306  287  268  253  245
  240  229  216  204  194  185  178  170  161  154  152  152  152  144  138  130
  122  113  103   95   89   85   81   77   72
     5.0-180.0 180.0   5.0 450.0                            LAT/LON1/LON2/DLON/H
   73   68   65   63   63   66   77   96  118  138  152  167  183  201  219  237
  256  274  293  310  326  338  345  351  360  374  389  403  410  408  404  397
  389  382  376  369  362  353  346  342  337  330  319  303  285  267  253  244
  236  226  213  200  191  185  178  170  162  157  154  152  150  143  136  127
  119  109   99   91   85   82   81   77   73
     2.5-180.0 180.0   5.0 450.0                            LAT/LON1/LON2/DLON/H
   72   68   65   62   61   65   75   94  116  138  155  170  188  208  228  246
  265  284  300  317  334  347  356  364  374  388  400  410  412  409  405  401
  396  390  384  377  369  360  354  348  339  328  313  294  275  259  246  235
  225  213  201  189  182  177  171  165  159  155  153  149  145  137  131  123
  114  104   95   86   82   79   78   76   72
