ionex_files/bejaia/igsg0650.21i
     1.0            IONOSPHERE MAPS     MIX                 IONEX VERSION / TYPE
cmpcmb v1.2          GRL/UWM            18-mar-21 04:06     PGM / RUN BY / DATE 
ionex file containing IGS COMBINED Ionosphere maps          COMMENT             
global ionosphere maps for day 065, 2021                    DESCRIPTION         
IONEX file containing the COMBINED IGS TEC MAPS and DCBs    DESCRIPTION         
      IONEX files of the following IAACs were combined: cod DESCRIPTION         
                                                        esa DESCRIPTION         
                                                        jpl DESCRIPTION         
                                                        upc DESCRIPTION         
Contact address: Andrzej Krankowski                         DESCRIPTION
                 Geodynamics Research Laboratory            DESCRIPTION
                 University of Warmia and Mazury (GRL/UWM)  DESCRIPTION
                 Oczapowski St. 1                           DESCRIPTION
                 10-957-Olsztyn, POLAND                     DESCRIPTION
                 e-mail:  kand@uwm.edu.pl                   DESCRIPTION
                                                            DESCRIPTION         
  2021     3     6     0     0     0                        EPOCH OF FIRST MAP  
  2021     3     7     0     0     0                        EPOCH OF LAST MAP   
  7200                                                      INTERVAL            
    13                                                      # OF MAPS IN FILE   
  COSZ                                                      MAPPING FUNCTION    
     0.0                                                    ELEVATION CUTOFF    
combined TEC calculated as weighted mean of input TEC valuesOBSERVABLES USED    
   371                                                      # OF STATIONS       
    32                                                      # OF SATELLITES     
  6371.0                                                    BASE RADIUS         
     2                                                      MAP DIMENSION       
   450.0 450.0   0.0                                        HGT1 / HGT2 / DHGT  
    87.5 -87.5  -2.5                                        LAT1 / LAT2 / DLAT  
  -180.0 180.0   5.0                                        LON1 / LON2 / DLON  
    -1                                                      EXPONENT            
TEC values in 0.1 tec units;  9999, if no value available   COMMENT             
DCB values in nanoseconds, reference is Sum_of_SatDCBs = 0  COMMENT             
                                                            END OF HEADER       
[from data line 1287]
     4                                                      START OF TEC MAP    
  2021     3     6     6     0     0                        EPOCH OF CURRENT MAP
    87.5-180.0 180.0   5.0 450.0                            LAT/LON1/LON2/DLON/H
   57   56   57   57   57   57   58   58   58   58   58   58   58   58   58   58
   58   58   58   58   58   58   57   57   57   57   57   57   57   56   56   56
   56   56   55   56   55   55   55   55   55   54   54   54   54   54   54   54
   54   54   54   54   54   54   54   54   54   54   54   54   54   54   55   54
   55   55   54   55   55   55   56   56   57
    85.0-180.0 180.0   5.0 450.0                            LAT/LON1/LON2/DLON/H
   58   58   58   59   59   60   60   60   60   60   60   60   60   59   59   59
   59   58   57   58   57   56   56   55   55   54   54   54   54   53   53   54
   53   53   53   53   54   54   54   54   54   53   54   54   53   53   53   53
   53   54   53   54   54   54   54   54   54   54   54   54   54   54   54   54
   54   55   55   56   56   56   56   57   58
    82.5-180.0 180.0   5.0 450.0                            LAT/LON1/LON2/DLON/H
   55   56   57   57   57   58   58   58   58   59   59   59   59   59   58   57
   57   56   55   54   53   52   51   51   50   49   49   49   50   50   50   50
   51   51   51   52   52   53   53   53   53   54   54   54   54   55   55   55
   55   55   56   56   56   57   57   57   57   57   57   56   56   56   56   56
   55   55   55   55   55   55   55   55   55
    80.0-180.0 180.0   5.0 450.0                            LAT/LON1/LON2/DLON/H
   53   53   53   53   54   54   55   55   57   58   58   57   56   55   54   53
   53   51   50   49   47   46   45   45   44   43   44   43   44   44   45   46
   47   47   48   49   50   51   51   52   53   54   55   56   56   57   58   58
   59   60   61   61   62   62   63   63   63   63   62   62   61   61   60   59
   58   56   56   55   54   53   54   53   53
    77.5-180.0 180.0   5.0 450.0                            LAT/LON1/LON2/DLON/H
   52   51   51   50   50   51   52   53   52   53   52   51   50   50   50   50
   49   47   46   43   42   40   39   38   38   38   38   38   39   39   41   42
   44   45   46   47   48   49   50   51   52   54   56   57   58   60   61   62
   64   65   66   67   68   69   70   70   71   71   71   70   70   69   67   66
   63   62   60   59   58   56   54   53   52
    75.0-180.0 180.0   5.0 450.0                            LAT/LON1/LON2/DLON/H
   53   51   50   48   47   47   47   48   48   47   47   48   47   46   45   44
   43   41   39   37   36   34   34   33   33   34   34   35   36   37   38   40
   41   42   44   45   46   48   49   51   53   55   57   59   61   63   65   67
   69   70   72   73   75   76   77   79   80   80   80   80   80   79   77   76
   74   72   70   68   64   61   58   55   53
    72.5-180.0 180.0   5.0 450.0                            LAT/LON1/LON2/DLON/H
   56   52   48   46   44   43   43   44   44   44   44   44   44   42   42   40
   38   36   35   33   32   32   31   31   32   32   33   34   35   36   37   39
   40   41   42   44   45   47   48   50   52   55   58   60   64   66   69   71
   74   76   78   80   81   83   85   87   88   89   89   90   89   88   88   87
   86   83   81   78   74   70   66   60   56
    70.0-180.0 180.0   5.0 450.0                            LAT/LON1/LON2/DLON/H
   61   54   49   44   41   41   40   40   40   41   42   42   41   40   37   35
   34   31   31   33   31   32   32   31   32   33   35   35   37   37   38   39
   40   40   41   41   43   44   46   48   51   54   58   61   65   69   72   75
   78   81   83   85   86   88   90   92   93   95   95   96   96   96   96   96
   96   94   92   89   85   80   74   68   61
    67.5-180.0 180.0   5.0 450.0                            LAT/LON1/LON2/DLON/H
   66   58   51   44   40   38   38   38   38   39   40   39   38   36   34   33
   30   31   31   33   32   33   33   34   35   36   37   38   38   39   39   39
   39   38   38   39   39   40   42   45   48   51   56   61   66   70   75   78
   82   84   86   88   90   92   93   95   96   97   98   99   99   99   99  100
  100   99   97   96   92   88   82   75   66
    65.0-180.0 180.0   5.0 450.0                            LAT/LON1/LON2/DLON/H
   72   63   55   46   41   38   37   36   36   37   37   37   36   34   33   31
   31   32   33   34   35   35   36   37   37   38   39   40   40   40   39   38
   36   34   34   34   34   36   38   41   45   50   55   61   66   72   77   81
   84   87   89   91   92   93   94   96   97   98   98   98   99   98   98   99
   99   99   98   97   96   93   87   80   72
    62.5-180.0 180.0   5.0 450.0                            LAT/LON1/LON2/DLON/H
   76   68   59   51   44   40   37   35   35   35   36   36   35   34   33   33
   33   35   36   37   37   37   38   38   38   38   39   40   39   39   38   35
   32   29   29   28   29   31   34   38   43   49   54   61   68   74   79   84
   88   90   92   93   93   94   95   96   97   97   98   98   97   96   95   95
   95   95   95   96   95   94   89   83   76
    60.0-180.0 180.0   5.0 450.0                            LAT/LON1/LON2/DLON/H
   78   71   62   55   48   43   39   36   35   35   35   35   33   33   33   34
   34   36   37   38   37   37   37   36   36   36   36   37   37   36   35   30
   27   25   24   24   25   28   32   37   43   49   56   63   70   76   82   87
   90   94   95   95   96   97   97   98   99   99   99   98   97   95   93   92
   90   91   91   92   93   92   89   85   78
    57.5-180.0 180.0   5.0 450.0                            LAT/LON1/LON2/DLON/H
   81   74   67   59   53   47   42   39   36   35   34   33   33   33   33   33
   35   36   36   36   35   35   34   33   32   32   32   33   33   33   31   26
   22   20   20   21   23   27   32   38   44   51   59   66   72   79   86   90
   95   98  100  101  101  103  103  104  104  104  103  102  100   98   94   91
   89   88   88   88   90   90   89   86   81
    55.0-180.0 180.0   5.0 450.0                            LAT/LON1/LON2/DLON/H
   85   79   72   64   58   51   46   42   38   36   34   33   32   32   32   33
   33   34   34   33   32   31   30   29   27   27   26   27   29   29   28   23
   20   19   19   20   24   28   34   41   48   56   63   70   77   84   89   95
  100  104  107  109  110  112  112  112  113  113  111  110  107  105  100   96
   92   89   88   88   89   91   91   89   85
    52.5-180.0 180.0   5.0 450.0                            LAT/LON1/LON2/DLON/H
   90   84   78   71   64   57   52   46   41   38   35   34   33   32   32   31
   32   31   31   29   28   26   27   25   24   23   23   25   27   28   26   24
   22   21   22   23   27   33   39   47   54   62   68   75   81   89   95  101
  106  112  117  120  121  123  123  122  122  122  122  121  118  114  110  104
   99   95   92   91   92   93   94   94   90
    50.0-180.0 180.0   5.0 450.0                            LAT/LON1/LON2/DLON/H
   96   91   85   78   71   64   58   51   45   41   38   36   35   33   32   32
   31   30   30   28   27   25   25   24   23   23   24   26   28   30   29   28
   27   26   27   29   32   39   47   55   61   69   75   82   88   95  101  107
  114  120  126  130  133  134  133  132  132  132  132  131  129  125  120  114
  109  104  100   99   98   99   99   99   96
    47.5-180.0 180.0   5.0 450.0                            LAT/LON1/LON2/DLON/H
  101   97   91   85   78   71   64   56   49   45   42   41   39   37   35   34
   32   32   32   30   29   28   27   27   27   28   30   31   32   34   35   35
   34   34   35   36   40   47   55   63   70   77   83   90   96  102  108  114
  121  128  134  140  143  144  143  141  140  139  139  138  135  132  128  124
  119  114  110  107  105  105  105  104  101
    45.0-180.0 180.0   5.0 450.0                            LAT/LON1/LON2/DLON/H
  106  101   96   90   84   77   70   62   56   51   47   46   44   42   40   38
   36   36   36   36   35   35   35   35   36   37   38   40   40   41   43   43
   43   43   43   44   48   54   62   71   79   86   92   98  103  109  114  121
  127  134  141  148  151  152  151  148  145  143  141  140  138  135  133  131
  126  122  118  114  112  111  111  109  106
    42.5-180.0 180.0   5.0 450.0                            LAT/LON1/LON2/DLON/H
  108  103   97   92   86   81   74   67   61   57   54   53   52   50   46   43
   42   42   42   43   44   44   45   46   47   48   48   48   48   49   50   52
   52   52   51   51   55   61   70   79   87   94  100  106  111  117  122  128
  133  140  146  153  157  158  157  152  148  144  141  138  136  134  132  131
  129  127  123  119  117  115  114  112  108
    40.0-180.0 180.0   5.0 450.0                            LAT/LON1/LON2/DLON/H
  107  102   95   90   86   82   77   71   66   62   60   60   60   58   54   52
   50   49   50   52   53   54   55   57   59   58   57   56   54   54   56   58
   59   59   58   58   61   67   75   84   93  101  108  114  120  126  131  135
  139  144  150  156  161  164  162  159  153  147  142  137  133  130  128  128
  129  128  125  121  119  117  115  112  107
    37.5-180.0 180.0   5.0 450.0                            LAT/LON1/LON2/DLON/H
  104   96   89   84   81   79   77   74   70   68   67   67   68   66   64   60
   59   58   59   60   61   62   64   65   66   66   64   61   58   58   59   61
   63   63   62   61   64   70   79   89   99  108  116  122  128  133  138  141
  144  148  154  160  166  170  170  168  163  156  149  142  135  130  127  128
  129  129  128  124  121  119  116  110  104
    35.0-180.0 180.0   5.0 450.0                            LAT/LON1/LON2/DLON/H
   99   89   80   74   72   73   74   73   72   71   72   74   75   75   73   70
   68   67   67   67   67   68   69   71   71   69   66   62   59   59   60   62
   63   63   63   62   65   73   83   93  104  114  122  129  135  140  145  148
  150  154  160  167  175  182  184  184  180  174  166  157  147  139  134  134
  135  135  135  130  127  123  118  108   99
    32.5-180.0 180.0   5.0 450.0                            LAT/LON1/LON2/DLON/H
   97   83   72   67   64   66   68   70   70   71   74   77   81   81   80   78
   76   74   73   72   71   72   72   72   72   69   65   61   58   57   58   60
   62   62   62   62   65   74   85   97  108  117  126  134  141  147  152  155
  159  163  170  180  191  201  206  209  208  204  195  184  173  162  155  152
  151  151  149  144  139  132  123  111   97
    30.0-180.0 180.0   5.0 450.0                            LAT/LON1/LON2/DLON/H
  100   82   68   62   60   61   64   66   67   69   73   78   83   85   85   83
   81   79   77   74   73   72   71   70   69   67   63   58   56   55   56   57
   59   60   60   60   64   73   85   99  110  119  128  137  146  153  159  164
  170  177  187  201  215  228  237  245  247  244  237  226  214  199  188  182
  179  178  176  169  161  151  138  120  100
    27.5-180.0 180.0   5.0 450.0                            LAT/LON1/LON2/DLON/H
  115   91   74   65   61   59   60   61   63   65   70   76   81   84   85   84
   83   81   79   75   72   70   69   68   66   64   59   56   54   53   54   55
   56   57   57   58   62   72   85   99  110  120  129  139  149  158  167  174
  184  198  212  229  246  261  274  285  290  291  286  277  264  247  231  222
  217  216  213  205  196  181  162  141  115
    25.0-180.0 180.0   5.0 450.0                            LAT/LON1/LON2/DLON/H
  140  111   88   74   67   62   60   58   59   63   67   72   77   80   82   82
   81   80   78   75   71   69   67   66   64   61   57   54   53   53   52   52
   53   53   54   55   59   70   84   99  110  120  130  140  152  162  175  186
  202  221  240  260  279  294  311  325  333  337  338  332  321  304  282  269
  262  261  257  250  239  218  196  170  140
    22.5-180.0 180.0   5.0 450.0                            LAT/LON1/LON2/DLON/H
  173  141  114   93   80   70   64   60   59   61   64   67   71   74   76   77
   78   77   76   73   70   67   67   65   63   59   56   54   53   52   51   49
   49   50   51   52   56   67   83   98  109  119  130  142  154  168  184  201
  221  246  267  288  309  325  342  358  370  376  382  379  372  356  334  319
  310  309  305  299  281  259  235  205  173
    20.0-180.0 180.0   5.0 450.0                            LAT/LON1/LON2/DLON/H
  206  175  144  118  100   87   76   69   64   64   64   66   67   69   70   72
   73   73   72   70   67   67   66   65   62   59   55   53   53   52   49   47
   46   47   47   49   53   65   80   95  108  119  130  144  159  175  194  216
  240  267  291  310  331  346  363  377  389  396  404  405  400  389  370  360
  350  350  347  342  323  299  269  240  206
    17.5-180.0 180.0   5.0 450.0                            LAT/LON1/LON2/DLON/H
  241  208  178  147  124  109   97   86   78   73   70   68   66   66   66   67
   68   69   69   67   65   65   65   65   62   59   55   54   53   52   49   46
   44   44   45   46   52   63   78   94  107  119  132  146  163  182  203  228
  256  282  306  323  340  353  366  378  386  395  403  406  405  400  388  377
  371  370  369  363  350  327  299  270  241
    15.0-180.0 180.0   5.0 450.0                            LAT/LON1/LON2/DLON/H
  268  237  206  173  149  131  117  107   96   88   81   75   70   67   65   65
   66   66   66   65   63   63   64   64   63   60   56   55   54   53   49   45
   43   42   43   45   51   63   78   93  107  120  134  149  167  187  211  237
  265  290  312  329  339  346  351  358  364  374  382  389  391  389  384  374
  368  368  368  364  356  337  316  292  268
    12.5-180.0 180.0   5.0 450.0                            LAT/LON1/LON2/DLON/H
  283  257  229  201  174  156  142  130  120  107   96   87   79   74   71   69
   68   67   65   65   64   64   65   66   64   61   58   57   56   54   50   46
   43   42   43   45   52   64   80   95  108  121  136  152  170  192  217  242
  268  292  310  321  327  329  328  331  338  347  356  365  370  371  368  362
  357  355  353  352  347  334  319  302  283
    10.0-180.0 180.0   5.0 450.0                            LAT/LON1/LON2/DLON/H
  288  268  245  220  196  179  166  153  143  128  114  103   93   86   82   79
   76   72   69   68   67   68   70   69   67   64   61   60   59   56   52   48
   45   44   44   47   54   67   82   97  110  123  138  153  172  195  218  245
  269  288  301  308  311  312  309  312  319  328  338  347  352  353  352  348
  344  341  339  339  333  325  315  302  288
     7.5-180.0 180.0   5.0 450.0                            LAT/LON1/LON2/DLON/H
  290  274  256  237  217  201  189  178  165  148  134  122  110  103   98   93
   89   83   78   75   75   76   77   77   73   70   66   64   63   60   56   52
   49   47   47   50   57   70   85   98  111  124  138  154  174  196  221  246
  266  282  291  296  299  301  300  305  312  321  331  338  341  343  343  343
  338  334  333  331  326  318  311  301  290
     5.0-180.0 180.0   5.0 450.0                            LAT/LON1/LON2/DLON/H
  293  281  266  251  236  223  211  198  182  165  151  139  129  126  119  114
  106   99   92   87   87   89   89   87   83   78   73   70   69   66   62   57
   53   52   52   54   61   73   87  100  112  124  138  155  174  196  221  244
  262  275  284  290  294  297  299  305  314  323  332  336  339  340  342  341
  340  337  334  330  326  319  311  303  293
     2.5-180.0 180.0   5.0 450.0                            LAT/LON1/LON2/DLON/H
  302  292  279  265  252  240  225  211  193  175  162  152  146  146  140  139
  129  120  112  105  105  105  105  102   95   89   83   78   75   72   67   62
   59   57   56   58   65   76   89  101  112  124  139  156  174  196  218  240
  257  270  279  286  292  297  301  310  321  331  337  340  341  343  346  348
  350  347  343  338  334  327  320  312  302
