ionex_files/bejaia/igsg0650.21i
     1.0            IONOSPHERE MAPS     MIX                 IONEX VERSION / TYPE
cmpcmb v1.2          GRL/UWM            18-mar-21 04:06     PGM / RUN BY / DATE 
ionex file containing IGS COMBINED Ionosphere maps          COMMENT             
global ionosphere maps for day 065, 2021                    DESCRIPTION         
IONEX file containing the COMBINED IGS TEC MAPS and DCBs    DESCRIPTION         
      IONEX files of the following IAACs were combined: cod DESCRIPTION         
                                                        esa DESCRIPTION         
                                                        jpl DESCRIPTION         
                                                        upc DESCRIPTION         
Contact address: Andrzej Krankowski                         DESCRIPTION
                 Geodynamics Research Laboratory            DESCRIPTION
                 University of Warmia and Mazury (GRL/UWM)  DESCRIPTION
                 Oczapowski St. 1                           DESCRIPTION
                 10-957-Olsztyn, POLAND                     DESCRIPTION
                 e-mail:  kand@uwm.edu.pl                   DESCRIPTION
                                                            DESCRIPTION         
  2021     3     6     0     0     0                        EPOCH OF FIRST MAP  
  2021     3     7     0     0     0                        EPOCH OF LAST MAP   
  7200                                                      INTERVAL            
    13                                                      # OF MAPS IN FILE   
  COSZ                                                      MAPPING FUNCTION    
     0.0                                                    ELEVATION CUTOFF    
combined TEC calculated as weighted mean of input TEC valuesOBSERVABLES USED    
   371                                                      # OF STATIONS       
    32                                                      # OF SATELLITES     
  6371.0                                                    BASE RADIUS         
     2                                                      MAP DIMENSION       
   450.0 450.0   0.0                                        HGT1 / HGT2 / DHGT  
    87.5 -87.5  -2.5                                        LAT1 / LAT2 / DLAT  
  -180.0 180.0   5.0                                        LON1 / LON2 / DLON  
    -1                                                      EXPONENT            
TEC values in 0.1 tec units;  9999, if no value available   COMMENT             
DCB values in nanoseconds, reference is Sum_of_SatDCBs = 0  COMMENT             
                                                            END OF HEADER       
[from data line 3861]
    10                                                      START OF TEC MAP    
  2021     3     6    18     0     0                        EPOCH OF CURRENT MAP
    87.5-180.0 180.0   5.0 450.0                            LAT/LON1/LON2/DLON/H
   34   35   35   35   36   37   37   37   37   38   38   38   39   39   39   39
   39   39   39   39   39   39   39   39   39   39   38   38   37   37   36   36
   36   35   35   35   34   34   34   33   33   32   32   32   32   31   31   31
   31   30   30   30   30   30   30   31   31   31   31   31   31   32   32   32
   32   32   32   33   33   33   34   34   34
    85.0-180.0 180.0   5.0 450.0                            LAT/LON1/LON2/DLON/H
   36   37   37   39   39   40   41   42   43   44   45   45   46   47   47   47
   47   47   47   46   46   46   46   46   45   44   44   43   42   41   40   40
   39   38   38   36   36   35   35   34   33   33   32   31   31   30   29   29
   29   29   28   28   28   28   28   28   28   28   28   29   29   29   29   30
   30   30   31   32   32   33   34   35   36
    82.5-180.0 180.0   5.0 450.0                            LAT/LON1/LON2/DLON/H
   37   38   39   40   42   43   45   46   49   49   52   53   54   54   55   56
   55   55   55   54   54   53   52   52   51   50   49   48   47   46   44   43
   42   41   40   39   38   37   36   35   34   33   32   32   31   30   30   29
   28   28   27   27   27   27   26   27   27   27   27   27   27   28   28   28
   29   30   31   32   33   34   35   36   37
    80.0-180.0 180.0   5.0 450.0                            LAT/LON1/LON2/DLON/H
   37   38   40   42   44   46   48   50   52   54   56   57   59   60   61   61
   61   61   61   61   60   59   58   57   56   55   54   53   52   50   49   47
   46   45   43   42   40   39   38   37   36   35   34   33   32   31   30   30
   30   29   28   28   27   27   26   26   27   26   26   26   26   27   27   28
   29   30   31   32   32   33   34   35   37
    77.5-180.0 180.0   5.0 450.0                            LAT/LON1/LON2/DLON/H
   36   38   40   42   44   47   49   52   54   56   59   61   62   63   64   66
   67   67   68   67   66   64   64   63   63   61   59   58   56   55   54   52
   50   48   47   44   43   41   39   37   36   36   35   34   33   33   32   32
   31   31   30   29   28   28   27   27   27   27   27   27   27   27   27   28
   29   29   30   30   31   32   33   34   36
    75.0-180.0 180.0   5.0 450.0                            LAT/LON1/LON2/DLON/H
   36   38   40   42   44   46   49   52   54   57   60   62   64   67   69   71
   71   71   70   69   69   69   68   67   66   65   64   63   61   59   57   55
   54   51   49   47   44   42   40   38   37   35   35   34   33   33   33   32
   32   32   31   30   30   29   29   28   28   27   27   27   27   27   27   27
   28   28   28   28   29   30   32   33   36
    72.5-180.0 180.0   5.0 450.0                            LAT/LON1/LON2/DLON/H
   34   36   39   41   43   46   48   51   53   56   59   63   65   68   70   70
   71   72   71   71   72   72   72   71   69   68   67   66   64   62   60   58
   55   52   50   48   45   42   40   37   35   34   32   32   32   32   31   31
   32   32   31   30   30   30   29   29   28   28   28   27   27   27   27   27
   27   27   27   27   28   29   30   33   34
    70.0-180.0 180.0   5.0 450.0                            LAT/LON1/LON2/DLON/H
   33   35   38   40   42   44   47   50   53   55   59   63   66   68   69   70
   71   72   73   74   74   75   74   73   72   71   69   67   65   62   60   58
   55   53   49   46   44   41   38   35   33   31   29   29   29   29   29   29
   30   31   30   30   29   29   29   29   28   28   28   27   27   27   27   27
   26   25   25   25   26   28   29   31   33
    67.5-180.0 180.0   5.0 450.0                            LAT/LON1/LON2/DLON/H
   32   35   37   39   41   43   46   49   52   56   59   63   66   67   69   71
   72   72   74   75   76   76   75   75   73   72   70   67   65   63   60   57
   55   53   49   46   44   40   37   34   31   28   26   26   26   27   27   27
   28   29   29   28   28   28   28   28   27   27   27   27   27   28   27   26
   25   24   23   24   25   27   29   31   32
    65.0-180.0 180.0   5.0 450.0                            LAT/LON1/LON2/DLON/H
   32   35   37   39   41   43   46   49   52   55   59   63   66   68   69   71
   71   72   74   75   77   77   76   76   75   73   71   68   66   63   61   58
   56   54   51   48   44   40   37   33   30   28   26   25   24   25   25   26
   27   27   27   27   27   27   27   27   27   27   27   27   28   28   28   27
   26   25   24   23   24   26   28   30   32
    62.5-180.0 180.0   5.0 450.0                            LAT/LON1/LON2/DLON/H
   33   36   38   40   43   45   47   50   53   56   60   64   67   69   70   71
   71   72   73   75   77   77   77   76   75   74   72   70   67   66   63   61
   59   56   53   50   46   42   38   35   32   29   27   26   25   26   27   27
   27   27   27   27   27   27   26   26   27   27   28   29   29   29   29   28
   27   26   26   25   25   27   28   30   33
    60.0-180.0 180.0   5.0 450.0                            LAT/LON1/LON2/DLON/H
   34   37   40   42   45   47   49   52   55   59   63   67   69   71   72   72
   71   72   72   74   77   78   78   77   76   75   72   71   69   68   66   63
   61   58   55   52   48   45   41   38   35   33   31   30   29   29   30   30
   31   30   30   29   28   28   27   27   28   29   31   31   31   32   31   30
   29   29   28   28   27   27   29   31   34
    57.5-180.0 180.0   5.0 450.0                            LAT/LON1/LON2/DLON/H
   35   38   42   45   48   50   52   55   59   62   66   70   73   74   74   73
   72   72   72   74   77   78   79   78   77   76   75   74   73   72   71   68
   66   63   59   55   52   48   45   43   40   38   36   36   35   35   36   36
   36   35   34   32   31   30   30   31   32   33   34   35   36   35   35   34
   32   31   30   29   29   30   31   32   35
    55.0-180.0 180.0   5.0 450.0                            LAT/LON1/LON2/DLON/H
   38   41   44   48   51   55   57   60   63   67   71   74   77   78   78   76
   74   73   74   76   78   79   80   80   80   79   78   79   79   79   77   75
   71   67   64   59   55   52   49   48   47   45   44   44   43   43   44   44
   43   41   39   37   36   35   35   36   37   38   39   40   40   41   39   38
   36   35   33   33   33   33   34   35   38
    52.5-180.0 180.0   5.0 450.0                            LAT/LON1/LON2/DLON/H
   41   44   47   52   56   60   64   66   69   72   76   79   82   82   82   79
   77   76   77   78   80   81   82   82   82   83   84   85   86   86   85   82
   78   73   69   64   60   56   55   54   53   53   52   52   52   53   53   53
   51   49   46   44   42   41   41   42   43   44   46   47   47   47   45   43
   41   40   39   37   37   37   38   39   41
    50.0-180.0 180.0   5.0 450.0                            LAT/LON1/LON2/DLON/H
   44   47   51   56   62   67   70   73   76   79   82   85   88   88   87   85
   82   81   81   82   83   84   85   86   87   88   90   92   93   94   93   89
   84   79   75   69   65   62   61   61   60   61   61   61   62   63   62   62
   60   58   55   53   50   49   49   49   50   52   54   54   55   54   53   50
   48   46   44   42   42   41   42   42   44
    47.5-180.0 180.0   5.0 450.0                            LAT/LON1/LON2/DLON/H
   47   50   55   62   69   75   79   82   84   86   89   92   94   94   93   91
   89   87   87   88   88   89   90   91   92   94   96   99  101  100   98   94
   89   84   80   75   71   69   68   67   68   69   70   71   72   72   72   71
   70   68   64   61   59   57   57   58   58   60   61   62   62   62   60   58
   55   52   49   47   46   46   46   46   47
    45.0-180.0 180.0   5.0 450.0                            LAT/LON1/LON2/DLON/H
   50   53   59   67   77   83   88   90   92   94   96   99  101  102  100   99
   97   96   95   95   95   95   96   97   99  101  103  106  106  105  102   97
   92   88   84   81   77   76   75   74   75   76   77   79   81   81   81   80
   79   78   74   71   68   67   66   67   66   66   68   69   69   69   67   65
   62   58   55   52   51   50   50   49   50
    42.5-180.0 180.0   5.0 450.0                            LAT/LON1/LON2/DLON/H
   53   57   64   74   84   92   96   99  102  104  105  108  109  110  109  108
  107  106  105  105  104  103  104  105  107  108  110  111  110  107  103   99
   94   91   89   87   84   82   81   80   81   82   84   86   88   90   90   90
   89   88   84   81   79   77   75   75   74   73   74   74   75   75   74   71
   67   63   60   57   55   54   53   52   53
    40.0-180.0 180.0   5.0 450.0                            LAT/LON1/LON2/DLON/H
   55   59   67   78   90   99  105  109  111  113  116  118  119  120  119  118
  117  117  117  116  114  113  112  113  114  116  116  115  113  108  104  100
   98   96   96   93   92   90   87   86   85   87   89   93   96   97   98   97
   96   94   91   89   87   85   83   81   80   79   79   79   80   80   78   75
   71   67   63   60   58   56   55   54   55
    37.5-180.0 180.0   5.0 450.0                            LAT/LON1/LON2/DLON/H
   56   60   69   81   94  105  112  117  120  124  127  128  130  130  130  129
  128  128  127  127  124  122  121  121  122  123  121  119  115  110  106  104
  104  105  104  102  100   98   95   92   90   91   94   98  102  103  102  100
   98   97   95   93   92   89   87   84   84   83   83   83   83   83   80   78
   74   70   66   61   59   57   56   55   56
    35.0-180.0 180.0   5.0 450.0                            LAT/LON1/LON2/DLON/H
   57   62   71   84   96  108  117  123  129  134  137  140  141  142  141  140
  139  139  137  137  134  132  130  129  129  128  126  123  119  115  113  113
  116  117  116  113  111  108  104   99   96   96   98  102  105  105  103  100
   98   97   96   94   92   90   88   85   85   84   84   85   85   84   82   80
   76   71   67   62   59   57   56   55   57
    32.5-180.0 180.0   5.0 450.0                            LAT/LON1/LON2/DLON/H
   57   62   72   84   98  109  119  128  135  142  148  151  153  153  151  149
  147  146  145  145  143  140  138  136  135  133  131  129  127  125  126  129
  132  134  132  128  124  119  113  107  102  100  101  104  105  104  102   98
   95   94   93   92   90   88   86   84   84   83   83   84   85   84   83   80
   76   71   67   63   60   57   56   55   57
    30.0-180.0 180.0   5.0 450.0                            LAT/LON1/LON2/DLON/H
   57   63   72   84   97  109  120  130  140  149  156  161  163  164  162  159
  155  152  151  150  149  147  144  141  139  139  138  139  140  142  146  151
  155  156  152  147  140  132  123  115  107  104  104  104  103  102   98   95
   92   89   88   87   87   85   84   83   82   82   82   83   84   84   82   79
   75   71   66   63   59   57   56   55   57
    27.5-180.0 180.0   5.0 450.0                            LAT/LON1/LON2/DLON/H
   59   65   73   84   96  107  120  131  143  155  165  171  174  174  171  168
  163  158  156  154  153  152  150  146  145  147  149  153  159  164  171  178
  182  182  176  167  157  146  133  123  113  108  105  103  101  100   96   92
   88   85   84   84   83   83   82   82   81   81   81   82   82   82   81   78
   74   70   66   63   60   58   57   56   59
    25.0-180.0 180.0   5.0 450.0                            LAT/LON1/LON2/DLON/H
   62   68   76   85   96  107  119  132  146  161  172  178  183  184  182  178
  171  165  161  158  158  158  155  153  153  157  165  174  182  192  201  208
  213  210  202  189  174  160  144  132  120  112  108  104  102   99   95   91
   86   83   81   80   80   80   81   80   80   80   80   81   82   82   82   78
   74   70   66   63   62   60   59   59   62
    22.5-180.0 180.0   5.0 450.0                            LAT/LON1/LON2/DLON/H
   65   72   81   90   98  109  121  134  150  166  179  187  193  196  195  191
  183  175  167  165  164  164  163  163  166  174  185  198  211  223  233  240
  243  238  225  210  192  174  157  142  131  120  113  108  105  101   98   94
   88   84   81   79   79   78   79   79   78   79   80   81   81   82   81   78
   74   70   66   65   63   62   62   62   65
    20.0-180.0 180.0   5.0 450.0                            LAT/LON1/LON2/DLON/H
   70   78   86   95  103  113  125  139  154  172  185  196  204  210  210  208
  198  190  179  174  173  173  174  177  184  196  211  228  244  255  266  270
  270  262  248  230  209  189  171  155  142  130  122  117  112  108  105  100
   94   88   84   81   80   79   80   78   77   79   80   81   82   81   80   78
   74   70   67   66   65   65   65   66   70
    17.5-180.0 180.0   5.0 450.0                            LAT/LON1/LON2/DLON/H
   74   83   92  102  110  120  132  147  161  178  193  206  217  225  228  226
  219  208  194  187  184  185  189  195  206  222  242  260  280  292  297  296
  293  284  266  247  225  205  187  171  157  145  137  130  124  120  117  110
  103   96   91   87   83   81   80   78   78   80   82   83   84   83   81   78
   74   71   68   67   68   67   68   70   74
    15.0-180.0 180.0   5.0 450.0                            LAT/LON1/LON2/DLON/H
   78   87   98  108  118  128  141  156  169  183  201  217  231  241  246  247
  242  231  215  205  202  204  209  219  232  252  275  296  312  325  325  318
  311  301  282  260  240  221  206  191  177  165  155  146  138  133  129  122
  116  107  101   95   89   85   84   80   81   82   84   86   86   85   83   79
   74   71   69   69   70   70   71   73   78
    12.5-180.0 180.0   5.0 450.0                            LAT/LON1/LON2/DLON/H
   82   91  103  115  125  137  150  164  177  191  208  228  245  257  267  270
  267  257  241  231  226  229  236  246  261  282  305  327  341  348  343  334
  324  312  294  273  254  239  225  212  199  187  175  164  154  148  142  135
  128  119  112  104   98   91   88   84   84   85   86   88   89   87   84   80
   75   72   70   71   72   73   74   76   82
    10.0-180.0 180.0   5.0 450.0                            LAT/LON1/LON2/DLON/H
   85   95  108  120  132  144  158  172  185  198  216  237  257  273  286  291
  292  285  272  263  258  259  267  279  293  312  331  349  358  359  352  342
  333  320  304  286  270  257  245  232  218  206  194  181  169  160  153  146
  138  130  121  113  105   97   93   88   87   87   89   89   90   88   85   81
   76   73   71   72   74   75   76   78   85
     7.5-180.0 180.0   5.0 450.0                            LAT/LON1/LON2/DLON/H
   87   98  111  125  137  150  165  179  192  205  223  245  266  286  302  311
  315  313  305  298  291  293  300  311  325  340  354  364  368  362  354  347
  339  328  314  299  284  273  261  248  234  220  207  193  180  170  161  152
  144  136  129  120  111  102   96   91   89   89   90   90   90   88   85   81
   77   73   72   73   75   77   78   81   87
     5.0-180.0 180.0   5.0 450.0                            LAT/LON1/LON2/DLON/H
   90  101  114  128  141  156  171  186  201  214  231  252  274  295  314  327
  334  336  336  333  327  328  333  341  352  363  375  381  374  365  357  353
  347  338  325  311  297  285  272  258  242  228  213  199  186  175  163  152
  145  138  132  124  115  105   98   92   89   90   90   90   88   87   85   82
   78   75   73   74   76   79   81   84   90
     2.5-180.0 180.0   5.0 450.0                            LAT/LON1/LON2/DLON/H
   94  104  117  131  145  161  176  194  210  223  238  258  280  301  320  337
  345  351  358  361  359  361  364  367  371  377  387  388  379  369  363  361
  356  348  335  320  306  291  277  261  244  228  213  198  184  171  159  148
  141  136  131  125  116  105   97   91   89   89   88   88   87   85   84   82
   79   77   75   75   78   80   82   86   94
