ionex_files/bejaia/igsg0750.21i
     1.0            IONOSPHERE MAPS     MIX                 IONEX VERSION / TYPE
cmpcmb v1.2          GRL/UWM             1-apr-21 10:07     PGM / RUN BY / DATE 
ionex file containing IGS COMBINED Ionosphere maps          COMMENT             
global ionosphere maps for day 075, 2021                    DESCRIPTION         
IONEX file containing the COMBINED IGS TEC MAPS and DCBs    DESCRIPTION         
      IONEX files of the following IAACs were combined: cod DESCRIPTION         
                                                        esa DESCRIPTION         
                                                        jpl DESCRIPTION         
                                                        upc DESCRIPTION         
Contact address: Andrzej Krankowski                         DESCRIPTION
                 Geodynamics Research Laboratory            DESCRIPTION
                 University of Warmia and Mazury (GRL/UWM)  DESCRIPTION
                 Oczapowski St. 1                           DESCRIPTION
                 10-957-Olsztyn, POLAND                     DESCRIPTION
                 e-mail:  kand@uwm.edu.pl                   DESCRIPTION
                                                            DESCRIPTION         
  2021     3    16     0     0     0                        EPOCH OF FIRST MAP  
  2021     3    17     0     0     0                        EPOCH OF LAST MAP   
  7200                                                      INTERVAL            
    13                                                      # OF MAPS IN FILE   
  COSZ                                                      MAPPING FUNCTION    
     0.0                                                    ELEVATION CUTOFF    
combined TEC calculated as weighted mean of input TEC valuesOBSERVABLES USED    
   373                                                      # OF STATIONS       
    32                                                      # OF SATELLITES     
  6371.0                                                    BASE RADIUS         
     2                                                      MAP DIMENSION       
   450.0 450.0   0.0                                        HGT1 / HGT2 / DHGT  
    87.5 -87.5  -2.5                                        LAT1 / LAT2 / DLAT  
  -180.0 180.0   5.0                                        LON1 / LON2 / DLON  
    -1                                                      EXPONENT            
TEC values in 0.1 tec units;  9999, if no value available   COMMENT             
DCB values in nanoseconds, reference is Sum_of_SatDCBs = 0  COMMENT             
                                                            END OF HEADER       
[from data line 2145]
     6                                                      START OF TEC MAP    
  2021     3    16    10     0     0                        EPOCH OF CURRENT MAP
    87.5-180.0 180.0   5.0 450.0                            LAT/LON1/LON2/DLON/H
   56   56   56   56   56   55   55   55   55   56   55   55   55   55   55   55
   55   55   56   56   56   56   56   56   56   56   56   57   57   57   58   58
   58   59   59   59   59   59   59   60   59   60   60   59   59   59   59   59
   59   59   59   59   59   58   58   58   58   58   58   57   57   57   57   57
   57   57   57   56   56   56   56   56   56
    85.0-180.0 180.0   5.0 450.0                            LAT/LON1/LON2/DLON/H
   53   53   53   52   52   52   52   51   51   50   50   50   50   50   50   50
   49   49   50   50   50   51   51   52   53   53   54   55   56   56   57   57
   58   59   59   59   60   60   60   60   61   60   61   61   60   60   60   60
   59   59   59   58   58   57   57   56   56   55   55   55   54   54   53   53
   53   53   52   52   52   52   52   53   53
    82.5-180.0 180.0   5.0 450.0                            LAT/LON1/LON2/DLON/H
   46   47   46   46   47   46   47   46   45   46   45   45   44   44   43   43
   43   43   43   44   44   44   46   47   48   49   50   51   52   53   54   55
   56   57   58   59   59   60   60   61   61   61   61   61   61   61   60   60
   60   59   59   59   59   58   57   56   55   54   53   52   51   51   49   49
   48   47   47   47   47   47   46   47   46
    80.0-180.0 180.0   5.0 450.0                            LAT/LON1/LON2/DLON/H
   41   41   41   41   42   42   42   42   41   41   40   39   38   37   37   36
   36   36   36   36   37   38   39   41   43   44   45   47   48   50   52   53
   55   56   57   58   59   60   60   61   61   61   61   62   61   61   61   61
   61   61   61   60   60   59   59   58   56   55   53   52   50   48   47   45
   43   42   41   41   40   40   40   40   41
    77.5-180.0 180.0   5.0 450.0                            LAT/LON1/LON2/DLON/H
   34   34   36   37   38   38   38   38   36   35   34   33   32   31   30   30
   30   29   30   30   31   32   35   36   38   40   42   44   46   48   50   52
   54   55   57   58   59   60   61   62   62   62   63   63   63   64   64   64
   64   65   65   64   64   64   63   62   61   59   57   54   52   50   47   44
   41   39   37   35   34   34   34   34   34
    75.0-180.0 180.0   5.0 450.0                            LAT/LON1/LON2/DLON/H
   28   29   30   32   33   33   34   32   32   32   30   29   27   27   26   25
   25   24   25   26   28   30   32   33   35   38   40   42   44   47   49   52
   54   56   57   59   60   61   63   63   63   65   65   66   66   68   68   69
   70   70   71   70   70   69   69   68   67   65   63   60   57   53   49   46
   42   38   36   33   31   30   29   29   28
    72.5-180.0 180.0   5.0 450.0                            LAT/LON1/LON2/DLON/H
   25   25   26   27   28   29   29   28   28   28   26   25   24   23   23   22
   22   22   23   25   26   28   30   32   34   37   39   42   44   47   49   51
   54   56   58   60   62   63   64   65   66   66   67   69   70   72   73   75
   75   76   77   77   77   76   75   74   73   71   69   66   63   59   55   51
   47   42   37   34   31   28   26   26   25
    70.0-180.0 180.0   5.0 450.0                            LAT/LON1/LON2/DLON/H
   24   23   23   23   24   25   26   25   25   24   23   22   22   23   21   21
   21   22   23   25   27   28   30   32   34   37   40   42   45   47   50   52
   54   56   58   60   63   64   65   66   67   68   69   71   73   75   78   79
   81   82   83   83   83   82   81   80   78   76   74   72   69   65   61   56
   51   46   41   37   33   29   26   25   24
    67.5-180.0 180.0   5.0 450.0                            LAT/LON1/LON2/DLON/H
   23   22   22   21   22   23   23   23   22   22   22   21   22   21   21   20
   21   22   23   25   27   28   29   32   34   37   40   43   46   48   50   53
   54   56   59   61   63   65   67   68   69   70   71   73   76   78   81   83
   85   86   87   87   86   85   84   82   81   79   77   76   73   70   66   61
   55   50   45   40   35   31   27   25   23
    65.0-180.0 180.0   5.0 450.0                            LAT/LON1/LON2/DLON/H
   24   23   22   21   21   21   21   21   21   21   21   21   20   20   20   20
   20   22   23   24   26   28   29   31   33   36   40   43   46   49   51   53
   55   56   58   61   63   65   67   68   70   71   72   75   77   80   83   85
   87   88   88   88   87   85   83   82   80   79   78   76   74   72   67   63
   57   53   47   42   37   32   29   26   24
    62.5-180.0 180.0   5.0 450.0                            LAT/LON1/LON2/DLON/H
   26   24   23   22   22   21   21   21   20   20   20   20   19   19   19   19
   20   21   22   23   24   26   27   29   31   35   39   43   46   49   51   53
   54   56   58   61   64   66   68   69   70   72   73   76   78   81   83   85
   87   88   87   86   85   84   81   80   78   77   76   75   73   71   67   62
   57   52   47   42   37   34   31   28   26
    60.0-180.0 180.0   5.0 450.0                            LAT/LON1/LON2/DLON/H
   28   27   25   25   24   23   23   22   21   20   20   19   18   17   17   17
   18   19   19   20   21   22   24   27   29   33   38   44   47   50   52   54
   55   57   59   62   65   67   69   71   72   73   75   77   79   82   84   86
   86   86   85   84   83   81   79   78   76   74   73   72   70   68   65   60
   56   51   46   42   38   35   32   30   28
    57.5-180.0 180.0   5.0 450.0                            LAT/LON1/LON2/DLON/H
   31   30   29   28   27   26   25   24   23   22   21   19   18   16   15   15
   16   16   16   17   18   19   21   25   28   32   38   44   49   52   54   56
   57   58   60   63   67   69   71   73   75   77   78   81   82   84   86   87
   87   86   84   83   82   81   79   78   76   74   73   71   69   66   64   59
   54   50   45   42   38   36   34   32   31
    55.0-180.0 180.0   5.0 450.0                            LAT/LON1/LON2/DLON/H
   35   34   33   32   32   30   29   27   26   24   23   21   19   17   15   15
   14   14   14   15   15   16   18   23   27   32   39   46   52   56   57   58
   59   61   64   67   70   72   75   77   80   82   84   86   88   89   90   90
   90   89   88   86   85   84   83   82   80   78   75   73   71   67   64   60
   55   50   47   44   41   38   37   36   35
    52.5-180.0 180.0   5.0 450.0                            LAT/LON1/LON2/DLON/H
   39   39   38   38   37   35   34   32   31   29   27   26   22   20   18   16
   15   15   15   15   15   15   17   23   28   34   41   49   56   59   62   62
   63   66   68   72   74   77   80   83   85   88   91   94   95   96   97   97
   96   96   95   93   93   91   91   90   88   85   82   79   75   71   67   62
   57   54   50   47   45   42   41   40   39
    50.0-180.0 180.0   5.0 450.0                            LAT/LON1/LON2/DLON/H
   44   44   44   43   43   42   40   39   37   36   34   31   28   25   22   20
   18   17   18   17   17   17   20   24   30   36   45   54   60   64   66   67
   68   71   74   77   80   83   86   89   92   96   99  103  105  106  106  107
  105  105  103  102  101  101  101  100   98   95   91   86   81   76   71   66
   62   58   55   53   50   48   46   45   44
    47.5-180.0 180.0   5.0 450.0                            LAT/LON1/LON2/DLON/H
   49   49   49   49   50   48   47   45   44   43   41   38   35   31   28   26
   24   23   23   23   22   23   25   29   35   43   51   59   65   69   70   71
   73   76   80   83   86   89   93   97  101  105  110  113  116  117  117  117
  116  114  112  111  110  111  111  111  108  105  100   94   87   82   76   72
   68   64   61   58   56   53   51   50   49
    45.0-180.0 180.0   5.0 450.0                            LAT/LON1/LON2/DLON/H
   53   54   54   54   55   55   54   52   51   51   49   46   43   40   36   34
   32   31   30   30   30   30   32   36   42   50   57   64   69   72   74   75
   77   81   85   89   92   96   99  104  109  115  120  123  127  127  127  127
  126  124  120  119  118  118  119  119  117  113  108  101   94   89   84   79
   75   70   66   63   61   58   55   54   53
    42.5-180.0 180.0   5.0 450.0                            LAT/LON1/LON2/DLON/H
   56   56   57   58   60   60   60   58   58   58   56   54   51   48   45   44
   42   40   40   39   39   39   41   44   50   57   62   68   73   75   76   78
   81   86   90   94   98  102  106  111  118  124  130  134  137  137  137  136
  134  132  128  125  124  123  124  123  121  118  113  106  101   95   90   85
   80   75   71   67   64   61   59   56   56
    40.0-180.0 180.0   5.0 450.0                            LAT/LON1/LON2/DLON/H
   57   58   59   61   63   63   63   63   63   63   62   60   59   56   55   53
   51   50   49   48   48   47   48   50   55   61   67   71   74   77   78   80
   84   89   94   99  104  108  113  120  127  135  140  145  147  148  146  145
  141  138  132  129  127  125  125  124  122  119  116  111  106  100   95   89
   83   78   73   68   65   62   60   58   57
    37.5-180.0 180.0   5.0 450.0                            LAT/LON1/LON2/DLON/H
   57   58   59   61   63   64   65   65   66   68   68   66   65   64   63   61
   61   59   58   57   56   54   54   55   60   64   69   73   76   78   79   82
   86   91   97  103  109  114  120  129  138  147  153  157  159  159  157  153
  149  144  138  133  129  127  125  125  124  122  119  115  110  105   99   92
   85   78   72   67   63   61   58   57   57
    35.0-180.0 180.0   5.0 450.0                            LAT/LON1/LON2/DLON/H
   55   56   57   59   60   62   63   64   67   70   71   70   69   70   69   69
   69   68   66   64   62   60   58   59   61   65   70   74   77   80   81   84
   88   94  101  108  115  123  131  141  152  162  169  174  175  172  169  165
  160  154  146  140  135  131  129  129  128  127  124  120  115  110  103   96
   87   79   72   65   60   58   56   55   55
    32.5-180.0 180.0   5.0 450.0                            LAT/LON1/LON2/DLON/H
   52   53   54   54   55   56   58   60   64   69   71   72   73   73   75   75
   75   74   72   69   66   63   61   60   61   65   70   75   79   81   84   87
   92   99  107  115  124  134  144  156  168  180  189  195  196  193  188  183
  177  170  161  155  148  144  142  140  139  137  134  128  122  117  109  102
   92   83   73   65   60   56   54   53   52
    30.0-180.0 180.0   5.0 450.0                            LAT/LON1/LON2/DLON/H
   50   50   50   49   49   49   51   54   59   64   69   72   74   76   78   79
   80   78   75   72   69   64   60   59   60   65   71   77   81   84   87   91
   97  105  115  125  136  149  161  175  189  200  211  218  221  219  215  210
  203  195  187  178  172  168  164  161  158  154  148  141  133  127  119  111
  101   90   79   69   62   57   54   52   50
    27.5-180.0 180.0   5.0 450.0                            LAT/LON1/LON2/DLON/H
   51   49   47   46   45   44   46   48   53   59   65   70   73   75   78   80
   81   80   77   73   69   64   60   58   60   66   72   79   84   88   92   97
  105  113  124  138  151  165  179  195  210  224  237  247  250  251  250  246
  239  231  220  211  204  199  193  189  183  177  168  158  149  141  132  125
  115  103   91   78   69   63   58   54   51
    25.0-180.0 180.0   5.0 450.0                            LAT/LON1/LON2/DLON/H
   55   51   48   45   43   41   42   44   49   55   61   67   70   73   77   79
   80   79   76   72   67   63   59   58   61   67   74   81   87   93   98  105
  114  124  137  153  169  186  202  218  232  250  264  275  280  285  290  286
  281  271  259  249  241  236  227  222  213  204  192  180  169  160  151  144
  135  123  108   93   82   74   67   60   55
    22.5-180.0 180.0   5.0 450.0                            LAT/LON1/LON2/DLON/H
   62   57   52   47   44   41   41   43   47   53   58   63   67   69   73   75
   76   76   73   69   65   61   58   57   61   68   75   83   90   97  104  113
  124  136  152  171  189  209  225  238  251  268  284  298  306  315  322  323
  319  310  297  287  278  272  262  257  247  235  220  206  194  183  173  166
  157  146  130  115  100   90   79   69   62
    20.0-180.0 180.0   5.0 450.0                            LAT/LON1/LON2/DLON/H
   72   66   60   54   48   45   43   44   47   51   55   59   62   64   67   69
   71   70   68   65   62   58   56   56   61   68   76   85   94  101  110  121
  134  150  169  188  208  230  242  252  264  279  296  312  325  336  345  349
  348  341  329  320  311  304  294  288  275  261  248  235  221  210  199  189
  181  169  154  138  122  109   95   81   72
    17.5-180.0 180.0   5.0 450.0                            LAT/LON1/LON2/DLON/H
   85   77   71   64   57   51   48   47   48   50   53   56   57   59   61   63
   64   64   63   60   57   55   53   54   59   67   76   87   96  106  117  129
  145  162  183  204  222  241  253  262  272  285  301  318  334  347  358  363
  363  360  352  344  336  326  319  308  295  281  269  259  247  235  223  211
  200  188  177  161  142  127  112   97   85
    15.0-180.0 180.0   5.0 450.0                            LAT/LON1/LON2/DLON/H
  100   90   83   77   68   61   56   53   52   52   53   54   55   55   55   56
   57   57   57   56   53   51   49   51   56   65   76   87   99  110  123  138
  156  174  195  214  232  248  258  267  276  287  302  320  336  348  357  361
  364  365  361  353  346  336  328  317  305  293  283  275  265  254  241  227
  214  202  193  175  159  143  128  113  100
    12.5-180.0 180.0   5.0 450.0                            LAT/LON1/LON2/DLON/H
  117  107   99   91   83   74   67   61   58   56   56   55   54   52   51   51
   52   53   53   52   50   48   47   48   54   64   76   89  102  115  131  146
  165  184  203  220  236  249  260  270  278  288  302  318  331  339  345  349
  354  357  357  351  345  337  329  319  309  300  292  285  278  267  252  235
  220  208  199  184  167  154  141  129  117
    10.0-180.0 180.0   5.0 450.0                            LAT/LON1/LON2/DLON/H
  134  124  115  107   97   88   80   73   66   63   61   58   55   52   49   49
   50   50   50   50   48   46   44   46   52   63   77   91  106  122  137  154
  173  190  207  222  236  249  261  271  280  288  300  313  321  326  330  335
  343  348  349  346  341  335  326  317  309  304  299  293  286  273  257  236
  219  205  196  185  171  160  151  143  134
     7.5-180.0 180.0   5.0 450.0                            LAT/LON1/LON2/DLON/H
  146  138  129  121  110  102   93   86   77   71   67   64   59   54   50   49
   49   50   49   48   46   44   42   44   50   62   77   93  110  127  143  160
  177  194  208  221  234  247  260  272  282  290  297  306  311  315  320  329
  338  346  350  348  343  336  326  317  310  306  303  298  290  276  256  233
  213  198  189  181  171  163  158  152  146
     5.0-180.0 180.0   5.0 450.0                            LAT/LON1/LON2/DLON/H
  155  149  141  131  122  115  107   99   90   82   77   71   65   59   54   51
   51   51   50   48   46   43   41   42   49   61   78   96  113  131  147  164
  179  194  207  219  230  244  259  272  284  292  297  301  305  312  322  334
  347  357  361  359  352  342  329  318  311  307  304  300  290  274  252  227
  205  189  180  174  167  163  161  159  155
     2.5-180.0 180.0   5.0 450.0                            LAT/LON1/LON2/DLON/H
  158  153  146  138  131  125  119  111  103   94   86   79   70   63   58   55
   54   54   52   49   46   43   41   42   49   62   79   98  116  133  148  164
  178  192  203  213  225  240  257  274  287  296  301  303  308  319  334  350
  366  378  379  374  365  351  334  320  311  306  303  296  285  267  244  219
  196  179  170  165  162  160  160  160  158
