ionex_files/bejaia/igsg0740.21i
     1.0            IONOSPHERE MAPS     MIX                 IONEX VERSION / TYPE
cmpcmb v1.2          GRL/UWM             1-apr-21 10:02     PGM / RUN BY / DATE 
ionex file containing IGS COMBINED Ionosphere maps          COMMENT             
global ionosphere maps for day 074, 2021                    DESCRIPTION         
IONEX file containing the COMBINED IGS TEC MAPS and DCBs    DESCRIPTION         
      IONEX files of the following IAACs were combined: cod DESCRIPTION         
                                                        esa DESCRIPTION         
                                                        jpl DESCRIPTION         
                                                        upc DESCRIPTION         
Contact address: Andrzej Krankowski                         DESCRIPTION
                 Geodynamics Research Laboratory            DESCRIPTION
                 University of Warmia and Mazury (GRL/UWM)  DESCRIPTION
                 Oczapowski St. 1                           DESCRIPTION
                 10-957-Olsztyn, POLAND                     DESCRIPTION
                 e-mail:  kand@uwm.edu.pl                   DESCRIPTION
                                                            DESCRIPTION         
  2021     3    15     0     0     0                        EPOCH OF FIRST MAP  
  2021     3    16     0     0     0                        EPOCH OF LAST MAP   
  7200                                                      INTERVAL            
    13                                                      # OF MAPS IN FILE   
  COSZ                                                      MAPPING FUNCTION    
     0.0                                                    ELEVATION CUTOFF    
combined TEC calculated as weighted mean of input TEC valuesOBSERVABLES USED    
   371                                                      # OF STATIONS       
    32                                                      # OF SATELLITES     
  6371.0                                                    BASE RADIUS         
     2                                                      MAP DIMENSION       
   450.0 450.0   0.0                                        HGT1 / HGT2 / DHGT  
    87.5 -87.5  -2.5                                        LAT1 / LAT2 / DLAT  
  -180.0 180.0   5.0                                        LON1 / LON2 / DLON  
    -1                                                      EXPONENT            
TEC values in 0.1 tec units;  9999, if no value available   COMMENT             
DCB values in nanoseconds, reference is Sum_of_SatDCBs = 0  COMMENT             
                                                            END OF HEADER       
[from data line 3861]
    10                                                      START OF TEC MAP    
  2021     3    15    18     0     0                        EPOCH OF CURRENT MAP
    87.5-180.0 180.0   5.0 450.0                            LAT/LON1/LON2/DLON/H
   49   49   50   50   51   51   52   52   52   53   53   54   54   54   54   55
   55   55   55   55   55   55   55   54   54   54   54   54   53   53   53   52
   52   51   51   51   50   50   50   49   49   49   49   48   48   48   48   48
   48   48   48   48   48   48   48   47   47   47   47   47   47   48   48   47
   47   47   48   48   48   48   48   48   49
    85.0-180.0 180.0   5.0 450.0                            LAT/LON1/LON2/DLON/H
   47   48   49   50   51   52   53   54   55   56   57   57   58   59   60   60
   60   60   60   60   60   60   59   59   58   58   57   56   55   54   53   52
   51   50   50   49   48   48   47   46   46   46   45   45   45   45   45   45
   45   45   45   45   46   46   45   45   45   46   45   45   45   44   44   44
   44   43   44   44   44   45   45   46   47
    82.5-180.0 180.0   5.0 450.0                            LAT/LON1/LON2/DLON/H
   45   46   47   48   50   52   53   55   56   58   59   60   61   62   63   64
   64   64   64   64   64   64   63   63   61   60   59   58   56   55   53   52
   51   49   48   47   46   45   44   43   43   42   42   42   42   42   43   43
   44   44   44   44   44   44   44   44   44   44   43   43   42   42   41   40
   39   39   39   40   40   41   42   44   45
    80.0-180.0 180.0   5.0 450.0                            LAT/LON1/LON2/DLON/H
   41   43   44   47   49   51   53   55   57   59   61   63   65   66   67   67
   68   68   68   68   67   66   66   65   63   62   61   60   58   56   54   52
   49   47   46   44   43   42   41   40   40   39   39   39   39   39   40   41
   42   42   43   43   43   43   43   43   42   41   41   40   39   38   37   37
   36   35   36   36   37   37   38   40   41
    77.5-180.0 180.0   5.0 450.0                            LAT/LON1/LON2/DLON/H
   37   39   42   44   47   49   52   55   57   60   62   64   66   68   69   70
   70   70   70   70   71   70   69   68   66   64   63   61   59   57   55   52
   50   47   45   42   41   39   38   37   36   36   36   36   36   37   37   38
   39   40   40   41   41   42   42   41   40   38   38   37   36   35   34   33
   32   32   32   32   32   32   34   35   37
    75.0-180.0 180.0   5.0 450.0                            LAT/LON1/LON2/DLON/H
   34   37   40   42   45   48   51   54   57   60   62   65   67   69   70   71
   71   71   71   71   71   70   69   68   67   65   63   62   60   58   56   53
   50   47   44   42   39   37   35   34   33   32   32   33   33   34   35   35
   36   37   37   38   38   39   39   38   37   36   35   34   33   32   31   30
   29   29   28   28   29   29   31   33   34
    72.5-180.0 180.0   5.0 450.0                            LAT/LON1/LON2/DLON/H
   33   36   38   41   44   47   50   53   56   59   62   65   67   69   70   71
   71   71   71   70   71   69   69   67   66   65   63   62   61   59   56   54
   51   48   45   42   39   37   35   33   31   30   30   30   30   30   31   31
   32   33   34   34   35   35   34   34   33   32   32   31   30   28   28   27
   26   26   26   26   27   28   29   31   33
    70.0-180.0 180.0   5.0 450.0                            LAT/LON1/LON2/DLON/H
   32   35   37   41   44   47   50   53   57   60   63   65   68   70   71   71
   71   71   71   70   70   69   69   67   66   65   64   63   62   59   58   55
   52   49   46   43   41   38   35   33   31   29   29   28   27   27   27   28
   28   28   29   29   30   30   30   30   29   28   28   27   26   25   25   24
   23   23   23   24   25   26   27   29   32
    67.5-180.0 180.0   5.0 450.0                            LAT/LON1/LON2/DLON/H
   32   35   38   42   45   48   52   54   57   60   63   67   69   70   72   73
   72   72   72   71   70   70   69   68   67   66   65   64   63   61   59   56
   54   50   47   44   41   39   36   33   30   28   27   26   25   24   24   24
   24   24   24   25   26   25   26   25   25   25   25   24   23   23   23   22
   22   21   22   22   23   24   26   28   32
    65.0-180.0 180.0   5.0 450.0                            LAT/LON1/LON2/DLON/H
   31   35   39   44   47   51   54   56   59   62   65   67   70   72   74   74
   75   74   74   74   72   72   70   70   69   67   66   65   64   63   61   58
   56   53   50   46   44   41   38   35   31   29   27   25   23   21   21   21
   20   21   21   21   22   22   22   22   22   22   22   22   22   22   22   21
   21   21   21   21   22   23   26   28   31
    62.5-180.0 180.0   5.0 450.0                            LAT/LON1/LON2/DLON/H
   32   36   41   46   50   53   56   59   61   63   66   69   72   75   76   78
   78   78   78   78   76   75   73   72   70   69   67   66   65   64   63   61
   58   56   52   49   46   43   40   37   34   32   29   26   24   21   20   19
   19   19   20   20   20   21   21   21   21   21   21   22   22   22   22   22
   22   22   21   21   22   23   25   28   32
    60.0-180.0 180.0   5.0 450.0                            LAT/LON1/LON2/DLON/H
   33   38   43   48   53   56   60   61   64   66   69   72   75   78   81   82
   83   84   83   83   81   79   78   75   72   70   69   67   67   66   65   63
   61   58   54   51   48   46   43   41   38   35   32   29   26   24   22   21
   21   21   21   21   21   22   22   22   22   23   23   24   24   24   25   25
   24   24   24   23   23   24   25   29   33
    57.5-180.0 180.0   5.0 450.0                            LAT/LON1/LON2/DLON/H
   34   40   45   51   56   60   63   66   67   70   73   77   80   83   86   88
   89   90   90   89   87   84   81   78   75   73   71   70   69   69   68   66
   64   61   57   53   50   48   46   44   42   39   37   34   32   29   27   25
   24   24   24   24   24   25   25   26   26   26   27   28   28   29   29   30
   29   28   27   27   27   26   27   29   34
    55.0-180.0 180.0   5.0 450.0                            LAT/LON1/LON2/DLON/H
   36   41   47   54   60   65   68   70   72   74   77   81   85   89   92   94
   96   96   96   96   93   89   85   81   79   77   75   73   74   74   73   71
   68   64   60   56   53   51   50   48   47   45   43   41   38   36   34   32
   31   30   30   30   30   31   31   31   32   33   33   34   34   35   35   35
   34   33   32   31   30   30   30   32   36
    52.5-180.0 180.0   5.0 450.0                            LAT/LON1/LON2/DLON/H
   39   44   51   58   64   69   73   76   78   80   84   88   91   95   98  101
  103  103  103  101   97   93   89   85   82   81   79   79   79   80   78   76
   73   68   64   60   57   55   54   54   52   51   50   49   47   45   42   40
   38   38   38   38   38   39   39   40   40   41   41   41   41   41   42   42
   41   40   40   38   37   35   34   36   39
    50.0-180.0 180.0   5.0 450.0                            LAT/LON1/LON2/DLON/H
   42   48   54   62   69   75   79   82   85   87   91   94   98  101  105  108
  109  109  109  106  102   98   94   89   87   85   84   84   86   86   84   81
   77   73   69   65   62   60   60   59   58   58   57   56   55   54   51   50
   47   48   48   48   48   48   48   49   49   50   50   50   50   50   50   50
   49   48   47   46   44   42   40   40   42
    47.5-180.0 180.0   5.0 450.0                            LAT/LON1/LON2/DLON/H
   48   53   59   66   74   80   84   88   91   94   98  101  105  109  112  115
  116  117  115  112  108  103   98   95   92   91   90   91   92   91   89   86
   82   78   74   71   68   67   66   65   65   64   64   64   63   61   59   58
   57   57   57   58   58   57   56   57   57   57   57   58   58   58   58   58
   56   56   55   54   51   49   47   46   48
    45.0-180.0 180.0   5.0 450.0                            LAT/LON1/LON2/DLON/H
   53   58   64   72   79   85   90   94   98  102  106  109  112  116  119  123
  125  125  123  120  115  110  105  102  100   98   98   97   97   95   92   89
   85   82   79   76   75   74   73   72   71   70   70   70   69   68   67   66
   66   66   66   66   66   65   64   63   63   63   63   63   64   64   64   64
   63   63   62   61   59   56   53   52   53
    42.5-180.0 180.0   5.0 450.0                            LAT/LON1/LON2/DLON/H
   58   62   69   76   84   90   95  100  105  110  114  117  120  123  127  131
  134  135  133  129  124  119  115  112  109  107  105  103  101   99   95   91
   89   86   84   83   82   82   81   79   77   76   75   74   74   74   72   71
   71   72   73   73   73   72   70   68   67   67   67   67   68   69   69   68
   68   67   68   66   65   62   60   58   58
    40.0-180.0 180.0   5.0 450.0                            LAT/LON1/LON2/DLON/H
   62   66   73   80   88   94  100  105  111  117  122  125  128  132  136  140
  143  145  144  141  136  132  127  123  120  117  113  110  105  101   97   94
   92   91   90   89   90   89   88   85   82   80   79   79   79   77   76   75
   75   76   78   78   78   76   75   72   71   71   70   70   70   71   71   71
   71   70   70   70   68   66   64   62   62
    37.5-180.0 180.0   5.0 450.0                            LAT/LON1/LON2/DLON/H
   64   68   75   84   91   98  104  110  116  123  129  134  137  141  145  150
  154  156  156  154  150  146  141  136  131  127  122  116  110  105  102  101
   99   98   97   96   97   98   95   92   88   84   83   82   81   79   77   76
   77   78   79   80   80   79   78   75   73   72   71   71   71   72   73   73
   73   72   71   71   70   67   65   64   64
    35.0-180.0 180.0   5.0 450.0                            LAT/LON1/LON2/DLON/H
   63   68   77   86   94  101  107  114  122  130  137  142  147  151  154  160
  165  168  169  168  165  160  155  149  142  137  130  124  118  114  113  112
  111  109  108  106  107  107  104   99   93   88   87   85   82   79   77   76
   77   78   79   80   80   79   78   75   73   71   69   69   70   72   73   73
   72   72   71   70   69   67   64   62   63
    32.5-180.0 180.0   5.0 450.0                            LAT/LON1/LON2/DLON/H
   61   67   77   87   96  103  110  118  126  136  145  152  156  161  165  170
  175  179  181  182  179  174  168  160  152  146  139  133  129  128  130  129
  129  126  123  120  118  117  113  105   98   93   90   87   84   80   77   76
   76   78   78   79   79   79   78   76   73   70   69   69   70   70   72   71
   71   70   69   69   68   65   61   60   61
    30.0-180.0 180.0   5.0 450.0                            LAT/LON1/LON2/DLON/H
   59   67   77   88   97  105  113  123  132  142  153  161  168  172  176  181
  186  191  194  194  192  186  178  169  162  155  149  146  145  147  152  154
  153  150  144  138  133  128  122  112  104   97   93   91   88   83   79   77
   78   79   79   80   80   80   79   77   74   71   69   68   69   70   70   70
   69   68   67   66   65   62   59   57   59
    27.5-180.0 180.0   5.0 450.0                            LAT/LON1/LON2/DLON/H
   58   67   78   90  100  109  117  127  137  150  161  171  179  185  189  194
  198  204  205  207  203  197  187  177  170  166  163  163  166  173  181  185
  185  179  171  162  151  140  131  121  111  103   98   96   92   87   84   83
   82   82   83   82   82   82   82   79   76   72   70   70   70   70   71   70
   68   67   64   63   61   59   57   56   58
    25.0-180.0 180.0   5.0 450.0                            LAT/LON1/LON2/DLON/H
   58   69   81   93  103  113  123  133  144  157  169  181  191  200  204  210
  214  218  220  220  215  206  196  186  181  180  181  185  191  201  214  224
  222  212  201  191  174  157  143  130  118  109  104  102   99   96   93   92
   90   89   89   87   87   87   86   83   79   76   73   73   72   72   71   70
   68   65   62   60   59   57   55   55   58
    22.5-180.0 180.0   5.0 450.0                            LAT/LON1/LON2/DLON/H
   59   70   85   98  109  119  129  141  151  163  177  191  205  217  225  230
  234  238  238  237  229  219  208  199  197  201  206  213  221  233  247  260
  260  247  233  219  199  178  157  140  125  115  111  111  110  108  107  104
  101  100   97   95   94   93   92   87   83   80   78   77   76   75   73   72
   69   65   61   59   58   56   55   54   59
    20.0-180.0 180.0   5.0 450.0                            LAT/LON1/LON2/DLON/H
   61   73   88  103  116  127  139  150  161  173  187  203  220  236  247  254
  259  263  262  258  247  236  224  217  219  230  236  244  252  263  277  289
  293  276  263  248  223  197  173  153  135  123  119  122  124  123  121  118
  115  113  110  105  103  101   99   94   89   86   83   82   80   78   75   72
   69   64   61   58   58   56   55   56   61
    17.5-180.0 180.0   5.0 450.0                            LAT/LON1/LON2/DLON/H
   64   76   92  108  123  136  148  159  171  183  197  215  235  254  271  282
  288  292  291  284  271  257  246  241  246  259  269  275  281  289  300  310
  312  298  283  266  242  214  189  168  149  135  131  135  139  138  135  132
  130  129  125  119  116  112  109  104   98   93   90   88   86   82   77   73
   69   64   60   59   58   57   56   58   64
    15.0-180.0 180.0   5.0 450.0                            LAT/LON1/LON2/DLON/H
   67   80   96  113  129  143  157  169  182  194  209  227  249  274  295  310
  320  325  323  316  300  285  274  271  276  288  298  302  305  309  316  323
  323  311  294  276  254  229  205  182  163  150  145  148  152  150  146  145
  146  145  142  135  131  126  121  114  107  100   96   94   91   86   80   75
   69   64   61   59   59   59   58   60   67
    12.5-180.0 180.0   5.0 450.0                            LAT/LON1/LON2/DLON/H
   70   83  100  118  134  150  164  177  191  205  220  240  264  291  318  337
  350  359  359  347  333  319  309  305  309  318  324  325  324  323  326  328
  325  313  298  281  261  241  219  197  178  165  161  162  163  159  157  155
  158  160  158  153  147  141  135  124  115  107  103   99   95   89   83   76
   69   64   61   60   61   60   61   63   70
    10.0-180.0 180.0   5.0 450.0                            LAT/LON1/LON2/DLON/H
   73   86  103  121  138  154  171  186  200  216  232  253  278  308  336  359
  377  390  392  383  371  358  347  342  342  346  345  341  337  334  331  329
  324  313  300  285  268  252  232  212  194  182  177  176  173  167  165  164
  166  170  170  167  160  153  146  134  124  114  108  103   97   92   85   77
   70   65   61   60   61   62   62   65   73
     7.5-180.0 180.0   5.0 450.0                            LAT/LON1/LON2/DLON/H
   75   88  105  124  142  159  176  194  209  226  243  265  291  324  351  379
  397  414  421  417  408  397  387  379  374  370  363  354  348  341  336  332
  325  316  304  290  276  261  243  225  208  197  191  187  181  174  172  172
  175  178  179  175  170  162  155  143  132  122  112  105   99   93   86   79
   71   65   62   61   62   62   64   67   75
     5.0-180.0 180.0   5.0 450.0                            LAT/LON1/LON2/DLON/H
   76   89  107  125  145  164  183  201  218  236  255  278  301  333  362  389
  410  429  440  442  439  433  424  415  404  391  379  366  359  351  346  340
  334  324  311  298  283  269  252  236  220  209  202  196  187  179  177  178
  180  182  182  179  173  167  161  149  139  126  114  105   98   93   87   80
   73   67   62   60   61   63   64   67   76
     2.5-180.0 180.0   5.0 450.0                            LAT/LON1/LON2/DLON/H
   76   89  107  127  147  167  187  207  226  245  265  287  309  335  361  388
  410  432  448  455  460  460  455  444  430  411  394  378  369  364  360  355
  348  337  324  307  289  273  257  241  227  216  208  200  190  181  179  179
  180  181  180  176  171  166  161  151  139  126  113  102   96   91   87   81
   74   68   63   61   62   62   63   67   76
