ionex_files/bejaia/igsg0730.21i
     1.0            IONOSPHERE MAPS     MIX                 IONEX VERSION / TYPE
cmpcmb v1.2          GRL/UWM             1-apr-21 09:56     PGM / RUN BY / DATE 
ionex file containing IGS COMBINED Ionosphere maps          COMMENT             
global ionosphere maps for day 073, 2021                    DESCRIPTION         
IONEX file containing the COMBINED IGS TEC MAPS and DCBs    DESCRIPTION         
      IONEX files of the following IAACs were combined: cod DESCRIPTION         
                                                        esa DESCRIPTION         
                                                        jpl DESCRIPTION         
                                                        upc DESCRIPTION         
Contact address: Andrzej Krankowski                         DESCRIPTION
                 Geodynamics Research Laboratory            DESCRIPTION
                 University of Warmia and Mazury (GRL/UWM)  DESCRIPTION
                 Oczapowski St. 1                           DESCRIPTION
                 10-957-Olsztyn, POLAND                     DESCRIPTION
                 e-mail:  kand@uwm.edu.pl                   DESCRIPTION
                                                            DESCRIPTION         
  2021     3    14     0     0     0                        EPOCH OF FIRST MAP  
  2021     3    15     0     0     0                        EPOCH OF LAST MAP   
  7200                                                      INTERVAL            
    13                                                      # OF MAPS IN FILE   
  COSZ                                                      MAPPING FUNCTION    
     0.0                                                    ELEVATION CUTOFF    
combined TEC calculated as weighted mean of input TEC valuesOBSERVABLES USED    
   371                                                      # OF STATIONS       
    32                                                      # OF SATELLITES     
  6371.0                                                    BASE RADIUS         
     2                                                      MAP DIMENSION       
   450.0 450.0   0.0                                        HGT1 / HGT2 / DHGT  
    87.5 -87.5  -2.5                                        LAT1 / LAT2 / DLAT  
  -180.0 180.0   5.0                                        LON1 / LON2 / DLON  
    -1                                                      EXPONENT            
TEC values in 0.1 tec units;  9999, if no value available   COMMENT             
DCB values in nanoseconds, reference is Sum_of_SatDCBs = 0  COMMENT             
                                                            END OF HEADER       
[from data line 3432]
     9                                                      START OF TEC MAP    
  2021     3    14    16     0     0                        EPOCH OF CURRENT MAP
    87.5-180.0 180.0   5.0 450.0                            LAT/LON1/LON2/DLON/H
   62   62   62   62   62   63   63   63   63   63   63   64   64   64   64   64
   65   65   65   65   65   66   66   66   66   66   66   67   67   67   67   67
   67   67   67   67   67   67   67   67   67   67   67   67   67   66   66   67
   66   66   66   66   65   65   65   65   65   64   64   64   64   63   63   63
   63   62   62   62   62   62   62   62   62
    85.0-180.0 180.0   5.0 450.0                            LAT/LON1/LON2/DLON/H
   57   57   58   58   58   59   59   60   60   61   61   61   62   62   62   63
   63   63   64   64   64   65   65   65   66   66   67   67   67   67   67   67
   67   67   67   67   67   67   67   67   67   67   67   67   67   67   67   66
   66   66   66   65   65   65   64   64   63   62   62   61   61   60   59   58
   58   58   57   57   57   57   57   57   57
    82.5-180.0 180.0   5.0 450.0                            LAT/LON1/LON2/DLON/H
   51   51   52   53   54   55   56   57   58   59   59   60   60   61   61   61
   61   62   62   62   62   63   63   65   65   65   65   66   66   66   67   67
   67   67   67   67   67   67   67   67   67   67   67   67   67   66   66   66
   65   65   65   65   65   64   63   63   62   61   60   59   58   56   55   54
   53   53   52   51   51   51   51   51   51
    80.0-180.0 180.0   5.0 450.0                            LAT/LON1/LON2/DLON/H
   44   46   46   48   50   52   54   55   56   57   58   58   58   59   59   59
   60   60   61   62   63   63   63   64   65   65   66   67   67   68   68   68
   69   68   68   68   67   66   66   66   65   65   66   65   65   65   64   64
   64   64   64   64   64   63   63   62   61   60   58   56   55   53   52   50
   48   47   46   45   44   43   44   44   44
    77.5-180.0 180.0   5.0 450.0                            LAT/LON1/LON2/DLON/H
   39   40   43   45   48   50   51   52   53   54   54   55   55   56   57   59
   59   60   60   62   62   63   64   65   68   69   69   69   70   70   70   69
   69   69   68   67   66   65   64   63   63   62   62   62   62   62   62   61
   61   61   61   62   62   62   62   61   60   58   57   54   53   50   48   46
   44   42   40   39   38   38   38   38   39
    75.0-180.0 180.0   5.0 450.0                            LAT/LON1/LON2/DLON/H
   34   36   39   42   44   46   48   50   51   52   53   54   55   56   57   58
   59   60   61   62   63   64   66   67   69   70   72   72   72   72   71   71
   70   69   68   67   66   64   62   61   61   59   59   58   58   59   58   58
   57   57   58   58   59   59   59   59   58   56   54   52   50   47   45   43
   41   39   37   36   35   34   33   34   34
    72.5-180.0 180.0   5.0 450.0                            LAT/LON1/LON2/DLON/H
   33   35   37   38   41   43   46   48   50   51   53   55   56   57   58   60
   60   61   62   63   65   68   70   71   73   74   74   75   74   73   72   71
   70   69   67   66   65   63   60   59   58   57   56   54   54   54   54   53
   52   52   53   53   54   54   55   54   53   52   50   48   46   44   42   40
   39   38   36   34   33   32   32   32   33
    70.0-180.0 180.0   5.0 450.0                            LAT/LON1/LON2/DLON/H
   33   34   36   38   39   42   44   46   48   50   52   55   56   58   60   60
   61   62   64   66   69   72   74   77   78   78   77   77   75   74   72   71
   69   67   65   63   61   60   58   55   55   54   52   50   48   48   47   46
   45   45   46   46   47   47   48   47   47   46   45   43   42   41   40   39
   37   36   36   35   34   33   32   32   33
    67.5-180.0 180.0   5.0 450.0                            LAT/LON1/LON2/DLON/H
   33   34   36   38   39   41   43   45   46   48   51   53   56   58   60   62
   63   65   68   71   74   77   79   81   82   80   79   78   76   74   72   69
   67   65   63   61   57   56   55   53   51   50   48   47   45   43   41   40
   39   38   38   38   39   39   40   39   39   39   39   38   37   37   37   36
   36   36   36   36   35   34   33   33   33
    65.0-180.0 180.0   5.0 450.0                            LAT/LON1/LON2/DLON/H
   33   34   36   37   39   40   42   44   45   48   50   52   55   58   61   64
   67   69   72   75   79   81   82   83   84   83   81   78   75   73   72   69
   66   64   62   59   57   55   54   53   51   49   47   45   43   40   38   36
   34   33   32   31   32   32   33   33   33   34   34   34   34   34   34   35
   35   36   36   36   36   34   34   33   33
    62.5-180.0 180.0   5.0 450.0                            LAT/LON1/LON2/DLON/H
   33   34   35   37   38   39   41   43   45   47   49   52   56   60   63   67
   71   72   76   79   82   84   84   84   85   84   81   78   76   73   70   69
   66   65   62   60   58   57   55   55   54   52   50   48   45   42   39   36
   34   31   30   29   27   28   29   30   30   30   31   31   31   31   33   34
   35   36   37   38   37   36   34   32   33
    60.0-180.0 180.0   5.0 450.0                            LAT/LON1/LON2/DLON/H
   32   33   34   35   36   38   40   42   44   46   49   53   57   61   66   70
   73   76   79   82   85   86   87   86   86   84   81   78   75   73   71   70
   68   66   64   62   61   59   58   58   57   56   55   53   50   46   43   39
   37   33   32   30   29   28   29   29   29   30   30   30   30   31   33   34
   35   37   38   39   39   37   35   33   32
    57.5-180.0 180.0   5.0 450.0                            LAT/LON1/LON2/DLON/H
   33   32   33   34   36   37   39   41   43   46   50   54   59   63   68   72
   76   79   82   84   87   89   89   89   89   87   83   80   77   75   74   73
   73   71   69   66   65   63   62   62   62   61   61   59   56   53   49   46
   42   39   36   34   32   32   32   32   31   32   32   32   33   34   35   36
   37   38   40   41   40   39   37   34   33
    55.0-180.0 180.0   5.0 450.0                            LAT/LON1/LON2/DLON/H
   35   33   33   34   36   38   40   42   45   48   51   56   61   66   70   75
   78   82   85   87   90   93   94   94   93   91   87   85   82   81   80   80
   79   78   75   73   71   69   69   68   68   68   67   66   63   60   56   53
   50   47   44   42   40   38   38   37   37   37   38   38   38   39   39   40
   41   42   43   44   43   42   40   37   35
    52.5-180.0 180.0   5.0 450.0                            LAT/LON1/LON2/DLON/H
   37   36   35   37   38   40   43   45   48   51   55   60   65   70   75   79
   83   87   90   92   95   99  101  101  100   98   95   92   90   88   87   87
   87   85   82   80   78   77   76   76   75   75   75   73   71   68   65   62
   59   57   55   52   49   47   46   46   46   46   46   46   46   46   46   46
   47   47   48   48   47   46   44   40   37
    50.0-180.0 180.0   5.0 450.0                            LAT/LON1/LON2/DLON/H
   42   40   39   40   42   44   46   49   53   56   60   65   71   75   80   85
   89   93   96  100  103  107  109  110  108  106  103  101   98   96   94   94
   93   91   89   87   86   85   84   84   84   84   84   81   80   77   74   72
   70   67   65   62   59   56   55   55   56   55   55   55   55   55   55   55
   55   54   53   52   52   50   49   45   42
    47.5-180.0 180.0   5.0 450.0                            LAT/LON1/LON2/DLON/H
   49   46   44   45   46   47   50   54   59   63   67   72   78   83   88   93
   97  101  105  109  113  116  118  119  118  116  113  109  106  103  100  100
   98   96   94   93   92   92   92   92   92   93   92   90   88   85   83   81
   79   77   74   72   69   67   65   65   65   64   63   64   64   65   65   65
   64   62   61   60   58   57   56   53   49
    45.0-180.0 180.0   5.0 450.0                            LAT/LON1/LON2/DLON/H
   56   53   52   51   51   52   55   60   66   71   76   81   86   92   97  102
  106  110  115  119  123  126  128  129  128  126  121  117  112  108  105  103
  101   99   98   98   98  100  101  101  102  102  100   98   95   92   90   88
   86   85   83   81   79   77   75   74   73   72   71   71   72   73   74   73
   72   71   69   68   67   66   65   61   56
    42.5-180.0 180.0   5.0 450.0                            LAT/LON1/LON2/DLON/H
   64   61   59   56   55   56   59   65   72   78   85   91   96  101  106  111
  116  120  125  129  133  135  137  138  137  134  129  124  119  114  109  107
  104  103  103  103  106  108  109  110  110  110  108  106  102   99   96   95
   93   92   90   88   86   84   82   81   79   78   77   77   78   78   79   80
   79   78   77   75   75   74   72   69   64
    40.0-180.0 180.0   5.0 450.0                            LAT/LON1/LON2/DLON/H
   71   68   65   62   59   60   63   70   79   87   94  101  108  113  117  121
  125  130  133  138  141  143  145  145  145  142  137  131  126  119  114  111
  110  109  109  112  116  119  119  119  119  118  116  113  109  106  101   99
   98   97   95   92   90   88   86   85   84   82   81   81   81   81   82   83
   82   82   81   80   79   79   77   74   71
    37.5-180.0 180.0   5.0 450.0                            LAT/LON1/LON2/DLON/H
   74   72   69   65   62   62   66   74   85   96  105  112  119  124  128  131
  135  138  142  146  149  150  151  153  153  150  145  139  133  126  121  119
  117  117  120  125  130  132  132  130  129  127  124  120  115  110  105  102
  100   99   97   95   92   90   89   87   86   83   81   81   81   81   82   83
   83   83   82   81   80   80   78   76   74
    35.0-180.0 180.0   5.0 450.0                            LAT/LON1/LON2/DLON/H
   75   73   70   66   63   63   67   77   90  104  115  123  130  135  139  141
  143  146  149  153  155  156  158  160  161  159  154  149  143  136  132  130
  129  131  137  143  150  152  149  146  142  138  132  126  120  113  108  103
  101   99   97   95   93   90   89   88   86   83   81   79   79   79   80   81
   81   81   80   79   78   77   77   76   75
    32.5-180.0 180.0   5.0 450.0                            LAT/LON1/LON2/DLON/H
   72   72   70   67   63   63   68   79   94  110  123  133  140  146  149  151
  152  154  157  161  163  164  166  168  170  170  165  161  156  150  149  148
  149  153  160  170  176  179  174  167  159  150  141  132  124  116  110  104
  101  100   97   96   93   91   89   88   86   83   80   78   77   78   78   78
   78   78   77   75   74   73   73   73   72
    30.0-180.0 180.0   5.0 450.0                            LAT/LON1/LON2/DLON/H
   69   69   68   66   63   62   67   79   96  114  130  140  149  155  159  161
  161  163  166  170  172  174  176  178  181  182  179  176  172  170  170  172
  177  183  190  202  209  209  203  192  178  168  153  141  131  122  115  110
  106  104  101   98   95   92   90   89   88   85   81   79   77   77   76   76
   74   74   72   70   69   68   69   69   69
    27.5-180.0 180.0   5.0 450.0                            LAT/LON1/LON2/DLON/H
   66   67   67   65   63   61   66   79   97  117  134  147  157  164  169  172
  172  174  178  183  185  187  188  191  193  194  193  191  191  192  201  207
  212  219  227  240  248  247  241  221  199  184  167  154  144  134  127  121
  115  113  110  105   99   95   92   91   90   88   83   80   79   78   77   75
   73   71   69   67   65   65   65   65   66
    25.0-180.0 180.0   5.0 450.0                            LAT/LON1/LON2/DLON/H
   64   66   67   66   64   63   67   79   98  119  137  152  163  173  179  184
  185  188  193  199  202  203  205  206  207  208  207  208  210  219  232  248
  253  259  265  277  286  294  279  246  217  199  185  173  163  154  146  136
  129  127  123  116  107  101   97   94   93   90   87   84   83   81   79   77
   74   70   68   65   64   63   63   63   64
    22.5-180.0 180.0   5.0 450.0                            LAT/LON1/LON2/DLON/H
   64   66   68   68   66   64   68   80   98  119  139  156  171  183  191  198
  202  208  214  221  224  224  224  222  221  221  221  224  230  246  270  291
  297  293  299  307  316  319  302  261  234  216  205  199  192  178  167  157
  148  144  138  129  118  109  104  101   98   94   91   88   87   86   83   80
   76   71   68   65   64   63   63   63   64
    20.0-180.0 180.0   5.0 450.0                            LAT/LON1/LON2/DLON/H
   64   66   68   70   68   67   70   82  101  121  141  160  178  193  203  213
  220  229  237  246  249  248  245  239  234  232  233  238  250  272  303  328
  331  322  322  326  329  328  307  276  253  236  231  231  222  203  189  178
  168  161  152  142  132  121  115  110  105   99   95   92   92   90   87   83
   79   74   70   66   65   64   63   63   64
    17.5-180.0 180.0   5.0 450.0                            LAT/LON1/LON2/DLON/H
   65   66   67   69   69   68   73   86  104  124  145  165  183  202  217  229
  239  250  261  271  275  272  265  255  245  241  242  250  268  295  323  344
  346  342  337  335  331  324  307  287  277  263  261  263  249  226  211  198
  188  177  166  156  146  137  130  123  115  107  100   97   97   94   91   87
   82   77   73   70   68   67   66   65   65
    15.0-180.0 180.0   5.0 450.0                            LAT/LON1/LON2/DLON/H
   67   66   67   68   69   69   74   88  108  130  150  171  192  211  229  243
  256  271  284  296  300  296  286  270  257  251  252  260  282  308  332  349
  353  349  343  336  328  321  311  306  306  293  287  286  268  248  231  215
  205  195  184  173  164  155  147  137  128  117  109  102  101   99   95   90
   85   80   76   73   71   70   70   68   67
    12.5-180.0 180.0   5.0 450.0                            LAT/LON1/LON2/DLON/H
   69   66   66   66   67   69   76   90  111  134  157  179  199  220  239  255
  271  289  305  319  323  320  306  287  271  263  263  272  289  314  335  349
  354  350  343  333  325  320  319  324  327  314  303  298  285  265  248  231
  221  211  201  193  182  172  163  152  141  129  118  109  107  103   99   93
   87   82   78   75   73   73   73   71   69
    10.0-180.0 180.0   5.0 450.0                            LAT/LON1/LON2/DLON/H
   70   66   64   63   65   67   75   91  113  138  162  185  206  226  246  264
  282  303  322  336  341  339  325  305  286  277  276  284  300  320  338  348
  352  350  342  334  326  323  326  333  341  330  318  309  296  279  260  244
  233  225  217  209  198  188  179  167  154  141  129  118  115  109  103   95
   88   83   79   75   75   75   75   73   70
     7.5-180.0 180.0   5.0 450.0                            LAT/LON1/LON2/DLON/H
   70   65   62   61   61   65   75   92  115  140  165  189  211  231  250  269
  287  310  332  347  353  351  340  322  304  294  292  299  312  327  341  350
  354  353  347  340  336  334  336  345  349  343  333  321  306  289  271  254
  244  237  229  220  210  199  190  180  167  153  139  128  123  115  107   96
   88   83   79   76   74   74   75   73   70
     5.0-180.0 180.0   5.0 450.0                            LAT/LON1/LON2/DLON/H
   69   65   61   59   59   63   74   93  116  141  166  190  212  233  252  270
  290  313  335  352  361  360  351  338  322  311  308  314  325  336  346  354
  358  360  357  354  352  352  355  358  359  354  344  330  314  298  280  263
  251  241  232  224  215  205  197  188  176  161  145  134  129  120  110   97
   88   83   78   75   74   73   73   73   69
     2.5-180.0 180.0   5.0 450.0                            LAT/LON1/LON2/DLON/H
   68   64   60   58   58   62   74   93  117  143  167  191  212  234  254  271
  291  314  334  353  364  367  362  351  340  329  325  328  336  345  352  359
  366  372  374  374  374  375  376  375  370  363  351  336  320  305  286  267
  252  239  228  217  209  202  195  188  176  161  145  135  130  122  111   99
   88   82   78   75   73   72   72   71   68
