ionex_files/bejaia/igsg0730.21i
     1.0            IONOSPHERE MAPS     MIX                 IONEX VERSION / TYPE
cmpcmb v1.2          GRL/UWM             1-apr-21 09:56     PGM / RUN BY / DATE 
ionex file containing IGS COMBINED Ionosphere maps          COMMENT             
global ionosphere maps for day 073, 2021                    DESCRIPTION         
IONEX file containing the COMBINED IGS TEC MAPS and DCBs    DESCRIPTION         
      IONEX files of the following IAACs were combined: cod DESCRIPTION         
                                                        esa DESCRIPTION         
                                                        jpl DESCRIPTION         
                                                        upc DESCRIPTION         
Contact address: Andrzej Krankowski                         DESCRIPTION
                 Geodynamics Research Laboratory            DESCRIPTION
                 University of Warmia and Mazury (GRL/UWM)  DESCRIPTION
                 Oczapowski St. 1                           DESCRIPTION
                 10-957-Olsztyn, POLAND                     DESCRIPTION
                 e-mail:  kand@uwm.edu.pl                   DESCRIPTION
                                                            DESCRIPTION         
  2021     3    14     0     0     0                        EPOCH OF FIRST MAP  
  2021     3    15     0     0     0                        EPOCH OF LAST MAP   
  7200                                                      INTERVAL            
    13                                                      # OF MAPS IN FILE   
  COSZ                                                      MAPPING FUNCTION    
     0.0                                                    ELEVATION CUTOFF    
combined TEC calculated as weighted mean of input TEC valuesOBSERVABLES USED    
   371                                                      # OF STATIONS       
    32                                                      # OF SATELLITES     
  6371.0                                                    BASE RADIUS         
     2                                                      MAP DIMENSION       
   450.0 450.0   0.0                                        HGT1 / HGT2 / DHGT  
    87.5 -87.5  -2.5                                        LAT1 / LAT2 / DLAT  
  -180.0 180.0   5.0                                        LON1 / LON2 / DLON  
    -1                                                      EXPONENT            
TEC values in 0.1 tec units;  9999, if no value available   COMMENT             
DCB values in nanoseconds, reference is Sum_of_SatDCBs = 0  COMMENT             
                                                            END OF HEADER       
[from data line 429]
     2                                                      START OF TEC MAP    
  2021     3    14     2     0     0                        EPOCH OF CURRENT MAP
    87.5-180.0 180.0   5.0 450.0                            LAT/LON1/LON2/DLON/H
   53   53   53   53   54   53   54   54   54   54   53   53   53   53   53   52
   52   51   51   50   49   49   48   47   47   46   46   45   45   44   44   43
   43   43   43   43   42   42   42   42   42   42   42   43   43   43   43   44
   44   44   45   45   46   46   46   47   47   47   48   48   48   49   50   50
   50   50   51   51   51   52   52   52   53
    85.0-180.0 180.0   5.0 450.0                            LAT/LON1/LON2/DLON/H
   57   57   57   58   59   60   60   60   60   60   60   60   59   59   58   57
   56   55   54   52   51   50   48   46   45   43   43   41   40   39   38   38
   37   37   37   36   36   36   37   37   37   38   39   39   40   40   41   41
   42   43   43   44   44   45   46   46   47   48   48   49   50   50   51   51
   52   52   53   54   55   54   55   56   57
    82.5-180.0 180.0   5.0 450.0                            LAT/LON1/LON2/DLON/H
   59   60   61   61   62   62   64   64   65   65   66   66   65   65   63   62
   60   58   56   54   52   50   46   44   43   41   38   37   35   33   33   32
   31   30   31   31   31   31   32   33   34   34   35   36   37   38   39   40
   41   42   43   44   44   45   46   47   48   49   50   51   52   52   53   54
   55   55   56   56   57   58   58   59   59
    80.0-180.0 180.0   5.0 450.0                            LAT/LON1/LON2/DLON/H
   61   61   62   63   65   66   66   68   69   69   70   70   70   69   68   66
   64   62   59   56   53   49   45   42   40   37   34   32   31   29   28   27
   26   26   26   27   28   29   31   31   32   33   34   35   36   37   38   39
   40   41   42   43   45   46   47   48   49   51   52   53   54   55   56   57
   58   58   59   59   59   60   60   60   61
    77.5-180.0 180.0   5.0 450.0                            LAT/LON1/LON2/DLON/H
   64   64   64   65   65   66   68   69   71   72   73   73   73   72   71   69
   66   64   60   57   53   49   44   40   37   34   31   29   27   26   25   24
   24   24   25   25   26   27   29   30   32   33   34   35   37   37   38   38
   39   41   42   43   45   46   48   50   51   53   54   55   57   59   60   61
   62   63   63   63   64   64   64   64   64
    75.0-180.0 180.0   5.0 450.0                            LAT/LON1/LON2/DLON/H
   68   67   67   67   67   68   69   72   73   74   75   76   75   74   71   69
   66   62   59   55   51   47   43   38   35   33   30   28   26   25   24   24
   24   25   25   26   27   28   29   31   32   33   35   36   37   38   38   38
   38   39   41   43   45   47   48   51   53   55   57   59   61   63   65   66
   67   68   69   69   70   69   69   68   68
    72.5-180.0 180.0   5.0 450.0                            LAT/LON1/LON2/DLON/H
   73   72   71   70   70   70   72   73   74   76   77   76   75   74   71   67
   64   59   56   52   49   45   42   38   36   33   30   29   28   27   26   26
   27   27   28   28   29   30   31   32   33   34   34   35   35   36   36   36
   35   36   38   41   43   46   48   51   54   57   59   62   65   67   69   71
   73   74   75   76   76   76   75   75   73
    70.0-180.0 180.0   5.0 450.0                            LAT/LON1/LON2/DLON/H
   80   78   76   74   74   74   74   74   75   76   76   76   74   71   68   63
   59   55   52   49   46   44   42   39   37   35   33   32   32   31   31   31
   31   31   31   32   32   33   33   34   33   33   34   34   33   32   32   32
   33   34   37   39   42   46   49   53   56   60   62   65   68   70   72   75
   77   80   81   82   83   83   82   82   80
    67.5-180.0 180.0   5.0 450.0                            LAT/LON1/LON2/DLON/H
   86   84   81   79   77   76   75   75   75   76   75   74   71   67   62   57
   53   49   48   47   45   43   42   40   40   38   37   36   36   36   36   36
   35   35   35   35   34   34   34   34   33   32   33   32   32   31   30   31
   31   33   35   39   42   46   51   55   60   63   66   68   71   73   76   78
   81   83   85   87   88   89   89   88   86
    65.0-180.0 180.0   5.0 450.0                            LAT/LON1/LON2/DLON/H
   92   89   86   83   80   79   78   77   77   76   74   71   67   61   56   51
   47   45   45   45   45   44   43   42   42   40   39   40   40   40   40   39
   39   38   38   36   35   34   33   32   31   30   30   31   30   29   28   29
   30   31   35   38   43   48   54   59   63   67   70   73   75   77   79   81
   83   86   88   90   92   94   94   94   92
    62.5-180.0 180.0   5.0 450.0                            LAT/LON1/LON2/DLON/H
   97   95   91   87   84   81   80   79   78   76   73   69   63   57   51   45
   42   42   44   45   45   45   45   43   42   41   41   42   42   43   43   41
   40   38   37   36   33   32   30   29   28   28   28   28   28   27   27   28
   29   31   35   40   46   53   58   64   68   72   75   77   79   81   82   84
   85   87   90   92   95   97   99   98   97
    60.0-180.0 180.0   5.0 450.0                            LAT/LON1/LON2/DLON/H
  102  100   97   93   88   85   83   80   79   76   73   67   62   56   49   42
   40   41   43   45   45   45   45   43   42   41   41   42   42   43   43   41
   39   37   35   33   31   30   28   27   26   26   27   27   26   26   27   28
   30   33   38   44   50   58   63   69   73   77   80   82   84   86   87   88
   89   91   92   95   98  101  102  103  102
    57.5-180.0 180.0   5.0 450.0                            LAT/LON1/LON2/DLON/H
  108  106  104   99   94   90   86   83   80   78   74   69   63   58   50   43
   40   40   43   44   44   44   44   41   39   39   39   40   41   42   42   39
   36   35   34   32   30   29   27   26   27   28   28   28   28   28   28   30
   33   37   43   49   55   62   68   75   79   83   86   89   91   93   94   95
   95   97   98   99  102  105  107  108  108
    55.0-180.0 180.0   5.0 450.0                            LAT/LON1/LON2/DLON/H
  117  115  112  108  102   96   91   87   83   79   76   72   67   61   53   46
   42   41   42   43   43   42   41   37   35   34   35   37   39   40   41   37
   35   35   34   33   31   31   30   30   30   32   33   33   32   32   33   34
   37   42   47   54   60   66   73   79   84   89   93   97  100  102  103  105
  106  107  108  109  110  112  114  116  117
    52.5-180.0 180.0   5.0 450.0                            LAT/LON1/LON2/DLON/H
  126  126  122  117  112  105   98   92   86   82   79   75   71   65   57   51
   46   43   41   42   41   39   37   34   31   30   32   35   38   39   40   37
   36   36   37   36   36   36   37   38   38   39   39   39   38   38   38   39
   42   47   53   59   65   71   77   83   89   95   99  104  108  111  114  117
  120  121  123  123  122  123  125  127  126
    50.0-180.0 180.0   5.0 450.0                            LAT/LON1/LON2/DLON/H
  137  136  132  127  122  114  106   99   91   85   82   78   75   69   63   57
   50   46   43   42   41   39   36   34   32   31   32   36   39   41   41   40
   39   40   42   43   43   45   46   46   47   47   47   47   46   45   45   45
   48   51   57   63   69   75   81   87   94  100  105  111  116  120  125  130
  135  138  139  138  137  137  138  138  137
    47.5-180.0 180.0   5.0 450.0                            LAT/LON1/LON2/DLON/H
  148  145  142  137  131  124  115  105   97   90   85   81   78   74   68   61
   55   51   47   46   44   43   40   39   37   37   38   41   44   46   46   45
   46   47   49   51   52   54   56   56   56   56   56   55   54   52   51   51
   53   56   62   68   74   79   85   91   99  106  113  119  124  129  135  142
  149  153  155  154  153  152  151  149  148
    45.0-180.0 180.0   5.0 450.0                            LAT/LON1/LON2/DLON/H
  157  154  149  144  139  132  122  112  102   94   88   84   81   77   71   65
   60   55   53   51   50   50   49   47   46   46   47   50   52   53   53   52
   53   55   58   59   61   62   63   64   64   63   63   62   61   59   57   56
   58   63   68   74   79   85   91   98  105  114  120  126  132  138  145  153
  160  166  169  170  168  166  163  160  157
    42.5-180.0 180.0   5.0 450.0                            LAT/LON1/LON2/DLON/H
  166  161  154  148  144  136  128  118  108   99   92   88   84   80   75   69
   64   60   58   58   59   59   59   58   58   57   58   59   60   60   59   59
   60   62   64   66   67   68   68   68   68   68   69   68   67   64   62   62
   64   70   75   82   88   93   98  106  114  121  128  134  140  147  153  162
  170  176  181  182  182  179  176  171  166
    40.0-180.0 180.0   5.0 450.0                            LAT/LON1/LON2/DLON/H
  172  163  156  149  144  137  131  122  112  103   97   92   88   83   78   73
   68   66   66   67   69   71   70   70   69   68   67   67   66   66   65   64
   66   68   70   71   71   70   70   70   71   71   73   73   72   69   68   68
   71   77   83   90   96  101  106  114  122  131  138  144  148  154  160  169
  178  185  191  193  194  192  186  180  172
    37.5-180.0 180.0   5.0 450.0                            LAT/LON1/LON2/DLON/H
  174  163  153  146  141  136  131  125  117  109  102   97   92   87   81   77
   73   72   73   76   80   81   81   80   77   74   72   70   69   69   68   68
   69   71   72   72   71   70   70   70   71   73   75   75   75   73   71   72
   75   81   89   96  103  108  113  122  131  141  148  154  159  164  170  178
  187  195  201  203  204  202  197  187  174
    35.0-180.0 180.0   5.0 450.0                            LAT/LON1/LON2/DLON/H
  177  162  150  142  136  134  131  126  120  113  108  102   96   91   86   81
   79   78   81   85   88   90   89   86   81   76   71   69   69   69   69   69
   70   72   72   72   70   69   69   69   71   73   74   76   75   74   72   73
   77   85   94  101  108  113  120  129  140  151  160  166  171  177  183  192
  201  208  213  216  217  214  207  194  177
    32.5-180.0 180.0   5.0 450.0                            LAT/LON1/LON2/DLON/H
  184  165  150  140  134  131  129  126  122  118  113  107  102   96   91   86
   83   84   86   90   93   93   90   85   78   71   66   65   66   68   69   71
   73   74   73   72   69   68   67   67   70   72   73   74   73   72   71   72
   77   86   96  105  112  118  125  135  148  162  173  181  188  195  203  212
  222  228  231  233  232  228  219  204  184
    30.0-180.0 180.0   5.0 450.0                            LAT/LON1/LON2/DLON/H
  195  174  156  144  137  132  129  127  124  121  118  113  107  101   95   90
   87   87   88   90   92   90   86   79   71   63   59   60   63   67   71   74
   76   77   75   73   70   67   66   67   69   70   71   70   70   70   69   71
   76   85   97  107  115  122  132  144  158  174  188  199  208  218  230  241
  252  257  259  257  254  248  237  218  195
    27.5-180.0 180.0   5.0 450.0                            LAT/LON1/LON2/DLON/H
  212  191  171  156  146  139  134  129  127  125  122  117  111  105   98   92
   88   86   86   86   86   84   79   71   63   56   54   57   63   69   74   79
   81   81   78   74   71   69   67   67   68   67   66   66   65   65   66   68
   73   83   96  108  118  127  139  153  170  188  205  218  231  245  260  274
  286  290  292  288  282  274  258  237  212
    25.0-180.0 180.0   5.0 450.0                            LAT/LON1/LON2/DLON/H
  239  215  196  178  163  153  143  137  133  130  128  123  115  107  100   94
   88   83   81   81   79   77   72   66   59   55   55   60   67   75   81   87
   88   86   82   78   76   73   70   69   68   66   63   62   60   60   61   64
   70   81   95  108  121  133  146  162  182  202  221  237  255  274  292  310
  321  326  329  322  317  306  287  266  239
    22.5-180.0 180.0   5.0 450.0                            LAT/LON1/LON2/DLON/H
  272  247  225  206  188  172  161  150  143  138  134  129  121  111  102   95
   88   82   77   75   74   73   70   68   65   64   65   70   78   86   92   97
   97   94   89   84   80   76   73   71   69   65   60   57   56   56   57   59
   66   78   93  109  124  137  153  172  194  216  236  254  276  299  321  342
  356  362  369  359  356  340  321  300  272
    20.0-180.0 180.0   5.0 450.0                            LAT/LON1/LON2/DLON/H
  310  283  260  242  221  201  182  170  160  151  144  138  129  118  108   99
   91   83   77   74   75   76   78   80   81   82   84   88   95  102  106  109
  108  103   96   90   84   80   76   72   68   62   56   53   51   51   52   55
   63   75   92  109  126  142  160  183  206  230  252  270  293  318  341  363
  379  391  394  386  383  370  354  335  310
    17.5-180.0 180.0   5.0 450.0                            LAT/LON1/LON2/DLON/H
  345  321  297  278  254  231  210  196  183  171  160  152  142  130  118  108
   99   91   84   81   83   88   95  101  105  108  109  113  116  119  121  123
  120  114  104   95   88   83   78   73   67   60   53   49   47   47   48   51
   59   73   91  110  128  146  168  193  217  241  264  284  303  325  349  370
  385  395  401  396  393  385  376  364  345
    15.0-180.0 180.0   5.0 450.0                            LAT/LON1/LON2/DLON/H
  369  351  335  316  290  265  243  229  214  197  182  171  160  146  132  122
  114  107  101  100  103  111  121  128  134  137  137  137  136  135  134  134
  131  122  110   98   89   85   80   74   66   58   50   46   44   44   45   47
   56   71   91  111  131  152  177  202  226  250  270  290  307  325  345  361
  373  380  388  385  389  387  385  379  369
    12.5-180.0 180.0   5.0 450.0                            LAT/LON1/LON2/DLON/H
  380  371  364  351  325  301  280  266  249  228  209  194  180  168  153  144
  137  134  129  130  134  143  153  160  165  166  163  159  154  149  145  143
  137  128  113  100   91   86   81   74   66   57   49   44   43   42   41   44
   52   69   91  112  134  156  183  207  233  255  272  291  306  320  334  344
  353  358  364  368  376  380  384  385  380
    10.0-180.0 180.0   5.0 450.0                            LAT/LON1/LON2/DLON/H
  383  382  382  372  353  333  316  302  285  261  240  221  206  192  181  171
  168  169  167  169  173  179  186  191  192  187  181  175  166  159  155  150
  142  130  116  102   92   86   81   73   64   56   48   45   43   41   39   41
   51   68   91  113  135  159  186  212  237  257  274  290  305  316  325  330
  335  338  343  350  362  371  379  383  383
     7.5-180.0 180.0   5.0 450.0                            LAT/LON1/LON2/DLON/H
  384  387  390  387  376  363  351  339  324  297  271  250  234  220  211  204
  203  209  211  213  213  214  213  214  208  198  189  182  173  166  163  155
  146  133  117  103   93   86   80   72   65   57   50   46   43   40   37   40
   50   68   90  113  136  159  186  214  237  258  275  289  303  313  319  322
  324  324  329  337  350  363  374  380  384
     5.0-180.0 180.0   5.0 450.0                            LAT/LON1/LON2/DLON/H
  384  390  396  399  395  388  380  372  357  329  300  278  260  247  239  235
  238  248  254  254  245  240  233  227  215  202  189  180  175  169  167  158
  149  134  117  103   93   86   79   72   65   58   52   48   44   40   37   40
   50   67   90  112  134  157  184  211  235  255  272  287  300  310  317  319
  319  319  321  330  344  358  370  378  384
     2.5-180.0 180.0   5.0 450.0                            LAT/LON1/LON2/DLON/H
  384  393  403  410  413  409  402  394  379  353  323  301  283  270  261  259
  264  276  284  284  269  255  242  227  210  197  180  174  173  170  169  160
  150  135  118  103   93   86   79   72   66   59   54   50   45   40   38   40
   49   66   87  109  130  153  179  207  230  250  266  281  295  307  316  320
  321  321  322  331  343  357  369  376  384
