ionex_files/bejaia/igsg0850.21i
     1.0            IONOSPHERE MAPS     MIX                 IONEX VERSION / TYPE
cmpcmb v1.2          GRL/UWM            12-apr-21 05:42     PGM / RUN BY / DATE 
ionex file containing IGS COMBINED Ionosphere maps          COMMENT             
global ionosphere maps for day 085, 2021                    DESCRIPTION         
IONEX file containing the COMBINED IGS TEC MAPS and DCBs    DESCRIPTION         
      IONEX files of the following IAACs were combined: cod DESCRIPTION         
                                                        esa DESCRIPTION         
                                                        jpl DESCRIPTION         
                                                        upc DESCRIPTION         
Contact address: Andrzej Krankowski                         DESCRIPTION
                 Geodynamics Research Laboratory            DESCRIPTION
                 University of Warmia and Mazury (GRL/UWM)  DESCRIPTION
                 Oczapowski St. 1                           DESCRIPTION
                 10-957-Olsztyn, POLAND                     DESCRIPTION
                 e-mail:  kand@uwm.edu.pl                   DESCRIPTION
                                                            DESCRIPTION         
  2021     3    26     0     0     0                        EPOCH OF FIRST MAP  
  2021     3    27     0     0     0                        EPOCH OF LAST MAP   
  7200                                                      INTERVAL            
    13                                                      # OF MAPS IN FILE   
  COSZ                                                      MAPPING FUNCTION    
     0.0                                                    ELEVATION CUTOFF    
combined TEC calculated as weighted mean of input TEC valuesOBSERVABLES USED    
   372                                                      # OF STATIONS       
    32                                                      # OF SATELLITES     
  6371.0                                                    BASE RADIUS         
     2                                                      MAP DIMENSION       
   450.0 450.0   0.0                                        HGT1 / HGT2 / DHGT  
    87.5 -87.5  -2.5                                        LAT1 / LAT2 / DLAT  
  -180.0 180.0   5.0                                        LON1 / LON2 / DLON  
    -1                                                      EXPONENT            
TEC values in 0.1 tec units;  9999, if no value available   COMMENT             
DCB values in nanoseconds, reference is Sum_of_SatDCBs = 0  COMMENT             
                                                            END OF HEADER       
[from data line 2145]
     6                                                      START OF TEC MAP    
  2021     3    26    10     0     0                        EPOCH OF CURRENT MAP
    87.5-180.0 180.0   5.0 450.0                            LAT/LON1/LON2/DLON/H
   75   75   76   77   78   78   79   79   79   80   80   80   80   80   80   80
   80   80   80   80   80   80   80   79   79   79   79   79   79   79   78   78
   78   78   78   78   78   77   77   76   76   76   75   75   74   74   73   73
   72   72   71   70   70   70   70   70   70   70   70   70   70   70   70   71
   71   71   72   72   73   73   74   74   75
    85.0-180.0 180.0   5.0 450.0                            LAT/LON1/LON2/DLON/H
   72   73   75   76   78   78   79   79   80   80   80   79   80   79   78   78
   78   77   77   76   76   75   75   75   75   75   75   75   75   76   76   76
   77   77   77   77   77   76   77   76   76   75   74   73   72   71   70   68
   67   65   64   63   62   61   60   59   59   59   58   59   59   59   60   60
   61   62   63   64   66   67   69   71   72
    82.5-180.0 180.0   5.0 450.0                            LAT/LON1/LON2/DLON/H
   68   70   72   74   75   76   77   77   77   77   76   75   75   73   72   71
   70   69   68   67   66   66   66   66   66   66   67   68   69   70   71   72
   73   75   75   76   76   76   76   76   75   75   73   72   71   69   68   65
   63   62   59   58   56   54   53   52   51   50   49   48   48   48   49   50
   51   53   54   56   58   61   63   65   68
    80.0-180.0 180.0   5.0 450.0                            LAT/LON1/LON2/DLON/H
   63   65   68   70   72   74   74   74   73   72   71   69   67   65   63   61
   59   57   56   54   54   54   54   54   55   56   58   59   61   63   65   67
   70   71   73   75   76   77   77   77   76   76   75   73   72   70   69   66
   64   62   60   57   54   52   50   48   46   44   43   42   41   41   41   42
   43   44   46   49   51   54   57   59   63
    77.5-180.0 180.0   5.0 450.0                            LAT/LON1/LON2/DLON/H
   56   59   63   66   67   68   69   68   67   66   65   62   59   56   53   50
   47   45   44   43   42   43   43   44   45   47   49   52   54   57   60   64
   67   70   73   75   76   77   78   79   79   78   78   77   76   74   73   71
   69   67   64   61   58   56   53   50   47   45   43   41   39   38   38   38
   38   39   41   43   45   48   51   53   56
    75.0-180.0 180.0   5.0 450.0                            LAT/LON1/LON2/DLON/H
   49   53   56   58   60   61   62   62   61   60   57   54   50   47   43   40
   38   36   34   35   35   35   37   38   40   42   44   47   50   54   58   61
   64   68   71   74   76   79   80   80   81   81   81   81   81   81   80   79
   77   75   73   70   68   64   61   58   55   51   49   46   44   41   40   39
   38   38   38   39   41   43   45   47   49
    72.5-180.0 180.0   5.0 450.0                            LAT/LON1/LON2/DLON/H
   44   46   49   52   53   55   56   55   54   53   51   48   44   39   36   33
   31   31   31   31   31   33   35   36   38   41   43   46   49   52   56   60
   64   67   70   74   76   78   81   81   83   83   85   86   87   88   88   88
   87   85   84   82   79   76   72   69   66   62   59   55   53   49   47   44
   42   40   39   39   39   40   40   42   44
    70.0-180.0 180.0   5.0 450.0                            LAT/LON1/LON2/DLON/H
   39   41   43   45   47   49   50   49   49   48   46   43   39   36   33   32
   30   30   30   31   32   34   36   38   39   43   44   47   50   53   56   60
   63   67   70   73   76   78   80   82   83   85   87   89   91   93   95   97
   97   96   95   93   90   87   84   80   77   73   70   66   63   60   56   52
   49   46   42   40   39   38   38   38   39
    67.5-180.0 180.0   5.0 450.0                            LAT/LON1/LON2/DLON/H
   36   37   39   41   43   44   46   45   45   45   43   39   37   34   33   34
   32   32   32   33   35   37   39   41   43   45   47   49   51   54   56   60
   63   66   70   73   75   78   80   82   84   86   89   92   96   99  102  104
  105  105  104  102   99   96   92   88   85   82   78   76   72   69   65   61
   57   52   48   44   40   38   37   36   36
    65.0-180.0 180.0   5.0 450.0                            LAT/LON1/LON2/DLON/H
   35   36   36   38   40   41   43   43   43   42   40   38   37   34   35   34
   34   34   35   36   38   40   42   44   46   48   50   51   53   55   57   59
   63   66   68   72   75   78   80   82   85   89   92   96  100  104  108  110
  111  111  110  107  103  100   96   93   89   87   84   82   79   76   72   69
   64   59   54   49   45   41   38   36   35
    62.5-180.0 180.0   5.0 450.0                            LAT/LON1/LON2/DLON/H
   36   36   36   37   38   40   41   41   41   40   39   38   36   36   36   35
   36   37   37   37   39   42   44   46   47   49   51   52   54   55   57   59
   62   65   68   71   75   78   81   85   89   92   97  102  106  110  113  115
  116  114  113  109  105  102   97   93   90   88   86   85   82   80   77   73
   69   64   59   54   49   45   41   38   36
    60.0-180.0 180.0   5.0 450.0                            LAT/LON1/LON2/DLON/H
   41   39   38   38   39   40   40   40   39   38   38   37   36   35   36   36
   37   37   36   36   37   40   42   44   46   48   51   53   54   56   57   59
   62   64   68   72   76   80   84   89   94   98  103  109  113  117  120  120
  120  117  115  111  106  102   97   94   91   88   87   86   85   82   80   76
   72   68   63   58   53   50   46   43   41
    57.5-180.0 180.0   5.0 450.0                            LAT/LON1/LON2/DLON/H
   47   45   44   43   42   42   41   40   38   37   36   35   34   35   34   35
   35   35   33   32   33   35   38   40   43   47   50   52   55   57   58   60
   62   65   70   74   79   84   90   97  103  108  114  119  123  126  128  127
  126  122  118  114  109  104   99   96   93   91   89   88   87   85   82   79
   76   71   66   62   59   56   52   50   47
    55.0-180.0 180.0   5.0 450.0                            LAT/LON1/LON2/DLON/H
   55   53   51   50   48   46   45   42   38   36   34   33   33   32   32   32
   31   31   29   28   27   29   32   36   40   44   50   54   57   59   61   63
   65   69   73   79   85   92  100  107  115  121  127  131  135  138  137  136
  133  129  125  120  115  110  106  102   99   97   94   94   92   90   87   84
   80   76   72   68   65   62   60   57   55
    52.5-180.0 180.0   5.0 450.0                            LAT/LON1/LON2/DLON/H
   63   61   58   56   55   53   50   45   41   36   34   32   31   30   30   30
   28   27   25   23   23   24   28   33   37   43   51   55   60   63   66   68
   71   74   80   86   94  103  112  121  128  135  142  146  148  150  149  147
  144  140  134  129  125  119  115  112  109  106  104  102  101   98   94   91
   87   83   80   76   73   70   68   65   63
    50.0-180.0 180.0   5.0 450.0                            LAT/LON1/LON2/DLON/H
   70   67   65   63   61   59   56   51   45   41   36   34   32   31   29   29
   27   25   23   21   21   23   26   32   37   45   52   60   65   69   72   75
   78   82   88   95  105  115  125  135  143  150  156  161  163  164  162  160
  156  151  145  140  135  130  127  124  120  118  115  113  111  108  104  100
   95   92   88   85   81   78   76   73   70
    47.5-180.0 180.0   5.0 450.0                            LAT/LON1/LON2/DLON/H
   76   73   70   69   67   65   62   57   52   47   42   38   36   35   33   31
   29   27   25   23   23   25   28   34   40   49   57   65   70   75   79   83
   86   92   98  107  117  128  138  149  157  164  170  175  178  178  176  173
  168  163  157  152  147  142  138  135  132  129  127  126  123  121  116  112
  106  101   96   93   89   85   82   79   76
    45.0-180.0 180.0   5.0 450.0                            LAT/LON1/LON2/DLON/H
   81   77   75   72   71   70   68   63   59   54   49   46   44   42   39   37
   34   32   30   30   30   31   34   38   46   54   62   69   76   81   86   91
   95  101  109  118  128  139  150  160  169  177  183  189  192  193  189  186
  180  175  168  163  157  152  148  144  141  138  136  135  134  133  129  123
  117  110  103   98   94   91   87   84   81
    42.5-180.0 180.0   5.0 450.0                            LAT/LON1/LON2/DLON/H
   84   80   77   75   74   74   73   69   66   62   57   54   53   50   47   45
   42   40   38   38   38   39   40   44   51   59   66   74   82   87   92   97
  103  111  120  129  140  150  161  171  180  188  196  203  207  207  204  199
  192  186  179  173  167  160  155  150  147  144  143  142  142  141  139  133
  126  118  109  102   98   94   90   87   84
    40.0-180.0 180.0   5.0 450.0                            LAT/LON1/LON2/DLON/H
   85   81   78   76   76   76   76   74   72   69   65   62   61   59   57   54
   51   49   48   47   46   46   46   49   55   63   71   79   86   92   97  103
  110  119  129  138  148  158  170  180  191  201  209  218  223  223  220  216
  206  198  189  182  175  166  160  155  152  150  148  147  148  148  145  139
  131  122  112  103   98   94   90   88   85
    37.5-180.0 180.0   5.0 450.0                            LAT/LON1/LON2/DLON/H
   84   81   78   76   76   77   78   78   77   74   72   70   69   68   66   63
   60   57   56   55   54   52   51   51   57   66   74   83   89   95  102  108
  117  125  135  144  154  165  177  190  203  215  227  237  243  243  239  233
  222  212  202  193  186  177  170  164  161  158  155  154  155  155  151  145
  135  123  112  102   95   90   87   85   84
    35.0-180.0 180.0   5.0 450.0                            LAT/LON1/LON2/DLON/H
   81   79   78   75   75   76   78   79   79   78   77   76   76   76   75   72
   68   65   62   61   58   55   52   53   58   68   77   85   93   99  105  113
  122  131  141  151  161  174  187  202  218  234  249  261  268  266  261  254
  243  232  221  212  203  196  188  183  178  172  168  165  165  164  160  153
  140  125  111   99   91   86   83   82   81
    32.5-180.0 180.0   5.0 450.0                            LAT/LON1/LON2/DLON/H
   76   75   75   74   73   74   76   77   78   79   79   79   81   81   81   79
   74   70   66   63   60   56   53   53   59   69   79   88   97  103  110  118
  127  137  148  159  170  185  200  219  238  258  275  290  298  294  288  281
  272  262  250  240  232  226  220  214  206  197  188  184  182  180  174  163
  148  131  114  100   90   83   79   77   76
    30.0-180.0 180.0   5.0 450.0                            LAT/LON1/LON2/DLON/H
   73   73   74   72   72   73   73   74   76   77   77   79   82   84   85   82
   78   73   68   65   61   56   52   52   60   70   82   92  101  108  116  124
  133  144  156  170  184  201  219  241  264  283  303  320  330  325  320  316
  311  301  291  282  274  270  265  261  248  233  220  213  208  203  194  182
  164  144  125  107   95   85   79   76   73
    27.5-180.0 180.0   5.0 450.0                            LAT/LON1/LON2/DLON/H
   75   74   73   73   72   71   71   71   73   74   76   78   81   85   85   84
   79   74   69   65   60   55   52   54   62   74   86   96  105  114  122  130
  141  153  168  184  200  219  240  265  290  312  333  351  360  357  356  356
  353  349  339  332  325  324  321  316  301  282  263  251  244  234  222  209
  188  167  145  124  107   94   85   79   75
    25.0-180.0 180.0   5.0 450.0                            LAT/LON1/LON2/DLON/H
   81   78   76   74   72   70   70   70   71   72   73   75   78   82   84   82
   78   73   68   64   60   55   53   56   65   77   89  100  110  120  129  139
  151  167  184  204  222  241  264  289  315  340  360  379  388  392  396  397
  399  397  390  386  381  385  379  378  362  339  315  298  286  272  258  246
  223  199  173  148  127  110   97   87   81
    22.5-180.0 180.0   5.0 450.0                            LAT/LON1/LON2/DLON/H
   91   85   81   77   74   71   70   69   69   70   71   72   75   79   81   79
   75   71   67   63   59   55   54   58   67   80   92  103  114  125  136  148
  163  182  203  227  246  264  285  310  335  359  381  403  412  422  432  437
  439  442  440  440  436  438  434  435  419  394  367  345  327  311  294  285
  264  239  209  180  155  134  115  100   91
    20.0-180.0 180.0   5.0 450.0                            LAT/LON1/LON2/DLON/H
  105   95   88   82   77   73   71   70   70   71   71   71   72   74   76   75
   71   67   65   62   58   55   55   59   69   82   93  104  116  129  142  156
  174  196  223  248  267  284  302  324  347  371  396  420  439  452  460  462
  467  473  475  474  472  472  471  470  454  431  407  383  363  345  329  315
  302  277  246  216  187  161  138  118  105
    17.5-180.0 180.0   5.0 450.0                            LAT/LON1/LON2/DLON/H
  123  109   97   88   81   77   74   73   73   73   73   72   70   71   71   69
   65   63   61   59   56   53   53   58   69   81   92  104  118  132  147  163
  184  209  238  263  281  297  313  331  352  376  400  426  447  464  467  467
  473  477  477  474  471  475  475  473  463  445  426  405  385  367  350  336
  322  298  274  246  217  190  164  142  123
    15.0-180.0 180.0   5.0 450.0                            LAT/LON1/LON2/DLON/H
  145  127  111   99   90   84   80   78   78   77   76   72   69   67   66   63
   60   58   57   56   53   50   50   56   66   79   90  103  118  135  152  170
  192  219  247  271  290  304  318  333  352  375  398  421  439  452  452  452
  459  459  451  451  449  454  455  455  452  442  428  411  393  373  356  341
  327  308  288  265  241  215  190  167  145
    12.5-180.0 180.0   5.0 450.0                            LAT/LON1/LON2/DLON/H
  169  149  130  115  103   95   91   86   84   83   80   75   69   65   62   59
   56   55   54   52   49   46   46   52   62   75   88  102  119  137  156  176
  199  225  252  274  291  306  318  331  347  367  387  407  417  427  427  431
  435  434  425  422  422  427  428  430  431  427  419  407  390  369  350  332
  319  302  286  271  253  233  211  190  169
    10.0-180.0 180.0   5.0 450.0                            LAT/LON1/LON2/DLON/H
  189  170  150  134  121  111  106   98   94   90   85   78   70   63   60   57
   55   53   51   50   45   42   42   48   59   73   87  102  121  141  161  181
  204  229  253  273  289  302  314  326  339  356  373  388  397  403  406  412
  415  411  404  401  402  405  406  408  411  411  408  399  384  363  339  318
  303  288  277  267  256  242  225  208  189
     7.5-180.0 180.0   5.0 450.0                            LAT/LON1/LON2/DLON/H
  203  186  167  152  139  128  122  113  106   99   92   83   73   64   60   57
   55   52   50   47   43   39   39   45   56   71   86  104  124  146  166  186
  208  230  252  270  284  296  307  319  331  345  360  375  383  389  395  401
  405  404  399  397  396  395  394  393  395  398  398  393  379  356  330  305
  287  271  263  257  252  244  232  218  203
     5.0-180.0 180.0   5.0 450.0                            LAT/LON1/LON2/DLON/H
  210  196  181  165  154  142  135  126  118  109   99   88   76   67   62   60
   57   54   50   47   42   38   38   44   55   71   87  107  128  152  171  191
  210  230  250  265  277  288  300  312  326  340  354  368  378  386  395  403
  410  413  411  407  403  398  391  386  386  389  391  387  374  352  325  296
  273  256  248  244  243  239  232  222  210
     2.5-180.0 180.0   5.0 450.0                            LAT/LON1/LON2/DLON/H
  210  198  187  175  166  156  149  137  129  118  106   94   81   71   66   64
   61   57   53   49   44   40   40   44   56   72   91  112  135  156  175  193
  210  229  245  258  269  279  293  309  325  340  355  369  380  391  402  414
  425  431  431  428  420  409  395  386  383  384  386  382  370  349  321  290
  263  243  233  231  231  230  225  219  210
