ionex_files/bejaia/igsg0820.21i
     1.0            IONOSPHERE MAPS     MIX                 IONEX VERSION / TYPE
cmpcmb v1.2          GRL/UWM            12-apr-21 05:25     PGM / RUN BY / DATE 
ionex file containing IGS COMBINED Ionosphere maps          COMMENT             
global ionosphere maps for day 082, 2021                    DESCRIPTION         
IONEX file containing the COMBINED IGS TEC MAPS and DCBs    DESCRIPTION         
      IONEX files of the following IAACs were combined: cod DESCRIPTION         
                                                        esa DESCRIPTION         
                                                        jpl DESCRIPTION         
                                                        upc DESCRIPTION         
Contact address: Andrzej Krankowski                         DESCRIPTION
                 Geodynamics Research Laboratory            DESCRIPTION
                 University of Warmia and Mazury (GRL/UWM)  DESCRIPTION
                 Oczapowski St. 1                           DESCRIPTION
                 10-957-Olsztyn, POLAND                     DESCRIPTION
                 e-mail:  kand@uwm.edu.pl                   DESCRIPTION
                                                            DESCRIPTION         
  2021     3    23     0     0     0                        EPOCH OF FIRST MAP  
  2021     3    24     0     0     0                        EPOCH OF LAST MAP   
  7200                                                      INTERVAL            
    13                                                      # OF MAPS IN FILE   
  COSZ                                                      MAPPING FUNCTION    
     0.0                                                    ELEVATION CUTOFF    
combined TEC calculated as weighted mean of input TEC valuesOBSERVABLES USED    
   379                                                      # OF STATIONS       
    32                                                      # OF SATELLITES     
  6371.0                                                    BASE RADIUS         
     2                                                      MAP DIMENSION       
   450.0 450.0   0.0                                        HGT1 / HGT2 / DHGT  
    87.5 -87.5  -2.5                                        LAT1 / LAT2 / DLAT  
  -180.0 180.0   5.0                                        LON1 / LON2 / DLON  
    -1                                                      EXPONENT            
TEC values in 0.1 tec units;  9999, if no value available   COMMENT             
DCB values in nanoseconds, reference is Sum_of_SatDCBs = 0  COMMENT             
                                                            END OF HEADER       
[from data line 1716]
     5                                                      START OF TEC MAP    
  2021     3    23     8     0     0                        EPOCH OF CURRENT MAP
    87.5-180.0 180.0   5.0 450.0                            LAT/LON1/LON2/DLON/H
   66   67   67   68   68   69   69   70   70   71   71   71   71   71   71   71
   71   72   71   71   71   71   71   71   71   71   71   71   71   71   71   71
   72   72   72   73   73   73   73   73   74   74   74   73   74   73   73   72
   71   71   71   71   70   69   69   68   67   66   66   65   65   65   65   65
   65   65   65   65   65   66   66   66   66
    85.0-180.0 180.0   5.0 450.0                            LAT/LON1/LON2/DLON/H
   62   64   64   65   67   68   69   69   70   70   71   71   71   71   71   70
   70   69   69   68   67   66   66   65   65   65   65   66   66   67   68   68
   69   71   71   73   74   74   75   76   77   77   78   78   79   78   78   77
   76   75   73   72   71   69   67   66   64   63   61   60   59   58   58   58
   57   57   57   58   58   59   60   61   62
    82.5-180.0 180.0   5.0 450.0                            LAT/LON1/LON2/DLON/H
   54   56   59   61   63   64   66   68   69   70   71   71   70   70   69   67
   65   63   62   60   59   57   55   55   55   55   55   56   57   58   60   62
   63   65   67   69   71   74   76   78   80   80   82   82   83   83   83   83
   81   80   78   76   73   71   68   66   64   61   59   57   55   53   51   50
   50   49   49   49   49   50   51   52   54
    80.0-180.0 180.0   5.0 450.0                            LAT/LON1/LON2/DLON/H
   47   50   53   55   59   63   67   69   71   71   71   70   69   67   64   61
   58   54   51   49   46   45   44   43   43   43   43   44   46   48   50   53
   57   59   63   66   69   72   75   79   81   84   86   87   88   88   88   87
   86   84   82   80   78   75   73   70   68   65   62   59   55   53   50   48
   45   44   42   42   41   41   43   45   47
    77.5-180.0 180.0   5.0 450.0                            LAT/LON1/LON2/DLON/H
   42   45   49   53   58   62   65   67   69   70   70   68   66   62   57   53
   49   45   43   39   36   34   33   33   34   34   35   37   39   41   44   47
   50   54   58   63   67   71   75   80   83   87   90   91   92   93   93   92
   91   89   88   86   84   83   81   78   76   73   70   66   63   59   55   51
   48   45   42   40   38   38   38   40   42
    75.0-180.0 180.0   5.0 450.0                            LAT/LON1/LON2/DLON/H
   39   42   45   50   54   57   61   63   65   66   65   62   60   54   49   46
   41   36   33   30   28   27   26   27   27   29   30   33   35   37   40   43
   47   51   55   60   65   70   75   80   85   89   92   95   96   97   96   96
   95   94   94   93   93   92   91   90   88   85   83   79   76   71   67   62
   57   53   49   45   42   39   38   38   39
    72.5-180.0 180.0   5.0 450.0                            LAT/LON1/LON2/DLON/H
   39   40   42   45   49   52   56   58   59   60   59   57   54   49   45   40
   34   30   27   24   23   23   23   24   26   28   29   32   35   38   40   43
   47   51   54   60   64   70   74   80   85   89   94   96   98   98   99   99
   99   99   99  100  100  100  100  100  100   98   96   93   90   86   81   77
   71   66   60   55   49   45   42   39   39
    70.0-180.0 180.0   5.0 450.0                            LAT/LON1/LON2/DLON/H
   40   39   39   41   43   47   49   52   53   54   54   51   49   44   40   34
   30   27   23   22   23   23   23   25   27   30   32   34   37   40   42   45
   48   51   55   59   64   68   74   79   83   88   93   96   98   99  100  100
  102  102  104  105  106  107  108  109  109  108  107  105  102   99   95   90
   85   79   72   66   59   52   47   43   40
    67.5-180.0 180.0   5.0 450.0                            LAT/LON1/LON2/DLON/H
   43   38   36   36   37   40   43   46   47   48   48   46   43   40   36   32
   28   26   24   24   25   25   26   28   31   33   35   38   40   42   45   47
   49   52   55   59   63   67   72   77   82   86   90   94   97   99  101  102
  103  104  106  108  109  111  112  113  113  113  112  111  109  106  101   98
   93   88   82   75   69   61   54   48   43
    65.0-180.0 180.0   5.0 450.0                            LAT/LON1/LON2/DLON/H
   45   40   35   32   32   34   37   39   41   42   42   41   39   36   33   31
   28   27   27   27   27   28   30   32   34   36   38   39   41   44   46   49
   51   53   56   58   61   66   70   75   81   85   89   93   96   99  101  102
  104  105  107  109  110  111  112  112  112  112  112  110  108  106  103  100
   95   92   87   82   75   69   60   53   45
    62.5-180.0 180.0   5.0 450.0                            LAT/LON1/LON2/DLON/H
   49   42   35   31   29   30   31   33   35   36   36   36   34   33   32   31
   30   30   31   30   31   31   32   33   35   36   37   38   39   42   45   49
   51   53   56   58   61   65   69   74   79   84   88   92   96   99  102  104
  106  107  109  110  111  111  111  110  109  108  107  106  104  102   99   96
   92   89   87   83   79   72   66   58   49
    60.0-180.0 180.0   5.0 450.0                            LAT/LON1/LON2/DLON/H
   54   45   39   33   30   29   29   31   32   32   32   32   31   31   31   32
   32   32   33   32   32   31   31   31   32   33   33   34   36   39   43   47
   51   54   56   59   61   65   69   74   79   83   88   93   97  101  104  107
  110  111  112  112  112  111  109  108  106  104  103  101   99   97   94   91
   88   85   84   81   79   75   69   62   54
    57.5-180.0 180.0   5.0 450.0                            LAT/LON1/LON2/DLON/H
   60   52   44   38   34   32   32   31   31   31   31   30   30   30   30   31
   32   33   33   32   31   29   29   28   28   27   27   28   30   34   40   46
   51   54   57   60   63   66   70   75   80   85   91   95  100  104  108  112
  114  116  117  117  115  113  111  109  106  104  101   99   97   95   92   87
   84   82   80   80   78   76   72   66   60
    55.0-180.0 180.0   5.0 450.0                            LAT/LON1/LON2/DLON/H
   67   60   52   47   42   39   37   36   34   32   30   29   29   29   30   30
   31   31   31   30   28   26   25   24   22   22   21   23   26   31   37   45
   52   56   59   62   66   69   73   79   84   89   95  100  104  109  114  118
  121  124  124  123  121  118  116  114  111  108  106  103  101   98   94   89
   85   82   81   80   80   79   77   73   67
    52.5-180.0 180.0   5.0 450.0                            LAT/LON1/LON2/DLON/H
   76   69   63   57   53   49   46   44   40   37   34   32   31   30   30   30
   30   29   29   28   26   24   23   22   20   20   19   21   24   30   38   46
   53   59   64   67   70   74   79   84   90   95  101  106  111  116  121  126
  130  132  133  131  128  126  123  121  119  117  115  112  109  106  101   97
   92   88   87   85   85   85   83   80   76
    50.0-180.0 180.0   5.0 450.0                            LAT/LON1/LON2/DLON/H
   84   79   74   68   64   61   57   52   48   43   39   36   35   33   31   31
   30   29   28   27   26   25   25   23   22   22   22   24   27   33   41   50
   58   64   69   73   76   80   86   91   97  103  108  114  119  125  130  135
  138  140  141  139  136  133  131  129  128  127  126  124  120  116  112  108
  102   98   96   94   94   92   92   88   84
    47.5-180.0 180.0   5.0 450.0                            LAT/LON1/LON2/DLON/H
   92   88   83   78   75   71   67   63   57   51   47   43   41   38   35   34
   32   32   31   31   31   31   31   30   30   30   31   32   35   40   47   55
   64   71   76   80   84   88   94  100  106  112  118  122  128  133  139  144
  147  148  148  146  143  140  138  136  136  135  135  133  130  127  123  119
  114  110  107  104  103  101   99   96   92
    45.0-180.0 180.0   5.0 450.0                            LAT/LON1/LON2/DLON/H
   97   93   89   85   82   79   76   72   65   60   56   52   49   45   42   39
   38   37   37   38   39   40   41   41   41   43   43   44   45   49   55   63
   70   78   84   88   92   97  103  108  115  121  126  130  136  141  146  152
  155  156  154  152  148  145  143  141  139  139  138  137  135  133  131  128
  124  120  117  113  111  107  104  101   97
    42.5-180.0 180.0   5.0 450.0                            LAT/LON1/LON2/DLON/H
   97   93   90   87   85   84   82   78   73   69   65   62   59   54   50   46
   45   45   46   48   49   51   52   53   54   54   54   54   55   58   63   70
   77   85   91   96  100  105  111  118  123  129  133  137  143  148  154  159
  162  163  161  158  154  150  146  142  139  137  136  134  134  133  133  131
  130  128  125  121  116  111  106  101   97
    40.0-180.0 180.0   5.0 450.0                            LAT/LON1/LON2/DLON/H
   94   90   86   85   84   83   83   82   79   76   74   71   69   64   59   56
   54   55   56   58   59   61   62   64   64   64   63   62   62   64   68   75
   83   91   98  103  108  113  119  125  130  135  139  143  149  155  160  166
  169  170  168  165  161  156  151  145  140  136  134  132  131  130  130  131
  131  131  129  126  120  112  105   99   94
    37.5-180.0 180.0   5.0 450.0                            LAT/LON1/LON2/DLON/H
   87   82   79   78   79   79   81   81   81   81   81   80   79   74   69   65
   63   64   66   67   68   69   70   70   70   70   67   66   65   66   71   78
   86   95  103  109  115  121  126  131  136  140  144  149  155  161  166  172
  175  178  178  176  172  167  161  155  148  142  138  135  133  131  131  131
  132  133  133  129  122  111  101   93   87
    35.0-180.0 180.0   5.0 450.0                            LAT/LON1/LON2/DLON/H
   79   72   69   69   70   72   75   78   80   83   86   87   87   83   78   74
   72   72   74   75   75   75   74   74   72   70   67   65   64   65   70   78
   88   98  107  115  122  128  132  137  140  145  149  155  160  167  173  180
  186  191  193  194  193  187  182  175  169  161  156  152  147  142  139  138
  138  139  139  134  125  112   98   87   79
    32.5-180.0 180.0   5.0 450.0                            LAT/LON1/LON2/DLON/H
   73   65   61   59   59   62   66   71   77   82   87   91   92   90   86   81
   78   78   78   79   78   77   75   72   69   66   63   60   59   61   67   77
   89  100  110  119  127  134  139  143  145  149  154  160  167  174  183  191
  201  211  218  220  223  220  217  212  208  201  195  188  179  169  160  155
  153  153  152  146  134  117  100   84   73
    30.0-180.0 180.0   5.0 450.0                            LAT/LON1/LON2/DLON/H
   73   62   55   52   52   54   58   63   71   78   85   90   93   92   90   86
   82   80   80   79   78   75   72   69   65   61   57   54   53   56   64   76
   89  102  114  124  133  141  145  148  151  155  160  167  175  184  195  208
  222  237  250  258  263  264  266  265  265  260  254  243  229  213  197  186
  180  178  176  167  152  131  109   89   73
    27.5-180.0 180.0   5.0 450.0                            LAT/LON1/LON2/DLON/H
   83   68   58   51   49   49   52   56   63   70   78   86   90   91   89   86
   82   80   78   77   76   72   69   64   60   55   51   48   48   52   61   73
   88  102  115  128  138  146  152  155  157  162  168  176  185  196  211  229
  248  270  287  300  310  320  324  328  335  331  326  313  295  273  248  232
  219  213  209  199  180  154  128  103   83
    25.0-180.0 180.0   5.0 450.0                            LAT/LON1/LON2/DLON/H
  102   83   67   57   52   49   49   51   56   63   71   80   84   86   86   84
   81   78   76   74   71   69   66   61   56   52   48   45   45   49   59   72
   87  102  116  130  143  153  160  162  167  171  178  187  200  213  231  252
  276  304  327  346  360  375  383  395  403  402  400  389  370  343  313  286
  268  257  249  239  217  189  156  126  102
    22.5-180.0 180.0   5.0 450.0                            LAT/LON1/LON2/DLON/H
  127  103   84   69   60   55   52   50   52   57   65   73   77   81   82   81
   78   75   73   70   68   66   63   59   55   52   48   44   44   48   58   71
   87  102  117  132  147  161  169  173  178  183  192  204  219  235  254  276
  307  341  367  389  404  418  429  441  453  457  458  453  436  408  374  344
  325  307  297  280  256  226  190  156  127
    20.0-180.0 180.0   5.0 450.0                            LAT/LON1/LON2/DLON/H
  159  131  106   88   75   66   60   56   54   56   62   68   71   75   77   77
   75   72   70   67   65   64   62   60   56   53   49   46   44   49   58   71
   86  102  118  134  151  167  178  184  190  197  209  226  238  256  278  304
  339  375  398  416  425  433  446  457  468  476  480  481  472  448  419  392
  367  347  337  318  292  262  226  192  159
    17.5-180.0 180.0   5.0 450.0                            LAT/LON1/LON2/DLON/H
  190  162  133  113   96   83   74   66   61   60   62   66   68   71   73   73
   73   71   67   65   63   62   62   60   58   56   52   48   45   48   57   71
   86  102  118  135  153  170  183  193  201  210  225  242  259  279  302  330
  365  394  410  416  420  426  436  443  451  459  468  473  470  456  436  414
  395  376  359  338  316  288  256  223  190
    15.0-180.0 180.0   5.0 450.0                            LAT/LON1/LON2/DLON/H
  217  189  162  138  118  103   92   82   73   69   68   68   68   69   70   71
   72   71   67   64   63   62   62   62   61   59   54   49   46   48   57   71
   86  102  118  134  153  171  187  199  212  226  239  257  278  298  320  344
  372  391  398  398  398  403  409  410  417  425  436  444  447  442  431  416
  402  385  366  346  325  299  272  245  217
    12.5-180.0 180.0   5.0 450.0                            LAT/LON1/LON2/DLON/H
  233  210  186  163  142  124  111   99   89   82   78   75   73   72   72   73
   74   73   70   66   64   64   65   65   64   61   56   50   47   49   58   71
   87  103  118  134  153  171  188  204  222  238  252  270  291  311  330  346
  363  373  374  376  374  376  373  373  379  387  397  407  415  418  415  406
  395  378  360  341  320  298  275  255  233
    10.0-180.0 180.0   5.0 450.0                            LAT/LON1/LON2/DLON/H
  238  221  203  186  167  147  131  118  107   98   91   86   82   80   77   77
   77   76   73   70   68   68   69   69   68   63   58   51   47   49   59   73
   89  104  119  135  152  170  189  207  228  246  262  279  297  315  330  343
  352  358  357  359  356  353  348  347  350  357  366  376  386  393  396  392
  383  367  349  330  310  291  271  254  238
     7.5-180.0 180.0   5.0 450.0                            LAT/LON1/LON2/DLON/H
  238  228  216  203  188  170  152  139  125  116  108  100   94   89   84   83
   83   83   79   75   72   73   74   75   72   66   59   52   48   51   60   75
   91  106  121  135  151  168  187  207  228  248  265  281  297  312  327  338
  343  347  349  350  349  345  339  337  338  343  350  359  369  376  381  380
  371  356  337  319  300  282  265  251  238
     5.0-180.0 180.0   5.0 450.0                            LAT/LON1/LON2/DLON/H
  239  233  228  220  209  193  174  156  143  132  122  115  107   99   93   90
   88   89   84   80   79   80   81   81   78   71   61   53   50   53   62   78
   94  109  122  135  149  165  184  203  224  243  259  275  291  306  320  332
  339  344  349  353  354  352  348  346  346  348  352  358  366  372  376  373
  364  349  332  314  297  279  262  249  239
     2.5-180.0 180.0   5.0 450.0                            LAT/LON1/LON2/DLON/H
  244  240  239  235  226  210  192  173  157  145  135  128  119  110  102   97
   95   95   89   86   85   87   89   89   85   77   66   56   52   55   65   80
   97  111  123  135  147  161  178  196  215  232  249  266  283  299  314  326
  336  346  355  364  370  371  371  371  371  372  372  374  377  379  377  371
  361  347  332  316  300  283  266  252  244
