ionex_files/bejaia/igsg0900.21i
     1.0            IONOSPHERE MAPS     MIX                 IONEX VERSION / TYPE
cmpcmb v1.2          GRL/UWM            15-apr-21 05:52     PGM / RUN BY / DATE 
ionex file containing IGS COMBINED Ionosphere maps          COMMENT             
global ionosphere maps for day 090, 2021                    DESCRIPTION         
IONEX file containing the COMBINED IGS TEC MAPS and DCBs    DESCRIPTION         
      IONEX files of the following IAACs were combined: cod DESCRIPTION         
                                                        esa DESCRIPTION         
                                                        jpl DESCRIPTION         
                                                        upc DESCRIPTION         
Contact address: Andrzej Krankowski                         DESCRIPTION
                 Geodynamics Research Laboratory            DESCRIPTION
                 University of Warmia and Mazury (GRL/UWM)  DESCRIPTION
                 Oczapowski St. 1                           DESCRIPTION
                 10-957-Olsztyn, POLAND                     DESCRIPTION
                 e-mail:  kand@uwm.edu.pl                   DESCRIPTION
                                                            DESCRIPTION         
  2021     3    31     0     0     0                        EPOCH OF FIRST MAP  
  2021     4     1     0     0     0                        EPOCH OF LAST MAP   
  7200                                                      INTERVAL            
    13                                                      # OF MAPS IN FILE   
  COSZ                                                      MAPPING FUNCTION    
     0.0                                                    ELEVATION CUTOFF    
combined TEC calculated as weighted mean of input TEC valuesOBSERVABLES USED    
   378                                                      # OF STATIONS       
    32                                                      # OF SATELLITES     
  6371.0                                                    BASE RADIUS         
     2                                                      MAP DIMENSION       
   450.0 450.0   0.0                                        HGT1 / HGT2 / DHGT  
    87.5 -87.5  -2.5                                        LAT1 / LAT2 / DLAT  
  -180.0 180.0   5.0                                        LON1 / LON2 / DLON  
    -1                                                      EXPONENT            
TEC values in 0.1 tec units;  9999, if no value available   COMMENT             
DCB values in nanoseconds, reference is Sum_of_SatDCBs = 0  COMMENT             
                                                            END OF HEADER       
[from data line 429]
     2                                                      START OF TEC MAP    
  2021     3    31     2     0     0                        EPOCH OF CURRENT MAP
    87.5-180.0 180.0   5.0 450.0                            LAT/LON1/LON2/DLON/H
   72   72   73   74   74   74   74   74   74   75   74   74   74   73   73   72
   71   71   70   70   69   68   67   67   66   66   65   65   64   64   63   63
   63   63   62   62   62   62   62   62   62   62   62   62   62   62   62   62
   62   62   62   62   63   63   63   63   64   64   65   65   66   66   67   68
   68   69   69   70   70   71   71   72   72
    85.0-180.0 180.0   5.0 450.0                            LAT/LON1/LON2/DLON/H
   77   78   80   81   82   83   84   83   84   83   83   82   81   80   79   78
   76   75   73   71   70   68   66   64   63   62   60   60   59   58   57   57
   57   57   57   56   56   56   56   56   57   56   57   57   57   58   58   58
   59   59   59   59   59   59   60   60   60   61   62   63   64   65   66   67
   68   68   70   71   72   73   75   76   77
    82.5-180.0 180.0   5.0 450.0                            LAT/LON1/LON2/DLON/H
   82   84   86   88   89   90   91   91   92   92   91   90   88   87   84   83
   80   77   73   71   68   66   63   60   58   56   55   53   53   52   52   51
   51   51   51   51   51   51   51   52   51   52   52   52   52   53   53   54
   55   56   56   56   56   56   57   58   59   59   61   62   63   64   65   66
   67   68   70   72   74   76   78   80   82
    80.0-180.0 180.0   5.0 450.0                            LAT/LON1/LON2/DLON/H
   87   89   91   93   95   96   97   97   98   98   97   95   93   90   86   83
   80   76   73   70   67   63   59   54   52   51   49   48   46   46   45   46
   45   45   46   46   47   47   47   47   48   48   48   48   49   49   50   50
   52   52   53   54   55   55   57   57   59   60   61   62   63   64   66   67
   69   70   73   75   78   80   82   84   87
    77.5-180.0 180.0   5.0 450.0                            LAT/LON1/LON2/DLON/H
   90   92   94   96   97   99  101  101  100   99   97   95   92   89   86   81
   77   73   69   66   63   59   55   53   50   48   46   44   43   42   41   41
   41   42   43   43   44   44   44   44   44   44   44   45   45   46   46   47
   49   51   52   54   55   57   58   59   60   61   62   64   65   67   69   70
   73   75   77   80   82   84   86   88   90
    75.0-180.0 180.0   5.0 450.0                            LAT/LON1/LON2/DLON/H
   93   94   96   97   99  100  101  101  100   99   97   94   91   86   82   77
   73   69   65   61   57   54   52   49   47   45   43   41   40   39   39   40
   40   40   41   41   42   42   41   41   41   40   40   40   41   42   43   44
   47   49   52   54   56   59   60   62   63   65   66   68   70   72   74   76
   78   81   83   85   87   89   90   92   93
    72.5-180.0 180.0   5.0 450.0                            LAT/LON1/LON2/DLON/H
   96   97   97   98   99  100  100  100  100   98   95   91   86   81   76   72
   68   64   60   57   53   52   49   47   45   44   41   40   38   38   38   38
   38   39   40   40   39   39   39   38   37   36   35   35   36   37   38   40
   43   47   50   54   58   60   62   64   67   68   70   72   75   78   80   83
   86   88   91   93   94   95   96   96   96
    70.0-180.0 180.0   5.0 450.0                            LAT/LON1/LON2/DLON/H
  101  100   99   99   99  100  100  100   99   95   91   86   81   75   70   66
   63   59   56   53   52   50   48   46   45   43   41   40   38   37   37   37
   38   38   38   38   38   37   36   35   33   32   30   30   31   32   34   37
   41   45   49   54   58   62   64   67   69   72   75   77   80   84   87   90
   94   96   99  102  102  103  103  102  101
    67.5-180.0 180.0   5.0 450.0                            LAT/LON1/LON2/DLON/H
  105  103  101  100   99   99   99   98   97   93   88   82   76   70   65   60
   57   54   51   50   50   49   48   47   45   44   41   39   38   37   37   37
   37   38   38   38   36   34   33   31   29   28   26   26   27   29   31   34
   38   43   49   54   60   63   67   70   72   75   78   82   85   88   92   96
  100  103  106  109  111  111  110  108  105
    65.0-180.0 180.0   5.0 450.0                            LAT/LON1/LON2/DLON/H
  111  108  104  102  100   99   98   98   96   93   87   81   74   67   61   56
   52   51   48   48   48   48   48   46   45   43   41   39   38   37   37   37
   38   38   38   36   35   32   30   28   26   25   24   24   25   27   29   33
   38   43   50   56   61   65   68   72   75   78   81   85   88   92   96  100
  104  107  111  114  116  117  116  114  111
    62.5-180.0 180.0   5.0 450.0                            LAT/LON1/LON2/DLON/H
  116  112  108  105  102  100   99   98   96   93   88   82   75   67   60   54
   51   49   47   47   47   47   47   46   44   42   39   38   37   37   37   37
   37   38   37   35   32   30   28   27   26   25   24   25   26   27   31   34
   39   45   51   58   63   67   71   74   77   81   85   88   92   96   99  104
  107  111  114  118  120  121  121  119  116
    60.0-180.0 180.0   5.0 450.0                            LAT/LON1/LON2/DLON/H
  120  116  113  109  106  103  102   99   97   93   89   84   77   69   63   56
   52   49   47   47   47   47   46   44   41   40   37   37   36   36   36   36
   36   37   36   34   31   28   27   27   28   28   28   28   29   32   34   38
   43   48   55   61   66   71   74   78   82   86   90   94   98  102  105  108
  110  113  116  120  123  124  125  123  120
    57.5-180.0 180.0   5.0 450.0                            LAT/LON1/LON2/DLON/H
  125  121  117  114  111  108  105  102   99   95   90   86   80   75   69   62
   57   53   51   49   49   48   45   43   39   37   36   36   36   37   38   37
   37   37   36   33   31   30   30   31   32   33   34   35   36   38   41   44
   48   54   61   66   71   76   80   84   88   93   98  103  107  111  113  114
  114  116  119  121  124  126  127  127  125
    55.0-180.0 180.0   5.0 450.0                            LAT/LON1/LON2/DLON/H
  130  127  123  120  117  113  110  106  102   97   93   88   84   79   74   69
   64   60   57   56   53   50   46   43   39   37   37   37   38   39   41   40
   39   38   37   35   33   33   34   36   38   41   42   44   45   46   47   49
   54   60   66   73   78   82   87   91   96  102  108  114  118  122  124  123
  121  121  122  124  127  128  130  131  130
    52.5-180.0 180.0   5.0 450.0                            LAT/LON1/LON2/DLON/H
  134  132  129  126  124  120  116  111  106  100   96   91   88   84   80   76
   71   68   66   63   59   55   49   46   42   40   40   39   41   44   45   44
   44   42   40   38   38   39   40   42   45   48   51   52   52   53   53   56
   61   67   73   80   85   91   95   99  105  112  119  125  130  133  134  133
  130  128  127  127  129  132  134  135  134
    50.0-180.0 180.0   5.0 450.0                            LAT/LON1/LON2/DLON/H
  138  136  134  133  131  127  122  116  110  105  100   95   92   88   84   80
   77   75   72   71   67   61   57   53   48   46   45   45   47   49   50   49
   49   47   44   44   44   45   47   49   53   56   58   59   59   59   59   62
   67   73   80   88   93   99  103  108  114  122  129  136  142  144  144  143
  139  136  134  132  133  134  137  139  138
    47.5-180.0 180.0   5.0 450.0                            LAT/LON1/LON2/DLON/H
  142  141  140  139  138  134  130  123  117  111  105  101   97   92   87   84
   82   81   79   78   75   71   67   63   58   56   54   53   54   56   56   54
   53   51   50   49   50   52   54   56   59   62   64   65   64   63   64   67
   72   79   87   94  101  107  111  117  123  131  138  145  151  154  154  152
  149  145  142  139  138  138  140  142  142
    45.0-180.0 180.0   5.0 450.0                            LAT/LON1/LON2/DLON/H
  147  146  145  145  144  142  137  131  123  117  112  108  103   97   92   88
   87   87   87   86   85   82   78   74   69   65   62   61   60   60   60   58
   57   56   54   55   57   58   60   62   64   66   68   68   68   67   68   72
   78   87   95  102  109  115  119  125  132  139  145  152  158  160  160  159
  156  153  150  147  145  144  145  147  147
    42.5-180.0 180.0   5.0 450.0                            LAT/LON1/LON2/DLON/H
  151  150  151  151  151  148  144  138  131  126  120  116  110  103   97   94
   93   94   94   94   94   91   88   83   79   74   70   67   65   63   62   60
   59   58   58   59   61   63   64   65   67   69   70   71   71   71   72   77
   85   95  102  109  115  120  126  132  139  146  152  158  162  163  163  163
  160  159  157  155  153  150  152  152  151
    40.0-180.0 180.0   5.0 450.0                            LAT/LON1/LON2/DLON/H
  158  158  156  156  155  154  150  146  140  136  131  126  120  113  106  102
  101  101  102  101  101   98   95   90   84   79   75   71   67   65   63   61
   60   60   60   61   63   66   67   68   69   71   73   74   75   74   77   83
   92  100  108  114  119  124  130  138  146  153  158  163  165  166  165  165
  164  164  163  162  160  159  159  158  158
    37.5-180.0 180.0   5.0 450.0                            LAT/LON1/LON2/DLON/H
  167  166  164  162  162  161  159  155  150  147  144  139  133  124  116  112
  111  109  108  107  104  101   97   92   86   81   76   72   69   65   63   61
   60   61   62   63   65   68   69   70   71   73   75   77   78   77   79   86
   94  103  110  115  120  125  133  141  151  160  166  169  170  170  169  170
  170  170  170  169  168  167  167  168  167
    35.0-180.0 180.0   5.0 450.0                            LAT/LON1/LON2/DLON/H
  180  177  173  171  170  170  168  165  161  159  157  154  148  139  130  124
  121  118  115  111  105  100   95   90   84   80   76   73   70   67   66   63
   63   64   65   66   67   69   71   71   73   75   77   79   78   78   80   85
   93  101  108  113  118  124  133  145  157  169  175  179  180  180  178  179
  180  181  181  180  179  179  181  182  180
    32.5-180.0 180.0   5.0 450.0                            LAT/LON1/LON2/DLON/H
  197  191  185  182  181  181  180  177  174  173  171  169  164  155  146  138
  132  127  120  113  104   97   91   85   81   78   76   74   73   71   70   69
   70   70   70   70   70   72   72   72   74   76   77   79   78   77   78   82
   89   96  103  108  114  122  134  148  164  179  189  194  197  197  196  196
  198  198  197  196  197  196  198  200  197
    30.0-180.0 180.0   5.0 450.0                            LAT/LON1/LON2/DLON/H
  218  210  202  197  195  196  196  194  190  187  186  184  179  170  161  152
  143  135  124  113  102   92   85   80   77   75   76   78   78   78   78   78
   80   79   77   75   73   73   73   72   74   76   77   77   76   74   74   77
   85   92   99  105  112  121  135  153  172  191  205  214  219  221  221  223
  223  223  222  221  219  219  221  222  218
    27.5-180.0 180.0   5.0 450.0                            LAT/LON1/LON2/DLON/H
  241  233  223  217  215  217  219  215  210  205  202  198  192  184  173  163
  153  142  127  113   99   89   82   77   75   76   79   83   85   86   86   88
   91   91   88   84   78   75   74   73   73   74   74   74   72   69   68   72
   79   88   96  104  112  123  138  158  181  204  222  236  245  250  253  255
  254  254  252  251  248  248  248  247  241
    25.0-180.0 180.0   5.0 450.0                            LAT/LON1/LON2/DLON/H
  265  258  249  243  242  245  246  241  233  225  219  212  206  195  182  170
  158  145  129  112   98   88   81   77   77   80   84   89   92   94   96   99
  104  105  100   95   86   79   76   74   71   70   69   68   66   62   61   65
   74   84   95  104  115  127  144  165  190  216  238  258  272  280  286  288
  289  287  287  284  280  278  275  272  265
    22.5-180.0 180.0   5.0 450.0                            LAT/LON1/LON2/DLON/H
  289  281  273  271  274  277  278  270  259  247  238  227  217  205  190  175
  161  146  129  112   99   91   86   83   84   87   91   96   99  101  103  109
  116  117  111  103   93   83   78   75   70   66   63   62   59   56   55   59
   70   82   95  107  119  132  150  173  199  226  251  277  293  303  313  318
  319  318  321  316  313  308  302  296  289
    20.0-180.0 180.0   5.0 450.0                            LAT/LON1/LON2/DLON/H
  310  304  298  300  305  309  307  298  284  270  257  245  230  215  196  180
  164  147  128  113  102   96   93   92   93   94   96  100  102  106  109  116
  123  123  117  107   95   86   80   74   67   61   58   56   53   50   50   55
   67   81   97  111  125  139  158  180  205  232  258  286  304  316  328  337
  342  343  345  344  341  335  326  318  310
    17.5-180.0 180.0   5.0 450.0                            LAT/LON1/LON2/DLON/H
  328  323  321  327  333  337  335  326  309  291  277  264  246  225  201  184
  166  146  129  114  106  103  103  102  102  101  100  101  102  104  108  118
  125  124  117  105   94   86   79   73   65   58   53   50   48   45   46   53
   65   82   99  115  130  145  166  188  212  236  261  284  303  317  331  341
  348  352  354  358  358  354  346  335  328
    15.0-180.0 180.0   5.0 450.0                            LAT/LON1/LON2/DLON/H
  341  338  342  350  357  360  358  347  330  311  295  282  262  238  210  188
  169  149  131  118  111  109  110  110  108  104  101  100  100  101  105  115
  121  119  112  100   91   83   78   72   64   55   50   47   44   43   44   52
   64   82  101  117  133  152  173  197  219  239  259  278  293  306  321  330
  339  345  352  358  363  362  356  347  341
    12.5-180.0 180.0   5.0 450.0                            LAT/LON1/LON2/DLON/H
  349  350  357  367  375  377  374  362  345  326  311  298  278  251  222  196
  173  154  136  123  117  116  117  115  110  105  100   98   97   97  101  109
  113  112  104   94   85   80   75   70   62   54   48   45   42   42   43   50
   64   81  101  118  136  156  178  201  224  241  256  269  281  292  303  312
  323  331  341  350  359  360  358  352  349
    10.0-180.0 180.0   5.0 450.0                            LAT/LON1/LON2/DLON/H
  350  356  365  375  384  387  384  372  355  338  324  311  292  266  233  206
  182  162  144  130  123  121  120  117  111  104   98   96   96   95   98  104
  106  104   97   88   81   76   72   67   60   54   48   44   42   41   42   48
   62   81  100  118  136  157  180  204  227  242  254  264  274  281  289  296
  305  316  327  339  350  352  354  352  350
     7.5-180.0 180.0   5.0 450.0                            LAT/LON1/LON2/DLON/H
  350  357  367  378  385  389  385  374  360  343  332  322  305  276  243  216
  192  172  153  138  128  123  119  115  109  103   99   97   97   98  100  102
  103   99   91   83   77   73   69   65   60   55   49   45   42   40   41   47
   60   77   96  114  132  154  177  203  225  242  254  263  272  279  285  288
  294  304  315  329  341  346  348  348  350
     5.0-180.0 180.0   5.0 450.0                            LAT/LON1/LON2/DLON/H
  348  357  366  375  380  384  381  372  358  345  336  329  314  286  253  226
  203  183  164  146  133  124  118  113  108  102  101  102  104  105  105  105
  103   97   89   81   74   71   67   64   60   56   51   47   44   41   40   45
   56   73   90  108  126  146  171  197  222  241  255  266  276  285  288  289
  290  298  309  323  335  341  343  344  348
     2.5-180.0 180.0   5.0 450.0                            LAT/LON1/LON2/DLON/H
  345  354  363  370  373  376  372  365  351  341  334  329  319  295  265  237
  215  196  176  157  140  127  119  113  109  106  107  110  114  114  114  112
  107   99   89   81   75   70   66   63   60   56   54   50   45   42   40   44
   54   68   85  101  118  137  161  188  215  237  255  270  285  297  299  297
  294  299  308  320  332  337  339  341  345
