ionex_files/bejaia/igsg0810.21i
     1.0            IONOSPHERE MAPS     MIX                 IONEX VERSION / TYPE
cmpcmb v1.2          GRL/UWM            12-apr-21 05:19     PGM / RUN BY / DATE 
ionex file containing IGS COMBINED Ionosphere maps          COMMENT             
global ionosphere maps for day 081, 2021                    DESCRIPTION         
IONEX file containing the COMBINED IGS TEC MAPS and DCBs    DESCRIPTION         
      IONEX files of the following IAACs were combined: cod DESCRIPTION         
                                                        esa DESCRIPTION         
                                                        jpl DESCRIPTION         
                                                        upc DESCRIPTION         
Contact address: Andrzej Krankowski                         DESCRIPTION
                 Geodynamics Research Laboratory            DESCRIPTION
                 University of Warmia and Mazury (GRL/UWM)  DESCRIPTION
                 Oczapowski St. 1                           DESCRIPTION
                 10-957-Olsztyn, POLAND                     DESCRIPTION
                 e-mail:  kand@uwm.edu.pl                   DESCRIPTION
                                                            DESCRIPTION         
  2021     3    22     0     0     0                        EPOCH OF FIRST MAP  
  2021     3    23     0     0     0                        EPOCH OF LAST MAP   
  7200                                                      INTERVAL            
    13                                                      # OF MAPS IN FILE   
  COSZ                                                      MAPPING FUNCTION    
     0.0                                                    ELEVATION CUTOFF    
combined TEC calculated as weighted mean of input TEC valuesOBSERVABLES USED    
   380                                                      # OF STATIONS       
    32                                                      # OF SATELLITES     
  6371.0                                                    BASE RADIUS         
     2                                                      MAP DIMENSION       
   450.0 450.0   0.0                                        HGT1 / HGT2 / DHGT  
    87.5 -87.5  -2.5                                        LAT1 / LAT2 / DLAT  
  -180.0 180.0   5.0                                        LON1 / LON2 / DLON  
    -1                                                      EXPONENT            
TEC values in 0.1 tec units;  9999, if no value available   COMMENT             
DCB values in nanoseconds, reference is Sum_of_SatDCBs = 0  COMMENT             
                                                            END OF HEADER       
[from data line 2145]
     6                                                      START OF TEC MAP    
  2021     3    22    10     0     0                        EPOCH OF CURRENT MAP
    87.5-180.0 180.0   5.0 450.0                            LAT/LON1/LON2/DLON/H
   64   65   66   66   66   66   67   67   67   68   68   68   68   68   68   68
   68   68   68   68   68   68   68   68   68   68   68   68   69   69   69   69
   69   69   69   69   69   69   68   68   68   68   67   67   66   66   66   65
   65   64   64   64   63   63   62   62   62   62   61   61   61   61   62   62
   62   62   62   63   63   63   64   64   64
    85.0-180.0 180.0   5.0 450.0                            LAT/LON1/LON2/DLON/H
   62   63   64   64   65   65   66   65   65   65   65   65   65   65   65   65
   65   64   64   64   64   64   65   65   65   66   67   68   68   69   69   70
   70   71   71   71   71   71   70   70   70   69   68   68   66   65   64   63
   62   61   60   59   58   57   57   56   55   54   54   53   53   53   53   53
   54   55   56   56   58   58   60   61   62
    82.5-180.0 180.0   5.0 450.0                            LAT/LON1/LON2/DLON/H
   57   57   58   58   60   61   62   62   62   62   61   60   59   59   58   57
   56   56   56   56   56   56   57   59   59   60   62   63   64   66   67   68
   69   71   71   72   72   72   72   72   71   70   69   68   67   65   63   62
   61   59   58   56   55   54   52   51   50   49   48   47   46   45   45   46
   46   47   48   50   51   53   54   56   57
    80.0-180.0 180.0   5.0 450.0                            LAT/LON1/LON2/DLON/H
   49   52   53   55   57   58   60   59   58   57   55   54   52   51   50   49
   48   47   47   47   47   46   48   50   52   53   55   57   59   61   63   65
   67   69   70   72   72   73   73   73   72   71   70   69   68   66   64   63
   62   60   59   57   56   54   53   51   49   47   45   44   42   41   40   40
   40   40   40   42   43   45   47   48   49
    77.5-180.0 180.0   5.0 450.0                            LAT/LON1/LON2/DLON/H
   43   46   49   52   54   54   55   54   53   51   50   48   46   44   42   41
   39   38   37   37   38   40   41   43   44   46   49   51   54   57   60   63
   65   67   69   71   72   73   73   73   73   72   71   70   69   68   67   66
   65   64   63   62   61   60   58   56   54   51   49   47   44   41   39   37
   36   35   36   36   36   37   39   41   43
    75.0-180.0 180.0   5.0 450.0                            LAT/LON1/LON2/DLON/H
   37   41   44   46   48   50   51   49   49   47   45   43   40   38   35   32
   31   30   31   32   33   34   36   38   40   43   46   48   51   54   57   60
   63   66   68   70   71   72   73   73   72   72   71   70   70   70   69   69
   69   70   70   70   69   68   67   66   64   61   58   55   51   47   43   39
   36   34   33   32   31   33   33   35   37
    72.5-180.0 180.0   5.0 450.0                            LAT/LON1/LON2/DLON/H
   32   35   38   41   43   44   46   45   44   42   40   38   34   31   29   27
   26   27   29   29   31   32   35   37   40   43   45   48   51   54   57   60
   62   65   67   69   70   72   72   72   72   71   71   71   71   72   73   74
   75   76   78   78   78   78   77   76   75   72   69   65   61   56   51   46
   40   36   33   30   29   28   28   30   32
    70.0-180.0 180.0   5.0 450.0                            LAT/LON1/LON2/DLON/H
   27   29   32   34   37   39   40   39   39   38   36   33   29   27   26   25
   25   27   28   29   31   34   36   39   41   44   47   50   52   54   57   60
   62   64   66   68   69   70   71   71   71   71   71   71   73   74   76   79
   81   82   84   86   87   87   86   85   84   82   78   75   70   65   59   53
   47   41   36   32   29   27   26   26   27
    67.5-180.0 180.0   5.0 450.0                            LAT/LON1/LON2/DLON/H
   23   23   25   28   30   33   34   35   35   34   32   29   28   26   24   24
   26   27   29   31   33   36   38   41   43   47   49   52   54   57   59   60
   62   63   64   66   68   69   70   70   70   70   71   72   75   77   80   82
   85   88   90   91   91   92   91   90   89   87   84   81   76   72   66   60
   54   47   41   36   31   27   24   23   23
    65.0-180.0 180.0   5.0 450.0                            LAT/LON1/LON2/DLON/H
   21   20   21   23   26   28   30   31   31   30   30   28   26   25   24   25
   27   29   30   32   35   37   39   42   44   47   51   54   56   59   60   61
   62   62   64   65   67   68   69   69   70   71   72   74   77   80   84   87
   90   92   93   94   93   92   91   90   88   86   84   82   79   75   70   64
   58   52   46   40   34   29   25   22   21
    62.5-180.0 180.0   5.0 450.0                            LAT/LON1/LON2/DLON/H
   21   19   19   21   23   25   27   28   29   28   28   27   26   25   25   26
   27   29   29   31   34   35   37   40   43   46   51   55   57   60   61   61
   62   63   63   64   66   67   68   69   70   71   73   76   80   84   88   91
   93   95   95   94   93   91   88   86   84   82   80   79   77   74   70   65
   60   55   49   43   37   32   27   23   21
    60.0-180.0 180.0   5.0 450.0                            LAT/LON1/LON2/DLON/H
   23   21   20   21   23   24   26   27   27   27   27   26   25   25   25   25
   27   28   28   29   30   31   34   37   40   44   50   55   58   61   62   63
   63   64   64   65   66   68   69   70   72   74   77   80   84   89   93   96
   98   98   97   95   92   88   85   83   80   78   76   75   74   72   69   65
   61   56   51   45   40   34   30   26   23
    57.5-180.0 180.0   5.0 450.0                            LAT/LON1/LON2/DLON/H
   27   24   24   24   25   26   28   28   28   28   27   26   25   24   24   25
   25   26   25   25   25   26   28   32   36   41   48   55   59   62   63   64
   65   65   66   67   68   70   71   73   76   78   81   86   90   95  100  101
  103  102   99   96   92   89   85   82   79   77   75   75   74   73   70   67
   62   57   52   47   43   38   33   30   27
    55.0-180.0 180.0   5.0 450.0                            LAT/LON1/LON2/DLON/H
   32   30   30   30   31   31   32   32   31   30   29   28   26   25   23   23
   23   23   22   21   20   21   23   28   33   40   48   56   61   64   66   67
   68   68   69   70   71   73   75   78   81   84   88   93   98  104  107  109
  110  108  106  101   97   93   89   86   83   81   80   80   79   77   74   70
   65   61   56   51   47   43   39   35   32
    52.5-180.0 180.0   5.0 450.0                            LAT/LON1/LON2/DLON/H
   40   38   38   38   39   39   39   37   36   34   32   30   28   26   23   22
   21   20   20   18   18   18   21   26   32   40   49   58   64   67   69   71
   71   73   74   75   76   79   81   84   88   91   97  102  108  113  116  118
  118  116  113  109  105  102   98   95   93   91   90   88   87   85   81   77
   72   67   62   57   53   49   45   42   40
    50.0-180.0 180.0   5.0 450.0                            LAT/LON1/LON2/DLON/H
   49   48   47   48   48   48   47   45   42   40   37   35   32   29   26   23
   22   21   20   19   19   20   22   28   34   43   54   63   69   73   74   76
   77   79   81   82   83   86   88   92   95  100  106  112  117  122  126  127
  125  123  120  117  114  111  109  107  105  103  101  100   98   94   90   86
   80   75   70   66   62   58   55   51   49
    47.5-180.0 180.0   5.0 450.0                            LAT/LON1/LON2/DLON/H
   60   58   57   57   57   56   55   52   49   46   43   41   38   35   31   28
   26   25   24   24   24   26   29   34   42   51   61   69   75   79   80   82
   84   87   89   92   93   95   98  101  105  110  116  121  127  132  134  135
  132  130  127  123  122  121  120  118  116  114  112  110  108  105  101   96
   90   85   79   75   71   68   65   62   60
    45.0-180.0 180.0   5.0 450.0                            LAT/LON1/LON2/DLON/H
   69   67   65   65   65   64   62   59   56   54   51   49   46   42   38   35
   33   33   33   34   35   36   39   43   51   60   68   75   81   85   86   88
   91   96   99  101  103  105  108  111  116  121  126  131  136  140  142  141
  138  134  131  129  128  127  127  125  123  121  118  116  115  112  110  105
   99   93   87   82   79   76   74   71   69
    42.5-180.0 180.0   5.0 450.0                            LAT/LON1/LON2/DLON/H
   77   74   72   71   71   70   69   65   63   61   59   57   55   52   47   44
   43   43   44   45   46   47   49   53   60   68   75   81   87   90   91   95
   99  104  109  112  114  116  120  124  129  133  137  141  144  148  148  146
  143  139  134  132  131  130  130  127  124  121  119  117  116  115  113  110
  104   98   93   88   85   83   81   79   77
    40.0-180.0 180.0   5.0 450.0                            LAT/LON1/LON2/DLON/H
   82   80   77   75   74   73   73   70   70   68   66   65   64   61   57   55
   53   55   56   57   56   56   57   60   66   74   80   86   91   94   96  101
  106  113  118  123  126  129  134  138  142  147  149  152  154  156  155  152
  147  143  137  134  132  131  129  126  123  120  117  115  115  115  114  110
  105  100   95   91   89   87   86   84   82
    37.5-180.0 180.0   5.0 450.0                            LAT/LON1/LON2/DLON/H
   84   83   81   77   76   75   75   75   75   74   73   72   71   70   67   65
   65   66   66   66   64   62   61   63   69   76   84   90   94   97  101  106
  112  120  127  133  138  142  147  152  157  161  162  164  165  166  163  160
  154  148  142  139  136  134  132  129  126  121  119  118  118  118  116  112
  106  100   95   92   90   88   87   85   84
    35.0-180.0 180.0   5.0 450.0                            LAT/LON1/LON2/DLON/H
   84   82   81   79   77   76   77   78   80   80   80   78   78   77   76   76
   75   76   75   73   69   66   63   63   68   75   84   91   96  100  105  111
  117  127  135  143  151  157  162  169  174  177  176  178  178  178  175  171
  165  159  154  150  148  146  143  141  138  133  130  128  127  127  123  117
  109  101   95   91   89   88   87   85   84
    32.5-180.0 180.0   5.0 450.0                            LAT/LON1/LON2/DLON/H
   83   80   79   78   76   76   77   79   81   82   82   82   83   83   83   84
   84   82   80   77   72   66   62   60   64   73   82   90   97  103  108  115
  123  133  144  154  164  173  180  186  192  194  194  195  194  192  190  187
  182  178  174  172  171  171  169  166  163  159  155  152  150  147  140  130
  118  107   98   92   88   87   86   85   83
    30.0-180.0 180.0   5.0 450.0                            LAT/LON1/LON2/DLON/H
   82   80   78   77   76   75   76   78   80   82   83   83   85   87   88   89
   89   87   82   77   71   64   59   57   61   70   80   89   98  105  112  121
  130  140  153  167  179  191  200  205  211  212  214  216  214  211  210  207
  207  206  207  208  208  210  210  209  205  200  195  190  184  179  168  154
  135  119  105   96   90   88   86   84   82
    27.5-180.0 180.0   5.0 450.0                            LAT/LON1/LON2/DLON/H
   83   81   79   77   76   76   76   77   78   80   81   83   85   88   90   91
   91   88   82   76   69   62   56   55   59   68   78   88   98  108  117  126
  137  149  164  180  195  208  218  224  230  234  238  240  240  234  234  236
  240  246  250  254  257  263  263  265  261  256  249  241  233  223  206  188
  163  140  120  106   97   92   89   86   83
    25.0-180.0 180.0   5.0 450.0                            LAT/LON1/LON2/DLON/H
   88   85   83   81   79   76   75   75   76   77   79   80   83   86   89   91
   90   86   80   74   67   61   56   55   59   68   78   89  100  111  121  132
  145  160  178  198  215  228  237  244  251  259  261  266  267  264  267  271
  281  291  299  308  314  323  323  328  325  321  313  303  291  277  254  232
  200  170  142  122  107  100   95   91   88
    22.5-180.0 180.0   5.0 450.0                            LAT/LON1/LON2/DLON/H
   94   92   90   87   82   78   76   74   74   75   77   78   79   82   85   87
   86   82   77   71   66   61   57   56   61   69   78   90  101  113  125  137
  154  172  193  216  235  247  255  263  271  279  284  295  298  296  302  312
  325  340  351  364  372  378  380  389  387  385  376  364  349  330  304  279
  242  204  170  145  125  114  106   99   94
    20.0-180.0 180.0   5.0 450.0                            LAT/LON1/LON2/DLON/H
  105  102   99   94   88   82   78   75   74   74   75   76   76   78   80   82
   81   78   74   70   65   61   58   58   63   70   80   91  102  114  127  143
  163  183  208  232  251  262  270  278  287  295  306  326  340  334  339  351
  365  382  394  407  415  419  422  428  428  428  422  410  392  371  343  311
  277  237  202  174  150  135  122  111  105
    17.5-180.0 180.0   5.0 450.0                            LAT/LON1/LON2/DLON/H
  121  116  112  106   96   88   84   79   77   76   76   76   75   74   75   76
   76   73   71   67   64   61   58   59   64   72   81   92  103  116  131  149
  172  194  220  243  261  272  282  291  299  310  324  353  367  365  370  381
  394  408  416  423  428  433  437  440  442  445  442  433  415  392  363  330
  297  262  232  204  179  160  144  130  121
    15.0-180.0 180.0   5.0 450.0                            LAT/LON1/LON2/DLON/H
  142  135  129  120  108   99   93   88   85   82   81   79   76   73   71   71
   71   69   67   65   63   59   57   58   64   73   83   94  105  118  135  156
  180  205  230  249  267  281  293  302  313  325  345  371  382  386  391  398
  407  414  416  419  421  427  428  432  435  440  441  434  418  394  365  334
  306  278  253  228  205  186  168  153  142
    12.5-180.0 180.0   5.0 450.0                            LAT/LON1/LON2/DLON/H
  165  158  150  139  125  115  108  102   96   93   89   85   79   73   70   69
   68   67   66   64   61   58   56   58   64   74   85   95  107  122  140  162
  188  213  235  253  270  287  301  313  326  340  361  381  390  396  402  407
  409  409  407  405  406  410  410  412  416  422  425  421  407  384  355  325
  302  278  258  240  222  207  191  175  165
    10.0-180.0 180.0   5.0 450.0                            LAT/LON1/LON2/DLON/H
  187  180  173  162  147  136  127  119  111  106  100   93   84   77   71   69
   68   66   64   62   60   57   55   57   65   75   87   97  110  126  145  168
  193  217  239  256  273  290  307  322  336  351  368  382  391  399  405  409
  407  402  396  392  392  394  391  389  392  400  405  402  389  365  335  305
  285  267  255  244  234  222  208  196  187
     7.5-180.0 180.0   5.0 450.0                            LAT/LON1/LON2/DLON/H
  203  199  192  183  170  159  149  139  130  121  112  102   91   81   75   72
   69   67   64   61   58   55   54   56   65   77   89  101  114  131  151  173
  197  219  241  258  275  293  311  328  342  356  368  379  387  395  402  407
  406  400  393  388  386  384  376  371  373  381  387  384  370  344  314  284
  264  251  244  240  236  230  221  211  203
     5.0-180.0 180.0   5.0 450.0                            LAT/LON1/LON2/DLON/H
  215  211  207  201  191  179  170  158  148  137  126  113   99   87   80   75
   72   69   65   61   58   54   53   56   65   79   92  105  119  137  156  177
  199  221  241  259  276  295  313  331  345  357  363  368  376  383  393  402
  405  402  398  393  389  382  369  359  359  368  374  371  355  328  296  266
  246  235  232  232  232  229  226  220  215
     2.5-180.0 180.0   5.0 450.0                            LAT/LON1/LON2/DLON/H
  218  217  216  212  206  197  187  175  163  151  137  122  107   93   85   79
   75   71   67   63   58   55   53   58   67   81   96  110  125  142  160  180
  200  220  239  258  277  295  313  331  344  351  352  353  359  367  379  394
  403  408  408  405  398  387  370  355  352  360  366  362  344  315  283  253
  232  220  218  221  223  223  223  221  218
