ionex_files/bejaia/igsg0780.21i
     1.0            IONOSPHERE MAPS     MIX                 IONEX VERSION / TYPE
cmpcmb v1.2          GRL/UWM             1-apr-21 10:24     PGM / RUN BY / DATE 
ionex file containing IGS COMBINED Ionosphere maps          COMMENT             
global ionosphere maps for day 078, 2021                    DESCRIPTION         
IONEX file containing the COMBINED IGS TEC MAPS and DCBs    DESCRIPTION         
      IONEX files of the following IAACs were combined: cod DESCRIPTION         
                                                        esa DESCRIPTION         
                                                        jpl DESCRIPTION         
                                                        upc DESCRIPTION         
Contact address: Andrzej Krankowski                         DESCRIPTION
                 Geodynamics Research Laboratory            DESCRIPTION
                 University of Warmia and Mazury (GRL/UWM)  DESCRIPTION
                 Oczapowski St. 1                           DESCRIPTION
                 10-957-Olsztyn, POLAND                     DESCRIPTION
                 e-mail:  kand@uwm.edu.pl                   DESCRIPTION
                                                            DESCRIPTION         
  2021     3    19     0     0     0                        EPOCH OF FIRST MAP  
  2021     3    20     0     0     0                        EPOCH OF LAST MAP   
  7200                                                      INTERVAL            
    13                                                      # OF MAPS IN FILE   
  COSZ                                                      MAPPING FUNCTION    
     0.0                                                    ELEVATION CUTOFF    
combined TEC calculated as weighted mean of input TEC valuesOBSERVABLES USED    
   369                                                      # OF STATIONS       
    32                                                      # OF SATELLITES     
  6371.0                                                    BASE RADIUS         
     2                                                      MAP DIMENSION       
   450.0 450.0   0.0                                        HGT1 / HGT2 / DHGT  
    87.5 -87.5  -2.5                                        LAT1 / LAT2 / DLAT  
  -180.0 180.0   5.0                                        LON1 / LON2 / DLON  
    -1                                                      EXPONENT            
TEC values in 0.1 tec units;  9999, if no value available   COMMENT             
DCB values in nanoseconds, reference is Sum_of_SatDCBs = 0  COMMENT             
                                                            END OF HEADER       
[from data line 4719]
    12                                                      START OF TEC MAP    
  2021     3    19    22     0     0                        EPOCH OF CURRENT MAP
    87.5-180.0 180.0   5.0 450.0                            LAT/LON1/LON2/DLON/H
   58   58   58   58   59   59   59   59   60   60   60   60   60   60   60   60
   59   59   58   58   57   57   56   56   55   55   54   54   53   52   52   51
   51   51   50   49   49   49   49   49   49   48   48   48   49   49   49   49
   49   50   50   50   50   51   51   52   52   52   53   53   53   54   54   54
   55   55   55   56   56   57   57   57   58
    85.0-180.0 180.0   5.0 450.0                            LAT/LON1/LON2/DLON/H
   61   62   62   63   63   64   65   66   66   67   67   67   67   67   67   67
   66   66   65   64   63   61   60   59   58   56   55   54   52   51   50   49
   48   47   46   46   45   45   44   44   44   44   44   44   45   45   46   46
   46   47   48   48   48   49   50   50   51   52   52   53   53   54   55   55
   56   56   57   58   58   59   60   60   61
    82.5-180.0 180.0   5.0 450.0                            LAT/LON1/LON2/DLON/H
   63   64   65   66   67   68   69   70   71   72   73   73   74   74   74   74
   74   73   72   70   69   67   65   63   60   59   57   55   53   51   50   48
   47   45   44   43   43   42   42   42   41   41   41   41   42   42   43   44
   44   45   45   46   47   47   48   49   50   51   51   52   53   53   54   55
   56   57   57   58   59   60   61   62   63
    80.0-180.0 180.0   5.0 450.0                            LAT/LON1/LON2/DLON/H
   64   65   67   68   69   70   72   74   75   77   78   79   80   80   80   80
   80   79   78   76   74   72   69   65   63   60   57   56   53   51   49   47
   45   44   42   41   40   40   39   39   39   39   39   39   39   40   41   42
   43   43   44   44   45   46   47   47   48   49   49   50   51   52   53   54
   55   56   57   58   59   60   61   63   64
    77.5-180.0 180.0   5.0 450.0                            LAT/LON1/LON2/DLON/H
   64   66   68   70   71   73   75   76   78   80   81   83   84   86   86   86
   85   84   83   80   77   75   71   69   65   62   59   56   53   50   48   46
   44   43   41   41   40   39   38   37   37   37   37   38   37   38   39   39
   40   41   42   42   43   44   44   45   45   46   47   47   48   49   50   51
   52   54   55   57   58   60   61   63   64
    75.0-180.0 180.0   5.0 450.0                            LAT/LON1/LON2/DLON/H
   65   68   70   71   73   75   77   79   81   83   85   87   88   89   90   89
   88   86   84   82   80   76   73   70   66   62   58   55   52   49   46   45
   43   42   40   40   39   39   38   37   36   36   36   36   36   36   37   37
   38   38   39   40   40   40   40   41   41   42   42   43   44   45   47   48
   50   51   53   55   57   59   61   63   65
    72.5-180.0 180.0   5.0 450.0                            LAT/LON1/LON2/DLON/H
   66   69   71   73   75   77   79   81   83   85   88   90   91   92   91   90
   89   87   85   83   80   77   73   69   65   61   57   53   49   46   43   42
   40   39   38   38   38   37   38   36   35   35   34   34   34   34   34   35
   35   36   36   36   36   36   36   35   36   36   37   38   39   41   43   45
   47   50   52   54   57   59   61   64   66
    70.0-180.0 180.0   5.0 450.0                            LAT/LON1/LON2/DLON/H
   68   71   74   76   79   80   82   83   85   87   89   91   92   92   93   91
   90   88   85   83   79   76   72   68   63   58   54   50   46   43   41   38
   37   36   35   35   35   35   34   34   33   31   31   31   31   32   32   33
   33   33   33   33   32   32   31   30   30   31   32   34   36   38   40   44
   46   49   51   55   57   60   63   66   68
    67.5-180.0 180.0   5.0 450.0                            LAT/LON1/LON2/DLON/H
   72   75   78   80   81   82   83   84   86   88   89   91   92   93   92   92
   90   88   86   83   79   76   71   67   62   56   52   48   44   41   38   36
   34   32   31   31   31   32   31   31   29   28   28   28   28   28   30   31
   31   30   30   29   29   28   27   26   26   27   29   31   34   37   41   44
   47   50   54   57   60   62   65   68   72
    65.0-180.0 180.0   5.0 450.0                            LAT/LON1/LON2/DLON/H
   76   79   82   84   85   86   86   87   88   89   90   91   92   93   93   93
   92   90   88   84   80   77   72   67   62   56   51   47   43   40   37   34
   31   30   28   27   28   27   27   27   26   25   25   25   26   26   27   29
   28   28   27   26   25   24   24   23   23   25   28   31   36   40   43   47
   51   54   57   60   63   66   69   72   76
    62.5-180.0 180.0   5.0 450.0                            LAT/LON1/LON2/DLON/H
   80   83   86   88   89   90   90   90   90   90   91   92   93   93   94   94
   93   91   90   87   84   80   75   71   65   60   55   50   45   41   38   34
   31   29   28   26   25   25   25   25   24   23   23   23   25   26   27   28
   27   27   25   24   23   22   22   22   24   26   30   34   39   44   48   52
   56   59   62   65   67   70   73   76   80
    60.0-180.0 180.0   5.0 450.0                            LAT/LON1/LON2/DLON/H
   84   88   92   94   95   95   95   93   93   93   93   94   95   95   96   97
   96   95   95   92   88   85   80   76   71   65   60   55   50   46   43   38
   34   31   28   27   25   25   25   25   25   25   25   26   27   28   29   29
   30   29   27   25   25   24   24   24   27   30   34   39   44   49   53   57
   61   66   68   70   72   75   77   80   84
    57.5-180.0 180.0   5.0 450.0                            LAT/LON1/LON2/DLON/H
   88   93   97  100  101  102  101   99   98   97   97   97   98   99  100  100
  100  100  100   97   93   89   86   82   78   73   68   63   58   53   49   45
   40   34   31   29   27   27   27   28   29   29   30   32   33   34   35   35
   34   34   32   32   30   29   29   30   33   36   41   46   50   55   59   63
   67   71   74   76   78   80   81   85   88
    55.0-180.0 180.0   5.0 450.0                            LAT/LON1/LON2/DLON/H
   94   98  103  108  110  111  109  108  105  103  103  103  104  105  105  105
  106  105  104  102   99   95   92   89   85   81   77   72   67   62   57   52
   46   40   37   34   32   31   32   33   35   36   37   39   41   41   42   41
   41   42   42   41   39   39   38   39   41   45   49   53   57   61   64   68
   73   77   81   83   84   85   87   89   94
    52.5-180.0 180.0   5.0 450.0                            LAT/LON1/LON2/DLON/H
  100  106  111  115  119  121  120  119  116  113  110  110  110  110  110  110
  110  110  108  106  104  101   98   95   92   89   85   81   76   70   64   58
   52   46   42   39   38   38   39   41   43   45   47   49   49   50   50   49
   50   51   51   50   50   50   50   51   53   55   59   62   64   66   69   73
   78   82   87   89   90   90   92   95  100
    50.0-180.0 180.0   5.0 450.0                            LAT/LON1/LON2/DLON/H
  108  114  119  125  130  132  132  131  128  124  120  117  116  115  114  114
  114  113  112  110  108  106  104  102  100   97   94   90   84   77   70   63
   57   51   47   45   44   44   46   48   51   53   55   57   58   58   59   59
   59   60   61   60   61   63   63   64   65   66   67   68   70   71   73   76
   81   86   90   94   96   97   99  103  108
    47.5-180.0 180.0   5.0 450.0                            LAT/LON1/LON2/DLON/H
  116  123  128  134  140  144  144  144  141  136  131  126  122  120  119  118
  118  117  115  114  112  111  110  110  108  106  102   97   91   82   74   66
   59   54   51   50   50   51   53   56   58   61   63   64   65   66   68   69
   69   70   71   71   71   72   74   74   74   73   73   72   72   73   75   79
   84   89   94   97  101  104  107  111  116
    45.0-180.0 180.0   5.0 450.0                            LAT/LON1/LON2/DLON/H
  126  132  137  144  150  154  156  156  154  148  142  135  130  125  123  122
  122  121  119  117  116  116  117  118  117  114  109  103   94   85   75   66
   60   56   54   54   55   57   59   61   63   66   68   70   72   74   77   80
   81   82   81   82   81   81   82   81   80   78   76   74   74   75   78   82
   87   93   98  102  106  111  116  120  126
    42.5-180.0 180.0   5.0 450.0                            LAT/LON1/LON2/DLON/H
  136  142  147  152  157  162  165  167  165  160  153  144  137  131  127  126
  126  125  123  123  122  123  125  127  126  123  116  106   94   83   72   64
   58   56   57   58   60   62   64   65   67   69   71   75   78   82   85   88
   91   91   90   90   90   88   87   86   83   80   77   75   76   78   81   86
   93   98  104  109  113  118  124  130  136
    40.0-180.0 180.0   5.0 450.0                            LAT/LON1/LON2/DLON/H
  145  151  155  159  164  168  171  175  174  170  163  153  144  137  132  131
  130  130  129  128  130  132  134  136  135  130  120  108   94   80   68   59
   55   56   58   61   63   65   67   68   69   72   74   79   84   88   91   94
   97   98   96   95   93   92   89   87   85   82   78   76   77   80   85   92
   99  105  110  115  119  125  133  139  145
    37.5-180.0 180.0   5.0 450.0                            LAT/LON1/LON2/DLON/H
  154  160  163  166  169  172  176  180  181  178  172  162  152  144  138  137
  136  136  136  136  138  141  145  146  143  136  124  108   93   77   65   56
   54   56   59   63   65   67   69   70   72   74   76   83   87   91   94   97
  100  101   99   96   94   91   88   86   84   81   78   77   79   83   89   97
  105  111  116  120  124  131  138  146  154
    35.0-180.0 180.0   5.0 450.0                            LAT/LON1/LON2/DLON/H
  162  169  172  173  174  175  179  184  187  186  180  170  160  151  145  144
  143  144  144  145  147  150  154  155  150  140  126  108   92   77   66   58
   56   58   62   65   67   69   71   73   75   76   79   85   89   93   95   98
  100   99   97   95   91   88   85   84   81   77   74   75   79   85   93  102
  111  118  122  125  129  134  143  153  162
    32.5-180.0 180.0   5.0 450.0                            LAT/LON1/LON2/DLON/H
  170  179  182  182  181  181  184  189  193  193  188  179  169  159  153  151
  151  152  153  153  155  158  161  161  154  142  127  109   93   80   71   64
   62   64   68   70   72   72   74   76   78   81   83   86   89   92   94   96
   96   96   93   90   87   84   82   80   77   73   70   72   78   87   96  106
  116  123  127  131  133  137  147  158  170
    30.0-180.0 180.0   5.0 450.0                            LAT/LON1/LON2/DLON/H
  179  190  195  195  193  192  192  196  201  203  196  187  177  168  162  159
  159  160  160  160  160  163  164  162  155  143  127  111   97   86   79   74
   73   74   76   77   76   77   78   80   83   85   86   87   88   90   90   91
   91   91   89   87   84   82   80   78   74   69   66   68   76   86   98  109
  119  126  131  136  138  142  151  165  179
    27.5-180.0 180.0   5.0 450.0                            LAT/LON1/LON2/DLON/H
  191  205  213  213  210  207  206  209  212  211  205  196  186  177  170  168
  167  168  167  166  164  165  164  161  153  141  127  114  103   95   91   87
   86   86   85   85   84   83   83   86   89   90   89   86   87   86   86   87
   87   87   86   83   81   79   77   75   71   66   62   64   73   86   99  111
  120  128  134  140  144  149  158  174  191
    25.0-180.0 180.0   5.0 450.0                            LAT/LON1/LON2/DLON/H
  205  223  233  236  233  229  226  226  226  223  215  206  196  187  180  177
  177  177  175  171  167  165  162  158  149  140  128  119  112  109  105  102
  100   99   96   94   92   91   90   92   94   93   91   86   85   84   83   83
   83   82   81   79   77   76   74   72   68   63   60   61   70   85   99  112
  121  129  137  144  150  158  169  187  205
    22.5-180.0 180.0   5.0 450.0                            LAT/LON1/LON2/DLON/H
  222  242  256  262  260  255  252  248  243  238  228  218  208  199  191  188
  187  187  183  178  171  165  159  153  146  139  132  128  124  123  123  119
  116  112  108  104  101   99   97   97   98   95   92   86   84   82   82   81
   80   79   77   75   74   73   71   69   65   60   57   59   68   83   99  112
  122  130  139  148  158  168  182  201  222
    20.0-180.0 180.0   5.0 450.0                            LAT/LON1/LON2/DLON/H
  240  261  276  285  287  285  282  274  266  256  245  233  223  214  207  202
  200  199  195  187  175  165  156  149  145  141  139  140  140  140  139  136
  133  128  120  114  110  107  104  103  101   97   92   85   82   83   83   81
   78   76   74   73   71   69   68   65   62   58   55   57   66   81   98  111
  122  132  143  155  166  180  196  216  240
    17.5-180.0 180.0   5.0 450.0                            LAT/LON1/LON2/DLON/H
  255  276  293  305  311  312  309  302  290  278  264  253  242  232  225  220
  217  215  209  198  184  169  158  150  147  148  152  155  155  155  154  151
  150  142  133  125  118  115  111  109  106  100   94   86   83   84   83   81
   79   75   73   72   70   67   65   62   60   56   53   56   66   81   97  111
  123  135  148  162  177  193  210  232  255
    15.0-180.0 180.0   5.0 450.0                            LAT/LON1/LON2/DLON/H
  268  288  305  318  327  332  333  327  317  302  288  276  264  255  247  242
  239  236  229  214  198  181  167  158  157  163  168  171  171  170  168  165
  162  157  146  136  129  124  120  117  113  105   98   89   86   85   85   83
   80   76   74   73   69   66   64   61   59   56   53   56   66   82   98  112
  125  138  154  171  188  206  224  246  268
    12.5-180.0 180.0   5.0 450.0                            LAT/LON1/LON2/DLON/H
  278  295  311  324  335  345  350  348  340  326  314  305  293  285  275  271
  265  262  254  239  220  201  185  175  175  181  187  189  188  183  178  174
  171  166  155  146  139  134  128  125  120  112  105   96   91   90   88   86
   83   79   76   73   70   66   64   61   58   56   55   58   68   84  100  114
  128  142  160  178  198  218  237  259  278
    10.0-180.0 180.0   5.0 450.0                            LAT/LON1/LON2/DLON/H
  286  298  311  323  336  349  359  361  356  348  341  336  325  318  307  303
  295  293  284  271  250  229  211  201  198  202  208  207  203  192  184  181
  177  170  162  155  148  142  136  132  128  120  114  105   99   97   95   91
   87   82   78   74   71   67   64   62   59   56   55   59   69   85  102  117
  131  146  165  184  206  227  248  269  286
     7.5-180.0 180.0   5.0 450.0                            LAT/LON1/LON2/DLON/H
  291  302  311  320  332  348  362  367  367  364  364  364  356  352  341  336
  326  325  318  304  284  263  243  229  224  226  228  223  213  199  190  187
  183  176  169  162  155  149  143  138  134  129  123  115  109  105  101   95
   89   83   79   74   71   67   65   63   60   57   56   60   70   87  103  119
  133  149  168  188  210  233  256  276  291
     5.0-180.0 180.0   5.0 450.0                            LAT/LON1/LON2/DLON/H
  297  306  313  319  331  348  364  370  371  373  377  381  378  377  371  365
  358  357  350  338  319  297  276  260  251  250  246  236  222  206  197  194
  188  181  172  165  159  153  147  143  140  136  132  126  118  113  106   98
   89   82   77   73   70   67   66   64   61   57   56   60   71   87  104  119
  134  150  169  190  211  235  259  281  297
     2.5-180.0 180.0   5.0 450.0                            LAT/LON1/LON2/DLON/H
  302  313  321  326  337  353  367  373  374  375  379  384  388  390  391  387
  379  377  374  364  347  327  305  287  276  270  260  244  226  213  205  200
  192  182  173  165  159  154  149  144  142  140  137  131  124  117  109   97
   88   79   74   70   68   66   65   64   62   58   56   59   70   86  104  119
  134  150  168  188  209  232  257  283  302
