ionex_files/bejaia/igsg0880.21i
     1.0            IONOSPHERE MAPS     MIX                 IONEX VERSION / TYPE
cmpcmb v1.2          GRL/UWM            15-apr-21 05:41     PGM / RUN BY / DATE 
ionex file containing IGS COMBINED Ionosphere maps          COMMENT             
global ionosphere maps for day 088, 2021                    DESCRIPTION         
IONEX file containing the COMBINED IGS TEC MAPS and DCBs    DESCRIPTION         
      IONEX files of the following IAACs were combined: cod DESCRIPTION         
                                                        esa DESCRIPTION         
                                                        jpl DESCRIPTION         
                                                        upc DESCRIPTION         
Contact address: Andrzej Krankowski                         DESCRIPTION
                 Geodynamics Research Laboratory            DESCRIPTION
                 University of Warmia and Mazury (GRL/UWM)  DESCRIPTION
                 Oczapowski St. 1                           DESCRIPTION
                 10-957-Olsztyn, POLAND                     DESCRIPTION
                 e-mail:  kand@uwm.edu.pl                   DESCRIPTION
                                                            DESCRIPTION         
  2021     3    29     0     0     0                        EPOCH OF FIRST MAP  
  2021     3    30     0     0     0                        EPOCH OF LAST MAP   
  7200                                                      INTERVAL            
    13                                                      # OF MAPS IN FILE   
  COSZ                                                      MAPPING FUNCTION    
     0.0                                                    ELEVATION CUTOFF    
combined TEC calculated as weighted mean of input TEC valuesOBSERVABLES USED    
   377                                                      # OF STATIONS       
    32                                                      # OF SATELLITES     
  6371.0                                                    BASE RADIUS         
     2                                                      MAP DIMENSION       
   450.0 450.0   0.0                                        HGT1 / HGT2 / DHGT  
    87.5 -87.5  -2.5                                        LAT1 / LAT2 / DLAT  
  -180.0 180.0   5.0                                        LON1 / LON2 / DLON  
    -1                                                      EXPONENT            
TEC values in 0.1 tec units;  9999, if no value available   COMMENT             
DCB values in nanoseconds, reference is Sum_of_SatDCBs = 0  COMMENT             
                                                            END OF HEADER       
[from data line 4719]
    12                                                      START OF TEC MAP    
  2021     3    29    22     0     0                        EPOCH OF CURRENT MAP
    87.5-180.0 180.0   5.0 450.0                            LAT/LON1/LON2/DLON/H
   53   54   54   55   55   56   56   56   57   57   58   58   58   58   58   59
   58   58   58   58   58   58   57   57   56   56   56   55   55   54   53   53
   53   52   51   51   50   50   50   49   49   48   48   48   48   47   47   47
   47   47   47   47   47   47   47   47   48   48   48   48   49   49   49   49
   50   50   51   51   52   52   52   53   53
    85.0-180.0 180.0   5.0 450.0                            LAT/LON1/LON2/DLON/H
   56   57   58   59   60   61   62   63   64   65   66   67   67   68   69   69
   68   69   68   67   67   66   65   64   63   63   62   61   60   58   57   56
   54   53   52   51   50   49   48   47   47   46   46   45   45   45   45   44
   44   44   45   45   45   45   46   46   47   47   48   48   49   49   49   50
   50   51   52   52   53   53   54   55   56
    82.5-180.0 180.0   5.0 450.0                            LAT/LON1/LON2/DLON/H
   59   61   62   63   64   66   68   69   71   72   74   75   76   78   78   79
   79   79   79   78   77   76   74   72   71   69   67   65   63   61   59   57
   56   54   52   51   50   49   48   47   47   46   46   45   44   44   44   44
   44   44   44   44   45   45   46   47   47   48   48   49   49   50   51   51
   52   53   53   54   55   56   57   58   59
    80.0-180.0 180.0   5.0 450.0                            LAT/LON1/LON2/DLON/H
   63   64   65   67   69   70   73   75   77   79   81   83   84   86   87   88
   88   88   88   86   85   82   80   77   75   72   70   67   64   61   59   57
   55   53   52   51   50   49   47   47   46   45   45   44   44   44   43   43
   44   44   44   44   45   46   46   47   48   48   49   50   51   52   52   53
   54   55   56   57   57   59   59   61   63
    77.5-180.0 180.0   5.0 450.0                            LAT/LON1/LON2/DLON/H
   66   68   69   71   73   75   77   79   82   84   87   90   92   93   94   94
   95   94   93   92   91   89   86   82   78   75   72   68   65   62   59   56
   55   52   51   50   48   47   47   46   45   44   44   43   43   42   42   42
   42   43   43   43   43   44   45   46   47   48   49   51   51   52   54   55
   56   57   58   59   60   61   63   64   66
    75.0-180.0 180.0   5.0 450.0                            LAT/LON1/LON2/DLON/H
   70   71   74   75   77   79   81   84   87   90   92   94   97   98   98   99
   98   98   97   96   93   90   86   83   79   74   71   67   63   61   58   56
   54   52   51   50   48   47   46   45   45   43   43   41   41   41   40   40
   40   40   40   40   41   42   43   43   44   46   48   49   50   52   53   55
   56   58   59   61   62   64   66   68   70
    72.5-180.0 180.0   5.0 450.0                            LAT/LON1/LON2/DLON/H
   73   75   78   79   81   83   85   87   90   92   95   97   99   99  100   99
   99   99   98   96   93   90   86   82   77   73   68   64   61   58   56   54
   53   52   51   50   48   47   45   44   43   41   40   39   38   37   36   36
   36   36   36   36   37   37   38   39   41   42   45   46   48   50   52   54
   56   58   60   62   64   66   69   71   73
    70.0-180.0 180.0   5.0 450.0                            LAT/LON1/LON2/DLON/H
   76   79   81   83   85   87   89   90   92   94   96   98   99   99   99   99
   99  100   97   94   92   89   85   81   75   71   67   62   59   56   54   53
   51   50   49   48   47   46   44   42   40   38   37   35   33   33   32   32
   32   32   32   32   32   32   33   34   36   38   41   43   46   49   51   54
   56   58   60   63   65   68   71   73   76
    67.5-180.0 180.0   5.0 450.0                            LAT/LON1/LON2/DLON/H
   79   83   85   87   89   90   91   92   94   94   96   97   98   98   98   98
   99   98   96   94   92   88   84   80   75   70   66   61   57   55   53   51
   50   49   47   46   45   43   40   38   36   34   32   30   29   29   29   29
   29   29   28   28   27   27   28   29   31   34   37   41   44   48   51   53
   56   59   62   64   67   70   73   76   79
    65.0-180.0 180.0   5.0 450.0                            LAT/LON1/LON2/DLON/H
   83   87   89   91   92   93   93   94   94   95   96   96   96   97   97   97
   98   98   97   96   93   90   87   83   76   70   66   62   58   55   52   51
   49   47   45   43   42   39   37   35   32   30   28   27   26   25   26   27
   26   26   25   25   24   24   24   26   28   32   36   40   44   48   52   55
   58   61   63   66   69   72   76   79   83
    62.5-180.0 180.0   5.0 450.0                            LAT/LON1/LON2/DLON/H
   88   91   94   95   96   96   95   95   95   96   96   96   95   95   96   97
   98  100  100  100   97   95   93   87   81   75   69   65   60   58   55   51
   50   47   44   41   39   37   34   32   30   28   27   26   26   24   25   26
   26   26   25   23   23   23   24   25   28   32   37   42   47   51   55   58
   61   63   66   69   72   75   79   83   88
    60.0-180.0 180.0   5.0 450.0                            LAT/LON1/LON2/DLON/H
   93   96   99  100  100   99   98   97   97   96   96   96   95   95   96   98
  100  102  104  103  102  100   98   93   87   81   74   70   66   63   59   55
   51   48   43   40   38   35   33   32   31   30   29   29   29   29   29   29
   29   28   27   25   24   24   25   27   31   35   40   46   50   56   59   63
   66   67   69   72   76   79   82   87   93
    57.5-180.0 180.0   5.0 450.0                            LAT/LON1/LON2/DLON/H
   98  102  105  106  106  104  102  101   99   98   97   97   96   97   98   99
  101  103  105  106  105  104  101   97   92   86   81   77   73   68   64   59
   54   49   45   41   39   37   35   35   35   34   35   37   37   38   39   38
   36   35   33   31   29   29   29   32   36   41   46   51   57   61   65   69
   71   73   74   76   80   83   88   93   98
    55.0-180.0 180.0   5.0 450.0                            LAT/LON1/LON2/DLON/H
  104  109  112  114  113  112  109  107  104  102   99   99   98   98   99  100
  101  103  105  106  106  106  103  100   95   91   87   83   79   74   69   63
   56   51   47   43   42   40   40   40   42   43   44   46   47   48   48   47
   44   43   41   38   36   36   37   39   43   48   53   58   63   68   71   75
   77   80   81   82   85   89   94   99  104
    52.5-180.0 180.0   5.0 450.0                            LAT/LON1/LON2/DLON/H
  111  116  120  123  123  123  120  116  112  107  104  101  100   99   99   99
  100  102  103  104  106  105  103  101   98   94   91   88   84   79   73   66
   60   55   50   48   47   46   47   49   50   53   54   56   57   57   57   56
   54   51   48   45   44   44   45   48   51   56   60   65   70   74   77   80
   83   86   89   89   92   96  100  105  111
    50.0-180.0 180.0   5.0 450.0                            LAT/LON1/LON2/DLON/H
  117  123  128  132  135  135  132  128  122  115  110  106  103  101  101  100
  100  101  101  102  103  103  103  102  100   99   96   93   89   84   77   70
   63   59   56   55   54   55   56   58   61   63   65   65   65   65   64   61
   60   57   55   52   52   54   55   57   60   63   67   71   75   78   81   84
   87   90   94   96   98  102  107  111  117
    47.5-180.0 180.0   5.0 450.0                            LAT/LON1/LON2/DLON/H
  122  128  135  141  146  148  147  142  134  126  119  113  109  106  104  103
  102  102  101  101  102  103  105  105  104  104  101   99   94   88   80   72
   67   63   62   62   63   64   66   67   70   72   72   72   71   69   67   65
   64   62   61   59   60   61   64   65   68   70   72   75   77   80   83   86
   90   93   97  100  103  107  111  117  122
    45.0-180.0 180.0   5.0 450.0                            LAT/LON1/LON2/DLON/H
  126  133  139  147  155  161  161  157  149  139  130  122  116  112  109  108
  106  104  103  103  104  107  108  109  110  109  107  103   98   90   82   75
   70   68   68   69   71   73   74   76   78   78   78   76   74   71   69   68
   67   66   66   66   66   67   70   72   73   74   75   77   80   83   86   90
   93   97  100  103  106  110  115  120  126
    42.5-180.0 180.0   5.0 450.0                            LAT/LON1/LON2/DLON/H
  129  135  143  152  162  170  173  169  162  153  142  133  126  121  117  115
  113  111  109  109  110  113  115  116  117  116  113  107  100   91   83   76
   72   72   73   75   78   80   80   81   81   82   81   78   76   73   72   71
   71   70   70   70   71   73   75   77   78   78   78   80   83   87   91   95
   98  101  105  108  111  115  117  122  129
    40.0-180.0 180.0   5.0 450.0                            LAT/LON1/LON2/DLON/H
  130  137  144  154  165  176  181  180  175  166  155  144  137  130  126  124
  122  120  118  118  119  121  124  126  125  122  118  111  102   92   83   76
   73   74   76   79   82   84   84   83   83   83   82   79   77   75   73   73
   72   71   72   73   74   76   79   80   82   82   82   84   87   92   97  100
  104  107  110  113  116  120  122  125  130
    37.5-180.0 180.0   5.0 450.0                            LAT/LON1/LON2/DLON/H
  132  138  145  155  166  177  183  186  183  176  166  156  147  140  136  135
  133  131  128  128  129  132  134  135  134  129  122  114  103   93   83   75
   72   74   77   80   83   84   84   83   83   83   82   80   78   75   74   72
   70   70   72   73   75   78   81   82   84   85   84   87   92   98  103  107
  110  113  116  119  122  125  127  129  132
    35.0-180.0 180.0   5.0 450.0                            LAT/LON1/LON2/DLON/H
  137  142  148  156  166  175  183  188  188  185  177  167  158  151  146  144
  143  141  139  138  139  142  144  145  142  136  127  117  105   94   84   76
   73   73   76   79   83   83   83   83   83   82   81   81   78   76   74   71
   69   68   69   71   75   78   81   81   83   85   86   90   96  104  111  115
  119  121  123  125  129  131  133  134  137
    32.5-180.0 180.0   5.0 450.0                            LAT/LON1/LON2/DLON/H
  145  149  154  159  166  173  181  188  191  191  186  178  168  161  156  153
  151  149  147  145  146  149  152  152  149  142  131  119  109   97   88   80
   76   75   76   78   81   82   82   81   82   81   81   80   78   75   73   69
   68   67   67   69   72   76   78   79   80   81   84   90   98  109  117  123
  127  129  131  134  136  139  142  144  145
    30.0-180.0 180.0   5.0 450.0                            LAT/LON1/LON2/DLON/H
  159  162  166  168  171  175  181  189  195  199  197  189  180  173  167  163
  160  156  152  149  149  152  156  157  154  147  135  123  113  103   95   87
   82   79   78   78   80   80   80   80   81   81   80   77   76   74   71   68
   67   66   66   67   70   73   75   76   76   76   80   88   99  111  121  128
  133  136  139  142  146  150  153  157  159
    27.5-180.0 180.0   5.0 450.0                            LAT/LON1/LON2/DLON/H
  178  183  187  186  184  185  188  194  202  210  211  203  194  187  181  176
  171  164  158  154  153  156  160  161  158  151  139  128  120  112  105   97
   90   84   80   79   79   80   80   80   81   80   79   75   73   72   70   68
   66   66   66   66   68   70   72   71   71   72   76   86   98  112  124  132
  137  141  146  150  156  161  167  174  178
    25.0-180.0 180.0   5.0 450.0                            LAT/LON1/LON2/DLON/H
  200  208  213  213  208  203  203  207  217  227  229  222  214  208  201  195
  186  177  168  162  159  161  164  165  163  157  146  136  130  124  118  108
   99   91   85   83   82   81   80   79   81   79   78   74   71   70   69   68
   67   66   65   65   66   68   68   67   66   67   72   83   96  112  125  134
  140  145  151  157  166  173  182  192  200
    22.5-180.0 180.0   5.0 450.0                            LAT/LON1/LON2/DLON/H
  222  235  242  244  238  231  227  232  242  252  254  249  241  237  229  222
  211  199  187  177  172  171  172  173  172  166  156  149  143  138  131  121
  110  100   93   90   88   85   82   81   81   79   77   72   70   69   69   68
   67   66   64   64   64   65   64   62   62   62   68   79   94  110  124  134
  141  148  156  165  175  185  196  209  222
    20.0-180.0 180.0   5.0 450.0                            LAT/LON1/LON2/DLON/H
  241  258  270  276  272  264  260  264  272  283  286  283  277  273  266  260
  246  233  217  204  193  187  185  184  184  179  172  165  159  153  145  134
  122  110  102   98   95   92   88   86   84   81   76   71   68   68   69   69
   68   67   65   64   63   62   60   58   57   58   63   74   89  107  122  133
  141  150  161  172  184  196  210  225  241
    17.5-180.0 180.0   5.0 450.0                            LAT/LON1/LON2/DLON/H
  256  275  293  303  303  302  298  302  310  319  324  321  318  317  311  305
  291  276  258  241  224  211  204  200  199  196  190  183  176  167  157  145
  134  121  112  108  105  101   98   93   89   84   78   72   69   69   70   71
   71   69   67   65   62   60   58   56   55   55   59   71   87  103  119  132
  142  152  166  180  193  207  221  237  256
    15.0-180.0 180.0   5.0 450.0                            LAT/LON1/LON2/DLON/H
  266  286  307  322  330  333  339  344  349  355  362  361  359  363  362  355
  344  329  308  287  264  244  229  220  217  215  209  200  191  180  168  155
  143  131  121  116  114  111  107  102   96   89   82   75   71   71   73   74
   74   73   70   66   62   59   57   55   54   55   59   69   85  103  119  131
  142  155  171  187  202  217  232  248  266
    12.5-180.0 180.0   5.0 450.0                            LAT/LON1/LON2/DLON/H
  272  290  312  332  346  358  369  376  381  388  394  396  402  409  414  410
  401  387  364  340  311  282  258  243  237  234  227  215  203  188  173  160
  148  137  128  124  122  119  114  108  103   95   87   79   74   75   77   77
   77   75   72   68   63   59   56   55   55   56   58   67   83  101  118  131
  143  158  176  194  211  227  241  256  272
    10.0-180.0 180.0   5.0 450.0                            LAT/LON1/LON2/DLON/H
  275  290  309  330  349  366  382  394  402  409  416  425  435  450  463  463
  457  444  420  393  356  319  287  266  255  250  239  224  207  190  174  160
  149  140  133  130  127  124  120  112  106   99   92   84   79   80   81   80
   78   75   72   67   62   58   55   54   54   56   57   65   80   98  117  131
  146  162  182  200  219  235  250  263  275
     7.5-180.0 180.0   5.0 450.0                            LAT/LON1/LON2/DLON/H
  279  288  304  324  344  363  380  396  406  414  423  434  449  470  493  501
  498  490  469  439  396  352  313  284  267  258  245  226  205  186  171  159
  150  142  136  132  129  125  120  113  108  101   94   87   84   84   84   81
   77   73   69   65   60   56   53   52   53   54   56   62   76   94  114  131
  147  165  185  206  225  243  258  271  279
     5.0-180.0 180.0   5.0 450.0                            LAT/LON1/LON2/DLON/H
  286  292  304  321  338  354  370  386  397  407  416  428  446  470  495  513
  518  518  498  468  424  377  333  298  276  261  245  223  201  182  168  158
  150  143  137  131  126  121  115  109  104   98   93   87   85   85   84   79
   73   69   65   61   57   53   50   50   51   53   55   61   73   91  111  129
  147  166  187  207  229  248  267  280  286
     2.5-180.0 180.0   5.0 450.0                            LAT/LON1/LON2/DLON/H
  297  303  312  326  338  348  359  372  384  393  400  411  429  452  477  499
  513  517  500  471  434  390  345  306  279  260  241  219  198  181  170  160
  151  142  135  128  120  113  106  101   97   93   89   85   84   83   80   74
   67   62   58   55   53   49   47   47   48   50   52   58   71   89  109  128
  147  165  185  205  227  250  272  289  297
