ionex_files/bejaia/igsg0750.21i
     1.0            IONOSPHERE MAPS     MIX                 IONEX VERSION / TYPE
cmpcmb v1.2          GRL/UWM             1-apr-21 10:07     PGM / RUN BY / DATE 
ionex file containing IGS COMBINED Ionosphere maps          COMMENT             
global ionosphere maps for day 075, 2021                    DESCRIPTION         
IONEX file containing the COMBINED IGS TEC MAPS and DCBs    DESCRIPTION         
      IONEX files of the following IAACs were combined: cod DESCRIPTION         
                                                        esa DESCRIPTION         
                                                        jpl DESCRIPTION         
                                                        upc DESCRIPTION         
Contact address: Andrzej Krankowski                         DESCRIPTION
                 Geodynamics Research Laboratory            DESCRIPTION
                 University of Warmia and Mazury (GRL/UWM)  DESCRIPTION
                 Oczapowski St. 1                           DESCRIPTION
                 10-957-Olsztyn, POLAND                     DESCRIPTION
                 e-mail:  kand@uwm.edu.pl                   DESCRIPTION
                                                            DESCRIPTION         
  2021     3    16     0     0     0                        EPOCH OF FIRST MAP  
  2021     3    17     0     0     0                        EPOCH OF LAST MAP   
  7200                                                      INTERVAL            
    13                                                      # OF MAPS IN FILE   
  COSZ                                                      MAPPING FUNCTION    
     0.0                                                    ELEVATION CUTOFF    
combined TEC calculated as weighted mean of input TEC valuesOBSERVABLES USED    
   373                                                      # OF STATIONS       
    32                                                      # OF SATELLITES     
  6371.0                                                    BASE RADIUS         
     2                                                      MAP DIMENSION       
   450.0 450.0   0.0                                        HGT1 / HGT2 / DHGT  
    87.5 -87.5  -2.5                                        LAT1 / LAT2 / DLAT  
  -180.0 180.0   5.0                                        LON1 / LON2 / DLON  
    -1                                                      EXPONENT            
TEC values in 0.1 tec units;  9999, if no value available   COMMENT             
DCB values in nanoseconds, reference is Sum_of_SatDCBs = 0  COMMENT             
                                                            END OF HEADER       
[from data line 429]
     2                                                      START OF TEC MAP    
  2021     3    16     2     0     0                        EPOCH OF CURRENT MAP
    87.5-180.0 180.0   5.0 450.0                            LAT/LON1/LON2/DLON/H
   54   55   54   54   54   54   54   54   54   54   53   53   53   53   52   52
   51   51   50   50   49   49   48   48   48   47   46   46   45   45   45   44
   44   44   43   43   43   43   43   43   43   43   43   43   43   44   44   44
   44   45   45   45   46   46   47   47   48   48   49   50   50   50   51   51
   52   52   53   53   54   54   54   54   54
    85.0-180.0 180.0   5.0 450.0                            LAT/LON1/LON2/DLON/H
   58   58   58   59   58   58   58   58   58   57   57   56   55   54   54   53
   52   51   50   49   47   47   46   45   43   42   42   41   41   40   39   39
   38   38   37   37   37   37   37   36   37   36   37   37   38   38   39   39
   40   41   41   42   43   44   45   46   47   48   49   50   51   52   53   54
   54   55   56   56   57   57   57   57   58
    82.5-180.0 180.0   5.0 450.0                            LAT/LON1/LON2/DLON/H
   61   62   61   62   61   61   61   60   59   59   58   57   56   55   53   52
   50   49   48   46   45   43   42   40   39   38   37   35   35   34   33   33
   32   32   32   32   31   31   31   31   31   31   31   32   33   33   34   35
   36   37   38   39   41   42   44   46   47   48   50   52   53   54   55   56
   57   58   59   59   59   60   60   60   61
    80.0-180.0 180.0   5.0 450.0                            LAT/LON1/LON2/DLON/H
   63   63   63   63   62   62   61   61   60   60   58   57   56   55   53   51
   49   47   46   44   43   41   38   36   34   33   32   31   29   29   28   28
   27   27   27   27   27   27   27   27   28   28   28   28   29   29   30   31
   33   34   36   37   39   41   43   45   48   50   52   54   56   58   59   60
   61   62   63   63   63   63   63   63   63
    77.5-180.0 180.0   5.0 450.0                            LAT/LON1/LON2/DLON/H
   65   65   65   64   64   64   64   63   62   61   60   58   56   54   52   49
   47   45   43   40   39   36   34   33   31   30   28   28   26   26   25   24
   25   24   24   24   24   24   24   25   25   25   25   26   26   26   27   28
   30   31   33   36   38   40   43   46   49   52   55   58   61   63   64   66
   66   67   67   67   67   66   66   65   65
    75.0-180.0 180.0   5.0 450.0                            LAT/LON1/LON2/DLON/H
   69   68   67   67   67   67   66   65   64   63   62   59   56   53   49   46
   43   40   38   35   33   32   30   29   28   27   26   25   24   23   23   23
   23   23   23   22   23   23   23   23   23   23   23   23   23   24   25   26
   27   29   31   34   36   40   44   47   51   55   58   62   65   67   69   71
   71   72   72   72   72   71   70   69   69
    72.5-180.0 180.0   5.0 450.0                            LAT/LON1/LON2/DLON/H
   73   72   71   70   70   70   69   69   68   66   63   59   56   51   46   42
   38   36   33   31   30   29   27   26   25   25   25   24   23   23   22   22
   22   22   22   22   22   22   22   22   22   22   21   21   22   22   23   24
   26   27   30   33   36   40   44   50   54   58   62   66   69   72   74   76
   76   77   77   78   77   77   76   74   73
    70.0-180.0 180.0   5.0 450.0                            LAT/LON1/LON2/DLON/H
   78   77   75   74   74   73   73   72   71   68   65   61   56   50   44   38
   35   32   30   28   27   27   26   25   24   24   24   24   23   23   23   23
   22   22   22   22   22   21   21   20   20   20   19   19   20   20   21   22
   24   26   29   32   36   41   46   51   57   61   66   70   73   76   78   79
   81   82   82   83   83   82   81   80   78
    67.5-180.0 180.0   5.0 450.0                            LAT/LON1/LON2/DLON/H
   83   81   79   77   76   76   75   74   73   70   67   62   56   49   43   37
   33   30   28   27   25   26   26   25   25   25   25   25   24   24   23   23
   22   22   22   22   21   21   20   20   18   18   17   18   18   19   20   21
   23   26   29   33   38   43   49   55   61   65   70   74   77   80   81   83
   84   85   86   86   86   87   86   85   83
    65.0-180.0 180.0   5.0 450.0                            LAT/LON1/LON2/DLON/H
   86   84   82   79   77   76   76   75   74   72   69   64   58   51   44   37
   33   30   29   28   26   26   27   26   26   26   25   25   25   24   23   22
   22   21   21   20   20   19   18   18   17   16   16   17   16   18   19   21
   23   26   30   35   41   46   53   58   65   70   74   78   80   83   83   84
   85   86   87   88   89   90   90   89   86
    62.5-180.0 180.0   5.0 450.0                            LAT/LON1/LON2/DLON/H
   89   86   84   81   78   77   76   75   74   73   70   65   60   53   45   39
   35   33   31   30   29   28   27   28   26   26   25   25   24   23   23   21
   20   20   19   19   18   17   17   16   15   16   16   16   17   17   19   21
   25   28   33   39   44   51   57   63   69   74   78   82   84   85   85   85
   86   86   87   89   90   92   92   92   89
    60.0-180.0 180.0   5.0 450.0                            LAT/LON1/LON2/DLON/H
   92   89   85   82   79   77   76   75   74   73   70   66   61   55   49   43
   40   37   36   34   33   31   30   28   27   26   25   24   23   23   22   20
   19   19   19   18   17   17   16   16   16   17   17   18   18   19   20   23
   26   32   37   43   49   56   62   68   74   79   83   86   88   89   88   87
   87   87   88   90   91   93   94   93   92
    57.5-180.0 180.0   5.0 450.0                            LAT/LON1/LON2/DLON/H
   94   91   88   85   81   78   77   75   75   73   71   67   63   58   53   48
   45   43   41   39   37   35   33   30   28   26   25   25   24   23   22   20
   19   19   20   19   18   18   18   18   19   20   20   21   21   21   23   26
   30   36   43   49   55   62   68   73   79   84   88   91   94   94   94   93
   92   92   92   93   94   95   96   96   94
    55.0-180.0 180.0   5.0 450.0                            LAT/LON1/LON2/DLON/H
   98   95   92   89   85   81   79   78   76   75   72   69   64   60   56   52
   49   47   46   43   41   37   35   32   30   28   26   26   25   24   23   22
   21   22   22   22   21   21   22   23   24   26   27   27   27   26   27   30
   34   41   48   55   62   68   73   79   83   88   93   97  100  102  102  102
  101  101  100   99   98   99   99   99   98
    52.5-180.0 180.0   5.0 450.0                            LAT/LON1/LON2/DLON/H
  103  101   98   95   92   88   85   82   80   78   75   71   67   62   58   55
   52   51   49   47   44   41   37   35   32   30   29   28   27   26   26   25
   24   25   27   27   27   27   28   30   32   33   34   34   33   33   33   35
   40   47   54   62   69   75   79   84   88   93   98  103  107  110  113  114
  113  113  110  108  106  105  105  105  103
    50.0-180.0 180.0   5.0 450.0                            LAT/LON1/LON2/DLON/H
  109  107  105  104  101   97   93   90   86   82   79   75   70   64   60   56
   54   53   52   50   48   44   41   39   37   35   34   33   31   30   30   29
   30   31   33   33   34   35   36   38   40   42   43   43   42   41   40   42
   45   52   60   68   76   81   86   89   93   97  103  108  114  119  124  128
  128  127  123  120  116  114  113  111  109
    47.5-180.0 180.0   5.0 450.0                            LAT/LON1/LON2/DLON/H
  118  115  113  112  109  106  103   98   93   89   84   79   74   67   62   58
   56   55   54   54   52   49   47   45   43   41   39   38   37   36   35   35
   36   38   40   41   41   42   44   45   48   50   51   52   51   49   48   48
   51   58   66   76   83   88   92   95   98  103  108  114  121  128  135  140
  142  140  136  132  128  124  122  119  118
    45.0-180.0 180.0   5.0 450.0                            LAT/LON1/LON2/DLON/H
  124  121  118  118  116  115  111  106  101   96   91   85   79   71   65   60
   58   57   57   58   57   56   53   52   50   48   47   44   43   41   41   41
   43   45   47   47   48   49   50   52   54   56   58   59   58   56   55   55
   58   64   73   82   90   95   99  101  104  108  113  119  127  135  142  149
  152  151  148  143  138  134  132  128  124
    42.5-180.0 180.0   5.0 450.0                            LAT/LON1/LON2/DLON/H
  132  127  123  121  121  120  117  113  108  103   97   91   84   77   70   64
   62   61   61   62   62   62   60   59   58   56   54   51   48   47   46   46
   49   51   52   53   53   53   54   56   58   61   63   64   64   63   61   61
   64   71   80   89   98  104  107  109  112  115  119  124  130  138  145  152
  157  159  158  154  149  145  142  137  132
    40.0-180.0 180.0   5.0 450.0                            LAT/LON1/LON2/DLON/H
  141  133  127  124  123  122  120  117  113  108  103   97   91   83   76   69
   66   65   66   67   68   68   67   66   65   63   60   56   53   51   50   50
   52   54   55   55   55   55   56   57   59   62   66   68   69   68   67   66
   69   77   86   97  106  112  116  118  120  123  126  128  132  138  145  152
  159  163  165  164  160  157  153  148  141
    37.5-180.0 180.0   5.0 450.0                            LAT/LON1/LON2/DLON/H
  153  142  133  128  124  123  122  119  116  112  107  103   97   90   82   76
   72   70   71   73   74   74   73   71   70   67   65   61   57   54   53   52
   54   55   56   55   55   55   56   58   60   63   67   70   72   71   69   68
   72   79   90  102  112  119  123  127  130  133  134  134  135  139  144  152
  161  169  173  175  175  173  168  162  153
    35.0-180.0 180.0   5.0 450.0                            LAT/LON1/LON2/DLON/H
  170  156  143  133  128  125  123  119  116  114  111  108  104   97   90   84
   78   76   76   78   79   79   78   76   73   70   67   63   59   57   55   54
   54   55   55   55   54   55   56   57   59   62   66   69   71   70   68   68
   72   80   92  105  116  124  129  135  140  142  143  141  140  141  146  154
  165  177  186  192  194  193  189  182  170
    32.5-180.0 180.0   5.0 450.0                            LAT/LON1/LON2/DLON/H
  196  179  163  149  139  131  125  120  116  114  114  112  109  104   98   91
   84   81   81   81   81   81   79   77   75   71   68   65   61   59   57   55
   55   55   55   55   54   54   55   56   58   61   64   67   68   66   65   65
   70   79   93  107  118  127  134  142  149  152  153  150  148  148  153  163
  178  192  206  216  220  220  218  209  196
    30.0-180.0 180.0   5.0 450.0                            LAT/LON1/LON2/DLON/H
  231  214  195  176  160  146  135  124  117  115  115  115  112  109  103   96
   90   85   83   81   81   80   78   76   74   71   67   64   62   60   57   56
   56   56   56   56   55   55   55   56   57   59   61   62   62   61   60   60
   66   77   92  107  119  129  139  148  156  162  163  161  160  161  168  182
  199  216  235  248  254  255  250  244  231
    27.5-180.0 180.0   5.0 450.0                            LAT/LON1/LON2/DLON/H
  272  261  240  216  194  173  153  136  124  119  118  117  115  111  105   99
   92   86   82   80   78   77   76   74   72   69   66   63   62   60   58   57
   56   57   58   59   58   56   56   55   56   55   55   55   55   55   54   55
   61   74   90  106  119  131  142  153  163  171  174  174  175  180  190  207
  227  248  270  285  292  293  289  285  272
    25.0-180.0 180.0   5.0 450.0                            LAT/LON1/LON2/DLON/H
  320  312  294  267  239  211  181  156  138  128  123  120  116  111  106   99
   91   84   80   77   75   73   72   71   69   67   64   61   59   59   58   58
   59   60   63   64   62   59   57   55   54   52   51   50   49   48   47   50
   57   71   89  105  119  132  144  156  169  179  184  188  192  201  215  236
  258  282  307  323  334  332  329  327  320
    22.5-180.0 180.0   5.0 450.0                            LAT/LON1/LON2/DLON/H
  365  365  351  330  297  258  217  183  158  142  133  126  120  113  106   98
   88   81   76   73   71   69   69   69   68   65   62   58   56   56   57   59
   62   66   70   71   67   62   58   55   53   50   47   45   44   42   42   45
   53   69   87  105  120  132  145  160  174  186  194  201  208  223  241  265
  289  316  340  358  368  366  365  365  365
    20.0-180.0 180.0   5.0 450.0                            LAT/LON1/LON2/DLON/H
  398  407  403  389  357  311  261  221  187  163  150  138  126  116  106   96
   87   79   73   70   68   67   68   68   67   64   59   54   53   54   56   60
   66   73   78   78   72   65   60   56   52   48   44   41   39   38   38   41
   51   66   86  105  120  133  147  163  179  194  204  213  224  242  263  288
  313  341  364  381  386  387  387  392  398
    17.5-180.0 180.0   5.0 450.0                            LAT/LON1/LON2/DLON/H
  414  430  439  436  411  363  311  270  227  195  173  156  138  122  109   97
   86   79   74   70   67   67   68   69   69   65   59   53   52   54   57   64
   73   81   85   84   77   68   62   57   53   48   42   38   35   34   35   38
   48   65   85  104  120  134  150  167  185  200  214  225  238  257  279  300
  322  348  369  381  386  388  392  400  414
    15.0-180.0 180.0   5.0 450.0                            LAT/LON1/LON2/DLON/H
  411  432  452  461  446  405  361  320  275  233  205  180  158  135  116  101
   90   84   78   74   71   70   72   73   72   68   61   56   54   57   61   70
   79   88   91   89   81   72   65   60   55   49   42   37   34   33   32   36
   45   63   84  104  121  137  154  172  190  205  221  235  249  267  285  301
  318  337  352  361  369  372  380  392  411
    12.5-180.0 180.0   5.0 450.0                            LAT/LON1/LON2/DLON/H
  389  414  441  458  453  426  393  359  319  272  244  210  181  156  132  114
  102   95   88   84   81   80   80   80   79   75   70   64   63   66   70   78
   86   93   95   92   84   76   69   63   57   51   43   37   34   32   31   33
   43   61   83  104  122  140  158  177  195  210  226  241  256  270  285  294
  304  313  323  330  340  348  358  372  389
    10.0-180.0 180.0   5.0 450.0                            LAT/LON1/LON2/DLON/H
  362  384  411  433  435  424  404  379  350  311  276  243  212  182  156  133
  120  112  105  101   97   93   92   90   88   87   83   80   78   80   83   89
   94   98   98   95   87   79   72   66   60   53   45   38   34   31   29   31
   40   58   81  104  123  142  162  181  199  214  228  244  257  270  281  285
  288  291  296  301  312  322  335  347  362
     7.5-180.0 180.0   5.0 450.0                            LAT/LON1/LON2/DLON/H
  339  355  377  399  408  407  401  388  368  337  305  275  242  211  184  159
  142  133  126  123  117  111  107  103  101  101  101  100   99   99  100  101
  103  103  101   96   88   81   74   68   62   54   45   39   34   30   28   30
   39   57   80  102  121  141  163  184  201  216  229  243  257  268  278  280
  279  279  280  284  292  303  316  328  339
     5.0-180.0 180.0   5.0 450.0                            LAT/LON1/LON2/DLON/H
  328  337  352  371  385  390  393  388  373  349  324  297  268  238  211  186
  167  156  150  147  139  132  126  119  116  118  121  124  123  121  118  114
  111  106  102   95   88   81   75   69   62   54   45   38   33   29   27   28
   38   55   78   99  118  139  162  183  200  215  228  242  254  267  276  280
  280  280  279  283  288  299  311  320  328
     2.5-180.0 180.0   5.0 450.0                            LAT/LON1/LON2/DLON/H
  335  340  348  362  376  385  388  384  372  353  331  310  286  260  236  212
  192  181  174  171  162  157  149  140  136  137  143  147  145  140  133  124
  116  108  100   93   86   79   74   68   61   53   45   38   33   29   26   28
   38   55   76   96  115  136  158  180  197  211  225  238  251  265  276  282
  286  289  291  293  299  309  320  328  335
