ionex_files/bejaia/igsg0660.21i
     1.0            IONOSPHERE MAPS     MIX                 IONEX VERSION / TYPE
cmpcmb v1.2          GRL/UWM             1-apr-21 07:36     PGM / RUN BY / DATE 
ionex file containing IGS COMBINED Ionosphere maps          COMMENT             
global ionosphere maps for day 066, 2021                    DESCRIPTION         
IONEX file containing the COMBINED IGS TEC MAPS and DCBs    DESCRIPTION         
      IONEX files of the following IAACs were combined: cod DESCRIPTION         
                                                        esa DESCRIPTION         
                                                        jpl DESCRIPTION         
                                                        upc DESCRIPTION         
Contact address: Andrzej Krankowski                         DESCRIPTION
                 Geodynamics Research Laboratory            DESCRIPTION
                 University of Warmia and Mazury (GRL/UWM)  DESCRIPTION
                 Oczapowski St. 1                           DESCRIPTION
                 10-957-Olsztyn, POLAND                     DESCRIPTION
                 e-mail:  kand@uwm.edu.pl                   DESCRIPTION
                                                            DESCRIPTION         
  2021     3     7     0     0     0                        EPOCH OF FIRST MAP  
  2021     3     8     0     0     0                        EPOCH OF LAST MAP   
  7200                                                      INTERVAL            
    13                                                      # OF MAPS IN FILE   
  COSZ                                                      MAPPING FUNCTION    
     0.0                                                    ELEVATION CUTOFF    
combined TEC calculated as weighted mean of input TEC valuesOBSERVABLES USED    
   375                                                      # OF STATIONS       
    32                                                      # OF SATELLITES     
  6371.0                                                    BASE RADIUS         
     2                                                      MAP DIMENSION       
   450.0 450.0   0.0                                        HGT1 / HGT2 / DHGT  
    87.5 -87.5  -2.5                                        LAT1 / LAT2 / DLAT  
  -180.0 180.0   5.0                                        LON1 / LON2 / DLON  
    -1                                                      EXPONENT            
TEC values in 0.1 tec units;  9999, if no value available   COMMENT             
DCB values in nanoseconds, reference is Sum_of_SatDCBs = 0  COMMENT             
                                                            END OF HEADER       
[from data line 3432]
     9                                                      START OF TEC MAP    
  2021     3     7    16     0     0                        EPOCH OF CURRENT MAP
    87.5-180.0 180.0   5.0 450.0                            LAT/LON1/LON2/DLON/H
   56   57   57   58   59   59   60   60   60   61   61   61   61   61   61   61
   60   60   60   59   59   59   58   58   58   57   57   57   56   56   55   55
   54   54   53   52   52   52   51   51   50   50   49   49   49   49   49   48
   48   48   48   48   48   48   49   49   49   49   50   50   50   51   51   52
   52   52   53   53   54   55   55   56   56
    85.0-180.0 180.0   5.0 450.0                            LAT/LON1/LON2/DLON/H
   56   57   58   59   60   61   62   63   63   63   64   64   65   65   65   64
   65   65   65   64   63   62   61   60   60   59   58   58   57   56   56   55
   54   53   52   51   50   49   48   47   47   46   45   45   44   44   43   43
   43   42   42   42   42   43   43   44   44   44   44   45   46   47   47   48
   49   49   50   51   52   53   54   55   56
    82.5-180.0 180.0   5.0 450.0                            LAT/LON1/LON2/DLON/H
   51   53   55   56   58   59   60   61   62   63   64   65   66   66   66   66
   66   66   65   65   65   64   63   62   61   60   59   59   58   58   57   56
   55   54   54   52   51   49   48   46   45   44   43   42   41   40   39   39
   38   38   38   38   38   38   39   39   40   40   41   41   42   42   43   44
   44   45   45   46   47   47   48   50   51
    80.0-180.0 180.0   5.0 450.0                            LAT/LON1/LON2/DLON/H
   44   46   48   49   50   53   55   57   59   60   62   64   65   67   68   68
   68   69   68   68   67   65   64   63   63   62   62   61   60   60   59   59
   58   58   56   55   53   51   49   47   45   44   42   40   39   37   36   36
   35   34   34   34   34   35   36   36   37   37   37   38   38   38   38   39
   39   39   39   39   39   39   41   42   44
    77.5-180.0 180.0   5.0 450.0                            LAT/LON1/LON2/DLON/H
   36   37   39   41   43   46   48   51   53   55   58   60   62   65   66   67
   69   69   68   68   68   68   67   67   66   65   65   64   63   62   62   60
   59   59   58   57   55   52   50   47   45   43   41   39   37   34   33   32
   32   32   32   32   33   33   34   34   34   34   35   35   35   34   34   34
   33   33   33   33   33   33   33   34   36
    75.0-180.0 180.0   5.0 450.0                            LAT/LON1/LON2/DLON/H
   28   30   31   34   36   39   40   43   46   49   52   56   58   61   63   65
   66   68   69   69   69   69   69   69   68   68   67   67   66   65   64   63
   62   61   60   58   57   55   52   48   45   43   41   38   35   32   31   29
   29   29   30   30   31   32   33   33   33   33   33   32   32   31   30   29
   29   28   28   27   27   27   28   28   28
    72.5-180.0 180.0   5.0 450.0                            LAT/LON1/LON2/DLON/H
   22   23   24   26   28   29   32   36   39   43   46   50   53   56   59   62
   65   67   68   69   70   72   72   73   72   71   71   69   69   67   66   65
   64   63   62   61   59   57   54   51   47   44   41   38   35   32   30   28
   28   28   27   28   30   30   31   32   31   31   31   29   29   27   26   26
   25   25   24   24   24   23   22   22   22
    70.0-180.0 180.0   5.0 450.0                            LAT/LON1/LON2/DLON/H
   19   19   19   20   21   23   25   28   33   37   40   44   48   51   56   60
   63   66   68   70   72   74   75   76   76   75   74   73   71   69   68   67
   65   65   64   63   61   60   57   54   50   47   44   40   37   34   32   30
   28   27   26   27   27   28   29   29   29   29   28   26   25   25   24   23
   23   23   22   22   21   21   20   19   19
    67.5-180.0 180.0   5.0 450.0                            LAT/LON1/LON2/DLON/H
   17   16   16   16   17   19   21   24   28   32   37   41   44   48   53   58
   61   65   67   70   73   76   78   79   79   78   77   75   74   72   70   69
   67   67   66   65   63   62   60   57   54   51   48   44   42   38   35   32
   30   28   27   26   26   26   26   26   26   25   24   23   23   22   22   22
   22   22   22   22   22   21   20   19   17
    65.0-180.0 180.0   5.0 450.0                            LAT/LON1/LON2/DLON/H
   19   17   16   16   17   18   20   23   26   30   34   39   43   46   52   57
   61   64   67   71   75   77   80   81   81   81   79   77   75   73   72   70
   69   69   68   66   65   63   61   59   57   54   52   49   46   43   39   36
   33   30   28   26   25   24   24   23   23   22   22   21   21   21   21   21
   22   23   24   24   24   23   22   20   19
    62.5-180.0 180.0   5.0 450.0                            LAT/LON1/LON2/DLON/H
   21   19   18   18   19   20   22   24   28   31   35   39   43   46   51   56
   60   64   68   72   75   78   80   82   83   82   81   79   77   75   74   73
   72   71   70   68   66   65   63   61   59   57   55   53   50   47   44   39
   36   32   29   27   25   23   22   21   21   21   22   21   22   21   22   23
   24   25   26   27   27   27   25   23   21
    60.0-180.0 180.0   5.0 450.0                            LAT/LON1/LON2/DLON/H
   26   24   22   23   23   24   26   28   31   34   38   41   45   48   52   56
   60   64   68   72   76   78   80   82   83   83   82   81   80   78   77   76
   76   74   72   71   69   67   65   64   62   61   59   57   54   51   47   43
   39   35   31   28   25   24   23   22   23   23   24   24   24   24   25   26
   27   29   30   31   31   30   29   27   26
    57.5-180.0 180.0   5.0 450.0                            LAT/LON1/LON2/DLON/H
   31   29   27   28   28   30   32   34   36   39   42   46   48   52   54   58
   61   65   69   73   76   78   80   81   83   84   84   84   83   83   82   82
   81   79   77   74   72   70   69   67   66   65   63   61   58   55   51   48
   43   39   35   31   28   27   26   26   27   28   29   30   31   30   31   32
   32   33   34   34   35   35   34   32   31
    55.0-180.0 180.0   5.0 450.0                            LAT/LON1/LON2/DLON/H
   36   35   34   33   34   36   38   41   43   45   48   51   54   56   59   61
   64   67   71   74   77   79   81   83   84   86   87   88   89   90   90   89
   88   84   82   80   77   74   73   73   72   70   69   66   63   60   56   52
   48   45   41   38   35   34   33   33   35   36   39   39   40   39   39   38
   37   37   37   38   40   40   39   38   36
    52.5-180.0 180.0   5.0 450.0                            LAT/LON1/LON2/DLON/H
   41   40   40   40   41   43   45   48   50   53   55   57   59   61   63   65
   68   70   73   77   80   81   83   85   87   89   92   94   96   97   97   96
   94   91   88   85   83   81   80   79   78   77   75   72   68   65   62   59
   56   53   50   48   44   43   43   43   45   48   50   51   51   50   48   45
   43   41   41   42   44   43   43   42   41
    50.0-180.0 180.0   5.0 450.0                            LAT/LON1/LON2/DLON/H
   46   45   45   46   48   49   52   55   58   60   62   64   66   67   69   71
   72   75   78   81   83   86   87   89   91   94   97  100  103  104  104  102
   99   96   93   90   88   87   86   86   86   85   83   79   74   70   67   65
   64   63   61   59   56   54   53   54   56   58   60   62   62   61   57   53
   50   47   46   47   47   47   47   47   46
    47.5-180.0 180.0   5.0 450.0                            LAT/LON1/LON2/DLON/H
   52   51   50   51   53   55   58   62   65   68   70   71   73   75   75   76
   78   80   83   86   89   91   93   94   97  101  104  107  109  109  108  105
  102   99   96   95   94   94   94   95   95   94   91   87   81   77   74   72
   72   72   71   69   67   66   64   65   66   68   69   70   70   69   66   61
   58   55   53   52   52   52   52   52   52
    45.0-180.0 180.0   5.0 450.0                            LAT/LON1/LON2/DLON/H
   57   56   55   56   58   60   63   67   71   75   78   80   82   83   82   82
   83   86   89   93   96   98   99  102  105  108  111  112  113  111  109  105
  102   99   98   98   99  101  103  104  105  103   99   94   88   82   79   79
   79   80   79   78   76   75   74   74   74   74   74   75   75   74   71   68
   65   61   59   57   57   57   57   57   57
    42.5-180.0 180.0   5.0 450.0                            LAT/LON1/LON2/DLON/H
   61   59   59   60   61   63   67   72   77   82   86   90   91   91   90   90
   90   92   95   99  103  106  108  111  114  116  117  116  114  112  108  105
  101  100  100  103  106  109  112  114  114  111  107  101   94   89   86   85
   86   86   86   85   82   80   79   79   78   78   77   78   78   76   74   72
   69   66   64   63   62   63   63   62   61
    40.0-180.0 180.0   5.0 450.0                            LAT/LON1/LON2/DLON/H
   64   63   62   63   64   66   69   75   82   89   95   99  101  102  101   99
   98   99  102  106  109  113  117  120  123  124  122  119  116  112  108  105
  103  102  105  109  115  119  122  123  123  120  115  108  101   95   92   91
   90   91   90   88   85   82   81   80   79   78   77   77   77   77   75   73
   71   69   68   67   67   66   66   65   64
    37.5-180.0 180.0   5.0 450.0                            LAT/LON1/LON2/DLON/H
   64   64   64   64   65   66   70   76   85   95  103  109  113  113  112  110
  107  108  109  112  115  119  124  128  130  130  127  122  117  113  111  109
  109  110  114  120  127  131  134  134  132  129  124  117  108  100   95   92
   91   89   89   86   83   81   80   79   78   76   75   74   75   74   74   73
   71   71   70   69   68   68   67   66   64
    35.0-180.0 180.0   5.0 450.0                            LAT/LON1/LON2/DLON/H
   64   64   63   63   64   64   68   75   86   99  111  119  124  126  125  122
  119  117  117  118  121  125  130  134  136  136  132  126  121  118  119  120
  122  124  128  136  144  147  148  146  143  139  132  124  114  104   97   92
   89   86   84   82   80   79   78   77   76   74   72   72   72   72   72   71
   71   71   70   70   69   67   66   65   64
    32.5-180.0 180.0   5.0 450.0                            LAT/LON1/LON2/DLON/H
   61   61   61   61   61   62   65   74   87  102  116  127  133  137  137  134
  131  128  125  125  127  130  135  140  142  140  136  131  128  130  134  139
  142  145  149  156  164  166  164  160  155  149  140  131  119  108   99   92
   88   84   82   79   78   77   77   77   77   75   73   73   73   72   71   70
   70   70   70   69   68   66   64   62   61
    30.0-180.0 180.0   5.0 450.0                            LAT/LON1/LON2/DLON/H
   58   58   58   58   58   58   61   71   85  102  118  131  140  145  147  146
  142  138  135  133  133  136  139  144  146  145  141  139  140  145  155  164
  170  173  175  181  186  188  183  176  168  160  150  139  126  115  104   97
   92   88   85   82   81   79   79   79   80   80   78   77   77   76   74   71
   70   69   69   69   67   64   61   59   58
    27.5-180.0 180.0   5.0 450.0                            LAT/LON1/LON2/DLON/H
   55   55   56   55   54   54   57   67   81  100  117  132  143  150  154  154
  152  148  144  141  141  142  145  148  150  149  149  150  155  165  180  194
  202  204  204  206  209  208  202  192  182  172  161  149  136  124  115  108
  103   98   94   91   88   86   85   85   86   87   86   85   84   82   79   75
   72   71   70   69   67   63   58   56   55
    25.0-180.0 180.0   5.0 450.0                            LAT/LON1/LON2/DLON/H
   53   53   54   53   52   51   54   64   79   97  114  130  142  151  156  159
  158  156  152  150  150  151  152  154  156  157  159  164  173  188  207  224
  233  234  231  230  230  227  219  207  196  185  174  163  151  139  130  125
  119  114  110  105  101   97   95   94   95   96   97   95   94   90   86   82
   77   75   73   72   68   63   58   54   53
    22.5-180.0 180.0   5.0 450.0                            LAT/LON1/LON2/DLON/H
   53   53   54   54   52   51   53   63   77   94  111  126  138  149  156  161
  162  162  160  159  159  160  161  162  164  167  173  182  195  213  233  250
  259  259  254  250  246  242  233  221  210  199  190  182  173  162  152  145
  138  132  128  123  119  111  107  106  106  107  108  106  104  100   95   89
   84   80   77   75   70   65   58   54   53
    20.0-180.0 180.0   5.0 450.0                            LAT/LON1/LON2/DLON/H
   53   53   53   54   52   52   55   64   77   92  107  121  134  145  153  160
  164  166  167  168  168  170  170  171  172  179  189  202  218  236  257  272
  281  280  273  266  260  253  244  234  225  218  210  204  202  191  176  166
  159  153  149  146  140  129  123  120  118  119  120  118  116  111  105   98
   91   85   81   78   74   68   61   55   53
    17.5-180.0 180.0   5.0 450.0                            LAT/LON1/LON2/DLON/H
   55   53   53   53   53   53   57   66   80   93  107  119  130  141  151  159
  164  168  171  174  176  177  178  178  182  191  205  221  240  258  275  288
  295  294  285  276  269  261  253  245  241  239  236  226  228  215  198  184
  177  174  171  167  159  147  141  136  131  130  131  128  125  121  116  109
   99   91   87   82   78   72   65   59   55
    15.0-180.0 180.0   5.0 450.0                            LAT/LON1/LON2/DLON/H
   58   55   53   53   53   54   59   69   83   97  110  121  130  140  150  158
  164  169  174  179  182  183  184  185  192  205  222  241  260  275  288  297
  302  300  291  281  275  268  262  258  257  262  260  245  241  227  212  199
  193  190  186  182  173  164  158  151  145  141  139  135  131  127  123  117
  107   97   91   87   83   77   71   64   58
    12.5-180.0 180.0   5.0 450.0                            LAT/LON1/LON2/DLON/H
   62   57   55   54   54   55   61   72   86  101  114  126  135  143  152  160
  166  172  177  182  185  187  189  192  202  219  239  259  278  289  296  302
  304  301  293  285  280  276  273  272  274  283  278  260  247  233  220  209
  201  197  194  190  183  176  169  163  156  151  145  139  134  128  126  120
  112  101   95   90   86   82   75   68   62
    10.0-180.0 180.0   5.0 450.0                            LAT/LON1/LON2/DLON/H
   66   60   56   54   54   55   61   73   90  106  121  133  143  151  158  164
  170  175  180  184  187  189  192  199  213  232  255  275  291  299  302  303
  302  300  296  290  287  287  287  287  291  296  290  272  254  239  227  214
  204  198  195  193  188  182  177  172  167  160  152  142  135  130  126  121
  113  104   97   92   88   84   79   72   66
     7.5-180.0 180.0   5.0 450.0                            LAT/LON1/LON2/DLON/H
   69   63   58   55   53   54   61   74   91  111  127  141  152  161  167  172
  176  181  183  185  187  190  195  205  223  244  267  287  300  305  305  303
  303  304  302  300  301  304  305  304  306  305  296  281  263  247  232  216
  204  195  193  191  189  186  183  181  177  171  160  147  139  131  126  120
  112  103   97   92   88   84   80   75   69
     5.0-180.0 180.0   5.0 450.0                            LAT/LON1/LON2/DLON/H
   70   64   59   54   52   53   60   74   93  113  132  147  161  171  178  181
  184  187  188  187  188  191  198  213  233  255  278  296  307  310  308  305
  306  310  314  317  320  323  324  323  322  315  304  289  273  256  238  221
  204  192  189  188  188  188  188  188  186  180  168  152  142  134  127  119
  111  102   95   90   85   82   79   75   70
     2.5-180.0 180.0   5.0 450.0                            LAT/LON1/LON2/DLON/H
   69   64   59   54   51   52   59   74   94  114  134  151  167  180  188  192
  195  196  194  191  191  194  203  220  242  265  287  305  313  314  311  310
  313  321  329  336  340  343  344  342  337  327  314  297  280  265  245  226
  206  191  185  183  184  186  189  193  193  186  175  157  147  136  128  118
  109  100   93   87   83   79   76   74   69
