ionex_files/bejaia/igsg0770.21i
     1.0            IONOSPHERE MAPS     MIX                 IONEX VERSION / TYPE
cmpcmb v1.2          GRL/UWM             1-apr-21 10:18     PGM / RUN BY / DATE 
ionex file containing IGS COMBINED Ionosphere maps          COMMENT             
global ionosphere maps for day 077, 2021                    DESCRIPTION         
IONEX file containing the COMBINED IGS TEC MAPS and DCBs    DESCRIPTION         
      IONEX files of the following IAACs were combined: cod DESCRIPTION         
                                                        esa DESCRIPTION         
                                                        jpl DESCRIPTION         
                                                        upc DESCRIPTION         
Contact address: Andrzej Krankowski                         DESCRIPTION
                 Geodynamics Research Laboratory            DESCRIPTION
                 University of Warmia and Mazury (GRL/UWM)  DESCRIPTION
                 Oczapowski St. 1                           DESCRIPTION
                 10-957-Olsztyn, POLAND                     DESCRIPTION
                 e-mail:  kand@uwm.edu.pl                   DESCRIPTION
                                                            DESCRIPTION         
  2021     3    18     0     0     0                        EPOCH OF FIRST MAP  
  2021     3    19     0     0     0                        EPOCH OF LAST MAP   
  7200                                                      INTERVAL            
    13                                                      # OF MAPS IN FILE   
  COSZ                                                      MAPPING FUNCTION    
     0.0                                                    ELEVATION CUTOFF    
combined TEC calculated as weighted mean of input TEC valuesOBSERVABLES USED    
   372                                                      # OF STATIONS       
    32                                                      # OF SATELLITES     
  6371.0                                                    BASE RADIUS         
     2                                                      MAP DIMENSION       
   450.0 450.0   0.0                                        HGT1 / HGT2 / DHGT  
    87.5 -87.5  -2.5                                        LAT1 / LAT2 / DLAT  
  -180.0 180.0   5.0                                        LON1 / LON2 / DLON  
    -1                                                      EXPONENT            
TEC values in 0.1 tec units;  9999, if no value available   COMMENT             
DCB values in nanoseconds, reference is Sum_of_SatDCBs = 0  COMMENT             
                                                            END OF HEADER       
[from data line 3861]
    10                                                      START OF TEC MAP    
  2021     3    18    18     0     0                        EPOCH OF CURRENT MAP
    87.5-180.0 180.0   5.0 450.0                            LAT/LON1/LON2/DLON/H
   51   52   52   53   54   55   56   56   57   57   58   59   59   60   60   60
   61   61   61   61   61   61   60   61   60   60   59   59   59   58   57   57
   56   56   55   54   53   52   52   51   51   50   49   49   48   47   47   47
   46   46   45   45   45   45   44   44   44   44   44   45   45   45   46   46
   46   47   47   47   48   48   49   50   51
    85.0-180.0 180.0   5.0 450.0                            LAT/LON1/LON2/DLON/H
   49   51   52   54   55   57   59   60   61   63   64   65   66   67   68   68
   69   70   70   70   70   69   69   68   67   67   66   65   64   63   62   60
   59   57   56   54   53   52   51   49   48   48   46   45   45   44   43   41
   41   40   40   39   39   38   38   38   38   38   38   38   39   39   40   40
   40   41   42   43   44   45   47   48   49
    82.5-180.0 180.0   5.0 450.0                            LAT/LON1/LON2/DLON/H
   48   50   52   55   57   59   61   63   66   68   69   71   72   73   75   76
   77   77   78   78   77   76   75   74   74   72   71   70   68   66   64   62
   61   59   57   55   53   51   49   47   46   45   43   42   41   40   39   38
   37   36   35   34   33   33   32   32   32   32   32   33   33   34   34   34
   35   36   37   38   40   42   44   46   48
    80.0-180.0 180.0   5.0 450.0                            LAT/LON1/LON2/DLON/H
   45   48   50   54   56   60   62   65   68   70   73   75   77   79   80   81
   81   82   82   82   82   81   80   80   78   77   75   74   72   69   67   65
   62   60   57   55   53   51   48   46   45   43   41   40   38   37   36   35
   34   32   31   30   30   29   29   28   28   28   28   28   29   29   29   30
   30   31   33   34   35   38   40   42   45
    77.5-180.0 180.0   5.0 450.0                            LAT/LON1/LON2/DLON/H
   42   45   48   52   55   59   63   67   70   73   75   78   81   82   83   83
   85   86   86   86   85   85   86   84   82   79   78   76   74   72   69   66
   64   61   59   56   54   51   49   46   44   42   40   38   37   35   34   32
   32   30   29   28   27   26   26   25   25   25   25   25   26   25   25   26
   26   27   28   30   31   33   36   39   42
    75.0-180.0 180.0   5.0 450.0                            LAT/LON1/LON2/DLON/H
   39   42   46   51   55   59   63   66   69   73   75   78   80   82   85   86
   86   86   87   87   87   86   87   85   84   82   81   78   76   74   71   69
   66   63   61   58   56   52   50   47   45   43   40   37   36   34   32   31
   30   28   27   26   25   24   24   24   23   23   23   23   23   23   23   23
   24   24   25   26   28   30   32   35   39
    72.5-180.0 180.0   5.0 450.0                            LAT/LON1/LON2/DLON/H
   36   41   45   49   54   58   61   65   68   72   75   77   80   82   84   85
   86   87   88   88   88   87   88   87   86   84   83   81   78   76   73   71
   68   66   63   60   58   55   52   49   46   43   40   37   35   33   32   30
   29   27   26   25   24   23   23   22   22   22   22   21   21   21   21   20
   21   22   22   23   24   27   29   32   36
    70.0-180.0 180.0   5.0 450.0                            LAT/LON1/LON2/DLON/H
   35   39   44   49   53   58   61   65   68   71   74   77   79   81   83   85
   86   88   89   89   89   89   89   88   87   85   84   82   80   77   76   74
   72   69   66   64   61   57   54   51   47   44   41   38   35   33   31   29
   28   26   25   24   23   23   22   22   21   20   20   20   19   19   18   18
   19   20   20   21   22   24   27   30   35
    67.5-180.0 180.0   5.0 450.0                            LAT/LON1/LON2/DLON/H
   34   39   44   49   54   59   62   65   68   71   74   77   79   81   83   85
   86   88   89   91   90   91   90   90   89   87   85   83   81   80   79   77
   75   73   71   68   64   60   56   52   48   45   41   38   36   33   31   29
   27   26   25   24   23   23   22   21   21   20   19   19   18   17   17   17
   17   18   18   19   21   23   26   30   34
    65.0-180.0 180.0   5.0 450.0                            LAT/LON1/LON2/DLON/H
   35   41   46   51   56   61   64   67   70   72   75   77   79   82   84   85
   87   89   91   92   91   93   93   92   91   89   87   85   84   83   82   81
   79   77   74   70   66   62   57   53   49   46   42   40   37   35   32   29
   27   26   26   25   24   23   23   22   21   20   19   18   17   16   16   16
   17   17   18   19   21   24   27   31   35
    62.5-180.0 180.0   5.0 450.0                            LAT/LON1/LON2/DLON/H
   37   43   49   54   60   64   67   70   73   75   77   79   82   84   86   87
   89   91   93   94   94   95   95   94   93   91   89   88   86   86   85   84
   83   80   76   72   67   63   59   54   51   47   44   41   39   36   33   30
   29   28   28   27   26   26   25   24   22   21   20   19   18   17   17   17
   18   19   20   21   23   25   29   33   37
    60.0-180.0 180.0   5.0 450.0                            LAT/LON1/LON2/DLON/H
   41   46   52   58   64   68   72   74   76   78   81   83   85   88   90   91
   92   93   95   96   97   98   98   97   95   93   91   90   89   89   88   87
   86   83   78   73   68   64   59   56   53   49   47   44   41   39   37   35
   33   32   31   30   29   29   28   27   25   24   23   22   21   21   20   21
   21   22   23   25   27   29   32   36   41
    57.5-180.0 180.0   5.0 450.0                            LAT/LON1/LON2/DLON/H
   46   51   57   62   68   73   76   78   80   83   85   88   90   92   93   94
   95   96   97   98   99  100  100   99   97   96   94   93   92   92   91   90
   88   84   79   74   69   65   61   58   56   53   51   49   46   44   42   40
   39   38   36   35   34   33   32   31   30   29   28   28   28   27   27   26
   26   27   28   30   33   35   37   41   46
    55.0-180.0 180.0   5.0 450.0                            LAT/LON1/LON2/DLON/H
   51   56   62   68   74   79   81   84   85   87   90   93   94   96   97   98
   99   99   99  100  101  101  101  100  100   99   97   97   96   96   95   93
   90   86   81   76   71   67   65   62   60   58   56   54   53   51   49   47
   45   43   43   41   40   38   37   37   36   36   35   36   36   36   35   35
   34   34   35   36   39   41   43   46   51
    52.5-180.0 180.0   5.0 450.0                            LAT/LON1/LON2/DLON/H
   56   61   68   74   80   84   87   89   91   93   95   97   99  101  101  101
  102  101  102  101  102  102  103  102  102  101  101  102  101  100   99   97
   93   88   83   79   75   72   70   68   66   64   63   61   60   58   56   54
   52   51   51   49   47   45   44   43   43   43   43   44   44   45   44   44
   43   42   42   44   46   48   49   52   56
    50.0-180.0 180.0   5.0 450.0                            LAT/LON1/LON2/DLON/H
   62   68   74   80   86   91   94   95   96   98  100  102  103  104  104  104
  104  104  104  103  103  104  104  104  105  105  106  106  106  105  103  101
   97   92   88   84   81   79   77   75   73   71   69   68   67   65   63   61
   60   59   58   56   54   51   50   49   49   50   51   52   53   53   53   53
   52   51   51   51   52   53   54   57   62
    47.5-180.0 180.0   5.0 450.0                            LAT/LON1/LON2/DLON/H
   67   73   79   86   92   97  100  100  102  104  106  107  107  108  107  107
  107  107  107  107  106  106  107  108  109  111  112  113  112  111  108  105
  102   98   94   91   88   87   86   83   80   77   76   74   73   71   69   69
   68   68   66   63   60   58   57   56   55   57   57   58   59   60   61   61
   61   60   59   59   58   58   59   61   67
    45.0-180.0 180.0   5.0 450.0                            LAT/LON1/LON2/DLON/H
   70   76   83   91   97  102  104  106  108  110  111  112  111  111  110  111
  111  112  112  112  111  112  113  114  116  118  119  119  118  116  113  110
  106  103  101   99   98   97   95   91   87   83   80   79   78   76   76   76
   76   76   74   71   68   65   63   62   61   62   62   63   64   66   67   67
   68   67   66   64   63   63   64   66   70
    42.5-180.0 180.0   5.0 450.0                            LAT/LON1/LON2/DLON/H
   71   77   85   93  101  106  109  111  114  116  116  116  115  115  114  115
  116  118  119  119  118  119  120  122  125  126  126  125  123  120  117  115
  111  110  109  108  109  108  104   99   93   87   84   83   82   82   82   83
   83   83   81   79   76   72   70   67   66   66   65   65   67   69   70   71
   72   72   70   69   68   66   67   69   71
    40.0-180.0 180.0   5.0 450.0                            LAT/LON1/LON2/DLON/H
   72   78   86   95  102  108  112  115  118  120  122  121  120  118  118  120
  122  125  126  126  127  127  129  132  133  134  132  130  127  124  122  120
  119  118  118  118  119  118  113  105   97   90   86   85   87   87   88   88
   89   89   88   86   82   78   75   72   70   69   67   66   67   69   71   74
   75   74   73   72   70   68   68   69   72
    37.5-180.0 180.0   5.0 450.0                            LAT/LON1/LON2/DLON/H
   70   77   85   94  103  109  113  117  121  125  127  126  124  123  123  125
  128  131  133  134  135  136  137  140  141  141  139  136  132  130  129  129
  129  128  129  130  130  128  121  111  101   94   90   89   90   90   90   91
   92   92   92   90   86   82   79   76   73   70   67   66   66   69   72   74
   75   75   74   73   71   68   66   68   70
    35.0-180.0 180.0   5.0 450.0                            LAT/LON1/LON2/DLON/H
   67   74   83   93  101  109  114  119  125  130  132  132  130  129  129  131
  134  138  140  141  142  143  145  147  147  146  143  140  138  138  140  141
  141  141  142  142  142  137  129  117  105   97   93   92   92   92   92   91
   92   92   92   91   87   83   80   77   75   71   67   65   66   68   71   74
   75   74   73   72   69   66   64   64   67
    32.5-180.0 180.0   5.0 450.0                            LAT/LON1/LON2/DLON/H
   63   70   80   91  100  108  114  121  127  133  138  138  137  135  135  136
  139  142  144  146  147  148  150  150  151  149  147  146  147  150  154  157
  159  159  158  157  153  147  138  123  111  101   97   95   94   93   91   90
   90   90   90   88   85   82   80   78   76   72   69   67   68   69   72   74
   74   73   71   68   66   63   60   60   63
    30.0-180.0 180.0   5.0 450.0                            LAT/LON1/LON2/DLON/H
   59   67   79   91  100  109  115  122  130  138  142  145  145  143  142  143
  144  146  147  149  149  150  151  151  152  152  152  154  159  166  174  179
  182  180  177  172  165  157  144  130  116  106  101   98   96   94   91   87
   87   87   87   85   82   80   79   78   77   75   73   72   72   74   75   76
   74   71   68   65   62   60   57   56   59
    27.5-180.0 180.0   5.0 450.0                            LAT/LON1/LON2/DLON/H
   57   66   78   90  101  110  117  124  133  141  148  152  153  153  151  151
  151  151  151  151  150  150  150  151  154  158  161  168  177  188  199  206
  208  204  197  188  177  165  151  136  123  112  106  101   98   94   89   86
   84   85   84   82   79   77   77   78   79   80   79   80   81   82   81   80
   76   69   64   61   59   56   54   53   57
    25.0-180.0 180.0   5.0 450.0                            LAT/LON1/LON2/DLON/H
   56   66   79   92  103  112  120  127  136  145  155  160  164  165  164  163
  161  159  157  155  152  151  150  153  159  168  177  188  200  214  227  236
  237  230  220  207  191  175  159  143  128  117  110  105  100   95   90   85
   83   84   82   79   77   76   77   79   82   86   88   91   92   92   90   86
   78   69   62   58   56   54   51   51   56
    22.5-180.0 180.0   5.0 450.0                            LAT/LON1/LON2/DLON/H
   56   67   83   97  107  116  125  132  141  151  162  170  176  181  180  179
  176  173  168  163  157  154  153  158  169  184  198  214  229  243  258  267
  266  256  243  227  207  187  168  151  135  122  116  111  105   99   92   86
   84   84   82   79   77   77   79   82   87   92   97  101  103  102   98   90
   80   70   61   57   55   53   51   51   56
    20.0-180.0 180.0   5.0 450.0                            LAT/LON1/LON2/DLON/H
   59   71   88  103  114  123  131  139  148  159  172  182  190  198  201  200
  197  193  185  177  167  162  162  170  185  206  225  244  260  274  287  294
  293  280  264  246  224  201  178  160  142  129  122  118  113  105   97   90
   88   87   85   81   80   80   83   87   92   98  105  111  112  109  102   93
   82   71   62   58   56   54   53   53   59
    17.5-180.0 180.0   5.0 450.0                            LAT/LON1/LON2/DLON/H
   63   75   92  109  121  130  138  146  156  169  181  194  206  216  223  225
  223  218  209  196  183  175  176  187  207  233  255  275  290  302  312  318
  314  297  280  260  235  212  190  171  151  138  131  127  121  113  104   97
   95   94   90   87   85   85   88   93   98  104  111  118  119  114  105   93
   81   71   63   60   59   58   57   58   63
    15.0-180.0 180.0   5.0 450.0                            LAT/LON1/LON2/DLON/H
   67   79   96  113  126  136  144  153  164  177  191  206  222  236  246  252
  252  247  237  219  203  193  194  208  232  262  286  304  316  324  330  332
  324  307  288  266  244  222  202  182  162  149  141  136  130  122  114  108
  104  103  100   95   92   92   96  101  106  111  116  121  121  115  105   92
   80   71   65   63   62   62   61   62   67
    12.5-180.0 180.0   5.0 450.0                            LAT/LON1/LON2/DLON/H
   71   82   98  116  130  140  149  159  172  186  201  218  237  257  270  279
  280  276  265  246  226  215  218  233  258  289  313  328  335  337  337  335
  325  309  289  270  251  231  212  192  173  160  152  147  140  132  126  121
  117  114  111  105  102  102  106  111  114  117  119  121  120  114  103   89
   78   70   66   65   66   66   65   66   71
    10.0-180.0 180.0   5.0 450.0                            LAT/LON1/LON2/DLON/H
   74   84  100  118  132  144  155  166  180  195  211  230  251  274  291  302
  305  302  291  272  250  240  244  260  285  312  334  343  345  341  337  330
  319  304  287  271  257  240  222  203  186  174  166  159  151  145  139  133
  128  125  120  115  112  113  117  120  122  122  120  120  119  112  100   87
   76   70   68   68   68   69   69   69   74
     7.5-180.0 180.0   5.0 450.0                            LAT/LON1/LON2/DLON/H
   76   85  101  118  135  149  161  175  189  204  221  240  261  286  305  319
  324  323  312  294  275  266  270  287  309  331  347  350  347  340  332  323
  311  297  283  270  260  248  234  217  201  188  181  172  163  156  149  143
  137  131  126  121  119  121  126  128  128  124  121  119  116  110   99   86
   76   71   69   68   70   70   71   72   76
     5.0-180.0 180.0   5.0 450.0                            LAT/LON1/LON2/DLON/H
   76   86  101  120  137  154  169  184  200  216  231  249  270  293  314  329
  335  336  326  311  296  289  295  313  332  347  354  351  344  335  326  316
  303  290  278  268  262  255  245  230  215  203  195  187  175  165  157  147
  138  131  125  122  121  125  131  132  130  125  119  116  113  107   98   87
   78   72   69   68   69   71   71   72   76
     2.5-180.0 180.0   5.0 450.0                            LAT/LON1/LON2/DLON/H
   76   85  101  120  140  159  177  194  212  227  241  257  276  296  315  330
  337  338  331  321  311  309  316  332  349  358  357  348  340  331  322  311
  299  285  274  267  263  260  254  242  227  215  206  196  184  172  159  145
  133  124  119  116  118  124  130  131  129  123  116  112  109  105   97   88
   80   73   69   67   67   69   69   70   76
