ionex_files/bejaia/igsg0640.21i
     1.0            IONOSPHERE MAPS     MIX                 IONEX VERSION / TYPE
cmpcmb v1.2          GRL/UWM            18-mar-21 04:01     PGM / RUN BY / DATE 
ionex file containing IGS COMBINED Ionosphere maps          COMMENT             
global ionosphere maps for day 064, 2021                    DESCRIPTION         
IONEX file containing the COMBINED IGS TEC MAPS and DCBs    DESCRIPTION         
      IONEX files of the following IAACs were combined: cod DESCRIPTION         
                                                        esa DESCRIPTION         
                                                        jpl DESCRIPTION         
                                                        upc DESCRIPTION         
Contact address: Andrzej Krankowski                         DESCRIPTION
                 Geodynamics Research Laboratory            DESCRIPTION
                 University of Warmia and Mazury (GRL/UWM)  DESCRIPTION
                 Oczapowski St. 1                           DESCRIPTION
                 10-957-Olsztyn, POLAND                     DESCRIPTION
                 e-mail:  kand@uwm.edu.pl                   DESCRIPTION
                                                            DESCRIPTION         
  2021     3     5     0     0     0                        EPOCH OF FIRST MAP  
  2021     3     6     0     0     0                        EPOCH OF LAST MAP   
  7200                                                      INTERVAL            
    13                                                      # OF MAPS IN FILE   
  COSZ                                                      MAPPING FUNCTION    
     0.0                                                    ELEVATION CUTOFF    
combined TEC calculated as weighted mean of input TEC valuesOBSERVABLES USED    
   374                                                      # OF STATIONS       
    32                                                      # OF SATELLITES     
  6371.0                                                    BASE RADIUS         
     2                                                      MAP DIMENSION       
   450.0 450.0   0.0                                        HGT1 / HGT2 / DHGT  
    87.5 -87.5  -2.5                                        LAT1 / LAT2 / DLAT  
  -180.0 180.0   5.0                                        LON1 / LON2 / DLON  
    -1                                                      EXPONENT            
TEC values in 0.1 tec units;  9999, if no value available   COMMENT             
DCB values in nanoseconds, reference is Sum_of_SatDCBs = 0  COMMENT             
                                                            END OF HEADER       
[from data line 2145]
     6                                                      START OF TEC MAP    
  2021     3     5    10     0     0                        EPOCH OF CURRENT MAP
    87.5-180.0 180.0   5.0 450.0                            LAT/LON1/LON2/DLON/H
   59   60   60   60   60   60   61   61   61   61   61   60   60   60   59   59
   59   59   59   59   59   59   59   59   59   59   59   59   59   59   59   59
   59   59   59   59   59   59   59   59   59   59   59   59   59   59   58   58
   58   58   58   58   58   57   57   57   57   57   57   57   57   57   57   57
   57   58   58   58   59   59   59   59   59
    85.0-180.0 180.0   5.0 450.0                            LAT/LON1/LON2/DLON/H
   57   58   59   59   60   60   60   60   60   60   59   59   58   57   56   55
   55   54   53   53   52   52   52   52   52   53   52   53   53   54   55   55
   56   57   57   57   58   58   58   58   58   58   58   58   57   56   56   55
   55   54   53   53   53   52   52   51   51   51   51   50   50   51   50   51
   51   51   52   53   54   54   56   56   57
    82.5-180.0 180.0   5.0 450.0                            LAT/LON1/LON2/DLON/H
   53   54   55   56   57   57   58   58   57   57   55   54   52   51   49   48
   46   45   44   43   43   43   43   43   44   44   45   46   47   49   50   52
   53   54   55   56   57   58   58   58   58   58   57   56   56   55   54   53
   53   51   50   49   48   48   47   46   45   44   44   43   43   42   42   42
   43   43   44   45   47   48   49   51   53
    80.0-180.0 180.0   5.0 450.0                            LAT/LON1/LON2/DLON/H
   46   48   50   52   53   54   55   55   54   53   51   49   46   43   41   38
   37   35   34   33   33   34   34   35   36   37   39   40   42   44   46   48
   50   52   54   55   56   57   58   58   58   58   57   57   56   55   54   53
   52   51   49   48   47   46   44   43   41   40   39   37   36   35   34   34
   34   34   35   37   38   40   42   44   46
    77.5-180.0 180.0   5.0 450.0                            LAT/LON1/LON2/DLON/H
   39   42   45   47   49   50   51   51   49   48   45   42   39   35   32   30
   29   28   27   27   26   28   28   29   31   32   34   36   39   41   44   47
   49   51   53   55   57   58   59   59   59   59   59   58   57   57   56   55
   54   54   53   51   50   49   47   45   43   41   39   36   34   32   30   29
   28   28   28   28   30   32   34   36   39
    75.0-180.0 180.0   5.0 450.0                            LAT/LON1/LON2/DLON/H
   32   35   38   41   44   45   46   46   45   44   41   38   34   31   29   26
   24   23   22   23   23   24   27   28   30   31   33   35   38   40   42   45
   48   51   53   55   57   58   60   61   61   61   60   60   60   60   60   59
   59   59   59   58   57   56   54   52   49   46   43   40   37   34   30   28
   25   24   23   23   24   26   27   29   32
    72.5-180.0 180.0   5.0 450.0                            LAT/LON1/LON2/DLON/H
   26   29   33   36   39   40   42   42   41   41   38   35   32   29   26   25
   23   22   23   23   23   25   28   30   32   33   35   37   39   41   43   45
   48   51   53   55   57   58   60   62   63   63   63   63   64   65   65   66
   66   67   67   67   66   65   63   61   58   55   52   48   44   39   34   31
   27   25   22   21   21   21   22   24   26
    70.0-180.0 180.0   5.0 450.0                            LAT/LON1/LON2/DLON/H
   23   25   28   31   34   36   38   39   39   38   36   34   32   28   27   25
   24   25   25   26   27   30   33   34   35   37   38   40   42   43   45   48
   49   52   54   56   58   59   61   63   64   65   65   66   67   68   70   71
   72   73   74   75   74   74   72   70   67   64   60   56   51   46   41   36
   32   29   26   23   22   21   21   22   23
    67.5-180.0 180.0   5.0 450.0                            LAT/LON1/LON2/DLON/H
   21   23   24   27   29   32   34   36   36   36   35   33   32   29   28   27
   28   29   30   31   32   35   37   38   39   40   41   42   43   45   47   49
   51   53   55   57   58   60   61   62   64   65   67   68   70   72   74   75
   77   79   80   81   80   79   78   76   73   70   66   62   58   53   48   43
   38   34   31   28   26   23   22   21   21
    65.0-180.0 180.0   5.0 450.0                            LAT/LON1/LON2/DLON/H
   22   22   23   24   26   28   30   32   33   33   32   32   31   30   29   30
   31   33   33   34   36   37   39   39   40   40   41   41   43   45   47   49
   52   54   56   58   59   61   62   63   64   66   67   69   71   74   76   78
   80   81   82   82   82   81   80   78   76   73   70   66   61   57   52   48
   44   40   37   34   31   28   26   24   22
    62.5-180.0 180.0   5.0 450.0                            LAT/LON1/LON2/DLON/H
   25   24   23   23   24   26   27   28   29   30   29   30   29   30   30   31
   32   34   34   35   35   36   37   37   37   38   38   40   42   44   47   49
   53   55   57   59   60   62   63   64   66   67   69   71   73   75   78   79
   81   82   82   82   81   80   79   77   75   73   70   67   64   60   56   51
   47   44   41   39   36   33   30   28   25
    60.0-180.0 180.0   5.0 450.0                            LAT/LON1/LON2/DLON/H
   30   28   26   25   24   25   26   25   25   25   25   26   27   28   29   30
   30   32   32   32   32   33   33   32   33   33   35   38   40   44   47   51
   54   57   59   61   63   64   65   66   68   69   71   73   75   77   79   80
   81   81   81   80   79   78   76   75   74   72   70   67   64   60   56   52
   49   46   44   42   40   38   35   33   30
    57.5-180.0 180.0   5.0 450.0                            LAT/LON1/LON2/DLON/H
   35   33   30   28   27   26   26   25   24   22   22   22   23   24   26   27
   27   28   28   28   27   26   27   27   28   29   32   36   40   45   49   53
   57   60   62   65   67   68   69   71   72   73   75   76   78   80   82   83
   83   82   81   80   79   77   76   75   74   72   70   68   65   61   58   54
   51   47   46   45   44   43   40   38   35
    55.0-180.0 180.0   5.0 450.0                            LAT/LON1/LON2/DLON/H
   40   38   36   34   32   30   29   26   24   21   20   20   19   21   22   22
   23   23   22   21   21   20   21   22   23   26   31   36   42   48   53   57
   60   64   67   69   71   73   75   77   78   79   81   82   84   86   87   88
   87   86   85   83   82   81   79   79   77   76   75   72   69   64   60   56
   51   48   48   47   47   46   45   43   40
    52.5-180.0 180.0   5.0 450.0                            LAT/LON1/LON2/DLON/H
   46   44   42   41   39   37   35   30   27   23   21   19   18   19   19   19
   20   19   18   17   17   16   16   18   22   26   32   39   46   52   57   62
   65   68   71   74   77   80   82   84   86   87   89   90   91   93   94   94
   94   93   92   90   88   87   86   85   84   83   82   78   75   70   65   60
   54   51   50   50   50   49   49   47   46
    50.0-180.0 180.0   5.0 450.0                            LAT/LON1/LON2/DLON/H
   50   50   49   48   47   45   43   37   33   29   24   21   20   19   19   19
   19   18   18   17   16   16   16   19   23   28   36   44   51   58   63   68
   71   73   76   80   83   87   90   93   95   96   98   99  100  102  102  103
  102  101  100   98   96   95   94   94   93   93   91   87   82   77   71   65
   60   56   54   54   53   53   52   51   50
    47.5-180.0 180.0   5.0 450.0                            LAT/LON1/LON2/DLON/H
   54   55   56   55   55   54   51   46   42   37   32   28   25   23   22   22
   22   22   21   21   20   20   20   23   28   34   42   50   58   64   69   72
   75   77   81   85   90   94   98  102  104  106  107  108  109  111  111  112
  111  110  108  106  104  103  103  103  103  102  100   95   91   85   78   72
   66   62   60   58   57   56   55   54   54
    45.0-180.0 180.0   5.0 450.0                            LAT/LON1/LON2/DLON/H
   58   59   60   61   61   61   60   55   51   47   42   37   34   31   29   28
   28   28   28   29   28   28   28   31   35   42   50   57   65   70   73   76
   78   81   85   89   95  100  105  109  113  116  116  117  118  119  119  119
  119  117  115  112  110  109  109  109  109  108  106  101   97   92   86   80
   74   70   66   64   62   60   58   57   58
    42.5-180.0 180.0   5.0 450.0                            LAT/LON1/LON2/DLON/H
   60   61   62   64   65   66   66   63   61   58   53   48   45   41   39   38
   37   37   38   38   38   38   37   38   42   49   56   63   69   73   76   79
   81   85   89   94  100  106  112  117  121  123  124  125  126  127  127  127
  126  124  120  117  114  112  112  112  111  110  108  104  100   96   91   85
   81   76   73   70   68   65   63   61   60
    40.0-180.0 180.0   5.0 450.0                            LAT/LON1/LON2/DLON/H
   62   62   63   65   67   68   70   69   68   67   64   59   56   53   50   49
   48   48   48   49   48   47   45   45   48   54   61   67   73   77   79   81
   84   88   94   99  105  111  118  123  127  131  132  133  135  136  136  135
  133  129  124  120  116  113  111  111  111  109  106  103  100   98   93   88
   84   80   78   75   72   69   66   63   62
    37.5-180.0 180.0   5.0 450.0                            LAT/LON1/LON2/DLON/H
   62   62   62   64   66   68   70   72   74   75   74   71   68   65   62   60
   59   58   58   58   57   56   52   50   52   57   64   70   75   79   81   83
   86   92   97  103  109  116  123  129  134  138  141  143  145  146  146  144
  141  136  130  124  119  115  113  112  111  109  106  102   99   97   94   89
   86   82   79   77   73   71   67   64   62
    35.0-180.0 180.0   5.0 450.0                            LAT/LON1/LON2/DLON/H
   61   60   60   61   63   66   69   72   75   79   81   80   78   76   73   71
   68   67   66   66   64   61   57   54   54   58   65   72   78   81   83   86
   90   96  102  108  116  122  130  137  144  148  152  155  158  159  158  157
  154  148  141  134  129  123  120  119  118  115  110  106  102   99   96   91
   86   83   81   77   74   71   67   64   61
    32.5-180.0 180.0   5.0 450.0                            LAT/LON1/LON2/DLON/H
   60   58   57   57   58   61   64   68   73   79   84   86   86   85   82   79
   76   73   71   71   68   64   59   54   54   58   66   74   80   83   86   89
   94  101  108  116  124  132  141  149  156  161  167  172  174  175  177  177
  173  167  161  154  148  143  139  138  136  131  125  118  112  106  101   94
   89   85   82   77   73   70   66   62   60
    30.0-180.0 180.0   5.0 450.0                            LAT/LON1/LON2/DLON/H
   58   55   53   52   53   55   58   62   68   75   84   88   91   91   89   85
   81   77   74   72   69   64   59   54   54   58   67   76   83   86   89   93
  100  108  117  126  135  145  155  165  173  177  184  192  198  199  201  203
  200  198  190  185  179  175  172  170  168  161  152  142  131  121  112  104
   96   91   86   79   74   69   65   61   58
    27.5-180.0 180.0   5.0 450.0                            LAT/LON1/LON2/DLON/H
   57   54   51   49   48   50   52   56   62   70   80   87   91   92   92   88
   83   79   75   72   68   64   59   55   54   60   69   79   86   90   94   98
  106  116  127  137  148  159  172  183  192  198  206  216  224  227  233  239
  240  236  229  225  221  218  215  214  209  202  190  175  161  146  131  120
  111  104   95   86   78   71   66   61   57
    25.0-180.0 180.0   5.0 450.0                            LAT/LON1/LON2/DLON/H
   59   55   51   48   47   46   48   51   56   63   74   83   88   91   91   88
   83   78   74   71   68   63   59   56   56   62   71   82   90   95   99  103
  113  124  137  151  164  178  191  204  215  223  230  241  252  263  274  278
  282  281  273  270  267  265  263  262  257  248  234  217  198  179  160  145
  132  122  111   98   86   76   69   64   59
    22.5-180.0 180.0   5.0 450.0                            LAT/LON1/LON2/DLON/H
   64   59   54   50   48   46   47   48   52   58   68   76   83   87   87   84
   80   76   73   70   66   63   60   58   58   64   73   85   94   99  103  109
  119  133  148  164  181  198  212  225  236  245  252  264  282  295  312  318
  321  319  314  313  310  308  306  308  302  293  279  261  240  219  197  177
  160  146  131  115  100   87   77   70   64
    20.0-180.0 180.0   5.0 450.0                            LAT/LON1/LON2/DLON/H
   73   66   59   55   52   49   48   49   50   54   61   69   76   79   81   79
   76   73   70   67   65   62   60   59   60   66   75   86   96  103  108  115
  127  142  159  178  198  217  232  245  256  264  272  287  304  325  337  342
  344  343  342  344  343  341  338  342  338  329  317  302  282  262  238  213
  194  175  156  138  120  103   90   80   73
    17.5-180.0 180.0   5.0 450.0                            LAT/LON1/LON2/DLON/H
   86   76   68   62   58   54   52   51   51   53   57   62   66   71   72   72
   70   67   66   64   62   60   59   59   60   66   75   87   97  105  112  120
  133  150  170  192  211  231  247  262  270  279  287  300  321  338  346  351
  351  352  354  360  362  357  355  356  355  349  340  331  316  297  274  249
  225  203  186  164  144  124  108   96   86
    15.0-180.0 180.0   5.0 450.0                            LAT/LON1/LON2/DLON/H
  102   90   79   71   66   62   58   55   53   53   55   57   60   62   64   64
   63   62   62   61   60   58   58   57   58   64   74   86   98  108  116  126
  140  158  179  200  222  241  258  272  285  292  298  308  324  337  344  347
  347  349  352  358  358  356  353  351  352  351  347  342  332  315  296  275
  250  228  208  187  168  147  129  115  102
    12.5-180.0 180.0   5.0 450.0                            LAT/LON1/LON2/DLON/H
  120  106   94   84   76   70   66   62   58   56   55   56   56   57   57   57
   57   58   58   57   56   56   55   55   56   62   73   87   99  110  120  132
  147  166  187  208  229  248  265  280  294  301  305  312  321  330  335  338
  338  339  340  343  342  341  336  333  336  340  340  339  332  319  303  282
  260  241  223  205  187  166  150  134  120
    10.0-180.0 180.0   5.0 450.0                            LAT/LON1/LON2/DLON/H
  135  123  111   99   89   81   75   71   65   61   59   57   55   53   53   53
   53   54   55   54   53   52   52   51   53   60   72   87  101  113  124  136
  152  172  193  213  232  250  268  285  299  306  309  314  319  324  327  329
  330  330  329  328  327  325  320  316  318  322  325  325  321  311  296  276
  255  238  226  211  197  180  164  149  135
     7.5-180.0 180.0   5.0 450.0                            LAT/LON1/LON2/DLON/H
  149  138  126  114  102   93   87   81   74   69   64   60   57   53   52   51
   50   51   52   51   50   49   49   48   51   58   72   87  102  115  127  140
  157  176  197  215  233  250  269  288  301  309  314  318  321  324  326  329
  329  329  328  326  323  319  313  307  305  306  308  309  306  297  282  262
  242  225  216  206  198  187  174  160  149
     5.0-180.0 180.0   5.0 450.0                            LAT/LON1/LON2/DLON/H
  157  148  139  127  117  105   98   90   84   77   72   66   60   56   53   51
   50   50   50   49   48   47   47   46   49   58   72   88  104  117  129  143
  160  178  197  214  230  249  269  287  303  312  318  323  327  331  335  339
  342  341  339  336  331  325  315  306  300  297  296  294  290  280  265  245
  225  209  200  195  191  185  176  166  157
     2.5-180.0 180.0   5.0 450.0                            LAT/LON1/LON2/DLON/H
  158  153  146  137  126  116  109  100   94   87   80   73   66   60   55   53
   51   50   49   48   47   46   45   46   50   59   74   91  106  119  131  145
  160  178  195  211  226  244  265  286  304  316  325  332  337  344  353  359
  363  363  359  353  347  339  327  315  305  297  291  286  278  265  249  227
  208  193  184  179  179  176  171  164  158
