ionex_files/bejaia/igsg0710.21i
     1.0            IONOSPHERE MAPS     MIX                 IONEX VERSION / TYPE
cmpcmb v1.2          GRL/UWM             1-apr-21 08:04     PGM / RUN BY / DATE 
ionex file containing IGS COMBINED Ionosphere maps          COMMENT             
global ionosphere maps for day 071, 2021                    DESCRIPTION         
IONEX file containing the COMBINED IGS TEC MAPS and DCBs    DESCRIPTION         
      IONEX files of the following IAACs were combined: cod DESCRIPTION         
                                                        esa DESCRIPTION         
                                                        jpl DESCRIPTION         
                                                        upc DESCRIPTION         
Contact address: Andrzej Krankowski                         DESCRIPTION
                 Geodynamics Research Laboratory            DESCRIPTION
                 University of Warmia and Mazury (GRL/UWM)  DESCRIPTION
                 Oczapowski St. 1                           DESCRIPTION
                 10-957-Olsztyn, POLAND                     DESCRIPTION
                 e-mail:  kand@uwm.edu.pl                   DESCRIPTION
                                                            DESCRIPTION         
  2021     3    12     0     0     0                        EPOCH OF FIRST MAP  
  2021     3    13     0     0     0                        EPOCH OF LAST MAP   
  7200                                                      INTERVAL            
    13                                                      # OF MAPS IN FILE   
  COSZ                                                      MAPPING FUNCTION    
     0.0                                                    ELEVATION CUTOFF    
combined TEC calculated as weighted mean of input TEC valuesOBSERVABLES USED    
   372                                                      # OF STATIONS       
    32                                                      # OF SATELLITES     
  6371.0                                                    BASE RADIUS         
     2                                                      MAP DIMENSION       
   450.0 450.0   0.0                                        HGT1 / HGT2 / DHGT  
    87.5 -87.5  -2.5                                        LAT1 / LAT2 / DLAT  
  -180.0 180.0   5.0                                        LON1 / LON2 / DLON  
    -1                                                      EXPONENT            
TEC values in 0.1 tec units;  9999, if no value available   COMMENT             
DCB values in nanoseconds, reference is Sum_of_SatDCBs = 0  COMMENT             
                                                            END OF HEADER       
[from data line 429]
     2                                                      START OF TEC MAP    
  2021     3    12     2     0     0                        EPOCH OF CURRENT MAP
    87.5-180.0 180.0   5.0 450.0                            LAT/LON1/LON2/DLON/H
   56   56   57   57   57   57   57   57   57   57   56   56   55   55   55   54
   53   53   52   51   50   49   48   47   46   46   45   45   44   44   43   43
   43   42   42   42   42   41   41   42   42   41   41   42   42   42   42   42
   43   43   44   44   45   45   45   46   46   47   48   49   49   49   50   51
   52   52   53   53   54   55   55   56   56
    85.0-180.0 180.0   5.0 450.0                            LAT/LON1/LON2/DLON/H
   62   62   63   64   64   64   65   64   64   63   63   63   62   61   60   59
   58   56   54   53   51   50   48   46   45   44   43   41   41   40   39   38
   37   37   37   36   36   36   36   36   36   37   37   37   38   38   39   39
   40   40   41   41   42   43   43   45   46   47   47   48   49   50   51   52
   53   54   56   57   58   59   60   61   62
    82.5-180.0 180.0   5.0 450.0                            LAT/LON1/LON2/DLON/H
   66   67   68   69   69   69   69   70   69   69   68   67   65   65   63   61
   58   57   55   53   51   48   46   44   42   41   38   36   35   34   33   32
   32   31   31   31   31   31   32   32   32   32   33   34   35   35   36   37
   38   39   40   40   41   42   43   44   45   46   48   49   50   51   52   54
   55   57   58   59   61   62   63   64   66
    80.0-180.0 180.0   5.0 450.0                            LAT/LON1/LON2/DLON/H
   69   70   71   72   72   72   72   72   71   70   69   68   66   65   63   61
   58   56   53   51   49   45   43   40   38   36   34   32   31   30   29   28
   27   27   27   27   27   28   29   30   30   31   31   32   33   33   34   35
   37   38   39   40   41   42   44   45   47   49   50   51   53   54   55   56
   58   60   61   62   64   66   67   68   69
    77.5-180.0 180.0   5.0 450.0                            LAT/LON1/LON2/DLON/H
   73   73   74   74   75   74   74   73   73   72   70   68   65   63   61   58
   56   53   50   48   45   42   41   38   37   34   32   30   29   27   27   26
   25   25   25   25   26   27   27   28   29   30   31   32   32   33   33   34
   36   37   39   40   42   44   47   48   51   53   54   56   57   59   60   62
   63   64   66   67   68   70   71   72   73
    75.0-180.0 180.0   5.0 450.0                            LAT/LON1/LON2/DLON/H
   76   77   77   77   77   77   76   75   73   71   70   67   64   61   57   54
   50   47   45   42   41   39   38   36   35   33   31   30   29   27   26   25
   25   25   26   25   26   27   28   28   29   29   30   30   31   31   32   33
   34   36   38   40   43   46   49   53   56   58   60   62   64   66   67   68
   70   70   72   72   74   74   75   76   76
    72.5-180.0 180.0   5.0 450.0                            LAT/LON1/LON2/DLON/H
   81   81   81   80   80   79   78   77   75   72   69   65   61   56   51   47
   43   40   38   37   37   37   36   36   35   34   32   31   30   29   28   28
   27   27   27   27   28   29   29   28   28   28   28   28   28   28   29   31
   32   35   37   40   44   48   52   56   61   64   67   70   72   73   74   76
   77   78   79   80   81   81   81   81   81
    70.0-180.0 180.0   5.0 450.0                            LAT/LON1/LON2/DLON/H
   87   86   85   84   82   81   80   78   75   72   68   63   57   51   45   40
   36   33   32   33   33   35   36   35   35   34   34   33   32   31   31   30
   30   29   29   29   29   29   29   28   27   26   26   25   25   25   26   28
   30   33   36   40   45   51   56   61   67   71   74   77   79   81   82   83
   84   85   87   88   88   89   89   88   87
    67.5-180.0 180.0   5.0 450.0                            LAT/LON1/LON2/DLON/H
   93   92   90   88   85   84   82   79   76   73   68   62   55   47   40   35
   31   29   28   30   31   34   36   35   37   36   35   34   34   34   33   32
   32   31   31   30   30   29   28   26   25   24   23   23   23   23   24   26
   28   32   36   41   47   53   61   67   72   78   81   84   86   87   88   89
   90   92   93   94   95   96   96   95   93
    65.0-180.0 180.0   5.0 450.0                            LAT/LON1/LON2/DLON/H
   99   97   95   91   89   86   83   81   78   74   69   62   54   46   38   32
   28   26   27   29   31   33   36   36   37   36   36   35   35   35   34   33
   33   32   31   30   29   27   25   25   23   23   23   22   23   22   23   25
   28   32   37   43   50   57   64   72   78   84   88   90   91   93   93   94
   95   96   97   99  100  102  102  101   99
    62.5-180.0 180.0   5.0 450.0                            LAT/LON1/LON2/DLON/H
  104  102   98   95   91   87   85   82   79   75   71   64   56   47   38   32
   27   27   27   30   32   35   38   37   37   36   35   35   35   35   35   33
   31   31   30   29   27   25   24   23   23   23   23   24   24   25   26   28
   30   34   39   46   53   61   69   77   83   88   92   95   96   96   96   97
   97   99  100  102  103  105  106  105  104
    60.0-180.0 180.0   5.0 450.0                            LAT/LON1/LON2/DLON/H
  108  105  102   98   94   89   86   83   80   76   72   65   58   49   41   35
   31   29   30   32   34   36   39   37   36   35   34   35   35   36   36   33
   30   30   29   28   27   26   25   25   25   25   27   28   29   29   31   32
   35   38   44   50   57   66   74   81   87   92   96   99   99   99   99   99
   99  100  101  103  105  107  108  108  108
    57.5-180.0 180.0   5.0 450.0                            LAT/LON1/LON2/DLON/H
  111  109  105  102   97   92   88   84   80   77   73   68   61   54   47   41
   37   35   35   36   37   38   39   37   35   35   35   36   36   37   36   35
   30   31   31   31   29   29   28   29   29   31   33   34   35   36   37   38
   41   45   50   56   63   71   78   85   91   96   99  102  103  103  102  102
  102  102  103  104  106  108  110  111  111
    55.0-180.0 180.0   5.0 450.0                            LAT/LON1/LON2/DLON/H
  114  112  110  106  101   96   91   87   82   78   74   69   64   58   52   47
   43   41   41   41   41   41   40   38   36   36   37   39   39   38   38   36
   34   34   35   36   34   34   34   34   35   38   40   41   43   45   45   46
   49   53   58   64   70   76   83   89   94   99  102  106  107  107  107  107
  107  107  108  108  109  111  112  114  114
    52.5-180.0 180.0   5.0 450.0                            LAT/LON1/LON2/DLON/H
  119  117  115  111  107  102   96   91   86   81   76   71   66   61   56   52
   48   47   47   46   46   45   44   42   40   40   42   44   44   44   43   41
   40   41   41   43   42   42   42   42   43   45   48   50   51   53   53   55
   57   61   65   71   76   82   87   93   98  102  106  109  112  112  113  114
  114  114  115  115  115  116  117  118  119
    50.0-180.0 180.0   5.0 450.0                            LAT/LON1/LON2/DLON/H
  125  123  121  117  113  109  103   97   91   85   79   73   68   64   59   56
   53   52   52   52   52   52   50   49   48   48   50   51   53   52   51   47
   46   48   50   51   51   51   50   51   51   54   56   58   60   62   62   63
   64   66   71   77   82   87   92   97  101  105  109  113  116  118  119  120
  122  123  123  124  124  124  125  126  125
    47.5-180.0 180.0   5.0 450.0                            LAT/LON1/LON2/DLON/H
  132  129  126  123  120  116  111  105   98   91   84   77   71   66   62   59
   57   57   57   58   59   59   59   59   58   58   60   61   62   61   59   56
   55   56   58   60   61   60   60   59   60   61   63   65   67   68   69   69
   70   72   78   82   87   93   98  101  105  108  111  115  118  121  124  128
  130  132  133  133  133  133  134  133  132
    45.0-180.0 180.0   5.0 450.0                            LAT/LON1/LON2/DLON/H
  139  135  131  127  125  122  118  112  106   98   90   82   76   71   66   63
   62   61   62   65   67   68   69   69   68   69   70   71   70   68   66   63
   63   64   67   69   69   69   67   66   66   66   68   70   71   72   73   73
   75   79   83   89   94  100  103  106  109  112  114  117  120  124  128  133
  137  140  142  142  143  143  143  142  139
    42.5-180.0 180.0   5.0 450.0                            LAT/LON1/LON2/DLON/H
  147  141  136  131  129  126  123  119  113  106   97   89   82   76   72   68
   66   65   67   71   75   77   79   78   78   77   78   78   76   73   70   68
   70   72   75   77   76   75   72   70   69   69   71   73   74   75   76   77
   79   83   89   95  101  107  110  112  114  115  117  119  122  126  130  136
  141  145  149  152  154  153  153  152  147
    40.0-180.0 180.0   5.0 450.0                            LAT/LON1/LON2/DLON/H
  157  150  141  134  131  128  126  123  119  113  105   97   90   84   79   74
   71   71   73   78   83   85   86   85   84   82   82   81   79   76   73   72
   75   78   81   82   80   77   74   72   71   72   74   76   77   78   79   78
   80   85   93  100  107  113  117  119  120  121  120  121  123  127  131  136
  142  148  154  159  162  163  164  161  157
    37.5-180.0 180.0   5.0 450.0                            LAT/LON1/LON2/DLON/H
  169  161  149  140  133  129  128  126  123  118  112  105   99   93   87   82
   78   77   80   85   89   92   92   89   86   83   81   80   78   76   74   73
   77   80   82   82   80   77   74   73   72   73   75   78   79   79   78   77
   80   86   95  103  112  118  123  125  127  127  126  126  126  128  132  137
  144  152  159  165  170  173  175  174  169
    35.0-180.0 180.0   5.0 450.0                            LAT/LON1/LON2/DLON/H
  184  176  163  150  139  133  130  128  125  122  117  113  108  102   96   90
   86   84   86   91   94   96   94   91   85   81   78   77   76   75   74   75
   77   80   82   81   78   76   74   72   72   74   76   77   78   77   76   75
   77   85   94  105  115  123  128  132  134  133  132  132  132  134  136  141
  149  158  166  175  180  184  189  189  184
    32.5-180.0 180.0   5.0 450.0                            LAT/LON1/LON2/DLON/H
  204  196  183  166  150  140  133  128  124  122  120  118  114  110  104   99
   93   91   92   94   97   96   93   88   81   76   72   73   73   74   75   77
   79   81   81   80   77   74   72   71   72   73   74   75   75   74   73   72
   74   82   93  105  116  126  133  138  140  141  140  140  142  144  147  152
  159  169  179  188  195  199  205  208  204
    30.0-180.0 180.0   5.0 450.0                            LAT/LON1/LON2/DLON/H
  231  224  211  191  170  152  139  129  122  119  119  120  118  116  111  106
  101   97   96   96   95   93   89   83   76   70   68   69   72   75   78   80
   82   83   81   79   76   73   71   71   71   72   72   71   71   70   68   67
   70   78   91  105  118  128  137  143  147  149  151  153  155  159  165  171
  179  189  199  209  215  220  228  232  231
    27.5-180.0 180.0   5.0 450.0                            LAT/LON1/LON2/DLON/H
  264  260  246  223  197  174  154  137  124  118  119  120  119  118  114  109
  104  100   97   96   93   90   84   78   72   68   67   69   74   79   82   84
   85   84   81   78   75   73   72   72   71   70   68   66   65   64   62   62
   65   75   90  105  119  130  141  148  154  160  164  169  174  180  189  197
  207  216  227  236  241  245  253  262  264
    25.0-180.0 180.0   5.0 450.0                            LAT/LON1/LON2/DLON/H
  298  300  289  263  234  205  178  153  134  122  121  120  119  116  113  109
  104   99   96   93   91   86   81   76   73   71   71   75   79   84   87   89
   89   86   83   80   76   74   72   72   71   67   63   60   58   57   56   58
   63   73   88  104  119  131  143  153  162  171  179  186  194  205  216  227
  239  248  258  266  271  274  280  292  298
    22.5-180.0 180.0   5.0 450.0                            LAT/LON1/LON2/DLON/H
  330  337  328  308  278  248  213  178  150  132  124  122  118  113  110  107
  102   97   94   91   88   84   81   79   79   79   81   85   88   92   93   94
   93   90   86   83   79   76   73   72   70   65   59   55   53   51   52   54
   61   72   88  104  119  132  144  157  169  182  193  204  215  228  244  261
  271  280  289  295  299  300  307  319  330
    20.0-180.0 180.0   5.0 450.0                            LAT/LON1/LON2/DLON/H
  354  365  365  351  326  293  253  213  176  149  134  127  122  115  109  105
   99   95   92   89   87   85   85   87   90   94   96   99  100  101  100   99
   97   94   91   87   83   78   75   72   69   62   56   51   49   48   49   52
   59   73   89  104  120  133  147  162  177  193  208  223  236  250  269  287
  298  307  313  317  320  321  328  341  354
    17.5-180.0 180.0   5.0 450.0                            LAT/LON1/LON2/DLON/H
  366  381  386  380  364  336  299  258  213  176  152  142  132  122  112  106
  100   94   92   89   88   89   91   97  103  110  114  114  113  110  107  104
  101   98   95   91   86   80   76   73   67   60   54   49   47   47   48   51
   59   73   89  105  121  136  151  168  185  203  220  239  255  270  286  303
  312  319  324  327  329  331  339  352  366
    15.0-180.0 180.0   5.0 450.0                            LAT/LON1/LON2/DLON/H
  366  382  393  397  389  369  339  300  254  211  181  163  148  135  121  113
  104   99   95   93   93   95  101  109  118  126  130  130  125  119  113  109
  105  102  100   95   89   84   78   73   67   59   53   49   47   47   48   51
   59   73   89  106  123  139  157  175  193  213  230  248  264  278  292  304
  312  316  320  324  325  329  338  350  366
    12.5-180.0 180.0   5.0 450.0                            LAT/LON1/LON2/DLON/H
  354  370  384  397  396  386  363  331  290  247  214  192  172  156  138  127
  116  110  105  102  102  106  113  121  132  140  144  142  135  126  119  113
  109  106  103   99   92   86   80   74   67   59   53   50   49   48   48   50
   59   72   90  107  125  143  162  182  202  220  236  251  264  277  288  296
  302  303  306  308  313  317  327  339  354
    10.0-180.0 180.0   5.0 450.0                            LAT/LON1/LON2/DLON/H
  334  348  363  378  384  380  369  349  316  275  246  221  198  181  163  148
  135  127  120  116  116  120  126  132  141  149  151  148  140  131  125  118
  113  110  107  102   96   88   81   73   67   60   54   52   51   50   49   50
   58   72   89  107  125  144  165  187  207  225  238  249  260  269  278  283
  287  287  288  289  295  301  311  322  334
     7.5-180.0 180.0   5.0 450.0                            LAT/LON1/LON2/DLON/H
  313  323  335  350  360  364  363  352  330  298  269  246  226  208  192  176
  160  147  138  133  132  133  135  138  145  151  153  150  144  135  130  123
  118  114  110  105   98   90   81   73   66   60   56   55   54   52   49   49
   57   71   88  105  124  144  166  188  210  226  237  246  254  261  269  272
  275  273  273  274  279  285  295  305  313
     5.0-180.0 180.0   5.0 450.0                            LAT/LON1/LON2/DLON/H
  299  306  313  326  338  346  349  345  332  310  287  269  251  235  220  204
  186  170  157  151  147  145  144  142  145  148  150  149  144  139  135  129
  122  117  112  106   98   89   80   71   65   61   59   58   56   53   49   49
   56   69   85  103  121  141  164  188  209  224  233  241  248  255  262  265
  266  265  264  266  270  277  285  293  299
     2.5-180.0 180.0   5.0 450.0                            LAT/LON1/LON2/DLON/H
  298  301  306  314  325  334  338  335  328  314  299  285  271  257  245  229
  211  195  179  169  162  157  153  149  147  148  149  147  144  141  138  133
  126  120  113  106   98   88   79   71   65   62   61   59   57   54   50   49
   55   66   83  100  118  138  160  184  203  218  227  235  242  250  258  262
  264  264  265  267  271  277  285  292  298
