ionex_files/bejaia/igsg0660.21i
     1.0            IONOSPHERE MAPS     MIX                 IONEX VERSION / TYPE
cmpcmb v1.2          GRL/UWM             1-apr-21 07:36     PGM / RUN BY / DATE 
ionex file containing IGS COMBINED Ionosphere maps          COMMENT             
global ionosphere maps for day 066, 2021                    DESCRIPTION         
IONEX file containing the COMBINED IGS TEC MAPS and DCBs    DESCRIPTION         
      IONEX files of the following IAACs were combined: cod DESCRIPTION         
                                                        esa DESCRIPTION         
                                                        jpl DESCRIPTION         
                                                        upc DESCRIPTION         
Contact address: Andrzej Krankowski                         DESCRIPTION
                 Geodynamics Research Laboratory            DESCRIPTION
                 University of Warmia and Mazury (GRL/UWM)  DESCRIPTION
                 Oczapowski St. 1                           DESCRIPTION
                 10-957-Olsztyn, POLAND                     DESCRIPTION
                 e-mail:  kand@uwm.edu.pl                   DESCRIPTION
                                                            DESCRIPTION         
  2021     3     7     0     0     0                        EPOCH OF FIRST MAP  
  2021     3     8     0     0     0                        EPOCH OF LAST MAP   
  7200                                                      INTERVAL            
    13                                                      # OF MAPS IN FILE   
  COSZ                                                      MAPPING FUNCTION    
     0.0                                                    ELEVATION CUTOFF    
combined TEC calculated as weighted mean of input TEC valuesOBSERVABLES USED    
   375                                                      # OF STATIONS       
    32                                                      # OF SATELLITES     
  6371.0                                                    BASE RADIUS         
     2                                                      MAP DIMENSION       
   450.0 450.0   0.0                                        HGT1 / HGT2 / DHGT  
    87.5 -87.5  -2.5                                        LAT1 / LAT2 / DLAT  
  -180.0 180.0   5.0                                        LON1 / LON2 / DLON  
    -1                                                      EXPONENT            
TEC values in 0.1 tec units;  9999, if no value available   COMMENT             
DCB values in nanoseconds, reference is Sum_of_SatDCBs = 0  COMMENT             
                                                            END OF HEADER       
[from data line 2574]
     7                                                      START OF TEC MAP    
  2021     3     7    12     0     0                        EPOCH OF CURRENT MAP
    87.5-180.0 180.0   5.0 450.0                            LAT/LON1/LON2/DLON/H
   54   54   55   55   55   56   56   56   56   57   57   57   57   57   57   57
   57   57   57   57   57   57   57   57   57   57   57   57   58   58   57   57
   57   57   57   57   57   57   56   56   56   55   55   54   54   53   53   53
   52   52   51   51   51   50   50   50   49   49   49   49   50   50   51   51
   51   52   52   53   53   53   53   53   54
    85.0-180.0 180.0   5.0 450.0                            LAT/LON1/LON2/DLON/H
   50   50   51   51   52   52   52   53   54   54   54   54   55   55   55   55
   55   55   55   55   55   55   55   56   56   56   56   56   57   57   58   58
   58   59   59   58   58   58   58   57   56   55   54   54   52   51   49   48
   47   46   45   44   43   43   42   42   41   41   41   41   42   42   43   43
   44   44   45   46   47   47   48   49   50
    82.5-180.0 180.0   5.0 450.0                            LAT/LON1/LON2/DLON/H
   44   45   47   49   50   51   52   52   53   53   53   53   53   52   52   52
   51   51   50   50   50   50   51   52   52   53   54   55   56   57   58   59
   60   61   61   61   61   60   60   59   58   56   54   53   51   50   48   47
   44   43   41   40   38   38   37   36   35   34   34   34   34   34   34   35
   35   36   36   38   40   40   41   42   44
    80.0-180.0 180.0   5.0 450.0                            LAT/LON1/LON2/DLON/H
   39   41   43   45   46   48   49   50   51   51   51   50   49   48   48   47
   46   46   46   45   45   45   46   48   49   50   51   53   55   57   59   60
   62   63   64   64   63   63   62   61   59   58   56   54   52   50   49   47
   44   42   40   38   37   36   34   33   31   30   29   28   28   27   27   27
   27   28   29   30   32   33   35   37   39
    77.5-180.0 180.0   5.0 450.0                            LAT/LON1/LON2/DLON/H
   32   34   36   38   40   42   44   45   45   46   46   46   46   45   44   42
   41   41   40   41   41   41   43   44   46   48   50   52   55   57   59   61
   63   65   66   66   66   65   64   63   61   60   58   56   54   52   51   49
   47   45   43   42   41   39   37   35   33   31   29   27   25   24   23   22
   21   21   22   23   24   25   27   30   32
    75.0-180.0 180.0   5.0 450.0                            LAT/LON1/LON2/DLON/H
   24   27   29   32   34   36   39   40   41   42   42   42   40   40   38   37
   36   37   36   36   37   39   41   43   45   47   50   53   55   58   61   63
   65   66   68   68   69   68   67   65   64   63   61   59   58   56   55   54
   52   51   50   49   47   45   44   41   38   35   32   29   26   24   21   19
   18   17   16   17   17   19   20   22   24
    72.5-180.0 180.0   5.0 450.0                            LAT/LON1/LON2/DLON/H
   18   20   23   25   28   31   32   34   35   36   36   36   36   35   34   33
   33   34   34   35   37   39   41   43   46   48   51   53   56   59   61   63
   65   67   69   69   70   69   69   68   67   66   65   64   62   62   61   60
   60   59   59   58   56   55   52   49   45   42   37   33   30   26   22   20
   17   15   14   14   14   14   14   16   18
    70.0-180.0 180.0   5.0 450.0                            LAT/LON1/LON2/DLON/H
   14   15   18   20   22   25   27   29   30   31   31   32   31   31   31   32
   32   33   34   35   37   40   42   45   48   50   52   55   57   59   61   63
   65   66   67   69   69   70   70   70   69   69   68   68   68   68   68   68
   69   69   68   67   65   63   60   56   52   47   42   38   34   29   25   22
   19   16   15   13   13   13   13   13   14
    67.5-180.0 180.0   5.0 450.0                            LAT/LON1/LON2/DLON/H
   13   13   14   16   18   20   22   24   26   27   27   28   27   27   29   29
   30   32   33   36   38   41   44   47   50   53   54   56   57   58   59   60
   62   63   65   67   68   69   70   70   71   72   72   73   73   74   75   75
   76   76   75   74   71   68   65   60   55   50   45   40   35   31   28   24
   21   19   18   17   15   13   13   13   13
    65.0-180.0 180.0   5.0 450.0                            LAT/LON1/LON2/DLON/H
   14   13   13   14   15   17   19   20   22   23   24   24   24   25   26   27
   28   31   33   35   38   43   46   49   52   54   55   56   57   57   57   58
   59   61   63   65   67   69   70   72   73   75   76   77   79   79   80   81
   81   80   78   76   73   69   65   61   55   50   45   41   36   32   29   26
   24   23   22   21   19   18   16   15   14
    62.5-180.0 180.0   5.0 450.0                            LAT/LON1/LON2/DLON/H
   18   16   15   15   15   16   17   18   19   20   20   21   21   22   23   24
   25   28   31   34   38   43   46   49   52   54   55   56   55   55   55   56
   58   59   62   65   67   70   71   74   76   78   79   81   83   84   84   84
   83   81   78   75   71   67   63   58   53   48   43   40   36   33   29   28
   26   25   25   26   25   23   21   20   18
    60.0-180.0 180.0   5.0 450.0                            LAT/LON1/LON2/DLON/H
   25   22   20   19   18   18   18   18   19   19   19   19   19   20   20   22
   23   25   28   32   37   41   45   48   51   53   54   55   55   55   55   56
   58   60   63   66   69   72   74   77   79   82   83   85   86   86   87   86
   85   81   78   74   69   64   59   55   50   46   42   39   36   34   32   30
   29   28   29   30   30   29   28   26   25
    57.5-180.0 180.0   5.0 450.0                            LAT/LON1/LON2/DLON/H
   32   29   27   25   23   22   21   21   20   20   19   19   18   18   19   19
   20   22   25   29   34   38   43   47   50   53   54   55   56   57   57   59
   61   64   67   70   73   76   78   81   84   86   88   89   89   89   88   87
   85   82   79   74   69   64   59   55   50   48   44   43   40   38   36   33
   32   31   32   33   34   35   35   34   32
    55.0-180.0 180.0   5.0 450.0                            LAT/LON1/LON2/DLON/H
   39   37   35   33   30   28   26   25   24   23   22   21   20   19   18   18
   18   19   22   27   32   37   42   47   50   54   56   58   60   61   63   65
   67   70   73   76   78   81   84   87   89   92   93   93   93   92   91   89
   87   85   82   78   72   68   64   60   56   53   51   50   48   45   42   39
   36   36   36   37   38   39   40   40   39
    52.5-180.0 180.0   5.0 450.0                            LAT/LON1/LON2/DLON/H
   46   44   42   41   39   36   34   31   30   28   27   25   23   21   20   18
   18   19   22   27   32   38   44   47   51   56   59   63   66   68   71   74
   75   78   80   83   85   88   90   93   95   97   99   99   98   97   95   94
   92   91   89   85   81   76   72   68   65   63   62   60   58   56   52   47
   43   40   40   41   43   44   45   46   46
    50.0-180.0 180.0   5.0 450.0                            LAT/LON1/LON2/DLON/H
   51   51   49   49   47   45   42   41   37   36   33   31   29   26   24   22
   21   22   24   30   36   42   47   51   56   61   65   70   74   77   81   84
   86   87   89   91   93   95   97  100  102  104  105  105  104  103  101  100
   99   98   98   96   92   87   83   80   77   75   73   71   69   66   62   56
   51   47   45   45   47   47   48   50   51
    47.5-180.0 180.0   5.0 450.0                            LAT/LON1/LON2/DLON/H
   55   56   56   55   54   52   50   48   45   43   41   39   37   34   30   28
   26   27   30   36   42   48   53   57   62   67   72   78   82   86   90   93
   94   95   97   98  100  102  105  108  111  112  113  112  111  109  107  107
  107  108  108  107  104   99   95   91   89   86   83   81   78   75   70   65
   59   55   52   50   50   51   52   54   55
    45.0-180.0 180.0   5.0 450.0                            LAT/LON1/LON2/DLON/H
   58   59   60   60   59   58   56   54   53   51   50   48   45   42   39   36
   34   34   37   42   50   56   61   65   69   74   79   85   90   94   98  100
  101  102  103  104  107  110  113  116  119  121  121  119  117  115  113  113
  115  117  118  117  115  110  105  100   96   93   89   86   83   81   77   73
   67   62   58   56   55   55   56   57   58
    42.5-180.0 180.0   5.0 450.0                            LAT/LON1/LON2/DLON/H
   61   62   63   64   63   63   61   60   59   58   58   56   55   52   48   45
   43   42   45   50   57   63   68   72   76   81   86   90   95  100  103  105
  106  106  107  110  113  117  122  125  128  130  129  127  125  121  120  121
  123  125  125  125  122  117  111  103   98   92   87   85   83   82   80   76
   72   68   64   62   61   60   60   61   61
    40.0-180.0 180.0   5.0 450.0                            LAT/LON1/LON2/DLON/H
   64   64   65   66   66   66   65   64   64   64   64   64   63   61   58   54
   52   51   52   56   62   69   74   78   82   86   90   95  100  103  105  107
  108  109  110  114  119  125  130  135  138  139  137  135  132  129  128  128
  128  130  130  128  123  118  111  104   96   87   82   78   78   78   78   77
   75   71   69   67   66   65   64   64   64
    37.5-180.0 180.0   5.0 450.0                            LAT/LON1/LON2/DLON/H
   66   66   66   66   67   68   68   67   67   68   69   70   70   69   67   64
   60   58   58   62   67   72   77   81   86   89   94   99  102  105  106  108
  109  110  113  119  125  132  139  144  147  148  147  144  141  137  135  134
  133  133  132  128  123  118  111  103   93   82   76   72   71   72   74   74
   73   72   70   69   69   68   67   66   66
    35.0-180.0 180.0   5.0 450.0                            LAT/LON1/LON2/DLON/H
   67   67   66   67   68   68   68   68   69   70   73   75   77   76   75   71
   68   64   63   65   69   74   80   84   88   92   97  102  105  106  106  108
  110  113  118  125  133  141  149  154  158  158  157  155  151  147  144  142
  140  139  136  131  125  119  114  106   94   82   74   69   69   70   70   71
   71   70   69   70   70   69   69   68   67
    32.5-180.0 180.0   5.0 450.0                            LAT/LON1/LON2/DLON/H
   68   67   66   66   67   68   67   68   68   70   74   78   81   82   81   78
   74   69   67   68   71   76   82   86   91   95  100  104  106  107  107  110
  114  119  125  133  143  153  162  167  169  169  168  166  163  160  157  153
  152  149  147  141  134  129  123  116  104   92   82   78   76   75   73   70
   68   67   67   68   69   69   69   69   68
    30.0-180.0 180.0   5.0 450.0                            LAT/LON1/LON2/DLON/H
   67   66   65   65   65   66   66   66   67   69   73   78   82   84   84   81
   77   72   69   70   74   79   84   89   93   98  103  107  109  109  111  114
  120  127  136  145  156  166  175  181  181  182  180  179  179  177  175  172
  171  170  166  161  155  151  145  138  126  114  104   98   94   88   82   75
   69   66   65   66   68   69   68   69   67
    27.5-180.0 180.0   5.0 450.0                            LAT/LON1/LON2/DLON/H
   67   65   63   63   63   64   65   65   65   67   71   76   81   83   84   82
   77   73   71   72   76   82   87   91   96  102  106  110  112  113  117  123
  132  142  151  161  171  182  190  195  196  196  196  197  199  201  203  201
  202  201  196  193  186  182  176  170  158  147  136  127  119  110   98   86
   75   69   67   67   68   68   68   68   67
    25.0-180.0 180.0   5.0 450.0                            LAT/LON1/LON2/DLON/H
   67   65   63   62   63   63   63   63   63   64   68   72   77   80   81   79
   75   72   71   73   79   85   90   95  100  105  109  113  116  120  126  136
  148  160  170  179  189  199  207  211  212  213  215  220  227  229  237  241
  242  239  234  233  227  222  217  209  197  184  171  160  151  138  120  102
   87   76   72   70   69   69   69   68   67
    22.5-180.0 180.0   5.0 450.0                            LAT/LON1/LON2/DLON/H
   68   66   64   62   62   62   62   62   62   62   64   68   72   76   76   74
   72   70   71   75   81   89   95  100  104  108  113  118  122  128  138  151
  167  180  190  198  207  216  223  227  229  233  238  245  255  263  274  281
  282  280  276  277  273  263  258  249  235  220  206  194  182  167  145  123
  103   89   81   76   74   73   71   70   68
    20.0-180.0 180.0   5.0 450.0                            LAT/LON1/LON2/DLON/H
   70   67   64   62   62   62   63   62   62   61   61   63   66   69   69   67
   66   67   69   76   83   92   98  103  107  110  116  122  128  138  151  168
  186  199  209  217  222  231  239  244  246  254  263  273  286  296  309  318
  320  319  317  313  311  300  292  280  266  251  237  224  211  192  169  146
  123  106   95   87   82   79   76   73   70
    17.5-180.0 180.0   5.0 450.0                            LAT/LON1/LON2/DLON/H
   74   70   66   64   63   64   64   64   63   61   59   59   61   62   61   61
   60   63   67   75   85   93  100  105  109  112  118  126  135  147  165  184
  203  218  226  232  237  244  252  257  265  277  288  301  315  326  338  345
  347  346  342  338  333  323  314  298  284  272  260  246  233  217  192  167
  144  126  113  103   95   89   84   79   74
    15.0-180.0 180.0   5.0 450.0                            LAT/LON1/LON2/DLON/H
   81   75   70   67   65   65   65   65   64   61   58   57   56   56   55   54
   55   58   65   74   85   93  100  105  109  113  120  129  141  157  177  198
  217  232  239  244  249  255  262  270  282  295  308  322  336  347  355  359
  358  355  351  346  341  334  321  303  288  276  265  253  239  227  207  181
  162  146  133  122  112  103   95   88   81
    12.5-180.0 180.0   5.0 450.0                            LAT/LON1/LON2/DLON/H
   90   81   75   71   69   68   67   66   64   62   59   56   54   52   51   50
   51   55   62   73   85   94  100  104  109  115  123  134  149  167  187  208
  227  241  249  254  259  264  272  282  295  308  323  337  348  358  362  363
  357  352  347  341  335  330  315  297  280  265  251  240  230  221  206  189
  174  161  150  139  129  118  108   99   90
    10.0-180.0 180.0   5.0 450.0                            LAT/LON1/LON2/DLON/H
   99   88   81   77   75   72   69   67   64   62   59   56   54   52   50   49
   49   53   61   73   86   95  101  106  111  118  127  141  157  175  195  214
  232  245  254  262  267  272  282  294  306  319  332  345  356  363  364  362
  353  345  338  331  323  316  301  284  268  250  233  220  212  205  198  189
  179  169  160  151  142  131  120  109   99
     7.5-180.0 180.0   5.0 450.0                            LAT/LON1/LON2/DLON/H
  105   94   87   83   80   76   72   68   65   63   60   58   55   53   51   49
   50   53   60   73   86   97  104  109  114  122  134  148  165  182  200  218
  233  246  257  266  272  281  292  304  316  327  338  349  359  364  365  361
  351  341  332  324  313  304  290  275  260  241  221  206  196  190  186  183
  178  171  163  156  148  139  128  116  105
     5.0-180.0 180.0   5.0 450.0                            LAT/LON1/LON2/DLON/H
  108   97   91   88   84   80   74   68   65   63   61   60   57   56   54   52
   51   54   62   74   89  100  108  113  119  128  140  156  173  189  205  219
  233  246  258  268  278  288  300  313  324  333  343  353  361  367  369  364
  354  342  332  322  310  298  285  272  258  240  220  201  188  179  176  174
  172  166  160  154  148  141  132  119  108
     2.5-180.0 180.0   5.0 450.0                            LAT/LON1/LON2/DLON/H
  108   98   93   89   87   81   74   68   64   63   62   61   59   59   57   55
   54   57   65   77   92  104  113  119  125  135  148  164  181  195  207  220
  233  246  259  271  283  295  308  320  329  337  346  355  363  370  373  368
  358  347  337  324  310  297  285  274  263  246  226  205  188  176  170  167
  164  159  153  147  142  138  130  119  108
