ionex_files/bejaia/igsg0670.21i
     1.0            IONOSPHERE MAPS     MIX                 IONEX VERSION / TYPE
cmpcmb v1.2          GRL/UWM             1-apr-21 07:42     PGM / RUN BY / DATE 
ionex file containing IGS COMBINED Ionosphere maps          COMMENT             
global ionosphere maps for day 067, 2021                    DESCRIPTION         
IONEX file containing the COMBINED IGS TEC MAPS and DCBs    DESCRIPTION         
      IONEX files of the following IAACs were combined: cod DESCRIPTION         
                                                        esa DESCRIPTION         
                                                        jpl DESCRIPTION         
                                                        upc DESCRIPTION         
Contact address: Andrzej Krankowski                         DESCRIPTION
                 Geodynamics Research Laboratory            DESCRIPTION
                 University of Warmia and Mazury (GRL/UWM)  DESCRIPTION
                 Oczapowski St. 1                           DESCRIPTION
                 10-957-Olsztyn, POLAND                     DESCRIPTION
                 e-mail:  kand@uwm.edu.pl                   DESCRIPTION
                                                            DESCRIPTION         
  2021     3     8     0     0     0                        EPOCH OF FIRST MAP  
  2021     3     9     0     0     0                        EPOCH OF LAST MAP   
  7200                                                      INTERVAL            
    13                                                      # OF MAPS IN FILE   
  COSZ                                                      MAPPING FUNCTION    
     0.0                                                    ELEVATION CUTOFF    
combined TEC calculated as weighted mean of input TEC valuesOBSERVABLES USED    
   376                                                      # OF STATIONS       
    32                                                      # OF SATELLITES     
  6371.0                                                    BASE RADIUS         
     2                                                      MAP DIMENSION       
   450.0 450.0   0.0                                        HGT1 / HGT2 / DHGT  
    87.5 -87.5  -2.5                                        LAT1 / LAT2 / DLAT  
  -180.0 180.0   5.0                                        LON1 / LON2 / DLON  
    -1                                                      EXPONENT            
TEC values in 0.1 tec units;  9999, if no value available   COMMENT             
DCB values in nanoseconds, reference is Sum_of_SatDCBs = 0  COMMENT             
                                                            END OF HEADER       
[from data line 4719]
    12                                                      START OF TEC MAP    
  2021     3     8    22     0     0                        EPOCH OF CURRENT MAP
    87.5-180.0 180.0   5.0 450.0                            LAT/LON1/LON2/DLON/H
   32   32   32   32   32   33   33   33   33   33   33   34   34   34   34   35
   35   35   35   34   34   34   34   34   33   33   32   32   31   31   30   30
   29   29   29   28   28   28   28   27   27   27   27   27   27   27   27   27
   27   27   27   27   27   28   28   28   28   28   28   29   29   29   29   30
   30   30   30   31   31   31   31   31   32
    85.0-180.0 180.0   5.0 450.0                            LAT/LON1/LON2/DLON/H
   35   36   36   37   37   38   38   39   39   40   40   40   41   41   42   42
   42   42   42   42   41   41   40   40   39   39   38   36   36   35   33   33
   32   31   30   30   29   29   28   27   27   27   27   27   27   27   27   27
   28   28   28   29   29   30   30   30   31   31   31   31   32   32   32   32
   32   33   33   34   34   34   34   35   35
    82.5-180.0 180.0   5.0 450.0                            LAT/LON1/LON2/DLON/H
   41   42   42   44   45   46   47   48   49   50   50   51   51   51   52   52
   53   53   52   51   50   50   47   47   47   45   43   43   41   40   39   38
   37   35   34   33   32   31   30   30   29   30   30   29   29   30   29   30
   30   30   31   32   32   33   34   34   34   35   35   35   35   35   36   36
   36   37   37   38   38   39   39   40   41
    80.0-180.0 180.0   5.0 450.0                            LAT/LON1/LON2/DLON/H
   47   48   49   50   52   53   54   55   56   57   58   60   60   61   61   61
   61   61   61   60   60   58   55   53   53   51   49   48   46   44   43   42
   41   39   38   37   36   35   34   33   33   32   32   32   32   33   33   33
   33   34   35   35   36   37   37   37   37   38   38   38   38   39   39   39
   40   41   41   42   43   44   44   46   47
    77.5-180.0 180.0   5.0 450.0                            LAT/LON1/LON2/DLON/H
   50   51   53   55   57   58   60   62   63   65   67   69   70   70   70   70
   69   68   67   66   65   64   61   60   57   55   53   52   50   48   47   46
   44   43   42   40   39   39   37   36   35   34   34   35   34   34   35   35
   36   37   37   38   39   39   39   39   39   39   39   39   40   40   40   41
   42   43   43   44   45   46   48   49   50
    75.0-180.0 180.0   5.0 450.0                            LAT/LON1/LON2/DLON/H
   53   54   56   58   61   63   66   68   71   73   76   77   78   79   79   80
   78   74   72   70   68   65   63   62   59   57   55   53   52   51   49   48
   47   45   44   43   42   41   39   38   37   36   36   35   35   35   35   36
   37   37   38   38   38   38   37   37   37   36   37   37   38   39   40   41
   42   43   44   45   47   48   50   51   53
    72.5-180.0 180.0   5.0 450.0                            LAT/LON1/LON2/DLON/H
   54   57   59   62   64   68   71   74   77   80   83   85   87   88   87   84
   80   77   74   71   67   65   62   61   58   56   54   51   50   49   48   47
   46   44   43   42   41   40   39   38   36   36   35   33   33   33   34   35
   35   36   36   36   35   35   34   33   32   32   33   34   35   36   37   39
   41   42   44   46   47   49   50   52   54
    70.0-180.0 180.0   5.0 450.0                            LAT/LON1/LON2/DLON/H
   56   59   61   65   69   72   75   79   82   85   89   91   93   93   90   85
   81   78   75   70   67   64   61   58   55   52   50   48   46   46   44   43
   43   42   40   39   38   37   36   35   32   31   30   30   29   29   31   31
   32   33   32   32   31   30   29   28   27   27   27   29   31   33   35   37
   40   42   44   45   47   49   51   54   56
    67.5-180.0 180.0   5.0 450.0                            LAT/LON1/LON2/DLON/H
   58   61   64   68   71   75   77   81   85   88   91   94   95   94   90   88
   83   80   73   68   65   62   59   55   52   48   46   44   42   41   40   39
   38   37   36   35   34   32   31   30   28   26   25   24   25   26   26   28
   28   28   28   27   26   25   24   23   22   22   23   25   27   30   33   37
   40   42   45   46   48   50   53   56   58
    65.0-180.0 180.0   5.0 450.0                            LAT/LON1/LON2/DLON/H
   61   64   68   71   74   77   80   83   86   89   92   95   96   95   93   90
   86   81   74   69   65   61   57   53   49   45   41   39   37   36   35   34
   33   32   31   30   29   27   26   24   23   21   21   20   20   22   23   24
   25   24   24   23   22   21   20   19   19   20   21   23   26   30   34   38
   42   45   47   49   51   53   56   59   61
    62.5-180.0 180.0   5.0 450.0                            LAT/LON1/LON2/DLON/H
   66   69   73   75   78   80   82   85   87   90   93   95   97   96   95   93
   88   83   78   72   67   62   58   53   48   43   39   36   34   32   31   31
   29   28   27   25   24   23   22   21   19   19   19   18   19   21   22   23
   23   23   22   21   21   20   20   19   20   20   22   24   27   32   36   41
   45   49   52   54   56   58   60   63   66
    60.0-180.0 180.0   5.0 450.0                            LAT/LON1/LON2/DLON/H
   72   75   78   80   82   84   85   87   88   91   93   96   97   98   98   95
   92   87   83   78   72   66   61   56   50   45   40   37   35   34   32   31
   29   27   25   23   22   21   21   20   20   20   20   21   22   24   25   25
   25   24   23   23   23   23   23   24   24   25   26   28   31   35   40   46
   51   55   58   60   62   64   66   69   72
    57.5-180.0 180.0   5.0 450.0                            LAT/LON1/LON2/DLON/H
   79   82   85   88   90   91   91   92   92   93   96   98  100  101  100   99
   96   93   88   83   77   72   67   62   55   51   45   43   41   39   37   35
   32   29   26   25   24   23   23   24   24   24   26   26   27   29   29   30
   29   29   28   29   28   30   30   32   32   33   34   35   37   41   46   51
   56   61   65   68   70   71   73   76   79
    55.0-180.0 180.0   5.0 450.0                            LAT/LON1/LON2/DLON/H
   87   90   94   97   99  100  100   99   99   99  100  102  103  105  104  102
  100   97   93   88   83   78   74   69   62   57   53   52   50   48   45   42
   38   34   31   29   29   29   29   31   31   32   34   35   36   36   36   36
   36   37   36   37   38   39   41   42   43   42   43   43   44   47   52   57
   62   68   72   76   78   80   82   84   87
    52.5-180.0 180.0   5.0 450.0                            LAT/LON1/LON2/DLON/H
   95   99  103  107  110  112  111  110  109  108  107  108  109  109  108  106
  104  100   97   93   89   84   80   75   69   65   61   60   59   57   53   49
   45   41   38   36   36   36   38   39   41   43   43   44   45   45   44   44
   45   46   45   46   47   49   51   53   53   52   52   51   51   53   57   62
   67   73   78   83   86   88   90   93   95
    50.0-180.0 180.0   5.0 450.0                            LAT/LON1/LON2/DLON/H
  105  109  113  120  123  125  125  124  122  119  117  116  115  113  111  109
  107  105  101   97   93   89   85   81   76   72   69   67   67   65   60   56
   52   48   46   45   45   46   48   50   51   52   53   54   54   54   52   52
   53   54   54   54   55   57   59   60   61   61   59   57   56   57   60   65
   71   77   83   88   93   97  100  101  105
    47.5-180.0 180.0   5.0 450.0                            LAT/LON1/LON2/DLON/H
  115  118  124  130  135  139  141  139  136  133  129  126  123  119  116  113
  111  110  106  103   99   95   92   88   83   80   76   73   72   70   66   61
   58   55   54   53   54   56   58   59   60   61   61   61   62   61   59   59
   60   61   61   62   62   63   64   66   66   65   62   60   59   59   62   68
   74   81   87   93   99  104  108  110  115
    45.0-180.0 180.0   5.0 450.0                            LAT/LON1/LON2/DLON/H
  123  127  133  139  146  152  155  154  151  147  142  137  131  126  121  118
  116  114  111  109  106  103  101   97   93   88   83   79   76   73   69   65
   62   61   60   61   64   65   66   67   67   66   66   66   66   67   67   67
   68   69   68   68   68   68   69   69   68   66   63   60   60   61   65   71
   78   85   91   97  104  108  114  119  123
    42.5-180.0 180.0   5.0 450.0                            LAT/LON1/LON2/DLON/H
  130  135  140  146  154  162  166  167  164  160  154  147  140  134  128  125
  122  119  117  115  114  112  111  109  104   97   90   84   78   74   70   66
   64   65   66   68   71   72   72   71   70   68   68   69   70   72   73   75
   74   75   74   73   71   70   70   70   68   66   63   60   60   63   68   75
   82   89   96  102  108  113  120  126  130
    40.0-180.0 180.0   5.0 450.0                            LAT/LON1/LON2/DLON/H
  136  141  146  152  159  167  173  175  173  170  165  158  150  143  136  132
  128  125  123  123  123  123  124  122  116  107   98   89   81   75   70   66
   66   67   70   73   76   76   75   73   71   70   70   73   76   78   79   80
   80   80   78   75   73   69   69   68   67   64   61   60   60   64   71   78
   86   94  101  107  113  117  126  131  136
    37.5-180.0 180.0   5.0 450.0                            LAT/LON1/LON2/DLON/H
  142  147  152  156  162  170  176  179  179  177  173  167  160  152  145  140
  135  132  131  131  132  135  137  134  128  117  105   94   85   77   72   68
   68   70   73   76   78   78   76   74   73   72   73   77   81   83   83   83
   83   82   79   76   72   68   67   66   64   62   58   58   59   65   74   82
   90   98  105  110  117  122  129  137  142
    35.0-180.0 180.0   5.0 450.0                            LAT/LON1/LON2/DLON/H
  148  153  157  161  165  170  176  179  181  181  179  175  169  162  154  148
  144  141  139  139  142  146  147  145  138  126  113  101   91   83   77   73
   71   72   75   78   79   79   78   77   76   75   77   81   84   86   85   84
   83   82   79   75   70   66   64   63   61   59   56   55   58   66   76   86
   95  102  108  114  120  126  133  141  148
    32.5-180.0 180.0   5.0 450.0                            LAT/LON1/LON2/DLON/H
  153  159  164  167  169  171  175  178  180  181  183  181  177  171  163  157
  152  149  147  147  150  154  155  152  145  134  121  109  100   92   85   80
   77   77   78   80   81   81   81   81   80   81   82   85   87   88   86   83
   81   80   77   73   68   64   62   61   59   56   53   53   57   65   77   89
   98  106  112  118  124  131  137  146  153
    30.0-180.0 180.0   5.0 450.0                            LAT/LON1/LON2/DLON/H
  160  167  173  176  176  175  176  178  180  182  184  185  184  179  172  165
  160  157  155  155  156  158  158  156  149  140  130  120  112  105   98   91
   86   84   83   83   84   84   84   84   85   87   88   89   89   89   85   82
   80   77   75   72   68   64   62   61   60   56   51   51   55   65   78   90
  100  108  116  122  128  136  143  152  160
    27.5-180.0 180.0   5.0 450.0                            LAT/LON1/LON2/DLON/H
  170  179  185  189  188  184  182  182  183  184  186  188  189  186  179  172
  169  165  162  160  160  160  160  157  152  146  139  131  126  120  112  104
   97   93   90   88   88   87   87   88   91   91   92   90   88   87   84   80
   77   76   74   71   67   64   62   62   61   57   51   49   54   65   78   91
  102  110  119  127  134  141  149  159  170
    25.0-180.0 180.0   5.0 450.0                            LAT/LON1/LON2/DLON/H
  182  194  203  207  205  201  197  194  192  191  191  192  193  191  185  180
  176  172  169  165  163  161  160  159  155  152  148  144  140  135  128  118
  110  104   98   95   93   93   93   94   96   96   94   89   87   84   81   78
   76   75   74   71   67   63   62   62   62   58   53   49   54   65   79   93
  103  113  123  133  141  148  157  169  182
    22.5-180.0 180.0   5.0 450.0                            LAT/LON1/LON2/DLON/H
  196  212  223  232  231  225  220  213  208  204  202  200  199  196  191  187
  182  178  174  170  166  164  163  162  161  161  160  157  154  149  142  133
  124  116  108  104  101  100  101  102  101   99   95   89   84   82   78   76
   74   74   74   71   67   63   62   62   61   58   54   52   56   67   81   94
  104  114  127  138  148  155  166  179  196
    20.0-180.0 180.0   5.0 450.0                            LAT/LON1/LON2/DLON/H
  210  231  247  259  262  259  250  241  233  225  217  211  206  202  198  194
  189  184  180  175  172  170  169  169  170  172  172  171  169  162  154  145
  137  127  119  113  111  111  113  112  108  102   96   87   82   79   77   74
   73   73   74   72   67   64   62   62   61   59   55   53   58   70   84   96
  105  116  130  145  156  164  175  191  210
    17.5-180.0 180.0   5.0 450.0                            LAT/LON1/LON2/DLON/H
  226  249  269  286  293  292  286  277  265  253  240  227  216  209  205  201
  196  191  186  182  180  179  179  181  183  186  187  185  181  173  164  155
  148  138  128  123  122  123  124  122  115  106   97   86   81   79   77   75
   74   75   75   73   69   65   63   62   61   59   55   56   62   75   88  100
  109  120  134  151  163  174  186  204  226
    15.0-180.0 180.0   5.0 450.0                            LAT/LON1/LON2/DLON/H
  240  264  289  311  322  326  324  316  301  283  266  247  230  219  213  209
  205  200  194  191  191  193  195  198  201  205  205  202  193  182  171  164
  157  147  138  133  133  134  135  132  122  110   98   86   80   79   79   78
   77   77   77   75   71   67   64   63   62   59   57   59   67   81   94  105
  113  124  139  157  170  183  197  216  240
    12.5-180.0 180.0   5.0 450.0                            LAT/LON1/LON2/DLON/H
  252  278  303  327  346  353  356  351  335  315  295  270  246  231  223  218
  214  210  206  206  209  213  216  220  224  227  226  219  206  191  178  169
  163  155  148  145  143  145  147  142  130  115  101   87   82   82   83   82
   80   80   80   79   74   69   65   63   62   59   59   62   71   85   99  110
  118  128  144  162  176  191  206  227  252
    10.0-180.0 180.0   5.0 450.0                            LAT/LON1/LON2/DLON/H
  260  285  310  334  354  367  373  372  359  339  319  292  265  246  236  229
  226  223  222  226  232  239  243  246  249  249  245  235  219  200  185  175
  169  162  157  154  154  156  156  150  137  120  106   91   86   87   88   86
   84   83   83   80   76   70   66   63   62   60   59   62   72   87  102  112
  121  132  147  166  181  197  214  236  260
     7.5-180.0 180.0   5.0 450.0                            LAT/LON1/LON2/DLON/H
  267  290  311  331  348  362  372  378  371  356  337  313  286  265  252  244
  240  238  240  248  258  267  270  273  273  269  263  251  231  209  191  180
  174  168  163  160  161  164  163  157  143  126  111  100   95   93   92   90
   88   85   83   80   75   70   66   64   62   60   59   62   72   87  103  114
  123  135  150  167  183  201  220  243  267
     5.0-180.0 180.0   5.0 450.0                            LAT/LON1/LON2/DLON/H
  272  293  311  326  339  351  363  372  372  365  350  330  305  284  271  261
  258  258  262  273  284  294  296  296  293  288  279  265  242  218  197  183
  176  170  164  163  165  168  167  161  149  132  117  111  103   99   96   93
   89   84   81   77   73   69   66   64   62   59   58   60   70   86  103  115
  125  136  151  168  185  204  224  248  272
     2.5-180.0 180.0   5.0 450.0                            LAT/LON1/LON2/DLON/H
  277  297  314  326  336  346  356  367  372  369  359  343  323  305  292  283
  280  281  286  298  310  318  318  314  309  303  293  275  251  224  201  186
  176  168  163  162  166  169  168  163  153  143  130  119  108  102   98   94
   88   82   78   73   69   66   64   62   60   57   55   57   67   83  100  114
  125  136  151  167  184  204  227  252  277
