ionex_files/bejaia/igsg0830.21i
     1.0            IONOSPHERE MAPS     MIX                 IONEX VERSION / TYPE
cmpcmb v1.2          GRL/UWM            12-apr-21 05:31     PGM / RUN BY / DATE 
ionex file containing IGS COMBINED Ionosphere maps          COMMENT             
global ionosphere maps for day 083, 2021                    DESCRIPTION         
IONEX file containing the COMBINED IGS TEC MAPS and DCBs    DESCRIPTION         
      IONEX files of the following IAACs were combined: cod DESCRIPTION         
                                                        esa DESCRIPTION         
                                                        jpl DESCRIPTION         
                                                        upc DESCRIPTION         
Contact address: Andrzej Krankowski                         DESCRIPTION
                 Geodynamics Research Laboratory            DESCRIPTION
                 University of Warmia and Mazury (GRL/UWM)  DESCRIPTION
                 Oczapowski St. 1                           DESCRIPTION
                 10-957-Olsztyn, POLAND                     DESCRIPTION
                 e-mail:  kand@uwm.edu.pl                   DESCRIPTION
                                                            DESCRIPTION         
  2021     3    24     0     0     0                        EPOCH OF FIRST MAP  
  2021     3    25     0     0     0                        EPOCH OF LAST MAP   
  7200                                                      INTERVAL            
    13                                                      # OF MAPS IN FILE   
  COSZ                                                      MAPPING FUNCTION    
     0.0                                                    ELEVATION CUTOFF    
combined TEC calculated as weighted mean of input TEC valuesOBSERVABLES USED    
   375                                                      # OF STATIONS       
    32                                                      # OF SATELLITES     
  6371.0                                                    BASE RADIUS         
     2                                                      MAP DIMENSION       
   450.0 450.0   0.0                                        HGT1 / HGT2 / DHGT  
    87.5 -87.5  -2.5                                        LAT1 / LAT2 / DLAT  
  -180.0 180.0   5.0                                        LON1 / LON2 / DLON  
    -1                                                      EXPONENT            
TEC values in 0.1 tec units;  9999, if no value available   COMMENT             
DCB values in nanoseconds, reference is Sum_of_SatDCBs = 0  COMMENT             
                                                            END OF HEADER       
[from data line 2574]
     7                                                      START OF TEC MAP    
  2021     3    24    12     0     0                        EPOCH OF CURRENT MAP
    87.5-180.0 180.0   5.0 450.0                            LAT/LON1/LON2/DLON/H
   77   77   78   78   78   79   79   79   79   80   80   80   80   80   81   81
   80   80   80   80   80   80   80   80   80   79   79   79   79   79   78   78
   78   78   78   77   77   77   76   76   76   76   75   75   75   75   74   74
   74   74   74   74   74   74   73   74   74   74   74   74   74   74   74   75
   75   75   75   76   76   76   76   77   77
    85.0-180.0 180.0   5.0 450.0                            LAT/LON1/LON2/DLON/H
   74   74   75   76   76   77   78   78   79   79   79   79   80   80   80   80
   80   80   80   80   80   80   79   79   79   79   79   79   78   78   78   78
   78   77   77   76   75   75   74   73   73   72   72   71   71   71   70   70
   70   69   69   69   69   69   69   69   69   69   68   69   69   69   69   70
   70   70   70   71   71   72   72   73   74
    82.5-180.0 180.0   5.0 450.0                            LAT/LON1/LON2/DLON/H
   68   69   70   71   72   74   75   76   76   77   77   78   78   78   78   78
   77   77   76   76   76   76   76   76   76   76   77   77   76   76   76   76
   76   75   75   75   74   73   72   71   70   69   68   67   67   66   66   66
   66   65   65   65   65   65   65   65   64   64   64   64   64   64   63   63
   64   63   64   64   64   65   66   67   68
    80.0-180.0 180.0   5.0 450.0                            LAT/LON1/LON2/DLON/H
   60   62   63   65   67   68   69   69   70   71   72   72   72   72   72   72
   72   72   71   71   71   70   70   71   72   73   73   74   74   75   76   76
   76   76   75   75   74   73   72   70   69   68   66   65   64   64   63   63
   62   62   62   62   62   62   62   62   61   61   60   60   60   59   58   57
   57   57   56   56   56   57   58   59   60
    77.5-180.0 180.0   5.0 450.0                            LAT/LON1/LON2/DLON/H
   52   54   56   57   59   60   61   63   64   65   65   66   65   66   66   65
   65   65   64   64   64   64   64   67   67   69   71   72   73   75   76   77
   77   77   77   76   75   74   72   71   69   68   66   64   63   62   62   62
   62   62   62   62   61   61   61   60   60   59   58   57   56   55   54   53
   51   50   49   49   48   48   50   51   52
    75.0-180.0 180.0   5.0 450.0                            LAT/LON1/LON2/DLON/H
   44   46   47   49   51   53   54   55   56   57   58   58   58   57   57   56
   57   57   56   57   58   58   60   61   63   65   67   69   72   74   76   78
   78   79   79   79   77   76   75   73   71   69   68   67   65   64   64   64
   64   64   64   63   63   63   62   61   60   59   57   56   55   53   51   49
   47   46   44   42   41   42   42   43   44
    72.5-180.0 180.0   5.0 450.0                            LAT/LON1/LON2/DLON/H
   37   39   41   42   44   45   46   48   48   49   50   49   49   49   49   50
   50   50   52   52   52   54   56   58   60   62   65   68   71   74   76   78
   80   81   80   80   79   78   77   76   74   72   71   70   69   69   69   69
   69   69   69   68   67   66   64   62   61   60   57   55   54   52   50   48
   46   43   41   39   38   36   36   36   37
    70.0-180.0 180.0   5.0 450.0                            LAT/LON1/LON2/DLON/H
   33   34   37   38   40   41   42   43   43   43   43   43   43   43   44   45
   46   47   48   49   50   52   55   57   59   61   64   67   70   73   75   77
   79   80   81   81   80   78   78   78   76   76   75   75   75   76   76   77
   77   77   75   74   72   70   68   65   63   61   58   55   53   51   50   47
   45   43   40   37   35   34   33   33   33
    67.5-180.0 180.0   5.0 450.0                            LAT/LON1/LON2/DLON/H
   31   33   34   36   37   39   40   40   39   39   39   39   39   40   41   42
   44   46   47   48   50   53   56   58   60   62   65   67   69   72   74   76
   78   79   80   80   80   79   78   79   79   79   79   80   81   82   84   84
   84   83   82   80   77   73   70   67   64   61   57   55   53   51   49   47
   44   42   39   36   34   32   32   31   31
    65.0-180.0 180.0   5.0 450.0                            LAT/LON1/LON2/DLON/H
   31   33   34   35   36   38   38   38   37   36   37   37   38   39   40   41
   43   45   47   49   51   54   58   59   62   64   66   67   69   71   72   74
   76   78   78   79   79   79   79   80   81   82   83   85   87   88   90   90
   90   89   87   83   80   76   72   68   64   61   57   55   52   50   48   46
   44   41   39   37   35   33   32   31   31
    62.5-180.0 180.0   5.0 450.0                            LAT/LON1/LON2/DLON/H
   33   33   34   35   37   37   37   37   36   35   35   36   36   37   38   39
   42   44   47   49   51   55   59   61   63   65   66   67   68   69   70   72
   74   76   77   77   78   79   80   81   82   84   86   89   91   93   94   95
   94   92   89   86   82   77   73   68   64   61   57   55   52   50   48   46
   44   42   41   39   37   36   34   34   33
    60.0-180.0 180.0   5.0 450.0                            LAT/LON1/LON2/DLON/H
   35   35   35   36   37   37   37   37   36   35   35   35   35   36   36   38
   40   43   45   48   51   54   59   61   63   65   66   67   67   68   70   71
   74   76   77   78   79   81   82   83   85   88   90   93   95   97   98   97
   96   94   91   87   83   78   74   70   65   62   59   56   53   52   49   48
   45   44   43   41   41   40   38   36   35
    57.5-180.0 180.0   5.0 450.0                            LAT/LON1/LON2/DLON/H
   39   38   37   38   39   39   39   38   37   36   35   34   34   34   34   35
   37   40   43   45   48   52   57   60   63   65   66   68   68   70   72   74
   76   78   79   81   82   84   85   87   90   92   95   98   99  100  101  100
   99   97   94   90   86   81   78   74   70   67   64   61   58   56   53   51
   48   47   46   45   45   44   42   41   39
    55.0-180.0 180.0   5.0 450.0                            LAT/LON1/LON2/DLON/H
   44   42   41   41   41   42   42   41   40   38   36   35   33   32   32   33
   35   36   39   43   45   49   54   58   61   65   67   70   71   74   76   79
   81   83   85   86   87   89   91   93   96   99  101  103  104  105  105  105
  103  102   99   96   92   88   84   81   77   75   72   69   66   63   60   57
   54   52   50   50   50   48   47   45   44
    52.5-180.0 180.0   5.0 450.0                            LAT/LON1/LON2/DLON/H
   49   48   46   47   47   47   47   46   45   42   40   38   34   32   30   31
   32   34   37   41   43   48   53   57   61   66   70   73   77   80   82   85
   88   90   92   93   94   95   97  100  103  107  109  110  111  111  111  111
  110  109  107  104  100   96   92   89   87   84   81   79   76   72   68   64
   61   58   56   55   56   55   53   51   49
    50.0-180.0 180.0   5.0 450.0                            LAT/LON1/LON2/DLON/H
   56   55   54   54   54   54   53   53   52   49   46   42   39   34   32   31
   31   34   37   41   44   48   53   58   64   69   74   79   83   87   90   93
   96   98  100  100  101  103  105  108  112  115  118  119  119  119  118  119
  119  118  116  113  109  106  102   98   95   92   90   87   84   82   78   74
   69   66   64   62   62   62   60   59   56
    47.5-180.0 180.0   5.0 450.0                            LAT/LON1/LON2/DLON/H
   64   63   62   62   63   63   62   61   59   57   54   50   45   40   36   34
   34   37   40   44   48   52   57   62   68   74   80   86   91   95   98  101
  103  105  108  108  108  110  113  117  121  124  127  128  128  127  127  128
  128  128  126  123  119  115  111  107  103  100   96   93   91   89   86   84
   79   75   72   70   70   69   68   66   64
    45.0-180.0 180.0   5.0 450.0                            LAT/LON1/LON2/DLON/H
   72   71   71   71   73   73   72   70   68   66   63   58   53   48   43   40
   40   42   46   50   55   59   64   69   75   82   88   95  100  104  107  109
  110  112  114  115  116  118  122  125  130  134  137  138  137  136  136  138
  139  138  136  133  129  124  120  116  111  105  100   97   95   94   93   91
   89   85   82   80   78   78   76   74   72
    42.5-180.0 180.0   5.0 450.0                            LAT/LON1/LON2/DLON/H
   80   80   79   80   81   81   80   78   76   74   72   68   63   57   51   48
   47   49   53   59   65   69   73   78   84   90   97  103  107  112  114  115
  116  118  120  122  124  127  131  135  140  144  147  148  148  147  146  147
  148  147  144  140  135  130  126  121  115  108  102   98   96   96   95   95
   94   92   91   89   87   86   84   82   80
    40.0-180.0 180.0   5.0 450.0                            LAT/LON1/LON2/DLON/H
   86   86   86   87   87   85   85   83   82   82   80   77   73   66   60   57
   56   57   62   68   75   79   84   88   94   99  105  111  115  118  120  120
  122  124  128  131  134  138  141  145  150  155  158  159  158  157  156  156
  155  154  150  145  140  136  131  125  117  109  101   96   95   95   95   96
   96   96   96   94   93   92   89   87   86
    37.5-180.0 180.0   5.0 450.0                            LAT/LON1/LON2/DLON/H
   88   89   89   90   89   87   86   86   86   87   87   85   81   76   70   65
   64   66   69   77   84   90   94   98  103  108  113  118  121  124  125  126
  128  132  137  143  148  151  155  160  164  168  171  171  170  166  164  162
  161  159  156  151  146  142  138  132  123  112  102   96   93   92   93   95
   97   97   97   97   95   93   91   89   88
    35.0-180.0 180.0   5.0 450.0                            LAT/LON1/LON2/DLON/H
   87   87   88   89   88   86   84   85   87   90   91   91   87   83   78   74
   72   72   76   84   92   98  103  107  111  116  120  123  127  129  131  132
  137  143  153  160  167  172  175  179  182  184  185  185  181  176  174  171
  169  166  163  160  157  155  150  145  135  122  110  101   95   92   92   94
   97   98   98   97   95   92   90   88   87
    32.5-180.0 180.0   5.0 450.0                            LAT/LON1/LON2/DLON/H
   83   82   84   86   85   83   81   82   85   89   92   93   92   88   84   80
   77   77   80   89   97  105  110  114  117  122  125  129  133  134  138  142
  150  160  172  182  191  198  203  205  206  203  202  199  194  189  186  182
  181  179  176  175  175  175  171  166  155  142  128  115  106   99   95   95
   98   99   98   95   93   89   86   83   83
    30.0-180.0 180.0   5.0 450.0                            LAT/LON1/LON2/DLON/H
   78   77   79   81   81   79   78   79   82   87   90   92   92   90   87   84
   81   80   83   91  101  109  115  119  122  127  130  134  138  142  148  155
  168  183  197  211  222  228  233  237  234  231  224  219  211  206  202  200
  199  199  198  200  202  204  202  197  186  171  155  139  126  113  105  102
  101  101   99   95   90   85   81   78   78
    27.5-180.0 180.0   5.0 450.0                            LAT/LON1/LON2/DLON/H
   74   73   75   78   79   77   76   77   80   84   87   89   89   88   87   84
   82   81   84   92  103  112  118  122  126  131  135  139  145  152  161  174
  191  210  228  245  256  262  271  275  265  256  248  242  234  228  226  225
  226  228  229  235  239  243  241  235  223  208  191  172  155  137  123  116
  111  107  104   97   90   83   78   75   74
    25.0-180.0 180.0   5.0 450.0                            LAT/LON1/LON2/DLON/H
   75   74   76   79   79   78   77   77   78   80   82   83   84   84   84   82
   80   79   82   92  104  113  121  125  129  134  139  145  152  163  177  195
  219  243  262  280  292  303  309  305  288  278  273  268  263  256  257  258
  259  264  269  278  286  288  287  280  266  250  233  214  194  170  150  138
  128  121  113  104   94   85   80   76   75
    22.5-180.0 180.0   5.0 450.0                            LAT/LON1/LON2/DLON/H
   79   79   82   83   84   83   80   79   78   78   78   78   78   79   79   78
   76   76   81   92  104  114  122  127  131  137  143  151  162  178  197  219
  249  275  297  312  322  333  335  320  302  296  296  295  292  288  291  294
  298  305  313  324  332  333  331  323  308  293  276  258  234  207  183  166
  152  141  130  116  102   93   85   81   79
    20.0-180.0 180.0   5.0 450.0                            LAT/LON1/LON2/DLON/H
   89   87   88   90   91   90   86   83   80   77   75   73   72   73   73   73
   72   73   80   92  104  116  123  127  132  139  147  157  173  193  219  246
  274  298  322  331  338  345  343  326  314  313  317  321  321  321  325  331
  336  346  358  365  372  370  365  353  337  324  311  295  270  241  213  196
  180  166  151  134  117  105   96   92   89
    17.5-180.0 180.0   5.0 450.0                            LAT/LON1/LON2/DLON/H
  102   98   97   98   99   98   94   88   83   78   73   69   67   67   67   68
   68   69   78   92  105  116  122  127  132  139  149  163  184  209  239  268
  294  316  332  336  338  342  339  330  328  331  341  347  349  350  355  361
  367  376  387  393  397  393  383  367  350  338  329  315  292  264  239  222
  205  191  173  155  136  123  113  106  102
    15.0-180.0 180.0   5.0 450.0                            LAT/LON1/LON2/DLON/H
  117  110  106  106  107  105  100   92   86   79   73   67   63   62   63   63
   63   67   77   91  105  115  121  126  132  141  153  171  195  223  254  282
  304  321  330  331  331  335  335  335  341  351  364  368  370  371  374  377
  383  389  399  406  406  399  385  367  351  341  332  321  301  276  255  238
  224  209  192  174  156  143  132  123  117
    12.5-180.0 180.0   5.0 450.0                            LAT/LON1/LON2/DLON/H
  132  121  116  115  114  111  104   94   87   81   74   67   62   60   59   60
   60   65   76   91  105  114  120  125  134  145  160  180  205  232  262  287
  306  318  323  323  325  329  335  342  354  368  380  383  384  383  382  383
  385  391  398  403  399  391  376  358  342  335  327  316  298  276  259  245
  231  216  203  188  172  160  149  139  132
    10.0-180.0 180.0   5.0 450.0                            LAT/LON1/LON2/DLON/H
  142  130  122  119  118  115  106   95   87   81   75   68   62   60   59   58
   59   65   77   93  105  113  119  127  137  150  168  189  212  239  266  287
  304  313  317  318  321  328  339  352  366  380  388  391  389  385  380  378
  378  383  387  388  383  376  362  344  329  322  317  304  286  268  253  240
  229  217  204  192  181  170  160  151  142
     7.5-180.0 180.0   5.0 450.0                            LAT/LON1/LON2/DLON/H
  145  133  124  120  118  114  106   96   88   82   77   70   63   60   59   58
   59   65   78   93  105  114  121  129  142  157  175  196  219  244  267  286
  301  309  312  316  322  332  348  364  379  390  394  393  387  378  371  365
  364  366  368  365  361  356  345  331  316  309  304  289  272  256  240  228
  218  208  198  190  181  173  164  155  145
     5.0-180.0 180.0   5.0 450.0                            LAT/LON1/LON2/DLON/H
  143  131  122  117  115  110  103   94   87   82   78   72   66   63   60   59
   60   67   79   93  106  115  123  134  148  164  183  203  225  247  267  284
  297  306  311  318  328  341  358  376  391  398  398  391  381  368  357  349
  345  343  343  340  338  336  328  318  307  296  289  273  257  243  226  211
  202  193  186  179  174  168  160  152  143
     2.5-180.0 180.0   5.0 450.0                            LAT/LON1/LON2/DLON/H
  136  125  116  112  108  104   96   90   85   82   78   73   67   64   61   59
   61   68   80   94  107  118  129  141  156  173  190  208  228  249  267  282
  295  305  313  324  337  352  369  385  397  400  395  384  370  355  340  329
  324  320  317  314  315  316  313  307  298  287  277  262  247  231  214  198
  186  177  170  164  160  156  150  143  136
