ionex_files/bejaia/igsg0650.21i
     1.0            IONOSPHERE MAPS     MIX                 IONEX VERSION / TYPE
cmpcmb v1.2          GRL/UWM            18-mar-21 04:06     PGM / RUN BY / DATE 
ionex file containing IGS COMBINED Ionosphere maps          COMMENT             
global ionosphere maps for day 065, 2021                    DESCRIPTION         
IONEX file containing the COMBINED IGS TEC MAPS and DCBs    DESCRIPTION         
      IONEX files of the following IAACs were combined: cod DESCRIPTION         
                                                        esa DESCRIPTION         
                                                        jpl DESCRIPTION         
                                                        upc DESCRIPTION         
Contact address: Andrzej Krankowski                         DESCRIPTION
                 Geodynamics Research Laboratory            DESCRIPTION
                 University of Warmia and Mazury (GRL/UWM)  DESCRIPTION
                 Oczapowski St. 1                           DESCRIPTION
                 10-957-Olsztyn, POLAND                     DESCRIPTION
                 e-mail:  kand@uwm.edu.pl                   DESCRIPTION
                                                            DESCRIPTION         
  2021     3     6     0     0     0                        EPOCH OF FIRST MAP  
  2021     3     7     0     0     0                        EPOCH OF LAST MAP   
  7200                                                      INTERVAL            
    13                                                      # OF MAPS IN FILE   
  COSZ                                                      MAPPING FUNCTION    
     0.0                                                    ELEVATION CUTOFF    
combined TEC calculated as weighted mean of input TEC valuesOBSERVABLES USED    
   371                                                      # OF STATIONS       
    32                                                      # OF SATELLITES     
  6371.0                                                    BASE RADIUS         
     2                                                      MAP DIMENSION       
   450.0 450.0   0.0                                        HGT1 / HGT2 / DHGT  
    87.5 -87.5  -2.5                                        LAT1 / LAT2 / DLAT  
  -180.0 180.0   5.0                                        LON1 / LON2 / DLON  
    -1                                                      EXPONENT            
TEC values in 0.1 tec units;  9999, if no value available   COMMENT             
DCB values in nanoseconds, reference is Sum_of_SatDCBs = 0  COMMENT             
                                                            END OF HEADER       
[from data line 1716]
     5                                                      START OF TEC MAP    
  2021     3     6     8     0     0                        EPOCH OF CURRENT MAP
    87.5-180.0 180.0   5.0 450.0                            LAT/LON1/LON2/DLON/H
   57   58   58   58   57   57   57   56   56   56   56   56   56   55   56   56
   56   56   56   56   55   55   55   55   54   54   54   54   54   54   54   54
   55   55   54   55   55   56   56   56   57   57   57   58   58   59   59   59
   60   60   60   60   60   60   60   60   60   59   60   60   60   60   59   59
   59   59   59   58   58   58   58   57   57
    85.0-180.0 180.0   5.0 450.0                            LAT/LON1/LON2/DLON/H
   58   58   59   59   60   60   59   59   59   58   57   57   56   55   54   53
   52   50   50   50   49   49   48   48   47   47   47   47   47   48   49   49
   49   50   51   52   52   53   54   55   55   56   57   57   58   58   58   59
   60   60   61   61   61   61   61   61   60   60   60   60   60   59   59   59
   58   57   57   57   57   57   57   57   58
    82.5-180.0 180.0   5.0 450.0                            LAT/LON1/LON2/DLON/H
   57   58   58   59   59   59   58   58   56   55   54   53   51   49   48   46
   45   44   43   42   40   39   39   39   39   39   40   40   42   43   44   45
   46   47   48   50   51   52   53   55   56   57   58   59   60   61   62   63
   63   64   63   64   63   63   63   62   62   62   61   60   59   58   58   56
   56   55   55   54   55   55   56   57   57
    80.0-180.0 180.0   5.0 450.0                            LAT/LON1/LON2/DLON/H
   55   57   58   58   59   59   58   58   57   55   54   52   49   47   44   41
   38   37   35   33   32   32   31   31   32   33   35   35   37   38   40   41
   43   44   46   48   50   52   54   55   57   59   61   62   64   65   67   68
   69   70   70   69   69   68   67   67   66   65   64   62   61   59   57   56
   54   53   52   51   52   52   53   54   55
    77.5-180.0 180.0   5.0 450.0                            LAT/LON1/LON2/DLON/H
   52   54   55   56   58   60   61   60   59   56   53   49   46   41   37   34
   31   30   27   26   26   25   26   27   28   28   30   32   33   35   37   40
   42   44   46   48   50   53   55   57   60   62   64   66   69   70   72   74
   75   76   76   77   76   76   75   74   73   72   70   68   65   63   60   57
   54   52   50   48   48   48   49   51   52
    75.0-180.0 180.0   5.0 450.0                            LAT/LON1/LON2/DLON/H
   48   49   52   55   59   62   62   61   59   56   51   46   42   36   32   27
   23   22   22   22   21   21   22   24   26   28   29   30   33   35   37   39
   41   44   46   49   52   55   58   61   64   67   69   72   74   76   78   80
   82   83   84   84   84   84   83   83   82   80   78   76   73   69   65   62
   58   54   50   47   45   45   46   47   48
    72.5-180.0 180.0   5.0 450.0                            LAT/LON1/LON2/DLON/H
   44   46   49   53   58   60   60   59   57   53   48   43   38   31   27   23
   22   21   20   19   20   21   22   25   27   29   30   32   33   35   38   40
   42   45   48   51   54   57   61   64   67   70   73   76   78   81   83   86
   88   89   90   90   91   91   91   91   90   88   87   84   81   78   73   68
   64   58   53   48   45   43   43   43   44
    70.0-180.0 180.0   5.0 450.0                            LAT/LON1/LON2/DLON/H
   41   43   46   50   52   55   56   55   53   50   47   42   37   30   27   25
   23   21   20   20   21   24   27   29   30   33   33   35   36   37   38   40
   42   45   49   52   56   59   63   66   69   72   75   78   82   84   88   90
   92   93   94   95   95   95   96   96   95   94   93   91   88   86   81   76
   71   65   58   53   47   44   41   40   41
    67.5-180.0 180.0   5.0 450.0                            LAT/LON1/LON2/DLON/H
   39   40   43   46   48   52   53   52   51   49   46   41   37   33   30   28
   26   24   23   24   27   30   32   33   35   36   37   37   37   37   38   40
   42   45   49   52   56   60   63   66   69   73   76   80   83   87   90   92
   94   95   96   96   96   96   96   97   96   96   95   94   93   91   87   83
   78   71   65   58   52   47   42   40   39
    65.0-180.0 180.0   5.0 450.0                            LAT/LON1/LON2/DLON/H
   40   40   41   42   45   46   48   48   47   46   44   41   37   35   32   31
   30   28   28   30   32   35   37   37   38   38   38   37   36   36   36   38
   40   43   47   51   55   59   62   65   69   73   77   81   85   88   91   93
   95   96   96   95   94   94   93   94   94   94   94   94   94   93   90   87
   82   77   70   64   58   51   46   43   40
    62.5-180.0 180.0   5.0 450.0                            LAT/LON1/LON2/DLON/H
   43   41   40   40   40   41   42   42   42   42   41   40   38   36   34   34
   33   33   33   33   36   38   39   39   39   38   37   36   34   33   33   34
   37   41   45   49   53   57   60   64   68   72   76   81   86   89   92   94
   95   95   94   93   92   91   90   90   90   90   91   92   92   92   91   89
   85   80   75   69   63   56   51   46   43
    60.0-180.0 180.0   5.0 450.0                            LAT/LON1/LON2/DLON/H
   46   43   41   39   37   37   37   37   37   37   37   38   37   36   35   36
   35   35   35   35   36   36   37   37   36   35   34   33   31   29   30   32
   35   39   44   48   52   55   59   63   67   71   76   82   87   91   93   95
   95   95   94   93   91   90   89   88   88   88   89   90   90   90   90   89
   87   83   79   74   68   62   55   50   46
    57.5-180.0 180.0   5.0 450.0                            LAT/LON1/LON2/DLON/H
   51   47   43   41   38   36   34   32   32   33   34   34   35   34   35   35
   35   36   35   34   33   33   32   32   31   31   30   28   26   25   27   30
   34   38   43   48   52   55   59   63   67   72   78   84   89   92   95   97
   97   97   96   96   94   93   92   91   90   89   90   90   91   91   90   90
   88   85   82   77   72   67   61   55   51
    55.0-180.0 180.0   5.0 450.0                            LAT/LON1/LON2/DLON/H
   57   52   47   44   41   37   34   31   29   29   30   31   32   32   33   33
   33   34   32   31   29   27   26   26   26   26   26   24   23   23   25   29
   35   40   46   50   54   57   61   65   70   75   81   87   92   96   99  101
  102  103  103  103  102  102  100   99   98   96   96   95   95   94   93   91
   90   88   85   80   76   71   66   61   57
    52.5-180.0 180.0   5.0 450.0                            LAT/LON1/LON2/DLON/H
   62   58   54   49   45   41   37   34   30   29   29   29   30   30   31   30
   30   30   29   27   25   23   22   22   23   23   23   21   21   22   26   31
   37   44   50   55   59   62   66   70   75   80   86   92   97  102  105  107
  110  112  113  114  114  114  113  111  109  108  106  105  103  101   98   95
   93   90   87   83   80   76   72   67   62
    50.0-180.0 180.0   5.0 450.0                            LAT/LON1/LON2/DLON/H
   68   64   60   56   52   48   42   38   34   32   31   30   31   31   30   29
   29   28   27   25   23   22   21   21   22   24   23   22   23   25   29   35
   42   50   56   62   66   69   73   77   82   87   93   99  104  109  113  117
  119  122  124  126  127  127  126  123  121  120  118  117  114  110  105  102
   98   93   90   87   83   80   76   72   68
    47.5-180.0 180.0   5.0 450.0                            LAT/LON1/LON2/DLON/H
   72   69   66   63   60   55   50   46   41   38   36   34   34   33   32   31
   30   30   28   27   26   25   25   25   27   28   28   27   28   31   34   40
   49   58   64   70   74   78   81   86   90   96  102  107  113  118  123  126
  128  132  135  137  138  138  135  133  131  130  128  126  123  119  115  110
  105   99   94   90   85   82   78   75   72
    45.0-180.0 180.0   5.0 450.0                            LAT/LON1/LON2/DLON/H
   74   73   71   69   67   63   59   54   50   46   43   42   41   39   37   36
   35   34   34   34   33   32   33   33   35   36   36   35   35   36   41   47
   56   65   73   79   84   87   91   95  100  105  110  115  121  127  131  135
  138  141  143  145  146  144  140  137  134  133  132  131  129  126  122  118
  113  106  100   93   87   82   79   76   74
    42.5-180.0 180.0   5.0 450.0                            LAT/LON1/LON2/DLON/H
   74   74   73   73   71   70   67   63   59   55   52   50   50   48   46   44
   42   42   42   42   42   42   43   44   44   46   45   43   41   43   47   54
   64   74   82   88   92   97  101  105  109  113  118  123  129  134  139  143
  146  148  150  151  150  146  141  135  131  131  131  131  131  130  127  124
  119  112  105   96   88   81   77   75   74
    40.0-180.0 180.0   5.0 450.0                            LAT/LON1/LON2/DLON/H
   72   73   73   74   74   73   72   70   66   64   61   60   59   57   55   53
   51   50   51   52   53   53   53   53   53   53   52   50   47   48   52   59
   70   81   89   95  100  105  110  114  117  121  125  130  136  142  146  150
  152  154  155  155  152  146  138  131  127  126  127  128  129  130  130  128
  124  117  109   98   88   80   75   72   72
    37.5-180.0 180.0   5.0 450.0                            LAT/LON1/LON2/DLON/H
   69   70   70   71   73   73   74   73   72   70   69   69   69   67   65   62
   60   59   60   61   62   62   61   61   60   59   57   54   51   51   55   64
   75   86   94  101  106  111  117  122  125  129  133  137  142  147  152  156
  159  161  161  160  156  148  138  129  124  124  125  127  129  131  132  132
  128  121  112  100   89   79   73   69   69
    35.0-180.0 180.0   5.0 450.0                            LAT/LON1/LON2/DLON/H
   66   65   66   67   68   70   72   73   73   74   75   76   77   76   74   71
   68   67   67   68   68   68   67   65   63   62   59   55   52   52   57   67
   78   89   97  104  110  116  123  129  133  137  140  144  148  153  158  163
  167  170  171  170  166  157  147  137  132  130  130  131  132  134  135  137
  135  128  118  105   92   81   73   68   66
    32.5-180.0 180.0   5.0 450.0                            LAT/LON1/LON2/DLON/H
   65   62   61   61   63   64   67   70   72   73   76   79   82   82   80   78
   75   72   71   72   71   70   68   65   62   60   57   54   51   51   57   67
   80   90   99  106  113  120  128  135  140  144  148  151  155  160  166  172
  178  183  186  188  186  178  168  159  153  149  146  144  143  143  145  146
  144  138  128  113   99   86   76   69   65
    30.0-180.0 180.0   5.0 450.0                            LAT/LON1/LON2/DLON/H
   68   61   58   56   57   58   61   64   67   70   74   79   82   84   84   82
   79   76   74   72   71   69   66   62   60   57   55   51   48   49   56   68
   80   91   99  107  115  123  133  140  147  152  157  160  164  170  178  187
  195  204  210  217  218  214  204  195  188  180  174  168  164  161  161  161
  159  153  142  126  112   97   85   76   68
    27.5-180.0 180.0   5.0 450.0                            LAT/LON1/LON2/DLON/H
   77   68   60   55   53   54   56   58   61   65   70   75   80   83   83   83
   81   78   74   72   70   66   63   60   57   54   51   48   45   48   55   67
   79   90   99  107  116  126  137  146  154  161  166  171  177  184  195  207
  219  231  242  252  258  259  251  243  233  222  212  203  195  189  185  184
  179  173  162  147  132  116  102   89   77
    25.0-180.0 180.0   5.0 450.0                            LAT/LON1/LON2/DLON/H
   95   82   70   61   55   53   54   55   57   60   65   71   75   79   81   81
   80   77   74   71   68   65   62   59   56   53   49   45   43   46   54   65
   78   89   99  108  118  130  141  152  162  170  178  186  193  202  217  230
  247  263  277  291  301  307  301  294  283  270  257  246  234  226  218  215
  206  199  188  174  158  141  125  110   95
    22.5-180.0 180.0   5.0 450.0                            LAT/LON1/LON2/DLON/H
  118  103   88   74   64   59   56   56   56   58   62   67   71   75   76   77
   77   75   72   69   66   64   62   59   56   52   47   44   42   44   52   64
   76   88   99  109  120  133  146  158  170  181  191  202  212  224  240  259
  277  296  311  329  342  348  346  346  331  318  305  291  277  267  259  249
  242  231  219  204  187  170  153  135  118
    20.0-180.0 180.0   5.0 450.0                            LAT/LON1/LON2/DLON/H
  145  127  110   93   78   69   64   62   60   61   63   66   68   70   71   72
   73   73   70   67   65   63   62   59   56   52   48   44   42   43   49   61
   74   87   99  110  123  136  150  164  178  191  206  221  230  246  265  286
  306  326  342  359  371  378  378  380  370  359  346  330  314  302  293  283
  273  264  251  236  219  200  181  164  145
    17.5-180.0 180.0   5.0 450.0                            LAT/LON1/LON2/DLON/H
  170  153  134  115   96   83   76   72   69   68   67   67   67   68   67   68
   69   69   67   65   63   62   62   60   57   53   49   44   41   42   47   58
   72   86   99  112  125  140  155  171  185  202  219  235  251  267  287  309
  329  350  364  375  386  390  391  393  387  379  368  351  338  326  317  308
  299  289  281  265  247  227  207  189  170
    15.0-180.0 180.0   5.0 450.0                            LAT/LON1/LON2/DLON/H
  191  174  156  136  115  100   91   86   81   78   75   72   69   67   66   66
   66   66   64   63   61   61   61   60   58   54   50   46   42   41   46   57
   72   86  100  113  128  143  159  175  193  211  231  248  266  284  304  324
  342  358  366  373  380  384  384  386  384  379  370  358  348  340  331  323
  315  307  296  283  267  247  226  209  191
    12.5-180.0 180.0   5.0 450.0                            LAT/LON1/LON2/DLON/H
  205  190  174  154  132  116  106  100   95   91   87   81   75   71   68   66
   66   64   62   60   59   59   60   60   59   56   51   47   43   42   47   58
   73   88  102  117  131  146  162  179  197  217  238  258  278  297  314  330
  343  353  354  359  363  366  365  368  371  369  363  356  349  343  336  329
  323  315  304  292  277  258  238  221  205
    10.0-180.0 180.0   5.0 450.0                            LAT/LON1/LON2/DLON/H
  212  200  186  165  145  130  120  114  110  105  100   92   84   77   73   71
   68   66   62   58   57   57   59   59   58   56   53   49   45   44   49   60
   75   91  105  119  134  148  163  179  199  219  241  262  283  303  318  330
  339  342  340  343  347  350  349  352  358  359  357  352  347  340  334  327
  322  314  305  294  280  263  243  226  212
     7.5-180.0 180.0   5.0 450.0                            LAT/LON1/LON2/DLON/H
  215  206  192  173  155  141  134  128  125  120  115  105   96   87   82   79
   75   71   64   58   55   55   57   58   57   56   55   51   48   47   52   64
   80   95  109  122  135  148  162  177  197  218  241  263  283  302  316  327
  333  334  334  336  340  341  341  344  351  355  355  350  343  335  327  320
  315  309  301  290  278  261  243  227  215
     5.0-180.0 180.0   5.0 450.0                            LAT/LON1/LON2/DLON/H
  215  206  195  180  166  153  145  140  138  134  128  118  109  100   95   89
   84   79   68   61   56   55   57   59   58   58   57   54   52   51   56   69
   85   99  113  124  135  146  158  172  191  214  236  258  279  297  313  324
  332  335  335  337  340  342  340  343  351  356  357  351  341  328  319  310
  305  300  295  286  274  259  241  226  215
     2.5-180.0 180.0   5.0 450.0                            LAT/LON1/LON2/DLON/H
  215  207  197  184  173  163  156  152  150  147  141  132  124  113  108  102
   97   89   75   66   60   58   59   62   62   61   60   58   56   56   62   74
   89  103  115  124  133  142  152  165  185  207  229  251  270  289  307  321
  332  338  340  342  345  346  345  348  355  361  361  354  340  323  309  299
  294  290  287  280  270  256  241  226  215
