ionex_files/bejaia/igsg0750.21i
     1.0            IONOSPHERE MAPS     MIX                 IONEX VERSION / TYPE
cmpcmb v1.2          GRL/UWM             1-apr-21 10:07     PGM / RUN BY / DATE 
ionex file containing IGS COMBINED Ionosphere maps          COMMENT             
global ionosphere maps for day 075, 2021                    DESCRIPTION         
IONEX file containing the COMBINED IGS TEC MAPS and DCBs    DESCRIPTION         
      IONEX files of the following IAACs were combined: cod DESCRIPTION         
                                                        esa DESCRIPTION         
                                                        jpl DESCRIPTION         
                                                        upc DESCRIPTION         
Contact address: Andrzej Krankowski                         DESCRIPTION
                 Geodynamics Research Laboratory            DESCRIPTION
                 University of Warmia and Mazury (GRL/UWM)  DESCRIPTION
                 Oczapowski St. 1                           DESCRIPTION
                 10-957-Olsztyn, POLAND                     DESCRIPTION
                 e-mail:  kand@uwm.edu.pl                   DESCRIPTION
                                                            DESCRIPTION         
  2021     3    16     0     0     0                        EPOCH OF FIRST MAP  
  2021     3    17     0     0     0                        EPOCH OF LAST MAP   
  7200                                                      INTERVAL            
    13                                                      # OF MAPS IN FILE   
  COSZ                                                      MAPPING FUNCTION    
     0.0                                                    ELEVATION CUTOFF    
combined TEC calculated as weighted mean of input TEC valuesOBSERVABLES USED    
   373                                                      # OF STATIONS       
    32                                                      # OF SATELLITES     
  6371.0                                                    BASE RADIUS         
     2                                                      MAP DIMENSION       
   450.0 450.0   0.0                                        HGT1 / HGT2 / DHGT  
    87.5 -87.5  -2.5                                        LAT1 / LAT2 / DLAT  
  -180.0 180.0   5.0                                        LON1 / LON2 / DLON  
    -1                                                      EXPONENT            
TEC values in 0.1 tec units;  9999, if no value available   COMMENT             
DCB values in nanoseconds, reference is Sum_of_SatDCBs = 0  COMMENT             
                                                            END OF HEADER       
[from data line 1716]
     5                                                      START OF TEC MAP    
  2021     3    16     8     0     0                        EPOCH OF CURRENT MAP
    87.5-180.0 180.0   5.0 450.0                            LAT/LON1/LON2/DLON/H
   55   55   55   55   55   54   54   54   54   54   54   53   53   53   52   52
   52   52   52   52   52   52   52   52   52   52   52   52   52   53   53   53
   53   53   54   54   55   55   55   55   55   56   56   56   56   56   56   56
   57   57   57   57   57   57   57   57   57   57   57   57   56   56   56   56
   56   56   56   56   56   55   55   55   55
    85.0-180.0 180.0   5.0 450.0                            LAT/LON1/LON2/DLON/H
   52   52   52   52   51   51   51   50   50   50   49   49   49   48   47   48
   47   46   46   46   46   46   45   46   46   46   46   47   48   48   49   49
   50   50   51   52   52   53   53   54   55   55   55   56   56   56   56   57
   57   57   57   57   58   57   57   57   57   57   57   56   56   56   55   55
   55   55   54   54   54   53   53   53   52
    82.5-180.0 180.0   5.0 450.0                            LAT/LON1/LON2/DLON/H
   47   47   47   47   47   47   47   46   46   46   45   44   43   43   42   41
   40   39   39   38   38   38   38   38   38   38   39   40   41   41   42   43
   45   46   47   48   49   50   52   52   54   54   55   56   56   57   57   58
   58   58   58   58   58   58   58   58   58   57   57   56   56   55   55   54
   53   52   51   50   49   48   47   47   47
    80.0-180.0 180.0   5.0 450.0                            LAT/LON1/LON2/DLON/H
   41   42   41   42   41   42   42   42   42   41   40   39   38   36   35   34
   32   32   30   30   29   29   30   30   31   31   32   33   34   36   37   39
   41   42   44   46   48   49   51   52   54   55   56   57   58   59   59   60
   60   60   61   61   61   61   61   61   60   60   59   58   57   57   55   54
   52   51   49   47   45   44   42   42   41
    77.5-180.0 180.0   5.0 450.0                            LAT/LON1/LON2/DLON/H
   37   36   36   36   36   37   37   36   36   35   35   33   33   31   29   27
   26   25   24   23   23   23   23   24   24   25   26   28   29   31   33   35
   37   40   42   45   47   49   51   54   55   57   58   59   61   62   62   63
   64   64   65   65   66   67   66   66   66   65   64   63   62   61   59   57
   55   52   49   46   44   42   39   38   37
    75.0-180.0 180.0   5.0 450.0                            LAT/LON1/LON2/DLON/H
   34   33   32   31   31   31   32   31   31   30   30   28   28   25   23   21
   21   20   19   19   19   19   19   20   21   22   23   24   26   28   31   33
   36   39   42   44   47   50   53   54   57   59   61   63   64   66   67   68
   69   70   70   71   72   73   73   73   73   72   72   71   69   67   65   62
   59   57   53   49   45   42   39   36   34
    72.5-180.0 180.0   5.0 450.0                            LAT/LON1/LON2/DLON/H
   33   30   28   27   28   27   27   27   27   27   26   24   23   21   20   18
   17   16   16   17   17   18   18   19   20   21   21   23   25   27   30   33
   36   39   42   45   48   51   54   57   59   61   64   66   68   70   71   73
   74   76   77   78   79   80   81   81   80   80   79   78   76   74   72   69
   66   62   58   54   49   44   40   36   33
    70.0-180.0 180.0   5.0 450.0                            LAT/LON1/LON2/DLON/H
   33   29   27   25   25   24   23   23   23   23   21   20   19   18   18   17
   16   16   17   17   18   19   19   20   20   21   22   23   25   27   30   33
   36   39   43   46   49   52   56   58   61   63   66   68   71   73   75   77
   79   81   83   85   86   86   86   87   86   86   85   84   83   81   78   75
   72   68   64   59   53   48   42   37   33
    67.5-180.0 180.0   5.0 450.0                            LAT/LON1/LON2/DLON/H
   34   31   27   25   24   23   22   21   21   20   19   18   17   17   17   16
   17   17   18   19   20   21   21   21   21   22   22   24   25   27   29   33
   36   40   43   47   50   53   56   59   62   65   68   70   73   76   79   81
   83   85   87   89   90   90   90   90   90   89   88   88   86   85   82   80
   77   73   68   63   58   52   46   40   34
    65.0-180.0 180.0   5.0 450.0                            LAT/LON1/LON2/DLON/H
   37   33   29   26   24   23   22   21   20   18   17   17   16   16   16   17
   18   19   20   21   21   22   21   21   21   21   22   23   24   26   29   33
   36   40   43   47   51   54   57   60   64   67   70   73   76   79   82   84
   87   88   90   90   91   92   91   90   90   89   88   87   86   85   83   81
   78   75   71   66   61   55   49   42   37
    62.5-180.0 180.0   5.0 450.0                            LAT/LON1/LON2/DLON/H
   39   35   31   28   25   24   22   21   20   19   18   16   16   16   17   17
   18   19   20   21   21   21   21   20   20   20   20   21   23   25   28   32
   36   40   44   48   51   54   57   61   64   68   72   76   79   82   85   87
   89   90   91   91   91   91   90   89   88   87   86   85   85   83   82   80
   78   75   71   67   62   56   50   44   39
    60.0-180.0 180.0   5.0 450.0                            LAT/LON1/LON2/DLON/H
   41   36   33   30   27   25   24   22   21   19   18   17   17   16   17   18
   18   19   20   20   20   20   18   17   17   17   17   19   21   23   28   33
   37   41   45   48   51   55   58   62   66   70   75   79   82   86   88   90
   91   92   92   92   91   91   90   88   87   85   84   83   83   81   80   78
   76   73   70   66   62   57   51   46   41
    57.5-180.0 180.0   5.0 450.0                            LAT/LON1/LON2/DLON/H
   43   39   36   33   30   28   26   24   22   21   20   19   19   18   18   18
   18   18   18   18   17   17   16   14   15   14   15   17   19   23   27   33
   38   43   46   50   52   56   60   64   69   74   79   83   87   90   92   93
   94   95   95   95   94   93   91   89   88   87   85   84   83   81   79   77
   74   70   67   65   61   57   52   47   43
    55.0-180.0 180.0   5.0 450.0                            LAT/LON1/LON2/DLON/H
   45   42   39   36   34   31   29   27   26   24   23   22   21   20   19   18
   18   17   17   16   15   14   14   13   14   14   14   16   19   23   28   35
   40   45   48   52   55   58   63   67   73   78   83   88   92   95   96   98
   99   99   99  100   99   98   96   95   94   93   91   89   87   84   81   77
   72   69   66   63   60   57   53   49   45
    52.5-180.0 180.0   5.0 450.0                            LAT/LON1/LON2/DLON/H
   49   46   43   41   39   37   34   32   30   29   28   27   26   23   22   20
   19   18   17   16   15   15   14   14   15   15   15   16   20   24   30   37
   43   48   52   55   59   63   67   72   78   83   89   94   98  101  102  104
  105  106  107  107  107  106  105  104  103  102  100   98   95   90   84   79
   74   70   67   64   62   59   56   52   49
    50.0-180.0 180.0   5.0 450.0                            LAT/LON1/LON2/DLON/H
   53   51   48   46   44   42   40   37   35   34   33   32   31   28   25   23
   21   20   19   18   17   17   17   17   17   17   18   20   23   28   34   41
   47   52   56   60   63   68   72   77   83   89   94  100  104  107  109  111
  112  114  115  116  116  116  115  114  113  112  111  109  104   98   91   84
   79   74   70   67   64   61   60   56   53
    47.5-180.0 180.0   5.0 450.0                            LAT/LON1/LON2/DLON/H
   58   56   53   51   50   49   46   43   41   40   40   39   38   35   31   27
   26   24   23   23   23   23   23   24   24   24   24   26   29   33   39   45
   51   56   61   64   68   73   78   83   89   95  101  106  110  114  116  118
  120  122  123  124  124  123  122  121  120  120  119  117  113  107   99   92
   85   79   74   71   67   65   63   61   58
    45.0-180.0 180.0   5.0 450.0                            LAT/LON1/LON2/DLON/H
   61   60   58   57   56   55   52   50   47   47   47   47   46   43   38   35
   32   31   30   30   30   31   32   32   33   33   33   33   35   38   44   50
   55   60   64   69   74   78   83   88   94  100  105  111  115  119  121  125
  127  129  130  131  130  129  127  124  123  122  122  120  117  112  106   99
   92   85   79   74   71   68   66   64   61
    42.5-180.0 180.0   5.0 450.0                            LAT/LON1/LON2/DLON/H
   63   62   61   61   61   60   58   56   54   54   55   55   55   51   47   42
   40   40   39   39   39   39   40   41   42   42   41   40   41   43   48   53
   58   64   69   73   78   83   88   93   98  104  110  115  120  124  127  131
  135  137  137  137  135  132  129  124  121  121  119  119  117  114  109  104
   97   90   83   78   75   71   68   65   63
    40.0-180.0 180.0   5.0 450.0                            LAT/LON1/LON2/DLON/H
   63   62   62   63   63   63   63   61   60   61   62   63   63   60   56   51
   49   49   48   48   47   47   47   48   49   49   48   46   45   47   51   56
   61   66   72   77   83   88   93   98  103  108  114  120  126  131  135  140
  143  145  145  143  139  134  130  124  119  117  117  116  115  114  110  105
   99   93   87   82   77   73   69   66   63
    37.5-180.0 180.0   5.0 450.0                            LAT/LON1/LON2/DLON/H
   61   59   60   62   63   64   64   64   64   65   68   70   71   68   64   61
   58   58   57   56   55   53   53   54   54   55   52   49   48   49   52   57
   62   68   74   80   86   92   97  103  108  113  120  127  134  140  145  150
  154  156  155  152  146  139  133  127  122  118  117  115  115  113  111  107
  102   96   90   84   78   72   68   63   61
    35.0-180.0 180.0   5.0 450.0                            LAT/LON1/LON2/DLON/H
   57   54   56   58   59   61   62   64   65   68   72   75   77   76   73   70
   67   65   64   63   61   59   59   58   58   57   55   51   49   49   52   57
   63   69   76   83   90   97  103  108  114  121  128  137  145  152  159  165
  169  173  171  166  158  150  142  135  130  126  123  121  118  117  114  111
  106  101   94   87   80   73   67   61   57
    32.5-180.0 180.0   5.0 450.0                            LAT/LON1/LON2/DLON/H
   53   50   49   51   53   54   58   61   64   68   73   78   81   82   80   77
   74   71   69   67   65   63   62   60   59   58   54   50   47   47   51   57
   64   71   79   87   95  103  109  116  122  130  140  150  159  168  177  184
  191  196  195  188  179  169  161  156  151  146  141  136  132  127  123  119
  114  108  101   93   86   77   69   60   53
    30.0-180.0 180.0   5.0 450.0                            LAT/LON1/LON2/DLON/H
   55   48   44   43   45   47   49   56   60   65   72   77   82   85   85   83
   79   75   73   70   67   65   64   61   59   57   53   48   45   46   50   58
   66   75   83   91  100  109  116  124  132  141  153  166  177  188  198  208
  218  226  226  220  210  201  192  188  186  179  172  165  157  149  140  134
  127  121  113  104   96   86   75   64   55
    27.5-180.0 180.0   5.0 450.0                            LAT/LON1/LON2/DLON/H
   63   52   44   39   39   40   43   49   55   62   67   74   80   84   86   84
   81   77   74   72   69   67   64   62   59   55   51   46   43   44   50   58
   68   77   86   96  105  115  124  133  143  155  169  185  198  210  223  237
  250  259  262  256  247  240  233  230  231  224  215  204  192  179  167  157
  148  140  132  123  112  100   88   75   63
    25.0-180.0 180.0   5.0 450.0                            LAT/LON1/LON2/DLON/H
   77   62   48   40   37   38   39   43   50   57   62   69   75   81   84   83
   81   77   74   73   70   68   66   63   59   54   49   44   41   42   49   58
   69   79   89  100  111  122  133  144  156  170  187  204  220  234  250  266
  281  293  296  294  287  284  280  282  280  274  264  250  235  219  201  186
  174  164  156  148  136  123  108   94   77
    22.5-180.0 180.0   5.0 450.0                            LAT/LON1/LON2/DLON/H
   96   76   58   45   40   38   38   41   45   53   57   63   69   75   79   80
   78   75   73   72   71   69   66   62   58   52   46   41   38   40   47   58
   70   82   93  104  116  129  142  155  170  186  204  223  240  257  275  290
  306  320  326  327  325  326  321  327  328  322  310  295  280  262  242  221
  206  193  184  176  164  151  134  116   96
    20.0-180.0 180.0   5.0 450.0                            LAT/LON1/LON2/DLON/H
  120   95   72   57   47   43   42   43   45   49   54   58   63   68   73   74
   74   72   71   71   70   67   65   61   56   50   44   38   35   38   45   57
   71   84   96  108  121  136  150  166  182  200  218  238  255  274  292  308
  325  340  349  353  353  353  353  359  362  357  345  331  318  300  280  256
  237  223  217  204  191  178  162  144  120
    17.5-180.0 180.0   5.0 450.0                            LAT/LON1/LON2/DLON/H
  146  119   93   76   60   52   49   49   48   50   52   55   58   63   66   68
   68   68   68   68   67   64   61   58   53   47   41   35   32   34   42   56
   71   86   99  112  126  142  159  175  191  210  229  248  267  286  303  318
  333  350  359  362  362  362  365  370  373  371  363  352  341  325  306  283
  265  253  244  229  215  202  187  170  146
    15.0-180.0 180.0   5.0 450.0                            LAT/LON1/LON2/DLON/H
  169  143  118   98   79   65   61   59   56   54   53   54   55   58   61   62
   64   65   66   65   63   60   57   54   50   45   38   32   29   32   41   55
   72   87  101  114  129  146  164  181  200  220  238  256  275  290  305  317
  330  346  353  353  353  357  361  363  364  364  361  355  348  336  320  300
  285  273  261  246  232  218  204  190  169
    12.5-180.0 180.0   5.0 450.0                            LAT/LON1/LON2/DLON/H
  188  166  141  121  101   83   75   72   68   63   59   57   55   57   58   60
   61   63   64   63   61   57   53   50   46   42   37   31   28   30   40   55
   73   89  104  117  132  149  168  187  207  227  246  263  279  290  300  308
  317  328  334  337  338  343  345  347  348  348  348  346  343  335  324  308
  294  282  271  256  241  226  213  202  188
    10.0-180.0 180.0   5.0 450.0                            LAT/LON1/LON2/DLON/H
  197  180  161  142  122  105   93   86   81   76   70   65   61   61   60   61
   62   63   63   62   58   54   50   47   44   40   36   31   27   30   39   56
   74   92  106  120  135  152  171  190  212  232  251  268  281  288  294  298
  303  311  317  323  328  332  335  336  336  335  336  335  334  329  320  308
  296  284  273  259  243  227  215  206  197
     7.5-180.0 180.0   5.0 450.0                            LAT/LON1/LON2/DLON/H
  199  189  173  158  142  126  113  104   98   92   86   78   72   69   67   65
   65   65   64   62   57   52   48   45   42   39   35   31   28   31   41   58
   77   94  108  122  136  153  172  192  215  236  256  272  282  289  292  294
  297  302  309  318  325  331  334  333  332  330  330  329  325  320  314  304
  294  283  272  258  242  225  213  205  199
     5.0-180.0 180.0   5.0 450.0                            LAT/LON1/LON2/DLON/H
  197  192  182  173  162  147  133  122  115  109  102   93   86   80   76   72
   71   70   68   63   57   52   48   45   42   39   36   32   30   33   43   60
   80   96  110  123  137  153  172  192  215  238  258  274  286  294  299  301
  305  309  316  324  331  337  340  339  337  335  333  328  320  312  305  297
  288  278  268  255  240  224  210  202  197
     2.5-180.0 180.0   5.0 450.0                            LAT/LON1/LON2/DLON/H
  197  195  190  185  178  166  152  140  132  126  119  112  104   94   87   82
   80   78   73   65   59   54   50   48   44   41   37   34   33   36   46   63
   81   97  111  123  136  151  169  191  215  239  260  279  294  308  316  320
  323  327  330  336  342  347  350  351  350  347  341  331  318  305  296  288
  280  271  262  250  237  223  210  201  197
