ionex_files/bejaia/igsg0860.21i
     1.0            IONOSPHERE MAPS     MIX                 IONEX VERSION / TYPE
cmpcmb v1.2          GRL/UWM            12-apr-21 05:48     PGM / RUN BY / DATE 
ionex file containing IGS COMBINED Ionosphere maps          COMMENT             
global ionosphere maps for day 086, 2021                    DESCRIPTION         
IONEX file containing the COMBINED IGS TEC MAPS and DCBs    DESCRIPTION         
      IONEX files of the following IAACs were combined: cod DESCRIPTION         
                                                        esa DESCRIPTION         
                                                        jpl DESCRIPTION         
                                                        upc DESCRIPTION         
Contact address: Andrzej Krankowski                         DESCRIPTION
                 Geodynamics Research Laboratory            DESCRIPTION
                 University of Warmia and Mazury (GRL/UWM)  DESCRIPTION
                 Oczapowski St. 1                           DESCRIPTION
                 10-957-Olsztyn, POLAND                     DESCRIPTION
                 e-mail:  kand@uwm.edu.pl                   DESCRIPTION
                                                            DESCRIPTION         
  2021     3    27     0     0     0                        EPOCH OF FIRST MAP  
  2021     3    28     0     0     0                        EPOCH OF LAST MAP   
  7200                                                      INTERVAL            
    13                                                      # OF MAPS IN FILE   
  COSZ                                                      MAPPING FUNCTION    
     0.0                                                    ELEVATION CUTOFF    
combined TEC calculated as weighted mean of input TEC valuesOBSERVABLES USED    
   376                                                      # OF STATIONS       
    32                                                      # OF SATELLITES     
  6371.0                                                    BASE RADIUS         
     2                                                      MAP DIMENSION       
   450.0 450.0   0.0                                        HGT1 / HGT2 / DHGT  
    87.5 -87.5  -2.5                                        LAT1 / LAT2 / DLAT  
  -180.0 180.0   5.0                                        LON1 / LON2 / DLON  
    -1                                                      EXPONENT            
TEC values in 0.1 tec units;  9999, if no value available   COMMENT             
DCB values in nanoseconds, reference is Sum_of_SatDCBs = 0  COMMENT             
                                                            END OF HEADER       
[from data line 4290]
    11                                                      START OF TEC MAP    
  2021     3    27    20     0     0                        EPOCH OF CURRENT MAP
    87.5-180.0 180.0   5.0 450.0                            LAT/LON1/LON2/DLON/H
   66   66   67   67   67   68   69   69   69   69   69   70   70   70   70   70
   70   70   70   70   70   69   69   69   69   68   68   67   67   66   66   65
   65   64   64   63   63   62   62   62   61   61   61   61   60   60   60   60
   60   60   60   60   60   60   60   61   61   61   61   62   62   62   63   63
   63   63   64   64   64   65   65   66   66
    85.0-180.0 180.0   5.0 450.0                            LAT/LON1/LON2/DLON/H
   67   68   68   69   70   71   72   73   73   74   75   75   75   76   76   77
   77   77   77   76   76   75   75   74   73   72   72   70   70   68   67   66
   65   63   62   62   61   60   60   59   59   58   58   58   58   58   58   58
   58   58   58   58   58   58   58   59   59   59   59   59   59   60   60   60
   61   61   62   63   63   64   65   66   67
    82.5-180.0 180.0   5.0 450.0                            LAT/LON1/LON2/DLON/H
   67   68   70   71   72   73   74   75   77   78   79   80   81   82   82   83
   83   83   83   83   82   82   81   80   78   77   75   73   71   69   68   66
   64   63   62   61   60   59   58   57   56   56   55   55   55   55   55   55
   55   55   56   56   56   56   56   56   56   56   56   56   56   57   57   58
   58   59   60   61   63   63   65   66   67
    80.0-180.0 180.0   5.0 450.0                            LAT/LON1/LON2/DLON/H
   67   68   70   71   73   74   76   78   80   82   83   84   86   87   87   88
   89   89   89   89   88   87   85   83   82   80   78   76   74   71   69   67
   64   63   61   59   58   57   56   55   55   53   53   52   52   52   52   52
   52   53   53   53   53   53   53   53   53   53   52   52   52   53   53   54
   55   57   58   60   61   62   64   66   67
    77.5-180.0 180.0   5.0 450.0                            LAT/LON1/LON2/DLON/H
   67   68   70   71   73   75   77   79   80   82   84   86   88   90   91   92
   94   94   94   94   94   92   92   90   87   84   82   79   76   73   70   67
   64   62   60   58   56   55   54   53   52   51   50   49   49   49   49   49
   49   49   49   49   49   49   48   48   48   48   47   47   47   47   48   50
   51   53   55   57   59   61   63   65   67
    75.0-180.0 180.0   5.0 450.0                            LAT/LON1/LON2/DLON/H
   66   68   69   71   72   74   75   78   80   82   85   87   90   91   94   95
   96   97   96   96   96   95   94   92   89   87   84   80   77   74   70   67
   63   60   58   55   54   52   50   49   48   47   46   44   44   44   45   45
   44   44   44   44   44   44   43   43   42   41   41   40   40   41   42   43
   46   48   50   53   56   59   62   64   66
    72.5-180.0 180.0   5.0 450.0                            LAT/LON1/LON2/DLON/H
   65   67   68   69   71   72   74   77   79   82   85   88   91   93   95   97
   98   96   96   96   96   95   94   93   89   87   84   81   76   73   69   66
   62   59   56   53   51   49   47   45   44   42   41   40   39   39   39   38
   38   38   37   37   38   38   38   37   36   35   34   34   34   34   35   37
   39   43   46   50   53   57   60   63   65
    70.0-180.0 180.0   5.0 450.0                            LAT/LON1/LON2/DLON/H
   65   67   68   70   70   72   73   76   79   83   86   89   91   94   97   98
   96   95   96   95   94   94   93   92   89   87   84   80   76   72   69   65
   61   58   56   52   50   47   44   42   40   38   37   36   34   34   33   32
   32   32   31   30   31   32   32   32   30   30   28   28   28   28   29   31
   34   38   42   46   51   56   59   63   65
    67.5-180.0 180.0   5.0 450.0                            LAT/LON1/LON2/DLON/H
   66   68   70   71   72   73   74   76   80   83   87   90   93   96   98   97
   96   95   94   94   93   92   92   90   89   86   83   80   75   72   69   65
   62   59   56   53   50   46   43   40   37   36   34   33   31   30   29   28
   27   26   25   25   25   25   26   25   25   25   24   24   24   24   25   28
   31   35   40   45   50   55   59   63   66
    65.0-180.0 180.0   5.0 450.0                            LAT/LON1/LON2/DLON/H
   68   71   73   73   74   74   76   78   81   85   88   93   96   98  100   98
   97   96   94   94   93   92   92   90   88   86   83   80   76   72   70   67
   64   61   57   54   50   46   42   39   36   34   32   31   29   28   28   27
   26   24   23   22   21   21   21   21   22   22   23   22   23   24   24   27
   30   34   38   43   49   55   60   64   68
    62.5-180.0 180.0   5.0 450.0                            LAT/LON1/LON2/DLON/H
   71   74   76   77   77   78   78   80   83   87   91   95   98  101  101  101
  100   97   96   94   94   93   92   91   89   87   84   81   78   75   72   70
   67   63   59   55   51   47   43   39   37   35   33   32   31   30   29   28
   27   24   23   22   22   21   22   22   23   23   24   25   25   26   27   29
   31   35   39   44   50   55   61   66   71
    60.0-180.0 180.0   5.0 450.0                            LAT/LON1/LON2/DLON/H
   72   76   79   80   81   81   82   83   86   90   94   97  101  103  104  104
  103  100   98   97   95   95   94   92   91   89   86   84   81   78   75   72
   69   66   62   57   53   48   44   41   39   37   36   35   35   34   34   33
   31   29   28   27   26   26   26   27   27   28   30   30   31   31   33   34
   36   38   42   46   51   57   62   68   72
    57.5-180.0 180.0   5.0 450.0                            LAT/LON1/LON2/DLON/H
   75   79   82   84   85   85   86   87   89   92   96  100  103  105  106  107
  106  104  102  100   97   96   95   94   93   91   89   87   84   82   79   76
   72   68   64   59   55   50   47   45   43   42   42   41   41   41   40   39
   38   36   34   34   33   34   34   34   35   36   37   38   39   39   40   41
   42   43   46   49   53   58   64   70   75
    55.0-180.0 180.0   5.0 450.0                            LAT/LON1/LON2/DLON/H
   77   82   86   88   89   90   91   92   93   95   98  101  104  107  109  109
  109  107  106  102   99   97   96   96   95   94   92   91   89   86   83   80
   76   72   67   62   58   54   52   50   50   49   49   49   48   49   48   46
   46   44   43   43   42   42   42   43   44   44   46   46   46   46   47   48
   49   50   52   54   58   61   66   72   77
    52.5-180.0 180.0   5.0 450.0                            LAT/LON1/LON2/DLON/H
   80   85   89   93   95   95   96   97   99  100  101  103  105  107  110  111
  111  110  107  103  100   97   97   97   97   97   96   96   94   91   89   85
   81   76   70   66   62   59   58   58   57   57   57   57   56   56   56   55
   54   53   52   52   51   50   50   50   50   52   53   54   54   53   52   54
   54   55   57   59   61   65   69   74   80
    50.0-180.0 180.0   5.0 450.0                            LAT/LON1/LON2/DLON/H
   83   89   93   97  100  102  103  104  106  106  106  107  107  109  111  113
  114  112  109  104  100   99   98   99   99  101  100  101   99   97   94   90
   85   80   76   71   68   67   66   67   66   66   65   64   63   62   62   61
   61   61   61   60   59   58   57   56   56   57   58   59   59   58   57   57
   57   58   60   62   65   68   73   77   83
    47.5-180.0 180.0   5.0 450.0                            LAT/LON1/LON2/DLON/H
   87   93   98  103  106  110  112  114  114  115  114  113  112  113  114  116
  116  114  111  107  103  101  101  102  104  105  106  106  105  102   99   95
   90   86   82   78   76   75   75   75   75   74   72   71   69   68   66   67
   68   69   69   68   67   66   64   64   62   62   63   63   63   62   61   60
   59   60   62   65   68   72   76   81   87
    45.0-180.0 180.0   5.0 450.0                            LAT/LON1/LON2/DLON/H
   92   99  105  109  115  118  121  124  125  125  124  122  120  119  119  120
  120  119  116  112  108  106  106  108  110  113  113  112  110  106  103  100
   96   92   88   85   84   84   84   83   82   80   77   75   73   73   72   73
   74   76   76   76   75   74   72   70   67   66   66   66   66   65   63   62
   61   62   64   67   71   76   80   85   92
    42.5-180.0 180.0   5.0 450.0                            LAT/LON1/LON2/DLON/H
   97  105  113  118  124  128  132  135  137  138  136  133  130  128  127  128
  128  127  124  119  115  114  114  116  118  121  119  118  115  109  107  105
  103   99   96   93   91   90   90   88   86   83   80   79   77   77   78   80
   81   83   84   84   82   81   77   74   71   69   68   68   68   67   65   63
   63   64   67   71   75   80   85   90   97
    40.0-180.0 180.0   5.0 450.0                            LAT/LON1/LON2/DLON/H
  104  114  121  128  134  140  144  147  149  150  149  146  142  140  138  138
  138  137  134  129  126  124  124  127  128  129  127  123  119  113  111  111
  110  108  104  101   98   96   94   91   88   86   84   82   82   83   84   85
   86   88   89   89   87   85   81   78   75   72   71   70   69   69   67   65
   64   66   70   75   80   86   91   97  104
    37.5-180.0 180.0   5.0 450.0                            LAT/LON1/LON2/DLON/H
  114  124  132  139  145  151  155  158  160  162  162  159  157  153  151  150
  150  149  145  141  137  135  135  138  138  138  134  129  123  118  117  119
  119  117  113  108  103   99   96   92   89   87   86   85   86   87   89   89
   89   90   91   90   89   86   83   79   77   74   72   71   71   70   69   66
   66   68   72   80   86   92   98  105  114
    35.0-180.0 180.0   5.0 450.0                            LAT/LON1/LON2/DLON/H
  123  134  144  151  157  162  167  170  171  173  174  173  170  167  164  164
  164  162  158  153  148  146  145  146  146  145  141  135  129  125  127  129
  131  130  123  115  108  102   96   91   88   86   87   88   90   91   91   90
   89   88   88   88   87   86   83   79   77   74   71   71   71   71   70   68
   68   70   75   83   92   99  106  114  123
    32.5-180.0 180.0   5.0 450.0                            LAT/LON1/LON2/DLON/H
  134  145  156  164  170  175  179  181  181  183  184  184  182  180  177  176
  176  174  169  163  158  154  153  152  151  149  145  141  137  136  139  144
  146  143  135  124  113  103   95   90   87   87   88   90   92   91   91   87
   85   83   83   83   84   83   82   80   77   73   71   70   70   70   70   69
   69   72   79   88   98  107  116  125  134
    30.0-180.0 180.0   5.0 450.0                            LAT/LON1/LON2/DLON/H
  146  157  168  177  183  188  192  193  193  193  195  195  195  194  191  190
  189  187  182  174  166  160  158  156  154  153  151  150  149  150  154  160
  162  159  147  133  117  104   94   88   86   87   90   91   91   90   88   84
   81   78   77   78   80   81   81   79   76   72   69   69   69   69   70   69
   70   73   81   91  103  113  124  135  146
    27.5-180.0 180.0   5.0 450.0                            LAT/LON1/LON2/DLON/H
  156  167  179  189  196  202  207  206  206  207  208  209  211  210  207  207
  206  204  197  187  176  168  163  161  160  161  163  164  165  168  174  179
  181  175  161  142  123  106   94   89   87   90   92   92   90   88   83   78
   74   71   72   75   77   79   79   78   75   71   69   68   68   68   68   68
   70   73   82   94  107  119  131  144  156
    25.0-180.0 180.0   5.0 450.0                            LAT/LON1/LON2/DLON/H
  162  176  188  200  209  217  223  224  223  225  226  227  229  231  229  228
  226  224  218  207  193  182  174  171  171  175  180  183  186  192  198  201
  202  193  176  154  131  111   98   92   92   94   96   95   92   87   81   74
   70   68   69   72   76   78   78   76   73   69   66   65   66   66   66   67
   68   73   82   95  109  123  135  149  162
    22.5-180.0 180.0   5.0 450.0                            LAT/LON1/LON2/DLON/H
  166  182  195  209  222  233  240  244  246  248  249  253  257  260  258  258
  255  254  247  236  219  206  196  192  191  197  204  209  214  219  224  225
  225  213  192  170  144  121  108  102  101  101  103  101   96   89   81   74
   70   69   71   74   77   79   79   76   72   68   64   62   62   63   63   65
   66   71   81   95  110  125  138  151  166
    20.0-180.0 180.0   5.0 450.0                            LAT/LON1/LON2/DLON/H
  169  185  200  216  232  248  259  267  271  275  278  285  292  297  296  298
  294  295  288  278  260  245  232  226  224  229  236  241  246  249  251  250
  247  232  209  186  161  137  125  117  113  113  113  110  104   95   87   80
   77   76   78   81   82   82   79   76   71   67   63   61   60   60   60   61
   63   68   78   94  111  126  140  153  169
    17.5-180.0 180.0   5.0 450.0                            LAT/LON1/LON2/DLON/H
  172  188  206  224  241  260  277  291  299  306  313  324  334  341  342  344
  345  346  339  331  315  297  283  272  265  266  270  275  280  278  275  272
  265  247  224  199  176  156  143  135  131  130  128  123  115  107   99   93
   90   89   90   91   90   86   82   78   73   67   63   61   60   59   57   58
   60   65   76   92  110  127  142  156  172
    15.0-180.0 180.0   5.0 450.0                            LAT/LON1/LON2/DLON/H
  176  192  209  229  250  271  293  313  326  335  350  365  378  387  390  394
  399  402  397  392  378  360  342  325  311  306  306  308  308  303  295  287
  276  257  233  209  188  172  161  154  152  150  146  138  130  124  120  114
  112  107  105  104   99   92   87   82   75   69   65   62   60   58   56   56
   58   62   73   90  110  128  145  160  176
    12.5-180.0 180.0   5.0 450.0                            LAT/LON1/LON2/DLON/H
  181  198  216  237  259  283  306  329  347  360  378  400  419  430  439  443
  451  458  457  456  445  427  406  383  361  348  342  338  332  319  307  296
  282  262  238  216  199  187  178  173  170  168  162  153  147  146  145  138
  135  126  120  116  109   99   92   85   78   72   67   63   60   58   56   56
   56   60   71   89  110  130  148  165  181
    10.0-180.0 180.0   5.0 450.0                            LAT/LON1/LON2/DLON/H
  187  204  223  243  266  291  316  339  360  377  397  425  451  466  476  486
  497  509  512  516  507  489  467  438  408  386  373  361  348  329  312  299
  285  264  240  222  210  201  194  189  185  181  174  167  165  167  166  159
  154  141  132  124  115  104   95   88   80   74   68   63   60   58   56   56
   57   61   71   89  110  132  151  169  187
     7.5-180.0 180.0   5.0 450.0                            LAT/LON1/LON2/DLON/H
  192  210  229  248  270  295  319  340  360  380  401  431  463  486  497  511
  527  543  552  560  553  537  512  480  444  416  394  376  357  333  313  297
  282  261  242  228  219  212  206  200  195  190  184  180  180  181  178  170
  162  147  136  126  116  105   95   87   81   74   68   63   59   57   56   56
   58   62   72   89  111  134  154  173  192
     5.0-180.0 180.0   5.0 450.0                            LAT/LON1/LON2/DLON/H
  195  215  234  253  274  297  316  332  348  368  389  416  451  478  491  508
  528  546  561  572  577  561  533  500  462  428  402  381  357  332  309  292
  276  258  240  230  223  217  211  206  200  196  192  189  188  187  180  167
  157  143  132  122  111  100   92   85   79   72   66   61   57   56   56   57
   58   63   73   90  112  134  156  175  195
     2.5-180.0 180.0   5.0 450.0                            LAT/LON1/LON2/DLON/H
  196  217  237  257  278  299  313  321  333  348  365  388  419  444  460  477
  498  515  534  548  563  552  529  496  458  425  399  375  352  326  303  285
  268  251  236  226  221  215  210  205  200  197  194  189  186  180  171  155
  144  131  121  113  103   94   86   80   75   69   63   58   55   54   55   57
   60   64   74   91  112  133  154  175  196
