ionex_files/bejaia/igsg0790.21i
     1.0            IONOSPHERE MAPS     MIX                 IONEX VERSION / TYPE
cmpcmb v1.2          GRL/UWM             1-apr-21 10:30     PGM / RUN BY / DATE 
ionex file containing IGS COMBINED Ionosphere maps          COMMENT             
global ionosphere maps for day 079, 2021                    DESCRIPTION         
IONEX file containing the COMBINED IGS TEC MAPS and DCBs    DESCRIPTION         
      IONEX files of the following IAACs were combined: cod DESCRIPTION         
                                                        esa DESCRIPTION         
                                                        jpl DESCRIPTION         
                                                        upc DESCRIPTION         
Contact address: Andrzej Krankowski                         DESCRIPTION
                 Geodynamics Research Laboratory            DESCRIPTION
                 University of Warmia and Mazury (GRL/UWM)  DESCRIPTION
                 Oczapowski St. 1                           DESCRIPTION
                 10-957-Olsztyn, POLAND                     DESCRIPTION
                 e-mail:  kand@uwm.edu.pl                   DESCRIPTION
                                                            DESCRIPTION         
  2021     3    20     0     0     0                        EPOCH OF FIRST MAP  
  2021     3    21     0     0     0                        EPOCH OF LAST MAP   
  7200                                                      INTERVAL            
    13                                                      # OF MAPS IN FILE   
  COSZ                                                      MAPPING FUNCTION    
     0.0                                                    ELEVATION CUTOFF    
combined TEC calculated as weighted mean of input TEC valuesOBSERVABLES USED    
   374                                                      # OF STATIONS       
    32                                                      # OF SATELLITES     
  6371.0                                                    BASE RADIUS         
     2                                                      MAP DIMENSION       
   450.0 450.0   0.0                                        HGT1 / HGT2 / DHGT  
    87.5 -87.5  -2.5                                        LAT1 / LAT2 / DLAT  
  -180.0 180.0   5.0                                        LON1 / LON2 / DLON  
    -1                                                      EXPONENT            
TEC values in 0.1 tec units;  9999, if no value available   COMMENT             
DCB values in nanoseconds, reference is Sum_of_SatDCBs = 0  COMMENT             
                                                            END OF HEADER       
[from data line 2574]
     7                                                      START OF TEC MAP    
  2021     3    20    12     0     0                        EPOCH OF CURRENT MAP
    87.5-180.0 180.0   5.0 450.0                            LAT/LON1/LON2/DLON/H
   56   56   56   56   56   56   56   56   56   56   56   56   56   56   56   56
   57   57   57   57   57   57   57   56   57   57   57   57   57   57   57   57
   57   57   57   57   57   57   57   57   57   57   57   57   57   57   57   57
   56   56   56   56   57   56   56   56   56   56   56   56   56   56   56   56
   56   57   57   56   56   56   56   56   56
    85.0-180.0 180.0   5.0 450.0                            LAT/LON1/LON2/DLON/H
   53   53   53   53   52   53   53   52   53   52   52   53   53   53   53   53
   53   53   54   54   54   54   54   55   55   55   56   56   57   57   56   56
   56   56   56   55   55   55   54   54   54   54   54   54   55   55   55   55
   55   55   55   55   55   55   55   55   55   55   55   55   55   55   55   54
   54   54   53   53   53   53   53   53   53
    82.5-180.0 180.0   5.0 450.0                            LAT/LON1/LON2/DLON/H
   50   50   49   49   49   49   49   49   49   49   49   49   48   49   49   49
   49   49   50   50   51   51   51   52   52   53   53   54   54   55   55   55
   55   55   55   54   54   54   53   52   52   51   50   50   50   51   52   52
   53   53   54   54   54   54   54   54   54   54   54   53   53   53   53   52
   52   51   51   51   50   50   51   50   50
    80.0-180.0 180.0   5.0 450.0                            LAT/LON1/LON2/DLON/H
   47   46   45   45   44   44   44   43   44   44   44   44   43   43   43   43
   44   44   45   46   47   47   48   49   49   50   51   52   52   53   53   54
   54   54   54   54   54   53   52   51   51   50   49   48   48   48   49   49
   50   51   51   52   53   53   54   54   54   54   53   53   53   52   52   51
   51   50   50   49   49   49   47   47   47
    77.5-180.0 180.0   5.0 450.0                            LAT/LON1/LON2/DLON/H
   44   42   40   39   39   39   39   40   40   40   39   38   38   38   38   39
   39   41   43   43   45   46   48   49   49   50   51   51   52   53   54   55
   56   57   57   56   56   55   54   53   52   51   49   48   47   47   48   48
   49   50   51   52   53   54   55   55   55   55   54   53   53   52   52   51
   51   51   49   49   48   46   45   44   44
    75.0-180.0 180.0   5.0 450.0                            LAT/LON1/LON2/DLON/H
   41   40   38   37   37   38   38   38   37   36   35   35   34   34   34   36
   37   38   40   42   44   46   48   49   49   50   51   52   53   54   57   59
   60   62   63   63   62   61   60   58   56   55   53   51   49   49   49   49
   50   51   52   54   55   56   58   58   58   57   56   55   54   52   52   51
   51   50   50   48   47   45   43   42   41
    72.5-180.0 180.0   5.0 450.0                            LAT/LON1/LON2/DLON/H
   41   40   39   38   37   38   39   38   36   36   35   34   33   33   33   34
   36   39   41   44   47   49   51   52   52   53   53   53   54   57   60   63
   67   71   73   73   73   72   69   67   65   62   60   58   56   54   53   53
   53   54   56   58   59   61   61   62   61   60   57   55   53   52   51   51
   50   51   49   48   46   44   42   42   41
    70.0-180.0 180.0   5.0 450.0                            LAT/LON1/LON2/DLON/H
   42   42   41   41   41   41   40   39   38   37   35   34   34   34   34   36
   39   41   44   48   50   53   56   57   57   56   56   56   57   58   62   68
   73   79   84   86   87   85   83   80   76   73   70   67   66   64   63   62
   61   61   62   64   64   65   66   64   63   61   57   55   52   50   49   49
   49   48   48   47   46   44   43   42   42
    67.5-180.0 180.0   5.0 450.0                            LAT/LON1/LON2/DLON/H
   43   44   44   45   46   45   44   42   41   39   37   36   35   36   37   40
   42   44   48   52   55   59   61   62   61   60   59   58   59   60   65   71
   79   86   92   96   99   98   97   94   90   88   84   82   79   77   76   74
   72   71   71   71   71   71   70   67   64   61   56   53   50   48   47   47
   47   47   47   47   46   45   44   43   43
    65.0-180.0 180.0   5.0 450.0                            LAT/LON1/LON2/DLON/H
   44   46   48   49   49   49   48   46   44   43   41   39   39   39   41   42
   44   47   52   56   60   63   66   66   65   63   61   59   59   61   66   74
   83   93  100  105  108  109  108  107  105  103   99   98   97   93   92   88
   86   83   82   81   80   79   75   72   66   62   57   53   49   47   46   46
   46   46   47   47   46   45   45   44   44
    62.5-180.0 180.0   5.0 450.0                            LAT/LON1/LON2/DLON/H
   45   48   50   52   53   53   52   50   47   45   44   43   42   43   44   44
   47   50   54   58   63   66   68   68   66   64   62   60   60   63   68   76
   87   98  105  111  114  116  115  115  116  115  114  114  113  111  109  106
  102   98   96   94   90   88   82   78   72   67   61   57   52   48   46   45
   45   46   46   45   45   44   44   44   45
    60.0-180.0 180.0   5.0 450.0                            LAT/LON1/LON2/DLON/H
   46   48   51   54   55   55   54   52   50   48   46   45   45   45   46   46
   48   52   55   58   62   66   68   68   66   64   62   60   60   64   70   80
   91  101  110  115  118  119  120  121  124  126  127  129  129  128  125  122
  119  115  110  107  104   99   93   88   82   76   71   65   58   54   49   46
   45   46   46   46   45   45   45   45   46
    57.5-180.0 180.0   5.0 450.0                            LAT/LON1/LON2/DLON/H
   47   49   51   54   55   56   55   53   51   49   47   46   45   45   45   45
   48   51   53   55   59   62   65   66   64   63   62   60   62   66   75   85
   97  107  115  119  120  121  124  127  131  135  139  142  143  143  141  138
  135  132  128  123  118  113  107  102   95   89   83   76   68   63   57   52
   50   50   50   49   48   47   47   47   47
    55.0-180.0 180.0   5.0 450.0                            LAT/LON1/LON2/DLON/H
   49   49   51   53   55   55   55   53   52   50   48   46   45   44   43   44
   45   47   49   52   54   57   60   63   63   63   62   63   65   71   80   92
  104  114  121  124  124  125  128  132  139  145  152  155  156  157  155  152
  151  149  145  141  135  129  123  117  110  104   97   90   82   75   69   63
   58   57   56   55   54   52   50   49   49
    52.5-180.0 180.0   5.0 450.0                            LAT/LON1/LON2/DLON/H
   52   51   52   54   55   56   55   54   52   50   49   46   44   42   41   41
   42   43   46   48   50   52   56   60   62   64   65   68   72   79   89  101
  113  124  131  132  131  132  136  143  150  158  165  168  170  169  166  165
  164  164  161  158  152  145  139  133  127  121  113  106   98   91   84   76
   71   67   65   62   61   58   56   54   52
    50.0-180.0 180.0   5.0 450.0                            LAT/LON1/LON2/DLON/H
   56   54   54   55   56   57   56   56   54   52   50   48   45   41   39   38
   38   41   44   46   48   51   55   60   64   67   71   77   82   91  101  115
  127  137  143  145  144  146  151  159  167  174  179  182  183  181  177  176
  177  178  176  173  168  161  155  148  143  136  130  123  115  107  100   91
   84   80   75   71   68   65   63   59   56
    47.5-180.0 180.0   5.0 450.0                            LAT/LON1/LON2/DLON/H
   62   59   57   58   59   59   59   59   58   57   55   51   46   42   38   37
   37   40   43   46   50   53   58   63   68   74   80   88   95  105  117  131
  144  155  163  164  164  167  173  181  188  193  196  196  195  191  186  186
  189  189  188  187  181  174  167  161  155  149  142  136  129  121  114  106
   98   92   86   82   78   74   71   66   62
    45.0-180.0 180.0   5.0 450.0                            LAT/LON1/LON2/DLON/H
   69   64   62   62   63   62   62   63   63   63   61   57   51   45   40   38
   38   42   46   50   54   58   64   70   76   83   91  100  111  123  136  151
  164  177  185  188  191  196  202  207  214  216  215  211  208  202  198  197
  199  201  200  200  194  186  178  170  163  157  150  143  137  131  124  118
  110  103   97   92   88   83   79   73   69
    42.5-180.0 180.0   5.0 450.0                            LAT/LON1/LON2/DLON/H
   75   70   68   67   67   66   66   67   68   69   68   64   58   51   45   43
   43   46   50   56   61   66   72   79   86   94  104  116  128  141  155  171
  185  201  211  217  222  228  236  240  243  240  235  228  222  215  210  208
  210  214  214  212  204  193  183  174  165  158  150  144  139  134  128  123
  118  112  106  101   96   91   86   80   75
    40.0-180.0 180.0   5.0 450.0                            LAT/LON1/LON2/DLON/H
   81   76   74   73   72   71   70   71   73   75   75   71   66   58   52   49
   49   52   57   63   69   75   82   90   97  106  118  132  144  158  174  190
  206  222  236  247  257  265  270  275  275  269  259  249  238  230  224  222
  224  227  226  222  212  198  185  173  163  154  146  139  134  130  127  124
  121  117  111  107  102   97   92   86   81
    37.5-180.0 180.0   5.0 450.0                            LAT/LON1/LON2/DLON/H
   86   81   79   78   76   74   73   74   76   81   82   79   74   67   61   57
   56   59   63   70   77   85   93  100  109  118  131  146  160  175  192  207
  225  243  261  276  288  298  305  309  307  298  286  271  257  245  238  237
  238  239  239  233  221  206  189  174  163  153  142  132  126  123  122  122
  121  118  114  109  104  100   95   89   86
    35.0-180.0 180.0   5.0 450.0                            LAT/LON1/LON2/DLON/H
   88   84   83   82   79   76   75   76   79   83   86   85   81   75   69   65
   64   66   69   75   83   92  102  110  118  128  141  155  172  187  205  220
  240  261  282  300  315  327  334  338  335  325  311  294  277  263  256  255
  254  256  253  246  235  219  201  184  171  159  144  131  122  116  116  118
  118  118  114  110  106  101   96   91   88
    32.5-180.0 180.0   5.0 450.0                            LAT/LON1/LON2/DLON/H
   90   86   85   84   81   77   74   75   79   84   88   89   86   82   77   73
   70   70   74   80   88   98  109  117  125  134  145  160  179  196  213  230
  250  272  297  318  335  349  358  362  358  348  334  318  300  285  278  275
  276  277  273  267  254  240  223  208  194  178  159  139  125  116  114  115
  116  116  113  109  105  101   97   92   90
    30.0-180.0 180.0   5.0 450.0                            LAT/LON1/LON2/DLON/H
   92   88   88   86   82   78   74   74   77   82   86   88   87   86   82   78
   75   74   77   83   91  102  113  122  129  137  147  163  181  201  219  237
  256  280  305  327  345  360  371  377  376  370  359  342  324  310  301  300
  303  306  302  295  283  271  257  246  232  212  187  160  140  126  119  117
  116  115  112  108  106  102   98   94   92
    27.5-180.0 180.0   5.0 450.0                            LAT/LON1/LON2/DLON/H
   95   91   90   88   83   78   74   72   74   78   82   85   85   85   84   81
   77   76   78   84   94  105  117  126  132  139  150  165  183  203  223  241
  260  283  308  331  349  365  379  386  388  387  378  364  347  335  329  330
  334  340  338  332  320  311  301  294  279  255  225  192  166  146  133  126
  122  118  114  110  108  106  103   98   95
    25.0-180.0 180.0   5.0 450.0                            LAT/LON1/LON2/DLON/H
  101   96   94   90   85   78   73   70   71   73   77   80   82   82   82   80
   77   77   79   86   96  108  120  129  135  141  152  166  183  203  223  242
  262  285  308  330  349  366  381  391  398  398  392  381  370  360  360  362
  368  378  378  373  364  355  352  346  329  301  266  230  201  176  156  144
  134  126  120  117  115  113  110  106  101
    22.5-180.0 180.0   5.0 450.0                            LAT/LON1/LON2/DLON/H
  109  103   99   94   87   79   73   69   69   71   72   74   76   77   78   77
   75   75   79   88   98  111  124  133  139  145  154  166  184  204  224  242
  263  285  307  329  347  365  382  393  403  405  402  397  389  384  387  392
  401  412  412  407  398  392  392  388  371  341  304  268  236  209  186  168
  152  141  132  127  125  124  121  116  109
    20.0-180.0 180.0   5.0 450.0                            LAT/LON1/LON2/DLON/H
  118  110  103   97   90   81   74   70   69   69   68   68   69   71   73   72
   71   73   79   90  101  115  128  137  143  148  154  167  184  205  225  243
  263  284  306  327  344  364  382  394  405  410  411  408  404  403  408  415
  424  433  434  426  420  416  414  408  392  363  329  299  270  243  216  196
  175  159  148  142  140  138  135  127  118
    17.5-180.0 180.0   5.0 450.0                            LAT/LON1/LON2/DLON/H
  129  116  106   99   91   83   76   72   70   68   66   64   64   65   66   66
   67   70   78   91  104  118  131  140  145  148  155  167  186  206  226  245
  265  286  307  327  346  365  381  394  406  414  417  416  413  413  418  425
  432  438  437  431  423  419  415  406  391  365  337  314  293  271  246  223
  199  179  166  159  156  154  149  141  129
    15.0-180.0 180.0   5.0 450.0                            LAT/LON1/LON2/DLON/H
  139  123  109  100   92   83   77   73   71   68   65   62   61   61   61   61
   62   67   77   91  105  119  131  141  147  151  157  170  188  208  228  247
  266  286  307  329  349  367  382  395  407  415  418  417  415  415  417  421
  425  428  425  418  410  406  399  388  371  350  328  314  301  286  266  241
  218  197  183  176  173  169  163  152  139
    12.5-180.0 180.0   5.0 450.0                            LAT/LON1/LON2/DLON/H
  146  128  113  103   94   85   77   73   71   68   65   61   60   59   58   57
   58   65   76   92  106  120  131  141  149  155  161  172  190  209  228  248
  266  286  307  330  350  368  383  395  406  413  415  414  411  407  406  407
  407  408  405  396  387  383  374  361  343  325  310  302  297  289  273  251
  229  207  195  189  186  181  172  160  146
    10.0-180.0 180.0   5.0 450.0                            LAT/LON1/LON2/DLON/H
  147  129  115  105   95   85   77   72   70   68   65   62   60   59   57   55
   55   63   77   93  108  120  131  142  152  158  165  175  190  210  228  246
  265  284  305  328  349  367  381  393  403  408  410  410  406  399  393  390
  387  387  383  375  365  359  349  334  316  298  287  283  285  283  271  253
  232  213  201  196  192  187  177  163  147
     7.5-180.0 180.0   5.0 450.0                            LAT/LON1/LON2/DLON/H
  145  128  114  105   95   84   76   71   69   67   65   63   62   60   57   53
   54   62   77   95  108  120  130  141  152  160  168  177  192  210  228  245
  263  282  302  324  344  361  375  388  398  405  408  407  402  393  383  376
  372  370  367  358  348  340  329  313  294  276  265  264  269  271  262  247
  228  212  202  197  193  186  176  161  145
     5.0-180.0 180.0   5.0 450.0                            LAT/LON1/LON2/DLON/H
  141  124  112  102   93   83   74   69   67   66   64   64   63   62   57   53
   52   62   78   94  108  119  129  141  152  162  170  180  193  210  227  244
  261  279  297  317  336  351  365  379  391  401  406  406  400  391  381  370
  365  362  357  347  337  328  317  302  283  263  251  249  254  257  251  236
  220  206  197  192  188  182  172  157  141
     2.5-180.0 180.0   5.0 450.0                            LAT/LON1/LON2/DLON/H
  137  120  109  100   90   81   71   67   65   63   62   62   62   62   57   52
   52   62   78   95  109  120  131  143  153  163  172  181  194  210  227  243
  260  277  293  310  326  340  354  369  384  397  403  405  401  394  384  372
  365  360  353  342  331  324  314  301  282  262  247  241  244  244  238  224
  210  197  189  184  180  175  166  152  137
