ionex_files/bejaia/igsg0720.21i
     1.0            IONOSPHERE MAPS     MIX                 IONEX VERSION / TYPE
cmpcmb v1.2          GRL/UWM             1-apr-21 08:10     PGM / RUN BY / DATE 
ionex file containing IGS COMBINED Ionosphere maps          COMMENT             
global ionosphere maps for day 072, 2021                    DESCRIPTION         
IONEX file containing the COMBINED IGS TEC MAPS and DCBs    DESCRIPTION         
      IONEX files of the following IAACs were combined: cod DESCRIPTION         
                                                        esa DESCRIPTION         
                                                        jpl DESCRIPTION         
                                                        upc DESCRIPTION         
Contact address: Andrzej Krankowski                         DESCRIPTION
                 Geodynamics Research Laboratory            DESCRIPTION
                 University of Warmia and Mazury (GRL/UWM)  DESCRIPTION
                 Oczapowski St. 1                           DESCRIPTION
                 10-957-Olsztyn, POLAND                     DESCRIPTION
                 e-mail:  kand@uwm.edu.pl                   DESCRIPTION
                                                            DESCRIPTION         
  2021     3    13     0     0     0                        EPOCH OF FIRST MAP  
  2021     3    14     0     0     0                        EPOCH OF LAST MAP   
  7200                                                      INTERVAL            
    13                                                      # OF MAPS IN FILE   
  COSZ                                                      MAPPING FUNCTION    
     0.0                                                    ELEVATION CUTOFF    
combined TEC calculated as weighted mean of input TEC valuesOBSERVABLES USED    
   372                                                      # OF STATIONS       
    32                                                      # OF SATELLITES     
  6371.0                                                    BASE RADIUS         
     2                                                      MAP DIMENSION       
   450.0 450.0   0.0                                        HGT1 / HGT2 / DHGT  
    87.5 -87.5  -2.5                                        LAT1 / LAT2 / DLAT  
  -180.0 180.0   5.0                                        LON1 / LON2 / DLON  
    -1                                                      EXPONENT            
TEC values in 0.1 tec units;  9999, if no value available   COMMENT             
DCB values in nanoseconds, reference is Sum_of_SatDCBs = 0  COMMENT             
                                                            END OF HEADER       
[from data line 4719]
    12                                                      START OF TEC MAP    
  2021     3    13    22     0     0                        EPOCH OF CURRENT MAP
    87.5-180.0 180.0   5.0 450.0                            LAT/LON1/LON2/DLON/H
   57   57   57   58   58   58   58   58   58   58   58   58   58   57   57   56
   56   55   54   54   53   52   52   51   50   49   48   47   46   46   45   45
   44   43   43   42   42   42   42   42   41   42   42   42   42   42   43   43
   44   44   45   45   45   46   47   47   48   48   49   50   50   51   52   52
   52   53   53   54   54   55   56   56   57
    85.0-180.0 180.0   5.0 450.0                            LAT/LON1/LON2/DLON/H
   62   63   64   65   65   66   66   67   67   67   66   66   66   65   64   63
   62   61   60   58   57   55   53   51   49   47   46   44   42   41   40   39
   38   38   37   37   36   36   36   35   36   35   36   36   36   37   38   38
   39   40   41   42   43   43   44   46   47   48   49   50   51   51   52   53
   54   55   56   58   58   59   61   61   62
    82.5-180.0 180.0   5.0 450.0                            LAT/LON1/LON2/DLON/H
   65   67   69   70   71   72   73   74   74   75   74   74   73   73   71   70
   68   67   65   62   60   58   54   51   49   47   46   44   42   40   39   37
   36   35   34   34   32   32   32   32   32   32   32   33   33   34   34   35
   35   36   38   39   40   41   43   44   45   47   47   49   49   50   51   52
   54   56   57   58   60   61   63   64   65
    80.0-180.0 180.0   5.0 450.0                            LAT/LON1/LON2/DLON/H
   66   68   69   71   73   75   76   78   78   79   79   79   79   78   77   75
   73   70   68   66   63   61   57   53   51   49   47   45   43   41   39   37
   36   35   33   33   32   31   31   31   31   31   31   31   32   32   33   34
   34   35   36   38   39   40   41   42   43   44   45   46   47   48   49   51
   53   55   56   58   59   61   62   64   66
    77.5-180.0 180.0   5.0 450.0                            LAT/LON1/LON2/DLON/H
   64   66   68   71   73   75   77   79   81   82   83   84   84   82   81   79
   76   74   71   68   64   62   60   57   54   53   51   48   46   44   42   40
   38   36   35   35   34   33   33   32   32   32   32   32   32   32   33   33
   34   34   35   36   37   38   39   39   40   41   42   43   44   45   47   49
   50   52   54   55   57   59   60   62   64
    75.0-180.0 180.0   5.0 450.0                            LAT/LON1/LON2/DLON/H
   62   64   66   69   72   74   77   80   82   84   85   86   86   85   84   81
   78   75   72   70   68   65   63   61   59   56   55   53   50   48   45   43
   41   40   38   37   36   36   35   35   34   34   33   33   33   32   33   33
   33   34   34   34   35   35   36   37   37   38   39   40   41   43   44   46
   48   50   51   53   54   56   58   59   62
    72.5-180.0 180.0   5.0 450.0                            LAT/LON1/LON2/DLON/H
   60   62   65   68   71   74   77   79   82   85   86   87   87   86   84   81
   78   76   74   72   70   67   66   64   63   60   58   55   53   51   48   46
   44   42   40   39   39   39   37   36   36   35   34   35   34   33   33   33
   32   32   33   33   33   33   34   34   34   34   35   36   37   39   41   44
   46   47   49   51   53   54   57   58   60
    70.0-180.0 180.0   5.0 450.0                            LAT/LON1/LON2/DLON/H
   61   63   65   69   72   75   77   80   82   84   86   87   87   86   83   81
   79   77   75   73   71   70   68   67   65   62   59   56   53   51   48   46
   44   42   42   41   40   40   39   38   37   36   35   35   34   34   34   33
   33   33   33   33   33   32   32   31   31   31   31   33   34   37   39   42
   45   47   49   51   53   55   57   59   61
    67.5-180.0 180.0   5.0 450.0                            LAT/LON1/LON2/DLON/H
   64   66   68   71   74   75   78   80   81   83   85   86   86   85   82   81
   79   77   75   74   73   71   69   68   65   63   59   55   52   48   46   44
   42   40   40   39   38   38   39   38   37   37   36   34   33   33   33   33
   33   33   33   33   33   32   30   29   28   28   28   30   31   35   38   41
   45   48   51   53   56   58   60   62   64
    65.0-180.0 180.0   5.0 450.0                            LAT/LON1/LON2/DLON/H
   69   71   73   75   77   78   79   80   81   83   84   85   85   84   83   81
   79   77   76   75   74   71   68   67   63   60   56   52   48   45   42   40
   39   38   38   36   36   35   36   37   36   35   35   33   31   31   31   31
   32   32   32   31   31   31   29   28   26   26   26   28   31   34   38   43
   47   50   54   57   59   62   64   67   69
    62.5-180.0 180.0   5.0 450.0                            LAT/LON1/LON2/DLON/H
   74   77   79   81   82   82   82   82   82   83   83   85   85   85   84   83
   81   79   77   76   75   72   68   65   61   55   52   48   45   42   40   38
   36   35   36   34   33   33   33   34   34   34   33   30   29   28   28   28
   28   29   29   29   29   29   28   27   26   26   26   28   31   35   41   45
   50   54   57   61   64   67   70   72   74
    60.0-180.0 180.0   5.0 450.0                            LAT/LON1/LON2/DLON/H
   80   83   86   88   88   88   87   85   85   84   84   85   86   86   86   85
   84   81   80   78   75   73   68   63   58   52   48   44   42   41   40   38
   36   34   33   32   31   31   32   33   33   31   31   30   29   27   26   26
   26   26   27   28   28   29   29   29   28   28   29   31   34   38   44   49
   54   58   62   65   68   71   74   77   80
    57.5-180.0 180.0   5.0 450.0                            LAT/LON1/LON2/DLON/H
   86   90   93   95   96   96   94   92   89   88   87   88   89   90   90   89
   87   85   84   80   77   74   68   63   58   52   49   45   43   43   42   41
   40   37   34   34   33   33   33   34   35   34   34   33   31   29   28   27
   28   28   29   30   31   32   33   33   32   32   33   35   37   42   48   53
   58   64   67   70   73   76   79   82   86
    55.0-180.0 180.0   5.0 450.0                            LAT/LON1/LON2/DLON/H
   92   96  101  104  106  106  104  101   98   95   94   94   95   96   96   94
   92   89   88   84   80   77   70   65   60   56   55   52   50   51   49   48
   45   42   39   38   37   37   38   38   39   39   39   38   36   34   32   32
   32   34   34   36   37   39   40   40   39   39   39   40   43   47   53   58
   63   69   73   76   79   81   84   88   92
    52.5-180.0 180.0   5.0 450.0                            LAT/LON1/LON2/DLON/H
   98  105  110  115  118  119  118  114  111  106  104  102  102  102  101   99
   96   94   91   87   84   80   75   71   67   64   64   64   62   62   60   57
   53   49   46   45   44   44   45   46   46   46   45   44   42   41   39   39
   39   41   42   43   45   47   48   49   49   48   48   49   50   54   57   63
   68   73   79   83   86   88   91   95   98
    50.0-180.0 180.0   5.0 450.0                            LAT/LON1/LON2/DLON/H
  108  115  121  128  133  134  133  130  126  121  116  113  111  109  107  104
  101   99   95   92   88   85   82   80   77   75   76   78   77   75   71   66
   61   57   54   53   52   52   53   54   53   53   52   51   50   48   46   47
   48   49   50   51   53   54   56   58   58   58   57   57   57   58   62   67
   72   78   84   89   93   96   99  102  108
    47.5-180.0 180.0   5.0 450.0                            LAT/LON1/LON2/DLON/H
  119  127  134  141  148  152  152  149  144  139  131  126  121  116  113  110
  107  104  100   97   94   91   90   90   89   89   90   92   90   87   81   73
   67   63   61   60   61   61   62   61   61   60   59   58   56   56   55   56
   57   58   59   60   60   62   64   65   65   64   64   63   62   63   66   71
   77   83   89   96  100  103  108  113  119
    45.0-180.0 180.0   5.0 450.0                            LAT/LON1/LON2/DLON/H
  131  140  148  156  163  168  169  167  163  156  147  139  131  125  121  117
  114  110  106  103  101  100  100  101  102  103  103  103  101   95   86   78
   71   68   66   67   69   70   69   68   67   65   64   63   63   63   64   66
   67   68   68   69   69   70   71   72   71   71   69   67   67   69   72   77
   82   90   96  102  106  112  118  124  131
    42.5-180.0 180.0   5.0 450.0                            LAT/LON1/LON2/DLON/H
  145  154  162  169  177  182  184  184  181  173  163  152  142  135  129  124
  120  117  113  111  110  110  111  112  113  113  112  111  107   99   89   80
   74   72   72   74   76   77   76   74   72   70   69   68   68   70   72   75
   76   77   77   77   77   76   76   76   76   75   73   72   72   74   78   83
   90   98  104  110  114  119  129  137  145
    40.0-180.0 180.0   5.0 450.0                            LAT/LON1/LON2/DLON/H
  158  167  174  181  188  195  198  199  197  190  178  165  153  144  137  132
  128  124  121  120  120  121  122  123  122  120  118  114  109  101   90   81
   76   75   77   80   82   83   81   79   76   74   73   74   75   76   78   81
   83   83   83   83   81   80   79   78   78   78   77   76   77   80   84   91
   98  106  113  118  122  128  139  149  158
    37.5-180.0 180.0   5.0 450.0                            LAT/LON1/LON2/DLON/H
  169  177  184  191  197  204  207  209  210  204  190  175  162  152  144  139
  136  133  131  130  131  132  133  132  129  125  121  116  110  103   94   85
   81   81   84   86   88   88   85   82   79   77   77   79   80   81   83   84
   86   87   87   86   83   81   79   77   76   76   77   79   82   86   92   98
  106  113  121  125  129  135  146  158  169
    35.0-180.0 180.0   5.0 450.0                            LAT/LON1/LON2/DLON/H
  176  186  193  199  203  208  213  216  218  212  200  185  171  160  152  147
  144  143  141  140  141  143  143  140  134  128  122  118  113  108  103   95
   92   92   93   93   94   92   89   85   82   81   81   83   83   84   84   84
   86   87   88   86   83   80   77   75   74   73   75   79   84   91   99  106
  113  120  126  131  134  141  151  164  176
    32.5-180.0 180.0   5.0 450.0                            LAT/LON1/LON2/DLON/H
  182  193  198  202  206  210  216  220  222  218  208  194  180  168  159  155
  152  150  150  150  151  153  151  147  139  130  124  121  120  118  115  111
  108  106  104  102  100   96   91   86   84   83   84   85   86   86   83   83
   84   85   86   84   81   79   76   73   71   70   72   77   84   94  103  112
  119  125  131  135  138  144  155  169  182
    30.0-180.0 180.0   5.0 450.0                            LAT/LON1/LON2/DLON/H
  188  199  204  205  208  211  216  219  221  220  214  202  188  176  167  163
  160  159  159  158  160  160  158  152  143  134  128  127  131  133  132  129
  125  120  115  109  104   97   91   86   85   86   87   87   87   86   83   82
   82   84   83   81   79   77   74   72   69   68   69   75   83   94  106  115
  123  129  134  139  143  148  158  173  188
    27.5-180.0 180.0   5.0 450.0                            LAT/LON1/LON2/DLON/H
  193  204  209  210  212  214  217  220  221  221  219  209  197  186  177  173
  169  168  166  165  166  166  163  157  149  141  136  139  145  150  152  148
  140  131  121  112  103   95   89   87   88   89   90   89   88   85   83   81
   81   82   80   78   77   75   72   70   67   65   66   71   81   94  107  118
  125  131  136  141  146  152  163  177  193
    25.0-180.0 180.0   5.0 450.0                            LAT/LON1/LON2/DLON/H
  199  211  217  220  222  222  222  224  225  227  226  221  210  200  190  185
  180  177  174  172  170  171  170  165  157  152  149  154  162  168  169  162
  151  136  121  109   99   93   89   88   90   90   91   89   87   85   83   81
   80   79   77   76   74   73   70   67   64   62   62   66   78   92  106  118
  126  132  138  144  150  156  168  182  199
    22.5-180.0 180.0   5.0 450.0                            LAT/LON1/LON2/DLON/H
  206  221  229  236  238  236  234  235  235  238  239  236  227  219  209  202
  193  188  182  179  177  177  176  173  169  167  166  171  178  182  181  170
  157  137  121  106   96   91   90   91   92   91   91   89   86   84   83   82
   81   78   74   72   71   70   68   64   61   58   59   62   73   88  103  115
  124  130  137  146  154  163  174  190  206
    20.0-180.0 180.0   5.0 450.0                            LAT/LON1/LON2/DLON/H
  216  232  246  254  260  259  253  252  249  251  256  256  250  243  232  222
  212  203  194  188  186  185  185  184  184  184  185  189  194  194  187  172
  158  140  119  104   95   92   95   98   97   95   94   89   87   85   84   84
   83   79   74   70   68   67   64   60   57   55   54   58   68   83   98  110
  120  128  136  148  159  170  182  198  216
    17.5-180.0 180.0   5.0 450.0                            LAT/LON1/LON2/DLON/H
  227  246  263  276  284  287  282  276  270  272  278  280  277  271  258  246
  235  223  210  202  198  196  197  198  201  205  207  208  210  204  189  170
  157  140  118  102   97   99  105  109  108  102   99   93   89   87   87   87
   86   81   74   69   66   64   60   57   54   52   51   54   64   80   96  108
  117  126  137  151  165  178  192  208  227
    15.0-180.0 180.0   5.0 450.0                            LAT/LON1/LON2/DLON/H
  240  260  280  297  310  315  316  308  300  298  305  309  307  302  291  276
  262  248  232  221  214  211  212  215  220  227  229  226  223  209  185  166
  152  135  115  103  104  111  121  125  122  114  108   99   94   91   92   92
   91   85   76   69   65   62   57   54   52   50   49   52   62   78   95  108
  117  127  140  156  172  187  202  219  240
    12.5-180.0 180.0   5.0 450.0                            LAT/LON1/LON2/DLON/H
  250  272  295  316  335  343  342  336  332  330  336  346  346  338  326  308
  292  276  259  246  236  231  231  234  240  248  248  240  226  203  177  160
  147  132  117  111  117  128  139  144  139  129  120  110  102   98   99   98
   95   88   79   71   65   61   57   55   52   50   49   53   62   78   95  109
  119  129  143  161  178  196  212  229  250
    10.0-180.0 180.0   5.0 450.0                            LAT/LON1/LON2/DLON/H
  259  281  305  331  352  364  366  363  363  362  370  383  387  381  364  341
  324  308  290  276  264  256  253  255  260  265  262  249  227  198  171  155
  145  137  129  127  136  148  159  163  157  147  138  124  113  107  106  104
  100   91   81   73   67   61   58   56   53   52   51   54   64   80   97  111
  122  133  148  166  184  202  219  238  259
     7.5-180.0 180.0   5.0 450.0                            LAT/LON1/LON2/DLON/H
  267  287  311  338  362  377  382  383  385  390  399  414  423  420  400  374
  355  340  323  309  294  285  277  275  277  278  271  254  227  196  170  157
  154  152  149  150  158  167  176  180  175  166  156  139  126  119  115  110
  103   94   83   74   68   63   60   58   56   55   54   57   67   83  101  115
  126  137  152  170  188  207  224  245  267
     5.0-180.0 180.0   5.0 450.0                            LAT/LON1/LON2/DLON/H
  270  291  314  341  366  384  392  396  400  407  418  433  444  443  426  403
  386  373  358  341  324  312  301  295  293  290  279  259  231  200  177  168
  171  174  174  174  178  183  189  192  189  182  173  155  140  131  122  114
  105   95   84   75   69   64   62   60   59   58   58   61   71   86  104  119
  130  141  156  172  191  210  228  248  270
     2.5-180.0 180.0   5.0 450.0                            LAT/LON1/LON2/DLON/H
  271  293  318  343  369  389  401  405  409  415  424  436  447  446  438  422
  409  399  385  368  352  336  323  314  307  299  285  265  237  210  191  186
  192  198  197  194  193  193  197  199  197  192  185  170  154  141  127  115
  105   95   84   75   69   66   64   62   61   61   61   64   73   89  107  122
  133  144  158  174  191  209  229  250  271
