ionex_files/bejaia/igsg0740.21i
     1.0            IONOSPHERE MAPS     MIX                 IONEX VERSION / TYPE
cmpcmb v1.2          GRL/UWM             1-apr-21 10:02     PGM / RUN BY / DATE 
ionex file containing IGS COMBINED Ionosphere maps          COMMENT             
global ionosphere maps for day 074, 2021                    DESCRIPTION         
IONEX file containing the COMBINED IGS TEC MAPS and DCBs    DESCRIPTION         
      IONEX files of the following IAACs were combined: cod DESCRIPTION         
                                                        esa DESCRIPTION         
                                                        jpl DESCRIPTION         
                                                        upc DESCRIPTION         
Contact address: Andrzej Krankowski                         DESCRIPTION
                 Geodynamics Research Laboratory            DESCRIPTION
                 University of Warmia and Mazury (GRL/UWM)  DESCRIPTION
                 Oczapowski St. 1                           DESCRIPTION
                 10-957-Olsztyn, POLAND                     DESCRIPTION
                 e-mail:  kand@uwm.edu.pl                   DESCRIPTION
                                                            DESCRIPTION         
  2021     3    15     0     0     0                        EPOCH OF FIRST MAP  
  2021     3    16     0     0     0                        EPOCH OF LAST MAP   
  7200                                                      INTERVAL            
    13                                                      # OF MAPS IN FILE   
  COSZ                                                      MAPPING FUNCTION    
     0.0                                                    ELEVATION CUTOFF    
combined TEC calculated as weighted mean of input TEC valuesOBSERVABLES USED    
   371                                                      # OF STATIONS       
    32                                                      # OF SATELLITES     
  6371.0                                                    BASE RADIUS         
     2                                                      MAP DIMENSION       
   450.0 450.0   0.0                                        HGT1 / HGT2 / DHGT  
    87.5 -87.5  -2.5                                        LAT1 / LAT2 / DLAT  
  -180.0 180.0   5.0                                        LON1 / LON2 / DLON  
    -1                                                      EXPONENT            
TEC values in 0.1 tec units;  9999, if no value available   COMMENT             
DCB values in nanoseconds, reference is Sum_of_SatDCBs = 0  COMMENT             
                                                            END OF HEADER       
[from data line 3003]
     8                                                      START OF TEC MAP    
  2021     3    15    14     0     0                        EPOCH OF CURRENT MAP
    87.5-180.0 180.0   5.0 450.0                            LAT/LON1/LON2/DLON/H
   56   56   57   57   57   58   58   58   58   58   59   59   59   60   60   60
   60   60   60   60   61   61   61   61   61   61   61   61   61   61   61   61
   61   60   60   60   60   60   60   59   59   59   59   58   58   58   58   58
   57   57   57   57   57   56   56   56   56   56   56   56   56   55   56   55
   55   56   56   55   56   55   56   56   56
    85.0-180.0 180.0   5.0 450.0                            LAT/LON1/LON2/DLON/H
   52   52   53   53   54   54   55   56   56   57   58   58   59   59   60   60
   60   61   61   61   61   61   61   61   62   62   62   62   62   63   63   63
   63   63   62   62   61   61   60   60   59   58   57   57   57   56   55   55
   54   54   54   53   53   53   52   52   52   52   51   52   51   51   51   51
   50   50   51   50   50   51   51   51   52
    82.5-180.0 180.0   5.0 450.0                            LAT/LON1/LON2/DLON/H
   46   47   47   48   49   50   51   52   53   54   55   55   56   56   57   58
   58   59   60   60   61   60   60   60   62   62   62   63   64   64   64   64
   64   64   64   64   63   62   62   61   60   59   58   56   55   54   54   53
   52   51   50   50   49   48   48   48   48   47   47   47   46   46   45   45
   44   44   44   44   44   45   45   45   46
    80.0-180.0 180.0   5.0 450.0                            LAT/LON1/LON2/DLON/H
   39   40   41   41   43   44   46   48   50   51   52   53   53   54   55   55
   56   56   57   58   59   59   59   61   62   63   63   64   64   65   65   65
   65   65   65   64   63   63   62   61   60   59   57   55   54   53   51   50
   50   48   48   47   46   45   44   43   43   42   42   41   41   40   39   39
   38   38   38   37   37   38   38   38   39
    77.5-180.0 180.0   5.0 450.0                            LAT/LON1/LON2/DLON/H
   33   34   35   36   37   39   40   42   43   45   47   48   49   51   52   53
   54   55   56   58   58   59   61   61   62   63   64   64   65   65   65   66
   66   65   65   65   64   63   61   60   59   58   57   55   53   51   49   48
   47   46   45   44   43   41   40   39   39   38   38   37   36   35   34   33
   32   32   32   31   31   31   32   32   33
    75.0-180.0 180.0   5.0 450.0                            LAT/LON1/LON2/DLON/H
   28   29   30   31   32   33   34   35   37   39   41   44   46   48   50   51
   53   54   56   57   58   60   61   61   63   64   64   65   66   66   67   67
   67   66   66   65   65   63   62   60   59   57   57   55   53   52   50   48
   47   46   44   43   41   39   38   36   35   34   34   33   31   30   29   28
   26   26   26   25   25   26   26   27   28
    72.5-180.0 180.0   5.0 450.0                            LAT/LON1/LON2/DLON/H
   24   26   27   27   27   28   28   29   31   34   37   39   42   44   47   50
   52   55   56   58   60   60   61   62   64   65   66   66   66   67   67   66
   67   67   66   66   65   64   63   61   60   58   57   56   55   54   52   51
   49   47   46   44   41   39   37   35   33   32   30   29   27   26   24   23
   22   22   21   20   21   21   22   23   24
    70.0-180.0 180.0   5.0 450.0                            LAT/LON1/LON2/DLON/H
   23   24   25   24   24   24   24   24   26   28   31   34   38   42   46   49
   52   55   57   59   60   62   63   64   65   66   66   67   66   66   65   65
   65   65   66   66   66   66   65   63   62   61   60   59   58   57   56   55
   53   51   48   45   43   40   37   34   32   30   28   26   24   23   22   20
   19   18   18   17   18   18   20   21   23
    67.5-180.0 180.0   5.0 450.0                            LAT/LON1/LON2/DLON/H
   22   23   24   24   23   22   22   21   22   24   27   30   35   39   43   47
   51   55   57   60   61   63   65   66   67   68   67   66   65   64   63   63
   63   63   64   65   65   65   65   65   64   63   63   62   61   61   60   58
   57   53   50   47   43   40   36   33   30   29   26   25   24   22   22   20
   19   18   18   17   17   18   19   21   22
    65.0-180.0 180.0   5.0 450.0                            LAT/LON1/LON2/DLON/H
   23   24   25   25   24   23   21   20   20   20   23   27   31   36   41   45
   50   54   58   61   63   65   67   68   68   68   67   66   64   63   61   61
   60   61   62   64   65   66   66   66   66   66   65   65   65   65   64   62
   60   56   52   48   44   40   36   33   29   28   26   25   25   24   24   23
   21   20   20   19   18   19   20   21   23
    62.5-180.0 180.0   5.0 450.0                            LAT/LON1/LON2/DLON/H
   25   26   27   26   26   24   22   20   19   19   21   25   29   34   39   44
   49   54   59   62   64   67   68   69   69   68   67   65   63   62   60   60
   60   61   62   64   66   67   67   68   68   67   68   68   68   67   66   65
   62   58   53   49   44   40   36   33   30   28   27   27   28   28   27   27
   26   25   23   22   21   22   22   23   25
    60.0-180.0 180.0   5.0 450.0                            LAT/LON1/LON2/DLON/H
   27   28   29   30   29   27   25   23   20   20   21   24   28   33   38   43
   48   54   59   63   66   68   69   70   70   69   67   66   64   63   61   61
   62   63   65   66   68   69   70   70   70   70   70   71   70   70   69   67
   64   60   56   51   46   41   38   35   32   31   31   31   32   33   33   32
   31   30   28   26   25   25   25   26   27
    57.5-180.0 180.0   5.0 450.0                            LAT/LON1/LON2/DLON/H
   30   31   33   34   33   32   29   26   24   22   23   25   28   32   37   43
   48   54   59   63   67   68   69   70   70   69   69   68   67   67   66   67
   67   68   69   70   71   72   73   73   73   73   74   74   74   74   73   70
   67   63   59   54   49   45   42   39   37   36   36   37   38   39   39   38
   37   35   33   31   29   28   28   28   30
    55.0-180.0 180.0   5.0 450.0                            LAT/LON1/LON2/DLON/H
   33   34   36   37   38   36   34   31   28   27   26   27   30   34   38   44
   49   55   60   64   68   70   71   71   71   71   71   72   72   72   73   74
   75   75   76   76   76   76   77   77   77   78   78   78   78   78   76   74
   71   68   63   59   55   51   49   47   45   45   45   46   46   46   46   45
   44   42   40   38   35   33   32   32   33
    52.5-180.0 180.0   5.0 450.0                            LAT/LON1/LON2/DLON/H
   37   38   40   41   42   41   40   37   34   32   31   32   34   37   41   46
   52   58   63   68   71   73   73   72   73   75   76   77   79   80   81   82
   82   83   82   82   82   82   82   83   83   84   85   85   85   84   83   80
   78   74   70   66   63   60   58   56   55   54   55   55   55   54   54   53
   51   49   47   45   43   39   37   36   37
    50.0-180.0 180.0   5.0 450.0                            LAT/LON1/LON2/DLON/H
   42   42   44   45   46   46   45   43   41   39   38   38   39   42   45   51
   56   63   68   72   75   76   76   76   77   80   82   84   86   87   89   89
   89   89   88   87   87   87   88   89   90   91   92   93   92   92   91   88
   85   81   77   74   71   69   67   66   65   65   65   64   64   63   62   60
   58   56   54   53   50   47   44   42   42
    47.5-180.0 180.0   5.0 450.0                            LAT/LON1/LON2/DLON/H
   48   48   49   50   50   51   51   49   47   47   46   45   46   48   51   56
   62   69   74   78   80   82   81   82   84   86   88   91   92   94   95   95
   94   94   93   92   92   93   94   96   97   99  100  101  101  101   99   97
   93   89   86   82   79   77   75   74   73   74   73   73   72   71   69   68
   66   64   63   61   58   56   53   50   48
    45.0-180.0 180.0   5.0 450.0                            LAT/LON1/LON2/DLON/H
   56   55   54   54   55   56   55   54   53   53   53   52   53   55   59   63
   69   76   81   85   87   88   88   90   91   94   96   98   99   99   99   98
   98   98   98   97   99  100  101  103  106  107  109  109  110  109  107  105
  102   98   93   89   86   83   80   78   78   78   79   80   80   79   77   75
   73   72   71   69   67   65   63   59   56
    42.5-180.0 180.0   5.0 450.0                            LAT/LON1/LON2/DLON/H
   64   61   58   58   60   60   59   58   58   57   58   59   60   63   66   72
   77   83   88   93   95   96   97   98  100  102  103  104  104  104  103  102
  102  104  105  105  106  108  110  111  114  116  116  117  117  117  114  113
  109  105  100   96   90   85   82   80   80   81   83   84   85   85   84   82
   80   79   78   76   75   74   71   68   64
    40.0-180.0 180.0   5.0 450.0                            LAT/LON1/LON2/DLON/H
   71   67   63   62   63   62   62   61   61   61   62   64   66   70   74   79
   84   91   96  100  102  104  106  107  108  109  110  110  110  108  108  109
  111  114  117  118  119  119  119  121  123  124  124  125  124  124  122  119
  115  111  105   98   92   85   80   78   80   82   85   88   90   90   89   88
   86   84   83   81   80   79   77   74   71
    37.5-180.0 180.0   5.0 450.0                            LAT/LON1/LON2/DLON/H
   75   71   67   65   64   63   64   63   62   62   64   67   71   76   81   87
   92   98  103  107  110  112  114  115  116  116  116  116  117  117  119  122
  127  132  137  137  136  134  132  132  134  134  134  132  132  129  127  124
  119  114  108  101   93   84   78   76   79   83   87   90   93   94   94   92
   90   88   86   84   82   81   80   77   75
    35.0-180.0 180.0   5.0 450.0                            LAT/LON1/LON2/DLON/H
   76   72   68   65   64   63   64   63   63   63   64   68   73   80   87   94
  100  105  109  114  118  120  122  123  123  123  123  124  127  130  136  143
  151  160  165  164  160  154  150  147  147  146  144  140  138  134  131  128
  124  119  112  105   96   86   80   78   80   84   88   92   95   97   97   95
   93   89   87   84   81   80   79   78   76
    32.5-180.0 180.0   5.0 450.0                            LAT/LON1/LON2/DLON/H
   74   70   66   63   62   62   62   62   62   61   62   67   75   84   93  101
  106  111  115  121  125  128  130  130  130  129  130  134  140  150  162  173
  185  195  200  200  193  181  170  166  164  161  156  151  147  142  138  135
  132  128  121  114  106   97   91   88   88   88   91   94   97   98   98   96
   93   89   85   81   78   76   75   75   74
    30.0-180.0 180.0   5.0 450.0                            LAT/LON1/LON2/DLON/H
   70   67   63   60   59   60   60   61   60   59   60   65   75   87   98  107
  113  117  122  126  131  135  137  138  136  136  139  146  159  174  191  208
  223  235  241  241  230  211  195  187  183  179  172  167  161  154  149  147
  146  144  139  133  125  117  111  107  102   99   97   97   97   98   98   95
   92   87   83   77   73   71   71   71   70
    27.5-180.0 180.0   5.0 450.0                            LAT/LON1/LON2/DLON/H
   66   63   60   57   56   57   58   58   58   56   57   63   73   87  101  111
  117  121  127  132  138  143  146  145  144  144  150  163  181  202  224  245
  262  275  279  280  274  254  224  211  205  201  194  188  180  171  166  166
  168  169  166  159  153  143  138  132  124  115  109  104  101   99   97   94
   90   85   79   74   69   67   66   67   66
    25.0-180.0 180.0   5.0 450.0                            LAT/LON1/LON2/DLON/H
   63   61   58   55   54   55   56   56   56   54   54   59   70   86  101  112
  120  124  130  137  144  151  155  155  153  156  166  184  207  232  258  278
  298  311  316  319  314  288  252  236  230  226  220  214  204  195  192  194
  198  202  197  192  184  175  169  161  149  136  124  114  107  103   99   94
   89   82   77   71   66   63   63   63   63
    22.5-180.0 180.0   5.0 450.0                            LAT/LON1/LON2/DLON/H
   61   59   57   55   53   54   55   55   54   52   52   56   67   84  100  113
  121  127  133  142  151  159  165  166  167  172  186  208  234  262  288  308
  326  337  354  353  338  312  281  263  255  252  247  239  233  226  224  228
  233  238  235  225  217  208  202  191  175  158  141  128  118  110  104   97
   90   83   78   71   66   63   62   62   61
    20.0-180.0 180.0   5.0 450.0                            LAT/LON1/LON2/DLON/H
   61   59   56   54   53   53   54   55   54   52   50   54   64   81   98  112
  121  129  136  147  157  168  176  179  183  192  209  234  261  289  314  330
  346  359  372  369  350  326  301  287  280  278  274  267  262  258  257  261
  266  271  267  257  245  236  229  216  200  180  160  143  129  120  111  101
   93   86   81   73   69   65   63   62   61
    17.5-180.0 180.0   5.0 450.0                            LAT/LON1/LON2/DLON/H
   62   59   56   53   53   53   54   55   54   52   50   52   61   77   95  110
  120  129  138  150  163  176  186  194  201  214  233  260  287  313  334  346
  356  366  374  368  353  335  316  303  301  300  297  292  290  286  285  287
  293  294  290  278  265  254  247  236  222  202  178  159  144  131  120  107
   97   89   85   77   73   70   67   65   62
    15.0-180.0 180.0   5.0 450.0                            LAT/LON1/LON2/DLON/H
   65   61   58   55   53   52   52   54   54   52   50   52   61   76   93  107
  118  129  140  154  169  184  197  209  221  236  258  284  310  330  346  351
  355  362  366  362  353  342  328  319  318  318  318  314  310  305  305  305
  309  308  301  287  272  262  257  249  239  218  194  174  156  142  128  114
  103   94   90   82   80   76   72   69   65
    12.5-180.0 180.0   5.0 450.0                            LAT/LON1/LON2/DLON/H
   68   64   59   56   52   51   51   52   52   51   50   52   61   75   92  106
  118  130  142  158  175  193  209  224  240  258  280  303  324  339  347  348
  349  352  356  355  352  347  339  334  333  335  334  330  324  317  315  316
  317  311  299  282  264  259  254  248  240  221  201  183  165  151  137  122
  109   99   94   88   86   82   78   73   68
    10.0-180.0 180.0   5.0 450.0                            LAT/LON1/LON2/DLON/H
   71   65   60   56   52   50   50   50   50   50   50   53   62   76   92  107
  120  133  146  163  183  201  220  239  257  276  297  317  333  342  344  343
  341  345  349  352  355  353  350  349  350  348  345  339  331  324  319  319
  316  306  290  267  245  240  237  234  228  215  202  188  173  159  145  130
  117  106  100   94   91   88   83   77   71
     7.5-180.0 180.0   5.0 450.0                            LAT/LON1/LON2/DLON/H
   73   66   61   56   52   50   48   48   48   49   49   53   62   77   94  110
  124  138  153  170  191  210  231  252  271  291  309  325  336  341  341  338
  338  344  351  358  363  364  365  366  364  359  352  344  334  326  321  318
  311  298  279  253  228  217  216  217  215  208  199  188  177  165  152  138
  125  112  106   98   95   91   86   80   73
     5.0-180.0 180.0   5.0 450.0                            LAT/LON1/LON2/DLON/H
   73   66   60   56   53   50   48   47   47   47   48   53   63   79   97  114
  129  145  161  180  200  221  242  264  283  301  317  328  336  340  340  339
  341  349  361  371  377  380  383  382  377  368  358  347  336  326  320  313
  304  289  269  244  220  205  202  203  204  201  195  186  177  167  156  144
  131  118  110  102   97   93   88   81   73
     2.5-180.0 180.0   5.0 450.0                            LAT/LON1/LON2/DLON/H
   73   65   59   55   52   49   47   46   45   45   47   53   64   80  100  119
  134  152  169  189  209  230  252  273  292  307  319  327  334  339  342  346
  350  363  377  389  397  400  400  397  388  376  363  350  337  326  317  308
  295  279  261  238  216  200  193  192  193  193  189  181  172  165  156  146
  135  123  115  105   99   94   89   81   73
