ionex_files/bejaia/igsg0760.21i
     1.0            IONOSPHERE MAPS     MIX                 IONEX VERSION / TYPE
cmpcmb v1.2          GRL/UWM             1-apr-21 10:13     PGM / RUN BY / DATE 
ionex file containing IGS COMBINED Ionosphere maps          COMMENT             
global ionosphere maps for day 076, 2021                    DESCRIPTION         
IONEX file containing the COMBINED IGS TEC MAPS and DCBs    DESCRIPTION         
      IONEX files of the following IAACs were combined: cod DESCRIPTION         
                                                        esa DESCRIPTION         
                                                        jpl DESCRIPTION         
                                                        upc DESCRIPTION         
Contact address: Andrzej Krankowski                         DESCRIPTION
                 Geodynamics Research Laboratory            DESCRIPTION
                 University of Warmia and Mazury (GRL/UWM)  DESCRIPTION
                 Oczapowski St. 1                           DESCRIPTION
                 10-957-Olsztyn, POLAND                     DESCRIPTION
                 e-mail:  kand@uwm.edu.pl                   DESCRIPTION
                                                            DESCRIPTION         
  2021     3    17     0     0     0                        EPOCH OF FIRST MAP  
  2021     3    18     0     0     0                        EPOCH OF LAST MAP   
  7200                                                      INTERVAL            
    13                                                      # OF MAPS IN FILE   
  COSZ                                                      MAPPING FUNCTION    
     0.0                                                    ELEVATION CUTOFF    
combined TEC calculated as weighted mean of input TEC valuesOBSERVABLES USED    
   372                                                      # OF STATIONS       
    32                                                      # OF SATELLITES     
  6371.0                                                    BASE RADIUS         
     2                                                      MAP DIMENSION       
   450.0 450.0   0.0                                        HGT1 / HGT2 / DHGT  
    87.5 -87.5  -2.5                                        LAT1 / LAT2 / DLAT  
  -180.0 180.0   5.0                                        LON1 / LON2 / DLON  
    -1                                                      EXPONENT            
TEC values in 0.1 tec units;  9999, if no value available   COMMENT             
DCB values in nanoseconds, reference is Sum_of_SatDCBs = 0  COMMENT             
                                                            END OF HEADER       
[from data line 4719]
    12                                                      START OF TEC MAP    
  2021     3    17    22     0     0                        EPOCH OF CURRENT MAP
    87.5-180.0 180.0   5.0 450.0                            LAT/LON1/LON2/DLON/H
   58   58   59   59   59   60   60   60   60   60   60   60   60   60   60   60
   59   59   58   58   57   56   55   54   54   53   52   52   51   51   51   50
   50   50   50   50   49   49   49   49   49   49   49   49   49   49   50   50
   50   50   50   50   50   51   51   51   52   52   52   53   53   53   54   54
   55   55   56   56   57   57   57   58   58
    85.0-180.0 180.0   5.0 450.0                            LAT/LON1/LON2/DLON/H
   60   61   62   63   63   64   64   65   65   65   65   65   65   65   64   64
   64   63   62   61   59   58   56   54   53   52   51   50   49   48   47   46
   46   45   45   44   44   44   44   44   44   44   44   45   45   45   46   46
   46   46   47   47   47   47   48   48   48   49   50   50   51   51   51   52
   53   54   55   55   56   58   58   59   60
    82.5-180.0 180.0   5.0 450.0                            LAT/LON1/LON2/DLON/H
   61   62   63   64   66   67   68   68   69   69   70   69   70   70   69   69
   68   66   65   63   61   60   57   54   52   50   48   47   45   44   43   42
   41   40   40   40   40   40   40   40   40   40   40   41   41   41   41   42
   42   43   43   43   44   44   44   44   45   46   46   46   47   48   48   50
   51   52   53   55   56   57   59   60   61
    80.0-180.0 180.0   5.0 450.0                            LAT/LON1/LON2/DLON/H
   61   63   65   66   68   70   71   72   73   74   75   76   76   75   74   73
   72   71   68   67   64   62   58   53   50   47   44   42   40   39   38   37
   36   36   35   36   35   36   36   36   37   37   38   38   38   38   38   38
   38   38   39   39   39   39   40   40   41   41   42   42   43   44   45   47
   48   50   51   53   55   56   58   60   61
    77.5-180.0 180.0   5.0 450.0                            LAT/LON1/LON2/DLON/H
   61   63   65   67   69   71   72   74   75   77   78   78   79   79   79   79
   77   76   74   71   68   65   61   56   52   48   45   41   38   35   33   32
   32   31   32   32   32   33   33   33   34   34   34   34   34   34   34   34
   34   34   34   34   34   34   35   35   36   36   37   38   39   40   42   44
   45   47   49   52   54   55   57   59   61
    75.0-180.0 180.0   5.0 450.0                            LAT/LON1/LON2/DLON/H
   61   63   65   67   69   71   73   75   76   78   80   82   84   85   86   85
   83   81   79   76   73   68   63   58   53   48   44   40   36   33   31   30
   29   29   29   29   29   30   30   31   31   31   31   30   31   30   30   30
   29   29   29   29   29   29   29   29   30   32   32   34   35   37   39   41
   43   45   48   50   53   55   57   59   61
    72.5-180.0 180.0   5.0 450.0                            LAT/LON1/LON2/DLON/H
   62   64   66   68   69   71   72   74   76   79   82   85   88   89   89   88
   88   86   84   81   77   72   66   61   55   49   45   40   36   33   31   29
   28   28   28   28   27   28   28   28   27   27   27   27   27   27   26   26
   25   25   25   24   24   23   24   24   25   27   27   29   31   34   36   39
   42   45   48   50   53   55   58   60   62
    70.0-180.0 180.0   5.0 450.0                            LAT/LON1/LON2/DLON/H
   63   66   68   70   71   72   73   75   77   81   83   86   88   90   92   91
   90   89   87   85   80   76   71   65   59   53   47   43   38   34   31   29
   28   28   27   27   26   26   25   24   24   23   23   23   23   23   23   23
   22   22   21   20   20   19   19   19   20   22   24   27   29   32   35   39
   42   45   48   51   53   56   59   62   63
    67.5-180.0 180.0   5.0 450.0                            LAT/LON1/LON2/DLON/H
   67   70   71   73   73   74   75   76   78   81   83   86   89   92   93   93
   93   93   91   88   85   81   76   70   64   58   52   47   42   38   35   32
   30   28   27   26   25   24   23   22   21   20   20   20   20   20   20   21
   20   20   18   17   16   15   15   16   17   19   21   24   28   32   35   40
   44   47   49   52   55   58   61   64   67
    65.0-180.0 180.0   5.0 450.0                            LAT/LON1/LON2/DLON/H
   72   74   77   77   77   77   77   78   79   82   84   87   89   92   93   94
   96   96   94   92   90   86   82   77   71   65   59   54   49   45   41   37
   33   30   28   26   23   22   21   20   19   19   19   20   20   19   19   19
   19   18   17   16   15   14   14   15   16   18   21   24   28   33   39   43
   47   50   53   55   58   62   65   68   72
    62.5-180.0 180.0   5.0 450.0                            LAT/LON1/LON2/DLON/H
   77   80   82   83   83   81   81   81   81   83   85   87   90   92   94   95
   96   96   96   97   94   92   88   84   79   73   67   61   56   52   47   43
   38   32   29   26   24   22   21   20   19   19   19   20   21   21   20   20
   20   19   17   17   16   16   16   16   18   20   23   27   32   37   43   48
   51   54   57   59   62   66   69   73   77
    60.0-180.0 180.0   5.0 450.0                            LAT/LON1/LON2/DLON/H
   83   86   89   90   89   88   86   85   84   85   87   89   92   93   95   96
   96   96   97   98   97   94   91   88   83   78   72   67   63   58   54   48
   42   36   30   27   24   23   23   23   22   21   22   23   24   23   24   23
   22   21   21   20   20   20   20   20   21   24   27   31   36   41   48   52
   55   59   60   63   66   70   74   78   83
    57.5-180.0 180.0   5.0 450.0                            LAT/LON1/LON2/DLON/H
   89   93   96   97   96   95   93   91   90   90   90   91   93   95   97   97
   98   98   98   98   97   95   92   90   86   81   76   72   67   62   57   51
   45   38   32   29   27   26   26   27   27   27   27   29   29   29   29   28
   28   27   26   27   26   27   26   27   28   30   32   36   41   46   51   55
   59   63   66   68   71   75   79   84   89
    55.0-180.0 180.0   5.0 450.0                            LAT/LON1/LON2/DLON/H
   95   99  103  106  106  104  102   99   97   95   94   94   97   98   99  100
   99   99   98   98   97   95   92   90   87   82   78   74   70   64   59   53
   46   39   34   32   30   30   31   32   33   34   35   36   36   36   36   36
   35   35   35   36   36   36   35   35   35   36   39   42   46   51   55   59
   64   68   72   74   77   81   85   90   95
    52.5-180.0 180.0   5.0 450.0                            LAT/LON1/LON2/DLON/H
  101  106  111  114  115  115  113  110  106  103  101  100  100  101  102  102
  101  101   99   98   97   94   92   90   86   83   79   75   70   65   59   53
   47   40   37   35   35   36   37   39   40   42   43   44   44   44   44   44
   44   44   45   45   46   46   46   45   44   43   45   48   51   55   59   64
   69   73   78   81   85   87   91   95  101
    50.0-180.0 180.0   5.0 450.0                            LAT/LON1/LON2/DLON/H
  107  113  118  123  126  126  125  122  118  113  108  104  103  103  104  104
  104  103  101   99   97   94   92   90   87   83   79   76   70   65   58   52
   46   42   40   39   41   43   45   46   48   49   50   51   51   51   51   52
   52   53   54   55   55   56   55   53   52   51   51   52   55   59   64   68
   73   78   82   87   90   93   97  102  107
    47.5-180.0 180.0   5.0 450.0                            LAT/LON1/LON2/DLON/H
  113  121  126  131  137  139  139  136  131  124  116  111  107  106  107  107
  107  106  104  101   98   95   93   92   90   86   82   76   71   65   58   52
   47   45   45   46   48   50   52   53   55   56   57   57   57   56   57   58
   59   60   61   63   63   64   63   61   58   56   55   55   58   62   67   72
   77   82   86   91   95   99  103  108  113
    45.0-180.0 180.0   5.0 450.0                            LAT/LON1/LON2/DLON/H
  120  127  134  140  146  150  151  149  144  136  126  118  113  111  111  112
  111  110  108  105  102   99   97   96   95   91   86   80   72   65   58   53
   50   50   51   53   56   58   59   60   61   62   62   62   61   61   63   64
   66   68   69   70   71   71   70   67   63   59   57   58   61   66   71   76
   82   87   91   94   97  103  109  114  120
    42.5-180.0 180.0   5.0 450.0                            LAT/LON1/LON2/DLON/H
  126  134  141  147  153  160  162  161  156  147  137  127  121  117  116  116
  116  115  113  111  109  107  104  104  102   98   91   84   75   66   60   55
   55   56   58   61   63   65   65   66   66   66   66   66   66   66   67   69
   71   73   74   76   76   76   74   71   66   62   59   60   64   70   76   82
   88   93   97   99  102  108  115  121  126
    40.0-180.0 180.0   5.0 450.0                            LAT/LON1/LON2/DLON/H
  134  141  147  154  160  166  170  170  166  158  147  136  129  124  122  121
  121  121  119  118  117  115  113  113  110  106   98   88   79   69   62   59
   59   62   65   68   69   70   69   69   69   70   70   70   70   71   71   72
   74   75   77   78   77   77   75   71   67   63   61   62   67   75   82   89
   95   99  103  106  108  113  121  127  134
    37.5-180.0 180.0   5.0 450.0                            LAT/LON1/LON2/DLON/H
  141  148  155  160  165  171  175  176  173  167  157  147  138  132  129  128
  128  128  127  126  125  125  123  121  118  112  104   93   83   73   66   63
   64   67   70   72   73   72   71   71   72   73   73   75   74   74   73   73
   74   75   77   77   77   75   72   69   65   62   62   65   71   80   88   95
  101  105  109  111  113  119  126  133  141
    35.0-180.0 180.0   5.0 450.0                            LAT/LON1/LON2/DLON/H
  149  158  164  167  171  174  178  179  177  173  166  157  148  142  137  136
  135  136  136  136  134  134  131  129  125  118  109   97   88   79   73   70
   70   72   74   75   75   74   73   73   74   76   77   78   77   76   74   73
   72   74   75   75   74   72   69   66   63   61   62   66   74   84   93  101
  107  111  115  117  119  124  131  140  149
    32.5-180.0 180.0   5.0 450.0                            LAT/LON1/LON2/DLON/H
  162  171  175  176  177  178  180  180  179  177  174  166  159  152  148  145
  144  145  144  144  143  141  139  135  129  121  111  102   94   86   81   77
   76   77   77   77   76   75   74   75   77   79   80   80   79   76   73   71
   70   71   72   71   70   68   66   64   61   59   60   65   75   86   97  106
  112  117  121  123  125  130  138  150  162
    30.0-180.0 180.0   5.0 450.0                            LAT/LON1/LON2/DLON/H
  176  187  191  190  188  185  184  182  182  181  181  175  170  165  159  156
  154  154  153  152  149  146  143  138  132  123  114  106  100   94   89   86
   84   83   81   79   76   75   75   77   79   81   81   80   78   75   71   68
   68   68   69   68   67   66   64   63   60   56   57   63   74   87   99  109
  116  121  125  128  132  137  147  162  176
    27.5-180.0 180.0   5.0 450.0                            LAT/LON1/LON2/DLON/H
  194  207  212  211  205  199  194  190  188  189  189  187  181  177  172  169
  165  164  162  159  155  150  145  140  133  124  116  111  107  103   98   94
   91   88   84   80   76   75   76   78   81   81   81   78   76   73   69   67
   67   67   69   68   66   64   62   61   58   55   55   61   73   87  100  110
  117  123  128  133  139  146  159  176  194
    25.0-180.0 180.0   5.0 450.0                            LAT/LON1/LON2/DLON/H
  213  230  239  239  231  222  214  207  203  201  203  200  195  190  186  182
  177  175  171  167  160  154  147  141  134  126  119  116  114  112  107  102
   98   94   89   83   79   77   78   81   82   80   79   75   73   71   69   68
   67   67   68   67   65   63   62   60   57   54   54   59   71   87  100  111
  118  124  130  137  145  156  172  193  213
    22.5-180.0 180.0   5.0 450.0                            LAT/LON1/LON2/DLON/H
  234  255  269  273  266  255  244  234  225  221  219  216  212  207  202  197
  190  185  181  175  166  158  151  144  137  129  124  123  122  120  116  111
  105  101   95   89   83   82   83   84   83   78   75   72   71   70   70   69
   69   69   69   68   66   63   62   59   56   53   53   59   70   86  100  111
  119  126  134  142  153  167  186  209  234
    20.0-180.0 180.0   5.0 450.0                            LAT/LON1/LON2/DLON/H
  253  277  298  306  305  297  287  271  257  247  243  237  231  226  220  212
  205  198  190  183  173  165  157  150  143  137  132  131  130  128  124  119
  114  108  103   97   91   89   90   89   85   79   74   70   70   71   73   73
   73   72   71   69   68   64   62   59   56   54   53   58   68   84   99  110
  118  127  137  148  161  178  199  225  253
    17.5-180.0 180.0   5.0 450.0                            LAT/LON1/LON2/DLON/H
  268  297  320  335  341  338  334  317  296  280  271  262  253  246  239  231
  221  212  201  192  182  173  165  159  153  148  142  140  139  136  132  127
  123  118  112  106  101  100   99   97   90   82   76   71   71   74   76   77
   77   77   75   73   71   66   63   59   56   54   54   58   68   83   98  110
  119  129  142  156  171  189  211  238  268
    15.0-180.0 180.0   5.0 450.0                            LAT/LON1/LON2/DLON/H
  277  306  335  357  370  376  373  359  341  318  302  290  277  268  260  250
  239  226  214  202  191  183  177  173  167  162  156  152  148  143  139  135
  130  127  123  116  112  111  110  105   98   88   81   76   76   78   80   81
   81   81   79   76   73   68   64   60   57   56   57   60   70   84   99  111
  121  132  147  163  180  199  221  247  277
    12.5-180.0 180.0   5.0 450.0                            LAT/LON1/LON2/DLON/H
  278  306  335  361  382  397  402  396  379  352  331  316  302  291  283  272
  258  243  229  214  203  196  191  187  183  179  171  164  158  151  145  140
  137  135  131  126  123  121  120  115  107   97   90   84   82   83   84   84
   83   83   81   78   72   69   65   61   58   58   60   62   70   84   99  112
  123  136  153  171  189  209  229  253  278
    10.0-180.0 180.0   5.0 450.0                            LAT/LON1/LON2/DLON/H
  276  296  321  346  372  397  409  412  401  377  354  338  324  316  306  293
  277  260  244  229  218  211  207  203  199  195  187  177  168  159  151  145
  142  140  137  134  132  130  127  122  116  107  101   94   90   88   87   85
   83   82   80   77   72   69   66   64   61   60   61   64   71   83   98  112
  125  140  157  177  196  216  236  256  276
     7.5-180.0 180.0   5.0 450.0                            LAT/LON1/LON2/DLON/H
  274  287  302  323  350  377  396  403  401  387  371  357  344  337  327  315
  296  278  261  246  235  227  222  219  216  211  202  189  178  166  157  150
  146  144  141  138  136  134  131  128  121  117  112  104   97   93   89   84
   81   79   77   74   71   69   67   66   64   62   62   64   72   84   98  112
  126  142  161  181  201  222  241  259  274
     5.0-180.0 180.0   5.0 450.0                            LAT/LON1/LON2/DLON/H
  274  281  290  306  329  355  376  383  386  382  374  365  356  353  345  334
  315  296  277  264  252  244  239  235  231  225  214  201  187  174  163  155
  149  145  142  138  135  133  131  128  125  122  120  110  103   97   89   82
   77   73   72   70   69   68   68   67   67   64   62   65   72   85   99  113
  128  143  162  182  203  225  245  263  274
     2.5-180.0 180.0   5.0 450.0                            LAT/LON1/LON2/DLON/H
  279  283  290  300  320  340  356  364  366  368  366  364  361  359  357  348
  331  315  297  283  271  260  255  252  246  238  226  211  195  181  168  159
  151  145  140  134  130  128  126  125  124  122  121  113  107   98   88   78
   71   68   65   65   66   66   67   68   68   65   63   65   72   84  100  114
  129  144  162  181  202  225  248  268  279
