ionex_files/bejaia/igsg0630.21i
     1.0            IONOSPHERE MAPS     MIX                 IONEX VERSION / TYPE
cmpcmb v1.2          GRL/UWM            18-mar-21 03:55     PGM / RUN BY / DATE 
ionex file containing IGS COMBINED Ionosphere maps          COMMENT             
global ionosphere maps for day 063, 2021                    DESCRIPTION         
IONEX file containing the COMBINED IGS TEC MAPS and DCBs    DESCRIPTION         
      IONEX files of the following IAACs were combined: cod DESCRIPTION         
                                                        esa DESCRIPTION         
                                                        jpl DESCRIPTION         
                                                        upc DESCRIPTION         
Contact address: Andrzej Krankowski                         DESCRIPTION
                 Geodynamics Research Laboratory            DESCRIPTION
                 University of Warmia and Mazury (GRL/UWM)  DESCRIPTION
                 Oczapowski St. 1                           DESCRIPTION
                 10-957-Olsztyn, POLAND                     DESCRIPTION
                 e-mail:  kand@uwm.edu.pl                   DESCRIPTION
                                                            DESCRIPTION         
  2021     3     4     0     0     0                        EPOCH OF FIRST MAP  
  2021     3     5     0     0     0                        EPOCH OF LAST MAP   
  7200                                                      INTERVAL            
    13                                                      # OF MAPS IN FILE   
  COSZ                                                      MAPPING FUNCTION    
     0.0                                                    ELEVATION CUTOFF    
combined TEC calculated as weighted mean of input TEC valuesOBSERVABLES USED    
   379                                                      # OF STATIONS       
    32                                                      # OF SATELLITES     
  6371.0                                                    BASE RADIUS         
     2                                                      MAP DIMENSION       
   450.0 450.0   0.0                                        HGT1 / HGT2 / DHGT  
    87.5 -87.5  -2.5                                        LAT1 / LAT2 / DLAT  
  -180.0 180.0   5.0                                        LON1 / LON2 / DLON  
    -1                                                      EXPONENT            
TEC values in 0.1 tec units;  9999, if no value available   COMMENT             
DCB values in nanoseconds, reference is Sum_of_SatDCBs = 0  COMMENT             
                                                            END OF HEADER       
[from data line 3861]
    10                                                      START OF TEC MAP    
  2021     3     4    18     0     0                        EPOCH OF CURRENT MAP
    87.5-180.0 180.0   5.0 450.0                            LAT/LON1/LON2/DLON/H
   43   44   44   45   45   45   45   46   46   46   47   47   48   48   48   48
   49   49   49   49   49   49   49   49   48   48   49   48   48   48   47   47
   47   46   46   46   45   45   45   44   44   44   44   43   43   42   42   42
   42   41   41   41   41   40   40   40   40   40   40   41   41   41   41   41
   41   42   42   42   43   43   43   43   43
    85.0-180.0 180.0   5.0 450.0                            LAT/LON1/LON2/DLON/H
   43   44   44   46   47   47   48   49   50   50   51   51   51   52   52   52
   53   53   53   53   53   53   53   53   52   52   52   51   51   50   49   49
   48   47   47   46   46   45   45   44   44   43   43   43   42   42   41   41
   41   40   39   39   38   38   37   37   37   37   37   37   37   37   38   37
   38   38   39   39   40   40   41   42   43
    82.5-180.0 180.0   5.0 450.0                            LAT/LON1/LON2/DLON/H
   42   43   45   46   47   48   49   50   51   52   53   54   54   55   56   56
   57   57   57   57   57   57   56   56   56   55   54   53   52   51   50   49
   48   47   46   45   45   45   44   44   43   43   43   43   42   42   41   40
   40   40   39   39   38   37   36   35   35   35   34   34   34   34   34   34
   35   35   36   37   38   39   40   41   42
    80.0-180.0 180.0   5.0 450.0                            LAT/LON1/LON2/DLON/H
   40   41   43   44   46   47   49   50   51   52   53   55   55   57   58   59
   59   60   60   60   60   60   59   59   58   57   56   54   53   51   50   49
   47   46   45   44   43   42   42   42   42   41   42   42   42   42   42   41
   41   40   39   38   38   36   35   34   33   33   32   32   31   31   31   31
   32   33   33   34   35   36   37   38   40
    77.5-180.0 180.0   5.0 450.0                            LAT/LON1/LON2/DLON/H
   38   39   41   43   45   46   47   49   51   53   54   56   58   59   61   62
   62   63   63   64   64   64   63   63   61   60   58   56   55   53   51   49
   47   45   44   42   41   40   39   39   39   39   39   40   40   41   42   41
   41   40   39   38   38   37   36   34   33   32   31   30   30   30   29   30
   30   30   30   31   32   33   34   36   38
    75.0-180.0 180.0   5.0 450.0                            LAT/LON1/LON2/DLON/H
   35   38   39   42   43   45   46   48   50   52   54   56   59   60   62   63
   65   65   65   66   67   67   66   65   64   62   60   58   56   54   52   49
   47   45   43   40   39   37   36   36   35   35   36   37   38   39   39   40
   40   39   38   38   37   36   35   34   33   32   31   30   29   29   28   28
   28   28   28   28   29   30   31   33   35
    72.5-180.0 180.0   5.0 450.0                            LAT/LON1/LON2/DLON/H
   34   36   38   40   42   43   45   47   49   51   54   56   58   61   63   64
   65   67   69   70   69   70   69   68   67   65   62   59   57   55   52   50
   47   45   42   40   37   35   34   33   33   32   33   33   34   35   36   36
   38   38   38   36   36   35   34   33   32   32   31   30   29   28   27   27
   26   26   26   26   27   28   29   32   34
    70.0-180.0 180.0   5.0 450.0                            LAT/LON1/LON2/DLON/H
   33   35   37   39   41   42   44   46   48   51   53   56   59   61   63   65
   67   69   71   72   73   73   73   71   70   67   64   61   59   56   54   51
   48   45   42   39   36   34   32   31   31   30   29   29   30   31   32   33
   34   35   34   34   33   33   32   32   32   31   30   29   28   28   27   26
   25   25   24   24   25   27   28   31   33
    67.5-180.0 180.0   5.0 450.0                            LAT/LON1/LON2/DLON/H
   32   35   37   39   41   43   45   46   49   52   54   57   59   61   64   66
   69   71   73   74   76   76   75   74   72   70   67   64   61   58   55   53
   49   46   43   39   36   34   32   30   29   28   27   27   27   28   28   29
   30   31   30   29   30   29   29   30   30   30   29   29   29   28   27   26
   25   24   23   22   24   26   28   30   32
    65.0-180.0 180.0   5.0 450.0                            LAT/LON1/LON2/DLON/H
   32   35   37   40   41   44   46   48   51   53   55   58   61   63   64   67
   70   73   74   77   78   78   78   76   74   72   70   67   64   61   58   56
   52   49   45   42   39   36   34   31   29   28   27   26   25   25   25   26
   26   27   26   26   26   26   26   27   27   28   28   29   29   28   28   27
   26   25   23   23   23   25   27   30   32
    62.5-180.0 180.0   5.0 450.0                            LAT/LON1/LON2/DLON/H
   33   36   39   41   44   46   48   51   54   56   58   61   63   65   66   68
   71   73   74   77   78   79   78   77   75   73   71   69   67   64   62   59
   56   53   49   46   43   40   36   34   32   30   28   27   26   25   25   25
   25   25   25   24   25   24   24   25   26   27   28   29   30   30   29   28
   27   26   25   24   24   25   27   30   33
    60.0-180.0 180.0   5.0 450.0                            LAT/LON1/LON2/DLON/H
   34   37   40   43   46   49   52   55   58   61   63   64   65   67   69   70
   72   74   75   77   78   79   79   77   75   74   72   71   70   68   66   64
   61   58   54   51   48   44   41   38   36   34   32   30   28   27   26   26
   25   25   26   25   25   24   24   24   26   27   29   31   32   32   31   30
   29   28   27   25   25   26   28   30   34
    57.5-180.0 180.0   5.0 450.0                            LAT/LON1/LON2/DLON/H
   36   39   42   46   49   52   56   60   64   66   68   69   70   71   72   73
   74   75   77   78   79   79   78   77   75   74   74   73   73   73   72   70
   68   64   60   57   54   50   47   44   42   39   37   35   33   31   30   29
   29   29   29   28   27   27   27   27   29   31   32   34   35   36   35   34
   33   32   30   28   28   29   31   32   36
    55.0-180.0 180.0   5.0 450.0                            LAT/LON1/LON2/DLON/H
   39   42   46   49   53   56   61   66   70   72   74   75   75   75   76   76
   77   78   79   79   80   80   79   77   77   76   76   78   79   79   79   77
   74   71   67   63   59   55   52   50   49   46   44   41   39   37   36   35
   35   35   35   34   33   32   32   33   34   35   37   39   40   41   40   39
   38   36   34   33   33   33   34   36   39
    52.5-180.0 180.0   5.0 450.0                            LAT/LON1/LON2/DLON/H
   43   46   49   53   57   62   67   72   76   79   80   80   80   79   80   81
   82   82   81   81   81   81   80   79   79   79   81   83   85   87   86   85
   82   78   74   69   65   61   59   57   55   53   51   48   46   45   44   43
   43   43   43   43   42   41   40   40   41   42   44   46   47   48   47   46
   45   43   41   41   40   38   39   41   43
    50.0-180.0 180.0   5.0 450.0                            LAT/LON1/LON2/DLON/H
   47   50   53   57   62   68   73   78   83   86   86   86   85   85   85   86
   86   86   85   84   83   82   82   82   83   84   85   89   92   94   94   92
   89   85   80   76   71   68   65   64   62   61   58   56   54   53   52   52
   53   53   53   53   52   50   49   49   49   50   53   54   55   56   56   55
   54   52   50   48   46   45   45   46   47
    47.5-180.0 180.0   5.0 450.0                            LAT/LON1/LON2/DLON/H
   51   54   57   62   68   74   80   85   89   92   93   92   92   91   92   92
   91   90   89   87   86   86   86   86   87   89   91   95   99  101  101   98
   95   91   87   83   79   75   73   71   70   69   66   65   63   61   61   61
   61   63   63   62   60   59   57   57   57   58   60   61   61   63   63   63
   62   61   58   56   54   52   52   51   51
    45.0-180.0 180.0   5.0 450.0                            LAT/LON1/LON2/DLON/H
   55   57   60   66   73   80   86   92   96   99   99   99   99   98   98   98
   97   95   94   93   91   91   91   92   93   95   97  101  104  106  105  104
  100   97   94   90   87   84   81   79   78   76   74   72   71   70   69   70
   70   72   71   70   68   66   64   64   63   63   65   66   67   69   70   70
   70   69   66   64   62   60   58   56   55
    42.5-180.0 180.0   5.0 450.0                            LAT/LON1/LON2/DLON/H
   58   60   64   71   78   85   92   97  102  105  106  107  107  106  105  104
  103  101  100   99   98   98   99   99  100  102  104  107  109  110  109  107
  105  104  102  100   97   93   90   87   85   83   80   79   78   77   78   78
   79   80   79   76   74   72   70   69   68   67   68   68   70   71   73   75
   75   74   73   71   69   66   64   60   58
    40.0-180.0 180.0   5.0 450.0                            LAT/LON1/LON2/DLON/H
   61   62   66   74   82   90   96  102  107  110  113  114  114  113  112  111
  109  108  107  107  106  107  107  107  108  109  110  112  113  113  113  112
  111  112  114  112  109  104   99   94   90   88   86   85   84   84   84   84
   84   84   82   79   76   73   72   71   71   70   70   70   71   72   74   76
   77   77   76   74   72   70   67   63   61
    37.5-180.0 180.0   5.0 450.0                            LAT/LON1/LON2/DLON/H
   62   63   68   76   86   94  100  106  111  116  118  120  121  120  119  118
  117  116  115  116  116  116  116  115  115  116  117  118  119  118  118  118
  120  125  127  127  124  117  110  102   97   94   92   90   90   89   88   87
   86   84   82   79   76   73   72   72   72   72   71   70   70   71   74   76
   77   77   76   75   73   71   68   65   62
    35.0-180.0 180.0   5.0 450.0                            LAT/LON1/LON2/DLON/H
   62   63   69   79   88   96  103  109  114  120  123  126  127  126  125  125
  124  124  124  126  126  126  124  123  122  123  124  125  126  126  127  128
  134  140  145  147  142  132  121  111  104   99   96   94   93   91   89   87
   85   83   80   77   74   72   71   71   72   71   69   68   68   70   72   75
   76   75   74   72   71   69   67   64   62
    32.5-180.0 180.0   5.0 450.0                            LAT/LON1/LON2/DLON/H
   60   63   69   80   90   98  104  110  117  123  128  130  132  132  132  132
  132  132  133  135  136  135  132  130  128  129  132  134  136  138  141  146
  153  161  168  169  163  149  134  120  110  104  100   98   95   92   89   87
   84   81   78   75   73   72   72   73   72   70   68   66   67   69   71   73
   74   72   70   68   67   66   64   61   60
    30.0-180.0 180.0   5.0 450.0                            LAT/LON1/LON2/DLON/H
   58   61   69   79   90   98  104  111  118  125  130  134  137  138  139  139
  139  140  142  144  144  142  138  135  134  137  141  146  150  154  160  167
  178  188  194  196  188  169  147  130  117  110  105  102   98   94   90   87
   84   80   77   75   74   75   76   76   75   71   68   67   67   69   71   73
   72   70   67   65   63   62   60   58   58
    27.5-180.0 180.0   5.0 450.0                            LAT/LON1/LON2/DLON/H
   56   61   70   80   90   98  105  112  119  127  133  137  141  145  146  147
  147  148  150  151  151  148  143  140  141  146  153  162  170  176  183  194
  206  218  223  224  215  189  160  139  125  116  111  106  102   99   94   90
   86   82   79   78   79   81   82   82   79   75   71   69   70   72   74   74
   72   69   66   62   61   60   57   55   56
    25.0-180.0 180.0   5.0 450.0                            LAT/LON1/LON2/DLON/H
   54   62   72   83   93  100  107  114  122  129  136  142  147  153  155  156
  156  157  158  158  157  154  149  147  151  160  171  185  194  202  211  221
  235  244  252  253  245  212  175  148  132  122  117  112  108  106  101   98
   93   88   85   84   86   89   90   89   86   81   77   75   76   78   79   78
   75   70   66   62   60   58   55   53   54
    22.5-180.0 180.0   5.0 450.0                            LAT/LON1/LON2/DLON/H
   54   63   75   87   97  105  111  118  127  135  142  148  155  162  167  168
  166  166  166  166  164  160  156  158  165  180  195  211  222  230  240  249
  262  274  277  278  271  237  191  156  140  130  124  119  117  116  114  112
  105  100   95   95   96  100  100   99   94   88   85   84   84   85   86   84
   78   74   68   63   59   56   53   52   54
    20.0-180.0 180.0   5.0 450.0                            LAT/LON1/LON2/DLON/H
   55   64   78   91  102  110  118  126  135  143  150  157  166  174  180  181
  179  177  176  175  172  168  167  172  185  205  225  241  255  261  268  276
  287  298  300  297  285  256  207  166  149  141  136  131  129  130  133  132
  122  114  110  110  110  112  111  109  103   98   96   95   95   95   94   91
   84   78   72   65   61   57   53   51   55
    17.5-180.0 180.0   5.0 450.0                            LAT/LON1/LON2/DLON/H
   56   66   80   96  108  117  127  136  145  154  161  169  178  189  194  196
  193  192  189  187  183  180  182  191  208  233  256  275  290  293  295  298
  306  313  312  303  286  258  214  181  166  157  150  145  146  150  157  152
  143  134  128  127  126  127  124  118  112  110  107  108  108  107  103   98
   91   84   76   69   64   59   55   53   56
    15.0-180.0 180.0   5.0 450.0                            LAT/LON1/LON2/DLON/H
   59   69   84  100  115  125  137  149  158  167  175  183  193  205  211  212
  209  207  204  202  199  198  202  214  234  260  285  306  319  319  318  316
  317  319  314  302  283  257  226  204  188  177  168  164  164  169  174  170
  161  152  147  145  143  140  135  127  122  120  118  119  119  116  110  103
   95   88   80   72   67   62   57   55   59
    12.5-180.0 180.0   5.0 450.0                            LAT/LON1/LON2/DLON/H
   62   73   88  105  121  134  148  160  171  180  189  198  210  221  229  229
  227  225  222  222  221  222  229  242  262  287  311  330  340  340  334  328
  325  320  311  297  283  263  243  230  214  199  188  183  182  184  185  181
  174  168  163  160  156  149  142  133  128  125  124  125  125  121  112  103
   95   89   82   76   70   65   60   58   62
    10.0-180.0 180.0   5.0 450.0                            LAT/LON1/LON2/DLON/H
   66   77   92  110  127  142  157  171  184  194  203  214  226  237  246  247
  245  245  243  246  248  252  261  274  292  314  335  352  357  354  347  339
  331  323  311  299  289  275  261  252  236  221  208  200  194  193  191  186
  182  178  173  171  164  153  145  135  129  126  126  127  125  119  110   99
   92   87   82   76   72   67   63   61   66
     7.5-180.0 180.0   5.0 450.0                            LAT/LON1/LON2/DLON/H
   69   81   96  113  130  147  164  180  194  205  214  227  240  252  261  264
  263  264  265  271  278  288  297  310  325  341  358  369  371  366  358  351
  341  330  318  308  301  290  277  268  254  237  223  210  201  197  192  187
  184  182  179  174  166  153  144  135  129  126  126  126  123  116  107   96
   88   83   79   75   71   67   64   64   69
     5.0-180.0 180.0   5.0 450.0                            LAT/LON1/LON2/DLON/H
   72   83   99  117  133  150  169  187  201  214  224  238  251  264  273  278
  280  283  287  297  308  321  333  344  355  367  379  383  382  377  371  364
  353  342  331  322  315  305  295  283  267  248  230  214  204  196  189  183
  180  179  177  173  164  152  143  135  129  126  124  123  118  111  102   92
   84   80   76   73   70   67   65   65   72
     2.5-180.0 180.0   5.0 450.0                            LAT/LON1/LON2/DLON/H
   73   86  102  119  136  152  172  190  206  220  231  245  259  272  283  290
  294  299  306  320  335  351  363  372  381  389  394  392  391  388  384  377
  367  358  348  339  331  320  309  295  275  252  230  211  199  189  180  174
  171  171  170  166  158  149  141  134  129  124  121  117  111  104   97   88
   82   77   74   71   68   66   65   67   73
