ionex_files/bejaia/igsg0820.21i
     1.0            IONOSPHERE MAPS     MIX                 IONEX VERSION / TYPE
cmpcmb v1.2          GRL/UWM            12-apr-21 05:25     PGM / RUN BY / DATE 
ionex file containing IGS COMBINED Ionosphere maps          COMMENT             
global ionosphere maps for day 082, 2021                    DESCRIPTION         
IONEX file containing the COMBINED IGS TEC MAPS and DCBs    DESCRIPTION         
      IONEX files of the following IAACs were combined: cod DESCRIPTION         
                                                        esa DESCRIPTION         
                                                        jpl DESCRIPTION         
                                                        upc DESCRIPTION         
Contact address: Andrzej Krankowski                         DESCRIPTION
                 Geodynamics Research Laboratory            DESCRIPTION
                 University of Warmia and Mazury (GRL/UWM)  DESCRIPTION
                 Oczapowski St. 1                           DESCRIPTION
                 10-957-Olsztyn, POLAND                     DESCRIPTION
                 e-mail:  kand@uwm.edu.pl                   DESCRIPTION
                                                            DESCRIPTION         
  2021     3    23     0     0     0                        EPOCH OF FIRST MAP  
  2021     3    24     0     0     0                        EPOCH OF LAST MAP   
  7200                                                      INTERVAL            
    13                                                      # OF MAPS IN FILE   
  COSZ                                                      MAPPING FUNCTION    
     0.0                                                    ELEVATION CUTOFF    
combined TEC calculated as weighted mean of input TEC valuesOBSERVABLES USED    
   379                                                      # OF STATIONS       
    32                                                      # OF SATELLITES     
  6371.0                                                    BASE RADIUS         
     2                                                      MAP DIMENSION       
   450.0 450.0   0.0                                        HGT1 / HGT2 / DHGT  
    87.5 -87.5  -2.5                                        LAT1 / LAT2 / DLAT  
  -180.0 180.0   5.0                                        LON1 / LON2 / DLON  
    -1                                                      EXPONENT            
TEC values in 0.1 tec units;  9999, if no value available   COMMENT             
DCB values in nanoseconds, reference is Sum_of_SatDCBs = 0  COMMENT             
                                                            END OF HEADER       
[from data line 3861]
    10                                                      START OF TEC MAP    
  2021     3    23    18     0     0                        EPOCH OF CURRENT MAP
    87.5-180.0 180.0   5.0 450.0                            LAT/LON1/LON2/DLON/H
   62   62   62   62   62   62   63   63   64   63   64   64   65   65   65   66
   66   67   67   67   67   68   68   68   69   69   69   69   70   70   69   70
   70   69   69   69   69   69   69   69   69   69   69   69   69   68   68   68
   67   67   67   66   66   65   65   65   64   64   64   64   63   63   63   63
   63   62   62   62   62   62   62   62   62
    85.0-180.0 180.0   5.0 450.0                            LAT/LON1/LON2/DLON/H
   58   58   58   58   58   59   59   60   61   61   62   63   64   65   65   66
   68   69   69   70   70   71   72   72   73   73   73   73   73   73   73   72
   72   71   71   71   71   70   70   70   70   70   70   70   69   70   70   70
   69   69   68   68   67   67   66   66   64   64   64   63   62   62   61   61
   61   60   60   59   59   59   59   58   58
    82.5-180.0 180.0   5.0 450.0                            LAT/LON1/LON2/DLON/H
   57   57   57   57   57   57   58   59   60   61   62   63   64   65   67   68
   70   71   73   74   75   75   76   76   76   76   76   75   74   74   73   72
   72   71   70   69   69   69   69   69   68   68   68   67   68   68   68   69
   69   69   69   69   68   68   68   66   66   65   64   63   62   61   61   60
   59   58   58   57   57   57   57   56   57
    80.0-180.0 180.0   5.0 450.0                            LAT/LON1/LON2/DLON/H
   56   56   56   56   57   57   58   59   60   62   63   65   66   68   70   72
   74   75   77   78   78   80   79   80   79   78   77   76   74   73   72   71
   70   69   68   67   67   66   66   65   65   65   65   65   64   65   65   65
   66   66   67   68   67   68   68   67   66   65   64   63   62   61   60   59
   58   57   57   57   56   56   56   56   56
    77.5-180.0 180.0   5.0 450.0                            LAT/LON1/LON2/DLON/H
   56   56   57   57   58   59   60   61   62   64   65   67   69   71   73   75
   77   79   81   82   84   84   85   84   82   80   78   76   74   72   71   69
   68   66   66   65   64   63   62   62   62   62   61   61   61   60   61   61
   62   62   63   64   65   66   66   66   65   64   63   62   61   60   59   58
   57   56   56   56   56   56   56   56   56
    75.0-180.0 180.0   5.0 450.0                            LAT/LON1/LON2/DLON/H
   56   57   58   59   59   60   61   62   63   64   66   68   71   73   74   76
   79   82   84   86   87   88   89   87   85   82   79   77   74   72   69   67
   65   64   62   61   60   59   57   57   57   57   56   56   56   55   55   56
   57   58   58   59   60   62   62   63   62   61   61   60   59   57   57   56
   55   54   54   54   54   54   54   55   56
    72.5-180.0 180.0   5.0 450.0                            LAT/LON1/LON2/DLON/H
   55   57   58   59   60   61   62   62   63   64   66   69   71   73   76   79
   83   86   87   90   90   92   92   90   87   84   81   77   74   71   69   65
   63   61   59   58   56   54   53   52   51   51   50   50   49   48   49   49
   50   50   52   53   54   55   56   57   57   57   56   55   54   53   52   52
   51   51   51   50   51   52   52   54   55
    70.0-180.0 180.0   5.0 450.0                            LAT/LON1/LON2/DLON/H
   52   55   57   59   60   62   63   63   64   65   68   70   72   75   78   82
   85   88   92   94   95   95   95   93   89   85   82   79   76   72   69   66
   63   60   57   55   53   51   49   47   47   45   44   43   43   42   42   43
   43   44   45   47   48   48   50   50   51   50   50   49   48   47   47   47
   46   46   45   45   47   47   49   51   52
    67.5-180.0 180.0   5.0 450.0                            LAT/LON1/LON2/DLON/H
   50   52   55   58   60   62   64   65   66   67   69   71   74   78   82   85
   88   91   96   98   98   99   98   97   92   89   85   82   79   76   72   69
   65   62   59   56   53   50   48   46   44   42   41   40   39   38   37   37
   37   38   39   40   42   43   44   44   44   43   43   42   41   40   40   39
   39   39   39   40   41   43   45   47   50
    65.0-180.0 180.0   5.0 450.0                            LAT/LON1/LON2/DLON/H
   46   50   53   57   61   63   65   67   68   70   71   74   77   81   83   87
   91   94   99  100  102  103  102  101   98   94   91   88   85   82   79   75
   72   67   64   61   57   53   50   47   44   42   40   38   37   36   35   35
   35   35   36   36   37   38   38   39   39   38   36   35   33   33   32   32
   32   32   33   35   36   38   40   42   46
    62.5-180.0 180.0   5.0 450.0                            LAT/LON1/LON2/DLON/H
   43   47   52   57   61   65   67   69   70   72   74   77   80   83   86   89
   94   97  100  103  105  107  107  107  104  101   99   95   92   90   88   85
   82   77   72   68   64   60   55   52   48   45   43   40   39   38   37   36
   36   35   36   36   36   36   37   36   35   34   32   30   29   28   26   27
   27   29   30   31   33   35   37   40   43
    60.0-180.0 180.0   5.0 450.0                            LAT/LON1/LON2/DLON/H
   42   47   52   57   62   67   70   72   73   75   77   80   83   86   90   93
   96  100  102  104  107  109  110  111  110  108  106  103  101  100   98   96
   93   88   83   78   73   69   63   59   56   52   49   46   44   43   42   41
   40   38   37   37   36   37   37   36   34   33   31   29   27   26   25   25
   26   28   29   30   32   34   36   39   42
    57.5-180.0 180.0   5.0 450.0                            LAT/LON1/LON2/DLON/H
   43   47   53   60   65   70   74   75   77   78   81   84   87   91   95   98
  101  103  105  107  109  112  113  115  115  114  113  112  110  110  108  107
  104   99   94   88   84   78   73   69   64   62   58   55   52   51   49   47
   45   43   42   40   39   39   39   37   36   34   33   32   30   29   28   28
   28   30   31   32   35   36   37   40   43
    55.0-180.0 180.0   5.0 450.0                            LAT/LON1/LON2/DLON/H
   47   52   57   64   69   74   77   79   81   82   85   89   93   96  101  104
  106  107  108  110  112  115  117  118  120  120  120  121  120  120  118  116
  114  110  105   99   94   89   84   79   75   71   68   65   62   60   58   55
   52   50   47   46   44   43   42   41   40   39   38   37   36   35   34   33
   33   34   36   37   40   40   42   44   47
    52.5-180.0 180.0   5.0 450.0                            LAT/LON1/LON2/DLON/H
   52   57   63   69   75   79   82   84   85   87   90   94   99  103  107  110
  112  113  114  114  115  118  120  122  124  126  128  129  129  128  126  125
  122  119  114  108  103   99   95   91   87   83   79   76   72   69   66   63
   60   57   54   52   50   48   47   47   46   46   45   44   44   43   41   40
   40   41   42   43   44   46   46   49   52
    50.0-180.0 180.0   5.0 450.0                            LAT/LON1/LON2/DLON/H
   59   64   69   75   81   86   88   90   91   92   96  100  105  110  115  118
  120  121  121  121  121  122  124  127  130  133  135  137  137  136  133  131
  128  125  121  116  112  109  106  101   98   93   89   85   81   77   73   71
   68   65   62   59   56   54   54   53   53   54   53   52   52   51   49   48
   47   48   48   49   50   51   53   56   59
    47.5-180.0 180.0   5.0 450.0                            LAT/LON1/LON2/DLON/H
   66   70   75   81   88   92   94   95   98   99  102  107  113  118  122  127
  129  130  130  129  128  129  131  134  137  141  143  145  144  141  138  136
  133  130  125  122  120  118  116  113  108  103   98   93   88   84   80   78
   75   73   70   67   65   63   62   61   60   61   61   59   60   59   57   56
   55   55   55   56   57   57   59   63   66
    45.0-180.0 180.0   5.0 450.0                            LAT/LON1/LON2/DLON/H
   72   75   80   87   93   98  101  103  105  108  111  115  121  126  131  136
  139  141  141  140  138  138  140  143  147  150  151  151  150  146  142  140
  137  134  131  129  127  127  125  122  118  112  106   99   93   88   85   84
   82   80   78   76   73   71   70   69   68   68   67   66   66   65   63   62
   61   61   62   61   62   64   65   68   72
    42.5-180.0 180.0   5.0 450.0                            LAT/LON1/LON2/DLON/H
   74   79   85   91   98  104  107  110  113  116  120  124  130  135  140  145
  150  153  153  152  150  150  151  155  159  161  160  159  155  150  146  143
  141  138  137  135  135  135  134  131  126  119  111  103   97   93   90   89
   89   88   86   84   81   79   77   75   74   74   72   71   70   69   67   65
   65   65   65   66   66   67   68   71   74
    40.0-180.0 180.0   5.0 450.0                            LAT/LON1/LON2/DLON/H
   75   80   86   94  101  107  112  117  121  126  130  135  140  145  150  156
  161  165  166  166  164  164  165  169  172  172  170  166  161  155  150  148
  147  146  145  144  145  145  143  139  133  125  116  108  102   96   93   93
   93   94   93   91   87   85   83   81   79   78   76   74   72   71   69   68
   67   67   68   68   68   68   68   71   75
    37.5-180.0 180.0   5.0 450.0                            LAT/LON1/LON2/DLON/H
   73   79   86   94  102  109  116  122  129  135  141  145  151  156  161  167
  173  177  180  181  179  179  180  183  184  182  178  173  167  160  156  156
  156  157  156  157  157  156  153  148  140  130  119  110  103   97   95   94
   95   96   97   96   93   90   88   85   82   79   77   75   73   71   69   68
   68   68   68   67   67   67   67   69   73
    35.0-180.0 180.0   5.0 450.0                            LAT/LON1/LON2/DLON/H
   69   76   84   92  101  109  117  125  135  144  151  157  163  168  173  178
  184  189  192  194  193  193  194  196  195  192  185  179  173  167  166  168
  170  172  172  173  174  172  165  158  147  134  121  110  102   97   94   94
   95   96   97   96   94   92   90   86   82   79   77   75   73   71   69   69
   69   68   68   67   65   64   63   65   69
    32.5-180.0 180.0   5.0 450.0                            LAT/LON1/LON2/DLON/H
   65   73   81   90   99  108  117  128  139  152  161  168  175  180  185  189
  194  200  203  205  205  206  207  206  205  199  191  185  181  179  181  186
  189  191  193  195  194  191  181  169  154  138  122  109  101   97   94   94
   94   94   94   93   91   90   88   86   82   79   76   74   73   72   70   70
   70   69   68   66   63   61   59   60   65
    30.0-180.0 180.0   5.0 450.0                            LAT/LON1/LON2/DLON/H
   61   70   79   88   97  106  116  128  143  157  169  178  185  191  195  200
  205  209  212  215  216  216  217  215  212  206  198  195  195  197  203  210
  216  217  219  221  219  216  200  182  161  142  126  110  102   96   93   92
   93   92   90   88   86   85   85   83   81   79   77   77   76   75   74   73
   72   70   68   66   63   58   56   56   61
    27.5-180.0 180.0   5.0 450.0                            LAT/LON1/LON2/DLON/H
   60   68   78   87   96  105  116  128  144  160  176  186  194  201  206  211
  215  218  221  224  225  225  225  223  219  214  210  210  214  221  233  242
  249  250  249  248  248  242  223  196  170  148  130  115  104   97   94   93
   92   91   87   83   80   80   81   81   81   81   80   81   81   81   79   77
   74   72   69   66   62   57   55   55   60
    25.0-180.0 180.0   5.0 450.0                            LAT/LON1/LON2/DLON/H
   61   70   80   88   96  105  116  129  145  162  180  193  203  212  217  222
  225  228  230  233  233  234  233  231  228  225  225  230  241  252  269  280
  288  287  280  276  272  264  239  209  178  153  134  119  109  102   97   96
   95   91   86   80   77   76   79   80   83   84   86   87   89   88   87   84
   80   75   72   67   64   58   55   55   61
    22.5-180.0 180.0   5.0 450.0                            LAT/LON1/LON2/DLON/H
   64   75   85   93  100  108  119  132  147  165  184  200  212  223  231  235
  238  241  242  244  244  243  242  240  240  242  246  257  271  290  310  322
  329  325  314  305  295  278  249  215  182  158  139  125  116  109  105  102
  100   95   88   81   77   77   80   82   86   89   92   96   97   97   94   90
   85   79   75   70   66   61   57   58   64
    20.0-180.0 180.0   5.0 450.0                            LAT/LON1/LON2/DLON/H
   68   79   92  101  107  115  125  138  153  172  190  207  222  234  245  250
  255  258  259  259  257  256  253  252  257  263  272  289  306  327  352  362
  363  356  342  329  310  282  252  219  187  162  146  136  129  122  117  113
  110  104   95   88   83   83   87   89   92   95  100  104  105  104  100   95
   88   83   78   73   69   65   61   61   68
    17.5-180.0 180.0   5.0 450.0                            LAT/LON1/LON2/DLON/H
   72   84   97  108  115  121  131  145  161  179  197  216  232  247  260  270
  275  278  279  278  275  271  268  269  277  288  302  322  341  360  378  386
  383  374  358  339  314  284  256  224  191  170  160  152  144  138  133  128
  124  117  108   99   94   94   96   98  101  104  108  111  110  108  104   97
   90   84   80   75   72   68   65   66   72
    15.0-180.0 180.0   5.0 450.0                            LAT/LON1/LON2/DLON/H
   77   88  102  113  122  128  138  151  168  187  205  224  242  260  275  289
  296  302  303  300  295  290  286  288  299  316  333  354  370  385  397  399
  392  379  360  337  315  287  264  235  204  184  177  171  164  155  150  146
  140  135  126  116  111  109  110  109  111  113  114  115  112  109  105   98
   91   85   80   77   75   71   69   71   77
    12.5-180.0 180.0   5.0 450.0                            LAT/LON1/LON2/DLON/H
   81   93  106  119  128  135  145  159  176  194  214  234  253  274  291  308
  318  326  328  325  319  313  308  311  324  344  363  380  392  399  403  401
  390  375  355  335  314  292  271  246  217  203  196  189  180  171  165  162
  158  154  145  136  130  125  123  121  120  119  118  117  114  109  104   97
   90   85   81   78   76   74   73   74   81
    10.0-180.0 180.0   5.0 450.0                            LAT/LON1/LON2/DLON/H
   83   96  110  123  133  141  152  166  184  202  222  244  263  286  306  324
  338  349  353  351  344  337  332  337  350  371  389  401  405  405  401  395
  383  366  348  332  315  297  277  255  235  222  214  205  195  185  179  177
  175  171  164  154  148  140  137  131  127  123  121  117  113  108  101   94
   88   83   80   78   76   75   74   76   83
     7.5-180.0 180.0   5.0 450.0                            LAT/LON1/LON2/DLON/H
   85   97  113  126  137  146  158  172  191  211  232  254  274  296  319  339
  355  368  373  373  367  360  357  362  375  393  408  415  412  405  395  386
  373  358  343  331  317  304  286  268  252  240  230  218  205  196  192  187
  185  181  175  168  160  151  146  138  132  126  120  115  110  104   98   91
   86   82   78   76   75   75   75   77   85
     5.0-180.0 180.0   5.0 450.0                            LAT/LON1/LON2/DLON/H
   85   99  115  129  140  150  161  177  196  218  240  262  283  304  327  349
  369  382  388  391  387  384  382  384  396  410  421  422  414  401  388  376
  364  352  340  332  324  314  299  283  269  255  242  226  211  203  197  191
  187  183  178  172  166  159  153  142  134  125  117  111  106  100   94   88
   83   79   76   74   73   73   74   77   85
     2.5-180.0 180.0   5.0 450.0                            LAT/LON1/LON2/DLON/H
   85   99  116  131  143  153  165  180  200  222  245  267  288  309  330  354
  375  387  395  402  401  400  400  402  411  423  429  425  412  396  381  369
  358  348  341  336  332  323  310  296  281  265  248  229  213  203  196  188
  182  176  172  168  163  157  152  141  131  121  113  106  101   96   90   85
   80   76   73   71   71   71   73   76   85
