ionex_files/bejaia/igsg0810.21i
     1.0            IONOSPHERE MAPS     MIX                 IONEX VERSION / TYPE
cmpcmb v1.2          GRL/UWM            12-apr-21 05:19     PGM / RUN BY / DATE 
ionex file containing IGS COMBINED Ionosphere maps          COMMENT             
global ionosphere maps for day 081, 2021                    DESCRIPTION         
IONEX file containing the COMBINED IGS TEC MAPS and DCBs    DESCRIPTION         
      IONEX files of the following IAACs were combined: cod DESCRIPTION         
                                                        esa DESCRIPTION         
                                                        jpl DESCRIPTION         
                                                        upc DESCRIPTION         
Contact address: Andrzej Krankowski                         DESCRIPTION
                 Geodynamics Research Laboratory            DESCRIPTION
                 University of Warmia and Mazury (GRL/UWM)  DESCRIPTION
                 Oczapowski St. 1                           DESCRIPTION
                 10-957-Olsztyn, POLAND                     DESCRIPTION
                 e-mail:  kand@uwm.edu.pl                   DESCRIPTION
                                                            DESCRIPTION         
  2021     3    22     0     0     0                        EPOCH OF FIRST MAP  
  2021     3    23     0     0     0                        EPOCH OF LAST MAP   
  7200                                                      INTERVAL            
    13                                                      # OF MAPS IN FILE   
  COSZ                                                      MAPPING FUNCTION    
     0.0                                                    ELEVATION CUTOFF    
combined TEC calculated as weighted mean of input TEC valuesOBSERVABLES USED    
   380                                                      # OF STATIONS       
    32                                                      # OF SATELLITES     
  6371.0                                                    BASE RADIUS         
     2                                                      MAP DIMENSION       
   450.0 450.0   0.0                                        HGT1 / HGT2 / DHGT  
    87.5 -87.5  -2.5                                        LAT1 / LAT2 / DLAT  
  -180.0 180.0   5.0                                        LON1 / LON2 / DLON  
    -1                                                      EXPONENT            
TEC values in 0.1 tec units;  9999, if no value available   COMMENT             
DCB values in nanoseconds, reference is Sum_of_SatDCBs = 0  COMMENT             
                                                            END OF HEADER       
[from data line 4719]
    12                                                      START OF TEC MAP    
  2021     3    22    22     0     0                        EPOCH OF CURRENT MAP
    87.5-180.0 180.0   5.0 450.0                            LAT/LON1/LON2/DLON/H
   59   59   59   60   60   61   61   61   61   62   61   61   61   61   61   60
   60   59   59   59   59   58   57   57   56   56   56   55   55   54   54   53
   53   52   52   51   51   50   50   50   50   50   50   50   50   50   50   51
   51   51   51   51   51   52   52   52   52   52   53   53   53   54   54   55
   55   56   56   57   57   58   58   58   59
    85.0-180.0 180.0   5.0 450.0                            LAT/LON1/LON2/DLON/H
   63   64   65   66   66   67   67   68   68   69   70   70   70   71   71   70
   69   69   68   66   65   64   63   61   60   58   57   55   53   52   51   49
   48   47   46   45   45   44   44   43   43   43   44   44   44   44   44   45
   46   46   47   48   49   49   50   51   51   51   51   52   53   54   55   55
   56   57   58   59   59   60   61   62   63
    82.5-180.0 180.0   5.0 450.0                            LAT/LON1/LON2/DLON/H
   65   66   67   69   69   70   72   72   73   74   75   76   76   77   77   77
   77   77   76   75   74   71   68   66   62   60   57   55   52   50   48   46
   44   42   42   40   39   39   39   39   40   40   40   41   41   41   41   42
   42   43   45   45   46   47   48   49   49   50   50   51   52   53   54   55
   57   58   59   60   61   62   63   65   65
    80.0-180.0 180.0   5.0 450.0                            LAT/LON1/LON2/DLON/H
   66   67   68   69   70   72   73   74   75   77   77   79   80   81   82   82
   83   82   82   81   79   77   74   68   65   62   58   55   52   49   46   43
   41   39   37   36   35   34   34   34   35   36   36   38   38   39   39   40
   40   41   41   42   43   44   45   46   46   47   48   49   51   52   53   55
   57   57   59   60   62   63   64   65   66
    77.5-180.0 180.0   5.0 450.0                            LAT/LON1/LON2/DLON/H
   66   67   68   69   70   72   73   74   75   77   78   81   83   84   86   87
   87   87   86   84   82   81   77   73   68   64   60   54   50   46   43   39
   37   35   34   32   32   32   32   32   33   33   34   35   36   36   36   37
   37   37   38   39   39   40   41   42   43   44   45   46   48   50   52   53
   55   57   58   60   62   63   64   65   66
    75.0-180.0 180.0   5.0 450.0                            LAT/LON1/LON2/DLON/H
   66   67   68   69   70   71   72   73   75   77   80   83   85   87   90   91
   91   91   90   88   87   84   80   75   71   66   60   55   50   46   42   38
   34   32   31   30   30   30   30   31   31   32   32   33   33   33   33   33
   33   32   33   34   34   34   35   36   37   39   40   42   44   47   49   51
   53   55   57   59   61   63   64   65   66
    72.5-180.0 180.0   5.0 450.0                            LAT/LON1/LON2/DLON/H
   66   67   68   69   69   70   71   73   75   78   81   84   87   91   92   93
   94   93   92   91   89   85   81   77   72   66   61   55   50   45   41   37
   34   31   29   29   28   28   28   29   29   29   29   29   29   29   29   28
   28   27   27   27   28   28   29   30   31   33   35   38   40   43   46   48
   51   54   56   58   60   61   63   65   66
    70.0-180.0 180.0   5.0 450.0                            LAT/LON1/LON2/DLON/H
   65   67   68   69   70   70   71   73   75   78   81   85   89   91   92   93
   94   94   93   92   89   86   81   77   72   66   61   55   49   44   40   36
   34   31   29   27   27   26   26   26   26   26   26   25   25   25   24   24
   23   23   22   22   21   21   23   23   25   28   30   33   37   40   43   47
   50   53   55   57   59   61   62   64   65
    67.5-180.0 180.0   5.0 450.0                            LAT/LON1/LON2/DLON/H
   66   68   69   70   70   71   72   74   76   78   82   85   88   90   92   94
   95   95   95   92   90   87   83   78   73   67   61   55   50   45   40   37
   34   31   28   27   25   25   24   24   23   22   22   22   21   21   21   21
   20   19   18   18   17   17   17   19   20   24   27   31   35   39   43   47
   50   53   55   57   59   61   63   65   66
    65.0-180.0 180.0   5.0 450.0                            LAT/LON1/LON2/DLON/H
   68   70   71   72   72   73   74   75   77   80   83   85   88   90   93   94
   96   98   96   95   93   89   86   81   76   70   64   58   53   48   44   39
   35   31   28   26   25   23   23   21   20   20   19   18   18   19   19   19
   18   18   17   16   15   14   14   16   18   22   26   31   35   40   44   48
   52   54   57   59   61   62   64   67   68
    62.5-180.0 180.0   5.0 450.0                            LAT/LON1/LON2/DLON/H
   71   73   74   75   75   75   76   77   79   81   83   86   88   90   92   95
   97   98   99   98   96   93   90   86   80   75   70   64   59   54   48   43
   38   33   30   27   24   22   21   20   19   18   17   17   18   18   19   19
   19   18   18   17   16   15   15   16   18   22   27   32   37   43   47   51
   54   57   59   61   62   64   66   69   71
    60.0-180.0 180.0   5.0 450.0                            LAT/LON1/LON2/DLON/H
   75   77   79   79   79   79   79   80   81   83   84   86   89   91   93   96
   98   99  100  101  100   97   94   91   87   82   77   72   66   61   55   48
   42   36   31   27   24   23   21   20   19   18   18   18   19   20   21   21
   22   22   21   20   19   18   18   19   21   26   29   35   40   46   51   55
   58   60   62   64   65   67   70   73   75
    57.5-180.0 180.0   5.0 450.0                            LAT/LON1/LON2/DLON/H
   80   83   84   85   85   84   84   84   84   85   86   88   89   91   94   96
   98  100  101  103  102  100   97   94   91   87   84   80   74   67   61   54
   46   39   34   29   26   24   23   23   22   22   22   23   23   24   26   26
   27   27   27   26   25   24   24   24   26   30   34   39   44   50   55   59
   62   64   65   67   69   71   74   77   80
    55.0-180.0 180.0   5.0 450.0                            LAT/LON1/LON2/DLON/H
   87   90   92   92   92   92   91   89   89   88   88   90   91   93   95   96
   98  100  102  103  102  100   98   96   94   91   89   85   79   73   67   59
   51   42   37   33   30   29   28   28   28   28   29   29   29   30   32   33
   34   34   34   34   32   31   31   32   33   36   40   44   49   55   60   64
   66   68   69   71   73   75   79   83   87
    52.5-180.0 180.0   5.0 450.0                            LAT/LON1/LON2/DLON/H
   94   98  100  101  102  102  100   98   96   94   92   92   93   94   95   97
   98  100  101  101  101  100   99   97   96   94   92   88   83   76   70   62
   54   46   41   37   36   35   35   35   36   35   36   36   36   37   38   39
   40   41   41   41   40   40   40   41   41   43   46   50   54   60   65   68
   70   72   73   75   77   80   85   90   94
    50.0-180.0 180.0   5.0 450.0                            LAT/LON1/LON2/DLON/H
  102  107  110  111  113  113  112  110  106  102   98   96   96   97   97   98
  100  100  100  100  100  100  100   99   98   96   94   91   85   79   71   63
   56   49   45   44   43   43   43   43   44   44   44   43   42   43   44   45
   46   47   48   48   48   49   50   50   49   50   51   55   58   63   68   71
   73   74   76   78   82   86   92   97  102
    47.5-180.0 180.0   5.0 450.0                            LAT/LON1/LON2/DLON/H
  110  116  119  122  125  126  124  122  119  113  108  103  101  101  101  102
  102  103  102  101  101  102  102  102  102  100   97   94   88   81   72   64
   58   53   51   50   50   51   52   52   52   52   51   49   48   48   49   51
   52   53   54   55   56   57   58   57   56   55   55   57   60   63   68   72
   75   76   78   81   86   92   98  105  110
    45.0-180.0 180.0   5.0 450.0                            LAT/LON1/LON2/DLON/H
  119  124  128  131  135  137  137  136  132  127  119  113  110  108  107  108
  108  108  106  105  105  106  107  108  107  106  104   99   92   83   74   66
   60   57   57   58   58   59   59   59   59   58   57   55   53   53   55   57
   57   59   60   61   62   64   64   63   60   58   58   59   61   65   69   74
   78   80   82   86   91   97  105  112  119
    42.5-180.0 180.0   5.0 450.0                            LAT/LON1/LON2/DLON/H
  126  131  134  139  143  147  149  149  145  140  132  125  120  117  116  116
  116  115  113  112  112  113  114  115  114  113  110  105   95   86   76   67
   63   62   62   63   65   65   65   65   64   64   63   61   59   59   60   62
   64   64   65   67   68   69   70   68   64   61   59   60   63   68   74   79
   84   86   89   93   98  104  112  119  126
    40.0-180.0 180.0   5.0 450.0                            LAT/LON1/LON2/DLON/H
  132  137  140  145  150  156  159  160  158  153  145  137  130  127  124  124
  124  123  121  121  122  123  124  125  123  121  117  110   99   89   78   70
   66   66   67   68   69   69   68   68   67   67   67   66   66   65   66   67
   68   69   69   70   72   73   73   71   67   63   61   62   66   71   79   86
   91   94   97  100  106  113  121  126  132
    37.5-180.0 180.0   5.0 450.0                            LAT/LON1/LON2/DLON/H
  139  143  145  150  156  161  165  167  167  163  156  148  140  135  132  133
  133  132  131  131  132  134  136  136  134  130  124  116  105   92   81   72
   69   68   69   70   70   69   69   69   70   71   71   72   71   71   71   72
   72   71   71   72   72   73   73   72   69   65   62   63   68   76   84   92
   98  102  105  108  114  120  128  134  139
    35.0-180.0 180.0   5.0 450.0                            LAT/LON1/LON2/DLON/H
  146  149  152  156  161  165  169  171  173  171  165  156  148  142  139  138
  138  139  138  139  141  144  146  147  144  140  132  121  110   98   86   77
   72   70   70   70   69   69   69   70   72   74   75   76   76   76   75   75
   73   72   72   72   71   71   71   70   68   64   62   64   71   80   89   98
  105  110  114  117  121  128  135  141  146
    32.5-180.0 180.0   5.0 450.0                            LAT/LON1/LON2/DLON/H
  154  157  161  165  167  170  172  175  177  178  172  164  156  149  144  142
  142  143  143  145  148  152  155  156  153  147  137  126  115  103   93   83
   77   73   71   70   69   68   69   71   74   77   78   78   78   79   78   76
   74   72   72   71   70   69   69   68   66   62   61   64   73   83   94  104
  112  118  122  127  131  136  143  149  154
    30.0-180.0 180.0   5.0 450.0                            LAT/LON1/LON2/DLON/H
  165  169  175  179  181  181  180  181  184  185  181  174  165  157  150  147
  145  145  146  148  152  157  160  161  158  151  140  129  119  109  100   90
   83   77   73   71   69   68   69   73   76   79   80   79   79   78   77   75
   73   72   71   69   67   66   66   65   62   59   58   63   73   85   98  108
  117  124  129  135  140  146  152  159  165
    27.5-180.0 180.0   5.0 450.0                            LAT/LON1/LON2/DLON/H
  181  188  195  201  202  200  194  193  195  197  195  187  177  169  160  155
  151  150  149  151  155  159  163  162  159  151  142  132  123  115  107   98
   90   82   75   72   70   70   72   77   80   80   80   78   77   75   75   73
   71   70   68   66   64   62   62   60   58   56   56   61   72   86  100  112
  120  128  135  142  149  156  165  173  181
    25.0-180.0 180.0   5.0 450.0                            LAT/LON1/LON2/DLON/H
  201  212  224  230  231  227  219  213  214  216  215  206  197  189  178  170
  164  160  156  156  158  162  163  161  157  150  142  136  129  122  116  107
   98   88   79   75   74   75   78   82   84   82   81   77   74   72   71   69
   68   66   64   61   59   57   56   56   54   53   53   59   71   86  101  113
  123  131  139  149  158  168  178  190  201
    22.5-180.0 180.0   5.0 450.0                            LAT/LON1/LON2/DLON/H
  225  240  256  265  265  259  251  243  241  244  243  235  225  218  207  197
  189  181  173  169  166  165  164  160  156  151  145  141  136  132  125  117
  108   98   88   84   83   85   88   90   90   86   82   75   72   70   68   67
   65   62   60   56   54   52   52   52   50   49   50   56   69   86  102  114
  125  134  144  155  167  180  193  209  225
    20.0-180.0 180.0   5.0 450.0                            LAT/LON1/LON2/DLON/H
  248  268  286  300  302  297  288  280  279  280  282  276  267  256  247  237
  226  214  201  189  180  173  167  161  158  156  152  151  148  143  140  132
  123  114  102   98   98   99  101  101   98   92   86   77   72   69   68   66
   62   59   56   53   50   49   49   48   47   46   46   52   65   83  101  114
  125  137  149  161  176  192  209  228  248
    17.5-180.0 180.0   5.0 450.0                            LAT/LON1/LON2/DLON/H
  269  293  313  328  333  332  327  325  325  329  327  322  313  308  297  291
  275  258  241  221  204  188  176  167  163  165  165  168  164  159  155  150
  145  135  121  116  116  117  117  115  110  101   92   82   76   72   69   66
   62   58   54   51   48   47   46   46   45   44   44   49   62   81   99  115
  127  139  154  170  187  205  224  246  269
    15.0-180.0 180.0   5.0 450.0                            LAT/LON1/LON2/DLON/H
  286  310  332  347  355  359  363  371  373  376  377  372  362  361  353  348
  332  313  288  262  236  212  193  180  176  179  183  186  183  178  174  170
  168  157  144  137  135  136  135  132  125  114  104   93   85   78   73   68
   64   59   55   51   48   46   46   46   45   44   44   48   60   79   99  116
  129  143  159  177  197  218  238  262  286
    12.5-180.0 180.0   5.0 450.0                            LAT/LON1/LON2/DLON/H
  297  318  339  354  366  376  389  406  418  422  423  422  413  416  411  410
  391  372  343  311  276  246  220  203  195  199  202  204  200  195  191  188
  184  176  165  158  155  155  153  149  141  132  121  107   97   88   79   72
   66   61   58   53   49   47   46   46   45   44   43   46   59   79   99  117
  131  146  164  184  206  229  251  273  297
    10.0-180.0 180.0   5.0 450.0                            LAT/LON1/LON2/DLON/H
  301  318  335  347  362  379  398  423  446  453  456  461  457  463  463  465
  453  432  398  363  323  286  254  232  220  222  223  221  215  209  205  202
  197  191  181  175  172  170  169  165  160  150  140  123  112   98   86   76
   69   64   60   54   50   48   47   46   45   44   42   45   57   77   99  117
  133  149  168  189  214  238  262  283  301
     7.5-180.0 180.0   5.0 450.0                            LAT/LON1/LON2/DLON/H
  302  311  322  334  349  370  394  421  446  459  465  474  479  488  501  510
  503  481  449  415  372  330  292  264  248  246  243  238  228  221  215  212
  207  201  193  187  184  182  181  178  174  165  156  138  124  106   91   79
   70   64   60   55   51   49   48   47   45   43   42   45   57   77   98  117
  134  151  170  193  218  244  268  289  302
     5.0-180.0 180.0   5.0 450.0                            LAT/LON1/LON2/DLON/H
  303  307  311  321  334  355  379  406  426  443  454  462  476  493  511  529
  528  514  491  457  414  370  329  297  276  268  262  251  238  229  222  218
  213  206  199  193  189  187  187  184  181  172  166  148  132  112   94   79
   69   62   58   54   51   49   48   47   45   43   42   46   58   76   98  117
  134  151  171  194  219  246  271  292  303
     2.5-180.0 180.0   5.0 450.0                            LAT/LON1/LON2/DLON/H
  306  308  309  315  326  345  365  386  402  417  428  438  456  478  498  517
  522  523  514  481  443  403  363  329  304  289  275  259  243  231  225  220
  214  206  197  190  187  186  184  181  179  173  169  151  132  113   93   77
   66   59   54   51   49   48   47   47   45   43   42   47   58   77   98  117
  134  151  171  192  217  245  271  293  306
