ionex_files/bejaia/igsg0710.21i
     1.0            IONOSPHERE MAPS     MIX                 IONEX VERSION / TYPE
cmpcmb v1.2          GRL/UWM             1-apr-21 08:04     PGM / RUN BY / DATE 
ionex file containing IGS COMBINED Ionosphere maps          COMMENT             
global ionosphere maps for day 071, 2021                    DESCRIPTION         
IONEX file containing the COMBINED IGS TEC MAPS and DCBs    DESCRIPTION         
      IONEX files of the following IAACs were combined: cod DESCRIPTION         
                                                        esa DESCRIPTION         
                                                        jpl DESCRIPTION         
                                                        upc DESCRIPTION         
Contact address: Andrzej Krankowski                         DESCRIPTION
                 Geodynamics Research Laboratory            DESCRIPTION
                 University of Warmia and Mazury (GRL/UWM)  DESCRIPTION
                 Oczapowski St. 1                           DESCRIPTION
                 10-957-Olsztyn, POLAND                     DESCRIPTION
                 e-mail:  kand@uwm.edu.pl                   DESCRIPTION
                                                            DESCRIPTION         
  2021     3    12     0     0     0                        EPOCH OF FIRST MAP  
  2021     3    13     0     0     0                        EPOCH OF LAST MAP   
  7200                                                      INTERVAL            
    13                                                      # OF MAPS IN FILE   
  COSZ                                                      MAPPING FUNCTION    
     0.0                                                    ELEVATION CUTOFF    
combined TEC calculated as weighted mean of input TEC valuesOBSERVABLES USED    
   372                                                      # OF STATIONS       
    32                                                      # OF SATELLITES     
  6371.0                                                    BASE RADIUS         
     2                                                      MAP DIMENSION       
   450.0 450.0   0.0                                        HGT1 / HGT2 / DHGT  
    87.5 -87.5  -2.5                                        LAT1 / LAT2 / DLAT  
  -180.0 180.0   5.0                                        LON1 / LON2 / DLON  
    -1                                                      EXPONENT            
TEC values in 0.1 tec units;  9999, if no value available   COMMENT             
DCB values in nanoseconds, reference is Sum_of_SatDCBs = 0  COMMENT             
                                                            END OF HEADER       
[from data line 3432]
     9                                                      START OF TEC MAP    
  2021     3    12    16     0     0                        EPOCH OF CURRENT MAP
    87.5-180.0 180.0   5.0 450.0                            LAT/LON1/LON2/DLON/H
   58   58   58   58   58   58   59   59   59   60   60   60   61   61   62   62
   63   63   63   64   64   64   65   66   66   66   66   67   67   67   67   67
   67   67   67   67   67   67   67   67   66   66   66   66   66   65   65   65
   65   65   65   64   63   63   63   63   62   62   62   61   61   60   59   59
   59   59   58   58   58   58   58   57   58
    85.0-180.0 180.0   5.0 450.0                            LAT/LON1/LON2/DLON/H
   51   51   52   51   52   53   53   54   55   56   56   57   58   59   59   60
   61   62   63   64   65   65   66   66   67   67   68   68   69   69   70   70
   69   69   69   69   68   68   68   67   67   67   66   66   65   65   65   65
   64   64   64   64   63   63   62   61   61   60   59   58   57   56   55   54
   53   53   52   52   51   51   51   51   51
    82.5-180.0 180.0   5.0 450.0                            LAT/LON1/LON2/DLON/H
   44   45   46   46   47   48   49   50   51   52   54   55   56   57   58   59
   60   61   62   63   64   65   65   66   67   68   69   70   70   70   70   70
   70   70   70   69   68   68   67   67   66   65   65   65   64   63   63   63
   63   62   62   62   61   61   61   60   59   58   57   55   54   52   51   50
   48   48   46   45   45   44   43   44   44
    80.0-180.0 180.0   5.0 450.0                            LAT/LON1/LON2/DLON/H
   39   40   41   42   43   44   46   47   50   51   52   54   55   55   57   58
   59   60   61   63   64   64   65   67   68   69   70   71   72   72   72   72
   71   71   70   69   67   65   64   63   62   61   60   60   59   59   59   59
   59   59   59   59   60   59   59   59   57   56   55   53   51   49   47   45
   44   42   41   40   39   38   38   38   39
    77.5-180.0 180.0   5.0 450.0                            LAT/LON1/LON2/DLON/H
   35   36   38   39   41   43   45   47   48   48   49   50   52   53   55   57
   59   61   62   63   64   66   68   69   71   72   72   73   72   73   73   73
   73   72   71   68   66   63   61   58   57   55   54   53   53   53   53   53
   54   54   55   56   57   57   57   57   56   54   52   50   48   45   43   42
   40   39   37   36   35   34   34   34   35
    75.0-180.0 180.0   5.0 450.0                            LAT/LON1/LON2/DLON/H
   33   34   36   38   40   42   44   45   47   49   50   52   53   55   57   58
   60   61   62   63   65   67   69   70   72   73   74   74   74   75   75   74
   73   73   71   68   65   62   58   55   51   49   48   47   46   46   47   47
   49   50   52   53   54   55   55   54   53   51   49   47   45   42   40   39
   37   36   35   33   32   32   32   32   33
    72.5-180.0 180.0   5.0 450.0                            LAT/LON1/LON2/DLON/H
   33   34   36   37   39   41   43   45   47   49   50   52   53   55   57   60
   61   62   63   65   67   69   71   73   74   75   76   76   76   76   76   76
   75   73   71   68   65   61   56   52   49   45   43   42   41   41   41   42
   43   45   46   49   51   51   51   50   49   47   45   42   41   39   38   37
   35   33   33   32   32   31   31   32   33
    70.0-180.0 180.0   5.0 450.0                            LAT/LON1/LON2/DLON/H
   33   34   35   37   39   41   43   44   46   48   49   51   53   55   58   60
   62   64   65   68   71   73   74   77   77   77   78   79   78   78   79   78
   77   75   73   70   66   62   57   52   49   46   42   40   39   38   38   38
   39   40   41   43   44   45   45   44   43   41   40   38   36   35   35   34
   32   31   32   31   32   31   31   32   33
    67.5-180.0 180.0   5.0 450.0                            LAT/LON1/LON2/DLON/H
   33   34   36   37   39   40   42   43   45   46   48   50   52   55   57   60
   64   66   68   72   75   76   78   80   80   80   80   81   81   82   82   82
   81   80   78   74   70   66   62   58   53   51   47   44   42   41   39   39
   38   38   39   39   40   39   39   37   36   35   34   34   33   32   32   32
   31   31   32   31   32   31   31   32   33
    65.0-180.0 180.0   5.0 450.0                            LAT/LON1/LON2/DLON/H
   32   33   35   37   39   40   41   43   44   46   48   50   52   54   57   61
   65   68   70   75   77   79   81   82   83   83   83   83   84   85   85   86
   85   85   83   79   76   73   69   65   62   59   56   52   49   47   45   43
   41   39   38   37   36   35   34   33   31   31   30   30   30   30   31   32
   32   32   33   34   33   32   32   32   32
    62.5-180.0 180.0   5.0 450.0                            LAT/LON1/LON2/DLON/H
   32   34   36   38   39   40   41   43   44   46   48   50   53   55   59   63
   66   70   73   76   79   81   82   83   84   84   84   85   85   87   88   89
   90   88   87   84   81   78   76   74   71   68   65   62   58   55   52   48
   45   42   39   37   35   33   31   30   29   28   29   29   30   31   32   34
   35   36   37   37   36   35   33   32   32
    60.0-180.0 180.0   5.0 450.0                            LAT/LON1/LON2/DLON/H
   35   36   37   39   40   41   43   44   45   47   49   51   55   57   61   64
   68   71   74   78   80   82   84   85   85   86   86   87   88   89   91   92
   93   91   90   88   85   83   82   80   79   77   74   71   67   63   59   54
   50   46   42   38   35   33   30   30   29   29   30   31   32   34   36   38
   39   41   41   42   40   38   36   35   35
    57.5-180.0 180.0   5.0 450.0                            LAT/LON1/LON2/DLON/H
   39   39   40   42   43   45   46   46   47   49   51   54   57   60   63   66
   70   73   76   79   81   83   85   86   87   88   88   89   91   92   94   96
   96   94   93   91   89   88   87   86   85   83   81   79   74   70   65   60
   55   50   45   41   37   35   33   32   32   32   34   35   36   39   41   43
   44   45   46   47   46   44   42   39   39
    55.0-180.0 180.0   5.0 450.0                            LAT/LON1/LON2/DLON/H
   45   44   45   46   48   49   50   51   52   53   55   58   61   63   66   69
   72   75   78   81   83   85   87   88   89   90   91   92   94   96   98  100
  100   98   96   94   93   92   92   91   90   89   87   84   80   76   70   65
   60   55   50   47   43   41   39   38   38   39   40   41   42   44   46   48
   49   51   53   53   53   51   49   46   45
    52.5-180.0 180.0   5.0 450.0                            LAT/LON1/LON2/DLON/H
   52   51   51   53   54   55   56   56   57   59   60   63   66   68   70   72
   75   77   81   84   86   87   90   91   92   94   95   96   98  101  103  104
  104  102   99   97   96   96   96   95   95   94   91   88   85   80   76   71
   66   61   57   54   51   49   47   47   47   48   49   50   51   51   51   53
   55   56   58   59   60   59   57   54   52
    50.0-180.0 180.0   5.0 450.0                            LAT/LON1/LON2/DLON/H
   61   59   58   60   61   61   62   62   64   65   67   69   72   74   75   77
   79   82   85   88   90   92   95   96   98  100  101  102  103  106  107  109
  108  105  102  101  100  100  100  100   99   98   96   92   89   84   80   76
   72   68   65   63   60   58   56   56   56   56   57   59   59   59   58   59
   60   62   64   65   66   66   65   63   61
    47.5-180.0 180.0   5.0 450.0                            LAT/LON1/LON2/DLON/H
   69   66   65   66   68   68   68   69   71   72   74   76   79   80   82   83
   85   88   90   94   97  100  103  104  106  108  108  110  110  111  112  112
  111  109  106  104  105  105  106  105  104  103  101   96   92   87   83   80
   77   75   72   70   69   68   66   64   63   64   65   66   66   67   65   66
   67   68   70   71   72   72   73   72   69
    45.0-180.0 180.0   5.0 450.0                            LAT/LON1/LON2/DLON/H
   75   72   71   72   73   73   73   75   77   80   82   84   86   88   89   91
   93   96   99  103  107  110  114  116  118  119  118  120  118  117  116  115
  113  111  109  109  110  111  112  112  110  108  105  101   96   91   86   84
   82   80   78   77   77   76   74   73   72   71   73   74   74   73   72   72
   74   75   76   77   78   79   78   77   75
    42.5-180.0 180.0   5.0 450.0                            LAT/LON1/LON2/DLON/H
   77   76   76   76   75   76   76   80   83   86   90   92   94   96   97   99
  102  105  109  114  119  122  127  130  132  132  130  129  127  124  121  119
  116  115  114  115  117  119  120  119  117  114  111  106  100   94   90   87
   85   85   83   83   82   81   80   80   79   78   79   80   80   78   78   78
   79   81   82   83   83   83   82   80   77
    40.0-180.0 180.0   5.0 450.0                            LAT/LON1/LON2/DLON/H
   78   77   78   77   76   77   78   83   88   93   98  101  104  105  107  110
  112  116  120  125  131  135  140  143  146  145  142  139  135  130  126  123
  121  120  119  121  124  127  128  127  125  122  118  112  105   99   93   88
   87   87   86   85   84   83   83   83   83   83   84   84   85   84   84   83
   84   84   85   85   85   85   83   79   78
    37.5-180.0 180.0   5.0 450.0                            LAT/LON1/LON2/DLON/H
   75   76   76   75   74   75   77   83   91  100  106  110  114  116  118  121
  123  128  132  137  142  147  152  156  158  158  153  148  143  137  132  128
  126  124  126  129  133  136  137  136  133  129  125  118  110  102   95   91
   89   88   87   86   85   84   85   86   86   86   86   87   88   88   88   88
   87   87   86   85   83   82   79   76   75
    35.0-180.0 180.0   5.0 450.0                            LAT/LON1/LON2/DLON/H
   69   70   70   69   70   70   74   82   93  105  114  119  123  127  130  133
  136  139  143  147  151  156  160  165  168  167  163  157  150  143  139  135
  133  133  136  141  146  149  149  146  141  137  131  123  114  105   98   93
   89   88   87   86   86   85   86   87   87   87   88   89   90   90   90   90
   89   89   86   83   80   77   74   71   69
    32.5-180.0 180.0   5.0 450.0                            LAT/LON1/LON2/DLON/H
   64   63   63   63   63   65   70   80   93  107  119  126  132  138  142  146
  148  150  153  155  158  162  166  171  174  173  169  163  157  152  149  146
  145  147  150  157  163  165  162  156  150  146  138  130  119  109  102   96
   93   91   90   89   88   88   88   88   88   88   89   89   91   91   91   91
   89   88   86   81   77   72   68   65   64
    30.0-180.0 180.0   5.0 450.0                            LAT/LON1/LON2/DLON/H
   57   56   56   57   57   58   63   75   91  107  121  131  139  147  153  158
  160  161  162  162  162  164  167  172  175  176  173  170  167  164  163  163
  163  166  171  177  182  182  178  169  160  157  149  138  126  116  109  104
  101  100   99   98   95   93   92   91   91   90   89   90   91   91   91   90
   89   87   84   79   74   69   63   59   57
    27.5-180.0 180.0   5.0 450.0                            LAT/LON1/LON2/DLON/H
   53   52   52   52   51   51   57   70   88  106  121  134  145  154  162  168
  170  170  169  167  165  165  168  171  175  176  177  178  179  179  182  184
  186  190  195  202  205  206  198  184  174  170  162  150  136  126  120  117
  115  115  114  112  107  102   99   96   94   93   91   90   91   91   90   90
   88   86   83   78   72   66   60   56   53
    25.0-180.0 180.0   5.0 450.0                            LAT/LON1/LON2/DLON/H
   52   51   50   49   47   47   52   66   84  104  120  135  147  158  168  175
  178  178  175  173  169  167  170  172  176  180  183  188  193  199  205  208
  215  220  224  229  231  231  220  203  191  186  178  166  152  142  136  134
  133  134  133  128  121  113  107  102   99   97   95   93   93   91   90   89
   88   86   82   77   72   65   59   54   52
    22.5-180.0 180.0   5.0 450.0                            LAT/LON1/LON2/DLON/H
   53   52   51   49   45   44   50   63   81  100  118  134  149  162  172  181
  185  186  184  180  176  175  176  178  182  187  193  203  213  223  232  238
  246  249  256  259  258  254  245  224  208  202  196  186  173  163  157  155
  154  154  152  145  135  124  117  111  107  104  100   96   95   92   90   89
   87   86   83   78   73   66   60   55   53
    20.0-180.0 180.0   5.0 450.0                            LAT/LON1/LON2/DLON/H
   55   54   53   50   47   45   50   63   80   99  117  133  149  164  176  186
  192  194  193  192  189  189  190  191  194  199  208  221  236  251  262  271
  282  288  286  287  283  277  267  245  228  221  215  206  195  185  179  176
  174  173  168  158  147  136  128  122  117  112  107  102   99   94   92   89
   87   86   83   81   76   69   63   57   55
    17.5-180.0 180.0   5.0 450.0                            LAT/LON1/LON2/DLON/H
   58   57   54   53   49   47   53   66   83  101  118  135  150  165  179  191
  198  203  205  208  208  208  209  209  211  217  228  244  263  280  294  304
  315  319  314  310  304  296  283  262  248  241  236  228  217  206  199  196
  192  186  179  167  156  147  141  134  128  122  115  108  104   99   94   91
   88   87   85   83   80   74   68   61   58
    15.0-180.0 180.0   5.0 450.0                            LAT/LON1/LON2/DLON/H
   61   59   57   55   52   51   56   69   88  106  123  139  153  168  184  196
  205  213  219  225  229  231  233  232  233  241  253  271  294  310  322  332
  340  340  334  326  318  309  295  278  268  262  257  247  236  224  216  207
  201  194  185  173  164  157  153  148  141  133  126  117  112  105   99   95
   91   89   87   86   84   79   73   66   61
    12.5-180.0 180.0   5.0 450.0                            LAT/LON1/LON2/DLON/H
   65   62   60   57   55   54   61   74   93  112  130  145  159  173  188  202
  214  225  235  244  250  255  258  258  259  267  281  300  321  336  346  351
  355  352  346  338  329  318  306  293  286  280  273  261  247  235  224  213
  205  197  188  180  172  165  163  160  153  145  136  127  121  113  105   99
   94   92   90   89   87   84   79   72   65
    10.0-180.0 180.0   5.0 450.0                            LAT/LON1/LON2/DLON/H
   69   64   61   58   56   57   65   79   98  117  135  152  167  181  196  210
  223  237  250  262  272  279  283  283  286  294  309  327  347  357  362  364
  363  360  353  346  337  326  315  304  296  290  281  268  252  238  225  213
  204  197  190  183  176  171  170  169  163  155  146  136  130  121  112  104
   98   94   93   91   90   88   83   77   69
     7.5-180.0 180.0   5.0 450.0                            LAT/LON1/LON2/DLON/H
   73   66   63   59   58   59   67   82  101  121  140  158  175  189  204  219
  233  248  263  277  289  298  303  305  309  318  333  351  366  372  374  372
  369  365  359  352  342  332  321  311  301  293  282  267  250  235  221  208
  199  193  186  179  176  173  173  173  168  160  151  143  137  127  117  108
  102   97   94   92   92   90   86   80   73
     5.0-180.0 180.0   5.0 450.0                            LAT/LON1/LON2/DLON/H
   75   69   65   61   59   61   69   86  104  124  144  162  180  196  212  227
  242  258  273  288  301  312  318  323  328  338  352  368  378  381  380  376
  372  368  362  355  345  333  321  309  299  288  276  261  244  228  215  204
  195  187  180  174  172  172  173  173  169  161  153  146  141  131  121  112
  105  100   96   93   92   90   87   82   75
     2.5-180.0 180.0   5.0 450.0                            LAT/LON1/LON2/DLON/H
   76   70   67   63   61   64   73   87  106  126  145  165  184  201  217  234
  249  265  280  293  308  320  329  335  343  352  366  377  384  384  380  376
  371  368  364  356  345  330  316  302  291  279  265  250  234  219  209  199
  191  181  174  169  168  168  169  169  165  158  150  144  140  131  122  113
  107  101   97   94   91   90   87   82   76
