ionex_files/bejaia/igsg0640.21i
     1.0            IONOSPHERE MAPS     MIX                 IONEX VERSION / TYPE
cmpcmb v1.2          GRL/UWM            18-mar-21 04:01     PGM / RUN BY / DATE 
ionex file containing IGS COMBINED Ionosphere maps          COMMENT             
global ionosphere maps for day 064, 2021                    DESCRIPTION         
IONEX file containing the COMBINED IGS TEC MAPS and DCBs    DESCRIPTION         
      IONEX files of the following IAACs were combined: cod DESCRIPTION         
                                                        esa DESCRIPTION         
                                                        jpl DESCRIPTION         
                                                        upc DESCRIPTION         
Contact address: Andrzej Krankowski                         DESCRIPTION
                 Geodynamics Research Laboratory            DESCRIPTION
                 University of Warmia and Mazury (GRL/UWM)  DESCRIPTION
                 Oczapowski St. 1                           DESCRIPTION
                 10-957-Olsztyn, POLAND                     DESCRIPTION
                 e-mail:  kand@uwm.edu.pl                   DESCRIPTION
                                                            DESCRIPTION         
  2021     3     5     0     0     0                        EPOCH OF FIRST MAP  
  2021     3     6     0     0     0                        EPOCH OF LAST MAP   
  7200                                                      INTERVAL            
    13                                                      # OF MAPS IN FILE   
  COSZ                                                      MAPPING FUNCTION    
     0.0                                                    ELEVATION CUTOFF    
combined TEC calculated as weighted mean of input TEC valuesOBSERVABLES USED    
   374                                                      # OF STATIONS       
    32                                                      # OF SATELLITES     
  6371.0                                                    BASE RADIUS         
     2                                                      MAP DIMENSION       
   450.0 450.0   0.0                                        HGT1 / HGT2 / DHGT  
    87.5 -87.5  -2.5                                        LAT1 / LAT2 / DLAT  
  -180.0 180.0   5.0                                        LON1 / LON2 / DLON  
    -1                                                      EXPONENT            
TEC values in 0.1 tec units;  9999, if no value available   COMMENT             
DCB values in nanoseconds, reference is Sum_of_SatDCBs = 0  COMMENT             
                                                            END OF HEADER       
[from data line 1287]
     4                                                      START OF TEC MAP    
  2021     3     5     6     0     0                        EPOCH OF CURRENT MAP
    87.5-180.0 180.0   5.0 450.0                            LAT/LON1/LON2/DLON/H
   51   51   51   51   51   51   51   51   51   51   51   51   50   50   49   49
   49   48   48   47   47   47   46   46   46   46   45   45   45   44   44   44
   45   45   45   45   45   45   45   46   46   46   46   47   47   47   47   47
   48   48   48   48   48   49   49   49   49   49   49   49   49   49   50   50
   50   50   50   51   51   51   51   51   51
    85.0-180.0 180.0   5.0 450.0                            LAT/LON1/LON2/DLON/H
   51   51   51   51   51   52   52   51   51   51   50   50   49   48   48   47
   46   46   45   44   43   42   41   41   40   39   39   39   39   39   39   39
   39   40   40   40   41   42   42   43   44   44   45   45   46   46   47   47
   48   49   49   49   49   50   49   50   50   50   50   50   50   50   50   50
   49   49   49   50   50   50   50   50   51
    82.5-180.0 180.0   5.0 450.0                            LAT/LON1/LON2/DLON/H
   49   49   49   50   50   50   50   50   50   50   49   48   47   46   45   44
   42   41   39   38   37   36   35   34   33   32   32   32   32   32   32   33
   33   34   35   36   37   39   40   41   42   43   44   45   46   46   47   48
   49   49   50   51   51   51   51   52   52   52   52   52   52   51   50   50
   49   48   47   48   48   48   48   48   49
    80.0-180.0 180.0   5.0 450.0                            LAT/LON1/LON2/DLON/H
   46   46   46   46   47   47   47   47   48   47   47   46   44   42   41   39
   37   35   34   32   30   29   28   27   26   25   25   25   25   26   26   27
   28   29   31   32   34   35   37   38   40   42   43   45   46   47   48   49
   51   51   52   53   54   55   55   56   56   56   56   56   55   54   53   52
   50   49   48   47   46   45   45   46   46
    77.5-180.0 180.0   5.0 450.0                            LAT/LON1/LON2/DLON/H
   43   42   41   42   42   42   43   43   42   42   41   40   39   38   35   33
   31   29   28   26   24   23   22   21   20   20   20   20   20   21   22   23
   25   27   28   30   32   34   36   38   40   42   44   45   47   49   50   51
   53   54   56   57   59   59   60   61   62   63   63   63   62   61   59   58
   56   54   52   50   48   46   45   44   43
    75.0-180.0 180.0   5.0 450.0                            LAT/LON1/LON2/DLON/H
   42   40   38   37   37   36   37   36   37   36   36   36   34   32   31   29
   26   24   23   22   21   20   19   18   18   18   18   18   19   19   20   21
   23   25   27   28   31   33   35   38   40   42   44   46   48   50   52   54
   56   57   60   62   64   66   67   69   70   71   71   72   71   70   69   67
   65   62   60   56   53   50   48   45   42
    72.5-180.0 180.0   5.0 450.0                            LAT/LON1/LON2/DLON/H
   45   41   37   34   33   32   31   31   32   32   31   31   29   29   27   24
   22   22   21   19   19   19   19   19   19   19   19   19   19   20   20   21
   22   24   26   28   30   32   35   37   40   42   45   47   49   52   54   56
   58   60   63   66   68   71   74   76   78   80   81   81   80   80   79   77
   75   72   69   65   61   57   53   49   45
    70.0-180.0 180.0   5.0 450.0                            LAT/LON1/LON2/DLON/H
   49   44   39   34   31   28   28   28   28   28   27   26   26   26   24   23
   21   20   20   20   20   21   22   22   22   22   21   21   21   21   21   21
   22   23   25   27   29   31   34   36   39   42   44   47   50   52   55   59
   61   64   67   70   73   76   79   82   84   86   87   89   89   89   88   86
   85   82   79   75   71   66   61   55   49
    67.5-180.0 180.0   5.0 450.0                            LAT/LON1/LON2/DLON/H
   55   48   42   36   31   27   26   25   25   25   24   25   25   23   22   22
   21   21   21   22   23   24   25   25   25   25   24   24   23   23   22   22
   22   23   24   25   27   30   32   35   38   41   44   47   50   53   57   60
   64   67   70   72   76   79   82   85   87   89   91   93   94   94   94   93
   91   89   86   83   79   74   69   62   55
    65.0-180.0 180.0   5.0 450.0                            LAT/LON1/LON2/DLON/H
   61   54   46   39   33   29   26   24   23   23   23   23   23   22   23   22
   22   22   24   24   26   27   28   28   28   27   26   25   24   23   23   22
   21   21   21   23   25   28   30   34   37   40   44   47   52   55   59   63
   66   69   72   75   78   81   83   86   88   90   92   94   95   95   95   94
   93   92   90   87   84   81   75   69   61
    62.5-180.0 180.0   5.0 450.0                            LAT/LON1/LON2/DLON/H
   67   59   51   43   37   31   27   25   23   22   22   22   22   23   23   23
   23   25   26   26   27   28   29   28   27   27   25   25   24   23   23   21
   20   19   19   21   23   25   29   32   37   40   44   49   54   58   62   66
   69   72   75   78   80   82   84   86   87   89   91   93   94   94   93   92
   91   90   89   88   87   84   79   74   67
    60.0-180.0 180.0   5.0 450.0                            LAT/LON1/LON2/DLON/H
   70   62   55   47   40   34   30   27   24   23   22   22   22   23   24   24
   25   26   27   27   27   27   27   26   25   24   24   23   23   22   22   19
   18   17   17   18   21   24   28   33   37   42   47   52   57   62   66   71
   74   77   79   81   83   84   86   87   88   89   91   92   93   93   91   89
   87   86   86   86   86   84   82   76   70
    57.5-180.0 180.0   5.0 450.0                            LAT/LON1/LON2/DLON/H
   73   66   58   51   44   38   33   30   27   24   23   22   22   23   24   24
   25   25   25   25   25   24   23   23   22   21   20   21   22   21   21   19
   17   16   16   17   20   24   29   35   40   46   51   57   63   67   73   77
   81   84   86   87   89   90   90   91   92   92   93   95   95   93   91   87
   84   82   82   82   83   84   82   78   73
    55.0-180.0 180.0   5.0 450.0                            LAT/LON1/LON2/DLON/H
   76   69   62   55   49   42   38   33   30   26   24   23   23   23   23   24
   24   24   23   22   22   22   21   20   18   17   18   19   21   22   21   19
   17   16   17   18   21   26   32   38   45   52   58   64   69   75   80   85
   89   92   95   96   98   99  100  100  100  100  100  101  100   98   94   88
   84   81   79   80   81   83   83   80   76
    52.5-180.0 180.0   5.0 450.0                            LAT/LON1/LON2/DLON/H
   78   72   66   60   53   48   43   38   33   30   27   25   24   24   23   23
   23   23   22   21   20   20   19   18   16   16   17   20   23   24   23   21
   20   19   19   21   24   30   37   44   51   59   65   72   77   83   88   93
   97  101  105  107  109  111  111  111  111  111  111  111  110  107  102   95
   89   84   81   81   83   84   85   83   78
    50.0-180.0 180.0   5.0 450.0                            LAT/LON1/LON2/DLON/H
   82   76   70   64   59   55   50   44   39   34   31   28   27   25   24   23
   23   22   22   21   20   20   20   19   18   18   21   24   26   28   27   26
   25   23   24   25   29   35   43   52   59   67   73   79   85   91   97  101
  106  111  114  118  121  122  123  123  123  123  123  123  122  118  112  104
   97   91   87   85   86   87   88   86   82
    47.5-180.0 180.0   5.0 450.0                            LAT/LON1/LON2/DLON/H
   86   81   75   70   66   62   57   51   46   41   37   35   32   29   27   26
   25   25   25   24   24   24   24   23   24   25   28   30   32   34   33   32
   30   29   29   31   35   42   51   59   67   75   81   87   93   99  104  109
  114  119  123  127  131  133  134  134  133  133  133  133  131  128  121  114
  106   99   94   91   91   92   92   90   86
    45.0-180.0 180.0   5.0 450.0                            LAT/LON1/LON2/DLON/H
   90   85   80   75   72   68   64   59   55   50   46   42   39   35   32   30
   29   29   30   30   31   32   32   32   32   34   36   38   39   40   39   38
   36   35   35   37   41   48   57   66   75   82   89   94  100  106  111  116
  120  125  130  136  140  142  143  142  140  140  139  139  137  134  129  122
  114  107  101   98   97   97   97   94   90
    42.5-180.0 180.0   5.0 450.0                            LAT/LON1/LON2/DLON/H
   93   88   84   80   76   73   69   66   63   59   56   52   49   44   40   37
   36   36   37   39   39   41   41   42   43   44   44   45   45   45   44   43
   42   41   41   42   47   54   63   72   81   89   95  101  107  113  118  122
  126  131  136  142  146  149  149  148  145  143  141  139  138  136  132  126
  120  113  107  104  102  101  100   98   93
    40.0-180.0 180.0   5.0 450.0                            LAT/LON1/LON2/DLON/H
   95   90   85   82   78   75   73   72   70   68   65   62   59   54   49   45
   44   44   46   47   49   50   50   51   51   52   51   51   49   48   48   47
   46   46   45   47   51   58   67   77   87   95  102  108  114  120  125  127
  131  136  142  147  152  154  154  153  150  146  142  139  136  134  131  127
  123  117  111  107  104  103  102   99   95
    37.5-180.0 180.0   5.0 450.0                            LAT/LON1/LON2/DLON/H
   95   89   84   80   78   74   73   74   75   75   74   72   69   65   59   55
   52   52   54   55   57   57   57   58   58   57   56   54   52   50   50   49
   49   49   49   49   53   61   71   82   92  102  109  116  122  126  131  133
  136  141  148  154  159  162  162  161  159  153  148  142  137  134  132  129
  125  120  114  109  106  104  102   99   95
    35.0-180.0 180.0   5.0 450.0                            LAT/LON1/LON2/DLON/H
   93   87   81   76   72   69   70   73   77   79   80   80   79   75   69   64
   62   61   62   62   63   63   62   62   61   59   57   55   53   51   50   51
   50   50   50   50   54   62   73   86   98  107  116  123  129  133  137  139
  143  149  157  165  171  175  176  176  174  170  163  154  146  140  137  134
  130  125  118  111  107  104  102   98   93
    32.5-180.0 180.0   5.0 450.0                            LAT/LON1/LON2/DLON/H
   92   84   76   70   66   64   65   69   74   78   83   85   85   83   78   73
   70   68   67   67   67   66   65   64   62   60   57   55   53   52   51   51
   52   51   51   50   53   63   76   90  102  112  121  128  135  140  145  148
  153  161  172  183  192  197  199  201  200  198  192  181  168  158  151  147
  141  134  127  118  112  108  103   98   92
    30.0-180.0 180.0   5.0 450.0                            LAT/LON1/LON2/DLON/H
   93   83   73   66   61   59   60   63   69   75   81   86   88   88   85   80
   77   73   72   71   69   68   65   64   62   59   57   55   53   52   52   53
   53   52   49   48   52   62   76   92  105  116  125  133  141  148  154  160
  167  180  195  211  222  228  231  236  238  239  234  220  205  189  177  169
  161  153  144  131  123  117  110  103   93
    27.5-180.0 180.0   5.0 450.0                            LAT/LON1/LON2/DLON/H
  102   87   75   66   60   56   55   57   62   68   76   83   87   88   87   84
   81   78   76   73   71   69   66   64   61   60   58   56   54   53   53   53
   52   50   48   46   50   61   77   94  108  120  128  137  146  155  165  173
  186  205  225  246  259  266  270  276  281  286  283  268  251  230  213  201
  190  179  167  153  144  133  124  115  102
    25.0-180.0 180.0   5.0 450.0                            LAT/LON1/LON2/DLON/H
  118  100   83   71   62   55   52   52   55   61   69   76   82   85   86   84
   82   80   78   75   72   70   67   64   62   61   59   57   56   55   54   53
   51   48   45   43   48   60   77   96  110  122  131  141  151  162  175  190
  208  232  258  282  300  304  312  317  324  332  333  319  301  278  257  241
  226  214  198  184  172  160  148  135  118
    22.5-180.0 180.0   5.0 450.0                            LAT/LON1/LON2/DLON/H
  143  121  102   84   70   60   53   50   50   54   62   69   75   79   81   82
   81   80   78   76   74   71   69   66   64   63   61   59   58   56   54   51
   49   46   42   41   46   59   78   97  112  123  133  144  157  171  190  209
  230  257  285  314  335  341  347  354  362  371  374  364  348  324  302  285
  267  252  233  218  204  191  180  163  143
    20.0-180.0 180.0   5.0 450.0                            LAT/LON1/LON2/DLON/H
  172  150  128  105   87   72   61   53   49   50   55   62   69   73   76   77
   78   78   77   76   74   72   70   68   67   65   62   61   59   56   53   50
   47   43   40   39   44   57   77   96  111  123  135  148  165  182  205  227
  250  278  307  332  353  359  365  375  384  393  398  393  379  360  338  325
  308  289  267  252  238  227  211  193  172
    17.5-180.0 180.0   5.0 450.0                            LAT/LON1/LON2/DLON/H
  203  178  160  134  110   92   75   64   55   51   52   57   62   67   69   71
   73   74   74   74   73   72   71   70   69   67   65   63   60   57   52   48
   45   42   39   38   44   57   77   95  110  123  138  154  174  194  219  244
  268  294  321  341  355  358  362  372  381  389  396  398  391  379  363  354
  341  321  298  281  268  257  241  222  203
    15.0-180.0 180.0   5.0 450.0                            LAT/LON1/LON2/DLON/H
  231  210  189  165  138  113   94   79   66   57   54   56   59   62   64   65
   67   68   70   71   71   71   70   70   70   69   68   65   61   56   51   46
   43   40   38   39   45   58   77   94  110  125  142  161  184  207  231  254
  279  302  324  336  342  342  344  349  356  366  374  380  384  381  372  365
  355  341  321  302  290  280  265  248  231
    12.5-180.0 180.0   5.0 450.0                            LAT/LON1/LON2/DLON/H
  251  234  217  197  170  141  117   98   82   68   61   59   59   60   61   61
   62   64   65   67   68   69   70   70   71   71   70   67   62   57   51   46
   43   41   40   42   48   61   77   94  110  127  147  169  193  217  240  261
  281  302  318  321  322  320  318  319  325  334  343  355  364  367  368  364
  356  346  329  313  302  293  281  266  251
    10.0-180.0 180.0   5.0 450.0                            LAT/LON1/LON2/DLON/H
  266  252  238  221  198  170  142  119  101   83   72   67   64   63   62   60
   60   61   62   64   66   67   69   71   72   72   72   69   64   58   52   47
   45   44   44   45   52   63   78   94  111  129  151  174  200  224  245  263
  280  296  306  306  303  300  296  295  301  308  318  331  343  352  359  360
  354  344  330  317  307  298  289  278  266
     7.5-180.0 180.0   5.0 450.0                            LAT/LON1/LON2/DLON/H
  274  265  254  239  220  197  170  147  123  102   88   80   75   71   67   63
   61   61   62   63   64   66   69   72   73   74   74   71   66   60   54   50
   48   48   49   50   55   65   79   94  111  130  151  177  204  229  249  265
  279  290  296  295  293  289  285  284  288  294  304  317  330  344  355  359
  355  345  333  320  309  300  292  284  274
     5.0-180.0 180.0   5.0 450.0                            LAT/LON1/LON2/DLON/H
  280  274  267  254  238  219  197  174  149  125  108   98   90   84   77   71
   67   66   65   65   65   68   72   75   75   76   76   74   69   63   57   54
   53   52   52   54   58   66   79   94  111  130  152  178  205  229  249  265
  277  285  289  290  290  288  285  285  289  294  302  313  325  340  356  362
  360  350  337  324  312  302  294  287  280
     2.5-180.0 180.0   5.0 450.0                            LAT/LON1/LON2/DLON/H
  286  282  277  267  252  236  217  197  173  148  131  117  106  100   91   84
   78   74   72   71   71   73   77   79   78   78   78   76   72   66   61   58
   57   57   56   57   60   68   80   95  110  130  152  177  202  226  245  261
  273  281  285  288  290  292  293  295  300  305  311  318  327  341  357  366
  366  356  343  328  315  305  296  290  286
