ionex_files/bejaia/igsg0680.21i
     1.0            IONOSPHERE MAPS     MIX                 IONEX VERSION / TYPE
cmpcmb v1.2          GRL/UWM             1-apr-21 07:47     PGM / RUN BY / DATE 
ionex file containing IGS COMBINED Ionosphere maps          COMMENT             
global ionosphere maps for day 068, 2021                    DESCRIPTION         
IONEX file containing the COMBINED IGS TEC MAPS and DCBs    DESCRIPTION         
      IONEX files of the following IAACs were combined: cod DESCRIPTION         
                                                        esa DESCRIPTION         
                                                        jpl DESCRIPTION         
                                                        upc DESCRIPTION         
Contact address: Andrzej Krankowski                         DESCRIPTION
                 Geodynamics Research Laboratory            DESCRIPTION
                 University of Warmia and Mazury (GRL/UWM)  DESCRIPTION
                 Oczapowski St. 1                           DESCRIPTION
                 10-957-Olsztyn, POLAND                     DESCRIPTION
                 e-mail:  kand@uwm.edu.pl                   DESCRIPTION
                                                            DESCRIPTION         
  2021     3     9     0     0     0                        EPOCH OF FIRST MAP  
  2021     3    10     0     0     0                        EPOCH OF LAST MAP   
  7200                                                      INTERVAL            
    13                                                      # OF MAPS IN FILE   
  COSZ                                                      MAPPING FUNCTION    
     0.0                                                    ELEVATION CUTOFF    
combined TEC calculated as weighted mean of input TEC valuesOBSERVABLES USED    
   386                                                      # OF STATIONS       
    32                                                      # OF SATELLITES     
  6371.0                                                    BASE RADIUS         
     2                                                      MAP DIMENSION       
   450.0 450.0   0.0                                        HGT1 / HGT2 / DHGT  
    87.5 -87.5  -2.5                                        LAT1 / LAT2 / DLAT  
  -180.0 180.0   5.0                                        LON1 / LON2 / DLON  
    -1                                                      EXPONENT            
TEC values in 0.1 tec units;  9999, if no value available   COMMENT             
DCB values in nanoseconds, reference is Sum_of_SatDCBs = 0  COMMENT             
                                                            END OF HEADER       
[from data line 4290]
    11                                                      START OF TEC MAP    
  2021     3     9    20     0     0                        EPOCH OF CURRENT MAP
    87.5-180.0 180.0   5.0 450.0                            LAT/LON1/LON2/DLON/H
   33   33   34   34   35   35   36   36   36   36   37   37   37   37   36   36
   36   35   35   35   34   34   33   33   32   31   30   30   29   29   27   27
   27   26   25   25   25   24   24   24   23   23   23   23   23   23   23   23
   23   24   24   24   24   24   25   26   26   26   27   27   27   28   28   29
   29   30   30   30   31   32   32   33   33
    85.0-180.0 180.0   5.0 450.0                            LAT/LON1/LON2/DLON/H
   37   38   39   40   41   42   43   43   44   45   45   46   46   46   46   46
   45   45   44   43   42   41   40   39   37   36   35   33   32   31   29   28
   27   25   25   23   22   22   21   21   21   20   20   20   20   21   21   21
   21   22   22   22   23   24   24   25   25   26   26   27   27   28   29   29
   30   31   31   32   33   34   35   36   37
    82.5-180.0 180.0   5.0 450.0                            LAT/LON1/LON2/DLON/H
   40   42   43   45   46   47   49   50   51   52   53   54   55   55   55   55
   55   54   53   52   50   48   47   45   43   41   39   37   34   32   31   28
   27   25   24   23   22   21   20   19   19   19   19   19   19   19   20   20
   21   22   22   23   24   24   25   25   26   26   27   27   28   29   29   30
   30   31   32   33   34   36   37   38   40
    80.0-180.0 180.0   5.0 450.0                            LAT/LON1/LON2/DLON/H
   41   43   45   47   49   51   53   55   57   59   60   61   62   62   63   63
   62   61   60   59   57   55   53   51   48   46   44   41   38   35   33   31
   28   26   24   23   22   21   20   20   19   19   19   19   20   20   21   21
   22   22   23   24   24   25   26   26   26   27   27   27   27   28   28   29
   29   30   31   32   34   35   37   38   41
    77.5-180.0 180.0   5.0 450.0                            LAT/LON1/LON2/DLON/H
   41   43   46   48   51   54   57   59   61   63   65   67   67   68   68   67
   67   67   66   65   63   62   60   57   54   51   48   45   42   39   36   33
   31   28   26   25   24   23   22   21   21   20   20   20   21   21   21   21
   22   23   23   24   25   25   26   26   26   26   26   26   26   26   26   27
   27   28   28   30   31   34   36   38   41
    75.0-180.0 180.0   5.0 450.0                            LAT/LON1/LON2/DLON/H
   41   44   47   51   54   57   60   63   65   67   69   70   71   71   71   71
   71   70   69   68   68   65   63   62   59   55   53   50   46   42   39   36
   33   31   29   27   26   24   23   23   22   21   21   20   21   21   20   20
   21   21   22   23   24   24   25   24   24   24   24   23   23   23   22   23
   23   24   25   27   29   32   35   38   41
    72.5-180.0 180.0   5.0 450.0                            LAT/LON1/LON2/DLON/H
   42   46   49   53   56   60   63   66   68   70   72   73   74   74   74   73
   72   72   71   70   69   67   66   64   62   59   56   52   48   44   41   38
   35   33   30   29   27   26   25   23   22   22   21   20   19   19   18   19
   19   19   20   21   21   22   22   22   22   21   21   20   20   19   19   19
   19   20   22   24   27   30   34   38   42
    70.0-180.0 180.0   5.0 450.0                            LAT/LON1/LON2/DLON/H
   44   48   52   56   60   63   66   69   71   74   75   76   76   75   76   74
   73   73   72   70   70   68   68   66   63   61   58   54   50   46   42   39
   37   34   32   30   28   27   25   24   22   20   19   18   18   17   17   16
   17   17   18   19   19   20   20   20   19   18   18   17   17   16   16   16
   17   18   20   23   26   30   35   39   44
    67.5-180.0 180.0   5.0 450.0                            LAT/LON1/LON2/DLON/H
   47   52   56   60   64   67   70   73   75   76   78   79   78   78   77   76
   75   73   71   71   70   69   69   68   65   63   60   56   53   49   46   42
   39   37   34   32   29   27   25   22   21   19   18   17   16   16   16   15
   16   16   17   17   17   18   18   18   17   16   16   16   15   15   15   15
   16   17   19   22   27   31   36   42   47
    65.0-180.0 180.0   5.0 450.0                            LAT/LON1/LON2/DLON/H
   51   57   62   65   69   72   75   77   80   81   82   82   82   81   80   78
   77   75   73   73   72   71   71   70   68   66   63   59   56   52   49   45
   42   39   36   33   30   27   25   22   21   19   18   17   16   16   17   17
   17   17   17   18   18   18   18   17   17   17   16   16   16   16   16   17
   17   19   20   24   28   33   39   45   51
    62.5-180.0 180.0   5.0 450.0                            LAT/LON1/LON2/DLON/H
   56   62   67   71   74   77   80   82   84   85   86   86   86   85   84   82
   80   78   77   76   76   74   74   73   71   69   65   62   59   55   52   48
   45   42   39   35   32   29   26   23   22   21   20   19   19   19   20   19
   20   19   20   21   20   20   19   19   18   19   19   20   20   20   21   21
   21   22   24   26   30   36   43   49   56
    60.0-180.0 180.0   5.0 450.0                            LAT/LON1/LON2/DLON/H
   60   66   72   76   80   82   85   87   88   90   90   91   90   90   88   87
   85   84   82   81   80   79   78   76   74   72   68   65   62   58   55   52
   49   46   42   38   35   32   29   26   25   24   24   24   24   25   25   25
   25   25   25   25   24   24   23   22   22   24   24   26   26   27   28   28
   28   28   29   31   34   40   46   53   60
    57.5-180.0 180.0   5.0 450.0                            LAT/LON1/LON2/DLON/H
   66   72   78   82   85   88   89   92   93   94   95   95   95   95   94   93
   91   90   88   87   85   84   82   80   78   75   72   69   66   63   61   58
   54   50   46   42   39   35   32   31   31   30   31   32   32   33   33   32
   32   32   32   31   30   29   28   28   29   31   32   33   34   36   36   36
   35   34   35   36   39   44   51   58   66
    55.0-180.0 180.0   5.0 450.0                            LAT/LON1/LON2/DLON/H
   71   77   83   87   89   92   95   97   99  100  100  100  100  100   99   98
   97   96   94   93   90   89   87   84   82   80   77   74   72   70   67   63
   58   55   51   46   43   40   38   37   38   39   41   42   42   43   42   41
   41   40   40   39   38   36   35   36   37   39   40   42   43   44   43   43
   41   41   41   42   45   49   56   63   71
    52.5-180.0 180.0   5.0 450.0                            LAT/LON1/LON2/DLON/H
   77   83   89   93   96   98  101  103  106  107  107  106  105  104  103  103
  102  100   99   97   95   93   91   89   88   86   83   81   79   76   73   69
   63   59   55   52   48   46   45   46   46   48   51   52   52   52   52   51
   50   48   47   47   45   43   43   44   45   47   48   49   49   50   50   49
   47   46   46   47   51   55   62   69   77
    50.0-180.0 180.0   5.0 450.0                            LAT/LON1/LON2/DLON/H
   83   90   95   98  102  106  109  112  115  116  115  113  112  110  109  108
  106  104  103  100   98   97   95   94   93   92   90   89   87   83   80   74
   68   62   58   56   54   53   53   55   56   59   61   61   62   61   60   59
   58   55   54   54   52   51   50   51   52   53   54   54   54   54   54   53
   52   50   51   53   57   62   68   75   83
    47.5-180.0 180.0   5.0 450.0                            LAT/LON1/LON2/DLON/H
   91   97  101  106  110  114  118  123  126  127  126  123  120  117  114  113
  110  108  105  103  101  100  100  100  100   99   98   97   95   91   86   78
   71   65   61   59   58   59   61   62   65   67   69   69   70   69   67   65
   64   63   61   60   59   58   57   57   58   60   60   60   58   57   57   56
   55   53   54   57   61   67   75   82   91
    45.0-180.0 180.0   5.0 450.0                            LAT/LON1/LON2/DLON/H
   97  104  108  113  118  123  128  134  138  140  139  135  130  126  121  118
  115  112  109  106  105  105  106  106  107  107  106  105  102   97   90   81
   72   67   64   62   62   64   66   69   72   74   75   76   76   74   73   71
   69   69   68   68   66   65   64   64   64   64   64   63   60   59   58   58
   56   55   55   58   64   72   80   89   97
    42.5-180.0 180.0   5.0 450.0                            LAT/LON1/LON2/DLON/H
  102  109  114  120  125  132  138  145  150  152  152  148  143  136  130  125
  121  117  113  111  110  111  112  113  114  114  113  112  108  102   93   84
   75   70   67   66   67   69   72   74   76   78   80   81   81   80   79   78
   77   76   75   74   73   71   70   70   70   69   67   64   61   59   58   57
   56   56   57   59   66   76   86   95  102
    40.0-180.0 180.0   5.0 450.0                            LAT/LON1/LON2/DLON/H
  108  116  121  126  133  141  148  155  161  165  165  161  156  148  141  134
  128  123  119  117  116  118  119  119  120  120  120  118  114  106   96   87
   79   74   72   73   73   75   76   78   80   82   85   87   87   87   86   84
   83   81   80   79   78   76   75   75   74   73   69   66   62   59   58   57
   57   56   57   61   68   78   90  100  108
    37.5-180.0 180.0   5.0 450.0                            LAT/LON1/LON2/DLON/H
  113  121  126  132  140  148  155  163  170  175  176  173  167  160  152  144
  136  130  126  124  123  124  125  125  126  126  125  124  119  111  102   93
   86   82   81   81   81   81   81   82   84   86   90   91   93   92   91   89
   88   84   83   82   80   78   77   77   77   75   72   68   63   60   58   58
   57   56   57   61   69   80   92  104  113
    35.0-180.0 180.0   5.0 450.0                            LAT/LON1/LON2/DLON/H
  115  124  131  139  147  156  163  170  176  183  185  183  177  169  161  153
  146  139  134  132  131  131  132  131  130  130  130  130  126  118  112  104
   99   96   95   93   90   87   86   87   87   89   92   95   96   97   96   92
   89   86   83   82   81   78   78   78   77   75   73   68   64   61   59   58
   57   56   57   61   70   82   94  106  115
    32.5-180.0 180.0   5.0 450.0                            LAT/LON1/LON2/DLON/H
  117  127  135  144  154  163  171  177  182  188  191  190  185  177  170  162
  155  148  143  139  137  137  136  135  134  135  135  136  135  131  125  120
  118  116  113  108  101   95   91   90   90   92   95   97   98   98   97   92
   88   84   81   80   80   78   78   77   76   75   72   68   64   62   60   58
   57   56   57   62   71   84   96  108  117
    30.0-180.0 180.0   5.0 450.0                            LAT/LON1/LON2/DLON/H
  120  129  140  150  161  171  180  186  190  195  198  196  191  184  177  170
  163  157  151  146  143  141  140  138  138  139  141  145  147  146  143  142
  141  139  133  124  113  103   97   93   93   95   96   97   98   98   95   90
   86   80   78   77   77   77   76   76   75   73   71   68   64   62   60   59
   57   56   57   62   71   84   98  110  120
    27.5-180.0 180.0   5.0 450.0                            LAT/LON1/LON2/DLON/H
  123  134  144  157  170  181  192  198  202  206  207  203  197  190  184  178
  172  166  159  153  148  145  143  142  142  145  150  157  163  166  167  167
  166  163  153  140  125  110  101   96   96   97   99   98   97   95   91   85
   81   76   74   74   74   74   73   73   73   71   69   66   63   61   60   59
   57   56   57   62   73   85   99  113  123
    25.0-180.0 180.0   5.0 450.0                            LAT/LON1/LON2/DLON/H
  128  140  152  167  181  194  205  214  219  223  221  215  207  199  193  188
  181  175  167  161  155  151  149  147  150  155  163  174  183  189  192  192
  194  187  172  158  137  119  106  101   99  100  101  100   98   94   89   83
   78   72   70   70   71   71   71   71   70   68   67   64   61   59   59   58
   55   54   56   63   74   87  102  116  128
    22.5-180.0 180.0   5.0 450.0                            LAT/LON1/LON2/DLON/H
  133  148  161  178  193  208  222  233  241  244  241  234  224  214  206  201
  194  187  179  171  164  158  157  157  161  169  180  195  207  215  219  218
  221  208  195  180  153  126  116  108  104  104  105  102   99   95   89   82
   77   70   68   67   69   69   68   68   67   65   63   60   57   56   56   55
   53   52   55   64   76   90  104  119  133
    20.0-180.0 180.0   5.0 450.0                            LAT/LON1/LON2/DLON/H
  140  156  173  190  208  225  241  255  266  271  268  259  247  237  228  221
  212  204  195  186  177  171  169  170  175  186  200  217  232  242  245  244
  245  234  213  192  163  135  124  117  110  111  111  108  104   99   92   83
   78   70   66   66   67   67   66   64   63   60   57   54   51   51   51   51
   50   50   54   65   78   93  109  125  140
    17.5-180.0 180.0   5.0 450.0                            LAT/LON1/LON2/DLON/H
  147  165  182  201  221  243  263  281  294  301  301  290  278  268  256  248
  238  227  216  205  194  186  185  187  194  206  222  241  256  265  267  264
  259  245  220  193  165  144  132  125  121  121  121  117  113  106   97   88
   83   73   68   67   66   65   64   62   60   56   52   48   46   46   46   46
   46   47   53   65   80   97  113  130  147
    15.0-180.0 180.0   5.0 450.0                            LAT/LON1/LON2/DLON/H
  154  172  191  211  234  259  284  306  321  329  334  325  314  305  294  282
  270  258  243  231  218  208  205  208  215  228  243  261  275  283  282  275
  262  243  219  192  166  150  141  136  135  134  133  130  124  116  108   99
   92   79   73   69   67   65   63   61   58   53   48   44   42   41   42   41
   42   45   52   67   83  100  117  135  154
    12.5-180.0 180.0   5.0 450.0                            LAT/LON1/LON2/DLON/H
  160  179  199  219  243  270  298  323  341  354  360  360  357  346  337  323
  307  292  275  260  246  235  231  232  239  251  265  279  289  293  288  276
  259  237  215  192  172  160  153  151  151  149  147  142  136  129  122  111
  103   88   79   73   69   66   63   61   57   53   47   42   39   38   38   37
   39   42   51   67   85  103  121  140  160
    10.0-180.0 180.0   5.0 450.0                            LAT/LON1/LON2/DLON/H
  166  186  206  226  249  275  302  329  351  366  378  389  393  389  382  365
  347  329  310  294  278  266  259  259  264  273  284  294  299  297  287  272
  254  234  214  195  182  173  169  168  166  162  158  154  149  145  137  125
  115   97   85   76   70   67   63   61   57   53   47   42   39   36   36   36
   38   42   52   68   87  106  124  144  166
     7.5-180.0 180.0   5.0 450.0                            LAT/LON1/LON2/DLON/H
  170  192  212  231  252  275  298  323  344  363  380  397  413  421  420  402
  383  363  343  326  310  297  289  286  288  294  301  305  304  298  286  269
  252  234  218  205  195  189  186  184  179  173  168  164  160  156  148  135
  124  103   89   78   72   67   64   61   59   54   49   44   40   38   38   38
   39   43   53   70   89  108  127  147  170
     5.0-180.0 180.0   5.0 450.0                            LAT/LON1/LON2/DLON/H
  172  195  216  233  252  272  289  308  326  345  366  387  411  430  437  427
  409  390  371  356  341  327  318  311  310  313  314  312  308  299  286  268
  251  236  224  214  208  203  200  195  188  180  174  170  166  161  152  139
  126  106   91   79   72   67   64   62   60   57   52   47   44   42   41   41
   42   45   56   72   91  110  129  148  172
     2.5-180.0 180.0   5.0 450.0                            LAT/LON1/LON2/DLON/H
  172  195  218  235  252  269  280  290  304  321  342  366  393  417  431  430
  419  406  391  378  366  353  343  335  332  330  326  320  311  300  286  269
  252  239  229  223  217  213  208  201  192  182  175  171  166  160  150  137
  124  106   91   79   71   67   64   61   60   58   55   51   47   46   46   46
   46   49   59   74   93  111  130  149  172
