ionex_files/bejaia/igsg0800.21i
     1.0            IONOSPHERE MAPS     MIX                 IONEX VERSION / TYPE
cmpcmb v1.2          GRL/UWM            12-apr-21 05:14     PGM / RUN BY / DATE 
ionex file containing IGS COMBINED Ionosphere maps          COMMENT             
global ionosphere maps for day 080, 2021                    DESCRIPTION         
IONEX file containing the COMBINED IGS TEC MAPS and DCBs    DESCRIPTION         
      IONEX files of the following IAACs were combined: cod DESCRIPTION         
                                                        esa DESCRIPTION         
                                                        jpl DESCRIPTION         
                                                        upc DESCRIPTION         
Contact address: Andrzej Krankowski                         DESCRIPTION
                 Geodynamics Research Laboratory            DESCRIPTION
                 University of Warmia and Mazury (GRL/UWM)  DESCRIPTION
                 Oczapowski St. 1                           DESCRIPTION
                 10-957-Olsztyn, POLAND                     DESCRIPTION
                 e-mail:  kand@uwm.edu.pl                   DESCRIPTION
                                                            DESCRIPTION         
  2021     3    21     0     0     0                        EPOCH OF FIRST MAP  
  2021     3    22     0     0     0                        EPOCH OF LAST MAP   
  7200                                                      INTERVAL            
    13                                                      # OF MAPS IN FILE   
  COSZ                                                      MAPPING FUNCTION    
     0.0                                                    ELEVATION CUTOFF    
combined TEC calculated as weighted mean of input TEC valuesOBSERVABLES USED    
   373                                                      # OF STATIONS       
    32                                                      # OF SATELLITES     
  6371.0                                                    BASE RADIUS         
     2                                                      MAP DIMENSION       
   450.0 450.0   0.0                                        HGT1 / HGT2 / DHGT  
    87.5 -87.5  -2.5                                        LAT1 / LAT2 / DLAT  
  -180.0 180.0   5.0                                        LON1 / LON2 / DLON  
    -1                                                      EXPONENT            
TEC values in 0.1 tec units;  9999, if no value available   COMMENT             
DCB values in nanoseconds, reference is Sum_of_SatDCBs = 0  COMMENT             
                                                            END OF HEADER       
[from data line 4290]
    11                                                      START OF TEC MAP    
  2021     3    21    20     0     0                        EPOCH OF CURRENT MAP
    87.5-180.0 180.0   5.0 450.0                            LAT/LON1/LON2/DLON/H
   48   49   49   49   50   50   51   51   52   52   53   53   53   54   54   55
   55   55   56   56   56   56   56   56   56   56   55   55   55   55   54   54
   54   54   53   52   52   52   51   51   50   50   50   49   49   49   48   48
   47   47   47   47   46   46   46   46   46   46   46   46   46   46   46   47
   47   47   47   47   48   48   48   48   48
    85.0-180.0 180.0   5.0 450.0                            LAT/LON1/LON2/DLON/H
   50   51   52   53   54   55   56   57   57   58   59   59   60   61   61   61
   61   62   62   62   63   63   63   64   63   62   62   61   61   61   60   59
   59   58   57   56   55   55   53   53   52   51   50   49   48   48   47   46
   46   46   45   45   45   44   44   44   44   44   44   44   45   45   46   45
   46   47   46   47   48   48   49   50   50
    82.5-180.0 180.0   5.0 450.0                            LAT/LON1/LON2/DLON/H
   54   55   56   56   57   58   59   60   62   63   64   65   65   66   67   67
   68   69   69   70   69   70   70   69   69   69   68   68   67   67   66   65
   64   63   63   61   60   59   58   57   55   54   53   52   51   50   49   47
   47   45   45   45   44   44   43   43   43   43   44   44   44   45   45   46
   47   47   48   48   49   51   52   53   54
    80.0-180.0 180.0   5.0 450.0                            LAT/LON1/LON2/DLON/H
   56   57   58   59   60   61   62   64   65   66   68   70   71   72   73   74
   76   76   77   77   76   75   75   74   72   71   70   69   69   69   68   68
   67   66   64   64   62   61   59   58   57   56   55   54   53   52   51   50
   49   47   47   46   46   45   44   44   44   43   44   44   45   45   46   47
   49   49   50   52   53   54   55   56   56
    77.5-180.0 180.0   5.0 450.0                            LAT/LON1/LON2/DLON/H
   58   58   59   60   60   61   63   65   67   70   72   74   76   78   79   80
   80   80   80   80   78   78   78   76   75   74   73   72   71   70   69   68
   68   67   66   64   62   60   59   58   56   55   55   55   54   53   52   51
   50   50   49   48   48   47   46   46   45   45   44   45   45   46   47   48
   50   51   52   53   54   56   56   57   58
    75.0-180.0 180.0   5.0 450.0                            LAT/LON1/LON2/DLON/H
   60   60   60   60   60   62   63   65   67   70   74   77   79   82   83   83
   85   83   82   80   80   78   78   77   74   74   74   72   72   71   69   67
   65   64   62   60   60   58   57   55   54   53   53   53   53   53   52   51
   51   50   51   50   50   49   48   47   46   46   45   45   45   46   46   48
   50   51   52   54   55   57   58   59   60
    72.5-180.0 180.0   5.0 450.0                            LAT/LON1/LON2/DLON/H
   60   60   61   61   61   61   62   64   67   71   75   79   82   85   88   88
   88   86   83   82   80   78   77   75   74   72   72   70   69   68   67   65
   63   60   58   56   54   52   51   50   49   49   49   49   49   50   50   49
   50   50   50   51   50   50   49   48   47   46   45   45   44   44   45   46
   48   50   51   53   55   57   58   59   60
    70.0-180.0 180.0   5.0 450.0                            LAT/LON1/LON2/DLON/H
   61   62   61   61   60   61   62   64   67   71   77   81   86   89   92   93
   92   89   87   83   80   78   76   75   73   72   70   69   67   65   63   60
   57   55   52   50   48   46   44   43   42   42   43   43   44   45   45   46
   47   47   47   49   49   50   49   48   46   45   44   43   42   41   42   43
   44   46   49   50   53   56   58   60   61
    67.5-180.0 180.0   5.0 450.0                            LAT/LON1/LON2/DLON/H
   62   62   63   62   61   61   62   64   67   72   78   83   88   93   97   97
   95   93   89   84   81   79   76   75   73   71   69   67   65   61   59   56
   52   49   46   44   41   39   37   36   35   35   36   37   38   39   40   41
   42   42   43   44   45   46   46   45   43   42   41   40   39   38   38   39
   40   42   45   47   50   54   57   60   62
    65.0-180.0 180.0   5.0 450.0                            LAT/LON1/LON2/DLON/H
   63   64   65   65   63   63   63   65   68   73   78   85   90   96   99  100
   99   96   93   88   85   82   78   76   74   72   70   66   63   59   56   53
   49   45   42   39   36   34   32   31   29   30   30   32   33   34   35   35
   36   36   37   37   38   39   40   40   39   37   36   36   35   35   35   35
   37   38   41   44   49   53   57   60   63
    62.5-180.0 180.0   5.0 450.0                            LAT/LON1/LON2/DLON/H
   65   67   68   68   67   67   66   68   70   74   79   85   91   96  100  102
  101   99   96   93   90   85   82   80   77   74   71   68   64   60   55   53
   50   44   41   38   34   32   30   28   27   27   27   28   30   31   31   32
   33   32   33   32   32   33   33   33   32   31   32   32   32   32   32   33
   34   37   39   44   48   53   57   61   65
    60.0-180.0 180.0   5.0 450.0                            LAT/LON1/LON2/DLON/H
   68   71   73   74   73   72   71   72   74   76   80   84   90   95   99  101
  102  101   99   97   95   91   88   85   81   77   74   70   66   63   59   56
   53   48   44   42   38   34   32   29   28   28   28   28   30   30   30   30
   30   30   30   29   29   29   29   28   28   27   28   29   29   30   31   33
   34   37   40   44   49   54   59   64   68
    57.5-180.0 180.0   5.0 450.0                            LAT/LON1/LON2/DLON/H
   72   76   79   80   80   79   78   78   78   80   81   85   89   93   96   99
  101  101  101  100   99   96   95   91   86   82   78   76   72   70   67   66
   63   58   54   50   46   41   37   35   33   33   33   34   33   33   33   31
   31   30   30   29   29   29   27   27   26   26   27   28   30   31   32   34
   36   38   42   46   51   56   62   67   72
    55.0-180.0 180.0   5.0 450.0                            LAT/LON1/LON2/DLON/H
   77   82   85   88   89   88   88   87   86   86   86   88   90   93   96   98
  100  101  102  101  101  100   99   97   93   89   86   84   83   81   80   79
   78   73   69   63   58   52   48   45   43   43   43   42   41   40   38   37
   36   34   33   33   32   31   30   29   28   29   29   30   32   33   34   36
   39   42   46   50   55   60   66   71   77
    52.5-180.0 180.0   5.0 450.0                            LAT/LON1/LON2/DLON/H
   85   89   94   96   99   99   99   99   98   97   95   94   94   95   98   99
  101  102  103  103  102  103  104  103  100   97   95   95   95   94   94   95
   93   89   85   78   71   66   61   57   56   55   54   53   51   49   47   45
   44   42   41   40   39   38   36   35   34   33   33   34   35   36   37   38
   42   47   52   56   61   65   72   78   85
    50.0-180.0 180.0   5.0 450.0                            LAT/LON1/LON2/DLON/H
   92   98  102  105  109  112  113  114  114  112  109  106  104  103  103  104
  104  104  104  103  104  107  108  108  107  105  103  104  107  108  108  109
  107  104   98   91   84   78   74   70   69   68   66   65   63   61   56   53
   52   51   51   50   49   47   45   44   42   42   40   40   41   41   41   42
   46   51   57   61   67   72   79   85   92
    47.5-180.0 180.0   5.0 450.0                            LAT/LON1/LON2/DLON/H
   99  106  111  115  120  125  128  131  133  131  127  123  120  117  114  112
  109  107  106  106  108  111  113  114  114  113  112  114  117  119  119  119
  116  112  107  101   94   88   84   81   80   79   77   75   73   70   66   63
   62   61   61   60   59   57   55   54   52   51   49   47   46   46   46   48
   50   55   61   67   73   79   86   92   99
    45.0-180.0 180.0   5.0 450.0                            LAT/LON1/LON2/DLON/H
  105  113  119  124  131  137  143  150  152  153  150  145  141  135  130  124
  118  114  111  111  114  118  121  122  123  122  122  124  126  127  125  125
  121  117  112  106  100   95   92   90   88   87   85   83   80   77   75   73
   72   71   71   70   68   67   65   64   62   60   58   55   53   52   51   52
   55   59   65   72   78   84   91   98  105
    42.5-180.0 180.0   5.0 450.0                            LAT/LON1/LON2/DLON/H
  110  119  126  132  139  148  158  166  171  176  174  170  165  158  150  141
  131  124  119  119  124  129  132  133  133  133  134  134  135  133  130  127
  123  119  114  108  103   99   96   94   92   91   90   88   86   84   83   81
   80   79   79   77   76   74   73   71   70   67   65   62   59   58   57   57
   58   62   69   76   83   89   96  103  110
    40.0-180.0 180.0   5.0 450.0                            LAT/LON1/LON2/DLON/H
  117  124  132  140  147  157  170  182  189  197  198  195  191  184  174  161
  149  139  132  132  136  142  146  146  145  146  145  144  142  140  135  130
  125  120  114  109  105  101   98   95   94   93   92   92   91   90   89   88
   86   85   84   83   81   79   78   77   76   74   71   68   65   63   61   60
   61   66   72   80   88   94  101  109  117
    37.5-180.0 180.0   5.0 450.0                            LAT/LON1/LON2/DLON/H
  123  130  138  145  154  165  180  194  206  215  220  220  217  211  199  185
  170  158  149  147  151  157  161  161  159  158  156  154  151  146  140  134
  128  122  115  109  104  100   98   96   94   94   94   94   95   95   94   92
   90   88   86   85   83   81   80   80   79   77   75   73   70   68   65   64
   65   68   74   83   92   99  107  115  123
    35.0-180.0 180.0   5.0 450.0                            LAT/LON1/LON2/DLON/H
  128  135  142  149  160  171  186  203  220  232  240  242  241  235  225  210
  194  179  169  166  168  173  176  175  171  170  167  164  161  154  147  141
  135  127  118  110  105  101   99   96   95   94   95   96   97   98   97   94
   92   88   86   84   82   81   80   79   78   77   76   74   72   70   68   67
   67   70   77   85   95  104  112  120  128
    32.5-180.0 180.0   5.0 450.0                            LAT/LON1/LON2/DLON/H
  131  138  145  153  163  177  192  212  230  247  257  262  264  260  250  237
  219  204  192  186  184  187  189  187  181  179  178  175  171  165  159  153
  146  137  126  116  109  104  101   98   96   96   96   98  100  101   99   94
   91   86   84   83   82   80   80   79   78   76   74   73   72   71   70   69
   69   71   79   88   98  107  116  124  131
    30.0-180.0 180.0   5.0 450.0                            LAT/LON1/LON2/DLON/H
  134  141  147  156  168  181  198  221  242  259  271  280  284  284  274  263
  247  231  216  207  200  198  197  194  190  188  188  187  185  181  176  170
  165  153  139  126  116  109  105  102   99   98   99  101  102  101   98   92
   90   85   84   83   82   82   82   80   78   75   73   71   71   70   69   68
   68   71   79   90  101  111  119  127  134
    27.5-180.0 180.0   5.0 450.0                            LAT/LON1/LON2/DLON/H
  139  145  150  159  171  186  205  227  251  269  285  297  304  306  300  288
  273  259  242  228  216  210  206  203  200  200  201  203  203  201  199  194
  189  174  158  142  129  119  112  109  105  101  102  104  103  100   96   92
   89   86   86   85   86   85   84   81   78   75   72   69   69   68   67   66
   66   70   78   90  103  115  125  132  139
    25.0-180.0 180.0   5.0 450.0                            LAT/LON1/LON2/DLON/H
  144  151  157  165  176  192  213  234  257  279  300  314  324  328  324  314
  301  286  268  250  235  225  219  214  214  216  219  222  226  226  227  225
  220  203  181  165  150  133  124  119  112  107  107  108  106  102   98   92
   90   88   89   91   92   91   89   84   80   75   71   68   67   65   65   64
   64   68   76   90  106  118  129  137  144
    22.5-180.0 180.0   5.0 450.0                            LAT/LON1/LON2/DLON/H
  151  158  165  173  185  201  223  245  268  291  316  333  346  351  350  340
  329  315  297  277  259  247  238  233  234  238  242  250  254  257  259  261
  253  233  209  192  174  154  141  130  120  115  114  114  112  108  103   96
   94   92   94   98   99   98   95   89   83   77   72   68   66   64   62   62
   62   66   74   90  106  121  133  142  151
    20.0-180.0 180.0   5.0 450.0                            LAT/LON1/LON2/DLON/H
  156  165  174  184  196  215  235  258  282  307  332  354  368  377  375  370
  358  345  330  310  291  278  269  264  264  268  271  279  285  289  292  295
  282  258  236  218  196  173  157  144  132  127  124  124  122  117  112  106
  105  101  103  106  107  106  101   94   88   80   74   70   67   64   61   60
   60   64   73   89  107  124  137  147  156
    17.5-180.0 180.0   5.0 450.0                            LAT/LON1/LON2/DLON/H
  162  173  183  194  209  227  249  273  296  321  346  372  390  399  399  396
  388  378  364  348  332  320  312  304  301  302  302  310  316  318  320  318
  302  277  254  234  209  185  169  157  148  142  140  140  135  131  126  120
  119  113  113  115  114  112  107  100   93   85   79   74   70   66   63   60
   59   62   72   89  108  126  140  151  162
    15.0-180.0 180.0   5.0 450.0                            LAT/LON1/LON2/DLON/H
  169  182  193  206  221  240  262  286  309  333  359  386  407  419  421  422
  418  413  404  393  380  372  364  352  344  338  335  340  342  343  341  332
  314  289  262  237  217  194  181  173  165  161  159  157  153  150  145  139
  136  126  124  122  120  117  111  105   98   91   84   78   73   69   65   63
   60   62   72   90  110  129  144  157  169
    12.5-180.0 180.0   5.0 450.0                            LAT/LON1/LON2/DLON/H
  178  192  206  219  234  254  275  297  319  343  369  396  419  435  440  445
  447  449  446  442  436  430  421  404  388  375  367  366  362  358  353  340
  320  294  265  240  220  203  195  189  184  182  181  178  175  170  166  158
  153  139  133  128  124  119  113  108  101   94   88   81   76   72   68   65
   62   64   73   90  111  131  147  163  178
    10.0-180.0 180.0   5.0 450.0                            LAT/LON1/LON2/DLON/H
  186  204  219  233  248  267  286  306  327  349  376  404  429  446  455  465
  474  484  488  492  492  489  478  459  432  412  396  385  374  366  357  342
  320  294  265  241  225  214  208  205  204  202  201  199  195  189  184  172
  165  150  139  130  123  118  113  108  102   96   90   83   78   74   70   66
   64   65   75   92  113  133  151  168  186
     7.5-180.0 180.0   5.0 450.0                            LAT/LON1/LON2/DLON/H
  194  212  229  244  260  278  295  314  333  354  380  407  433  452  465  479
  498  517  528  539  544  542  528  504  470  446  416  396  380  368  355  337
  315  291  264  243  231  225  221  221  220  219  218  215  210  203  195  184
  174  156  140  129  121  115  110  106  102   98   91   84   78   74   70   66
   64   65   76   93  114  134  153  173  194
     5.0-180.0 180.0   5.0 450.0                            LAT/LON1/LON2/DLON/H
  198  219  237  253  268  285  301  318  337  358  382  409  433  453  469  490
  517  540  557  574  583  580  561  533  495  458  424  397  379  363  347  329
  307  285  262  247  238  236  234  233  232  231  230  225  218  209  200  188
  178  156  139  125  115  109  105  102  100   97   91   83   77   73   70   65
   63   65   76   94  115  135  155  175  198
     2.5-180.0 180.0   5.0 450.0                            LAT/LON1/LON2/DLON/H
  198  219  238  256  273  290  306  323  342  363  386  409  431  449  466  491
  521  545  565  584  594  587  566  536  498  458  418  391  370  353  337  320
  299  279  260  249  244  242  241  239  238  235  231  223  214  204  193  181
  171  148  132  118  108  101   99   98   98   95   88   80   74   70   67   63
   61   64   75   94  115  136  154  175  198
