ionex_files/bejaia/igsg0720.21i
     1.0            IONOSPHERE MAPS     MIX                 IONEX VERSION / TYPE
cmpcmb v1.2          GRL/UWM             1-apr-21 08:10     PGM / RUN BY / DATE 
ionex file containing IGS COMBINED Ionosphere maps          COMMENT             
global ionosphere maps for day 072, 2021                    DESCRIPTION         
IONEX file containing the COMBINED IGS TEC MAPS and DCBs    DESCRIPTION         
      IONEX files of the following IAACs were combined: cod DESCRIPTION         
                                                        esa DESCRIPTION         
                                                        jpl DESCRIPTION         
                                                        upc DESCRIPTION         
Contact address: Andrzej Krankowski                         DESCRIPTION
                 Geodynamics Research Laboratory            DESCRIPTION
                 University of Warmia and Mazury (GRL/UWM)  DESCRIPTION
                 Oczapowski St. 1                           DESCRIPTION
                 10-957-Olsztyn, POLAND                     DESCRIPTION
                 e-mail:  kand@uwm.edu.pl                   DESCRIPTION
                                                            DESCRIPTION         
  2021     3    13     0     0     0                        EPOCH OF FIRST MAP  
  2021     3    14     0     0     0                        EPOCH OF LAST MAP   
  7200                                                      INTERVAL            
    13                                                      # OF MAPS IN FILE   
  COSZ                                                      MAPPING FUNCTION    
     0.0                                                    ELEVATION CUTOFF    
combined TEC calculated as weighted mean of input TEC valuesOBSERVABLES USED    
   372                                                      # OF STATIONS       
    32                                                      # OF SATELLITES     
  6371.0                                                    BASE RADIUS         
     2                                                      MAP DIMENSION       
   450.0 450.0   0.0                                        HGT1 / HGT2 / DHGT  
    87.5 -87.5  -2.5                                        LAT1 / LAT2 / DLAT  
  -180.0 180.0   5.0                                        LON1 / LON2 / DLON  
    -1                                                      EXPONENT            
TEC values in 0.1 tec units;  9999, if no value available   COMMENT             
DCB values in nanoseconds, reference is Sum_of_SatDCBs = 0  COMMENT             
                                                            END OF HEADER       
[from data line 2574]
     7                                                      START OF TEC MAP    
  2021     3    13    12     0     0                        EPOCH OF CURRENT MAP
    87.5-180.0 180.0   5.0 450.0                            LAT/LON1/LON2/DLON/H
   49   49   49   49   48   48   48   48   48   48   48   48   48   49   49   49
   49   50   50   50   50   51   51   52   52   52   52   53   53   54   54   54
   54   55   55   55   56   56   56   56   56   57   56   57   57   56   56   56
   56   56   56   56   55   55   55   55   54   54   54   53   53   53   53   52
   52   52   51   51   51   50   50   49   49
    85.0-180.0 180.0   5.0 450.0                            LAT/LON1/LON2/DLON/H
   46   45   45   45   44   44   44   44   44   44   43   44   44   44   44   45
   46   46   47   48   49   49   50   51   52   52   53   54   54   55   56   56
   57   58   58   58   59   59   60   60   60   60   60   60   60   59   59   59
   59   59   58   58   57   57   57   56   56   55   54   54   53   53   52   52
   51   50   50   49   48   47   47   46   46
    82.5-180.0 180.0   5.0 450.0                            LAT/LON1/LON2/DLON/H
   44   43   42   42   41   41   41   40   40   40   40   40   41   41   42   42
   43   44   45   46   47   48   50   50   52   53   54   55   56   57   58   59
   59   60   60   61   61   62   62   62   62   62   61   61   61   60   60   59
   59   58   58   57   56   56   56   55   55   54   54   53   53   52   51   50
   50   49   48   47   46   45   45   44   44
    80.0-180.0 180.0   5.0 450.0                            LAT/LON1/LON2/DLON/H
   43   41   40   40   38   38   37   37   37   37   38   39   40   40   41   42
   43   45   46   48   49   49   51   53   54   56   57   58   59   60   60   61
   62   63   63   64   64   64   64   64   65   64   63   62   61   61   60   59
   58   57   56   56   55   55   54   53   52   52   51   50   50   50   49   49
   48   47   46   45   45   45   43   43   43
    77.5-180.0 180.0   5.0 450.0                            LAT/LON1/LON2/DLON/H
   41   39   38   36   36   35   35   35   34   35   36   37   38   40   42   44
   46   48   51   53   55   55   58   59   59   60   61   62   62   62   63   64
   65   66   67   67   67   67   67   67   67   67   66   65   64   63   61   60
   58   57   56   55   54   53   52   51   50   49   47   46   45   45   44   44
   44   44   43   43   43   43   42   42   41
    75.0-180.0 180.0   5.0 450.0                            LAT/LON1/LON2/DLON/H
   39   38   36   35   34   33   33   32   33   34   36   38   39   41   43   46
   49   52   54   56   58   60   62   63   63   63   63   64   65   65   66   67
   67   69   70   70   71   71   71   71   71   71   69   69   67   66   64   63
   61   59   58   56   54   52   51   49   47   45   43   42   40   39   39   39
   39   39   39   39   40   40   40   39   39
    72.5-180.0 180.0   5.0 450.0                            LAT/LON1/LON2/DLON/H
   37   37   36   35   33   33   32   32   32   33   34   36   39   42   45   48
   50   53   56   59   62   65   65   67   67   66   66   66   67   67   68   69
   70   72   73   74   74   75   75   75   75   75   74   73   71   70   68   67
   65   62   61   59   56   53   50   47   45   42   39   37   35   35   34   34
   34   35   35   36   36   37   37   37   37
    70.0-180.0 180.0   5.0 450.0                            LAT/LON1/LON2/DLON/H
   36   37   36   35   34   33   32   32   31   32   33   36   39   42   44   47
   51   55   58   62   65   66   67   69   69   67   67   67   67   68   69   70
   72   74   75   77   78   79   80   80   79   79   78   76   75   75   73   72
   70   67   64   61   58   55   51   47   44   40   36   34   32   30   30   30
   30   31   31   32   32   33   35   36   36
    67.5-180.0 180.0   5.0 450.0                            LAT/LON1/LON2/DLON/H
   34   35   35   34   34   33   32   32   31   31   33   34   37   40   42   45
   51   54   58   62   64   66   67   69   69   67   67   67   67   67   69   70
   72   75   79   80   82   84   85   85   84   84   83   81   81   79   78   77
   74   71   68   65   61   57   53   48   44   39   35   32   30   28   27   27
   27   28   28   29   29   30   32   33   34
    65.0-180.0 180.0   5.0 450.0                            LAT/LON1/LON2/DLON/H
   33   33   33   34   33   32   32   31   31   31   31   33   34   37   40   43
   47   51   54   57   60   63   64   65   66   65   65   65   65   66   68   70
   73   76   81   84   86   89   90   90   90   89   88   87   86   84   83   81
   78   75   71   67   63   59   54   50   44   40   36   33   30   28   27   26
   26   26   27   27   28   29   30   32   33
    62.5-180.0 180.0   5.0 450.0                            LAT/LON1/LON2/DLON/H
   33   33   33   33   33   32   31   30   30   29   30   30   32   34   36   38
   42   45   47   51   54   58   60   61   62   62   63   63   64   65   67   70
   74   79   83   88   91   94   95   96   96   95   94   92   91   89   87   85
   81   77   73   69   65   61   56   52   46   42   38   35   31   30   28   27
   27   26   27   27   28   29   30   32   33
    60.0-180.0 180.0   5.0 450.0                            LAT/LON1/LON2/DLON/H
   35   35   35   35   34   33   32   31   30   29   29   29   29   30   31   33
   34   37   39   44   49   52   55   57   58   59   60   61   63   65   68   72
   76   81   87   92   96   99  101  102  102  101   99   97   96   94   91   88
   85   80   75   71   67   63   59   55   50   45   41   38   35   34   32   31
   29   28   28   29   29   31   32   33   35
    57.5-180.0 180.0   5.0 450.0                            LAT/LON1/LON2/DLON/H
   39   40   39   40   39   37   36   34   33   32   30   29   29   27   27   28
   29   30   33   37   43   47   50   53   56   57   59   61   63   66   71   75
   81   86   92   97  102  105  107  108  108  107  106  103  101   98   95   92
   88   83   78   74   70   67   64   60   55   51   47   45   42   41   39   36
   34   32   32   32   33   35   36   37   39
    55.0-180.0 180.0   5.0 450.0                            LAT/LON1/LON2/DLON/H
   43   44   45   45   46   44   42   40   38   36   34   31   29   27   26   26
   25   26   29   33   38   43   47   50   55   58   61   63   66   71   76   81
   87   92   98  103  107  111  113  114  114  112  111  109  106  103   99   96
   92   87   83   79   76   74   71   67   63   59   55   53   52   51   49   45
   42   40   39   39   40   41   41   42   43
    52.5-180.0 180.0   5.0 450.0                            LAT/LON1/LON2/DLON/H
   49   50   51   53   53   52   51   48   45   42   39   36   32   29   27   26
   25   26   28   33   38   43   47   51   56   61   64   67   71   76   82   88
   93  100  105  110  114  117  119  120  120  119  117  115  112  109  105  101
   97   93   88   84   82   80   78   75   71   68   64   63   63   62   60   56
   52   49   50   49   49   47   47   48   49
    50.0-180.0 180.0   5.0 450.0                            LAT/LON1/LON2/DLON/H
   55   56   58   60   61   61   60   58   54   50   46   42   38   34   31   29
   28   29   31   35   40   46   50   55   60   66   70   74   78   85   90   96
  102  107  113  117  120  123  126  127  127  126  124  120  117  114  111  107
  102   99   95   92   89   88   87   84   81   77   74   72   72   73   71   67
   63   60   59   57   56   54   53   54   55
    47.5-180.0 180.0   5.0 450.0                            LAT/LON1/LON2/DLON/H
   61   62   65   67   69   69   69   66   61   58   54   49   45   41   37   35
   34   35   37   41   47   52   57   62   67   73   78   82   87   93   98  104
  110  116  121  125  127  130  133  135  135  133  131  126  122  118  115  111
  108  106  103   99   97   96   96   95   93   89   84   82   81   82   80   78
   75   70   68   65   62   61   60   61   61
    45.0-180.0 180.0   5.0 450.0                            LAT/LON1/LON2/DLON/H
   66   68   70   73   75   76   75   73   69   65   60   56   52   47   44   42
   41   42   45   49   55   61   66   71   76   81   86   91   96  102  107  113
  118  124  129  132  136  139  142  144  145  143  138  131  126  122  119  116
  115  113  110  108  107  107  106  105  104  100   96   93   92   93   91   88
   84   80   76   73   71   70   68   66   66
    42.5-180.0 180.0   5.0 450.0                            LAT/LON1/LON2/DLON/H
   71   72   74   77   79   80   80   77   74   70   66   62   58   54   51   49
   49   50   53   58   64   69   75   79   85   89   94   98  104  110  115  120
  126  132  137  141  145  149  154  156  156  152  145  138  132  127  124  123
  123  122  120  119  118  118  117  115  112  109  105  103  102  102   99   96
   90   85   83   80   78   76   74   73   71
    40.0-180.0 180.0   5.0 450.0                            LAT/LON1/LON2/DLON/H
   76   75   76   79   81   82   82   79   76   73   70   67   63   60   57   56
   56   57   60   65   71   76   82   87   92   97  101  106  111  116  122  127
  132  139  145  150  156  162  166  170  169  164  155  147  140  135  133  131
  131  132  130  128  127  126  125  122  119  115  112  111  109  107  104   99
   93   87   85   84   83   82   80   77   76
    37.5-180.0 180.0   5.0 450.0                            LAT/LON1/LON2/DLON/H
   78   77   76   78   79   80   81   79   77   75   73   70   67   64   62   61
   61   63   66   72   77   82   88   94   99  104  108  113  117  123  129  133
  139  146  152  159  168  175  182  186  185  179  170  159  152  145  142  141
  141  141  139  137  135  133  131  126  122  119  116  114  113  109  105  100
   93   87   84   84   84   84   83   80   78
    35.0-180.0 180.0   5.0 450.0                            LAT/LON1/LON2/DLON/H
   79   76   75   75   76   77   78   77   76   75   74   72   70   67   66   65
   65   66   70   76   81   87   93   98  104  110  115  118  123  128  134  139
  145  153  161  170  182  192  200  204  203  196  186  174  166  159  155  153
  151  151  148  145  142  140  134  129  123  119  116  116  114  110  104   98
   91   86   82   82   84   84   83   81   79
    32.5-180.0 180.0   5.0 450.0                            LAT/LON1/LON2/DLON/H
   79   75   72   71   71   73   74   74   74   74   73   73   71   69   68   67
   67   68   73   78   85   91   96  101  108  116  120  123  129  134  140  146
  153  162  172  184  197  210  221  225  223  213  203  193  185  178  173  168
  165  163  159  154  150  147  141  135  127  119  116  116  114  110  103   95
   89   84   81   82   83   84   84   82   79
    30.0-180.0 180.0   5.0 450.0                            LAT/LON1/LON2/DLON/H
   78   73   69   67   66   68   70   70   71   71   71   71   70   69   69   67
   67   69   73   79   87   93   98  104  111  120  124  129  135  141  148  155
  164  175  185  199  214  229  240  245  242  233  223  214  208  203  196  189
  184  179  173  167  162  158  151  144  135  126  121  118  116  111  103   95
   89   85   83   83   83   83   83   81   78
    27.5-180.0 180.0   5.0 450.0                            LAT/LON1/LON2/DLON/H
   77   70   66   64   63   64   66   66   68   68   69   69   69   68   67   66
   66   68   72   80   88   94  101  107  115  123  128  135  142  150  158  168
  178  191  203  218  234  249  262  266  262  254  244  239  235  232  226  219
  210  202  193  185  178  172  164  155  145  135  127  122  118  113  106   99
   93   90   89   88   86   84   82   80   77
    25.0-180.0 180.0   5.0 450.0                            LAT/LON1/LON2/DLON/H
   77   69   64   62   61   61   62   63   64   66   67   67   67   66   65   64
   64   66   71   80   88   96  103  110  117  125  133  141  149  160  171  184
  196  210  223  239  256  274  284  287  284  276  268  266  269  264  260  251
  240  227  216  207  200  191  182  170  157  145  135  129  124  118  111  106
  102  100   97   96   92   87   83   80   77
    22.5-180.0 180.0   5.0 450.0                            LAT/LON1/LON2/DLON/H
   77   70   65   60   59   59   60   61   62   64   65   65   65   64   64   62
   62   63   70   79   89   98  105  112  120  129  137  147  158  172  187  203
  220  233  247  262  279  297  305  307  304  299  300  300  302  298  292  282
  268  253  240  231  223  212  202  187  172  157  147  139  132  126  119  116
  113  112  109  106   98   91   86   81   77
    20.0-180.0 180.0   5.0 450.0                            LAT/LON1/LON2/DLON/H
   79   71   65   61   60   60   61   61   62   62   63   62   61   62   62   61
   60   61   68   79   90  100  108  116  124  132  142  154  168  186  205  223
  241  254  268  283  297  313  322  325  322  321  329  335  334  328  321  311
  294  277  263  253  246  235  223  208  191  175  163  153  145  140  133  132
  126  126  122  116  107   98   90   83   79
    17.5-180.0 180.0   5.0 450.0                            LAT/LON1/LON2/DLON/H
   83   74   68   64   62   63   63   63   62   61   60   59   58   58   60   59
   58   60   66   78   91  102  111  120  128  136  147  161  179  201  223  243
  261  274  285  297  311  325  333  336  339  343  353  359  358  352  345  334
  319  299  283  272  264  255  244  230  213  197  183  169  161  156  152  147
  140  138  135  129  118  107   97   89   83
    15.0-180.0 180.0   5.0 450.0                            LAT/LON1/LON2/DLON/H
   91   79   72   67   65   65   64   63   62   60   58   57   56   56   57   57
   57   59   65   77   92  104  115  124  132  142  154  170  191  215  239  260
  276  288  297  307  319  331  340  345  351  359  368  373  373  368  362  351
  336  316  300  288  279  271  262  249  233  217  203  185  176  170  165  156
  150  147  145  141  130  119  107   97   91
    12.5-180.0 180.0   5.0 450.0                            LAT/LON1/LON2/DLON/H
   99   87   79   74   70   67   64   62   60   58   56   55   54   55   55   55
   56   58   66   78   94  107  118  128  138  150  163  181  205  229  252  272
  286  296  304  313  323  335  345  352  360  369  377  381  383  379  372  360
  346  327  310  298  289  281  272  260  245  230  215  198  186  177  169  162
  156  153  154  151  142  131  118  107   99
    10.0-180.0 180.0   5.0 450.0                            LAT/LON1/LON2/DLON/H
  106   96   89   82   76   70   65   61   59   58   56   54   53   53   54   54
   54   58   66   81   97  111  122  133  145  158  174  194  217  241  262  279
  291  299  307  315  325  337  347  356  365  375  383  388  388  384  374  361
  345  328  312  300  291  283  274  263  248  233  219  203  190  178  169  163
  159  157  159  158  151  141  129  116  106
     7.5-180.0 180.0   5.0 450.0                            LAT/LON1/LON2/DLON/H
  114  104   98   91   83   76   68   62   59   58   56   54   53   52   52   52
   53   57   66   83  100  115  127  139  152  169  186  207  229  251  269  282
  293  300  308  316  326  337  348  359  371  382  390  394  392  384  372  358
  340  322  306  293  285  278  269  257  242  228  214  201  188  177  167  162
  159  159  161  162  158  149  138  124  114
     5.0-180.0 180.0   5.0 450.0                            LAT/LON1/LON2/DLON/H
  121  112  106   99   91   81   72   64   61   60   58   56   54   52   51   51
   52   57   68   85  102  117  131  144  160  179  199  220  241  258  273  284
  292  301  308  317  326  336  348  362  376  387  396  398  393  383  370  351
  331  311  294  280  271  265  256  244  230  215  203  192  182  171  163  158
  157  158  162  163  160  153  143  130  121
     2.5-180.0 180.0   5.0 450.0                            LAT/LON1/LON2/DLON/H
  126  118  113  106   98   87   77   69   64   63   62   58   55   52   50   50
   52   58   71   87  105  120  135  151  168  189  211  232  250  264  276  284
  292  301  310  319  328  338  351  367  380  393  400  399  392  381  364  341
  319  297  278  263  253  247  237  225  211  198  187  179  170  163  157  153
  153  154  159  160  159  153  145  134  126
