ionex_files/bejaia/igsg0670.21i
     1.0            IONOSPHERE MAPS     MIX                 IONEX VERSION / TYPE
cmpcmb v1.2          GRL/UWM             1-apr-21 07:42     PGM / RUN BY / DATE 
ionex file containing IGS COMBINED Ionosphere maps          COMMENT             
global ionosphere maps for day 067, 2021                    DESCRIPTION         
IONEX file containing the COMBINED IGS TEC MAPS and DCBs    DESCRIPTION         
      IONEX files of the following IAACs were combined: cod DESCRIPTION         
                                                        esa DESCRIPTION         
                                                        jpl DESCRIPTION         
                                                        upc DESCRIPTION         
Contact address: Andrzej Krankowski                         DESCRIPTION
                 Geodynamics Research Laboratory            DESCRIPTION
                 University of Warmia and Mazury (GRL/UWM)  DESCRIPTION
                 Oczapowski St. 1                           DESCRIPTION
                 10-957-Olsztyn, POLAND                     DESCRIPTION
                 e-mail:  kand@uwm.edu.pl                   DESCRIPTION
                                                            DESCRIPTION         
  2021     3     8     0     0     0                        EPOCH OF FIRST MAP  
  2021     3     9     0     0     0                        EPOCH OF LAST MAP   
  7200                                                      INTERVAL            
    13                                                      # OF MAPS IN FILE   
  COSZ                                                      MAPPING FUNCTION    
     0.0                                                    ELEVATION CUTOFF    
combined TEC calculated as weighted mean of input TEC valuesOBSERVABLES USED    
   376                                                      # OF STATIONS       
    32                                                      # OF SATELLITES     
  6371.0                                                    BASE RADIUS         
     2                                                      MAP DIMENSION       
   450.0 450.0   0.0                                        HGT1 / HGT2 / DHGT  
    87.5 -87.5  -2.5                                        LAT1 / LAT2 / DLAT  
  -180.0 180.0   5.0                                        LON1 / LON2 / DLON  
    -1                                                      EXPONENT            
TEC values in 0.1 tec units;  9999, if no value available   COMMENT             
DCB values in nanoseconds, reference is Sum_of_SatDCBs = 0  COMMENT             
                                                            END OF HEADER       
[from data line 3003]
     8                                                      START OF TEC MAP    
  2021     3     8    14     0     0                        EPOCH OF CURRENT MAP
    87.5-180.0 180.0   5.0 450.0                            LAT/LON1/LON2/DLON/H
   51   51   51   52   52   53   53   54   54   54   55   55   56   56   56   56
   57   57   56   57   57   57   57   57   57   57   57   57   57   57   57   57
   56   56   56   56   56   56   55   55   54   54   54   54   53   52   52   51
   51   50   49   49   48   49   48   48   48   47   48   48   48   48   48   48
   48   48   49   49   49   49   49   50   51
    85.0-180.0 180.0   5.0 450.0                            LAT/LON1/LON2/DLON/H
   48   48   49   50   52   53   53   55   56   56   57   58   58   59   59   59
   59   60   59   59   59   59   59   60   60   59   60   59   59   59   59   59
   59   59   59   59   59   58   57   57   56   55   54   54   52   51   50   49
   48   48   47   46   45   45   44   44   43   43   43   42   42   42   42   42
   42   43   43   43   44   45   46   46   48
    82.5-180.0 180.0   5.0 450.0                            LAT/LON1/LON2/DLON/H
   43   45   46   48   50   51   54   55   56   57   58   59   60   60   61   61
   61   61   61   60   60   60   59   59   59   59   59   60   60   60   60   60
   60   60   60   60   59   58   58   57   56   55   54   53   51   50   49   47
   46   44   43   43   42   41   41   40   39   39   38   38   37   37   37   37
   36   37   37   38   39   40   41   42   43
    80.0-180.0 180.0   5.0 450.0                            LAT/LON1/LON2/DLON/H
   38   40   42   45   46   49   50   52   54   55   56   57   57   58   58   59
   59   59   59   59   59   59   58   58   58   59   59   59   60   60   60   61
   61   61   61   61   60   60   59   58   56   55   54   52   51   49   47   45
   44   42   41   40   39   39   38   37   37   36   35   35   34   33   32   32
   32   32   32   33   33   34   35   36   38
    77.5-180.0 180.0   5.0 450.0                            LAT/LON1/LON2/DLON/H
   33   35   37   39   41   44   46   48   50   50   52   52   53   53   54   55
   56   57   57   57   57   57   57   58   59   58   59   59   60   61   61   62
   62   62   62   62   62   61   60   59   58   57   55   53   51   50   48   46
   44   42   40   39   38   37   36   36   35   34   33   33   32   31   30   29
   29   28   28   28   29   29   30   31   33
    75.0-180.0 180.0   5.0 450.0                            LAT/LON1/LON2/DLON/H
   27   29   31   33   35   38   40   41   43   44   45   47   48   49   50   52
   52   53   53   55   56   57   57   57   58   59   60   60   61   62   63   64
   64   65   65   65   65   64   64   62   60   58   57   55   54   51   50   48
   46   44   42   41   39   38   37   36   35   34   33   32   31   30   29   28
   27   25   25   24   24   24   24   25   27
    72.5-180.0 180.0   5.0 450.0                            LAT/LON1/LON2/DLON/H
   22   24   26   29   31   32   34   35   36   38   39   41   42   44   46   47
   48   50   52   53   55   56   57   58   59   60   62   63   63   64   65   66
   67   67   68   68   68   67   67   66   64   62   60   58   57   55   53   52
   49   47   46   44   42   40   39   37   35   34   33   31   30   29   28   26
   25   23   22   20   19   19   20   20   22
    70.0-180.0 180.0   5.0 450.0                            LAT/LON1/LON2/DLON/H
   19   20   22   24   26   27   28   29   31   32   33   35   37   39   41   44
   46   48   51   53   56   57   58   60   62   63   64   66   67   67   68   69
   69   70   70   71   71   71   70   69   68   66   64   62   61   59   58   56
   54   51   49   47   44   41   39   37   35   33   32   31   30   28   27   26
   24   22   20   17   16   16   16   17   19
    67.5-180.0 180.0   5.0 450.0                            LAT/LON1/LON2/DLON/H
   17   18   20   22   23   24   24   24   25   26   28   30   32   35   38   41
   44   47   51   54   56   59   61   64   66   67   68   69   70   70   71   71
   71   72   73   73   73   73   73   72   71   69   68   66   65   63   62   59
   58   55   53   48   45   40   38   35   32   31   30   29   28   27   26   25
   23   21   19   17   15   14   15   15   17
    65.0-180.0 180.0   5.0 450.0                            LAT/LON1/LON2/DLON/H
   16   18   19   20   21   21   21   21   21   22   23   25   28   31   35   39
   42   47   52   56   58   61   64   67   69   71   72   73   73   74   74   73
   73   73   74   75   75   75   75   74   73   72   70   70   68   67   65   62
   60   57   53   49   44   39   35   31   29   27   26   27   26   26   25   24
   23   21   19   17   16   15   15   15   16
    62.5-180.0 180.0   5.0 450.0                            LAT/LON1/LON2/DLON/H
   18   19   20   21   22   21   20   19   18   19   19   22   25   29   33   38
   42   48   53   57   60   64   67   70   72   74   75   75   76   77   76   76
   76   75   76   76   76   76   76   76   75   74   74   73   72   69   67   64
   61   57   53   48   42   36   32   28   26   24   24   23   24   25   25   24
   24   22   21   20   18   17   18   18   18
    60.0-180.0 180.0   5.0 450.0                            LAT/LON1/LON2/DLON/H
   23   23   24   24   24   23   22   20   18   18   18   20   23   28   33   38
   43   49   53   58   61   65   69   71   74   76   77   79   79   79   80   79
   78   78   78   78   78   78   78   78   78   78   77   76   75   72   69   66
   61   57   53   47   41   36   32   28   25   24   23   24   25   26   26   26
   26   25   25   23   22   22   22   22   23
    57.5-180.0 180.0   5.0 450.0                            LAT/LON1/LON2/DLON/H
   29   29   29   29   28   27   25   23   20   19   19   20   24   28   33   39
   44   50   55   59   62   66   69   73   76   78   80   82   82   83   84   83
   82   81   80   81   81   80   80   80   81   81   81   81   79   76   73   68
   64   59   54   49   44   39   34   31   28   27   27   28   29   31   31   31
   30   29   29   28   28   28   29   29   29
    55.0-180.0 180.0   5.0 450.0                            LAT/LON1/LON2/DLON/H
   36   36   35   34   34   32   30   28   25   23   22   23   25   30   35   41
   46   52   56   60   63   67   70   74   77   80   83   85   87   88   89   88
   87   85   85   85   84   83   83   83   84   86   87   87   85   82   78   73
   68   63   58   53   49   45   42   39   37   36   36   37   37   38   37   36
   36   36   35   35   36   35   36   36   36
    52.5-180.0 180.0   5.0 450.0                            LAT/LON1/LON2/DLON/H
   43   43   42   42   41   40   38   35   32   29   28   28   29   33   38   44
   50   55   59   62   65   69   72   76   80   83   86   89   92   93   94   93
   92   91   89   89   87   87   87   88   89   91   93   94   92   90   85   80
   75   69   64   60   56   54   51   49   48   47   47   47   47   47   46   44
   43   42   42   42   43   44   44   44   43
    50.0-180.0 180.0   5.0 450.0                            LAT/LON1/LON2/DLON/H
   50   50   49   49   49   48   47   44   42   39   35   34   36   38   43   50
   55   60   63   66   69   72   75   79   83   88   91   94   97  100  100   99
   98   96   95   94   92   92   92   94   95   98  101  101  101   98   93   89
   83   76   71   68   64   62   61   60   59   58   58   58   57   55   54   52
   51   49   48   48   50   51   51   51   50
    47.5-180.0 180.0   5.0 450.0                            LAT/LON1/LON2/DLON/H
   56   56   56   56   57   57   56   55   52   49   46   44   45   47   51   56
   62   67   70   73   74   77   79   83   88   93   97  100  103  105  105  103
  103  102  101  100   99   99  100  101  103  105  108  109  109  106  102   96
   90   85   79   75   72   70   69   67   66   66   66   65   64   62   61   59
   57   56   54   54   55   55   56   57   56
    45.0-180.0 180.0   5.0 450.0                            LAT/LON1/LON2/DLON/H
   62   61   61   62   63   64   65   64   63   61   57   55   54   56   60   65
   71   75   79   81   82   83   85   90   94   99  103  106  108  110  110  108
  107  107  107  107  107  108  108  109  110  112  114  115  115  113  109  104
   99   93   87   82   79   76   73   71   70   68   67   67   67   67   65   64
   62   60   59   59   59   59   60   62   62
    42.5-180.0 180.0   5.0 450.0                            LAT/LON1/LON2/DLON/H
   66   65   66   66   67   70   72   73   72   71   69   66   65   66   69   75
   80   85   88   90   90   91   93   96  101  106  109  111  113  113  113  112
  111  112  113  114  116  117  118  118  118  118  119  121  120  119  117  112
  107  101   93   87   82   78   73   70   67   65   64   64   64   65   66   66
   65   64   63   62   62   62   64   66   66
    40.0-180.0 180.0   5.0 450.0                            LAT/LON1/LON2/DLON/H
   68   68   68   68   70   74   77   79   81   80   78   75   75   76   80   84
   90   95   99  100   99   98  100  103  107  111  114  116  116  116  116  115
  115  116  119  122  126  128  128  128  126  126  126  125  125  125  123  119
  114  107   98   89   81   76   70   65   62   60   59   59   59   61   63   65
   66   66   65   64   64   64   66   67   68
    37.5-180.0 180.0   5.0 450.0                            LAT/LON1/LON2/DLON/H
   68   68   68   69   71   75   79   83   86   86   84   83   83   85   89   94
  100  106  109  110  107  105  106  108  112  115  118  119  119  119  118  118
  119  123  127  133  138  140  140  139  136  134  133  132  131  129  128  125
  120  112  102   91   82   75   68   62   57   56   56   56   56   57   61   64
   66   67   67   66   64   64   65   67   68
    35.0-180.0 180.0   5.0 450.0                            LAT/LON1/LON2/DLON/H
   66   67   67   67   69   73   78   83   87   88   88   87   89   92   98  104
  111  116  118  117  114  112  111  113  115  118  121  121  121  121  122  123
  126  131  137  144  150  154  154  151  148  144  140  138  136  135  134  131
  126  118  107   97   87   79   72   66   61   59   58   57   57   58   60   64
   67   67   67   65   64   63   64   65   66
    32.5-180.0 180.0   5.0 450.0                            LAT/LON1/LON2/DLON/H
   63   64   63   64   66   70   75   81   85   88   88   89   92   97  104  112
  119  124  126  124  120  117  116  117  119  122  123  124  124  125  127  130
  135  142  150  159  167  170  170  167  162  155  150  147  143  141  141  139
  135  127  118  110  101   94   87   82   79   76   72   68   65   64   65   67
   69   69   68   66   63   61   62   62   63
    30.0-180.0 180.0   5.0 450.0                            LAT/LON1/LON2/DLON/H
   60   61   61   60   61   65   71   76   80   83   84   86   91   98  109  119
  126  130  131  129  124  121  120  121  123  125  126  127  129  131  136  142
  149  158  168  177  185  188  188  183  176  170  162  157  153  151  151  151
  149  144  139  134  128  121  115  110  107  104   98   91   83   79   76   76
   74   72   70   67   64   61   59   60   60
    27.5-180.0 180.0   5.0 450.0                            LAT/LON1/LON2/DLON/H
   59   59   58   57   58   60   66   71   75   77   78   82   88   98  110  121
  130  135  135  132  128  125  125  127  128  130  131  133  136  141  148  157
  167  178  188  198  204  207  205  199  192  185  178  172  168  166  167  169
  170  170  169  168  165  157  151  147  144  139  131  121  109   99   93   89
   83   79   75   70   66   61   59   58   59
    25.0-180.0 180.0   5.0 450.0                            LAT/LON1/LON2/DLON/H
   59   58   57   56   55   57   62   66   69   70   72   76   83   94  108  121
  131  136  136  134  131  130  130  132  134  136  138  142  147  155  165  176
  188  200  211  219  223  224  220  213  209  205  199  193  190  188  190  193
  197  201  204  207  207  198  192  188  183  176  166  152  137  123  112  104
   96   88   82   75   69   63   60   59   59
    22.5-180.0 180.0   5.0 450.0                            LAT/LON1/LON2/DLON/H
   60   59   58   57   55   56   59   63   65   65   65   69   77   90  105  120
  130  136  137  136  134  134  136  138  140  142  147  153  162  172  184  196
  210  222  232  238  241  239  235  231  228  226  222  219  217  217  219  225
  229  235  243  245  245  236  230  222  213  206  194  178  163  146  133  122
  111  100   92   81   73   67   63   61   60
    20.0-180.0 180.0   5.0 450.0                            LAT/LON1/LON2/DLON/H
   63   62   61   58   56   56   58   61   63   62   60   62   71   85  101  117
  129  136  138  138  137  139  141  144  146  151  157  166  177  190  203  217
  230  242  250  255  255  252  249  249  250  251  250  247  248  249  255  260
  263  266  274  278  275  262  251  237  225  217  206  192  179  163  149  137
  126  111  102   87   78   72   68   65   63
    17.5-180.0 180.0   5.0 450.0                            LAT/LON1/LON2/DLON/H
   67   64   62   60   57   57   58   61   61   60   57   58   65   81   98  113
  126  134  138  139  140  143  146  148  152  158  167  179  194  207  221  234
  247  258  265  267  267  264  265  267  273  275  278  276  279  281  287  288
  289  292  296  296  288  269  250  230  217  210  201  192  181  171  157  146
  136  121  110   93   85   79   74   69   67
    15.0-180.0 180.0   5.0 450.0                            LAT/LON1/LON2/DLON/H
   71   68   65   62   58   57   58   60   61   59   56   57   64   78   95  111
  124  132  138  141  143  146  149  151  156  165  178  193  209  223  236  248
  259  270  275  277  277  277  283  290  295  298  303  304  306  305  306  306
  305  307  305  295  279  258  232  209  198  193  186  178  172  165  158  149
  140  126  115   99   93   87   81   75   71
    12.5-180.0 180.0   5.0 450.0                            LAT/LON1/LON2/DLON/H
   76   71   67   63   59   57   57   58   60   59   57   57   64   77   93  110
  123  133  139  143  146  150  153  156  162  173  188  205  221  236  247  257
  267  276  282  284  286  290  301  312  315  319  325  326  324  321  317  314
  312  310  300  281  259  236  209  185  173  169  164  158  156  155  154  149
  141  128  118  104  100   96   90   82   76
    10.0-180.0 180.0   5.0 450.0                            LAT/LON1/LON2/DLON/H
   80   74   69   64   60   57   55   56   57   57   57   58   65   78   94  110
  125  136  143  148  152  156  158  162  169  181  198  215  232  244  254  261
  269  277  284  288  291  301  314  326  332  335  341  341  337  331  325  320
  314  306  291  266  240  212  183  160  148  143  142  143  143  144  146  145
  139  128  119  108  105  102   96   88   80
     7.5-180.0 180.0   5.0 450.0                            LAT/LON1/LON2/DLON/H
   83   75   69   64   59   56   54   54   55   56   56   59   66   79   96  113
  129  142  149  154  158  163  166  170  177  189  206  224  240  251  258  264
  270  277  283  289  297  309  321  334  342  346  350  350  345  337  330  324
  314  301  281  255  226  194  164  141  129  127  131  137  138  136  137  138
  136  127  119  110  108  104  100   92   83
     5.0-180.0 180.0   5.0 450.0                            LAT/LON1/LON2/DLON/H
   85   76   69   63   58   54   52   52   53   53   55   59   67   81   99  117
  134  147  157  163  168  172  176  179  185  197  215  232  247  256  263  267
  273  279  285  293  302  314  328  342  351  356  358  355  349  341  333  324
  311  295  274  247  217  186  156  134  126  127  135  143  141  135  132  134
  133  125  118  111  108  105  102   94   85
     2.5-180.0 180.0   5.0 450.0                            LAT/LON1/LON2/DLON/H
   85   76   68   62   56   52   50   51   51   51   53   58   67   82  102  122
  140  155  166  173  179  184  189  191  195  206  222  239  253  262  268  273
  277  283  290  297  307  320  335  349  358  364  364  359  351  342  332  320
  305  287  266  241  213  186  160  143  139  144  153  157  152  141  133  132
  132  127  120  111  108  105  101   95   85
