ionex_files/bejaia/igsg0890.21i
     1.0            IONOSPHERE MAPS     MIX                 IONEX VERSION / TYPE
cmpcmb v1.2          GRL/UWM            15-apr-21 05:46     PGM / RUN BY / DATE 
ionex file containing IGS COMBINED Ionosphere maps          COMMENT             
global ionosphere maps for day 089, 2021                    DESCRIPTION         
IONEX file containing the COMBINED IGS TEC MAPS and DCBs    DESCRIPTION         
      IONEX files of the following IAACs were combined: cod DESCRIPTION         
                                                        esa DESCRIPTION         
                                                        jpl DESCRIPTION         
                                                        upc DESCRIPTION         
Contact address: Andrzej Krankowski                         DESCRIPTION
                 Geodynamics Research Laboratory            DESCRIPTION
                 University of Warmia and Mazury (GRL/UWM)  DESCRIPTION
                 Oczapowski St. 1                           DESCRIPTION
                 10-957-Olsztyn, POLAND                     DESCRIPTION
                 e-mail:  kand@uwm.edu.pl                   DESCRIPTION
                                                            DESCRIPTION         
  2021     3    30     0     0     0                        EPOCH OF FIRST MAP  
  2021     3    31     0     0     0                        EPOCH OF LAST MAP   
  7200                                                      INTERVAL            
    13                                                      # OF MAPS IN FILE   
  COSZ                                                      MAPPING FUNCTION    
     0.0                                                    ELEVATION CUTOFF    
combined TEC calculated as weighted mean of input TEC valuesOBSERVABLES USED    
   376                                                      # OF STATIONS       
    32                                                      # OF SATELLITES     
  6371.0                                                    BASE RADIUS         
     2                                                      MAP DIMENSION       
   450.0 450.0   0.0                                        HGT1 / HGT2 / DHGT  
    87.5 -87.5  -2.5                                        LAT1 / LAT2 / DLAT  
  -180.0 180.0   5.0                                        LON1 / LON2 / DLON  
    -1                                                      EXPONENT            
TEC values in 0.1 tec units;  9999, if no value available   COMMENT             
DCB values in nanoseconds, reference is Sum_of_SatDCBs = 0  COMMENT             
                                                            END OF HEADER       
[from data line 2145]
     6                                                      START OF TEC MAP    
  2021     3    30    10     0     0                        EPOCH OF CURRENT MAP
    87.5-180.0 180.0   5.0 450.0                            LAT/LON1/LON2/DLON/H
   66   66   66   66   66   66   66   66   66   66   66   66   66   66   66   66
   66   66   66   66   66   66   66   66   66   66   66   66   66   66   67   67
   67   67   67   68   68   67   68   68   68   68   68   68   67   68   67   67
   67   67   67   67   67   67   67   67   67   67   67   67   66   66   66   66
   66   66   66   66   66   66   66   66   66
    85.0-180.0 180.0   5.0 450.0                            LAT/LON1/LON2/DLON/H
   64   65   65   66   65   65   65   65   65   64   64   64   63   63   63   62
   62   61   61   62   62   62   62   62   62   63   63   64   64   65   66   66
   67   68   69   69   70   69   70   70   71   70   70   70   70   69   69   69
   68   68   67   67   66   66   66   66   65   65   65   64   64   64   64   63
   63   62   62   63   63   63   63   64   64
    82.5-180.0 180.0   5.0 450.0                            LAT/LON1/LON2/DLON/H
   62   62   63   63   63   63   63   62   61   61   60   60   59   58   57   56
   56   55   55   55   55   55   56   57   58   59   60   61   63   64   65   66
   68   69   70   71   72   73   74   73   74   73   74   73   73   73   72   72
   71   70   69   68   68   67   66   66   65   64   63   62   61   61   60   60
   59   59   59   59   60   60   61   61   62
    80.0-180.0 180.0   5.0 450.0                            LAT/LON1/LON2/DLON/H
   57   58   57   58   58   59   58   58   58   57   56   55   54   53   52   50
   50   49   49   48   48   49   51   53   54   56   58   59   61   63   64   66
   68   69   71   72   74   75   76   76   77   77   77   76   76   76   76   75
   75   74   73   72   71   71   70   68   67   65   64   63   61   60   58   57
   56   56   56   56   56   56   57   57   57
    77.5-180.0 180.0   5.0 450.0                            LAT/LON1/LON2/DLON/H
   51   51   52   53   53   54   54   53   54   53   52   50   49   47   45   43
   43   43   43   42   42   43   45   48   50   52   55   57   59   62   65   66
   68   70   72   74   76   77   78   79   79   79   79   80   80   80   80   80
   79   79   79   78   77   76   75   73   72   70   69   67   65   63   61   59
   57   56   54   53   53   52   52   51   51
    75.0-180.0 180.0   5.0 450.0                            LAT/LON1/LON2/DLON/H
   46   46   46   47   47   47   47   48   48   47   46   44   42   41   39   37
   36   37   38   38   39   41   43   46   49   51   54   56   59   61   64   67
   69   71   74   76   77   79   80   81   81   82   82   82   83   83   83   84
   84   85   85   85   84   84   82   81   79   77   75   73   71   68   65   62
   60   57   55   53   51   49   48   47   46
    72.5-180.0 180.0   5.0 450.0                            LAT/LON1/LON2/DLON/H
   41   40   40   39   40   41   40   41   41   40   40   39   37   34   34   33
   33   34   35   36   38   41   43   46   49   52   54   57   59   61   64   67
   69   72   74   77   79   81   82   82   83   83   83   84   85   86   87   88
   89   90   91   92   91   91   90   89   87   85   83   80   77   74   71   68
   64   60   57   53   51   48   45   43   41
    70.0-180.0 180.0   5.0 450.0                            LAT/LON1/LON2/DLON/H
   38   36   35   34   33   33   33   34   35   35   35   33   32   31   30   30
   31   32   34   35   39   42   45   48   51   54   56   58   60   62   65   67
   69   72   75   78   80   82   83   84   83   83   84   85   87   88   90   93
   94   95   97   97   97   97   96   95   93   91   89   86   83   80   76   72
   68   64   59   55   51   48   44   40   38
    67.5-180.0 180.0   5.0 450.0                            LAT/LON1/LON2/DLON/H
   36   34   32   30   29   28   28   29   29   30   30   30   29   28   29   30
   30   32   33   36   39   42   46   49   52   55   57   60   61   63   65   66
   69   72   75   78   81   83   84   84   85   85   85   86   88   90   93   95
   97   99  100  101  101  101  100   98   97   95   92   90   86   83   79   75
   71   66   61   56   52   48   43   40   36
    65.0-180.0 180.0   5.0 450.0                            LAT/LON1/LON2/DLON/H
   37   34   31   29   27   26   26   26   25   26   27   27   27   27   28   28
   29   30   31   35   37   40   44   48   52   55   58   60   62   63   64   66
   69   72   75   79   82   85   86   86   86   87   86   87   89   92   95   97
   99  101  102  102  102  102  101   99   97   95   92   91   88   85   80   77
   72   68   63   57   53   49   44   41   37
    62.5-180.0 180.0   5.0 450.0                            LAT/LON1/LON2/DLON/H
   41   37   35   31   29   27   26   25   24   24   24   25   26   27   27   27
   27   27   28   31   34   38   41   45   50   54   57   59   61   63   65   67
   70   73   76   81   85   87   88   89   89   89   90   91   92   94   97   99
  101  102  103  103  102  101  100   98   95   93   92   90   88   85   81   78
   73   69   64   59   55   51   47   44   41
    60.0-180.0 180.0   5.0 450.0                            LAT/LON1/LON2/DLON/H
   46   42   39   36   33   30   29   27   26   24   24   24   24   26   25   24
   24   24   24   26   29   33   37   42   46   52   55   59   62   63   65   68
   71   75   79   84   88   91   93   94   94   94   95   96   97  100  102  103
  104  104  104  103  102  101   99   97   95   93   90   89   88   85   82   79
   75   70   66   61   58   55   51   49   46
    57.5-180.0 180.0   5.0 450.0                            LAT/LON1/LON2/DLON/H
   53   50   46   43   39   36   34   31   29   27   26   25   24   24   22   22
   21   20   19   21   23   27   32   38   43   49   54   59   62   65   67   70
   74   78   83   88   92   95   98   99   99  100  101  103  105  107  108  109
  109  108  107  106  104  102  101   99   97   95   93   91   90   87   84   81
   77   73   68   65   61   60   57   55   53
    55.0-180.0 180.0   5.0 450.0                            LAT/LON1/LON2/DLON/H
   61   58   54   50   46   42   40   36   33   31   29   27   26   24   21   20
   18   16   16   17   19   23   29   36   41   48   54   60   64   67   70   73
   78   82   88   93   97  101  103  105  107  108  110  111  114  116  116  117
  116  114  113  111  109  108  107  105  103  101   99   97   94   92   88   84
   81   77   74   70   68   66   64   63   61
    52.5-180.0 180.0   5.0 450.0                            LAT/LON1/LON2/DLON/H
   69   66   61   57   53   49   47   42   39   36   34   32   29   26   23   20
   18   16   16   16   19   23   29   35   41   49   56   62   67   71   74   78
   83   88   93   98  102  106  110  112  114  117  119  122  124  126  126  126
  125  123  120  119  117  116  115  114  112  110  107  104  102   97   94   89
   85   81   79   77   75   73   72   70   69
    50.0-180.0 180.0   5.0 450.0                            LAT/LON1/LON2/DLON/H
   74   72   68   63   60   56   54   49   45   42   39   37   35   31   27   24
   20   19   19   20   22   26   32   38   44   52   60   66   71   76   79   83
   88   93   98  103  107  112  115  119  121  125  128  132  134  136  136  135
  133  131  128  127  126  125  124  123  121  119  116  112  108  103   98   93
   89   85   83   82   80   79   78   76   74
    47.5-180.0 180.0   5.0 450.0                            LAT/LON1/LON2/DLON/H
   78   75   72   69   65   62   60   56   53   50   47   44   42   38   34   30
   27   25   25   27   29   33   38   44   51   58   65   71   76   81   84   88
   93   98  103  108  112  117  121  126  130  134  137  140  144  145  145  144
  141  138  136  135  134  133  132  131  130  128  125  121  115  108  102   97
   92   88   86   84   82   82   82   81   78
    45.0-180.0 180.0   5.0 450.0                            LAT/LON1/LON2/DLON/H
   79   76   74   71   69   66   64   62   59   56   54   53   51   48   43   39
   36   34   34   36   39   42   46   51   58   65   71   76   80   84   88   92
   97  102  108  113  117  122  127  133  137  142  146  148  152  154  153  152
  149  146  144  143  141  139  139  137  135  133  131  126  120  113  107  101
   95   90   87   85   83   82   83   82   79
    42.5-180.0 180.0   5.0 450.0                            LAT/LON1/LON2/DLON/H
   79   76   74   72   71   70   69   66   64   62   61   61   60   57   54   49
   46   44   45   46   48   51   54   59   64   70   75   79   83   86   89   94
  100  106  111  117  122  127  134  141  147  151  155  158  161  163  163  162
  159  155  152  149  147  144  142  139  136  134  132  128  122  116  109  103
   98   92   87   83   82   81   81   81   79
    40.0-180.0 180.0   5.0 450.0                            LAT/LON1/LON2/DLON/H
   78   74   72   72   72   72   72   69   68   66   66   67   68   67   63   59
   56   55   55   56   57   58   59   63   68   74   78   82   85   87   90   95
  101  107  115  120  127  134  142  150  157  163  166  170  174  176  176  176
  171  165  159  155  150  146  143  140  138  135  132  128  123  117  111  105
   99   94   87   82   79   79   78   79   78
    37.5-180.0 180.0   5.0 450.0                            LAT/LON1/LON2/DLON/H
   75   72   70   70   72   73   74   71   70   69   70   73   74   74   72   68
   65   64   64   63   64   63   62   64   70   76   80   84   86   88   91   95
  101  108  116  123  131  139  149  160  170  178  183  189  194  197  197  193
  185  178  170  162  155  149  145  142  141  138  134  130  126  120  114  107
  101   95   88   81   77   76   75   75   75
    35.0-180.0 180.0   5.0 450.0                            LAT/LON1/LON2/DLON/H
   72   70   67   68   70   72   73   71   71   70   72   76   79   80   78   75
   72   70   69   68   67   65   63   64   69   76   80   84   86   88   91   96
  102  109  117  126  135  146  158  173  187  199  207  214  220  222  222  215
  206  197  186  176  165  157  152  149  147  144  141  137  132  127  121  115
  107   99   91   82   77   74   73   72   72
    32.5-180.0 180.0   5.0 450.0                            LAT/LON1/LON2/DLON/H
   70   68   65   65   66   68   69   69   70   70   73   77   81   83   82   80
   77   74   72   70   68   64   61   62   67   74   80   84   87   89   92   96
  102  111  119  129  140  154  170  188  207  224  237  249  254  254  252  244
  234  221  208  195  183  176  170  167  163  159  154  150  146  141  135  128
  120  110   98   88   80   75   73   71   70
    30.0-180.0 180.0   5.0 450.0                            LAT/LON1/LON2/DLON/H
   71   68   66   65   65   66   67   67   68   69   71   76   81   84   84   82
   79   75   73   71   67   63   59   59   65   72   79   84   88   91   94   99
  104  113  123  134  147  164  183  206  230  248  267  284  290  290  288  281
  269  254  241  226  212  204  198  195  190  182  176  171  167  162  155  149
  139  127  112   98   88   81   77   74   71
    27.5-180.0 180.0   5.0 450.0                            LAT/LON1/LON2/DLON/H
   75   72   69   66   64   65   65   66   66   67   69   74   78   82   83   81
   79   75   73   70   65   61   59   58   63   71   79   84   89   94   98  103
  109  117  128  141  156  175  197  223  250  274  298  317  326  329  327  318
  305  292  278  261  246  239  233  230  223  213  204  199  194  188  182  175
  163  149  131  115  102   92   86   80   75
    25.0-180.0 180.0   5.0 450.0                            LAT/LON1/LON2/DLON/H
   84   78   73   69   66   64   65   65   65   66   68   71   75   79   80   80
   77   74   72   69   65   61   58   58   63   71   79   86   91   97  102  108
  115  124  135  150  168  189  214  242  271  296  321  343  358  369  366  352
  338  325  311  295  282  278  271  270  259  246  236  230  223  218  213  207
  191  174  155  136  120  108   99   91   84
    22.5-180.0 180.0   5.0 450.0                            LAT/LON1/LON2/DLON/H
   94   86   80   73   68   65   65   65   65   67   68   69   72   77   78   77
   75   73   71   69   66   62   59   59   64   71   79   87   94  101  108  115
  124  133  146  162  183  205  231  260  286  311  338  362  379  395  394  380
  363  351  338  328  318  314  310  308  296  280  268  259  251  247  243  238
  221  201  179  159  141  126  113  103   94
    20.0-180.0 180.0   5.0 450.0                            LAT/LON1/LON2/DLON/H
  106   96   88   80   72   68   68   68   68   69   69   68   70   74   75   74
   73   72   71   70   67   63   60   61   66   73   80   88   96  105  114  124
  134  145  158  176  198  222  247  272  295  318  347  370  389  404  405  394
  381  371  360  355  349  343  340  336  323  307  295  285  276  271  267  259
  245  224  202  181  161  145  130  117  106
    17.5-180.0 180.0   5.0 450.0                            LAT/LON1/LON2/DLON/H
  120  109   99   90   81   74   72   73   74   73   72   70   70   71   72   70
   70   71   71   70   67   63   61   61   67   75   81   90   98  109  120  132
  144  156  172  190  210  233  256  277  298  320  344  366  386  401  403  398
  390  385  375  370  362  357  355  349  338  325  314  304  294  287  280  272
  256  236  218  199  179  162  147  133  120
    15.0-180.0 180.0   5.0 450.0                            LAT/LON1/LON2/DLON/H
  135  125  114  104   93   84   81   80   81   79   76   73   70   70   69   68
   68   69   71   70   67   62   60   61   68   75   83   91  101  112  126  140
  154  168  183  201  222  244  262  280  297  316  336  356  375  388  391  390
  389  386  374  369  362  359  355  349  340  331  323  313  303  294  285  274
  260  242  226  208  192  176  161  147  135
    12.5-180.0 180.0   5.0 450.0                            LAT/LON1/LON2/DLON/H
  149  140  131  120  108   97   92   89   89   87   83   78   72   69   68   67
   68   69   70   69   66   61   59   60   67   76   85   93  104  117  131  146
  162  176  193  210  230  249  265  278  293  309  325  344  360  370  374  375
  375  374  363  362  358  355  351  345  337  329  324  316  307  295  284  271
  257  242  226  213  198  185  171  159  149
    10.0-180.0 180.0   5.0 450.0                            LAT/LON1/LON2/DLON/H
  159  153  147  137  125  113  106  100   99   95   90   83   76   71   69   68
   68   69   70   68   64   60   57   59   67   77   87   97  108  121  136  151
  168  183  199  216  234  251  263  274  286  300  316  332  345  352  355  360
  362  362  359  358  357  353  348  342  335  329  325  318  308  296  282  268
  254  240  226  213  200  188  176  167  159
     7.5-180.0 180.0   5.0 450.0                            LAT/LON1/LON2/DLON/H
  165  162  158  150  140  128  121  113  110  104   98   90   81   75   71   69
   69   70   70   67   63   57   54   57   66   78   89  100  112  125  140  155
  171  186  202  218  234  248  259  269  280  293  308  323  334  341  347  353
  359  364  367  368  365  359  350  343  337  334  330  323  312  297  282  267
  254  240  226  213  200  188  178  170  165
     5.0-180.0 180.0   5.0 450.0                            LAT/LON1/LON2/DLON/H
  166  165  164  158  150  140  132  125  120  114  106   96   86   79   75   72
   71   71   70   66   61   55   52   55   65   78   91  104  116  129  142  157
  172  187  202  217  231  243  253  263  275  289  304  318  332  343  352  362
  373  380  386  387  382  372  359  349  344  343  340  331  316  300  285  270
  256  242  228  214  200  187  176  169  166
     2.5-180.0 180.0   5.0 450.0                            LAT/LON1/LON2/DLON/H
  162  162  163  161  155  148  141  134  128  121  111  101   91   83   79   76
   73   72   70   66   60   54   51   54   64   78   94  108  120  132  143  157
  170  185  198  211  224  235  246  258  271  287  305  322  337  354  369  382
  393  402  408  410  402  387  370  358  353  353  349  338  321  303  287  273
  260  246  231  215  200  185  172  164  162
