ionex_files/bejaia/igsg0900.21i
     1.0            IONOSPHERE MAPS     MIX                 IONEX VERSION / TYPE
cmpcmb v1.2          GRL/UWM            15-apr-21 05:52     PGM / RUN BY / DATE 
ionex file containing IGS COMBINED Ionosphere maps          COMMENT             
global ionosphere maps for day 090, 2021                    DESCRIPTION         
IONEX file containing the COMBINED IGS TEC MAPS and DCBs    DESCRIPTION         
      IONEX files of the following IAACs were combined: cod DESCRIPTION         
                                                        esa DESCRIPTION         
                                                        jpl DESCRIPTION         
                                                        upc DESCRIPTION         
Contact address: Andrzej Krankowski                         DESCRIPTION
                 Geodynamics Research Laboratory            DESCRIPTION
                 University of Warmia and Mazury (GRL/UWM)  DESCRIPTION
                 Oczapowski St. 1                           DESCRIPTION
                 10-957-Olsztyn, POLAND                     DESCRIPTION
                 e-mail:  kand@uwm.edu.pl                   DESCRIPTION
                                                            DESCRIPTION         
  2021     3    31     0     0     0                        EPOCH OF FIRST MAP  
  2021     4     1     0     0     0                        EPOCH OF LAST MAP   
  7200                                                      INTERVAL            
    13                                                      # OF MAPS IN FILE   
  COSZ                                                      MAPPING FUNCTION    
     0.0                                                    ELEVATION CUTOFF    
combined TEC calculated as weighted mean of input TEC valuesOBSERVABLES USED    
   378                                                      # OF STATIONS       
    32                                                      # OF SATELLITES     
  6371.0                                                    BASE RADIUS         
     2                                                      MAP DIMENSION       
   450.0 450.0   0.0                                        HGT1 / HGT2 / DHGT  
    87.5 -87.5  -2.5                                        LAT1 / LAT2 / DLAT  
  -180.0 180.0   5.0                                        LON1 / LON2 / DLON  
    -1                                                      EXPONENT            
TEC values in 0.1 tec units;  9999, if no value available   COMMENT             
DCB values in nanoseconds, reference is Sum_of_SatDCBs = 0  COMMENT             
                                                            END OF HEADER       
[from data line 1716]
     5                                                      START OF TEC MAP    
  2021     3    31     8     0     0                        EPOCH OF CURRENT MAP
    87.5-180.0 180.0   5.0 450.0                            LAT/LON1/LON2/DLON/H
   71   71   71   72   72   71   72   72   72   71   71   71   70   70   70   69
   68   68   68   67   67   66   66   66   65   65   64   64   63   63   63   63
   63   62   62   62   63   63   63   63   64   64   65   65   65   66   66   66
   67   67   68   68   68   69   69   69   70   70   70   70   69   69   69   69
   69   70   70   70   70   70   70   71   71
    85.0-180.0 180.0   5.0 450.0                            LAT/LON1/LON2/DLON/H
   71   72   72   73   74   74   74   74   74   74   74   73   73   72   71   70
   69   67   66   65   64   62   61   60   59   58   57   56   55   55   55   55
   56   57   57   58   59   60   61   62   63   64   65   66   66   67   68   69
   69   69   70   70   70   71   71   70   70   70   69   68   68   67   67   67
   67   68   68   68   69   70   70   71   71
    82.5-180.0 180.0   5.0 450.0                            LAT/LON1/LON2/DLON/H
   68   69   70   72   73   74   75   75   76   76   75   75   74   73   71   69
   67   64   62   60   59   56   54   53   51   50   49   48   48   48   48   49
   49   50   51   53   54   56   58   60   62   64   67   69   70   72   73   74
   75   74   74   74   74   74   74   73   72   70   69   68   66   65   64   64
   64   63   63   64   64   65   65   67   68
    80.0-180.0 180.0   5.0 450.0                            LAT/LON1/LON2/DLON/H
   62   64   66   68   70   72   74   75   76   77   77   75   74   71   68   65
   63   60   57   55   52   51   48   46   45   43   43   42   41   41   42   42
   44   45   47   50   53   56   60   64   67   70   73   75   78   80   82   82
   83   83   82   81   81   80   79   77   75   73   71   69   67   65   62   61
   59   58   58   57   57   58   59   60   62
    77.5-180.0 180.0   5.0 450.0                            LAT/LON1/LON2/DLON/H
   56   58   60   63   66   68   71   73   74   74   74   72   70   67   65   61
   57   54   50   47   45   44   42   40   40   39   39   38   38   38   38   40
   41   43   46   49   53   57   62   68   72   77   80   83   86   88   90   91
   91   90   90   89   89   87   86   84   82   79   76   74   71   67   64   61
   59   56   54   53   52   52   52   54   56
    75.0-180.0 180.0   5.0 450.0                            LAT/LON1/LON2/DLON/H
   49   51   54   57   60   62   65   67   70   70   69   68   65   62   58   53
   50   46   44   41   39   40   38   37   37   38   38   37   37   37   37   38
   40   43   46   50   55   61   67   72   78   83   88   92   94   95   96   97
   98   98   98   97   97   96   94   92   90   88   85   82   79   75   71   67
   62   58   55   52   50   48   47   48   49
    72.5-180.0 180.0   5.0 450.0                            LAT/LON1/LON2/DLON/H
   44   45   47   49   52   55   58   61   63   64   63   62   59   55   51   47
   44   40   37   35   36   35   35   35   37   37   38   38   38   38   39   40
   41   44   48   53   58   65   72   79   85   90   94   97   99  101  102  103
  104  104  104  104  104  104  103  102   99   98   95   93   89   86   81   77
   72   67   62   57   53   49   46   44   44
    70.0-180.0 180.0   5.0 450.0                            LAT/LON1/LON2/DLON/H
   44   43   43   44   46   49   52   54   56   57   57   55   53   49   46   43
   39   35   33   32   33   32   33   34   36   37   38   39   40   41   41   43
   44   47   51   56   62   69   76   83   89   95   99  100  103  104  105  106
  108  109  110  111  111  111  110  110  108  106  105  103  100   97   93   90
   85   79   73   67   60   55   50   46   44
    67.5-180.0 180.0   5.0 450.0                            LAT/LON1/LON2/DLON/H
   48   44   42   42   43   45   47   48   50   51   51   49   48   45   43   40
   36   33   31   31   31   31   32   34   36   37   39   40   41   42   44   46
   48   51   55   60   66   73   79   85   91   96  100  102  104  106  107  110
  112  113  116  117  117  117  117  116  115  113  112  110  108  106  104  100
   97   92   86   81   73   66   59   53   48
    65.0-180.0 180.0   5.0 450.0                            LAT/LON1/LON2/DLON/H
   55   51   46   44   43   43   43   45   45   45   46   45   44   43   41   39
   36   34   33   31   31   31   32   34   36   37   38   40   41   43   45   48
   51   54   58   62   68   74   80   86   92   97  100  102  105  107  109  112
  116  119  122  123  124  124  123  122  120  118  117  115  114  113  110  108
  105  102   98   93   85   79   70   63   55
    62.5-180.0 180.0   5.0 450.0                            LAT/LON1/LON2/DLON/H
   66   59   53   49   46   44   43   42   41   41   41   41   41   42   41   40
   38   37   35   33   32   31   31   33   35   36   37   39   41   44   46   49
   53   56   60   64   69   75   81   87   92   97  100  103  106  109  113  117
  122  126  130  131  131  130  128  126  124  122  121  119  118  116  114  112
  110  107  105  101   96   89   82   74   66
    60.0-180.0 180.0   5.0 450.0                            LAT/LON1/LON2/DLON/H
   76   69   63   57   52   48   45   42   40   39   38   39   39   40   41   42
   41   40   37   34   33   32   31   31   32   34   34   36   39   42   46   50
   53   57   61   66   70   76   82   88   94   98  102  105  109  114  118  125
  131  135  138  139  138  136  133  130  127  125  124  122  120  117  115  113
  111  109  108  106  103   98   91   85   76
    57.5-180.0 180.0   5.0 450.0                            LAT/LON1/LON2/DLON/H
   86   79   72   67   61   55   51   46   42   39   37   36   37   38   41   42
   42   41   38   35   34   32   29   28   30   30   30   32   36   40   45   50
   54   58   62   67   72   78   84   90   96  101  105  110  115  120  126  134
  140  145  148  148  146  142  138  134  131  128  127  125  123  119  116  113
  111  110  109  108  107  104   99   92   86
    55.0-180.0 180.0   5.0 450.0                            LAT/LON1/LON2/DLON/H
   94   87   81   76   70   64   58   52   47   42   38   36   36   37   39   40
   40   39   37   34   32   30   28   26   28   27   27   30   34   40   45   50
   55   60   65   70   75   80   87   94  100  106  112  118  123  129  136  143
  151  156  157  157  153  148  144  139  136  134  132  129  126  123  118  115
  111  110  110  110  110  108  104   99   94
    52.5-180.0 180.0   5.0 450.0                            LAT/LON1/LON2/DLON/H
  100   95   90   85   80   74   68   62   55   48   43   39   37   36   36   36
   37   37   34   32   29   29   27   25   27   27   27   30   35   41   46   52
   57   63   68   74   79   85   92   99  107  113  120  127  132  139  146  154
  162  166  166  164  160  155  149  145  142  140  138  136  132  128  123  118
  113  111  111  112  112  112  109  105  100
    50.0-180.0 180.0   5.0 450.0                            LAT/LON1/LON2/DLON/H
  105  101   96   92   88   83   77   70   64   57   50   45   41   37   36   35
   35   34   33   31   29   29   28   27   28   29   30   33   37   43   49   55
   61   67   73   78   85   91   99  107  115  123  130  137  143  150  156  163
  169  174  174  172  167  161  155  151  148  147  145  141  138  133  126  120
  116  113  113  114  116  115  113  109  105
    47.5-180.0 180.0   5.0 450.0                            LAT/LON1/LON2/DLON/H
  107  104  101   97   94   90   85   79   73   67   61   53   48   42   38   36
   35   35   34   33   32   33   32   32   33   35   36   39   43   48   53   58
   65   72   78   84   91   98  107  116  124  133  141  147  153  158  164  170
  175  179  180  179  175  169  164  160  157  155  153  148  144  138  131  126
  121  118  117  117  119  118  116  111  107
    45.0-180.0 180.0   5.0 450.0                            LAT/LON1/LON2/DLON/H
  108  104  101   99   96   94   90   86   81   77   71   64   57   49   44   41
   39   39   39   39   39   40   41   42   43   43   44   45   48   52   57   62
   69   77   84   91   98  106  115  126  134  143  150  156  161  166  170  175
  180  186  188  188  186  182  176  170  165  161  158  153  148  144  138  133
  130  126  125  124  124  122  118  113  108
    42.5-180.0 180.0   5.0 450.0                            LAT/LON1/LON2/DLON/H
  108  103   99   97   95   94   92   90   88   86   81   75   68   60   52   48
   46   46   46   47   48   49   50   52   52   52   51   51   53   56   61   66
   73   81   89   97  105  113  123  133  143  152  158  163  168  173  178  184
  192  199  203  206  205  202  194  183  173  166  160  155  149  146  142  140
  138  137  135  133  132  127  123  116  108
    40.0-180.0 180.0   5.0 450.0                            LAT/LON1/LON2/DLON/H
  108  101   96   93   93   91   90   90   91   91   89   85   79   71   63   57
   56   55   56   57   57   59   61   62   61   59   56   55   56   59   63   69
   76   85   94  102  110  119  129  139  150  159  166  171  176  183  190  198
  209  220  227  233  233  228  218  200  185  172  162  154  148  146  144  145
  146  146  146  144  141  134  128  118  108
    37.5-180.0 180.0   5.0 450.0                            LAT/LON1/LON2/DLON/H
  109   99   92   88   86   85   85   86   90   94   95   93   89   81   73   68
   66   66   66   66   66   68   69   69   67   63   60   57   57   61   65   71
   79   88   97  106  115  124  134  144  155  164  172  179  186  195  205  220
  233  247  259  269  273  263  247  226  204  186  169  156  149  146  147  150
  153  156  156  153  150  141  132  121  109
    35.0-180.0 180.0   5.0 450.0                            LAT/LON1/LON2/DLON/H
  109   97   89   84   79   77   78   80   86   93   98   99   97   90   83   78
   76   75   74   74   74   75   76   74   70   65   60   57   57   60   66   73
   82   91  100  109  118  127  137  148  159  170  178  187  199  213  228  245
  265  284  300  313  316  304  283  260  232  208  184  165  155  150  151  156
  161  164  165  162  158  147  135  122  109
    32.5-180.0 180.0   5.0 450.0                            LAT/LON1/LON2/DLON/H
  109   95   86   79   74   71   71   74   79   88   96  100  101   98   91   86
   83   82   81   80   79   79   78   76   70   64   59   56   56   59   66   75
   84   93  103  111  120  129  140  151  164  175  186  199  216  233  255  279
  303  327  347  358  360  345  325  300  272  241  210  184  167  158  157  162
  168  173  173  170  164  153  139  123  109
    30.0-180.0 180.0   5.0 450.0                            LAT/LON1/LON2/DLON/H
  109   96   86   77   71   68   67   68   72   82   91   98  101  100   95   91
   88   85   84   83   82   80   78   74   68   62   55   53   54   59   67   76
   87   96  105  114  122  132  142  155  169  183  197  216  235  259  287  318
  347  375  394  402  399  385  367  341  311  279  245  212  187  172  167  170
  175  179  180  177  169  158  143  126  109
    27.5-180.0 180.0   5.0 450.0                            LAT/LON1/LON2/DLON/H
  113   99   88   79   72   67   65   64   67   74   84   93   97   97   95   92
   89   87   85   84   82   79   76   72   66   59   54   52   53   59   68   79
   89   98  108  116  126  135  146  160  175  190  209  232  258  288  323  359
  390  420  432  436  431  417  401  378  352  320  284  246  214  194  184  182
  185  186  186  182  174  162  148  130  113
    25.0-180.0 180.0   5.0 450.0                            LAT/LON1/LON2/DLON/H
  118  104   92   82   74   70   66   64   66   70   78   86   91   93   93   91
   89   86   85   83   80   77   74   69   63   58   53   50   52   60   70   81
   91  101  111  119  129  139  151  165  182  201  223  251  283  319  358  395
  425  446  457  457  450  438  427  410  390  360  324  285  248  222  207  201
  198  196  193  189  180  169  153  136  118
    22.5-180.0 180.0   5.0 450.0                            LAT/LON1/LON2/DLON/H
  126  111   99   88   80   74   71   68   67   69   74   82   86   88   90   88
   87   85   84   82   79   75   71   67   63   58   53   51   53   61   72   83
   94  105  114  124  134  144  157  173  192  212  238  270  307  346  385  415
  442  458  463  460  454  446  438  428  415  391  359  323  285  255  235  224
  217  210  205  199  190  177  162  144  126
    20.0-180.0 180.0   5.0 450.0                            LAT/LON1/LON2/DLON/H
  136  120  106   95   87   82   78   75   71   70   72   77   80   84   86   87
   86   84   83   81   77   73   69   66   62   59   55   52   54   62   74   86
   97  108  118  128  138  150  164  181  201  226  253  287  323  361  394  420
  439  448  448  443  439  433  429  422  415  401  379  352  320  290  267  252
  239  229  222  214  203  190  173  155  136
    17.5-180.0 180.0   5.0 450.0                            LAT/LON1/LON2/DLON/H
  150  131  115  103   94   89   86   83   77   73   73   74   77   80   84   87
   86   84   82   80   76   71   67   64   61   59   56   53   55   64   75   88
  100  111  121  132  143  156  171  189  211  236  266  297  331  362  387  406
  417  418  415  409  407  403  402  397  394  391  381  366  346  320  296  278
  264  250  240  230  220  206  188  169  150
    15.0-180.0 180.0   5.0 450.0                            LAT/LON1/LON2/DLON/H
  165  145  127  113  103   97   93   89   84   77   75   76   79   81   85   88
   87   85   83   79   75   69   65   62   60   59   56   55   57   64   77   90
  101  112  123  134  146  160  176  194  216  243  271  301  329  352  367  377
  381  378  373  367  364  364  364  363  365  368  370  368  358  338  317  300
  284  268  256  246  236  221  205  186  165
    12.5-180.0 180.0   5.0 450.0                            LAT/LON1/LON2/DLON/H
  181  161  142  127  115  106  101   96   90   84   81   81   84   87   89   90
   88   86   83   79   74   68   64   61   60   58   57   55   58   65   77   90
  101  113  123  134  148  163  179  198  221  247  274  300  320  334  340  343
  342  336  330  328  325  326  330  330  336  344  353  360  357  345  330  314
  298  283  269  259  249  237  220  203  181
    10.0-180.0 180.0   5.0 450.0                            LAT/LON1/LON2/DLON/H
  195  175  156  142  129  117  110  104   98   91   89   90   92   94   95   93
   90   86   83   78   73   68   63   60   59   58   56   56   58   65   76   89
  101  111  122  134  147  163  180  199  222  247  273  295  310  317  317  314
  310  306  300  298  299  302  306  310  317  326  337  347  349  343  334  320
  305  290  277  267  258  247  233  215  195
     7.5-180.0 180.0   5.0 450.0                            LAT/LON1/LON2/DLON/H
  204  186  169  154  141  130  121  114  106  100   99  100  103  102  101   97
   91   85   80   75   71   66   62   59   58   57   56   56   57   64   74   87
   99  110  120  132  145  161  178  198  221  245  269  289  301  305  303  297
  294  290  288  287  291  295  300  306  311  320  330  339  342  340  332  319
  303  289  277  268  261  250  237  222  204
     5.0-180.0 180.0   5.0 450.0                            LAT/LON1/LON2/DLON/H
  206  192  177  164  153  143  133  124  117  111  109  111  114  111  106   99
   91   83   78   73   69   65   62   59   56   56   55   55   57   62   72   84
   97  108  118  130  143  158  175  194  216  241  266  285  297  302  302  298
  297  295  293  295  301  306  312  317  321  326  333  337  338  334  325  312
  296  282  270  262  255  246  235  221  206
     2.5-180.0 180.0   5.0 450.0                            LAT/LON1/LON2/DLON/H
  201  190  180  169  160  152  143  134  127  122  120  122  125  119  112  103
   93   83   76   71   67   64   61   58   56   55   54   55   56   60   69   82
   95  106  116  127  139  154  170  187  210  236  262  284  299  310  315  315
  315  315  314  318  325  331  338  343  346  348  348  346  339  330  316  300
  284  269  258  250  244  236  225  213  201
