ionex_files/bejaia/igsg0790.21i
     1.0            IONOSPHERE MAPS     MIX                 IONEX VERSION / TYPE
cmpcmb v1.2          GRL/UWM             1-apr-21 10:30     PGM / RUN BY / DATE 
ionex file containing IGS COMBINED Ionosphere maps          COMMENT             
global ionosphere maps for day 079, 2021                    DESCRIPTION         
IONEX file containing the COMBINED IGS TEC MAPS and DCBs    DESCRIPTION         
      IONEX files of the following IAACs were combined: cod DESCRIPTION         
                                                        esa DESCRIPTION         
                                                        jpl DESCRIPTION         
                                                        upc DESCRIPTION         
Contact address: Andrzej Krankowski                         DESCRIPTION
                 Geodynamics Research Laboratory            DESCRIPTION
                 University of Warmia and Mazury (GRL/UWM)  DESCRIPTION
                 Oczapowski St. 1                           DESCRIPTION
                 10-957-Olsztyn, POLAND                     DESCRIPTION
                 e-mail:  kand@uwm.edu.pl                   DESCRIPTION
                                                            DESCRIPTION         
  2021     3    20     0     0     0                        EPOCH OF FIRST MAP  
  2021     3    21     0     0     0                        EPOCH OF LAST MAP   
  7200                                                      INTERVAL            
    13                                                      # OF MAPS IN FILE   
  COSZ                                                      MAPPING FUNCTION    
     0.0                                                    ELEVATION CUTOFF    
combined TEC calculated as weighted mean of input TEC valuesOBSERVABLES USED    
   374                                                      # OF STATIONS       
    32                                                      # OF SATELLITES     
  6371.0                                                    BASE RADIUS         
     2                                                      MAP DIMENSION       
   450.0 450.0   0.0                                        HGT1 / HGT2 / DHGT  
    87.5 -87.5  -2.5                                        LAT1 / LAT2 / DLAT  
  -180.0 180.0   5.0                                        LON1 / LON2 / DLON  
    -1                                                      EXPONENT            
TEC values in 0.1 tec units;  9999, if no value available   COMMENT             
DCB values in nanoseconds, reference is Sum_of_SatDCBs = 0  COMMENT             
                                                            END OF HEADER       
[from data line 1287]
     4                                                      START OF TEC MAP    
  2021     3    20     6     0     0                        EPOCH OF CURRENT MAP
    87.5-180.0 180.0   5.0 450.0                            LAT/LON1/LON2/DLON/H
   61   61   61   61   61   61   61   61   61   61   61   61   61   61   60   60
   60   60   60   59   59   59   59   58   58   58   58   58   58   58   58   58
   58   58   58   58   58   58   58   58   58   58   59   59   59   59   59   58
   59   59   59   60   59   60   60   60   60   60   60   60   61   61   61   61
   60   61   60   60   60   61   61   61   61
    85.0-180.0 180.0   5.0 450.0                            LAT/LON1/LON2/DLON/H
   59   59   59   60   60   61   62   62   62   62   63   63   62   62   62   61
   60   60   59   59   57   57   57   56   55   55   55   54   54   54   54   55
   55   56   56   56   57   57   58   58   58   58   59   59   60   59   60   60
   60   61   61   61   62   63   62   63   63   62   62   62   62   62   61   61
   60   60   60   60   59   59   59   59   59
    82.5-180.0 180.0   5.0 450.0                            LAT/LON1/LON2/DLON/H
   56   58   59   60   61   63   64   65   65   66   66   66   65   64   63   62
   61   60   58   56   55   53   52   51   49   50   50   50   50   51   51   52
   53   53   54   55   56   57   58   59   60   61   61   62   63   64   64   64
   65   65   66   66   67   68   69   69   69   68   67   66   66   65   63   62
   61   59   59   57   57   56   56   56   56
    80.0-180.0 180.0   5.0 450.0                            LAT/LON1/LON2/DLON/H
   56   56   58   60   62   64   66   68   69   70   70   69   67   66   64   62
   59   57   55   52   50   49   46   44   44   44   44   45   46   47   48   50
   51   52   53   55   56   58   59   60   61   62   64   65   67   69   70   71
   72   74   75   76   77   77   78   78   77   76   75   73   72   70   68   65
   63   61   59   57   56   55   54   55   56
    77.5-180.0 180.0   5.0 450.0                            LAT/LON1/LON2/DLON/H
   55   55   57   60   63   66   69   71   72   72   71   68   66   62   59   55
   53   49   46   44   42   41   40   39   39   40   40   41   43   45   46   48
   50   52   53   55   56   58   60   62   64   65   67   69   71   73   75   79
   80   82   85   86   87   89   88   89   88   87   85   83   81   78   76   73
   70   67   64   61   59   57   56   55   55
    75.0-180.0 180.0   5.0 450.0                            LAT/LON1/LON2/DLON/H
   56   56   57   60   63   67   69   71   72   72   70   67   63   59   55   52
   48   44   42   38   37   36   35   35   36   37   39   41   42   44   47   48
   50   52   54   56   58   59   61   62   64   67   69   71   74   77   80   84
   87   89   93   96   98  100  100  100  100   98   97   95   93   89   87   83
   80   76   73   69   65   62   59   58   56
    72.5-180.0 180.0   5.0 450.0                            LAT/LON1/LON2/DLON/H
   60   58   58   60   63   65   66   68   69   68   66   64   61   56   53   47
   42   39   37   36   34   34   34   34   36   38   39   42   44   46   47   49
   51   52   54   56   57   59   61   63   65   66   68   71   75   79   83   87
   91   95  100  103  106  109  110  110  109  108  106  105  103  101   98   96
   93   88   84   80   75   71   67   63   60
    70.0-180.0 180.0   5.0 450.0                            LAT/LON1/LON2/DLON/H
   66   62   61   61   61   61   62   63   64   64   64   61   58   54   47   42
   39   37   35   35   35   35   36   38   40   42   43   45   46   48   49   49
   50   51   52   53   54   57   59   61   63   65   68   71   75   79   84   89
   94  100  104  109  113  115  116  115  115  114  113  112  110  109  108  106
  103  100   96   92   87   81   76   71   66
    67.5-180.0 180.0   5.0 450.0                            LAT/LON1/LON2/DLON/H
   73   68   64   62   60   58   59   60   61   61   60   58   57   49   44   41
   38   36   36   37   37   39   41   44   45   47   48   48   48   48   48   48
   47   48   48   49   50   53   56   58   60   63   66   70   75   80   85   91
   97  103  109  113  116  118  119  118  117  116  115  115  114  114  113  111
  110  108  105  102   97   92   86   79   73
    65.0-180.0 180.0   5.0 450.0                            LAT/LON1/LON2/DLON/H
   81   74   68   63   59   58   57   58   58   57   56   56   53   46   44   41
   38   38   39   40   42   44   47   49   50   51   51   51   49   49   47   45
   43   42   43   44   46   49   52   55   58   62   65   70   75   81   86   93
  100  106  110  115  117  119  119  118  117  115  114  114  114  114  114  113
  111  111  110  108  105  100   94   88   81
    62.5-180.0 180.0   5.0 450.0                            LAT/LON1/LON2/DLON/H
   88   80   74   67   61   58   56   56   55   53   53   54   51   49   46   42
   40   41   42   44   47   49   51   52   52   52   51   50   48   47   44   40
   37   36   37   39   43   46   50   54   58   62   66   71   77   83   89   96
  103  108  113  115  118  119  117  116  115  113  113  112  112  112  111  111
  111  111  111  111  109  107  102   95   88
    60.0-180.0 180.0   5.0 450.0                            LAT/LON1/LON2/DLON/H
   95   87   80   72   65   60   56   54   52   51   52   52   52   52   46   41
   42   43   45   46   49   50   50   52   50   49   48   47   44   43   40   34
   31   31   33   36   40   45   50   54   59   64   68   74   80   87   94  100
  107  112  116  118  119  120  119  117  115  113  112  111  111  109  109  108
  109  109  110  110  111  110  107  102   95
    57.5-180.0 180.0   5.0 450.0                            LAT/LON1/LON2/DLON/H
  101   94   86   78   70   64   58   55   52   51   51   50   50   49   43   42
   43   44   45   47   48   48   46   46   44   44   43   43   41   38   35   29
   27   28   30   34   40   45   51   56   62   67   72   78   86   92  100  107
  113  118  121  124  125  125  124  122  120  118  116  114  113  111  109  108
  107  107  107  109  110  112  111  107  101
    55.0-180.0 180.0   5.0 450.0                            LAT/LON1/LON2/DLON/H
  107  101   94   85   77   69   63   59   54   52   50   49   48   46   42   42
   43   43   44   45   45   42   40   38   37   38   39   39   38   34   31   28
   26   27   30   35   41   47   53   59   66   72   78   84   92  100  107  114
  121  127  131  133  134  134  133  131  129  127  125  123  121  119  115  112
  108  106  106  107  109  112  113  111  107
    52.5-180.0 180.0   5.0 450.0                            LAT/LON1/LON2/DLON/H
  112  108  101   94   85   77   70   64   59   55   52   49   47   44   42   42
   42   42   42   42   41   38   35   33   33   35   37   37   37   34   31   29
   28   29   32   38   44   51   58   65   71   78   85   93  101  109  116  124
  132  137  142  144  145  146  145  143  142  140  137  135  132  129  125  120
  114  110  108  108  110  113  115  115  112
    50.0-180.0 180.0   5.0 450.0                            LAT/LON1/LON2/DLON/H
  116  113  108  101   94   86   77   70   64   60   55   52   49   46   44   42
   42   42   41   40   38   35   33   33   34   36   39   40   40   38   35   34
   33   34   37   42   48   56   63   70   77   85   93  101  109  117  125  133
  140  147  152  154  155  157  156  155  154  152  150  147  144  139  135  129
  123  117  114  112  113  116  118  118  116
    47.5-180.0 180.0   5.0 450.0                            LAT/LON1/LON2/DLON/H
  119  117  113  108  102   94   85   76   70   65   61   57   52   48   45   43
   43   43   43   41   39   37   36   37   38   41   45   46   46   45   42   41
   40   41   42   47   54   62   69   78   85   93  101  109  117  125  132  140
  148  155  159  161  163  165  165  164  163  162  158  155  152  148  143  138
  132  127  122  118  116  117  119  120  119
    45.0-180.0 180.0   5.0 450.0                            LAT/LON1/LON2/DLON/H
  121  120  118  114  107  100   91   82   76   71   66   61   57   52   48   45
   45   45   46   45   45   44   44   45   47   50   53   54   53   52   49   48
   48   48   49   52   59   68   76   85   93  101  109  117  124  131  139  147
  155  161  164  167  169  170  170  170  168  166  161  158  155  151  147  144
  139  134  130  125  121  120  120  121  121
    42.5-180.0 180.0   5.0 450.0                            LAT/LON1/LON2/DLON/H
  121  121  120  118  112  105   96   87   81   76   72   67   63   57   53   50
   49   49   51   52   52   53   54   56   58   61   61   61   60   58   57   55
   54   54   55   58   64   73   83   92  101  109  117  124  131  138  146  153
  160  166  169  171  172  171  171  172  170  166  160  155  152  149  146  143
  142  139  135  130  127  124  123  122  121
    40.0-180.0 180.0   5.0 450.0                            LAT/LON1/LON2/DLON/H
  122  122  120  118  113  107   99   91   85   81   77   73   69   64   59   56
   55   56   57   59   61   63   65   67   69   69   69   67   65   63   61   61
   59   58   59   62   69   78   88   98  107  116  123  131  139  146  153  160
  166  170  172  172  172  171  172  173  171  166  158  151  146  143  141  141
  141  140  139  135  132  129  126  124  122
    37.5-180.0 180.0   5.0 450.0                            LAT/LON1/LON2/DLON/H
  123  121  119  116  112  107   99   92   88   85   82   80   76   71   66   63
   62   63   65   66   68   71   74   76   77   75   73   70   68   65   64   63
   62   61   61   64   71   81   92  104  113  121  130  138  146  154  160  165
  170  173  174  174  173  174  177  179  178  172  162  151  143  140  139  139
  141  142  142  139  136  133  129  126  123
    35.0-180.0 180.0   5.0 450.0                            LAT/LON1/LON2/DLON/H
  124  120  117  115  111  105   98   92   88   87   86   85   83   79   75   72
   71   71   72   72   74   76   79   80   79   77   74   70   67   65   64   64
   63   62   62   65   73   84   97  109  119  127  135  145  153  160  166  170
  174  177  179  179  181  185  190  195  197  189  177  163  151  145  142  143
  145  148  149  146  143  139  134  129  124
    32.5-180.0 180.0   5.0 450.0                            LAT/LON1/LON2/DLON/H
  127  122  117  113  108  103   96   90   88   87   88   88   87   85   83   80
   79   78   77   77   77   77   77   78   77   75   72   68   65   63   63   63
   63   62   62   66   74   86   99  112  122  131  141  150  158  166  172  176
  180  185  187  190  196  205  217  227  233  223  207  189  173  163  158  157
  159  161  161  158  154  149  142  135  127
    30.0-180.0 180.0   5.0 450.0                            LAT/LON1/LON2/DLON/H
  135  126  119  113  107  101   93   87   85   85   87   88   88   89   88   87
   85   83   81   79   76   73   72   71   71   71   68   65   62   61   61   62
   62   61   60   64   74   87  101  113  124  133  144  154  164  172  179  184
  188  196  202  211  222  239  256  274  280  273  254  231  211  195  188  185
  185  185  181  176  170  163  155  145  135
    27.5-180.0 180.0   5.0 450.0                            LAT/LON1/LON2/DLON/H
  146  134  124  116  109  101   92   86   82   82   83   85   87   88   90   91
   89   86   83   78   73   68   65   65   66   66   65   63   60   59   59   61
   60   58   58   63   72   85  100  113  123  134  145  156  168  177  187  196
  204  213  225  241  259  281  304  328  337  333  312  283  260  242  230  225
  222  218  210  202  193  183  173  161  146
    25.0-180.0 180.0   5.0 450.0                            LAT/LON1/LON2/DLON/H
  162  147  135  124  114  105   94   87   82   79   79   81   84   86   90   92
   90   87   82   77   70   63   60   60   62   64   64   61   59   57   57   58
   56   55   56   60   70   84   98  111  121  131  143  156  171  184  197  208
  221  236  253  275  297  326  353  379  391  388  367  337  314  295  279  273
  267  257  245  234  220  207  194  179  162
    22.5-180.0 180.0   5.0 450.0                            LAT/LON1/LON2/DLON/H
  179  162  148  135  123  111  100   91   84   79   78   77   80   84   88   89
   88   85   81   76   70   63   59   60   63   65   64   61   58   56   55   54
   53   52   53   58   68   82   96  109  119  130  142  157  174  188  204  220
  238  258  281  308  333  360  388  411  422  419  406  383  364  346  328  318
  312  300  284  269  251  235  217  199  179
    20.0-180.0 180.0   5.0 450.0                            LAT/LON1/LON2/DLON/H
  198  176  161  146  134  121  109   98   90   84   80   77   78   81   85   86
   85   82   79   77   73   68   64   65   68   68   66   62   58   55   53   52
   50   49   50   56   66   81   95  107  118  128  142  160  177  195  213  232
  253  279  305  333  355  377  398  414  422  422  416  407  395  381  367  355
  349  338  322  304  284  264  242  219  198
    17.5-180.0 180.0   5.0 450.0                            LAT/LON1/LON2/DLON/H
  216  192  174  158  143  130  118  108   99   91   85   81   79   80   82   83
   82   79   78   78   77   75   73   74   76   75   70   64   58   55   52   50
   48   46   48   54   65   80   94  107  116  128  143  162  182  202  223  244
  269  295  320  343  357  370  383  391  399  401  404  403  397  389  381  373
  369  362  353  334  314  291  266  243  216
    15.0-180.0 180.0   5.0 450.0                            LAT/LON1/LON2/DLON/H
  235  209  188  171  154  141  129  119  110  102   95   90   85   82   82   82
   80   79   79   82   84   85   85   86   86   83   75   66   59   55   52   49
   46   45   47   53   65   79   94  106  118  129  146  165  188  210  233  257
  280  304  322  337  342  348  352  357  363  369  374  379  378  376  373  371
  374  373  365  350  333  310  286  263  235
    12.5-180.0 180.0   5.0 450.0                            LAT/LON1/LON2/DLON/H
  253  228  206  186  167  152  139  130  123  115  108  102   96   90   87   83
   80   81   83   88   94   97   98   98   96   90   80   68   59   55   51   48
   46   45   48   54   66   80   95  108  119  132  149  170  194  217  241  266
  287  305  316  325  322  321  321  323  327  333  341  349  353  355  358  359
  366  368  364  352  336  316  298  277  253
    10.0-180.0 180.0   5.0 450.0                            LAT/LON1/LON2/DLON/H
  267  246  225  204  182  163  149  141  136  131  124  118  109  102   95   89
   84   86   89   98  105  109  109  108  104   95   82   68   59   54   51   49
   47   47   49   56   67   81   96  109  122  135  153  175  198  222  247  271
  290  302  308  310  305  301  299  299  301  307  315  326  333  338  344  348
  354  357  355  345  333  318  303  286  267
     7.5-180.0 180.0   5.0 450.0                            LAT/LON1/LON2/DLON/H
  278  261  242  222  197  174  159  151  148  146  142  135  124  115  106   99
   93   93   98  109  116  119  118  115  110   99   82   68   59   54   52   50
   49   49   52   59   70   83   98  111  124  138  156  177  201  225  249  274
  290  299  303  302  297  293  292  290  290  294  302  313  321  329  336  341
  346  348  347  338  328  316  305  293  278
     5.0-180.0 180.0   5.0 450.0                            LAT/LON1/LON2/DLON/H
  287  275  258  235  210  186  167  158  157  158  156  149  138  129  119  112
  106  108  113  123  127  126  124  120  113  101   83   67   59   55   53   53
   52   53   56   62   72   85   99  112  125  139  156  178  202  226  250  272
  288  296  300  299  297  297  297  295  293  295  303  312  321  329  338  341
  345  344  343  335  326  316  307  299  287
     2.5-180.0 180.0   5.0 450.0                            LAT/LON1/LON2/DLON/H
  292  282  268  245  219  194  174  164  164  167  167  162  152  141  134  127
  120  123  128  135  135  133  130  124  115  102   84   68   60   57   56   56
   56   57   60   64   73   85   99  112  125  140  157  177  201  225  248  268
  283  292  297  300  302  307  310  309  306  308  313  322  330  338  346  348
  348  346  343  336  327  317  309  302  292
