ionex_files/bejaia/igsg0660.21i
     1.0            IONOSPHERE MAPS     MIX                 IONEX VERSION / TYPE
cmpcmb v1.2          GRL/UWM             1-apr-21 07:36     PGM / RUN BY / DATE 
ionex file containing IGS COMBINED Ionosphere maps          COMMENT             
global ionosphere maps for day 066, 2021                    DESCRIPTION         
IONEX file containing the COMBINED IGS TEC MAPS and DCBs    DESCRIPTION         
      IONEX files of the following IAACs were combined: cod DESCRIPTION         
                                                        esa DESCRIPTION         
                                                        jpl DESCRIPTION         
                                                        upc DESCRIPTION         
Contact address: Andrzej Krankowski                         DESCRIPTION
                 Geodynamics Research Laboratory            DESCRIPTION
                 University of Warmia and Mazury (GRL/UWM)  DESCRIPTION
                 Oczapowski St. 1                           DESCRIPTION
                 10-957-Olsztyn, POLAND                     DESCRIPTION
                 e-mail:  kand@uwm.edu.pl                   DESCRIPTION
                                                            DESCRIPTION         
  2021     3     7     0     0     0                        EPOCH OF FIRST MAP  
  2021     3     8     0     0     0                        EPOCH OF LAST MAP   
  7200                                                      INTERVAL            
    13                                                      # OF MAPS IN FILE   
  COSZ                                                      MAPPING FUNCTION    
     0.0                                                    ELEVATION CUTOFF    
combined TEC calculated as weighted mean of input TEC valuesOBSERVABLES USED    
   375                                                      # OF STATIONS       
    32                                                      # OF SATELLITES     
  6371.0                                                    BASE RADIUS         
     2                                                      MAP DIMENSION       
   450.0 450.0   0.0                                        HGT1 / HGT2 / DHGT  
    87.5 -87.5  -2.5                                        LAT1 / LAT2 / DLAT  
  -180.0 180.0   5.0                                        LON1 / LON2 / DLON  
    -1                                                      EXPONENT            
TEC values in 0.1 tec units;  9999, if no value available   COMMENT             
DCB values in nanoseconds, reference is Sum_of_SatDCBs = 0  COMMENT             
                                                            END OF HEADER       
[from data line 5148]
    13                                                      START OF TEC MAP    
  2021     3     8     0     0     0                        EPOCH OF CURRENT MAP
    87.5-180.0 180.0   5.0 450.0                            LAT/LON1/LON2/DLON/H
   50   50   50   51   51   51   51   51   51   51   50   50   50   50   49   49
   48   48   47   46   46   45   44   44   43   43   42   41   41   40   40   39
   39   38   38   37   37   37   37   37   37   36   37   37   37   37   38   38
   39   39   39   40   40   41   41   42   42   44   44   44   45   46   46   47
   47   47   48   49   49   49   50   50   50
    85.0-180.0 180.0   5.0 450.0                            LAT/LON1/LON2/DLON/H
   55   56   56   56   57   57   57   57   57   57   56   56   55   55   54   53
   52   51   50   49   48   46   45   44   43   42   41   39   38   37   36   35
   34   33   33   32   32   32   32   31   32   32   31   31   32   33   33   33
   34   35   36   37   39   39   40   41   43   43   45   46   46   48   48   49
   50   50   51   52   53   53   54   54   55
    82.5-180.0 180.0   5.0 450.0                            LAT/LON1/LON2/DLON/H
   59   60   60   62   62   62   63   63   63   63   62   61   60   59   58   57
   56   54   53   51   49   47   45   44   43   40   39   36   35   33   32   31
   30   29   28   27   27   26   26   27   27   27   27   28   29   29   30   31
   32   33   34   35   37   38   40   41   43   44   45   46   48   48   49   50
   51   52   53   54   55   56   57   58   59
    80.0-180.0 180.0   5.0 450.0                            LAT/LON1/LON2/DLON/H
   62   64   65   66   67   68   69   69   68   68   67   66   65   64   62   60
   59   57   55   53   51   49   46   43   41   39   36   35   33   31   30   29
   28   27   26   26   25   25   24   24   24   24   25   26   27   28   29   29
   30   32   33   35   36   38   40   41   43   44   45   46   47   48   49   50
   51   52   53   54   56   57   58   60   62
    77.5-180.0 180.0   5.0 450.0                            LAT/LON1/LON2/DLON/H
   65   66   68   69   71   72   72   72   72   72   71   70   69   67   65   63
   62   60   58   55   52   50   46   44   40   37   35   34   32   31   29   28
   28   26   25   25   24   24   23   23   23   23   24   24   25   26   28   29
   30   31   33   34   36   37   39   41   42   44   45   46   47   48   48   50
   51   52   53   55   56   58   60   63   65
    75.0-180.0 180.0   5.0 450.0                            LAT/LON1/LON2/DLON/H
   67   69   71   72   74   75   76   76   76   75   76   74   71   70   68   65
   62   58   57   54   51   48   46   43   41   38   36   34   32   31   29   28
   27   27   26   25   25   24   24   23   23   23   24   25   25   26   27   28
   29   30   31   33   34   36   37   39   41   42   44   45   46   47   48   49
   50   52   53   55   57   60   62   65   67
    72.5-180.0 180.0   5.0 450.0                            LAT/LON1/LON2/DLON/H
   70   72   74   76   77   78   79   79   79   78   77   76   73   70   67   65
   61   59   56   53   50   46   44   41   39   37   35   34   33   31   30   29
   28   27   26   25   25   25   24   24   24   23   23   24   25   26   26   27
   27   28   29   30   32   34   35   37   39   41   42   44   46   47   48   49
   51   52   54   57   59   62   65   68   70
    70.0-180.0 180.0   5.0 450.0                            LAT/LON1/LON2/DLON/H
   74   75   77   78   79   79   80   80   80   79   78   76   73   70   67   63
   61   58   54   51   48   45   42   39   37   35   33   32   31   31   29   28
   27   27   26   25   25   24   24   24   23   23   23   23   24   24   25   25
   25   25   26   27   29   30   33   35   37   40   42   44   46   48   49   51
   53   54   57   59   62   66   69   71   74
    67.5-180.0 180.0   5.0 450.0                            LAT/LON1/LON2/DLON/H
   78   79   79   80   80   80   80   80   80   79   78   76   74   72   67   63
   61   57   54   50   46   42   39   37   35   32   31   31   29   29   28   26
   26   25   24   23   23   23   22   22   22   22   22   22   23   24   24   24
   24   23   23   24   25   27   30   33   36   40   43   46   49   51   53   55
   56   58   60   63   66   70   73   75   78
    65.0-180.0 180.0   5.0 450.0                            LAT/LON1/LON2/DLON/H
   82   82   82   81   80   80   79   79   79   78   78   77   75   72   67   64
   62   58   55   50   46   41   37   34   32   30   29   29   29   27   26   24
   23   21   21   20   20   19   20   20   20   21   22   23   24   24   24   24
   22   21   21   21   22   24   27   31   35   41   45   49   52   55   58   60
   61   63   65   68   70   74   77   80   82
    62.5-180.0 180.0   5.0 450.0                            LAT/LON1/LON2/DLON/H
   85   86   85   83   81   80   80   79   79   78   78   76   75   72   69   67
   63   60   57   52   48   42   36   32   29   28   27   28   28   26   24   23
   21   20   18   18   18   17   17   17   18   20   22   23   24   24   24   24
   22   21   19   19   20   22   26   31   36   42   48   54   58   62   64   66
   68   69   70   72   75   78   81   84   85
    60.0-180.0 180.0   5.0 450.0                            LAT/LON1/LON2/DLON/H
   90   90   89   86   83   81   80   80   79   79   79   78   76   74   72   69
   67   64   60   55   51   44   37   32   29   27   28   28   28   27   24   22
   20   19   18   17   17   16   15   15   16   19   21   23   24   25   25   25
   23   22   20   19   20   22   26   31   38   45   53   60   64   69   71   73
   75   76   76   78   79   83   86   89   90
    57.5-180.0 180.0   5.0 450.0                            LAT/LON1/LON2/DLON/H
   97   97   94   91   87   84   82   81   81   82   81   80   78   76   74   72
   70   68   64   59   55   47   39   35   31   30   30   29   29   28   26   23
   22   20   19   18   18   18   16   16   18   19   22   23   25   27   28   28
   27   26   24   23   23   24   28   34   41   49   58   66   71   76   78   80
   81   82   82   83   85   89   92   95   97
    55.0-180.0 180.0   5.0 450.0                            LAT/LON1/LON2/DLON/H
  105  105  103   99   93   89   86   85   85   84   84   82   80   78   76   75
   73   72   67   62   57   50   43   40   36   34   35   34   32   31   29   26
   25   24   23   22   22   22   21   22   23   24   26   28   30   31   33   34
   35   34   30   29   29   30   34   39   46   55   62   71   77   82   84   86
   87   88   88   88   91   94   99  103  105
    52.5-180.0 180.0   5.0 450.0                            LAT/LON1/LON2/DLON/H
  116  116  114  108  103   98   94   91   90   89   88   86   84   81   79   78
   77   75   71   65   60   53   49   46   43   42   41   40   38   36   34   32
   31   30   29   29   29   29   30   30   32   32   34   36   37   39   40   43
   45   44   41   39   38   39   41   46   53   61   68   75   80   84   89   91
   93   94   94   95   97  102  107  112  116
    50.0-180.0 180.0   5.0 450.0                            LAT/LON1/LON2/DLON/H
  126  128  125  121  115  108  103   99   96   95   93   91   89   86   84   82
   80   78   74   70   64   59   57   54   52   50   48   47   43   41   39   38
   37   37   37   37   38   39   40   40   41   42   44   46   47   48   50   53
   54   55   53   51   50   49   50   54   60   66   73   78   82   86   91   95
   97  100  101  102  105  110  117  123  126
    47.5-180.0 180.0   5.0 450.0                            LAT/LON1/LON2/DLON/H
  137  139  136  132  127  120  114  109  105  102  100   98   95   92   90   87
   84   82   79   75   71   67   64   61   60   58   56   53   50   46   44   43
   43   44   45   46   47   48   50   51   51   52   54   55   56   57   58   60
   62   64   63   62   59   56   57   61   66   72   78   82   84   87   92   98
  102  105  108  110  113  119  126  132  137
    45.0-180.0 180.0   5.0 450.0                            LAT/LON1/LON2/DLON/H
  145  147  145  142  136  131  124  118  114  111  108  105  102   99   96   93
   91   87   85   82   78   75   72   69   67   64   61   59   54   50   47   47
   48   50   52   53   54   57   59   59   58   60   62   63   63   63   64   67
   70   71   70   68   64   62   63   66   72   78   84   87   90   91   94  100
  106  111  116  119  123  127  134  140  145
    42.5-180.0 180.0   5.0 450.0                            LAT/LON1/LON2/DLON/H
  148  150  150  148  145  140  133  127  122  118  115  112  110  106  103  100
   97   94   92   90   87   83   80   76   73   69   65   62   57   53   50   50
   51   55   57   58   60   63   64   65   65   66   68   69   69   70   71   74
   76   77   75   70   66   65   67   71   77   84   90   93   95   96   97  102
  110  117  123  129  133  136  141  145  148
    40.0-180.0 180.0   5.0 450.0                            LAT/LON1/LON2/DLON/H
  148  149  150  150  149  145  140  134  129  125  121  119  116  114  111  108
  105  102  100   98   95   91   87   82   77   73   68   63   58   54   52   53
   55   58   60   62   64   66   67   69   69   71   72   74   74   75   76   78
   79   79   77   73   70   69   70   75   82   89   96   99  101  100  102  106
  114  122  131  138  143  146  148  148  148
    37.5-180.0 180.0   5.0 450.0                            LAT/LON1/LON2/DLON/H
  148  147  147  148  149  147  144  139  135  131  128  125  123  121  118  116
  113  110  108  106  103   98   92   86   80   74   69   64   59   56   55   57
   59   61   62   64   66   67   69   70   73   74   76   77   78   78   78   79
   79   79   77   74   72   71   73   79   86   94  101  105  106  106  107  111
  120  129  139  147  153  155  154  151  148
    35.0-180.0 180.0   5.0 450.0                            LAT/LON1/LON2/DLON/H
  150  145  143  144  146  147  145  142  139  136  133  131  129  128  126  125
  121  119  117  113  109  102   96   89   82   76   70   65   60   59   59   60
   62   63   63   64   66   69   71   74   75   76   77   79   79   79   78   78
   77   75   74   73   70   70   73   80   89   99  107  111  112  113  113  118
  126  136  147  155  163  165  162  156  150
    32.5-180.0 180.0   5.0 450.0                            LAT/LON1/LON2/DLON/H
  156  148  144  142  143  145  146  144  143  141  138  136  135  134  132  130
  128  125  123  118  113  106   99   91   84   78   73   68   64   63   63   64
   66   65   66   66   68   72   75   77   76   76   77   78   78   78   77   75
   73   71   70   69   68   69   73   81   92  102  111  116  117  118  119  125
  132  143  155  165  173  177  174  166  156
    30.0-180.0 180.0   5.0 450.0                            LAT/LON1/LON2/DLON/H
  170  160  152  147  146  147  147  147  146  145  143  142  140  139  137  135
  132  129  127  123  118  110  102   94   87   82   78   73   69   68   69   70
   71   71   70   70   72   75   78   79   78   77   75   76   76   76   74   71
   68   65   64   63   64   67   72   81   93  104  114  120  122  125  126  131
  139  150  163  175  186  191  191  183  170
    27.5-180.0 180.0   5.0 450.0                            LAT/LON1/LON2/DLON/H
  195  182  171  163  158  155  153  153  153  152  150  148  146  144  141  139
  136  133  130  126  121  114  105   97   91   87   84   80   76   75   75   77
   78   77   76   76   77   79   81   83   81   77   75   74   75   74   72   69
   64   60   59   59   62   65   70   81   93  105  116  123  127  130  133  139
  146  157  171  187  201  212  216  209  195
    25.0-180.0 180.0   5.0 450.0                            LAT/LON1/LON2/DLON/H
  228  213  202  189  179  171  166  164  164  163  161  156  153  150  146  142
  139  136  132  129  123  117  109  102   97   95   92   88   83   82   83   84
   84   83   82   83   83   84   85   85   83   79   76   74   74   72   70   65
   60   56   55   56   59   63   68   80   93  106  116  123  129  135  140  147
  154  165  181  199  218  234  241  239  228
    22.5-180.0 180.0   5.0 450.0                            LAT/LON1/LON2/DLON/H
  261  249  242  226  209  195  185  180  180  178  174  168  162  157  152  147
  143  139  135  131  126  120  114  109  106  105  102   97   91   87   89   90
   90   89   88   89   88   87   87   87   85   82   78   76   75   72   68   63
   56   51   50   53   57   60   66   78   91  105  116  124  131  139  147  155
  164  175  191  212  234  255  266  267  261
    20.0-180.0 180.0   5.0 450.0                            LAT/LON1/LON2/DLON/H
  296  290  280  265  245  226  212  204  202  198  192  182  174  166  160  154
  148  143  138  133  129  124  121  119  117  117  113  106   97   92   93   95
   95   95   94   93   92   89   88   88   86   84   81   78   76   72   67   60
   53   47   46   49   53   57   65   76   90  104  116  125  134  143  154  164
  174  187  204  225  249  273  289  297  296
    17.5-180.0 180.0   5.0 450.0                            LAT/LON1/LON2/DLON/H
  319  320  314  302  282  261  244  234  229  223  212  201  189  179  171  163
  156  149  143  138  134  131  131  131  130  129  124  114  103   97   97  100
  102  102  100   98   95   92   90   89   87   85   83   80   79   74   68   59
   52   45   43   46   50   55   63   76   91  105  117  127  137  148  160  172
  184  197  214  236  260  285  305  317  319
    15.0-180.0 180.0   5.0 450.0                            LAT/LON1/LON2/DLON/H
  327  334  336  329  314  295  278  269  260  251  238  223  208  197  186  178
  168  160  153  147  144  143  144  145  145  142  134  122  109  101  102  106
  108  110  108  104  101   96   92   90   88   87   86   84   82   76   69   61
   54   47   43   45   48   53   62   75   91  106  119  130  141  153  167  180
  193  208  225  245  266  289  307  321  327
    12.5-180.0 180.0   5.0 450.0                            LAT/LON1/LON2/DLON/H
  318  331  341  343  336  321  308  300  293  282  266  247  229  218  207  200
  187  177  168  162  159  158  159  160  158  153  144  130  115  108  109  112
  116  118  117  113  108  101   95   91   90   89   91   90   88   80   72   64
   58   51   46   45   47   52   61   75   91  107  120  132  144  158  172  186
  201  216  233  251  270  287  299  308  318
    10.0-180.0 180.0   5.0 450.0                            LAT/LON1/LON2/DLON/H
  300  315  332  343  345  338  329  324  319  310  293  272  252  240  231  224
  210  200  189  181  177  176  176  175  171  164  151  137  124  118  118  120
  124  127  126  121  115  106   98   93   91   91   94   96   93   84   77   69
   62   55   49   47   48   52   61   75   92  108  121  134  147  161  176  191
  205  221  237  253  269  279  286  289  300
     7.5-180.0 180.0   5.0 450.0                            LAT/LON1/LON2/DLON/H
  280  297  318  336  344  343  338  336  335  329  313  293  274  264  256  249
  236  227  215  204  197  195  194  190  182  171  158  145  135  132  130  131
  132  135  134  130  123  112  102   95   92   93   96   99   96   89   82   74
   66   57   50   49   50   53   61   76   94  110  122  135  148  163  178  193
  207  223  238  252  265  271  274  274  280
     5.0-180.0 180.0   5.0 450.0                            LAT/LON1/LON2/DLON/H
  268  284  306  327  339  341  338  338  339  336  325  309  295  287  282  275
  263  252  241  231  221  216  211  203  191  178  165  154  148  146  144  142
  142  143  141  137  130  119  107   98   93   92   95   99   98   91   84   77
   68   58   52   51   51   54   62   77   95  110  123  135  148  164  179  192
  206  221  235  248  260  266  268  267  268
     2.5-180.0 180.0   5.0 450.0                            LAT/LON1/LON2/DLON/H
  271  283  302  321  332  335  331  330  331  334  330  321  312  307  306  300
  289  277  266  256  245  236  225  213  198  183  170  162  160  160  157  153
  149  148  148  142  135  124  113  102   94   93   96   99   97   90   83   76
   67   57   53   52   52   53   61   77   95  110  122  133  147  162  177  189
  202  216  230  242  255  264  270  270  271
