ionex_files/bejaia/igsg0710.21i
     1.0            IONOSPHERE MAPS     MIX                 IONEX VERSION / TYPE
cmpcmb v1.2          GRL/UWM             1-apr-21 08:04     PGM / RUN BY / DATE 
ionex file containing IGS COMBINED Ionosphere maps          COMMENT             
global ionosphere maps for day 071, 2021                    DESCRIPTION         
IONEX file containing the COMBINED IGS TEC MAPS and DCBs    DESCRIPTION         
      IONEX files of the following IAACs were combined: cod DESCRIPTION         
                                                        esa DESCRIPTION         
                                                        jpl DESCRIPTION         
                                                        upc DESCRIPTION         
Contact address: Andrzej Krankowski                         DESCRIPTION
                 Geodynamics Research Laboratory            DESCRIPTION
                 University of Warmia and Mazury (GRL/UWM)  DESCRIPTION
                 Oczapowski St. 1                           DESCRIPTION
                 10-957-Olsztyn, POLAND                     DESCRIPTION
                 e-mail:  kand@uwm.edu.pl                   DESCRIPTION
                                                            DESCRIPTION         
  2021     3    12     0     0     0                        EPOCH OF FIRST MAP  
  2021     3    13     0     0     0                        EPOCH OF LAST MAP   
  7200                                                      INTERVAL            
    13                                                      # OF MAPS IN FILE   
  COSZ                                                      MAPPING FUNCTION    
     0.0                                                    ELEVATION CUTOFF    
combined TEC calculated as weighted mean of input TEC valuesOBSERVABLES USED    
   372                                                      # OF STATIONS       
    32                                                      # OF SATELLITES     
  6371.0                                                    BASE RADIUS         
     2                                                      MAP DIMENSION       
   450.0 450.0   0.0                                        HGT1 / HGT2 / DHGT  
    87.5 -87.5  -2.5                                        LAT1 / LAT2 / DLAT  
  -180.0 180.0   5.0                                        LON1 / LON2 / DLON  
    -1                                                      EXPONENT            
TEC values in 0.1 tec units;  9999, if no value available   COMMENT             
DCB values in nanoseconds, reference is Sum_of_SatDCBs = 0  COMMENT             
                                                            END OF HEADER       
     1                                                      START OF TEC MAP    
  2021     3    12     0     0     0                        EPOCH OF CURRENT MAP
    87.5-180.0 180.0   5.0 450.0                            LAT/LON1/LON2/DLON/H
   53   53   54   55   55   56   56   56   56   57   57   57   57   57   56   56
   56   56   55   55   55   54   53   53   51   51   50   49   49   48   47   47
   46   46   45   44   44   44   43   43   43   42   42   42   42   42   42   42
   42   42   42   42   42   42   43   43   43   44   44   45   46   46   47   47
   48   48   49   50   51   51   52   52   53
    85.0-180.0 180.0   5.0 450.0                            LAT/LON1/LON2/DLON/H
   55   56   57   58   59   60   61   61   62   62   63   63   63   63   62   62
   61   61   60   60   59   57   56   54   53   52   50   49   48   46   45   43
   43   41   41   40   39   39   38   38   37   37   37   36   36   36   36   36
   36   36   37   37   37   38   38   39   39   40   41   42   43   44   45   46
   47   49   49   50   51   52   53   54   55
    82.5-180.0 180.0   5.0 450.0                            LAT/LON1/LON2/DLON/H
   56   57   58   61   62   65   69   71   72   73   73   73   72   72   71   70
   68   66   63   63   60   58   56   54   53   51   48   46   45   43   42   41
   40   39   38   37   36   36   35   35   34   33   33   33   32   32   32   32
   32   32   33   33   34   35   35   37   37   38   39   41   42   44   45   46
   47   48   49   50   51   52   53   54   56
    80.0-180.0 180.0   5.0 450.0                            LAT/LON1/LON2/DLON/H
   56   58   62   65   68   71   73   75   77   78   79   79   79   79   77   75
   73   70   67   65   61   59   55   51   48   46   45   44   42   41   39   38
   37   36   35   35   35   34   33   33   32   32   31   30   30   30   30   29
   29   29   30   30   31   32   33   35   36   38   39   41   42   44   45   46
   48   49   50   51   52   53   53   55   56
    77.5-180.0 180.0   5.0 450.0                            LAT/LON1/LON2/DLON/H
   58   61   64   67   69   73   76   79   81   82   83   84   83   82   79   76
   72   69   64   61   59   55   51   50   46   44   42   40   39   38   37   36
   35   35   34   33   32   32   32   32   31   31   30   30   29   29   28   28
   27   27   27   28   29   30   32   34   36   38   40   42   44   45   47   49
   50   51   52   53   54   54   55   57   58
    75.0-180.0 180.0   5.0 450.0                            LAT/LON1/LON2/DLON/H
   63   65   67   69   72   75   78   80   82   84   84   84   83   81   77   73
   68   65   62   58   53   49   46   44   42   41   39   37   37   36   35   35
   34   34   33   32   32   31   31   31   30   30   30   29   28   27   27   26
   25   24   25   25   26   28   30   33   36   38   41   43   45   48   50   51
   53   54   55   56   58   58   60   61   63
    72.5-180.0 180.0   5.0 450.0                            LAT/LON1/LON2/DLON/H
   69   70   71   73   75   78   79   81   83   84   84   84   83   79   74   70
   67   62   56   51   47   43   41   39   38   37   36   36   35   35   34   33
   33   33   32   32   32   31   31   31   30   29   29   28   26   25   24   23
   22   22   22   22   24   26   28   32   35   39   42   44   48   50   53   55
   57   59   60   61   62   64   65   67   69
    70.0-180.0 180.0   5.0 450.0                            LAT/LON1/LON2/DLON/H
   76   77   78   78   80   81   82   83   84   84   84   83   80   77   72   69
   65   57   51   46   42   39   37   35   35   34   34   34   34   34   33   33
   33   32   32   31   31   30   29   29   29   28   27   25   24   22   21   20
   19   19   19   20   22   24   27   31   35   39   43   47   51   54   57   60
   62   64   66   68   69   71   73   74   76
    67.5-180.0 180.0   5.0 450.0                            LAT/LON1/LON2/DLON/H
   85   86   86   86   86   85   85   85   85   85   84   82   80   76   73   69
   61   55   49   45   40   37   35   34   33   33   34   34   33   33   33   33
   33   32   31   29   29   27   27   27   27   26   25   23   22   21   19   18
   17   17   18   19   21   23   27   31   35   40   44   49   54   57   62   64
   68   70   73   75   76   79   81   83   85
    65.0-180.0 180.0   5.0 450.0                            LAT/LON1/LON2/DLON/H
   93   94   94   93   92   90   89   88   87   85   84   82   79   76   73   67
   62   56   52   47   41   38   36   35   35   35   35   35   34   32   33   32
   32   31   30   27   26   24   25   25   25   25   24   23   22   22   21   19
   19   19   19   20   22   24   27   32   36   42   47   53   57   62   66   70
   73   76   79   81   83   86   88   91   93
    62.5-180.0 180.0   5.0 450.0                            LAT/LON1/LON2/DLON/H
  100  101  101   99   98   95   93   91   89   86   84   82   79   76   73   70
   66   61   57   51   46   43   40   39   39   38   38   36   35   33   32   33
   31   29   29   26   25   22   24   24   26   26   25   25   24   24   24   23
   23   23   23   23   24   27   30   34   39   45   50   57   62   68   72   76
   78   82   84   86   88   91   94   98  100
    60.0-180.0 180.0   5.0 450.0                            LAT/LON1/LON2/DLON/H
  105  106  106  105  102  100   97   95   91   87   84   82   80   78   76   74
   71   67   63   58   52   50   46   43   42   41   40   39   37   36   34   34
   32   29   27   25   24   23   24   26   28   29   29   30   30   29   29   29
   30   30   29   29   30   31   34   39   43   49   55   62   68   74   77   81
   84   86   88   90   92   95   98  102  105
    57.5-180.0 180.0   5.0 450.0                            LAT/LON1/LON2/DLON/H
  108  110  110  109  106  104  102   98   94   90   85   83   80   79   78   78
   76   73   69   64   60   56   52   48   47   45   44   42   40   40   40   39
   36   33   30   28   26   26   28   30   33   34   35   36   37   37   37   38
   39   38   38   37   36   37   40   44   49   55   61   68   74   80   84   87
   89   91   92   94   96   98  101  105  108
    55.0-180.0 180.0   5.0 450.0                            LAT/LON1/LON2/DLON/H
  111  113  114  113  111  109  106  102   97   92   87   84   82   81   81   80
   79   78   74   71   66   62   58   55   52   50   48   47   46   46   46   45
   43   39   35   33   32   31   33   36   38   40   42   43   44   45   46   47
   48   48   47   46   45   45   46   50   55   62   69   75   81   86   89   92
   94   95   97   98  100  101  105  107  111
    52.5-180.0 180.0   5.0 450.0                            LAT/LON1/LON2/DLON/H
  115  117  118  118  117  115  111  107  102   97   91   87   84   83   82   81
   81   80   79   75   71   67   63   60   57   55   54   54   55   55   55   53
   50   46   42   40   39   39   41   43   46   48   49   50   51   53   54   56
   57   58   57   55   54   53   54   57   61   68   75   82   87   91   94   96
   97  100  102  103  105  106  109  112  115
    50.0-180.0 180.0   5.0 450.0                            LAT/LON1/LON2/DLON/H
  121  124  125  125  124  122  119  114  109  103   96   91   88   86   85   83
   83   82   80   79   75   71   68   65   63   61   62   64   64   65   65   62
   58   54   50   49   48   48   50   52   53   55   56   57   59   61   62   64
   65   66   65   63   61   60   61   63   68   74   80   86   91   93   96   98
  100  103  106  108  109  111  114  118  121
    47.5-180.0 180.0   5.0 450.0                            LAT/LON1/LON2/DLON/H
  130  132  133  133  132  131  127  122  116  110  104   98   95   91   89   87
   85   83   82   80   79   77   75   72   71   70   71   73   74   74   73   70
   66   61   58   57   57   58   60   61   61   62   62   62   64   66   68   70
   71   73   72   69   66   64   66   68   73   79   84   88   92   95   97   99
  102  105  109  112  114  117  121  127  130
    45.0-180.0 180.0   5.0 450.0                            LAT/LON1/LON2/DLON/H
  140  141  142  141  141  141  136  130  124  118  113  107  103   98   95   91
   88   86   84   83   83   83   82   80   79   79   79   81   81   80   78   75
   71   67   65   65   65   67   69   69   68   67   66   66   67   70   73   77
   78   79   78   75   71   69   69   72   78   84   89   92   95   96   98  101
  104  108  112  116  120  124  130  136  140
    42.5-180.0 180.0   5.0 450.0                            LAT/LON1/LON2/DLON/H
  148  150  151  150  151  149  144  137  131  126  121  116  111  107  103   99
   95   91   88   88   89   91   90   89   88   87   86   87   85   83   80   76
   73   71   70   70   71   73   75   74   73   70   69   69   71   74   78   81
   84   84   83   79   75   71   71   75   83   90   95   97   99   99  100  103
  107  111  115  121  126  132  139  144  148
    40.0-180.0 180.0   5.0 450.0                            LAT/LON1/LON2/DLON/H
  157  160  161  159  158  156  150  143  136  132  128  124  120  116  112  108
  103   99   95   95   96   98   98   97   94   92   90   89   86   83   79   75
   73   71   72   74   76   78   79   78   76   73   72   72   74   78   81   85
   86   86   84   80   76   72   73   79   87   95  100  102  103  103  103  106
  109  113  118  124  131  139  146  153  157
    37.5-180.0 180.0   5.0 450.0                            LAT/LON1/LON2/DLON/H
  165  169  171  169  166  161  154  147  140  137  134  130  128  125  121  117
  112  107  104  103  104  105  105  103   99   95   92   89   86   81   77   73
   72   72   74   76   79   81   82   80   78   76   74   75   77   80   83   85
   85   84   81   77   73   71   73   81   90   99  105  107  107  107  108  110
  113  116  121  127  135  144  153  161  165
    35.0-180.0 180.0   5.0 450.0                            LAT/LON1/LON2/DLON/H
  176  180  181  178  174  168  159  150  143  140  138  135  135  132  130  126
  122  116  112  111  111  111  111  106  100   94   91   87   84   79   75   72
   72   74   76   79   81   83   83   82   80   77   76   77   79   82   84   84
   82   79   75   72   69   68   72   81   92  101  108  111  112  112  113  116
  118  121  125  132  140  150  160  169  176
    32.5-180.0 180.0   5.0 450.0                            LAT/LON1/LON2/DLON/H
  188  192  193  189  184  176  166  155  147  144  141  139  139  139  137  135
  130  124  120  117  116  115  113  107   99   92   89   85   82   79   76   74
   75   77   79   81   83   84   84   82   80   79   78   79   81   84   84   81
   77   72   68   66   64   65   70   79   91  103  110  114  115  117  119  122
  124  127  131  138  147  157  168  180  188
    30.0-180.0 180.0   5.0 450.0                            LAT/LON1/LON2/DLON/H
  205  211  210  204  199  190  177  166  155  150  145  143  143  143  142  139
  135  130  125  121  119  117  112  104   96   90   88   86   84   81   80   79
   80   82   83   83   84   83   83   81   80   80   80   81   83   84   83   78
   71   65   62   60   59   62   68   79   92  104  111  116  119  121  125  128
  131  134  138  147  158  170  183  196  205
    27.5-180.0 180.0   5.0 450.0                            LAT/LON1/LON2/DLON/H
  229  237  238  230  223  212  199  185  171  162  154  149  147  145  144  141
  138  132  127  122  119  116  109  100   94   92   91   90   89   88   87   87
   88   88   87   85   84   82   82   80   81   81   82   82   83   83   80   73
   66   60   56   55   56   59   67   78   92  104  112  118  122  126  130  135
  139  143  148  159  173  188  203  218  229
    25.0-180.0 180.0   5.0 450.0                            LAT/LON1/LON2/DLON/H
  259  270  275  266  256  244  230  213  196  181  169  160  154  148  143  140
  136  131  125  121  118  113  106   99   95   98  100   99   99   98   98   98
   98   96   93   88   84   82   81   80   81   82   82   82   83   81   76   68
   61   54   52   51   53   57   65   77   91  103  112  119  124  129  135  142
  148  152  161  173  190  208  226  245  259
    22.5-180.0 180.0   5.0 450.0                            LAT/LON1/LON2/DLON/H
  292  311  313  307  296  287  270  249  228  209  190  176  164  155  145  140
  135  128  123  118  115  112  106  102  103  108  112  113  113  111  110  110
  109  105  100   92   87   82   80   81   83   83   83   83   82   79   72   63
   56   51   49   49   50   55   64   76   90  102  113  120  126  132  140  148
  156  164  175  189  210  231  251  272  292
    20.0-180.0 180.0   5.0 450.0                            LAT/LON1/LON2/DLON/H
  319  343  353  351  342  331  312  290  266  242  218  199  181  166  152  143
  135  128  121  116  114  112  111  112  117  123  129  130  127  125  122  121
  120  115  107   98   92   85   82   83   86   85   85   84   82   77   69   60
   53   48   46   46   47   52   61   74   88  102  113  122  128  134  144  154
  165  176  189  206  230  252  273  296  319
    17.5-180.0 180.0   5.0 450.0                            LAT/LON1/LON2/DLON/H
  335  360  378  383  380  373  358  339  310  282  253  228  204  182  162  148
  138  131  124  118  115  116  119  127  134  142  147  146  141  135  131  132
  130  123  113  103   98   90   87   87   89   89   87   85   82   75   67   58
   51   46   45   44   45   49   58   71   87  102  115  125  131  138  149  161
  174  188  202  221  245  268  289  313  335
    15.0-180.0 180.0   5.0 450.0                            LAT/LON1/LON2/DLON/H
  338  362  381  395  403  403  397  381  351  321  292  262  232  204  178  160
  148  140  132  126  123  126  132  143  153  162  164  161  152  144  140  138
  136  129  120  109  104   98   94   93   92   91   88   86   80   74   65   56
   50   46   45   44   43   46   55   70   87  104  118  129  137  145  155  168
  182  197  214  234  256  277  296  316  338
    12.5-180.0 180.0   5.0 450.0                            LAT/LON1/LON2/DLON/H
  325  348  366  386  403  412  412  400  379  352  325  295  262  231  199  179
  166  157  148  141  138  141  149  161  172  178  177  173  160  149  144  142
  140  134  126  117  114  107  102   98   96   93   89   84   78   71   63   56
   50   47   45   42   41   44   54   70   88  106  122  134  143  152  163  175
  189  205  223  241  260  277  291  307  325
    10.0-180.0 180.0   5.0 450.0                            LAT/LON1/LON2/DLON/H
  301  318  340  361  383  399  403  398  387  368  351  321  289  259  228  203
  190  179  170  163  158  159  167  178  187  189  185  177  161  149  145  144
  142  138  132  126  124  117  110  104   98   93   87   81   75   69   63   56
   51   48   45   42   40   42   53   70   89  109  125  138  149  159  170  183
  196  210  227  244  259  270  279  288  301
     7.5-180.0 180.0   5.0 450.0                            LAT/LON1/LON2/DLON/H
  273  286  305  327  349  369  379  381  378  371  359  338  313  283  256  231
  217  207  196  189  182  180  184  191  196  193  183  169  154  146  145  146
  145  141  137  134  131  124  116  107   99   91   85   79   74   69   63   58
   53   48   45   41   40   42   52   69   90  109  126  140  151  163  177  189
  202  215  230  243  255  261  265  268  273
     5.0-180.0 180.0   5.0 450.0                            LAT/LON1/LON2/DLON/H
  252  260  273  293  314  335  347  352  355  359  356  343  325  302  280  258
  246  237  225  216  208  203  201  201  199  189  172  156  146  144  147  149
  148  144  140  138  135  128  119  109   98   88   83   78   74   70   65   59
   53   48   44   41   39   41   52   70   90  109  124  138  151  165  180  193
  205  218  231  243  252  255  255  252  252
     2.5-180.0 180.0   5.0 450.0                            LAT/LON1/LON2/DLON/H
  246  247  255  270  288  307  319  326  331  339  344  340  329  314  297  281
  272  265  254  243  232  224  217  209  199  183  163  148  142  146  151  153
  151  145  140  137  133  126  117  107   96   87   83   78   75   72   67   59
   52   46   43   40   38   41   52   70   90  107  120  133  148  164  180  193
  206  219  231  242  251  255  253  248  246
