ionex_files/bejaia/igsg0740.21i
     1.0            IONOSPHERE MAPS     MIX                 IONEX VERSION / TYPE
cmpcmb v1.2          GRL/UWM             1-apr-21 10:02     PGM / RUN BY / DATE 
ionex file containing IGS COMBINED Ionosphere maps          COMMENT             
global ionosphere maps for day 074, 2021                    DESCRIPTION         
IONEX file containing the COMBINED IGS TEC MAPS and DCBs    DESCRIPTION         
      IONEX files of the following IAACs were combined: cod DESCRIPTION         
                                                        esa DESCRIPTION         
                                                        jpl DESCRIPTION         
                                                        upc DESCRIPTION         
Contact address: Andrzej Krankowski                         DESCRIPTION
                 Geodynamics Research Laboratory            DESCRIPTION
                 University of Warmia and Mazury (GRL/UWM)  DESCRIPTION
                 Oczapowski St. 1                           DESCRIPTION
                 10-957-Olsztyn, POLAND                     DESCRIPTION
                 e-mail:  kand@uwm.edu.pl                   DESCRIPTION
                                                            DESCRIPTION         
  2021     3    15     0     0     0                        EPOCH OF FIRST MAP  
  2021     3    16     0     0     0                        EPOCH OF LAST MAP   
  7200                                                      INTERVAL            
    13                                                      # OF MAPS IN FILE   
  COSZ                                                      MAPPING FUNCTION    
     0.0                                                    ELEVATION CUTOFF    
combined TEC calculated as weighted mean of input TEC valuesOBSERVABLES USED    
   371                                                      # OF STATIONS       
    32                                                      # OF SATELLITES     
  6371.0                                                    BASE RADIUS         
     2                                                      MAP DIMENSION       
   450.0 450.0   0.0                                        HGT1 / HGT2 / DHGT  
    87.5 -87.5  -2.5                                        LAT1 / LAT2 / DLAT  
  -180.0 180.0   5.0                                        LON1 / LON2 / DLON  
    -1                                                      EXPONENT            
TEC values in 0.1 tec units;  9999, if no value available   COMMENT             
DCB values in nanoseconds, reference is Sum_of_SatDCBs = 0  COMMENT             
                                                            END OF HEADER       
[from data line 4290]
    11                                                      START OF TEC MAP    
  2021     3    15    20     0     0                        EPOCH OF CURRENT MAP
    87.5-180.0 180.0   5.0 450.0                            LAT/LON1/LON2/DLON/H
   43   43   44   43   45   45   45   45   46   46   46   46   47   47   47   47
   46   46   46   46   46   46   46   46   45   45   45   44   44   43   43   43
   42   41   41   40   40   40   40   39   39   38   38   38   37   37   37   37
   37   37   37   37   37   37   37   37   37   37   37   37   37   38   38   39
   39   39   40   40   41   41   42   42   43
    85.0-180.0 180.0   5.0 450.0                            LAT/LON1/LON2/DLON/H
   44   45   46   47   47   48   50   50   51   52   52   53   53   53   53   53
   53   53   53   52   52   52   51   51   50   49   48   47   46   45   44   43
   42   41   40   39   39   38   37   37   36   36   35   35   35   34   34   34
   34   34   34   34   34   34   34   34   34   34   34   34   35   35   36   37
   37   38   39   39   40   41   42   43   44
    82.5-180.0 180.0   5.0 450.0                            LAT/LON1/LON2/DLON/H
   44   46   47   49   50   51   52   54   55   56   57   58   58   59   59   59
   59   59   59   59   58   57   56   55   54   53   51   50   48   47   46   44
   43   41   40   39   38   37   36   36   35   35   35   34   34   34   34   34
   33   33   32   32   32   32   32   32   31   31   32   32   32   33   33   34
   35   36   37   38   39   41   42   43   44
    80.0-180.0 180.0   5.0 450.0                            LAT/LON1/LON2/DLON/H
   45   47   48   50   51   53   55   56   58   59   60   61   62   63   63   63
   64   64   64   63   63   61   60   59   57   56   54   52   50   48   46   43
   42   40   39   38   36   35   35   34   34   34   34   34   33   33   33   33
   33   33   32   32   31   30   30   29   29   29   29   29   30   30   31   32
   33   34   35   37   38   39   41   43   45
    77.5-180.0 180.0   5.0 450.0                            LAT/LON1/LON2/DLON/H
   46   48   50   52   53   55   56   58   60   61   62   64   65   65   66   66
   67   67   66   66   66   65   64   62   60   59   56   53   50   48   45   43
   41   39   37   36   35   34   33   33   32   32   32   32   32   32   32   32
   32   31   31   30   30   29   28   28   27   27   27   27   27   27   28   29
   30   31   33   35   36   39   41   43   46
    75.0-180.0 180.0   5.0 450.0                            LAT/LON1/LON2/DLON/H
   47   50   52   54   55   57   58   59   61   63   64   65   66   67   68   68
   68   68   68   68   67   66   64   63   61   59   57   55   51   48   45   42
   39   37   35   34   33   31   30   30   30   31   30   30   30   29   29   29
   29   28   28   28   27   27   27   26   26   25   24   24   24   24   25   25
   27   29   31   33   36   39   42   45   47
    72.5-180.0 180.0   5.0 450.0                            LAT/LON1/LON2/DLON/H
   50   52   54   56   58   59   60   62   63   64   66   67   68   69   69   70
   70   70   69   68   66   65   64   63   61   60   58   55   51   47   43   40
   37   34   33   31   30   29   28   27   27   27   27   26   26   26   25   24
   24   24   25   25   25   24   24   24   23   23   22   22   21   21   22   22
   24   26   29   32   35   39   43   46   50
    70.0-180.0 180.0   5.0 450.0                            LAT/LON1/LON2/DLON/H
   52   55   58   60   61   62   62   64   65   66   68   70   71   71   72   72
   72   71   69   67   66   65   64   63   62   60   58   55   51   47   42   39
   35   32   30   28   27   26   25   24   24   23   22   22   21   21   20   19
   19   19   20   20   21   21   21   21   20   20   20   19   19   19   19   20
   21   24   27   31   35   40   44   48   52
    67.5-180.0 180.0   5.0 450.0                            LAT/LON1/LON2/DLON/H
   56   59   61   63   64   65   66   66   68   70   71   73   74   75   76   76
   75   72   70   68   67   66   65   64   63   61   59   56   52   47   42   38
   35   31   29   26   25   23   22   22   21   20   19   18   17   16   16   15
   15   15   16   16   17   18   18   18   18   18   18   18   18   17   18   18
   20   23   26   30   36   41   46   52   56
    65.0-180.0 180.0   5.0 450.0                            LAT/LON1/LON2/DLON/H
   59   62   65   67   68   68   69   70   71   72   75   76   78   80   81   80
   78   76   73   70   69   67   67   66   65   64   61   57   53   49   44   39
   35   32   29   26   24   22   21   20   19   18   17   16   15   14   13   13
   13   13   13   15   15   16   16   16   17   17   17   18   18   18   18   18
   20   22   26   31   36   42   48   54   59
    62.5-180.0 180.0   5.0 450.0                            LAT/LON1/LON2/DLON/H
   61   65   68   70   71   72   73   73   74   76   78   80   82   84   85   85
   84   81   78   75   72   71   70   70   69   67   64   60   56   51   46   41
   38   34   30   27   25   22   21   20   19   18   17   16   15   14   14   13
   13   13   14   15   16   16   16   16   17   18   19   19   20   21   21   21
   22   24   27   32   37   44   50   56   61
    60.0-180.0 180.0   5.0 450.0                            LAT/LON1/LON2/DLON/H
   63   68   71   74   75   76   77   77   78   79   81   83   85   88   91   91
   90   88   84   81   78   76   75   74   72   70   67   63   59   55   50   45
   41   38   33   30   27   24   22   21   21   20   19   19   18   18   17   17
   17   17   18   18   18   18   18   19   20   21   22   23   25   25   25   25
   26   27   29   34   39   45   51   58   63
    57.5-180.0 180.0   5.0 450.0                            LAT/LON1/LON2/DLON/H
   65   70   74   77   79   80   81   82   82   83   84   86   89   93   96   96
   96   93   90   86   84   82   79   77   75   73   70   66   63   59   55   50
   46   42   38   34   30   27   25   24   24   24   25   25   24   24   23   23
   23   23   23   23   23   23   23   23   24   26   28   29   30   31   31   31
   31   31   33   36   40   46   52   59   65
    55.0-180.0 180.0   5.0 450.0                            LAT/LON1/LON2/DLON/H
   66   72   76   80   83   86   87   87   88   88   88   90   92   96   99  100
  100   99   95   92   90   87   83   81   78   76   73   70   67   64   60   56
   53   48   44   39   35   32   30   30   30   30   32   33   32   33   31   31
   31   31   31   30   30   29   29   30   31   32   34   37   38   38   38   37
   37   36   37   39   44   48   54   60   66
    52.5-180.0 180.0   5.0 450.0                            LAT/LON1/LON2/DLON/H
   68   74   79   84   88   92   94   94   95   94   94   95   97   99  102  104
  104  103  100   97   94   91   88   85   82   79   76   74   71   69   66   62
   59   54   49   45   41   38   36   36   37   38   40   41   41   41   40   39
   39   40   40   39   38   38   38   38   39   40   42   44   45   46   45   45
   43   42   43   45   48   52   57   62   68
    50.0-180.0 180.0   5.0 450.0                            LAT/LON1/LON2/DLON/H
   72   77   83   89   94   99  102  104  105  104  103  103  104  105  107  107
  108  107  104  101   97   94   91   87   85   82   80   78   77   75   71   67
   64   60   55   51   47   45   44   44   44   46   48   48   49   49   48   48
   48   48   48   48   48   48   47   47   48   49   50   50   52   53   52   52
   50   49   49   50   53   56   61   67   72
    47.5-180.0 180.0   5.0 450.0                            LAT/LON1/LON2/DLON/H
   77   82   88   94  101  106  111  115  117  116  116  115  114  114  113  113
  112  111  108  105  102   98   95   91   88   86   84   83   82   80   76   71
   67   63   59   55   53   52   51   52   53   54   54   56   56   56   55   55
   55   56   56   57   56   56   56   56   56   56   56   56   57   58   59   59
   57   55   54   55   58   62   67   72   77
    45.0-180.0 180.0   5.0 450.0                            LAT/LON1/LON2/DLON/H
   83   89   94  101  108  115  121  126  130  132  132  130  128  126  124  121
  119  116  113  110  107  104  100   97   94   91   90   89   87   85   79   74
   69   65   62   59   58   58   59   59   59   60   60   61   62   62   61   61
   62   63   63   64   64   63   62   62   60   60   60   60   61   63   64   64
   62   60   58   59   63   67   73   78   83
    42.5-180.0 180.0   5.0 450.0                            LAT/LON1/LON2/DLON/H
   90   96  101  108  116  124  131  139  144  147  149  148  146  142  137  133
  128  124  120  117  114  111  108  104  101   98   97   95   92   87   82   75
   70   66   63   63   63   64   65   65   64   64   64   65   66   67   66   67
   67   68   69   69   69   68   67   65   64   63   62   62   63   65   67   67
   66   63   62   65   68   73   79   85   90
    40.0-180.0 180.0   5.0 450.0                            LAT/LON1/LON2/DLON/H
   97  103  108  115  123  132  141  150  157  163  166  167  164  160  154  148
  140  135  130  126  123  120  116  112  109  106  104  101   96   90   83   77
   71   67   66   66   67   69   70   69   68   67   68   69   70   71   71   71
   71   72   72   72   71   70   69   67   66   65   63   64   65   67   69   69
   68   65   65   68   73   79   86   91   97
    37.5-180.0 180.0   5.0 450.0                            LAT/LON1/LON2/DLON/H
  104  109  115  122  132  141  151  160  168  176  181  184  183  179  172  164
  155  148  141  137  134  130  126  122  117  114  111  107  101   92   85   78
   73   70   69   69   72   73   74   72   71   70   70   71   73   74   74   74
   73   72   72   72   71   69   69   67   67   65   64   64   66   68   70   70
   69   67   67   71   78   85   92   98  104
    35.0-180.0 180.0   5.0 450.0                            LAT/LON1/LON2/DLON/H
  109  115  122  129  139  149  159  169  178  186  194  198  200  197  189  181
  171  161  154  148  144  141  136  130  126  123  119  113  105   96   88   82
   78   75   74   74   76   78   78   76   72   70   71   73   75   76   77   75
   75   72   71   70   69   68   67   67   65   63   62   63   65   68   70   70
   69   67   68   73   81   89   97  104  109
    32.5-180.0 180.0   5.0 450.0                            LAT/LON1/LON2/DLON/H
  115  122  128  136  146  156  167  178  187  195  204  210  214  212  207  197
  186  175  165  160  155  150  144  139  134  131  127  120  111  101   94   90
   87   85   83   81   82   83   81   77   73   71   71   74   76   78   78   75
   73   70   69   68   68   67   67   66   64   61   61   63   65   67   69   69
   67   66   68   75   83   92  101  108  115
    30.0-180.0 180.0   5.0 450.0                            LAT/LON1/LON2/DLON/H
  120  128  135  143  153  165  177  187  196  205  214  220  226  227  221  213
  200  187  177  170  165  159  152  145  142  139  135  129  119  109  104  102
  102   99   94   91   89   87   84   78   74   72   72   74   77   79   77   73
   71   68   67   67   68   68   68   67   65   62   61   62   63   66   67   67
   65   65   68   76   85   95  104  113  120
    27.5-180.0 180.0   5.0 450.0                            LAT/LON1/LON2/DLON/H
  126  135  142  151  162  174  188  198  207  216  223  231  237  239  235  227
  213  199  187  180  175  167  159  153  149  148  145  140  132  123  119  119
  120  116  109  103   98   93   87   81   76   74   74   76   79   79   76   73
   70   68   67   69   70   72   71   70   67   64   62   62   63   64   65   64
   62   62   66   76   87   97  108  117  126
    25.0-180.0 180.0   5.0 450.0                            LAT/LON1/LON2/DLON/H
  133  143  152  161  171  185  200  212  222  230  237  243  251  254  250  241
  226  211  198  191  185  177  168  161  159  159  158  155  148  143  140  142
  143  137  126  117  108  100   94   86   80   77   79   81   83   82   78   74
   70   69   69   71   74   77   77   75   71   67   64   63   62   63   63   62
   59   59   64   75   89  102  113  123  133
    22.5-180.0 180.0   5.0 450.0                            LAT/LON1/LON2/DLON/H
  140  152  163  173  184  198  213  229  240  248  255  261  269  273  270  260
  243  226  211  204  197  189  180  173  171  174  176  175  170  167  167  169
  168  160  146  132  119  113  103   93   86   85   86   90   90   88   84   79
   75   72   72   77   81   84   83   81   76   70   66   63   62   62   61   58
   56   56   62   74   90  105  118  129  140
    20.0-180.0 180.0   5.0 450.0                            LAT/LON1/LON2/DLON/H
  148  161  173  185  199  213  232  249  261  271  280  286  293  296  294  283
  265  246  229  222  215  207  197  189  187  193  197  197  195  195  197  198
  196  183  168  147  133  123  113  104   97   96   98  102  104  100   94   87
   83   79   80   84   89   91   92   88   81   74   69   64   61   61   59   55
   53   53   60   74   92  108  123  136  148
    17.5-180.0 180.0   5.0 450.0                            LAT/LON1/LON2/DLON/H
  157  172  185  198  213  231  251  270  286  298  308  316  325  326  324  312
  293  272  254  245  238  229  218  209  207  212  219  221  221  224  228  228
  222  203  182  160  142  132  122  116  112  111  113  118  119  114  107  100
   95   89   90   93   98   99   99   94   86   78   71   66   62   59   56   53
   50   51   59   74   94  112  128  143  157
    15.0-180.0 180.0   5.0 450.0                            LAT/LON1/LON2/DLON/H
  167  182  196  211  227  247  270  291  312  326  338  350  358  361  360  347
  326  304  284  273  267  258  246  233  228  232  239  244  247  250  254  252
  240  218  193  167  149  139  132  129  128  129  131  135  136  131  125  117
  110  104  102  103  106  108  107  101   92   82   73   67   62   58   54   51
   48   50   59   75   95  115  134  150  167
    12.5-180.0 180.0   5.0 450.0                            LAT/LON1/LON2/DLON/H
  176  192  207  223  240  261  286  310  333  350  367  383  394  400  401  387
  365  341  323  310  303  293  278  262  253  254  258  263  267  270  272  266
  251  228  200  174  156  147  143  143  144  145  149  152  152  149  145  137
  129  119  115  112  114  114  111  105   96   85   75   67   61   56   53   50
   48   50   60   77   98  119  138  158  176
    10.0-180.0 180.0   5.0 450.0                            LAT/LON1/LON2/DLON/H
  185  203  218  234  251  272  298  325  349  369  389  409  425  441  442  430
  407  382  365  353  344  331  313  292  278  275  276  279  282  282  280  273
  257  233  206  182  164  157  156  157  158  160  163  166  168  169  165  157
  147  135  125  120  117  116  112  106   97   86   76   67   61   56   53   49
   48   51   62   79  101  122  144  164  185
     7.5-180.0 180.0   5.0 450.0                            LAT/LON1/LON2/DLON/H
  192  211  228  244  261  282  306  331  355  378  400  423  445  467  476  472
  444  424  407  396  384  369  347  322  303  294  293  292  292  290  284  276
  261  238  212  190  176  170  169  168  169  171  172  174  180  184  182  174
  163  145  133  124  119  115  110  103   95   85   76   68   62   57   53   50
   49   53   64   81  103  125  147  170  192
     5.0-180.0 180.0   5.0 450.0                            LAT/LON1/LON2/DLON/H
  196  216  234  251  269  290  311  330  352  376  397  423  449  473  493  494
  475  460  447  435  422  404  378  349  325  313  308  305  302  295  288  279
  264  243  219  200  188  183  180  178  177  177  176  179  186  192  191  182
  172  153  138  126  117  110  104   98   91   83   76   69   62   57   55   53
   52   55   65   83  105  127  150  173  196
     2.5-180.0 180.0   5.0 450.0                            LAT/LON1/LON2/DLON/H
  197  218  236  255  275  296  313  329  345  364  387  410  436  464  487  497
  493  484  475  466  453  432  404  372  346  331  323  316  310  302  293  282
  266  245  225  210  199  193  188  183  180  178  176  179  185  190  190  181
  172  153  138  124  113  104   97   92   86   79   74   68   62   58   57   55
   55   58   68   85  106  128  151  173  197
