ionex_files/bejaia/igsg0630.21i
     1.0            IONOSPHERE MAPS     MIX                 IONEX VERSION / TYPE
cmpcmb v1.2          GRL/UWM            18-mar-21 03:55     PGM / RUN BY / DATE 
ionex file containing IGS COMBINED Ionosphere maps          COMMENT             
global ionosphere maps for day 063, 2021                    DESCRIPTION         
IONEX file containing the COMBINED IGS TEC MAPS and DCBs    DESCRIPTION         
      IONEX files of the following IAACs were combined: cod DESCRIPTION         
                                                        esa DESCRIPTION         
                                                        jpl DESCRIPTION         
                                                        upc DESCRIPTION         
Contact address: Andrzej Krankowski                         DESCRIPTION
                 Geodynamics Research Laboratory            DESCRIPTION
                 University of Warmia and Mazury (GRL/UWM)  DESCRIPTION
                 Oczapowski St. 1                           DESCRIPTION
                 10-957-Olsztyn, POLAND                     DESCRIPTION
                 e-mail:  kand@uwm.edu.pl                   DESCRIPTION
                                                            DESCRIPTION         
  2021     3     4     0     0     0                        EPOCH OF FIRST MAP  
  2021     3     5     0     0     0                        EPOCH OF LAST MAP   
  7200                                                      INTERVAL            
    13                                                      # OF MAPS IN FILE   
  COSZ                                                      MAPPING FUNCTION    
     0.0                                                    ELEVATION CUTOFF    
combined TEC calculated as weighted mean of input TEC valuesOBSERVABLES USED    
   379                                                      # OF STATIONS       
    32                                                      # OF SATELLITES     
  6371.0                                                    BASE RADIUS         
     2                                                      MAP DIMENSION       
   450.0 450.0   0.0                                        HGT1 / HGT2 / DHGT  
    87.5 -87.5  -2.5                                        LAT1 / LAT2 / DLAT  
  -180.0 180.0   5.0                                        LON1 / LON2 / DLON  
    -1                                                      EXPONENT            
TEC values in 0.1 tec units;  9999, if no value available   COMMENT             
DCB values in nanoseconds, reference is Sum_of_SatDCBs = 0  COMMENT             
                                                            END OF HEADER       
     1                                                      START OF TEC MAP    
  2021     3     4     0     0     0                        EPOCH OF CURRENT MAP
    87.5-180.0 180.0   5.0 450.0                            LAT/LON1/LON2/DLON/H
   34   34   34   34   34   34   34   34   34   33   33   32   32   32   32   31
   31   30   30   30   29   28   28   27   27   26   25   25   24   24   23   23
   23   22   22   22   22   22   22   22   23   23   23   23   24   24   25   25
   26   27   27   28   28   29   30   30   31   31   32   32   33   33   34   34
   34   34   35   35   35   35   35   35   34
    85.0-180.0 180.0   5.0 450.0                            LAT/LON1/LON2/DLON/H
   40   40   40   39   39   39   39   38   38   38   38   38   37   37   37   36
   35   35   34   32   32   31   30   28   27   26   25   23   22   22   20   20
   19   18   18   17   17   17   17   18   18   19   20   20   21   22   23   24
   25   27   28   29   30   31   33   34   34   35   37   37   38   38   39   40
   40   40   41   40   41   41   40   41   40
    82.5-180.0 180.0   5.0 450.0                            LAT/LON1/LON2/DLON/H
   45   45   45   46   45   46   46   46   46   46   45   45   45   44   44   44
   43   42   41   40   38   36   34   32   30   29   27   25   23   21   20   18
   17   16   15   15   15   15   15   16   17   17   19   20   21   22   24   25
   27   28   29   31   32   34   36   37   38   40   41   42   42   43   44   45
   45   45   47   47   47   47   46   46   45
    80.0-180.0 180.0   5.0 450.0                            LAT/LON1/LON2/DLON/H
   50   51   51   50   52   51   51   52   51   52   52   52   52   52   52   51
   51   51   49   48   46   44   40   37   35   32   30   28   26   24   22   20
   19   18   17   16   16   16   17   17   18   19   20   21   22   24   25   26
   28   29   31   32   34   36   37   39   41   42   43   44   45   46   47   48
   49   50   51   51   51   51   50   51   50
    77.5-180.0 180.0   5.0 450.0                            LAT/LON1/LON2/DLON/H
   54   54   55   55   55   55   55   55   56   56   56   57   58   58   59   59
   58   57   56   54   53   51   47   44   42   38   35   32   30   28   26   23
   22   21   21   21   21   22   22   22   23   24   25   25   26   26   27   27
   28   30   31   32   33   35   36   38   40   41   42   44   45   46   48   49
   50   51   52   53   53   53   54   54   54
    75.0-180.0 180.0   5.0 450.0                            LAT/LON1/LON2/DLON/H
   58   58   58   58   59   59   60   60   60   60   61   63   63   63   63   63
   62   61   60   58   56   54   51   49   46   43   40   36   34   32   30   30
   28   27   27   27   27   28   29   29   29   29   29   30   29   29   29   29
   28   29   29   31   31   32   33   34   36   37   39   41   43   44   46   48
   49   51   52   53   54   55   56   57   58
    72.5-180.0 180.0   5.0 450.0                            LAT/LON1/LON2/DLON/H
   62   63   63   63   63   64   65   64   64   65   66   65   65   65   65   64
   63   63   60   59   57   55   52   50   48   46   43   40   38   36   34   33
   33   32   33   33   34   34   34   34   35   34   33   33   33   31   30   28
   28   27   27   28   28   29   29   30   31   33   35   37   39   42   44   46
   48   50   52   54   56   58   60   61   62
    70.0-180.0 180.0   5.0 450.0                            LAT/LON1/LON2/DLON/H
   67   68   69   69   69   69   69   70   69   69   69   68   67   66   65   63
   62   60   58   57   55   54   51   50   48   46   45   43   40   39   38   37
   36   36   36   36   36   37   37   37   37   36   35   34   33   31   29   27
   25   25   24   25   24   24   24   25   27   29   32   34   37   39   42   45
   48   50   53   56   59   62   64   66   67
    67.5-180.0 180.0   5.0 450.0                            LAT/LON1/LON2/DLON/H
   73   74   75   74   74   74   74   73   73   73   72   70   67   66   63   60
   59   56   54   53   51   50   48   47   47   46   44   43   41   40   40   38
   37   36   36   36   36   35   34   34   34   34   33   33   31   30   28   26
   24   23   22   22   21   21   21   22   23   26   29   33   36   40   43   47
   50   53   57   60   64   66   69   71   73
    65.0-180.0 180.0   5.0 450.0                            LAT/LON1/LON2/DLON/H
   78   79   79   78   78   77   76   76   76   75   73   71   68   64   60   57
   55   52   50   48   46   46   44   43   43   43   42   41   40   40   39   38
   37   35   33   33   32   30   29   29   30   30   30   29   28   27   26   25
   23   21   21   21   20   18   19   20   22   25   30   34   39   44   49   52
   56   60   63   66   69   73   75   77   78
    62.5-180.0 180.0   5.0 450.0                            LAT/LON1/LON2/DLON/H
   83   83   83   81   80   79   78   78   77   76   74   71   68   63   58   54
   52   49   46   44   42   41   39   38   39   38   39   39   39   40   38   36
   34   32   30   27   26   23   22   22   23   24   25   24   24   25   24   23
   21   20   20   20   20   19   19   21   24   28   34   39   46   51   56   60
   65   67   71   74   76   78   80   82   83
    60.0-180.0 180.0   5.0 450.0                            LAT/LON1/LON2/DLON/H
   88   87   86   83   81   80   79   78   77   76   73   71   67   63   58   54
   51   47   44   41   39   37   34   34   35   35   35   35   36   37   36   33
   30   28   25   22   19   16   15   16   17   18   20   21   21   23   23   21
   22   21   21   21   21   21   22   25   29   35   41   47   54   60   65   70
   74   77   79   81   83   84   86   87   88
    57.5-180.0 180.0   5.0 450.0                            LAT/LON1/LON2/DLON/H
   91   89   88   85   83   81   80   79   77   75   73   70   66   63   59   56
   52   48   44   40   37   34   31   31   31   31   32   33   33   33   33   30
   28   26   22   18   15   12   11   13   14   16   18   19   21   22   22   23
   24   24   25   25   25   26   27   31   36   42   50   56   63   69   75   80
   82   86   88   88   89   90   91   91   91
    55.0-180.0 180.0   5.0 450.0                            LAT/LON1/LON2/DLON/H
   95   93   91   89   86   84   82   80   78   75   72   68   65   62   60   58
   55   52   47   42   38   34   30   29   30   29   31   31   32   31   30   29
   27   25   21   17   14   12   12   13   16   18   20   21   23   24   25   27
   29   30   31   31   31   32   33   37   42   49   57   64   71   77   82   87
   91   93   95   95   95   96   96   96   95
    52.5-180.0 180.0   5.0 450.0                            LAT/LON1/LON2/DLON/H
  101   99   97   95   92   89   87   84   81   77   73   68   65   63   62   60
   58   56   52   47   41   36   33   32   31   30   31   32   33   32   31   30
   29   27   23   19   17   16   17   19   21   23   25   26   27   29   30   32
   34   36   38   37   37   38   39   43   49   56   63   71   77   83   87   92
   96   98  102  102  102  102  102  102  101
    50.0-180.0 180.0   5.0 450.0                            LAT/LON1/LON2/DLON/H
  110  108  106  104  102   99   95   91   86   81   74   69   66   64   63   62
   61   60   56   52   46   41   39   37   36   35   35   36   36   35   34   33
   32   31   29   27   25   25   27   29   30   32   33   33   34   35   37   38
   40   42   43   43   43   43   45   49   55   62   70   76   81   86   90   95
   99  103  107  108  109  109  110  110  110
    47.5-180.0 180.0   5.0 450.0                            LAT/LON1/LON2/DLON/H
  120  120  118  117  114  111  106  101   94   87   79   73   69   67   66   65
   64   63   60   56   52   48   45   44   42   42   41   41   41   40   38   38
   37   37   36   35   35   36   38   40   42   43   43   43   42   43   44   46
   48   50   50   49   48   48   50   54   60   68   75   81   84   88   92   96
  101  106  110  112  114  116  118  119  120
    45.0-180.0 180.0   5.0 450.0                            LAT/LON1/LON2/DLON/H
  132  133  132  130  127  124  119  112  103   95   85   79   74   71   70   69
   68   66   63   60   57   55   52   50   50   49   48   48   46   45   42   42
   43   44   44   44   45   46   49   51   53   53   52   52   51   52   53   54
   57   57   56   55   54   52   54   58   65   73   80   85   88   92   95   99
  103  108  113  115  119  123  127  130  132
    42.5-180.0 180.0   5.0 450.0                            LAT/LON1/LON2/DLON/H
  142  143  143  142  138  135  129  121  112  102   93   86   81   78   75   74
   72   70   68   65   64   62   60   58   58   57   56   55   52   49   46   45
   47   49   50   51   53   56   59   60   62   61   61   60   60   61   62   64
   65   65   63   61   59   57   58   63   70   79   86   91   94   97  101  105
  108  112  115  120  125  130  135  140  142
    40.0-180.0 180.0   5.0 450.0                            LAT/LON1/LON2/DLON/H
  152  153  153  151  147  143  136  128  119  109  100   93   89   85   83   81
   79   76   73   72   71   70   68   67   67   66   64   62   60   54   50   49
   50   53   55   57   59   61   65   67   68   68   68   68   68   69   70   71
   71   70   68   66   63   61   62   67   76   85   92   98  101  105  108  112
  114  117  119  125  131  137  142  147  152
    37.5-180.0 180.0   5.0 450.0                            LAT/LON1/LON2/DLON/H
  159  160  161  158  153  148  139  130  123  114  106  101   96   94   93   91
   88   84   81   81   80   80   78   76   75   74   71   69   66   60   55   52
   53   56   58   60   62   65   68   71   72   73   73   74   74   74   76   76
   74   72   69   67   64   62   63   70   79   90   98  104  108  112  116  121
  123  124  126  130  137  143  149  153  159
    35.0-180.0 180.0   5.0 450.0                            LAT/LON1/LON2/DLON/H
  164  168  168  164  158  148  138  129  123  116  112  108  105  104  103  102
   99   95   91   90   90   90   88   84   81   79   78   76   72   66   61   58
   58   60   62   63   65   67   70   72   74   75   75   76   76   77   78   77
   74   71   68   65   63   62   64   71   81   93  102  109  114  119  125  130
  132  132  134  136  143  149  155  160  164
    32.5-180.0 180.0   5.0 450.0                            LAT/LON1/LON2/DLON/H
  172  175  174  169  160  148  136  127  121  117  115  114  114  113  115  114
  110  105  101  100   99   98   96   90   86   84   82   81   77   72   68   65
   65   66   67   67   68   70   71   73   74   75   76   77   77   78   78   75
   72   68   65   62   61   61   64   71   82   93  104  112  118  125  132  137
  140  141  142  144  151  157  162  168  172
    30.0-180.0 180.0   5.0 450.0                            LAT/LON1/LON2/DLON/H
  183  185  184  178  166  149  135  125  120  119  119  119  120  122  124  124
  121  116  111  108  106  105  101   94   89   86   85   85   81   78   76   75
   75   75   74   74   73   72   73   74   75   75   76   77   77   77   76   72
   68   64   61   59   59   60   64   71   82   94  104  113  120  127  136  142
  146  148  150  154  161  167  173  179  183
    27.5-180.0 180.0   5.0 450.0                            LAT/LON1/LON2/DLON/H
  200  202  200  193  177  157  140  129  125  124  123  124  125  127  129  131
  129  123  117  113  110  107  102   95   89   87   87   88   87   85   85   85
   85   84   83   81   78   76   74   75   76   76   75   75   74   74   72   68
   63   59   56   55   55   58   63   71   82   94  104  113  121  129  138  146
  152  155  159  165  174  182  190  196  200
    25.0-180.0 180.0   5.0 450.0                            LAT/LON1/LON2/DLON/H
  225  228  227  219  203  180  158  145  138  135  132  130  129  129  131  132
  131  126  119  113  109  105  100   93   88   87   90   92   92   93   95   97
   95   94   92   90   86   80   78   77   77   77   75   73   71   70   68   63
   58   54   51   51   52   54   60   69   81   94  104  113  121  129  138  148
  156  162  169  178  189  201  211  220  225
    22.5-180.0 180.0   5.0 450.0                            LAT/LON1/LON2/DLON/H
  256  263  266  260  244  218  192  175  164  155  148  140  135  131  130  131
  130  126  118  111  105  101   95   89   87   89   93   97   99  102  106  108
  106  106  104  100   95   86   83   80   79   77   74   70   68   66   64   60
   54   49   47   46   47   51   57   67   80   93  104  113  121  129  138  149
  159  168  178  192  206  222  236  248  256
    20.0-180.0 180.0   5.0 450.0                            LAT/LON1/LON2/DLON/H
  287  298  307  309  300  273  244  221  201  186  173  158  146  136  132  130
  129  125  116  107   99   94   90   87   88   92   98  103  107  111  116  119
  120  118  119  109  103   93   89   84   81   78   74   69   66   65   62   58
   52   47   44   43   44   47   53   64   78   93  106  115  122  130  140  152
  163  175  189  205  224  243  260  274  287
    17.5-180.0 180.0   5.0 450.0                            LAT/LON1/LON2/DLON/H
  313  329  340  351  354  331  314  287  254  231  210  185  164  147  138  133
  130  125  115  105   95   90   88   88   92   99  106  112  117  122  128  131
  133  134  132  119  113  102   95   89   84   80   75   70   67   65   62   57
   51   46   42   41   40   43   49   61   78   94  108  118  126  135  145  157
  171  184  200  219  240  262  281  297  313
    15.0-180.0 180.0   5.0 450.0                            LAT/LON1/LON2/DLON/H
  329  346  363  385  404  403  390  359  322  283  252  224  192  167  152  143
  138  131  120  109   98   93   92   94   99  108  117  123  129  134  139  142
  143  145  141  130  125  111  102   95   89   83   77   72   68   66   63   59
   53   47   42   39   38   40   46   61   80   98  113  124  133  142  153  165
  179  195  212  231  254  276  296  313  329
    12.5-180.0 180.0   5.0 450.0                            LAT/LON1/LON2/DLON/H
  334  350  371  403  437  460  461  433  390  342  303  269  231  198  176  163
  156  148  135  122  111  105  103  106  112  122  131  137  142  147  150  151
  151  149  145  137  133  120  110  101   93   87   80   74   71   68   66   62
   56   49   43   39   37   39   46   62   84  104  119  131  141  150  161  175
  190  206  224  244  265  286  304  320  334
    10.0-180.0 180.0   5.0 450.0                            LAT/LON1/LON2/DLON/H
  332  345  367  403  448  484  496  475  437  392  353  318  278  241  214  195
  185  176  162  146  133  125  122  125  131  139  146  151  156  159  161  159
  156  152  148  143  140  127  116  106   97   90   83   77   73   71   69   64
   58   50   44   40   37   39   48   65   88  109  124  137  147  157  169  184
  199  217  235  253  274  294  310  322  332
     7.5-180.0 180.0   5.0 450.0                            LAT/LON1/LON2/DLON/H
  329  338  358  394  441  482  498  485  459  425  393  362  326  292  262  242
  226  214  200  180  165  153  149  149  153  157  161  165  169  173  172  168
  162  156  152  148  145  133  120  109   99   91   84   78   74   72   70   65
   59   51   45   41   39   41   50   68   91  112  128  140  150  160  173  189
  206  224  241  260  280  299  315  323  329
     5.0-180.0 180.0   5.0 450.0                            LAT/LON1/LON2/DLON/H
  329  334  351  384  429  469  485  479  463  440  417  392  362  333  308  292
  271  259  243  222  204  190  185  181  177  176  177  178  183  185  184  177
  169  161  155  150  146  134  121  109   98   90   83   77   74   73   70   64
   58   51   45   42   40   43   54   72   93  113  128  140  150  161  174  190
  208  227  245  264  284  304  318  326  329
     2.5-180.0 180.0   5.0 450.0                            LAT/LON1/LON2/DLON/H
  339  342  354  380  418  452  468  467  456  441  425  406  383  361  344  330
  316  303  288  268  248  233  226  215  204  202  196  192  195  195  193  186
  174  163  156  150  145  132  117  105   94   86   80   75   72   71   68   63
   56   50   46   42   42   45   56   74   95  112  125  136  147  158  172  188
  206  225  244  264  285  307  325  335  339
