ionex_files/bejaia/igsg0690.21i
     1.0            IONOSPHERE MAPS     MIX                 IONEX VERSION / TYPE
cmpcmb v1.2          GRL/UWM             1-apr-21 07:53     PGM / RUN BY / DATE 
ionex file containing IGS COMBINED Ionosphere maps          COMMENT             
global ionosphere maps for day 069, 2021                    DESCRIPTION         
IONEX file containing the COMBINED IGS TEC MAPS and DCBs    DESCRIPTION         
      IONEX files of the following IAACs were combined: cod DESCRIPTION         
                                                        esa DESCRIPTION         
                                                        jpl DESCRIPTION         
                                                        upc DESCRIPTION         
Contact address: Andrzej Krankowski                         DESCRIPTION
                 Geodynamics Research Laboratory            DESCRIPTION
                 University of Warmia and Mazury (GRL/UWM)  DESCRIPTION
                 Oczapowski St. 1                           DESCRIPTION
                 10-957-Olsztyn, POLAND                     DESCRIPTION
                 e-mail:  kand@uwm.edu.pl                   DESCRIPTION
                                                            DESCRIPTION         
  2021     3    10     0     0     0                        EPOCH OF FIRST MAP  
  2021     3    11     0     0     0                        EPOCH OF LAST MAP   
  7200                                                      INTERVAL            
    13                                                      # OF MAPS IN FILE   
  COSZ                                                      MAPPING FUNCTION    
     0.0                                                    ELEVATION CUTOFF    
combined TEC calculated as weighted mean of input TEC valuesOBSERVABLES USED    
   377                                                      # OF STATIONS       
    32                                                      # OF SATELLITES     
  6371.0                                                    BASE RADIUS         
     2                                                      MAP DIMENSION       
   450.0 450.0   0.0                                        HGT1 / HGT2 / DHGT  
    87.5 -87.5  -2.5                                        LAT1 / LAT2 / DLAT  
  -180.0 180.0   5.0                                        LON1 / LON2 / DLON  
    -1                                                      EXPONENT            
TEC values in 0.1 tec units;  9999, if no value available   COMMENT             
DCB values in nanoseconds, reference is Sum_of_SatDCBs = 0  COMMENT             
                                                            END OF HEADER       
[from data line 4719]
    12                                                      START OF TEC MAP    
  2021     3    10    22     0     0                        EPOCH OF CURRENT MAP
    87.5-180.0 180.0   5.0 450.0                            LAT/LON1/LON2/DLON/H
   45   45   45   46   46   46   46   47   47   46   46   46   47   46   46   45
   45   44   43   43   42   41   40   39   38   37   36   35   34   33   33   32
   31   30   29   29   28   28   28   28   28   28   28   28   29   29   30   30
   31   31   32   33   33   34   35   35   36   37   37   38   39   40   40   41
   41   42   42   43   43   44   44   44   45
    85.0-180.0 180.0   5.0 450.0                            LAT/LON1/LON2/DLON/H
   51   51   52   52   53   53   54   54   55   55   55   55   55   55   54   53
   53   52   51   50   48   46   44   43   40   38   35   33   31   30   28   26
   25   23   22   21   20   19   19   19   19   19   20   20   21   23   24   25
   26   28   29   30   32   33   34   35   37   38   39   40   41   42   43   44
   45   45   46   47   48   48   49   50   51
    82.5-180.0 180.0   5.0 450.0                            LAT/LON1/LON2/DLON/H
   54   56   56   57   58   59   60   61   62   62   63   63   63   63   63   62
   61   61   59   57   56   53   50   46   44   41   39   35   32   29   26   23
   21   19   17   15   14   14   13   14   14   14   15   16   17   18   20   22
   23   26   27   29   31   33   35   37   38   39   40   42   43   44   45   46
   47   48   49   50   50   52   53   53   54
    80.0-180.0 180.0   5.0 450.0                            LAT/LON1/LON2/DLON/H
   57   58   59   60   62   62   64   65   66   67   67   68   69   69   69   69
   68   67   66   64   62   60   55   52   49   45   41   38   34   30   27   24
   21   19   17   15   14   13   12   12   12   12   12   13   15   16   18   20
   22   24   27   29   31   33   34   36   38   39   40   41   43   44   46   47
   48   49   50   51   52   54   54   56   57
    77.5-180.0 180.0   5.0 450.0                            LAT/LON1/LON2/DLON/H
   58   59   61   62   63   64   65   66   68   70   71   73   74   74   75   75
   74   73   72   71   69   66   63   58   53   50   46   42   37   34   30   27
   24   22   19   17   15   14   13   12   12   13   13   14   16   17   18   20
   22   24   26   28   30   32   33   34   36   37   38   40   41   43   44   45
   47   49   50   52   53   54   56   57   58
    75.0-180.0 180.0   5.0 450.0                            LAT/LON1/LON2/DLON/H
   60   61   62   63   64   65   66   69   70   72   74   76   77   78   79   80
   79   78   77   75   72   69   66   63   59   54   50   46   42   38   34   31
   28   26   24   22   21   19   18   16   16   16   16   17   17   18   19   20
   21   23   25   26   28   28   29   30   31   32   33   35   37   39   41   43
   45   48   50   52   54   55   57   59   60
    72.5-180.0 180.0   5.0 450.0                            LAT/LON1/LON2/DLON/H
   64   64   65   66   67   68   70   71   72   74   76   78   80   82   82   81
   81   79   78   77   74   71   69   66   61   58   53   49   45   41   38   35
   33   31   29   27   27   24   23   22   21   20   19   19   20   20   20   20
   21   22   22   23   23   24   24   24   25   26   27   30   31   34   37   41
   44   46   49   53   55   58   60   62   64
    70.0-180.0 180.0   5.0 450.0                            LAT/LON1/LON2/DLON/H
   68   70   70   71   72   73   74   75   76   77   79   82   83   83   83   82
   80   79   79   78   75   73   71   68   63   60   55   51   46   43   39   37
   35   34   32   31   29   28   26   25   24   23   21   20   21   20   21   20
   21   21   20   20   20   19   19   19   19   20   21   24   27   30   35   38
   42   46   50   54   57   60   63   66   68
    67.5-180.0 180.0   5.0 450.0                            LAT/LON1/LON2/DLON/H
   75   77   78   78   78   78   78   78   79   80   82   83   84   83   83   82
   80   79   78   79   77   74   72   69   65   60   55   50   46   43   40   38
   37   35   33   32   31   29   28   26   24   23   22   20   20   20   20   20
   20   19   18   17   16   15   15   14   15   16   17   20   24   29   33   38
   43   48   52   56   60   65   69   72   75
    65.0-180.0 180.0   5.0 450.0                            LAT/LON1/LON2/DLON/H
   81   83   85   85   84   84   83   83   83   83   84   85   85   84   83   83
   81   80   79   79   78   77   74   70   66   61   55   51   47   44   41   39
   38   36   34   32   30   29   27   26   24   23   22   20   20   20   20   20
   19   19   18   17   16   14   14   13   14   15   17   20   24   30   35   40
   46   51   55   59   64   68   73   78   81
    62.5-180.0 180.0   5.0 450.0                            LAT/LON1/LON2/DLON/H
   87   89   91   92   91   89   88   86   86   86   86   87   87   86   85   84
   82   81   82   82   81   79   77   72   68   63   57   52   48   45   43   41
   38   36   33   31   29   27   26   25   24   23   23   22   21   21   21   21
   21   20   19   18   17   16   16   16   17   18   20   24   27   33   39   45
   50   54   59   63   67   72   77   82   87
    60.0-180.0 180.0   5.0 450.0                            LAT/LON1/LON2/DLON/H
   90   94   97   97   96   95   93   90   89   88   88   88   88   88   87   87
   85   86   86   85   84   83   80   75   71   65   59   55   51   48   45   43
   40   36   33   30   28   27   26   26   26   25   25   25   25   25   25   24
   24   24   23   22   21   21   21   22   23   24   27   30   35   40   46   50
   55   59   63   67   70   75   80   86   90
    57.5-180.0 180.0   5.0 450.0                            LAT/LON1/LON2/DLON/H
   93   97  101  103  103  101   98   95   92   90   90   90   91   91   91   91
   90   90   90   89   88   86   83   78   72   67   62   58   55   52   50   47
   43   38   34   31   29   28   28   28   29   29   31   31   31   31   31   30
   30   30   30   30   30   30   31   31   32   33   35   39   42   46   52   56
   61   64   68   71   73   77   82   88   93
    55.0-180.0 180.0   5.0 450.0                            LAT/LON1/LON2/DLON/H
   95  100  105  108  109  108  105  102   97   94   92   92   93   94   95   95
   95   95   94   93   91   89   85   79   74   69   66   63   61   59   55   52
   47   41   36   33   31   31   32   33   35   36   38   39   39   39   39   39
   40   40   40   41   41   41   42   42   42   41   44   46   48   53   57   62
   67   71   74   76   77   80   84   90   95
    52.5-180.0 180.0   5.0 450.0                            LAT/LON1/LON2/DLON/H
   98  104  110  115  117  117  115  110  105  100   97   95   96   97   98   99
   99   98   97   96   94   91   87   82   77   73   71   69   67   65   61   56
   50   45   40   37   36   36   38   40   42   43   45   47   48   48   48   48
   50   51   51   51   51   52   52   52   51   51   51   52   54   58   62   67
   71   76   79   81   82   84   87   92   98
    50.0-180.0 180.0   5.0 450.0                            LAT/LON1/LON2/DLON/H
  102  109  116  123  128  128  126  122  116  109  103  100   99   99  100  101
  101  101  100   98   96   92   89   85   82   79   78   76   74   72   66   60
   53   47   44   42   42   44   46   48   50   52   53   55   56   56   57   58
   60   61   62   61   62   61   61   61   60   59   58   58   59   61   65   70
   75   79   83   85   87   89   91   95  102
    47.5-180.0 180.0   5.0 450.0                            LAT/LON1/LON2/DLON/H
  108  116  125  133  139  141  140  136  128  120  112  107  103  103  103  104
  104  104  103  101   98   95   93   91   89   88   86   84   81   76   69   61
   54   50   48   47   49   51   53   55   57   59   60   61   62   62   64   66
   69   71   71   71   71   70   69   68   66   64   61   60   62   64   68   73
   78   83   87   90   92   94   97  102  108
    45.0-180.0 180.0   5.0 450.0                            LAT/LON1/LON2/DLON/H
  116  125  134  143  150  154  153  150  142  132  123  115  110  107  107  107
  108  107  106  104  102  101  100   99   99   98   96   91   85   77   68   59
   54   51   51   53   56   59   61   62   63   63   64   64   66   68   71   74
   78   80   81   81   80   78   76   74   71   67   63   62   62   66   70   76
   82   87   92   95   98  100  104  109  116
    42.5-180.0 180.0   5.0 450.0                            LAT/LON1/LON2/DLON/H
  126  136  145  153  160  165  165  161  154  144  134  125  118  114  112  112
  112  111  110  109  108  108  108  109  109  107  103   96   87   76   64   56
   52   52   54   58   63   65   66   67   67   67   67   68   70   73   77   81
   85   87   88   87   85   83   81   77   74   69   65   63   63   67   72   79
   85   92   97  101  104  107  111  117  126
    40.0-180.0 180.0   5.0 450.0                            LAT/LON1/LON2/DLON/H
  137  147  156  163  169  173  174  170  163  153  144  134  127  122  119  117
  116  115  115  115  116  117  119  120  119  116  110  100   88   75   62   53
   51   53   57   63   68   71   71   71   70   70   70   72   75   78   81   86
   89   91   91   90   88   85   83   79   75   71   67   65   66   70   76   82
   89   96  102  106  110  114  120  127  137
    37.5-180.0 180.0   5.0 450.0                            LAT/LON1/LON2/DLON/H
  148  160  168  173  177  180  180  178  171  162  152  143  136  130  126  123
  121  120  120  122  124  126  129  130  128  122  114  103   89   76   65   57
   55   58   62   68   74   77   77   76   75   74   75   78   81   82   84   86
   90   91   92   90   88   85   83   79   74   71   68   67   69   74   81   87
   93  100  106  110  115  120  127  137  148
    35.0-180.0 180.0   5.0 450.0                            LAT/LON1/LON2/DLON/H
  160  173  182  186  187  187  186  183  176  168  158  149  143  138  132  129
  127  126  127  128  131  134  136  137  133  127  117  106   94   83   74   68
   66   67   70   76   82   85   85   83   81   80   81   83   85   85   85   85
   87   89   89   88   85   83   81   78   74   70   67   67   71   78   85   92
   98  103  109  114  119  124  134  146  160
    32.5-180.0 180.0   5.0 450.0                            LAT/LON1/LON2/DLON/H
  172  188  199  203  202  198  193  188  179  171  163  155  150  145  140  135
  132  131  132  134  137  139  141  140  136  130  121  112  104   97   91   86
   82   81   83   88   92   94   93   90   88   87   88   89   90   88   86   84
   84   85   86   85   83   81   79   76   72   68   66   67   72   80   89   96
  102  107  111  117  122  129  141  155  172
    30.0-180.0 180.0   5.0 450.0                            LAT/LON1/LON2/DLON/H
  185  206  220  226  223  216  208  197  187  177  168  161  156  152  146  141
  138  136  137  138  140  141  142  142  138  133  126  122  120  118  115  109
  104  100   99  100  103  104  102   98   95   94   95   95   94   92   88   84
   82   82   82   81   80   79   77   74   71   66   64   65   71   80   90   98
  104  108  114  119  125  135  148  165  185
    27.5-180.0 180.0   5.0 450.0                            LAT/LON1/LON2/DLON/H
  202  228  246  254  252  244  233  218  202  188  176  168  163  158  153  149
  145  144  143  143  142  141  142  143  142  139  137  136  140  143  143  138
  129  121  113  112  113  112  109  104  101  100  100   99   97   93   89   85
   81   80   79   79   77   76   74   71   68   63   60   61   67   78   89   98
  105  109  115  122  129  140  156  178  202
    25.0-180.0 180.0   5.0 450.0                            LAT/LON1/LON2/DLON/H
  222  252  274  288  288  282  268  249  227  207  191  177  171  168  162  158
  154  153  151  149  146  144  145  148  149  151  152  156  163  170  173  166
  156  139  130  123  120  116  112  107  103  101  101  100   97   93   89   84
   81   78   77   76   74   72   69   66   63   59   56   56   62   75   87   97
  104  110  117  125  135  147  166  192  222
    22.5-180.0 180.0   5.0 450.0                            LAT/LON1/LON2/DLON/H
  242  277  305  326  331  324  309  288  261  234  210  194  186  181  176  173
  168  166  163  159  154  152  154  159  164  169  172  177  187  196  199  192
  177  159  142  134  125  116  111  106  101   97   97   96   94   91   87   83
   79   77   75   73   70   67   63   61   58   54   50   50   56   69   83   93
  101  108  117  129  140  154  177  206  242
    20.0-180.0 180.0   5.0 450.0                            LAT/LON1/LON2/DLON/H
  262  304  336  361  371  369  355  333  301  267  238  217  206  200  195  192
  188  185  180  175  168  167  170  178  186  192  195  201  212  216  215  203
  181  161  145  132  122  113  107  102   96   91   91   89   88   86   84   80
   77   74   71   68   64   61   58   54   52   48   45   44   50   64   78   90
   99  107  119  133  146  165  188  223  262
    17.5-180.0 180.0   5.0 450.0                            LAT/LON1/LON2/DLON/H
  280  325  362  388  402  408  400  381  344  305  271  247  232  226  221  218
  215  212  205  197  190  189  193  203  212  218  222  226  232  229  216  197
  172  149  133  120  112  106  102   96   89   85   84   82   81   80   80   79
   75   71   68   63   59   56   52   49   47   44   40   41   47   60   75   88
   98  108  122  138  154  174  200  235  280
    15.0-180.0 180.0   5.0 450.0                            LAT/LON1/LON2/DLON/H
  288  335  373  400  416  429  433  421  386  342  309  282  265  258  252  251
  247  244  235  227  219  218  223  234  242  247  248  248  245  228  205  179
  154  132  116  106  102   99   96   91   85   81   80   76   76   76   77   76
   73   69   65   60   56   52   48   45   43   40   38   40   47   60   75   89
  100  111  126  144  161  183  210  247  288
    12.5-180.0 180.0   5.0 450.0                            LAT/LON1/LON2/DLON/H
  287  327  363  388  408  428  439  438  412  373  343  316  300  294  290  287
  284  280  271  263  254  251  258  267  272  273  267  260  247  221  189  159
  134  116  102   96   95   94   93   90   85   80   79   75   73   74   75   75
   72   67   63   59   54   49   45   43   42   40   39   40   47   61   77   91
  103  115  131  150  168  190  217  250  287
    10.0-180.0 180.0   5.0 450.0                            LAT/LON1/LON2/DLON/H
  279  309  335  358  376  401  422  431  419  394  366  347  334  330  328  325
  321  317  308  301  293  290  293  297  295  289  278  262  240  209  172  143
  123  108   97   94   95   96   96   95   92   88   86   78   75   75   76   75
   71   66   61   57   53   47   43   42   42   41   40   41   49   63   79   93
  106  120  136  155  174  195  220  250  279
     7.5-180.0 180.0   5.0 450.0                            LAT/LON1/LON2/DLON/H
  270  289  304  317  331  357  384  403  405  395  379  367  361  362  364  360
  355  349  342  337  330  325  322  318  309  296  279  257  232  199  163  136
  119  109  103  101  103  106  108  108  106  101   98   87   81   79   78   75
   70   64   60   56   51   46   43   43   43   43   42   43   51   65   82   97
  110  124  140  158  178  199  223  247  270
     5.0-180.0 180.0   5.0 450.0                            LAT/LON1/LON2/DLON/H
  262  273  278  280  289  311  338  364  377  380  376  373  377  385  392  390
  384  377  371  367  359  351  341  329  314  296  273  248  225  195  163  139
  127  122  118  117  119  122  125  126  124  119  113  100   91   85   81   75
   69   63   58   54   50   46   44   44   46   45   44   45   53   68   85  101
  114  127  143  160  179  200  223  245  262
     2.5-180.0 180.0   5.0 450.0                            LAT/LON1/LON2/DLON/H
  258  266  264  260  262  277  299  326  345  356  359  364  377  392  405  408
  403  398  393  388  378  366  349  330  310  288  263  239  221  197  170  151
  144  142  140  137  138  140  144  146  145  139  131  115  104   94   85   75
   67   61   56   53   50   46   45   46   47   47   45   46   54   70   87  104
  117  130  145  160  178  199  222  242  258
