ionex_files/bejaia/igsg0870.21i
     1.0            IONOSPHERE MAPS     MIX                 IONEX VERSION / TYPE
cmpcmb v1.2          GRL/UWM            15-apr-21 05:35     PGM / RUN BY / DATE 
ionex file containing IGS COMBINED Ionosphere maps          COMMENT             
global ionosphere maps for day 087, 2021                    DESCRIPTION         
IONEX file containing the COMBINED IGS TEC MAPS and DCBs    DESCRIPTION         
      IONEX files of the following IAACs were combined: cod DESCRIPTION         
                                                        esa DESCRIPTION         
                                                        jpl DESCRIPTION         
                                                        upc DESCRIPTION         
Contact address: Andrzej Krankowski                         DESCRIPTION
                 Geodynamics Research Laboratory            DESCRIPTION
                 University of Warmia and Mazury (GRL/UWM)  DESCRIPTION
                 Oczapowski St. 1                           DESCRIPTION
                 10-957-Olsztyn, POLAND                     DESCRIPTION
                 e-mail:  kand@uwm.edu.pl                   DESCRIPTION
                                                            DESCRIPTION         
  2021     3    28     0     0     0                        EPOCH OF FIRST MAP  
  2021     3    29     0     0     0                        EPOCH OF LAST MAP   
  7200                                                      INTERVAL            
    13                                                      # OF MAPS IN FILE   
  COSZ                                                      MAPPING FUNCTION    
     0.0                                                    ELEVATION CUTOFF    
combined TEC calculated as weighted mean of input TEC valuesOBSERVABLES USED    
   375                                                      # OF STATIONS       
    32                                                      # OF SATELLITES     
  6371.0                                                    BASE RADIUS         
     2                                                      MAP DIMENSION       
   450.0 450.0   0.0                                        HGT1 / HGT2 / DHGT  
    87.5 -87.5  -2.5                                        LAT1 / LAT2 / DLAT  
  -180.0 180.0   5.0                                        LON1 / LON2 / DLON  
    -1                                                      EXPONENT            
TEC values in 0.1 tec units;  9999, if no value available   COMMENT             
DCB values in nanoseconds, reference is Sum_of_SatDCBs = 0  COMMENT             
                                                            END OF HEADER       
[from data line 858]
     3                                                      START OF TEC MAP    
  2021     3    28     4     0     0                        EPOCH OF CURRENT MAP
    87.5-180.0 180.0   5.0 450.0                            LAT/LON1/LON2/DLON/H
   64   63   64   63   64   63   63   63   63   63   63   62   62   61   61   61
   60   59   59   58   57   57   56   55   55   54   54   53   53   52   53   52
   52   52   52   52   52   52   52   52   53   53   53   53   54   54   55   55
   56   56   56   57   57   57   58   58   58   59   59   59   60   60   60   61
   61   62   62   63   63   63   63   63   64
    85.0-180.0 180.0   5.0 450.0                            LAT/LON1/LON2/DLON/H
   69   69   69   70   70   71   70   70   70   68   68   67   66   65   64   63
   61   60   58   57   56   54   53   51   50   49   48   47   47   46   45   45
   45   45   45   46   46   47   48   48   49   50   51   52   52   53   54   55
   55   55   57   57   58   59   59   60   60   61   61   62   62   62   63   63
   64   65   66   66   66   67   68   68   69
    82.5-180.0 180.0   5.0 450.0                            LAT/LON1/LON2/DLON/H
   72   72   73   73   73   72   72   72   72   71   70   70   68   67   66   65
   62   60   58   56   54   51   49   46   44   43   41   39   39   38   38   38
   38   39   40   41   42   43   44   46   47   49   50   52   53   55   56   57
   57   58   59   60   61   62   62   63   63   64   64   64   65   65   66   67
   68   69   69   69   70   70   71   71   72
    80.0-180.0 180.0   5.0 450.0                            LAT/LON1/LON2/DLON/H
   74   73   74   74   74   74   73   73   73   72   71   70   69   68   66   64
   62   59   57   55   52   48   45   41   39   36   34   33   32   31   31   31
   32   33   35   37   39   41   43   45   47   49   51   52   54   56   58   59
   60   61   62   63   64   65   66   67   68   68   69   69   69   70   71   71
   72   72   72   73   73   73   73   73   74
    77.5-180.0 180.0   5.0 450.0                            LAT/LON1/LON2/DLON/H
   75   75   75   74   74   74   73   72   71   70   70   69   67   66   64   61
   59   56   54   51   48   44   41   37   34   31   29   27   26   26   26   27
   28   29   32   34   36   40   43   45   48   50   52   54   56   58   60   61
   63   64   65   67   68   69   71   72   73   74   74   75   75   75   76   76
   76   76   76   75   75   76   75   76   75
    75.0-180.0 180.0   5.0 450.0                            LAT/LON1/LON2/DLON/H
   77   76   76   75   75   73   72   70   69   68   67   65   63   61   59   57
   55   53   51   48   45   42   39   35   32   29   27   25   24   24   24   25
   26   28   31   34   36   39   42   45   48   51   53   55   57   59   61   62
   64   66   68   70   72   74   75   77   78   80   80   81   81   81   81   81
   81   80   79   79   79   78   78   78   77
    72.5-180.0 180.0   5.0 450.0                            LAT/LON1/LON2/DLON/H
   79   78   77   76   75   73   71   68   67   64   62   60   57   55   53   51
   50   49   47   46   44   41   38   35   32   30   27   25   24   24   24   26
   28   29   32   34   37   40   42   45   47   50   51   54   56   58   60   63
   65   67   70   73   76   79   81   83   84   86   86   87   87   87   87   86
   86   85   83   82   82   81   80   80   79
    70.0-180.0 180.0   5.0 450.0                            LAT/LON1/LON2/DLON/H
   80   80   78   77   75   74   71   67   64   60   56   53   50   48   47   45
   45   45   45   44   44   42   40   37   35   32   30   28   27   27   27   28
   30   32   34   36   37   39   41   43   44   46   49   51   54   57   60   62
   65   68   72   76   79   82   85   87   89   90   91   92   92   92   92   91
   91   89   88   86   85   84   83   81   80
    67.5-180.0 180.0   5.0 450.0                            LAT/LON1/LON2/DLON/H
   83   82   80   79   77   74   71   67   62   57   52   48   43   41   40   39
   40   41   42   42   42   42   41   40   37   35   33   31   30   31   31   32
   33   35   35   37   37   37   38   39   40   42   45   48   51   55   58   62
   66   69   73   77   82   85   87   90   91   92   94   94   94   94   94   94
   93   92   91   89   88   86   86   84   83
    65.0-180.0 180.0   5.0 450.0                            LAT/LON1/LON2/DLON/H
   86   85   83   81   78   76   72   68   63   57   50   44   40   36   35   35
   36   37   39   40   41   42   42   41   39   38   36   34   34   34   35   35
   36   36   36   37   36   35   34   35   36   38   41   45   50   54   59   62
   67   70   74   78   83   86   88   91   92   94   95   95   96   95   95   95
   94   94   93   92   90   89   88   87   86
    62.5-180.0 180.0   5.0 450.0                            LAT/LON1/LON2/DLON/H
   89   88   85   83   81   78   74   70   64   58   51   44   38   34   32   31
   33   35   36   38   39   41   41   41   39   37   36   36   36   37   37   38
   38   37   35   35   33   32   31   31   32   35   39   44   50   56   61   64
   69   72   76   80   83   87   90   92   94   95   96   96   97   96   96   96
   96   95   94   93   92   91   91   90   89
    60.0-180.0 180.0   5.0 450.0                            LAT/LON1/LON2/DLON/H
   93   91   89   86   83   80   76   72   66   60   53   46   39   34   31   31
   32   33   34   36   37   38   38   38   37   35   35   35   36   37   38   38
   37   35   33   33   32   30   29   29   31   34   39   46   53   60   65   68
   71   74   78   82   86   89   93   95   97   99  100  100  100  100   99   99
   99   98   97   95   95   94   94   94   93
    57.5-180.0 180.0   5.0 450.0                            LAT/LON1/LON2/DLON/H
   97   95   92   89   85   82   78   73   68   62   55   48   42   37   34   33
   33   33   34   34   34   34   34   33   32   32   32   33   36   37   37   38
   35   34   33   33   32   30   30   30   32   36   43   51   59   66   70   73
   76   78   81   86   90   95   99  103  105  107  107  107  106  106  105  104
  104  102  100   99   98   98   98   98   97
    55.0-180.0 180.0   5.0 450.0                            LAT/LON1/LON2/DLON/H
  103  100   97   93   88   84   79   74   69   62   57   51   46   41   38   36
   36   35   34   33   31   30   30   30   29   29   30   32   35   36   37   36
   35   33   33   34   34   33   33   33   36   42   49   57   66   73   77   80
   81   84   87   92   99  104  109  114  116  117  117  117  117  116  114  112
  110  108  106  104  103  103  103  104  103
    52.5-180.0 180.0   5.0 450.0                            LAT/LON1/LON2/DLON/H
  109  106  102   97   92   87   82   76   70   64   58   53   49   46   43   42
   40   38   36   33   30   28   27   27   28   29   31   33   36   38   38   38
   36   35   36   37   38   38   39   40   43   49   56   65   74   80   84   86
   88   90   95  102  109  116  122  127  129  130  130  130  130  128  125  122
  119  116  113  111  110  110  110  109  109
    50.0-180.0 180.0   5.0 450.0                            LAT/LON1/LON2/DLON/H
  115  113  108  103   98   92   86   79   72   66   60   56   53   50   48   47
   45   44   40   36   32   30   28   29   30   33   35   38   41   43   43   42
   40   40   41   43   45   46   47   47   50   56   64   73   81   87   91   93
   94   98  104  111  120  129  135  140  142  144  144  145  143  140  136  131
  127  124  121  119  117  116  115  116  115
    47.5-180.0 180.0   5.0 450.0                            LAT/LON1/LON2/DLON/H
  122  120  116  110  105   99   92   84   77   70   64   60   56   54   53   52
   51   49   46   42   37   35   34   35   37   41   42   45   48   49   49   47
   46   46   48   50   52   54   54   55   57   63   70   79   86   93   97   99
  102  107  113  121  131  141  147  152  155  156  157  157  154  150  144  139
  135  131  127  124  122  121  121  122  122
    45.0-180.0 180.0   5.0 450.0                            LAT/LON1/LON2/DLON/H
  126  126  123  119  113  107  100   92   84   76   70   66   62   59   57   57
   56   55   52   48   45   43   43   45   47   50   51   53   55   55   55   53
   52   53   55   57   59   60   60   60   62   66   74   83   91   98  103  106
  111  116  122  132  141  151  157  162  163  165  165  165  162  158  151  145
  139  135  130  128  125  123  125  126  126
    42.5-180.0 180.0   5.0 450.0                            LAT/LON1/LON2/DLON/H
  129  131  129  127  123  117  110  101   93   85   78   73   68   65   63   62
   62   61   59   55   52   52   52   55   57   60   60   61   61   61   60   58
   58   59   61   63   64   65   64   63   64   69   77   86   95  102  108  114
  119  125  133  141  150  157  163  165  167  169  169  169  167  163  155  148
  141  136  132  129  126  124  126  128  129
    40.0-180.0 180.0   5.0 450.0                            LAT/LON1/LON2/DLON/H
  131  133  133  132  131  126  120  112  103   94   87   81   76   73   70   68
   67   66   65   62   61   61   62   64   65   67   66   66   65   63   62   61
   61   63   65   66   67   67   65   63   65   70   79   90   99  107  114  121
  127  134  141  149  155  160  163  165  168  169  171  172  170  166  158  150
  143  138  134  130  126  124  126  128  131
    37.5-180.0 180.0   5.0 450.0                            LAT/LON1/LON2/DLON/H
  132  135  136  137  135  133  129  121  112  103   94   88   83   80   76   73
   72   72   71   70   69   69   69   71   71   71   69   67   65   63   62   62
   63   65   67   67   67   66   64   63   65   71   82   93  102  110  118  125
  133  141  148  153  157  160  161  163  166  170  174  176  176  171  164  157
  150  145  141  135  130  126  126  128  132
    35.0-180.0 180.0   5.0 450.0                            LAT/LON1/LON2/DLON/H
  133  136  137  138  137  136  134  126  118  109  100   94   89   85   80   78
   77   76   77   76   76   76   76   76   75   72   68   65   62   60   60   62
   63   65   66   67   66   65   63   62   65   73   84   95  105  113  120  129
  138  146  151  155  157  159  160  163  168  174  181  186  187  184  178  173
  166  161  156  148  140  133  130  131  133
    32.5-180.0 180.0   5.0 450.0                            LAT/LON1/LON2/DLON/H
  139  138  138  137  137  136  133  128  119  110  102   96   92   88   84   81
   79   80   81   81   81   80   80   78   75   71   65   61   58   57   59   61
   64   65   66   66   64   62   61   61   65   74   85   96  106  114  123  132
  142  149  154  156  158  160  163  168  176  185  195  203  207  207  203  199
  194  188  180  170  159  149  143  140  139
    30.0-180.0 180.0   5.0 450.0                            LAT/LON1/LON2/DLON/H
  153  148  144  140  137  135  132  126  117  108  100   95   92   89   85   82
   81   82   84   85   83   82   81   79   75   68   62   58   56   56   58   61
   65   66   66   65   63   61   59   60   65   73   84   95  105  114  123  133
  144  152  156  159  162  166  173  182  193  206  219  230  236  239  238  237
  233  226  215  203  189  176  166  159  153
    27.5-180.0 180.0   5.0 450.0                            LAT/LON1/LON2/DLON/H
  178  168  159  148  142  136  130  124  114  105   96   91   89   86   83   80
   80   82   84   85   85   83   82   78   74   67   62   58   56   57   59   62
   65   66   66   63   60   58   57   58   63   71   82   93  103  112  123  134
  145  154  159  165  170  178  189  203  220  235  251  265  274  279  281  284
  278  270  258  245  227  213  203  190  178
    25.0-180.0 180.0   5.0 450.0                            LAT/LON1/LON2/DLON/H
  212  197  182  165  152  143  134  124  113  101   92   87   84   82   79   77
   77   80   84   85   85   84   82   79   75   70   65   62   62   62   64   65
   67   67   65   62   59   57   55   56   61   67   77   89  100  110  122  134
  147  157  165  173  182  195  210  229  250  269  287  302  314  322  325  329
  325  316  302  291  272  259  243  229  212
    22.5-180.0 180.0   5.0 450.0                            LAT/LON1/LON2/DLON/H
  249  230  213  191  172  158  145  131  116  102   92   86   83   79   75   73
   74   78   82   84   83   83   83   82   80   76   72   70   69   69   69   69
   69   66   63   60   57   56   54   54   56   62   73   85   97  109  121  134
  148  160  171  183  197  215  234  257  279  302  320  335  348  358  365  367
  368  357  345  335  317  304  287  267  249
    20.0-180.0 180.0   5.0 450.0                            LAT/LON1/LON2/DLON/H
  288  269  245  222  198  179  166  147  126  111   99   91   86   80   75   71
   73   78   81   82   81   82   84   85   86   85   82   80   78   77   75   73
   70   67   62   58   55   54   52   51   52   57   68   81   93  107  120  134
  150  164  178  193  212  233  255  280  306  329  345  357  367  377  385  388
  389  383  381  369  355  342  326  309  288
    17.5-180.0 180.0   5.0 450.0                            LAT/LON1/LON2/DLON/H
  321  302  281  258  232  208  189  168  147  128  113  104   96   87   80   75
   76   79   81   81   80   81   85   89   93   94   93   91   87   83   80   75
   71   67   62   57   53   52   50   48   47   52   63   78   93  107  121  136
  152  170  187  207  228  251  273  298  322  342  354  363  370  377  386  389
  388  387  386  382  375  366  355  340  321
    15.0-180.0 180.0   5.0 450.0                            LAT/LON1/LON2/DLON/H
  344  328  310  288  266  241  219  199  177  154  137  124  112  101   91   86
   84   86   86   83   81   82   87   95  102  105  104  100   94   88   82   77
   71   66   61   56   52   49   48   45   44   49   61   78   94  109  124  139
  157  176  197  219  243  266  288  307  326  340  350  355  360  365  372  372
  371  370  372  374  374  373  367  358  344
    12.5-180.0 180.0   5.0 450.0                            LAT/LON1/LON2/DLON/H
  353  343  329  311  293  272  248  228  207  184  165  151  135  123  112  106
  101  100   95   89   86   87   94  104  113  117  114  108   99   90   83   76
   71   65   60   55   51   48   46   44   43   48   60   78   96  111  125  141
  160  181  204  227  252  275  293  307  319  330  337  341  345  349  352  351
  350  349  355  359  365  367  367  361  353
    10.0-180.0 180.0   5.0 450.0                            LAT/LON1/LON2/DLON/H
  351  347  337  324  310  295  272  252  233  212  194  179  163  154  142  134
  126  122  113  103   96   97  105  117  125  129  124  114  101   90   82   75
   70   65   60   55   51   47   45   43   43   49   61   78   96  112  126  143
  162  183  207  231  255  277  292  303  312  321  327  330  332  335  337  336
  336  337  343  349  355  357  357  354  351
     7.5-180.0 180.0   5.0 450.0                            LAT/LON1/LON2/DLON/H
  342  342  338  329  317  304  284  267  250  231  218  204  190  184  173  165
  157  151  137  124  114  113  121  132  139  140  132  118  103   91   82   75
   70   66   61   55   51   47   45   43   45   51   63   79   96  112  127  143
  161  182  206  230  253  275  290  301  309  317  323  324  326  328  332  334
  335  339  344  349  351  349  346  344  342
     5.0-180.0 180.0   5.0 450.0                            LAT/LON1/LON2/DLON/H
  332  334  334  329  318  306  290  273  258  244  231  220  212  206  205  197
  191  182  165  148  136  133  140  149  153  151  140  123  106   93   83   76
   71   66   62   57   52   48   46   45   46   52   64   79   96  110  124  140
  157  179  201  224  248  270  287  299  309  319  324  326  328  331  337  344
  349  355  361  363  358  348  340  334  332
     2.5-180.0 180.0   5.0 450.0                            LAT/LON1/LON2/DLON/H
  323  325  326  324  316  306  291  276  260  247  236  228  223  222  227  226
  221  213  194  174  160  157  161  168  170  162  148  130  111   96   85   78
   72   67   63   58   53   50   47   47   48   53   64   79   94  107  120  135
  152  172  194  217  240  263  281  297  310  321  329  333  336  342  351  363
  372  381  387  385  373  356  339  328  323
