ionex_files/bejaia/igsg0650.21i
     1.0            IONOSPHERE MAPS     MIX                 IONEX VERSION / TYPE
cmpcmb v1.2          GRL/UWM            18-mar-21 04:06     PGM / RUN BY / DATE 
ionex file containing IGS COMBINED Ionosphere maps          COMMENT             
global ionosphere maps for day 065, 2021                    DESCRIPTION         
IONEX file containing the COMBINED IGS TEC MAPS and DCBs    DESCRIPTION         
      IONEX files of the following IAACs were combined: cod DESCRIPTION         
                                                        esa DESCRIPTION         
                                                        jpl DESCRIPTION         
                                                        upc DESCRIPTION         
Contact address: Andrzej Krankowski                         DESCRIPTION
                 Geodynamics Research Laboratory            DESCRIPTION
                 University of Warmia and Mazury (GRL/UWM)  DESCRIPTION
                 Oczapowski St. 1                           DESCRIPTION
                 10-957-Olsztyn, POLAND                     DESCRIPTION
                 e-mail:  kand@uwm.edu.pl                   DESCRIPTION
                                                            DESCRIPTION         
  2021     3     6     0     0     0                        EPOCH OF FIRST MAP  
  2021     3     7     0     0     0                        EPOCH OF LAST MAP   
  7200                                                      INTERVAL            
    13                                                      # OF MAPS IN FILE   
  COSZ                                                      MAPPING FUNCTION    
     0.0                                                    ELEVATION CUTOFF    
combined TEC calculated as weighted mean of input TEC valuesOBSERVABLES USED    
   371                                                      # OF STATIONS       
    32                                                      # OF SATELLITES     
  6371.0                                                    BASE RADIUS         
     2                                                      MAP DIMENSION       
   450.0 450.0   0.0                                        HGT1 / HGT2 / DHGT  
    87.5 -87.5  -2.5                                        LAT1 / LAT2 / DLAT  
  -180.0 180.0   5.0                                        LON1 / LON2 / DLON  
    -1                                                      EXPONENT            
TEC values in 0.1 tec units;  9999, if no value available   COMMENT             
DCB values in nanoseconds, reference is Sum_of_SatDCBs = 0  COMMENT             
                                                            END OF HEADER       
[from data line 3432]
     9                                                      START OF TEC MAP    
  2021     3     6    16     0     0                        EPOCH OF CURRENT MAP
    87.5-180.0 180.0   5.0 450.0                            LAT/LON1/LON2/DLON/H
   43   44   44   45   45   45   46   46   46   46   47   47   48   48   48   49
   49   49   49   49   49   49   49   49   50   50   50   50   49   49   49   49
   49   49   49   49   49   48   48   48   47   47   47   47   47   46   46   46
   45   45   45   45   44   44   43   43   43   43   43   42   42   43   43   42
   42   42   42   42   42   42   43   43   43
    85.0-180.0 180.0   5.0 450.0                            LAT/LON1/LON2/DLON/H
   42   42   43   43   44   45   45   46   47   47   48   48   49   50   50   51
   52   52   53   53   53   53   53   53   53   53   53   53   53   53   53   53
   53   52   52   51   51   50   49   49   48   47   47   47   46   46   45   45
   45   45   44   44   43   43   42   42   41   41   41   40   40   39   39   39
   39   39   39   39   39   40   40   41   42
    82.5-180.0 180.0   5.0 450.0                            LAT/LON1/LON2/DLON/H
   38   40   40   41   42   42   43   44   45   46   47   48   49   50   52   53
   54   54   56   56   57   57   57   57   57   57   57   57   57   57   57   56
   56   55   55   54   53   52   51   50   49   48   48   47   45   45   44   44
   44   44   44   43   43   42   42   41   41   40   39   39   38   37   37   36
   36   36   36   35   36   37   37   38   38
    80.0-180.0 180.0   5.0 450.0                            LAT/LON1/LON2/DLON/H
   35   36   36   37   38   39   40   42   44   47   48   51   53   55   57   58
   59   60   60   61   61   60   60   61   61   62   62   62   61   61   61   60
   59   58   58   56   55   53   52   50   49   47   47   46   45   44   44   43
   43   43   43   42   42   42   42   41   40   39   39   38   37   36   35   34
   34   33   33   33   33   33   33   34   35
    77.5-180.0 180.0   5.0 450.0                            LAT/LON1/LON2/DLON/H
   31   31   32   34   35   37   40   42   44   47   50   52   55   58   60   61
   62   63   63   63   65   66   65   66   65   66   66   66   65   64   64   63
   62   61   59   58   56   53   51   49   48   47   46   44   43   42   41   41
   40   40   41   41   41   41   41   40   40   39   39   37   37   35   34   33
   33   32   31   31   30   30   31   31   31
    75.0-180.0 180.0   5.0 450.0                            LAT/LON1/LON2/DLON/H
   28   29   30   32   33   35   38   41   43   46   49   53   56   58   60   62
   62   64   66   67   69   68   68   69   70   69   69   68   68   67   66   65
   64   62   61   59   56   54   51   48   46   45   43   42   41   39   38   37
   37   37   37   38   38   39   39   39   38   38   38   36   35   34   33   32
   32   31   30   29   29   28   28   28   28
    72.5-180.0 180.0   5.0 450.0                            LAT/LON1/LON2/DLON/H
   28   28   29   30   31   33   36   39   42   45   49   52   56   58   60   62
   64   66   68   69   70   72   72   74   73   73   72   71   70   68   68   66
   65   63   61   59   56   54   52   49   46   44   42   40   38   37   35   33
   32   32   32   33   34   35   36   37   36   36   35   34   33   32   31   32
   31   30   30   29   29   28   28   28   28
    70.0-180.0 180.0   5.0 450.0                            LAT/LON1/LON2/DLON/H
   28   29   29   29   30   33   35   38   41   44   47   50   54   57   59   62
   65   67   69   70   71   75   76   77   76   75   73   72   70   69   68   66
   65   63   62   59   57   54   52   50   47   44   43   40   38   36   34   31
   30   29   28   29   30   31   32   33   33   33   32   31   31   30   30   30
   30   30   30   29   29   28   28   28   28
    67.5-180.0 180.0   5.0 450.0                            LAT/LON1/LON2/DLON/H
   29   29   29   29   31   32   34   36   39   42   45   48   52   55   59   62
   65   67   69   71   74   76   78   78   78   76   75   73   70   68   67   66
   64   64   62   60   58   56   54   51   50   48   45   43   41   38   35   32
   29   27   26   26   27   27   29   29   30   29   29   29   28   28   28   29
   29   29   29   29   29   29   29   29   29
    65.0-180.0 180.0   5.0 450.0                            LAT/LON1/LON2/DLON/H
   30   30   30   30   31   32   34   35   38   40   44   47   51   55   59   62
   65   67   69   72   75   77   79   80   79   77   75   72   70   68   67   65
   65   64   63   61   59   57   56   54   53   51   49   47   45   42   38   34
   30   28   26   25   25   25   26   27   27   27   27   28   27   27   27   27
   28   28   28   29   29   30   30   30   30
    62.5-180.0 180.0   5.0 450.0                            LAT/LON1/LON2/DLON/H
   31   31   31   31   32   33   33   35   37   39   43   47   51   55   59   62
   65   67   70   73   74   77   78   79   78   77   74   72   69   68   67   66
   66   65   64   63   61   59   57   56   55   54   53   52   49   46   42   38
   34   30   28   26   26   26   26   27   27   28   28   28   28   27   27   28
   28   29   30   30   31   31   31   31   31
    60.0-180.0 180.0   5.0 450.0                            LAT/LON1/LON2/DLON/H
   33   32   32   32   33   34   34   35   37   40   44   48   53   57   60   64
   66   68   70   72   74   76   77   78   78   76   74   72   70   69   69   69
   69   68   67   66   63   61   60   59   58   58   57   55   53   50   46   42
   39   34   32   29   27   28   28   28   29   30   30   30   30   30   30   30
   30   31   32   32   33   34   33   33   33
    57.5-180.0 180.0   5.0 450.0                            LAT/LON1/LON2/DLON/H
   35   34   35   35   36   35   36   37   38   41   45   50   55   59   62   65
   67   68   70   71   74   75   76   77   77   76   75   74   74   74   74   75
   75   74   72   70   68   65   64   62   62   61   60   59   57   54   51   47
   44   40   37   34   33   32   32   33   34   34   34   35   35   35   35   35
   35   35   35   34   35   36   36   35   35
    55.0-180.0 180.0   5.0 450.0                            LAT/LON1/LON2/DLON/H
   38   37   38   38   39   39   40   40   42   45   48   53   57   62   65   67
   68   69   70   71   73   74   76   77   77   77   78   79   80   81   83   83
   82   81   79   76   73   71   69   67   67   65   64   63   61   60   57   54
   50   48   45   43   40   39   39   39   40   40   41   42   42   42   42   40
   39   38   37   37   38   39   38   38   38
    52.5-180.0 180.0   5.0 450.0                            LAT/LON1/LON2/DLON/H
   41   40   41   42   43   44   45   46   48   50   53   57   61   65   68   69
   70   70   71   72   73   74   76   77   79   81   83   85   88   90   92   92
   91   89   87   84   81   78   77   75   73   72   71   69   67   66   64   62
   59   57   54   52   49   48   47   47   48   49   50   50   51   50   49   47
   44   42   41   41   42   42   42   41   41
    50.0-180.0 180.0   5.0 450.0                            LAT/LON1/LON2/DLON/H
   44   44   45   46   48   50   51   52   54   56   58   62   66   69   71   72
   72   72   73   74   75   77   78   80   82   85   89   93   96   99  101  100
   99   96   94   91   89   87   86   84   82   81   79   76   75   73   72   71
   69   67   65   63   60   58   55   55   56   57   58   59   59   59   57   54
   51   48   47   46   46   46   45   45   44
    47.5-180.0 180.0   5.0 450.0                            LAT/LON1/LON2/DLON/H
   49   48   48   50   52   54   56   59   61   63   65   68   71   74   75   75
   75   75   76   78   79   81   82   84   86   91   95  100  105  107  107  106
  104  102  100   99   98   97   96   94   93   92   89   87   84   82   81   80
   79   78   76   73   70   68   66   65   65   65   65   66   67   67   66   62
   59   56   53   52   51   50   49   49   49
    45.0-180.0 180.0   5.0 450.0                            LAT/LON1/LON2/DLON/H
   54   52   52   53   55   58   60   64   67   70   72   75   77   79   80   80
   79   80   81   83   85   87   89   90   93   98  102  107  110  112  111  109
  106  105  104  105  106  108  108  106  106  103  100   97   94   91   90   90
   89   88   86   83   80   77   75   74   73   72   72   73   74   75   73   70
   67   63   61   58   57   56   55   54   54
    42.5-180.0 180.0   5.0 450.0                            LAT/LON1/LON2/DLON/H
   57   55   55   55   58   60   63   68   73   77   81   84   85   87   86   86
   85   86   88   91   94   95   97   99  102  105  108  112  114  114  113  111
  108  108  109  112  115  118  120  119  118  116  112  108  104  101  100   99
   98   97   95   92   89   85   83   81   80   79   79   80   81   81   79   76
   72   69   66   64   63   61   60   59   57
    40.0-180.0 180.0   5.0 450.0                            LAT/LON1/LON2/DLON/H
   60   57   56   57   58   60   64   70   77   84   90   93   95   96   96   94
   94   95   97  100  103  105  107  109  111  113  114  116  117  116  116  114
  112  112  115  120  125  129  130  130  129  127  123  119  115  111  109  108
  106  104  102  100   96   91   88   86   85   84   84   85   86   86   84   81
   76   72   69   68   66   65   63   61   60
    37.5-180.0 180.0   5.0 450.0                            LAT/LON1/LON2/DLON/H
   60   59   57   57   57   59   63   70   80   91   99  104  108  109  108  106
  105  105  107  110  113  115  117  119  120  121  121  121  121  121  121  121
  120  122  126  132  137  141  141  141  140  137  133  129  124  118  115  112
  110  107  105  102   98   94   91   89   88   87   87   87   88   88   86   83
   79   75   71   69   67   66   63   62   60
    35.0-180.0 180.0   5.0 450.0                            LAT/LON1/LON2/DLON/H
   59   58   57   56   56   56   60   69   82   96  108  116  121  123  123  121
  118  117  118  120  122  125  127  128  129  129  129  129  129  132  134  135
  136  138  141  146  151  154  154  152  149  146  141  136  129  123  117  112
  109  106  103  100   97   95   92   90   89   88   88   88   89   88   86   84
   80   75   72   69   67   65   62   61   59
    32.5-180.0 180.0   5.0 450.0                            LAT/LON1/LON2/DLON/H
   59   58   56   55   53   54   58   68   83  101  116  127  134  138  138  136
  132  130  128  130  131  134  136  137  138  139  139  140  141  146  153  157
  160  160  161  165  169  169  168  163  159  153  147  140  132  125  117  109
  106  103   99   97   95   93   91   89   88   88   89   89   90   88   86   83
   79   75   72   69   66   64   61   59   59
    30.0-180.0 180.0   5.0 450.0                            LAT/LON1/LON2/DLON/H
   57   57   56   54   52   52   56   67   84  102  120  134  143  150  152  151
  146  142  139  139  140  143  144  146  148  149  151  153  158  165  176  185
  188  187  186  186  188  188  183  176  167  160  152  144  134  126  116  109
  104  100   98   96   94   92   90   89   88   88   89   90   90   89   86   83
   79   75   72   69   67   63   60   58   57
    27.5-180.0 180.0   5.0 450.0                            LAT/LON1/LON2/DLON/H
   57   57   57   54   51   50   55   65   82  103  122  137  149  158  163  163
  159  155  150  149  149  151  152  154  157  160  164  170  178  189  204  216
  221  218  213  210  209  206  199  188  177  167  158  148  137  128  118  109
  105  101   98   97   95   93   90   88   87   88   89   90   91   89   87   83
   80   77   74   71   69   64   60   57   57
    25.0-180.0 180.0   5.0 450.0                            LAT/LON1/LON2/DLON/H
   57   58   58   56   53   51   54   65   82  101  121  137  151  162  169  172
  169  165  161  159  160  162  163  164  166  172  179  188  200  216  234  248
  253  249  240  233  229  224  213  200  188  176  166  156  145  133  123  114
  109  107  104  100   97   94   91   89   87   88   90   91   92   90   88   86
   83   80   78   76   72   67   61   58   57
    22.5-180.0 180.0   5.0 450.0                            LAT/LON1/LON2/DLON/H
   59   60   60   59   56   53   56   66   81   99  118  135  149  162  172  178
  177  175  172  172  173  175  175  176  178  185  195  208  223  243  262  277
  282  276  264  255  248  239  228  214  201  188  177  167  157  145  133  125
  120  116  112  107  103   98   94   90   88   89   91   91   93   92   91   89
   86   84   81   80   76   71   65   60   59
    20.0-180.0 180.0   5.0 450.0                            LAT/LON1/LON2/DLON/H
   62   62   63   62   59   58   60   69   82   97  115  130  145  160  171  180
  183  185  185  186  188  190  190  190  191  199  211  227  246  267  287  300
  305  297  285  276  266  254  242  229  216  204  193  184  175  162  150  141
  136  130  124  118  112  106  100   95   92   91   92   93   94   94   93   92
   90   88   86   84   81   76   70   64   62
    17.5-180.0 180.0   5.0 450.0                            LAT/LON1/LON2/DLON/H
   66   65   65   64   62   62   66   74   85   97  112  127  141  156  169  182
  189  194  197  201  204  206  206  204  205  213  227  245  268  288  305  317
  320  314  302  292  280  268  256  243  231  222  213  205  197  184  171  160
  154  148  141  132  124  116  111  104  100   97   97   96   96   96   96   95
   94   91   90   88   86   82   77   71   66
    15.0-180.0 180.0   5.0 450.0                            LAT/LON1/LON2/DLON/H
   71   69   67   65   64   65   70   79   89  100  114  127  140  155  169  183
  193  202  209  216  221  223  222  219  219  228  245  265  287  306  319  326
  328  324  314  302  290  280  269  259  249  242  235  226  216  204  192  181
  175  167  158  149  139  130  123  117  111  107  104  101  100   98   99   98
   97   95   93   93   91   88   83   77   71
    12.5-180.0 180.0   5.0 450.0                            LAT/LON1/LON2/DLON/H
   77   73   70   66   65   68   74   84   95  106  117  130  143  155  170  184
  197  211  222  231  237  239  238  236  238  248  265  286  306  319  328  332
  334  329  320  309  299  292  284  275  267  262  255  246  233  221  209  200
  192  184  174  165  155  144  136  130  125  119  114  107  104  100  100  100
   99   97   96   95   93   92   88   83   77
    10.0-180.0 180.0   5.0 450.0                            LAT/LON1/LON2/DLON/H
   83   77   72   68   66   69   77   87   99  111  123  135  147  160  172  186
  202  219  233  244  251  254  254  254  258  270  286  304  321  330  335  336
  336  333  326  316  309  304  299  292  283  278  269  258  247  234  222  213
  205  197  187  178  167  155  148  143  138  132  124  114  107  103  102  102
  100   98   96   96   95   94   92   88   83
     7.5-180.0 180.0   5.0 450.0                            LAT/LON1/LON2/DLON/H
   88   81   75   69   67   69   77   89  102  116  129  142  154  166  178  191
  207  226  242  255  263  267  269  272  279  292  307  323  333  337  339  339
  341  340  334  326  320  317  312  305  297  288  277  266  254  241  230  220
  211  203  194  183  172  163  157  154  151  145  135  121  111  105  103  102
  101   98   96   96   96   96   95   92   88
     5.0-180.0 180.0   5.0 450.0                            LAT/LON1/LON2/DLON/H
   91   84   77   71   67   69   77   89  104  120  135  149  161  173  185  198
  215  234  249  262  272  278  282  288  298  312  327  340  344  344  343  342
  345  346  341  336  333  328  322  314  305  293  281  268  255  242  231  220
  212  203  192  181  172  165  162  161  161  155  143  128  114  106  104  102
  100   98   96   95   96   97   97   95   91
     2.5-180.0 180.0   5.0 450.0                            LAT/LON1/LON2/DLON/H
   92   86   79   72   69   70   78   91  106  123  140  155  169  181  194  206
  223  242  258  269  279  289  295  304  316  331  345  355  354  350  347  347
  351  353  351  348  344  338  329  320  309  296  280  265  251  238  226  215
  205  197  185  175  167  163  163  165  166  161  149  131  117  107  104  102
  100   97   96   96   97   99   99   97   92
