ionex_files/bejaia/igsg0750.21i
     1.0            IONOSPHERE MAPS     MIX                 IONEX VERSION / TYPE
cmpcmb v1.2          GRL/UWM             1-apr-21 10:07     PGM / RUN BY / DATE 
ionex file containing IGS COMBINED Ionosphere maps          COMMENT             
global ionosphere maps for day 075, 2021                    DESCRIPTION         
IONEX file containing the COMBINED IGS TEC MAPS and DCBs    DESCRIPTION         
      IONEX files of the following IAACs were combined: cod DESCRIPTION         
                                                        esa DESCRIPTION         
                                                        jpl DESCRIPTION         
                                                        upc DESCRIPTION         
Contact address: Andrzej Krankowski                         DESCRIPTION
                 Geodynamics Research Laboratory            DESCRIPTION
                 University of Warmia and Mazury (GRL/UWM)  DESCRIPTION
                 Oczapowski St. 1                           DESCRIPTION
                 10-957-Olsztyn, POLAND                     DESCRIPTION
                 e-mail:  kand@uwm.edu.pl                   DESCRIPTION
                                                            DESCRIPTION         
  2021     3    16     0     0     0                        EPOCH OF FIRST MAP  
  2021     3    17     0     0     0                        EPOCH OF LAST MAP   
  7200                                                      INTERVAL            
    13                                                      # OF MAPS IN FILE   
  COSZ                                                      MAPPING FUNCTION    
     0.0                                                    ELEVATION CUTOFF    
combined TEC calculated as weighted mean of input TEC valuesOBSERVABLES USED    
   373                                                      # OF STATIONS       
    32                                                      # OF SATELLITES     
  6371.0                                                    BASE RADIUS         
     2                                                      MAP DIMENSION       
   450.0 450.0   0.0                                        HGT1 / HGT2 / DHGT  
    87.5 -87.5  -2.5                                        LAT1 / LAT2 / DLAT  
  -180.0 180.0   5.0                                        LON1 / LON2 / DLON  
    -1                                                      EXPONENT            
TEC values in 0.1 tec units;  9999, if no value available   COMMENT             
DCB values in nanoseconds, reference is Sum_of_SatDCBs = 0  COMMENT             
                                                            END OF HEADER       
[from data line 4719]
    12                                                      START OF TEC MAP    
  2021     3    16    22     0     0                        EPOCH OF CURRENT MAP
    87.5-180.0 180.0   5.0 450.0                            LAT/LON1/LON2/DLON/H
   61   61   61   62   62   63   63   63   63   64   64   64   64   64   64   63
   63   62   62   61   61   60   60   59   58   57   57   56   56   55   55   54
   54   53   53   52   52   52   52   52   52   52   52   52   52   52   52   52
   52   53   53   53   53   53   53   54   54   54   54   54   55   55   55   56
   56   57   57   58   59   59   60   60   61
    85.0-180.0 180.0   5.0 450.0                            LAT/LON1/LON2/DLON/H
   61   63   63   64   65   66   67   68   68   69   69   70   70   70   70   69
   68   68   67   65   64   63   61   60   58   56   55   53   52   51   50   49
   48   47   46   46   46   46   45   45   45   45   45   45   45   46   46   46
   46   47   48   49   49   49   50   50   50   51   51   51   52   52   53   53
   54   55   56   56   57   58   59   60   61
    82.5-180.0 180.0   5.0 450.0                            LAT/LON1/LON2/DLON/H
   62   63   65   66   68   70   71   72   73   74   74   74   75   74   74   73
   73   71   70   69   66   64   62   59   56   54   52   50   48   46   45   44
   42   41   40   40   39   39   39   39   40   40   40   40   40   40   41   41
   42   42   43   43   44   44   45   45   46   46   46   47   47   48   49   50
   50   52   53   54   56   57   59   60   62
    80.0-180.0 180.0   5.0 450.0                            LAT/LON1/LON2/DLON/H
   62   64   66   68   70   72   73   75   76   78   78   79   80   79   78   77
   76   74   72   70   68   66   62   56   52   50   47   45   43   41   40   38
   37   36   35   35   34   34   33   33   33   34   34   34   35   35   36   36
   37   37   38   38   38   39   39   40   40   40   41   41   42   43   44   46
   47   49   51   53   54   56   58   60   62
    77.5-180.0 180.0   5.0 450.0                            LAT/LON1/LON2/DLON/H
   64   66   68   70   72   73   75   77   79   80   81   82   82   82   82   80
   79   77   74   71   68   64   61   56   53   49   46   43   40   38   36   34
   33   33   32   31   31   30   29   29   29   29   29   29   29   30   30   31
   32   32   32   32   32   32   33   33   34   34   35   36   38   39   41   43
   45   47   50   52   55   57   59   61   64
    75.0-180.0 180.0   5.0 450.0                            LAT/LON1/LON2/DLON/H
   66   68   70   71   73   75   77   78   80   82   83   85   85   85   85   84
   82   79   76   72   68   64   60   56   52   48   44   41   39   36   34   32
   31   30   30   29   28   27   27   26   26   25   25   25   25   25   26   25
   26   26   26   26   26   26   26   26   27   29   30   32   33   36   38   41
   45   47   50   53   56   59   62   64   66
    72.5-180.0 180.0   5.0 450.0                            LAT/LON1/LON2/DLON/H
   70   72   73   74   76   77   78   80   82   83   85   87   88   88   86   85
   82   79   76   72   68   64   59   55   51   47   44   41   38   34   33   32
   30   29   28   27   27   25   25   24   23   22   22   22   22   21   22   22
   22   21   21   20   20   19   20   21   21   23   25   27   30   33   37   40
   44   48   52   56   59   63   66   68   70
    70.0-180.0 180.0   5.0 450.0                            LAT/LON1/LON2/DLON/H
   76   77   78   79   80   80   81   82   83   84   86   87   88   87   87   85
   82   79   76   73   69   65   61   57   53   48   44   41   38   35   33   31
   30   28   27   26   25   24   22   21   20   20   19   19   19   19   19   19
   18   18   17   16   15   15   15   15   16   18   20   23   27   31   36   41
   46   51   55   60   64   68   71   74   76
    67.5-180.0 180.0   5.0 450.0                            LAT/LON1/LON2/DLON/H
   82   84   84   84   84   84   83   83   84   85   86   87   87   87   87   85
   82   80   78   74   71   68   64   60   56   52   47   44   40   37   34   32
   30   27   26   24   23   22   20   19   18   18   17   18   18   17   17   17
   16   16   14   13   12   11   12   12   13   15   18   21   26   31   36   44
   49   54   59   64   68   72   76   79   82
    65.0-180.0 180.0   5.0 450.0                            LAT/LON1/LON2/DLON/H
   88   90   90   90   89   88   86   85   85   86   86   87   86   86   85   85
   83   82   80   78   75   73   70   66   62   58   52   49   44   41   37   34
   30   27   25   23   21   19   18   18   17   17   17   17   17   17   17   16
   15   15   13   12   12   11   11   11   12   14   18   22   26   32   40   47
   53   58   63   68   72   77   81   85   88
    62.5-180.0 180.0   5.0 450.0                            LAT/LON1/LON2/DLON/H
   92   94   95   95   94   92   90   88   87   87   87   87   87   86   85   84
   84   84   83   82   81   78   76   72   68   64   59   54   49   45   41   36
   32   28   24   22   20   19   18   18   17   17   17   18   18   17   17   16
   16   15   14   13   13   13   13   14   15   17   21   24   30   36   44   51
   57   61   67   71   75   79   84   88   92
    60.0-180.0 180.0   5.0 450.0                            LAT/LON1/LON2/DLON/H
   94   97   99   99   98   96   94   92   90   89   88   87   87   86   86   86
   86   86   86   86   85   83   80   77   73   69   64   59   54   49   44   39
   34   29   25   22   20   19   19   20   20   20   20   20   20   20   19   18
   18   17   17   17   17   18   18   19   21   23   26   29   35   41   49   54
   60   64   68   73   76   81   85   90   94
    57.5-180.0 180.0   5.0 450.0                            LAT/LON1/LON2/DLON/H
   96   99  102  103  103  102   99   97   94   92   90   89   88   88   87   88
   88   89   89   89   88   86   83   80   76   72   67   62   57   52   47   42
   36   30   26   23   22   22   22   23   24   24   24   25   25   24   24   23
   23   23   23   23   24   25   26   27   28   30   33   36   40   45   51   56
   61   66   70   74   77   81   86   91   96
    55.0-180.0 180.0   5.0 450.0                            LAT/LON1/LON2/DLON/H
   97  102  105  108  108  107  105  102   99   97   94   92   91   90   90   90
   91   91   91   91   90   87   84   81   78   74   70   65   61   55   50   45
   39   33   29   27   26   26   27   29   30   31   31   32   31   30   30   30
   30   31   32   32   33   34   35   36   37   38   40   42   46   50   54   59
   64   69   73   75   78   82   87   92   97
    52.5-180.0 180.0   5.0 450.0                            LAT/LON1/LON2/DLON/H
  100  105  109  113  114  115  114  110  107  102   99   96   94   93   93   93
   94   94   93   91   89   87   84   81   78   75   71   67   63   58   53   47
   42   36   33   32   32   32   34   36   37   38   38   38   37   37   37   37
   38   39   41   42   43   44   45   46   46   48   48   50   52   54   58   63
   68   72   77   79   81   84   88   93  100
    50.0-180.0 180.0   5.0 450.0                            LAT/LON1/LON2/DLON/H
  104  110  115  119  122  123  123  121  116  111  105  100   97   96   95   95
   96   96   94   91   89   87   85   82   80   77   73   70   65   60   54   49
   44   40   39   38   39   40   41   43   44   44   45   44   44   44   44   45
   47   48   49   50   52   53   55   56   56   57   56   56   56   58   62   67
   72   76   80   83   85   87   92   97  104
    47.5-180.0 180.0   5.0 450.0                            LAT/LON1/LON2/DLON/H
  110  117  122  126  131  133  134  132  127  120  112  106  102   99   99   99
   99   98   95   93   90   88   87   85   83   79   75   71   66   61   55   50
   46   44   44   46   47   48   49   50   50   50   50   50   49   49   50   53
   55   57   58   59   60   61   63   63   64   63   61   60   60   62   66   70
   75   80   83   86   89   93   97  103  110
    45.0-180.0 180.0   5.0 450.0                            LAT/LON1/LON2/DLON/H
  118  125  129  134  139  143  144  144  138  131  122  114  108  105  105  105
  104  102   99   97   94   94   92   91   89   85   78   73   67   60   54   50
   48   48   50   52   54   55   55   55   55   54   54   54   54   55   58   61
   64   66   67   68   69   69   70   70   69   67   64   63   63   65   70   75
   80   84   88   90   93   99  106  111  118
    42.5-180.0 180.0   5.0 450.0                            LAT/LON1/LON2/DLON/H
  126  132  136  141  146  151  153  153  149  141  132  122  116  113  111  111
  110  108  105  103  102  102  101  100   97   90   81   74   66   59   53   49
   49   51   55   58   60   61   60   59   58   57   57   57   59   61   64   68
   71   73   74   75   75   76   76   75   74   70   66   64   65   69   74   79
   85   90   94   96   99  105  113  120  126
    40.0-180.0 180.0   5.0 450.0                            LAT/LON1/LON2/DLON/H
  134  139  143  147  151  157  160  161  159  152  142  132  125  121  119  119
  118  115  113  112  112  113  112  110  104   95   85   74   66   58   51   48
   49   53   58   62   64   64   63   61   60   59   59   60   62   65   68   72
   75   77   78   79   79   79   79   78   76   72   68   66   67   72   78   84
   90   96  100  103  106  112  120  127  134
    37.5-180.0 180.0   5.0 450.0                            LAT/LON1/LON2/DLON/H
  140  145  148  152  155  161  165  168  167  161  152  143  135  130  128  127
  126  125  123  123  124  125  124  120  110   99   86   74   65   58   53   50
   51   55   60   64   66   66   64   63   62   61   61   64   66   68   70   74
   77   79   79   80   80   80   80   78   75   72   68   68   70   75   82   88
   95  100  105  108  112  118  126  133  140
    35.0-180.0 180.0   5.0 450.0                            LAT/LON1/LON2/DLON/H
  144  150  153  155  158  162  167  170  171  168  162  153  146  140  136  134
  134  134  133  133  135  136  134  126  114  101   86   74   68   63   59   56
   56   59   62   66   67   67   66   65   64   64   64   66   67   68   70   73
   76   78   78   78   79   79   78   77   73   70   67   67   71   78   85   92
   98  103  108  112  116  122  128  137  144
    32.5-180.0 180.0   5.0 450.0                            LAT/LON1/LON2/DLON/H
  149  155  157  158  160  163  167  171  173  172  169  163  156  150  145  142
  142  143  142  143  144  143  138  129  115  100   86   78   74   72   69   66
   65   66   67   69   70   69   68   67   67   67   67   68   68   68   69   71
   73   75   76   76   77   78   77   75   72   67   65   66   71   79   88   95
  101  106  111  115  120  125  132  140  149
    30.0-180.0 180.0   5.0 450.0                            LAT/LON1/LON2/DLON/H
  155  161  165  165  165  166  169  172  174  175  175  171  164  159  153  151
  149  150  150  150  149  146  139  127  113   98   88   84   85   86   84   80
   76   74   73   73   72   70   69   69   71   70   70   69   68   68   67   68
   70   71   73   74   75   76   75   74   70   65   61   63   70   79   89   97
  102  108  112  117  123  128  135  145  155
    27.5-180.0 180.0   5.0 450.0                            LAT/LON1/LON2/DLON/H
  163  172  177  178  176  175  176  176  176  178  181  178  172  167  162  159
  157  158  157  155  152  145  136  123  109   98   93   94  100  103  102   96
   89   84   81   77   75   72   71   73   74   74   72   69   68   68   66   66
   67   69   70   71   72   73   72   71   67   62   58   61   68   78   89   98
  103  108  114  120  126  132  141  152  163
    25.0-180.0 180.0   5.0 450.0                            LAT/LON1/LON2/DLON/H
  176  189  197  199  196  193  188  186  184  185  187  187  182  177  171  168
  166  166  164  160  152  143  132  119  108  102  102  108  117  122  122  113
  103   95   89   84   79   75   74   75   77   75   73   70   68   67   66   65
   65   66   67   67   68   69   68   66   62   58   55   57   66   78   89   98
  104  109  114  122  129  138  148  162  176
    22.5-180.0 180.0   5.0 450.0                            LAT/LON1/LON2/DLON/H
  193  210  223  225  222  216  207  201  197  197  199  199  195  189  183  179
  176  175  171  165  154  142  130  120  114  113  117  126  135  141  140  128
  117  106   97   90   84   79   77   78   78   75   73   69   68   68   67   66
   64   63   64   63   63   64   63   60   56   53   52   55   64   77   89   98
  104  110  115  124  133  145  158  175  193
    20.0-180.0 180.0   5.0 450.0                            LAT/LON1/LON2/DLON/H
  213  236  250  255  252  244  232  223  217  215  217  216  212  206  198  194
  191  188  181  172  158  145  133  127  126  131  138  146  155  160  155  141
  129  114  106   98   90   85   82   81   79   76   73   69   68   69   68   67
   65   62   60   59   59   58   56   54   51   49   48   51   61   75   88   98
  104  111  118  128  139  154  170  190  213
    17.5-180.0 180.0   5.0 450.0                            LAT/LON1/LON2/DLON/H
  234  260  276  283  281  272  263  251  244  242  242  239  234  228  220  214
  209  205  196  184  167  152  142  140  146  156  165  170  176  176  168  152
  139  126  116  106   98   91   88   85   83   78   75   70   69   70   70   68
   66   62   58   56   54   53   51   49   47   46   46   49   59   73   87   97
  105  113  122  134  147  164  183  206  234
    15.0-180.0 180.0   5.0 450.0                            LAT/LON1/LON2/DLON/H
  251  279  299  309  307  299  290  283  276  275  274  272  265  256  247  238
  232  225  214  199  181  166  159  162  172  185  194  195  195  187  175  159
  146  137  126  114  106  100   95   92   88   83   79   73   73   72   72   70
   66   61   57   54   51   49   47   46   45   44   45   49   58   72   86   97
  107  116  127  141  156  175  196  221  251
    12.5-180.0 180.0   5.0 450.0                            LAT/LON1/LON2/DLON/H
  262  291  313  325  324  320  314  313  314  313  312  311  302  291  280  268
  258  249  235  219  201  189  184  188  200  212  217  215  206  190  174  160
  150  143  134  123  116  110  106  101   97   90   86   80   78   76   75   71
   67   61   56   53   50   48   47   46   45   45   46   50   59   72   87   98
  108  119  132  148  165  185  207  234  262
    10.0-180.0 180.0   5.0 450.0                            LAT/LON1/LON2/DLON/H
  269  295  316  328  332  332  333  338  346  349  350  350  342  329  314  299
  286  274  260  243  229  218  214  217  225  233  231  223  205  184  167  157
  151  148  142  134  127  121  117  112  108  102   98   89   84   80   77   72
   67   61   56   53   51   49   48   48   47   47   48   52   60   73   88  100
  110  122  136  154  173  194  216  243  269
     7.5-180.0 180.0   5.0 450.0                            LAT/LON1/LON2/DLON/H
  273  295  312  323  331  338  344  354  367  376  381  382  377  365  346  328
  313  299  285  270  260  252  246  244  246  247  239  222  198  174  161  154
  154  156  152  145  138  133  128  124  120  116  110  100   91   85   79   73
   66   60   56   54   52   51   51   51   51   50   51   54   63   75   89  102
  112  124  140  157  177  199  223  248  273
     5.0-180.0 180.0   5.0 450.0                            LAT/LON1/LON2/DLON/H
  274  294  309  319  330  340  352  365  380  391  398  401  397  386  368  354
  336  322  307  297  291  284  276  269  264  258  243  219  190  169  159  156
  160  164  161  155  148  142  138  136  133  128  122  109   99   91   81   71
   63   57   55   54   53   53   54   55   55   54   54   56   64   76   91  103
  114  126  141  159  179  201  225  251  274
     2.5-180.0 180.0   5.0 450.0                            LAT/LON1/LON2/DLON/H
  274  294  311  321  332  346  359  373  387  397  402  403  399  390  378  364
  351  338  326  320  317  312  302  290  279  265  243  215  187  172  163  162
  167  171  169  162  154  148  145  144  142  137  131  118  106   95   82   69
   59   54   52   52   53   54   56   58   60   58   57   59   65   77   91  104
  114  126  141  158  178  200  223  249  274
