ionex_files/bejaia/igsg0730.21i
     1.0            IONOSPHERE MAPS     MIX                 IONEX VERSION / TYPE
cmpcmb v1.2          GRL/UWM             1-apr-21 09:56     PGM / RUN BY / DATE 
ionex file containing IGS COMBINED Ionosphere maps          COMMENT             
global ionosphere maps for day 073, 2021                    DESCRIPTION         
IONEX file containing the COMBINED IGS TEC MAPS and DCBs    DESCRIPTION         
      IONEX files of the following IAACs were combined: cod DESCRIPTION         
                                                        esa DESCRIPTION         
                                                        jpl DESCRIPTION         
                                                        upc DESCRIPTION         
Contact address: Andrzej Krankowski                         DESCRIPTION
                 Geodynamics Research Laboratory            DESCRIPTION
                 University of Warmia and Mazury (GRL/UWM)  DESCRIPTION
                 Oczapowski St. 1                           DESCRIPTION
                 10-957-Olsztyn, POLAND                     DESCRIPTION
                 e-mail:  kand@uwm.edu.pl                   DESCRIPTION
                                                            DESCRIPTION         
  2021     3    14     0     0     0                        EPOCH OF FIRST MAP  
  2021     3    15     0     0     0                        EPOCH OF LAST MAP   
  7200                                                      INTERVAL            
    13                                                      # OF MAPS IN FILE   
  COSZ                                                      MAPPING FUNCTION    
     0.0                                                    ELEVATION CUTOFF    
combined TEC calculated as weighted mean of input TEC valuesOBSERVABLES USED    
   371                                                      # OF STATIONS       
    32                                                      # OF SATELLITES     
  6371.0                                                    BASE RADIUS         
     2                                                      MAP DIMENSION       
   450.0 450.0   0.0                                        HGT1 / HGT2 / DHGT  
    87.5 -87.5  -2.5                                        LAT1 / LAT2 / DLAT  
  -180.0 180.0   5.0                                        LON1 / LON2 / DLON  
    -1                                                      EXPONENT            
TEC values in 0.1 tec units;  9999, if no value available   COMMENT             
DCB values in nanoseconds, reference is Sum_of_SatDCBs = 0  COMMENT             
                                                            END OF HEADER       
[from data line 2574]
     7                                                      START OF TEC MAP    
  2021     3    14    12     0     0                        EPOCH OF CURRENT MAP
    87.5-180.0 180.0   5.0 450.0                            LAT/LON1/LON2/DLON/H
   51   52   52   51   51   50   50   50   49   49   49   49   49   49   48   49
   49   49   49   49   49   49   49   50   50   50   50   51   51   51   52   52
   52   53   53   53   53   53   53   54   54   54   54   54   54   54   53   53
   53   53   53   53   53   53   53   53   53   53   53   53   53   54   53   53
   54   53   53   53   53   53   52   52   51
    85.0-180.0 180.0   5.0 450.0                            LAT/LON1/LON2/DLON/H
   52   51   50   50   49   48   47   47   46   45   45   44   44   43   43   43
   43   43   43   44   45   45   46   46   47   48   49   50   51   52   53   54
   55   56   56   57   57   57   57   57   57   57   57   56   56   55   55   55
   54   54   53   53   53   53   53   53   53   53   53   54   54   54   54   54
   54   54   54   53   53   53   52   52   52
    82.5-180.0 180.0   5.0 450.0                            LAT/LON1/LON2/DLON/H
   52   51   50   49   48   47   45   44   43   42   41   40   39   39   38   37
   37   37   37   38   39   40   42   43   45   46   48   51   52   55   56   58
   59   61   62   63   63   63   63   63   62   61   60   59   58   57   56   55
   54   53   53   52   52   52   52   52   52   52   52   53   53   53   54   54
   54   54   54   54   54   53   53   52   52
    80.0-180.0 180.0   5.0 450.0                            LAT/LON1/LON2/DLON/H
   51   50   49   48   46   45   43   42   41   40   39   38   37   36   34   34
   34   34   34   35   36   37   39   41   44   46   49   52   55   58   61   64
   65   68   69   70   70   70   69   68   67   65   64   62   61   58   56   55
   54   53   52   52   51   51   50   50   50   50   50   51   51   51   52   52
   53   53   53   53   53   53   52   52   51
    77.5-180.0 180.0   5.0 450.0                            LAT/LON1/LON2/DLON/H
   49   48   47   45   43   42   40   40   39   38   36   34   33   32   32   32
   32   33   34   34   36   37   40   42   44   48   51   55   58   62   65   68
   71   74   76   77   77   76   75   74   73   70   68   66   64   62   60   57
   55   54   53   53   52   51   50   49   49   48   48   48   48   48   48   49
   50   50   50   50   50   50   50   50   49
    75.0-180.0 180.0   5.0 450.0                            LAT/LON1/LON2/DLON/H
   45   44   43   41   40   39   38   37   35   34   33   32   32   31   32   32
   33   34   34   35   37   39   41   43   45   48   52   56   60   64   69   73
   76   78   80   81   82   81   80   78   77   75   72   70   68   66   64   62
   60   59   57   56   54   53   51   50   48   47   46   45   45   44   45   45
   45   46   46   46   46   46   46   46   45
    72.5-180.0 180.0   5.0 450.0                            LAT/LON1/LON2/DLON/H
   41   40   39   39   38   37   36   34   33   32   31   31   31   32   33   33
   34   36   36   38   40   42   44   46   47   50   53   57   61   65   70   75
   79   81   83   84   85   84   83   82   80   78   76   74   72   71   69   68
   66   64   63   61   59   57   53   51   48   46   43   42   41   40   40   40
   40   41   40   41   41   41   41   41   41
    70.0-180.0 180.0   5.0 450.0                            LAT/LON1/LON2/DLON/H
   37   37   37   37   36   35   33   32   31   30   30   30   31   32   34   35
   37   38   40   42   44   45   47   49   51   52   54   57   60   63   68   72
   77   81   83   84   85   85   85   83   81   80   79   77   77   76   74   73
   72   71   69   67   64   61   57   53   49   45   41   39   37   36   36   35
   35   36   36   36   36   37   37   37   37
    67.5-180.0 180.0   5.0 450.0                            LAT/LON1/LON2/DLON/H
   34   34   34   35   34   33   32   31   30   29   29   30   31   32   34   36
   39   41   44   45   46   48   50   52   53   53   55   56   57   60   64   68
   72   77   81   83   83   84   83   83   82   81   80   80   79   79   79   78
   77   76   74   71   68   64   59   54   49   44   40   37   35   33   32   32
   32   33   33   33   33   33   34   34   34
    65.0-180.0 180.0   5.0 450.0                            LAT/LON1/LON2/DLON/H
   32   33   34   35   34   33   32   31   30   29   28   29   29   31   34   37
   40   43   46   47   49   50   52   54   54   54   54   54   55   57   59   62
   67   71   76   79   81   82   82   81   81   81   81   82   82   82   82   82
   81   79   77   74   71   66   60   55   49   45   40   37   33   32   31   31
   32   32   32   32   32   32   32   32   32
    62.5-180.0 180.0   5.0 450.0                            LAT/LON1/LON2/DLON/H
   33   34   34   35   35   35   34   32   30   29   28   28   28   30   33   36
   38   42   45   47   49   51   53   55   55   54   54   53   54   55   57   60
   64   68   73   76   79   80   80   80   80   81   81   83   84   85   85   84
   83   81   78   75   72   67   62   57   52   47   42   39   35   34   32   32
   33   33   34   34   34   34   33   33   33
    60.0-180.0 180.0   5.0 450.0                            LAT/LON1/LON2/DLON/H
   36   36   36   37   37   37   35   34   32   30   29   28   28   29   30   32
   35   38   41   45   47   50   52   55   55   54   54   53   53   55   57   60
   64   68   73   76   79   80   80   81   81   82   83   84   86   86   86   85
   84   82   79   76   73   69   64   60   55   51   47   43   40   38   36   36
   36   37   38   39   38   37   37   36   36
    57.5-180.0 180.0   5.0 450.0                            LAT/LON1/LON2/DLON/H
   41   40   40   40   40   39   38   36   34   32   30   28   27   26   27   29
   30   32   36   40   44   48   51   53   55   55   55   55   56   57   59   63
   67   72   75   79   80   81   82   83   83   84   86   87   87   88   87   86
   84   83   80   78   75   72   69   65   61   57   53   50   46   45   42   41
   41   42   43   44   44   44   44   42   41
    55.0-180.0 180.0   5.0 450.0                            LAT/LON1/LON2/DLON/H
   47   45   44   44   44   42   41   39   37   34   32   29   27   25   24   24
   25   27   31   36   41   46   50   53   55   57   58   59   60   63   66   69
   73   76   80   82   83   84   85   86   87   88   89   90   90   90   89   88
   87   85   84   82   80   79   76   73   69   65   61   59   56   53   51   49
   47   48   49   50   51   50   50   48   47
    52.5-180.0 180.0   5.0 450.0                            LAT/LON1/LON2/DLON/H
   53   51   49   49   48   46   45   42   40   38   35   31   28   24   22   21
   22   24   28   34   40   46   51   54   58   61   63   65   68   70   74   77
   80   83   86   87   88   89   90   92   93   94   95   95   95   95   93   92
   91   91   90   89   88   87   85   82   78   74   71   68   66   63   60   57
   54   53   56   56   56   56   55   54   53
    50.0-180.0 180.0   5.0 450.0                            LAT/LON1/LON2/DLON/H
   58   56   53   52   51   50   49   47   45   42   39   35   31   27   23   22
   22   24   29   35   41   48   54   59   63   67   70   73   76   79   82   85
   87   89   91   92   93   95   97  100  101  102  103  102  101  100   99   99
   99   99   98   98   97   95   93   90   86   82   78   76   74   71   69   65
   61   59   61   61   61   60   59   59   58
    47.5-180.0 180.0   5.0 450.0                            LAT/LON1/LON2/DLON/H
   62   60   58   57   56   54   52   50   49   48   46   42   38   32   27   25
   24   27   31   38   46   53   60   65   70   75   78   81   84   86   88   90
   92   94   96   97   99  102  106  110  112  113  112  111  109  108  107  106
  107  108  108  106  105  102  100   96   93   88   84   81   79   77   75   72
   68   66   65   64   65   64   65   64   62
    45.0-180.0 180.0   5.0 450.0                            LAT/LON1/LON2/DLON/H
   67   64   63   61   59   57   55   54   54   54   53   49   44   40   35   31
   30   32   37   44   52   60   67   73   79   84   87   90   92   93   93   94
   95   98  100  103  107  112  118  122  125  125  124  120  118  117  116  116
  117  118  117  114  112  108  104  100   96   90   85   83   83   82   80   77
   74   71   70   69   69   69   69   68   67
    42.5-180.0 180.0   5.0 450.0                            LAT/LON1/LON2/DLON/H
   72   69   68   66   63   60   58   58   58   59   59   57   53   48   43   39
   38   39   44   51   60   68   75   82   88   92   96   98   99   98   97   97
   99  103  107  111  118  125  133  138  141  140  136  132  128  127  127  128
  129  129  126  122  117  111  105   99   93   88   84   83   83   85   84   81
   78   75   74   73   74   74   74   73   72
    40.0-180.0 180.0   5.0 450.0                            LAT/LON1/LON2/DLON/H
   76   74   72   70   68   65   62   61   62   64   64   63   59   55   51   47
   45   46   50   58   67   76   83   90   97  101  104  106  105  103  101  102
  105  110  116  123  134  143  151  157  159  158  151  145  141  140  140  140
  141  139  134  128  122  114  105   95   89   84   81   80   82   84   85   84
   81   79   77   77   78   78   78   77   76
    37.5-180.0 180.0   5.0 450.0                            LAT/LON1/LON2/DLON/H
   80   79   77   75   72   68   65   65   66   67   68   67   64   61   58   54
   52   52   56   64   72   82   90   98  104  108  111  112  111  109  108  109
  114  121  130  141  153  164  173  179  181  178  171  162  158  154  153  153
  152  149  144  136  127  118  107   97   90   84   81   80   81   83   84   84
   83   81   80   80   81   81   81   81   80
    35.0-180.0 180.0   5.0 450.0                            LAT/LON1/LON2/DLON/H
   82   82   81   79   76   72   69   68   68   69   71   71   68   65   62   59
   57   56   59   67   76   86   95  103  110  115  117  118  118  117  118  121
  129  138  151  163  176  188  197  203  204  200  194  184  176  171  170  168
  165  162  156  148  138  128  117  108   98   91   87   85   85   85   85   85
   84   83   82   82   82   83   83   82   82
    32.5-180.0 180.0   5.0 450.0                            LAT/LON1/LON2/DLON/H
   83   84   83   82   78   75   72   70   70   70   71   72   70   68   65   62
   59   59   61   69   79   89   99  107  114  121  123  125  126  127  131  138
  149  160  175  189  202  214  224  229  229  221  216  209  198  192  190  186
  184  182  177  169  159  151  140  131  121  112  106  100   96   92   89   86
   84   83   83   84   83   83   83   83   83
    30.0-180.0 180.0   5.0 450.0                            LAT/LON1/LON2/DLON/H
   83   83   83   82   80   77   74   71   70   70   70   71   70   68   67   64
   61   59   62   70   81   92  102  110  118  125  129  132  136  140  148  159
  174  188  201  216  228  237  247  252  252  248  241  233  223  219  214  211
  209  209  206  200  192  186  176  169  158  148  137  126  116  106   97   91
   87   85   84   84   84   83   83   83   83
    27.5-180.0 180.0   5.0 450.0                            LAT/LON1/LON2/DLON/H
   81   82   82   81   80   78   75   72   70   70   69   69   68   67   66   64
   61   59   62   71   83   94  104  113  121  128  134  140  147  156  168  186
  202  217  231  244  254  261  269  275  277  273  264  258  253  249  247  245
  243  243  242  240  236  231  222  215  204  191  177  160  142  125  110   99
   92   88   86   85   84   83   82   82   81
    25.0-180.0 180.0   5.0 450.0                            LAT/LON1/LON2/DLON/H
   80   81   80   80   79   78   75   73   70   68   68   67   66   66   64   62
   60   59   63   72   84   97  107  116  123  130  139  148  158  172  189  210
  230  247  259  272  280  285  288  295  298  295  287  286  289  284  284  281
  280  282  283  286  288  281  274  265  252  238  221  199  175  151  127  111
  100   93   89   87   84   82   81   81   80
    22.5-180.0 180.0   5.0 450.0                            LAT/LON1/LON2/DLON/H
   80   80   79   79   79   78   76   73   70   68   67   66   65   64   63   61
   59   58   63   73   86  100  111  119  127  134  143  155  169  188  211  235
  260  275  287  298  306  306  305  311  314  314  312  317  323  322  320  317
  317  322  326  333  334  326  320  310  296  280  263  238  208  178  149  127
  112  103   95   90   86   83   82   81   80
    20.0-180.0 180.0   5.0 450.0                            LAT/LON1/LON2/DLON/H
   80   79   78   78   78   79   77   75   72   68   66   65   64   63   62   60
   58   59   64   75   89  103  115  123  130  137  148  161  179  204  231  257
  283  297  309  320  324  322  319  325  329  331  337  350  358  355  352  350
  350  357  364  368  370  363  356  344  330  314  295  271  240  207  172  147
  129  116  106   97   90   86   84   83   80
    17.5-180.0 180.0   5.0 450.0                            LAT/LON1/LON2/DLON/H
   83   79   78   77   78   79   78   76   74   70   66   64   63   62   62   60
   58   59   65   77   92  107  118  127  134  141  152  167  190  218  248  276
  302  316  322  328  334  331  331  337  344  347  359  378  385  381  376  374
  375  380  386  389  389  384  376  363  349  335  317  295  267  232  195  167
  147  132  119  107   97   91   88   85   83
    15.0-180.0 180.0   5.0 450.0                            LAT/LON1/LON2/DLON/H
   87   82   79   78   77   78   78   77   75   71   67   65   63   63   62   60
   59   60   66   79   95  110  122  131  139  147  158  176  201  230  261  288
  311  322  326  330  333  335  338  346  355  362  377  395  399  396  392  389
  388  390  394  397  395  390  380  366  353  341  328  310  286  252  216  186
  166  149  134  119  107   99   94   91   87
    12.5-180.0 180.0   5.0 450.0                            LAT/LON1/LON2/DLON/H
   92   85   81   78   78   78   77   76   75   72   69   67   65   64   64   62
   60   62   69   82   99  115  127  137  146  156  168  185  213  241  269  293
  311  319  324  328  331  336  343  353  364  375  388  400  405  402  399  395
  392  393  394  394  390  384  370  355  343  335  326  313  293  264  232  204
  181  163  148  131  118  108  102   97   92
    10.0-180.0 180.0   5.0 450.0                            LAT/LON1/LON2/DLON/H
   96   89   84   80   78   77   76   75   74   73   71   69   68   67   66   64
   62   64   73   87  104  120  133  145  155  166  179  197  221  248  273  292
  307  314  320  325  330  338  347  359  371  383  392  402  406  405  402  396
  392  390  389  387  382  372  356  340  329  322  315  305  289  266  240  216
  193  175  158  141  127  116  108  101   96
     7.5-180.0 180.0   5.0 450.0                            LAT/LON1/LON2/DLON/H
   98   91   86   82   79   76   75   73   73   73   72   71   70   70   68   67
   65   68   76   92  110  127  141  154  165  177  191  208  230  254  275  291
  303  311  317  324  331  340  351  365  377  387  394  401  405  405  402  396
  391  387  384  380  373  362  344  328  316  309  301  292  280  262  241  219
  199  181  163  147  132  121  112  104   98
     5.0-180.0 180.0   5.0 450.0                            LAT/LON1/LON2/DLON/H
   98   91   86   81   78   75   73   72   71   72   72   73   72   71   70   69
   69   71   81   97  116  134  149  163  176  189  203  219  238  258  276  290
  300  309  317  324  333  342  354  368  380  389  396  401  405  406  404  397
  391  386  381  375  366  354  336  320  307  297  289  279  267  252  235  216
  199  180  164  148  134  122  113  104   98
     2.5-180.0 180.0   5.0 450.0                            LAT/LON1/LON2/DLON/H
   96   89   84   80   76   73   71   69   69   71   72   73   72   72   71   71
   72   76   86  103  121  140  156  172  186  200  214  229  246  263  278  290
  300  310  319  327  335  344  357  370  382  391  397  401  404  407  404  396
  389  383  377  368  359  347  331  315  300  288  276  265  252  237  223  208
  192  174  159  144  132  121  111  103   96
