ionex_files/bejaia/igsg0800.21i
     1.0            IONOSPHERE MAPS     MIX                 IONEX VERSION / TYPE
cmpcmb v1.2          GRL/UWM            12-apr-21 05:14     PGM / RUN BY / DATE 
ionex file containing IGS COMBINED Ionosphere maps          COMMENT             
global ionosphere maps for day 080, 2021                    DESCRIPTION         
IONEX file containing the COMBINED IGS TEC MAPS and DCBs    DESCRIPTION         
      IONEX files of the following IAACs were combined: cod DESCRIPTION         
                                                        esa DESCRIPTION         
                                                        jpl DESCRIPTION         
                                                        upc DESCRIPTION         
Contact address: Andrzej Krankowski                         DESCRIPTION
                 Geodynamics Research Laboratory            DESCRIPTION
                 University of Warmia and Mazury (GRL/UWM)  DESCRIPTION
                 Oczapowski St. 1                           DESCRIPTION
                 10-957-Olsztyn, POLAND                     DESCRIPTION
                 e-mail:  kand@uwm.edu.pl                   DESCRIPTION
                                                            DESCRIPTION         
  2021     3    21     0     0     0                        EPOCH OF FIRST MAP  
  2021     3    22     0     0     0                        EPOCH OF LAST MAP   
  7200                                                      INTERVAL            
    13                                                      # OF MAPS IN FILE   
  COSZ                                                      MAPPING FUNCTION    
     0.0                                                    ELEVATION CUTOFF    
combined TEC calculated as weighted mean of input TEC valuesOBSERVABLES USED    
   373                                                      # OF STATIONS       
    32                                                      # OF SATELLITES     
  6371.0                                                    BASE RADIUS         
     2                                                      MAP DIMENSION       
   450.0 450.0   0.0                                        HGT1 / HGT2 / DHGT  
    87.5 -87.5  -2.5                                        LAT1 / LAT2 / DLAT  
  -180.0 180.0   5.0                                        LON1 / LON2 / DLON  
    -1                                                      EXPONENT            
TEC values in 0.1 tec units;  9999, if no value available   COMMENT             
DCB values in nanoseconds, reference is Sum_of_SatDCBs = 0  COMMENT             
                                                            END OF HEADER       
[from data line 2574]
     7                                                      START OF TEC MAP    
  2021     3    21    12     0     0                        EPOCH OF CURRENT MAP
    87.5-180.0 180.0   5.0 450.0                            LAT/LON1/LON2/DLON/H
   62   62   62   62   62   61   61   62   62   62   61   61   61   61   61   62
   62   62   62   62   62   62   63   63   63   63   63   63   63   64   64   64
   64   64   64   64   64   64   64   64   64   65   65   64   64   64   64   64
   64   64   64   64   64   64   64   64   64   64   64   64   64   64   64   64
   64   64   63   63   63   63   63   62   62
    85.0-180.0 180.0   5.0 450.0                            LAT/LON1/LON2/DLON/H
   60   59   59   59   58   58   58   57   57   57   57   57   57   57   57   57
   58   58   59   60   61   61   61   61   62   63   64   64   65   66   66   66
   67   67   67   67   67   67   67   67   67   66   66   66   66   65   65   65
   65   64   64   64   64   64   64   64   63   63   63   63   63   63   63   63
   62   62   62   61   61   61   60   60   60
    82.5-180.0 180.0   5.0 450.0                            LAT/LON1/LON2/DLON/H
   56   56   55   55   54   54   53   52   52   51   51   51   51   52   52   52
   53   54   55   56   57   58   59   60   61   62   64   65   65   67   68   70
   70   70   71   71   71   70   70   69   68   67   67   66   65   65   64   64
   63   63   63   63   63   63   63   62   62   62   62   62   61   61   60   60
   60   59   58   58   58   57   57   57   56
    80.0-180.0 180.0   5.0 450.0                            LAT/LON1/LON2/DLON/H
   52   52   51   50   48   48   47   46   46   46   46   46   46   46   47   48
   49   50   51   52   54   55   56   59   63   65   66   67   69   71   72   73
   74   75   75   74   74   73   73   72   71   69   68   67   66   65   64   64
   63   63   62   62   62   62   61   61   61   60   60   59   59   58   58   57
   56   56   55   54   54   53   53   53   52
    77.5-180.0 180.0   5.0 450.0                            LAT/LON1/LON2/DLON/H
   47   45   45   44   43   41   40   40   40   40   41   42   42   43   44   46
   47   48   50   52   54   56   59   60   62   64   67   69   71   73   75   77
   78   79   80   79   79   78   77   76   75   74   72   70   69   68   67   66
   65   65   64   63   62   62   62   60   60   58   57   57   56   55   54   52
   51   51   50   50   49   48   48   47   47
    75.0-180.0 180.0   5.0 450.0                            LAT/LON1/LON2/DLON/H
   41   40   39   38   37   36   35   35   36   36   37   38   38   40   42   44
   46   47   49   52   54   56   59   61   63   65   68   70   72   75   77   79
   81   82   83   83   82   81   80   80   79   78   77   76   74   74   72   72
   71   70   69   67   65   64   63   61   59   57   55   54   52   50   49   48
   47   46   45   44   44   44   43   42   41
    72.5-180.0 180.0   5.0 450.0                            LAT/LON1/LON2/DLON/H
   35   35   34   33   32   31   31   31   32   32   33   35   36   39   41   42
   46   48   50   53   54   57   60   62   64   66   68   70   73   76   78   81
   82   84   85   85   85   84   84   84   83   83   83   82   81   81   80   80
   79   77   77   74   72   70   66   63   60   57   54   52   49   47   45   44
   42   42   41   40   39   39   38   36   35
    70.0-180.0 180.0   5.0 450.0                            LAT/LON1/LON2/DLON/H
   30   30   30   30   30   30   29   29   29   30   31   33   35   38   39   43
   46   49   51   53   55   58   60   62   64   66   68   70   72   75   77   79
   82   84   85   86   86   87   88   88   89   88   88   88   89   89   89   89
   88   87   85   83   80   77   73   67   64   59   55   51   48   44   43   41
   39   38   37   36   35   34   33   32   30
    67.5-180.0 180.0   5.0 450.0                            LAT/LON1/LON2/DLON/H
   28   28   28   28   28   29   28   29   29   29   30   31   34   35   38   43
   46   49   51   53   55   58   61   63   64   66   67   68   71   72   75   77
   80   82   85   86   87   89   90   92   92   93   94   95   96   96   97   96
   96   95   93   90   87   83   78   73   68   63   57   53   48   44   42   40
   38   37   36   34   33   32   31   29   28
    65.0-180.0 180.0   5.0 450.0                            LAT/LON1/LON2/DLON/H
   27   28   27   28   29   29   29   29   29   29   29   30   32   34   37   41
   44   46   49   52   54   57   59   62   64   65   66   67   68   70   72   75
   78   81   84   87   89   91   93   95   96   98   99  100  102  102  103  103
  102  101   99   96   92   88   82   78   72   67   60   56   50   46   43   40
   39   37   36   34   33   32   30   29   27
    62.5-180.0 180.0   5.0 450.0                            LAT/LON1/LON2/DLON/H
   29   29   29   30   30   30   31   30   30   29   29   30   31   33   34   37
   40   42   46   49   52   56   59   61   63   64   65   66   67   69   71   74
   78   82   85   89   92   94   96   98  100  102  103  105  106  107  107  107
  106  104  102   99   95   91   85   80   75   70   64   59   52   48   44   42
   39   38   36   35   34   33   31   30   29
    60.0-180.0 180.0   5.0 450.0                            LAT/LON1/LON2/DLON/H
   32   32   32   33   33   33   33   32   31   30   30   30   30   31   31   32
   35   38   42   45   49   53   57   61   63   63   64   65   66   69   72   76
   80   85   89   92   96   99  102  104  105  107  108  109  110  110  110  110
  108  106  103  100   97   93   87   83   78   74   68   63   56   52   47   43
   40   39   37   37   36   35   34   33   32
    57.5-180.0 180.0   5.0 450.0                            LAT/LON1/LON2/DLON/H
   37   36   36   36   36   36   35   35   34   32   31   30   28   28   27   28
   31   33   37   42   46   51   56   60   62   64   65   66   69   72   76   81
   86   91   95   99  102  104  107  109  111  112  112  113  113  113  113  111
  110  108  105  102   99   95   92   88   84   79   74   68   62   57   51   46
   43   41   40   39   39   38   38   38   37
    55.0-180.0 180.0   5.0 450.0                            LAT/LON1/LON2/DLON/H
   41   41   41   40   40   40   39   38   37   34   32   30   27   26   24   25
   27   30   34   38   44   49   55   60   63   65   67   70   74   78   82   88
   94   99  103  107  109  111  113  115  117  117  118  118  117  116  115  114
  113  111  109  106  103  100   98   95   90   87   82   76   70   63   57   52
   47   45   43   44   44   43   43   43   41
    52.5-180.0 180.0   5.0 450.0                            LAT/LON1/LON2/DLON/H
   46   45   45   45   45   44   44   43   41   39   36   33   29   26   24   23
   25   27   32   38   43   49   55   60   64   67   70   75   80   85   90   97
  102  108  111  114  117  118  120  122  123  123  123  123  122  120  119  118
  117  117  114  112  110  107  104  101   97   94   89   84   78   70   63   57
   52   49   48   47   48   48   48   48   46
    50.0-180.0 180.0   5.0 450.0                            LAT/LON1/LON2/DLON/H
   53   51   50   50   49   49   48   48   47   44   41   38   34   30   26   25
   25   28   33   39   45   52   57   62   67   71   75   81   87   93   99  105
  111  116  119  122  123  126  128  130  131  131  131  129  127  125  124  123
  123  122  121  119  116  113  110  106  103   99   95   90   84   77   70   63
   58   54   52   51   52   53   54   54   53
    47.5-180.0 180.0   5.0 450.0                            LAT/LON1/LON2/DLON/H
   60   57   55   54   54   53   53   53   53   52   49   45   41   36   32   29
   29   32   37   44   51   57   63   67   73   77   82   88   95  101  107  112
  117  123  127  130  132  135  137  140  140  140  138  136  134  132  130  130
  130  128  128  126  123  119  116  112  109  104   99   94   89   83   77   71
   65   61   58   57   57   59   60   60   60
    45.0-180.0 180.0   5.0 450.0                            LAT/LON1/LON2/DLON/H
   65   63   61   60   59   58   58   59   59   59   58   54   49   44   40   37
   36   38   44   51   58   64   69   74   80   84   89   95  101  107  113  118
  123  129  134  138  142  146  150  151  152  151  148  145  142  138  137  137
  137  136  134  133  130  126  122  118  114  108  103   98   94   89   83   78
   73   68   66   64   64   65   66   66   65
    42.5-180.0 180.0   5.0 450.0                            LAT/LON1/LON2/DLON/H
   70   69   68   67   65   64   63   64   65   66   65   63   59   54   49   46
   45   47   51   58   66   72   77   81   87   91   96  102  107  113  118  123
  129  136  142  148  155  160  165  166  167  164  160  155  150  146  144  144
  144  144  142  139  135  130  125  121  117  112  106  102   99   94   89   84
   80   76   74   72   72   72   72   71   70
    40.0-180.0 180.0   5.0 450.0                            LAT/LON1/LON2/DLON/H
   75   74   73   73   70   68   68   68   70   73   73   71   68   63   59   56
   54   56   60   67   74   79   84   89   94   98  102  108  113  117  123  129
  136  145  154  163  172  178  182  185  184  181  173  166  160  156  154  153
  152  151  148  144  139  133  128  124  119  115  109  105  102   98   94   90
   86   83   81   79   78   77   76   75   75
    37.5-180.0 180.0   5.0 450.0                            LAT/LON1/LON2/DLON/H
   78   77   77   77   75   73   72   73   74   78   79   78   76   73   69   66
   64   65   68   74   80   87   91   95  100  105  109  114  119  123  130  138
  147  159  171  183  193  200  205  207  205  199  191  180  172  166  163  161
  159  158  156  151  146  140  134  128  125  119  113  107  103  100   97   94
   91   88   86   85   83   81   80   79   78
    35.0-180.0 180.0   5.0 450.0                            LAT/LON1/LON2/DLON/H
   79   78   79   80   79   77   75   75   78   81   84   84   82   80   77   75
   73   74   76   81   86   92   97  101  106  112  116  121  126  133  142  151
  164  178  194  207  219  228  231  231  227  220  209  197  187  179  175  171
  168  167  164  160  156  152  145  139  135  128  120  112  106  101   98   96
   94   91   89   88   87   85   82   80   79
    32.5-180.0 180.0   5.0 450.0                            LAT/LON1/LON2/DLON/H
   79   78   79   81   81   79   76   77   79   82   86   88   87   85   84   82
   81   81   82   86   91   96  100  106  111  118  123  128  136  145  158  171
  186  202  220  236  248  258  262  262  255  241  230  218  205  195  189  185
  184  182  179  176  173  171  166  161  155  145  132  120  111  103   99   95
   94   92   90   90   89   87   84   80   79
    30.0-180.0 180.0   5.0 450.0                            LAT/LON1/LON2/DLON/H
   79   76   79   81   81   79   76   76   78   81   86   88   88   88   88   87
   87   86   86   89   94   98  103  109  116  124  129  136  146  160  178  196
  214  232  248  264  277  285  290  292  283  269  254  240  226  217  209  206
  206  206  203  201  199  199  195  193  183  169  150  132  119  108  100   96
   92   90   88   90   90   89   85   81   79
    27.5-180.0 180.0   5.0 450.0                            LAT/LON1/LON2/DLON/H
   80   77   78   80   81   79   75   74   75   79   85   87   87   88   89   90
   90   89   90   92   96  100  105  112  121  129  137  146  160  179  202  226
  245  263  278  294  306  312  317  317  305  290  277  264  250  241  237  236
  237  238  236  234  232  234  233  229  216  198  174  148  130  116  106   99
   93   88   87   88   91   92   89   84   80
    25.0-180.0 180.0   5.0 450.0                            LAT/LON1/LON2/DLON/H
   83   79   79   81   80   77   74   72   73   78   82   84   85   86   88   90
   91   90   92   95   98  102  108  116  126  135  145  157  175  200  228  256
  276  293  307  322  332  340  339  333  317  305  296  287  277  269  268  270
  273  276  275  274  273  273  274  268  252  230  203  171  147  130  116  108
   98   90   88   91   95   97   94   88   83
    22.5-180.0 180.0   5.0 450.0                            LAT/LON1/LON2/DLON/H
   89   83   82   82   80   76   72   70   71   75   79   80   81   83   85   87
   89   90   92   96  100  104  111  120  131  142  153  169  192  223  257  286
  308  321  336  349  352  357  354  343  325  317  314  310  304  300  302  307
  311  316  315  314  311  311  312  305  287  262  230  196  167  149  134  122
  109   97   94   97  103  106  103   97   89
    20.0-180.0 180.0   5.0 450.0                            LAT/LON1/LON2/DLON/H
  100   91   87   85   81   76   71   69   70   73   75   76   77   79   82   83
   85   87   92   98  102  108  115  124  136  148  161  181  209  246  286  317
  335  340  355  365  362  360  360  350  337  329  330  331  331  330  335  341
  347  352  353  346  344  342  341  332  314  285  250  220  194  177  158  143
  125  111  106  110  116  119  118  110  100
    17.5-180.0 180.0   5.0 450.0                            LAT/LON1/LON2/DLON/H
  115  102   94   88   83   76   71   68   68   70   72   73   73   74   76   79
   80   84   89   98  104  110  118  128  141  154  170  191  225  265  307  338
  351  354  359  361  357  355  353  349  341  342  347  354  357  359  363  368
  374  377  376  368  365  362  357  346  329  302  272  247  225  207  187  170
  150  133  126  128  134  138  137  127  115
    15.0-180.0 180.0   5.0 450.0                            LAT/LON1/LON2/DLON/H
  134  117  105   95   85   77   71   67   67   69   70   70   70   70   71   73
   75   79   86   96  105  112  120  131  146  160  177  202  238  278  318  345
  354  352  351  348  343  344  345  345  347  354  364  374  381  380  381  382
  386  388  386  379  374  370  363  350  335  315  292  270  250  233  215  196
  177  158  149  150  155  160  158  148  134
    12.5-180.0 180.0   5.0 450.0                            LAT/LON1/LON2/DLON/H
  155  135  118  104   91   80   72   67   66   67   68   67   67   67   67   68
   69   74   83   94  105  113  122  135  150  167  186  211  246  282  318  341
  346  343  339  334  332  336  341  347  356  367  381  391  395  391  387  387
  387  388  387  380  373  369  360  350  336  320  302  282  265  250  234  216
  197  179  172  171  176  181  180  170  155
    10.0-180.0 180.0   5.0 450.0                            LAT/LON1/LON2/DLON/H
  172  151  133  116  100   85   75   69   66   66   66   65   65   64   64   64
   65   70   80   94  105  114  123  138  155  174  194  220  249  283  312  330
  336  333  329  325  326  335  345  356  370  383  394  401  401  393  386  382
  380  381  380  374  368  363  356  348  337  322  306  287  270  256  241  225
  209  194  187  186  192  197  196  187  172
     7.5-180.0 180.0   5.0 450.0                            LAT/LON1/LON2/DLON/H
  183  163  145  127  109   92   79   71   68   66   65   64   63   62   61   60
   61   66   77   92  104  114  125  141  160  180  201  224  251  279  304  319
  327  326  323  324  329  341  357  373  387  398  405  404  399  389  380  375
  372  371  371  366  360  356  351  345  336  323  306  286  268  252  238  224
  211  199  193  194  199  204  205  197  183
     5.0-180.0 180.0   5.0 450.0                            LAT/LON1/LON2/DLON/H
  186  167  150  134  116   98   83   74   70   67   65   64   62   61   59   57
   58   64   75   89  102  114  127  144  165  186  206  228  251  274  294  310
  318  323  324  329  339  354  373  391  405  412  413  406  395  384  375  368
  364  362  359  354  350  347  344  341  334  322  303  282  261  244  228  214
  203  194  189  191  196  202  204  197  186
     2.5-180.0 180.0   5.0 450.0                            LAT/LON1/LON2/DLON/H
  179  165  151  136  120  102   87   78   71   68   65   63   61   59   57   55
   56   63   74   88  101  115  130  148  169  191  211  230  250  269  288  303
  315  324  332  341  354  370  390  408  418  421  415  402  388  379  371  363
  358  352  346  339  335  335  334  333  328  316  297  273  248  228  212  198
  189  182  178  179  185  190  192  188  179
