ionex_files/bejaia/igsg0870.21i
     1.0            IONOSPHERE MAPS     MIX                 IONEX VERSION / TYPE
cmpcmb v1.2          GRL/UWM            15-apr-21 05:35     PGM / RUN BY / DATE 
ionex file containing IGS COMBINED Ionosphere maps          COMMENT             
global ionosphere maps for day 087, 2021                    DESCRIPTION         
IONEX file containing the COMBINED IGS TEC MAPS and DCBs    DESCRIPTION         
      IONEX files of the following IAACs were combined: cod DESCRIPTION         
                                                        esa DESCRIPTION         
                                                        jpl DESCRIPTION         
                                                        upc DESCRIPTION         
Contact address: Andrzej Krankowski                         DESCRIPTION
                 Geodynamics Research Laboratory            DESCRIPTION
                 University of Warmia and Mazury (GRL/UWM)  DESCRIPTION
                 Oczapowski St. 1                           DESCRIPTION
                 10-957-Olsztyn, POLAND                     DESCRIPTION
                 e-mail:  kand@uwm.edu.pl                   DESCRIPTION
                                                            DESCRIPTION         
  2021     3    28     0     0     0                        EPOCH OF FIRST MAP  
  2021     3    29     0     0     0                        EPOCH OF LAST MAP   
  7200                                                      INTERVAL            
    13                                                      # OF MAPS IN FILE   
  COSZ                                                      MAPPING FUNCTION    
     0.0                                                    ELEVATION CUTOFF    
combined TEC calculated as weighted mean of input TEC valuesOBSERVABLES USED    
   375                                                      # OF STATIONS       
    32                                                      # OF SATELLITES     
  6371.0                                                    BASE RADIUS         
     2                                                      MAP DIMENSION       
   450.0 450.0   0.0                                        HGT1 / HGT2 / DHGT  
    87.5 -87.5  -2.5                                        LAT1 / LAT2 / DLAT  
  -180.0 180.0   5.0                                        LON1 / LON2 / DLON  
    -1                                                      EXPONENT            
TEC values in 0.1 tec units;  9999, if no value available   COMMENT             
DCB values in nanoseconds, reference is Sum_of_SatDCBs = 0  COMMENT             
                                                            END OF HEADER       
[from data line 429]
     2                                                      START OF TEC MAP    
  2021     3    28     2     0     0                        EPOCH OF CURRENT MAP
    87.5-180.0 180.0   5.0 450.0                            LAT/LON1/LON2/DLON/H
   60   60   60   60   60   60   60   60   60   60   59   59   58   58   58   57
   57   56   55   54   54   53   52   52   51   50   50   49   48   48   47   47
   47   46   46   46   46   46   46   46   47   47   47   48   48   48   49   50
   50   50   51   51   52   53   53   54   54   55   55   56   56   57   57   57
   58   58   58   59   59   60   60   59   60
    85.0-180.0 180.0   5.0 450.0                            LAT/LON1/LON2/DLON/H
   67   67   68   68   68   68   69   68   68   68   67   67   66   66   64   63
   62   61   59   58   57   55   53   52   50   48   47   46   45   43   42   41
   41   40   39   39   39   40   40   40   41   42   43   44   45   46   48   49
   50   51   51   52   53   55   55   56   57   58   59   60   61   61   62   63
   63   64   64   65   65   66   66   67   67
    82.5-180.0 180.0   5.0 450.0                            LAT/LON1/LON2/DLON/H
   75   75   76   76   76   77   77   77   76   76   75   75   73   73   72   71
   69   67   65   63   60   58   56   53   51   48   45   43   41   38   37   35
   35   34   34   34   34   35   36   37   38   40   41   43   44   46   48   50
   51   52   53   55   56   57   58   59   61   61   63   64   65   66   67   68
   68   70   70   71   72   73   73   74   75
    80.0-180.0 180.0   5.0 450.0                            LAT/LON1/LON2/DLON/H
   82   82   83   83   84   84   83   84   84   84   84   82   81   79   78   76
   74   73   71   68   65   62   58   54   50   46   43   41   38   36   34   33
   32   31   32   32   32   33   34   36   37   39   41   43   45   48   50   51
   53   54   56   57   58   59   61   62   63   64   66   67   68   70   71   72
   73   75   76   76   78   79   80   81   82
    77.5-180.0 180.0   5.0 450.0                            LAT/LON1/LON2/DLON/H
   87   88   89   89   89   89   90   90   90   89   88   87   85   83   81   79
   77   75   73   70   67   64   61   57   53   50   46   41   38   35   33   31
   31   31   31   32   33   34   36   37   39   41   43   44   46   48   50   52
   54   55   57   58   60   61   62   64   65   66   68   69   71   72   74   76
   77   78   80   82   83   84   86   86   87
    75.0-180.0 180.0   5.0 450.0                            LAT/LON1/LON2/DLON/H
   91   91   92   93   94   94   94   94   94   93   91   89   86   84   81   79
   77   74   71   69   68   65   62   58   54   50   46   42   39   37   35   33
   33   33   34   34   35   36   38   39   41   42   44   45   47   49   50   52
   54   55   57   59   60   61   62   64   66   67   69   70   72   74   76   79
   80   82   84   85   87   88   89   90   91
    72.5-180.0 180.0   5.0 450.0                            LAT/LON1/LON2/DLON/H
   91   92   93   95   96   97   98   97   96   95   92   89   85   81   78   75
   72   69   68   67   66   65   62   58   54   50   46   44   41   39   37   37
   37   37   39   39   40   40   41   41   42   43   43   44   46   47   48   50
   52   53   55   57   58   60   62   63   65   67   69   71   74   76   78   81
   83   85   86   88   89   90   91   92   91
    70.0-180.0 180.0   5.0 450.0                            LAT/LON1/LON2/DLON/H
   92   92   92   94   96   98  100  100   99   96   93   88   82   78   73   70
   66   63   62   61   62   62   61   58   54   51   47   45   43   42   41   41
   42   43   44   44   44   44   43   42   41   41   41   41   42   43   45   47
   49   51   53   55   57   59   61   63   66   68   70   73   75   78   80   82
   84   87   88   90   91   91   92   92   92
    67.5-180.0 180.0   5.0 450.0                            LAT/LON1/LON2/DLON/H
   91   91   91   91   93   96   98   99  100   98   93   87   80   74   68   62
   58   56   55   55   58   58   57   56   53   51   48   46   44   44   44   45
   46   48   48   48   47   45   42   40   38   37   36   36   37   39   41   43
   45   48   51   54   57   59   62   65   67   70   72   75   77   79   81   83
   86   88   89   91   92   93   93   92   91
    65.0-180.0 180.0   5.0 450.0                            LAT/LON1/LON2/DLON/H
   91   89   88   88   90   91   95   97   99   98   94   87   79   71   63   57
   52   51   50   51   52   54   54   53   51   50   48   47   45   45   46   48
   49   50   49   49   47   43   39   36   34   33   32   32   33   35   37   40
   43   46   50   54   58   61   64   68   71   74   76   78   80   82   83   84
   87   89   91   93   94   95   94   93   91
    62.5-180.0 180.0   5.0 450.0                            LAT/LON1/LON2/DLON/H
   92   90   87   85   86   87   90   93   96   96   93   88   80   70   62   54
   48   47   47   47   49   50   50   50   49   48   47   46   46   45   46   48
   49   50   48   45   43   40   35   32   30   30   28   29   30   32   35   39
   43   47   51   56   60   65   69   73   77   80   82   84   85   85   85   86
   88   91   94   96   96   97   96   95   92
    60.0-180.0 180.0   5.0 450.0                            LAT/LON1/LON2/DLON/H
   96   92   88   85   84   84   87   89   92   93   91   87   81   72   64   55
   49   46   45   44   46   48   47   48   47   46   46   45   45   45   46   46
   47   46   44   40   38   34   31   29   28   28   28   28   31   33   37   41
   45   49   55   60   65   69   75   79   83   86   89   90   90   91   90   91
   93   96   98  100  101  102  101   99   96
    57.5-180.0 180.0   5.0 450.0                            LAT/LON1/LON2/DLON/H
  103   98   93   89   86   85   85   87   89   90   89   87   82   75   68   60
   53   48   45   44   45   46   45   45   43   43   44   43   43   44   44   44
   44   42   39   35   33   31   29   29   30   30   31   33   35   38   41   45
   49   54   58   65   70   75   81   86   90   93   96   98   98   99   98  100
  101  103  106  107  108  109  108  106  103
    55.0-180.0 180.0   5.0 450.0                            LAT/LON1/LON2/DLON/H
  112  107  102   97   92   89   87   87   88   88   88   86   82   77   71   65
   58   54   50   48   47   47   45   43   41   41   43   42   43   44   44   44
   42   39   36   33   32   32   32   34   36   37   39   40   42   44   46   50
   54   59   64   70   75   81   87   92   97  101  104  106  107  108  109  111
  111  114  115  116  117  117  116  115  112
    52.5-180.0 180.0   5.0 450.0                            LAT/LON1/LON2/DLON/H
  121  118  113  108  104   99   94   91   90   88   87   85   82   79   75   70
   65   61   57   54   52   49   47   44   42   43   43   43   44   46   46   45
   43   39   37   35   35   37   40   42   46   47   49   50   50   51   52   55
   60   64   70   76   81   87   93   98  103  107  111  114  116  118  121  123
  124  126  128  129  129  127  125  124  121
    50.0-180.0 180.0   5.0 450.0                            LAT/LON1/LON2/DLON/H
  130  128  125  122  117  111  105   99   94   91   89   86   84   80   77   74
   71   68   65   62   58   54   51   48   47   47   47   47   48   50   50   47
   45   43   42   41   42   45   49   52   55   58   58   59   58   58   58   61
   65   70   76   81   87   93   98  103  108  112  117  121  124  129  133  136
  138  141  142  141  140  137  133  132  130
    47.5-180.0 180.0   5.0 450.0                            LAT/LON1/LON2/DLON/H
  138  137  137  134  131  126  119  111  103   97   93   90   86   83   79   77
   76   74   72   70   66   63   59   56   54   53   53   53   53   55   55   52
   50   50   49   50   52   55   59   63   65   67   67   66   64   63   63   66
   70   76   82   88   94   99  104  109  114  117  122  128  133  140  145  149
  153  155  156  154  150  144  140  138  138
    45.0-180.0 180.0   5.0 450.0                            LAT/LON1/LON2/DLON/H
  143  143  143  143  142  138  131  123  114  106  100   96   91   86   82   80
   79   79   79   77   75   72   69   65   62   61   60   59   59   59   59   57
   57   57   57   58   61   64   68   71   72   73   72   71   68   67   67   70
   76   83   89   96  102  107  112  116  120  124  128  135  142  149  156  162
  166  169  169  165  158  151  146  143  143
    42.5-180.0 180.0   5.0 450.0                            LAT/LON1/LON2/DLON/H
  145  145  145  147  148  147  142  134  126  118  111  104   98   92   87   85
   83   84   85   84   84   81   78   73   70   67   66   64   64   63   63   61
   63   63   64   65   67   70   73   74   75   76   75   73   71   70   71   75
   82   90   98  105  111  116  121  124  128  132  136  142  150  157  164  170
  175  177  178  174  167  157  152  148  145
    40.0-180.0 180.0   5.0 450.0                            LAT/LON1/LON2/DLON/H
  147  143  143  144  148  149  148  143  136  129  122  115  108  100   94   91
   90   90   91   92   91   89   86   81   77   73   70   68   67   66   65   64
   66   67   68   68   70   72   74   75   76   76   76   75   74   73   74   80
   87   97  105  114  120  125  130  134  138  141  145  150  157  163  169  176
  180  183  185  182  175  165  159  153  147
    37.5-180.0 180.0   5.0 450.0                            LAT/LON1/LON2/DLON/H
  152  145  140  139  142  146  149  148  144  139  134  127  119  110  103   98
   96   96   97   98   97   94   91   86   82   77   73   71   69   67   67   65
   67   68   68   69   70   72   73   74   75   76   76   77   76   75   76   82
   91  101  111  120  128  134  140  145  148  150  154  158  164  169  174  180
  185  188  192  191  185  176  168  160  152
    35.0-180.0 180.0   5.0 450.0                            LAT/LON1/LON2/DLON/H
  161  149  138  134  136  142  148  150  149  148  145  139  131  122  112  106
  104  102  103  102  100   97   93   88   83   78   76   73   71   68   66   65
   66   67   67   67   68   70   71   73   74   76   77   77   77   75   77   82
   91  101  113  123  132  141  148  155  158  160  163  167  171  175  179  185
  191  197  203  203  201  193  184  173  161
    32.5-180.0 180.0   5.0 450.0                            LAT/LON1/LON2/DLON/H
  179  159  143  134  134  141  148  152  153  153  153  149  141  131  121  114
  109  107  106  103   99   95   90   86   81   77   76   74   72   69   67   65
   66   65   65   66   66   68   69   71   73   75   76   76   75   74   76   80
   88  100  112  123  135  146  156  164  168  170  172  175  179  183  187  193
  201  211  219  223  223  217  209  197  179
    30.0-180.0 180.0   5.0 450.0                            LAT/LON1/LON2/DLON/H
  208  183  160  144  141  147  154  158  159  159  158  155  149  138  128  119
  114  110  106  101   96   90   85   80   76   74   75   75   74   71   67   65
   65   65   64   65   65   66   68   69   71   73   74   74   73   71   71   75
   84   97  110  123  137  151  163  172  178  180  182  184  188  193  199  207
  218  231  243  252  254  250  243  230  208
    27.5-180.0 180.0   5.0 450.0                            LAT/LON1/LON2/DLON/H
  246  218  191  171  164  166  170  171  168  166  164  160  153  143  131  122
  114  109  103   96   89   83   79   74   72   72   74   77   76   72   67   65
   65   65   65   65   66   66   67   68   69   70   70   70   69   66   65   69
   80   93  108  123  138  153  167  179  186  189  192  194  200  207  215  228
  241  259  276  289  291  290  284  271  246
    25.0-180.0 180.0   5.0 450.0                            LAT/LON1/LON2/DLON/H
  292  264  236  214  204  202  200  195  186  179  173  166  157  146  133  122
  112  105   97   89   82   77   74   71   70   72   75   78   77   72   68   64
   65   67   67   68   68   68   68   68   67   66   65   65   63   59   58   63
   74   89  107  123  139  155  171  183  191  196  200  205  213  223  234  251
  269  291  312  328  331  331  326  315  292
    22.5-180.0 180.0   5.0 450.0                            LAT/LON1/LON2/DLON/H
  338  314  293  272  260  255  249  234  216  200  188  175  163  150  136  122
  110  101   92   83   76   73   73   73   73   74   76   78   77   71   68   66
   68   70   71   72   72   71   70   67   65   62   60   58   56   53   52   57
   69   87  106  124  140  156  172  187  197  204  209  216  227  239  256  275
  298  322  346  363  366  366  362  353  338
    20.0-180.0 180.0   5.0 450.0                            LAT/LON1/LON2/DLON/H
  379  369  348  335  326  315  307  284  256  231  211  191  175  157  140  125
  112  101   90   80   74   74   78   81   80   80   79   79   77   72   69   70
   73   75   76   76   75   74   71   67   63   59   55   53   50   48   48   54
   68   87  108  125  141  157  173  189  201  211  218  227  240  256  275  297
  321  345  369  384  388  388  386  385  379
    17.5-180.0 180.0   5.0 450.0                            LAT/LON1/LON2/DLON/H
  403  404  398  395  390  379  363  337  305  270  239  216  193  171  150  133
  119  107   94   82   77   80   88   94   93   89   85   82   79   75   74   76
   79   80   81   80   79   76   72   67   62   56   51   48   45   44   45   53
   67   88  110  127  142  158  175  192  207  218  227  238  254  272  291  314
  335  357  377  390  394  394  396  400  403
    15.0-180.0 180.0   5.0 450.0                            LAT/LON1/LON2/DLON/H
  407  418  425  431  435  430  416  390  355  314  276  248  221  197  170  149
  135  120  105   92   88   93  104  110  108  101   93   87   84   81   81   83
   86   86   85   83   81   78   74   67   61   55   50   46   43   42   44   53
   68   88  110  129  144  159  177  195  213  226  237  250  268  285  302  322
  341  358  372  381  384  386  388  397  407
    12.5-180.0 180.0   5.0 450.0                            LAT/LON1/LON2/DLON/H
  395  411  427  442  455  458  450  426  394  355  315  285  256  232  201  180
  159  141  123  111  106  112  122  128  124  114  104   96   92   90   91   93
   94   93   90   86   82   78   74   68   61   55   50   47   44   43   45   52
   67   88  110  129  145  161  179  198  217  232  245  260  277  293  308  324
  339  350  358  364  367  368  370  378  395
    10.0-180.0 180.0   5.0 450.0                            LAT/LON1/LON2/DLON/H
  374  393  411  432  450  460  458  440  415  382  348  319  293  273  240  217
  191  171  151  137  131  134  143  146  139  128  117  108  104  103  105  106
  105   99   94   88   83   78   73   68   62   57   53   49   46   44   45   51
   66   86  109  128  144  161  179  199  219  235  250  266  283  298  311  323
  333  338  342  346  348  347  349  357  374
     7.5-180.0 180.0   5.0 450.0                            LAT/LON1/LON2/DLON/H
  353  372  391  410  428  441  441  432  415  391  367  345  323  309  276  251
  225  206  183  169  159  157  162  162  154  143  131  123  121  120  121  120
  115  107   97   90   82   76   71   67   63   60   57   53   50   46   45   50
   62   82  104  124  141  159  177  198  218  236  253  271  288  303  315  322
  327  329  331  334  336  334  335  340  353
     5.0-180.0 180.0   5.0 450.0                            LAT/LON1/LON2/DLON/H
  343  356  371  386  399  411  415  412  401  386  370  356  344  329  305  278
  255  235  214  198  185  179  178  174  166  155  145  140  139  139  138  133
  124  112  100   90   81   74   70   66   64   62   60   57   52   48   45   48
   60   78   98  118  136  153  173  195  216  235  254  273  291  308  319  324
  326  328  329  333  335  334  333  335  343
     2.5-180.0 180.0   5.0 450.0                            LAT/LON1/LON2/DLON/H
  347  354  361  369  376  383  386  387  379  371  362  354  347  335  314  293
  274  254  233  218  206  197  191  186  176  167  159  155  155  155  152  142
  129  115  102   90   79   72   68   65   64   63   61   59   54   49   46   47
   57   73   92  111  128  147  166  188  210  230  249  270  291  310  323  329
  331  334  337  343  347  347  344  343  347
