ionex_files/bejaia/igsg0640.21i
     1.0            IONOSPHERE MAPS     MIX                 IONEX VERSION / TYPE
cmpcmb v1.2          GRL/UWM            18-mar-21 04:01     PGM / RUN BY / DATE 
ionex file containing IGS COMBINED Ionosphere maps          COMMENT             
global ionosphere maps for day 064, 2021                    DESCRIPTION         
IONEX file containing the COMBINED IGS TEC MAPS and DCBs    DESCRIPTION         
      IONEX files of the following IAACs were combined: cod DESCRIPTION         
                                                        esa DESCRIPTION         
                                                        jpl DESCRIPTION         
                                                        upc DESCRIPTION         
Contact address: Andrzej Krankowski                         DESCRIPTION
                 Geodynamics Research Laboratory            DESCRIPTION
                 University of Warmia and Mazury (GRL/UWM)  DESCRIPTION
                 Oczapowski St. 1                           DESCRIPTION
                 10-957-Olsztyn, POLAND                     DESCRIPTION
                 e-mail:  kand@uwm.edu.pl                   DESCRIPTION
                                                            DESCRIPTION         
  2021     3     5     0     0     0                        EPOCH OF FIRST MAP  
  2021     3     6     0     0     0                        EPOCH OF LAST MAP   
  7200                                                      INTERVAL            
    13                                                      # OF MAPS IN FILE   
  COSZ                                                      MAPPING FUNCTION    
     0.0                                                    ELEVATION CUTOFF    
combined TEC calculated as weighted mean of input TEC valuesOBSERVABLES USED    
   374                                                      # OF STATIONS       
    32                                                      # OF SATELLITES     
  6371.0                                                    BASE RADIUS         
     2                                                      MAP DIMENSION       
   450.0 450.0   0.0                                        HGT1 / HGT2 / DHGT  
    87.5 -87.5  -2.5                                        LAT1 / LAT2 / DLAT  
  -180.0 180.0   5.0                                        LON1 / LON2 / DLON  
    -1                                                      EXPONENT            
TEC values in 0.1 tec units;  9999, if no value available   COMMENT             
DCB values in nanoseconds, reference is Sum_of_SatDCBs = 0  COMMENT             
                                                            END OF HEADER       
[from data line 858]
     3                                                      START OF TEC MAP    
  2021     3     5     4     0     0                        EPOCH OF CURRENT MAP
    87.5-180.0 180.0   5.0 450.0                            LAT/LON1/LON2/DLON/H
   54   54   55   54   54   54   54   54   54   53   53   53   52   52   52   51
   51   49   49   48   48   47   46   46   46   45   45   45   45   44   44   44
   44   43   43   43   43   43   43   43   43   43   44   44   44   44   45   45
   46   46   47   47   48   48   49   49   50   50   50   51   51   51   52   52
   53   53   53   53   54   54   54   54   54
    85.0-180.0 180.0   5.0 450.0                            LAT/LON1/LON2/DLON/H
   55   55   55   55   55   55   54   54   54   54   54   53   52   52   51   51
   50   49   48   46   44   44   43   41   41   39   38   37   36   36   35   35
   35   34   34   34   34   35   35   35   36   36   37   37   38   39   39   40
   41   41   43   43   44   46   47   48   49   49   50   51   52   52   52   53
   53   54   54   54   55   55   55   55   55
    82.5-180.0 180.0   5.0 450.0                            LAT/LON1/LON2/DLON/H
   54   54   54   54   54   54   54   54   53   53   52   52   50   50   49   47
   46   45   44   42   41   39   37   35   34   32   30   29   28   27   27   27
   26   27   27   27   27   27   28   28   29   30   30   31   32   33   34   36
   37   37   39   40   42   43   45   47   48   49   50   51   52   53   53   54
   54   54   55   54   54   54   54   54   54
    80.0-180.0 180.0   5.0 450.0                            LAT/LON1/LON2/DLON/H
   53   53   53   53   52   52   52   51   50   49   49   47   46   45   44   42
   41   39   38   37   35   34   32   29   27   25   23   22   20   19   19   19
   19   20   20   21   22   22   23   24   25   25   26   27   28   29   30   32
   33   35   37   39   41   44   46   47   49   51   52   53   54   55   56   56
   56   56   56   55   55   54   54   54   53
    77.5-180.0 180.0   5.0 450.0                            LAT/LON1/LON2/DLON/H
   54   53   52   51   50   50   48   47   46   45   43   42   41   40   39   38
   37   35   33   32   30   28   26   23   21   19   17   16   15   15   14   14
   15   16   16   17   18   19   20   21   22   22   23   24   25   27   28   30
   32   35   37   40   43   45   48   50   53   55   57   58   59   60   60   61
   60   60   59   58   57   57   56   55   54
    75.0-180.0 180.0   5.0 450.0                            LAT/LON1/LON2/DLON/H
   56   54   53   51   49   47   45   44   42   40   37   36   35   34   32   31
   30   29   29   27   27   25   23   21   20   18   16   14   13   13   12   13
   13   15   16   17   18   19   20   20   20   21   22   23   24   25   27   29
   32   35   39   42   45   49   52   55   58   60   62   64   66   67   67   67
   66   65   64   63   62   60   59   57   56
    72.5-180.0 180.0   5.0 450.0                            LAT/LON1/LON2/DLON/H
   60   58   56   53   51   48   45   42   38   35   32   30   28   27   26   25
   25   25   25   25   25   24   23   22   20   18   17   15   14   13   13   14
   15   16   18   19   20   20   20   20   20   20   20   21   23   24   27   30
   34   37   41   45   49   53   56   60   63   66   68   71   72   74   75   74
   74   73   71   69   67   65   63   61   60
    70.0-180.0 180.0   5.0 450.0                            LAT/LON1/LON2/DLON/H
   65   63   61   58   55   52   47   42   37   32   28   25   23   22   21   21
   22   24   24   25   25   24   24   23   22   20   19   17   17   16   16   18
   18   20   21   21   22   21   21   20   19   19   19   20   22   25   28   31
   36   40   45   49   53   58   61   64   68   71   74   76   78   80   81   82
   81   79   78   76   74   71   69   67   65
    67.5-180.0 180.0   5.0 450.0                            LAT/LON1/LON2/DLON/H
   70   68   66   64   60   56   51   44   38   32   26   23   20   19   18   19
   21   23   24   25   25   25   25   24   23   22   21   20   20   19   20   21
   22   23   23   23   23   21   20   19   18   17   18   19   22   25   30   34
   39   44   49   54   58   62   65   68   71   74   77   80   82   84   86   86
   86   85   83   81   79   77   75   73   70
    65.0-180.0 180.0   5.0 450.0                            LAT/LON1/LON2/DLON/H
   75   72   70   68   65   60   54   47   40   33   27   22   20   18   18   19
   22   23   24   25   25   25   25   25   24   24   23   22   22   22   23   23
   24   25   25   24   22   20   18   17   16   15   16   19   22   27   32   37
   43   49   54   59   63   66   69   71   74   76   79   81   84   86   88   89
   89   88   87   86   83   81   79   77   75
    62.5-180.0 180.0   5.0 450.0                            LAT/LON1/LON2/DLON/H
   77   75   73   71   68   63   58   51   43   36   29   24   21   19   19   20
   23   23   24   24   24   24   24   24   24   24   23   23   23   23   23   24
   25   25   24   23   21   18   16   14   13   14   16   19   24   29   35   42
   48   54   59   64   67   71   72   75   76   78   80   82   84   86   88   89
   90   89   88   87   86   84   82   79   77
    60.0-180.0 180.0   5.0 450.0                            LAT/LON1/LON2/DLON/H
   78   75   74   72   69   65   60   53   45   38   32   27   24   22   21   22
   23   23   23   23   23   22   23   22   22   22   22   22   22   22   22   23
   24   24   22   21   18   16   14   13   13   13   16   20   26   33   40   47
   54   59   65   69   72   75   77   78   79   81   82   84   86   88   89   89
   89   89   89   89   88   86   83   80   78
    57.5-180.0 180.0   5.0 450.0                            LAT/LON1/LON2/DLON/H
   79   76   75   73   70   66   61   55   47   40   34   30   27   25   24   23
   22   22   21   21   20   20   20   19   19   20   21   21   21   21   21   21
   22   22   21   18   16   15   14   13   13   15   19   24   31   39   46   53
   59   66   71   75   78   80   82   84   85   87   88   90   91   92   92   91
   90   90   90   90   90   88   85   81   79
    55.0-180.0 180.0   5.0 450.0                            LAT/LON1/LON2/DLON/H
   80   77   76   75   72   68   62   56   48   41   36   32   29   28   26   25
   23   21   20   19   18   18   17   17   17   19   20   21   21   20   20   20
   21   20   20   18   18   17   17   17   17   19   23   30   37   45   53   59
   66   72   76   81   84   87   89   92   94   96   97   99  100  100   98   97
   94   94   94   94   93   91   87   84   80
    52.5-180.0 180.0   5.0 450.0                            LAT/LON1/LON2/DLON/H
   84   81   80   78   76   72   65   58   50   43   37   33   31   29   27   26
   23   21   20   19   18   17   17   18   18   20   21   22   21   21   22   23
   22   21   22   21   21   22   23   23   24   26   30   36   45   52   59   66
   72   78   82   87   91   94   98  101  104  107  109  111  111  110  108  105
  102  101  101  100   99   96   92   87   84
    50.0-180.0 180.0   5.0 450.0                            LAT/LON1/LON2/DLON/H
   89   87   86   85   83   78   70   61   53   45   40   36   33   30   29   26
   24   22   22   21   21   21   21   22   22   24   25   25   25   25   26   27
   26   25   26   27   28   30   31   32   32   34   38   44   52   59   66   73
   78   83   87   92   97  102  107  110  114  118  121  124  124  122  119  115
  112  111  109  108  106  103   98   93   89
    47.5-180.0 180.0   5.0 450.0                            LAT/LON1/LON2/DLON/H
   97   95   94   94   92   87   78   69   59   51   44   40   36   33   30   28
   26   26   25   27   27   28   29   29   28   29   30   31   31   32   32   33
   32   31   32   33   35   37   39   40   41   43   46   51   58   66   73   79
   84   89   94   98  104  109  114  118  123  128  131  135  136  134  130  126
  122  120  119  117  114  110  105  100   97
    45.0-180.0 180.0   5.0 450.0                            LAT/LON1/LON2/DLON/H
  103  102  103  104  102   96   87   76   66   58   51   46   42   37   34   31
   30   30   31   34   36   37   37   37   37   37   37   38   39   39   40   40
   39   37   38   40   42   45   47   49   49   51   53   58   65   72   80   86
   91   97  101  105  111  116  121  126  131  135  139  142  144  143  139  136
  132  129  128  125  122  116  111  106  103
    42.5-180.0 180.0   5.0 450.0                            LAT/LON1/LON2/DLON/H
  107  106  108  110  110  104   95   85   75   67   60   54   49   44   40   37
   36   37   39   42   44   46   46   45   45   45   44   45   46   46   46   46
   45   43   43   45   48   51   53   55   55   56   58   64   71   79   87   94
  100  106  110  114  119  123  127  131  135  139  143  146  149  149  146  143
  138  136  134  131  127  121  115  109  107
    40.0-180.0 180.0   5.0 450.0                            LAT/LON1/LON2/DLON/H
  107  107  109  112  112  109  101   92   84   76   70   65   59   54   49   46
   44   45   47   50   52   53   53   52   51   51   50   50   50   51   51   50
   49   47   47   48   50   54   56   58   59   60   64   70   78   87   95  103
  110  116  120  124  127  131  134  137  139  142  145  149  152  153  152  149
  144  141  138  135  130  123  117  110  107
    37.5-180.0 180.0   5.0 450.0                            LAT/LON1/LON2/DLON/H
  105  103  104  107  110  109  103   97   90   85   80   75   70   65   59   55
   53   53   55   57   58   59   58   57   56   54   54   53   54   54   53   52
   51   50   49   50   52   55   58   60   61   63   67   75   84   94  102  111
  118  125  130  133  136  139  142  144  146  148  150  153  156  158  158  156
  152  147  143  138  132  125  117  110  105
    35.0-180.0 180.0   5.0 450.0                            LAT/LON1/LON2/DLON/H
  102   97   97   98  101  103  101   98   93   90   87   84   80   75   70   65
   62   61   61   63   63   63   62   60   59   57   56   55   55   54   53   52
   52   50   50   50   52   55   58   60   62   65   70   78   88   99  108  117
  125  132  138  142  146  149  153  156  158  160  161  164  166  169  168  168
  163  158  151  145  139  130  120  110  102
    32.5-180.0 180.0   5.0 450.0                            LAT/LON1/LON2/DLON/H
  104   94   89   88   91   94   95   94   92   91   90   89   87   84   80   74
   70   68   67   67   67   67   65   63   61   59   58   57   55   54   53   53
   52   51   51   51   53   55   57   60   62   65   70   80   91  102  112  121
  129  138  144  150  156  162  169  176  180  183  183  184  185  187  187  188
  183  176  168  160  152  142  129  117  104
    30.0-180.0 180.0   5.0 450.0                            LAT/LON1/LON2/DLON/H
  113   97   87   83   84   87   88   88   88   88   87   88   89   89   86   81
   76   73   71   70   70   69   68   65   64   62   61   59   56   55   53   54
   53   53   53   52   53   54   56   58   60   64   69   79   91  103  113  123
  133  142  150  157  166  177  190  202  210  216  216  216  214  215  217  216
  213  206  195  184  173  163  149  131  113
    27.5-180.0 180.0   5.0 450.0                            LAT/LON1/LON2/DLON/H
  133  111   95   87   85   85   85   83   82   81   82   84   86   88   88   85
   80   76   74   73   73   73   71   69   68   65   63   62   59   56   55   57
   57   57   56   54   54   54   55   55   57   60   66   76   89  103  114  125
  135  146  156  165  179  194  213  230  244  254  256  254  252  252  253  253
  253  245  235  220  206  193  177  157  133
    25.0-180.0 180.0   5.0 450.0                            LAT/LON1/LON2/DLON/H
  165  139  118  103   96   92   88   82   76   75   77   79   82   85   85   84
   81   78   76   76   76   76   74   72   71   68   67   65   62   60   59   61
   62   62   60   58   56   55   54   53   53   56   62   73   86  101  114  126
  138  149  161  175  191  211  235  258  277  292  296  296  295  293  293  296
  295  289  279  263  246  231  214  193  165
    22.5-180.0 180.0   5.0 450.0                            LAT/LON1/LON2/DLON/H
  207  178  153  134  121  112  101   88   78   74   74   74   76   79   81   81
   80   78   77   77   78   78   76   74   73   71   69   68   66   65   65   67
   68   68   66   62   59   55   52   50   48   49   56   68   82   98  113  126
  140  153  167  185  205  228  255  281  306  323  332  331  331  333  332  336
  335  330  322  306  289  273  256  236  207
    20.0-180.0 180.0   5.0 450.0                            LAT/LON1/LON2/DLON/H
  254  226  199  181  162  144  124  105   89   81   76   72   71   72   75   76
   77   77   77   78   79   79   77   74   72   71   70   70   69   70   72   74
   77   75   72   67   62   56   52   47   44   45   51   64   79   96  112  127
  143  158  175  196  218  242  270  298  324  342  352  352  353  359  363  367
  367  365  355  342  331  313  298  280  254
    17.5-180.0 180.0   5.0 450.0                            LAT/LON1/LON2/DLON/H
  295  273  250  234  212  186  159  133  108   94   83   75   70   68   69   71
   73   75   76   77   78   77   74   72   69   68   69   71   72   75   79   83
   84   82   77   71   64   57   51   45   41   41   48   61   76   94  112  130
  147  165  184  207  229  254  278  304  328  344  355  357  361  370  378  382
  383  384  378  368  359  345  332  317  295
    15.0-180.0 180.0   5.0 450.0                            LAT/LON1/LON2/DLON/H
  322  306  295  284  262  232  199  166  136  114   99   85   75   69   67   67
   70   72   74   75   74   73   69   67   65   65   67   72   75   80   85   89
   89   86   80   72   65   59   53   46   40   39   45   58   75   95  114  134
  153  173  195  218  238  257  277  297  317  332  344  350  356  365  375  380
  383  387  388  382  373  361  350  338  322
    12.5-180.0 180.0   5.0 450.0                            LAT/LON1/LON2/DLON/H
  333  324  324  320  303  274  239  203  169  143  123  104   88   77   69   67
   68   70   72   72   71   68   65   63   62   65   69   74   80   85   90   93
   93   88   82   74   67   61   55   47   41   39   45   57   76   96  117  138
  158  180  203  224  242  258  271  286  301  315  326  334  341  350  359  366
  373  379  385  385  379  368  358  344  333
    10.0-180.0 180.0   5.0 450.0                            LAT/LON1/LON2/DLON/H
  335  330  334  337  326  302  270  236  204  174  153  126  105   89   77   71
   69   69   70   69   68   66   64   64   66   69   74   81   86   90   94   95
   94   89   83   75   69   65   58   50   43   41   46   59   78   99  119  141
  162  184  206  227  243  255  265  275  288  299  309  317  325  334  343  351
  358  367  377  381  378  368  357  345  335
     7.5-180.0 180.0   5.0 450.0                            LAT/LON1/LON2/DLON/H
  336  331  335  343  339  321  293  260  232  207  181  153  126  105   90   78
   73   71   70   69   66   66   68   72   77   82   86   91   95   97   97   96
   95   90   84   78   72   68   61   53   47   44   49   61   80  100  122  142
  164  184  205  225  241  253  262  270  281  290  297  304  312  321  331  338
  347  357  370  377  377  369  358  346  336
     5.0-180.0 180.0   5.0 450.0                            LAT/LON1/LON2/DLON/H
  344  338  340  346  345  333  309  281  256  232  208  181  150  124  106   90
   82   77   75   73   71   72   78   87   94  101  104  106  107  105  101   98
   95   91   86   80   75   70   64   56   50   48   52   65   82  102  122  142
  161  181  200  220  237  250  260  269  279  286  291  297  305  314  324  331
  339  351  367  379  383  377  365  353  344
     2.5-180.0 180.0   5.0 450.0                            LAT/LON1/LON2/DLON/H
  360  355  355  356  355  345  324  299  276  252  229  205  175  149  127  108
   97   89   85   84   83   86   95  108  118  124  126  124  120  113  105   98
   94   90   86   81   76   72   66   59   53   52   57   67   84  103  122  140
  156  174  193  212  229  244  257  269  279  286  290  295  303  313  322  327
  333  348  366  384  393  392  382  370  360
