ionex_files/bejaia/igsg0880.21i
     1.0            IONOSPHERE MAPS     MIX                 IONEX VERSION / TYPE
cmpcmb v1.2          GRL/UWM            15-apr-21 05:41     PGM / RUN BY / DATE 
ionex file containing IGS COMBINED Ionosphere maps          COMMENT             
global ionosphere maps for day 088, 2021                    DESCRIPTION         
IONEX file containing the COMBINED IGS TEC MAPS and DCBs    DESCRIPTION         
      IONEX files of the following IAACs were combined: cod DESCRIPTION         
                                                        esa DESCRIPTION         
                                                        jpl DESCRIPTION         
                                                        upc DESCRIPTION         
Contact address: Andrzej Krankowski                         DESCRIPTION
                 Geodynamics Research Laboratory            DESCRIPTION
                 University of Warmia and Mazury (GRL/UWM)  DESCRIPTION
                 Oczapowski St. 1                           DESCRIPTION
                 10-957-Olsztyn, POLAND                     DESCRIPTION
                 e-mail:  kand@uwm.edu.pl                   DESCRIPTION
                                                            DESCRIPTION         
  2021     3    29     0     0     0                        EPOCH OF FIRST MAP  
  2021     3    30     0     0     0                        EPOCH OF LAST MAP   
  7200                                                      INTERVAL            
    13                                                      # OF MAPS IN FILE   
  COSZ                                                      MAPPING FUNCTION    
     0.0                                                    ELEVATION CUTOFF    
combined TEC calculated as weighted mean of input TEC valuesOBSERVABLES USED    
   377                                                      # OF STATIONS       
    32                                                      # OF SATELLITES     
  6371.0                                                    BASE RADIUS         
     2                                                      MAP DIMENSION       
   450.0 450.0   0.0                                        HGT1 / HGT2 / DHGT  
    87.5 -87.5  -2.5                                        LAT1 / LAT2 / DLAT  
  -180.0 180.0   5.0                                        LON1 / LON2 / DLON  
    -1                                                      EXPONENT            
TEC values in 0.1 tec units;  9999, if no value available   COMMENT             
DCB values in nanoseconds, reference is Sum_of_SatDCBs = 0  COMMENT             
                                                            END OF HEADER       
[from data line 3003]
     8                                                      START OF TEC MAP    
  2021     3    29    14     0     0                        EPOCH OF CURRENT MAP
    87.5-180.0 180.0   5.0 450.0                            LAT/LON1/LON2/DLON/H
   80   80   80   81   81   81   81   81   82   82   82   82   82   82   83   83
   83   83   84   84   83   83   84   83   83   83   83   83   83   83   82   82
   82   81   81   81   80   80   80   80   80   79   79   79   78   78   78   78
   77   77   77   77   77   77   77   77   77   77   77   77   77   78   78   78
   78   78   79   79   79   79   79   79   80
    85.0-180.0 180.0   5.0 450.0                            LAT/LON1/LON2/DLON/H
   75   75   76   76   77   77   78   79   79   80   81   81   82   82   82   83
   83   83   83   83   84   84   84   84   84   83   83   84   83   83   82   82
   81   81   80   80   79   78   78   77   76   76   75   75   75   75   74   74
   74   73   73   73   73   73   72   72   72   72   72   72   72   73   73   73
   73   73   73   73   74   74   75   75   75
    82.5-180.0 180.0   5.0 450.0                            LAT/LON1/LON2/DLON/H
   66   67   68   69   70   71   73   74   75   75   77   78   78   79   80   80
   81   81   82   82   83   83   83   83   83   83   83   83   83   83   82   82
   81   80   80   79   78   77   76   75   74   73   72   71   71   71   70   70
   69   69   69   69   68   68   68   68   67   67   67   66   66   66   66   66
   66   66   66   65   66   66   65   65   66
    80.0-180.0 180.0   5.0 450.0                            LAT/LON1/LON2/DLON/H
   57   59   60   61   63   65   66   67   69   69   71   72   74   76   77   78
   79   80   81   81   81   81   82   82   83   84   84   83   83   83   82   82
   82   81   79   78   77   76   75   74   72   71   70   69   68   67   67   67
   66   65   65   65   64   64   63   63   62   61   61   60   59   59   58   58
   58   57   57   57   56   56   56   57   57
    77.5-180.0 180.0   5.0 450.0                            LAT/LON1/LON2/DLON/H
   50   51   52   53   55   57   58   59   61   63   65   67   68   71   73   75
   76   77   78   79   80   80   81   82   83   83   84   84   84   84   84   83
   82   81   80   79   78   77   76   74   73   71   70   69   68   67   66   66
   65   64   63   62   61   60   59   59   58   57   55   54   53   51   51   50
   49   49   49   48   48   48   48   49   50
    75.0-180.0 180.0   5.0 450.0                            LAT/LON1/LON2/DLON/H
   42   43   44   45   47   48   49   51   53   55   57   60   63   66   68   71
   72   74   76   77   77   79   80   81   82   83   84   85   86   86   86   86
   85   84   84   83   82   80   79   77   76   74   73   72   70   70   69   68
   67   66   64   63   61   59   58   56   54   52   51   49   47   45   43   42
   41   41   41   40   41   41   41   42   42
    72.5-180.0 180.0   5.0 450.0                            LAT/LON1/LON2/DLON/H
   36   36   37   38   38   39   40   43   44   47   50   54   58   61   63   66
   69   71   73   74   76   77   79   81   83   84   85   86   87   88   89   89
   89   89   88   87   86   84   83   82   80   79   77   76   75   75   73   73
   71   70   69   66   63   61   58   55   53   50   47   45   42   40   38   36
   35   34   34   34   34   34   35   35   36
    70.0-180.0 180.0   5.0 450.0                            LAT/LON1/LON2/DLON/H
   30   30   31   31   31   32   33   35   38   41   44   48   52   55   59   62
   66   68   71   73   75   77   79   81   84   85   86   88   88   89   90   91
   91   92   92   92   90   89   87   86   85   84   82   81   81   80   79   78
   77   76   73   70   67   64   60   56   52   49   46   43   39   37   35   33
   32   30   30   29   29   29   29   30   30
    67.5-180.0 180.0   5.0 450.0                            LAT/LON1/LON2/DLON/H
   27   27   27   27   27   28   29   30   33   36   39   42   47   50   55   59
   63   67   70   72   75   78   80   82   84   86   87   88   89   91   92   93
   94   95   94   94   93   92   91   89   88   88   88   87   86   86   85   84
   82   80   77   73   69   65   61   57   52   49   46   42   39   36   34   32
   30   29   29   28   27   27   27   27   27
    65.0-180.0 180.0   5.0 450.0                            LAT/LON1/LON2/DLON/H
   26   26   26   25   25   26   26   28   30   32   35   39   44   48   53   58
   62   66   69   72   75   78   81   83   85   87   87   89   90   91   93   94
   95   96   96   96   95   94   93   92   92   92   92   92   92   91   90   88
   85   82   79   74   70   65   60   56   52   50   46   43   40   38   35   34
   32   30   30   29   28   27   27   27   26
    62.5-180.0 180.0   5.0 450.0                            LAT/LON1/LON2/DLON/H
   29   28   27   26   26   26   26   26   27   30   33   38   42   48   52   57
   61   65   69   72   75   78   81   84   86   87   88   89   90   92   93   94
   96   97   97   97   96   95   94   94   95   96   96   96   96   95   93   90
   87   83   79   74   69   64   60   56   53   51   48   46   44   42   40   37
   36   35   34   33   33   32   30   29   29
    60.0-180.0 180.0   5.0 450.0                            LAT/LON1/LON2/DLON/H
   33   31   30   29   29   29   28   28   28   30   33   37   42   47   51   56
   60   65   69   72   76   79   82   84   86   88   89   90   91   93   94   95
   97   98   98   98   97   96   96   97   98   99  100  100  100   99   96   93
   89   84   79   74   68   64   59   57   54   54   52   51   50   49   46   44
   42   40   39   40   39   37   36   34   33
    57.5-180.0 180.0   5.0 450.0                            LAT/LON1/LON2/DLON/H
   39   37   35   34   34   33   32   31   31   32   34   38   43   48   52   56
   60   64   68   72   76   80   83   85   87   89   91   92   94   95   96   98
   99   99   99   99   99   99   99  100  102  103  105  105  105  103  100   96
   91   86   80   74   69   64   61   59   58   58   58   58   57   56   54   52
   50   48   46   46   46   45   43   41   39
    55.0-180.0 180.0   5.0 450.0                            LAT/LON1/LON2/DLON/H
   46   44   42   41   40   39   38   36   35   35   37   40   45   49   54   58
   62   65   69   74   78   81   83   86   89   92   94   96   97   99  100  101
  102  102  102  102  102  103  104  105  108  109  111  111  110  108  105  100
   94   89   83   77   72   68   65   63   62   63   64   65   65   65   63   60
   58   56   54   53   53   53   51   49   46
    52.5-180.0 180.0   5.0 450.0                            LAT/LON1/LON2/DLON/H
   54   51   49   48   47   46   44   42   40   40   42   44   48   52   56   60
   64   67   72   76   79   83   85   88   92   96   99  101  103  104  106  106
  106  107  107  107  108  109  111  113  115  117  118  118  116  114  110  105
  100   94   89   83   78   74   71   69   68   69   71   72   73   73   71   68
   65   62   61   60   60   60   58   56   54
    50.0-180.0 180.0   5.0 450.0                            LAT/LON1/LON2/DLON/H
   61   58   55   55   54   53   51   49   47   46   47   49   53   56   60   63
   67   71   74   79   83   85   88   92   96  101  105  107  110  111  112  112
  113  113  113  115  117  119  121  123  124  126  126  124  123  120  117  112
  107  102   96   91   86   82   78   76   75   75   77   79   80   80   79   75
   72   69   68   67   67   67   65   64   61
    47.5-180.0 180.0   5.0 450.0                            LAT/LON1/LON2/DLON/H
   66   64   61   60   60   59   58   55   54   54   54   55   58   61   64   68
   71   75   79   83   87   89   93   96  101  106  111  114  116  118  118  119
  119  120  122  125  127  130  133  134  135  135  133  132  129  126  123  120
  114  110  104   99   93   88   84   82   81   81   82   83   85   86   84   83
   79   77   75   74   73   72   71   69   66
    45.0-180.0 180.0   5.0 450.0                            LAT/LON1/LON2/DLON/H
   70   68   67   65   65   64   62   61   61   61   62   62   65   66   69   72
   76   80   84   89   92   94   97  102  107  112  117  120  123  124  124  125
  126  128  130  135  139  143  146  146  146  144  141  138  135  132  129  126
  122  118  112  106   99   94   89   86   85   86   87   88   90   91   91   89
   85   83   81   79   78   77   75   73   70
    42.5-180.0 180.0   5.0 450.0                            LAT/LON1/LON2/DLON/H
   73   71   69   69   68   66   65   65   65   67   68   69   71   72   75   78
   81   86   90   95   98  100  103  108  113  118  122  125  127  128  128  129
  132  136  140  145  151  156  158  158  156  152  148  144  140  137  135  133
  130  126  119  112  105   99   93   89   87   89   91   93   95   97   96   94
   90   87   85   83   81   80   78   75   73
    40.0-180.0 180.0   5.0 450.0                            LAT/LON1/LON2/DLON/H
   73   71   71   70   68   67   65   66   67   70   72   74   76   79   81   84
   87   92   97  101  104  106  109  113  119  124  127  129  130  130  131  134
  139  144  149  157  164  169  170  168  165  161  155  150  146  143  141  140
  137  132  125  117  109  101   95   91   89   89   92   95   98  101  102  100
   96   91   88   84   83   82   80   77   73
    37.5-180.0 180.0   5.0 450.0                            LAT/LON1/LON2/DLON/H
   72   70   69   69   67   65   63   64   67   71   75   78   81   84   88   91
   95   99  103  107  109  112  115  119  124  128  130  132  131  132  135  140
  146  153  160  169  177  182  183  180  176  171  165  158  154  150  147  145
  142  137  129  119  110  101   96   92   90   90   92   96  100  104  105  104
  101   95   90   85   83   81   78   75   72
    35.0-180.0 180.0   5.0 450.0                            LAT/LON1/LON2/DLON/H
   69   67   67   65   63   61   60   61   65   70   75   81   86   91   95   99
  103  106  110  113  115  118  121  125  129  133  133  133  134  136  140  146
  156  164  174  183  192  198  198  194  188  182  176  170  165  159  156  153
  149  142  133  122  112  103   97   94   92   92   93   97  101  105  106  106
  103   97   91   85   82   79   76   72   69
    32.5-180.0 180.0   5.0 450.0                            LAT/LON1/LON2/DLON/H
   67   64   63   62   59   56   55   57   61   66   73   82   89   96  103  108
  111  114  117  120  121  123  126  129  133  136  136  136  137  141  149  158
  169  179  189  199  209  215  216  210  204  196  191  187  181  173  169  165
  160  152  141  129  118  109  102   98   94   94   94   97  101  104  106  105
  102   96   90   85   81   78   74   70   67
    30.0-180.0 180.0   5.0 450.0                            LAT/LON1/LON2/DLON/H
   65   62   60   58   54   52   50   52   56   61   69   80   90  100  108  115
  118  121  123  126  127  129  131  134  137  140  141  143  146  153  163  175
  188  198  209  220  229  233  234  231  224  218  213  208  202  195  189  183
  177  169  156  143  131  121  112  106  100   97   97   99  101  103  104  103
   99   93   88   83   80   78   74   69   65
    27.5-180.0 180.0   5.0 450.0                            LAT/LON1/LON2/DLON/H
   64   61   57   55   51   47   45   46   50   55   64   76   89  101  112  120
  124  126  128  131  133  135  137  140  143  148  150  154  161  171  184  199
  211  222  233  245  253  255  256  257  250  243  238  235  229  223  217  209
  203  193  179  164  150  139  127  118  110  104  102  102  103  103  103  101
   95   89   85   80   79   78   74   68   64
    25.0-180.0 180.0   5.0 450.0                            LAT/LON1/LON2/DLON/H
   64   60   56   51   48   44   42   42   45   50   58   70   85  100  113  123
  127  131  133  137  139  141  143  147  153  159  164  171  182  195  211  225
  238  249  260  272  279  283  282  282  277  272  267  266  266  257  252  244
  233  222  206  190  176  159  147  134  123  114  110  107  106  105  103   99
   93   88   84   80   80   79   75   68   64
    22.5-180.0 180.0   5.0 450.0                            LAT/LON1/LON2/DLON/H
   63   59   55   51   47   43   41   40   41   44   51   63   80   97  112  123
  130  134  137  142  145  148  152  158  166  175  184  196  209  226  242  255
  267  278  289  300  305  308  306  304  303  302  302  303  303  297  291  280
  266  252  233  216  199  181  167  152  138  127  120  115  111  108  105  100
   94   87   85   82   84   83   77   70   63
    20.0-180.0 180.0   5.0 450.0                            LAT/LON1/LON2/DLON/H
   65   58   54   50   47   44   41   40   40   41   46   57   73   93  111  122
  130  135  140  146  151  156  162  172  183  196  209  224  241  258  274  285
  294  303  315  326  328  329  329  328  328  332  338  342  342  335  327  313
  296  278  257  235  216  200  186  170  156  144  134  126  119  114  110  104
   97   91   89   88   90   90   83   74   65
    17.5-180.0 180.0   5.0 450.0                            LAT/LON1/LON2/DLON/H
   69   59   54   51   48   45   43   41   40   40   44   53   69   88  107  120
  129  136  143  150  156  164  172  186  203  220  237  254  272  289  303  311
  320  327  337  345  348  347  347  349  354  361  369  373  370  362  350  335
  317  295  270  246  227  213  202  189  175  161  150  139  130  123  117  111
  104   97   97   97  100   99   92   80   69
    15.0-180.0 180.0   5.0 450.0                            LAT/LON1/LON2/DLON/H
   75   62   55   52   49   47   45   43   41   40   44   51   66   85  103  117
  128  137  146  154  162  171  183  200  221  244  264  283  299  314  325  331
  338  345  351  357  358  359  362  366  371  379  386  388  382  371  358  342
  325  302  276  251  234  224  215  204  191  177  164  152  141  133  127  121
  115  108  108  110  112  111  102   88   75
    12.5-180.0 180.0   5.0 450.0                            LAT/LON1/LON2/DLON/H
   81   68   59   54   51   49   47   45   43   42   44   52   66   84  102  116
  127  138  149  160  169  180  195  215  240  266  288  304  320  330  338  342
  348  353  357  360  361  364  370  375  378  386  388  387  379  367  353  339
  320  299  274  252  239  231  223  213  201  187  175  162  151  143  137  131
  125  120  121  122  124  122  112   97   81
    10.0-180.0 180.0   5.0 450.0                            LAT/LON1/LON2/DLON/H
   87   73   63   58   55   52   50   48   46   44   46   53   67   84  102  116
  129  141  155  167  178  190  207  230  257  284  305  318  328  335  340  344
  349  352  357  359  360  364  372  377  380  383  380  378  369  357  344  329
  311  291  269  250  240  234  225  217  206  194  180  168  157  149  143  138
  133  128  130  132  135  132  120  104   87
     7.5-180.0 180.0   5.0 450.0                            LAT/LON1/LON2/DLON/H
   91   78   68   61   58   56   53   50   48   46   47   55   68   86  103  118
  132  146  161  175  188  201  218  242  270  296  315  323  327  330  333  337
  342  346  349  350  356  361  370  380  383  382  376  369  359  348  335  323
  307  287  266  249  240  232  225  218  209  196  183  170  159  150  145  140
  137  133  135  138  140  136  125  109   91
     5.0-180.0 180.0   5.0 450.0                            LAT/LON1/LON2/DLON/H
   94   80   70   65   62   59   56   53   50   48   49   57   70   87  106  122
  137  153  169  184  197  211  229  252  278  302  319  323  321  321  324  328
  332  338  341  344  350  359  371  383  388  385  378  367  355  344  333  323
  310  291  269  251  239  230  224  218  208  196  182  168  155  147  143  139
  136  134  136  138  141  137  126  111   94
     2.5-180.0 180.0   5.0 450.0                            LAT/LON1/LON2/DLON/H
   95   81   72   67   64   61   58   54   51   49   51   58   72   89  109  127
  143  160  177  193  206  220  238  261  284  305  318  319  315  313  315  319
  325  330  333  337  345  357  374  390  395  392  383  370  357  346  337  327
  315  296  274  254  239  228  221  214  204  191  177  161  148  141  137  134
  132  130  132  134  136  133  124  110   95
