ionex_files/bejaia/igsg0840.21i
     1.0            IONOSPHERE MAPS     MIX                 IONEX VERSION / TYPE
cmpcmb v1.2          GRL/UWM            12-apr-21 05:36     PGM / RUN BY / DATE 
ionex file containing IGS COMBINED Ionosphere maps          COMMENT             
global ionosphere maps for day 084, 2021                    DESCRIPTION         
IONEX file containing the COMBINED IGS TEC MAPS and DCBs    DESCRIPTION         
      IONEX files of the following IAACs were combined: cod DESCRIPTION         
                                                        esa DESCRIPTION         
                                                        jpl DESCRIPTION         
                                                        upc DESCRIPTION         
Contact address: Andrzej Krankowski                         DESCRIPTION
                 Geodynamics Research Laboratory            DESCRIPTION
                 University of Warmia and Mazury (GRL/UWM)  DESCRIPTION
                 Oczapowski St. 1                           DESCRIPTION
                 10-957-Olsztyn, POLAND                     DESCRIPTION
                 e-mail:  kand@uwm.edu.pl                   DESCRIPTION
                                                            DESCRIPTION         
  2021     3    25     0     0     0                        EPOCH OF FIRST MAP  
  2021     3    26     0     0     0                        EPOCH OF LAST MAP   
  7200                                                      INTERVAL            
    13                                                      # OF MAPS IN FILE   
  COSZ                                                      MAPPING FUNCTION    
     0.0                                                    ELEVATION CUTOFF    
combined TEC calculated as weighted mean of input TEC valuesOBSERVABLES USED    
   378                                                      # OF STATIONS       
    32                                                      # OF SATELLITES     
  6371.0                                                    BASE RADIUS         
     2                                                      MAP DIMENSION       
   450.0 450.0   0.0                                        HGT1 / HGT2 / DHGT  
    87.5 -87.5  -2.5                                        LAT1 / LAT2 / DLAT  
  -180.0 180.0   5.0                                        LON1 / LON2 / DLON  
    -1                                                      EXPONENT            
TEC values in 0.1 tec units;  9999, if no value available   COMMENT             
DCB values in nanoseconds, reference is Sum_of_SatDCBs = 0  COMMENT             
                                                            END OF HEADER       
[from data line 3003]
     8                                                      START OF TEC MAP    
  2021     3    25    14     0     0                        EPOCH OF CURRENT MAP
    87.5-180.0 180.0   5.0 450.0                            LAT/LON1/LON2/DLON/H
   70   71   71   71   71   71   71   71   71   71   72   72   72   72   73   73
   74   74   74   75   75   75   75   76   76   76   76   76   76   76   76   76
   76   76   76   76   76   76   75   75   75   75   75   74   74   74   74   73
   73   73   73   73   73   72   72   72   72   72   71   71   71   71   71   70
   71   70   70   70   70   70   70   70   70
    85.0-180.0 180.0   5.0 450.0                            LAT/LON1/LON2/DLON/H
   66   66   66   66   67   67   67   68   68   69   69   69   70   71   71   71
   72   72   73   73   74   75   75   76   76   76   77   77   77   77   77   77
   77   77   77   77   76   75   75   74   74   74   73   73   72   72   72   71
   71   71   71   70   70   70   69   69   69   69   68   68   68   67   67   67
   67   66   66   66   66   66   66   66   66
    82.5-180.0 180.0   5.0 450.0                            LAT/LON1/LON2/DLON/H
   61   61   61   62   62   62   63   64   64   65   66   66   67   67   68   68
   68   69   70   71   73   73   74   75   75   76   77   78   78   79   79   79
   78   78   78   77   77   76   75   74   73   73   71   71   70   69   69   69
   69   68   69   68   68   68   67   67   66   66   66   65   64   64   63   63
   62   62   62   61   61   60   60   61   61
    80.0-180.0 180.0   5.0 450.0                            LAT/LON1/LON2/DLON/H
   56   56   56   57   57   59   60   61   61   62   62   63   63   64   65   65
   66   67   68   69   70   70   72   74   74   75   77   77   79   80   80   80
   81   80   80   79   78   77   75   74   72   71   70   69   68   68   68   67
   67   67   67   67   67   67   67   66   65   65   64   62   62   61   60   59
   58   57   57   56   55   55   55   56   56
    77.5-180.0 180.0   5.0 450.0                            LAT/LON1/LON2/DLON/H
   52   52   52   54   55   56   57   58   59   59   60   60   60   60   61   61
   62   63   65   66   68   69   70   73   72   74   76   80   81   81   82   82
   82   82   81   81   79   78   75   73   71   69   69   67   67   67   67   66
   67   67   67   67   67   67   67   66   65   64   62   60   59   58   56   55
   54   52   52   51   51   50   51   51   52
    75.0-180.0 180.0   5.0 450.0                            LAT/LON1/LON2/DLON/H
   48   49   50   51   52   54   54   55   56   57   57   57   58   59   60   60
   62   63   64   66   67   69   71   74   75   76   78   79   81   83   84   83
   83   83   82   81   79   77   75   73   70   68   67   66   66   66   66   66
   66   67   67   68   67   67   67   66   64   63   60   59   56   54   52   50
   49   47   46   46   45   46   47   47   48
    72.5-180.0 180.0   5.0 450.0                            LAT/LON1/LON2/DLON/H
   45   46   47   48   50   51   52   53   55   55   56   57   58   59   59   60
   61   62   64   66   68   70   72   75   76   78   80   81   81   82   83   84
   84   83   82   81   79   77   75   72   71   68   67   66   66   66   66   67
   67   68   68   68   67   67   66   64   63   61   58   55   53   50   48   46
   43   43   42   41   41   42   43   44   45
    70.0-180.0 180.0   5.0 450.0                            LAT/LON1/LON2/DLON/H
   42   44   45   47   48   49   50   52   53   53   55   56   57   58   58   59
   61   63   65   66   69   71   73   76   78   79   81   81   82   82   82   83
   83   83   82   81   79   78   76   74   72   71   69   68   68   68   69   69
   69   69   69   68   67   65   64   61   59   57   54   51   49   46   44   41
   39   38   37   36   37   38   40   41   42
    67.5-180.0 180.0   5.0 450.0                            LAT/LON1/LON2/DLON/H
   40   42   44   45   46   48   49   49   50   51   53   53   55   56   58   59
   61   63   65   68   70   72   74   77   79   80   81   81   81   81   80   80
   81   81   81   81   80   80   79   77   76   75   74   73   73   73   73   73
   73   72   71   68   66   63   60   58   55   52   49   47   44   42   40   38
   36   35   34   33   34   35   37   38   40
    65.0-180.0 180.0   5.0 450.0                            LAT/LON1/LON2/DLON/H
   39   41   42   44   45   46   47   47   48   48   49   51   53   55   57   59
   61   64   66   68   70   73   75   78   79   80   81   80   79   79   78   77
   78   78   79   80   80   81   81   81   81   81   80   80   79   79   78   77
   76   74   71   67   63   60   56   53   50   48   45   44   41   40   38   36
   35   34   33   32   32   33   35   37   39
    62.5-180.0 180.0   5.0 450.0                            LAT/LON1/LON2/DLON/H
   39   40   41   42   43   44   45   44   44   44   45   48   50   53   56   58
   61   63   66   68   71   74   76   77   78   80   79   79   78   77   76   76
   75   76   77   79   80   82   82   84   85   86   86   86   85   84   83   81
   79   76   71   67   61   57   52   48   46   45   43   43   41   41   40   38
   36   35   34   33   33   35   36   38   39
    60.0-180.0 180.0   5.0 450.0                            LAT/LON1/LON2/DLON/H
   41   41   42   42   43   43   43   42   40   40   42   44   47   51   54   56
   59   62   65   67   71   73   75   76   78   79   79   78   77   77   76   76
   76   77   78   79   81   82   84   86   88   90   91   91   90   89   87   84
   82   78   73   67   61   55   50   47   45   45   44   44   44   44   43   42
   39   37   36   36   37   39   39   40   41
    57.5-180.0 180.0   5.0 450.0                            LAT/LON1/LON2/DLON/H
   45   45   44   44   44   44   42   40   38   37   39   41   45   49   51   54
   57   60   64   66   69   72   73   74   76   78   79   79   79   79   79   79
   79   79   80   81   83   84   86   88   91   93   94   95   95   94   91   88
   85   80   75   69   63   58   54   51   49   49   49   50   51   51   49   47
   44   42   40   40   42   44   44   45   45
    55.0-180.0 180.0   5.0 450.0                            LAT/LON1/LON2/DLON/H
   50   50   49   49   48   46   44   40   37   36   37   39   43   46   50   54
   56   59   62   65   67   69   71   72   74   77   79   81   83   83   83   84
   84   84   84   85   86   87   89   91   94   96   98  100   99   98   95   93
   89   85   80   75   69   65   61   58   57   57   58   58   59   59   57   53
   49   47   46   46   47   49   49   50   50
    52.5-180.0 180.0   5.0 450.0                            LAT/LON1/LON2/DLON/H
   56   56   55   55   53   52   48   43   40   38   38   39   42   46   50   53
   56   59   62   64   66   68   70   72   74   77   81   84   87   89   89   89
   89   90   90   90   90   91   92   94   97  100  102  104  104  103  101   98
   94   91   87   83   79   75   72   70   68   68   69   69   69   68   66   61
   56   53   51   52   53   54   55   56   56
    50.0-180.0 180.0   5.0 450.0                            LAT/LON1/LON2/DLON/H
   62   61   61   61   60   58   54   50   45   42   42   42   45   48   51   55
   58   60   62   65   67   69   71   73   76   80   84   88   92   94   94   95
   96   95   95   95   94   95   96   99  102  105  108  109  109  109  106  103
  100   98   95   92   88   85   82   81   80   79   80   80   79   77   73   68
   63   59   58   58   59   61   62   62   62
    47.5-180.0 180.0   5.0 450.0                            LAT/LON1/LON2/DLON/H
   67   67   67   66   66   64   61   56   52   49   48   49   50   53   56   59
   62   65   66   68   70   72   74   77   80   84   88   92   96   98   98   99
  100   99  100  100  100  101  102  105  108  111  114  115  115  114  112  109
  106  104  102   98   95   92   90   89   89   88   87   87   86   83   79   74
   69   66   64   64   65   67   68   67   67
    45.0-180.0 180.0   5.0 450.0                            LAT/LON1/LON2/DLON/H
   71   70   70   70   70   70   67   63   60   57   57   56   57   59   62   65
   69   71   73   74   75   76   79   82   86   90   93   97  100  101  101  101
  102  103  103  104  105  107  109  112  115  118  120  121  121  119  116  114
  112  110  107  103   99   96   93   92   92   92   92   91   90   87   84   79
   75   72   70   70   71   72   72   72   71
    42.5-180.0 180.0   5.0 450.0                            LAT/LON1/LON2/DLON/H
   72   72   73   73   74   73   71   68   66   65   65   64   65   67   70   74
   77   80   81   82   82   83   85   88   93   97  100  102  102  102  102  102
  103  106  107  109  111  114  117  120  123  125  126  127  126  124  121  120
  118  116  111  106  101   96   92   89   89   90   91   90   90   88   86   83
   79   76   74   75   75   76   76   74   72
    40.0-180.0 180.0   5.0 450.0                            LAT/LON1/LON2/DLON/H
   73   73   73   73   74   74   72   70   70   70   70   71   72   74   78   83
   87   91   92   92   91   91   93   96  101  105  107  107  106  104  103  104
  106  109  111  114  118  122  125  129  131  133  133  133  132  130  128  126
  124  121  116  108  101   92   87   83   83   84   85   86   87   87   87   85
   83   80   78   77   78   78   77   75   73
    37.5-180.0 180.0   5.0 450.0                            LAT/LON1/LON2/DLON/H
   72   72   72   71   72   71   70   70   71   73   74   75   77   81   86   93
   98  102  103  103  101  100  101  104  109  113  115  114  112  109  109  111
  113  115  118  121  127  133  137  141  142  142  143  141  139  136  134  132
  130  127  121  112  101   89   81   77   77   78   79   81   83   84   86   86
   85   83   81   79   78   78   76   74   72
    35.0-180.0 180.0   5.0 450.0                            LAT/LON1/LON2/DLON/H
   70   69   67   67   67   67   67   67   70   73   76   78   81   86   94  103
  110  114  115  114  111  109  109  112  117  122  124  123  121  120  121  122
  125  127  129  132  139  147  152  155  154  153  152  151  147  144  141  140
  139  137  130  120  106   93   83   77   75   76   76   78   80   82   84   85
   85   84   81   78   78   77   75   72   70
    32.5-180.0 180.0   5.0 450.0                            LAT/LON1/LON2/DLON/H
   67   65   63   63   62   63   62   63   67   70   74   78   84   91  101  111
  120  126  127  126  122  119  119  121  126  131  134  135  136  136  140  142
  144  145  146  150  157  165  170  170  168  165  164  162  158  154  153  152
  154  153  149  139  125  110   97   89   83   80   78   78   79   80   82   82
   83   82   80   77   76   76   74   70   67
    30.0-180.0 180.0   5.0 450.0                            LAT/LON1/LON2/DLON/H
   65   61   59   59   58   58   58   59   62   66   70   76   84   94  106  118
  128  135  138  137  133  130  128  130  134  140  145  150  154  159  164  168
  172  172  171  174  179  185  189  188  184  180  178  176  172  170  169  172
  175  179  177  170  156  141  126  113  102   93   87   84   83   82   81   81
   81   80   78   75   75   74   73   69   65
    27.5-180.0 180.0   5.0 450.0                            LAT/LON1/LON2/DLON/H
   64   60   58   56   55   54   53   55   57   60   65   73   82   94  108  122
  134  143  147  147  144  140  139  140  143  151  158  167  175  184  194  202
  205  205  203  205  208  211  211  208  203  198  195  193  191  191  193  197
  206  215  216  212  197  183  166  148  130  115  103   95   91   87   84   82
   81   79   77   75   74   74   72   69   64
    25.0-180.0 180.0   5.0 450.0                            LAT/LON1/LON2/DLON/H
   65   61   57   55   53   52   51   51   53   55   61   68   79   93  109  124
  136  147  153  155  153  150  149  150  155  163  172  184  197  211  225  236
  241  242  240  242  243  241  236  231  224  219  215  215  215  216  221  231
  244  255  258  256  246  227  210  188  163  140  124  112  104   96   90   86
   82   79   77   76   75   75   73   69   65
    22.5-180.0 180.0   5.0 450.0                            LAT/LON1/LON2/DLON/H
   66   61   58   55   53   51   50   49   49   50   55   63   76   92  108  124
  137  148  156  159  160  159  159  161  166  175  187  202  218  236  254  268
  278  280  282  285  283  273  261  253  246  241  238  239  241  245  254  269
  284  295  296  295  288  269  250  226  195  167  146  131  120  108   99   92
   87   83   81   79   77   78   76   71   66
    20.0-180.0 180.0   5.0 450.0                            LAT/LON1/LON2/DLON/H
   69   63   59   56   55   53   51   50   49   48   50   59   72   90  108  123
  136  147  156  162  164  165  169  173  179  189  202  219  238  259  280  297
  311  315  319  326  321  304  288  276  267  262  261  264  268  275  289  306
  321  328  328  323  318  300  280  254  221  192  170  151  137  123  111  103
   96   92   88   85   83   82   79   74   69
    17.5-180.0 180.0   5.0 450.0                            LAT/LON1/LON2/DLON/H
   72   64   60   58   57   56   55   53   50   48   49   56   70   89  107  121
  134  146  156  163  167  172  176  184  192  205  219  236  257  279  302  322
  338  347  350  355  351  330  312  297  290  285  284  287  294  304  318  334
  346  346  342  336  327  312  296  270  237  210  189  170  154  139  126  116
  108  103   99   93   90   87   84   78   72
    15.0-180.0 180.0   5.0 450.0                            LAT/LON1/LON2/DLON/H
   74   67   62   59   58   58   58   56   52   50   50   57   71   90  107  120
  132  144  156  165  170  177  184  194  205  220  236  254  276  298  321  340
  358  369  372  373  365  350  332  318  313  307  305  307  314  324  337  346
  352  349  340  328  316  306  293  269  241  216  198  183  171  157  143  132
  123  115  110  103   98   93   88   81   74
    12.5-180.0 180.0   5.0 450.0                            LAT/LON1/LON2/DLON/H
   76   69   64   60   59   58   58   58   54   51   52   58   72   91  108  120
  133  145  158  167  175  183  193  205  219  236  254  272  293  314  333  352
  370  382  385  383  375  363  349  339  333  327  322  322  325  333  340  347
  344  335  322  304  290  283  271  254  233  213  200  192  185  174  161  149
  139  129  122  113  106  100   92   84   76
    10.0-180.0 180.0   5.0 450.0                            LAT/LON1/LON2/DLON/H
   78   70   66   62   59   58   58   58   55   53   52   60   74   93  111  124
  137  150  162  173  181  191  202  216  233  252  272  291  309  326  341  358
  376  387  392  389  383  375  365  356  349  342  334  328  329  332  336  337
  331  316  298  276  260  252  245  236  223  209  202  199  195  188  178  166
  152  141  133  122  113  105   96   87   78
     7.5-180.0 180.0   5.0 450.0                            LAT/LON1/LON2/DLON/H
   79   72   67   63   60   58   57   57   55   53   53   61   76   95  114  129
  143  157  169  180  191  201  213  229  247  267  289  309  325  335  346  361
  377  388  393  392  388  383  376  369  360  349  336  327  323  323  325  325
  317  300  279  255  237  231  228  227  221  212  206  205  204  200  191  179
  164  150  141  129  119  109   99   90   79
     5.0-180.0 180.0   5.0 450.0                            LAT/LON1/LON2/DLON/H
   81   73   68   64   60   57   56   55   54   52   54   62   77   97  117  136
  151  167  179  190  200  211  225  242  261  282  304  324  338  344  351  363
  377  387  390  391  390  388  384  377  365  349  331  319  311  310  311  311
  304  290  271  248  229  223  225  229  227  221  216  212  211  208  200  187
  172  158  147  134  124  113  102   91   81
     2.5-180.0 180.0   5.0 450.0                            LAT/LON1/LON2/DLON/H
   83   75   70   65   61   56   54   53   51   50   53   61   77   98  121  141
  160  176  190  201  211  223  238  256  275  296  317  337  348  352  355  364
  374  382  385  387  389  389  387  380  366  344  323  307  298  295  297  297
  294  283  268  249  233  227  232  239  240  234  226  218  214  211  203  190
  175  160  149  136  126  115  105   94   83
