ionex_files/bejaia/igsg0690.21i
     1.0            IONOSPHERE MAPS     MIX                 IONEX VERSION / TYPE
cmpcmb v1.2          GRL/UWM             1-apr-21 07:53     PGM / RUN BY / DATE 
ionex file containing IGS COMBINED Ionosphere maps          COMMENT             
global ionosphere maps for day 069, 2021                    DESCRIPTION         
IONEX file containing the COMBINED IGS TEC MAPS and DCBs    DESCRIPTION         
      IONEX files of the following IAACs were combined: cod DESCRIPTION         
                                                        esa DESCRIPTION         
                                                        jpl DESCRIPTION         
                                                        upc DESCRIPTION         
Contact address: Andrzej Krankowski                         DESCRIPTION
                 Geodynamics Research Laboratory            DESCRIPTION
                 University of Warmia and Mazury (GRL/UWM)  DESCRIPTION
                 Oczapowski St. 1                           DESCRIPTION
                 10-957-Olsztyn, POLAND                     DESCRIPTION
                 e-mail:  kand@uwm.edu.pl                   DESCRIPTION
                                                            DESCRIPTION         
  2021     3    10     0     0     0                        EPOCH OF FIRST MAP  
  2021     3    11     0     0     0                        EPOCH OF LAST MAP   
  7200                                                      INTERVAL            
    13                                                      # OF MAPS IN FILE   
  COSZ                                                      MAPPING FUNCTION    
     0.0                                                    ELEVATION CUTOFF    
combined TEC calculated as weighted mean of input TEC valuesOBSERVABLES USED    
   377                                                      # OF STATIONS       
    32                                                      # OF SATELLITES     
  6371.0                                                    BASE RADIUS         
     2                                                      MAP DIMENSION       
   450.0 450.0   0.0                                        HGT1 / HGT2 / DHGT  
    87.5 -87.5  -2.5                                        LAT1 / LAT2 / DLAT  
  -180.0 180.0   5.0                                        LON1 / LON2 / DLON  
    -1                                                      EXPONENT            
TEC values in 0.1 tec units;  9999, if no value available   COMMENT             
DCB values in nanoseconds, reference is Sum_of_SatDCBs = 0  COMMENT             
                                                            END OF HEADER       
[from data line 2574]
     7                                                      START OF TEC MAP    
  2021     3    10    12     0     0                        EPOCH OF CURRENT MAP
    87.5-180.0 180.0   5.0 450.0                            LAT/LON1/LON2/DLON/H
   56   56   57   57   56   56   56   57   57   57   57   58   57   58   59   59
   59   59   60   60   60   60   60   60   60   60   61   61   61   61   61   61
   61   62   62   62   62   62   61   61   61   62   61   61   61   60   60   60
   59   59   59   58   58   57   57   57   56   56   57   57   56   57   57   56
   57   56   56   57   56   56   56   55   56
    85.0-180.0 180.0   5.0 450.0                            LAT/LON1/LON2/DLON/H
   47   47   48   47   48   49   49   51   52   52   53   53   54   55   56   56
   57   57   58   59   59   59   60   60   60   61   61   61   61   62   62   62
   62   63   63   63   63   63   63   62   62   62   62   61   60   60   59   59
   58   57   57   56   55   55   54   53   53   52   51   51   51   51   51   50
   51   50   50   50   49   48   48   47   47
    82.5-180.0 180.0   5.0 450.0                            LAT/LON1/LON2/DLON/H
   39   39   40   41   43   44   45   46   48   49   50   51   52   53   54   55
   56   56   57   57   57   58   59   59   59   60   60   61   61   61   62   62
   62   63   63   63   63   63   63   63   62   62   62   61   60   59   58   58
   57   56   55   54   53   52   51   50   49   47   47   46   45   45   44   44
   43   42   42   41   40   39   38   38   39
    80.0-180.0 180.0   5.0 450.0                            LAT/LON1/LON2/DLON/H
   30   31   32   34   35   37   38   39   41   42   44   45   47   49   51   52
   54   55   56   56   57   57   57   58   59   59   59   60   60   61   61   62
   62   63   63   63   64   64   63   63   62   62   61   60   59   59   58   56
   55   54   54   53   51   50   49   48   47   45   43   42   41   39   38   37
   36   34   33   32   30   30   29   30   30
    77.5-180.0 180.0   5.0 450.0                            LAT/LON1/LON2/DLON/H
   23   23   25   26   28   30   32   33   36   38   40   42   44   47   48   50
   51   52   53   54   54   55   55   56   56   57   58   59   59   60   61   62
   63   64   64   65   65   65   64   64   63   63   62   61   60   59   58   57
   55   55   54   53   52   51   50   48   46   45   43   41   39   36   34   32
   30   27   26   24   23   22   22   22   23
    75.0-180.0 180.0   5.0 450.0                            LAT/LON1/LON2/DLON/H
   16   17   18   20   22   25   27   29   31   33   36   38   40   42   43   44
   46   48   49   51   52   53   54   55   56   56   57   58   60   61   62   63
   64   65   66   66   67   67   67   66   65   65   64   63   61   60   59   58
   57   56   56   55   54   53   51   50   49   46   43   40   38   35   32   29
   26   24   22   19   18   17   16   16   16
    72.5-180.0 180.0   5.0 450.0                            LAT/LON1/LON2/DLON/H
   13   13   14   16   18   20   22   24   25   28   30   32   33   35   37   39
   40   42   45   47   49   51   53   54   56   57   58   59   60   61   62   63
   64   66   67   68   68   69   68   68   67   66   66   65   63   62   61   61
   60   59   59   58   57   56   55   53   51   48   44   41   38   35   32   28
   25   22   20   17   15   14   13   13   13
    70.0-180.0 180.0   5.0 450.0                            LAT/LON1/LON2/DLON/H
   11   11   11   12   14   16   18   19   22   23   25   26   28   30   31   33
   36   38   41   44   47   50   52   54   56   58   59   60   60   61   62   63
   65   66   67   69   69   70   70   69   68   68   67   66   66   65   65   64
   63   63   62   62   61   60   58   56   53   50   46   42   39   35   32   29
   26   22   20   17   15   13   12   11   11
    67.5-180.0 180.0   5.0 450.0                            LAT/LON1/LON2/DLON/H
   11   11   11   11   12   14   15   17   18   20   21   23   23   25   27   29
   32   34   38   42   46   49   52   54   57   59   60   61   61   62   63   63
   65   66   68   69   70   70   70   70   69   69   69   69   68   68   68   67
   67   66   65   64   63   62   60   57   54   50   46   42   38   35   31   29
   26   24   22   19   17   15   13   12   11
    65.0-180.0 180.0   5.0 450.0                            LAT/LON1/LON2/DLON/H
   13   12   12   12   13   14   14   16   17   17   18   19   19   21   23   25
   27   30   35   39   43   48   52   55   57   60   61   62   62   63   63   63
   64   66   68   69   70   70   70   70   71   71   71   71   71   71   71   69
   69   68   67   66   65   63   61   58   54   49   45   40   36   33   30   28
   27   25   24   23   21   19   16   14   13
    62.5-180.0 180.0   5.0 450.0                            LAT/LON1/LON2/DLON/H
   17   16   15   15   15   15   15   16   16   15   16   16   17   18   19   21
   23   26   30   35   41   46   51   54   58   60   62   63   64   64   64   65
   66   67   68   70   71   71   71   71   72   73   73   74   74   74   73   72
   71   69   68   66   65   63   60   56   51   47   42   38   35   32   30   28
   27   26   26   26   24   23   21   19   17
    60.0-180.0 180.0   5.0 450.0                            LAT/LON1/LON2/DLON/H
   23   20   19   19   18   18   17   17   16   16   16   16   16   16   17   17
   19   22   26   32   38   44   50   54   58   61   63   65   65   66   67   68
   69   70   71   72   72   72   72   73   75   76   77   77   77   77   76   74
   73   71   69   67   65   62   59   55   50   46   41   37   34   32   30   29
   28   28   29   29   29   28   27   24   23
    57.5-180.0 180.0   5.0 450.0                            LAT/LON1/LON2/DLON/H
   29   26   24   24   23   22   21   20   19   18   17   17   16   16   16   16
   17   20   24   30   36   42   48   53   58   61   65   67   68   70   71   72
   74   76   76   76   76   76   76   78   80   80   81   82   82   80   79   77
   76   74   72   69   67   64   60   56   51   46   42   39   36   35   32   31
   31   31   33   34   35   34   33   31   29
    55.0-180.0 180.0   5.0 450.0                            LAT/LON1/LON2/DLON/H
   36   34   32   31   29   27   25   24   22   22   21   20   19   18   17   16
   17   19   24   29   35   42   48   54   58   63   67   70   72   75   77   79
   81   83   83   83   81   82   83   84   86   87   88   88   87   85   84   82
   81   79   76   74   70   68   64   59   54   50   47   45   42   40   38   37
   36   36   38   39   41   40   40   38   36
    52.5-180.0 180.0   5.0 450.0                            LAT/LON1/LON2/DLON/H
   44   42   40   39   38   35   33   30   28   27   26   25   23   21   20   19
   19   21   25   31   38   44   50   55   61   66   70   74   77   80   84   87
   88   90   90   89   89   89   90   92   93   95   96   96   94   92   91   89
   86   85   83   80   77   73   70   65   60   57   54   52   51   49   47   44
   43   42   44   46   48   47   46   46   44
    50.0-180.0 180.0   5.0 450.0                            LAT/LON1/LON2/DLON/H
   52   51   50   49   47   45   42   39   36   35   34   32   31   28   25   24
   23   25   29   36   43   49   55   60   65   70   75   79   84   87   91   94
   96   97   97   97   97   97   98  101  102  104  104  103  102  100   99   97
   95   93   91   89   85   80   76   72   68   65   62   61   60   59   57   54
   51   50   51   53   54   54   53   53   52
    47.5-180.0 180.0   5.0 450.0                            LAT/LON1/LON2/DLON/H
   60   60   59   59   58   55   52   49   45   44   43   42   40   36   33   30
   30   32   36   43   50   56   62   66   72   76   80   85   89   93   96   99
  101  102  103  104  104  105  106  109  111  112  112  110  109  107  105  104
  103  102  100   98   93   89   85   80   77   74   70   69   68   67   65   62
   59   57   57   57   58   59   60   60   60
    45.0-180.0 180.0   5.0 450.0                            LAT/LON1/LON2/DLON/H
   66   66   67   67   67   65   63   59   56   54   53   51   49   46   41   38
   37   39   44   51   58   65   71   75   79   83   87   91   94   97   99  102
  104  106  107  108  110  112  114  117  119  119  118  116  114  112  111  112
  111  112  110  108  103   99   94   89   84   80   77   75   74   73   71   68
   65   63   62   62   63   64   66   66   66
    42.5-180.0 180.0   5.0 450.0                            LAT/LON1/LON2/DLON/H
   70   71   72   74   75   74   71   68   65   64   63   62   59   55   50   47
   45   46   51   58   66   73   80   84   87   90   94   96   99  100  101  102
  105  107  109  111  115  118  121  124  125  125  123  121  119  118  118  120
  121  121  120  117  113  109  103   95   89   84   80   78   77   76   74   71
   68   65   64   65   67   68   69   70   70
    40.0-180.0 180.0   5.0 450.0                            LAT/LON1/LON2/DLON/H
   72   73   75   77   79   79   77   75   73   73   73   71   69   64   59   55
   52   53   58   65   73   80   87   92   95   97   99  101  102  102  101  103
  106  108  111  116  121  125  128  131  132  132  130  128  127  126  126  127
  129  130  128  125  121  116  109  101   93   86   80   77   75   74   73   71
   68   66   65   66   67   69   71   71   72
    37.5-180.0 180.0   5.0 450.0                            LAT/LON1/LON2/DLON/H
   72   73   74   77   79   80   80   80   79   79   80   79   77   73   68   63
   59   59   63   70   78   85   92   98  101  103  104  106  106  105  104  105
  108  111  116  122  129  134  138  140  143  144  144  140  136  134  134  135
  136  137  134  131  127  122  115  105   95   87   80   75   73   71   70   68
   67   64   64   65   66   68   69   71   72
    35.0-180.0 180.0   5.0 450.0                            LAT/LON1/LON2/DLON/H
   68   69   71   73   76   78   80   80   81   82   84   85   84   81   75   69
   65   64   66   73   81   89   97  103  106  108  109  110  110  109  109  110
  114  118  125  133  141  148  152  156  159  163  163  159  151  145  144  143
  144  143  140  137  132  128  121  111  101   90   81   76   72   70   67   66
   64   63   63   63   64   65   67   68   68
    32.5-180.0 180.0   5.0 450.0                            LAT/LON1/LON2/DLON/H
   64   65   66   68   70   73   75   77   79   82   85   88   88   85   80   74
   69   67   68   74   82   91   99  105  109  111  114  115  116  116  117  119
  125  131  140  150  159  167  173  177  183  185  187  183  171  162  159  155
  153  152  148  145  140  137  130  121  110   98   88   82   78   74   70   67
   64   64   63   64   64   64   64   64   64
    30.0-180.0 180.0   5.0 450.0                            LAT/LON1/LON2/DLON/H
   60   60   61   61   63   66   69   71   73   77   81   85   87   85   82   76
   72   68   69   75   83   93  101  106  110  114  117  120  123  125  129  134
  142  151  160  172  183  190  197  204  210  217  216  210  197  188  180  172
  168  165  161  157  152  149  143  136  125  113  103   96   90   84   78   72
   69   68   68   67   65   63   62   61   60
    27.5-180.0 180.0   5.0 450.0                            LAT/LON1/LON2/DLON/H
   58   57   55   55   56   58   61   64   67   71   76   81   82   82   80   76
   72   69   69   75   85   94  102  107  111  116  120  125  131  137  144  154
  165  177  188  200  212  219  228  236  243  251  248  241  228  218  208  198
  189  184  179  174  169  167  161  153  143  133  123  116  109  102   92   84
   79   77   77   74   71   66   62   60   58
    25.0-180.0 180.0   5.0 450.0                            LAT/LON1/LON2/DLON/H
   57   56   53   51   50   51   54   56   60   63   69   73   77   77   76   73
   70   68   69   76   86   96  103  108  113  118  124  131  139  150  162  177
  193  210  220  233  248  257  262  270  274  283  283  276  265  249  237  222
  212  206  200  193  190  186  182  174  165  157  149  142  135  125  111  100
   93   90   88   85   79   72   65   61   57
    22.5-180.0 180.0   5.0 450.0                            LAT/LON1/LON2/DLON/H
   60   57   53   49   47   47   48   51   54   57   60   65   69   71   71   69
   67   66   69   77   87   98  105  110  114  120  127  137  149  163  181  200
  226  246  256  265  277  283  292  300  303  309  317  312  299  280  262  245
  233  226  220  213  211  207  204  197  188  181  177  171  163  152  135  120
  109  105  101   96   89   80   71   65   60
    20.0-180.0 180.0   5.0 450.0                            LAT/LON1/LON2/DLON/H
   65   61   55   49   47   46   46   48   50   52   54   57   61   64   64   64
   63   64   68   78   89  100  107  112  116  122  131  143  158  176  199  223
  252  274  283  286  291  294  306  316  320  327  335  336  325  304  282  264
  252  245  236  231  230  229  225  218  211  207  203  198  190  175  158  142
  127  119  113  107   98   89   79   71   65
    17.5-180.0 180.0   5.0 450.0                            LAT/LON1/LON2/DLON/H
   72   65   58   52   48   47   47   48   49   49   49   51   54   56   57   58
   59   62   68   78   91  102  109  114  118  124  135  148  166  189  215  243
  273  294  298  294  293  296  305  318  327  336  342  344  337  318  296  279
  270  263  253  247  246  247  245  237  232  230  226  220  211  199  180  163
  145  132  123  116  108   98   88   78   72
    15.0-180.0 180.0   5.0 450.0                            LAT/LON1/LON2/DLON/H
   79   71   63   56   50   48   48   48   49   47   46   47   49   50   52   53
   55   59   66   77   91  103  111  115  120  128  139  154  175  200  227  255
  282  298  299  293  290  293  302  312  321  332  339  343  336  321  303  291
  287  280  272  265  261  262  261  254  248  246  242  233  223  212  195  174
  158  144  132  124  116  107   97   87   79
    12.5-180.0 180.0   5.0 450.0                            LAT/LON1/LON2/DLON/H
   87   76   67   59   54   51   49   49   49   48   46   46   47   48   49   50
   52   57   65   77   91  104  112  117  123  133  145  162  185  209  236  261
  283  294  293  287  284  287  295  303  312  324  332  335  331  319  308  300
  299  295  287  279  274  274  273  266  258  252  246  234  222  210  196  179
  163  148  137  129  123  116  106   96   87
    10.0-180.0 180.0   5.0 450.0                            LAT/LON1/LON2/DLON/H
   93   81   72   64   58   54   52   51   50   48   47   47   47   47   48   49
   51   55   64   77   92  105  114  121  128  139  153  171  191  216  239  260
  278  286  286  281  278  283  290  298  307  317  324  328  325  318  312  309
  310  308  300  291  285  284  282  273  261  250  238  225  212  200  188  176
  162  148  137  131  128  123  114  103   93
     7.5-180.0 180.0   5.0 450.0                            LAT/LON1/LON2/DLON/H
   98   85   75   68   62   58   55   53   51   50   49   48   48   48   49   49
   51   55   63   77   92  106  116  125  134  146  162  180  199  220  240  258
  272  279  279  277  279  283  291  301  309  317  322  325  324  321  320  321
  323  321  313  303  295  290  285  274  259  243  228  213  199  187  178  172
  159  146  137  132  130  126  119  108   98
     5.0-180.0 180.0   5.0 450.0                            LAT/LON1/LON2/DLON/H
  101   87   78   71   65   61   57   54   52   51   50   50   50   49   50   50
   51   55   62   77   93  107  119  129  139  153  170  188  207  224  240  255
  267  276  279  281  286  292  301  309  317  322  327  330  330  331  335  338
  339  335  325  312  301  294  285  272  254  236  218  203  189  178  172  166
  156  144  136  132  130  129  123  111  101
     2.5-180.0 180.0   5.0 450.0                            LAT/LON1/LON2/DLON/H
  103   89   80   72   67   63   59   56   53   52   51   51   51   51   50   51
   52   56   63   77   94  109  122  133  146  161  179  197  213  228  242  255
  266  277  285  292  300  309  318  325  331  335  339  342  343  350  356  359
  355  347  334  318  304  293  282  268  250  231  213  197  184  175  169  165
  155  144  135  131  130  128  123  113  103
