ionex_files/bejaia/igsg0770.21i
     1.0            IONOSPHERE MAPS     MIX                 IONEX VERSION / TYPE
cmpcmb v1.2          GRL/UWM             1-apr-21 10:18     PGM / RUN BY / DATE 
ionex file containing IGS COMBINED Ionosphere maps          COMMENT             
global ionosphere maps for day 077, 2021                    DESCRIPTION         
IONEX file containing the COMBINED IGS TEC MAPS and DCBs    DESCRIPTION         
      IONEX files of the following IAACs were combined: cod DESCRIPTION         
                                                        esa DESCRIPTION         
                                                        jpl DESCRIPTION         
                                                        upc DESCRIPTION         
Contact address: Andrzej Krankowski                         DESCRIPTION
                 Geodynamics Research Laboratory            DESCRIPTION
                 University of Warmia and Mazury (GRL/UWM)  DESCRIPTION
                 Oczapowski St. 1                           DESCRIPTION
                 10-957-Olsztyn, POLAND                     DESCRIPTION
                 e-mail:  kand@uwm.edu.pl                   DESCRIPTION
                                                            DESCRIPTION         
  2021     3    18     0     0     0                        EPOCH OF FIRST MAP  
  2021     3    19     0     0     0                        EPOCH OF LAST MAP   
  7200                                                      INTERVAL            
    13                                                      # OF MAPS IN FILE   
  COSZ                                                      MAPPING FUNCTION    
     0.0                                                    ELEVATION CUTOFF    
combined TEC calculated as weighted mean of input TEC valuesOBSERVABLES USED    
   372                                                      # OF STATIONS       
    32                                                      # OF SATELLITES     
  6371.0                                                    BASE RADIUS         
     2                                                      MAP DIMENSION       
   450.0 450.0   0.0                                        HGT1 / HGT2 / DHGT  
    87.5 -87.5  -2.5                                        LAT1 / LAT2 / DLAT  
  -180.0 180.0   5.0                                        LON1 / LON2 / DLON  
    -1                                                      EXPONENT            
TEC values in 0.1 tec units;  9999, if no value available   COMMENT             
DCB values in nanoseconds, reference is Sum_of_SatDCBs = 0  COMMENT             
                                                            END OF HEADER       
[from data line 4290]
    11                                                      START OF TEC MAP    
  2021     3    18    20     0     0                        EPOCH OF CURRENT MAP
    87.5-180.0 180.0   5.0 450.0                            LAT/LON1/LON2/DLON/H
   49   49   50   51   51   52   53   53   54   55   55   56   57   57   58   58
   58   58   58   58   59   59   58   59   58   58   58   57   56   56   55   54
   53   53   52   51   51   50   50   49   48   47   47   47   46   46   45   45
   45   44   44   43   43   43   43   43   43   43   43   43   44   44   44   44
   45   45   45   46   46   47   47   48   49
    85.0-180.0 180.0   5.0 450.0                            LAT/LON1/LON2/DLON/H
   49   50   51   53   54   56   57   58   59   61   62   63   65   66   67   67
   68   69   70   70   70   70   70   69   68   66   65   63   62   61   59   58
   57   55   54   52   51   50   49   48   47   46   45   44   44   43   42   41
   41   40   40   39   39   39   39   38   38   38   38   38   38   39   40   40
   41   41   42   43   44   45   46   47   49
    82.5-180.0 180.0   5.0 450.0                            LAT/LON1/LON2/DLON/H
   50   52   53   55   57   58   60   62   65   66   68   70   72   74   76   77
   78   79   80   80   80   80   79   77   76   74   72   70   68   65   63   61
   58   56   54   53   51   49   48   47   46   45   44   43   42   42   41   40
   40   39   38   37   37   36   36   35   35   35   35   35   36   36   36   37
   38   39   40   41   43   44   46   48   50
    80.0-180.0 180.0   5.0 450.0                            LAT/LON1/LON2/DLON/H
   50   52   54   56   58   60   62   65   67   70   73   75   78   81   83   85
   87   88   89   89   89   88   87   85   83   80   78   74   70   67   64   60
   57   55   53   51   49   47   46   45   45   44   43   42   41   41   40   39
   39   37   36   36   34   34   33   33   33   32   32   32   33   33   34   35
   36   37   39   40   42   44   47   48   50
    77.5-180.0 180.0   5.0 450.0                            LAT/LON1/LON2/DLON/H
   51   53   56   58   60   62   65   67   70   73   76   79   82   84   87   89
   91   93   95   96   95   96   94   91   89   85   82   77   72   67   63   59
   56   52   50   48   46   44   44   43   42   42   41   41   40   39   38   38
   37   36   34   33   33   31   31   30   30   30   29   29   30   30   31   32
   34   36   38   40   42   44   47   49   51
    75.0-180.0 180.0   5.0 450.0                            LAT/LON1/LON2/DLON/H
   53   55   58   60   62   64   67   69   72   75   78   81   84   87   89   92
   95   97   98   99  100   99   98   95   91   87   83   77   72   68   62   58
   53   50   47   44   42   42   41   41   40   39   39   38   37   36   35   35
   34   33   32   31   30   29   28   28   27   26   26   26   26   27   28   29
   31   33   36   39   42   45   47   50   53
    72.5-180.0 180.0   5.0 450.0                            LAT/LON1/LON2/DLON/H
   55   58   60   63   64   67   69   71   74   77   80   83   85   88   91   94
   96   98   99  101  101  100   99   96   93   88   84   78   72   66   62   57
   52   48   45   43   40   39   38   37   36   36   35   34   33   32   31   30
   29   29   28   27   26   25   25   24   24   23   23   22   23   23   24   26
   29   31   35   38   41   45   48   52   55
    70.0-180.0 180.0   5.0 450.0                            LAT/LON1/LON2/DLON/H
   57   61   63   65   67   70   72   74   76   79   82   85   87   89   92   95
   97   98   99  100  100  100   98   96   93   89   84   79   73   67   62   57
   52   49   46   43   41   38   36   35   34   32   31   30   28   27   26   25
   24   24   23   23   22   21   21   21   20   20   20   20   20   20   22   24
   26   29   33   37   41   46   50   54   57
    67.5-180.0 180.0   5.0 450.0                            LAT/LON1/LON2/DLON/H
   60   64   67   69   71   73   75   77   79   82   84   87   88   91   93   95
   97   97   98   98   99   99   97   95   93   89   85   79   74   69   64   59
   55   52   48   44   41   38   36   34   32   30   28   26   25   24   22   21
   21   20   20   19   19   18   18   18   18   18   18   18   19   19   21   22
   24   27   31   36   41   46   51   56   60
    65.0-180.0 180.0   5.0 450.0                            LAT/LON1/LON2/DLON/H
   64   68   71   73   76   77   79   81   83   85   87   89   91   93   95   96
   97   98   98   98   98   98   97   95   93   91   87   83   78   73   68   64
   60   55   51   47   43   39   36   33   30   28   27   25   24   22   21   20
   19   19   19   18   17   17   18   18   18   18   18   19   19   20   21   22
   25   27   31   36   41   47   53   59   64
    62.5-180.0 180.0   5.0 450.0                            LAT/LON1/LON2/DLON/H
   67   72   75   78   80   82   83   85   86   89   90   92   94   95   97   97
   98   98   98   99   99   99   98   97   95   93   91   87   83   79   74   69
   65   60   54   50   45   41   37   33   31   28   27   26   25   24   23   22
   21   20   20   19   19   19   19   19   20   21   21   22   23   24   25   25
   27   29   32   36   42   48   55   62   67
    60.0-180.0 180.0   5.0 450.0                            LAT/LON1/LON2/DLON/H
   71   76   80   83   85   87   88   89   91   92   94   96   97   98   99  100
  100  101  101  101  101  101  101  100   98   96   94   91   87   84   79   74
   69   63   58   52   47   42   38   35   33   31   30   30   29   28   28   27
   26   25   25   24   23   24   23   24   24   26   27   28   29   30   31   31
   32   33   35   39   44   51   58   64   71
    57.5-180.0 180.0   5.0 450.0                            LAT/LON1/LON2/DLON/H
   75   81   85   88   90   92   92   94   95   96   97   99  100  101  102  103
  103  103  103  103  103  103  102  102  100   99   97   95   91   88   84   79
   73   66   60   54   49   44   40   37   36   35   36   36   36   36   35   34
   33   32   32   31   30   30   30   30   31   32   33   35   37   38   38   37
   37   38   40   43   49   55   61   68   75
    55.0-180.0 180.0   5.0 450.0                            LAT/LON1/LON2/DLON/H
   79   85   90   94   96   97   98   99   99  100  101  102  102  104  105  106
  106  107  106  105  105  105  104  104  103  101  100   98   96   92   87   82
   76   69   63   57   51   46   43   42   41   42   43   44   44   45   44   43
   43   41   40   39   38   39   38   38   38   40   41   43   44   46   45   44
   43   43   46   48   53   58   65   71   79
    52.5-180.0 180.0   5.0 450.0                            LAT/LON1/LON2/DLON/H
   83   90   95   99  102  104  104  105  105  105  105  106  106  107  108  109
  109  109  108  107  107  106  106  105  105  104  103  102   99   96   91   85
   80   72   66   60   54   51   48   48   48   49   51   52   53   53   53   52
   51   51   50   48   48   47   46   46   46   46   48   49   52   53   52   51
   50   50   52   55   58   63   70   76   83
    50.0-180.0 180.0   5.0 450.0                            LAT/LON1/LON2/DLON/H
   87   94  100  104  108  110  111  112  111  111  111  110  111  110  111  112
  112  111  109  108  108  108  107  107  108  108  107  106  103  100   95   89
   83   76   70   64   58   56   55   55   56   57   58   61   61   62   61   59
   59   59   59   57   57   56   54   53   52   52   53   55   56   58   58   57
   55   55   56   59   63   68   74   80   87
    47.5-180.0 180.0   5.0 450.0                            LAT/LON1/LON2/DLON/H
   90   97  103  108  112  115  117  119  119  118  117  117  116  116  116  115
  114  112  110  109  109  110  111  111  112  113  112  111  108  105   99   93
   87   80   74   68   64   62   61   62   63   64   65   67   68   68   67   67
   67   66   67   67   65   64   62   60   58   57   57   58   60   61   62   61
   60   59   59   62   66   72   78   84   90
    45.0-180.0 180.0   5.0 450.0                            LAT/LON1/LON2/DLON/H
   93   99  105  110  115  119  122  124  125  125  125  124  124  123  122  120
  117  115  112  112  112  114  116  117  119  119  118  117  114  109  103   98
   91   84   78   73   69   68   68   68   69   70   71   72   73   73   73   73
   74   74   75   74   73   71   69   65   62   61   60   61   63   64   64   64
   63   61   62   64   68   74   81   87   93
    42.5-180.0 180.0   5.0 450.0                            LAT/LON1/LON2/DLON/H
   96  101  107  113  118  122  126  129  130  132  132  132  133  132  130  126
  122  119  117  116  117  120  122  124  125  125  125  123  119  114  108  102
   96   89   83   78   75   73   73   73   73   74   75   76   77   78   79   79
   80   81   82   82   80   77   74   70   66   64   63   63   64   65   66   66
   64   63   63   66   71   77   83   90   96
    40.0-180.0 180.0   5.0 450.0                            LAT/LON1/LON2/DLON/H
   99  104  109  115  120  124  128  132  135  137  138  139  140  140  138  134
  129  124  122  122  124  127  130  132  132  132  131  128  124  119  113  107
  101   94   88   83   79   77   76   75   75   76   77   79   81   83   84   84
   85   86   86   86   84   82   78   74   70   67   65   64   65   66   66   66
   64   63   65   69   74   80   87   93   99
    37.5-180.0 180.0   5.0 450.0                            LAT/LON1/LON2/DLON/H
  103  108  112  117  122  126  130  134  137  139  142  144  147  148  147  143
  137  132  129  130  132  135  138  139  139  137  136  133  129  124  118  112
  105   99   93   87   83   80   78   77   77   78   79   83   85   87   88   88
   88   88   88   87   85   83   80   76   73   70   67   66   66   66   66   65
   64   63   66   70   77   84   91   98  103
    35.0-180.0 180.0   5.0 450.0                            LAT/LON1/LON2/DLON/H
  109  113  117  120  124  128  132  134  138  140  143  146  151  154  155  152
  146  140  137  137  140  143  144  144  143  141  139  137  133  128  123  116
  109  103   96   90   85   82   80   78   78   79   81   85   88   91   91   90
   89   88   87   86   83   82   79   77   74   71   68   66   65   65   65   65
   64   63   66   72   80   88   96  104  109
    32.5-180.0 180.0   5.0 450.0                            LAT/LON1/LON2/DLON/H
  114  118  121  125  128  132  135  137  138  140  143  147  153  159  161  159
  153  148  145  145  146  148  148  147  145  143  141  140  138  134  129  122
  116  108  100   93   87   83   80   78   78   78   81   86   90   93   92   89
   87   85   84   82   81   79   79   78   76   72   68   65   64   63   64   63
   63   63   67   74   82   91  100  108  114
    30.0-180.0 180.0   5.0 450.0                            LAT/LON1/LON2/DLON/H
  119  124  127  130  134  137  140  142  142  142  143  148  154  161  165  164
  158  153  150  150  150  150  148  146  144  144  145  146  146  143  138  131
  125  117  107   97   90   85   80   78   78   79   81   86   90   92   89   85
   83   81   80   78   78   78   78   79   78   74   69   65   63   62   62   62
   61   62   67   76   85   94  104  113  119
    27.5-180.0 180.0   5.0 450.0                            LAT/LON1/LON2/DLON/H
  125  130  134  137  142  146  149  151  151  149  149  151  157  163  167  167
  163  158  154  154  152  150  146  144  145  147  152  157  158  156  151  144
  137  126  115  104   95   88   82   79   78   79   80   85   88   88   85   80
   78   76   75   75   75   76   79   80   79   76   70   65   62   61   61   60
   59   61   66   76   87   98  108  117  125
    25.0-180.0 180.0   5.0 450.0                            LAT/LON1/LON2/DLON/H
  129  137  142  147  152  158  162  166  166  163  161  160  163  168  170  169
  165  160  157  156  154  150  147  146  150  156  165  172  175  174  169  160
  150  138  125  112  101   92   85   82   81   79   81   84   86   84   80   75
   72   71   70   71   73   76   79   81   80   77   72   65   62   61   60   59
   58   59   65   76   89  101  112  121  129
    22.5-180.0 180.0   5.0 450.0                            LAT/LON1/LON2/DLON/H
  133  142  150  157  164  172  181  186  188  185  181  178  177  178  177  173
  169  164  160  159  156  153  150  153  161  173  185  195  199  198  190  179
  167  152  136  122  110   99   90   86   84   82   83   84   84   82   77   72
   69   67   67   70   73   77   80   82   81   77   71   66   62   61   59   57
   56   58   64   76   90  104  115  125  133
    20.0-180.0 180.0   5.0 450.0                            LAT/LON1/LON2/DLON/H
  138  147  158  168  178  189  201  210  214  215  209  202  199  194  190  183
  176  171  167  165  162  158  160  169  182  199  213  223  226  224  215  202
  185  167  149  133  120  108   99   94   91   88   87   87   85   82   77   72
   69   67   68   71   74   78   82   83   80   76   70   65   62   60   57   56
   54   57   64   76   91  105  117  128  138
    17.5-180.0 180.0   5.0 450.0                            LAT/LON1/LON2/DLON/H
  142  153  166  180  192  206  221  235  245  247  241  234  227  218  208  197
  189  183  178  175  171  170  177  191  211  231  246  255  256  251  240  224
  205  183  162  144  130  119  110  105  100   95   93   92   90   86   81   77
   75   71   71   74   77   81   83   82   79   75   69   64   61   59   56   54
   53   55   63   76   92  107  121  132  142
    15.0-180.0 180.0   5.0 450.0                            LAT/LON1/LON2/DLON/H
  149  161  175  190  205  221  240  260  273  279  276  270  259  249  232  220
  208  202  197  193  189  189  200  220  243  265  279  284  282  274  262  243
  220  195  173  154  140  130  124  118  112  106  102   99   97   94   91   87
   84   80   79   80   82   84   85   82   77   73   67   64   62   59   56   52
   51   53   62   76   93  110  125  138  149
    12.5-180.0 180.0   5.0 450.0                            LAT/LON1/LON2/DLON/H
  159  172  187  202  217  234  255  278  296  305  308  304  294  283  262  248
  235  228  221  218  215  217  230  252  276  297  307  307  300  290  276  255
  229  204  181  161  148  141  136  131  125  118  113  109  107  105  103  100
   96   90   87   87   86   87   87   83   78   72   67   64   62   59   56   52
   51   53   62   77   95  113  130  144  159
    10.0-180.0 180.0   5.0 450.0                            LAT/LON1/LON2/DLON/H
  169  184  199  215  228  244  265  290  310  325  332  331  323  315  296  282
  267  259  253  250  247  250  262  284  305  321  324  318  308  297  281  258
  233  207  183  167  157  151  147  144  138  131  125  122  121  119  117  114
  109  101   95   92   90   89   89   84   78   72   68   65   63   60   56   54
   52   55   64   79   97  116  135  152  169
     7.5-180.0 180.0   5.0 450.0                            LAT/LON1/LON2/DLON/H
  179  196  213  228  240  254  272  293  315  333  345  348  343  339  325  312
  301  296  289  286  283  285  294  312  327  335  332  321  309  297  280  256
  230  204  183  169  162  159  157  155  150  143  138  136  134  134  131  125
  118  108  100   95   92   90   89   84   79   73   69   66   63   61   58   56
   55   57   66   80   99  119  139  159  179
     5.0-180.0 180.0   5.0 450.0                            LAT/LON1/LON2/DLON/H
  185  206  224  240  252  263  275  292  310  328  343  350  353  352  347  338
  332  329  325  322  318  317  322  333  341  342  332  317  304  292  274  249
  223  199  181  170  166  165  165  164  159  154  148  145  144  144  140  131
  122  109  100   94   92   89   87   83   79   74   70   66   64   62   60   58
   57   60   68   82  100  121  142  164  185
     2.5-180.0 180.0   5.0 450.0                            LAT/LON1/LON2/DLON/H
  189  211  233  251  263  272  279  289  301  317  333  344  351  355  356  355
  353  354  353  353  348  344  345  349  349  344  329  312  299  283  266  240
  215  194  178  171  168  169  170  169  166  161  155  150  148  146  139  129
  119  105   97   92   89   87   85   81   77   73   69   66   64   63   62   61
   60   63   70   84  101  121  142  165  189
