ionex_files/bejaia/igsg0780.21i
     1.0            IONOSPHERE MAPS     MIX                 IONEX VERSION / TYPE
cmpcmb v1.2          GRL/UWM             1-apr-21 10:24     PGM / RUN BY / DATE 
ionex file containing IGS COMBINED Ionosphere maps          COMMENT             
global ionosphere maps for day 078, 2021                    DESCRIPTION         
IONEX file containing the COMBINED IGS TEC MAPS and DCBs    DESCRIPTION         
      IONEX files of the following IAACs were combined: cod DESCRIPTION         
                                                        esa DESCRIPTION         
                                                        jpl DESCRIPTION         
                                                        upc DESCRIPTION         
Contact address: Andrzej Krankowski                         DESCRIPTION
                 Geodynamics Research Laboratory            DESCRIPTION
                 University of Warmia and Mazury (GRL/UWM)  DESCRIPTION
                 Oczapowski St. 1                           DESCRIPTION
                 10-957-Olsztyn, POLAND                     DESCRIPTION
                 e-mail:  kand@uwm.edu.pl                   DESCRIPTION
                                                            DESCRIPTION         
  2021     3    19     0     0     0                        EPOCH OF FIRST MAP  
  2021     3    20     0     0     0                        EPOCH OF LAST MAP   
  7200                                                      INTERVAL            
    13                                                      # OF MAPS IN FILE   
  COSZ                                                      MAPPING FUNCTION    
     0.0                                                    ELEVATION CUTOFF    
combined TEC calculated as weighted mean of input TEC valuesOBSERVABLES USED    
   369                                                      # OF STATIONS       
    32                                                      # OF SATELLITES     
  6371.0                                                    BASE RADIUS         
     2                                                      MAP DIMENSION       
   450.0 450.0   0.0                                        HGT1 / HGT2 / DHGT  
    87.5 -87.5  -2.5                                        LAT1 / LAT2 / DLAT  
  -180.0 180.0   5.0                                        LON1 / LON2 / DLON  
    -1                                                      EXPONENT            
TEC values in 0.1 tec units;  9999, if no value available   COMMENT             
DCB values in nanoseconds, reference is Sum_of_SatDCBs = 0  COMMENT             
                                                            END OF HEADER       
[from data line 1716]
     5                                                      START OF TEC MAP    
  2021     3    19     8     0     0                        EPOCH OF CURRENT MAP
    87.5-180.0 180.0   5.0 450.0                            LAT/LON1/LON2/DLON/H
   63   63   64   64   64   64   64   65   65   64   65   65   65   64   64   64
   64   63   63   63   62   62   62   62   61   61   61   61   62   62   62   62
   63   63   63   64   64   64   64   64   65   65   65   66   66   66   66   66
   65   65   66   65   65   65   64   64   64   63   63   63   62   62   62   62
   62   62   62   63   63   63   63   63   63
    85.0-180.0 180.0   5.0 450.0                            LAT/LON1/LON2/DLON/H
   59   60   61   61   62   63   64   64   65   65   65   64   64   64   63   62
   62   60   60   59   58   58   56   56   55   55   55   56   56   56   57   58
   59   59   60   61   62   63   64   65   66   67   68   68   69   69   69   69
   69   68   68   67   67   66   65   64   63   62   61   60   59   58   58   57
   57   56   56   56   56   57   58   58   59
    82.5-180.0 180.0   5.0 450.0                            LAT/LON1/LON2/DLON/H
   53   55   56   58   60   62   63   65   65   66   65   65   64   63   61   60
   58   56   54   52   51   50   48   47   46   46   46   47   47   48   49   51
   52   54   56   58   60   62   64   66   68   69   71   71   72   73   73   73
   73   73   72   71   69   68   67   65   64   63   61   59   57   56   54   52
   51   50   49   49   50   50   51   52   53
    80.0-180.0 180.0   5.0 450.0                            LAT/LON1/LON2/DLON/H
   46   49   51   53   56   58   60   62   64   65   65   64   63   61   58   55
   52   49   47   44   42   41   39   38   38   37   38   38   40   41   43   46
   47   50   53   56   59   62   65   68   71   73   75   76   77   78   78   78
   78   78   77   75   75   73   71   70   67   65   63   61   59   56   53   50
   48   46   45   44   43   43   44   45   46
    77.5-180.0 180.0   5.0 450.0                            LAT/LON1/LON2/DLON/H
   40   42   45   48   52   56   59   61   63   64   64   62   60   57   54   50
   46   43   40   37   35   32   31   31   31   31   32   33   35   37   39   42
   45   48   52   55   59   63   67   71   74   77   80   82   83   84   83   84
   83   83   82   81   81   80   78   76   74   72   70   67   64   61   57   53
   50   47   43   41   39   38   38   39   40
    75.0-180.0 180.0   5.0 450.0                            LAT/LON1/LON2/DLON/H
   36   38   41   45   48   52   56   58   60   60   60   57   55   52   48   44
   39   35   32   30   28   27   27   26   27   28   29   31   33   35   38   41
   44   48   52   57   61   66   70   73   78   81   84   86   87   88   88   88
   88   88   87   87   88   87   86   85   83   81   79   76   73   70   66   61
   57   52   47   43   40   38   37   36   36
    72.5-180.0 180.0   5.0 450.0                            LAT/LON1/LON2/DLON/H
   36   37   39   41   45   48   52   54   56   56   55   53   50   46   42   37
   34   31   28   26   25   24   25   26   27   28   30   32   34   36   39   42
   46   50   54   58   64   68   72   77   80   84   87   89   91   92   92   92
   92   92   93   93   93   94   93   92   91   90   88   86   83   81   76   72
   67   61   56   51   46   42   39   37   36
    70.0-180.0 180.0   5.0 450.0                            LAT/LON1/LON2/DLON/H
   38   37   38   40   42   45   47   50   51   51   51   49   46   42   37   33
   30   28   25   24   24   25   25   27   29   31   32   34   37   39   41   44
   47   51   56   60   65   69   75   78   82   86   89   92   93   94   94   94
   95   95   96   97   98   98   98   98   97   96   95   94   92   90   87   83
   78   73   67   62   56   50   45   41   38
    67.5-180.0 180.0   5.0 450.0                            LAT/LON1/LON2/DLON/H
   43   40   39   39   40   42   44   45   46   47   46   44   41   37   33   31
   29   27   26   26   26   27   28   30   32   33   35   37   38   40   43   45
   48   52   56   60   64   69   74   78   83   87   90   93   94   96   96   97
   97   98   99  100  100  101  100  100  100   99   99   99   98   96   94   91
   87   83   78   73   66   60   53   48   43
    65.0-180.0 180.0   5.0 450.0                            LAT/LON1/LON2/DLON/H
   50   45   42   40   39   39   40   42   42   43   41   39   37   34   32   30
   29   27   27   29   29   30   32   33   34   35   37   38   39   41   43   45
   47   51   55   59   64   68   73   78   83   87   91   94   96   97   98   99
   99  100  101  102  102  102  102  100  100   99   99   99   98   98   96   94
   91   88   84   80   74   69   62   56   50
    62.5-180.0 180.0   5.0 450.0                            LAT/LON1/LON2/DLON/H
   57   51   46   42   40   39   38   39   39   38   37   36   34   33   32   31
   30   30   31   31   32   33   34   34   35   36   37   38   38   39   41   45
   47   50   54   58   63   67   73   78   84   89   93   96   99  100  101  102
  103  103  104  104  104  103  101  100   98   97   97   97   97   97   96   94
   91   88   86   82   79   74   70   63   57
    60.0-180.0 180.0   5.0 450.0                            LAT/LON1/LON2/DLON/H
   63   57   51   46   42   40   38   37   37   36   36   34   33   32   33   32
   32   32   33   33   33   34   34   33   33   34   34   35   35   36   39   44
   47   50   54   58   62   67   73   79   85   90   96  100  102  104  106  107
  108  108  108  108  107  106  103  100   98   97   96   95   95   95   94   92
   90   87   85   82   80   77   73   68   63
    57.5-180.0 180.0   5.0 450.0                            LAT/LON1/LON2/DLON/H
   67   62   56   51   47   43   40   38   37   35   34   33   33   32   33   33
   33   33   33   33   32   34   33   31   30   30   30   31   32   33   37   42
   47   50   55   59   63   68   74   80   87   94  100  105  108  110  112  113
  114  115  114  114  112  110  107  104  101   99   98   97   96   96   94   91
   88   85   83   81   80   79   75   72   67
    55.0-180.0 180.0   5.0 450.0                            LAT/LON1/LON2/DLON/H
   72   67   62   57   52   47   44   41   39   37   35   33   33   32   32   32
   33   32   32   30   29   30   29   29   28   27   27   28   30   32   37   43
   49   53   57   62   66   71   77   84   92   99  105  110  114  116  119  120
  122  122  122  121  119  117  114  111  108  106  104  103  102  100   97   93
   88   84   82   80   80   79   78   76   72
    52.5-180.0 180.0   5.0 450.0                            LAT/LON1/LON2/DLON/H
   77   72   67   62   59   54   50   47   43   40   38   36   35   33   33   32
   32   31   30   28   27   27   27   27   27   27   26   27   30   32   38   45
   52   57   62   66   70   75   82   89   98  104  111  117  121  124  126  128
  130  131  131  130  128  126  123  121  118  116  115  113  110  107  103   98
   93   87   84   82   81   81   81   79   77
    50.0-180.0 180.0   5.0 450.0                            LAT/LON1/LON2/DLON/H
   81   77   73   69   66   61   56   52   48   45   42   40   39   36   34   33
   32   31   30   28   27   27   28   29   30   30   29   30   33   37   42   50
   56   63   67   71   76   81   87   94  103  111  118  124  128  132  135  138
  139  140  141  139  137  135  133  131  128  127  126  123  120  116  111  106
  100   94   90   87   86   85   85   84   81
    47.5-180.0 180.0   5.0 450.0                            LAT/LON1/LON2/DLON/H
   86   83   79   75   71   67   63   59   55   52   49   46   44   41   38   36
   35   34   33   32   31   32   34   35   37   37   37   37   39   43   48   55
   62   68   73   78   83   87   94  101  108  117  124  130  135  140  143  147
  149  151  150  148  146  144  142  139  137  136  134  132  128  125  121  116
  110  104   99   96   94   92   91   89   86
    45.0-180.0 180.0   5.0 450.0                            LAT/LON1/LON2/DLON/H
   91   87   83   80   76   72   68   65   61   58   56   54   51   47   43   40
   39   38   38   39   39   41   43   45   45   46   45   45   46   48   53   60
   67   73   79   84   89   94   99  106  114  121  128  136  142  147  151  156
  159  161  160  158  155  152  149  145  142  139  137  134  132  130  129  126
  121  116  111  108  104  101   98   94   91
    42.5-180.0 180.0   5.0 450.0                            LAT/LON1/LON2/DLON/H
   94   89   85   82   79   76   73   70   67   65   64   62   60   56   50   47
   45   45   46   47   48   50   52   54   55   54   53   52   52   54   58   65
   71   78   84   89   95   99  104  111  118  125  133  140  147  154  160  166
  170  172  171  168  165  160  155  149  143  139  136  133  132  132  132  132
  130  127  124  120  115  110  105  100   94
    40.0-180.0 180.0   5.0 450.0                            LAT/LON1/LON2/DLON/H
   97   90   86   83   80   78   76   73   72   70   71   70   68   64   58   54
   53   54   55   56   57   58   60   61   62   60   58   57   56   57   62   68
   74   82   88   95  100  104  109  114  121  128  136  145  153  161  168  175
  180  184  183  180  176  170  163  155  147  141  136  132  130  131  133  136
  136  135  133  130  125  117  111  104   97
    37.5-180.0 180.0   5.0 450.0                            LAT/LON1/LON2/DLON/H
   98   90   86   83   80   78   76   75   75   74   76   77   76   72   67   63
   61   62   63   64   65   65   66   66   66   64   61   59   58   59   64   70
   77   83   90   98  104  109  113  118  124  131  141  151  160  167  175  183
  190  195  196  194  190  184  176  167  158  149  141  135  133  133  135  139
  141  141  141  137  131  122  115  106   98
    35.0-180.0 180.0   5.0 450.0                            LAT/LON1/LON2/DLON/H
   96   88   84   80   77   76   75   75   76   77   80   82   83   80   75   71
   69   69   70   70   71   70   69   67   66   63   60   58   57   59   64   71
   78   85   93  100  108  114  118  122  129  137  147  157  167  175  183  192
  201  208  212  213  209  203  196  187  178  168  159  150  144  142  142  144
  146  146  145  141  135  126  116  105   96
    32.5-180.0 180.0   5.0 450.0                            LAT/LON1/LON2/DLON/H
   94   86   80   77   74   72   73   74   76   78   82   85   87   86   82   78
   75   74   74   74   72   71   68   65   63   60   57   55   55   58   63   71
   79   87   95  104  112  118  123  128  135  144  154  165  174  182  190  201
  212  223  232  235  235  231  226  219  213  202  192  180  169  161  157  154
  152  151  149  143  137  128  117  105   94
    30.0-180.0 180.0   5.0 450.0                            LAT/LON1/LON2/DLON/H
   94   84   78   73   71   69   69   72   74   76   80   85   88   89   87   83
   79   77   75   73   71   68   65   62   59   56   54   52   53   56   63   72
   81   90   98  107  115  123  128  134  143  153  163  173  181  189  198  211
  225  240  253  261  266  266  266  262  260  251  240  225  208  193  179  169
  162  157  153  148  141  131  119  106   94
    27.5-180.0 180.0   5.0 450.0                            LAT/LON1/LON2/DLON/H
   95   85   78   72   69   67   67   69   71   73   77   82   86   88   87   85
   80   77   74   71   69   66   63   59   56   54   52   51   51   55   63   72
   82   91  100  108  118  127  134  141  150  162  174  183  190  197  208  223
  240  259  276  290  300  308  310  312  315  309  300  280  258  235  211  194
  177  167  161  154  145  134  122  108   95
    25.0-180.0 180.0   5.0 450.0                            LAT/LON1/LON2/DLON/H
  100   90   82   75   71   68   67   67   69   71   74   78   83   85   86   83
   79   75   72   69   66   64   61   58   56   54   53   51   51   55   63   73
   82   91  101  110  121  131  140  148  159  171  184  193  199  208  222  237
  258  280  301  319  334  348  356  366  372  370  362  340  312  281  250  222
  200  183  172  164  154  142  128  113  100
    22.5-180.0 180.0   5.0 450.0                            LAT/LON1/LON2/DLON/H
  109   98   90   81   76   72   70   69   69   70   73   76   78   81   81   80
   77   73   70   68   66   64   62   61   59   57   55   52   51   55   63   73
   83   93  102  111  123  135  146  156  168  181  193  202  212  223  239  256
  278  303  326  347  364  381  392  403  412  417  411  392  362  325  290  256
  228  205  191  179  168  155  139  122  109
    20.0-180.0 180.0   5.0 450.0                            LAT/LON1/LON2/DLON/H
  122  111   99   89   83   79   77   74   73   72   73   74   75   76   77   76
   73   71   69   68   67   66   66   65   64   62   59   54   52   55   62   73
   84   94  103  113  125  138  151  163  176  189  201  214  224  238  255  274
  298  323  345  364  378  390  403  416  427  433  432  419  394  360  325  289
  255  228  214  199  186  172  155  138  122
    17.5-180.0 180.0   5.0 450.0                            LAT/LON1/LON2/DLON/H
  139  126  112  101   93   88   85   82   80   78   76   75   75   74   74   72
   71   70   69   69   70   70   71   71   71   69   64   58   54   54   62   73
   84   95  104  114  127  140  155  169  182  196  211  226  239  253  271  291
  313  336  351  362  371  381  393  402  413  420  422  417  400  374  344  311
  276  251  234  219  206  191  173  155  139
    15.0-180.0 180.0   5.0 450.0                            LAT/LON1/LON2/DLON/H
  158  142  128  116  104   98   95   91   88   85   82   79   77   75   73   71
   71   72   72   73   74   76   77   78   78   75   70   62   56   56   62   73
   85   96  105  114  127  142  158  173  188  205  221  237  253  268  286  302
  320  337  343  346  351  359  368  373  381  389  394  393  384  368  346  318
  290  267  249  236  225  210  192  175  158
    12.5-180.0 180.0   5.0 450.0                            LAT/LON1/LON2/DLON/H
  177  161  146  131  119  110  105  100   96   93   89   86   83   79   76   74
   74   76   77   79   80   82   84   84   83   80   74   66   59   57   63   74
   86   97  106  116  128  143  160  176  194  211  229  246  265  281  296  308
  320  327  326  329  331  337  339  342  347  354  359  362  360  351  337  317
  296  276  260  249  238  224  207  193  177
    10.0-180.0 180.0   5.0 450.0                            LAT/LON1/LON2/DLON/H
  192  177  162  147  133  123  116  110  105  101   98   95   91   86   82   80
   81   82   84   85   86   87   88   88   87   83   77   69   61   58   64   75
   88   98  107  117  128  143  160  178  197  215  234  254  273  290  302  310
  314  317  316  317  318  320  320  320  323  327  331  334  335  333  326  312
  296  279  266  255  247  234  220  206  192
     7.5-180.0 180.0   5.0 450.0                            LAT/LON1/LON2/DLON/H
  202  190  175  161  147  135  127  120  114  111  109  105  101   96   90   87
   88   91   92   92   90   89   90   89   88   84   77   69   61   59   65   77
   89  100  109  118  129  143  159  176  195  215  236  258  277  294  304  310
  312  311  311  312  313  315  314  312  312  313  314  317  319  319  317  307
  294  279  267  257  248  238  227  214  202
     5.0-180.0 180.0   5.0 450.0                            LAT/LON1/LON2/DLON/H
  207  197  185  172  161  148  138  128  122  119  116  113  110  104   98   94
   94   97   97   96   93   91   90   88   86   83   77   69   61   60   66   78
   91  102  111  119  129  141  156  172  191  211  234  256  276  293  304  309
  311  311  312  314  315  318  318  316  316  314  313  313  314  315  313  304
  292  277  264  254  247  238  228  218  207
     2.5-180.0 180.0   5.0 450.0                            LAT/LON1/LON2/DLON/H
  208  200  191  180  170  158  147  136  129  125  122  120  117  111  104  100
   99  100  101   97   95   92   89   87   84   80   76   68   63   62   68   81
   94  104  112  120  128  139  151  166  185  205  226  249  269  287  299  306
  309  311  314  317  321  326  329  330  331  329  326  323  321  319  314  304
  290  273  260  250  243  235  227  217  208
