ionex_files/bejaia/igsg0890.21i
     1.0            IONOSPHERE MAPS     MIX                 IONEX VERSION / TYPE
cmpcmb v1.2          GRL/UWM            15-apr-21 05:46     PGM / RUN BY / DATE 
ionex file containing IGS COMBINED Ionosphere maps          COMMENT             
global ionosphere maps for day 089, 2021                    DESCRIPTION         
IONEX file containing the COMBINED IGS TEC MAPS and DCBs    DESCRIPTION         
      IONEX files of the following IAACs were combined: cod DESCRIPTION         
                                                        esa DESCRIPTION         
                                                        jpl DESCRIPTION         
                                                        upc DESCRIPTION         
Contact address: Andrzej Krankowski                         DESCRIPTION
                 Geodynamics Research Laboratory            DESCRIPTION
                 University of Warmia and Mazury (GRL/UWM)  DESCRIPTION
                 Oczapowski St. 1                           DESCRIPTION
                 10-957-Olsztyn, POLAND                     DESCRIPTION
                 e-mail:  kand@uwm.edu.pl                   DESCRIPTION
                                                            DESCRIPTION         
  2021     3    30     0     0     0                        EPOCH OF FIRST MAP  
  2021     3    31     0     0     0                        EPOCH OF LAST MAP   
  7200                                                      INTERVAL            
    13                                                      # OF MAPS IN FILE   
  COSZ                                                      MAPPING FUNCTION    
     0.0                                                    ELEVATION CUTOFF    
combined TEC calculated as weighted mean of input TEC valuesOBSERVABLES USED    
   376                                                      # OF STATIONS       
    32                                                      # OF SATELLITES     
  6371.0                                                    BASE RADIUS         
     2                                                      MAP DIMENSION       
   450.0 450.0   0.0                                        HGT1 / HGT2 / DHGT  
    87.5 -87.5  -2.5                                        LAT1 / LAT2 / DLAT  
  -180.0 180.0   5.0                                        LON1 / LON2 / DLON  
    -1                                                      EXPONENT            
TEC values in 0.1 tec units;  9999, if no value available   COMMENT             
DCB values in nanoseconds, reference is Sum_of_SatDCBs = 0  COMMENT             
                                                            END OF HEADER       
[from data line 3861]
    10                                                      START OF TEC MAP    
  2021     3    30    18     0     0                        EPOCH OF CURRENT MAP
    87.5-180.0 180.0   5.0 450.0                            LAT/LON1/LON2/DLON/H
   75   75   76   76   77   77   78   78   79   79   79   79   80   80   80   80
   80   80   80   80   79   79   79   79   78   78   77   76   76   75   74   74
   73   72   72   71   71   70   70   70   69   68   68   68   67   67   67   66
   66   67   66   66   67   67   67   68   68   68   68   69   69   70   70   70
   71   71   72   72   72   73   74   74   75
    85.0-180.0 180.0   5.0 450.0                            LAT/LON1/LON2/DLON/H
   74   75   77   77   79   79   81   81   82   83   84   84   85   85   86   86
   86   86   86   85   85   84   83   83   82   80   79   78   77   76   74   73
   72   70   69   68   67   66   65   64   64   63   62   62   62   61   61   61
   60   60   60   60   60   61   61   62   62   62   63   63   64   64   65   66
   66   67   68   69   70   71   72   73   74
    82.5-180.0 180.0   5.0 450.0                            LAT/LON1/LON2/DLON/H
   72   74   75   77   78   80   81   82   84   85   86   87   88   89   90   90
   90   90   90   90   89   89   87   86   84   82   81   80   78   76   74   72
   71   69   67   66   64   62   62   61   60   59   58   57   57   56   56   56
   54   54   54   54   55   55   55   56   56   57   57   57   58   59   60   60
   61   62   63   64   66   67   69   70   72
    80.0-180.0 180.0   5.0 450.0                            LAT/LON1/LON2/DLON/H
   68   70   72   74   76   78   80   82   84   86   87   89   90   92   94   94
   95   95   94   94   93   90   89   88   86   85   82   81   78   76   74   71
   69   68   65   64   62   60   59   57   56   55   54   54   54   52   52   51
   51   50   50   50   50   50   50   50   50   51   51   51   52   52   53   54
   54   55   56   58   60   62   64   66   68
    77.5-180.0 180.0   5.0 450.0                            LAT/LON1/LON2/DLON/H
   62   64   67   69   72   74   76   78   80   83   85   88   90   92   93   94
   95   95   95   95   94   93   92   90   89   86   84   82   79   76   74   72
   70   67   65   63   61   59   58   56   55   53   52   50   50   49   48   47
   47   46   46   45   45   45   45   45   45   45   45   45   45   45   45   46
   47   47   49   51   52   55   57   59   62
    75.0-180.0 180.0   5.0 450.0                            LAT/LON1/LON2/DLON/H
   56   60   62   65   67   69   72   74   77   80   83   85   88   91   92   93
   94   95   94   94   94   94   92   91   89   87   85   83   81   78   75   73
   70   68   65   63   61   59   57   56   54   53   51   49   47   46   46   45
   44   43   42   42   41   41   41   40   40   39   39   38   38   38   38   38
   39   40   41   43   45   48   50   53   56
    72.5-180.0 180.0   5.0 450.0                            LAT/LON1/LON2/DLON/H
   52   56   59   61   64   66   68   71   74   77   81   84   87   90   91   92
   93   93   93   93   94   94   93   91   90   88   87   85   82   79   76   74
   71   68   66   65   63   61   58   57   55   53   51   48   47   45   43   42
   41   40   40   39   37   37   37   35   34   33   33   32   32   31   31   32
   32   33   35   36   39   42   45   49   52
    70.0-180.0 180.0   5.0 450.0                            LAT/LON1/LON2/DLON/H
   50   54   57   60   63   65   67   70   73   76   80   83   87   88   91   92
   92   93   93   93   93   93   92   92   91   90   88   86   84   81   79   75
   73   70   68   67   65   62   60   58   57   54   52   49   46   44   42   40
   39   38   37   36   35   34   33   31   30   29   28   27   26   25   26   26
   27   28   30   31   34   38   41   46   50
    67.5-180.0 180.0   5.0 450.0                            LAT/LON1/LON2/DLON/H
   49   53   57   61   64   66   69   71   74   77   80   84   87   89   91   92
   93   93   93   93   92   92   92   92   92   91   90   88   86   84   81   79
   76   74   72   69   67   65   63   61   59   56   53   50   48   44   42   39
   37   36   35   34   33   32   31   29   27   25   24   23   22   22   22   22
   23   25   27   28   32   35   39   44   49
    65.0-180.0 180.0   5.0 450.0                            LAT/LON1/LON2/DLON/H
   48   54   59   63   67   69   72   74   76   79   82   86   88   91   92   92
   93   94   93   93   93   93   93   93   93   92   91   89   88   87   85   83
   80   78   75   73   70   67   65   62   60   58   55   52   48   45   42   40
   38   36   34   33   32   30   30   27   26   24   23   21   21   21   21   22
   23   24   26   27   30   33   38   43   48
    62.5-180.0 180.0   5.0 450.0                            LAT/LON1/LON2/DLON/H
   49   55   61   66   71   74   76   78   80   83   85   88   90   92   93   94
   94   95   94   94   94   95   95   95   94   94   92   91   90   89   88   86
   84   81   78   76   72   69   67   64   62   60   57   53   50   46   43   41
   40   38   36   34   33   32   31   29   27   25   24   24   23   23   24   25
   25   26   27   29   31   33   37   42   49
    60.0-180.0 180.0   5.0 450.0                            LAT/LON1/LON2/DLON/H
   49   56   63   70   74   78   80   82   84   86   88   90   92   93   95   95
   97   97   97   97   97   97   97   97   95   95   94   93   92   92   91   90
   89   85   82   79   75   72   69   67   64   61   59   55   52   49   47   45
   43   42   40   39   37   36   35   33   31   30   30   29   29   30   30   31
   31   32   32   32   33   35   38   43   49
    57.5-180.0 180.0   5.0 450.0                            LAT/LON1/LON2/DLON/H
   51   58   65   72   77   81   84   86   88   89   91   92   93   95   96   97
   99   99  101  100  101  101  100   99   97   96   95   94   95   96   96   96
   93   90   86   83   79   76   73   70   67   64   62   59   56   54   52   50
   49   48   46   45   43   41   40   39   38   38   38   37   38   39   39   39
   39   39   39   39   38   38   41   45   51
    55.0-180.0 180.0   5.0 450.0                            LAT/LON1/LON2/DLON/H
   53   60   67   74   80   84   88   90   91   92   93   95   95   96   98   99
  101  102  104  104  104  103  102  101   98   98   97   97   98  100  101  101
   98   95   91   87   84   81   79   75   72   69   66   64   62   60   59   58
   56   55   53   51   49   48   46   45   46   46   47   48   48   49   49   49
   49   49   49   47   45   44   45   47   53
    52.5-180.0 180.0   5.0 450.0                            LAT/LON1/LON2/DLON/H
   56   63   70   76   82   87   91   94   95   96   97   97   97   98   99  101
  103  105  107  107  107  106  104  102  100  100  100  100  103  106  108  107
  104   99   96   93   90   87   85   82   78   75   72   70   68   67   66   65
   64   62   60   58   56   54   52   53   54   55   57   58   58   59   57   57
   57   58   56   54   52   50   50   52   56
    50.0-180.0 180.0   5.0 450.0                            LAT/LON1/LON2/DLON/H
   61   67   73   79   85   90   94   98  100  101  101  101  100  100  102  104
  106  109  110  111  110  109  107  105  103  103  104  106  108  112  113  112
  109  104  100   98   95   94   92   89   85   82   79   76   74   73   72   71
   70   70   67   64   62   60   59   60   62   64   66   67   67   67   66   65
   65   64   63   61   58   56   56   57   61
    47.5-180.0 180.0   5.0 450.0                            LAT/LON1/LON2/DLON/H
   66   72   77   83   88   93   98  102  105  107  108  107  105  105  106  108
  110  113  114  114  113  112  110  109  109  109  110  112  115  118  119  117
  112  108  104  102  102  102  101   97   93   89   85   81   79   77   77   76
   76   76   74   72   69   68   67   67   69   72   74   75   75   75   73   72
   71   71   70   68   65   63   62   64   66
    45.0-180.0 180.0   5.0 450.0                            LAT/LON1/LON2/DLON/H
   71   77   82   87   92   97  102  107  111  114  114  113  111  111  111  113
  116  118  118  118  117  116  116  117  117  117  118  119  121  123  122  121
  115  111  108  108  109  110  109  106  100   94   88   85   82   81   81   81
   82   82   81   80   78   76   75   75   77   79   82   82   82   81   79   77
   76   75   75   74   71   68   67   68   71
    42.5-180.0 180.0   5.0 450.0                            LAT/LON1/LON2/DLON/H
   75   80   85   90   94  100  106  111  117  120  121  120  118  118  118  120
  122  123  123  123  122  123  124  125  126  127  126  127  127  127  126  124
  120  117  115  117  119  120  119  114  106   98   92   87   86   85   85   86
   88   88   88   87   85   83   82   82   84   86   88   88   87   85   82   80
   79   78   77   77   74   71   69   71   75
    40.0-180.0 180.0   5.0 450.0                            LAT/LON1/LON2/DLON/H
   77   83   88   92   97  102  108  115  121  126  127  127  125  125  126  127
  128  129  128  128  129  130  133  135  136  136  134  133  133  132  132  130
  128  127  128  130  133  133  129  121  112  103   96   91   89   88   88   90
   92   93   93   91   89   88   87   87   88   91   92   92   90   87   84   82
   81   79   78   76   74   71   70   73   77
    37.5-180.0 180.0   5.0 450.0                            LAT/LON1/LON2/DLON/H
   78   83   89   94   98  103  110  118  125  131  133  132  133  132  132  134
  135  135  134  134  137  139  142  145  146  144  142  141  141  141  141  141
  142  143  146  149  151  148  141  130  119  108  101   96   92   90   90   92
   94   97   96   94   93   92   90   89   90   92   93   93   91   88   86   84
   81   79   75   73   70   68   68   72   78
    35.0-180.0 180.0   5.0 450.0                            LAT/LON1/LON2/DLON/H
   75   83   90   95   99  104  111  119  127  134  137  137  138  138  139  140
  141  141  141  142  146  149  152  154  154  152  150  150  152  155  157  159
  163  166  171  176  175  169  157  143  128  114  105   99   95   92   91   92
   94   97   98   95   93   91   90   89   89   91   91   92   91   88   86   83
   81   77   73   68   65   63   63   68   75
    32.5-180.0 180.0   5.0 450.0                            LAT/LON1/LON2/DLON/H
   71   80   89   94   99  104  111  120  128  135  140  141  142  143  144  145
  146  147  148  152  156  160  162  163  161  159  159  163  168  174  181  187
  192  198  203  208  206  195  179  158  140  122  110  102   97   93   91   92
   94   95   95   93   90   89   87   86   87   87   87   88   89   87   85   82
   79   75   69   64   59   57   58   62   71
    30.0-180.0 180.0   5.0 450.0                            LAT/LON1/LON2/DLON/H
   66   78   87   94  100  105  112  121  130  137  142  144  145  147  148  149
  151  154  157  163  168  172  172  171  169  167  171  179  191  201  212  221
  228  236  242  247  244  233  208  180  152  131  115  106  100   94   92   92
   92   92   90   87   85   84   83   83   83   83   84   86   87   87   84   81
   76   71   64   59   54   52   52   58   66
    27.5-180.0 180.0   5.0 450.0                            LAT/LON1/LON2/DLON/H
   65   78   88   96  102  108  114  122  132  140  146  147  148  151  152  154
  157  161  167  175  182  185  183  180  177  178  187  202  220  234  248  260
  269  277  283  289  285  269  238  203  165  139  120  109  102   95   92   92
   91   90   86   82   79   79   79   79   80   81   83   85   86   86   83   79
   74   68   61   55   51   47   49   55   65
    25.0-180.0 180.0   5.0 450.0                            LAT/LON1/LON2/DLON/H
   66   79   91  100  107  113  119  127  136  145  151  152  154  155  157  160
  162  169  178  190  197  199  196  191  190  196  210  232  253  273  289  302
  313  315  325  330  320  297  263  221  175  145  123  111  103   97   95   94
   91   88   83   78   75   75   76   78   81   83   85   86   87   86   82   77
   72   66   59   53   47   45   47   54   66
    22.5-180.0 180.0   5.0 450.0                            LAT/LON1/LON2/DLON/H
   67   82   95  105  112  119  125  133  143  152  157  160  162  164  164  168
  171  179  190  203  212  215  211  209  210  221  238  264  291  313  333  347
  354  353  354  354  339  308  270  225  180  145  125  112  105  100   98   96
   92   87   81   77   75   76   78   81   84   87   90   91   90   86   80   73
   68   63   57   51   47   45   48   54   67
    20.0-180.0 180.0   5.0 450.0                            LAT/LON1/LON2/DLON/H
   69   84   98  110  118  125  132  141  150  159  165  170  172  174  175  179
  182  191  202  217  227  232  230  232  238  252  272  299  329  351  371  384
  384  375  369  361  340  305  261  214  173  144  125  114  107  103  101  100
   96   90   84   80   79   81   85   88   91   95   96   95   93   87   79   71
   65   60   56   52   49   48   49   57   69
    17.5-180.0 180.0   5.0 450.0                            LAT/LON1/LON2/DLON/H
   71   85  100  112  122  131  139  148  159  169  176  181  184  186  188  192
  197  205  216  231  242  249  252  258  269  286  308  334  361  383  397  404
  398  382  368  353  329  293  246  203  168  144  127  117  111  108  107  106
  103   97   91   87   88   92   97  100  102  104  104  101   95   88   79   70
   64   59   56   54   52   52   53   59   71
    15.0-180.0 180.0   5.0 450.0                            LAT/LON1/LON2/DLON/H
   72   87  101  114  125  135  144  155  166  177  187  192  196  200  203  207
  212  220  232  246  257  267  276  288  302  322  343  365  387  401  406  406
  396  376  359  339  313  278  233  195  167  147  131  123  118  116  115  115
  112  107  102   99  101  106  111  116  116  115  112  106   98   89   79   71
   64   60   57   57   56   55   56   61   72
    12.5-180.0 180.0   5.0 450.0                            LAT/LON1/LON2/DLON/H
   72   86  102  115  128  139  149  160  173  185  195  202  207  213  219  222
  227  235  246  259  273  285  300  318  335  353  371  388  400  404  402  394
  381  365  346  324  297  263  224  193  173  155  142  135  129  126  125  126
  124  120  115  114  116  121  125  130  129  126  120  111  101   90   80   72
   66   62   60   60   59   58   58   62   72
    10.0-180.0 180.0   5.0 450.0                            LAT/LON1/LON2/DLON/H
   71   85  101  116  129  141  152  165  180  192  202  211  218  226  234  237
  243  251  260  273  287  304  322  342  361  375  385  394  397  395  387  378
  366  353  337  316  288  257  225  201  183  170  159  151  144  139  137  137
  136  132  128  128  129  133  137  139  137  132  125  114  103   91   81   73
   68   63   62   61   61   60   59   61   71
     7.5-180.0 180.0   5.0 450.0                            LAT/LON1/LON2/DLON/H
   69   83   99  115  129  142  155  169  186  200  210  220  229  239  247  252
  257  264  273  285  301  319  340  361  378  387  389  385  381  377  370  361
  350  343  330  311  286  260  233  213  199  188  180  172  163  155  150  150
  147  142  137  136  137  139  141  141  138  133  124  114  102   91   81   74
   69   65   62   62   61   60   59   61   69
     5.0-180.0 180.0   5.0 450.0                            LAT/LON1/LON2/DLON/H
   67   81   97  115  129  143  157  173  190  206  218  229  239  251  260  265
  269  275  284  296  312  333  354  373  388  393  388  376  366  361  355  348
  339  335  326  311  293  270  247  230  218  209  204  196  182  171  165  160
  154  145  140  138  139  138  139  136  132  126  118  109   98   88   81   74
   69   65   63   62   61   60   58   59   67
     2.5-180.0 180.0   5.0 450.0                            LAT/LON1/LON2/DLON/H
   66   79   97  114  130  143  158  176  195  213  226  238  250  262  271  277
  280  285  293  305  322  343  364  382  393  395  386  370  358  353  348  343
  336  332  325  315  302  282  263  248  238  230  227  214  197  187  178  165
  151  141  134  133  132  131  131  125  120  115  109  101   93   85   79   74
   69   65   62   61   60   59   57   59   66
