ionex_files/bejaia/igsg0760.21i
     1.0            IONOSPHERE MAPS     MIX                 IONEX VERSION / TYPE
cmpcmb v1.2          GRL/UWM             1-apr-21 10:13     PGM / RUN BY / DATE 
ionex file containing IGS COMBINED Ionosphere maps          COMMENT             
global ionosphere maps for day 076, 2021                    DESCRIPTION         
IONEX file containing the COMBINED IGS TEC MAPS and DCBs    DESCRIPTION         
      IONEX files of the following IAACs were combined: cod DESCRIPTION         
                                                        esa DESCRIPTION         
                                                        jpl DESCRIPTION         
                                                        upc DESCRIPTION         
Contact address: Andrzej Krankowski                         DESCRIPTION
                 Geodynamics Research Laboratory            DESCRIPTION
                 University of Warmia and Mazury (GRL/UWM)  DESCRIPTION
                 Oczapowski St. 1                           DESCRIPTION
                 10-957-Olsztyn, POLAND                     DESCRIPTION
                 e-mail:  kand@uwm.edu.pl                   DESCRIPTION
                                                            DESCRIPTION         
  2021     3    17     0     0     0                        EPOCH OF FIRST MAP  
  2021     3    18     0     0     0                        EPOCH OF LAST MAP   
  7200                                                      INTERVAL            
    13                                                      # OF MAPS IN FILE   
  COSZ                                                      MAPPING FUNCTION    
     0.0                                                    ELEVATION CUTOFF    
combined TEC calculated as weighted mean of input TEC valuesOBSERVABLES USED    
   372                                                      # OF STATIONS       
    32                                                      # OF SATELLITES     
  6371.0                                                    BASE RADIUS         
     2                                                      MAP DIMENSION       
   450.0 450.0   0.0                                        HGT1 / HGT2 / DHGT  
    87.5 -87.5  -2.5                                        LAT1 / LAT2 / DLAT  
  -180.0 180.0   5.0                                        LON1 / LON2 / DLON  
    -1                                                      EXPONENT            
TEC values in 0.1 tec units;  9999, if no value available   COMMENT             
DCB values in nanoseconds, reference is Sum_of_SatDCBs = 0  COMMENT             
                                                            END OF HEADER       
[from data line 2574]
     7                                                      START OF TEC MAP    
  2021     3    17    12     0     0                        EPOCH OF CURRENT MAP
    87.5-180.0 180.0   5.0 450.0                            LAT/LON1/LON2/DLON/H
   59   59   59   60   60   61   62   62   62   63   63   63   64   64   64   65
   65   65   65   66   66   66   66   66   66   66   66   67   67   67   67   66
   66   67   66   67   66   66   66   66   65   65   65   65   64   64   64   63
   62   62   61   61   61   60   60   59   59   58   58   58   58   57   57   57
   57   56   57   57   57   57   58   58   59
    85.0-180.0 180.0   5.0 450.0                            LAT/LON1/LON2/DLON/H
   54   55   56   57   57   58   59   60   61   62   62   63   63   64   64   65
   66   66   67   67   68   68   68   68   68   68   69   69   69   69   69   69
   69   70   69   70   69   69   68   68   67   66   66   66   65   64   63   63
   63   62   61   60   59   59   58   56   56   54   53   53   52   50   50   50
   50   50   50   51   51   52   53   53   54
    82.5-180.0 180.0   5.0 450.0                            LAT/LON1/LON2/DLON/H
   49   50   51   53   54   55   56   57   59   59   60   61   62   62   63   64
   65   65   65   66   66   67   68   68   68   68   69   69   70   70   70   71
   71   71   71   71   71   71   70   70   69   67   67   65   64   63   63   62
   61   60   59   58   57   56   54   53   52   50   49   48   46   45   44   43
   43   43   44   44   45   46   46   47   49
    80.0-180.0 180.0   5.0 450.0                            LAT/LON1/LON2/DLON/H
   43   44   45   47   48   50   51   53   54   56   57   58   60   61   62   62
   63   63   64   64   64   65   65   65   65   66   68   68   69   70   71   71
   72   72   72   72   72   71   70   70   69   69   68   67   65   64   62   62
   61   60   59   58   56   54   53   51   50   48   45   44   42   41   39   39
   38   38   38   38   39   39   40   42   43
    77.5-180.0 180.0   5.0 450.0                            LAT/LON1/LON2/DLON/H
   35   36   38   39   41   43   46   48   50   52   53   55   55   55   56   57
   58   59   59   61   62   62   63   64   65   66   67   68   69   70   71   72
   72   73   73   73   73   72   71   70   70   69   69   68   67   66   65   64
   63   62   61   60   58   57   54   52   51   48   45   43   41   39   37   36
   35   34   33   34   33   34   34   34   35
    75.0-180.0 180.0   5.0 450.0                            LAT/LON1/LON2/DLON/H
   29   30   31   33   35   38   40   41   43   46   47   47   48   49   51   53
   54   55   56   57   58   60   61   62   63   64   66   67   69   70   71   72
   73   73   73   73   73   73   72   71   71   70   69   69   69   69   68   68
   67   67   66   65   63   61   59   57   54   51   48   45   42   39   37   35
   33   32   31   30   29   28   28   29   29
    72.5-180.0 180.0   5.0 450.0                            LAT/LON1/LON2/DLON/H
   25   26   27   28   30   32   33   35   37   38   39   41   42   44   47   49
   49   51   53   54   56   58   60   62   63   64   66   68   69   70   71   72
   73   74   74   74   73   73   73   72   71   71   71   71   71   72   72   72
   73   72   72   71   69   68   65   62   58   55   51   48   45   41   38   36
   34   31   29   28   27   25   25   25   25
    70.0-180.0 180.0   5.0 450.0                            LAT/LON1/LON2/DLON/H
   22   22   23   25   26   27   29   30   31   33   34   35   37   40   42   43
   46   47   50   53   55   58   60   63   64   66   68   69   70   71   71   72
   73   73   73   74   74   73   73   73   72   72   72   73   74   75   76   76
   77   78   77   76   75   72   70   66   62   58   54   50   47   43   40   37
   34   32   29   27   25   24   23   22   22
    67.5-180.0 180.0   5.0 450.0                            LAT/LON1/LON2/DLON/H
   21   21   21   22   23   24   26   26   27   28   30   31   33   35   37   38
   41   44   48   50   55   58   61   64   66   68   70   71   72   72   72   72
   73   73   73   74   74   74   74   74   74   73   74   75   76   77   78   80
   80   81   81   79   77   74   71   66   63   59   54   50   47   43   41   38
   36   34   31   28   26   24   22   21   21
    65.0-180.0 180.0   5.0 450.0                            LAT/LON1/LON2/DLON/H
   22   21   21   22   23   23   24   24   25   26   26   27   28   30   31   34
   36   40   43   48   53   57   61   65   68   71   72   73   73   73   73   73
   73   73   74   74   74   74   75   74   75   75   75   76   78   79   80   82
   82   82   81   80   77   73   69   65   61   57   53   49   46   43   41   38
   37   35   33   31   29   26   24   23   22
    62.5-180.0 180.0   5.0 450.0                            LAT/LON1/LON2/DLON/H
   25   24   23   24   24   25   25   24   24   24   24   24   25   26   27   29
   31   35   39   45   51   56   61   65   69   72   73   75   75   75   75   74
   74   74   74   75   75   76   76   76   77   77   78   78   79   80   81   82
   82   81   80   77   74   70   66   62   57   54   50   47   44   42   40   39
   37   36   35   33   31   30   28   26   25
    60.0-180.0 180.0   5.0 450.0                            LAT/LON1/LON2/DLON/H
   29   29   28   28   28   28   27   26   25   24   23   23   22   22   22   24
   26   30   35   41   47   54   60   65   70   72   74   76   76   76   76   77
   76   76   76   77   77   78   79   79   80   80   81   81   82   82   82   82
   82   80   78   75   71   67   63   59   55   52   49   46   44   43   41   40
   38   37   36   36   35   34   32   30   29
    57.5-180.0 180.0   5.0 450.0                            LAT/LON1/LON2/DLON/H
   35   35   34   35   33   32   31   30   28   26   24   23   21   20   19   20
   23   26   31   38   44   52   58   65   69   73   75   77   78   78   78   79
   80   79   79   79   80   81   82   83   84   84   85   85   85   85   84   84
   83   81   78   75   71   67   63   60   56   54   51   49   47   46   44   42
   41   40   39   39   39   38   37   36   35
    55.0-180.0 180.0   5.0 450.0                            LAT/LON1/LON2/DLON/H
   42   42   41   41   41   39   37   35   33   30   27   25   22   20   19   19
   21   24   30   36   43   50   57   64   68   73   76   78   80   80   81   83
   84   83   83   83   84   85   86   88   89   90   90   90   89   89   88   87
   86   84   82   79   76   72   69   65   62   60   57   56   54   52   49   47
   45   44   44   44   44   44   43   42   42
    52.5-180.0 180.0   5.0 450.0                            LAT/LON1/LON2/DLON/H
   48   48   48   48   48   47   45   42   40   36   33   29   26   22   21   20
   22   25   30   37   44   51   57   63   68   73   76   79   82   83   85   87
   88   88   88   88   89   90   92   94   95   96   97   97   96   95   94   92
   91   90   90   87   84   81   78   74   71   69   67   66   63   61   58   54
   51   50   50   49   49   49   48   48   48
    50.0-180.0 180.0   5.0 450.0                            LAT/LON1/LON2/DLON/H
   54   54   54   55   55   54   52   50   47   43   39   35   31   28   26   25
   25   28   33   40   46   53   60   64   70   74   78   81   84   87   90   92
   93   94   95   95   95   96   98  100  101  103  104  104  103  103  102  101
  100  100   99   97   94   91   88   85   81   79   77   75   73   71   67   63
   59   57   56   54   54   54   54   54   54
    47.5-180.0 180.0   5.0 450.0                            LAT/LON1/LON2/DLON/H
   59   60   60   61   61   61   60   57   54   51   47   43   39   35   32   31
   31   34   38   45   52   58   64   68   73   77   80   84   88   91   94   97
   98  101  102  103  103  104  105  107  108  110  111  111  112  111  109  108
  109  109  108  106  104  101   98   94   91   87   84   83   81   78   75   72
   68   65   63   61   60   59   60   59   59
    45.0-180.0 180.0   5.0 450.0                            LAT/LON1/LON2/DLON/H
   64   63   64   65   66   66   65   64   61   58   55   51   47   43   41   39
   39   41   46   51   58   64   69   73   78   81   84   88   92   95   98  101
  104  107  110  111  113  114  115  115  116  117  118  119  120  119  117  117
  117  117  116  115  113  109  106  102   98   93   89   87   86   85   82   79
   76   72   70   68   67   65   65   64   64
    42.5-180.0 180.0   5.0 450.0                            LAT/LON1/LON2/DLON/H
   67   67   68   69   70   70   69   68   67   65   62   60   56   53   50   49
   49   50   53   58   65   71   75   79   83   85   88   91   95   99  102  106
  109  114  119  122  124  125  126  125  125  124  125  126  127  127  126  125
  125  125  124  122  119  115  110  105  100   94   90   88   88   88   86   84
   81   79   77   74   73   71   69   68   67
    40.0-180.0 180.0   5.0 450.0                            LAT/LON1/LON2/DLON/H
   70   69   70   72   73   72   71   71   71   70   68   66   64   62   60   59
   57   57   59   64   70   76   81   84   87   89   92   95   99  102  105  109
  114  120  127  133  139  140  139  137  135  134  134  135  136  137  136  133
  133  132  130  126  122  117  111  105   99   93   88   86   86   87   87   87
   85   83   81   79   78   76   73   71   70
    37.5-180.0 180.0   5.0 450.0                            LAT/LON1/LON2/DLON/H
   72   71   72   73   73   72   72   72   73   74   74   72   70   70   68   67
   65   64   64   68   74   80   84   88   91   93   97  100  102  105  109  113
  118  126  136  145  154  157  156  152  149  147  146  147  147  146  145  142
  141  139  136  132  127  121  113  107  100   93   86   83   83   84   86   86
   86   84   83   82   81   79   77   74   72
    35.0-180.0 180.0   5.0 450.0                            LAT/LON1/LON2/DLON/H
   74   72   72   72   72   71   71   72   73   75   77   77   77   76   75   73
   71   69   68   71   76   82   87   90   93   96  100  103  106  109  112  116
  123  133  147  159  170  176  175  171  166  164  163  162  161  159  157  154
  153  151  148  143  137  130  123  116  106   98   90   84   82   82   83   84
   84   83   83   83   82   81   78   75   74
    32.5-180.0 180.0   5.0 450.0                            LAT/LON1/LON2/DLON/H
   75   72   72   72   71   70   70   71   73   75   78   79   80   80   80   79
   76   72   70   73   77   83   88   91   95   99  103  106  110  113  116  121
  129  142  158  174  187  195  198  193  189  184  184  183  180  177  175  173
  173  173  170  163  157  152  145  137  126  113  101   92   87   85   83   82
   82   81   81   82   82   81   79   76   75
    30.0-180.0 180.0   5.0 450.0                            LAT/LON1/LON2/DLON/H
   75   73   72   71   70   68   68   69   71   74   78   80   81   82   83   82
   79   74   72   74   79   84   89   92   97  101  104  109  113  117  122  128
  139  153  170  189  204  214  219  217  211  210  210  208  205  203  200  201
  203  205  202  196  189  185  180  173  159  142  124  109   99   92   87   83
   80   79   78   80   81   81   79   76   75
    27.5-180.0 180.0   5.0 450.0                            LAT/LON1/LON2/DLON/H
   74   72   72   71   69   67   66   67   70   73   77   79   80   81   83   82
   79   75   73   75   81   86   91   94   98  102  107  112  116  122  130  140
  152  167  186  206  223  235  241  241  237  236  235  234  233  232  234  238
  242  246  244  238  232  229  223  217  200  179  156  135  118  105   95   88
   82   78   76   78   79   79   77   75   74
    25.0-180.0 180.0   5.0 450.0                            LAT/LON1/LON2/DLON/H
   74   73   73   71   69   67   66   66   68   71   75   77   78   79   81   81
   78   75   74   77   83   89   93   97  100  103  109  114  120  129  139  153
  168  185  203  223  242  256  262  264  261  259  258  261  266  266  272  279
  286  294  291  286  280  276  273  264  244  219  192  166  144  126  110   98
   88   80   76   76   77   77   76   74   74
    22.5-180.0 180.0   5.0 450.0                            LAT/LON1/LON2/DLON/H
   73   73   74   73   71   68   66   66   67   69   72   74   74   75   77   77
   76   74   74   79   85   92   96  100  103  106  112  118  125  137  151  168
  186  204  222  242  259  271  276  280  279  276  281  289  297  301  309  318
  329  339  337  331  323  316  314  304  282  255  226  198  171  149  130  114
   99   88   81   79   78   77   75   74   73
    20.0-180.0 180.0   5.0 450.0                            LAT/LON1/LON2/DLON/H
   74   74   75   75   73   70   68   67   67   67   69   69   69   70   72   73
   72   72   74   80   87   94  100  103  107  110  115  121  131  146  164  184
  205  221  239  258  270  278  281  286  288  289  302  318  326  331  340  350
  361  371  370  360  352  344  339  326  306  281  252  224  198  174  150  133
  115  100   90   85   83   80   77   75   74
    17.5-180.0 180.0   5.0 450.0                            LAT/LON1/LON2/DLON/H
   77   76   76   76   74   72   69   68   67   66   65   65   64   65   67   68
   68   69   72   79   88   96  102  107  111  114  119  126  138  155  176  200
  221  238  252  265  276  279  281  285  289  299  319  338  346  352  360  368
  377  381  380  370  361  355  348  332  312  291  266  240  217  193  170  152
  133  117  104   96   91   87   83   78   77
    15.0-180.0 180.0   5.0 450.0                            LAT/LON1/LON2/DLON/H
   82   79   79   78   76   73   70   67   66   63   62   61   60   60   61   63
   64   65   70   79   88   96  103  109  115  120  125  133  147  165  188  212
  232  248  258  266  271  274  276  282  291  305  326  345  354  361  366  370
  374  376  372  363  353  349  338  320  300  282  263  244  225  204  184  166
  150  133  119  109  102   96   90   85   82
    12.5-180.0 180.0   5.0 450.0                            LAT/LON1/LON2/DLON/H
   89   84   82   82   79   74   70   66   63   61   59   58   57   57   57   58
   59   62   67   77   88   97  105  112  119  126  132  141  156  175  198  220
  238  250  258  262  265  269  273  281  292  308  325  343  354  359  361  362
  361  360  355  344  335  330  318  301  282  264  249  236  221  206  190  176
  159  144  132  122  114  107   99   93   89
    10.0-180.0 180.0   5.0 450.0                            LAT/LON1/LON2/DLON/H
   96   89   87   84   81   76   70   65   61   58   57   56   55   54   55   55
   56   59   66   77   88   98  106  115  124  133  141  151  165  184  204  224
  239  249  255  258  260  265  272  282  295  310  326  342  350  355  354  350
  347  343  337  327  319  313  301  286  268  249  233  223  212  204  194  180
  166  152  140  131  124  117  109  101   96
     7.5-180.0 180.0   5.0 450.0                            LAT/LON1/LON2/DLON/H
  100   93   89   86   82   76   70   64   59   56   55   54   54   53   53   53
   54   57   64   76   88   99  108  119  130  140  149  160  174  191  209  226
  239  246  251  255  259  266  276  288  302  316  329  341  349  352  348  342
  338  334  328  319  311  305  293  278  261  243  226  215  207  203  195  183
  169  154  144  137  131  124  116  107  100
     5.0-180.0 180.0   5.0 450.0                            LAT/LON1/LON2/DLON/H
  103   95   90   86   82   76   69   63   58   55   54   54   54   53   53   52
   53   56   63   75   88  100  111  122  135  147  157  168  181  197  213  227
  237  244  249  254  261  271  283  297  311  323  335  344  351  354  350  345
  342  338  332  323  314  306  295  281  264  246  227  214  207  202  195  184
  170  155  144  139  134  128  120  110  103
     2.5-180.0 180.0   5.0 450.0                            LAT/LON1/LON2/DLON/H
  103   94   89   85   80   75   68   63   57   55   54   54   54   53   52   52
   52   56   64   76   89  102  113  126  140  153  164  175  188  202  216  228
  237  244  250  257  266  278  292  307  321  333  342  350  355  360  358  355
  353  351  345  335  324  316  305  290  273  254  235  219  208  201  194  184
  168  152  141  136  132  127  120  111  103
