ionex_files/bejaia/igsg0890.21i
     1.0            IONOSPHERE MAPS     MIX                 IONEX VERSION / TYPE
cmpcmb v1.2          GRL/UWM            15-apr-21 05:46     PGM / RUN BY / DATE 
ionex file containing IGS COMBINED Ionosphere maps          COMMENT             
global ionosphere maps for day 089, 2021                    DESCRIPTION         
IONEX file containing the COMBINED IGS TEC MAPS and DCBs    DESCRIPTION         
      IONEX files of the following IAACs were combined: cod DESCRIPTION         
                                                        esa DESCRIPTION         
                                                        jpl DESCRIPTION         
                                                        upc DESCRIPTION         
Contact address: Andrzej Krankowski                         DESCRIPTION
                 Geodynamics Research Laboratory            DESCRIPTION
                 University of Warmia and Mazury (GRL/UWM)  DESCRIPTION
                 Oczapowski St. 1                           DESCRIPTION
                 10-957-Olsztyn, POLAND                     DESCRIPTION
                 e-mail:  kand@uwm.edu.pl                   DESCRIPTION
                                                            DESCRIPTION         
  2021     3    30     0     0     0                        EPOCH OF FIRST MAP  
  2021     3    31     0     0     0                        EPOCH OF LAST MAP   
  7200                                                      INTERVAL            
    13                                                      # OF MAPS IN FILE   
  COSZ                                                      MAPPING FUNCTION    
     0.0                                                    ELEVATION CUTOFF    
combined TEC calculated as weighted mean of input TEC valuesOBSERVABLES USED    
   376                                                      # OF STATIONS       
    32                                                      # OF SATELLITES     
  6371.0                                                    BASE RADIUS         
     2                                                      MAP DIMENSION       
   450.0 450.0   0.0                                        HGT1 / HGT2 / DHGT  
    87.5 -87.5  -2.5                                        LAT1 / LAT2 / DLAT  
  -180.0 180.0   5.0                                        LON1 / LON2 / DLON  
    -1                                                      EXPONENT            
TEC values in 0.1 tec units;  9999, if no value available   COMMENT             
DCB values in nanoseconds, reference is Sum_of_SatDCBs = 0  COMMENT             
                                                            END OF HEADER       
[from data line 4290]
    11                                                      START OF TEC MAP    
  2021     3    30    20     0     0                        EPOCH OF CURRENT MAP
    87.5-180.0 180.0   5.0 450.0                            LAT/LON1/LON2/DLON/H
   72   73   73   73   74   74   74   74   74   74   74   74   74   74   74   74
   73   73   73   73   72   72   71   71   70   70   69   69   68   68   67   67
   66   66   66   65   65   65   65   65   65   65   64   65   65   65   65   66
   66   66   66   67   68   68   68   68   69   69   69   70   70   70   70   70
   71   71   71   71   71   72   72   72   72
    85.0-180.0 180.0   5.0 450.0                            LAT/LON1/LON2/DLON/H
   72   73   73   73   74   75   75   75   76   77   77   78   78   78   79   79
   79   79   79   78   77   76   76   74   73   72   71   69   69   68   67   66
   65   64   63   63   62   62   62   61   61   62   62   62   62   62   63   63
   64   64   65   66   67   67   68   69   69   70   70   71   71   71   71   71
   70   71   70   70   71   71   71   72   72
    82.5-180.0 180.0   5.0 450.0                            LAT/LON1/LON2/DLON/H
   71   71   72   73   74   75   76   78   79   81   82   83   84   85   86   86
   86   86   85   83   82   81   80   78   77   75   73   72   70   68   66   64
   63   61   60   59   58   58   57   57   57   57   58   58   59   60   61   62
   63   63   64   65   65   66   67   68   69   70   70   70   70   70   69   69
   69   69   68   69   69   69   70   70   71
    80.0-180.0 180.0   5.0 450.0                            LAT/LON1/LON2/DLON/H
   69   70   71   72   74   76   78   80   82   84   86   87   88   89   90   91
   91   91   90   89   88   87   85   82   79   78   76   74   71   69   67   65
   62   60   59   57   56   55   55   54   54   54   55   56   56   57   57   59
   60   62   63   63   64   65   65   66   66   67   67   67   66   66   66   66
   65   66   66   66   67   67   67   68   69
    77.5-180.0 180.0   5.0 450.0                            LAT/LON1/LON2/DLON/H
   67   69   70   72   74   76   78   81   83   86   87   89   91   94   94   95
   95   95   94   93   92   91   90   88   85   82   79   76   74   71   68   65
   62   60   58   56   54   53   53   52   52   52   52   53   53   54   55   56
   57   59   60   61   62   62   62   62   62   62   61   61   61   61   60   61
   61   61   62   63   63   64   65   66   67
    75.0-180.0 180.0   5.0 450.0                            LAT/LON1/LON2/DLON/H
   66   68   70   72   74   76   79   82   84   87   89   93   95   96   97   98
   98   98   98   97   97   96   93   92   89   86   83   78   75   72   69   66
   63   60   57   55   53   52   50   50   49   49   49   49   50   50   51   51
   52   55   56   57   57   57   57   56   56   55   54   53   53   53   53   54
   55   56   57   59   60   62   63   65   66
    72.5-180.0 180.0   5.0 450.0                            LAT/LON1/LON2/DLON/H
   66   68   70   72   74   77   80   83   86   90   93   96   98  100  102  103
  103  102  101  100  100   98   96   94   91   88   85   80   76   73   69   66
   63   60   57   54   52   50   48   47   46   46   45   45   45   45   45   46
   47   49   50   51   51   51   50   49   48   47   46   46   45   45   46   47
   48   51   53   55   58   60   62   64   66
    70.0-180.0 180.0   5.0 450.0                            LAT/LON1/LON2/DLON/H
   68   71   73   75   77   80   83   86   90   93   95   98  101  103  106  106
  105  104  103  104  103  100   98   96   94   91   86   83   78   74   70   66
   63   59   56   53   50   48   46   45   44   42   41   41   39   39   39   40
   41   42   43   43   44   43   43   41   40   39   38   37   37   37   39   40
   43   46   49   53   56   60   63   65   68
    67.5-180.0 180.0   5.0 450.0                            LAT/LON1/LON2/DLON/H
   71   74   77   79   81   84   87   90   92   95   98  101  104  106  108  109
  108  107  106  106  105  102  101   99   96   93   88   84   79   75   71   67
   63   59   56   53   50   47   45   43   41   40   39   37   36   35   34   35
   35   36   35   35   36   35   35   33   33   32   31   31   31   32   33   36
   38   42   47   51   56   61   64   68   71
    65.0-180.0 180.0   5.0 450.0                            LAT/LON1/LON2/DLON/H
   75   78   81   84   86   88   91   93   95   98  101  104  107  109  110  111
  111  110  110  109  108  106  104  101   98   95   91   86   82   78   74   69
   65   61   57   53   50   47   45   43   41   39   37   36   34   33   32   31
   31   31   31   30   30   29   29   28   27   27   27   27   28   30   31   34
   37   41   46   52   56   62   66   71   75
    62.5-180.0 180.0   5.0 450.0                            LAT/LON1/LON2/DLON/H
   78   82   86   89   91   93   95   97   99  101  104  106  109  110  112  113
  114  114  113  113  111  110  107  105  102   99   94   91   87   84   79   75
   70   65   61   57   53   49   46   44   42   40   38   37   35   33   32   30
   30   30   30   29   29   28   27   26   26   26   27   27   29   31   33   36
   39   43   47   52   58   63   68   73   78
    60.0-180.0 180.0   5.0 450.0                            LAT/LON1/LON2/DLON/H
   80   85   90   93   96   98  100  101  102  104  106  108  110  112  114  116
  117  117  116  117  114  113  111  108  106  102   99   96   93   90   86   82
   77   71   65   60   55   51   48   46   45   43   42   39   37   37   36   34
   34   33   33   32   32   31   30   30   30   30   32   33   35   36   39   41
   44   47   51   54   59   64   70   74   80
    57.5-180.0 180.0   5.0 450.0                            LAT/LON1/LON2/DLON/H
   81   87   93   97  100  103  105  105  106  107  108  109  111  113  116  118
  118  119  120  119  116  115  113  110  108  106  103  101   99   97   94   90
   85   77   70   64   58   54   51   50   49   48   47   45   43   43   42   41
   41   40   40   39   39   38   38   38   38   39   40   42   44   45   47   49
   50   52   55   58   62   66   70   76   81
    55.0-180.0 180.0   5.0 450.0                            LAT/LON1/LON2/DLON/H
   83   90   95  100  105  108  109  111  110  111  111  111  112  114  117  119
  120  121  121  120  117  117  114  111  110  109  107  107  106  105  102   98
   92   84   75   68   62   57   54   54   54   54   53   53   51   51   50   49
   49   49   49   49   47   47   47   47   48   49   51   53   54   55   56   57
   57   59   60   62   65   68   72   77   83
    52.5-180.0 180.0   5.0 450.0                            LAT/LON1/LON2/DLON/H
   86   92   98  104  109  113  115  116  116  115  115  114  115  116  118  120
  121  121  120  118  116  115  114  111  111  111  111  111  112  112  110  105
   98   89   80   72   66   61   59   59   59   60   60   60   60   59   59   58
   58   59   59   58   57   55   56   56   57   60   62   64   65   65   64   64
   63   64   65   67   69   72   75   79   86
    50.0-180.0 180.0   5.0 450.0                            LAT/LON1/LON2/DLON/H
   89   95  102  108  114  118  121  122  123  122  121  120  120  119  120  121
  121  121  119  117  114  113  112  112  112  113  114  116  117  118  116  111
  102   93   83   74   68   64   63   63   65   65   66   67   67   67   67   66
   66   67   68   66   64   63   63   63   65   69   72   74   74   72   69   68
   67   67   68   71   73   76   79   83   89
    47.5-180.0 180.0   5.0 450.0                            LAT/LON1/LON2/DLON/H
   94  100  106  112  118  123  127  129  130  130  129  127  126  124  123  122
  122  121  119  117  114  113  112  113  114  117  118  120  121  122  119  113
  104   94   84   76   70   67   67   67   68   70   71   71   72   72   72   72
   73   75   75   74   72   70   71   72   73   76   78   80   80   77   73   70
   68   69   70   74   77   80   83   88   94
    45.0-180.0 180.0   5.0 450.0                            LAT/LON1/LON2/DLON/H
  100  106  111  116  122  128  133  136  137  138  138  136  133  130  127  126
  125  124  123  121  118  116  115  116  118  121  122  123  124  124  120  113
  104   95   85   77   72   70   70   70   71   72   72   74   74   75   77   79
   80   82   82   82   80   78   78   78   80   81   82   83   82   80   74   70
   69   69   72   76   81   85   89   93  100
    42.5-180.0 180.0   5.0 450.0                            LAT/LON1/LON2/DLON/H
  105  111  116  120  126  132  138  141  143  145  147  145  142  137  133  131
  130  130  129  127  123  121  121  122  123  126  127  126  125  123  119  113
  104   95   86   79   74   72   72   71   71   72   73   75   77   79   81   83
   85   88   88   88   86   84   82   82   84   85   85   85   84   80   74   70
   68   70   74   79   84   89   94   99  105
    40.0-180.0 180.0   5.0 450.0                            LAT/LON1/LON2/DLON/H
  111  116  121  125  129  134  140  145  149  151  155  154  151  146  141  138
  137  137  136  135  131  129  128  128  130  132  131  129  127  124  120  115
  108  100   90   83   78   76   75   73   73   73   74   77   80   83   86   87
   89   92   93   93   91   87   85   84   86   87   87   86   83   79   73   68
   66   69   74   82   88   93   98  104  111
    37.5-180.0 180.0   5.0 450.0                            LAT/LON1/LON2/DLON/H
  115  121  126  129  132  136  142  147  152  156  161  162  160  155  149  146
  145  146  145  144  140  138  136  137  138  138  137  135  132  129  127  123
  117  110  100   91   85   81   79   77   76   75   77   80   84   86   88   89
   90   92   94   94   93   89   86   85   86   87   86   85   82   77   71   67
   65   67   73   82   89   95  101  108  115
    35.0-180.0 180.0   5.0 450.0                            LAT/LON1/LON2/DLON/H
  118  125  130  134  136  139  143  148  153  159  166  169  168  164  158  155
  154  154  154  152  149  146  144  144  145  145  144  143  141  141  142  139
  134  125  114  103   95   90   86   83   80   80   81   85   88   89   90   90
   90   90   92   92   91   89   86   84   84   84   84   82   80   75   70   65
   63   65   71   80   89   95  103  110  118
    32.5-180.0 180.0   5.0 450.0                            LAT/LON1/LON2/DLON/H
  120  128  134  139  141  142  144  148  153  160  169  175  175  172  167  164
  162  162  161  160  156  153  151  150  152  153  154  156  158  161  164  164
  159  148  134  120  109  101   96   91   88   86   88   92   94   94   91   88
   87   87   88   89   89   88   85   83   82   81   80   79   77   73   67   63
   61   63   70   79   88   95  104  112  120
    30.0-180.0 180.0   5.0 450.0                            LAT/LON1/LON2/DLON/H
  123  132  139  143  146  147  148  150  154  161  171  178  181  180  176  173
  171  168  166  164  160  157  156  157  160  164  169  174  180  187  193  193
  189  176  157  139  124  112  105  101   96   94   95  100  101   98   91   86
   84   83   84   85   86   86   84   82   80   79   77   76   73   70   66   61
   59   62   69   78   87   95  104  115  123
    27.5-180.0 180.0   5.0 450.0                            LAT/LON1/LON2/DLON/H
  127  136  143  148  152  155  155  155  157  164  174  182  186  187  185  182
  178  173  169  166  163  162  162  165  171  179  187  197  207  217  226  231
  224  207  183  158  138  123  116  110  105  102  102  104  105   99   90   84
   81   79   80   82   83   83   83   81   79   77   75   73   71   67   63   60
   58   61   68   77   87   95  105  117  127
    25.0-180.0 180.0   5.0 450.0                            LAT/LON1/LON2/DLON/H
  130  139  147  155  160  164  165  164  165  170  180  188  192  194  193  191
  185  179  173  170  168  168  172  177  186  199  212  225  235  248  260  266
  259  240  209  178  150  135  125  117  110  107  107  107  106   99   90   83
   79   78   78   80   81   81   81   78   76   74   72   70   67   64   62   59
   58   61   68   78   88   97  107  119  130
    22.5-180.0 180.0   5.0 450.0                            LAT/LON1/LON2/DLON/H
  134  144  153  162  169  175  177  176  177  181  188  196  200  202  202  201
  194  188  180  178  178  181  188  197  210  226  243  255  265  277  290  294
  292  266  234  196  159  141  130  120  114  110  109  108  105   97   88   82
   79   78   78   79   81   81   79   77   74   71   68   65   62   61   59   57
   57   61   69   80   91  101  111  123  134
    20.0-180.0 180.0   5.0 450.0                            LAT/LON1/LON2/DLON/H
  138  148  158  168  177  186  191  193  193  196  202  206  210  212  213  212
  207  200  193  193  195  203  214  226  240  259  274  285  292  301  311  315
  311  284  246  207  165  142  130  121  115  112  111  108  103   96   89   84
   81   81   80   82   83   81   78   75   72   68   65   61   58   58   57   56
   56   61   70   82   94  106  116  127  138
    17.5-180.0 180.0   5.0 450.0                            LAT/LON1/LON2/DLON/H
  144  153  164  175  186  197  205  210  212  214  218  219  221  224  226  226
  222  216  211  213  220  233  247  260  275  293  305  309  312  315  319  320
  311  285  244  200  163  139  127  120  117  113  110  107  103   97   91   89
   87   86   85   85   85   82   78   76   72   68   63   59   56   55   54   53
   54   59   70   84   98  110  122  133  144
    15.0-180.0 180.0   5.0 450.0                            LAT/LON1/LON2/DLON/H
  151  161  172  184  195  208  219  227  231  232  236  235  234  237  241  244
  241  238  236  241  253  270  285  298  311  324  331  329  324  319  316  312
  298  268  230  189  156  135  124  120  118  114  111  108  104  100   97   97
   96   94   91   90   88   85   81   78   74   69   64   59   55   54   53   52
   53   58   70   86  102  116  128  140  151
    12.5-180.0 180.0   5.0 450.0                            LAT/LON1/LON2/DLON/H
  158  169  181  194  207  220  232  242  250  252  253  253  249  252  258  263
  264  264  266  275  290  310  325  335  343  350  350  340  327  316  307  298
  281  252  218  182  153  135  126  122  119  115  113  111  108  106  106  108
  108  105  100   97   93   89   85   82   77   73   67   60   56   54   52   52
   52   57   70   87  104  120  133  146  158
    10.0-180.0 180.0   5.0 450.0                            LAT/LON1/LON2/DLON/H
  164  177  190  204  218  232  246  258  267  269  269  268  265  268  276  283
  288  292  298  310  327  348  362  367  368  367  359  344  326  310  299  285
  269  245  212  181  157  142  134  128  125  121  119  118  115  115  117  119
  119  116  110  105   99   93   89   85   81   76   69   62   57   54   53   52
   53   57   70   87  105  122  137  151  164
     7.5-180.0 180.0   5.0 450.0                            LAT/LON1/LON2/DLON/H
  168  183  198  213  229  246  261  275  283  285  283  280  279  284  294  303
  311  318  329  343  359  377  387  388  383  375  361  343  324  307  293  282
  267  245  216  190  170  157  149  142  135  131  130  127  125  125  126  128
  127  123  117  110  103   96   91   87   83   78   71   64   59   56   55   53
   53   58   69   86  105  123  139  153  168
     5.0-180.0 180.0   5.0 450.0                            LAT/LON1/LON2/DLON/H
  170  187  203  221  240  259  276  291  299  300  296  293  292  298  309  321
  331  341  353  369  386  398  402  399  389  376  359  340  322  306  295  284
  270  251  227  205  190  179  169  159  149  143  141  137  134  133  133  132
  131  124  118  109  102   95   90   86   83   78   72   65   60   57   56   55
   54   59   69   85  103  121  138  153  170
     2.5-180.0 180.0   5.0 450.0                            LAT/LON1/LON2/DLON/H
  168  186  205  226  248  270  289  302  311  313  308  304  303  310  322  337
  348  359  371  387  402  412  411  403  390  373  356  337  322  310  300  290
  278  261  241  224  211  201  190  176  162  155  151  146  141  138  135  131
  127  120  112  104   97   90   86   83   80   76   71   65   60   58   57   56
   55   59   68   83  101  119  135  151  168
