ionex_files/corrected/COD0OPSFIN_20231120000_01D_01H_GIM.INX
     1.0            IONOSPHERE MAPS     GNSS                IONEX VERSION / TYPE
ADDNEQ2 V5.5        AIUB                26-APR-23 21:34     PGM / RUN BY / DATE 
CODE'S GLOBAL IONOSPHERE MAPS FOR DAY 112, 2023             COMMENT             
Global ionosphere maps (GIM) are generated on a daily basis DESCRIPTION         
at CODE using data from about 300 GNSS sites of the IGS and DESCRIPTION         
other institutions. The vertical total electron content     DESCRIPTION         
(VTEC) is modeled in a solar-geomagnetic reference frame    DESCRIPTION         
using a spherical harmonics expansion up to degree and      DESCRIPTION         
order 15. Piece-wise linear functions are used for          DESCRIPTION         
representation in the time domain. The time spacing of      DESCRIPTION         
their vertices is 1 hour, conforming with the epochs of the DESCRIPTION         
VTEC maps.                                                  DESCRIPTION         
To convert line-of-sight TEC into vertical TEC, a modified  DESCRIPTION         
single-layer model mapping function approximating the JPL   DESCRIPTION         
extended slab model mapping function is adopted. The        DESCRIPTION         
mapping function is evaluated at geodetic satellite         DESCRIPTION         
elevation angles. For the computation of the ionospheric    DESCRIPTION         
pierce points, a spherical layer with a radius of 6821 km   DESCRIPTION         
is assumed, implying geocentric, not geodetic IONEX         DESCRIPTION         
latitudes.                                                  DESCRIPTION         
Instrumental biases with respect to each involved GNSS code DESCRIPTION         
observable are estimated as constant values for each        DESCRIPTION         
day. They are modeled with one set of bias parameters for   DESCRIPTION         
each satellite and each station in case of GPS and for each DESCRIPTION         
satellite-station link in case of GLONASS. The code bias    DESCRIPTION         
datum is defined by zero-mean conditions imposed on the     DESCRIPTION         
satellite bias estimates. In this file, just GPS C1W-C2W    DESCRIPTION         
satellite and station bias values are included. The         DESCRIPTION         
complete set of GNSS code bias results is provided in an    DESCRIPTION         
additional Bias-SINEX file as pseudo-absolute values        DESCRIPTION         
specific to each observable.                                DESCRIPTION         
Note: These GIM results correspond to the results for the   DESCRIPTION         
middle day of a 3-day combination analysis solving for 73   DESCRIPTION         
times 256, or 18688 VTEC parameters and 3 daily sets of     DESCRIPTION         
GNSS code bias parameters.                                  DESCRIPTION         
Contact address: code(at)aiub.unibe.ch                      DESCRIPTION         
Data archive:    ftp.aiub.unibe.ch/CODE/                    DESCRIPTION         
                 www.aiub.unibe.ch/download/CODE/           DESCRIPTION         
  2023     4    22     0     0     0                        EPOCH OF FIRST MAP  
  2023     4    23     0     0     0                        EPOCH OF LAST MAP   
  3600                                                      INTERVAL            
[...]
brux bshm cags cas1 ccj2 cedu chpg chpi chti chur cnmr coco COMMENT             
cord cpvg cpxf crar cro1 daej darw dav1 dgar dhlg drao dubo COMMENT             
ebre faa1 fair flin flrs frdn ftna func ganp glps glsv gode COMMENT             
godz gol2 gold gope gras graz guam guug harb hers hert hlfx COMMENT             
hnpt hob2 hofn holb hrao hyde iddr ieng iisc ineg invk iqal COMMENT             
isba jog2 joz2 joze kerg kir0 kiri kiru kit3 kokb kokv kouc COMMENT             
koug kour krgg lama laut lmmf lpal lpgs m0se mac1 madr mal2 COMMENT             
mana mas1 mat1 mate maw1 mcm4 mdo1 mdvj medi mets mgue mizu COMMENT             
mkea mnls mobs morp mqzg mro1 mtka nano nico nist nium nklg COMMENT             
nlib nnor not1 nrc1 nrmd ntus nya1 nyal ohi2 onsa opmt ous2 COMMENT             
pado park pdel penc pert pie1 pimo pohn pol2 polv pots pove COMMENT             
prds ptag ptbb ptvl qaq1 quin rabt ramo reun reyk rgdg rio2 COMMENT             
riop salu samo sant savo sch2 scor sctb seyg sfer shao sofi COMMENT             
spt0 ssia sthl stjo stk2 str2 suth sutm suwn sydn syog tabv COMMENT             
tash thtg thti thu2 tid1 tidb tlse tn22 tong tow2 tro1 tsea COMMENT             
tskb tuva twtf txes uclu ufpr ulab unb3 unbj unsa urum usn7 COMMENT             
usud vald vill voim vtsp wab1 wab2 wark wgtn whit will wind COMMENT             
wsrt wtza wtzl wtzr wtzs wuhn xmis yar2 yar3 yarr yell ykro COMMENT             
zamb zeck zim2 zim3 zimm                                    COMMENT             
                                                            END OF HEADER       
[from data line 7722]
    19                                                      START OF TEC MAP    
  2023     4    22    18     0     0                        EPOCH OF CURRENT MAP
    87.5 -180.0 180.0   5.0 450.0                            LAT/LON1/LON2/DLON/H
  193  195  197  200  203  206  209  211  214  217  220  222  225  227  229  231
  232  233  234  235  235  235  235  235  234  233  232  231  229  228  226  224
  223  221  219  217  215  213  211  209  207  205  204  202  200  199  197  196
  194  193  192  191  189  188  187  186  185  185  184  183  183  182  182  182
  182  183  184  185  186  187  189  191  193
    85.0 -180.0 180.0   5.0 450.0                            LAT/LON1/LON2/DLON/H
  164  168  173  179  185  191  198  204  211  217  223  228  233  238  242  245
  248  250  251  252  252  252  251  249  247  245  242  240  236  233  230  226
  223  219  215  212  209  205  202  199  197  194  192  190  188  186  185  183
  182  180  179  177  176  174  172  170  168  166  163  161  159  157  155  154
  153  152  152  152  153  155  157  160  164
    82.5 -180.0 180.0   5.0 450.0                            LAT/LON1/LON2/DLON/H
  131  137  144  152  161  171  181  191  201  210  219  228  235  241  247  251
  254  256  257  258  257  256  254  251  248  245  241  237  232  228  223  218
  214  209  205  201  197  193  190  187  184  182  180  179  178  177  177  176
  176  176  175  174  173  172  169  167  163  160  155  151  146  142  137  133
  129  125  123  121  120  121  123  126  131
    80.0 -180.0 180.0   5.0 450.0                            LAT/LON1/LON2/DLON/H
  102  108  117  127  138  150  163  176  189  201  212  222  230  237  243  247
  250  251  252  251  250  248  246  242  239  235  230  226  221  216  212  207
  202  198  194  190  186  183  180  177  175  173  172  172  173  174  176  178
  180  181  183  183  183  182  179  176  172  167  161  155  148  140  133  125
  118  111  105  101   97   95   96   98  102
    77.5 -180.0 180.0   5.0 450.0                            LAT/LON1/LON2/DLON/H
   86   92  100  111  123  137  152  166  180  193  205  215  223  229  234  236
  238  238  238  237  235  233  231  228  225  221  217  213  209  205  200  197
  193  190  187  184  181  178  176  173  171  170  170  171  174  177  181  186
  190  195  198  200  201  200  198  194  189  183  176  169  160  151  142  133
  123  114  105   97   90   86   83   83   86
    75.0 -180.0 180.0   5.0 450.0                            LAT/LON1/LON2/DLON/H
   88   92  100  110  122  136  150  165  179  191  202  211  217  221  223  224
  224  222  221  220  218  217  216  215  213  210  207  204  200  197  193  191
  188  187  186  184  183  181  179  176  174  173  173  175  178  183  190  197
  205  211  216  219  220  219  217  212  206  200  193  185  178  169  161  151
  141  131  121  111  102   95   90   88   88
    72.5 -180.0 180.0   5.0 450.0                            LAT/LON1/LON2/DLON/H
  107  109  115  123  134  147  160  174  186  197  206  212  216  217  217  215
  213  210  208  207  206  207  207  208  208  207  204  201  198  194  191  189
  189  189  190  190  190  189  187  184  181  179  178  179  183  190  198  207
  216  224  230  233  233  231  227  221  214  208  201  196  190  185  180  174
  166  158  149  139  129  120  113  109  107
    70.0 -180.0 180.0   5.0 450.0                            LAT/LON1/LON2/DLON/H
  137  137  141  147  156  167  179  190  201  210  217  221  222  221  219  215
  210  206  204  202  203  204  207  209  211  211  209  205  201  196  193  191
  191  193  196  199  201  201  198  194  189  185  182  183  186  193  202  212
  221  229  234  236  234  229  222  214  206  200  195  192  191  191  191  190
  188  184  178  171  162  154  146  140  137
    67.5 -180.0 180.0   5.0 450.0                            LAT/LON1/LON2/DLON/H
  169  168  170  174  182  191  201  211  220  227  233  235  235  233  229  224
  219  214  210  208  208  210  214  217  219  220  217  213  206  200  196  193
  194  198  203  208  211  211  209  203  196  190  185  183  185  191  199  208
  217  223  226  225  219  211  201  191  182  176  173  173  176  182  188  194
  198  200  200  197  192  185  178  173  169
    65.0 -180.0 180.0   5.0 450.0                            LAT/LON1/LON2/DLON/H
  192  191  193  197  204  212  221  231  239  246  252  254  254  252  249  243
  237  231  226  223  221  222  224  227  229  229  226  220  212  204  198  195
  197  201  208  215  219  221  218  211  202  194  186  182  182  186  191  198
  204  207  206  201  193  181  169  157  147  141  139  142  149  159  170  181
  192  200  206  208  207  204  200  195  192
    62.5 -180.0 180.0   5.0 450.0                            LAT/LON1/LON2/DLON/H
  202  203  205  210  218  227  237  247  257  265  271  275  277  276  274  270
  264  257  250  243  238  235  234  235  235  234  229  223  214  206  200  197
  199  205  213  221  226  228  225  218  209  199  190  184  181  181  183  185
  185  184  180  172  161  147  133  121  111  105  104  108  116  127  141  155
  169  182  193  200  205  206  205  203  202
    60.0 -180.0 180.0   5.0 450.0                            LAT/LON1/LON2/DLON/H
  197  201  206  214  224  235  248  261  273  284  292  298  301  302  302  300
  295  288  278  267  256  247  241  237  234  231  226  220  213  207  202  202
  205  211  219  228  234  236  234  227  218  208  199  191  185  181  177  173
  168  161  153  143  131  118  105   93   84   79   78   81   87   97  109  122
  137  152  165  177  185  191  194  195  197
    57.5 -180.0 180.0   5.0 450.0                            LAT/LON1/LON2/DLON/H
  183  191  200  212  226  241  258  274  290  304  314  321  325  328  330  330
  327  319  307  291  273  256  243  233  226  222  218  214  210  208  208  210
  215  222  231  239  244  246  244  239  231  222  213  205  197  188  178  167
  156  144  133  123  112  102   92   83   75   70   68   69   72   77   84   93
  104  118  132  145  157  166  172  178  183
    55.0 -180.0 180.0   5.0 450.0                            LAT/LON1/LON2/DLON/H
  168  180  195  211  230  250  271  293  312  328  339  346  350  352  355  358
  357  350  335  314  289  265  243  227  216  210  207  206  208  212  218  225
  232  240  247  253  257  259  257  253  247  240  232  224  214  202  186  169
  152  137  124  115  108  102   96   90   86   82   79   76   75   73   73   76
   81   90  102  116  129  140  150  159  168
    52.5 -180.0 180.0   5.0 450.0                            LAT/LON1/LON2/DLON/H
  161  178  197  219  243  268  293  318  341  359  369  374  375  375  378  382
  383  378  363  338  308  276  248  225  210  202  199  202  210  220  232  244
  253  261  266  270  272  273  271  268  263  258  252  244  233  218  199  177
  157  140  128  121  118  116  115  113  110  107  104   99   93   87   80   75
   74   78   87   99  112  124  136  148  161
    50.0 -180.0 180.0   5.0 450.0                            LAT/LON1/LON2/DLON/H
  168  189  213  239  267  295  324  352  377  395  404  404  400  397  398  403
  407  404  389  363  329  293  260  233  214  203  200  205  216  232  249  264
  275  282  285  287  287  287  285  282  277  272  266  258  247  231  211  188
  167  151  141  137  138  140  141  142  140  138  134  129  122  112  102   92
   86   85   89   99  111  124  137  151  168
    47.5 -180.0 180.0   5.0 450.0                            LAT/LON1/LON2/DLON/H
  190  214  241  270  300  330  360  389  415  433  440  436  426  419  418  423
  429  428  416  390  356  319  283  253  231  217  213  217  229  245  264  280
  292  298  300  300  299  299  297  292  286  279  271  263  252  237  219  199
  180  167  159  158  160  164  166  166  165  163  161  157  151  143  132  121
  112  108  109  116  126  139  153  170  190
    45.0 -180.0 180.0   5.0 450.0                            LAT/LON1/LON2/DLON/H
  221  247  277  307  336  365  395  424  451  469  474  466  452  440  437  442
  449  451  441  419  387  352  317  287  263  245  237  237  245  259  275  290
  300  305  307  308  309  310  308  302  291  279  268  257  247  235  221  206
  192  183  178  177  179  181  182  181  178  177  176  175  174  170  163  154
  146  140  139  144  153  165  180  198  221
    42.5 -180.0 180.0   5.0 450.0                            LAT/LON1/LON2/DLON/H
  253  281  311  340  367  393  421  450  477  496  501  493  477  462  457  461
  469  473  466  447  421  391  360  331  305  284  270  263  264  270  280  292
  300  306  310  314  320  324  323  313  297  277  260  246  236  227  219  210
  202  196  192  191  191  189  187  183  179  177  179  182  185  188  188  185
  180  175  172  174  181  193  209  229  253
    40.0 -180.0 180.0   5.0 450.0                            LAT/LON1/LON2/DLON/H
  278  307  335  362  385  408  432  460  488  509  518  513  498  484  479  482
  490  494  489  475  455  431  406  379  352  328  308  293  284  281  284  290
  298  306  314  324  336  345  345  332  309  281  256  238  226  220  216  213
  210  206  202  198  194  189  183  177  173  172  174  181  189  197  204  207
  206  203  199  199  204  215  231  253  278
    37.5 -180.0 180.0   5.0 450.0                            LAT/LON1/LON2/DLON/H
  290  318  345  368  388  406  428  455  484  510  525  526  517  507  503  505
  511  513  510  500  487  470  450  425  398  371  347  325  307  295  290  293
  302  314  328  345  364  378  379  363  333  297  265  242  228  222  221  220
  219  215  209  202  195  187  180  174  170  170  174  181  191  202  213  221
  223  220  215  211  214  224  241  263  290
    35.0 -180.0 180.0   5.0 450.0                            LAT/LON1/LON2/DLON/H
  286  314  339  360  376  391  411  438  470  501  523  534  534  530  528  530
  532  533  529  524  516  505  488  465  437  409  383  358  334  316  307  310
  323  341  361  384  408  425  426  407  371  329  292  264  248  239  236  235
  232  226  217  207  198  190  185  181  180  182  187  193  200  209  220  228
  231  227  219  211  210  218  235  259  286
    32.5 -180.0 180.0   5.0 450.0                            LAT/LON1/LON2/DLON/H
  271  299  323  341  356  369  389  416  451  487  518  539  551  555  556  556
  555  552  549  546  543  536  520  495  466  439  415  392  369  350  343  350
  369  393  418  443  467  483  482  459  419  374  334  305  285  271  263  257
  251  241  230  218  209  205  205  207  211  215  219  222  223  225  230  234
  234  227  214  202  197  202  219  243  271
    30.0 -180.0 180.0   5.0 450.0                            LAT/LON1/LON2/DLON/H
  252  280  304  321  335  350  370  399  435  476  514  546  568  580  584  583
  579  574  570  569  569  563  545  517  487  463  445  430  413  400  400  416
  444  473  498  519  537  546  538  510  467  422  384  355  332  313  298  286
  275  262  249  238  233  234  240  249  259  267  271  269  261  253  247  244
  238  225  207  189  179  182  198  223  252
    27.5 -180.0 180.0   5.0 450.0                            LAT/LON1/LON2/DLON/H
  234  263  288  307  322  339  361  392  430  472  515  555  586  606  614  612
  606  599  595  595  596  588  567  534  503  483  475  472  467  465  476  504
  541  573  593  603  607  603  583  546  501  459  427  401  378  354  332  315
  301  288  276  268  268  275  287  302  317  329  333  327  310  290  272  258
  244  226  202  179  165  165  179  204  234
    25.0 -180.0 180.0   5.0 450.0                            LAT/LON1/LON2/DLON/H
  223  255  282  303  321  340  365  397  435  477  522  567  605  630  642  642
  635  628  624  624  624  613  586  549  517  503  507  518  529  541  566  606
  650  680  689  682  666  642  606  557  508  470  446  428  407  382  357  338
  326  317  310  307  311  322  337  354  372  387  392  383  360  329  300  276
  254  230  202  175  157  155  168  192  223
    22.5 -180.0 180.0   5.0 450.0                            LAT/LON1/LON2/DLON/H
  221  255  285  309  330  352  380  413  450  490  534  580  622  653  668  671
  666  661  657  657  653  638  606  566  535  527  543  569  594  621  659  708
  755  779  773  744  705  657  600  538  483  449  434  425  410  387  365  352
  348  347  347  349  356  366  380  395  411  427  434  426  400  363  325  293
  265  238  207  178  159  154  165  189  221
    20.0 -180.0 180.0   5.0 450.0                            LAT/LON1/LON2/DLON/H
  224  260  293  321  344  369  399  433  468  505  545  590  635  670  691  698
  699  696  693  690  682  662  628  587  559  559  585  622  658  695  741  795
  840  854  831  781  718  648  570  491  429  396  389  390  383  369  357  356
  365  376  385  391  396  403  409  416  428  441  450  444  419  381  341  305
  274  245  214  186  166  160  169  192  224
    17.5 -180.0 180.0   5.0 450.0                            LAT/LON1/LON2/DLON/H
  229  266  303  333  358  385  416  451  484  517  553  596  641  680  707  722
  730  732  730  723  709  685  651  614  592  598  631  674  715  756  804  857
  895  896  857  790  711  623  526  431  359  325  323  332  336  334  337  355
  381  406  422  429  430  427  422  419  422  431  439  436  415  381  342  306
  276  247  219  193  174  168  175  196  229
    15.0 -180.0 180.0   5.0 450.0                            LAT/LON1/LON2/DLON/H
  229  268  306  339  366  393  425  460  493  523  555  595  641  683  717  741
  758  766  764  752  733  707  676  647  633  645  680  723  762  800  843  888
  915  903  853  778  691  594  486  378  295  257  256  272  285  297  319  356
  400  436  457  462  456  442  425  410  402  404  409  407  391  362  328  296
  269  243  218  196  180  173  179  198  229
    12.5 -180.0 180.0   5.0 450.0                            LAT/LON1/LON2/DLON/H
  223  262  303  337  365  393  426  462  495  523  552  590  634  680  720  753
  780  795  794  778  753  727  703  684  680  697  729  766  798  827  859  891
  904  882  828  755  673  578  466  351  260  216  213  231  252  277  316  370
  427  469  490  489  475  452  425  400  383  376  375  370  355  330  302  276
  253  232  211  192  179  174  178  194  223
    10.0 -180.0 180.0   5.0 450.0                            LAT/LON1/LON2/DLON/H
  210  249  292  329  358  387  421  459  493  521  548  583  627  673  718  759
  794  816  816  798  771  747  731  725  731  749  777  803  823  839  857  873
  872  844  794  734  668  586  481  365  270  220  213  229  253  287  337  401
  463  504  519  511  489  461  430  400  377  361  350  336  318  295  272  251
  233  216  198  183  173  169  172  184  210
     7.5 -180.0 180.0   5.0 450.0                            LAT/LON1/LON2/DLON/H
  195  232  277  318  350  381  417  457  494  523  549  581  622  667  713  759
  800  828  832  814  788  768  762  767  781  799  818  832  838  841  844  845
  833  802  762  723  682  622  531  422  329  276  264  275  297  333  386  450
  506  538  541  525  499  471  443  416  391  368  344  318  291  265  243  227
  213  198  184  171  164  161  162  172  195
     5.0 -180.0 180.0   5.0 450.0                            LAT/LON1/LON2/DLON/H
  180  217  264  309  347  381  421  465  504  535  561  590  626  667  710  755
  799  832  841  827  805  791  794  808  826  841  850  851  845  836  828  817
  796  767  740  726  714  679  608  514  428  375  358  362  378  409  456  509
  550  563  553  529  504  482  464  446  424  395  359  317  278  245  222  207
  195  183  170  160  154  153  153  160  180
     2.5 -180.0 180.0   5.0 450.0                            LAT/LON1/LON2/DLON/H
  171  207  257  307  351  391  436  484  527  560  585  610  641  675  710  750
  792  828  845  839  823  815  825  844  862  871  869  859  844  828  812  793
  768  743  731  739  752  742  694  618  544  496  475  471  477  498  531  564
  581  573  547  519  498  488  483  478  464  433  387  332  278  236  209  194
  184  173  160  151  147  146  147  153  171
