ionex_files/corrected/COD0OPSFIN_20250830000_01D_01H_GIM.INX
     1.0            IONOSPHERE MAPS     GNSS                IONEX VERSION / TYPE
ADDNEQ2 V5.5        AIUB                28-MAR-25 19:02     PGM / RUN BY / DATE 
CODE'S GLOBAL IONOSPHERE MAPS FOR DAY 083, 2025             COMMENT             
Global ionosphere maps (GIM) are generated on a daily basis DESCRIPTION         
at CODE using data from about 300 GNSS sites of the IGS and DESCRIPTION         
other institutions. The vertical total electron content     DESCRIPTION         
(VTEC) is modeled in a solar-geomagnetic reference frame    DESCRIPTION         
using a spherical harmonics expansion up to degree and      DESCRIPTION         
order 15. Piece-wise linear functions are used for          DESCRIPTION         
representation in the time domain. The time spacing of      DESCRIPTION         
their vertices is 1 hour, conforming with the epochs of the DESCRIPTION         
VTEC maps.                                                  DESCRIPTION         
To convert line-of-sight TEC into vertical TEC, a modified  DESCRIPTION         
single-layer model mapping function approximating the JPL   DESCRIPTION         
extended slab model mapping function is adopted. The        DESCRIPTION         
mapping function is evaluated at geodetic satellite         DESCRIPTION         
elevation angles. For the computation of the ionospheric    DESCRIPTION         
pierce points, a spherical layer with a radius of 6821 km   DESCRIPTION         
is assumed, implying geocentric, not geodetic IONEX         DESCRIPTION         
latitudes.                                                  DESCRIPTION         
Instrumental biases with respect to each involved GNSS code DESCRIPTION         
observable are estimated as constant values for each        DESCRIPTION         
day. They are modeled with one set of bias parameters for   DESCRIPTION         
each satellite and each station in case of GPS and for each DESCRIPTION         
satellite-station link in case of GLONASS. The code bias    DESCRIPTION         
datum is defined by zero-mean conditions imposed on the     DESCRIPTION         
satellite bias estimates. In this file, just GPS C1W-C2W    DESCRIPTION         
satellite and station bias values are included. The         DESCRIPTION         
complete set of GNSS code bias results is provided in an    DESCRIPTION         
additional Bias-SINEX file as pseudo-absolute values        DESCRIPTION         
specific to each observable.                                DESCRIPTION         
Note: These GIM results correspond to the results for the   DESCRIPTION         
middle day of a 3-day combination analysis solving for 73   DESCRIPTION         
times 256, or 18688 VTEC parameters and 3 daily sets of     DESCRIPTION         
GNSS code bias parameters.                                  DESCRIPTION         
Contact address: code(at)aiub.unibe.ch                      DESCRIPTION         
Data archive:    ftp.aiub.unibe.ch/CODE/                    DESCRIPTION         
                 www.aiub.unibe.ch/download/CODE/           DESCRIPTION         
  2025     3    24     0     0     0                        EPOCH OF FIRST MAP  
  2025     3    25     0     0     0                        EPOCH OF LAST MAP   
  3600                                                      INTERVAL            
[...]
azgb badg bake barh bjfs bndy boav bogo bogt bor1 braz brft COMMENT             
brst brux cags cas1 ccj2 cedu chpg chti chur ckis coco cord COMMENT             
cpvg cpxf cro1 daej darw dav1 dgar dhlg drao dubo faa1 fair COMMENT             
flin flrs frdn func ganp glps glsv gode gol2 gold gope gras COMMENT             
graz guam guug harb hers hert hlfx hnpt hob2 hofn holb hrao COMMENT             
iddr ieng iisc impz ineg invk iqal irkj jog2 joz2 karr kerg COMMENT             
kir0 kiri kiru kit3 kokb kokv koug kour krgg lama laut lmmf COMMENT             
lpal lpgs mac1 madr mal2 mana mas1 mat1 mate maui maw1 mcil COMMENT             
mcm4 mdo1 medi mgue mizu mkea mnls mobs morp mqzg mro1 mtka COMMENT             
nano naur nico nist nium nklg nlib nnor nrc1 ntus nya1 nyal COMMENT             
onsa opmt ous2 pado parc park pdel penc pert pie1 pimo pohn COMMENT             
pol2 pots pove ptag ptbb ptvl qaq1 quin rabt ramo reun reyk COMMENT             
rgdg rio2 roth salu samo sant savo sch2 scor scrz sctb scub COMMENT             
seyg sfer spt0 ssia sthl stjo stk2 str2 suth sutm suwn sydn COMMENT             
syog tash thtg thti thu2 tid1 tidb tlse tn22 tong tow2 tro1 COMMENT             
tskb twtf txes uclu ufpr ulab unb3 unbj unsa urum usn7 usud COMMENT             
vald vill vtsp wab1 wab2 wark wgtn whit will wind wsrt wtza COMMENT             
wtzr wtzs wtzz wuhn xmis yar2 yarr yell ykro zeck zim2 zim3 COMMENT             
zimm                                                        COMMENT             
                                                            END OF HEADER       
[from data line 4290]
    11                                                      START OF TEC MAP    
  2025     3    24    10     0     0                        EPOCH OF CURRENT MAP
    87.5 -180.0 180.0   5.0 450.0                            LAT/LON1/LON2/DLON/H
   82   85   87   90   93   95   98  101  104  106  109  112  114  117  119  121
  123  125  126  128  129  131  132  133  134  134  135  136  136  136  136  136
  135  135  134  133  131  130  128  126  123  121  118  115  112  109  106  102
   99   96   93   89   86   84   81   79   76   75   73   72   71   70   70   70
   70   71   72   73   74   76   78   80   82
    85.0 -180.0 180.0   5.0 450.0                            LAT/LON1/LON2/DLON/H
   85   89   94   98  103  107  112  117  121  125  129  133  136  140  142  145
  147  149  150  152  153  155  156  157  159  160  161  163  164  166  167  168
  169  170  170  170  170  168  166  164  161  157  152  147  142  136  130  123
  117  110  104   97   92   86   81   77   73   70   67   66   64   63   63   64
   64   66   67   70   72   75   78   82   85
    82.5 -180.0 180.0   5.0 450.0                            LAT/LON1/LON2/DLON/H
  110  114  118  122  127  131  136  141  145  150  153  157  159  161  163  164
  164  164  164  164  163  163  164  165  166  168  171  174  177  181  185  190
  194  198  202  205  207  209  209  208  205  202  197  191  185  177  169  160
  152  143  135  127  119  113  107  102   98   95   93   92   91   91   92   92
   94   95   97   98  100  102  105  107  110
    80.0 -180.0 180.0   5.0 450.0                            LAT/LON1/LON2/DLON/H
  153  153  153  155  157  160  164  167  170  173  175  176  177  176  175  173
  170  167  163  160  158  156  155  155  157  159  163  168  175  182  190  199
  208  217  225  233  240  245  249  251  251  249  245  240  234  226  217  209
  200  191  183  175  168  163  158  155  153  152  152  152  154  155  157  158
  159  159  159  158  157  156  154  153  153
    77.5 -180.0 180.0   5.0 450.0                            LAT/LON1/LON2/DLON/H
  201  195  191  188  187  187  188  189  190  190  190  189  186  182  177  171
  165  158  152  146  142  138  136  136  138  142  148  155  164  175  187  200
  213  227  240  253  265  275  283  288  291  292  290  286  281  275  267  260
  253  246  240  235  232  229  228  228  229  231  235  239  243  246  249  250
  250  247  243  238  231  223  215  208  201
    75.0 -180.0 180.0   5.0 450.0                            LAT/LON1/LON2/DLON/H
  241  229  220  213  208  205  204  203  202  200  197  192  187  180  172  163
  154  144  136  129  123  119  118  118  122  127  135  145  156  169  184  199
  216  234  251  268  284  298  310  318  324  326  326  324  320  316  312  308
  304  301  300  299  299  301  304  307  313  319  326  333  339  344  347  347
  344  338  329  317  303  287  271  256  241
    72.5 -180.0 180.0   5.0 450.0                            LAT/LON1/LON2/DLON/H
  261  244  230  221  215  211  209  207  205  201  196  189  181  172  162  152
  141  131  123  115  110  108  108  111  116  124  134  145  158  172  187  204
  222  241  261  281  300  316  330  341  347  351  351  350  348  346  345  345
  347  349  353  357  361  367  373  380  388  397  406  415  422  427  429  427
  420  409  393  374  352  328  304  281  261
    70.0 -180.0 180.0   5.0 450.0                            LAT/LON1/LON2/DLON/H
  252  232  218  210  205  203  203  202  200  196  189  181  172  162  152  143
  133  125  117  112  109  108  111  117  125  135  147  159  172  185  200  216
  233  253  273  294  314  332  347  358  364  367  367  366  365  365  367  372
  378  386  394  402  410  417  424  432  441  450  460  469  475  478  476  470
  457  440  417  391  363  333  303  276  252
    67.5 -180.0 180.0   5.0 450.0                            LAT/LON1/LON2/DLON/H
  214  197  186  181  181  184  187  190  189  186  179  171  163  154  146  139
  132  127  122  119  119  121  126  135  145  158  170  182  194  206  219  233
  249  267  287  309  329  348  362  373  378  380  378  376  375  376  381  390
  401  413  424  434  442  448  454  459  466  473  481  487  491  489  482  468
  449  424  396  364  331  298  267  238  214
    65.0 -180.0 180.0   5.0 450.0                            LAT/LON1/LON2/DLON/H
  159  146  140  141  148  157  166  173  175  173  167  160  153  147  143  140
  138  136  135  134  135  139  147  157  169  183  196  207  218  228  238  250
  265  283  304  325  346  365  379  388  392  392  389  385  384  386  393  405
  419  433  446  455  460  462  463  464  466  470  474  476  474  467  452  430
  402  370  337  302  268  236  206  180  159
    62.5 -180.0 180.0   5.0 450.0                            LAT/LON1/LON2/DLON/H
  103   94   93  100  113  128  143  153  158  158  154  149  144  142  143  145
  148  149  150  151  152  156  164  174  188  201  214  225  234  242  252  264
  280  299  321  343  365  383  398  406  410  408  403  399  397  400  408  422
  437  452  464  469  469  465  459  454  451  450  451  449  442  427  403  372
  336  298  261  227  195  166  141  120  103
    60.0 -180.0 180.0   5.0 450.0                            LAT/LON1/LON2/DLON/H
   65   58   59   69   84  103  120  133  139  141  139  136  136  138  143  150
  157  161  163  162  162  165  171  181  194  207  219  229  238  247  257  272
  291  313  337  362  384  404  418  427  430  429  424  419  418  421  431  445
  460  474  482  483  477  465  452  441  434  430  428  423  412  390  359  319
  276  233  194  162  136  114   95   78   65
    57.5 -180.0 180.0   5.0 450.0                            LAT/LON1/LON2/DLON/H
   59   49   47   54   68   85  101  114  121  123  124  124  127  134  143  153
  162  167  167  165  162  162  166  175  187  200  211  221  230  240  254  273
  297  325  353  380  404  424  439  449  454  454  451  447  447  450  460  474
  488  500  504  500  488  470  451  435  425  421  418  413  399  373  335  289
  240  195  158  131  112   98   85   72   59
    55.0 -180.0 180.0   5.0 450.0                            LAT/LON1/LON2/DLON/H
   89   72   62   60   66   77   89   98  104  107  110  113  120  129  140  152
  161  165  164  158  152  149  151  159  171  183  195  204  214  227  246  271
  302  335  368  398  423  443  458  470  478  481  481  480  481  485  493  505
  518  526  528  520  503  482  460  442  432  428  427  422  408  381  340  291
  240  195  161  141  131  126  119  106   89
    52.5 -180.0 180.0   5.0 450.0                            LAT/LON1/LON2/DLON/H
  148  121   98   84   79   80   84   87   91   94   99  106  115  125  137  148
  155  157  153  145  136  132  133  142  154  167  178  188  199  214  237  268
  306  345  382  414  439  458  474  488  500  508  512  514  516  519  526  536
  545  551  550  540  523  500  478  460  451  448  449  446  434  407  368  319
  270  227  199  186  186  189  186  172  148
    50.0 -180.0 180.0   5.0 450.0                            LAT/LON1/LON2/DLON/H
  220  182  146  119  102   93   87   84   84   88   95  104  115  125  134  142
  147  147  141  131  122  117  120  129  143  156  168  179  190  207  233  268
  310  354  394  426  450  470  487  503  519  533  541  546  548  550  554  560
  565  569  567  559  543  522  501  484  475  474  475  473  462  438  402  358
  313  275  252  246  254  265  266  251  220
    47.5 -180.0 180.0   5.0 450.0                            LAT/LON1/LON2/DLON/H
  283  237  192  156  131  113   99   90   86   90   99  111  121  129  134  139
  141  139  132  123  114  111  115  127  142  157  170  180  191  208  234  270
  314  360  401  434  458  477  496  516  537  555  567  573  574  574  575  576
  578  580  579  573  561  543  524  508  498  494  493  489  478  457  426  388
  348  315  296  296  310  327  333  318  283
    45.0 -180.0 180.0   5.0 450.0                            LAT/LON1/LON2/DLON/H
  319  271  224  186  159  137  118  104   98  101  112  124  133  137  138  139
  139  136  131  123  116  115  122  135  152  168  181  191  202  216  240  274
  316  362  405  438  463  483  504  528  554  576  591  597  597  594  591  588
  587  587  588  585  578  564  546  529  515  506  499  489  475  454  428  396
  361  331  312  313  331  354  365  354  319
    42.5 -180.0 180.0   5.0 450.0                            LAT/LON1/LON2/DLON/H
  319  276  235  204  181  162  143  126  117  120  130  142  148  149  146  144
  143  142  138  133  129  129  136  150  167  184  198  208  217  228  247  277
  316  361  405  441  468  491  516  544  574  599  615  620  618  613  608  603
  599  599  601  603  600  589  571  550  531  514  496  477  456  433  408  381
  349  317  295  292  308  334  352  348  319
    40.0 -180.0 180.0   5.0 450.0                            LAT/LON1/LON2/DLON/H
  286  255  226  207  196  184  168  151  141  142  151  160  164  161  156  153
  152  153  152  150  147  148  154  165  181  198  212  224  233  241  256  279
  315  359  405  445  477  505  534  567  600  627  642  646  643  638  633  628
  624  624  628  633  634  625  607  583  556  530  501  470  438  408  382  356
  323  286  254  241  251  277  300  305  286
    37.5 -180.0 180.0   5.0 450.0                            LAT/LON1/LON2/DLON/H
  236  217  203  200  203  201  191  175  164  163  169  175  175  171  165  163
  164  167  169  168  166  165  168  176  188  205  221  235  246  254  265  284
  317  361  410  456  495  528  561  598  633  661  675  678  676  673  672  670
  668  670  677  687  691  684  665  638  607  573  534  489  444  405  373  344
  307  261  215  185  184  205  232  244  236
    35.0 -180.0 180.0   5.0 450.0                            LAT/LON1/LON2/DLON/H
  190  182  179  188  203  212  208  194  182  178  180  182  180  175  171  171
  175  181  184  184  181  177  175  177  187  203  222  241  256  267  277  295
  327  373  427  480  524  562  599  637  674  700  713  716  717  721  727  732
  735  741  753  766  775  770  753  726  695  658  611  555  497  445  405  369
  326  269  206  158  140  151  175  191  190
    32.5 -180.0 180.0   5.0 450.0                            LAT/LON1/LON2/DLON/H
  170  165  166  181  202  216  216  206  193  186  183  181  177  173  172  176
  182  188  192  191  187  180  173  172  179  195  219  245  268  285  299  318
  352  401  460  518  567  607  645  683  718  743  755  760  767  781  797  812
  822  834  851  870  884  885  872  851  824  789  740  677  606  541  490  447
  397  329  251  184  147  143  158  170  170
    30.0 -180.0 180.0   5.0 450.0                            LAT/LON1/LON2/DLON/H
  189  178  174  184  202  216  218  209  197  187  180  174  169  166  169  175
  183  188  191  190  185  176  167  162  168  187  217  252  284  311  333  358
  394  447  510  571  621  660  696  732  764  787  798  806  821  846  875  900
  919  939  962  989 1009 1018 1014 1002  985  957  911  844  764  687  626  575
  519  446  358  275  219  196  195  196  189
    27.5 -180.0 180.0   5.0 450.0                            LAT/LON1/LON2/DLON/H
  247  223  206  202  208  215  215  208  197  186  175  165  159  158  163  170
  177  180  182  181  176  168  158  153  161  185  222  266  309  348  380  413
  454  510  574  634  682  717  748  779  807  828  840  852  875  910  950  985
 1013 1040 1071 1105 1134 1151 1158 1159 1154 1137 1097 1030  945  859  788  732
  676  604  515  424  351  307  285  269  247
    25.0 -180.0 180.0   5.0 450.0                            LAT/LON1/LON2/DLON/H
  334  294  258  234  222  217  213  208  200  189  175  161  152  151  157  163
  167  167  167  167  165  159  151  150  161  191  235  288  343  393  437  479
  526  583  645  701  743  772  796  821  846  865  878  894  924  967 1014 1055
 1089 1122 1160 1201 1237 1263 1281 1293 1300 1293 1261 1198 1112 1021  944  885
  834  771  691  601  517  454  409  373  334
    22.5 -180.0 180.0   5.0 450.0                            LAT/LON1/LON2/DLON/H
  430  376  324  279  247  227  217  214  210  200  184  167  155  151  153  156
  155  153  152  154  155  153  149  152  169  204  255  316  380  442  497  548
  599  656  714  765  799  821  838  857  879  897  911  931  965 1011 1060 1103
 1140 1176 1218 1262 1301 1333 1357 1378 1392 1393 1368 1311 1228 1137 1058  999
  956  911  849  769  683  604  539  483  430
    20.0 -180.0 180.0   5.0 450.0                            LAT/LON1/LON2/DLON/H
  516  457  395  334  283  249  234  232  232  224  207  185  167  158  154  151
  146  141  141  145  150  150  150  157  181  222  278  344  415  486  551  609
  664  719  773  817  845  861  873  889  908  926  942  964  998 1043 1088 1127
 1161 1198 1238 1280 1317 1347 1372 1394 1410 1413 1392 1343 1269 1182 1104 1048
 1015  991  954  892  811  723  643  575  516
    17.5 -180.0 180.0   5.0 450.0                            LAT/LON1/LON2/DLON/H
  578  525  464  396  332  286  266  265  268  261  242  215  191  173  161  151
  142  136  137  143  148  150  153  164  192  238  298  367  442  518  590  654
  712  766  816  855  879  892  902  917  936  954  971  994 1026 1064 1100 1131
 1159 1191 1226 1259 1286 1306 1323 1339 1349 1349 1332 1292 1229 1152 1077 1024
 1001  997  987  950  880  791  704  634  578
    15.0 -180.0 180.0   5.0 450.0                            LAT/LON1/LON2/DLON/H
  614  578  528  462  392  338  313  310  313  306  285  253  221  193  171  155
  144  139  141  147  151  152  154  167  199  248  310  381  457  536  611  680
  740  793  841  878  902  916  928  944  963  982 1000 1022 1050 1079 1103 1123
 1143 1167 1192 1210 1219 1222 1225 1227 1227 1220 1205 1176 1129 1064  994  943
  926  938  952  939  885  802  719  655  614
    12.5 -180.0 180.0   5.0 450.0                            LAT/LON1/LON2/DLON/H
  633  621  590  532  461  401  370  362  362  353  329  293  253  215  184  163
  151  149  152  155  155  152  152  166  200  250  313  384  459  538  616  686
  748  803  851  890  917  935  951  970  991 1011 1029 1050 1072 1091 1103 1112
 1124 1140 1152 1152 1139 1120 1103 1089 1076 1062 1049 1034 1005  955  890  838
  820  840  872  879  842  772  699  652  633
    10.0 -180.0 180.0   5.0 450.0                            LAT/LON1/LON2/DLON/H
  649  662  652  604  534  469  429  413  406  393  367  328  282  235  197  173
  164  164  167  166  159  151  149  163  196  248  311  380  454  531  608  679
  742  800  851  895  927  951  972  994 1017 1037 1056 1074 1092 1102 1105 1106
 1112 1121 1121 1102 1066 1026  991  962  937  918  911  910  900  863  803  746
  722  740  779  801  780  726  670  643  649
     7.5 -180.0 180.0   5.0 450.0                            LAT/LON1/LON2/DLON/H
  678  711  715  676  606  535  484  455  438  420  392  353  304  252  209  184
  178  181  183  176  162  149  146  160  194  245  307  375  447  521  594  664
  730  790  846  894  932  962  988 1013 1036 1056 1075 1093 1106 1111 1109 1107
 1112 1117 1108 1074 1021  965  917  879  849  829  828  841  846  822  764  700
  664  673  710  738  731  694  657  651  678
     5.0 -180.0 180.0   5.0 450.0                            LAT/LON1/LON2/DLON/H
  726  769  779  741  668  588  524  481  453  429  402  365  317  263  219  195
  192  197  196  184  165  150  148  163  198  247  308  375  443  513  582  649
  715  778  837  889  931  965  995 1022 1045 1064 1082 1099 1111 1114 1111 1111
 1119 1126 1114 1073 1012  951  901  863  833  817  822  845  861  844  786  713
  664  658  685  713  716  695  677  686  726
     2.5 -180.0 180.0   5.0 450.0                            LAT/LON1/LON2/DLON/H
  790  830  835  791  711  622  544  487  448  421  397  366  322  270  227  205
  204  210  206  189  168  156  158  176  210  258  316  380  445  509  573  636
  701  765  825  877  921  957  988 1015 1038 1057 1074 1091 1102 1106 1106 1111
 1126 1138 1130 1092 1037  983  943  914  892  881  892  918  936  918  858  779
  717  695  709  732  740  733  729  748  790
