ionex_files/corrected/COD0OPSFIN_20231140000_01D_01H_GIM.INX
     1.0            IONOSPHERE MAPS     GNSS                IONEX VERSION / TYPE
ADDNEQ2 V5.5        AIUB                28-APR-23 21:24     PGM / RUN BY / DATE 
CODE'S GLOBAL IONOSPHERE MAPS FOR DAY 114, 2023             COMMENT             
Global ionosphere maps (GIM) are generated on a daily basis DESCRIPTION         
at CODE using data from about 300 GNSS sites of the IGS and DESCRIPTION         
other institutions. The vertical total electron content     DESCRIPTION         
(VTEC) is modeled in a solar-geomagnetic reference frame    DESCRIPTION         
using a spherical harmonics expansion up to degree and      DESCRIPTION         
order 15. Piece-wise linear functions are used for          DESCRIPTION         
representation in the time domain. The time spacing of      DESCRIPTION         
their vertices is 1 hour, conforming with the epochs of the DESCRIPTION         
VTEC maps.                                                  DESCRIPTION         
To convert line-of-sight TEC into vertical TEC, a modified  DESCRIPTION         
single-layer model mapping function approximating the JPL   DESCRIPTION         
extended slab model mapping function is adopted. The        DESCRIPTION         
mapping function is evaluated at geodetic satellite         DESCRIPTION         
elevation angles. For the computation of the ionospheric    DESCRIPTION         
pierce points, a spherical layer with a radius of 6821 km   DESCRIPTION         
is assumed, implying geocentric, not geodetic IONEX         DESCRIPTION         
latitudes.                                                  DESCRIPTION         
Instrumental biases with respect to each involved GNSS code DESCRIPTION         
observable are estimated as constant values for each        DESCRIPTION         
day. They are modeled with one set of bias parameters for   DESCRIPTION         
each satellite and each station in case of GPS and for each DESCRIPTION         
satellite-station link in case of GLONASS. The code bias    DESCRIPTION         
datum is defined by zero-mean conditions imposed on the     DESCRIPTION         
satellite bias estimates. In this file, just GPS C1W-C2W    DESCRIPTION         
satellite and station bias values are included. The         DESCRIPTION         
complete set of GNSS code bias results is provided in an    DESCRIPTION         
additional Bias-SINEX file as pseudo-absolute values        DESCRIPTION         
specific to each observable.                                DESCRIPTION         
Note: These GIM results correspond to the results for the   DESCRIPTION         
middle day of a 3-day combination analysis solving for 73   DESCRIPTION         
times 256, or 18688 VTEC parameters and 3 daily sets of     DESCRIPTION         
GNSS code bias parameters.                                  DESCRIPTION         
Contact address: code(at)aiub.unibe.ch                      DESCRIPTION         
Data archive:    ftp.aiub.unibe.ch/CODE/                    DESCRIPTION         
                 www.aiub.unibe.ch/download/CODE/           DESCRIPTION         
  2023     4    24     0     0     0                        EPOCH OF FIRST MAP  
  2023     4    25     0     0     0                        EPOCH OF LAST MAP   
  3600                                                      INTERVAL            
[...]
brux bshm cags cas1 ccj2 cedu chpg chpi chti chur coco cord COMMENT             
cpvg cpxf crar cro1 daej darw dav1 dgar dhlg drao dubo ebre COMMENT             
faa1 fair flin flrs frdn ftna func ganp glps glsv gode godz COMMENT             
gol2 gold gope gras graz guam harb hers hert hlfx hnpt hob2 COMMENT             
hofn holb hrao hyde iddr ieng iisc ineg invk iqal irkj isba COMMENT             
jog2 joz2 joze kerg kir0 kiri kiru kit3 kokb kokv kouc koug COMMENT             
kour krgg lama laut lmmf lpal lpgs m0se mac1 madr mal2 mana COMMENT             
mas1 mat1 mate maw1 mcm4 mdo1 mdvj medi mets mgue mizu mkea COMMENT             
mnls mobs morp mqzg mro1 mtka nano nico nist nium nklg nlib COMMENT             
nnor not1 nrc1 nrmd ntus nya1 nyal ohi2 onsa opmt ous2 pado COMMENT             
park pdel penc pert pie1 pimo pohn pol2 polv pots pove prds COMMENT             
ptag ptbb ptvl qaq1 quin rabt ramo reun reyk rgdg rio2 riop COMMENT             
salu samo sant savo sch2 scor scrz sctb seyg sfer shao sofi COMMENT             
spt0 ssia sthl stjo stk2 str2 suth sutm suwn sydn syog tabv COMMENT             
tash thtg thti thu2 tid1 tidb tlse tn22 tong tow2 tro1 tsea COMMENT             
tskb tuva twtf txes uclu ufpr ulab unb3 unbj unsa urum usn7 COMMENT             
usud vald vill voim vtsp wab1 wab2 wark wgtn whit will wind COMMENT             
wsrt wtza wtzl wtzr wtzs wuhn xmis yar2 yar3 yarr yell ykro COMMENT             
zamb zeck zim2 zim3 zimm                                    COMMENT             
                                                            END OF HEADER       
[from data line 2574]
     7                                                      START OF TEC MAP    
  2023     4    24     6     0     0                        EPOCH OF CURRENT MAP
    87.5 -180.0 180.0   5.0 450.0                            LAT/LON1/LON2/DLON/H
   94   94   95   96   96   97   98   99  100  101  102  102  103  103  104  104
  104  104  104  104  104  103  102  102  101  100   99   98   98   97   96   95
   94   94   93   93   92   92   92   91   91   91   91   91   92   92   92   92
   92   93   93   93   93   94   94   94   94   94   94   94   94   93   93   93
   93   93   93   93   93   93   93   93   94
    85.0 -180.0 180.0   5.0 450.0                            LAT/LON1/LON2/DLON/H
   86   87   88   90   92   94   97   99  102  105  107  109  111  113  114  115
  115  115  114  113  112  110  108  105  103  100   98   95   93   91   89   88
   86   85   84   83   83   82   82   82   83   83   84   84   85   86   88   89
   90   92   93   95   96   97   98   98   99   99   98   98   97   96   95   93
   92   90   89   88   87   86   86   86   86
    82.5 -180.0 180.0   5.0 450.0                            LAT/LON1/LON2/DLON/H
   78   79   80   82   86   89   93   98  102  107  111  115  119  122  124  125
  125  125  123  121  117  113  109  104   99   95   90   86   82   79   77   75
   74   73   72   72   72   72   72   72   73   73   75   76   78   80   83   86
   90   93   97  101  104  107  109  111  112  113  113  112  110  108  105  102
   98   95   91   87   84   81   79   78   78
    80.0 -180.0 180.0   5.0 450.0                            LAT/LON1/LON2/DLON/H
   74   73   74   77   80   85   90   95  101  107  113  118  122  126  129  131
  131  130  128  124  119  113  106   99   91   84   77   72   68   64   62   61
   61   61   62   62   63   63   63   63   64   64   66   68   70   74   79   84
   90   97  104  110  116  122  127  131  134  136  136  136  134  131  127  122
  116  109  103   96   89   84   79   76   74
    77.5 -180.0 180.0   5.0 450.0                            LAT/LON1/LON2/DLON/H
   77   75   75   76   79   83   88   93   99  104  110  115  119  123  127  129
  130  129  127  123  117  109  100   90   80   71   63   56   52   50   50   51
   53   55   57   59   60   60   60   59   58   58   58   60   64   69   76   84
   93  103  113  123  132  141  148  154  159  163  165  166  165  163  158  152
  145  136  126  116  106   96   88   82   77
    75.0 -180.0 180.0   5.0 450.0                            LAT/LON1/LON2/DLON/H
   90   85   82   82   83   86   89   93   96  100  103  106  109  113  116  118
  120  121  120  117  111  103   93   81   70   59   50   44   40   40   42   46
   51   56   60   63   64   63   61   58   56   54   54   56   61   68   77   88
  100  113  126  139  150  160  169  177  184  189  193  196  197  197  194  189
  181  171  159  146  132  119  107   97   90
    72.5 -180.0 180.0   5.0 450.0                            LAT/LON1/LON2/DLON/H
  108  101   96   93   92   93   93   94   95   95   95   95   95   96   98  101
  104  106  108  107  103   97   87   75   63   52   43   37   35   37   42   49
   57   64   69   72   72   70   66   61   57   54   54   56   62   71   83   97
  112  127  142  155  167  178  187  195  202  208  214  219  224  226  227  224
  218  208  195  180  164  147  132  119  108
    70.0 -180.0 180.0   5.0 450.0                            LAT/LON1/LON2/DLON/H
  128  118  111  106  103  101   99   97   95   92   88   84   81   79   79   80
   84   89   93   96   95   91   84   73   62   51   43   38   38   42   50   59
   68   75   80   82   81   77   72   66   61   57   57   61   69   80   94  110
  126  143  157  170  181  190  197  203  209  216  223  231  238  245  249  250
  247  240  228  212  194  175  157  141  128
    67.5 -180.0 180.0   5.0 450.0                            LAT/LON1/LON2/DLON/H
  144  133  124  117  112  108  104  100   96   91   86   79   73   67   64   64
   66   72   79   85   89   88   84   75   65   56   49   46   48   54   62   72
   80   87   90   91   88   82   76   70   65   63   64   70   79   92  107  124
  140  156  169  179  187  193  197  201  205  211  219  228  238  249  257  262
  263  259  249  234  216  196  176  159  144
    65.0 -180.0 180.0   5.0 450.0                            LAT/LON1/LON2/DLON/H
  154  142  132  123  116  110  105  101   97   94   89   82   74   66   59   55
   56   61   69   78   85   87   86   80   72   65   60   59   62   69   76   84
   91   95   95   93   89   83   77   72   69   69   73   81   91  104  119  134
  148  160  170  177  182  185  187  189  192  197  205  215  226  238  250  258
  262  261  254  241  224  205  186  168  154
    62.5 -180.0 180.0   5.0 450.0                            LAT/LON1/LON2/DLON/H
  156  145  135  125  115  106  100   97   96   96   95   92   85   75   65   58
   55   58   65   75   83   88   89   86   80   75   73   73   77   83   88   93
   96   96   94   89   84   79   74   72   72   76   82   90  101  112  124  135
  144  152  158  162  165  167  168  170  174  180  188  197  208  219  230  240
  246  247  242  232  218  201  184  169  156
    60.0 -180.0 180.0   5.0 450.0                            LAT/LON1/LON2/DLON/H
  156  147  136  124  111  100   92   89   91   97  102  104  101   92   80   70
   63   62   68   76   85   90   92   90   87   84   83   85   89   93   95   96
   95   91   86   81   76   72   70   71   75   81   88   96  104  112  118  123
  127  130  133  135  138  141  145  150  157  165  174  182  191  199  206  213
  219  221  219  212  202  189  176  165  156
    57.5 -180.0 180.0   5.0 450.0                            LAT/LON1/LON2/DLON/H
  157  151  141  127  111   94   83   79   83   93  104  113  114  109   98   86
   77   74   76   81   88   92   93   92   89   88   89   92   95   96   95   92
   88   82   76   71   68   66   67   71   77   84   91   97  102  104  105  104
  102  101  101  104  109  116  124  134  146  158  168  176  181  183  185  187
  189  191  191  188  182  174  167  162  157
    55.0 -180.0 180.0   5.0 450.0                            LAT/LON1/LON2/DLON/H
  164  163  155  139  118   96   79   71   73   84   99  113  120  119  112  102
   92   87   86   89   92   94   93   90   87   87   89   92   94   93   89   83
   76   71   67   64   63   64   67   72   79   85   91   94   95   93   89   83
   77   74   75   80   88   99  112  127  144  160  173  181  183  179  173  168
  166  167  168  167  165  163  162  163  164
    52.5 -180.0 180.0   5.0 450.0                            LAT/LON1/LON2/DLON/H
  180  182  177  161  136  109   86   71   68   75   88  103  113  118  116  110
  103   98   96   96   95   93   89   84   81   81   83   86   87   83   77   70
   64   62   62   63   64   67   71   76   82   87   91   92   91   87   81   74
   68   66   69   76   88  101  115  132  151  171  187  196  195  185  172  161
  154  153  155  157  158  160  165  172  180
    50.0 -180.0 180.0   5.0 450.0                            LAT/LON1/LON2/DLON/H
  200  208  205  190  165  135  106   84   72   70   76   86   97  104  107  108
  106  103  101   98   95   89   82   75   71   71   73   76   75   70   62   56
   54   56   62   67   72   75   79   83   87   91   94   96   96   95   92   89
   86   89   96  107  118  129  140  152  167  186  204  214  212  200  182  166
  157  155  157  160  163  168  176  188  200
    47.5 -180.0 180.0   5.0 450.0                            LAT/LON1/LON2/DLON/H
  222  232  232  219  197  168  138  111   89   75   70   71   77   84   91   97
  100  101   99   95   89   82   73   65   59   58   60   63   62   56   49   45
   47   56   67   77   84   88   91   94   98  102  106  112  118  125  131  136
  142  151  163  176  185  188  186  185  191  204  220  231  230  218  198  181
  171  170  173  177  179  184  193  207  222
    45.0 -180.0 180.0   5.0 450.0                            LAT/LON1/LON2/DLON/H
  240  250  250  240  223  201  176  148  121   96   77   67   64   67   74   83
   89   92   90   85   79   71   62   54   48   46   48   51   50   45   39   38
   45   59   75   89   98  103  106  110  114  120  130  143  160  180  199  216
  233  251  269  282  285  275  255  233  221  222  233  243  244  234  217  202
  195  195  199  202  203  205  213  226  240
    42.5 -180.0 180.0   5.0 450.0                            LAT/LON1/LON2/DLON/H
  253  258  255  247  237  225  210  189  161  130  102   80   67   63   66   73
   78   80   76   70   64   58   53   46   40   37   39   42   43   40   36   37
   47   65   84  101  112  119  124  131  139  149  166  190  221  255  289  321
  349  376  399  413  408  382  339  294  259  244  246  253  255  248  236  226
  223  227  231  233  231  229  233  243  253
    40.0 -180.0 180.0   5.0 450.0                            LAT/LON1/LON2/DLON/H
  265  261  251  239  233  233  232  223  202  173  141  113   93   80   74   73
   72   69   61   53   48   47   47   43   37   33   35   40   43   43   40   42
   53   71   92  110  124  135  146  157  170  188  212  248  292  342  391  435
  473  508  535  548  536  496  434  365  310  277  266  267  268  264  257  253
  256  263  268  267  262  257  257  262  265
    37.5 -180.0 180.0   5.0 450.0                            LAT/LON1/LON2/DLON/H
  286  270  246  226  219  226  239  244  235  214  188  162  137  116  100   87
   77   65   51   40   38   43   49   50   44   37   37   43   50   53   52   53
   61   78   97  117  135  153  171  189  208  231  264  309  365  427  486  539
  584  624  654  667  652  603  529  446  375  328  305  297  293  289  286  287
  295  304  309  306  298  291  290  291  286
    35.0 -180.0 180.0   5.0 450.0                            LAT/LON1/LON2/DLON/H
  328  300  259  223  207  215  234  249  252  244  230  214  194  169  142  117
   95   73   53   39   38   50   63   67   60   49   46   52   62   68   68   67
   71   82  100  121  145  171  198  224  248  275  312  364  429  497  562  618
  665  707  739  754  740  692  618  534  459  404  371  352  340  333  331  336
  346  355  358  353  345  340  340  340  328
    32.5 -180.0 180.0   5.0 450.0                            LAT/LON1/LON2/DLON/H
  404  365  307  251  218  214  229  246  254  257  260  260  250  227  194  160
  128   98   72   55   55   71   91   97   87   70   61   66   78   86   87   82
   80   86  101  125  156  192  227  258  284  312  352  407  474  544  608  662
  709  749  783  801  793  756  695  625  559  506  467  438  417  404  400  405
  415  422  422  415  408  407  413  418  404
    30.0 -180.0 180.0   5.0 450.0                            LAT/LON1/LON2/DLON/H
  518  474  402  325  270  246  244  248  250  257  272  290  296  281  249  212
  176  143  112   92   92  110  132  138  123   97   80   82   94  104  103   95
   88   88  102  129  168  212  254  287  312  339  377  432  498  565  625  674
  717  755  789  812  815  795  758  714  670  629  591  554  523  503  496  499
  505  507  502  493  489  495  512  526  518
    27.5 -180.0 180.0   5.0 450.0                            LAT/LON1/LON2/DLON/H
  662  623  545  452  375  325  296  274  255  252  271  303  327  325  302  269
  237  207  176  153  148  164  184  187  164  129  103   99  109  118  116  104
   93   90  103  134  180  231  276  308  329  352  388  441  504  566  619  663
  702  739  775  802  816  816  807  796  782  761  729  689  651  625  615  615
  616  610  600  589  587  601  630  658  662
    25.0 -180.0 180.0   5.0 450.0                            LAT/LON1/LON2/DLON/H
  819  794  722  624  531  456  396  338  287  259  270  308  345  360  350  330
  310  289  261  234  221  228  242  238  207  162  127  115  121  127  122  109
   95   92  106  141  191  246  290  318  334  352  387  438  498  555  603  643
  681  720  757  789  811  828  845  866  883  885  864  826  786  759  747  744
  738  725  708  694  693  713  753  797  819
    22.5 -180.0 180.0   5.0 450.0                            LAT/LON1/LON2/DLON/H
  962  960  906  816  719  629  542  448  357  295  284  317  362  391  397  395
  392  384  360  328  303  296  299  286  246  193  149  129  128  129  122  108
   96   94  111  148  200  254  295  317  329  346  380  431  489  543  588  629
  670  713  755  790  817  843  877  921  964  987  979  947  911  886  876  871
  860  839  816  798  795  816  862  920  962
    20.0 -180.0 180.0   5.0 450.0                            LAT/LON1/LON2/DLON/H
 1064 1089 1062  993  906  815  715  595  468  368  327  344  388  426  447  463
  478  483  465  425  384  360  348  325  279  219  169  141  132  127  117  105
   96   98  117  154  204  254  291  310  320  338  375  428  485  537  583  628
  677  728  777  814  841  868  907  961 1017 1054 1059 1038 1010  992  986  980
  965  939  910  888  880  895  939 1003 1064
    17.5 -180.0 180.0   5.0 450.0                            LAT/LON1/LON2/DLON/H
 1105 1154 1156 1116 1053  979  883  755  605  474  403  399  433  472  503  531
  561  577  561  513  456  413  385  353  302  240  185  150  133  122  110  100
   96  103  123  157  203  248  281  299  312  336  377  432  489  541  589  640
  699  762  819  861  886  906  938  987 1044 1086 1100 1090 1073 1064 1063 1058
 1040 1011  979  953  937  939  971 1033 1105
    15.0 -180.0 180.0   5.0 450.0                            LAT/LON1/LON2/DLON/H
 1079 1142 1169 1159 1126 1080 1008  894  743  598  504  478  497  530  561  595
  632  653  637  581  509  449  407  367  315  253  197  158  133  116  103   96
   98  109  129  159  197  237  269  291  312  343  389  445  500  551  602  659
  727  802  870  919  943  954  970 1004 1049 1089 1107 1106 1100 1100 1103 1098
 1078 1048 1017  987  961  946  958 1007 1079
    12.5 -180.0 180.0   5.0 450.0                            LAT/LON1/LON2/DLON/H
  996 1059 1099 1110 1104 1092 1056  975  848  709  608  567  571  592  615  644
  679  699  681  619  537  466  415  370  319  260  206  164  134  113   99   96
  103  116  134  157  189  224  258  289  321  361  410  463  513  561  612  672
  747  831  911  970  998 1003 1003 1016 1044 1074 1093 1099 1101 1105 1108 1101
 1080 1052 1023  992  957  923  911  937  996
    10.0 -180.0 180.0   5.0 450.0                            LAT/LON1/LON2/DLON/H
  882  930  964  980  990 1004 1008  972  887  779  689  645  637  644  652  669
  693  706  685  622  539  464  409  364  316  261  210  168  136  112   99   99
  109  123  137  154  179  213  253  295  339  386  434  481  523  565  612  671
  746  835  926  998 1037 1043 1034 1029 1040 1059 1076 1085 1089 1093 1090 1078
 1055 1030 1007  978  937  887  850  848  882
     7.5 -180.0 180.0   5.0 450.0                            LAT/LON1/LON2/DLON/H
  772  790  801  802  809  834  867  877  845  782  722  688  676  669  661  659
  667  670  647  589  513  444  392  351  306  257  209  169  138  115  104  106
  118  130  139  150  170  205  252  306  361  412  456  493  525  558  598  650
  720  808  905  992 1048 1066 1057 1045 1044 1055 1069 1078 1081 1077 1065 1044
 1020  999  981  958  916  856  800  769  772
     5.0 -180.0 180.0   5.0 450.0                            LAT/LON1/LON2/DLON/H
  696  676  651  621  604  620  662  705  722  712  692  680  672  657  634  613
  603  596  572  524  464  408  367  332  293  248  205  169  140  121  112  115
  126  135  139  144  163  200  256  320  382  433  470  496  517  542  573  614
  672  753  852  952 1029 1067 1072 1064 1061 1070 1082 1090 1086 1071 1045 1015
  988  971  961  945  907  847  779  727  696
     2.5 -180.0 180.0   5.0 450.0                            LAT/LON1/LON2/DLON/H
  675  618  552  481  427  412  440  494  546  582  606  621  624  606  572  536
  511  494  473  438  397  362  335  308  275  236  197  166  143  128  122  125
  132  136  136  139  157  199  261  331  396  443  472  488  502  520  544  574
  617  685  780  889  985 1047 1074 1082 1087 1099 1113 1118 1107 1079 1041 1002
  974  960  956  947  918  866  799  734  675
