ionex_files/corrected/COD0OPSFIN_20231070000_01D_01H_GIM.INX
     1.0            IONOSPHERE MAPS     GNSS                IONEX VERSION / TYPE
ADDNEQ2 V5.5        AIUB                21-APR-23 21:29     PGM / RUN BY / DATE 
CODE'S GLOBAL IONOSPHERE MAPS FOR DAY 107, 2023             COMMENT             
Global ionosphere maps (GIM) are generated on a daily basis DESCRIPTION         
at CODE using data from about 300 GNSS sites of the IGS and DESCRIPTION         
other institutions. The vertical total electron content     DESCRIPTION         
(VTEC) is modeled in a solar-geomagnetic reference frame    DESCRIPTION         
using a spherical harmonics expansion up to degree and      DESCRIPTION         
order 15. Piece-wise linear functions are used for          DESCRIPTION         
representation in the time domain. The time spacing of      DESCRIPTION         
their vertices is 1 hour, conforming with the epochs of the DESCRIPTION         
VTEC maps.                                                  DESCRIPTION         
To convert line-of-sight TEC into vertical TEC, a modified  DESCRIPTION         
single-layer model mapping function approximating the JPL   DESCRIPTION         
extended slab model mapping function is adopted. The        DESCRIPTION         
mapping function is evaluated at geodetic satellite         DESCRIPTION         
elevation angles. For the computation of the ionospheric    DESCRIPTION         
pierce points, a spherical layer with a radius of 6821 km   DESCRIPTION         
is assumed, implying geocentric, not geodetic IONEX         DESCRIPTION         
latitudes.                                                  DESCRIPTION         
Instrumental biases with respect to each involved GNSS code DESCRIPTION         
observable are estimated as constant values for each        DESCRIPTION         
day. They are modeled with one set of bias parameters for   DESCRIPTION         
each satellite and each station in case of GPS and for each DESCRIPTION         
satellite-station link in case of GLONASS. The code bias    DESCRIPTION         
datum is defined by zero-mean conditions imposed on the     DESCRIPTION         
satellite bias estimates. In this file, just GPS C1W-C2W    DESCRIPTION         
satellite and station bias values are included. The         DESCRIPTION         
complete set of GNSS code bias results is provided in an    DESCRIPTION         
additional Bias-SINEX file as pseudo-absolute values        DESCRIPTION         
specific to each observable.                                DESCRIPTION         
Note: These GIM results correspond to the results for the   DESCRIPTION         
middle day of a 3-day combination analysis solving for 73   DESCRIPTION         
times 256, or 18688 VTEC parameters and 3 daily sets of     DESCRIPTION         
GNSS code bias parameters.                                  DESCRIPTION         
Contact address: code(at)aiub.unibe.ch                      DESCRIPTION         
Data archive:    ftp.aiub.unibe.ch/CODE/                    DESCRIPTION         
                 www.aiub.unibe.ch/download/CODE/           DESCRIPTION         
  2023     4    17     0     0     0                        EPOCH OF FIRST MAP  
  2023     4    18     0     0     0                        EPOCH OF LAST MAP   
  3600                                                      INTERVAL            
[...]
bshm cags cas1 ccj2 cedu chpg chpi chti chur cnmr coco cord COMMENT             
cpvg cpxf crar cro1 daej darw dav1 dgar dhlg drao dubo ebre COMMENT             
faa1 fair flin flrs frdn ftna func ganp glps glsv gode godz COMMENT             
gol2 gold gope gras graz guam guug harb hers hert hlfx hnpt COMMENT             
hob2 hofn holb hrao hyde iddr ieng iisc ineg invk iqal irkj COMMENT             
isba jog2 joz2 joze kerg kir0 kiri kit3 kokb kokv kouc koug COMMENT             
kour krgg lae1 lama laut lmmf lpal lpgs m0se mac1 madr mal2 COMMENT             
mana mas1 mat1 mate maw1 mcil mcm4 mdo1 mdvj medi mets mgue COMMENT             
mizu mnls mobs morp mqzg mro1 mtka nano nico nist nium nklg COMMENT             
nlib nnor not1 nrc1 nrmd ntus nya1 nyal ohi2 onsa opmt ous2 COMMENT             
pado park pdel penc pert pie1 pimo pohn pol2 polv pots pove COMMENT             
prds ptag ptbb ptvl qaq1 quin rabt ramo reun reyk rgdg rio2 COMMENT             
riop salu samo sant savo sch2 scor scrz sctb seyg sfer shao COMMENT             
sofi spt0 ssia sthl stjo stk2 str2 suth sutm suwn sydn syog COMMENT             
tabv tash thtg thti thu2 tid1 tidb tlse tn22 tong tow2 tro1 COMMENT             
tsea tskb tuva twtf txes uclu ufpr ulab unb3 unbj unsa urum COMMENT             
usn7 usud vald vill voim vtsp wab1 wab2 wark wgtn whit will COMMENT             
wind wsrt wtza wtzl wtzr wtzs wuhn xmis yar2 yar3 yarr yell COMMENT             
ykro zamb zeck zim2 zim3 zimm                               COMMENT             
                                                            END OF HEADER       
[from data line 1287]
     4                                                      START OF TEC MAP    
  2023     4    17     3     0     0                        EPOCH OF CURRENT MAP
    87.5 -180.0 180.0   5.0 450.0                            LAT/LON1/LON2/DLON/H
  229  228  227  226  225  224  223  223  222  221  221  220  219  219  218  217
  216  215  214  213  212  211  210  209  207  206  205  204  203  202  201  200
  200  200  200  200  201  201  202  203  205  206  208  209  211  213  215  217
  219  221  222  224  226  228  229  231  232  233  234  234  235  235  235  235
  235  235  234  233  233  232  231  230  229
    85.0 -180.0 180.0   5.0 450.0                            LAT/LON1/LON2/DLON/H
  236  233  231  228  226  225  224  223  223  223  223  224  224  225  225  225
  224  223  222  220  218  215  212  208  205  201  197  193  190  187  184  183
  181  180  180  181  182  184  186  189  192  195  199  203  207  211  215  220
  224  228  232  236  240  243  246  250  252  255  257  258  259  260  260  259
  258  256  254  252  249  246  242  239  236
    82.5 -180.0 180.0   5.0 450.0                            LAT/LON1/LON2/DLON/H
  243  237  231  226  223  220  219  219  219  221  223  226  229  232  234  236
  237  237  236  234  231  226  220  214  207  200  192  185  179  173  168  165
  162  161  161  163  165  169  173  178  183  189  194  200  206  212  218  224
  230  236  242  247  253  258  264  269  273  277  281  284  287  288  288  288
  286  283  279  274  269  262  256  249  243
    80.0 -180.0 180.0   5.0 450.0                            LAT/LON1/LON2/DLON/H
  253  243  233  225  219  215  212  212  213  216  221  226  231  237  242  246
  249  251  251  249  245  239  231  222  211  200  189  178  169  160  154  149
  146  146  147  150  155  160  166  173  181  188  195  203  210  217  223  230
  236  243  249  255  262  269  275  282  289  296  302  308  313  316  318  319
  318  314  309  303  295  285  275  264  253
    77.5 -180.0 180.0   5.0 450.0                            LAT/LON1/LON2/DLON/H
  271  256  242  230  220  213  209  207  208  212  216  222  229  236  243  249
  254  257  258  258  254  248  239  227  215  201  186  173  161  150  143  138
  136  137  140  145  152  159  167  176  184  192  200  207  215  221  228  234
  240  246  252  258  265  272  280  288  297  306  316  325  333  340  345  348
  349  347  343  335  326  314  300  286  271
    75.0 -180.0 180.0   5.0 450.0                            LAT/LON1/LON2/DLON/H
  297  278  260  244  231  220  213  210  209  210  213  218  223  228  234  240
  246  251  254  255  253  248  240  228  215  199  183  168  155  144  137  133
  133  135  140  147  155  163  172  181  189  197  205  212  218  224  230  236
  241  246  251  256  262  269  277  286  296  307  319  332  344  355  364  371
  375  376  373  368  359  346  332  315  297
    72.5 -180.0 180.0   5.0 450.0                            LAT/LON1/LON2/DLON/H
  328  307  287  267  250  237  227  220  217  215  214  214  215  216  218  221
  226  231  236  239  241  239  233  223  210  195  179  164  151  142  136  133
  134  139  145  152  161  169  177  185  192  199  206  212  218  224  230  236
  241  245  249  254  258  263  270  278  288  301  315  329  344  359  371  382
  389  394  395  393  387  377  363  347  328
    70.0 -180.0 180.0   5.0 450.0                            LAT/LON1/LON2/DLON/H
  358  337  316  294  275  259  247  239  232  227  221  215  208  202  198  196
  197  202  208  214  219  221  219  212  202  189  174  161  149  141  137  136
  139  144  150  157  164  171  177  183  188  194  200  207  214  221  228  235
  241  246  250  253  256  259  264  270  279  290  304  320  336  352  367  379
  390  397  402  404  403  398  389  375  358
    67.5 -180.0 180.0   5.0 450.0                            LAT/LON1/LON2/DLON/H
  381  362  341  318  298  281  268  259  251  243  233  221  207  192  180  172
  169  171  178  187  195  201  202  199  191  180  168  156  147  141  139  140
  143  147  152  157  161  165  169  172  177  182  189  197  206  215  225  234
  243  250  255  258  260  260  262  265  271  280  293  307  323  339  353  366
  376  386  393  400  404  405  402  394  381
    65.0 -180.0 180.0   5.0 450.0                            LAT/LON1/LON2/DLON/H
  392  376  356  334  313  296  284  276  269  260  248  231  211  189  170  156
  149  149  155  164  174  182  186  184  179  170  160  152  145  142  141  142
  145  148  150  151  152  153  154  156  160  166  174  185  196  209  223  236
  248  258  266  270  270  269  267  266  268  274  284  297  311  324  336  346
  354  362  371  380  390  398  402  400  392
    62.5 -180.0 180.0   5.0 450.0                            LAT/LON1/LON2/DLON/H
  391  379  360  337  316  300  289  283  279  273  261  243  220  195  172  154
  143  141  145  153  163  170  174  173  168  161  154  148  144  143  143  144
  145  145  143  141  138  136  135  137  142  150  161  174  189  205  223  240
  256  270  281  286  287  284  279  275  273  276  283  292  303  313  321  326
  330  335  342  352  365  378  389  394  391
    60.0 -180.0 180.0   5.0 450.0                            LAT/LON1/LON2/DLON/H
  384  374  356  333  311  294  284  281  280  277  269  253  231  207  184  165
  154  149  150  156  162  167  168  166  161  156  150  147  146  146  147  147
  145  142  136  131  125  121  119  121  128  138  152  168  186  205  225  245
  265  283  298  307  309  306  299  291  286  285  289  296  304  310  313  313
  312  312  316  325  339  356  372  382  384
    57.5 -180.0 180.0   5.0 450.0                            LAT/LON1/LON2/DLON/H
  377  370  352  327  304  285  276  273  275  275  270  258  241  222  203  187
  176  169  167  168  170  170  169  165  160  155  152  151  152  154  155  153
  148  141  132  124  117  112  111  114  122  135  151  169  188  208  229  251
  274  296  315  328  333  330  323  313  305  302  304  309  314  317  317  313
  307  302  302  308  321  340  358  373  377
    55.0 -180.0 180.0   5.0 450.0                            LAT/LON1/LON2/DLON/H
  380  374  356  331  305  284  272  268  268  269  265  258  247  235  223  212
  202  195  189  185  181  179  175  170  165  161  160  161  164  166  166  162
  155  145  134  124  117  112  112  116  125  139  156  175  195  215  235  258
  282  308  331  349  357  357  350  339  331  326  326  329  333  334  331  324
  316  309  305  308  319  337  356  373  380
    52.5 -180.0 180.0   5.0 450.0                            LAT/LON1/LON2/DLON/H
  395  392  376  350  323  300  284  275  270  266  262  256  250  245  240  233
  225  216  206  198  192  188  184  180  176  174  174  176  180  182  181  175
  165  153  142  132  125  122  122  126  135  149  166  185  204  223  243  266
  291  319  347  369  382  385  379  369  360  354  353  354  356  356  352  346
  338  331  326  327  335  350  369  386  395
    50.0 -180.0 180.0   5.0 450.0                            LAT/LON1/LON2/DLON/H
  424  423  410  387  360  335  315  299  286  274  264  257  253  252  251  248
  239  227  215  204  199  196  195  194  192  191  191  193  197  199  197  189
  177  164  153  145  141  138  138  141  149  161  177  196  215  234  254  276
  302  332  362  388  406  412  409  401  392  386  383  382  381  379  376  372
  368  363  360  360  366  378  396  413  424
    47.5 -180.0 180.0   5.0 450.0                            LAT/LON1/LON2/DLON/H
  459  462  454  436  412  388  365  342  319  297  279  266  261  261  260  255
  243  228  213  203  201  203  208  211  211  209  208  209  212  213  209  200
  188  176  166  161  158  157  156  157  162  172  187  206  227  247  267  290
  316  347  379  408  429  439  439  433  426  419  415  410  406  402  399  398
  399  399  400  400  404  414  429  446  459
    45.0 -180.0 180.0   5.0 450.0                            LAT/LON1/LON2/DLON/H
  492  499  496  485  468  447  423  396  365  334  306  287  277  273  269  259
  242  223  207  200  202  212  222  228  228  225  221  220  221  221  217  208
  196  185  178  175  175  174  172  171  172  180  195  215  239  262  285  309
  335  365  397  427  450  463  467  465  459  453  446  438  429  422  419  422
  428  434  438  440  443  449  462  477  492
    42.5 -180.0 180.0   5.0 450.0                            LAT/LON1/LON2/DLON/H
  516  525  527  523  513  498  478  450  415  377  343  318  303  294  282  264
  241  218  203  200  208  223  237  245  243  236  229  225  225  225  221  213
  202  193  188  187  189  188  186  182  181  187  201  224  251  280  306  331
  357  385  415  444  468  483  491  493  491  486  478  466  453  443  439  444
  454  465  472  475  475  479  488  502  516
    40.0 -180.0 180.0   5.0 450.0                            LAT/LON1/LON2/DLON/H
  529  537  541  541  538  531  516  492  458  420  384  356  337  321  301  276
  247  222  209  210  222  240  254  259  254  243  233  228  228  229  226  219
  210  202  198  199  201  201  197  193  190  195  209  234  265  298  328  354
  378  403  429  456  480  497  509  516  519  517  508  494  478  466  462  469
  482  495  503  504  502  502  507  517  529
    37.5 -180.0 180.0   5.0 450.0                            LAT/LON1/LON2/DLON/H
  535  539  541  541  542  540  532  514  486  452  419  393  372  351  325  293
  262  238  228  231  245  260  270  271  263  250  239  234  236  239  238  232
  224  217  213  213  214  213  210  205  202  206  220  245  279  315  348  374
  396  416  438  461  484  504  520  533  541  543  537  524  507  496  494  502
  517  530  536  534  528  523  523  529  535
    35.0 -180.0 180.0   5.0 450.0                            LAT/LON1/LON2/DLON/H
  545  542  537  534  533  534  530  519  498  471  445  423  402  378  347  313
  283  264  257  262  272  281  285  282  272  261  253  253  258  263  264  259
  250  242  236  233  231  228  225  221  218  221  233  257  291  328  361  387
  405  422  439  459  481  503  524  543  558  566  564  554  541  534  537  548
  564  576  578  571  560  551  547  546  545
    32.5 -180.0 180.0   5.0 450.0                            LAT/LON1/LON2/DLON/H
  572  560  546  535  530  528  525  516  501  481  461  442  422  396  364  331
  305  292  290  293  298  299  298  293  288  284  284  290  299  306  306  300
  290  279  269  260  252  247  242  239  236  237  245  265  296  332  364  388
  405  418  433  451  472  496  521  547  569  583  588  584  579  580  590  608
  625  635  633  621  606  593  586  580  572
    30.0 -180.0 180.0   5.0 450.0                            LAT/LON1/LON2/DLON/H
  625  606  584  565  551  543  535  525  510  493  474  455  433  404  371  341
  322  314  315  316  314  310  309  311  317  325  336  349  360  365  363  353
  340  324  308  292  277  266  260  256  252  249  253  267  292  324  355  379
  395  408  422  440  462  487  517  548  576  597  609  614  619  631  651  675
  696  706  701  686  668  655  647  639  625
    27.5 -180.0 180.0   5.0 450.0                            LAT/LON1/LON2/DLON/H
  707  684  658  634  613  597  580  562  542  520  496  471  441  408  373  345
  330  326  327  325  319  316  322  339  362  387  408  424  433  433  424  409
  391  370  347  323  300  283  273  267  261  254  251  258  278  306  336  360
  378  394  411  431  454  481  513  548  582  610  628  642  657  680  711  744
  770  782  777  762  745  734  728  721  707
    25.0 -180.0 180.0   5.0 450.0                            LAT/LON1/LON2/DLON/H
  808  788  765  741  719  695  669  640  609  575  539  501  459  417  378  349
  334  329  326  321  316  322  345  384  427  464  490  503  505  495  477  455
  432  407  378  346  315  291  277  268  259  247  238  238  253  280  310  337
  360  382  404  427  452  480  514  553  591  622  646  667  691  724  764  804
  836  852  851  839  827  821  821  818  808
    22.5 -180.0 180.0   5.0 450.0                            LAT/LON1/LON2/DLON/H
  912  902  888  873  855  830  797  756  712  663  610  555  498  445  399  365
  343  330  320  312  314  337  384  447  506  549  569  571  558  535  507  478
  452  424  392  354  317  288  270  257  245  229  214  210  223  249  282  315
  345  374  403  431  458  488  522  563  603  638  665  691  721  759  804  849
  885  907  912  907  901  902  910  915  912
    20.0 -180.0 180.0   5.0 450.0                            LAT/LON1/LON2/DLON/H
 1001 1003 1004 1005  998  978  942  894  839  776  707  635  565  501  447  404
  371  344  323  314  327  372  445  526  591  625  628  608  576  540  503  471
  443  416  384  345  305  273  251  236  221  201  184  178  191  220  258  297
  336  373  410  443  472  502  538  579  621  657  687  714  746  785  830  875
  914  941  953  955  957  966  981  994 1001
    17.5 -180.0 180.0   5.0 450.0                            LAT/LON1/LON2/DLON/H
 1057 1070 1088 1108 1118 1108 1076 1027  967  897  818  734  655  586  527  475
  426  383  350  341  368  435  527  615  669  677  649  602  551  504  464  432
  407  384  355  319  281  249  227  211  193  172  154  149  164  197  240  286
  333  378  421  459  491  522  559  602  645  682  711  739  770  805  844  885
  924  955  973  982  989 1003 1023 1042 1057
    15.0 -180.0 180.0   5.0 450.0                            LAT/LON1/LON2/DLON/H
 1073 1093 1123 1160 1188 1191 1168 1125 1068  999  919  835  756  690  632  574
  512  452  409  402  442  525  624  699  723  691  624  549  484  434  396  370
  351  334  312  283  250  222  202  186  169  147  129  126  144  181  229  281
  334  385  434  475  510  544  583  629  673  709  738  765  793  823  853  887
  923  955  978  989  998 1013 1034 1055 1073
    12.5 -180.0 180.0   5.0 450.0                            LAT/LON1/LON2/DLON/H
 1053 1072 1108 1155 1196 1211 1198 1164 1118 1059  988  913  845  791  742  686
  617  547  498  495  545  632  719  764  741  660  554  457  387  343  316  300
  290  281  267  245  221  199  184  170  153  132  115  113  132  172  223  279
  335  391  442  487  526  565  609  657  702  738  766  792  817  841  864  890
  922  954  977  987  993 1004 1022 1039 1053
    10.0 -180.0 180.0   5.0 450.0                            LAT/LON1/LON2/DLON/H
 1013 1024 1055 1103 1148 1169 1163 1139 1105 1061 1005  946  897  862  831  785
  719  648  603  606  659  737  795  792  715  585  449  343  281  254  243  239
  238  236  229  216  199  186  175  164  149  128  111  109  127  167  219  276
  334  390  444  492  536  581  632  683  729  763  790  816  840  861  879  900
  929  960  981  986  984  989  999 1008 1013
     7.5 -180.0 180.0   5.0 450.0                            LAT/LON1/LON2/DLON/H
  974  972  990 1030 1069 1087 1080 1060 1037 1006  965  921  892  879  871  843
  791  732  698  709  760  816  832  774  644  479  329  231  190  186  194  202
  206  208  205  198  189  181  176  168  153  133  115  109  125  162  213  269
  327  383  438  489  540  593  650  705  749  781  807  833  859  881  898  919
  949  980  997  994  984  979  982  982  974
     5.0 -180.0 180.0   5.0 450.0                            LAT/LON1/LON2/DLON/H
  957  940  942  966  991  997  981  957  935  910  877  842  824  829  842  837
  808  771  756  778  821  848  817  709  540  359  218  146  134  154  179  193
  199  200  197  193  187  184  181  175  161  141  120  111  122  155  204  259
  314  369  424  479  536  597  660  717  760  788  811  838  868  894  916  943
  977 1010 1024 1014  995  983  982  976  957
     2.5 -180.0 180.0   5.0 450.0                            LAT/LON1/LON2/DLON/H
  972  945  934  941  948  934  902  866  836  806  766  726  707  717  744  761
  758  750  759  792  826  823  749  604  420  250  140  103  123  162  195  209
  211  206  200  194  190  187  185  179  166  145  122  109  116  146  192  245
  299  352  406  463  525  592  660  717  756  780  800  828  862  895  925  960
 1004 1042 1055 1039 1014 1000  999  994  972
