ionex_files/corrected/COD0OPSFIN_20231120000_01D_01H_GIM.INX
     1.0            IONOSPHERE MAPS     GNSS                IONEX VERSION / TYPE
ADDNEQ2 V5.5        AIUB                26-APR-23 21:34     PGM / RUN BY / DATE 
CODE'S GLOBAL IONOSPHERE MAPS FOR DAY 112, 2023             COMMENT             
Global ionosphere maps (GIM) are generated on a daily basis DESCRIPTION         
at CODE using data from about 300 GNSS sites of the IGS and DESCRIPTION         
other institutions. The vertical total electron content     DESCRIPTION         
(VTEC) is modeled in a solar-geomagnetic reference frame    DESCRIPTION         
using a spherical harmonics expansion up to degree and      DESCRIPTION         
order 15. Piece-wise linear functions are used for          DESCRIPTION         
representation in the time domain. The time spacing of      DESCRIPTION         
their vertices is 1 hour, conforming with the epochs of the DESCRIPTION         
VTEC maps.                                                  DESCRIPTION         
To convert line-of-sight TEC into vertical TEC, a modified  DESCRIPTION         
single-layer model mapping function approximating the JPL   DESCRIPTION         
extended slab model mapping function is adopted. The        DESCRIPTION         
mapping function is evaluated at geodetic satellite         DESCRIPTION         
elevation angles. For the computation of the ionospheric    DESCRIPTION         
pierce points, a spherical layer with a radius of 6821 km   DESCRIPTION         
is assumed, implying geocentric, not geodetic IONEX         DESCRIPTION         
latitudes.                                                  DESCRIPTION         
Instrumental biases with respect to each involved GNSS code DESCRIPTION         
observable are estimated as constant values for each        DESCRIPTION         
day. They are modeled with one set of bias parameters for   DESCRIPTION         
each satellite and each station in case of GPS and for each DESCRIPTION         
satellite-station link in case of GLONASS. The code bias    DESCRIPTION         
datum is defined by zero-mean conditions imposed on the     DESCRIPTION         
satellite bias estimates. In this file, just GPS C1W-C2W    DESCRIPTION         
satellite and station bias values are included. The         DESCRIPTION         
complete set of GNSS code bias results is provided in an    DESCRIPTION         
additional Bias-SINEX file as pseudo-absolute values        DESCRIPTION         
specific to each observable.                                DESCRIPTION         
Note: These GIM results correspond to the results for the   DESCRIPTION         
middle day of a 3-day combination analysis solving for 73   DESCRIPTION         
times 256, or 18688 VTEC parameters and 3 daily sets of     DESCRIPTION         
GNSS code bias parameters.                                  DESCRIPTION         
Contact address: code(at)aiub.unibe.ch                      DESCRIPTION         
Data archive:    ftp.aiub.unibe.ch/CODE/                    DESCRIPTION         
                 www.aiub.unibe.ch/download/CODE/           DESCRIPTION         
  2023     4    22     0     0     0                        EPOCH OF FIRST MAP  
  2023     4    23     0     0     0                        EPOCH OF LAST MAP   
  3600                                                      INTERVAL            
[...]
brux bshm cags cas1 ccj2 cedu chpg chpi chti chur cnmr coco COMMENT             
cord cpvg cpxf crar cro1 daej darw dav1 dgar dhlg drao dubo COMMENT             
ebre faa1 fair flin flrs frdn ftna func ganp glps glsv gode COMMENT             
godz gol2 gold gope gras graz guam guug harb hers hert hlfx COMMENT             
hnpt hob2 hofn holb hrao hyde iddr ieng iisc ineg invk iqal COMMENT             
isba jog2 joz2 joze kerg kir0 kiri kiru kit3 kokb kokv kouc COMMENT             
koug kour krgg lama laut lmmf lpal lpgs m0se mac1 madr mal2 COMMENT             
mana mas1 mat1 mate maw1 mcm4 mdo1 mdvj medi mets mgue mizu COMMENT             
mkea mnls mobs morp mqzg mro1 mtka nano nico nist nium nklg COMMENT             
nlib nnor not1 nrc1 nrmd ntus nya1 nyal ohi2 onsa opmt ous2 COMMENT             
pado park pdel penc pert pie1 pimo pohn pol2 polv pots pove COMMENT             
prds ptag ptbb ptvl qaq1 quin rabt ramo reun reyk rgdg rio2 COMMENT             
riop salu samo sant savo sch2 scor sctb seyg sfer shao sofi COMMENT             
spt0 ssia sthl stjo stk2 str2 suth sutm suwn sydn syog tabv COMMENT             
tash thtg thti thu2 tid1 tidb tlse tn22 tong tow2 tro1 tsea COMMENT             
tskb tuva twtf txes uclu ufpr ulab unb3 unbj unsa urum usn7 COMMENT             
usud vald vill voim vtsp wab1 wab2 wark wgtn whit will wind COMMENT             
wsrt wtza wtzl wtzr wtzs wuhn xmis yar2 yar3 yarr yell ykro COMMENT             
zamb zeck zim2 zim3 zimm                                    COMMENT             
                                                            END OF HEADER       
[from data line 3861]
    10                                                      START OF TEC MAP    
  2023     4    22     9     0     0                        EPOCH OF CURRENT MAP
    87.5 -180.0 180.0   5.0 450.0                            LAT/LON1/LON2/DLON/H
  115  117  118  120  122  124  126  128  131  133  135  137  139  141  143  145
  147  148  150  151  152  153  153  154  155  155  155  155  155  155  155  154
  154  153  152  151  150  149  148  147  145  144  142  141  139  137  135  134
  132  130  128  126  125  123  121  120  118  117  115  114  113  112  112  111
  111  110  110  111  111  112  113  114  115
    85.0 -180.0 180.0   5.0 450.0                            LAT/LON1/LON2/DLON/H
  104  107  110  113  117  121  125  130  134  138  142  146  150  153  156  159
  162  164  165  167  168  169  169  170  170  170  170  170  170  170  170  169
  169  168  168  167  166  165  163  161  160  158  155  153  151  149  146  144
  141  139  136  134  131  129  126  123  121  118  115  113  110  108  105  103
  102  100  100   99   99  100  101  102  104
    82.5 -180.0 180.0   5.0 450.0                            LAT/LON1/LON2/DLON/H
  104  107  110  114  119  124  129  135  141  146  151  156  160  164  167  170
  172  173  174  175  175  174  174  173  173  172  172  172  173  173  174  175
  176  176  177  178  178  177  177  176  174  173  171  169  167  166  164  162
  161  159  158  157  155  153  151  149  146  143  139  136  131  127  123  119
  115  111  108  105  103  102  102  103  104
    80.0 -180.0 180.0   5.0 450.0                            LAT/LON1/LON2/DLON/H
  117  117  119  122  127  132  137  143  149  155  160  164  168  171  173  175
  176  176  175  174  172  170  168  166  164  163  162  162  163  165  168  171
  174  178  181  184  186  188  189  189  189  188  188  187  187  187  187  188
  189  191  192  194  195  196  196  196  194  192  188  184  179  173  167  160
  154  147  140  134  128  123  120  118  117
    77.5 -180.0 180.0   5.0 450.0                            LAT/LON1/LON2/DLON/H
  140  137  136  137  139  143  148  153  158  162  166  169  171  173  174  174
  173  172  170  167  163  160  155  152  148  146  145  146  148  151  156  162
  169  176  183  189  194  197  200  202  203  203  204  205  206  209  212  217
  222  228  234  240  246  250  254  257  257  257  255  251  246  239  231  223
  213  203  192  181  171  161  152  145  140
    75.0 -180.0 180.0   5.0 450.0                            LAT/LON1/LON2/DLON/H
  168  160  155  152  152  154  157  161  164  167  169  170  170  170  170  169
  167  165  163  159  155  149  144  139  134  130  129  129  132  137  145  154
  163  174  184  193  201  207  211  214  216  218  219  222  225  230  237  245
  254  264  275  286  296  305  312  318  321  323  323  320  316  310  302  292
  281  269  255  239  224  208  193  180  168
    72.5 -180.0 180.0   5.0 450.0                            LAT/LON1/LON2/DLON/H
  194  179  169  162  159  159  161  164  166  167  168  167  165  163  162  161
  159  158  156  153  149  144  138  132  126  121  119  119  122  128  137  148
  161  174  186  198  208  216  221  225  228  230  233  237  242  249  258  269
  281  294  308  322  335  347  357  364  370  374  375  374  372  368  362  353
  343  330  314  295  275  254  232  212  194
    70.0 -180.0 180.0   5.0 450.0                            LAT/LON1/LON2/DLON/H
  209  188  173  162  157  156  158  160  162  163  162  159  157  154  152  151
  151  152  152  151  148  144  138  132  126  121  118  117  120  126  135  147
  160  175  189  203  214  223  230  235  238  242  245  250  256  265  275  286
  300  313  328  341  355  366  376  385  391  395  398  399  399  398  395  390
  382  371  356  337  314  288  261  234  209
    67.5 -180.0 180.0   5.0 450.0                            LAT/LON1/LON2/DLON/H
  212  185  165  151  144  142  145  148  151  153  152  149  145  142  141  141
  143  146  148  150  149  146  142  136  131  127  124  123  125  130  138  149
  162  176  191  205  218  228  236  242  247  251  256  263  270  279  288  299
  310  321  332  342  352  361  368  374  379  383  386  388  390  392  393  393
  390  383  372  355  332  304  274  242  212
    65.0 -180.0 180.0   5.0 450.0                            LAT/LON1/LON2/DLON/H
  203  173  148  131  122  120  123  129  134  137  138  136  133  130  129  130
  133  138  143  146  147  146  143  140  137  135  133  132  133  136  142  151
  162  176  191  205  218  230  239  247  254  261  268  276  284  293  301  308
  314  319  324  327  331  334  337  339  341  343  345  347  350  354  358  362
  365  364  359  347  328  303  271  237  203
    62.5 -180.0 180.0   5.0 450.0                            LAT/LON1/LON2/DLON/H
  192  159  131  111   99   96   99  106  113  119  122  122  119  117  116  118
  122  127  132  136  138  138  139  139  140  141  141  141  141  142  145  151
  161  173  187  202  217  230  241  251  261  270  280  291  300  309  314  317
  317  315  310  306  301  297  294  291  290  289  288  290  292  296  302  309
  316  322  324  320  308  287  260  226  192
    60.0 -180.0 180.0   5.0 450.0                            LAT/LON1/LON2/DLON/H
  186  153  123  100   85   78   79   85   94  101  106  108  106  104  103  104
  108  113  117  120  121  123  126  130  136  141  145  146  145  144  144  148
  156  168  183  199  215  230  244  256  269  282  295  308  319  328  331  330
  324  313  301  287  275  264  255  248  243  239  236  234  235  237  242  249
  259  269  278  283  280  268  247  219  186
    57.5 -180.0 180.0   5.0 450.0                            LAT/LON1/LON2/DLON/H
  195  165  134  108   88   76   72   74   81   88   94   97   96   94   92   92
   94   97   99  100  100  102  108  117  128  138  145  148  147  144  142  144
  152  164  181  198  216  233  249  264  279  296  312  328  341  350  352  348
  337  320  301  281  262  246  233  223  214  208  203  199  195  194  195  199
  208  221  235  248  255  254  243  223  195
    55.0 -180.0 180.0   5.0 450.0                            LAT/LON1/LON2/DLON/H
  221  195  167  140  115   95   83   78   80   85   89   91   90   87   83   82
   82   83   82   81   80   82   90  103  119  134  145  149  147  143  140  142
  150  164  182  202  222  241  258  275  293  312  331  349  365  375  377  371
  357  338  315  291  269  250  235  222  212  204  197  191  184  178  173  172
  177  189  206  225  242  251  251  240  221
    52.5 -180.0 180.0   5.0 450.0                            LAT/LON1/LON2/DLON/H
  258  240  217  191  163  136  115  100   93   92   94   93   90   85   80   77
   76   75   73   70   67   70   79   96  116  135  148  152  150  145  142  144
  154  170  190  212  233  253  271  290  309  330  352  372  389  400  403  398
  384  364  341  317  294  275  259  245  234  225  217  209  200  190  180  172
  171  180  196  219  242  260  269  268  258
    50.0 -180.0 180.0   5.0 450.0                            LAT/LON1/LON2/DLON/H
  295  287  272  251  224  193  163  138  122  113  108  103   97   89   82   78
   77   76   74   70   67   70   81  100  123  143  157  161  158  153  149  153
  164  181  203  226  247  267  287  306  328  351  374  396  414  426  430  425
  413  395  374  353  332  313  296  281  269  260  252  244  235  222  208  195
  188  191  205  226  251  274  289  296  295
    47.5 -180.0 180.0   5.0 450.0                            LAT/LON1/LON2/DLON/H
  318  320  316  305  284  254  219  186  160  142  130  120  109   98   89   85
   85   87   86   84   82   85   96  116  139  159  172  176  172  166  163  167
  178  196  217  240  261  281  301  323  347  373  399  423  441  452  456  452
  442  427  410  391  372  354  336  320  306  295  288  281  273  261  246  230
  218  216  224  242  264  285  302  312  318
    45.0 -180.0 180.0   5.0 450.0                            LAT/LON1/LON2/DLON/H
  316  325  333  335  326  303  270  233  200  175  156  141  126  112  102   98
  100  105  108  108  107  111  121  140  161  180  191  193  189  184  181  184
  194  210  229  250  271  291  313  338  367  398  427  453  471  480  482  478
  469  457  443  427  409  390  370  351  334  321  313  308  302  294  280  265
  252  245  248  258  273  287  299  308  316
    42.5 -180.0 180.0   5.0 450.0                            LAT/LON1/LON2/DLON/H
  285  298  316  332  338  328  302  267  233  204  181  163  145  129  118  115
  119  127  134  137  138  141  150  166  183  199  208  210  207  203  200  201
  208  220  236  254  274  296  322  352  387  425  460  487  505  512  511  505
  496  486  473  459  441  420  397  374  353  336  326  321  318  313  305  293
  280  271  268  270  274  277  278  280  285
    40.0 -180.0 180.0   5.0 450.0                            LAT/LON1/LON2/DLON/H
  234  244  267  295  316  322  309  282  250  222  200  181  162  146  134  132
  139  149  159  165  167  170  176  186  199  211  218  221  221  219  216  215
  217  224  235  252  273  298  329  366  409  455  497  528  545  549  545  536
  526  516  505  491  472  449  423  395  369  348  334  327  324  322  319  312
  302  293  286  279  271  261  248  237  234
    37.5 -180.0 180.0   5.0 450.0                            LAT/LON1/LON2/DLON/H
  180  181  201  234  267  288  289  273  250  227  208  192  176  161  151  149
  156  168  179  186  189  190  193  198  204  212  219  225  228  229  227  223
  220  222  231  247  270  300  336  381  434  488  537  573  591  593  585  574
  564  555  546  532  513  488  459  429  399  372  352  339  333  331  331  328
  323  315  304  289  271  248  221  196  180
    35.0 -180.0 180.0   5.0 450.0                            LAT/LON1/LON2/DLON/H
  145  131  140  170  207  237  250  246  233  218  207  197  187  175  166  165
  171  182  192  199  202  201  199  198  199  203  210  219  228  232  232  226
  220  218  226  244  272  307  350  402  461  524  580  620  639  640  632  621
  613  607  600  589  571  547  518  487  456  425  397  375  362  355  354  354
  351  344  330  310  284  251  214  176  145
    32.5 -180.0 180.0   5.0 450.0                            LAT/LON1/LON2/DLON/H
  147  116  109  125  157  188  207  211  207  201  199  197  194  187  180  178
  182  190  199  205  206  203  197  190  185  186  193  207  221  230  232  226
  219  218  227  250  283  324  372  428  492  560  620  664  685  689  683  676
  673  673  672  666  652  631  607  579  548  515  479  447  422  407  400  398
  396  387  371  348  318  282  239  192  147
    30.0 -180.0 180.0   5.0 450.0                            LAT/LON1/LON2/DLON/H
  198  151  123  121  138  160  176  183  183  185  190  196  199  197  193  190
  191  195  201  205  206  201  192  180  169  167  174  191  210  225  230  228
  223  224  239  267  307  352  403  460  525  593  655  700  725  733  732  733
  739  749  757  758  750  737  720  699  673  639  598  555  517  490  475  467
  461  450  431  405  375  341  300  251  198
    27.5 -180.0 180.0   5.0 450.0                            LAT/LON1/LON2/DLON/H
  290  233  189  165  162  168  173  174  174  178  187  198  206  208  205  201
  199  200  203  206  205  200  188  171  156  150  157  176  200  220  230  232
  233  241  262  297  342  391  442  497  558  622  681  726  753  767  775  786
  804  825  843  853  855  850  843  832  814  783  739  687  638  599  573  558
  545  529  506  478  450  422  389  345  290
    25.0 -180.0 180.0   5.0 450.0                            LAT/LON1/LON2/DLON/H
  407  349  294  254  230  216  205  195  187  188  196  207  217  220  217  212
  207  205  206  208  207  201  188  168  149  139  145  165  192  216  233  242
  251  267  295  336  384  435  484  534  588  644  697  740  768  787  805  827
  856  887  915  934  945  950  953  954  945  920  877  821  765  718  684  660
  639  615  586  556  530  509  487  455  407
    22.5 -180.0 180.0   5.0 450.0                            LAT/LON1/LON2/DLON/H
  520  471  418  370  332  300  271  245  226  218  219  226  232  234  230  223
  217  213  212  213  212  207  192  170  148  135  139  159  188  216  239  257
  275  299  333  377  427  477  523  567  612  660  705  743  771  795  820  851
  887  925  958  983 1001 1014 1027 1038 1039 1022  985  933  877  827  788  756
  726  694  658  624  598  583  573  555  520
    20.0 -180.0 180.0   5.0 450.0                            LAT/LON1/LON2/DLON/H
  603  572  532  489  446  402  358  318  287  267  257  254  253  250  244  236
  228  223  220  220  219  213  198  174  150  134  137  156  186  218  248  274
  301  332  370  414  463  511  554  592  631  669  707  739  766  792  821  854
  892  929  963  989 1010 1029 1049 1068 1078 1071 1043 1000  952  907  867  831
  794  753  710  670  642  629  626  620  603
    17.5 -180.0 180.0   5.0 450.0                            LAT/LON1/LON2/DLON/H
  638  630  613  586  550  503  451  401  359  327  304  288  276  267  258  248
  240  233  229  227  223  216  201  177  151  134  136  156  188  223  258  292
  326  362  400  442  487  531  572  608  642  675  707  735  759  784  811  842
  873  902  928  951  971  992 1017 1041 1058 1060 1045 1016  982  947  912  875
  833  785  734  687  654  637  635  638  638
    15.0 -180.0 180.0   5.0 450.0                            LAT/LON1/LON2/DLON/H
  622  636  647  645  624  584  532  479  431  389  353  323  301  285  272  261
  251  243  236  230  223  214  197  173  148  132  134  156  190  229  269  308
  347  384  420  457  497  537  576  613  647  679  708  734  756  777  799  819
  837  852  865  879  896  918  944  971  992 1002  998  985  968  947  920  885
  839  786  730  678  637  613  605  609  622
    12.5 -180.0 180.0   5.0 450.0                            LAT/LON1/LON2/DLON/H
  568  601  637  661  659  631  587  538  490  443  396  355  324  302  286  273
  261  251  240  229  217  204  186  163  140  126  131  156  194  236  278  321
  362  399  431  462  495  531  569  608  645  681  713  739  760  777  789  797
  797  794  793  798  810  831  857  884  907  921  927  927  925  918  900  866
  820  764  706  650  603  569  551  550  568
    10.0 -180.0 180.0   5.0 450.0                            LAT/LON1/LON2/DLON/H
  505  547  601  644  660  645  612  573  530  482  430  380  342  316  299  284
  269  255  240  223  205  189  170  149  128  118  127  157  198  243  286  329
  371  407  435  460  486  517  554  595  638  681  719  749  771  784  788  782
  767  747  733  731  741  762  787  813  834  848  858  867  876  878  865  833
  786  731  673  619  570  528  498  488  505
     7.5 -180.0 180.0   5.0 450.0                            LAT/LON1/LON2/DLON/H
  459  502  562  615  638  633  610  583  549  505  450  396  354  327  308  292
  274  256  235  213  191  171  153  134  117  111  124  158  204  250  293  335
  375  410  435  455  475  501  535  578  626  677  724  761  785  797  795  780
  754  726  705  701  713  735  761  784  800  810  818  828  839  843  831  799
  751  698  645  597  552  508  470  450  459
     5.0 -180.0 180.0   5.0 450.0                            LAT/LON1/LON2/DLON/H
  456  491  546  593  614  609  593  576  552  513  459  403  360  333  314  295
  274  252  227  201  176  155  139  123  109  106  124  161  209  255  297  337
  376  410  435  451  465  485  515  557  609  667  723  768  797  810  807  791
  763  735  718  719  737  764  790  809  818  819  819  822  826  824  808  773
  726  675  631  593  558  520  481  454  456
     2.5 -180.0 180.0   5.0 450.0                            LAT/LON1/LON2/DLON/H
  501  525  566  597  603  590  573  563  547  513  460  404  361  335  316  294
  269  243  216  189  164  144  130  117  107  106  126  165  213  259  299  336
  374  409  434  449  459  473  496  534  588  651  714  765  799  815  817  807
  789  772  768  781  809  841  868  881  881  872  859  848  838  824  799  760
  712  667  631  607  587  563  532  506  501
