ionex_files/corrected/COD0OPSFIN_20250840000_01D_01H_GIM.INX
     1.0            IONOSPHERE MAPS     GNSS                IONEX VERSION / TYPE
ADDNEQ2 V5.5        AIUB                29-MAR-25 19:01     PGM / RUN BY / DATE 
CODE'S GLOBAL IONOSPHERE MAPS FOR DAY 084, 2025             COMMENT             
Global ionosphere maps (GIM) are generated on a daily basis DESCRIPTION         
at CODE using data from about 300 GNSS sites of the IGS and DESCRIPTION         
other institutions. The vertical total electron content     DESCRIPTION         
(VTEC) is modeled in a solar-geomagnetic reference frame    DESCRIPTION         
using a spherical harmonics expansion up to degree and      DESCRIPTION         
order 15. Piece-wise linear functions are used for          DESCRIPTION         
representation in the time domain. The time spacing of      DESCRIPTION         
their vertices is 1 hour, conforming with the epochs of the DESCRIPTION         
VTEC maps.                                                  DESCRIPTION         
To convert line-of-sight TEC into vertical TEC, a modified  DESCRIPTION         
single-layer model mapping function approximating the JPL   DESCRIPTION         
extended slab model mapping function is adopted. The        DESCRIPTION         
mapping function is evaluated at geodetic satellite         DESCRIPTION         
elevation angles. For the computation of the ionospheric    DESCRIPTION         
pierce points, a spherical layer with a radius of 6821 km   DESCRIPTION         
is assumed, implying geocentric, not geodetic IONEX         DESCRIPTION         
latitudes.                                                  DESCRIPTION         
Instrumental biases with respect to each involved GNSS code DESCRIPTION         
observable are estimated as constant values for each        DESCRIPTION         
day. They are modeled with one set of bias parameters for   DESCRIPTION         
each satellite and each station in case of GPS and for each DESCRIPTION         
satellite-station link in case of GLONASS. The code bias    DESCRIPTION         
datum is defined by zero-mean conditions imposed on the     DESCRIPTION         
satellite bias estimates. In this file, just GPS C1W-C2W    DESCRIPTION         
satellite and station bias values are included. The         DESCRIPTION         
complete set of GNSS code bias results is provided in an    DESCRIPTION         
additional Bias-SINEX file as pseudo-absolute values        DESCRIPTION         
specific to each observable.                                DESCRIPTION         
Note: These GIM results correspond to the results for the   DESCRIPTION         
middle day of a 3-day combination analysis solving for 73   DESCRIPTION         
times 256, or 18688 VTEC parameters and 3 daily sets of     DESCRIPTION         
GNSS code bias parameters.                                  DESCRIPTION         
Contact address: code(at)aiub.unibe.ch                      DESCRIPTION         
Data archive:    ftp.aiub.unibe.ch/CODE/                    DESCRIPTION         
                 www.aiub.unibe.ch/download/CODE/           DESCRIPTION         
  2025     3    25     0     0     0                        EPOCH OF FIRST MAP  
  2025     3    26     0     0     0                        EPOCH OF LAST MAP   
  3600                                                      INTERVAL            
[...]
abpo adis albh algo alic amu2 antc areg areq ascg aspa auck COMMENT             
azgb badg bake barh bjfs bndy boav bogo bogt bor1 braz brft COMMENT             
brst brux cags cas1 ccj2 cedu chpg chti chur ckis coco cord COMMENT             
cpvg cpxf cro1 daej darw dav1 dgar dhlg drao dubo ebre faa1 COMMENT             
fair flin flrs frdn func ganp glps glsv gode gol2 gold gope COMMENT             
gras graz guam guug harb hers hert hlfx hnpt hob2 hofn holb COMMENT             
hrao iddr ieng iisc impz ineg invk iqal irkj jog2 joz2 karr COMMENT             
kerg kir0 kiri kiru kit3 kokb kokv koug kour krgg lama laut COMMENT             
lmmf lpal lpgs mac1 madr mal2 mana mas1 mat1 mate maui maw1 COMMENT             
mcil mcm4 mdo1 medi mgue mizu mkea mnls mobs morp mro1 mtka COMMENT             
nano naur nico nist nium nklg nlib nnor nrc1 ntus nya1 nyal COMMENT             
onsa opmt ous2 pado parc park pdel penc pert pie1 pimo pohn COMMENT             
pol2 pots pove ptag ptbb ptvl qaq1 quin rabt ramo reun reyk COMMENT             
rgdg rio2 roth salu samo sant savo sch2 scor scrz scub seyg COMMENT             
sfer spt0 ssia sthl stjo stk2 str2 suth sutm suwn sydn syog COMMENT             
tash thtg thti thu2 tid1 tidb tlse tn22 tong tow2 tro1 tskb COMMENT             
twtf txes uclu ufpr ulab unb3 unbj unsa urum usn7 usud vald COMMENT             
vill vtsp wab1 wab2 whit will wind wsrt wtza wtzr wtzs wtzz COMMENT             
wuhn xmis yar2 yarr yell ykro zeck zim2 zim3 zimm           COMMENT             
                                                            END OF HEADER       
[from data line 1287]
     4                                                      START OF TEC MAP    
  2025     3    25     3     0     0                        EPOCH OF CURRENT MAP
    87.5 -180.0 180.0   5.0 450.0                            LAT/LON1/LON2/DLON/H
  163  163  162  161  161  160  160  160  160  160  160  160  160  160  160  160
  160  159  159  158  158  157  156  155  154  153  152  151  150  149  148  147
  147  147  147  147  147  148  148  149  150  152  153  155  156  158  159  161
  163  164  166  167  168  170  171  172  172  173  173  174  174  173  173  172
  172  171  170  169  168  167  166  164  163
    85.0 -180.0 180.0   5.0 450.0                            LAT/LON1/LON2/DLON/H
  157  154  152  150  149  149  149  150  151  153  156  158  161  163  165  167
  168  168  168  167  165  163  160  156  152  148  144  140  137  133  131  128
  127  126  125  126  126  128  130  132  135  138  141  145  148  152  156  159
  163  167  170  174  177  180  183  185  187  189  190  191  191  190  189  187
  185  182  179  176  172  168  164  161  157
    82.5 -180.0 180.0   5.0 450.0                            LAT/LON1/LON2/DLON/H
  149  143  137  133  131  130  131  134  138  143  149  155  162  168  174  179
  183  185  185  184  181  176  170  163  155  147  139  131  123  117  112  108
  105  103  103  104  106  109  113  117  121  126  131  136  140  145  150  155
  160  165  170  175  180  185  190  195  199  203  206  209  210  210  209  207
  204  199  194  187  180  172  164  157  149
    80.0 -180.0 180.0   5.0 450.0                            LAT/LON1/LON2/DLON/H
  150  139  129  121  115  112  113  116  122  130  140  150  162  173  183  191
  198  202  204  203  199  192  183  172  160  148  135  123  112  103   96   91
   88   87   88   91   94   99  104  110  115  121  126  130  135  139  143  147
  151  156  161  167  173  180  188  196  203  211  218  223  228  231  232  231
  229  224  217  209  199  187  175  162  150
    77.5 -180.0 180.0   5.0 450.0                            LAT/LON1/LON2/DLON/H
  168  151  135  121  111  104  102  104  110  119  130  144  158  172  185  196
  206  212  216  216  212  205  194  181  166  150  134  119  106   96   88   83
   81   82   84   89   94  101  107  113  119  123  127  130  132  133  134  136
  138  141  145  150  158  166  176  187  199  210  222  232  241  249  254  257
  257  255  250  242  231  218  202  186  168
    75.0 -180.0 180.0   5.0 450.0                            LAT/LON1/LON2/DLON/H
  206  183  161  140  123  111  104  103  106  114  124  137  150  164  177  190
  201  209  215  217  216  209  199  186  170  152  135  120  107   96   90   86
   86   88   93   99  105  112  119  124  128  131  132  132  131  129  126  124
  123  124  126  130  137  147  158  172  187  203  219  235  249  262  272  280
  285  288  287  283  275  263  247  227  206
    72.5 -180.0 180.0   5.0 450.0                            LAT/LON1/LON2/DLON/H
  259  232  204  176  152  134  122  116  115  118  124  132  141  150  160  170
  181  191  200  206  208  205  198  186  171  155  138  124  112  104   99   98
   99  103  108  114  120  127  132  136  138  139  137  134  130  125  120  116
  113  111  111  115  121  130  142  157  175  194  213  233  251  268  283  295
  306  315  321  323  321  314  301  283  259
    70.0 -180.0 180.0   5.0 450.0                            LAT/LON1/LON2/DLON/H
  316  287  254  221  191  167  150  139  134  132  132  133  133  134  136  142
  150  161  174  185  192  195  191  183  170  155  141  129  120  114  112  113
  115  119  123  127  132  136  140  142  142  141  138  134  129  123  118  114
  110  108  108  110  115  123  135  150  168  188  209  229  249  268  285  301
  316  330  342  353  360  360  354  339  316
    67.5 -180.0 180.0   5.0 450.0                            LAT/LON1/LON2/DLON/H
  364  335  300  263  228  200  180  167  159  154  147  139  129  120  113  112
  117  129  144  161  174  181  182  176  165  152  140  130  124  122  123  124
  127  128  130  132  133  135  137  138  138  136  133  129  126  123  121  120
  120  120  121  123  126  133  142  155  171  190  209  229  247  264  280  296
  312  329  347  365  381  391  392  384  364
    65.0 -180.0 180.0   5.0 450.0                            LAT/LON1/LON2/DLON/H
  392  365  329  290  254  224  204  192  184  177  167  151  132  112   97   89
   91  103  121  141  159  170  172  167  157  144  133  126  124  125  127  129
  130  129  126  124  122  122  123  124  124  123  122  121  121  124  128  134
  140  145  149  152  155  159  165  174  187  201  217  233  248  261  273  285
  299  315  335  357  380  398  408  407  392
    62.5 -180.0 180.0   5.0 450.0                            LAT/LON1/LON2/DLON/H
  396  372  338  299  263  234  216  207  202  197  185  166  141  114   92   79
   79   90  110  132  151  163  164  157  145  132  122  117  117  121  125  126
  125  120  113  106  102  101  102  104  106  107  108  110  116  125  138  154
  169  181  190  195  197  199  201  205  213  223  234  245  255  263  269  275
  283  295  312  334  359  383  400  405  396
    60.0 -180.0 180.0   5.0 450.0                            LAT/LON1/LON2/DLON/H
  380  361  329  293  258  231  216  211  210  208  198  179  153  123   99   84
   83   94  113  134  150  159  157  146  131  117  107  104  107  113  118  119
  115  107   96   87   81   81   83   87   91   93   95  100  110  127  149  175
  200  221  235  244  246  246  244  244  247  251  258  264  269  272  272  272
  272  277  289  307  330  354  374  384  380
    57.5 -180.0 180.0   5.0 450.0                            LAT/LON1/LON2/DLON/H
  356  342  315  282  248  223  210  207  209  210  204  187  164  137  115  101
  100  109  125  141  152  155  149  135  118  104   95   94   99  107  113  113
  108   97   84   73   68   69   73   79   84   86   88   93  105  127  158  193
  228  258  279  291  295  294  290  287  284  284  286  289  290  289  285  280
  275  273  276  287  304  325  344  356  356
    55.0 -180.0 180.0   5.0 450.0                            LAT/LON1/LON2/DLON/H
  340  331  310  280  249  224  209  204  206  206  202  190  171  151  134  124
  123  129  139  148  152  149  139  124  108   96   90   91   98  106  113  113
  107   96   83   73   69   71   77   84   88   88   86   90  103  128  165  208
  250  287  314  330  338  338  334  329  323  320  318  317  316  313  308  301
  293  286  283  286  294  308  323  336  340
    52.5 -180.0 180.0   5.0 450.0                            LAT/LON1/LON2/DLON/H
  342  339  324  299  269  242  222  211  207  203  197  188  176  163  153  147
  145  146  148  148  146  139  129  117  106   98   95   98  106  114  120  121
  115  106   95   87   84   88   95  100  102   98   92   92  103  130  170  218
  266  307  339  361  372  376  375  370  363  356  351  347  345  341  337  332
  325  318  312  308  308  313  323  334  342
    50.0 -180.0 180.0   5.0 450.0                            LAT/LON1/LON2/DLON/H
  365  369  362  341  312  282  255  234  219  207  197  187  179  173  169  165
  160  155  148  141  135  128  122  117  114  112  113  116  122  128  132  133
  130  124  117  113  112  115  120  124  121  113  104  100  109  135  176  226
  276  321  356  382  399  409  412  409  403  394  387  380  375  372  369  367
  366  363  358  351  344  342  346  355  365
    47.5 -180.0 180.0   5.0 450.0                            LAT/LON1/LON2/DLON/H
  407  417  416  400  371  337  303  272  245  223  205  193  186  184  182  178
  169  157  143  132  124  122  124  128  134  138  140  142  142  143  144  145
  145  145  144  143  143  145  147  147  142  131  119  112  120  145  186  235
  285  330  368  397  421  437  446  448  443  435  425  416  408  403  401  403
  408  412  412  407  397  389  387  395  407
    45.0 -180.0 180.0   5.0 450.0                            LAT/LON1/LON2/DLON/H
  457  470  473  459  431  394  355  317  282  251  226  210  202  199  196  188
  175  157  140  127  123  127  139  153  165  172  173  169  162  156  152  152
  156  161  167  170  171  171  170  167  160  149  136  130  137  162  201  249
  296  340  378  411  439  463  478  485  484  477  467  455  444  435  432  436
  446  459  467  467  457  446  440  444  457
    42.5 -180.0 180.0   5.0 450.0                            LAT/LON1/LON2/DLON/H
  505  517  519  505  476  437  397  357  319  285  257  238  227  221  214  201
  183  163  146  138  140  152  170  190  204  209  204  193  178  164  155  154
  160  171  182  188  190  188  184  180  174  165  155  152  160  185  222  266
  310  351  388  423  457  486  508  520  524  520  510  498  484  471  464  467
  481  500  517  522  515  502  493  494  505
    40.0 -180.0 180.0   5.0 450.0                            LAT/LON1/LON2/DLON/H
  546  552  547  527  493  454  416  381  349  319  293  273  260  249  236  219
  198  180  169  168  177  195  216  235  246  245  233  213  190  170  157  153
  160  174  189  199  201  197  192  188  185  180  176  176  187  211  246  286
  326  364  399  436  472  505  532  549  558  559  554  544  529  513  502  502
  515  537  560  571  568  555  543  540  546
    37.5 -180.0 180.0   5.0 450.0                            LAT/LON1/LON2/DLON/H
  581  577  560  529  487  445  411  386  365  344  324  307  293  279  262  241
  222  210  208  216  232  251  270  284  287  277  257  232  206  183  167  160
  165  178  194  205  207  204  199  196  196  197  198  201  213  236  268  304
  340  375  410  446  484  519  548  570  585  593  596  591  580  564  549  545
  555  577  602  617  617  605  592  584  581
    35.0 -180.0 180.0   5.0 450.0                            LAT/LON1/LON2/DLON/H
  624  607  574  526  472  424  393  377  368  359  348  335  322  306  286  265
  250  247  256  273  292  309  322  327  322  306  282  257  234  213  197  187
  186  193  205  213  216  212  209  208  211  215  218  223  234  254  283  316
  349  382  416  453  490  526  556  581  602  620  632  637  634  622  609  602
  608  627  651  668  671  661  647  635  624
    32.5 -180.0 180.0   5.0 450.0                            LAT/LON1/LON2/DLON/H
  689  659  611  546  476  418  384  371  370  370  364  355  343  327  307  288
  278  283  301  323  342  355  362  361  352  335  315  298  284  271  256  242
  231  227  229  231  231  228  226  226  230  233  236  238  245  261  287  318
  350  383  418  455  492  527  558  586  613  639  662  679  688  687  679  674
  677  692  714  731  737  732  720  706  689
    30.0 -180.0 180.0   5.0 450.0                            LAT/LON1/LON2/DLON/H
  786  750  691  612  527  456  411  393  390  388  382  372  359  343  324  307
  301  311  333  355  370  379  383  384  380  371  362  359  360  358  348  327
  303  283  269  262  256  252  249  248  249  249  246  243  244  257  280  310
  344  379  416  454  491  525  557  588  620  654  687  716  739  752  756  756
  760  773  793  812  822  823  817  806  786
    27.5 -180.0 180.0   5.0 450.0                            LAT/LON1/LON2/DLON/H
  918  884  824  739  644  559  498  465  448  433  416  398  381  364  345  328
  321  328  345  361  371  378  388  401  412  419  426  440  458  469  462  436
  397  356  324  301  287  279  274  270  265  257  247  236  233  241  264  296
  333  372  412  452  491  527  560  594  631  670  709  748  784  813  831  841
  850  864  884  906  922  932  936  933  918
    25.0 -180.0 180.0   5.0 450.0                            LAT/LON1/LON2/DLON/H
 1071 1049 1000  923  828  732  653  597  556  520  483  449  424  403  382  360
  344  340  344  348  351  362  385  419  452  479  504  533  565  587  584  551
  497  436  383  343  319  305  296  286  273  256  237  220  212  220  244  280
  322  366  411  455  496  535  572  610  650  691  733  778  823  865  897  919
  935  954  978 1005 1029 1050 1065 1074 1071
    22.5 -180.0 180.0   5.0 450.0                            LAT/LON1/LON2/DLON/H
 1221 1219 1193 1138 1055  957  863  784  716  653  592  540  503  477  450  417
  385  360  343  332  330  347  390  448  506  550  587  624  663  690  688  651
  585  507  435  380  344  324  309  293  272  246  220  198  189  198  226  268
  316  365  415  463  509  552  595  638  680  721  762  807  858  908  950  982
 1006 1031 1061 1094 1127 1159 1187 1209 1221
    20.0 -180.0 180.0   5.0 450.0                            LAT/LON1/LON2/DLON/H
 1338 1359 1365 1343 1284 1195 1095  999  911  826  744  675  627  593  558  511
  457  406  364  336  329  355  416  497  570  623  660  694  731  757  755  715
  644  556  471  403  358  331  311  289  261  229  198  176  168  181  215  263
  317  371  425  478  529  579  628  676  721  761  798  840  890  943  990 1026
 1056 1087 1122 1161 1202 1241 1278 1310 1338
    17.5 -180.0 180.0   5.0 450.0                            LAT/LON1/LON2/DLON/H
 1397 1438 1476 1492 1466 1397 1302 1203 1108 1014  922  843  788  750  707  645
  568  489  424  381  370  403  475  565  641  686  710  731  756  776  772  733
  662  573  484  410  359  328  305  278  246  210  179  157  153  171  211  266
  325  383  440  497  554  611  667  720  767  806  840  878  924  974 1018 1054
 1085 1119 1157 1199 1242 1284 1323 1359 1397
    15.0 -180.0 180.0   5.0 450.0                            LAT/LON1/LON2/DLON/H
 1386 1438 1501 1551 1560 1517 1439 1353 1270 1185 1097 1020  966  928  882  809
  713  614  530  477  463  495  565  647  706  729  728  727  737  747  739  703
  639  558  474  402  352  320  296  267  233  196  166  147  146  168  213  273
  336  396  456  517  579  642  704  763  813  852  885  920  962 1005 1042 1071
 1098 1131 1168 1208 1247 1284 1318 1349 1386
    12.5 -180.0 180.0   5.0 450.0                            LAT/LON1/LON2/DLON/H
 1316 1364 1437 1510 1546 1529 1476 1415 1359 1301 1235 1172 1127 1096 1054  979
  874  765  674  617  599  622  675  729  755  743  713  689  683  682  671  639
  587  520  449  386  341  313  290  262  226  190  161  143  144  169  217  279
  345  407  468  532  599  667  734  796  850  893  928  964 1003 1039 1065 1084
 1105 1132 1165 1196 1226 1252 1273 1291 1316
    10.0 -180.0 180.0   5.0 450.0                            LAT/LON1/LON2/DLON/H
 1213 1243 1309 1387 1435 1436 1405 1375 1357 1337 1303 1262 1234 1217 1187 1120
 1020  915  830  777  755  761  782  795  777  730  673  633  615  607  591  562
  520  470  416  368  334  311  291  264  229  192  162  144  143  168  217  281
  348  410  472  538  609  681  751  816  873  921  964 1005 1044 1074 1091 1100
 1113 1134 1158 1178 1194 1206 1212 1210 1213
     7.5 -180.0 180.0   5.0 450.0                            LAT/LON1/LON2/DLON/H
 1116 1117 1159 1222 1265 1269 1252 1249 1267 1286 1284 1267 1257 1258 1245 1197
 1116 1030  962  920  896  880  863  830  771  694  624  579  559  545  523  492
  458  422  386  354  331  316  299  273  237  198  166  144  140  163  211  275
  342  405  467  535  607  681  753  820  881  935  986 1035 1078 1106 1116 1119
 1127 1144 1160 1167 1169 1168 1160 1139 1116
     5.0 -180.0 180.0   5.0 450.0                            LAT/LON1/LON2/DLON/H
 1061 1031 1038 1070 1091 1082 1064 1074 1116 1161 1182 1181 1184 1200 1209 1187
 1135 1078 1036 1010  986  951  898  827  738  650  583  548  534  517  485  446
  411  383  361  343  331  323  309  282  244  202  166  139  132  151  198  262
  329  391  454  522  596  670  742  809  872  933  993 1050 1098 1126 1134 1136
 1146 1162 1173 1171 1163 1155 1140 1107 1061
     2.5 -180.0 180.0   5.0 450.0                            LAT/LON1/LON2/DLON/H
 1073 1015  986  980  967  932  899  903  948  999 1022 1022 1026 1051 1079 1084
 1065 1042 1030 1024 1003  955  880  788  692  612  565  552  548  527  482  427
  383  356  341  333  329  325  312  284  243  198  158  128  117  134  181  244
  311  373  434  502  576  650  720  786  850  915  981 1045 1097 1126 1137 1144
 1162 1184 1195 1189 1178 1173 1165 1132 1073
