ionex_files/corrected/COD0OPSFIN_20250830000_01D_01H_GIM.INX
     1.0            IONOSPHERE MAPS     GNSS                IONEX VERSION / TYPE
ADDNEQ2 V5.5        AIUB                28-MAR-25 19:02     PGM / RUN BY / DATE 
CODE'S GLOBAL IONOSPHERE MAPS FOR DAY 083, 2025             COMMENT             
Global ionosphere maps (GIM) are generated on a daily basis DESCRIPTION         
at CODE using data from about 300 GNSS sites of the IGS and DESCRIPTION         
other institutions. The vertical total electron content     DESCRIPTION         
(VTEC) is modeled in a solar-geomagnetic reference frame    DESCRIPTION         
using a spherical harmonics expansion up to degree and      DESCRIPTION         
order 15. Piece-wise linear functions are used for          DESCRIPTION         
representation in the time domain. The time spacing of      DESCRIPTION         
their vertices is 1 hour, conforming with the epochs of the DESCRIPTION         
VTEC maps.                                                  DESCRIPTION         
To convert line-of-sight TEC into vertical TEC, a modified  DESCRIPTION         
single-layer model mapping function approximating the JPL   DESCRIPTION         
extended slab model mapping function is adopted. The        DESCRIPTION         
mapping function is evaluated at geodetic satellite         DESCRIPTION         
elevation angles. For the computation of the ionospheric    DESCRIPTION         
pierce points, a spherical layer with a radius of 6821 km   DESCRIPTION         
is assumed, implying geocentric, not geodetic IONEX         DESCRIPTION         
latitudes.                                                  DESCRIPTION         
Instrumental biases with respect to each involved GNSS code DESCRIPTION         
observable are estimated as constant values for each        DESCRIPTION         
day. They are modeled with one set of bias parameters for   DESCRIPTION         
each satellite and each station in case of GPS and for each DESCRIPTION         
satellite-station link in case of GLONASS. The code bias    DESCRIPTION         
datum is defined by zero-mean conditions imposed on the     DESCRIPTION         
satellite bias estimates. In this file, just GPS C1W-C2W    DESCRIPTION         
satellite and station bias values are included. The         DESCRIPTION         
complete set of GNSS code bias results is provided in an    DESCRIPTION         
additional Bias-SINEX file as pseudo-absolute values        DESCRIPTION         
specific to each observable.                                DESCRIPTION         
Note: These GIM results correspond to the results for the   DESCRIPTION         
middle day of a 3-day combination analysis solving for 73   DESCRIPTION         
times 256, or 18688 VTEC parameters and 3 daily sets of     DESCRIPTION         
GNSS code bias parameters.                                  DESCRIPTION         
Contact address: code(at)aiub.unibe.ch                      DESCRIPTION         
Data archive:    ftp.aiub.unibe.ch/CODE/                    DESCRIPTION         
                 www.aiub.unibe.ch/download/CODE/           DESCRIPTION         
  2025     3    24     0     0     0                        EPOCH OF FIRST MAP  
  2025     3    25     0     0     0                        EPOCH OF LAST MAP   
  3600                                                      INTERVAL            
[...]
azgb badg bake barh bjfs bndy boav bogo bogt bor1 braz brft COMMENT             
brst brux cags cas1 ccj2 cedu chpg chti chur ckis coco cord COMMENT             
cpvg cpxf cro1 daej darw dav1 dgar dhlg drao dubo faa1 fair COMMENT             
flin flrs frdn func ganp glps glsv gode gol2 gold gope gras COMMENT             
graz guam guug harb hers hert hlfx hnpt hob2 hofn holb hrao COMMENT             
iddr ieng iisc impz ineg invk iqal irkj jog2 joz2 karr kerg COMMENT             
kir0 kiri kiru kit3 kokb kokv koug kour krgg lama laut lmmf COMMENT             
lpal lpgs mac1 madr mal2 mana mas1 mat1 mate maui maw1 mcil COMMENT             
mcm4 mdo1 medi mgue mizu mkea mnls mobs morp mqzg mro1 mtka COMMENT             
nano naur nico nist nium nklg nlib nnor nrc1 ntus nya1 nyal COMMENT             
onsa opmt ous2 pado parc park pdel penc pert pie1 pimo pohn COMMENT             
pol2 pots pove ptag ptbb ptvl qaq1 quin rabt ramo reun reyk COMMENT             
rgdg rio2 roth salu samo sant savo sch2 scor scrz sctb scub COMMENT             
seyg sfer spt0 ssia sthl stjo stk2 str2 suth sutm suwn sydn COMMENT             
syog tash thtg thti thu2 tid1 tidb tlse tn22 tong tow2 tro1 COMMENT             
tskb twtf txes uclu ufpr ulab unb3 unbj unsa urum usn7 usud COMMENT             
vald vill vtsp wab1 wab2 wark wgtn whit will wind wsrt wtza COMMENT             
wtzr wtzs wtzz wuhn xmis yar2 yarr yell ykro zeck zim2 zim3 COMMENT             
zimm                                                        COMMENT             
                                                            END OF HEADER       
[from data line 8151]
    20                                                      START OF TEC MAP    
  2025     3    24    19     0     0                        EPOCH OF CURRENT MAP
    87.5 -180.0 180.0   5.0 450.0                            LAT/LON1/LON2/DLON/H
  229  229  229  230  231  232  233  234  235  237  239  240  242  244  246  247
  249  251  252  254  255  257  258  259  260  260  261  261  261  262  261  261
  261  260  260  259  258  258  257  256  255  254  254  253  252  251  251  250
  249  248  247  247  246  245  244  243  242  240  239  238  237  236  235  234
  233  232  231  230  229  229  229  229  229
    85.0 -180.0 180.0   5.0 450.0                            LAT/LON1/LON2/DLON/H
  193  193  194  194  196  198  200  203  206  209  213  217  221  225  229  233
  237  241  245  248  251  254  257  259  261  263  264  264  264  264  264  263
  261  260  258  256  255  253  251  249  248  247  246  245  244  244  243  243
  243  242  241  241  240  238  237  235  232  230  227  224  221  218  215  211
  208  205  202  200  198  196  195  194  193
    82.5 -180.0 180.0   5.0 450.0                            LAT/LON1/LON2/DLON/H
  151  151  151  152  153  156  159  163  167  172  178  184  190  196  202  209
  215  221  227  232  237  242  247  251  254  257  259  260  261  261  260  258
  256  254  251  248  245  242  240  237  236  235  234  234  234  235  236  237
  238  239  239  239  238  236  234  230  226  222  217  211  205  199  193  187
  181  176  170  166  162  158  155  153  151
    80.0 -180.0 180.0   5.0 450.0                            LAT/LON1/LON2/DLON/H
  114  113  112  112  113  115  119  123  129  135  142  150  158  165  173  181
  188  195  202  209  216  223  229  235  240  245  249  251  253  253  252  251
  248  245  241  238  234  231  228  226  225  224  225  226  228  231  234  236
  239  241  242  243  242  239  235  230  224  216  208  199  190  181  172  163
  155  147  141  135  129  124  120  117  114
    77.5 -180.0 180.0   5.0 450.0                            LAT/LON1/LON2/DLON/H
   93   90   88   87   87   88   91   95  101  108  116  125  134  142  151  158
  166  173  180  186  194  201  208  216  223  229  235  239  241  243  242  241
  238  235  231  227  224  221  219  217  217  218  220  223  227  232  237  241
  246  249  251  251  249  245  239  231  221  210  199  186  174  163  152  142
  134  126  119  114  109  104  100   96   93
    75.0 -180.0 180.0   5.0 450.0                            LAT/LON1/LON2/DLON/H
   95   91   87   84   81   81   82   85   91   98  107  117  126  135  143  150
  156  161  166  171  177  184  191  199  207  214  220  225  228  230  230  228
  225  222  219  216  213  212  211  211  213  215  219  224  229  235  242  248
  253  256  258  258  254  248  239  228  215  200  185  171  157  145  134  125
  119  114  110  108  105  103  101   98   95
    72.5 -180.0 180.0   5.0 450.0                            LAT/LON1/LON2/DLON/H
  119  115  109  103   98   94   93   95  100  108  117  128  139  148  155  161
  164  166  168  170  173  178  183  190  197  203  209  213  215  215  214  212
  209  206  203  201  200  200  201  203  207  211  216  221  228  234  241  247
  252  256  257  255  250  242  230  216  200  183  166  150  136  125  117  113
  111  111  113  116  119  121  122  122  119
    70.0 -180.0 180.0   5.0 450.0                            LAT/LON1/LON2/DLON/H
  158  154  147  138  130  123  119  119  124  132  144  156  168  179  186  190
  191  190  188  186  185  186  189  193  197  201  203  204  203  201  197  193
  189  186  184  183  183  185  187  191  195  200  205  211  217  223  229  234
  238  241  241  238  232  222  209  193  175  157  140  125  113  106  102  103
  107  115  124  134  143  151  157  159  158
    67.5 -180.0 180.0   5.0 450.0                            LAT/LON1/LON2/DLON/H
  199  195  188  178  167  158  152  150  155  164  178  193  207  219  227  230
  229  226  221  216  212  210  209  208  208  207  205  201  196  189  183  177
  171  167  165  164  164  166  169  173  177  182  186  190  194  198  202  205
  208  210  209  206  200  190  176  160  143  126  111   98   90   87   89   95
  106  120  136  153  168  182  192  198  199
    65.0 -180.0 180.0   5.0 450.0                            LAT/LON1/LON2/DLON/H
  227  225  218  209  197  187  180  178  183  194  209  227  244  258  267  271
  270  267  261  255  250  245  240  235  229  223  214  205  195  186  176  168
  161  156  153  151  150  150  151  153  155  158  159  161  162  162  163  164
  165  166  166  164  159  151  140  126  112   97   85   76   71   72   78   89
  105  123  143  163  183  200  214  223  227
    62.5 -180.0 180.0   5.0 450.0                            LAT/LON1/LON2/DLON/H
  232  233  229  222  212  203  197  196  202  214  232  251  270  285  296  301
  302  301  298  294  289  284  277  269  258  246  233  219  206  194  184  175
  168  162  156  151  146  142  139  137  136  134  133  130  127  124  121  119
  118  119  120  120  118  114  107   98   88   78   69   64   62   66   74   86
  101  120  140  161  181  199  215  226  232
    60.0 -180.0 180.0   5.0 450.0                            LAT/LON1/LON2/DLON/H
  214  218  218  215  210  205  201  202  209  222  240  261  280  295  307  314
  318  321  323  324  324  321  315  304  290  274  258  242  229  218  210  202
  196  188  180  170  160  149  140  132  126  120  115  109  101   94   87   82
   80   80   83   86   89   90   88   85   80   74   69   67   67   70   77   86
   98  111  127  144  161  178  193  206  214
    57.5 -180.0 180.0   5.0 450.0                            LAT/LON1/LON2/DLON/H
  179  186  192  195  196  196  196  200  208  221  238  257  274  288  299  307
  314  323  332  342  349  351  347  337  322  305  288  274  263  256  252  249
  244  236  224  208  191  173  156  142  131  121  112  103   92   80   69   62
   58   59   64   71   77   83   87   89   89   88   87   85   85   86   88   91
   96  101  109  119  131  144  157  169  179
    55.0 -180.0 180.0   5.0 450.0                            LAT/LON1/LON2/DLON/H
  141  151  162  171  179  185  190  196  205  217  231  246  260  270  278  286
  296  310  328  346  362  372  372  365  351  335  320  310  305  304  306  307
  305  296  280  259  234  209  185  166  151  138  127  116  102   87   73   63
   59   60   67   76   86   96  104  110  114  117  117  116  114  112  108  103
   98   94   92   94   99  108  119  130  141
    52.5 -180.0 180.0   5.0 450.0                            LAT/LON1/LON2/DLON/H
  115  128  142  157  171  183  192  199  207  217  228  238  247  252  257  263
  274  292  316  343  367  384  390  387  376  363  352  346  346  352  360  365
  364  355  336  310  279  249  221  198  180  167  155  143  127  111   95   83
   79   81   89   99  111  122  132  141  148  152  154  153  149  143  133  122
  108   94   84   78   78   84   93  104  115
    50.0 -180.0 180.0   5.0 450.0                            LAT/LON1/LON2/DLON/H
  114  128  145  163  181  196  207  214  220  227  234  241  245  246  247  250
  260  279  306  338  369  392  404  405  397  388  380  378  382  391  402  410
  409  398  377  348  315  283  253  229  211  198  187  174  160  142  126  114
  110  113  122  133  144  154  163  172  180  185  187  186  181  173  160  144
  124  104   88   78   76   82   91  102  114
    47.5 -180.0 180.0   5.0 450.0                            LAT/LON1/LON2/DLON/H
  141  156  173  193  212  227  238  243  246  250  254  259  261  260  259  259
  266  283  309  341  375  401  417  421  417  409  403  402  407  415  425  432
  430  417  395  366  334  303  275  252  235  222  211  201  187  171  156  146
  143  147  156  166  174  181  188  195  202  207  209  208  204  196  184  167
  146  124  106   95   95  102  115  128  141
    45.0 -180.0 180.0   5.0 450.0                            LAT/LON1/LON2/DLON/H
  192  207  224  242  260  274  281  283  284  285  289  293  297  298  297  297
  299  310  330  358  390  417  435  440  437  430  423  419  419  423  428  431
  426  412  390  364  336  309  285  264  247  234  224  214  203  190  177  170
  169  174  183  191  196  199  202  206  211  215  217  217  214  210  201  188
  170  150  133  125  129  142  159  177  192
    42.5 -180.0 180.0   5.0 450.0                            LAT/LON1/LON2/DLON/H
  255  271  287  303  318  328  332  331  329  330  334  342  350  357  360  360
  359  361  371  392  418  443  459  464  460  451  440  431  424  421  419  416
  409  394  374  351  329  308  289  269  251  235  224  215  207  197  189  184
  186  193  201  206  208  208  207  208  211  213  214  214  214  213  210  204
  192  177  164  160  169  189  213  236  255
    40.0 -180.0 180.0   5.0 450.0                            LAT/LON1/LON2/DLON/H
  316  335  350  365  377  383  384  381  378  380  388  400  415  430  441  443
  439  432  430  440  458  479  492  495  487  475  460  445  432  421  414  407
  397  383  365  346  329  314  297  277  255  236  221  213  207  202  197  196
  199  206  213  217  216  213  211  209  209  209  207  206  207  210  213  214
  209  201  193  193  206  231  263  292  316
    37.5 -180.0 180.0   5.0 450.0                            LAT/LON1/LON2/DLON/H
  364  386  403  417  428  433  432  429  429  434  445  462  484  508  527  535
  528  512  499  498  508  523  533  531  520  504  487  470  453  439  430  423
  414  402  385  367  352  338  322  300  273  248  230  221  217  216  216  217
  220  225  230  232  230  227  223  221  217  213  208  203  202  206  213  219
  222  219  215  217  232  261  298  334  364
    35.0 -180.0 180.0   5.0 450.0                            LAT/LON1/LON2/DLON/H
  393  420  440  456  467  473  475  477  481  491  505  526  553  584  611  624
  616  593  570  559  563  573  578  572  557  541  525  511  498  488  482  480
  476  465  448  427  409  392  373  347  316  286  264  253  251  253  256  258
  260  261  262  261  260  258  256  252  245  235  224  213  207  207  214  224
  231  232  229  231  245  275  315  357  393
    32.5 -180.0 180.0   5.0 450.0                            LAT/LON1/LON2/DLON/H
  405  438  462  481  496  507  515  523  536  551  569  590  618  652  685  702
  694  666  635  617  616  623  624  614  598  585  577  574  572  572  576  583
  586  577  555  526  497  472  448  420  386  354  329  317  317  321  326  328
  326  322  317  314  313  313  313  308  296  280  260  241  226  219  222  230
  239  242  239  238  248  276  318  364  405
    30.0 -180.0 180.0   5.0 450.0                            LAT/LON1/LON2/DLON/H
  408  445  474  498  519  536  552  571  593  615  636  655  680  713  747  766
  758  726  690  667  664  669  667  655  641  635  642  656  671  686  704  723
  732  723  693  649  604  567  536  508  477  446  422  410  410  416  423  424
  418  407  396  389  388  390  391  384  367  342  312  283  259  243  238  242
  249  252  249  244  249  273  314  362  408
    27.5 -180.0 180.0   5.0 450.0                            LAT/LON1/LON2/DLON/H
  410  451  485  514  540  565  591  620  653  683  705  722  741  769  801  819
  810  775  735  710  705  709  705  693  683  690  715  750  785  817  848  876
  891  878  835  771  706  653  618  593  570  547  527  515  515  523  532  534
  526  509  491  480  477  480  479  468  444  410  372  334  301  275  261  259
  263  266  261  253  254  273  312  362  410
    25.0 -180.0 180.0   5.0 450.0                            LAT/LON1/LON2/DLON/H
  419  462  499  532  564  596  630  669  711  749  775  789  802  824  851  867
  855  818  775  746  739  740  736  725  724  746  792  847  899  943  982 1015
 1029 1010  951  865  777  709  671  654  645  634  620  610  609  619  633  639
  631  612  589  572  566  566  561  544  512  470  425  382  343  310  289  280
  281  282  277  268  266  283  320  370  419
    22.5 -180.0 180.0   5.0 450.0                            LAT/LON1/LON2/DLON/H
  437  481  519  556  592  629  669  714  764  809  839  854  864  881  903  916
  902  862  814  780  768  765  759  753  762  800  864  935  996 1043 1081 1111
 1120 1091 1016  909  800  719  679  673  681  685  679  670  670  682  702  717
  715  698  672  651  639  633  621  595  555  507  459  415  375  340  315  302
  299  300  295  288  287  303  340  388  437
    20.0 -180.0 180.0   5.0 450.0                            LAT/LON1/LON2/DLON/H
  462  506  545  584  623  662  704  752  806  857  894  914  926  941  961  972
  956  912  858  816  795  785  778  777  798  851  927 1005 1065 1104 1131 1149
 1148 1108 1020  897  772  680  641  646  670  688  689  681  680  697  726  753
  763  752  728  702  683  668  646  611  564  512  465  425  391  359  334  320
  315  315  312  308  310  328  365  414  462
    17.5 -180.0 180.0   5.0 450.0                            LAT/LON1/LON2/DLON/H
  488  532  572  613  654  695  736  782  836  891  936  965  983 1003 1024 1035
 1019  972  911  857  823  805  796  801  832  896  978 1052 1100 1121 1128 1129
 1116 1068  972  840  705  607  568  581  617  645  650  642  641  662  703  745
  770  769  748  719  692  666  634  590  538  485  442  410  386  363  343  330
  325  324  323  322  329  352  391  440  488
    15.0 -180.0 180.0   5.0 450.0                            LAT/LON1/LON2/DLON/H
  509  554  596  640  684  725  763  804  855  911  963 1003 1033 1060 1087 1102
 1088 1040  972  906  856  827  815  826  867  937 1016 1078 1105 1102 1086 1069
 1045  992  897  765  628  527  486  501  542  573  578  568  567  593  645  702
  742  752  736  704  669  632  590  539  484  434  397  376  363  352  341  331
  326  324  324  327  340  368  410  461  509
    12.5 -180.0 180.0   5.0 450.0                            LAT/LON1/LON2/DLON/H
  522  569  615  663  711  753  789  824  868  922  980 1030 1072 1109 1144 1165
 1157 1111 1038  960  895  855  840  856  904  975 1045 1088 1092 1064 1027  995
  964  914  827  704  573  471  425  435  470  498  500  488  487  517  576  644
  695  714  701  667  623  577  527  474  420  373  343  330  329  330  328  323
  318  315  315  322  339  373  419  471  522
    10.0 -180.0 180.0   5.0 450.0                            LAT/LON1/LON2/DLON/H
  527  578  629  683  736  781  816  847  884  933  991 1047 1098 1144 1187 1216
 1216 1176 1103 1017  941  890  874  893  944 1011 1068 1091 1074 1028  978  938
  907  864  791  684  563  463  410  408  431  449  447  433  432  463  524  594
  648  670  658  620  570  516  463  409  359  318  293  286  293  303  309  309
  305  300  300  308  330  368  418  474  527
     7.5 -180.0 180.0   5.0 450.0                            LAT/LON1/LON2/DLON/H
  529  585  641  700  759  810  848  877  909  951 1004 1060 1113 1164 1212 1248
 1258 1228 1160 1072  990  934  916  937  987 1045 1087 1095 1065 1012  960  921
  893  862  805  718  612  515  454  435  441  448  440  426  426  454  508  570
  617  634  617  575  520  463  409  360  316  281  259  254  263  277  288  292
  288  283  283  293  318  359  413  472  529
     5.0 -180.0 180.0   5.0 450.0                            LAT/LON1/LON2/DLON/H
  533  593  654  718  783  841  886  918  946  980 1024 1073 1121 1169 1216 1257
 1277 1260 1204 1123 1042  985  966  985 1030 1077 1106 1103 1071 1024  980  948
  929  907  867  798  708  616  548  513  503  499  488  476  476  497  537  580
  608  611  586  539  481  423  373  332  296  266  245  238  244  257  269  275
  273  268  268  280  308  352  408  471  533
     2.5 -180.0 180.0   5.0 450.0                            LAT/LON1/LON2/DLON/H
  542  606  669  735  805  871  926  965  994 1022 1053 1088 1125 1163 1204 1246
 1273 1271 1231 1164 1092 1039 1019 1034 1069 1105 1122 1117 1092 1060 1031 1011
  998  983  954  901  825  741  670  625  602  590  580  571  571  581  599  615
  617  601  564  511  452  398  354  322  295  271  250  237  237  245  255  260
  260  257  260  274  304  350  409  475  542
