ionex_files/corrected/COD0OPSFIN_20250830000_01D_01H_GIM.INX
     1.0            IONOSPHERE MAPS     GNSS                IONEX VERSION / TYPE
ADDNEQ2 V5.5        AIUB                28-MAR-25 19:02     PGM / RUN BY / DATE 
CODE'S GLOBAL IONOSPHERE MAPS FOR DAY 083, 2025             COMMENT             
Global ionosphere maps (GIM) are generated on a daily basis DESCRIPTION         
at CODE using data from about 300 GNSS sites of the IGS and DESCRIPTION         
other institutions. The vertical total electron content     DESCRIPTION         
(VTEC) is modeled in a solar-geomagnetic reference frame    DESCRIPTION         
using a spherical harmonics expansion up to degree and      DESCRIPTION         
order 15. Piece-wise linear functions are used for          DESCRIPTION         
representation in the time domain. The time spacing of      DESCRIPTION         
their vertices is 1 hour, conforming with the epochs of the DESCRIPTION         
VTEC maps.                                                  DESCRIPTION         
To convert line-of-sight TEC into vertical TEC, a modified  DESCRIPTION         
single-layer model mapping function approximating the JPL   DESCRIPTION         
extended slab model mapping function is adopted. The        DESCRIPTION         
mapping function is evaluated at geodetic satellite         DESCRIPTION         
elevation angles. For the computation of the ionospheric    DESCRIPTION         
pierce points, a spherical layer with a radius of 6821 km   DESCRIPTION         
is assumed, implying geocentric, not geodetic IONEX         DESCRIPTION         
latitudes.                                                  DESCRIPTION         
Instrumental biases with respect to each involved GNSS code DESCRIPTION         
observable are estimated as constant values for each        DESCRIPTION         
day. They are modeled with one set of bias parameters for   DESCRIPTION         
each satellite and each station in case of GPS and for each DESCRIPTION         
satellite-station link in case of GLONASS. The code bias    DESCRIPTION         
datum is defined by zero-mean conditions imposed on the     DESCRIPTION         
satellite bias estimates. In this file, just GPS C1W-C2W    DESCRIPTION         
satellite and station bias values are included. The         DESCRIPTION         
complete set of GNSS code bias results is provided in an    DESCRIPTION         
additional Bias-SINEX file as pseudo-absolute values        DESCRIPTION         
specific to each observable.                                DESCRIPTION         
Note: These GIM results correspond to the results for the   DESCRIPTION         
middle day of a 3-day combination analysis solving for 73   DESCRIPTION         
times 256, or 18688 VTEC parameters and 3 daily sets of     DESCRIPTION         
GNSS code bias parameters.                                  DESCRIPTION         
Contact address: code(at)aiub.unibe.ch                      DESCRIPTION         
Data archive:    ftp.aiub.unibe.ch/CODE/                    DESCRIPTION         
                 www.aiub.unibe.ch/download/CODE/           DESCRIPTION         
  2025     3    24     0     0     0                        EPOCH OF FIRST MAP  
  2025     3    25     0     0     0                        EPOCH OF LAST MAP   
  3600                                                      INTERVAL            
[...]
azgb badg bake barh bjfs bndy boav bogo bogt bor1 braz brft COMMENT             
brst brux cags cas1 ccj2 cedu chpg chti chur ckis coco cord COMMENT             
cpvg cpxf cro1 daej darw dav1 dgar dhlg drao dubo faa1 fair COMMENT             
flin flrs frdn func ganp glps glsv gode gol2 gold gope gras COMMENT             
graz guam guug harb hers hert hlfx hnpt hob2 hofn holb hrao COMMENT             
iddr ieng iisc impz ineg invk iqal irkj jog2 joz2 karr kerg COMMENT             
kir0 kiri kiru kit3 kokb kokv koug kour krgg lama laut lmmf COMMENT             
lpal lpgs mac1 madr mal2 mana mas1 mat1 mate maui maw1 mcil COMMENT             
mcm4 mdo1 medi mgue mizu mkea mnls mobs morp mqzg mro1 mtka COMMENT             
nano naur nico nist nium nklg nlib nnor nrc1 ntus nya1 nyal COMMENT             
onsa opmt ous2 pado parc park pdel penc pert pie1 pimo pohn COMMENT             
pol2 pots pove ptag ptbb ptvl qaq1 quin rabt ramo reun reyk COMMENT             
rgdg rio2 roth salu samo sant savo sch2 scor scrz sctb scub COMMENT             
seyg sfer spt0 ssia sthl stjo stk2 str2 suth sutm suwn sydn COMMENT             
syog tash thtg thti thu2 tid1 tidb tlse tn22 tong tow2 tro1 COMMENT             
tskb twtf txes uclu ufpr ulab unb3 unbj unsa urum usn7 usud COMMENT             
vald vill vtsp wab1 wab2 wark wgtn whit will wind wsrt wtza COMMENT             
wtzr wtzs wtzz wuhn xmis yar2 yarr yell ykro zeck zim2 zim3 COMMENT             
zimm                                                        COMMENT             
                                                            END OF HEADER       
[from data line 9867]
    24                                                      START OF TEC MAP    
  2025     3    24    23     0     0                        EPOCH OF CURRENT MAP
    87.5 -180.0 180.0   5.0 450.0                            LAT/LON1/LON2/DLON/H
  170  170  170  170  170  170  169  168  168  167  166  165  163  162  160  159
  157  155  153  151  149  147  145  142  140  138  136  134  132  130  128  127
  125  124  123  122  121  121  121  121  121  122  122  123  124  126  127  129
  131  133  135  137  139  141  143  146  148  150  152  154  156  158  160  162
  163  165  166  167  168  168  169  170  170
    85.0 -180.0 180.0   5.0 450.0                            LAT/LON1/LON2/DLON/H
  182  182  182  182  182  182  182  181  180  179  178  177  175  174  171  169
  166  164  161  157  154  150  147  143  139  135  131  127  123  119  116  113
  110  107  105  103  102  101  100  100  100  101  102  104  106  108  111  114
  117  121  125  128  133  137  141  145  149  153  157  160  164  167  169  172
  174  176  178  179  180  181  181  182  182
    82.5 -180.0 180.0   5.0 450.0                            LAT/LON1/LON2/DLON/H
  182  182  182  182  182  183  183  184  184  184  184  183  183  181  180  177
  175  172  169  166  162  158  154  150  145  141  136  131  126  121  116  111
  107  103  100   97   95   94   93   92   93   93   94   96   98  100  103  107
  110  114  119  123  128  133  138  143  148  153  158  162  166  170  173  175
  177  179  180  181  182  182  182  182  182
    80.0 -180.0 180.0   5.0 450.0                            LAT/LON1/LON2/DLON/H
  172  172  172  173  174  175  177  180  182  184  185  186  186  186  185  183
  181  179  177  175  172  170  167  164  160  156  151  146  140  135  129  124
  119  115  111  108  105  104  102  102  101  101  101  102  103  104  106  108
  110  113  117  121  125  130  135  140  145  150  155  159  163  167  170  172
  174  175  176  176  175  175  174  173  172
    77.5 -180.0 180.0   5.0 450.0                            LAT/LON1/LON2/DLON/H
  161  160  160  161  163  166  170  175  179  184  187  190  191  191  190  188
  186  185  183  183  182  182  182  181  179  177  173  169  164  158  152  147
  142  137  133  130  128  127  126  125  124  123  121  120  119  117  116  116
  116  117  118  121  123  126  130  134  138  142  147  151  155  159  162  164
  166  167  167  167  166  165  164  162  161
    75.0 -180.0 180.0   5.0 450.0                            LAT/LON1/LON2/DLON/H
  156  155  155  156  159  163  169  176  183  190  196  199  201  200  198  194
  191  189  188  188  190  193  196  198  199  198  196  193  188  183  177  171
  166  162  159  157  155  155  154  153  152  150  146  143  138  134  130  126
  124  122  121  121  121  122  124  126  129  132  136  140  144  148  152  155
  157  159  160  161  161  160  159  158  156
    72.5 -180.0 180.0   5.0 450.0                            LAT/LON1/LON2/DLON/H
  164  162  162  162  164  169  176  185  195  205  213  218  219  216  211  204
  198  193  191  192  195  200  206  210  213  214  212  209  205  199  193  188
  183  180  177  176  177  177  178  178  176  173  168  161  154  147  140  134
  129  125  122  120  118  117  117  117  119  121  124  128  133  138  142  147
  151  155  158  161  163  164  165  164  164
    70.0 -180.0 180.0   5.0 450.0                            LAT/LON1/LON2/DLON/H
  183  182  181  180  181  185  192  203  215  228  239  245  246  241  231  219
  208  199  195  195  199  204  210  215  218  218  216  212  207  201  196  190
  186  183  182  182  184  186  188  189  187  183  177  169  159  150  141  134
  128  123  120  117  114  112  110  109  109  110  113  118  123  130  136  143
  149  155  161  167  172  177  180  183  183
    67.5 -180.0 180.0   5.0 450.0                            LAT/LON1/LON2/DLON/H
  211  211  209  206  204  205  211  222  237  253  267  276  277  270  256  239
  223  210  202  200  202  206  210  212  211  209  204  199  193  188  183  179
  175  173  172  172  175  178  181  183  182  178  171  161  151  140  131  124
  120  117  115  113  110  107  103  101  100  101  104  110  117  125  134  142
  151  160  168  177  186  195  202  207  211
    65.0 -180.0 180.0   5.0 450.0                            LAT/LON1/LON2/DLON/H
  238  240  238  233  227  224  227  236  253  272  290  303  306  298  282  262
  241  225  214  209  208  208  207  204  197  190  182  175  170  166  162  159
  156  153  151  151  153  156  160  163  162  159  151  141  130  120  112  108
  107  107  108  108  106  102   98   94   93   95   99  107  116  126  136  146
  156  166  176  187  199  211  222  232  238
    62.5 -180.0 180.0   5.0 450.0                            LAT/LON1/LON2/DLON/H
  257  262  260  254  245  237  234  241  257  278  301  318  325  320  305  283
  261  242  229  222  217  212  205  195  181  168  157  150  146  145  144  142
  138  134  130  128  128  130  134  136  137  133  125  115  104   95   89   89
   92   97  101  103  102   98   94   90   89   92   99  108  120  131  142  153
  163  173  184  196  208  222  235  248  257
    60.0 -180.0 180.0   5.0 450.0                            LAT/LON1/LON2/DLON/H
  264  272  273  266  254  241  233  235  248  270  295  317  329  328  317  299
  278  260  247  238  231  221  208  191  172  154  141  135  134  136  137  136
  132  125  117  112  109  110  112  114  114  110  102   91   80   72   69   72
   80   89   97  101  101   97   92   88   89   94  103  116  129  141  153  163
  172  182  192  202  214  226  239  253  264
    57.5 -180.0 180.0   5.0 450.0                            LAT/LON1/LON2/DLON/H
  260  271  275  271  259  242  228  223  231  250  276  300  317  322  317  305
  290  275  264  255  247  235  219  198  176  157  145  140  143  147  150  148
  141  131  120  111  105  103  104  105  104   99   90   78   67   59   57   63
   74   87   98  103  103   98   93   91   93  101  114  129  144  157  168  177
  186  194  203  212  220  228  237  248  260
    55.0 -180.0 180.0   5.0 450.0                            LAT/LON1/LON2/DLON/H
  252  265  274  275  266  248  229  217  217  230  251  274  293  304  306  302
  293  284  276  270  263  254  239  220  200  182  172  170  174  179  181  176
  165  151  137  125  118  114  113  112  109  103   93   80   67   59   58   65
   79   93  105  110  109  104   98   97  102  113  130  148  165  178  189  197
  205  213  222  229  233  235  237  242  252
    52.5 -180.0 180.0   5.0 450.0                            LAT/LON1/LON2/DLON/H
  250  264  279  287  283  267  245  226  217  220  233  251  268  282  290  293
  291  287  283  280  278  275  269  257  242  228  220  218  221  223  220  210
  195  177  162  151  143  139  136  133  129  122  111   97   83   73   71   78
   92  107  118  122  120  113  108  109  116  131  151  173  191  205  215  223
  232  242  253  260  260  255  247  244  250
    50.0 -180.0 180.0   5.0 450.0                            LAT/LON1/LON2/DLON/H
  263  276  297  313  317  306  284  260  242  233  234  241  252  265  276  284
  288  287  286  287  293  300  306  305  298  288  280  275  272  267  256  239
  218  200  186  178  173  170  166  162  157  150  138  123  108   97   94  100
  113  127  137  139  134  127  122  124  135  154  177  201  221  236  247  255
  266  281  296  306  306  294  277  264  263
    47.5 -180.0 180.0   5.0 450.0                            LAT/LON1/LON2/DLON/H
  299  310  334  358  370  364  345  319  294  274  260  254  255  263  275  285
  290  290  289  294  308  329  349  360  360  350  337  324  312  296  276  251
  228  211  202  199  200  199  195  191  185  178  167  153  137  126  122  127
  138  150  158  158  151  144  139  143  156  178  204  231  254  271  283  294
  308  327  349  366  369  354  330  307  299
    45.0 -180.0 180.0   5.0 450.0                            LAT/LON1/LON2/DLON/H
  359  367  392  420  437  438  422  396  367  338  312  293  283  284  293  301
  305  302  300  307  329  362  395  415  417  402  379  355  330  304  275  246
  222  209  207  212  218  220  217  212  206  200  191  179  165  154  149  154
  164  174  179  176  169  161  157  162  177  200  229  259  285  306  322  335
  353  378  408  433  442  430  402  373  359
    42.5 -180.0 180.0   5.0 450.0                            LAT/LON1/LON2/DLON/H
  440  445  468  495  513  515  502  479  450  416  382  353  334  328  332  338
  336  329  323  331  359  401  442  464  460  434  397  359  325  293  261  231
  210  203  208  220  231  234  231  224  218  214  208  200  188  178  174  178
  186  194  197  193  184  176  173  179  194  219  249  282  313  340  361  379
  400  429  466  500  518  512  486  456  440
    40.0 -180.0 180.0   5.0 450.0                            LAT/LON1/LON2/DLON/H
  533  537  555  576  588  587  574  554  528  495  459  425  401  391  391  392
  386  372  362  370  401  447  487  503  485  442  390  343  306  275  248  224
  209  207  217  232  243  246  240  231  225  222  220  215  207  199  195  198
  204  210  210  205  196  188  185  191  206  231  263  299  337  371  398  421
  445  477  518  559  586  590  573  548  533
    37.5 -180.0 180.0   5.0 450.0                            LAT/LON1/LON2/DLON/H
  631  636  648  657  657  647  631  612  590  562  529  497  474  463  462  459
  448  430  416  423  453  496  528  529  492  432  369  321  291  272  257  245
  237  238  247  259  265  262  252  241  234  232  232  230  224  217  214  215
  219  221  219  212  202  194  191  197  212  237  270  311  354  397  433  462
  488  519  560  605  641  657  653  639  631
    35.0 -180.0 180.0   5.0 450.0                            LAT/LON1/LON2/DLON/H
  727  735  741  737  720  696  673  653  634  612  585  560  542  535  534  529
  515  494  480  484  511  546  563  543  488  415  350  312  299  302  306  307
  305  304  306  307  303  292  276  261  251  249  250  249  245  238  233  231
  231  229  223  214  204  195  192  198  213  239  274  318  368  418  463  499
  527  556  594  639  681  708  720  722  727
    32.5 -180.0 180.0   5.0 450.0                            LAT/LON1/LON2/DLON/H
  814  830  833  816  783  744  711  686  667  648  629  612  602  599  600  595
  579  558  543  546  567  589  589  551  482  406  352  334  347  375  400  413
  413  405  393  378  359  338  315  296  284  280  280  279  274  265  256  249
  242  234  224  213  202  193  189  195  211  239  278  325  379  437  490  532
  562  589  621  663  708  745  773  794  814
    30.0 -180.0 180.0   5.0 450.0                            LAT/LON1/LON2/DLON/H
  891  918  922  897  852  802  759  729  706  686  669  657  653  655  656  650
  633  611  597  599  613  623  607  558  486  421  387  396  437  488  529  548
  545  525  495  461  427  396  368  346  332  326  324  321  312  299  284  269
  255  240  225  211  199  189  185  191  210  243  285  335  392  453  513  561
  594  619  648  685  729  774  815  854  891
    27.5 -180.0 180.0   5.0 450.0                            LAT/LON1/LON2/DLON/H
  957  996 1006  982  934  880  834  797  767  740  719  707  704  706  704  694
  675  652  637  636  644  645  621  570  510  466  461  497  558  622  667  685
  674  640  593  542  496  458  428  406  391  384  379  372  358  339  316  292
  269  247  227  211  197  187  182  189  213  251  298  351  407  469  532  585
  623  649  675  709  751  799  850  904  957
    25.0 -180.0 180.0   5.0 450.0                            LAT/LON1/LON2/DLON/H
 1012 1063 1083 1067 1028  983  941  902  864  826  795  775  765  760  752  735
  709  682  663  658  661  657  634  595  557  543  565  618  685  744  782  790
  769  724  665  603  551  513  485  466  453  445  438  427  408  380  349  316
  285  256  232  213  199  187  182  190  219  264  318  372  427  486  548  604
  646  676  703  737  778  827  882  946 1012
    22.5 -180.0 180.0   5.0 450.0                            LAT/LON1/LON2/DLON/H
 1054 1115 1147 1148 1128 1103 1075 1042  998  948  902  867  844  826  806  779
  744  709  682  670  669  666  654  636  626  640  680  734  786  824  840  835
  806  757  695  633  584  551  530  516  507  500  493  479  454  419  378  338
  301  267  240  220  205  192  186  195  228  281  341  398  450  504  562  619
  664  700  732  768  810  858  915  982 1054
    20.0 -180.0 180.0   5.0 450.0                            LAT/LON1/LON2/DLON/H
 1084 1149 1193 1213 1221 1224 1220 1199 1155 1096 1035  984  943  909  875  836
  790  742  704  683  679  682  685  691  707  740  781  817  835  837  826  807
  777  734  681  630  591  568  557  550  546  542  536  520  490  447  401  355
  314  278  250  230  214  201  193  202  238  297  363  423  473  522  575  628
  676  717  757  799  845  892  946 1011 1084
    17.5 -180.0 180.0   5.0 450.0                            LAT/LON1/LON2/DLON/H
 1101 1165 1216 1254 1289 1324 1349 1347 1311 1250 1180 1113 1056 1006  960  910
  853  792  740  709  702  712  731  756  788  823  846  845  818  779  743  718
  696  670  636  603  580  570  567  566  566  567  563  545  511  463  412  366
  324  289  261  241  226  212  202  209  246  309  380  443  493  538  586  635
  683  728  775  827  877  925  975 1034 1101
    15.0 -180.0 180.0   5.0 450.0                            LAT/LON1/LON2/DLON/H
 1108 1165 1216 1265 1321 1384 1435 1455 1434 1380 1310 1236 1167 1107 1053  998
  934  861  796  755  746  762  790  822  853  871  860  813  740  667  617  597
  594  592  582  571  564  564  566  568  571  574  571  553  515  465  413  369
  331  298  271  252  237  223  212  216  251  314  388  455  507  552  596  641
  686  733  787  846  904  953  999 1050 1108
    12.5 -180.0 180.0   5.0 450.0                            LAT/LON1/LON2/DLON/H
 1109 1154 1197 1247 1313 1391 1460 1499 1497 1460 1400 1329 1258 1195 1143 1091
 1026  947  872  824  812  828  855  879  890  875  823  732  626  536  490  489
  510  533  547  553  557  561  562  562  564  567  564  544  504  453  405  366
  333  304  279  260  247  233  221  222  252  312  385  455  513  561  606  648
  689  735  793  859  923  975 1019 1063 1109
    10.0 -180.0 180.0   5.0 450.0                            LAT/LON1/LON2/DLON/H
 1111 1142 1171 1210 1271 1349 1423 1472 1487 1472 1431 1373 1310 1255 1214 1174
 1117 1039  960  907  892  902  916  915  892  838  747  628  511  431  408  433
  480  522  549  564  570  570  564  556  552  551  545  522  481  433  390  359
  333  307  283  264  252  240  228  227  251  304  374  446  510  566  615  656
  694  738  796  866  935  991 1036 1075 1111
     7.5 -180.0 180.0   5.0 450.0                            LAT/LON1/LON2/DLON/H
 1120 1138 1150 1170 1212 1274 1337 1384 1411 1417 1400 1362 1314 1275 1253 1232
 1190 1121 1044  991  971  969  959  924  861  770  656  534  436  389  403  457
  520  567  594  605  604  592  572  551  537  530  518  492  451  407  372  349
  330  306  282  263  251  242  233  232  250  295  359  430  500  565  621  666
  703  744  801  872  943 1003 1051 1090 1120
     5.0 -180.0 180.0   5.0 450.0                            LAT/LON1/LON2/DLON/H
 1141 1151 1146 1144 1160 1193 1231 1265 1294 1315 1320 1303 1274 1255 1254 1257
 1234 1178 1110 1060 1035 1015  975  903  804  692  578  482  427  430  485  561
  624  659  669  664  647  619  582  547  522  506  488  458  418  380  355  340
  324  301  275  255  244  239  234  234  250  286  342  410  484  558  624  676
  715  755  810  878  949 1013 1067 1112 1141
     2.5 -180.0 180.0   5.0 450.0                            LAT/LON1/LON2/DLON/H
 1173 1180 1165 1144 1134 1136 1142 1152 1171 1198 1217 1217 1204 1202 1222 1246
 1243 1203 1146 1100 1069 1031  961  857  738  626  538  489  494  550  638  718
  762  766  747  718  683  638  587  539  504  479  454  422  385  355  338  329
  315  290  262  240  231  230  230  234  249  280  328  391  467  548  623  683
  727  770  822  887  956 1022 1084 1137 1173
