ionex_files/corrected/COD0OPSFIN_20231070000_01D_01H_GIM.INX
     1.0            IONOSPHERE MAPS     GNSS                IONEX VERSION / TYPE
ADDNEQ2 V5.5        AIUB                21-APR-23 21:29     PGM / RUN BY / DATE 
CODE'S GLOBAL IONOSPHERE MAPS FOR DAY 107, 2023             COMMENT             
Global ionosphere maps (GIM) are generated on a daily basis DESCRIPTION         
at CODE using data from about 300 GNSS sites of the IGS and DESCRIPTION         
other institutions. The vertical total electron content     DESCRIPTION         
(VTEC) is modeled in a solar-geomagnetic reference frame    DESCRIPTION         
using a spherical harmonics expansion up to degree and      DESCRIPTION         
order 15. Piece-wise linear functions are used for          DESCRIPTION         
representation in the time domain. The time spacing of      DESCRIPTION         
their vertices is 1 hour, conforming with the epochs of the DESCRIPTION         
VTEC maps.                                                  DESCRIPTION         
To convert line-of-sight TEC into vertical TEC, a modified  DESCRIPTION         
single-layer model mapping function approximating the JPL   DESCRIPTION         
extended slab model mapping function is adopted. The        DESCRIPTION         
mapping function is evaluated at geodetic satellite         DESCRIPTION         
elevation angles. For the computation of the ionospheric    DESCRIPTION         
pierce points, a spherical layer with a radius of 6821 km   DESCRIPTION         
is assumed, implying geocentric, not geodetic IONEX         DESCRIPTION         
latitudes.                                                  DESCRIPTION         
Instrumental biases with respect to each involved GNSS code DESCRIPTION         
observable are estimated as constant values for each        DESCRIPTION         
day. They are modeled with one set of bias parameters for   DESCRIPTION         
each satellite and each station in case of GPS and for each DESCRIPTION         
satellite-station link in case of GLONASS. The code bias    DESCRIPTION         
datum is defined by zero-mean conditions imposed on the     DESCRIPTION         
satellite bias estimates. In this file, just GPS C1W-C2W    DESCRIPTION         
satellite and station bias values are included. The         DESCRIPTION         
complete set of GNSS code bias results is provided in an    DESCRIPTION         
additional Bias-SINEX file as pseudo-absolute values        DESCRIPTION         
specific to each observable.                                DESCRIPTION         
Note: These GIM results correspond to the results for the   DESCRIPTION         
middle day of a 3-day combination analysis solving for 73   DESCRIPTION         
times 256, or 18688 VTEC parameters and 3 daily sets of     DESCRIPTION         
GNSS code bias parameters.                                  DESCRIPTION         
Contact address: code(at)aiub.unibe.ch                      DESCRIPTION         
Data archive:    ftp.aiub.unibe.ch/CODE/                    DESCRIPTION         
                 www.aiub.unibe.ch/download/CODE/           DESCRIPTION         
  2023     4    17     0     0     0                        EPOCH OF FIRST MAP  
  2023     4    18     0     0     0                        EPOCH OF LAST MAP   
  3600                                                      INTERVAL            
[...]
bshm cags cas1 ccj2 cedu chpg chpi chti chur cnmr coco cord COMMENT             
cpvg cpxf crar cro1 daej darw dav1 dgar dhlg drao dubo ebre COMMENT             
faa1 fair flin flrs frdn ftna func ganp glps glsv gode godz COMMENT             
gol2 gold gope gras graz guam guug harb hers hert hlfx hnpt COMMENT             
hob2 hofn holb hrao hyde iddr ieng iisc ineg invk iqal irkj COMMENT             
isba jog2 joz2 joze kerg kir0 kiri kit3 kokb kokv kouc koug COMMENT             
kour krgg lae1 lama laut lmmf lpal lpgs m0se mac1 madr mal2 COMMENT             
mana mas1 mat1 mate maw1 mcil mcm4 mdo1 mdvj medi mets mgue COMMENT             
mizu mnls mobs morp mqzg mro1 mtka nano nico nist nium nklg COMMENT             
nlib nnor not1 nrc1 nrmd ntus nya1 nyal ohi2 onsa opmt ous2 COMMENT             
pado park pdel penc pert pie1 pimo pohn pol2 polv pots pove COMMENT             
prds ptag ptbb ptvl qaq1 quin rabt ramo reun reyk rgdg rio2 COMMENT             
riop salu samo sant savo sch2 scor scrz sctb seyg sfer shao COMMENT             
sofi spt0 ssia sthl stjo stk2 str2 suth sutm suwn sydn syog COMMENT             
tabv tash thtg thti thu2 tid1 tidb tlse tn22 tong tow2 tro1 COMMENT             
tsea tskb tuva twtf txes uclu ufpr ulab unb3 unbj unsa urum COMMENT             
usn7 usud vald vill voim vtsp wab1 wab2 wark wgtn whit will COMMENT             
wind wsrt wtza wtzl wtzr wtzs wuhn xmis yar2 yar3 yarr yell COMMENT             
ykro zamb zeck zim2 zim3 zimm                               COMMENT             
                                                            END OF HEADER       
[from data line 7293]
    18                                                      START OF TEC MAP    
  2023     4    17    17     0     0                        EPOCH OF CURRENT MAP
    87.5 -180.0 180.0   5.0 450.0                            LAT/LON1/LON2/DLON/H
  280  282  284  286  288  290  292  294  296  297  299  300  300  301  301  301
  301  300  300  299  297  296  294  293  291  289  287  285  283  281  279  277
  275  273  271  269  268  266  265  264  263  262  261  260  260  259  259  259
  258  258  258  258  259  259  259  259  260  260  261  262  262  263  264  265
  266  268  269  271  273  274  276  278  280
    85.0 -180.0 180.0   5.0 450.0                            LAT/LON1/LON2/DLON/H
  261  265  269  273  278  282  287  291  295  299  302  305  307  309  310  310
  309  308  306  303  300  297  293  289  285  281  277  273  269  265  261  258
  255  252  249  247  244  243  241  240  238  238  237  237  236  236  237  237
  237  238  238  238  239  239  239  239  239  239  239  239  239  239  239  240
  241  242  244  245  248  250  253  257  261
    82.5 -180.0 180.0   5.0 450.0                            LAT/LON1/LON2/DLON/H
  227  232  238  244  251  258  265  272  279  286  292  297  301  303  305  305
  304  302  299  294  290  284  279  273  267  261  255  250  245  241  237  233
  230  227  225  222  221  219  218  217  217  217  217  218  219  220  222  223
  225  227  228  229  229  229  229  228  226  225  223  221  218  216  215  213
  212  212  212  213  214  217  219  223  227
    80.0 -180.0 180.0   5.0 450.0                            LAT/LON1/LON2/DLON/H
  190  194  199  206  213  222  231  240  250  260  268  276  282  286  289  289
  288  285  281  275  269  262  255  249  242  236  230  225  221  217  214  211
  209  207  206  205  204  204  203  204  204  205  207  209  211  215  218  222
  225  228  231  233  234  234  233  230  226  222  217  212  206  201  196  192
  188  185  183  182  182  183  184  186  190
    77.5 -180.0 180.0   5.0 450.0                            LAT/LON1/LON2/DLON/H
  158  160  164  168  175  183  192  203  215  227  238  248  257  263  266  267
  266  263  258  252  246  239  232  226  220  215  210  207  204  201  200  199
  199  199  199  199  199  200  200  201  202  204  206  210  214  219  225  231
  237  242  247  250  251  251  248  244  237  230  221  211  202  193  185  178
  172  168  164  161  159  158  157  158  158
    75.0 -180.0 180.0   5.0 450.0                            LAT/LON1/LON2/DLON/H
  143  141  141  142  145  151  159  170  182  195  208  221  231  238  243  245
  244  242  237  233  228  223  218  214  210  207  204  202  200  200  200  200
  201  203  204  205  206  207  208  209  210  212  214  218  224  230  238  246
  254  261  268  272  275  274  270  263  253  241  228  215  202  190  180  171
  165  160  156  153  151  149  147  145  143
    72.5 -180.0 180.0   5.0 450.0                            LAT/LON1/LON2/DLON/H
  146  141  136  133  132  134  139  147  159  172  186  199  211  219  225  227
  228  226  224  222  221  220  219  218  217  216  215  214  213  212  213  214
  215  217  219  221  222  222  223  223  223  225  227  231  236  243  251  260
  270  279  287  292  294  293  287  278  265  249  233  216  200  186  175  167
  161  158  157  157  156  155  153  150  146
    70.0 -180.0 180.0   5.0 450.0                            LAT/LON1/LON2/DLON/H
  164  157  150  142  137  134  135  140  149  161  175  188  199  208  214  218
  219  220  222  224  227  231  236  239  242  242  242  240  238  236  235  236
  237  239  240  241  242  241  240  240  239  239  241  243  247  253  261  269
  278  288  295  301  302  300  292  281  265  247  227  208  191  177  166  160
  157  157  160  164  168  170  171  169  164
    67.5 -180.0 180.0   5.0 450.0                            LAT/LON1/LON2/DLON/H
  188  183  174  165  157  150  147  149  154  164  175  187  198  206  212  216
  219  223  228  235  245  255  265  273  278  279  277  274  269  265  262  261
  261  262  263  263  262  260  258  256  254  253  253  254  256  259  263  269
  276  284  290  294  294  290  282  268  251  231  210  191  173  159  150  146
  146  151  159  168  177  185  189  191  188
    65.0 -180.0 180.0   5.0 450.0                            LAT/LON1/LON2/DLON/H
  207  205  199  192  183  175  170  168  170  176  185  194  203  211  216  221
  225  232  241  253  268  284  299  310  317  318  314  308  300  294  289  287
  286  286  286  284  281  278  274  271  269  267  265  263  262  261  261  262
  265  269  272  274  272  267  257  242  225  205  185  166  150  137  130  127
  130  137  148  161  175  188  198  205  207
    62.5 -180.0 180.0   5.0 450.0                            LAT/LON1/LON2/DLON/H
  210  214  215  212  207  201  196  192  192  195  200  207  214  219  224  229
  235  244  256  273  292  312  330  343  350  350  345  337  327  320  315  312
  311  311  309  306  301  296  291  286  283  281  277  273  268  263  257  253
  250  249  248  246  242  235  225  211  194  176  158  142  128  117  110  108
  110  117  129  143  160  176  190  202  210
    60.0 -180.0 180.0   5.0 450.0                            LAT/LON1/LON2/DLON/H
  195  206  214  219  221  221  218  215  214  215  217  221  225  229  233  238
  246  256  271  290  311  332  351  365  371  371  366  357  349  342  339  338
  338  337  334  329  322  314  308  303  300  297  293  286  278  267  256  246
  238  231  226  221  215  207  196  183  169  154  140  127  116  106   99   95
   94   98  106  118  133  149  166  181  195
    57.5 -180.0 180.0   5.0 450.0                            LAT/LON1/LON2/DLON/H
  164  181  198  212  224  231  234  234  234  233  234  235  237  239  243  248
  257  269  284  303  323  343  361  374  381  381  378  372  366  364  363  365
  366  365  361  354  345  335  328  322  319  316  311  303  292  277  262  247
  235  224  215  207  199  190  179  168  157  147  138  129  120  111  103   95
   89   86   87   93  103  116  131  147  164
    55.0 -180.0 180.0   5.0 450.0                            LAT/LON1/LON2/DLON/H
  128  148  172  195  217  233  244  249  251  250  250  249  249  250  252  258
  268  281  296  313  330  347  362  374  382  385  385  384  384  386  390  394
  396  395  389  380  368  358  349  344  340  337  332  322  309  293  275  258
  243  230  219  209  199  188  178  170  163  157  152  148  142  134  123  111
   99   88   81   79   82   88   98  111  128
    52.5 -180.0 180.0   5.0 450.0                            LAT/LON1/LON2/DLON/H
  100  120  146  177  207  233  251  262  267  268  268  265  263  262  263  269
  280  293  308  322  336  349  362  373  382  388  393  398  403  410  417  422
  425  422  415  404  391  380  371  365  361  357  351  341  327  310  292  275
  260  247  235  223  212  201  192  185  181  180  179  178  175  168  156  141
  124  107   92   82   77   76   79   87  100
    50.0 -180.0 180.0   5.0 450.0                            LAT/LON1/LON2/DLON/H
   90  107  133  167  203  235  260  276  285  289  289  286  281  277  276  282
  293  307  321  334  345  355  366  377  388  398  408  417  426  434  442  446
  447  443  435  423  411  400  391  384  380  375  367  356  343  326  310  295
  281  269  257  244  232  220  212  206  205  206  209  211  210  205  194  178
  159  138  120  104   93   86   83   83   90
    47.5 -180.0 180.0   5.0 450.0                            LAT/LON1/LON2/DLON/H
  104  114  138  172  210  246  275  296  309  316  317  313  305  297  293  297
  307  322  337  349  360  370  381  393  406  418  430  440  449  455  460  462
  460  455  448  438  427  417  408  401  395  388  379  367  353  339  324  312
  300  288  276  263  250  238  229  224  224  226  231  235  237  235  227  214
  196  176  157  141  128  117  109  103  104
    45.0 -180.0 180.0   5.0 450.0                            LAT/LON1/LON2/DLON/H
  138  143  161  192  230  268  298  321  338  348  352  347  335  322  313  313
  323  338  355  370  383  395  408  422  435  447  457  464  468  470  470  468
  466  462  457  451  443  434  426  417  409  399  387  374  360  346  334  322
  311  300  287  273  258  246  236  231  231  234  239  244  248  250  247  239
  227  212  196  182  171  161  152  143  138
    42.5 -180.0 180.0   5.0 450.0                            LAT/LON1/LON2/DLON/H
  183  184  198  225  261  297  327  351  370  384  391  386  371  352  337  332
  340  355  374  394  412  429  445  459  471  480  484  485  482  477  472  469
  469  471  472  471  466  457  447  437  425  411  397  382  367  353  340  328
  316  303  288  272  257  243  234  228  226  228  232  238  244  249  252  252
  247  238  228  219  212  206  199  190  183
    40.0 -180.0 180.0   5.0 450.0                            LAT/LON1/LON2/DLON/H
  226  225  236  261  294  328  357  382  403  422  431  428  410  386  364  354
  358  373  395  419  443  466  485  499  508  510  508  501  491  481  474  474
  482  493  503  507  503  492  479  464  448  432  414  396  379  364  349  334
  318  301  283  266  251  238  228  221  217  216  219  223  230  239  247  253
  256  254  248  244  241  240  238  232  226
    37.5 -180.0 180.0   5.0 450.0                            LAT/LON1/LON2/DLON/H
  255  255  267  291  323  355  383  408  433  456  470  469  451  423  396  380
  379  392  415  444  473  500  520  532  536  533  525  512  499  488  486  495
  515  540  560  568  561  544  524  503  484  464  443  422  402  383  365  345
  325  304  284  266  251  239  229  221  215  212  212  215  222  231  241  252
  258  260  258  254  253  256  259  258  255
    35.0 -180.0 180.0   5.0 450.0                            LAT/LON1/LON2/DLON/H
  262  266  280  307  340  373  402  428  456  484  504  507  490  461  431  410
  404  414  437  467  499  527  545  553  553  547  537  526  515  511  518  542
  579  619  648  655  641  614  583  556  532  509  485  460  437  414  392  368
  343  320  300  284  271  261  252  242  234  228  226  227  232  238  247  257
  264  265  260  254  251  253  258  261  262
    32.5 -180.0 180.0   5.0 450.0                            LAT/LON1/LON2/DLON/H
  250  258  276  306  344  380  410  439  470  504  530  538  526  499  469  446
  436  442  461  490  520  544  557  560  558  555  552  549  549  556  579  620
  675  729  763  765  738  695  652  618  591  565  536  506  478  453  428  402
  377  354  337  325  318  311  303  292  281  273  269  268  269  270  273  276
  278  275  264  251  240  238  241  246  250
    30.0 -180.0 180.0   5.0 450.0                            LAT/LON1/LON2/DLON/H
  224  235  257  293  335  376  410  442  478  515  547  562  557  536  510  488
  475  476  490  514  539  555  559  558  557  563  575  589  606  629  668  725
  794  857  890  881  837  778  723  683  653  622  588  552  519  492  468  445
  423  406  395  391  390  387  380  368  355  346  341  338  334  327  320  313
  306  294  275  251  231  219  217  219  224
    27.5 -180.0 180.0   5.0 450.0                            LAT/LON1/LON2/DLON/H
  196  207  232  272  320  367  406  441  479  520  557  578  581  570  552  533
  521  517  526  543  558  563  558  553  559  581  615  651  686  724  775  843
  919  983 1009  986  924  849  785  742  709  673  630  585  548  521  501  486
  473  465  465  470  476  478  471  459  445  436  431  427  417  401  381  362
  344  323  295  261  230  208  197  193  196
    25.0 -180.0 180.0   5.0 450.0                            LAT/LON1/LON2/DLON/H
  175  184  209  253  305  357  399  437  477  520  559  586  597  597  590  580
  570  565  569  578  583  577  563  558  575  617  674  732  783  830  885  954
 1027 1084 1098 1059  982  897  830  786  752  709  654  598  555  530  519  515
  515  520  531  546  559  563  558  545  532  524  521  516  501  476  444  412
  384  355  320  280  240  208  188  178  175
    22.5 -180.0 180.0   5.0 450.0                            LAT/LON1/LON2/DLON/H
  168  173  197  240  296  349  395  434  473  516  555  586  605  617  622  623
  619  616  618  622  619  603  583  581  611  673  752  825  882  929  978 1036
 1098 1140 1140 1088 1002  916  853  814  778  725  655  585  535  514  514  524
  539  556  577  599  616  623  618  606  594  589  588  584  566  533  492  451
  415  382  345  303  259  221  194  176  168
    20.0 -180.0 180.0   5.0 450.0                            LAT/LON1/LON2/DLON/H
  176  176  196  238  292  347  393  431  469  508  547  579  606  628  647  659
  664  667  672  675  668  646  625  627  670  748  839  916  969 1004 1037 1077
 1119 1144 1131 1072  987  908  856  825  787  723  635  550  494  477  488  512
  538  564  591  616  634  641  636  626  617  615  618  614  595  559  512  467
  429  395  361  321  279  241  210  188  176
    17.5 -180.0 180.0   5.0 450.0                            LAT/LON1/LON2/DLON/H
  192  189  205  243  294  347  391  428  463  499  535  569  600  632  663  687
  703  715  727  734  728  707  688  697  750  835  924  991 1028 1043 1054 1071
 1092 1101 1079 1022  947  885  849  827  788  710  605  505  444  429  449  482
  516  546  572  594  609  614  610  602  597  599  604  601  582  545  500  455
  419  389  360  327  292  258  229  207  192
    15.0 -180.0 180.0   5.0 450.0                            LAT/LON1/LON2/DLON/H
  208  204  216  250  297  347  389  423  455  489  524  558  593  632  672  707
  734  757  779  796  796  781  768  785  841  922  996 1041 1052 1044 1033 1030
 1033 1029 1005  957  901  860  843  830  787  697  576  465  400  388  413  450
  484  509  529  543  552  553  548  543  543  549  554  551  532  498  458  419
  388  363  341  317  292  266  243  223  208
    12.5 -180.0 180.0   5.0 450.0                            LAT/LON1/LON2/DLON/H
  218  213  224  253  296  343  383  416  447  480  515  550  587  630  676  720
  757  792  826  854  865  859  855  878  931  998 1047 1061 1044 1014  987  971
  964  955  935  902  868  849  847  840  794  694  564  447  380  370  396  431
  457  473  480  483  483  479  474  472  475  482  486  480  460  431  398  369
  344  325  308  292  276  260  245  230  218
    10.0 -180.0 180.0   5.0 450.0                            LAT/LON1/LON2/DLON/H
  216  212  222  248  289  334  374  407  440  475  511  547  586  631  681  729
  774  818  863  902  925  931  937  963 1009 1054 1072 1054 1013  970  939  920
  910  903  891  875  861  860  868  862  811  707  575  459  396  388  411  438
  453  454  448  439  428  419  413  412  417  423  422  410  388  362  338  317
  300  284  270  259  250  242  233  224  216
     7.5 -180.0 180.0   5.0 450.0                            LAT/LON1/LON2/DLON/H
  202  201  209  234  274  319  362  399  435  474  514  553  593  638  687  738
  787  837  890  937  969  986 1000 1028 1064 1086 1074 1030  975  931  906  895
  891  889  887  884  884  892  901  892  838  735  610  504  449  443  461  478
  479  467  449  428  410  395  386  385  388  390  383  363  336  310  291  278
  265  250  235  225  219  216  212  207  202
     5.0 -180.0 180.0   5.0 450.0                            LAT/LON1/LON2/DLON/H
  181  181  190  215  255  304  351  394  436  481  526  568  608  650  697  747
  797  849  903  954  992 1016 1038 1066 1092 1095 1062 1002  945  912  903  906
  911  916  920  924  929  935  938  921  865  770  661  573  530  526  539  546
  537  515  489  462  438  418  404  399  398  394  378  348  314  285  268  258
  246  230  213  200  194  191  188  185  181
     2.5 -180.0 180.0   5.0 450.0                            LAT/LON1/LON2/DLON/H
  160  159  168  194  237  290  345  395  444  494  544  588  627  667  710  756
  803  853  905  954  992 1020 1046 1074 1094 1086 1043  982  934  919  930  948
  961  968  973  977  977  974  963  936  882  801  715  649  620  620  628  628
  613  588  560  532  505  480  461  448  440  428  404  366  323  289  269  258
  245  225  205  188  179  173  168  164  160
