ionex_files/corrected/COD0OPSFIN_20250830000_01D_01H_GIM.INX
     1.0            IONOSPHERE MAPS     GNSS                IONEX VERSION / TYPE
ADDNEQ2 V5.5        AIUB                28-MAR-25 19:02     PGM / RUN BY / DATE 
CODE'S GLOBAL IONOSPHERE MAPS FOR DAY 083, 2025             COMMENT             
Global ionosphere maps (GIM) are generated on a daily basis DESCRIPTION         
at CODE using data from about 300 GNSS sites of the IGS and DESCRIPTION         
other institutions. The vertical total electron content     DESCRIPTION         
(VTEC) is modeled in a solar-geomagnetic reference frame    DESCRIPTION         
using a spherical harmonics expansion up to degree and      DESCRIPTION         
order 15. Piece-wise linear functions are used for          DESCRIPTION         
representation in the time domain. The time spacing of      DESCRIPTION         
their vertices is 1 hour, conforming with the epochs of the DESCRIPTION         
VTEC maps.                                                  DESCRIPTION         
To convert line-of-sight TEC into vertical TEC, a modified  DESCRIPTION         
single-layer model mapping function approximating the JPL   DESCRIPTION         
extended slab model mapping function is adopted. The        DESCRIPTION         
mapping function is evaluated at geodetic satellite         DESCRIPTION         
elevation angles. For the computation of the ionospheric    DESCRIPTION         
pierce points, a spherical layer with a radius of 6821 km   DESCRIPTION         
is assumed, implying geocentric, not geodetic IONEX         DESCRIPTION         
latitudes.                                                  DESCRIPTION         
Instrumental biases with respect to each involved GNSS code DESCRIPTION         
observable are estimated as constant values for each        DESCRIPTION         
day. They are modeled with one set of bias parameters for   DESCRIPTION         
each satellite and each station in case of GPS and for each DESCRIPTION         
satellite-station link in case of GLONASS. The code bias    DESCRIPTION         
datum is defined by zero-mean conditions imposed on the     DESCRIPTION         
satellite bias estimates. In this file, just GPS C1W-C2W    DESCRIPTION         
satellite and station bias values are included. The         DESCRIPTION         
complete set of GNSS code bias results is provided in an    DESCRIPTION         
additional Bias-SINEX file as pseudo-absolute values        DESCRIPTION         
specific to each observable.                                DESCRIPTION         
Note: These GIM results correspond to the results for the   DESCRIPTION         
middle day of a 3-day combination analysis solving for 73   DESCRIPTION         
times 256, or 18688 VTEC parameters and 3 daily sets of     DESCRIPTION         
GNSS code bias parameters.                                  DESCRIPTION         
Contact address: code(at)aiub.unibe.ch                      DESCRIPTION         
Data archive:    ftp.aiub.unibe.ch/CODE/                    DESCRIPTION         
                 www.aiub.unibe.ch/download/CODE/           DESCRIPTION         
  2025     3    24     0     0     0                        EPOCH OF FIRST MAP  
  2025     3    25     0     0     0                        EPOCH OF LAST MAP   
  3600                                                      INTERVAL            
[...]
azgb badg bake barh bjfs bndy boav bogo bogt bor1 braz brft COMMENT             
brst brux cags cas1 ccj2 cedu chpg chti chur ckis coco cord COMMENT             
cpvg cpxf cro1 daej darw dav1 dgar dhlg drao dubo faa1 fair COMMENT             
flin flrs frdn func ganp glps glsv gode gol2 gold gope gras COMMENT             
graz guam guug harb hers hert hlfx hnpt hob2 hofn holb hrao COMMENT             
iddr ieng iisc impz ineg invk iqal irkj jog2 joz2 karr kerg COMMENT             
kir0 kiri kiru kit3 kokb kokv koug kour krgg lama laut lmmf COMMENT             
lpal lpgs mac1 madr mal2 mana mas1 mat1 mate maui maw1 mcil COMMENT             
mcm4 mdo1 medi mgue mizu mkea mnls mobs morp mqzg mro1 mtka COMMENT             
nano naur nico nist nium nklg nlib nnor nrc1 ntus nya1 nyal COMMENT             
onsa opmt ous2 pado parc park pdel penc pert pie1 pimo pohn COMMENT             
pol2 pots pove ptag ptbb ptvl qaq1 quin rabt ramo reun reyk COMMENT             
rgdg rio2 roth salu samo sant savo sch2 scor scrz sctb scub COMMENT             
seyg sfer spt0 ssia sthl stjo stk2 str2 suth sutm suwn sydn COMMENT             
syog tash thtg thti thu2 tid1 tidb tlse tn22 tong tow2 tro1 COMMENT             
tskb twtf txes uclu ufpr ulab unb3 unbj unsa urum usn7 usud COMMENT             
vald vill vtsp wab1 wab2 wark wgtn whit will wind wsrt wtza COMMENT             
wtzr wtzs wtzz wuhn xmis yar2 yarr yell ykro zeck zim2 zim3 COMMENT             
zimm                                                        COMMENT             
                                                            END OF HEADER       
[from data line 4719]
    12                                                      START OF TEC MAP    
  2025     3    24    11     0     0                        EPOCH OF CURRENT MAP
    87.5 -180.0 180.0   5.0 450.0                            LAT/LON1/LON2/DLON/H
  197  201  204  208  212  216  220  224  228  232  236  240  244  247  251  254
  258  261  263  266  268  270  271  273  274  274  274  274  273  272  271  269
  267  264  261  257  253  249  245  240  235  231  225  220  215  211  206  201
  197  193  189  186  183  180  178  176  175  174  173  173  173  174  175  176
  177  179  181  183  185  188  191  194  197
    85.0 -180.0 180.0   5.0 450.0                            LAT/LON1/LON2/DLON/H
  179  184  189  194  200  206  212  219  225  231  238  244  250  256  262  268
  273  278  283  287  292  295  299  302  305  307  308  309  309  309  308  306
  303  299  294  288  282  274  266  257  248  238  228  218  208  198  188  180
  172  165  158  153  149  145  143  141  140  140  140  141  142  144  146  148
  151  153  156  159  163  166  170  175  179
    82.5 -180.0 180.0   5.0 450.0                            LAT/LON1/LON2/DLON/H
  173  176  180  185  190  195  201  208  214  221  228  235  241  248  254  260
  266  271  277  282  287  292  297  302  307  311  316  319  323  325  326  326
  325  323  319  313  306  297  287  275  262  248  234  219  205  191  179  167
  157  149  142  137  134  132  132  133  135  137  140  144  147  150  153  155
  157  159  161  162  164  166  167  170  173
    80.0 -180.0 180.0   5.0 450.0                            LAT/LON1/LON2/DLON/H
  178  178  178  180  182  186  190  194  199  204  209  214  219  224  229  233
  237  242  246  251  256  262  268  275  282  290  297  305  313  319  325  330
  333  335  334  331  326  318  307  294  280  263  246  229  212  196  181  169
  159  151  147  145  146  149  153  159  166  173  180  186  192  196  198  199
  199  198  195  192  189  185  182  180  178
    77.5 -180.0 180.0   5.0 450.0                            LAT/LON1/LON2/DLON/H
  193  187  183  180  179  179  180  181  183  185  187  189  191  192  194  195
  197  199  202  205  209  215  222  230  240  251  263  275  287  300  311  322
  331  338  342  344  342  337  328  317  302  285  266  248  229  212  198  186
  178  174  174  178  185  194  205  217  230  242  253  262  268  271  272  270
  265  258  249  239  229  219  209  200  193
    75.0 -180.0 180.0   5.0 450.0                            LAT/LON1/LON2/DLON/H
  210  199  191  185  180  177  174  172  170  168  167  165  163  161  159  157
  156  155  156  157  161  166  174  184  196  209  225  241  258  276  293  309
  324  336  347  354  357  356  351  342  328  312  293  274  256  240  227  218
  214  215  220  230  244  259  277  295  312  328  341  351  356  357  353  346
  334  320  304  287  269  252  236  222  210
    72.5 -180.0 180.0   5.0 450.0                            LAT/LON1/LON2/DLON/H
  220  208  198  190  184  179  173  168  163  158  152  146  141  136  131  127
  124  121  120  121  124  129  137  148  162  178  196  216  236  257  278  298
  318  336  351  364  373  377  375  369  358  343  325  307  289  274  264  259
  260  266  277  292  311  331  353  374  393  410  422  430  432  428  418  403
  384  362  339  315  292  271  251  234  220
    70.0 -180.0 180.0   5.0 450.0                            LAT/LON1/LON2/DLON/H
  217  207  199  193  188  183  177  170  162  154  145  136  129  122  116  111
  107  105  103  103  106  111  119  131  146  164  184  205  227  250  272  295
  317  338  358  375  388  397  400  397  389  375  359  341  325  312  305  304
  309  320  335  353  374  396  417  437  455  469  477  480  476  464  446  423
  396  367  338  311  286  264  245  229  217
    67.5 -180.0 180.0   5.0 450.0                            LAT/LON1/LON2/DLON/H
  198  194  192  191  189  185  180  173  164  154  143  134  125  118  114  110
  108  106  105  105  107  112  121  133  149  167  188  209  231  253  276  299
  322  345  367  387  405  417  424  425  419  407  392  375  361  350  346  348
  356  370  387  405  424  442  459  474  486  494  496  491  479  459  431  399
  365  331  299  271  247  229  215  205  198
    65.0 -180.0 180.0   5.0 450.0                            LAT/LON1/LON2/DLON/H
  167  171  176  181  184  184  181  175  165  155  144  134  127  122  120  120
  120  120  120  120  122  127  135  147  163  181  201  222  243  264  285  307
  331  354  378  401  421  436  446  450  446  436  423  408  395  386  384  389
  399  413  429  444  456  467  475  482  486  486  481  468  447  418  381  341
  300  261  229  203  185  173  167  165  167
    62.5 -180.0 180.0   5.0 450.0                            LAT/LON1/LON2/DLON/H
  130  142  154  165  173  177  176  170  162  152  142  134  129  128  130  134
  138  140  141  141  141  145  153  165  180  198  217  236  255  275  295  317
  341  365  390  414  436  453  465  471  470  463  451  438  426  419  419  425
  436  449  461  469  473  474  472  468  464  457  446  427  398  361  316  268
  222  182  150  129  117  113  115  121  130
    60.0 -180.0 180.0   5.0 450.0                            LAT/LON1/LON2/DLON/H
   99  115  131  146  157  163  163  159  152  143  135  130  129  132  138  146
  153  157  158  157  156  158  166  177  193  211  229  246  264  283  303  326
  351  377  403  428  450  468  482  490  491  486  477  465  455  450  450  457
  467  478  485  486  480  471  459  447  436  425  410  387  354  311  260  207
  158  117   88   72   66   67   75   85   99
    57.5 -180.0 180.0   5.0 450.0                            LAT/LON1/LON2/DLON/H
   82   97  113  128  139  145  145  142  136  129  124  122  124  131  141  153
  162  166  166  163  160  162  169  182  199  216  233  250  267  285  307  332
  360  389  417  442  464  482  495  505  509  507  500  491  483  479  480  486
  495  502  504  498  485  467  448  431  417  404  389  367  333  288  235  179
  128   88   63   50   48   52   60   70   82
    55.0 -180.0 180.0   5.0 450.0                            LAT/LON1/LON2/DLON/H
   84   92  104  116  124  127  126  121  116  112  110  111  117  126  139  152
  162  165  163  158  154  156  166  181  199  217  234  249  265  284  308  337
  370  402  432  458  478  494  507  517  524  525  522  516  510  506  506  511
  518  522  520  510  492  470  447  429  415  405  393  374  343  300  247  191
  142  105   82   73   72   74   76   79   84
    52.5 -180.0 180.0   5.0 450.0                            LAT/LON1/LON2/DLON/H
  103  102  106  112  116  114  109  103   99   97   99  103  110  121  134  147
  155  157  152  146  142  146  159  177  198  218  234  248  264  283  309  342
  380  416  449  474  493  506  518  528  537  542  543  539  534  530  529  532
  536  538  534  522  503  481  459  443  432  426  418  404  378  338  289  237
  191  158  140  133  131  127  120  110  103
    50.0 -180.0 180.0   5.0 450.0                            LAT/LON1/LON2/DLON/H
  133  121  117  118  116  109  100   92   88   90   94  100  108  117  129  140
  147  146  139  132  130  138  155  178  203  223  239  252  266  285  313  349
  390  431  466  491  508  519  528  539  550  559  563  561  556  551  548  548
  550  550  546  535  518  499  481  467  460  456  451  441  420  386  343  297
  257  229  215  210  206  196  177  154  133
    47.5 -180.0 180.0   5.0 450.0                            LAT/LON1/LON2/DLON/H
  164  143  134  130  125  114  100   90   87   91   99  106  112  119  128  137
  141  138  130  123  124  137  159  187  214  236  251  262  274  291  319  356
  400  444  481  507  522  532  540  551  564  576  582  582  577  569  563  560
  559  559  555  548  535  521  507  495  488  483  478  468  449  421  385  346
  313  290  281  278  274  259  231  196  164
    45.0 -180.0 180.0   5.0 450.0                            LAT/LON1/LON2/DLON/H
  187  161  150  146  140  126  110   98   96  103  112  120  124  127  133  138
  140  136  128  123  128  145  173  204  233  254  268  277  287  302  328  364
  409  455  494  521  537  546  555  567  582  596  603  603  597  587  578  572
  569  568  566  562  554  544  532  521  510  499  488  473  454  429  399  367
  340  322  315  316  313  298  266  225  187
    42.5 -180.0 180.0   5.0 450.0                            LAT/LON1/LON2/DLON/H
  195  171  162  162  157  144  127  114  113  122  132  138  140  139  142  145
  145  141  135  132  141  162  193  225  254  274  287  295  302  315  338  372
  417  464  506  535  553  565  575  589  606  621  629  628  620  609  598  590
  586  584  583  581  577  569  558  543  526  506  483  459  434  409  382  356
  331  315  309  312  313  302  274  234  195
    40.0 -180.0 180.0   5.0 450.0                            LAT/LON1/LON2/DLON/H
  192  172  168  173  173  163  146  133  133  143  153  158  156  153  152  154
  155  151  147  147  159  183  214  246  272  290  303  311  318  329  349  381
  424  473  518  552  574  589  603  620  638  653  661  660  652  640  628  620
  616  615  614  613  609  602  590  571  546  513  477  439  405  376  350  325
  300  280  270  272  278  276  257  225  192
    37.5 -180.0 180.0   5.0 450.0                            LAT/LON1/LON2/DLON/H
  182  168  170  180  185  178  163  151  151  161  171  173  169  163  161  163
  164  163  160  164  178  202  232  260  283  300  313  324  333  345  364  394
  437  488  536  574  602  623  641  661  680  695  702  701  694  684  675  670
  667  667  666  664  660  652  638  616  584  543  493  441  394  358  328  300
  270  240  221  217  226  234  228  207  182
    35.0 -180.0 180.0   5.0 450.0                            LAT/LON1/LON2/DLON/H
  178  168  171  184  192  188  175  165  164  173  181  182  176  169  167  169
  171  171  171  177  193  216  243  267  287  304  319  335  349  365  386  417
  461  513  565  608  640  666  689  711  731  745  753  753  749  744  741  740
  741  742  742  739  733  725  711  690  658  612  553  488  428  381  344  310
  270  226  191  176  183  198  204  195  178
    32.5 -180.0 180.0   5.0 450.0                            LAT/LON1/LON2/DLON/H
  188  176  176  186  195  193  182  172  171  178  184  183  176  169  168  171
  173  174  176  184  200  222  246  268  287  305  325  347  370  392  419  454
  501  555  609  654  690  719  745  769  788  801  810  813  816  818  822  829
  835  839  839  835  830  823  813  799  774  732  670  596  522  463  417  375
  324  263  207  175  172  188  203  202  188
    30.0 -180.0 180.0   5.0 450.0                            LAT/LON1/LON2/DLON/H
  218  199  189  191  196  194  185  175  173  176  180  178  171  166  165  168
  170  171  174  183  200  221  243  265  286  309  336  366  398  431  466  508
  559  615  669  713  749  778  805  829  846  859  869  878  888  899  912  927
  939  946  948  945  941  938  938  936  926  896  838  758  673  601  547  498
  437  361  283  228  209  219  233  234  218
    27.5 -180.0 180.0   5.0 450.0                            LAT/LON1/LON2/DLON/H
  267  237  213  202  200  197  188  178  173  173  174  170  165  161  161  162
  163  163  167  177  193  215  239  264  290  320  355  394  437  480  526  577
  633  689  740  780  812  839  864  886  901  914  926  941  960  980 1001 1022
 1040 1051 1055 1054 1053 1057 1068 1083 1093 1080 1032  951  856  772  711  659
  595  508  412  335  295  289  295  290  267
    25.0 -180.0 180.0   5.0 450.0                            LAT/LON1/LON2/DLON/H
  330  285  245  221  210  203  194  184  176  172  170  165  160  157  156  156
  154  153  156  166  183  206  234  266  302  340  383  431  483  539  596  655
  715  771  816  848  872  895  917  935  948  960  975  997 1022 1049 1076 1101
 1123 1137 1143 1145 1148 1159 1180 1212 1241 1248 1213 1133 1031  938  873  824
  765  679  574  478  415  389  379  363  330
    22.5 -180.0 180.0   5.0 450.0                            LAT/LON1/LON2/DLON/H
  397  340  286  247  227  217  208  197  186  178  172  166  160  157  154  150
  146  143  146  156  173  198  232  273  320  368  418  472  533  599  666  732
  795  848  885  908  924  941  958  973  984  995 1014 1040 1071 1101 1129 1156
 1178 1192 1199 1202 1208 1223 1252 1294 1339 1361 1337 1260 1153 1056  992  953
  909  836  734  629  547  499  471  441  397
    20.0 -180.0 180.0   5.0 450.0                            LAT/LON1/LON2/DLON/H
  460  396  331  282  253  240  230  219  205  193  182  173  165  160  155  148
  141  136  138  147  164  191  231  283  340  396  452  512  580  653  728  800
  863  911  941  955  962  973  987  999 1008 1020 1041 1071 1103 1132 1158 1181
 1201 1213 1217 1218 1223 1237 1265 1309 1360 1391 1375 1300 1192 1094 1037 1014
  995  946  861  759  667  600  555  513  460
    17.5 -180.0 180.0   5.0 450.0                            LAT/LON1/LON2/DLON/H
  517  450  380  322  287  270  261  249  233  216  200  186  175  166  158  149
  140  135  135  143  158  186  231  291  357  421  482  545  617  696  775  848
  910  954  977  983  986  993 1006 1017 1025 1037 1059 1090 1120 1145 1164 1182
 1195 1201 1199 1195 1194 1200 1219 1254 1299 1330 1315 1243 1138 1045  998  996
 1005  990  934  849  758  681  623  573  517
    15.0 -180.0 180.0   5.0 450.0                            LAT/LON1/LON2/DLON/H
  569  504  432  369  327  307  296  283  265  244  223  204  187  174  164  154
  145  139  138  143  155  183  231  297  369  437  501  567  641  722  802  874
  933  973  992  996  997 1004 1018 1029 1038 1050 1072 1102 1127 1144 1156 1166
 1172 1170 1159 1145 1133 1125 1126 1142 1172 1193 1176 1107 1008  924  892  910
  948  968  949  892  815  739  675  623  569
    12.5 -180.0 180.0   5.0 450.0                            LAT/LON1/LON2/DLON/H
  621  560  488  419  371  346  333  319  299  275  249  223  200  182  170  161
  154  148  145  147  156  182  231  299  375  445  510  577  653  734  811  880
  935  973  992  997 1000 1010 1027 1040 1050 1064 1085 1111 1130 1138 1141 1144
 1144 1133 1111 1085 1060 1035 1014 1006 1012 1019  997  931  842  772  754  790
  851  902  919  897  844  779  719  669  621
    10.0 -180.0 180.0   5.0 450.0                            LAT/LON1/LON2/DLON/H
  679  622  547  471  415  383  367  351  329  302  272  240  211  189  177  171
  166  161  157  155  161  186  234  302  377  447  512  579  655  734  807  870
  922  960  983  993 1001 1016 1036 1053 1066 1080 1100 1121 1132 1132 1130 1128
 1123 1105 1073 1036  997  957  915  882  866  856  828  768  691  636  632  678
  751  821  869  882  859  813  764  722  679
     7.5 -180.0 180.0   5.0 450.0                            LAT/LON1/LON2/DLON/H
  746  689  608  522  455  415  393  375  352  323  290  254  220  195  184  182
  181  177  171  166  172  196  243  310  381  448  512  580  654  729  795  852
  901  943  971  988 1003 1023 1047 1068 1082 1097 1115 1131 1135 1129 1124 1122
 1116 1093 1055 1011  965  914  859  809  775  751  718  663  599  560  565  612
  683  759  824  866  873  851  817  784  746
     5.0 -180.0 180.0   5.0 450.0                            LAT/LON1/LON2/DLON/H
  817  756  666  567  487  438  410  388  364  336  302  263  226  201  192  195
  198  194  186  181  188  213  261  325  392  455  516  582  654  722  781  831
  880  925  961  985 1006 1030 1057 1080 1096 1112 1128 1138 1136 1127 1123 1124
 1120 1099 1060 1015  970  920  862  806  763  732  695  644  592  564  574  614
  670  734  803  862  894  896  878  853  817
     2.5 -180.0 180.0   5.0 450.0                            LAT/LON1/LON2/DLON/H
  881  813  712  601  509  450  416  391  366  339  306  268  230  206  201  209
  215  211  203  199  209  239  288  349  410  468  526  589  655  715  766  812
  860  910  952  982 1006 1032 1060 1084 1102 1118 1132 1137 1131 1121 1119 1127
 1129 1113 1079 1042 1009  972  925  876  835  802  763  713  666  644  653  678
  710  751  807  871  920  940  936  918  881
