ionex_files/corrected/COD0OPSFIN_20231140000_01D_01H_GIM.INX
     1.0            IONOSPHERE MAPS     GNSS                IONEX VERSION / TYPE
ADDNEQ2 V5.5        AIUB                28-APR-23 21:24     PGM / RUN BY / DATE 
CODE'S GLOBAL IONOSPHERE MAPS FOR DAY 114, 2023             COMMENT             
Global ionosphere maps (GIM) are generated on a daily basis DESCRIPTION         
at CODE using data from about 300 GNSS sites of the IGS and DESCRIPTION         
other institutions. The vertical total electron content     DESCRIPTION         
(VTEC) is modeled in a solar-geomagnetic reference frame    DESCRIPTION         
using a spherical harmonics expansion up to degree and      DESCRIPTION         
order 15. Piece-wise linear functions are used for          DESCRIPTION         
representation in the time domain. The time spacing of      DESCRIPTION         
their vertices is 1 hour, conforming with the epochs of the DESCRIPTION         
VTEC maps.                                                  DESCRIPTION         
To convert line-of-sight TEC into vertical TEC, a modified  DESCRIPTION         
single-layer model mapping function approximating the JPL   DESCRIPTION         
extended slab model mapping function is adopted. The        DESCRIPTION         
mapping function is evaluated at geodetic satellite         DESCRIPTION         
elevation angles. For the computation of the ionospheric    DESCRIPTION         
pierce points, a spherical layer with a radius of 6821 km   DESCRIPTION         
is assumed, implying geocentric, not geodetic IONEX         DESCRIPTION         
latitudes.                                                  DESCRIPTION         
Instrumental biases with respect to each involved GNSS code DESCRIPTION         
observable are estimated as constant values for each        DESCRIPTION         
day. They are modeled with one set of bias parameters for   DESCRIPTION         
each satellite and each station in case of GPS and for each DESCRIPTION         
satellite-station link in case of GLONASS. The code bias    DESCRIPTION         
datum is defined by zero-mean conditions imposed on the     DESCRIPTION         
satellite bias estimates. In this file, just GPS C1W-C2W    DESCRIPTION         
satellite and station bias values are included. The         DESCRIPTION         
complete set of GNSS code bias results is provided in an    DESCRIPTION         
additional Bias-SINEX file as pseudo-absolute values        DESCRIPTION         
specific to each observable.                                DESCRIPTION         
Note: These GIM results correspond to the results for the   DESCRIPTION         
middle day of a 3-day combination analysis solving for 73   DESCRIPTION         
times 256, or 18688 VTEC parameters and 3 daily sets of     DESCRIPTION         
GNSS code bias parameters.                                  DESCRIPTION         
Contact address: code(at)aiub.unibe.ch                      DESCRIPTION         
Data archive:    ftp.aiub.unibe.ch/CODE/                    DESCRIPTION         
                 www.aiub.unibe.ch/download/CODE/           DESCRIPTION         
  2023     4    24     0     0     0                        EPOCH OF FIRST MAP  
  2023     4    25     0     0     0                        EPOCH OF LAST MAP   
  3600                                                      INTERVAL            
[...]
brux bshm cags cas1 ccj2 cedu chpg chpi chti chur coco cord COMMENT             
cpvg cpxf crar cro1 daej darw dav1 dgar dhlg drao dubo ebre COMMENT             
faa1 fair flin flrs frdn ftna func ganp glps glsv gode godz COMMENT             
gol2 gold gope gras graz guam harb hers hert hlfx hnpt hob2 COMMENT             
hofn holb hrao hyde iddr ieng iisc ineg invk iqal irkj isba COMMENT             
jog2 joz2 joze kerg kir0 kiri kiru kit3 kokb kokv kouc koug COMMENT             
kour krgg lama laut lmmf lpal lpgs m0se mac1 madr mal2 mana COMMENT             
mas1 mat1 mate maw1 mcm4 mdo1 mdvj medi mets mgue mizu mkea COMMENT             
mnls mobs morp mqzg mro1 mtka nano nico nist nium nklg nlib COMMENT             
nnor not1 nrc1 nrmd ntus nya1 nyal ohi2 onsa opmt ous2 pado COMMENT             
park pdel penc pert pie1 pimo pohn pol2 polv pots pove prds COMMENT             
ptag ptbb ptvl qaq1 quin rabt ramo reun reyk rgdg rio2 riop COMMENT             
salu samo sant savo sch2 scor scrz sctb seyg sfer shao sofi COMMENT             
spt0 ssia sthl stjo stk2 str2 suth sutm suwn sydn syog tabv COMMENT             
tash thtg thti thu2 tid1 tidb tlse tn22 tong tow2 tro1 tsea COMMENT             
tskb tuva twtf txes uclu ufpr ulab unb3 unbj unsa urum usn7 COMMENT             
usud vald vill voim vtsp wab1 wab2 wark wgtn whit will wind COMMENT             
wsrt wtza wtzl wtzr wtzs wuhn xmis yar2 yar3 yarr yell ykro COMMENT             
zamb zeck zim2 zim3 zimm                                    COMMENT             
                                                            END OF HEADER       
[from data line 1716]
     5                                                      START OF TEC MAP    
  2023     4    24     4     0     0                        EPOCH OF CURRENT MAP
    87.5 -180.0 180.0   5.0 450.0                            LAT/LON1/LON2/DLON/H
  152  152  153  154  155  155  156  157  158  158  159  160  160  161  161  161
  161  161  161  160  159  159  157  156  155  153  152  150  148  146  145  143
  141  140  138  137  136  135  134  133  132  132  131  131  131  131  132  132
  133  133  134  135  136  137  138  139  140  141  142  143  144  145  146  147
  147  148  149  149  150  150  151  151  152
    85.0 -180.0 180.0   5.0 450.0                            LAT/LON1/LON2/DLON/H
  146  146  147  147  148  150  152  154  156  159  161  164  166  168  170  172
  173  173  173  172  171  168  166  163  159  155  151  147  143  139  135  131
  128  125  122  119  117  115  114  113  112  111  111  111  111  112  113  114
  116  118  120  122  125  128  130  133  136  139  141  143  145  147  148  149
  149  149  149  149  148  148  147  147  146
    82.5 -180.0 180.0   5.0 450.0                            LAT/LON1/LON2/DLON/H
  135  133  132  131  132  133  136  139  144  149  154  159  164  169  173  177
  179  181  181  180  178  175  170  165  159  152  145  138  132  125  120  114
  110  106  103  100   98   96   95   94   94   93   93   94   94   95   97   99
  101  104  108  112  117  121  127  132  137  141  146  150  153  155  157  157
  157  155  153  151  148  144  141  138  135
    80.0 -180.0 180.0   5.0 450.0                            LAT/LON1/LON2/DLON/H
  123  118  114  111  110  111  114  119  124  131  139  146  154  162  169  174
  179  182  183  182  179  174  168  160  151  142  132  123  114  106  100   94
   90   87   85   83   83   82   82   82   82   82   82   82   83   84   86   88
   91   95   99  105  111  118  126  133  141  148  155  161  166  170  172  172
  171  168  164  158  152  144  137  130  123
    77.5 -180.0 180.0   5.0 450.0                            LAT/LON1/LON2/DLON/H
  117  108  100   94   91   91   93   98  104  111  120  129  138  147  156  163
  169  173  174  174  171  165  157  148  137  125  114  103   94   86   79   75
   73   72   72   73   74   76   77   78   79   79   79   79   79   79   80   82
   85   89   94  101  109  117  127  137  147  157  166  174  181  186  190  191
  190  186  180  172  162  151  140  128  117
    75.0 -180.0 180.0   5.0 450.0                            LAT/LON1/LON2/DLON/H
  121  107   96   87   82   79   80   83   88   95  103  111  120  128  136  144
  150  154  157  157  154  148  140  130  118  106   94   83   74   67   63   61
   61   63   66   69   73   76   79   81   82   82   82   81   81   80   81   82
   85   89   94  101  109  119  129  140  152  163  174  185  193  201  206  208
  208  205  200  191  180  167  152  136  121
    72.5 -180.0 180.0   5.0 450.0                            LAT/LON1/LON2/DLON/H
  136  119  103   91   83   79   77   79   82   87   92   97  103  108  114  120
  125  129  132  133  131  126  119  109   98   87   76   67   59   55   54   55
   58   62   67   72   77   81   84   86   87   88   87   86   86   85   85   86
   89   93   98  105  113  122  132  143  155  166  178  189  198  207  214  219
  221  221  218  211  201  188  172  154  136
    70.0 -180.0 180.0   5.0 450.0                            LAT/LON1/LON2/DLON/H
  159  139  120  105   94   88   85   85   86   87   89   90   91   92   94   97
   99  102  105  106  105  102   97   89   81   71   63   56   52   51   52   56
   61   67   73   79   83   86   89   90   91   92   92   91   91   91   91   93
   95   99  104  111  118  126  134  144  154  164  174  184  194  203  212  219
  225  229  231  229  223  213  198  179  159
    67.5 -180.0 180.0   5.0 450.0                            LAT/LON1/LON2/DLON/H
  185  162  140  122  109  101   97   96   96   95   93   91   87   84   81   79
   79   80   82   83   83   82   78   74   68   62   57   54   53   54   58   64
   70   76   81   84   87   88   89   90   91   92   93   94   95   96   97   99
  102  106  111  116  122  128  134  141  149  156  165  173  182  190  198  207
  216  226  234  239  240  236  224  206  185
    65.0 -180.0 180.0   5.0 450.0                            LAT/LON1/LON2/DLON/H
  207  182  157  136  121  112  108  107  107  105  102   97   90   83   77   72
   69   68   67   68   68   68   67   65   62   59   58   57   59   63   68   74
   79   83   86   86   86   85   84   85   87   89   92   94   97   98  100  102
  106  109  114  119  123  127  132  136  141  147  153  159  165  171  178  187
  198  212  227  240  250  252  245  230  207
    62.5 -180.0 180.0   5.0 450.0                            LAT/LON1/LON2/DLON/H
  221  193  165  142  126  117  113  113  114  113  110  105   98   90   82   76
   71   67   65   64   64   64   64   63   63   63   63   65   67   72   77   82
   85   87   86   83   80   77   76   77   80   84   89   94   97   99  100  102
  105  109  113  117  120  124  126  130  133  138  143  147  151  154  157  163
  174  190  210  232  250  259  258  244  221
    60.0 -180.0 180.0   5.0 450.0                            LAT/LON1/LON2/DLON/H
  225  195  165  140  123  115  112  113  115  116  115  112  106  100   93   87
   82   77   74   72   70   69   68   68   69   70   71   72   75   78   81   84
   85   84   80   76   71   67   66   69   74   81   88   93   96   98   98   99
  101  104  108  111  115  118  121  124  128  133  139  143  145  144  142  143
  150  165  188  216  241  257  260  249  225
    57.5 -180.0 180.0   5.0 450.0                            LAT/LON1/LON2/DLON/H
  220  190  159  135  119  111  109  110  112  114  115  114  112  108  105  101
   97   93   90   86   83   80   79   78   77   77   77   77   78   78   78   78
   77   74   70   65   60   58   59   63   71   80   88   94   97   97   96   95
   96   98  102  106  111  115  119  123  129  136  144  149  150  146  139  133
  134  145  167  197  227  248  254  244  220
    55.0 -180.0 180.0   5.0 450.0                            LAT/LON1/LON2/DLON/H
  211  182  154  133  120  114  111  111  111  111  112  112  112  112  111  110
  109  108  106  103   99   94   90   87   85   83   81   78   75   72   69   66
   63   60   57   54   51   52   55   62   72   83   92   98  100   99   96   94
   94   96  101  107  113  119  125  131  138  147  157  165  166  161  149  136
  129  134  153  181  212  234  242  233  211
    52.5 -180.0 180.0   5.0 450.0                            LAT/LON1/LON2/DLON/H
  201  177  156  142  135  131  127  123  118  114  112  110  110  109  110  111
  113  116  117  115  111  105   99   94   89   85   80   74   67   61   55   50
   47   45   44   45   46   50   56   65   76   88   98  104  106  105  102  101
  102  106  113  121  129  137  144  150  157  166  177  186  190  184  169  151
  138  136  149  173  201  223  230  221  201
    50.0 -180.0 180.0   5.0 450.0                            LAT/LON1/LON2/DLON/H
  195  178  168  164  165  165  160  151  138  127  119  113  108  104  102  103
  107  113  118  119  116  110  102   94   88   82   75   67   58   49   41   35
   32   32   35   39   45   52   60   70   82   94  105  112  116  117  117  119
  124  132  142  153  164  173  178  182  185  191  200  209  213  209  194  174
  157  150  157  177  200  217  221  212  195
    47.5 -180.0 180.0   5.0 450.0                            LAT/LON1/LON2/DLON/H
  196  188  189  198  209  213  207  191  171  153  137  124  111  100   91   89
   93  101  109  113  111  105   97   88   81   75   68   60   51   42   33   27
   24   26   31   39   48   57   66   76   88  101  113  124  132  138  144  152
  163  176  191  205  218  227  229  227  222  219  221  227  232  230  218  200
  183  175  179  193  209  220  220  209  196
    45.0 -180.0 180.0   5.0 450.0                            LAT/LON1/LON2/DLON/H
  204  202  215  236  256  264  256  236  210  186  165  145  124  103   86   77
   78   86   95  100   99   93   85   77   71   67   62   57   50   42   34   28
   26   28   34   43   53   62   71   80   93  107  124  139  154  167  182  198
  217  237  257  275  289  296  293  281  264  248  240  240  243  243  236  225
  213  208  211  222  231  234  228  215  204
    42.5 -180.0 180.0   5.0 450.0                            LAT/LON1/LON2/DLON/H
  218  221  240  269  294  304  295  273  245  220  197  174  147  117   91   75
   70   75   82   86   84   78   71   65   62   62   62   61   58   53   47   41
   38   39   43   51   59   67   75   84   98  116  137  160  182  204  228  254
  281  309  333  354  368  373  363  340  309  279  259  250  250  251  250  247
  244  245  253  261  265  261  247  229  218
    40.0 -180.0 180.0   5.0 450.0                            LAT/LON1/LON2/DLON/H
  240  242  262  291  315  324  313  290  265  245  227  206  178  143  110   87
   76   75   77   77   73   66   60   58   60   65   71   74   75   73   69   64
   60   57   58   62   67   72   79   89  104  127  155  185  215  245  277  311
  347  381  410  433  447  448  433  400  357  314  282  265  261  263  266  270
  277  288  301  310  311  299  278  255  240
    37.5 -180.0 180.0   5.0 450.0                            LAT/LON1/LON2/DLON/H
  274  269  281  302  319  320  306  284  266  255  248  235  210  176  142  115
   99   92   86   79   70   62   59   61   69   80   90   97  101  101   98   94
   87   81   76   74   75   78   83   95  115  143  177  213  249  284  322  363
  405  444  477  502  516  515  495  456  406  356  318  296  288  288  292  301
  316  336  355  367  366  350  323  294  274
    35.0 -180.0 180.0   5.0 450.0                            LAT/LON1/LON2/DLON/H
  323  309  307  312  313  303  282  262  251  252  258  256  239  211  180  155
  137  123  110   95   81   73   72   80   94  109  122  129  132  132  129  124
  116  106   96   88   84   84   90  104  128  161  201  241  280  318  358  402
  447  490  525  552  566  565  545  506  457  409  373  352  341  337  339  348
  366  392  416  431  430  412  383  350  323
    32.5 -180.0 180.0   5.0 450.0                            LAT/LON1/LON2/DLON/H
  394  369  350  335  316  290  260  239  234  246  262  269  260  240  217  198
  182  165  146  125  107   99  103  116  134  151  162  165  164  161  157  151
  142  129  114  101   94   92   99  115  142  179  221  264  303  340  380  424
  470  515  553  582  598  599  583  551  512  476  450  436  426  418  413  417
  433  459  486  503  503  486  458  425  394
    30.0 -180.0 180.0   5.0 450.0                            LAT/LON1/LON2/DLON/H
  488  456  423  388  348  304  264  239  236  251  271  280  275  261  247  236
  226  210  188  165  147  142  150  167  188  202  207  202  193  183  176  170
  161  147  130  114  104  101  108  126  154  191  234  276  314  350  387  429
  475  521  562  594  614  620  612  592  571  555  548  546  540  529  515  509
  517  539  564  581  583  570  547  519  488
    27.5 -180.0 180.0   5.0 450.0                            LAT/LON1/LON2/DLON/H
  603  571  530  481  424  366  316  285  278  289  301  302  291  277  268  265
  262  251  232  211  197  197  209  229  248  256  251  234  214  196  185  178
  170  157  141  124  113  110  116  133  160  195  234  274  311  346  381  422
  467  514  558  594  620  634  636  633  633  642  657  671  672  658  635  618
  616  630  650  665  669  661  646  627  603
    25.0 -180.0 180.0   5.0 450.0                            LAT/LON1/LON2/DLON/H
  730  707  668  614  549  482  425  388  374  372  366  347  319  295  285  286
  289  285  273  259  254  259  275  294  307  305  287  257  225  199  183  175
  169  160  147  132  120  116  120  134  156  186  222  260  298  334  370  409
  454  502  550  592  625  648  662  676  697  729  766  795  804  789  761  734
  722  727  740  752  756  753  748  742  730
    22.5 -180.0 180.0   5.0 450.0                            LAT/LON1/LON2/DLON/H
  855  848  821  773  710  643  585  546  522  503  472  425  371  328  307  305
  310  312  310  307  311  323  339  353  357  343  311  268  226  193  173  164
  160  155  147  135  125  118  120  128  144  167  198  237  278  319  358  398
  443  492  544  593  634  666  692  721  759  809  861  900  915  903  873  841
  823  821  828  836  839  840  844  851  855
    20.0 -180.0 180.0   5.0 450.0                            LAT/LON1/LON2/DLON/H
  962  973  965  932  882  824  773  736  707  671  614  536  452  384  345  332
  334  339  345  354  367  382  395  401  391  364  320  268  219  182  159  148
  145  145  143  136  126  118  114  116  124  141  170  211  259  308  353  395
  439  490  545  601  650  691  727  766  815  873  930  973  991  983  956  927
  908  902  906  911  913  914  923  941  962
    17.5 -180.0 180.0   5.0 450.0                            LAT/LON1/LON2/DLON/H
 1036 1064 1075 1063 1030  990  953  924  896  850  774  671  560  468  407  377
  368  371  383  400  419  433  439  431  408  368  315  258  208  169  144  131
  128  132  136  134  125  114  105  101  103  116  144  189  247  305  357  402
  446  496  553  614  671  719  763  808  859  917  970 1008 1025 1021 1003  982
  967  964  968  971  971  971  980 1003 1036
    15.0 -180.0 180.0   5.0 450.0                            LAT/LON1/LON2/DLON/H
 1069 1107 1133 1139 1126 1106 1088 1073 1053 1007  923  807  681  571  490  441
  417  413  425  445  464  472  466  445  408  358  299  242  195  159  133  116
  112  119  128  131  123  109   95   86   85   96  126  177  244  313  371  417
  460  508  566  630  692  747  795  843  892  941  981 1009 1021 1020 1013 1004
  998 1000 1007 1011 1010 1006 1011 1032 1069
    12.5 -180.0 180.0   5.0 450.0                            LAT/LON1/LON2/DLON/H
 1063 1101 1132 1149 1152 1150 1150 1153 1145 1107 1029  917  792  677  586  520
  480  465  471  487  500  498  479  444  397  339  279  226  186  155  128  108
  101  109  123  129  121  104   87   76   75   87  120  177  251  327  390  437
  477  523  579  645  710  769  821  869  913  950  975  988  992  995  997  999
 1004 1012 1023 1030 1029 1022 1019 1033 1063
    10.0 -180.0 180.0   5.0 450.0                            LAT/LON1/LON2/DLON/H
 1031 1057 1081 1098 1108 1118 1133 1149 1154 1129 1067  974  866  763  673  600
  547  520  515  522  524  509  478  433  379  318  260  214  182  157  132  109
   98  105  121  130  121  101   82   71   73   89  125  187  265  344  409  456
  495  537  592  656  721  782  837  886  926  953  964  964  961  963  971  982
  992 1005 1019 1030 1030 1021 1012 1014 1031
     7.5 -180.0 180.0   5.0 450.0                            LAT/LON1/LON2/DLON/H
  991  996 1003 1009 1016 1029 1050 1072 1082 1069 1026  960  883  806  732  662
  603  565  549  544  533  506  466  418  362  303  249  210  187  168  144  118
  103  109  126  134  123  100   79   71   77   97  137  200  278  358  423  470
  509  551  603  664  728  788  845  895  935  958  962  954  945  945  953  965
  975  987 1002 1015 1020 1013 1000  991  991
     5.0 -180.0 180.0   5.0 450.0                            LAT/LON1/LON2/DLON/H
  961  943  926  913  909  917  933  948  954  942  913  875  834  791  742  687
  632  590  565  548  525  490  448  401  350  297  248  215  198  184  162  134
  117  120  135  141  127  100   79   73   83  108  149  211  286  363  428  478
  520  565  616  674  733  792  849  903  946  973  978  969  958  954  957  961
  965  970  981  995 1004 1003  993  978  961
     2.5 -180.0 180.0   5.0 450.0                            LAT/LON1/LON2/DLON/H
  956  917  876  842  824  820  821  819  806  782  755  735  724  716  698  664
  622  584  555  531  501  463  424  387  346  300  256  227  213  204  184  156
  137  138  149  150  131  101   79   75   89  116  157  214  285  358  424  480
  530  581  634  689  744  799  856  912  962  998 1013 1011 1001  992  985  977
  968  963  966  977  991  999  997  983  956
