ionex_files/corrected/COD0OPSFIN_20231120000_01D_01H_GIM.INX
     1.0            IONOSPHERE MAPS     GNSS                IONEX VERSION / TYPE
ADDNEQ2 V5.5        AIUB                26-APR-23 21:34     PGM / RUN BY / DATE 
CODE'S GLOBAL IONOSPHERE MAPS FOR DAY 112, 2023             COMMENT             
Global ionosphere maps (GIM) are generated on a daily basis DESCRIPTION         
at CODE using data from about 300 GNSS sites of the IGS and DESCRIPTION         
other institutions. The vertical total electron content     DESCRIPTION         
(VTEC) is modeled in a solar-geomagnetic reference frame    DESCRIPTION         
using a spherical harmonics expansion up to degree and      DESCRIPTION         
order 15. Piece-wise linear functions are used for          DESCRIPTION         
representation in the time domain. The time spacing of      DESCRIPTION         
their vertices is 1 hour, conforming with the epochs of the DESCRIPTION         
VTEC maps.                                                  DESCRIPTION         
To convert line-of-sight TEC into vertical TEC, a modified  DESCRIPTION         
single-layer model mapping function approximating the JPL   DESCRIPTION         
extended slab model mapping function is adopted. The        DESCRIPTION         
mapping function is evaluated at geodetic satellite         DESCRIPTION         
elevation angles. For the computation of the ionospheric    DESCRIPTION         
pierce points, a spherical layer with a radius of 6821 km   DESCRIPTION         
is assumed, implying geocentric, not geodetic IONEX         DESCRIPTION         
latitudes.                                                  DESCRIPTION         
Instrumental biases with respect to each involved GNSS code DESCRIPTION         
observable are estimated as constant values for each        DESCRIPTION         
day. They are modeled with one set of bias parameters for   DESCRIPTION         
each satellite and each station in case of GPS and for each DESCRIPTION         
satellite-station link in case of GLONASS. The code bias    DESCRIPTION         
datum is defined by zero-mean conditions imposed on the     DESCRIPTION         
satellite bias estimates. In this file, just GPS C1W-C2W    DESCRIPTION         
satellite and station bias values are included. The         DESCRIPTION         
complete set of GNSS code bias results is provided in an    DESCRIPTION         
additional Bias-SINEX file as pseudo-absolute values        DESCRIPTION         
specific to each observable.                                DESCRIPTION         
Note: These GIM results correspond to the results for the   DESCRIPTION         
middle day of a 3-day combination analysis solving for 73   DESCRIPTION         
times 256, or 18688 VTEC parameters and 3 daily sets of     DESCRIPTION         
GNSS code bias parameters.                                  DESCRIPTION         
Contact address: code(at)aiub.unibe.ch                      DESCRIPTION         
Data archive:    ftp.aiub.unibe.ch/CODE/                    DESCRIPTION         
                 www.aiub.unibe.ch/download/CODE/           DESCRIPTION         
  2023     4    22     0     0     0                        EPOCH OF FIRST MAP  
  2023     4    23     0     0     0                        EPOCH OF LAST MAP   
  3600                                                      INTERVAL            
[...]
brux bshm cags cas1 ccj2 cedu chpg chpi chti chur cnmr coco COMMENT             
cord cpvg cpxf crar cro1 daej darw dav1 dgar dhlg drao dubo COMMENT             
ebre faa1 fair flin flrs frdn ftna func ganp glps glsv gode COMMENT             
godz gol2 gold gope gras graz guam guug harb hers hert hlfx COMMENT             
hnpt hob2 hofn holb hrao hyde iddr ieng iisc ineg invk iqal COMMENT             
isba jog2 joz2 joze kerg kir0 kiri kiru kit3 kokb kokv kouc COMMENT             
koug kour krgg lama laut lmmf lpal lpgs m0se mac1 madr mal2 COMMENT             
mana mas1 mat1 mate maw1 mcm4 mdo1 mdvj medi mets mgue mizu COMMENT             
mkea mnls mobs morp mqzg mro1 mtka nano nico nist nium nklg COMMENT             
nlib nnor not1 nrc1 nrmd ntus nya1 nyal ohi2 onsa opmt ous2 COMMENT             
pado park pdel penc pert pie1 pimo pohn pol2 polv pots pove COMMENT             
prds ptag ptbb ptvl qaq1 quin rabt ramo reun reyk rgdg rio2 COMMENT             
riop salu samo sant savo sch2 scor sctb seyg sfer shao sofi COMMENT             
spt0 ssia sthl stjo stk2 str2 suth sutm suwn sydn syog tabv COMMENT             
tash thtg thti thu2 tid1 tidb tlse tn22 tong tow2 tro1 tsea COMMENT             
tskb tuva twtf txes uclu ufpr ulab unb3 unbj unsa urum usn7 COMMENT             
usud vald vill voim vtsp wab1 wab2 wark wgtn whit will wind COMMENT             
wsrt wtza wtzl wtzr wtzs wuhn xmis yar2 yar3 yarr yell ykro COMMENT             
zamb zeck zim2 zim3 zimm                                    COMMENT             
                                                            END OF HEADER       
[from data line 858]
     3                                                      START OF TEC MAP    
  2023     4    22     2     0     0                        EPOCH OF CURRENT MAP
    87.5 -180.0 180.0   5.0 450.0                            LAT/LON1/LON2/DLON/H
  196  197  198  198  198  199  199  200  200  200  200  200  200  199  199  198
  197  196  195  194  192  190  188  186  184  182  180  178  176  173  171  169
  167  166  164  163  162  161  160  159  159  159  159  159  160  161  162  163
  164  165  167  168  170  172  173  175  177  178  180  182  183  185  186  188
  189  190  191  192  193  194  195  196  196
    85.0 -180.0 180.0   5.0 450.0                            LAT/LON1/LON2/DLON/H
  204  205  205  205  206  207  208  209  210  211  212  213  214  214  214  214
  214  213  211  209  206  203  199  195  191  186  181  176  171  166  161  156
  152  148  145  142  139  138  136  136  135  136  136  138  139  141  143  145
  148  151  154  157  161  164  168  172  175  179  182  185  188  191  194  196
  198  200  201  202  203  203  204  204  204
    82.5 -180.0 180.0   5.0 450.0                            LAT/LON1/LON2/DLON/H
  208  207  206  206  206  207  208  209  211  214  216  219  222  224  226  227
  228  228  226  224  221  217  212  206  200  192  184  176  168  160  152  145
  139  133  128  124  121  119  118  117  117  118  120  121  124  126  129  133
  136  140  144  149  154  159  164  169  175  180  186  191  196  200  204  207
  210  212  213  213  213  212  211  210  208
    80.0 -180.0 180.0   5.0 450.0                            LAT/LON1/LON2/DLON/H
  214  210  207  205  203  203  203  205  207  210  214  218  222  225  229  232
  234  236  236  235  233  229  224  217  209  200  190  180  169  159  148  139
  131  124  118  114  110  108  108  108  108  110  112  114  117  119  122  125
  129  133  137  142  147  153  159  166  173  181  189  197  204  211  217  222
  226  228  230  229  228  225  222  218  214
    77.5 -180.0 180.0   5.0 450.0                            LAT/LON1/LON2/DLON/H
  227  220  213  208  204  202  201  201  202  205  207  211  214  218  222  226
  229  233  235  236  236  234  231  225  217  208  197  185  173  161  150  139
  130  122  116  112  109  107  107  108  109  111  113  115  117  119  121  124
  126  128  131  135  140  146  152  160  169  179  190  201  212  223  232  240
  247  251  253  253  251  247  241  234  227
    75.0 -180.0 180.0   5.0 450.0                            LAT/LON1/LON2/DLON/H
  250  239  229  221  214  209  205  203  202  202  201  201  202  203  205  208
  212  217  221  225  229  230  229  226  220  212  203  191  179  167  155  144
  134  126  120  116  114  113  114  115  117  119  121  123  124  125  125  126
  126  127  129  131  134  139  145  154  164  176  189  204  219  234  248  261
  271  279  283  284  282  277  269  260  250
    72.5 -180.0 180.0   5.0 450.0                            LAT/LON1/LON2/DLON/H
  281  268  255  244  234  227  221  216  211  206  200  195  189  185  182  182
  185  190  196  203  210  216  219  219  217  212  204  194  183  172  160  149
  140  132  126  122  121  121  122  124  126  128  130  131  132  132  132  131
  130  129  129  129  131  134  140  148  159  172  188  206  225  244  263  280
  295  307  315  318  318  313  305  294  281
    70.0 -180.0 180.0   5.0 450.0                            LAT/LON1/LON2/DLON/H
  315  300  286  272  261  252  245  237  229  220  208  195  181  168  159  154
  153  158  165  175  185  194  200  204  205  203  199  192  183  173  163  152
  143  135  130  126  125  125  127  129  131  134  136  137  138  138  138  137
  136  134  133  132  132  134  139  146  156  170  187  207  229  252  275  296
  315  331  342  349  351  348  340  329  315
    67.5 -180.0 180.0   5.0 450.0                            LAT/LON1/LON2/DLON/H
  343  328  313  299  288  279  272  264  255  242  224  203  181  160  142  131
  127  129  137  147  158  169  177  183  187  187  185  181  175  168  159  150
  141  133  127  124  122  123  125  128  131  133  136  138  140  141  142  143
  143  142  141  140  139  140  143  149  158  171  188  208  231  256  281  306
  327  346  360  369  373  372  367  357  343
    65.0 -180.0 180.0   5.0 450.0                            LAT/LON1/LON2/DLON/H
  359  345  330  317  307  300  295  290  282  268  247  221  191  162  138  121
  113  113  119  128  138  147  154  159  163  165  165  164  161  156  149  141
  133  125  119  116  114  115  117  120  124  127  131  134  137  141  144  148
  150  151  152  151  151  151  153  157  164  176  191  210  232  257  282  306
  328  347  362  373  379  381  378  370  359
    62.5 -180.0 180.0   5.0 450.0                            LAT/LON1/LON2/DLON/H
  359  347  334  322  313  308  307  307  303  292  272  244  211  177  149  128
  117  114  117  122  128  132  135  137  139  140  142  143  142  140  136  129
  122  115  109  105  103  104  107  111  115  119  123  127  132  138  145  151
  157  162  165  166  167  167  168  170  175  183  195  211  231  253  276  298
  318  335  349  360  367  371  371  367  359
    60.0 -180.0 180.0   5.0 450.0                            LAT/LON1/LON2/DLON/H
  346  337  325  314  306  304  307  313  316  311  295  269  236  202  173  151
  139  133  132  132  130  128  124  121  119  119  121  124  126  126  124  119
  112  106  100   96   95   96   99  103  107  111  115  120  127  134  144  154
  163  172  178  182  184  186  186  187  188  192  200  212  227  246  265  283
  299  312  323  332  340  346  350  350  346
    57.5 -180.0 180.0   5.0 450.0                            LAT/LON1/LON2/DLON/H
  328  323  313  301  293  291  297  308  318  321  313  292  263  233  206  186
  173  166  160  154  145  134  124  115  109  107  109  113  117  119  118  115
  109  103   98   95   94   95   98  102  105  109  112  117  123  132  143  156
  169  181  191  198  203  205  206  205  203  202  205  211  221  235  249  263
  274  283  290  297  305  313  322  327  328
    55.0 -180.0 180.0   5.0 450.0                            LAT/LON1/LON2/DLON/H
  316  315  307  295  283  279  285  298  314  324  323  310  288  263  241  224
  213  205  195  183  168  151  135  122  113  110  111  115  120  123  123  120
  115  110  106  104  103  104  106  109  111  113  115  118  123  132  144  159
  175  190  203  214  221  226  227  225  219  213  209  209  215  223  234  243
  250  255  259  264  273  284  297  309  316
    52.5 -180.0 180.0   5.0 450.0                            LAT/LON1/LON2/DLON/H
  319  323  318  304  289  280  281  293  310  324  329  322  306  288  272  260
  250  241  229  213  194  175  157  143  133  128  129  132  136  139  138  135
  131  127  124  122  121  121  121  122  123  123  123  124  128  135  148  164
  182  200  216  230  241  248  250  247  238  226  216  210  210  215  222  228
  232  235  237  243  253  268  286  305  319
    50.0 -180.0 180.0   5.0 450.0                            LAT/LON1/LON2/DLON/H
  340  352  350  336  317  300  293  299  312  326  332  329  319  306  295  287
  279  269  255  238  220  203  187  175  166  161  160  162  164  165  162  158
  153  149  147  146  144  142  140  139  137  136  135  134  136  142  155  172
  191  211  230  247  262  272  276  272  260  244  228  216  212  213  218  222
  225  228  231  238  251  270  294  319  340
    47.5 -180.0 180.0   5.0 450.0                            LAT/LON1/LON2/DLON/H
  380  398  402  389  366  342  325  321  326  334  339  336  328  319  311  304
  297  287  274  259  245  233  223  214  206  201  198  198  197  195  189  183
  177  174  173  171  168  164  159  154  152  150  148  146  147  153  165  183
  204  225  246  266  284  299  305  302  289  268  248  232  224  223  226  229
  233  236  242  253  269  292  320  351  380
    45.0 -180.0 180.0   5.0 450.0                            LAT/LON1/LON2/DLON/H
  429  454  464  456  432  401  375  359  353  352  350  345  337  328  322  316
  309  298  287  276  269  264  261  255  247  240  235  232  229  224  215  206
  200  197  196  195  190  183  174  167  163  161  160  159  161  167  179  198
  219  242  264  286  307  326  336  335  322  301  278  261  251  248  249  252
  255  261  270  284  304  330  361  395  429
    42.5 -180.0 180.0   5.0 450.0                            LAT/LON1/LON2/DLON/H
  479  510  526  523  501  468  434  407  390  379  369  359  349  340  333  326
  317  308  299  293  293  295  296  291  282  271  264  260  255  248  237  225
  218  216  217  216  209  198  186  177  172  171  171  172  175  182  195  214
  236  259  282  305  329  351  366  369  359  340  319  303  293  290  290  291
  293  300  312  329  352  378  409  443  479
    40.0 -180.0 180.0   5.0 450.0                            LAT/LON1/LON2/DLON/H
  524  556  577  579  561  529  492  458  431  410  394  379  367  357  348  339
  330  321  314  313  318  324  325  318  304  290  281  277  274  266  254  241
  233  232  235  234  226  212  197  185  179  179  182  186  190  198  212  231
  253  275  297  320  345  370  390  399  395  382  367  355  349  346  345  343
  344  350  363  382  406  431  458  489  524
    37.5 -180.0 180.0   5.0 450.0                            LAT/LON1/LON2/DLON/H
  562  592  613  619  605  576  539  503  470  443  422  405  391  380  370  359
  349  340  335  337  343  349  347  334  315  298  289  288  288  281  269  255
  248  249  253  253  244  228  210  196  189  189  194  199  204  213  226  244
  265  286  306  327  353  381  405  421  426  422  417  413  412  412  410  406
  405  409  421  440  462  485  507  533  562
    35.0 -180.0 180.0   5.0 450.0                            LAT/LON1/LON2/DLON/H
  599  622  639  643  632  606  573  538  504  475  451  434  421  410  398  386
  374  365  361  362  366  367  359  340  317  299  294  298  302  299  286  273
  267  269  274  275  266  249  228  211  203  202  206  211  216  224  235  252
  271  289  307  327  351  380  409  431  446  454  461  468  475  479  479  474
  470  472  482  500  521  541  559  577  599
    32.5 -180.0 180.0   5.0 450.0                            LAT/LON1/LON2/DLON/H
  643  657  665  662  648  625  596  565  534  505  482  466  454  444  431  416
  402  391  385  383  381  376  363  342  319  305  306  316  324  322  310  296
  290  294  300  301  292  273  251  232  221  217  218  221  224  229  238  252
  269  285  301  318  341  370  401  430  454  475  494  513  530  540  543  540
  536  536  544  561  581  600  616  630  643
    30.0 -180.0 180.0   5.0 450.0                            LAT/LON1/LON2/DLON/H
  705  708  703  689  667  642  616  590  562  536  515  501  491  480  464  446
  428  414  403  394  386  376  363  346  331  325  333  348  358  354  340  324
  318  321  327  328  318  300  277  256  241  232  229  227  226  226  231  243
  258  274  289  305  326  354  386  419  451  483  514  544  570  588  597  598
  597  597  605  621  644  666  684  697  705
    27.5 -180.0 180.0   5.0 450.0                            LAT/LON1/LON2/DLON/H
  787  781  763  733  699  668  643  621  597  573  554  541  532  518  498  474
  450  430  411  393  379  370  364  360  359  365  380  395  401  391  371  353
  345  347  352  351  341  323  301  279  259  245  235  228  221  216  218  227
  242  259  275  291  311  337  369  404  441  480  521  559  593  618  635  644
  649  653  662  680  707  737  763  780  787
    25.0 -180.0 180.0   5.0 450.0                            LAT/LON1/LON2/DLON/H
  883  874  844  800  752  713  685  665  644  622  603  589  577  559  532  500
  469  439  410  383  365  361  372  389  408  426  442  452  447  426  398  375
  364  365  367  364  354  338  317  294  271  251  235  222  210  200  198  206
  223  244  263  280  300  325  356  391  431  474  519  563  601  632  657  676
  690  700  713  735  768  807  845  872  883
    22.5 -180.0 180.0   5.0 450.0                            LAT/LON1/LON2/DLON/H
  978  972  937  883  823  775  744  724  705  683  662  646  629  604  569  529
  488  448  407  370  351  358  390  433  472  498  509  505  484  449  411  383
  370  369  368  364  354  340  322  300  275  251  230  212  194  181  176  185
  205  231  255  276  298  323  353  388  427  471  517  561  601  636  668  696
  719  737  754  780  820  869  919  958  978
    20.0 -180.0 180.0   5.0 450.0                            LAT/LON1/LON2/DLON/H
 1053 1055 1024  967  902  848  814  794  775  753  730  709  687  656  613  565
  515  464  410  365  346  366  422  488  541  567  565  542  501  452  406  374
  360  357  355  349  339  329  315  295  270  244  221  199  179  163  157  167
  191  222  253  280  305  332  362  397  435  477  521  562  600  637  673  709
  740  764  785  814  857  913  972 1022 1053
    17.5 -180.0 180.0   5.0 450.0                            LAT/LON1/LON2/DLON/H
 1088 1102 1082 1033  971  917  883  864  847  824  799  775  749  712  664  610
  554  493  430  377  358  390  463  545  601  616  593  547  489  429  380  348
  335  332  329  323  316  308  298  282  259  234  211  189  167  150  143  154
  182  219  256  288  319  350  384  419  457  496  536  573  608  642  680  719
  755  783  806  835  877  932  992 1048 1088
    15.0 -180.0 180.0   5.0 450.0                            LAT/LON1/LON2/DLON/H
 1073 1099 1097 1065 1015  968  938  922  907  886  861  835  806  768  719  663
  605  540  470  411  392  430  509  592  636  629  582  515  446  385  339  312
  302  300  298  294  289  284  278  265  246  225  204  183  162  144  137  148
  178  219  261  300  336  374  413  452  490  527  563  596  626  657  693  732
  769  798  820  845  880  925  977 1029 1073
    12.5 -180.0 180.0   5.0 450.0                            LAT/LON1/LON2/DLON/H
 1011 1047 1065 1055 1024  991  969  958  947  928  905  880  852  815  768  717
  662  599  527  465  444  479  552  618  638  601  529  450  381  328  293  274
  269  270  270  268  266  264  259  250  236  219  202  184  164  146  138  149
  179  221  266  310  353  398  445  489  530  566  599  629  656  683  715  750
  785  812  831  849  872  900  933  971 1011
    10.0 -180.0 180.0   5.0 450.0                            LAT/LON1/LON2/DLON/H
  921  960  995 1009 1001  984  972  967  960  945  925  902  877  843  803  759
  713  657  590  529  504  528  581  618  603  535  445  364  307  273  254  246
  245  249  252  252  251  250  247  239  229  217  205  190  172  153  145  154
  181  223  269  317  366  419  473  523  567  605  637  665  691  715  742  772
  802  826  842  853  861  868  876  892  921
     7.5 -180.0 180.0   5.0 450.0                            LAT/LON1/LON2/DLON/H
  829  865  910  944  957  957  954  954  950  938  920  900  876  846  812  778
  743  699  643  588  559  568  592  591  539  445  347  276  243  234  233  234
  236  240  245  247  246  244  239  233  226  219  210  198  181  164  154  160
  184  222  268  318  372  431  492  548  595  634  667  696  722  744  767  793
  819  841  856  861  858  845  827  817  829
     5.0 -180.0 180.0   5.0 450.0                            LAT/LON1/LON2/DLON/H
  764  790  837  883  912  924  928  929  925  913  895  875  852  822  791  763
  740  712  671  627  597  589  583  546  462  353  259  210  204  220  235  240
  241  243  247  249  248  242  235  228  223  220  214  204  188  172  161  164
  184  219  263  314  371  434  498  558  608  648  682  713  740  763  784  806
  831  854  870  876  867  841  804  772  764
     2.5 -180.0 180.0   5.0 450.0                            LAT/LON1/LON2/DLON/H
  748  760  801  848  883  901  908  908  901  885  864  839  811  777  742  716
  701  687  665  635  609  588  558  493  392  281  203  179  200  234  255  258
  253  251  252  253  249  239  228  220  217  216  212  203  190  174  164  164
  180  212  255  306  364  427  491  551  601  642  678  711  740  764  784  805
  831  858  881  893  888  861  817  772  748
