ionex_files/corrected/COD0OPSFIN_20231130000_01D_01H_GIM.INX
     1.0            IONOSPHERE MAPS     GNSS                IONEX VERSION / TYPE
ADDNEQ2 V5.5        AIUB                27-APR-23 21:35     PGM / RUN BY / DATE 
CODE'S GLOBAL IONOSPHERE MAPS FOR DAY 113, 2023             COMMENT             
Global ionosphere maps (GIM) are generated on a daily basis DESCRIPTION         
at CODE using data from about 300 GNSS sites of the IGS and DESCRIPTION         
other institutions. The vertical total electron content     DESCRIPTION         
(VTEC) is modeled in a solar-geomagnetic reference frame    DESCRIPTION         
using a spherical harmonics expansion up to degree and      DESCRIPTION         
order 15. Piece-wise linear functions are used for          DESCRIPTION         
representation in the time domain. The time spacing of      DESCRIPTION         
their vertices is 1 hour, conforming with the epochs of the DESCRIPTION         
VTEC maps.                                                  DESCRIPTION         
To convert line-of-sight TEC into vertical TEC, a modified  DESCRIPTION         
single-layer model mapping function approximating the JPL   DESCRIPTION         
extended slab model mapping function is adopted. The        DESCRIPTION         
mapping function is evaluated at geodetic satellite         DESCRIPTION         
elevation angles. For the computation of the ionospheric    DESCRIPTION         
pierce points, a spherical layer with a radius of 6821 km   DESCRIPTION         
is assumed, implying geocentric, not geodetic IONEX         DESCRIPTION         
latitudes.                                                  DESCRIPTION         
Instrumental biases with respect to each involved GNSS code DESCRIPTION         
observable are estimated as constant values for each        DESCRIPTION         
day. They are modeled with one set of bias parameters for   DESCRIPTION         
each satellite and each station in case of GPS and for each DESCRIPTION         
satellite-station link in case of GLONASS. The code bias    DESCRIPTION         
datum is defined by zero-mean conditions imposed on the     DESCRIPTION         
satellite bias estimates. In this file, just GPS C1W-C2W    DESCRIPTION         
satellite and station bias values are included. The         DESCRIPTION         
complete set of GNSS code bias results is provided in an    DESCRIPTION         
additional Bias-SINEX file as pseudo-absolute values        DESCRIPTION         
specific to each observable.                                DESCRIPTION         
Note: These GIM results correspond to the results for the   DESCRIPTION         
middle day of a 3-day combination analysis solving for 73   DESCRIPTION         
times 256, or 18688 VTEC parameters and 3 daily sets of     DESCRIPTION         
GNSS code bias parameters.                                  DESCRIPTION         
Contact address: code(at)aiub.unibe.ch                      DESCRIPTION         
Data archive:    ftp.aiub.unibe.ch/CODE/                    DESCRIPTION         
                 www.aiub.unibe.ch/download/CODE/           DESCRIPTION         
  2023     4    23     0     0     0                        EPOCH OF FIRST MAP  
  2023     4    24     0     0     0                        EPOCH OF LAST MAP   
  3600                                                      INTERVAL            
[...]
brux bshm cags cas1 ccj2 cedu chpg chpi chti chur cnmr coco COMMENT             
cord cpvg cpxf crar cro1 daej darw dav1 dgar dhlg drao dubo COMMENT             
ebre faa1 fair flin flrs frdn ftna func ganp glps glsv gode COMMENT             
godz gol2 gold gope gras graz guam guug harb hers hert hlfx COMMENT             
hnpt hob2 hofn holb hrao hyde iddr ieng iisc ineg invk iqal COMMENT             
irkj isba jog2 joz2 joze kerg kir0 kiri kiru kit3 kokb kokv COMMENT             
kouc koug kour krgg lama laut lmmf lpal lpgs m0se mac1 madr COMMENT             
mal2 mana mas1 mat1 mate maw1 mcil mcm4 mdo1 mdvj medi mets COMMENT             
mgue mizu mkea mnls mobs morp mqzg mro1 nano nico nist nium COMMENT             
nklg nlib nnor not1 nrc1 nrmd ntus nya1 nyal ohi2 onsa opmt COMMENT             
ous2 pado park pdel penc pert pie1 pimo pohn pol2 polv pots COMMENT             
pove prds ptag ptbb ptvl qaq1 quin rabt ramo reun reyk rgdg COMMENT             
rio2 riop salu samo sant savo sch2 scor scrz sctb seyg sfer COMMENT             
shao sofi spt0 ssia sthl stjo stk2 str2 suth sutm suwn sydn COMMENT             
syog tabv tash thtg thti thu2 tid1 tidb tlse tn22 tong tow2 COMMENT             
tro1 tsea tskb tuva twtf txes uclu ufpr ulab unb3 unbj unsa COMMENT             
urum usn7 usud vald vill voim vtsp wab1 wab2 wark wgtn whit COMMENT             
will wind wsrt wtza wtzl wtzr wtzs wuhn xmis yar2 yar3 yarr COMMENT             
yell ykro zamb zeck zim2 zim3 zimm                          COMMENT             
                                                            END OF HEADER       
[from data line 5148]
    13                                                      START OF TEC MAP    
  2023     4    23    12     0     0                        EPOCH OF CURRENT MAP
    87.5 -180.0 180.0   5.0 450.0                            LAT/LON1/LON2/DLON/H
  164  167  170  173  177  180  183  186  188  191  193  196  197  199  200  201
  201  201  200  199  198  196  194  191  188  185  181  177  173  169  164  160
  155  150  146  142  137  134  130  127  124  121  119  117  115  114  114  114
  114  114  115  116  117  119  121  122  124  127  129  131  133  135  138  140
  143  145  147  150  153  155  158  161  164
    85.0 -180.0 180.0   5.0 450.0                            LAT/LON1/LON2/DLON/H
  171  175  180  186  191  197  204  210  216  222  228  233  238  243  246  249
  250  251  251  249  247  244  240  235  229  222  215  207  198  190  181  172
  162  153  144  136  127  120  113  107  101   97   93   91   89   89   89   91
   94   97  101  105  110  114  119  124  128  132  136  139  142  145  147  149
  151  152  154  156  158  161  164  167  171
    82.5 -180.0 180.0   5.0 450.0                            LAT/LON1/LON2/DLON/H
  171  174  180  186  193  201  210  219  229  238  247  256  264  271  277  282
  285  287  287  286  284  280  275  268  261  252  242  232  221  210  198  186
  174  162  150  139  128  117  108  100   93   87   83   81   80   82   85   90
   97  105  114  123  133  143  152  160  167  173  177  180  181  181  181  179
  176  174  171  169  167  167  167  168  171
    80.0 -180.0 180.0   5.0 450.0                            LAT/LON1/LON2/DLON/H
  166  167  171  176  184  192  202  213  225  236  248  259  269  277  285  291
  296  299  300  300  298  295  290  283  276  267  257  247  236  224  213  201
  189  177  165  153  141  130  120  110  102   96   92   90   91   94  101  110
  122  136  151  167  183  198  212  224  234  240  244  245  242  238  231  223
  214  205  196  187  179  173  169  166  166
    77.5 -180.0 180.0   5.0 450.0                            LAT/LON1/LON2/DLON/H
  159  158  159  162  168  176  186  197  208  220  231  242  252  262  269  276
  281  285  287  288  288  286  283  278  272  266  258  250  241  233  224  215
  206  197  188  179  169  159  149  139  131  124  119  117  118  123  133  146
  162  182  203  225  248  269  287  302  313  319  321  318  310  300  286  271
  254  238  221  206  192  180  171  164  159
    75.0 -180.0 180.0   5.0 450.0                            LAT/LON1/LON2/DLON/H
  156  151  149  150  154  159  167  175  185  195  204  213  222  229  236  241
  246  250  253  256  258  258  258  257  255  251  248  243  239  235  232  228
  225  221  217  212  205  198  189  180  172  164  158  155  156  162  172  188
  207  231  257  284  311  336  358  374  385  389  387  379  366  349  329  307
  285  262  241  221  203  187  174  163  156
    72.5 -180.0 180.0   5.0 450.0                            LAT/LON1/LON2/DLON/H
  156  149  145  143  144  146  151  156  163  169  175  181  186  190  194  197
  200  204  208  212  217  221  225  228  230  231  231  232  233  234  236  239
  242  244  246  246  244  241  234  227  218  210  203  198  197  202  211  227
  247  273  301  330  359  385  407  423  431  432  426  413  394  372  347  321
  295  270  248  227  208  191  177  165  156
    70.0 -180.0 180.0   5.0 450.0                            LAT/LON1/LON2/DLON/H
  159  152  146  142  141  141  142  144  147  149  152  153  154  154  154  154
  156  158  163  169  177  185  193  200  206  211  215  219  224  230  238  246
  255  263  271  276  279  279  276  270  262  253  244  238  235  236  244  257
  276  299  326  354  382  406  426  438  443  440  428  410  387  361  333  307
  282  259  240  222  206  192  180  169  159
    67.5 -180.0 180.0   5.0 450.0                            LAT/LON1/LON2/DLON/H
  163  156  150  146  142  140  139  138  138  138  137  135  132  129  125  123
  122  123  128  135  145  156  167  178  187  195  202  209  217  226  237  249
  263  276  288  298  304  307  307  303  296  287  278  270  264  263  267  276
  290  310  332  355  378  397  412  420  420  412  396  374  348  320  294  269
  249  232  219  207  198  189  180  171  163
    65.0 -180.0 180.0   5.0 450.0                            LAT/LON1/LON2/DLON/H
  164  158  153  148  144  141  139  136  134  132  130  127  122  117  111  106
  103  103  107  115  126  139  152  165  176  185  193  201  211  222  235  250
  266  282  296  308  317  323  325  323  318  311  302  293  286  282  282  286
  295  308  323  338  353  366  375  377  373  361  342  318  291  265  240  221
  207  197  192  188  185  181  176  171  164
    62.5 -180.0 180.0   5.0 450.0                            LAT/LON1/LON2/DLON/H
  161  156  151  147  143  140  136  134  131  129  127  124  121  115  109  103
   99   98  102  109  120  133  147  159  171  180  189  197  207  220  234  250
  266  282  297  310  320  327  331  333  331  326  319  311  302  296  293  293
  296  301  308  315  321  326  329  327  320  307  287  263  237  212  192  177
  169  166  168  171  173  173  170  166  161
    60.0 -180.0 180.0   5.0 450.0                            LAT/LON1/LON2/DLON/H
  153  148  143  140  136  133  129  126  124  124  124  123  122  120  115  110
  106  105  107  113  122  134  147  158  169  178  187  196  207  220  235  250
  266  281  294  306  316  325  331  336  338  336  332  325  317  309  304  301
  299  298  297  295  294  292  290  286  278  266  249  227  203  181  164  153
  149  150  156  161  165  166  164  159  153
    57.5 -180.0 180.0   5.0 450.0                            LAT/LON1/LON2/DLON/H
  144  137  133  129  125  122  117  114  112  113  115  119  122  123  122  120
  117  116  117  121  129  138  148  159  168  178  188  199  211  225  240  255
  269  282  293  303  312  321  330  337  343  346  344  339  332  324  318  314
  310  304  297  288  280  273  268  265  260  252  239  221  201  182  166  156
  153  155  160  165  167  165  160  152  144
    55.0 -180.0 180.0   5.0 450.0                            LAT/LON1/LON2/DLON/H
  138  129  123  119  115  109  103   99   96   98  102  109  116  121  125  126
  127  126  127  130  134  140  149  158  168  179  191  205  221  237  252  266
  278  288  296  304  312  321  332  342  352  358  359  355  348  341  336  333
  328  321  310  296  283  273  268  267  268  265  258  246  230  212  197  186
  181  180  181  181  179  172  162  150  138
    52.5 -180.0 180.0   5.0 450.0                            LAT/LON1/LON2/DLON/H
  140  128  121  115  109  102   93   86   82   82   87   96  105  114  121  127
  130  132  133  134  136  140  147  156  168  182  199  217  237  255  271  284
  293  300  306  313  320  329  340  353  365  374  376  373  366  360  357  355
  353  346  333  316  300  289  285  288  293  297  297  290  277  262  247  233
  223  217  212  206  198  186  171  155  140
    50.0 -180.0 180.0   5.0 450.0                            LAT/LON1/LON2/DLON/H
  150  137  128  121  113  103   91   81   74   72   76   84   93  104  113  122
  128  132  134  135  135  138  145  155  170  189  211  235  259  280  296  307
  313  318  323  329  337  346  357  371  384  394  397  393  385  379  377  379
  380  375  361  341  323  310  308  313  323  333  337  335  327  314  298  282
  268  255  243  232  220  204  186  167  150
    47.5 -180.0 180.0   5.0 450.0                            LAT/LON1/LON2/DLON/H
  168  154  144  136  127  115  101   87   77   73   74   79   86   95  105  115
  123  129  133  133  134  136  144  157  177  201  228  257  285  308  324  333
  337  341  346  353  362  371  382  395  409  418  421  415  405  397  397  402
  406  402  387  365  344  330  327  334  345  357  364  365  360  350  336  319
  301  284  267  253  238  223  205  186  168
    45.0 -180.0 180.0   5.0 450.0                            LAT/LON1/LON2/DLON/H
  190  177  167  159  149  136  120  104   92   86   84   85   88   94  101  110
  120  127  132  133  134  137  147  164  187  216  248  280  311  336  352  359
  362  365  373  383  395  405  415  426  438  447  448  439  426  416  416  423
  429  426  409  384  359  343  337  342  351  360  367  370  368  362  351  335
  317  297  279  263  250  237  222  206  190
    42.5 -180.0 180.0   5.0 450.0                            LAT/LON1/LON2/DLON/H
  210  198  189  182  173  161  145  129  117  109  104  102  101  102  106  113
  122  130  135  137  138  143  155  174  201  233  267  302  334  360  376  382
  385  391  403  419  435  447  455  464  473  481  480  468  451  439  438  446
  453  448  429  400  371  351  341  339  342  346  350  352  353  351  344  333
  316  297  278  263  253  245  235  223  210
    40.0 -180.0 180.0   5.0 450.0                            LAT/LON1/LON2/DLON/H
  224  213  205  200  193  182  168  154  143  136  131  127  123  120  120  124
  131  139  144  147  149  155  168  189  217  249  283  317  350  377  394  402
  407  417  436  460  482  496  503  508  515  521  519  505  485  470  468  476
  482  475  453  420  387  362  347  338  332  327  324  324  327  329  328  321
  309  291  272  259  251  247  243  235  224
    37.5 -180.0 180.0   5.0 450.0                            LAT/LON1/LON2/DLON/H
  230  219  212  208  203  195  183  172  165  160  156  152  148  143  141  142
  147  154  160  163  166  173  186  207  234  263  293  326  358  387  408  420
  429  446  473  506  535  551  557  560  565  570  567  551  529  512  509  516
  521  513  487  452  417  390  370  352  335  320  310  307  309  314  318  316
  307  291  272  257  250  249  247  241  230
    35.0 -180.0 180.0   5.0 450.0                            LAT/LON1/LON2/DLON/H
  232  219  210  207  203  197  188  181  176  175  174  172  169  165  163  162
  166  172  179  185  189  195  208  227  250  274  299  328  360  392  419  437
  453  477  513  556  591  611  616  616  620  625  622  606  583  565  562  569
  575  566  539  504  471  444  420  394  367  342  325  318  319  324  329  330
  323  307  286  268  258  255  253  245  232
    32.5 -180.0 180.0   5.0 450.0                            LAT/LON1/LON2/DLON/H
  234  216  205  199  196  191  184  179  177  178  179  181  181  181  180  180
  183  190  200  208  214  220  231  247  266  284  303  328  360  397  431  457
  481  512  556  606  647  670  675  674  677  682  681  666  643  626  624  634
  641  634  610  579  551  527  501  470  434  401  378  367  365  367  370  370
  363  345  320  295  279  271  264  252  234
    30.0 -180.0 180.0   5.0 450.0                            LAT/LON1/LON2/DLON/H
  243  218  202  194  189  183  177  172  170  171  173  177  182  186  189  190
  194  204  217  229  238  245  255  268  282  296  310  331  364  405  447  483
  514  551  599  652  698  722  728  727  730  737  737  724  704  689  691  705
  716  712  695  672  651  633  608  573  531  492  465  451  445  441  437  432
  422  401  370  337  313  298  286  268  243
    27.5 -180.0 180.0   5.0 450.0                            LAT/LON1/LON2/DLON/H
  263  231  208  196  188  180  172  166  162  160  160  164  171  180  186  190
  197  209  227  245  259  268  277  289  301  312  323  342  375  421  470  514
  551  590  638  691  736  762  768  768  773  782  785  775  758  748  755  773
  789  792  782  769  758  746  724  686  639  597  569  553  542  529  516  503
  488  463  427  388  356  335  318  294  263
    25.0 -180.0 180.0   5.0 450.0                            LAT/LON1/LON2/DLON/H
  294  257  228  210  199  188  177  167  160  153  147  148  156  167  175  181
  190  206  230  254  273  286  297  309  322  334  345  364  398  446  501  550
  589  627  670  718  759  783  790  793  800  812  818  812  800  795  807  830
  850  859  858  855  853  847  825  785  736  691  663  647  633  612  587  564
  543  515  477  434  398  375  356  330  294
    22.5 -180.0 180.0   5.0 450.0                            LAT/LON1/LON2/DLON/H
  335  293  260  237  221  206  192  180  168  154  142  136  140  150  160  166
  176  196  225  256  280  298  312  328  345  362  377  397  430  479  535  587
  627  659  693  731  765  786  794  800  811  826  835  833  827  828  843  869
  892  905  910  914  918  915  893  851  797  752  725  711  695  667  631  599
  572  544  506  465  431  411  396  372  335
    20.0 -180.0 180.0   5.0 450.0                            LAT/LON1/LON2/DLON/H
  378  336  299  273  252  234  217  202  187  168  148  134  132  138  145  150
  159  181  214  250  280  302  322  343  368  393  415  438  470  517  571  622
  659  685  708  733  757  774  783  792  807  825  838  841  840  845  863  887
  908  922  930  936  942  938  914  868  812  765  739  728  713  682  638  598
  567  541  508  473  446  435  429  412  378
    17.5 -180.0 180.0   5.0 450.0                            LAT/LON1/LON2/DLON/H
  418  378  340  310  286  263  245  229  213  191  165  143  134  134  135  137
  145  166  201  239  273  301  326  355  390  424  454  481  512  553  604  652
  686  704  716  728  743  755  765  777  796  817  833  841  844  852  867  886
  902  911  917  922  924  917  890  840  780  731  706  699  689  658  610  564
  532  508  483  458  443  444  451  445  418
    15.0 -180.0 180.0   5.0 450.0                            LAT/LON1/LON2/DLON/H
  450  414  376  343  315  289  269  254  239  217  188  162  146  139  134  131
  136  155  188  227  263  295  326  363  407  452  490  521  549  585  630  674
  705  719  721  724  730  739  750  766  787  810  828  839  846  853  863  872
  878  880  880  879  876  863  833  782  719  667  642  639  636  610  562  513
  479  459  442  428  425  440  462  468  450
    12.5 -180.0 180.0   5.0 450.0                            LAT/LON1/LON2/DLON/H
  472  440  403  369  337  307  283  268  257  238  212  185  165  152  142  134
  134  150  180  217  253  287  324  368  420  473  519  553  579  609  647  688
  718  729  727  724  726  734  747  765  787  810  829  842  849  854  856  853
  847  840  833  826  815  798  768  717  654  599  573  575  579  561  515  465
  429  411  401  396  404  431  465  482  472
    10.0 -180.0 180.0   5.0 450.0                            LAT/LON1/LON2/DLON/H
  487  459  423  387  350  315  287  270  261  248  228  205  185  169  155  143
  140  151  177  210  245  282  322  371  428  488  539  574  598  622  655  694
  724  737  735  731  734  744  760  780  802  822  839  851  857  857  849  834
  817  804  792  779  763  745  717  673  612  556  528  532  544  533  492  440
  401  384  377  376  390  424  466  491  487
     7.5 -180.0 180.0   5.0 450.0                            LAT/LON1/LON2/DLON/H
  499  474  438  401  360  317  282  261  252  245  233  217  202  186  170  155
  149  157  179  208  242  280  323  375  435  496  549  584  606  626  655  692
  723  740  743  744  752  768  788  809  827  843  855  864  867  861  844  819
  797  781  769  754  737  720  700  666  612  556  526  530  547  543  504  450
  408  387  380  380  394  428  472  500  499
     5.0 -180.0 180.0   5.0 450.0                            LAT/LON1/LON2/DLON/H
  511  487  453  415  371  321  276  247  235  231  227  220  211  199  183  167
  159  165  183  210  244  283  329  382  440  499  550  585  604  621  647  682
  716  737  748  758  775  798  823  843  857  866  872  875  873  862  838  809
  787  776  769  758  743  731  722  700  657  604  572  574  592  591  553  496
  448  423  412  408  418  447  486  513  511
     2.5 -180.0 180.0   5.0 450.0                            LAT/LON1/LON2/DLON/H
  525  501  468  432  387  331  276  237  218  213  215  216  214  205  190  174
  166  171  188  215  249  291  338  390  444  498  545  576  594  609  632  666
  700  726  745  765  792  824  852  872  881  882  880  876  870  854  828  801
  786  786  791  787  777  770  771  764  734  686  652  651  666  664  624  563
  511  481  465  456  457  477  507  528  525
