ionex_files/corrected/COD0OPSFIN_20231070000_01D_01H_GIM.INX
     1.0            IONOSPHERE MAPS     GNSS                IONEX VERSION / TYPE
ADDNEQ2 V5.5        AIUB                21-APR-23 21:29     PGM / RUN BY / DATE 
CODE'S GLOBAL IONOSPHERE MAPS FOR DAY 107, 2023             COMMENT             
Global ionosphere maps (GIM) are generated on a daily basis DESCRIPTION         
at CODE using data from about 300 GNSS sites of the IGS and DESCRIPTION         
other institutions. The vertical total electron content     DESCRIPTION         
(VTEC) is modeled in a solar-geomagnetic reference frame    DESCRIPTION         
using a spherical harmonics expansion up to degree and      DESCRIPTION         
order 15. Piece-wise linear functions are used for          DESCRIPTION         
representation in the time domain. The time spacing of      DESCRIPTION         
their vertices is 1 hour, conforming with the epochs of the DESCRIPTION         
VTEC maps.                                                  DESCRIPTION         
To convert line-of-sight TEC into vertical TEC, a modified  DESCRIPTION         
single-layer model mapping function approximating the JPL   DESCRIPTION         
extended slab model mapping function is adopted. The        DESCRIPTION         
mapping function is evaluated at geodetic satellite         DESCRIPTION         
elevation angles. For the computation of the ionospheric    DESCRIPTION         
pierce points, a spherical layer with a radius of 6821 km   DESCRIPTION         
is assumed, implying geocentric, not geodetic IONEX         DESCRIPTION         
latitudes.                                                  DESCRIPTION         
Instrumental biases with respect to each involved GNSS code DESCRIPTION         
observable are estimated as constant values for each        DESCRIPTION         
day. They are modeled with one set of bias parameters for   DESCRIPTION         
each satellite and each station in case of GPS and for each DESCRIPTION         
satellite-station link in case of GLONASS. The code bias    DESCRIPTION         
datum is defined by zero-mean conditions imposed on the     DESCRIPTION         
satellite bias estimates. In this file, just GPS C1W-C2W    DESCRIPTION         
satellite and station bias values are included. The         DESCRIPTION         
complete set of GNSS code bias results is provided in an    DESCRIPTION         
additional Bias-SINEX file as pseudo-absolute values        DESCRIPTION         
specific to each observable.                                DESCRIPTION         
Note: These GIM results correspond to the results for the   DESCRIPTION         
middle day of a 3-day combination analysis solving for 73   DESCRIPTION         
times 256, or 18688 VTEC parameters and 3 daily sets of     DESCRIPTION         
GNSS code bias parameters.                                  DESCRIPTION         
Contact address: code(at)aiub.unibe.ch                      DESCRIPTION         
Data archive:    ftp.aiub.unibe.ch/CODE/                    DESCRIPTION         
                 www.aiub.unibe.ch/download/CODE/           DESCRIPTION         
  2023     4    17     0     0     0                        EPOCH OF FIRST MAP  
  2023     4    18     0     0     0                        EPOCH OF LAST MAP   
  3600                                                      INTERVAL            
[...]
bshm cags cas1 ccj2 cedu chpg chpi chti chur cnmr coco cord COMMENT             
cpvg cpxf crar cro1 daej darw dav1 dgar dhlg drao dubo ebre COMMENT             
faa1 fair flin flrs frdn ftna func ganp glps glsv gode godz COMMENT             
gol2 gold gope gras graz guam guug harb hers hert hlfx hnpt COMMENT             
hob2 hofn holb hrao hyde iddr ieng iisc ineg invk iqal irkj COMMENT             
isba jog2 joz2 joze kerg kir0 kiri kit3 kokb kokv kouc koug COMMENT             
kour krgg lae1 lama laut lmmf lpal lpgs m0se mac1 madr mal2 COMMENT             
mana mas1 mat1 mate maw1 mcil mcm4 mdo1 mdvj medi mets mgue COMMENT             
mizu mnls mobs morp mqzg mro1 mtka nano nico nist nium nklg COMMENT             
nlib nnor not1 nrc1 nrmd ntus nya1 nyal ohi2 onsa opmt ous2 COMMENT             
pado park pdel penc pert pie1 pimo pohn pol2 polv pots pove COMMENT             
prds ptag ptbb ptvl qaq1 quin rabt ramo reun reyk rgdg rio2 COMMENT             
riop salu samo sant savo sch2 scor scrz sctb seyg sfer shao COMMENT             
sofi spt0 ssia sthl stjo stk2 str2 suth sutm suwn sydn syog COMMENT             
tabv tash thtg thti thu2 tid1 tidb tlse tn22 tong tow2 tro1 COMMENT             
tsea tskb tuva twtf txes uclu ufpr ulab unb3 unbj unsa urum COMMENT             
usn7 usud vald vill voim vtsp wab1 wab2 wark wgtn whit will COMMENT             
wind wsrt wtza wtzl wtzr wtzs wuhn xmis yar2 yar3 yarr yell COMMENT             
ykro zamb zeck zim2 zim3 zimm                               COMMENT             
                                                            END OF HEADER       
[from data line 6435]
    16                                                      START OF TEC MAP    
  2023     4    17    15     0     0                        EPOCH OF CURRENT MAP
    87.5 -180.0 180.0   5.0 450.0                            LAT/LON1/LON2/DLON/H
  271  274  276  279  282  285  288  290  293  295  298  300  301  303  304  305
  306  306  306  306  305  304  303  302  300  298  296  294  292  289  287  284
  281  278  276  273  270  267  265  262  260  257  255  253  252  250  249  248
  247  246  246  245  245  245  245  246  246  247  247  248  249  250  251  252
  254  256  257  259  261  263  266  268  271
    85.0 -180.0 180.0   5.0 450.0                            LAT/LON1/LON2/DLON/H
  252  257  262  268  274  280  286  291  297  302  307  312  315  318  321  323
  324  324  324  323  322  320  318  315  312  309  305  301  297  293  288  283
  278  273  268  263  258  253  248  243  239  235  232  229  227  225  223  223
  222  222  223  223  224  225  225  226  227  228  228  229  229  230  230  231
  232  233  234  236  238  241  244  248  252
    82.5 -180.0 180.0   5.0 450.0                            LAT/LON1/LON2/DLON/H
  223  229  236  243  251  260  269  278  287  295  303  309  315  319  322  324
  325  325  324  323  321  318  315  312  309  305  301  297  293  288  283  277
  272  265  259  252  246  239  233  227  221  217  213  210  208  207  207  208
  210  212  215  218  221  223  225  227  228  229  229  228  226  224  222  219
  217  215  213  212  212  213  215  219  223
    80.0 -180.0 180.0   5.0 450.0                            LAT/LON1/LON2/DLON/H
  190  195  202  210  220  231  243  254  266  276  286  294  300  305  308  309
  310  309  307  305  302  299  297  294  292  290  288  285  282  279  275  271
  266  260  254  247  240  232  225  218  212  207  204  202  201  202  205  209
  214  220  226  232  238  243  248  250  252  252  250  246  241  235  228  221
  214  206  200  194  190  187  186  187  190
    77.5 -180.0 180.0   5.0 450.0                            LAT/LON1/LON2/DLON/H
  161  164  169  177  187  199  211  225  238  250  261  270  276  281  283  284
  282  280  278  275  273  272  270  270  270  270  271  271  271  271  269  267
  264  260  255  249  241  234  227  220  214  209  207  206  208  212  218  225
  234  244  254  263  272  280  286  290  291  290  286  280  271  260  248  235
  222  209  197  186  176  169  164  161  161
    75.0 -180.0 180.0   5.0 450.0                            LAT/LON1/LON2/DLON/H
  144  143  146  151  159  170  182  196  209  222  234  243  249  253  254  253
  251  249  246  244  244  244  246  248  252  255  258  261  264  266  267  268
  267  265  261  256  250  243  236  230  224  221  220  221  225  232  241  252
  264  277  289  302  313  322  329  333  334  331  325  316  303  288  272  254
  237  219  203  188  174  163  154  147  144
    72.5 -180.0 180.0   5.0 450.0                            LAT/LON1/LON2/DLON/H
  140  136  135  137  142  150  161  173  186  198  209  218  224  227  227  226
  223  221  220  220  222  227  232  238  244  250  255  259  263  266  269  271
  272  272  271  267  263  257  251  245  241  239  239  243  249  259  270  283
  296  310  323  335  346  355  362  365  365  361  353  340  325  307  288  268
  249  230  212  196  181  167  156  147  140
    70.0 -180.0 180.0   5.0 450.0                            LAT/LON1/LON2/DLON/H
  147  141  137  135  137  142  149  159  170  181  192  200  205  208  207  206
  204  203  204  208  215  223  233  242  250  257  261  265  268  270  272  275
  277  279  279  278  275  271  266  261  258  257  259  265  274  285  297  309
  322  333  344  353  362  369  373  375  374  368  358  344  326  307  287  268
  250  233  217  203  190  178  166  156  147
    67.5 -180.0 180.0   5.0 450.0                            LAT/LON1/LON2/DLON/H
  159  152  146  142  141  142  146  153  162  172  181  189  194  196  196  195
  194  195  200  209  220  233  247  258  267  273  276  276  275  275  276  277
  280  283  286  287  286  283  279  275  273  273  277  284  294  305  316  326
  335  341  346  351  354  358  360  360  356  349  337  322  304  284  266  249
  234  222  212  203  195  186  177  168  159
    65.0 -180.0 180.0   5.0 450.0                            LAT/LON1/LON2/DLON/H
  166  160  155  151  148  147  149  153  160  168  177  185  190  192  192  192
  193  197  205  218  234  252  268  281  289  293  292  289  284  280  279  279
  282  286  290  293  293  292  289  286  284  285  289  297  307  317  326  332
  335  335  332  329  327  326  325  323  319  310  297  281  262  243  226  213
  204  198  195  192  189  185  179  173  166
    62.5 -180.0 180.0   5.0 450.0                            LAT/LON1/LON2/DLON/H
  163  159  156  154  152  151  152  155  160  168  177  185  190  193  194  194
  197  204  215  232  251  271  288  301  308  310  306  300  292  286  283  283
  286  291  296  300  301  300  298  295  293  294  298  305  314  322  328  330
  326  318  308  298  290  284  281  278  273  264  250  233  213  195  180  170
  165  165  168  171  173  172  170  166  163
    60.0 -180.0 180.0   5.0 450.0                            LAT/LON1/LON2/DLON/H
  145  145  147  149  150  151  153  156  161  169  179  187  193  197  198  199
  203  212  226  244  265  285  302  314  320  320  316  309  301  294  291  292
  295  300  306  309  311  310  308  304  302  301  304  310  317  324  327  324
  314  300  283  267  255  247  243  240  235  226  212  193  173  155  140  132
  130  134  139  145  148  149  148  146  145
    57.5 -180.0 180.0   5.0 450.0                            LAT/LON1/LON2/DLON/H
  118  121  127  134  141  146  150  155  162  172  182  192  198  201  203  204
  209  220  235  253  273  291  306  316  322  324  321  317  312  308  307  308
  312  317  322  325  325  323  320  316  313  311  312  316  322  326  327  321
  308  289  268  249  235  226  222  219  215  206  192  174  153  134  120  112
  111  114  119  123  124  123  120  118  118
    55.0 -180.0 180.0   5.0 450.0                            LAT/LON1/LON2/DLON/H
   88   93  103  115  127  138  146  155  164  176  188  198  205  207  208  210
  216  227  242  259  276  290  302  311  318  323  326  328  328  329  331  334
  338  342  345  345  343  340  336  331  327  325  325  327  330  333  333  326
  312  292  270  249  235  226  222  221  217  209  196  178  158  140  125  116
  113  113  113  113  109  103   95   89   88
    52.5 -180.0 180.0   5.0 450.0                            LAT/LON1/LON2/DLON/H
   68   72   83   99  115  131  143  156  169  183  197  208  214  215  215  217
  224  236  251  266  278  288  296  305  315  325  335  343  350  356  360  365
  369  372  372  369  364  359  354  349  346  343  341  342  344  346  346  340
  327  308  286  267  253  244  241  239  236  229  217  202  184  168  154  144
  137  132  127  119  109   96   83   72   68
    50.0 -180.0 180.0   5.0 450.0                            LAT/LON1/LON2/DLON/H
   65   66   75   91  110  128  145  161  177  195  210  222  227  226  225  227
  234  247  262  275  284  290  295  304  317  333  350  365  376  385  392  397
  401  402  400  395  387  380  373  369  366  363  361  361  362  364  365  361
  350  333  313  295  280  271  266  263  259  253  244  232  220  207  196  185
  176  166  155  141  125  107   89   74   65
    47.5 -180.0 180.0   5.0 450.0                            LAT/LON1/LON2/DLON/H
   84   79   84   97  114  133  152  171  191  211  229  241  244  242  239  240
  249  263  279  291  298  301  305  314  330  351  372  390  403  412  419  424
  429  430  428  421  412  402  394  389  387  386  384  383  383  386  388  385
  376  361  342  323  307  295  287  280  274  268  262  257  251  244  237  228
  217  204  189  173  154  134  114   96   84
    45.0 -180.0 180.0   5.0 450.0                            LAT/LON1/LON2/DLON/H
  120  110  108  115  128  145  164  185  208  231  251  264  266  262  257  258
  267  283  301  314  321  323  327  337  354  377  398  415  426  433  438  444
  451  456  457  452  441  428  417  411  409  409  408  406  406  408  411  409
  401  385  365  344  324  308  294  282  274  268  266  266  267  267  265  260
  250  236  220  204  188  171  153  135  120
    42.5 -180.0 180.0   5.0 450.0                            LAT/LON1/LON2/DLON/H
  166  151  142  141  148  160  178  200  226  252  275  289  292  286  280  280
  289  306  326  342  350  355  359  369  386  406  425  437  443  446  450  459
  472  485  493  491  480  463  447  438  434  433  432  431  430  432  434  432
  422  404  380  355  331  308  288  272  261  255  255  260  266  272  275  273
  265  253  240  227  217  208  197  182  166
    40.0 -180.0 180.0   5.0 450.0                            LAT/LON1/LON2/DLON/H
  210  192  177  168  168  176  191  213  240  270  297  314  319  314  307  305
  313  330  351  371  384  391  397  406  419  434  447  454  455  456  461  476
  498  523  542  546  535  513  490  473  464  462  460  458  456  456  457  454
  441  419  391  361  332  305  281  261  248  242  243  248  256  265  270  270
  265  256  246  239  237  236  234  225  210
    37.5 -180.0 180.0   5.0 450.0                            LAT/LON1/LON2/DLON/H
  243  224  205  190  184  186  198  219  249  283  314  336  346  344  338  334
  338  353  375  398  416  428  434  439  446  455  463  467  468  471  482  505
  541  580  610  622  611  582  547  520  504  497  494  490  487  486  485  480
  464  438  406  373  341  312  286  266  252  246  245  248  252  257  261  262
  257  250  243  241  245  253  258  255  243
    35.0 -180.0 180.0   5.0 450.0                            LAT/LON1/LON2/DLON/H
  258  240  219  202  191  189  198  219  250  288  325  355  371  375  370  364
  364  374  395  421  445  459  464  464  465  469  475  481  488  500  521  557
  606  658  701  719  706  668  621  580  555  542  536  530  525  523  522  514
  496  468  434  401  371  343  320  302  291  284  280  275  270  267  265  262
  256  249  243  241  247  258  266  268  258
    32.5 -180.0 180.0   5.0 450.0                            LAT/LON1/LON2/DLON/H
  256  240  220  202  190  185  192  212  245  287  331  368  393  404  403  395
  389  394  413  441  468  483  485  478  473  475  487  504  525  551  587  635
  695  757  807  829  813  766  705  651  615  597  587  578  572  570  568  560
  541  512  481  452  427  406  389  378  370  364  354  339  321  305  294  284
  275  264  255  249  250  257  263  264  256
    30.0 -180.0 180.0   5.0 450.0                            LAT/LON1/LON2/DLON/H
  243  228  211  195  183  177  182  202  236  282  331  377  411  431  434  426
  415  414  430  458  486  501  497  483  474  481  505  541  583  628  678  736
  801  866  917  938  919  864  791  726  682  658  645  635  628  625  624  616
  596  570  543  523  508  496  488  484  483  478  462  436  405  376  354  337
  321  305  287  272  262  257  256  252  243
    27.5 -180.0 180.0   5.0 450.0                            LAT/LON1/LON2/DLON/H
  225  212  199  187  176  169  172  191  226  275  329  381  425  453  462  454
  440  434  447  476  503  514  503  484  475  492  535  595  660  723  784  846
  909  968 1014 1031 1007  947  868  797  749  722  707  696  688  685  683  675
  655  631  611  601  597  596  597  602  607  604  586  551  510  470  440  416
  394  370  342  313  287  266  251  238  225
    25.0 -180.0 180.0   5.0 450.0                            LAT/LON1/LON2/DLON/H
  213  200  190  181  171  164  166  183  219  269  325  382  432  468  484  479
  464  456  468  495  520  526  508  485  482  514  580  664  749  825  890  948
 1000 1046 1080 1090 1064 1003  925  855  808  782  768  757  748  744  740  728
  706  682  668  667  674  681  689  700  711  713  695  659  613  570  536  509
  482  450  410  366  323  284  254  230  213
    22.5 -180.0 180.0   5.0 450.0                            LAT/LON1/LON2/DLON/H
  210  197  189  182  173  165  164  180  215  265  323  381  434  476  497  497
  485  479  491  518  540  539  517  494  501  553  640  743  838  916  976 1023
 1059 1087 1105 1107 1081 1026  957  894  854  834  822  811  801  794  785  765
  735  708  696  701  714  726  737  751  767  775  764  732  691  653  623  597
  568  529  479  422  363  309  265  232  210
    20.0 -180.0 180.0   5.0 450.0                            LAT/LON1/LON2/DLON/H
  217  203  196  190  180  169  166  180  215  264  320  377  430  474  501  508
  503  502  517  543  562  556  532  515  536  606  711  821  913  981 1027 1057
 1075 1084 1088 1083 1061 1017  963  914  885  873  865  855  844  831  813  779
  735  698  682  689  703  714  723  737  757  773  772  753  725  700  680  660
  632  590  533  467  397  333  281  242  217
    17.5 -180.0 180.0   5.0 450.0                            LAT/LON1/LON2/DLON/H
  229  215  207  201  189  175  169  182  216  264  317  370  420  465  497  512
  516  523  543  570  585  577  554  548  586  672  784  889  964 1011 1036 1048
 1050 1045 1038 1030 1015  987  951  920  904  900  896  887  873  853  821  769
  705  651  627  629  641  647  649  660  682  707  719  717  709  701  696  685
  661  619  559  488  415  348  294  254  229
    15.0 -180.0 180.0   5.0 450.0                            LAT/LON1/LON2/DLON/H
  240  226  218  209  195  178  170  181  215  262  312  360  407  450  486  509
  524  542  568  595  609  601  585  592  646  744  854  940  987 1004 1007 1006
  999  987  975  968  962  950  932  918  915  918  917  907  889  862  814  741
  653  579  542  537  543  541  535  541  564  597  623  639  649  660  670  669
  650  610  552  482  410  348  299  263  240
    12.5 -180.0 180.0   5.0 450.0                            LAT/LON1/LON2/DLON/H
  245  232  222  211  195  176  165  176  209  256  304  348  391  433  471  503
  529  557  589  618  631  626  620  643  712  814  912  971  983  970  955  946
  940  930  921  918  921  922  919  918  922  929  929  918  897  861  799  705
  594  501  451  439  439  430  417  417  440  478  514  543  568  592  612  619
  605  569  514  449  385  331  291  264  245
    10.0 -180.0 180.0   5.0 450.0                            LAT/LON1/LON2/DLON/H
  240  228  217  204  186  166  155  165  198  245  292  335  375  416  457  496
  532  569  606  636  650  651  658  697  777  876  955  983  963  924  899  893
  896  895  893  896  905  914  919  924  932  938  936  923  898  857  785  675
  547  439  380  365  363  351  332  328  349  388  428  462  491  518  541  550
  539  508  458  400  344  301  272  254  240
     7.5 -180.0 180.0   5.0 450.0                            LAT/LON1/LON2/DLON/H
  226  214  202  188  171  151  140  149  183  230  278  321  361  403  448  492
  535  578  618  649  666  675  696  748  832  923  981  981  937  885  858  863
  880  893  899  907  918  928  934  938  942  945  938  922  896  853  777  661
  526  414  355  342  343  332  312  305  322  357  393  420  442  461  475  480
  469  442  399  348  300  266  247  236  226
     5.0 -180.0 180.0   5.0 450.0                            LAT/LON1/LON2/DLON/H
  206  194  180  168  152  134  124  133  166  213  262  308  352  397  444  491
  538  585  626  658  679  698  731  791  875  953  991  972  916  864  846  865
  897  922  935  944  953  958  958  954  951  947  935  916  890  851  779  669
  540  435  384  381  391  386  368  359  370  396  419  431  434  433  430  423
  409  385  349  305  264  236  223  216  206
     2.5 -180.0 180.0   5.0 450.0                            LAT/LON1/LON2/DLON/H
  187  172  158  147  135  121  112  121  151  197  248  298  347  396  446  495
  543  590  631  664  690  718  761  825  901  964  986  959  907  866  863  896
  938  969  985  992  994  990  978  965  953  941  924  902  879  846  788  694
  583  497  464  476  498  502  489  477  481  492  496  486  464  436  410  387
  368  346  317  279  243  217  205  198  187
