ionex_files/corrected/COD0OPSFIN_20250840000_01D_01H_GIM.INX
     1.0            IONOSPHERE MAPS     GNSS                IONEX VERSION / TYPE
ADDNEQ2 V5.5        AIUB                29-MAR-25 19:01     PGM / RUN BY / DATE 
CODE'S GLOBAL IONOSPHERE MAPS FOR DAY 084, 2025             COMMENT             
Global ionosphere maps (GIM) are generated on a daily basis DESCRIPTION         
at CODE using data from about 300 GNSS sites of the IGS and DESCRIPTION         
other institutions. The vertical total electron content     DESCRIPTION         
(VTEC) is modeled in a solar-geomagnetic reference frame    DESCRIPTION         
using a spherical harmonics expansion up to degree and      DESCRIPTION         
order 15. Piece-wise linear functions are used for          DESCRIPTION         
representation in the time domain. The time spacing of      DESCRIPTION         
their vertices is 1 hour, conforming with the epochs of the DESCRIPTION         
VTEC maps.                                                  DESCRIPTION         
To convert line-of-sight TEC into vertical TEC, a modified  DESCRIPTION         
single-layer model mapping function approximating the JPL   DESCRIPTION         
extended slab model mapping function is adopted. The        DESCRIPTION         
mapping function is evaluated at geodetic satellite         DESCRIPTION         
elevation angles. For the computation of the ionospheric    DESCRIPTION         
pierce points, a spherical layer with a radius of 6821 km   DESCRIPTION         
is assumed, implying geocentric, not geodetic IONEX         DESCRIPTION         
latitudes.                                                  DESCRIPTION         
Instrumental biases with respect to each involved GNSS code DESCRIPTION         
observable are estimated as constant values for each        DESCRIPTION         
day. They are modeled with one set of bias parameters for   DESCRIPTION         
each satellite and each station in case of GPS and for each DESCRIPTION         
satellite-station link in case of GLONASS. The code bias    DESCRIPTION         
datum is defined by zero-mean conditions imposed on the     DESCRIPTION         
satellite bias estimates. In this file, just GPS C1W-C2W    DESCRIPTION         
satellite and station bias values are included. The         DESCRIPTION         
complete set of GNSS code bias results is provided in an    DESCRIPTION         
additional Bias-SINEX file as pseudo-absolute values        DESCRIPTION         
specific to each observable.                                DESCRIPTION         
Note: These GIM results correspond to the results for the   DESCRIPTION         
middle day of a 3-day combination analysis solving for 73   DESCRIPTION         
times 256, or 18688 VTEC parameters and 3 daily sets of     DESCRIPTION         
GNSS code bias parameters.                                  DESCRIPTION         
Contact address: code(at)aiub.unibe.ch                      DESCRIPTION         
Data archive:    ftp.aiub.unibe.ch/CODE/                    DESCRIPTION         
                 www.aiub.unibe.ch/download/CODE/           DESCRIPTION         
  2025     3    25     0     0     0                        EPOCH OF FIRST MAP  
  2025     3    26     0     0     0                        EPOCH OF LAST MAP   
  3600                                                      INTERVAL            
[...]
abpo adis albh algo alic amu2 antc areg areq ascg aspa auck COMMENT             
azgb badg bake barh bjfs bndy boav bogo bogt bor1 braz brft COMMENT             
brst brux cags cas1 ccj2 cedu chpg chti chur ckis coco cord COMMENT             
cpvg cpxf cro1 daej darw dav1 dgar dhlg drao dubo ebre faa1 COMMENT             
fair flin flrs frdn func ganp glps glsv gode gol2 gold gope COMMENT             
gras graz guam guug harb hers hert hlfx hnpt hob2 hofn holb COMMENT             
hrao iddr ieng iisc impz ineg invk iqal irkj jog2 joz2 karr COMMENT             
kerg kir0 kiri kiru kit3 kokb kokv koug kour krgg lama laut COMMENT             
lmmf lpal lpgs mac1 madr mal2 mana mas1 mat1 mate maui maw1 COMMENT             
mcil mcm4 mdo1 medi mgue mizu mkea mnls mobs morp mro1 mtka COMMENT             
nano naur nico nist nium nklg nlib nnor nrc1 ntus nya1 nyal COMMENT             
onsa opmt ous2 pado parc park pdel penc pert pie1 pimo pohn COMMENT             
pol2 pots pove ptag ptbb ptvl qaq1 quin rabt ramo reun reyk COMMENT             
rgdg rio2 roth salu samo sant savo sch2 scor scrz scub seyg COMMENT             
sfer spt0 ssia sthl stjo stk2 str2 suth sutm suwn sydn syog COMMENT             
tash thtg thti thu2 tid1 tidb tlse tn22 tong tow2 tro1 tskb COMMENT             
twtf txes uclu ufpr ulab unb3 unbj unsa urum usn7 usud vald COMMENT             
vill vtsp wab1 wab2 whit will wind wsrt wtza wtzr wtzs wtzz COMMENT             
wuhn xmis yar2 yarr yell ykro zeck zim2 zim3 zimm           COMMENT             
                                                            END OF HEADER       
[from data line 5148]
    13                                                      START OF TEC MAP    
  2025     3    25    12     0     0                        EPOCH OF CURRENT MAP
    87.5 -180.0 180.0   5.0 450.0                            LAT/LON1/LON2/DLON/H
  192  193  194  194  195  196  197  197  198  198  199  199  200  200  200  200
  200  199  199  199  198  197  197  196  195  194  192  191  190  188  187  186
  184  183  181  180  179  177  176  175  174  173  172  171  171  170  170  170
  170  170  170  171  172  172  173  174  175  176  177  178  179  181  182  183
  184  185  186  187  188  189  190  191  192
    85.0 -180.0 180.0   5.0 450.0                            LAT/LON1/LON2/DLON/H
  193  194  195  196  197  198  199  200  202  203  204  204  205  206  206  207
  207  206  206  206  205  204  203  202  201  199  197  196  194  192  190  188
  186  183  181  179  176  174  171  169  167  165  163  162  160  160  159  159
  159  160  161  163  165  167  169  171  174  176  178  180  182  184  185  187
  188  188  189  190  190  191  192  192  193
    82.5 -180.0 180.0   5.0 450.0                            LAT/LON1/LON2/DLON/H
  189  188  188  189  190  191  192  193  194  196  197  198  199  200  201  201
  202  202  202  202  202  202  201  201  200  199  198  198  197  195  194  193
  191  190  188  185  183  180  178  175  172  169  166  163  161  160  159  159
  160  161  164  167  170  174  178  182  186  190  193  196  197  199  199  199
  199  198  196  195  193  192  190  189  189
    80.0 -180.0 180.0   5.0 450.0                            LAT/LON1/LON2/DLON/H
  181  179  177  177  177  177  177  178  179  180  180  181  181  182  182  183
  184  185  186  187  188  189  191  192  193  195  196  197  198  199  201  202
  202  203  203  203  201  200  197  194  191  187  183  179  176  174  172  172
  173  175  179  183  189  195  201  207  212  217  221  224  225  225  223  220
  217  212  207  202  197  192  188  184  181
    77.5 -180.0 180.0   5.0 450.0                            LAT/LON1/LON2/DLON/H
  173  169  167  165  164  163  162  162  161  160  159  158  157  156  156  156
  157  159  161  164  167  171  175  180  184  188  192  196  201  205  209  214
  218  222  225  228  229  229  228  226  222  218  213  208  204  200  198  197
  198  201  205  211  218  225  233  241  248  253  257  259  259  256  252  245
  238  229  220  211  202  193  185  179  173
    75.0 -180.0 180.0   5.0 450.0                            LAT/LON1/LON2/DLON/H
  169  164  160  158  156  154  153  151  148  144  140  136  132  129  127  127
  128  130  134  139  145  153  160  168  176  183  191  198  205  212  219  227
  235  243  251  257  261  264  265  263  260  255  250  244  239  235  231  230
  230  233  237  244  251  260  269  277  284  290  293  293  290  285  277  267
  256  244  231  218  206  195  185  176  169
    72.5 -180.0 180.0   5.0 450.0                            LAT/LON1/LON2/DLON/H
  168  162  159  157  156  154  152  149  143  137  129  122  114  109  105  103
  103  106  112  119  128  139  150  162  173  184  193  202  211  220  229  240
  251  263  274  284  292  297  299  299  296  292  287  282  276  272  268  266
  265  267  270  276  283  291  300  307  313  317  318  316  310  301  290  278
  264  250  235  221  208  196  185  175  168
    70.0 -180.0 180.0   5.0 450.0                            LAT/LON1/LON2/DLON/H
  168  163  161  161  161  161  160  155  149  139  129  117  107   99   93   90
   90   93   99  108  120  133  148  163  177  190  201  210  218  227  237  249
  263  278  292  305  315  322  325  326  324  321  318  314  311  307  304  301
  299  299  300  303  307  313  320  325  329  330  328  322  313  300  286  271
  257  242  229  216  205  193  183  175  168
    67.5 -180.0 180.0   5.0 450.0                            LAT/LON1/LON2/DLON/H
  165  161  161  162  166  168  169  166  159  148  136  122  110  100   94   90
   90   92   98  108  120  136  153  171  187  201  211  220  226  234  243  256
  271  288  304  319  330  337  341  341  341  340  340  340  340  339  337  333
  330  326  323  322  323  325  328  330  331  328  322  311  297  281  264  247
  233  221  211  202  194  187  179  171  165
    65.0 -180.0 180.0   5.0 450.0                            LAT/LON1/LON2/DLON/H
  157  153  153  156  162  169  173  173  167  158  145  132  120  110  104  101
  100  102  107  115  127  143  161  181  198  213  223  229  234  239  248  261
  277  296  315  330  341  347  348  348  348  350  354  360  365  367  367  364
  357  349  341  335  331  328  327  325  322  315  304  289  270  249  228  210
  196  188  183  181  179  176  170  164  157
    62.5 -180.0 180.0   5.0 450.0                            LAT/LON1/LON2/DLON/H
  144  137  135  139  147  157  165  169  167  159  149  138  129  122  118  117
  117  119  121  127  137  151  169  189  208  223  233  238  241  245  254  268
  288  309  330  345  353  355  353  351  351  356  365  377  388  396  398  393
  383  370  357  345  335  328  323  318  311  300  285  265  240  214  189  169
  156  151  152  157  162  163  160  153  144
    60.0 -180.0 180.0   5.0 450.0                            LAT/LON1/LON2/DLON/H
  130  117  111  112  120  131  143  151  152  149  143  136  131  129  130  132
  134  134  135  137  143  155  173  193  213  230  240  246  249  254  265  283
  307  332  354  369  373  370  362  356  355  363  378  397  415  426  429  423
  409  392  373  355  341  330  322  314  305  292  274  249  220  189  159  136
  123  120  127  138  149  155  153  143  130
    57.5 -180.0 180.0   5.0 450.0                            LAT/LON1/LON2/DLON/H
  121  101   87   83   88   99  111  121  126  127  125  123  124  127  133  139
  143  144  142  141  144  154  170  191  213  232  246  254  260  270  285  309
  338  368  391  404  404  394  380  369  367  377  397  422  444  459  462  454
  436  414  391  370  353  340  330  321  311  297  277  250  218  182  148  121
  106  104  114  130  146  155  153  140  121
    55.0 -180.0 180.0   5.0 450.0                            LAT/LON1/LON2/DLON/H
  123   96   74   63   62   69   80   89   95   97   99  102  107  115  125  135
  142  144  142  139  140  147  162  185  210  233  252  265  277  292  314  344
  380  413  439  450  446  429  408  392  389  400  423  452  477  493  494  483
  462  437  412  390  372  359  348  339  329  315  295  269  235  197  160  130
  111  108  118  137  156  167  165  149  123
    52.5 -180.0 180.0   5.0 450.0                            LAT/LON1/LON2/DLON/H
  141  109   80   62   54   55   59   64   67   70   73   78   86   96  109  121
  131  135  135  132  132  138  154  178  208  236  261  281  300  322  350  386
  426  463  490  500  492  470  444  424  419  430  455  485  510  523  522  507
  484  458  434  414  398  385  375  365  355  342  324  300  268  231  192  159
  137  130  138  157  177  189  188  170  141
    50.0 -180.0 180.0   5.0 450.0                            LAT/LON1/LON2/DLON/H
  172  139  108   84   70   62   58   55   53   52   54   59   67   77   89  102
  114  121  124  124  125  132  149  176  209  243  274  302  327  355  389  428
  470  508  535  545  536  512  484  462  455  466  489  517  539  548  542  525
  501  478  457  441  427  415  404  393  382  370  354  334  306  273  236  203
  178  166  169  184  202  216  216  200  172
    47.5 -180.0 180.0   5.0 450.0                            LAT/LON1/LON2/DLON/H
  207  179  151  127  108   92   78   66   56   51   50   53   58   64   73   84
   96  107  115  119  123  132  151  180  217  256  293  326  357  388  423  462
  503  541  568  579  572  550  523  503  495  504  524  546  561  564  554  535
  513  493  478  466  456  444  431  417  404  391  377  360  339  311  280  249
  222  205  201  209  224  237  240  230  207
    45.0 -180.0 180.0   5.0 450.0                            LAT/LON1/LON2/DLON/H
  236  218  199  179  158  137  114   93   76   66   62   61   62   63   66   73
   84   98  111  120  128  141  162  193  233  275  315  351  384  416  449  484
  521  557  585  600  599  583  562  544  538  544  558  572  579  575  560  540
  521  507  497  489  480  468  451  434  417  401  387  373  357  337  313  286
  260  238  226  226  235  246  252  249  236
    42.5 -180.0 180.0   5.0 450.0                            LAT/LON1/LON2/DLON/H
  249  244  236  224  206  183  155  127  105   92   85   82   79   74   71   73
   83   99  116  131  143  158  181  214  255  297  337  373  405  435  464  494
  526  560  591  613  621  616  602  589  583  586  593  598  595  584  566  546
  530  520  514  509  500  485  465  443  421  402  386  373  360  346  330  308
  283  258  239  229  230  238  246  250  249
    40.0 -180.0 180.0   5.0 450.0                            LAT/LON1/LON2/DLON/H
  241  248  251  249  237  215  186  156  133  119  113  110  105   96   87   85
   92  109  130  149  165  183  208  241  280  320  358  391  421  448  472  497
  526  560  596  627  647  653  648  640  635  633  632  628  617  599  578  559
  545  538  534  528  517  499  476  450  425  401  381  365  352  342  331  315
  293  266  240  221  214  216  224  233  241
    37.5 -180.0 180.0   5.0 450.0                            LAT/LON1/LON2/DLON/H
  217  230  242  247  241  223  197  170  149  138  135  134  131  122  111  106
  111  128  150  172  191  211  237  270  307  343  376  405  432  457  480  504
  533  570  613  655  686  702  704  700  694  688  680  668  649  626  603  585
  572  564  557  548  533  513  489  463  435  408  383  361  344  333  324  312
  293  266  236  211  196  192  196  205  217
    35.0 -180.0 180.0   5.0 450.0                            LAT/LON1/LON2/DLON/H
  189  201  214  221  219  206  186  165  150  144  145  150  151  146  137  130
  135  150  173  196  218  240  267  300  334  365  392  417  443  470  497  525
  558  601  653  704  743  765  771  768  761  751  738  719  696  670  646  626
  611  599  587  571  553  533  511  487  461  431  401  372  349  332  322  311
  293  267  237  209  189  179  177  181  189
    32.5 -180.0 180.0   5.0 450.0                            LAT/LON1/LON2/DLON/H
  175  178  183  187  183  173  159  146  137  136  143  153  160  161  157  153
  157  172  194  218  241  266  295  329  361  387  409  432  461  494  530  567
  610  661  720  777  819  842  846  841  832  820  804  782  756  729  703  681
  663  644  623  601  580  561  545  527  505  475  440  405  373  349  333  320
  304  281  254  228  207  193  184  177  175
    30.0 -180.0 180.0   5.0 450.0                            LAT/LON1/LON2/DLON/H
  190  178  169  162  153  142  132  124  120  123  131  145  158  167  168  169
  174  188  210  234  259  287  320  356  387  411  431  454  489  534  584  635
  688  747  809  866  905  922  921  912  901  889  872  851  825  797  771  746
  722  695  666  637  614  599  591  581  564  535  499  458  420  389  366  350
  334  315  294  274  257  242  226  207  190
    27.5 -180.0 180.0   5.0 450.0                            LAT/LON1/LON2/DLON/H
  243  213  189  168  148  132  120  114  112  113  120  133  149  163  171  175
  182  196  218  243  271  304  342  381  414  438  458  486  531  591  657  721
  784  847  908  957  987  993  985  972  961  950  937  918  894  867  840  812
  782  748  712  678  655  646  645  643  629  602  565  524  483  448  420  399
  383  369  356  346  337  325  304  275  243
    25.0 -180.0 180.0   5.0 450.0                            LAT/LON1/LON2/DLON/H
  328  286  248  214  182  157  140  130  123  118  118  125  140  155  167  174
  182  197  219  246  278  316  359  404  441  469  493  529  585  659  740  816
  884  946  998 1036 1051 1046 1031 1016 1006  999  991  977  956  930  901  871
  837  799  759  723  702  698  703  703  689  661  625  587  551  517  487  464
  449  439  435  436  437  430  408  372  328
    22.5 -180.0 180.0   5.0 450.0                            LAT/LON1/LON2/DLON/H
  432  384  340  299  258  222  194  174  158  143  132  130  137  150  160  168
  176  191  215  245  282  325  374  425  469  503  534  579  646  732  823  905
  972 1026 1065 1087 1088 1074 1054 1040 1035 1034 1031 1022 1004  980  950  919
  885  847  806  772  753  752  758  755  734  701  666  636  609  583  557  536
  521  516  519  529  539  538  519  480  432
    20.0 -180.0 180.0   5.0 450.0                            LAT/LON1/LON2/DLON/H
  531  488  449  409  364  318  277  244  215  187  163  149  147  152  157  162
  169  185  210  243  284  332  387  443  494  537  578  631  707  799  894  974
 1034 1075 1099 1106 1096 1077 1060 1051 1052 1057 1058 1053 1038 1014  985  955
  924  890  853  822  806  805  807  793  759  717  682  661  649  636  619  602
  590  588  595  611  626  630  613  576  531
    17.5 -180.0 180.0   5.0 450.0                            LAT/LON1/LON2/DLON/H
  603  573  549  521  479  426  373  325  282  242  208  183  169  164  161  161
  166  181  207  243  287  339  397  459  517  569  619  680  760  852  943 1015
 1064 1091 1100 1096 1083 1067 1057 1058 1065 1073 1077 1072 1058 1035 1008  981
  956  930  901  875  860  857  848  819  766  710  673  663  667  670  665  654
  647  647  655  670  686  689  673  639  603
    15.0 -180.0 180.0   5.0 450.0                            LAT/LON1/LON2/DLON/H
  633  621  620  610  578  524  460  398  343  295  255  223  200  185  173  167
  169  184  211  248  294  347  408  473  537  597  655  720  799  886  966 1027
 1063 1078 1079 1071 1061 1055 1058 1069 1082 1090 1092 1085 1071 1049 1024 1002
  986  970  949  928  914  905  885  837  764  693  652  650  669  686  691  689
  686  688  694  705  714  711  692  660  633
    12.5 -180.0 180.0   5.0 450.0                            LAT/LON1/LON2/DLON/H
  621  626  648  661  643  592  520  447  384  334  294  261  234  211  192  181
  181  195  223  260  306  359  419  486  553  618  682  748  821  897  965 1014
 1040 1049 1049 1045 1046 1055 1073 1094 1109 1112 1107 1097 1081 1060 1038 1023
 1016 1009  996  979  965  951  920  855  764  680  635  637  664  690  702  706
  708  711  715  718  717  704  676  642  621
    10.0 -180.0 180.0   5.0 450.0                            LAT/LON1/LON2/DLON/H
  579  594  634  667  665  618  543  463  397  350  316  289  263  237  214  200
  200  214  242  279  324  375  434  499  567  635  699  763  827  891  946  985
 1008 1019 1024 1032 1047 1072 1104 1132 1144 1140 1125 1108 1091 1072 1055 1046
 1047 1047 1039 1024 1009  992  954  879  777  684  636  638  666  691  704  711
  717  723  725  720  708  682  642  600  579
     7.5 -180.0 180.0   5.0 450.0                            LAT/LON1/LON2/DLON/H
  531  546  593  639  647  605  530  448  383  342  319  302  283  258  236  222
  223  239  266  302  346  396  452  514  580  646  708  766  820  871  916  951
  977  996 1013 1035 1066 1106 1147 1176 1182 1167 1142 1119 1100 1084 1072 1069
 1074 1077 1071 1056 1041 1023  985  909  805  712  663  661  682  699  704  708
  718  728  731  723  703  666  614  560  531
     5.0 -180.0 180.0   5.0 450.0                            LAT/LON1/LON2/DLON/H
  501  504  547  593  606  568  494  413  352  319  307  302  290  272  253  244
  248  264  292  328  371  420  474  531  592  652  709  759  803  844  883  919
  953  985 1017 1053 1095 1143 1188 1214 1211 1185 1150 1123 1105 1093 1085 1085
 1091 1093 1085 1068 1053 1039 1006  938  844  759  713  707  715  715  706  704
  715  731  739  734  712  671  609  543  501
     2.5 -180.0 180.0   5.0 450.0                            LAT/LON1/LON2/DLON/H
  505  491  518  554  562  525  453  376  319  293  289  292  289  278  265  261
  269  287  315  351  396  446  497  550  603  656  704  745  780  815  852  893
  937  982 1026 1072 1120 1169 1211 1231 1220 1185 1144 1114 1099 1091 1087 1087
 1090 1088 1074 1054 1040 1032 1010  958  881  812  774  764  756  735  709  698
  709  732  750  753  739  701  637  562  505
