ionex_files/corrected/COD0OPSFIN_20250840000_01D_01H_GIM.INX
     1.0            IONOSPHERE MAPS     GNSS                IONEX VERSION / TYPE
ADDNEQ2 V5.5        AIUB                29-MAR-25 19:01     PGM / RUN BY / DATE 
CODE'S GLOBAL IONOSPHERE MAPS FOR DAY 084, 2025             COMMENT             
Global ionosphere maps (GIM) are generated on a daily basis DESCRIPTION         
at CODE using data from about 300 GNSS sites of the IGS and DESCRIPTION         
other institutions. The vertical total electron content     DESCRIPTION         
(VTEC) is modeled in a solar-geomagnetic reference frame    DESCRIPTION         
using a spherical harmonics expansion up to degree and      DESCRIPTION         
order 15. Piece-wise linear functions are used for          DESCRIPTION         
representation in the time domain. The time spacing of      DESCRIPTION         
their vertices is 1 hour, conforming with the epochs of the DESCRIPTION         
VTEC maps.                                                  DESCRIPTION         
To convert line-of-sight TEC into vertical TEC, a modified  DESCRIPTION         
single-layer model mapping function approximating the JPL   DESCRIPTION         
extended slab model mapping function is adopted. The        DESCRIPTION         
mapping function is evaluated at geodetic satellite         DESCRIPTION         
elevation angles. For the computation of the ionospheric    DESCRIPTION         
pierce points, a spherical layer with a radius of 6821 km   DESCRIPTION         
is assumed, implying geocentric, not geodetic IONEX         DESCRIPTION         
latitudes.                                                  DESCRIPTION         
Instrumental biases with respect to each involved GNSS code DESCRIPTION         
observable are estimated as constant values for each        DESCRIPTION         
day. They are modeled with one set of bias parameters for   DESCRIPTION         
each satellite and each station in case of GPS and for each DESCRIPTION         
satellite-station link in case of GLONASS. The code bias    DESCRIPTION         
datum is defined by zero-mean conditions imposed on the     DESCRIPTION         
satellite bias estimates. In this file, just GPS C1W-C2W    DESCRIPTION         
satellite and station bias values are included. The         DESCRIPTION         
complete set of GNSS code bias results is provided in an    DESCRIPTION         
additional Bias-SINEX file as pseudo-absolute values        DESCRIPTION         
specific to each observable.                                DESCRIPTION         
Note: These GIM results correspond to the results for the   DESCRIPTION         
middle day of a 3-day combination analysis solving for 73   DESCRIPTION         
times 256, or 18688 VTEC parameters and 3 daily sets of     DESCRIPTION         
GNSS code bias parameters.                                  DESCRIPTION         
Contact address: code(at)aiub.unibe.ch                      DESCRIPTION         
Data archive:    ftp.aiub.unibe.ch/CODE/                    DESCRIPTION         
                 www.aiub.unibe.ch/download/CODE/           DESCRIPTION         
  2025     3    25     0     0     0                        EPOCH OF FIRST MAP  
  2025     3    26     0     0     0                        EPOCH OF LAST MAP   
  3600                                                      INTERVAL            
[...]
abpo adis albh algo alic amu2 antc areg areq ascg aspa auck COMMENT             
azgb badg bake barh bjfs bndy boav bogo bogt bor1 braz brft COMMENT             
brst brux cags cas1 ccj2 cedu chpg chti chur ckis coco cord COMMENT             
cpvg cpxf cro1 daej darw dav1 dgar dhlg drao dubo ebre faa1 COMMENT             
fair flin flrs frdn func ganp glps glsv gode gol2 gold gope COMMENT             
gras graz guam guug harb hers hert hlfx hnpt hob2 hofn holb COMMENT             
hrao iddr ieng iisc impz ineg invk iqal irkj jog2 joz2 karr COMMENT             
kerg kir0 kiri kiru kit3 kokb kokv koug kour krgg lama laut COMMENT             
lmmf lpal lpgs mac1 madr mal2 mana mas1 mat1 mate maui maw1 COMMENT             
mcil mcm4 mdo1 medi mgue mizu mkea mnls mobs morp mro1 mtka COMMENT             
nano naur nico nist nium nklg nlib nnor nrc1 ntus nya1 nyal COMMENT             
onsa opmt ous2 pado parc park pdel penc pert pie1 pimo pohn COMMENT             
pol2 pots pove ptag ptbb ptvl qaq1 quin rabt ramo reun reyk COMMENT             
rgdg rio2 roth salu samo sant savo sch2 scor scrz scub seyg COMMENT             
sfer spt0 ssia sthl stjo stk2 str2 suth sutm suwn sydn syog COMMENT             
tash thtg thti thu2 tid1 tidb tlse tn22 tong tow2 tro1 tskb COMMENT             
twtf txes uclu ufpr ulab unb3 unbj unsa urum usn7 usud vald COMMENT             
vill vtsp wab1 wab2 whit will wind wsrt wtza wtzr wtzs wtzz COMMENT             
wuhn xmis yar2 yarr yell ykro zeck zim2 zim3 zimm           COMMENT             
                                                            END OF HEADER       
[from data line 9438]
    23                                                      START OF TEC MAP    
  2025     3    25    22     0     0                        EPOCH OF CURRENT MAP
    87.5 -180.0 180.0   5.0 450.0                            LAT/LON1/LON2/DLON/H
  129  126  124  122  119  117  116  114  113  112  111  111  111  111  111  111
  112  112  113  114  114  115  116  116  116  116  116  116  116  116  115  115
  114  113  112  111  110  110  109  109  108  108  108  108  109  110  111  113
  114  116  119  121  124  126  129  132  134  136  138  140  141  142  143  143
  143  142  141  139  138  136  133  131  129
    85.0 -180.0 180.0   5.0 450.0                            LAT/LON1/LON2/DLON/H
  147  140  133  127  122  117  114  111  110  110  110  112  114  116  119  123
  126  130  134  138  141  145  147  150  152  153  153  153  153  151  149  147
  144  141  137  134  130  126  122  118  115  112  109  107  106  106  108  110
  113  118  123  130  137  145  154  162  170  177  184  190  194  197  198  198
  196  193  189  184  177  170  162  155  147
    82.5 -180.0 180.0   5.0 450.0                            LAT/LON1/LON2/DLON/H
  159  146  134  125  117  112  108  107  108  110  114  119  125  132  140  147
  155  164  172  179  187  194  200  205  208  211  212  213  211  209  206  201
  196  191  184  177  170  163  155  147  138  130  123  116  111  107  105  105
  108  114  122  133  146  161  176  192  208  223  236  247  255  260  262  261
  257  250  241  229  216  202  187  173  159
    80.0 -180.0 180.0   5.0 450.0                            LAT/LON1/LON2/DLON/H
  159  142  127  116  108  105  104  107  112  120  129  139  150  160  171  182
  193  204  216  227  238  248  257  265  271  275  277  277  275  272  267  261
  255  247  240  232  223  214  204  192  180  167  153  139  126  115  107  102
  101  105  114  128  145  166  189  213  237  259  279  295  307  314  316  313
  306  294  279  262  242  221  199  179  159
    77.5 -180.0 180.0   5.0 450.0                            LAT/LON1/LON2/DLON/H
  152  133  117  107  102  103  108  117  130  144  159  174  187  199  210  221
  231  241  252  265  278  291  303  314  322  328  330  330  327  321  315  308
  300  293  287  281  274  267  258  247  233  216  197  176  154  134  116  103
   95   94  101  115  135  161  190  220  250  278  302  321  334  341  342  337
  327  312  293  272  248  223  198  174  152
    75.0 -180.0 180.0   5.0 450.0                            LAT/LON1/LON2/DLON/H
  144  126  113  105  104  111  123  141  162  184  205  223  236  245  251  255
  258  263  271  281  294  309  324  338  349  356  358  356  351  344  335  327
  319  314  310  308  307  306  302  296  284  268  246  219  190  160  132  109
   93   86   88  100  121  149  180  214  247  276  301  319  331  336  334  327
  315  299  280  259  236  213  189  166  144
    72.5 -180.0 180.0   5.0 450.0                            LAT/LON1/LON2/DLON/H
  147  132  120  115  118  130  150  176  206  236  262  281  292  294  289  281
  272  266  265  270  282  297  315  331  344  352  354  351  344  334  323  314
  306  302  302  306  311  318  323  324  320  308  287  259  225  188  152  120
   96   82   80   89  108  135  166  199  230  257  277  291  298  299  294  285
  274  260  246  231  216  199  182  164  147
    70.0 -180.0 180.0   5.0 450.0                            LAT/LON1/LON2/DLON/H
  166  153  143  138  142  156  181  215  253  290  321  341  347  340  321  297
  272  251  239  237  245  260  278  297  311  320  322  318  310  298  286  276
  268  265  268  275  286  300  314  324  328  324  309  284  250  211  170  134
  105   86   80   86  103  126  154  181  206  226  239  245  245  240  232  223
  215  208  203  200  197  193  187  178  166
    67.5 -180.0 180.0   5.0 450.0                            LAT/LON1/LON2/DLON/H
  201  191  178  170  170  183  209  247  292  337  373  394  396  380  348  307
  265  229  205  194  197  210  228  246  261  270  272  268  260  249  238  228
  221  218  220  228  241  257  276  294  307  311  305  286  257  221  182  145
  115   96   89   93  106  125  146  166  181  191  195  192  186  176  167  159
  155  157  164  175  187  199  206  207  201
    65.0 -180.0 180.0   5.0 450.0                            LAT/LON1/LON2/DLON/H
  247  236  219  204  196  203  226  265  314  365  407  431  433  411  370  317
  262  214  179  160  157  165  179  195  208  215  218  215  210  204  197  190
  184  180  179  182  190  204  223  243  261  273  275  266  245  216  183  151
  126  109  103  106  117  130  144  154  160  160  155  146  134  123  113  108
  110  120  139  163  191  217  238  248  247
    62.5 -180.0 180.0   5.0 450.0                            LAT/LON1/LON2/DLON/H
  292  279  257  233  215  212  229  265  315  370  417  447  452  432  389  333
  272  218  176  151  141  142  150  159  167  172  174  175  176  176  175  174
  170  164  157  153  152  157  169  186  204  220  229  228  217  198  174  151
  132  120  117  121  129  137  143  145  142  135  124  113  101   91   84   83
   90  106  132  167  205  242  272  289  292
    60.0 -180.0 180.0   5.0 450.0                            LAT/LON1/LON2/DLON/H
  325  312  285  254  227  214  222  252  299  354  405  441  455  442  408  357
  301  248  206  176  159  151  149  150  150  152  154  158  164  172  179  183
  182  175  162  148  137  130  131  140  154  169  181  186  183  172  158  143
  132  127  127  132  137  141  141  136  127  117  107   98   90   85   83   86
   95  114  142  180  223  265  299  321  325
    57.5 -180.0 180.0   5.0 450.0                            LAT/LON1/LON2/DLON/H
  340  329  302  268  236  216  215  235  275  325  376  418  441  443  424  390
  348  305  267  236  212  194  181  171  164  161  162  168  178  191  203  211
  211  203  187  166  145  128  118  117  123  133  144  150  151  147  140  133
  128  128  131  135  139  139  134  126  116  107  101   99  100  102  105  110
  120  137  163  197  237  277  312  334  340
    55.0 -180.0 180.0   5.0 450.0                            LAT/LON1/LON2/DLON/H
  338  331  310  280  250  227  219  230  258  298  343  384  417  434  437  426
  405  379  350  320  291  264  240  220  206  199  198  203  212  223  234  240
  240  231  214  192  168  146  130  121  119  122  127  131  132  131  127  124
  123  124  128  132  133  131  124  116  108  104  106  113  122  132  140  147
  155  168  187  213  245  278  308  330  338
    52.5 -180.0 180.0   5.0 450.0                            LAT/LON1/LON2/DLON/H
  325  326  317  298  276  257  246  247  261  285  317  353  389  421  445  459
  462  455  438  413  381  347  315  289  271  261  256  255  255  256  256  255
  250  241  228  211  192  174  158  146  139  135  133  132  129  126  122  120
  119  121  123  126  125  122  116  109  105  108  118  133  151  166  178  184
  190  197  208  225  247  271  295  314  325
    50.0 -180.0 180.0   5.0 450.0                            LAT/LON1/LON2/DLON/H
  313  324  329  327  320  310  301  294  293  297  310  334  367  408  448  484
  509  521  517  497  466  429  394  367  349  338  327  314  298  280  262  246
  234  224  217  212  206  199  190  181  172  164  156  148  141  133  127  123
  121  121  122  122  121  119  114  111  112  120  135  156  178  196  208  214
  217  221  227  238  251  266  282  298  313
    47.5 -180.0 180.0   5.0 450.0                            LAT/LON1/LON2/DLON/H
  312  333  353  369  378  381  378  368  353  338  330  336  360  401  451  500
  541  567  575  563  535  499  466  443  428  417  400  372  334  292  252  219
  197  187  188  196  206  213  215  212  205  196  185  172  160  149  140  134
  131  129  128  128  127  126  125  125  130  140  158  180  202  219  229  234
  236  240  247  255  264  272  281  294  312
    45.0 -180.0 180.0   5.0 450.0                            LAT/LON1/LON2/DLON/H
  331  359  390  420  444  461  466  458  436  405  377  364  375  409  458  511
  559  594  610  606  584  553  526  508  499  488  463  420  362  299  239  193
  164  155  163  181  203  220  230  233  229  221  209  195  180  166  156  150
  146  144  143  143  145  147  149  152  158  168  184  203  222  236  243  247
  251  260  272  283  292  297  301  312  331
    42.5 -180.0 180.0   5.0 450.0                            LAT/LON1/LON2/DLON/H
  370  400  437  475  509  536  552  550  527  488  445  416  413  436  476  524
  569  606  628  632  617  593  571  559  554  542  511  457  386  312  246  196
  168  161  172  194  217  234  242  244  241  235  225  211  195  182  172  167
  165  165  166  168  172  177  182  187  191  199  211  227  241  251  257  261
  270  285  305  324  337  341  344  351  370
    40.0 -180.0 180.0   5.0 450.0                            LAT/LON1/LON2/DLON/H
  425  454  490  528  564  596  621  629  613  574  527  489  474  485  512  546
  581  614  639  650  642  623  604  594  589  576  541  484  415  348  294  258
  240  239  249  263  272  272  264  255  247  240  232  220  206  193  185  183
  185  187  191  196  203  210  217  221  224  228  237  248  261  270  276  283
  296  319  348  375  393  400  402  408  425
    37.5 -180.0 180.0   5.0 450.0                            LAT/LON1/LON2/DLON/H
  487  513  543  574  605  638  669  689  685  655  610  572  552  553  566  583
  604  629  655  670  667  648  628  615  607  591  557  508  458  420  399  394
  398  406  410  405  384  350  311  278  258  248  241  230  217  204  197  197
  201  207  213  219  228  237  244  247  247  249  256  268  282  294  304  315
  333  361  396  429  452  463  466  472  487
    35.0 -180.0 180.0   5.0 450.0                            LAT/LON1/LON2/DLON/H
  548  571  594  615  637  665  699  728  739  722  689  656  638  635  636  637
  641  656  680  698  696  674  646  624  610  593  566  536  521  529  560  599
  633  652  647  615  554  473  391  326  287  269  260  250  234  220  211  211
  216  221  227  233  241  250  255  257  255  256  265  281  302  322  339  356
  377  407  443  478  503  516  523  531  548
    32.5 -180.0 180.0   5.0 450.0                            LAT/LON1/LON2/DLON/H
  601  625  644  657  668  688  721  758  780  778  756  734  723  721  715  702
  691  697  717  734  728  698  659  628  609  593  579  577  605  668  756  843
  908  938  925  865  761  630  501  400  340  313  300  286  267  247  233  229
  229  231  232  235  239  244  247  247  245  249  262  286  318  349  375  397
  420  449  481  513  538  553  565  580  601
    30.0 -180.0 180.0   5.0 450.0                            LAT/LON1/LON2/DLON/H
  644  674  695  704  708  722  752  790  820  826  815  802  799  801  793  771
  750  746  761  774  761  720  670  633  613  604  606  634  703  816  951 1076
 1165 1204 1185 1103  965  793  624  493  415  379  361  342  316  288  267  253
  245  238  231  226  223  224  224  222  222  228  248  281  324  367  403  431
  454  478  504  530  552  570  589  613  644
    27.5 -180.0 180.0   5.0 450.0                            LAT/LON1/LON2/DLON/H
  678  719  749  762  767  777  802  838  868  876  868  861  864  871  864  839
  809  798  806  810  788  737  681  644  632  636  656  706  803  945 1103 1243
 1341 1383 1363 1273 1119  924  733  586  498  458  437  413  380  344  313  288
  268  248  229  212  201  195  192  190  191  201  226  267  318  370  414  447
  472  492  511  530  549  571  599  635  678
    25.0 -180.0 180.0   5.0 450.0                            LAT/LON1/LON2/DLON/H
  708  763  806  831  844  856  878  908  931  935  923  915  920  930  926  900
  867  848  847  841  808  751  696  669  673  695  729  788  888 1025 1171 1296
 1382 1422 1408 1328 1180  989  800  654  570  532  512  486  449  407  368  332
  298  264  230  201  181  168  162  160  164  176  203  246  300  356  406  444
  471  489  504  518  537  564  602  652  708
    22.5 -180.0 180.0   5.0 450.0                            LAT/LON1/LON2/DLON/H
  737  805  863  905  932  951  973  996 1011 1005  985  970  972  983  981  957
  922  898  887  870  827  767  721  713  740  779  818  867  940 1036 1133 1212
 1267 1299 1299 1246 1129  966  802  679  612  585  570  546  510  468  424  381
  335  287  240  200  170  153  144  143  148  160  184  223  274  329  382  424
  454  475  490  504  526  559  608  669  737
    20.0 -180.0 180.0   5.0 450.0                            LAT/LON1/LON2/DLON/H
  767  843  914  973 1017 1048 1072 1091 1098 1084 1056 1032 1027 1035 1036 1015
  980  952  932  903  853  795  763  779  828  879  910  928  947  970  989  999
 1012 1034 1054 1041  971  857  737  651  610  601  596  580  552  515  474  428
  375  317  260  211  174  153  144  143  148  157  174  203  245  296  348  394
  431  457  476  496  523  564  622  691  767
    17.5 -180.0 180.0   5.0 450.0                            LAT/LON1/LON2/DLON/H
  797  874  952 1024 1083 1126 1155 1174 1179 1163 1132 1102 1090 1095 1096 1079
 1048 1018  990  953  898  845  827  862  927  978  987  956  902  836  764  701
  671  687  731  761  744  685  617  575  567  578  586  582  566  541  509  465
  410  348  285  231  192  169  160  160  163  166  173  189  220  264  315  365
  408  443  471  498  532  582  646  720  797
    15.0 -180.0 180.0   5.0 450.0                            LAT/LON1/LON2/DLON/H
  824  897  973 1050 1119 1170 1205 1228 1238 1231 1206 1177 1162 1163 1166 1155
 1129 1101 1070 1027  969  920  912  956 1022 1058 1031  942  812  661  508  383
  323  340  408  476  505  494  475  474  496  525  546  554  552  543  523  487
  435  373  311  257  217  194  186  186  187  184  180  183  204  242  292  345
  395  438  475  510  553  609  677  751  824
    12.5 -180.0 180.0   5.0 450.0                            LAT/LON1/LON2/DLON/H
  848  910  977 1050 1119 1174 1212 1241 1264 1274 1266 1248 1236 1237 1242 1238
 1221 1198 1168 1124 1066 1018 1010 1048 1096 1102 1031  887  694  479  275  120
   52   80  168  260  314  334  348  377  420  461  490  507  518  523  516  489
  444  388  330  280  243  221  214  215  213  203  190  184  198  234  285  341
  395  444  487  530  579  639  710  782  848
    10.0 -180.0 180.0   5.0 450.0                            LAT/LON1/LON2/DLON/H
  869  919  971 1032 1093 1142 1180 1215 1253 1287 1305 1305 1301 1306 1315 1319
 1313 1299 1276 1235 1178 1126 1107 1122 1136 1101  986  800  571  333  120    0
    0    0   73  166  220  245  271  313  365  408  437  457  475  490  491  473
  435  387  336  292  259  241  236  236  232  218  198  188  201  240  293  351
  406  456  504  551  603  667  739  809  869
     7.5 -180.0 180.0   5.0 450.0                            LAT/LON1/LON2/DLON/H
  886  927  965 1008 1053 1091 1122 1159 1212 1270 1314 1337 1346 1357 1371 1384
 1389 1387 1373 1339 1285 1227 1187 1167 1137 1057  908  703  473  254   78    0
    0   47  144  216  243  248  264  302  348  384  405  420  437  452  456  441
  410  369  327  290  263  248  244  245  240  223  201  192  210  255  313  371
  422  471  518  567  621  686  760  830  886
     5.0 -180.0 180.0   5.0 450.0                            LAT/LON1/LON2/DLON/H
  904  941  968  994 1020 1041 1060 1093 1153 1229 1297 1339 1362 1379 1399 1418
 1433 1441 1438 1414 1364 1299 1235 1176 1100  983  817  619  424  263  161  136
  187  281  362  392  371  337  326  347  378  398  403  405  411  418  416  401
  372  338  303  273  251  239  238  240  235  218  197  193  219  273  336  392
  438  481  527  576  631  696  771  845  904
     2.5 -180.0 180.0   5.0 450.0                            LAT/LON1/LON2/DLON/H
  923  965  987 1000 1008 1011 1014 1039 1097 1179 1258 1314 1346 1368 1390 1413
 1433 1449 1455 1441 1398 1328 1244 1151 1040  902  739  575  441  361  350  408
  513  617  668  643  563  481  438  434  443  443  428  411  399  390  378  356
  328  297  269  244  227  219  220  224  220  205  188  190  225  287  355  408
  448  485  528  578  634  699  776  856  923
