ionex_files/corrected/COD0OPSFIN_20231130000_01D_01H_GIM.INX
     1.0            IONOSPHERE MAPS     GNSS                IONEX VERSION / TYPE
ADDNEQ2 V5.5        AIUB                27-APR-23 21:35     PGM / RUN BY / DATE 
CODE'S GLOBAL IONOSPHERE MAPS FOR DAY 113, 2023             COMMENT             
Global ionosphere maps (GIM) are generated on a daily basis DESCRIPTION         
at CODE using data from about 300 GNSS sites of the IGS and DESCRIPTION         
other institutions. The vertical total electron content     DESCRIPTION         
(VTEC) is modeled in a solar-geomagnetic reference frame    DESCRIPTION         
using a spherical harmonics expansion up to degree and      DESCRIPTION         
order 15. Piece-wise linear functions are used for          DESCRIPTION         
representation in the time domain. The time spacing of      DESCRIPTION         
their vertices is 1 hour, conforming with the epochs of the DESCRIPTION         
VTEC maps.                                                  DESCRIPTION         
To convert line-of-sight TEC into vertical TEC, a modified  DESCRIPTION         
single-layer model mapping function approximating the JPL   DESCRIPTION         
extended slab model mapping function is adopted. The        DESCRIPTION         
mapping function is evaluated at geodetic satellite         DESCRIPTION         
elevation angles. For the computation of the ionospheric    DESCRIPTION         
pierce points, a spherical layer with a radius of 6821 km   DESCRIPTION         
is assumed, implying geocentric, not geodetic IONEX         DESCRIPTION         
latitudes.                                                  DESCRIPTION         
Instrumental biases with respect to each involved GNSS code DESCRIPTION         
observable are estimated as constant values for each        DESCRIPTION         
day. They are modeled with one set of bias parameters for   DESCRIPTION         
each satellite and each station in case of GPS and for each DESCRIPTION         
satellite-station link in case of GLONASS. The code bias    DESCRIPTION         
datum is defined by zero-mean conditions imposed on the     DESCRIPTION         
satellite bias estimates. In this file, just GPS C1W-C2W    DESCRIPTION         
satellite and station bias values are included. The         DESCRIPTION         
complete set of GNSS code bias results is provided in an    DESCRIPTION         
additional Bias-SINEX file as pseudo-absolute values        DESCRIPTION         
specific to each observable.                                DESCRIPTION         
Note: These GIM results correspond to the results for the   DESCRIPTION         
middle day of a 3-day combination analysis solving for 73   DESCRIPTION         
times 256, or 18688 VTEC parameters and 3 daily sets of     DESCRIPTION         
GNSS code bias parameters.                                  DESCRIPTION         
Contact address: code(at)aiub.unibe.ch                      DESCRIPTION         
Data archive:    ftp.aiub.unibe.ch/CODE/                    DESCRIPTION         
                 www.aiub.unibe.ch/download/CODE/           DESCRIPTION         
  2023     4    23     0     0     0                        EPOCH OF FIRST MAP  
  2023     4    24     0     0     0                        EPOCH OF LAST MAP   
  3600                                                      INTERVAL            
[...]
brux bshm cags cas1 ccj2 cedu chpg chpi chti chur cnmr coco COMMENT             
cord cpvg cpxf crar cro1 daej darw dav1 dgar dhlg drao dubo COMMENT             
ebre faa1 fair flin flrs frdn ftna func ganp glps glsv gode COMMENT             
godz gol2 gold gope gras graz guam guug harb hers hert hlfx COMMENT             
hnpt hob2 hofn holb hrao hyde iddr ieng iisc ineg invk iqal COMMENT             
irkj isba jog2 joz2 joze kerg kir0 kiri kiru kit3 kokb kokv COMMENT             
kouc koug kour krgg lama laut lmmf lpal lpgs m0se mac1 madr COMMENT             
mal2 mana mas1 mat1 mate maw1 mcil mcm4 mdo1 mdvj medi mets COMMENT             
mgue mizu mkea mnls mobs morp mqzg mro1 nano nico nist nium COMMENT             
nklg nlib nnor not1 nrc1 nrmd ntus nya1 nyal ohi2 onsa opmt COMMENT             
ous2 pado park pdel penc pert pie1 pimo pohn pol2 polv pots COMMENT             
pove prds ptag ptbb ptvl qaq1 quin rabt ramo reun reyk rgdg COMMENT             
rio2 riop salu samo sant savo sch2 scor scrz sctb seyg sfer COMMENT             
shao sofi spt0 ssia sthl stjo stk2 str2 suth sutm suwn sydn COMMENT             
syog tabv tash thtg thti thu2 tid1 tidb tlse tn22 tong tow2 COMMENT             
tro1 tsea tskb tuva twtf txes uclu ufpr ulab unb3 unbj unsa COMMENT             
urum usn7 usud vald vill voim vtsp wab1 wab2 wark wgtn whit COMMENT             
will wind wsrt wtza wtzl wtzr wtzs wuhn xmis yar2 yar3 yarr COMMENT             
yell ykro zamb zeck zim2 zim3 zimm                          COMMENT             
                                                            END OF HEADER       
[from data line 9438]
    23                                                      START OF TEC MAP    
  2023     4    23    22     0     0                        EPOCH OF CURRENT MAP
    87.5 -180.0 180.0   5.0 450.0                            LAT/LON1/LON2/DLON/H
   27   33   38   44   50   57   64   71   78   85   92   98  105  112  118  125
  131  136  141  146  150  154  157  160  162  163  164  164  164  163  161  159
  157  153  149  145  140  135  130  124  118  111  105   98   91   84   77   70
   63   57   50   44   38   32   27   22   18   14   11    8    6    4    4    3
    4    4    6    8   11   14   18   22   27
    85.0 -180.0 180.0   5.0 450.0                            LAT/LON1/LON2/DLON/H
    0    0    2   12   23   34   46   58   70   82   94  106  118  130  141  152
  163  173  182  191  199  205  211  216  220  223  225  225  225  223  221  217
  213  207  201  193  185  176  167  157  146  135  124  112  100   88   76   64
   52   40   29   18    7    0    0    0    0    0    0    0    0    0    0    0
    0    0    0    0    0    0    0    0    0
    82.5 -180.0 180.0   5.0 450.0                            LAT/LON1/LON2/DLON/H
    0    0    0    0    7   20   34   47   61   75   89  103  117  131  145  159
  172  185  197  209  219  228  236  243  248  252  255  256  256  255  252  248
  243  237  230  221  212  202  190  178  166  153  140  126  112   98   84   70
   56   43   29   16    3    0    0    0    0    0    0    0    0    0    0    0
    0    0    0    0    0    0    0    0    0
    80.0 -180.0 180.0   5.0 450.0                            LAT/LON1/LON2/DLON/H
    0    0    0    0    7   19   30   42   54   66   78   90  103  116  130  144
  158  173  187  200  213  224  233  240  246  251  253  255  256  255  254  251
  248  243  236  229  220  210  199  188  176  164  151  139  127  114  102   89
   76   64   51   39   27   15    4    0    0    0    0    0    0    0    0    0
    0    0    0    0    0    0    0    0    0
    77.5 -180.0 180.0   5.0 450.0                            LAT/LON1/LON2/DLON/H
    0    0    5   14   22   30   38   45   53   60   67   74   83   92  103  116
  130  145  161  176  189  201  211  218  223  227  229  230  232  233  234  234
  233  231  227  222  215  206  197  187  177  168  158  149  141  133  124  116
  107   98   89   80   71   63   55   48   41   34   27   20   13    6    0    0
    0    0    0    0    0    0    0    0    0
    75.0 -180.0 180.0   5.0 450.0                            LAT/LON1/LON2/DLON/H
   31   35   39   44   49   53   57   60   63   64   65   66   68   72   78   88
  100  115  132  149  164  177  186  192  194  195  195  195  196  199  203  208
  211  213  213  210  205  197  189  180  172  165  160  155  152  149  146  143
  139  135  130  126  122  118  116  114  112  109  106  102   96   88   79   69
   59   49   41   34   29   26   26   28   31
    72.5 -180.0 180.0   5.0 450.0                            LAT/LON1/LON2/DLON/H
   73   75   77   80   82   84   86   87   86   84   81   76   71   67   67   71
   81   96  114  134  151  165  174  176  174  170  165  162  163  167  175  185
  194  200  203  202  196  188  179  170  163  158  156  156  158  160  162  163
  164  163  162  162  163  165  169  173  178  182  184  183  179  171  161  148
  134  119  105   93   84   78   74   73   73
    70.0 -180.0 180.0   5.0 450.0                            LAT/LON1/LON2/DLON/H
  108  108  109  111  113  115  119  122  123  122  117  109   98   86   77   75
   80   93  113  136  157  173  181  180  171  160  148  140  139  145  157  171
  185  196  201  200  194  184  172  161  153  149  149  152  158  163  169  172
  174  175  176  179  183  191  200  211  223  233  240  244  242  235  224  208
  190  171  153  137  125  116  111  109  108
    67.5 -180.0 180.0   5.0 450.0                            LAT/LON1/LON2/DLON/H
  129  129  130  132  134  140  148  157  166  172  172  164  149  129  111   98
   96  107  127  153  179  198  206  201  186  165  146  132  129  135  149  168
  186  200  206  205  196  183  168  154  144  140  140  145  152  159  164  167
  169  169  169  172  179  189  203  220  237  253  265  272  272  266  254  237
  216  194  174  157  144  135  130  129  129
    65.0 -180.0 180.0   5.0 450.0                            LAT/LON1/LON2/DLON/H
  135  137  138  139  143  151  165  185  207  225  235  233  217  191  161  137
  124  128  147  175  205  228  237  229  208  180  153  134  126  132  148  169
  190  205  211  208  197  181  164  148  137  131  131  136  142  148  151  152
  150  147  145  147  153  165  182  202  223  242  257  266  267  262  249  231
  210  188  167  151  140  134  132  133  135
    62.5 -180.0 180.0   5.0 450.0                            LAT/LON1/LON2/DLON/H
  132  135  136  135  138  148  167  197  233  269  294  302  290  259  219  180
  154  147  161  189  222  248  259  251  227  194  161  137  127  131  146  167
  187  201  206  203  191  175  158  142  130  124  123  126  130  133  134  130
  124  117  112  111  117  130  147  168  190  209  224  232  234  228  216  198
  178  158  141  128  121  120  122  128  132
    60.0 -180.0 180.0   5.0 450.0                            LAT/LON1/LON2/DLON/H
  128  132  131  127  125  132  153  189  239  291  334  357  352  321  272  220
  179  158  162  185  217  246  260  254  230  196  162  136  124  126  139  157
  173  183  187  183  173  160  146  133  123  117  115  116  118  118  115  108
   98   87   80   78   84   96  113  132  151  168  180  187  187  180  169  153
  136  120  108  100   99  103  111  120  128
    57.5 -180.0 180.0   5.0 450.0                            LAT/LON1/LON2/DLON/H
  129  133  131  122  113  113  128  165  222  287  347  386  393  367  315  252
  196  160  150  163  190  217  234  232  213  184  152  128  116  117  125  137
  146  151  152  149  144  138  130  122  115  110  107  106  106  104   99   90
   78   66   58   56   62   73   89  105  120  133  141  144  141  134  123  111
   98   87   81   79   83   93  105  118  129
    55.0 -180.0 180.0   5.0 450.0                            LAT/LON1/LON2/DLON/H
  139  145  142  129  112  100  105  134  189  260  332  386  408  392  344  278
  211  161  134  133  149  171  188  191  180  159  135  117  107  107  111  115
  116  114  111  110  110  112  112  111  107  103   99   97   96   93   87   78
   66   56   49   49   56   67   81   94  105  112  115  114  110  103   93   84
   75   70   70   74   82   95  110  126  139
    52.5 -180.0 180.0   5.0 450.0                            LAT/LON1/LON2/DLON/H
  158  168  167  153  130  106   96  110  154  222  298  363  400  399  364  303
  234  172  130  111  111  124  138  145  143  132  118  108  103  104  105  102
   94   85   78   77   82   90   98  101  100   97   93   90   88   86   81   73
   64   56   52   55   64   76   88   98  104  107  107  105  100   93   85   78
   73   73   77   85   97  110  126  143  158
    50.0 -180.0 180.0   5.0 450.0                            LAT/LON1/LON2/DLON/H
  184  199  205  195  170  138  112  108  134  188  259  329  379  398  381  336
  273  208  153  116   99   98  106  115  118  115  111  109  112  116  117  110
   96   79   66   63   70   82   92   98   97   94   89   87   85   84   81   75
   68   63   63   69   80   92  103  111  115  116  115  113  108  102   96   91
   90   93  100  110  122  135  149  166  184
    47.5 -180.0 180.0   5.0 450.0                            LAT/LON1/LON2/DLON/H
  212  235  252  252  232  197  160  137  142  177  235  302  361  398  405  382
  335  274  212  161  127  112  111  116  121  122  122  127  137  148  154  148
  130  107   89   80   83   92  101  104  102   97   92   89   89   88   86   81
   76   74   76   84   96  109  119  126  129  131  132  132  130  126  121  118
  118  122  131  141  152  163  174  190  212
    45.0 -180.0 180.0   5.0 450.0                            LAT/LON1/LON2/DLON/H
  240  273  304  319  311  280  238  202  187  200  239  297  358  409  439  441
  415  367  307  249  203  175  164  161  159  156  155  162  179  200  216  216
  199  172  147  130  125  125  126  123  116  109  104  101  100   99   96   91
   86   84   87   95  108  120  130  136  140  145  151  155  157  155  152  149
  149  153  161  171  180  189  198  214  240
    42.5 -180.0 180.0   5.0 450.0                            LAT/LON1/LON2/DLON/H
  269  312  357  390  397  377  338  297  268  261  281  324  380  438  485  509
  505  475  425  368  318  282  261  247  232  217  206  211  233  267  296  306
  294  266  234  207  189  177  166  153  141  131  125  122  120  116  110  104
   98   94   96  103  114  125  134  140  147  156  166  176  181  181  180  178
  178  181  187  195  204  212  221  238  269
    40.0 -180.0 180.0   5.0 450.0                            LAT/LON1/LON2/DLON/H
  302  354  413  461  484  477  448  409  375  356  360  386  432  487  540  578
  592  580  545  499  453  416  388  362  330  295  270  268  295  340  383  406
  400  372  333  296  266  240  216  193  174  161  155  151  146  138  128  118
  110  105  105  110  118  127  135  141  149  162  178  192  199  201  201  200
  201  202  206  214  224  234  246  267  302
    37.5 -180.0 180.0   5.0 450.0                            LAT/LON1/LON2/DLON/H
  346  404  472  531  565  571  553  524  494  472  466  478  510  554  602  641
  664  666  649  618  584  553  522  485  435  380  338  328  356  411  466  499
  498  469  426  381  341  303  268  236  211  196  189  183  174  161  147  134
  125  119  116  118  124  131  136  142  152  168  188  203  212  215  216  218
  220  221  224  231  245  261  279  305  346
    35.0 -180.0 180.0   5.0 450.0                            LAT/LON1/LON2/DLON/H
  404  467  539  602  642  655  648  630  610  594  586  591  609  637  669  697
  717  726  723  709  691  669  640  595  532  461  405  387  416  475  535  569
  568  538  493  446  401  358  315  276  246  228  219  211  198  180  163  150
  141  136  132  132  135  139  142  147  158  176  197  214  221  224  228  234
  239  241  243  252  271  296  323  357  404
    32.5 -180.0 180.0   5.0 450.0                            LAT/LON1/LON2/DLON/H
  477  543  616  678  717  731  730  722  714  709  707  712  722  734  744  752
  758  764  767  767  761  749  724  678  609  529  467  447  474  530  584  610
  601  567  523  479  437  394  349  307  273  251  239  228  212  192  174  164
  159  156  152  151  152  153  154  157  167  187  209  224  229  232  239  252
  262  266  269  280  306  342  381  424  477
    30.0 -180.0 180.0   5.0 450.0                            LAT/LON1/LON2/DLON/H
  560  630  703  762  795  805  803  801  803  809  819  831  840  841  831  815
  801  796  797  799  799  791  770  728  662  586  527  509  532  577  611  617
  593  553  513  477  444  408  366  323  285  260  244  230  213  194  179  174
  175  175  173  170  169  169  167  168  178  198  221  235  238  241  253  273
  290  297  301  316  349  397  448  500  560
    27.5 -180.0 180.0   5.0 450.0                            LAT/LON1/LON2/DLON/H
  643  718  793  851  880  884  877  873  879  894  916  941  958  956  934  898
  864  843  833  827  820  808  788  751  696  634  588  574  591  615  619  594
  549  502  467  444  425  399  364  321  282  252  233  219  203  187  178  179
  187  191  189  185  182  180  177  175  184  205  230  244  247  250  268  296
  320  331  337  355  397  455  517  578  643
    25.0 -180.0 180.0   5.0 450.0                            LAT/LON1/LON2/DLON/H
  715  795  876  938  968  969  957  948  950  967  999 1038 1069 1076 1053 1008
  962  925  899  874  848  821  794  762  722  680  649  641  646  642  608  547
  478  425  397  388  383  370  342  303  263  231  211  198  186  176  173  181
  193  199  197  191  186  182  176  173  180  203  230  247  251  258  282  318
  349  363  371  393  442  509  578  644  715
    22.5 -180.0 180.0   5.0 450.0                            LAT/LON1/LON2/DLON/H
  763  850  940 1012 1050 1055 1042 1026 1020 1033 1068 1119 1168 1192 1181 1143
 1096 1052 1009  959  904  851  810  779  751  726  708  700  689  651  578  482
  393  337  317  321  328  324  305  273  235  204  186  177  171  166  168  179
  192  198  193  184  178  172  164  158  164  188  219  240  250  262  291  334
  370  387  398  424  478  550  622  690  763
    20.0 -180.0 180.0   5.0 450.0                            LAT/LON1/LON2/DLON/H
  782  872  972 1058 1112 1131 1123 1104 1089 1092 1124 1182 1247 1293 1306 1289
 1257 1216 1162 1088 1000  916  853  813  789  770  756  739  705  634  526  404
  304  250  239  251  265  268  258  235  205  179  166  164  165  165  168  177
  186  188  180  168  159  152  142  133  136  161  195  224  241  259  294  341
  380  399  412  442  501  574  645  710  782
    17.5 -180.0 180.0   5.0 450.0                            LAT/LON1/LON2/DLON/H
  771  860  966 1066 1139 1177 1183 1169 1148 1141 1165 1224 1299 1366 1407 1422
 1418 1394 1341 1250 1133 1018  928  871  835  808  779  743  682  584  453  320
  221  175  172  186  200  208  207  197  181  166  162  167  174  175  174  175
  178  173  160  145  136  128  117  104  104  127  164  199  224  251  291  340
  378  398  414  449  509  582  646  704  771
    15.0 -180.0 180.0   5.0 450.0                            LAT/LON1/LON2/DLON/H
  737  819  923 1030 1118 1177 1204 1201 1183 1170 1186 1238 1316 1396 1464 1515
 1547 1552 1512 1418 1285 1144 1028  945  883  828  769  702  615  499  362  235
  151  118  120  132  141  149  160  168  169  169  176  188  198  196  186  176
  168  156  140  124  115  108   96   81   76   94  131  171  205  239  284  332
  369  389  408  446  508  576  632  679  737
    12.5 -180.0 180.0   5.0 450.0                            LAT/LON1/LON2/DLON/H
  692  761  852  953 1047 1123 1171 1187 1179 1168 1178 1221 1292 1377 1463 1545
 1615 1655 1640 1559 1424 1271 1132 1018  919  821  720  618  509  390  266  163
  102   85   89   92   92  100  122  151  174  190  206  222  231  222  200  177
  159  142  124  108  101   97   87   70   59   71  103  145  186  229  277  323
  357  377  399  440  501  563  610  647  692
    10.0 -180.0 180.0   5.0 450.0                            LAT/LON1/LON2/DLON/H
  651  701  770  851  937 1018 1082 1119 1130 1130 1139 1172 1229 1306 1399 1501
 1601 1675 1692 1637 1519 1368 1215 1071  929  784  638  504  385  278  185  116
   84   80   81   71   59   67  102  152  195  223  244  260  263  246  212  177
  150  130  113  101   97   97   90   73   58   61   86  127  173  223  274  319
  350  370  395  438  497  551  590  618  651
     7.5 -180.0 180.0   5.0 450.0                            LAT/LON1/LON2/DLON/H
  626  657  697  746  809  882  953 1007 1038 1055 1070 1094 1134 1195 1280 1388
 1505 1603 1652 1631 1542 1407 1251 1084  906  719  539  387  274  195  142  113
  106  108  100   75   51   57  103  169  226  261  280  290  285  259  215  172
  141  122  108   99   99  104  103   90   72   65   81  118  167  223  278  322
  351  372  401  445  499  546  578  601  626
     5.0 -180.0 180.0   5.0 450.0                            LAT/LON1/LON2/DLON/H
  624  640  650  663  692  744  809  871  921  956  980  999 1021 1060 1127 1225
 1342 1451 1522 1534 1481 1372 1224 1047  848  639  446  298  209  170  161  167
  175  173  149  106   71   76  127  200  261  293  304  303  289  256  208  162
  131  115  104   99  102  112  118  111   93   79   85  117  169  231  289  334
  363  387  418  463  510  550  578  602  624
     2.5 -180.0 180.0   5.0 450.0                            LAT/LON1/LON2/DLON/H
  646  655  643  622  616  638  686  746  804  853  886  902  908  924  967 1043
 1143 1245 1325 1362 1342 1263 1132  962  765  563  386  267  218  224  256  284
  292  275  229  168  123  122  170  239  291  311  308  294  272  236  189  147
  119  107   99   95   99  113  127  128  113   95   93  120  174  242  306  353
  383  411  446  489  529  561  589  619  646
