ionex_files/corrected/COD0OPSFIN_20231130000_01D_01H_GIM.INX
     1.0            IONOSPHERE MAPS     GNSS                IONEX VERSION / TYPE
ADDNEQ2 V5.5        AIUB                27-APR-23 21:35     PGM / RUN BY / DATE 
CODE'S GLOBAL IONOSPHERE MAPS FOR DAY 113, 2023             COMMENT             
Global ionosphere maps (GIM) are generated on a daily basis DESCRIPTION         
at CODE using data from about 300 GNSS sites of the IGS and DESCRIPTION         
other institutions. The vertical total electron content     DESCRIPTION         
(VTEC) is modeled in a solar-geomagnetic reference frame    DESCRIPTION         
using a spherical harmonics expansion up to degree and      DESCRIPTION         
order 15. Piece-wise linear functions are used for          DESCRIPTION         
representation in the time domain. The time spacing of      DESCRIPTION         
their vertices is 1 hour, conforming with the epochs of the DESCRIPTION         
VTEC maps.                                                  DESCRIPTION         
To convert line-of-sight TEC into vertical TEC, a modified  DESCRIPTION         
single-layer model mapping function approximating the JPL   DESCRIPTION         
extended slab model mapping function is adopted. The        DESCRIPTION         
mapping function is evaluated at geodetic satellite         DESCRIPTION         
elevation angles. For the computation of the ionospheric    DESCRIPTION         
pierce points, a spherical layer with a radius of 6821 km   DESCRIPTION         
is assumed, implying geocentric, not geodetic IONEX         DESCRIPTION         
latitudes.                                                  DESCRIPTION         
Instrumental biases with respect to each involved GNSS code DESCRIPTION         
observable are estimated as constant values for each        DESCRIPTION         
day. They are modeled with one set of bias parameters for   DESCRIPTION         
each satellite and each station in case of GPS and for each DESCRIPTION         
satellite-station link in case of GLONASS. The code bias    DESCRIPTION         
datum is defined by zero-mean conditions imposed on the     DESCRIPTION         
satellite bias estimates. In this file, just GPS C1W-C2W    DESCRIPTION         
satellite and station bias values are included. The         DESCRIPTION         
complete set of GNSS code bias results is provided in an    DESCRIPTION         
additional Bias-SINEX file as pseudo-absolute values        DESCRIPTION         
specific to each observable.                                DESCRIPTION         
Note: These GIM results correspond to the results for the   DESCRIPTION         
middle day of a 3-day combination analysis solving for 73   DESCRIPTION         
times 256, or 18688 VTEC parameters and 3 daily sets of     DESCRIPTION         
GNSS code bias parameters.                                  DESCRIPTION         
Contact address: code(at)aiub.unibe.ch                      DESCRIPTION         
Data archive:    ftp.aiub.unibe.ch/CODE/                    DESCRIPTION         
                 www.aiub.unibe.ch/download/CODE/           DESCRIPTION         
  2023     4    23     0     0     0                        EPOCH OF FIRST MAP  
  2023     4    24     0     0     0                        EPOCH OF LAST MAP   
  3600                                                      INTERVAL            
[...]
brux bshm cags cas1 ccj2 cedu chpg chpi chti chur cnmr coco COMMENT             
cord cpvg cpxf crar cro1 daej darw dav1 dgar dhlg drao dubo COMMENT             
ebre faa1 fair flin flrs frdn ftna func ganp glps glsv gode COMMENT             
godz gol2 gold gope gras graz guam guug harb hers hert hlfx COMMENT             
hnpt hob2 hofn holb hrao hyde iddr ieng iisc ineg invk iqal COMMENT             
irkj isba jog2 joz2 joze kerg kir0 kiri kiru kit3 kokb kokv COMMENT             
kouc koug kour krgg lama laut lmmf lpal lpgs m0se mac1 madr COMMENT             
mal2 mana mas1 mat1 mate maw1 mcil mcm4 mdo1 mdvj medi mets COMMENT             
mgue mizu mkea mnls mobs morp mqzg mro1 nano nico nist nium COMMENT             
nklg nlib nnor not1 nrc1 nrmd ntus nya1 nyal ohi2 onsa opmt COMMENT             
ous2 pado park pdel penc pert pie1 pimo pohn pol2 polv pots COMMENT             
pove prds ptag ptbb ptvl qaq1 quin rabt ramo reun reyk rgdg COMMENT             
rio2 riop salu samo sant savo sch2 scor scrz sctb seyg sfer COMMENT             
shao sofi spt0 ssia sthl stjo stk2 str2 suth sutm suwn sydn COMMENT             
syog tabv tash thtg thti thu2 tid1 tidb tlse tn22 tong tow2 COMMENT             
tro1 tsea tskb tuva twtf txes uclu ufpr ulab unb3 unbj unsa COMMENT             
urum usn7 usud vald vill voim vtsp wab1 wab2 wark wgtn whit COMMENT             
will wind wsrt wtza wtzl wtzr wtzs wuhn xmis yar2 yar3 yarr COMMENT             
yell ykro zamb zeck zim2 zim3 zimm                          COMMENT             
                                                            END OF HEADER       
[from data line 8580]
    21                                                      START OF TEC MAP    
  2023     4    23    20     0     0                        EPOCH OF CURRENT MAP
    87.5 -180.0 180.0   5.0 450.0                            LAT/LON1/LON2/DLON/H
   73   75   77   79   82   84   86   89   91   93   96   98  100  102  104  106
  107  109  110  111  112  112  112  112  112  112  111  111  110  109  107  106
  104  103  101   99   97   95   93   92   90   88   86   84   82   80   78   77
   75   74   72   71   70   69   68   67   66   65   65   64   64   64   64   64
   64   65   66   66   67   69   70   72   73
    85.0 -180.0 180.0   5.0 450.0                            LAT/LON1/LON2/DLON/H
   61   64   67   71   76   80   85   90   95  100  105  109  114  118  122  126
  129  132  134  136  138  139  140  140  139  139  137  136  134  131  129  126
  123  120  117  113  110  107  103  100   96   93   90   87   84   81   78   76
   73   71   69   66   64   63   61   59   58   57   55   54   53   52   51   51
   51   51   51   51   52   54   56   58   61
    82.5 -180.0 180.0   5.0 450.0                            LAT/LON1/LON2/DLON/H
   49   52   57   62   68   74   81   88   95  102  109  116  123  129  135  140
  145  150  154  157  160  162  164  164  164  163  162  159  157  153  150  146
  142  138  133  129  125  121  117  113  109  105  101   97   94   90   87   84
   81   79   76   74   72   70   68   66   64   63   61   59   57   55   53   51
   49   47   46   44   44   44   45   46   49
    80.0 -180.0 180.0   5.0 450.0                            LAT/LON1/LON2/DLON/H
   41   44   48   53   60   67   75   83   92  100  109  117  125  132  139  147
  153  160  166  172  177  181  184  186  187  187  185  182  179  175  170  165
  160  156  151  147  143  138  134  130  126  123  119  115  112  108  105  102
   99   97   95   92   90   89   87   86   84   83   81   79   77   74   71   67
   63   58   54   49   45   42   41   40   41
    77.5 -180.0 180.0   5.0 450.0                            LAT/LON1/LON2/DLON/H
   41   41   44   49   55   62   70   79   87   96  105  113  121  129  137  146
  154  163  171  180  189  196  203  207  210  210  209  205  201  195  190  184
  178  174  169  165  162  158  155  151  148  144  141  137  134  131  128  126
  123  121  119  117  116  114  113  112  112  111  111  110  109  107  103   99
   92   85   76   68   59   52   46   42   41
    75.0 -180.0 180.0   5.0 450.0                            LAT/LON1/LON2/DLON/H
   49   47   48   51   56   62   69   77   84   93  101  109  117  125  133  141
  151  161  173  186  198  210  221  229  233  235  233  228  222  214  207  199
  193  188  184  181  179  176  174  171  168  165  162  159  156  154  152  150
  148  146  145  143  142  140  139  139  140  141  143  145  146  147  145  140
  133  123  111   98   85   72   62   54   49
    72.5 -180.0 180.0   5.0 450.0                            LAT/LON1/LON2/DLON/H
   66   62   61   62   65   68   73   79   85   93  100  109  117  124  132  140
  150  161  175  191  208  225  240  251  257  259  256  249  239  229  219  210
  203  198  194  192  190  188  187  184  182  179  177  174  172  171  170  169
  168  167  166  164  162  160  159  159  160  163  168  174  180  185  187  185
  179  168  153  136  118  100   85   74   66
    70.0 -180.0 180.0   5.0 450.0                            LAT/LON1/LON2/DLON/H
   87   82   80   79   80   80   82   85   90   97  106  116  125  134  141  148
  156  167  181  198  218  239  257  271  279  279  274  264  250  236  223  213
  205  199  196  194  192  191  190  188  186  184  182  180  179  178  178  178
  179  179  178  176  173  170  167  166  167  171  179  189  201  212  220  223
  220  210  194  173  151  129  111   97   87
    67.5 -180.0 180.0   5.0 450.0                            LAT/LON1/LON2/DLON/H
  108  103  101  100   98   95   92   92   96  105  118  132  145  156  163  168
  173  180  192  208  229  250  270  284  291  290  282  268  252  235  220  208
  199  193  189  187  185  184  182  180  178  177  175  174  174  174  175  176
  178  178  178  176  173  168  163  159  159  164  174  188  205  223  238  247
  248  241  225  203  178  153  132  117  108
    65.0 -180.0 180.0   5.0 450.0                            LAT/LON1/LON2/DLON/H
  122  120  120  119  115  108  102   99  103  115  134  156  176  191  199  201
  201  202  208  220  237  256  274  286  291  287  276  260  242  224  209  197
  188  182  177  174  170  168  165  163  161  160  159  159  159  160  161  163
  165  167  167  166  162  156  149  143  141  144  154  171  192  215  236  252
  259  255  241  219  192  166  144  129  122
    62.5 -180.0 180.0   5.0 450.0                            LAT/LON1/LON2/DLON/H
  125  127  131  132  128  118  108  103  108  125  152  183  213  234  243  243
  236  229  227  231  242  255  267  274  274  267  255  239  223  208  196  185
  177  170  164  158  152  147  143  140  139  139  139  139  139  139  140  142
  144  146  148  147  144  137  129  121  117  118  127  144  166  193  218  239
  251  252  240  219  192  165  143  129  125
    60.0 -180.0 180.0   5.0 450.0                            LAT/LON1/LON2/DLON/H
  118  125  135  140  136  124  111  104  110  132  168  210  249  277  289  287
  274  259  248  243  244  248  251  250  244  234  223  211  200  192  184  177
  170  163  154  145  137  129  123  120  118  118  119  120  119  118  118  118
  119  122  124  125  123  118  110  101   94   93  100  114  135  161  188  211
  227  233  226  207  181  153  130  118  118
    57.5 -180.0 180.0   5.0 450.0                            LAT/LON1/LON2/DLON/H
  103  116  131  141  140  128  114  105  112  139  182  232  280  314  329  325
  309  288  270  256  247  240  232  220  208  196  187  183  181  181  180  178
  172  164  153  140  128  118  110  106  105  105  106  106  105  102   99   97
   96   98  101  104  104  102   95   87   80   77   80   90  107  129  153  176
  195  205  203  188  163  135  112  101  103
    55.0 -180.0 180.0   5.0 450.0                            LAT/LON1/LON2/DLON/H
   87  103  124  140  143  134  120  112  119  148  194  249  301  339  356  353
  337  314  293  274  257  239  219  196  177  164  160  164  173  182  188  188
  184  174  161  146  131  118  109  104  102  102  103  102  100   95   89   83
   80   80   83   87   90   91   88   82   76   72   72   78   88  103  121  142
  162  177  180  170  148  120   95   83   87
    52.5 -180.0 180.0   5.0 450.0                            LAT/LON1/LON2/DLON/H
   76   95  120  141  149  145  134  127  136  164  209  262  313  350  369  369
  356  338  319  301  280  253  222  190  164  151  151  163  180  196  206  209
  204  193  179  162  145  131  120  114  111  110  109  108  104   98   89   81
   74   71   73   77   83   87   87   85   81   78   77   78   81   87   98  115
  135  153  163  159  140  113   87   73   76
    50.0 -180.0 180.0   5.0 450.0                            LAT/LON1/LON2/DLON/H
   78   96  124  149  163  164  158  156  165  191  230  276  320  353  372  375
  369  359  349  336  317  287  249  209  178  164  168  185  206  223  234  236
  230  220  205  188  171  156  144  135  129  126  124  121  117  110  100   89
   79   73   72   75   82   88   93   94   94   93   91   89   86   84   87   98
  117  139  155  158  145  120   93   77   78
    47.5 -180.0 180.0   5.0 450.0                            LAT/LON1/LON2/DLON/H
   95  112  139  166  185  192  194  197  209  231  262  296  329  355  371  378
  380  381  383  381  368  340  299  255  222  207  211  227  246  259  266  265
  260  251  239  224  208  191  177  165  156  149  145  141  136  129  119  107
   94   84   80   81   87   95  102  107  109  110  110  106   99   91   88   94
  111  135  158  168  161  140  114   96   95
    45.0 -180.0 180.0   5.0 450.0                            LAT/LON1/LON2/DLON/H
  127  142  167  194  215  228  237  248  264  283  305  327  347  364  378  387
  395  406  419  429  426  405  367  324  291  274  275  285  295  299  299  296
  293  289  282  270  253  235  216  200  186  176  169  164  159  152  142  130
  115  102   94   92   97  105  113  120  125  128  128  125  116  105   97  100
  115  141  167  184  184  168  146  130  127
    42.5 -180.0 180.0   5.0 450.0                            LAT/LON1/LON2/DLON/H
  172  185  207  232  253  270  285  304  324  344  359  369  379  389  398  408
  418  433  453  473  482  471  441  404  373  355  350  350  346  338  332  329
  333  337  336  326  309  286  261  239  220  205  195  188  182  176  166  153
  137  122  111  107  110  117  126  134  139  143  144  142  134  122  113  114
  128  153  181  201  207  200  185  173  172
    40.0 -180.0 180.0   5.0 450.0                            LAT/LON1/LON2/DLON/H
  223  236  257  278  297  314  334  359  386  407  419  423  426  431  438  445
  451  462  482  507  525  525  507  479  453  436  424  411  394  376  366  369
  383  398  403  395  373  343  311  281  256  236  222  213  205  197  186  172
  156  140  128  123  125  132  141  149  153  156  157  155  149  139  131  132
  144  168  194  216  227  229  224  220  223
    37.5 -180.0 180.0   5.0 450.0                            LAT/LON1/LON2/DLON/H
  275  292  312  331  347  362  383  412  443  468  480  483  485  491  497  499
  495  495  506  528  549  559  552  535  518  503  487  464  436  413  406  420
  448  474  485  475  446  406  364  325  293  268  250  237  226  214  200  185
  169  155  144  138  141  149  158  165  168  168  167  165  160  154  149  151
  163  183  206  226  241  251  258  264  275
    35.0 -180.0 180.0   5.0 450.0                            LAT/LON1/LON2/DLON/H
  323  346  369  389  403  415  433  462  497  525  540  546  552  562  571  567
  550  532  527  538  557  570  572  567  559  550  533  506  475  454  458  487
  529  565  578  561  522  470  417  369  329  298  276  259  243  226  207  190
  176  164  156  153  157  166  177  183  184  180  176  172  169  165  164  170
  182  199  216  233  250  267  285  303  323
    32.5 -180.0 180.0   5.0 450.0                            LAT/LON1/LON2/DLON/H
  365  396  427  451  466  475  489  515  549  579  597  608  621  639  651  644
  614  577  551  546  555  566  572  575  577  576  564  540  514  504  522  566
  620  660  669  644  593  530  467  409  361  324  296  275  255  232  210  191
  178  171  168  168  173  183  195  202  201  194  185  179  174  173  176  185
  199  214  227  240  257  280  307  336  365
    30.0 -180.0 180.0   5.0 450.0                            LAT/LON1/LON2/DLON/H
  401  441  482  516  536  545  554  575  605  634  654  669  689  715  733  725
  687  635  591  567  561  562  563  569  579  587  585  571  558  563  596  651
  708  744  744  708  647  576  504  439  383  339  307  283  261  235  209  190
  181  179  180  182  187  197  210  218  216  206  194  184  177  177  183  197
  213  228  239  250  267  294  328  364  401
    27.5 -180.0 180.0   5.0 450.0                            LAT/LON1/LON2/DLON/H
  431  479  531  579  610  622  629  645  670  696  715  730  754  786  812  808
  769  710  655  615  591  574  564  565  578  595  605  606  609  629  671  727
  776  798  784  738  670  595  520  450  388  339  304  281  259  235  210  193
  188  191  195  197  199  207  219  227  226  215  200  186  178  177  185  202
  223  241  253  264  282  312  349  389  431
    25.0 -180.0 180.0   5.0 450.0                            LAT/LON1/LON2/DLON/H
  456  509  573  636  680  702  711  724  746  768  783  795  818  854  886  891
  860  807  750  701  658  619  590  580  590  612  632  647  665  694  736  779
  805  804  773  718  650  579  507  437  372  320  286  266  252  235  215  203
  202  209  214  213  209  211  220  228  228  217  200  184  174  172  181  200
  226  250  268  283  304  336  373  413  456
    22.5 -180.0 180.0   5.0 450.0                            LAT/LON1/LON2/DLON/H
  477  532  604  680  739  772  788  805  827  848  859  866  884  919  956  973
  960  923  876  825  767  704  651  624  625  645  670  693  719  749  777  792
  785  754  705  646  584  522  459  395  333  283  254  244  242  237  227  222
  225  234  236  228  215  208  212  220  220  210  193  177  166  163  171  192
  223  254  280  302  329  363  400  437  477
    20.0 -180.0 180.0   5.0 450.0                            LAT/LON1/LON2/DLON/H
  494  546  621  705  776  822  850  875  904  928  938  941  953  984 1024 1054
 1062 1051 1024  979  911  827  749  701  686  697  717  740  764  784  787  763
  715  652  587  528  475  428  380  328  276  235  216  219  234  245  247  249
  255  262  258  240  216  201  199  204  205  195  180  164  154  150  157  179
  212  250  286  318  352  390  426  459  494
    17.5 -180.0 180.0   5.0 450.0                            LAT/LON1/LON2/DLON/H
  509  554  624  708  785  841  881  920  961  994 1010 1012 1020 1046 1087 1128
 1159 1177 1176 1144 1072  972  873  802  768  760  766  779  793  793  763  698
  608  517  440  384  343  310  279  245  211  186  182  201  233  259  273  280
  285  287  276  248  214  190  182  185  185  176  161  148  139  136  142  162
  197  240  284  326  368  410  448  478  509
    15.0 -180.0 180.0   5.0 450.0                            LAT/LON1/LON2/DLON/H
  520  558  616  691  765  825  876  929  985 1034 1060 1069 1077 1100 1140 1189
 1239 1283 1308 1293 1224 1117 1002  912  855  824  808  803  800  778  716  613
  490  378  296  244  211  190  175  162  152  149  164  198  243  280  301  309
  311  305  285  249  207  178  167  168  167  157  142  130  124  123  128  145
  178  223  274  324  374  422  463  494  520
    12.5 -180.0 180.0   5.0 450.0                            LAT/LON1/LON2/DLON/H
  531  560  603  660  721  777  833  897  969 1033 1076 1098 1113 1137 1175 1226
 1287 1351 1398 1400 1341 1234 1113 1009  932  875  835  809  788  747  662  533
  391  272  191  142  110   92   87   97  114  137  170  215  265  305  326  330
  325  310  282  241  197  166  155  155  153  141  125  115  112  113  118  132
  160  204  257  313  369  423  470  505  531
    10.0 -180.0 180.0   5.0 450.0                            LAT/LON1/LON2/DLON/H
  542  565  592  627  667  711  763  831  911  989 1049 1089 1116 1145 1181 1229
 1293 1367 1428 1446 1400 1301 1184 1074  981  902  840  797  765  715  620  484
  341  227  153  104   65   39   37   64  108  157  205  252  297  330  343  339
  324  300  267  224  183  156  148  149  145  131  114  104  103  108  113  124
  147  187  239  297  357  416  470  512  542
     7.5 -180.0 180.0   5.0 450.0                            LAT/LON1/LON2/DLON/H
  556  579  592  605  621  645  685  746  825  908  981 1038 1081 1117 1151 1193
 1251 1325 1392 1420 1389 1306 1199 1092  992  900  824  775  742  695  608  484
  357  261  198  146   91   46   37   73  139  208  263  303  332  348  347  332
  306  276  240  201  166  147  144  146  142  126  107   97   99  107  114  122
  139  173  223  280  341  404  466  519  556
     5.0 -180.0 180.0   5.0 450.0                            LAT/LON1/LON2/DLON/H
  575  602  609  605  599  601  621  664  729  807  884  952 1009 1053 1086 1118
 1165 1229 1295 1329 1311 1246 1155 1059  963  871  795  751  730  700  635  537
  440  371  322  265  188  117   90  125  202  280  333  357  362  355  337  309
  276  241  206  173  148  137  139  145  140  124  104   94   98  109  118  125
  138  167  211  267  327  393  461  526  575
     2.5 -180.0 180.0   5.0 450.0                            LAT/LON1/LON2/DLON/H
  598  636  646  633  611  593  589  608  649  709  779  850  914  962  992 1014
 1046 1097 1154 1189 1181 1133 1062  983  902  823  763  737  737  733  697  633
  571  532  498  438  340  239  188  211  284  359  399  400  377  345  312  275
  237  201  169  144  129  126  133  139  136  120  101   92   97  112  124  131
  141  165  206  259  318  384  458  534  598
