ionex_files/corrected/COD0OPSFIN_20231120000_01D_01H_GIM.INX
     1.0            IONOSPHERE MAPS     GNSS                IONEX VERSION / TYPE
ADDNEQ2 V5.5        AIUB                26-APR-23 21:34     PGM / RUN BY / DATE 
CODE'S GLOBAL IONOSPHERE MAPS FOR DAY 112, 2023             COMMENT             
Global ionosphere maps (GIM) are generated on a daily basis DESCRIPTION         
at CODE using data from about 300 GNSS sites of the IGS and DESCRIPTION         
other institutions. The vertical total electron content     DESCRIPTION         
(VTEC) is modeled in a solar-geomagnetic reference frame    DESCRIPTION         
using a spherical harmonics expansion up to degree and      DESCRIPTION         
order 15. Piece-wise linear functions are used for          DESCRIPTION         
representation in the time domain. The time spacing of      DESCRIPTION         
their vertices is 1 hour, conforming with the epochs of the DESCRIPTION         
VTEC maps.                                                  DESCRIPTION         
To convert line-of-sight TEC into vertical TEC, a modified  DESCRIPTION         
single-layer model mapping function approximating the JPL   DESCRIPTION         
extended slab model mapping function is adopted. The        DESCRIPTION         
mapping function is evaluated at geodetic satellite         DESCRIPTION         
elevation angles. For the computation of the ionospheric    DESCRIPTION         
pierce points, a spherical layer with a radius of 6821 km   DESCRIPTION         
is assumed, implying geocentric, not geodetic IONEX         DESCRIPTION         
latitudes.                                                  DESCRIPTION         
Instrumental biases with respect to each involved GNSS code DESCRIPTION         
observable are estimated as constant values for each        DESCRIPTION         
day. They are modeled with one set of bias parameters for   DESCRIPTION         
each satellite and each station in case of GPS and for each DESCRIPTION         
satellite-station link in case of GLONASS. The code bias    DESCRIPTION         
datum is defined by zero-mean conditions imposed on the     DESCRIPTION         
satellite bias estimates. In this file, just GPS C1W-C2W    DESCRIPTION         
satellite and station bias values are included. The         DESCRIPTION         
complete set of GNSS code bias results is provided in an    DESCRIPTION         
additional Bias-SINEX file as pseudo-absolute values        DESCRIPTION         
specific to each observable.                                DESCRIPTION         
Note: These GIM results correspond to the results for the   DESCRIPTION         
middle day of a 3-day combination analysis solving for 73   DESCRIPTION         
times 256, or 18688 VTEC parameters and 3 daily sets of     DESCRIPTION         
GNSS code bias parameters.                                  DESCRIPTION         
Contact address: code(at)aiub.unibe.ch                      DESCRIPTION         
Data archive:    ftp.aiub.unibe.ch/CODE/                    DESCRIPTION         
                 www.aiub.unibe.ch/download/CODE/           DESCRIPTION         
  2023     4    22     0     0     0                        EPOCH OF FIRST MAP  
  2023     4    23     0     0     0                        EPOCH OF LAST MAP   
  3600                                                      INTERVAL            
[...]
brux bshm cags cas1 ccj2 cedu chpg chpi chti chur cnmr coco COMMENT             
cord cpvg cpxf crar cro1 daej darw dav1 dgar dhlg drao dubo COMMENT             
ebre faa1 fair flin flrs frdn ftna func ganp glps glsv gode COMMENT             
godz gol2 gold gope gras graz guam guug harb hers hert hlfx COMMENT             
hnpt hob2 hofn holb hrao hyde iddr ieng iisc ineg invk iqal COMMENT             
isba jog2 joz2 joze kerg kir0 kiri kiru kit3 kokb kokv kouc COMMENT             
koug kour krgg lama laut lmmf lpal lpgs m0se mac1 madr mal2 COMMENT             
mana mas1 mat1 mate maw1 mcm4 mdo1 mdvj medi mets mgue mizu COMMENT             
mkea mnls mobs morp mqzg mro1 mtka nano nico nist nium nklg COMMENT             
nlib nnor not1 nrc1 nrmd ntus nya1 nyal ohi2 onsa opmt ous2 COMMENT             
pado park pdel penc pert pie1 pimo pohn pol2 polv pots pove COMMENT             
prds ptag ptbb ptvl qaq1 quin rabt ramo reun reyk rgdg rio2 COMMENT             
riop salu samo sant savo sch2 scor sctb seyg sfer shao sofi COMMENT             
spt0 ssia sthl stjo stk2 str2 suth sutm suwn sydn syog tabv COMMENT             
tash thtg thti thu2 tid1 tidb tlse tn22 tong tow2 tro1 tsea COMMENT             
tskb tuva twtf txes uclu ufpr ulab unb3 unbj unsa urum usn7 COMMENT             
usud vald vill voim vtsp wab1 wab2 wark wgtn whit will wind COMMENT             
wsrt wtza wtzl wtzr wtzs wuhn xmis yar2 yar3 yarr yell ykro COMMENT             
zamb zeck zim2 zim3 zimm                                    COMMENT             
                                                            END OF HEADER       
[from data line 2574]
     7                                                      START OF TEC MAP    
  2023     4    22     6     0     0                        EPOCH OF CURRENT MAP
    87.5 -180.0 180.0   5.0 450.0                            LAT/LON1/LON2/DLON/H
  192  194  196  198  200  203  205  207  210  212  214  216  218  219  221  222
  223  223  224  224  223  223  222  221  220  219  217  216  214  212  211  209
  207  205  204  202  200  199  197  196  195  193  192  191  190  189  188  188
  187  186  186  185  185  184  184  184  183  183  183  183  183  183  183  183
  184  184  185  185  186  187  189  190  192
    85.0 -180.0 180.0   5.0 450.0                            LAT/LON1/LON2/DLON/H
  171  174  178  182  187  192  197  202  208  213  218  223  227  231  234  236
  238  238  238  238  236  234  232  229  225  222  218  214  211  207  204  201
  197  195  192  190  188  186  184  182  181  180  179  178  177  177  176  176
  176  176  177  177  177  177  177  177  177  177  176  175  174  173  172  170
  169  168  167  166  166  167  168  169  171
    82.5 -180.0 180.0   5.0 450.0                            LAT/LON1/LON2/DLON/H
  148  151  154  159  166  173  180  189  197  205  213  221  227  233  237  240
  242  242  241  239  236  231  226  221  215  208  202  197  191  186  182  179
  176  174  172  170  169  169  168  168  167  167  168  168  169  170  171  173
  175  177  180  182  185  187  189  191  192  192  191  190  187  184  180  175
  170  165  160  156  152  149  148  147  148
    80.0 -180.0 180.0   5.0 450.0                            LAT/LON1/LON2/DLON/H
  131  131  133  137  143  151  160  170  180  190  200  209  217  224  229  232
  234  234  232  228  223  216  208  200  191  182  174  167  161  156  152  150
  149  149  150  151  152  154  156  158  160  161  163  166  168  171  175  179
  184  190  196  202  209  215  221  225  229  231  232  230  227  221  214  205
  195  184  173  163  153  145  138  134  131
    77.5 -180.0 180.0   5.0 450.0                            LAT/LON1/LON2/DLON/H
  129  124  123  124  128  134  141  150  160  170  180  190  198  205  211  215
  216  216  214  209  203  194  184  174  163  152  143  135  128  124  122  122
  124  127  132  137  142  146  151  155  159  163  167  171  176  182  188  195
  203  213  223  233  244  255  265  274  282  287  290  290  287  280  270  257
  242  225  208  191  174  159  146  136  129
    75.0 -180.0 180.0   5.0 450.0                            LAT/LON1/LON2/DLON/H
  143  134  127  124  123  126  130  136  143  151  159  167  175  181  187  191
  193  193  192  188  181  173  163  151  139  127  117  108  102   99   99  102
  107  114  122  130  139  146  154  160  166  172  178  184  191  199  208  218
  229  241  254  268  282  297  312  325  337  347  353  355  353  347  336  321
  302  281  258  235  212  191  173  156  143
    72.5 -180.0 180.0   5.0 450.0                            LAT/LON1/LON2/DLON/H
  173  158  146  138  132  129  128  130  133  137  142  147  152  157  162  166
  169  171  171  169  165  158  149  138  126  114  103   94   88   86   87   92
  100  109  120  131  142  152  161  169  177  184  192  201  210  220  231  243
  256  269  283  298  314  330  347  363  379  392  402  408  409  405  395  380
  360  337  312  286  260  235  212  191  173
    70.0 -180.0 180.0   5.0 450.0                            LAT/LON1/LON2/DLON/H
  211  192  175  161  150  141  135  131  129  129  130  132  134  137  140  144
  148  152  155  156  155  151  144  135  124  112  101   92   86   84   86   91
  100  112  124  136  147  158  168  177  186  196  206  217  229  242  254  267
  280  292  305  317  331  345  361  377  394  409  423  433  438  437  430  418
  400  379  355  330  305  280  255  232  211
    67.5 -180.0 180.0   5.0 450.0                            LAT/LON1/LON2/DLON/H
  247  226  206  187  171  157  146  137  132  128  125  124  124  124  126  129
  134  139  144  148  150  149  145  138  129  118  108   99   92   89   91   97
  105  117  129  141  152  162  172  182  192  204  217  231  245  260  274  286
  297  307  315  323  330  339  350  363  378  394  409  422  431  434  432  424
  411  395  376  356  335  313  291  269  247
    65.0 -180.0 180.0   5.0 450.0                            LAT/LON1/LON2/DLON/H
  273  252  230  209  189  171  156  144  136  130  126  123  121  119  119  121
  125  130  136  142  146  148  147  142  135  126  116  107  100   97   97  102
  110  120  131  142  152  161  171  181  193  207  222  239  257  273  288  300
  308  314  316  316  316  316  319  325  335  349  364  378  390  397  399  397
  390  381  370  358  344  329  312  293  273
    62.5 -180.0 180.0   5.0 450.0                            LAT/LON1/LON2/DLON/H
  284  265  244  223  201  181  164  150  141  134  130  127  124  120  118  118
  120  124  129  135  139  142  142  140  135  129  120  112  105  100  100  104
  111  121  131  140  149  158  166  177  190  206  224  244  263  282  297  308
  314  315  311  304  295  286  279  277  281  290  302  316  329  338  343  345
  344  341  339  336  332  325  315  301  284
    60.0 -180.0 180.0   5.0 450.0                            LAT/LON1/LON2/DLON/H
  283  268  251  231  210  189  170  155  145  139  135  133  129  124  120  117
  117  119  122  125  128  129  130  129  127  124  118  111  104   99   98  102
  109  118  128  137  145  153  162  172  186  204  224  245  267  286  301  312
  316  314  307  294  278  261  246  236  232  235  243  254  266  274  280  283
  286  289  294  300  304  305  302  295  283
    57.5 -180.0 180.0   5.0 450.0                            LAT/LON1/LON2/DLON/H
  275  267  256  241  222  201  180  163  150  144  140  138  134  129  122  117
  114  113  113  113  113  112  112  113  114  113  111  105   99   94   93   97
  105  115  125  135  143  151  160  171  185  203  224  246  268  288  304  315
  319  317  309  294  275  254  232  215  204  201  204  211  219  225  228  230
  234  240  250  262  273  280  283  281  275
    55.0 -180.0 180.0   5.0 450.0                            LAT/LON1/LON2/DLON/H
  270  270  267  260  246  225  200  178  161  151  146  143  138  131  123  116
  111  109  106  103   99   95   94   96  100  104  104  100   94   89   88   93
  102  114  126  136  145  154  163  174  188  206  225  247  269  289  306  319
  326  327  321  309  291  268  245  223  206  196  194  197  200  202  201  200
  201  207  219  234  248  260  266  269  270
    52.5 -180.0 180.0   5.0 450.0                            LAT/LON1/LON2/DLON/H
  273  282  291  293  285  264  235  205  180  164  154  148  141  132  122  114
  109  106  103   98   91   85   83   87   95  102  105  102   95   90   89   94
  105  118  131  143  153  162  172  183  196  211  230  250  271  292  311  327
  338  343  343  337  324  304  281  257  236  222  214  212  211  209  203  197
  194  197  208  224  239  251  260  266  273
    50.0 -180.0 180.0   5.0 450.0                            LAT/LON1/LON2/DLON/H
  287  305  326  340  338  318  283  243  208  183  167  155  144  132  120  111
  107  106  105  100   93   86   85   91  103  114  118  115  106   99   97  102
  113  127  141  153  163  173  184  194  206  220  236  254  275  298  319  339
  355  366  373  374  368  354  333  308  285  266  255  249  245  239  229  218
  211  210  219  233  247  258  266  274  287
    47.5 -180.0 180.0   5.0 450.0                            LAT/LON1/LON2/DLON/H
  308  335  366  390  396  377  337  289  243  207  183  165  150  134  120  111
  109  111  113  111  106  101  102  111  126  139  144  138  126  116  112  117
  127  140  153  164  174  185  196  207  218  230  244  261  283  307  333  356
  377  393  406  413  414  406  388  364  338  317  302  294  288  280  268  255
  243  239  244  256  268  277  283  291  308
    45.0 -180.0 180.0   5.0 450.0                            LAT/LON1/LON2/DLON/H
  329  360  399  432  444  427  385  330  276  232  201  178  158  139  124  114
  114  120  127  130  128  126  130  143  161  175  178  169  153  138  132  135
  144  154  164  173  183  194  206  218  229  240  254  271  294  322  350  378
  401  421  437  450  455  452  437  413  386  362  345  335  329  321  310  295
  281  273  275  285  296  303  307  313  329
    42.5 -180.0 180.0   5.0 450.0                            LAT/LON1/LON2/DLON/H
  345  374  414  451  467  453  412  355  299  252  217  192  170  149  132  123
  123  132  144  152  155  157  164  180  200  214  215  201  180  161  153  154
  161  168  173  179  188  200  214  227  239  251  266  285  310  341  372  402
  427  447  465  479  489  488  475  451  423  397  378  368  362  356  345  330
  315  305  305  312  323  329  330  332  345
    40.0 -180.0 180.0   5.0 450.0                            LAT/LON1/LON2/DLON/H
  353  373  406  439  456  445  408  356  303  259  227  202  182  162  146  136
  137  147  161  173  181  187  197  215  235  249  246  227  201  180  170  171
  175  178  180  183  191  204  219  235  250  264  281  303  330  363  397  428
  453  472  489  505  516  517  506  483  455  429  409  397  391  385  376  361
  345  332  329  336  347  353  352  348  353
    37.5 -180.0 180.0   5.0 450.0                            LAT/LON1/LON2/DLON/H
  356  361  379  400  411  402  372  330  287  252  226  208  192  177  163  153
  153  161  177  192  203  212  224  242  261  272  266  244  215  192  183  183
  186  186  185  186  193  207  225  243  261  279  299  323  354  388  423  454
  477  496  513  530  543  548  539  519  494  469  449  435  426  419  409  393
  374  358  352  358  370  378  375  364  356
    35.0 -180.0 180.0   5.0 450.0                            LAT/LON1/LON2/DLON/H
  367  351  347  349  348  337  313  283  255  232  216  206  197  189  180  172
  169  176  190  207  220  230  242  257  274  282  274  249  219  197  189  191
  194  193  190  190  198  213  232  253  273  295  319  346  378  413  448  478
  501  520  540  561  580  589  586  571  551  531  512  496  482  469  455  436
  413  393  383  387  400  410  407  389  367
    32.5 -180.0 180.0   5.0 450.0                            LAT/LON1/LON2/DLON/H
  397  360  331  309  291  272  252  233  218  208  201  199  198  198  194  189
  186  190  202  218  232  242  251  263  276  281  270  245  216  197  192  196
  201  200  197  197  206  222  242  264  286  311  338  368  401  436  470  500
  524  547  573  602  629  647  652  646  636  623  608  588  567  545  523  499
  471  445  429  431  445  458  455  432  397
    30.0 -180.0 180.0   5.0 450.0                            LAT/LON1/LON2/DLON/H
  457  404  351  304  265  234  212  199  193  191  190  192  197  203  205  204
  201  203  213  229  243  252  257  264  271  273  261  237  211  194  192  199
  205  206  205  207  217  234  253  274  298  325  355  387  420  454  488  519
  547  576  611  652  691  720  735  741  743  741  731  709  679  646  615  584
  551  519  499  497  511  526  525  501  457
    27.5 -180.0 180.0   5.0 450.0                            LAT/LON1/LON2/DLON/H
  551  489  419  350  289  242  213  199  195  193  192  193  198  207  214  216
  214  215  225  241  255  262  262  263  264  263  251  230  206  192  192  200
  207  210  211  217  229  245  264  283  307  335  367  400  434  468  502  535
  568  606  652  706  758  798  824  842  858  869  866  843  805  763  724  688
  651  615  590  584  596  612  616  595  551
    25.0 -180.0 180.0   5.0 450.0                            LAT/LON1/LON2/DLON/H
  668  608  532  449  369  305  262  241  231  225  217  210  210  216  223  226
  226  229  239  256  270  275  270  264  260  255  244  224  204  191  190  197
  205  209  213  222  236  253  270  288  311  340  373  409  443  478  514  550
  588  633  690  754  816  865  900  929  958  982  987  967  925  877  834  797
  759  722  695  685  694  710  717  705  668
    22.5 -180.0 180.0   5.0 450.0                            LAT/LON1/LON2/DLON/H
  790  743  672  583  490  410  354  321  301  285  267  249  238  236  238  240
  240  243  255  273  287  289  281  268  258  250  239  221  203  190  187  190
  196  201  207  219  236  253  270  287  310  340  375  413  450  487  525  564
  605  655  716  786  853  905  944  980 1019 1054 1069 1054 1014  967  927  893
  860  827  799  787  790  803  814  812  790
    20.0 -180.0 180.0   5.0 450.0                            LAT/LON1/LON2/DLON/H
  893  866  807  721  624  534  466  422  393  368  340  310  286  271  263  259
  257  261  273  290  303  304  292  274  259  247  235  219  201  187  179  178
  180  184  192  206  226  246  264  283  307  338  375  415  456  496  537  577
  619  668  728  795  859  908  946  982 1026 1069 1093 1086 1054 1017  986  963
  939  913  888  874  871  877  888  897  893
    17.5 -180.0 180.0   5.0 450.0                            LAT/LON1/LON2/DLON/H
  955  947  905  828  733  642  570  521  487  458  426  389  352  323  302  288
  280  281  291  306  316  314  300  278  259  243  229  213  196  180  168  161
  158  160  169  185  208  232  255  277  303  337  377  420  464  508  551  592
  631  674  724  781  834  874  905  937  980 1025 1055 1058 1041 1020 1006  998
  986  969  950  934  923  920  927  942  955
    15.0 -180.0 180.0   5.0 450.0                            LAT/LON1/LON2/DLON/H
  963  970  941  875  788  703  636  592  563  539  511  474  432  390  354  327
  311  306  310  319  324  319  302  279  256  236  220  204  187  169  153  141
  134  134  143  160  186  216  245  273  303  339  381  428  475  522  566  606
  641  673  710  750  788  815  835  859  895  937  969  983  984  985  991 1000
 1001  993  980  963  944  929  926  941  963
    12.5 -180.0 180.0   5.0 450.0                            LAT/LON1/LON2/DLON/H
  921  931  907  848  772  701  650  621  606  597  582  555  514  465  416  376
  348  333  328  328  325  316  298  274  249  226  207  190  174  156  138  122
  113  111  119  137  166  201  237  272  307  346  390  439  488  537  582  620
  649  671  692  715  737  751  761  775  801  835  865  887  906  929  957  979
  990  990  981  963  937  909  893  901  921
    10.0 -180.0 180.0   5.0 450.0                            LAT/LON1/LON2/DLON/H
  847  846  816  758  692  641  613  607  613  624  630  620  588  538  480  428
  388  362  345  332  321  307  289  266  240  215  193  176  160  143  125  109
   98   96  102  120  151  190  233  274  314  355  401  451  501  550  595  632
  658  672  681  690  699  704  707  714  729  751  776  802  835  878  921  952
  967  969  963  946  914  874  844  838  847
     7.5 -180.0 180.0   5.0 450.0                            LAT/LON1/LON2/DLON/H
  767  746  699  634  577  546  545  564  593  624  652  662  644  599  538  477
  427  389  359  334  313  295  277  256  231  205  181  163  148  134  118  103
   94   91   97  113  143  185  232  278  320  364  411  461  510  557  601  639
  665  678  682  685  689  693  695  698  704  714  728  754  796  850  901  933
  944  944  938  923  889  842  800  777  767
     5.0 -180.0 180.0   5.0 450.0                            LAT/LON1/LON2/DLON/H
  711  665  595  519  467  455  479  520  565  610  652  679  677  641  581  516
  458  410  369  333  304  281  265  247  225  199  174  155  142  130  117  106
   99   97  102  116  143  184  232  279  323  368  416  465  512  555  598  639
  671  690  698  703  711  721  730  735  735  733  736  757  800  856  905  930
  931  923  917  905  875  827  779  742  711
     2.5 -180.0 180.0   5.0 450.0                            LAT/LON1/LON2/DLON/H
  699  631  540  452  403  406  448  503  553  599  643  677  685  658  604  539
  477  423  375  331  295  270  254  241  222  197  172  153  140  130  121  113
  110  110  113  123  146  184  229  275  319  364  413  460  504  543  585  629
  671  703  724  740  759  782  802  813  811  801  794  806  842  892  931  941
  928  912  904  897  875  835  789  746  699
