ionex_files/corrected/COD0OPSFIN_20231070000_01D_01H_GIM.INX
     1.0            IONOSPHERE MAPS     GNSS                IONEX VERSION / TYPE
ADDNEQ2 V5.5        AIUB                21-APR-23 21:29     PGM / RUN BY / DATE 
CODE'S GLOBAL IONOSPHERE MAPS FOR DAY 107, 2023             COMMENT             
Global ionosphere maps (GIM) are generated on a daily basis DESCRIPTION         
at CODE using data from about 300 GNSS sites of the IGS and DESCRIPTION         
other institutions. The vertical total electron content     DESCRIPTION         
(VTEC) is modeled in a solar-geomagnetic reference frame    DESCRIPTION         
using a spherical harmonics expansion up to degree and      DESCRIPTION         
order 15. Piece-wise linear functions are used for          DESCRIPTION         
representation in the time domain. The time spacing of      DESCRIPTION         
their vertices is 1 hour, conforming with the epochs of the DESCRIPTION         
VTEC maps.                                                  DESCRIPTION         
To convert line-of-sight TEC into vertical TEC, a modified  DESCRIPTION         
single-layer model mapping function approximating the JPL   DESCRIPTION         
extended slab model mapping function is adopted. The        DESCRIPTION         
mapping function is evaluated at geodetic satellite         DESCRIPTION         
elevation angles. For the computation of the ionospheric    DESCRIPTION         
pierce points, a spherical layer with a radius of 6821 km   DESCRIPTION         
is assumed, implying geocentric, not geodetic IONEX         DESCRIPTION         
latitudes.                                                  DESCRIPTION         
Instrumental biases with respect to each involved GNSS code DESCRIPTION         
observable are estimated as constant values for each        DESCRIPTION         
day. They are modeled with one set of bias parameters for   DESCRIPTION         
each satellite and each station in case of GPS and for each DESCRIPTION         
satellite-station link in case of GLONASS. The code bias    DESCRIPTION         
datum is defined by zero-mean conditions imposed on the     DESCRIPTION         
satellite bias estimates. In this file, just GPS C1W-C2W    DESCRIPTION         
satellite and station bias values are included. The         DESCRIPTION         
complete set of GNSS code bias results is provided in an    DESCRIPTION         
additional Bias-SINEX file as pseudo-absolute values        DESCRIPTION         
specific to each observable.                                DESCRIPTION         
Note: These GIM results correspond to the results for the   DESCRIPTION         
middle day of a 3-day combination analysis solving for 73   DESCRIPTION         
times 256, or 18688 VTEC parameters and 3 daily sets of     DESCRIPTION         
GNSS code bias parameters.                                  DESCRIPTION         
Contact address: code(at)aiub.unibe.ch                      DESCRIPTION         
Data archive:    ftp.aiub.unibe.ch/CODE/                    DESCRIPTION         
                 www.aiub.unibe.ch/download/CODE/           DESCRIPTION         
  2023     4    17     0     0     0                        EPOCH OF FIRST MAP  
  2023     4    18     0     0     0                        EPOCH OF LAST MAP   
  3600                                                      INTERVAL            
[...]
bshm cags cas1 ccj2 cedu chpg chpi chti chur cnmr coco cord COMMENT             
cpvg cpxf crar cro1 daej darw dav1 dgar dhlg drao dubo ebre COMMENT             
faa1 fair flin flrs frdn ftna func ganp glps glsv gode godz COMMENT             
gol2 gold gope gras graz guam guug harb hers hert hlfx hnpt COMMENT             
hob2 hofn holb hrao hyde iddr ieng iisc ineg invk iqal irkj COMMENT             
isba jog2 joz2 joze kerg kir0 kiri kit3 kokb kokv kouc koug COMMENT             
kour krgg lae1 lama laut lmmf lpal lpgs m0se mac1 madr mal2 COMMENT             
mana mas1 mat1 mate maw1 mcil mcm4 mdo1 mdvj medi mets mgue COMMENT             
mizu mnls mobs morp mqzg mro1 mtka nano nico nist nium nklg COMMENT             
nlib nnor not1 nrc1 nrmd ntus nya1 nyal ohi2 onsa opmt ous2 COMMENT             
pado park pdel penc pert pie1 pimo pohn pol2 polv pots pove COMMENT             
prds ptag ptbb ptvl qaq1 quin rabt ramo reun reyk rgdg rio2 COMMENT             
riop salu samo sant savo sch2 scor scrz sctb seyg sfer shao COMMENT             
sofi spt0 ssia sthl stjo stk2 str2 suth sutm suwn sydn syog COMMENT             
tabv tash thtg thti thu2 tid1 tidb tlse tn22 tong tow2 tro1 COMMENT             
tsea tskb tuva twtf txes uclu ufpr ulab unb3 unbj unsa urum COMMENT             
usn7 usud vald vill voim vtsp wab1 wab2 wark wgtn whit will COMMENT             
wind wsrt wtza wtzl wtzr wtzs wuhn xmis yar2 yar3 yarr yell COMMENT             
ykro zamb zeck zim2 zim3 zimm                               COMMENT             
                                                            END OF HEADER       
[from data line 7722]
    19                                                      START OF TEC MAP    
  2023     4    17    18     0     0                        EPOCH OF CURRENT MAP
    87.5 -180.0 180.0   5.0 450.0                            LAT/LON1/LON2/DLON/H
  283  284  286  287  289  290  291  292  293  294  294  295  295  295  295  294
  293  293  292  290  289  287  286  284  282  280  279  277  275  273  271  269
  268  266  265  263  262  261  260  259  258  257  257  257  256  256  256  256
  257  257  257  258  259  259  260  261  262  263  264  265  266  268  269  270
  271  273  274  276  277  278  280  281  283
    85.0 -180.0 180.0   5.0 450.0                            LAT/LON1/LON2/DLON/H
  268  270  273  276  279  282  285  288  291  293  295  296  297  298  298  297
  296  294  292  289  286  283  280  276  272  269  265  262  258  255  252  249
  246  244  241  239  237  235  234  233  232  231  230  230  230  230  230  231
  231  232  233  234  235  237  238  239  240  242  243  244  246  247  248  250
  251  253  255  256  258  260  263  265  268
    82.5 -180.0 180.0   5.0 450.0                            LAT/LON1/LON2/DLON/H
  237  240  244  248  252  257  263  268  273  277  282  285  288  289  290  289
  288  285  282  278  273  268  263  258  254  249  244  240  236  233  229  226
  224  221  219  217  215  213  212  210  209  208  208  208  208  208  209  210
  211  212  214  215  216  218  219  220  221  222  222  223  223  224  224  224
  225  226  226  227  229  230  232  234  237
    80.0 -180.0 180.0   5.0 450.0                            LAT/LON1/LON2/DLON/H
  199  202  205  210  215  221  228  236  244  252  259  265  269  272  274  274
  272  269  264  259  254  248  242  237  232  227  223  220  217  214  212  210
  208  207  205  204  203  201  200  199  198  197  196  196  196  197  198  199
  201  202  204  206  207  207  208  208  207  207  206  204  203  202  201  200
  199  198  197  197  196  196  197  198  199
    77.5 -180.0 180.0   5.0 450.0                            LAT/LON1/LON2/DLON/H
  166  167  169  172  177  183  192  201  212  222  232  241  248  253  255  255
  253  250  245  240  234  229  224  219  215  212  210  208  206  205  205  204
  204  204  204  204  203  202  201  200  198  197  197  196  197  197  199  200
  202  204  206  207  207  207  206  204  201  198  194  191  187  184  182  179
  177  176  174  172  171  169  168  167  166
    75.0 -180.0 180.0   5.0 450.0                            LAT/LON1/LON2/DLON/H
  148  146  145  146  149  154  162  172  184  197  209  220  229  235  239  239
  238  234  230  226  221  218  215  212  211  209  209  208  209  209  210  211
  212  213  214  214  214  213  212  211  209  208  207  206  207  208  209  211
  213  215  216  217  216  214  210  206  200  193  187  181  175  170  167  164
  162  161  160  159  158  156  154  151  148
    72.5 -180.0 180.0   5.0 450.0                            LAT/LON1/LON2/DLON/H
  149  145  141  138  138  141  147  156  167  181  195  207  217  225  228  229
  228  225  222  220  218  218  218  219  220  221  222  223  223  224  226  227
  229  230  231  231  231  230  229  227  225  224  222  221  221  222  224  226
  228  229  230  229  227  222  216  208  199  189  179  170  163  157  154  152
  152  154  156  157  158  158  156  153  149
    70.0 -180.0 180.0   5.0 450.0                            LAT/LON1/LON2/DLON/H
  167  162  156  151  147  146  148  154  164  177  190  203  214  221  225  226
  225  224  223  224  226  230  235  239  243  245  246  246  246  246  246  247
  248  249  249  249  249  247  245  243  241  239  237  236  236  236  237  239
  240  241  240  238  233  227  218  207  194  181  169  158  149  143  140  141
  144  149  155  162  167  170  172  171  167
    67.5 -180.0 180.0   5.0 450.0                            LAT/LON1/LON2/DLON/H
  194  190  185  178  171  166  164  166  173  183  195  207  217  224  227  228
  228  229  231  236  243  252  261  268  272  274  274  273  271  269  268  267
  267  266  266  265  263  261  259  256  254  252  250  248  247  246  246  245
  245  244  242  238  231  223  211  198  184  169  155  142  132  126  125  127
  133  143  154  165  176  185  191  194  194
    65.0 -180.0 180.0   5.0 450.0                            LAT/LON1/LON2/DLON/H
  216  218  216  210  202  194  188  186  189  195  205  215  224  230  233  235
  236  238  244  253  265  278  289  298  302  303  300  296  292  289  286  285
  284  282  280  277  274  271  268  266  263  261  258  256  253  250  248  245
  242  238  233  227  219  209  197  183  169  153  139  126  116  110  108  112
  120  132  146  162  177  191  202  211  216
    62.5 -180.0 180.0   5.0 450.0                            LAT/LON1/LON2/DLON/H
  226  235  239  237  232  223  215  209  207  210  217  225  232  237  240  242
  245  250  259  271  286  302  314  323  326  324  319  314  309  305  304  302
  301  298  294  290  285  280  277  274  272  269  266  262  257  252  246  239
  233  226  218  210  201  190  179  166  153  139  126  114  104   98   95   98
  105  117  132  149  166  183  199  214  226
    60.0 -180.0 180.0   5.0 450.0                            LAT/LON1/LON2/DLON/H
  217  234  247  253  252  246  237  229  224  224  228  234  240  244  247  250
  255  262  273  288  304  320  332  339  340  336  331  325  322  321  322  323
  322  318  313  306  299  293  288  285  283  279  275  270  262  254  244  233
  223  212  202  191  181  172  162  152  143  133  123  112  103   95   91   90
   94  102  114  128  144  161  180  199  217
    57.5 -180.0 180.0   5.0 450.0                            LAT/LON1/LON2/DLON/H
  194  218  240  255  262  260  253  245  239  237  238  242  246  250  253  258
  264  274  286  301  317  331  341  346  346  342  337  335  335  339  345  349
  349  344  337  327  318  310  305  301  298  294  288  281  271  259  245  231
  217  203  190  179  169  160  153  148  143  137  131  124  115  106   98   93
   91   93   99  108  119  132  149  170  194
    55.0 -180.0 180.0   5.0 450.0                            LAT/LON1/LON2/DLON/H
  165  195  224  249  263  268  265  259  253  250  250  252  254  256  260  266
  275  286  299  313  326  338  345  349  348  346  345  347  354  364  374  380
  381  375  365  353  342  333  327  322  318  313  305  295  283  268  252  236
  219  203  189  176  167  160  156  154  154  154  152  147  140  130  118  108
  100   96   94   96  100  107  120  139  165
    52.5 -180.0 180.0   5.0 450.0                            LAT/LON1/LON2/DLON/H
  143  175  210  241  263  274  276  274  270  268  266  266  265  266  269  277
  287  300  312  324  335  344  350  354  355  356  359  367  379  394  407  414
  415  407  395  381  368  359  352  346  340  333  323  311  297  281  264  246
  229  212  197  185  177  171  170  171  174  178  180  178  173  162  149  135
  122  112  104   99   96   97  103  118  143
    50.0 -180.0 180.0   5.0 450.0                            LAT/LON1/LON2/DLON/H
  139  170  207  242  269  285  292  294  293  292  290  287  282  280  282  290
  302  315  328  338  347  355  362  367  371  376  383  394  409  426  439  445
  443  434  420  406  393  384  376  369  361  351  339  326  310  294  278  261
  244  228  214  203  195  190  189  191  196  202  207  209  206  197  184  168
  153  139  128  119  112  108  109  118  139
    47.5 -180.0 180.0   5.0 450.0                            LAT/LON1/LON2/DLON/H
  159  186  221  256  285  305  315  321  325  326  323  317  308  301  300  307
  319  333  346  357  366  375  384  392  399  407  416  427  441  454  463  466
  462  452  439  426  416  407  398  389  378  365  351  336  320  305  290  274
  260  245  232  222  214  210  208  210  214  220  226  231  231  226  215  201
  187  173  162  153  145  140  138  143  159
    45.0 -180.0 180.0   5.0 450.0                            LAT/LON1/LON2/DLON/H
  199  222  253  286  313  333  346  355  363  367  365  355  341  328  323  327
  338  353  368  381  393  405  418  429  438  446  453  460  467  473  476  475
  470  462  453  445  437  429  420  407  393  377  360  343  327  312  298  285
  272  259  248  238  230  225  221  220  222  226  233  239  243  243  237  228
  217  206  198  192  188  185  184  187  199
    42.5 -180.0 180.0   5.0 450.0                            LAT/LON1/LON2/DLON/H
  251  270  297  325  350  369  382  394  405  413  412  400  380  362  351  351
  360  375  392  410  427  444  460  473  482  486  487  486  484  481  478  476
  473  471  469  468  464  457  444  428  409  388  368  349  332  316  303  291
  280  268  257  247  239  232  226  222  220  222  227  235  243  247  248  245
  239  232  228  227  229  232  235  240  251
    40.0 -180.0 180.0   5.0 450.0                            LAT/LON1/LON2/DLON/H
  300  318  342  368  389  406  419  432  448  459  460  448  425  401  384  379
  385  399  419  442  466  488  505  517  521  520  514  504  492  483  477  477
  482  490  500  506  505  496  478  456  431  406  383  361  340  323  309  297
  285  274  262  251  242  234  226  219  214  213  217  225  235  245  251  254
  252  249  247  249  257  267  277  287  300
    37.5 -180.0 180.0   5.0 450.0                            LAT/LON1/LON2/DLON/H
  333  355  379  404  424  438  451  466  485  501  506  496  473  446  424  412
  413  426  448  476  505  530  546  553  551  543  530  514  498  486  484  492
  510  533  555  568  567  552  527  495  464  435  407  381  357  335  318  305
  293  281  268  256  247  238  230  221  214  211  213  221  231  243  253  259
  260  257  254  257  267  282  299  316  333
    35.0 -180.0 180.0   5.0 450.0                            LAT/LON1/LON2/DLON/H
  344  371  400  427  448  463  476  493  515  536  547  542  522  495  469  452
  447  456  479  511  543  566  577  576  567  555  541  525  511  504  512  535
  570  608  640  656  651  627  589  547  508  474  443  412  383  356  336  321
  309  296  283  271  261  254  246  238  231  227  228  233  241  251  261  268
  268  262  254  252  259  276  297  320  344
    32.5 -180.0 180.0   5.0 450.0                            LAT/LON1/LON2/DLON/H
  332  367  403  436  461  478  493  512  537  562  580  582  569  546  520  498
  486  491  513  545  576  593  595  585  572  561  553  545  542  548  570  610
  662  714  752  765  751  712  660  606  559  519  484  450  415  385  361  346
  335  325  313  301  293  287  282  276  270  267  267  269  272  277  283  286
  282  269  253  241  241  253  274  301  332
    30.0 -180.0 180.0   5.0 450.0                            LAT/LON1/LON2/DLON/H
  305  347  392  432  463  484  502  523  550  580  605  616  613  597  574  549
  533  532  550  579  604  612  602  585  572  571  577  586  599  621  660  717
  781  840  877  882  853  797  729  662  605  560  522  485  447  414  391  378
  372  366  358  350  343  340  338  335  332  331  330  327  323  320  317  314
  304  284  257  233  221  224  241  269  305
    27.5 -180.0 180.0   5.0 450.0                            LAT/LON1/LON2/DLON/H
  273  321  373  420  458  485  506  529  558  591  621  642  651  645  628  604
  585  579  592  614  629  625  605  584  579  594  621  652  682  721  773  839
  909  965  994  985  939  866  782  701  635  585  544  506  469  437  418  412
  414  416  415  411  408  407  407  407  407  408  406  400  387  373  361  350
  333  306  271  235  210  201  210  234  273
    25.0 -180.0 180.0   5.0 450.0                            LAT/LON1/LON2/DLON/H
  246  298  354  407  450  482  508  533  562  596  630  660  680  687  679  660
  640  631  638  652  656  640  612  593  602  639  690  740  786  833  890  957
 1021 1067 1081 1055  993  905  806  714  639  582  540  505  472  447  435  438
  452  465  473  475  475  476  478  479  481  483  481  470  450  426  404  385
  363  333  292  249  213  192  190  209  246
    22.5 -180.0 180.0   5.0 450.0                            LAT/LON1/LON2/DLON/H
  234  284  342  397  443  479  507  534  563  596  633  670  700  720  723  711
  695  687  690  696  689  663  632  621  648  708  779  842  893  939  991 1047
 1097 1125 1121 1080 1005  907  799  697  612  550  507  477  454  439  437  452
  478  503  521  528  531  533  534  535  536  538  535  522  496  464  434  410
  387  356  316  271  229  199  188  200  234
    20.0 -180.0 180.0   5.0 450.0                            LAT/LON1/LON2/DLON/H
  236  283  339  392  437  474  505  533  561  594  631  671  711  741  756  756
  749  744  746  746  731  700  672  674  721  798  880  943  986 1020 1056 1094
 1123 1130 1109 1057  977  877  765  655  562  493  452  430  420  418  427  451
  487  523  548  560  564  564  563  561  561  561  557  541  512  477  444  418
  396  369  334  293  252  218  201  206  236
    17.5 -180.0 180.0   5.0 450.0                            LAT/LON1/LON2/DLON/H
  248  291  341  389  432  469  501  531  559  589  626  668  713  752  779  792
  796  800  805  803  785  754  735  752  813  899  977 1026 1049 1062 1077 1092
 1099 1088 1055 1000  924  828  717  603  501  428  388  377  381  392  410  441
  481  522  551  565  567  564  560  554  550  547  540  524  496  461  429  405
  386  366  340  308  273  241  222  223  248
    15.0 -180.0 180.0   5.0 450.0                            LAT/LON1/LON2/DLON/H
  263  301  345  387  425  461  496  527  556  585  620  663  710  755  793  819
  837  852  863  864  848  824  815  846  915  997 1057 1079 1074 1062 1055 1050
 1039 1016  979  930  865  780  675  559  451  373  337  337  356  377  400  429
  468  507  534  545  544  537  529  520  511  503  493  476  450  420  393  373
  359  345  329  309  284  259  241  241  263
    12.5 -180.0 180.0   5.0 450.0                            LAT/LON1/LON2/DLON/H
  273  308  346  382  416  452  489  523  554  585  619  660  707  755  800  839
  871  898  918  925  916  902  906  946 1014 1078 1109 1097 1062 1028 1005  988
  968  940  908  871  823  753  657  542  430  350  318  329  359  387  407  429
  458  488  509  514  506  495  483  471  459  446  432  413  389  364  344  331
  321  312  304  295  281  264  251  252  273
    10.0 -180.0 180.0   5.0 450.0                            LAT/LON1/LON2/DLON/H
  274  306  341  373  406  443  484  523  557  589  624  663  708  756  805  852
  896  934  964  980  980  978  993 1037 1094 1133 1128 1083 1024  977  949  930
  909  886  865  844  814  760  673  561  450  371  344  363  401  429  442  449
  463  480  489  485  470  454  440  428  413  395  375  352  329  310  296  288
  281  275  271  269  265  256  249  253  274
     7.5 -180.0 180.0   5.0 450.0                            LAT/LON1/LON2/DLON/H
  264  297  331  363  397  438  483  527  565  601  637  675  716  761  810  862
  913  960  998 1021 1032 1041 1064 1106 1147 1157 1120 1049  978  932  910  898
  884  870  861  855  841  799  722  617  510  435  414  439  479  504  504  494
  490  492  488  473  450  430  416  404  389  367  340  312  286  269  260  255
  248  241  237  239  240  238  235  242  264
     5.0 -180.0 180.0   5.0 450.0                            LAT/LON1/LON2/DLON/H
  248  282  318  354  392  439  489  538  580  619  656  693  731  771  818  869
  922  973 1014 1044 1063 1081 1109 1145 1168 1153 1093 1010  942  908  902  902
  898  892  894  899  893  860  791  695  598  532  517  544  582  597  584  558
  538  526  511  486  455  431  417  408  394  370  337  301  270  251  242  237
  228  218  211  212  215  215  215  224  248
     2.5 -180.0 180.0   5.0 450.0                            LAT/LON1/LON2/DLON/H
  230  266  306  348  394  447  502  555  600  641  680  716  750  786  827  875
  925  973 1014 1046 1070 1094 1123 1152 1161 1129 1059  981  929  916  927  939
  941  941  946  954  950  920  859  775  692  638  629  655  685  690  665  627
  598  577  555  521  484  456  441  435  424  400  362  319  280  255  242  234
  223  208  196  193  195  195  196  205  230
