ionex_files/corrected/COD0OPSFIN_20231140000_01D_01H_GIM.INX
     1.0            IONOSPHERE MAPS     GNSS                IONEX VERSION / TYPE
ADDNEQ2 V5.5        AIUB                28-APR-23 21:24     PGM / RUN BY / DATE 
CODE'S GLOBAL IONOSPHERE MAPS FOR DAY 114, 2023             COMMENT             
Global ionosphere maps (GIM) are generated on a daily basis DESCRIPTION         
at CODE using data from about 300 GNSS sites of the IGS and DESCRIPTION         
other institutions. The vertical total electron content     DESCRIPTION         
(VTEC) is modeled in a solar-geomagnetic reference frame    DESCRIPTION         
using a spherical harmonics expansion up to degree and      DESCRIPTION         
order 15. Piece-wise linear functions are used for          DESCRIPTION         
representation in the time domain. The time spacing of      DESCRIPTION         
their vertices is 1 hour, conforming with the epochs of the DESCRIPTION         
VTEC maps.                                                  DESCRIPTION         
To convert line-of-sight TEC into vertical TEC, a modified  DESCRIPTION         
single-layer model mapping function approximating the JPL   DESCRIPTION         
extended slab model mapping function is adopted. The        DESCRIPTION         
mapping function is evaluated at geodetic satellite         DESCRIPTION         
elevation angles. For the computation of the ionospheric    DESCRIPTION         
pierce points, a spherical layer with a radius of 6821 km   DESCRIPTION         
is assumed, implying geocentric, not geodetic IONEX         DESCRIPTION         
latitudes.                                                  DESCRIPTION         
Instrumental biases with respect to each involved GNSS code DESCRIPTION         
observable are estimated as constant values for each        DESCRIPTION         
day. They are modeled with one set of bias parameters for   DESCRIPTION         
each satellite and each station in case of GPS and for each DESCRIPTION         
satellite-station link in case of GLONASS. The code bias    DESCRIPTION         
datum is defined by zero-mean conditions imposed on the     DESCRIPTION         
satellite bias estimates. In this file, just GPS C1W-C2W    DESCRIPTION         
satellite and station bias values are included. The         DESCRIPTION         
complete set of GNSS code bias results is provided in an    DESCRIPTION         
additional Bias-SINEX file as pseudo-absolute values        DESCRIPTION         
specific to each observable.                                DESCRIPTION         
Note: These GIM results correspond to the results for the   DESCRIPTION         
middle day of a 3-day combination analysis solving for 73   DESCRIPTION         
times 256, or 18688 VTEC parameters and 3 daily sets of     DESCRIPTION         
GNSS code bias parameters.                                  DESCRIPTION         
Contact address: code(at)aiub.unibe.ch                      DESCRIPTION         
Data archive:    ftp.aiub.unibe.ch/CODE/                    DESCRIPTION         
                 www.aiub.unibe.ch/download/CODE/           DESCRIPTION         
  2023     4    24     0     0     0                        EPOCH OF FIRST MAP  
  2023     4    25     0     0     0                        EPOCH OF LAST MAP   
  3600                                                      INTERVAL            
[...]
brux bshm cags cas1 ccj2 cedu chpg chpi chti chur coco cord COMMENT             
cpvg cpxf crar cro1 daej darw dav1 dgar dhlg drao dubo ebre COMMENT             
faa1 fair flin flrs frdn ftna func ganp glps glsv gode godz COMMENT             
gol2 gold gope gras graz guam harb hers hert hlfx hnpt hob2 COMMENT             
hofn holb hrao hyde iddr ieng iisc ineg invk iqal irkj isba COMMENT             
jog2 joz2 joze kerg kir0 kiri kiru kit3 kokb kokv kouc koug COMMENT             
kour krgg lama laut lmmf lpal lpgs m0se mac1 madr mal2 mana COMMENT             
mas1 mat1 mate maw1 mcm4 mdo1 mdvj medi mets mgue mizu mkea COMMENT             
mnls mobs morp mqzg mro1 mtka nano nico nist nium nklg nlib COMMENT             
nnor not1 nrc1 nrmd ntus nya1 nyal ohi2 onsa opmt ous2 pado COMMENT             
park pdel penc pert pie1 pimo pohn pol2 polv pots pove prds COMMENT             
ptag ptbb ptvl qaq1 quin rabt ramo reun reyk rgdg rio2 riop COMMENT             
salu samo sant savo sch2 scor scrz sctb seyg sfer shao sofi COMMENT             
spt0 ssia sthl stjo stk2 str2 suth sutm suwn sydn syog tabv COMMENT             
tash thtg thti thu2 tid1 tidb tlse tn22 tong tow2 tro1 tsea COMMENT             
tskb tuva twtf txes uclu ufpr ulab unb3 unbj unsa urum usn7 COMMENT             
usud vald vill voim vtsp wab1 wab2 wark wgtn whit will wind COMMENT             
wsrt wtza wtzl wtzr wtzs wuhn xmis yar2 yar3 yarr yell ykro COMMENT             
zamb zeck zim2 zim3 zimm                                    COMMENT             
                                                            END OF HEADER       
[from data line 1287]
     4                                                      START OF TEC MAP    
  2023     4    24     3     0     0                        EPOCH OF CURRENT MAP
    87.5 -180.0 180.0   5.0 450.0                            LAT/LON1/LON2/DLON/H
  136  136  137  138  138  139  139  140  140  140  140  140  140  140  140  139
  138  138  137  136  134  133  131  130  128  126  124  123  121  119  117  116
  114  113  112  110  109  109  108  107  107  107  107  107  107  107  108  108
  109  110  110  111  112  114  115  116  117  119  120  121  123  124  125  126
  128  129  130  131  132  133  134  135  136
    85.0 -180.0 180.0   5.0 450.0                            LAT/LON1/LON2/DLON/H
  142  142  143  144  144  145  146  147  149  150  151  152  152  153  153  153
  152  151  149  147  144  141  138  134  130  126  122  118  114  110  106  103
  100   97   95   94   92   91   90   90   90   90   90   91   91   92   93   94
   96   97   99  101  103  105  107  110  112  115  118  121  123  126  129  131
  133  135  137  138  139  140  141  141  142
    82.5 -180.0 180.0   5.0 450.0                            LAT/LON1/LON2/DLON/H
  145  144  143  142  142  143  144  146  148  150  153  155  157  159  161  161
  161  160  158  155  151  147  141  135  129  122  115  109  102   96   91   87
   83   80   78   76   76   75   76   76   77   78   79   80   81   82   84   85
   87   88   90   92   95   98  101  105  109  114  118  123  127  132  136  140
  143  145  147  148  148  148  147  146  145
    80.0 -180.0 180.0   5.0 450.0                            LAT/LON1/LON2/DLON/H
  147  143  139  135  134  133  133  135  138  142  146  150  154  157  160  162
  163  162  160  157  152  146  139  131  122  113  104   95   87   80   74   69
   66   63   62   62   63   64   66   68   70   72   74   75   77   78   79   80
   81   83   84   86   89   92   96  101  107  113  119  126  134  141  147  153
  157  161  163  163  162  159  156  152  147
    77.5 -180.0 180.0   5.0 450.0                            LAT/LON1/LON2/DLON/H
  151  142  133  126  122  119  118  120  123  127  132  138  143  147  151  153
  154  154  152  148  143  137  129  120  110  100   90   80   71   64   58   54
   52   51   51   53   56   59   62   66   69   72   74   75   77   78   78   78
   79   79   80   82   84   87   92   97  104  112  120  130  140  150  160  168
  175  180  182  182  180  175  168  160  151
    75.0 -180.0 180.0   5.0 450.0                            LAT/LON1/LON2/DLON/H
  157  144  130  119  111  106  104  104  107  112  117  122  127  131  134  135
  136  135  134  130  126  120  113  104   95   85   75   66   58   51   47   44
   43   45   47   51   55   60   64   68   72   74   77   78   79   79   79   79
   79   79   79   80   82   85   89   94  101  110  121  132  145  158  171  182
  192  199  203  204  200  193  183  171  157
    72.5 -180.0 180.0   5.0 450.0                            LAT/LON1/LON2/DLON/H
  168  150  132  117  105   97   94   94   96  100  105  109  112  113  114  113
  112  111  109  106  103   99   93   86   79   70   62   55   49   44   42   41
   42   45   49   54   59   64   68   72   75   78   79   80   80   80   80   80
   80   80   80   81   83   85   89   94  101  109  120  133  147  162  177  192
  204  214  220  222  220  212  201  186  168
    70.0 -180.0 180.0   5.0 450.0                            LAT/LON1/LON2/DLON/H
  182  161  139  121  106   96   91   91   93   97  100  102  101   99   96   92
   89   86   84   82   80   78   75   71   66   60   54   49   46   44   43   45
   47   51   56   60   65   69   72   75   77   79   80   80   80   80   80   81
   82   83   84   86   88   90   93   97  103  110  120  132  147  162  178  194
  208  220  229  234  234  228  217  202  182
    67.5 -180.0 180.0   5.0 450.0                            LAT/LON1/LON2/DLON/H
  197  174  151  129  112  101   95   95   97  101  103  102   99   93   86   79
   72   68   65   64   64   64   64   62   59   55   52   49   48   48   50   53
   56   60   64   67   70   72   74   75   77   78   78   79   79   80   81   82
   84   87   90   94   96   99  101  104  108  114  122  132  144  158  173  188
  202  215  227  235  239  238  230  216  197
    65.0 -180.0 180.0   5.0 450.0                            LAT/LON1/LON2/DLON/H
  211  189  164  140  121  109  103  103  106  110  112  110  105   96   86   75
   67   61   59   59   60   61   62   61   59   56   54   53   54   55   58   62
   65   68   70   71   71   72   72   73   73   75   76   78   79   80   82   84
   88   92   97  102  106  109  112  113  116  119  125  133  142  153  164  176
  188  201  213  225  234  239  237  228  211
    62.5 -180.0 180.0   5.0 450.0                            LAT/LON1/LON2/DLON/H
  223  202  177  152  131  117  111  111  115  119  122  120  114  105   94   83
   74   68   66   66   68   70   70   68   65   62   59   58   59   62   65   68
   70   71   71   70   69   67   67   67   69   72   75   78   80   82   84   86
   90   96  103  109  115  119  122  123  125  127  131  136  142  148  155  162
  169  179  191  205  219  232  238  235  223
    60.0 -180.0 180.0   5.0 450.0                            LAT/LON1/LON2/DLON/H
  231  213  189  162  140  124  117  117  121  126  129  129  124  116  106   96
   88   84   83   84   86   86   84   80   74   68   64   62   62   64   67   69
   70   69   67   65   62   60   60   61   65   70   75   80   84   86   87   89
   93   98  106  114  121  127  131  132  134  135  138  141  145  148  149  150
  151  155  164  180  199  219  233  238  231
    57.5 -180.0 180.0   5.0 450.0                            LAT/LON1/LON2/DLON/H
  237  222  198  172  148  131  122  121  124  128  131  131  129  123  116  109
  104  102  103  105  107  106  101   92   82   73   66   62   61   62   64   65
   64   62   59   56   53   52   52   56   62   70   78   85   90   92   92   92
   94  100  108  117  126  133  137  140  142  144  146  149  151  152  149  143
  138  136  141  155  178  204  226  238  237
    55.0 -180.0 180.0   5.0 450.0                            LAT/LON1/LON2/DLON/H
  240  229  207  181  158  141  131  126  126  128  129  129  127  124  119  116
  114  114  117  121  123  120  112  100   86   73   64   58   57   57   57   57
   55   52   48   46   44   44   47   52   60   71   82   91   97   99   98   96
   97  102  111  122  132  140  145  148  150  152  155  158  160  159  154  144
  133  125  125  138  161  191  219  237  240
    52.5 -180.0 180.0   5.0 450.0                            LAT/LON1/LON2/DLON/H
  243  235  216  193  172  156  145  138  133  130  126  124  121  118  115  113
  113  115  120  125  127  124  114  100   84   69   59   53   51   50   50   48
   45   42   39   38   38   40   44   50   59   71   84   96  104  106  105  103
  104  110  120  132  144  152  157  159  160  162  164  167  169  169  163  152
  137  125  121  131  154  185  216  237  243
    50.0 -180.0 180.0   5.0 450.0                            LAT/LON1/LON2/DLON/H
  247  240  225  207  192  179  169  159  149  139  129  121  115  109  105  101
  101  104  110  116  119  116  106   91   75   62   53   49   48   47   46   43
   40   36   34   35   36   40   44   49   58   70   85   99  110  114  115  115
  118  127  140  155  167  175  178  178  176  175  175  176  178  178  174  164
  150  136  130  137  158  189  219  240  247
    47.5 -180.0 180.0   5.0 450.0                            LAT/LON1/LON2/DLON/H
  251  245  234  223  214  208  200  190  175  158  141  126  114  104   94   87
   83   84   90   96  100   98   89   76   64   55   51   50   51   51   50   46
   41   38   36   37   40   43   46   50   57   68   84  101  115  125  130  134
  143  157  175  192  205  212  212  207  201  194  188  186  186  187  185  178
  167  155  150  156  176  203  229  246  251
    45.0 -180.0 180.0   5.0 450.0                            LAT/LON1/LON2/DLON/H
  257  250  242  238  237  238  234  224  207  185  162  142  123  106   90   76
   68   66   69   75   79   77   70   61   55   53   56   60   64   65   62   57
   52   47   45   45   47   49   51   52   56   65   82  102  122  138  150  162
  178  199  223  244  258  262  258  248  234  220  207  198  194  194  195  193
  187  181  179  187  205  228  247  257  257
    42.5 -180.0 180.0   5.0 450.0                            LAT/LON1/LON2/DLON/H
  268  257  250  249  255  261  263  255  237  214  189  165  142  120   97   77
   63   57   58   62   65   63   57   53   53   60   71   81   87   88   84   78
   71   64   59   57   57   58   57   56   57   64   81  105  131  155  176  197
  221  251  281  306  321  322  313  297  276  254  233  216  207  205  207  209
  210  211  216  228  245  263  274  275  268
    40.0 -180.0 180.0   5.0 450.0                            LAT/LON1/LON2/DLON/H
  286  269  258  258  266  274  278  273  259  238  215  192  168  142  116   91
   74   65   64   66   66   62   57   57   65   80   97  112  119  118  112  105
   96   87   79   73   70   68   65   62   61   67   84  111  144  176  205  235
  268  305  341  370  385  385  371  349  323  294  266  244  230  225  226  231
  237  245  258  276  295  309  312  303  286
    37.5 -180.0 180.0   5.0 450.0                            LAT/LON1/LON2/DLON/H
  316  290  274  268  271  276  279  276  265  250  233  215  194  169  143  118
  100   92   90   90   86   80   74   77   90  112  134  149  154  151  142  133
  123  112  100   89   82   78   75   71   69   74   91  120  158  196  234  271
  310  353  393  425  441  440  425  400  370  339  309  284  268  260  259  264
  272  286  307  331  353  364  360  342  316
    35.0 -180.0 180.0   5.0 450.0                            LAT/LON1/LON2/DLON/H
  362  329  303  286  278  274  271  266  259  250  240  229  214  194  171  150
  136  131  131  130  124  115  109  113  129  154  177  190  189  180  169  159
  149  136  120  105   94   89   86   83   80   84  101  131  170  214  256  298
  342  387  430  464  483  483  468  443  415  386  359  338  323  315  311  313
  320  337  363  393  418  429  421  396  362
    32.5 -180.0 180.0   5.0 450.0                            LAT/LON1/LON2/DLON/H
  428  389  353  323  299  281  267  257  249  244  240  235  227  213  195  180
  173  174  179  180  173  163  156  161  179  203  222  227  218  202  187  178
  169  157  138  119  105   99   97   96   94   96  110  138  178  223  269  313
  358  404  448  484  506  510  499  478  455  433  417  405  397  391  385  381
  384  400  428  462  491  503  493  466  428
    30.0 -180.0 180.0   5.0 450.0                            LAT/LON1/LON2/DLON/H
  514  474  431  389  348  313  286  267  255  248  245  242  236  225  212  203
  203  212  223  228  224  215  211  218  234  253  263  257  236  212  195  186
  181  170  152  130  115  109  108  108  106  107  117  141  178  223  269  314
  359  404  448  486  513  523  519  506  491  481  479  482  487  486  478  468
  464  474  502  537  568  582  575  550  514
    27.5 -180.0 180.0   5.0 450.0                            LAT/LON1/LON2/DLON/H
  616  580  537  487  435  386  345  315  293  279  270  262  253  240  226  219
  223  238  256  267  269  266  267  276  290  300  297  276  243  210  190  184
  183  176  159  138  123  117  118  118  115  112  117  136  169  212  259  305
  349  392  436  478  511  530  535  531  527  530  544  565  584  591  583  566
  554  559  582  617  647  664  662  644  616
    25.0 -180.0 180.0   5.0 450.0                            LAT/LON1/LON2/DLON/H
  724  699  663  616  560  504  454  412  379  352  330  310  290  268  247  234
  237  253  275  293  304  311  319  331  341  340  321  284  238  199  177  173
  176  174  161  143  129  124  124  123  118  111  110  123  152  194  242  290
  334  377  422  467  508  537  553  558  564  580  609  647  680  695  688  668
  649  647  665  695  725  743  747  740  724
    22.5 -180.0 180.0   5.0 450.0                            LAT/LON1/LON2/DLON/H
  827  818  797  761  713  660  608  559  515  472  433  397  360  323  286  261
  254  265  288  311  331  349  366  381  385  371  335  283  226  181  158  155
  162  164  156  143  133  129  128  124  115  104   99  107  133  175  226  277
  324  368  414  464  512  552  578  593  607  632  671  721  765  787  783  760
  737  731  744  769  794  813  824  828  827
    20.0 -180.0 180.0   5.0 450.0                            LAT/LON1/LON2/DLON/H
  911  920  920  905  875  835  789  739  687  631  576  522  467  410  354  309
  286  286  304  329  356  383  409  425  421  393  341  275  212  163  139  136
  144  149  147  140  134  131  127  120  107   93   85   90  115  158  214  271
  322  370  419  472  528  576  611  634  655  684  728  783  831  857  855  833
  810  802  811  831  852  869  884  898  911
    17.5 -180.0 180.0   5.0 450.0                            LAT/LON1/LON2/DLON/H
  967  991 1012 1023 1019  999  967  923  868  806  741  674  604  529  453  386
  342  326  334  356  386  419  449  463  449  406  340  266  199  151  125  120
  125  132  135  135  134  132  125  112   97   82   74   79  103  149  210  273
  331  383  435  492  552  608  651  681  705  735  778  830  876  901  900  881
  861  854  861  876  893  908  924  943  967
    15.0 -180.0 180.0   5.0 450.0                            LAT/LON1/LON2/DLON/H
  988 1022 1061 1096 1119 1123 1107 1074 1026  966  900  830  753  666  573  487
  423  391  386  401  427  460  487  494  469  412  336  259  194  147  120  110
  110  115  122  129  133  131  120  104   87   73   67   74  100  148  213  283
  348  405  460  519  581  640  690  726  754  782  818  862  900  921  919  903
  889  886  893  904  916  927  942  962  988
    12.5 -180.0 180.0   5.0 450.0                            LAT/LON1/LON2/DLON/H
  978 1013 1062 1115 1159 1182 1183 1163 1127 1079 1023  960  886  797  697  600
  522  475  458  462  480  504  523  518  480  412  331  255  196  154  126  109
  102  104  113  125  132  129  115   96   79   69   67   76  103  152  221  296
  366  427  484  544  606  667  721  764  795  821  850  882  909  923  919  907
  898  899  906  914  922  930  941  956  978
    10.0 -180.0 180.0   5.0 450.0                            LAT/LON1/LON2/DLON/H
  947  974 1022 1082 1136 1170 1181 1173 1153 1123 1086 1038  976  896  800  702
  619  565  538  531  536  547  551  532  482  406  324  255  205  170  141  118
  102   99  109  124  132  127  110   89   74   69   71   82  109  158  226  303
  377  443  502  561  622  683  740  789  825  852  874  894  911  917  911  902
  897  900  906  911  916  921  928  934  947
     7.5 -180.0 180.0   5.0 450.0                            LAT/LON1/LON2/DLON/H
  907  921  959 1014 1065 1097 1108 1108 1102 1093 1077 1049 1004  939  857  769
  694  640  609  593  585  579  566  533  472  393  316  257  219  192  164  135
  112  105  113  127  134  126  105   84   72   72   77   89  113  158  225  302
  378  447  509  567  625  685  746  801  844  873  891  905  913  914  907  898
  894  895  898  900  903  907  910  908  907
     5.0 -180.0 180.0   5.0 450.0                            LAT/LON1/LON2/DLON/H
  876  874  897  936  972  989  991  991  996 1004 1005  992  963  916  853  785
  725  682  653  632  612  591  562  516  450  373  305  259  234  215  189  157
  130  119  124  135  138  124  100   80   72   75   82   91  111  152  214  289
  366  438  503  562  619  679  742  803  853  886  905  916  922  921  913  903
  897  894  890  887  888  894  896  889  876
     2.5 -180.0 180.0   5.0 450.0                            LAT/LON1/LON2/DLON/H
  864  850  855  874  886  881  866  860  869  885  893  887  866  832  789  744
  704  676  655  634  608  575  535  482  416  347  291  259  246  235  213  181
  153  139  141  147  142  123   96   77   72   77   82   88  103  137  194  267
  345  421  490  552  610  669  735  800  856  894  916  929  938  939  933  922
  910  899  887  878  877  886  892  883  864
