ionex_files/corrected/COD0OPSFIN_20250840000_01D_01H_GIM.INX
     1.0            IONOSPHERE MAPS     GNSS                IONEX VERSION / TYPE
ADDNEQ2 V5.5        AIUB                29-MAR-25 19:01     PGM / RUN BY / DATE 
CODE'S GLOBAL IONOSPHERE MAPS FOR DAY 084, 2025             COMMENT             
Global ionosphere maps (GIM) are generated on a daily basis DESCRIPTION         
at CODE using data from about 300 GNSS sites of the IGS and DESCRIPTION         
other institutions. The vertical total electron content     DESCRIPTION         
(VTEC) is modeled in a solar-geomagnetic reference frame    DESCRIPTION         
using a spherical harmonics expansion up to degree and      DESCRIPTION         
order 15. Piece-wise linear functions are used for          DESCRIPTION         
representation in the time domain. The time spacing of      DESCRIPTION         
their vertices is 1 hour, conforming with the epochs of the DESCRIPTION         
VTEC maps.                                                  DESCRIPTION         
To convert line-of-sight TEC into vertical TEC, a modified  DESCRIPTION         
single-layer model mapping function approximating the JPL   DESCRIPTION         
extended slab model mapping function is adopted. The        DESCRIPTION         
mapping function is evaluated at geodetic satellite         DESCRIPTION         
elevation angles. For the computation of the ionospheric    DESCRIPTION         
pierce points, a spherical layer with a radius of 6821 km   DESCRIPTION         
is assumed, implying geocentric, not geodetic IONEX         DESCRIPTION         
latitudes.                                                  DESCRIPTION         
Instrumental biases with respect to each involved GNSS code DESCRIPTION         
observable are estimated as constant values for each        DESCRIPTION         
day. They are modeled with one set of bias parameters for   DESCRIPTION         
each satellite and each station in case of GPS and for each DESCRIPTION         
satellite-station link in case of GLONASS. The code bias    DESCRIPTION         
datum is defined by zero-mean conditions imposed on the     DESCRIPTION         
satellite bias estimates. In this file, just GPS C1W-C2W    DESCRIPTION         
satellite and station bias values are included. The         DESCRIPTION         
complete set of GNSS code bias results is provided in an    DESCRIPTION         
additional Bias-SINEX file as pseudo-absolute values        DESCRIPTION         
specific to each observable.                                DESCRIPTION         
Note: These GIM results correspond to the results for the   DESCRIPTION         
middle day of a 3-day combination analysis solving for 73   DESCRIPTION         
times 256, or 18688 VTEC parameters and 3 daily sets of     DESCRIPTION         
GNSS code bias parameters.                                  DESCRIPTION         
Contact address: code(at)aiub.unibe.ch                      DESCRIPTION         
Data archive:    ftp.aiub.unibe.ch/CODE/                    DESCRIPTION         
                 www.aiub.unibe.ch/download/CODE/           DESCRIPTION         
  2025     3    25     0     0     0                        EPOCH OF FIRST MAP  
  2025     3    26     0     0     0                        EPOCH OF LAST MAP   
  3600                                                      INTERVAL            
[...]
abpo adis albh algo alic amu2 antc areg areq ascg aspa auck COMMENT             
azgb badg bake barh bjfs bndy boav bogo bogt bor1 braz brft COMMENT             
brst brux cags cas1 ccj2 cedu chpg chti chur ckis coco cord COMMENT             
cpvg cpxf cro1 daej darw dav1 dgar dhlg drao dubo ebre faa1 COMMENT             
fair flin flrs frdn func ganp glps glsv gode gol2 gold gope COMMENT             
gras graz guam guug harb hers hert hlfx hnpt hob2 hofn holb COMMENT             
hrao iddr ieng iisc impz ineg invk iqal irkj jog2 joz2 karr COMMENT             
kerg kir0 kiri kiru kit3 kokb kokv koug kour krgg lama laut COMMENT             
lmmf lpal lpgs mac1 madr mal2 mana mas1 mat1 mate maui maw1 COMMENT             
mcil mcm4 mdo1 medi mgue mizu mkea mnls mobs morp mro1 mtka COMMENT             
nano naur nico nist nium nklg nlib nnor nrc1 ntus nya1 nyal COMMENT             
onsa opmt ous2 pado parc park pdel penc pert pie1 pimo pohn COMMENT             
pol2 pots pove ptag ptbb ptvl qaq1 quin rabt ramo reun reyk COMMENT             
rgdg rio2 roth salu samo sant savo sch2 scor scrz scub seyg COMMENT             
sfer spt0 ssia sthl stjo stk2 str2 suth sutm suwn sydn syog COMMENT             
tash thtg thti thu2 tid1 tidb tlse tn22 tong tow2 tro1 tskb COMMENT             
twtf txes uclu ufpr ulab unb3 unbj unsa urum usn7 usud vald COMMENT             
vill vtsp wab1 wab2 whit will wind wsrt wtza wtzr wtzs wtzz COMMENT             
wuhn xmis yar2 yarr yell ykro zeck zim2 zim3 zimm           COMMENT             
                                                            END OF HEADER       
[from data line 6006]
    15                                                      START OF TEC MAP    
  2025     3    25    14     0     0                        EPOCH OF CURRENT MAP
    87.5 -180.0 180.0   5.0 450.0                            LAT/LON1/LON2/DLON/H
  207  207  207  207  207  207  207  207  207  208  208  208  208  208  209  209
  209  209  209  209  209  209  209  208  208  208  208  207  207  207  206  206
  205  205  205  205  204  204  204  204  204  204  205  205  206  206  207  207
  208  209  209  210  211  211  211  212  212  212  212  212  212  212  212  211
  211  210  210  209  209  208  208  208  207
    85.0 -180.0 180.0   5.0 450.0                            LAT/LON1/LON2/DLON/H
  198  197  197  197  197  198  198  199  200  201  202  203  204  205  206  206
  207  207  208  208  208  208  208  208  208  208  208  207  207  206  205  204
  203  202  201  200  199  199  198  198  198  198  199  200  201  203  204  206
  209  211  213  215  217  219  220  221  222  222  222  221  220  219  217  215
  212  210  208  205  203  201  200  199  198
    82.5 -180.0 180.0   5.0 450.0                            LAT/LON1/LON2/DLON/H
  180  179  179  179  180  182  184  186  188  190  192  194  196  197  198  199
  200  201  202  203  204  205  206  207  208  209  210  211  211  210  210  209
  207  206  204  202  200  198  196  195  195  195  195  197  199  201  205  209
  213  217  222  226  230  233  236  238  239  239  238  236  233  229  225  220
  215  209  203  198  193  189  185  182  180
    80.0 -180.0 180.0   5.0 450.0                            LAT/LON1/LON2/DLON/H
  160  158  158  159  161  164  168  171  175  178  181  183  184  186  186  187
  188  189  190  192  195  198  202  205  209  212  215  218  220  221  221  221
  219  218  215  212  209  206  203  201  199  198  198  199  202  205  210  215
  221  228  234  241  247  252  256  258  260  260  258  254  250  243  236  227
  218  209  199  190  182  174  168  163  160
    77.5 -180.0 180.0   5.0 450.0                            LAT/LON1/LON2/DLON/H
  142  140  140  142  145  150  154  159  164  168  171  172  173  173  173  172
  172  173  176  179  184  190  197  204  212  219  225  230  234  237  239  239
  239  238  235  232  228  224  220  216  212  210  209  209  211  215  220  226
  233  240  248  256  263  269  273  277  279  278  276  272  266  257  248  236
  224  211  198  185  173  163  154  147  142
    75.0 -180.0 180.0   5.0 450.0                            LAT/LON1/LON2/DLON/H
  132  129  129  132  136  141  147  153  158  162  165  166  165  163  161  159
  158  158  161  167  175  184  196  207  219  229  238  245  251  256  259  261
  262  262  260  258  254  249  244  238  233  229  227  226  227  229  233  238
  245  251  258  265  272  278  283  287  288  288  286  282  276  267  257  244
  231  216  201  185  171  158  147  138  132
    72.5 -180.0 180.0   5.0 450.0                            LAT/LON1/LON2/DLON/H
  131  127  127  130  135  141  147  154  159  163  164  164  162  158  154  150
  148  148  151  159  170  184  200  216  231  244  254  262  268  273  276  280
  282  284  285  284  281  276  270  264  258  252  249  246  245  246  248  250
  254  258  262  266  271  275  279  283  285  285  284  281  276  268  259  248
  235  221  206  190  175  160  148  138  131
    70.0 -180.0 180.0   5.0 450.0                            LAT/LON1/LON2/DLON/H
  136  132  132  135  139  145  152  158  163  166  168  167  164  159  154  148
  144  144  148  158  172  190  210  230  247  261  271  277  281  284  288  292
  296  301  304  306  304  301  295  288  282  276  271  268  265  264  262  261
  259  258  258  258  258  260  262  264  266  267  267  266  263  258  252  244
  234  223  210  196  181  167  154  143  136
    67.5 -180.0 180.0   5.0 450.0                            LAT/LON1/LON2/DLON/H
  143  139  139  141  145  151  156  161  166  169  171  171  169  165  159  153
  148  148  152  163  180  201  225  247  266  279  286  289  289  290  292  297
  303  311  318  322  323  320  315  308  302  296  292  288  285  281  276  269
  262  254  247  242  238  236  236  237  238  239  239  239  238  236  233  230
  224  218  209  198  186  173  161  150  143
    65.0 -180.0 180.0   5.0 450.0                            LAT/LON1/LON2/DLON/H
  146  142  141  144  147  151  155  159  163  166  170  172  173  172  168  163
  158  157  161  172  191  215  240  264  283  294  298  297  293  291  292  298
  308  319  329  336  338  335  329  322  316  312  309  307  304  299  290  278
  264  250  237  225  217  212  209  208  208  208  208  208  207  206  206  205
  205  203  199  193  184  174  163  153  146
    62.5 -180.0 180.0   5.0 450.0                            LAT/LON1/LON2/DLON/H
  141  137  137  138  141  143  145  147  150  154  160  167  173  176  177  174
  170  169  172  183  201  225  252  277  296  305  307  302  296  292  294  303
  316  331  343  351  351  347  339  331  326  324  324  325  323  317  306  290
  270  250  232  216  204  195  190  187  186  184  182  179  176  175  174  175
  178  181  182  180  175  167  158  148  141
    60.0 -180.0 180.0   5.0 450.0                            LAT/LON1/LON2/DLON/H
  129  125  124  125  126  127  126  126  128  133  142  153  165  176  182  183
  181  180  182  190  207  231  258  283  302  312  313  308  303  301  306  319
  336  353  366  372  369  360  349  339  333  334  338  343  344  339  326  307
  283  259  237  219  205  195  188  183  179  174  169  162  155  149  146  146
  150  155  160  162  160  154  146  136  129
    57.5 -180.0 180.0   5.0 450.0                            LAT/LON1/LON2/DLON/H
  113  108  106  106  107  105  102  100  100  105  117  133  152  168  181  187
  189  187  187  193  208  230  256  283  304  316  320  319  318  322  333  351
  371  390  401  402  393  378  361  348  342  345  354  363  367  364  351  330
  305  279  256  237  222  211  202  196  189  182  172  161  148  137  129  125
  127  133  139  144  144  140  131  122  113
    55.0 -180.0 180.0   5.0 450.0                            LAT/LON1/LON2/DLON/H
  100   93   89   89   88   85   79   74   73   78   91  111  134  156  175  186
  191  190  189  193  204  224  250  278  302  319  330  337  344  356  375  397
  420  438  445  440  424  401  378  361  355  360  372  385  393  391  378  358
  333  308  286  267  252  240  230  221  213  203  191  176  158  141  128  119
  118  121  127  133  134  130  121  110  100
    52.5 -180.0 180.0   5.0 450.0                            LAT/LON1/LON2/DLON/H
   94   85   79   77   75   71   64   58   54   58   71   92  117  142  165  181
  189  190  189  191  199  217  244  273  302  326  346  362  380  401  426  452
  476  490  493  481  458  428  400  380  373  379  393  409  419  419  407  387
  364  341  320  303  287  273  261  250  241  231  218  202  183  162  144  131
  124  124  128  132  134  129  120  107   94
    50.0 -180.0 180.0   5.0 450.0                            LAT/LON1/LON2/DLON/H
  100   87   80   76   74   69   62   54   50   52   63   82  105  131  155  174
  185  189  189  190  198  215  242  275  309  340  368  394  420  449  478  506
  527  538  535  518  491  458  427  405  397  402  417  433  444  444  433  414
  393  371  352  335  318  301  285  272  263  254  245  232  214  194  174  158
  147  142  142  144  144  139  129  115  100
    47.5 -180.0 180.0   5.0 450.0                            LAT/LON1/LON2/DLON/H
  116  101   91   86   83   79   72   65   60   61   69   84  103  126  149  169
  183  190  192  195  204  223  252  287  325  361  395  427  459  491  521  547
  564  571  565  547  520  488  458  436  427  431  443  458  467  466  455  436
  415  395  376  357  337  315  296  281  272  268  264  257  245  230  212  195
  180  170  165  163  162  158  148  133  116
    45.0 -180.0 180.0   5.0 450.0                            LAT/LON1/LON2/DLON/H
  138  120  108  102   99   97   92   86   82   83   88   98  112  129  149  169
  185  195  201  207  220  242  274  312  351  389  425  459  491  522  549  570
  584  588  583  569  548  521  496  475  464  464  472  482  488  484  471  452
  431  411  390  368  343  317  293  276  269  268  271  272  269  261  249  233
  217  202  191  185  182  179  170  156  138
    42.5 -180.0 180.0   5.0 450.0                            LAT/LON1/LON2/DLON/H
  160  141  126  119  117  116  114  111  109  111  115  121  129  141  158  177
  194  207  217  228  246  274  310  349  387  423  455  486  514  540  561  578
  589  595  595  590  578  561  541  522  509  503  504  508  508  501  485  464
  442  420  397  372  343  312  285  266  259  261  268  276  282  282  277  265
  249  230  213  203  198  196  190  178  160
    40.0 -180.0 180.0   5.0 450.0                            LAT/LON1/LON2/DLON/H
  177  157  140  132  129  130  131  131  133  136  141  146  151  160  175  193
  212  227  240  257  282  316  356  395  429  458  483  507  529  548  565  579
  592  603  614  620  621  614  599  581  563  549  542  537  531  518  500  478
  454  430  405  378  346  314  285  265  255  256  264  274  284  291  293  286
  270  248  227  212  207  206  203  194  177
    37.5 -180.0 180.0   5.0 450.0                            LAT/LON1/LON2/DLON/H
  187  166  148  137  134  135  138  141  146  152  160  166  173  182  198  217
  237  254  270  292  324  364  407  444  472  492  509  526  542  557  573  589
  608  630  652  671  683  683  672  651  626  604  586  573  559  542  521  498
  473  449  424  396  366  335  307  285  271  266  267  273  282  292  298  296
  281  258  233  215  208  209  210  203  187
    35.0 -180.0 180.0   5.0 450.0                            LAT/LON1/LON2/DLON/H
  194  172  151  137  132  132  134  139  145  155  167  178  190  204  224  247
  268  286  305  332  370  415  459  491  511  523  533  545  560  577  597  622
  652  687  721  750  768  771  757  731  698  666  638  616  595  574  552  528
  505  482  460  436  412  386  360  335  315  298  286  281  283  291  298  298
  286  262  236  216  208  210  213  209  194
    32.5 -180.0 180.0   5.0 450.0                            LAT/LON1/LON2/DLON/H
  202  179  155  137  128  125  125  128  134  146  162  180  199  223  250  278
  302  322  343  374  416  464  506  533  545  550  557  571  592  618  649  687
  732  779  822  855  872  871  850  815  774  733  697  667  641  616  592  571
  551  532  515  498  482  464  443  416  386  354  326  305  296  297  302  302
  291  269  243  222  213  215  219  216  202
    30.0 -180.0 180.0   5.0 450.0                            LAT/LON1/LON2/DLON/H
  218  194  167  144  130  122  117  115  119  130  149  173  202  236  273  308
  336  358  381  415  460  509  547  566  571  574  585  608  641  682  729  784
  842  899  944  974  983  972  942  898  848  801  760  724  692  664  641  624
  609  596  585  576  570  561  543  514  474  428  383  347  325  317  317  317
  306  286  261  241  231  231  234  232  218
    27.5 -180.0 180.0   5.0 450.0                            LAT/LON1/LON2/DLON/H
  246  221  191  164  144  130  119  110  108  116  135  163  200  244  291  334
  366  391  417  453  500  546  578  590  592  597  617  655  706  766  831  900
  969 1028 1070 1088 1085 1061 1020  969  915  865  821  782  746  716  695  681
  672  664  658  657  658  656  641  610  562  506  450  403  372  356  351  347
  336  318  295  275  264  261  262  259  246
    25.0 -180.0 180.0   5.0 450.0                            LAT/LON1/LON2/DLON/H
  284  261  230  200  175  154  135  119  109  111  126  156  198  249  303  352
  390  419  448  487  533  575  600  607  608  621  656  713  783  860  939 1019
 1090 1145 1174 1178 1160 1125 1077 1023  969  921  878  837  799  767  746  737
  732  727  723  722  726  727  714  682  632  573  515  467  433  414  403  395
  383  365  344  324  310  303  301  297  284
    22.5 -180.0 180.0   5.0 450.0                            LAT/LON1/LON2/DLON/H
  329  308  278  246  218  193  167  143  124  119  129  155  197  251  310  364
  406  440  473  514  559  596  614  618  623  648  700  776  862  950 1037 1117
 1184 1226 1239 1226 1196 1155 1107 1056 1008  965  926  887  847  813  793  785
  782  775  766  760  760  759  745  713  667  616  569  531  503  484  469  456
  441  423  402  381  363  350  344  340  329
    20.0 -180.0 180.0   5.0 450.0                            LAT/LON1/LON2/DLON/H
  372  354  327  296  268  239  210  179  153  139  142  163  202  255  314  370
  416  454  492  535  578  609  622  626  640  679  748  838  933 1025 1109 1181
 1234 1258 1254 1228 1193 1154 1114 1072 1033  999  965  928  888  852  832  824
  818  804  783  764  753  744  728  699  664  631  606  588  573  558  541  523
  503  483  461  437  413  395  386  380  372
    17.5 -180.0 180.0   5.0 450.0                            LAT/LON1/LON2/DLON/H
  406  391  367  340  313  285  253  219  188  168  165  179  212  260  316  372
  421  464  506  550  589  615  627  635  659  714  796  894  989 1075 1147 1203
 1237 1243 1224 1192 1159 1131 1105 1077 1050 1024  997  963  922  886  864  854
  842  815  776  738  711  692  673  650  631  623  626  634  636  627  608  584
  559  535  510  483  454  431  417  412  406
    15.0 -180.0 180.0   5.0 450.0                            LAT/LON1/LON2/DLON/H
  425  413  392  368  345  319  288  253  220  197  189  198  225  267  320  374
  425  472  517  561  597  619  630  646  684  751  842  939 1027 1098 1152 1189
 1204 1193 1165 1134 1113 1103 1094 1081 1064 1046 1023  992  952  915  892  878
  857  815  755  696  652  623  602  587  586  605  637  669  685  680  659  630
  601  573  545  514  481  453  437  431  425
    12.5 -180.0 180.0   5.0 450.0                            LAT/LON1/LON2/DLON/H
  432  419  399  378  358  336  308  274  242  219  211  217  239  276  326  379
  431  481  528  571  603  622  637  662  712  790  883  972 1046 1099 1134 1152
 1152 1132 1102 1080 1075 1084 1093 1092 1081 1066 1046 1016  978  942  918  901
  872  814  736  658  599  562  541  536  552  593  648  695  718  712  687  654
  623  594  564  530  495  466  448  440  432
    10.0 -180.0 180.0   5.0 450.0                            LAT/LON1/LON2/DLON/H
  432  413  390  370  353  335  309  278  249  230  223  229  250  286  335  389
  443  495  543  583  611  630  649  684  745  827  916  994 1050 1086 1106 1112
 1103 1081 1058 1048 1061 1087 1108 1113 1103 1087 1066 1037 1000  966  944  926
  890  822  731  641  574  535  516  519  547  601  665  715  733  720  690  655
  625  598  570  537  503  475  456  444  432
     7.5 -180.0 180.0   5.0 450.0                            LAT/LON1/LON2/DLON/H
  432  404  375  352  336  320  297  269  244  229  226  235  258  296  346  402
  459  513  561  600  625  644  669  713  780  861  941 1004 1046 1069 1080 1082
 1074 1059 1046 1050 1076 1112 1138 1142 1127 1105 1081 1051 1017  987  968  951
  914  842  746  655  589  552  539  547  580  635  693  730  732  706  669  636
  611  591  568  540  511  487  469  453  432
     5.0 -180.0 180.0   5.0 450.0                            LAT/LON1/LON2/DLON/H
  441  401  363  335  318  302  280  254  232  221  222  235  261  303  358  418
  479  535  584  621  646  668  698  747  815  890  956 1006 1037 1055 1066 1071
 1071 1067 1067 1082 1114 1151 1173 1169 1146 1116 1086 1055 1023  998  985  972
  938  871  781  697  640  612  605  615  644  687  725  737  716  673  630  602
  587  578  564  545  524  507  491  471  441
     2.5 -180.0 180.0   5.0 450.0                            LAT/LON1/LON2/DLON/H
  460  409  361  328  307  290  268  243  223  214  217  232  262  308  368  434
  499  558  608  646  674  699  734  785  848  910  962 1000 1026 1045 1062 1077
 1089 1098 1109 1129 1159 1188 1199 1184 1151 1112 1077 1045 1015  995  987  981
  956  899  823  755  713  696  694  701  719  742  752  734  686  627  581  561
  559  563  561  553  543  534  523  500  460
