ionex_files/corrected/COD0OPSFIN_20231140000_01D_01H_GIM.INX
     1.0            IONOSPHERE MAPS     GNSS                IONEX VERSION / TYPE
ADDNEQ2 V5.5        AIUB                28-APR-23 21:24     PGM / RUN BY / DATE 
CODE'S GLOBAL IONOSPHERE MAPS FOR DAY 114, 2023             COMMENT             
Global ionosphere maps (GIM) are generated on a daily basis DESCRIPTION         
at CODE using data from about 300 GNSS sites of the IGS and DESCRIPTION         
other institutions. The vertical total electron content     DESCRIPTION         
(VTEC) is modeled in a solar-geomagnetic reference frame    DESCRIPTION         
using a spherical harmonics expansion up to degree and      DESCRIPTION         
order 15. Piece-wise linear functions are used for          DESCRIPTION         
representation in the time domain. The time spacing of      DESCRIPTION         
their vertices is 1 hour, conforming with the epochs of the DESCRIPTION         
VTEC maps.                                                  DESCRIPTION         
To convert line-of-sight TEC into vertical TEC, a modified  DESCRIPTION         
single-layer model mapping function approximating the JPL   DESCRIPTION         
extended slab model mapping function is adopted. The        DESCRIPTION         
mapping function is evaluated at geodetic satellite         DESCRIPTION         
elevation angles. For the computation of the ionospheric    DESCRIPTION         
pierce points, a spherical layer with a radius of 6821 km   DESCRIPTION         
is assumed, implying geocentric, not geodetic IONEX         DESCRIPTION         
latitudes.                                                  DESCRIPTION         
Instrumental biases with respect to each involved GNSS code DESCRIPTION         
observable are estimated as constant values for each        DESCRIPTION         
day. They are modeled with one set of bias parameters for   DESCRIPTION         
each satellite and each station in case of GPS and for each DESCRIPTION         
satellite-station link in case of GLONASS. The code bias    DESCRIPTION         
datum is defined by zero-mean conditions imposed on the     DESCRIPTION         
satellite bias estimates. In this file, just GPS C1W-C2W    DESCRIPTION         
satellite and station bias values are included. The         DESCRIPTION         
complete set of GNSS code bias results is provided in an    DESCRIPTION         
additional Bias-SINEX file as pseudo-absolute values        DESCRIPTION         
specific to each observable.                                DESCRIPTION         
Note: These GIM results correspond to the results for the   DESCRIPTION         
middle day of a 3-day combination analysis solving for 73   DESCRIPTION         
times 256, or 18688 VTEC parameters and 3 daily sets of     DESCRIPTION         
GNSS code bias parameters.                                  DESCRIPTION         
Contact address: code(at)aiub.unibe.ch                      DESCRIPTION         
Data archive:    ftp.aiub.unibe.ch/CODE/                    DESCRIPTION         
                 www.aiub.unibe.ch/download/CODE/           DESCRIPTION         
  2023     4    24     0     0     0                        EPOCH OF FIRST MAP  
  2023     4    25     0     0     0                        EPOCH OF LAST MAP   
  3600                                                      INTERVAL            
[...]
brux bshm cags cas1 ccj2 cedu chpg chpi chti chur coco cord COMMENT             
cpvg cpxf crar cro1 daej darw dav1 dgar dhlg drao dubo ebre COMMENT             
faa1 fair flin flrs frdn ftna func ganp glps glsv gode godz COMMENT             
gol2 gold gope gras graz guam harb hers hert hlfx hnpt hob2 COMMENT             
hofn holb hrao hyde iddr ieng iisc ineg invk iqal irkj isba COMMENT             
jog2 joz2 joze kerg kir0 kiri kiru kit3 kokb kokv kouc koug COMMENT             
kour krgg lama laut lmmf lpal lpgs m0se mac1 madr mal2 mana COMMENT             
mas1 mat1 mate maw1 mcm4 mdo1 mdvj medi mets mgue mizu mkea COMMENT             
mnls mobs morp mqzg mro1 mtka nano nico nist nium nklg nlib COMMENT             
nnor not1 nrc1 nrmd ntus nya1 nyal ohi2 onsa opmt ous2 pado COMMENT             
park pdel penc pert pie1 pimo pohn pol2 polv pots pove prds COMMENT             
ptag ptbb ptvl qaq1 quin rabt ramo reun reyk rgdg rio2 riop COMMENT             
salu samo sant savo sch2 scor scrz sctb seyg sfer shao sofi COMMENT             
spt0 ssia sthl stjo stk2 str2 suth sutm suwn sydn syog tabv COMMENT             
tash thtg thti thu2 tid1 tidb tlse tn22 tong tow2 tro1 tsea COMMENT             
tskb tuva twtf txes uclu ufpr ulab unb3 unbj unsa urum usn7 COMMENT             
usud vald vill voim vtsp wab1 wab2 wark wgtn whit will wind COMMENT             
wsrt wtza wtzl wtzr wtzs wuhn xmis yar2 yar3 yarr yell ykro COMMENT             
zamb zeck zim2 zim3 zimm                                    COMMENT             
                                                            END OF HEADER       
[from data line 5577]
    14                                                      START OF TEC MAP    
  2023     4    24    13     0     0                        EPOCH OF CURRENT MAP
    87.5 -180.0 180.0   5.0 450.0                            LAT/LON1/LON2/DLON/H
   61   60   59   59   58   58   57   57   57   57   57   58   58   59   60   60
   61   62   63   64   64   65   66   67   67   68   69   69   70   70   71   71
   71   72   72   72   73   73   73   73   74   74   74   75   75   75   76   76
   76   76   77   77   77   77   77   76   76   76   75   74   74   73   72   71
   70   69   68   66   65   64   63   62   61
    85.0 -180.0 180.0   5.0 450.0                            LAT/LON1/LON2/DLON/H
   53   51   49   48   46   45   45   45   45   45   46   48   49   51   53   55
   57   60   62   64   66   68   70   71   72   73   74   75   75   76   76   76
   76   76   75   75   75   75   76   76   76   77   77   78   79   79   80   81
   82   83   84   85   86   86   86   87   87   86   86   85   83   82   80   78
   75   73   70   67   64   61   59   56   53
    82.5 -180.0 180.0   5.0 450.0                            LAT/LON1/LON2/DLON/H
   48   44   41   39   37   35   34   34   35   35   37   39   42   45   49   52
   56   60   64   68   71   74   77   79   81   82   83   83   83   83   82   81
   81   80   79   78   78   77   77   77   78   78   79   80   81   82   83   84
   86   87   89   90   92   93   94   95   96   96   96   95   94   92   89   86
   82   78   74   69   65   60   56   52   48
    80.0 -180.0 180.0   5.0 450.0                            LAT/LON1/LON2/DLON/H
   47   43   39   36   33   31   30   29   29   30   32   34   38   42   47   52
   58   63   69   74   78   82   85   88   89   91   91   91   91   91   90   89
   87   86   85   83   82   81   81   81   81   81   82   83   84   84   85   86
   87   88   89   91   93   94   96   99  100  102  102  102  101  100   97   93
   89   84   78   73   67   61   56   51   47
    77.5 -180.0 180.0   5.0 450.0                            LAT/LON1/LON2/DLON/H
   50   47   44   41   38   36   34   33   32   31   32   34   37   41   47   53
   60   67   73   79   84   88   92   94   96   97   98   99   99   99   98   98
   97   95   94   92   90   89   88   88   88   89   89   90   90   90   89   89
   88   87   86   86   87   89   91   94   97  100  102  104  104  103  100   97
   92   87   82   76   70   64   59   55   50
    75.0 -180.0 180.0   5.0 450.0                            LAT/LON1/LON2/DLON/H
   58   56   54   52   50   48   46   44   41   39   38   38   40   43   48   55
   62   69   76   83   88   92   94   97   98  100  102  103  105  107  108  109
  109  108  106  104  102  101  100   99  100  100  101  102  101  100   97   93
   89   85   81   78   76   77   79   82   87   92   96   99  100  101   99   96
   92   88   83   78   73   69   64   61   58
    72.5 -180.0 180.0   5.0 450.0                            LAT/LON1/LON2/DLON/H
   67   66   66   66   65   64   62   59   55   51   48   45   45   47   51   57
   64   72   78   84   88   91   93   95   97   99  102  106  111  115  119  122
  123  123  121  119  116  113  112  111  112  114  116  117  116  114  109  102
   93   84   75   68   63   61   63   66   72   78   84   89   92   93   93   91
   89   85   82   79   76   73   70   68   67
    70.0 -180.0 180.0   5.0 450.0                            LAT/LON1/LON2/DLON/H
   72   73   74   76   77   78   77   75   70   64   59   54   51   51   54   59
   66   73   79   84   87   89   90   91   92   96  101  108  116  123  130  135
  138  138  136  133  128  125  122  121  123  126  129  132  132  130  124  114
  102   88   74   62   53   48   48   51   57   64   71   77   81   83   83   83
   82   81   80   78   77   76   74   73   72
    67.5 -180.0 180.0   5.0 450.0                            LAT/LON1/LON2/DLON/H
   72   72   73   76   80   84   85   84   81   75   68   61   57   55   57   62
   68   75   80   84   85   85   85   86   88   93  100  110  120  131  140  147
  150  151  148  143  137  131  127  126  128  132  138  143  146  145  139  129
  114   97   79   63   50   42   40   42   48   55   62   67   71   73   73   73
   74   75   76   78   78   77   76   73   72
    65.0 -180.0 180.0   5.0 450.0                            LAT/LON1/LON2/DLON/H
   65   62   62   66   72   79   84   86   84   79   73   66   61   59   61   65
   70   76   81   83   84   83   82   83   86   93  101  112  124  135  145  152
  156  156  153  146  139  131  126  125  127  133  140  148  154  156  153  144
  130  113   93   74   59   48   44   44   48   54   60   64   65   65   65   65
   66   69   74   77   79   78   74   69   65
    62.5 -180.0 180.0   5.0 450.0                            LAT/LON1/LON2/DLON/H
   53   46   44   47   55   64   72   77   79   77   73   68   64   62   63   67
   73   78   82   84   83   82   82   83   88   95  105  115  125  135  143  150
  153  153  150  143  135  127  122  120  122  128  137  147  155  161  162  158
  148  133  115   97   80   68   61   59   61   64   67   67   66   63   60   59
   61   66   73   79   81   79   72   63   53
    60.0 -180.0 180.0   5.0 450.0                            LAT/LON1/LON2/DLON/H
   42   30   25   27   34   44   55   63   68   69   68   66   64   64   66   70
   75   79   83   84   84   83   84   87   93  101  109  116  123  128  133  137
  141  142  140  135  129  122  118  116  119  124  132  141  151  160  166  169
  165  156  143  127  111   98   89   85   83   83   82   78   73   66   60   57
   59   65   74   82   85   82   72   57   42
    57.5 -180.0 180.0   5.0 450.0                            LAT/LON1/LON2/DLON/H
   37   21   13   12   18   28   39   48   54   58   60   61   63   64   67   71
   76   81   84   85   85   86   88   93  100  107  112  115  115  114  114  117
  121  126  128  128  125  122  121  121  123  127  131  137  145  154  165  174
  179  178  171  160  147  135  124  116  111  107  102   95   85   74   65   60
   61   68   78   88   91   87   74   56   37
    55.0 -180.0 180.0   5.0 450.0                            LAT/LON1/LON2/DLON/H
   41   24   14   12   16   23   30   37   42   47   51   55   59   63   68   72
   77   81   84   86   87   88   92   98  106  112  114  110  103   95   92   94
  101  111  120  126  130  133  137  141  143  143  141  140  141  148  160  174
  186  194  195  190  181  169  158  148  140  132  124  113  101   87   75   68
   68   75   85   95  100   96   82   62   41
    52.5 -180.0 180.0   5.0 450.0                            LAT/LON1/LON2/DLON/H
   57   41   32   30   31   32   33   34   35   37   43   49   56   62   67   72
   77   82   85   87   89   90   95  101  109  113  111  102   88   76   71   75
   89  106  123  137  149  159  170  178  182  178  168  155  147  146  155  170
  187  201  209  210  205  196  185  173  162  152  142  131  117  103   90   82
   80   85   95  105  110  107   95   77   57
    50.0 -180.0 180.0   5.0 450.0                            LAT/LON1/LON2/DLON/H
   82   70   64   62   60   55   48   40   34   33   36   44   52   60   67   72
   78   83   87   90   91   92   96  102  108  111  106   93   76   63   60   71
   92  119  144  165  184  202  220  235  241  233  214  188  165  153  155  167
  184  200  212  217  216  210  200  188  177  166  156  145  133  121  109  100
   96   99  107  116  122  121  111   97   82
    47.5 -180.0 180.0   5.0 450.0                            LAT/LON1/LON2/DLON/H
  109  103  101  100   96   86   69   52   38   32   34   41   50   59   66   73
   79   85   90   93   94   94   95  100  105  106  100   87   71   62   67   87
  119  154  186  212  235  258  284  306  316  306  277  238  200  174  163  167
  179  192  204  212  215  212  204  194  183  173  164  156  148  138  129  121
  117  117  122  129  134  134  128  119  109
    45.0 -180.0 180.0   5.0 450.0                            LAT/LON1/LON2/DLON/H
  133  132  134  135  129  114   91   66   46   36   36   42   51   60   68   75
   82   89   95   98   98   96   95   97  101  102   98   88   79   79   95  128
  171  214  250  276  299  326  357  387  401  391  356  304  251  209  185  177
  178  184  192  199  204  204  200  192  184  176  169  165  160  156  150  145
  140  138  139  142  146  147  143  137  133
    42.5 -180.0 180.0   5.0 450.0                            LAT/LON1/LON2/DLON/H
  148  149  154  156  149  131  105   77   55   44   42   47   55   64   72   79
   86   94  100  104  103  100   97   98  100  103  103  100  102  115  146  193
  246  294  330  353  373  399  434  469  490  481  441  380  316  261  223  200
  187  182  182  186  192  195  194  190  183  177  174  173  172  172  171  168
  164  159  157  157  158  158  155  151  148
    40.0 -180.0 180.0   5.0 450.0                            LAT/LON1/LON2/DLON/H
  154  153  157  158  152  134  109   83   64   54   54   58   65   72   79   85
   92   99  106  110  110  107  104  104  107  112  118  125  139  168  214  274
  335  386  419  436  450  472  508  548  573  568  528  463  391  327  277  240
  212  192  183  182  187  192  193  190  186  182  181  182  184  187  190  189
  185  180  174  171  170  168  164  158  154
    37.5 -180.0 180.0   5.0 450.0                            LAT/LON1/LON2/DLON/H
  153  147  146  146  139  124  104   84   72   69   71   76   80   85   89   94
   98  104  110  115  118  118  117  118  124  133  144  161  188  232  291  361
  427  478  507  519  525  542  575  617  647  647  609  545  472  404  346  297
  254  222  202  196  197  201  202  199  195  192  192  193  197  201  205  206
  203  196  189  184  181  178  172  163  153
    35.0 -180.0 180.0   5.0 450.0                            LAT/LON1/LON2/DLON/H
  152  139  132  128  122  110   96   86   84   89   95  100  101  102  103  104
  106  108  113  120  127  132  137  142  151  163  180  205  243  297  366  441
  510  560  586  593  594  605  634  675  708  712  680  622  553  487  426  369
  316  272  244  231  228  226  223  217  211  208  207  208  210  214  217  218
  215  208  200  195  193  190  182  169  152
    32.5 -180.0 180.0   5.0 450.0                            LAT/LON1/LON2/DLON/H
  159  139  126  119  113  104   96   95  102  115  125  129  127  123  120  117
  114  113  117  126  139  152  163  175  188  203  223  253  297  358  430  506
  573  622  648  655  654  660  685  723  755  763  739  689  630  570  511  451
  392  342  308  289  279  269  256  243  233  228  226  226  226  227  227  225
  221  214  207  204  205  205  197  181  159
    30.0 -180.0 180.0   5.0 450.0                            LAT/LON1/LON2/DLON/H
  180  157  141  132  126  119  114  118  131  148  160  161  155  147  139  132
  125  120  123  136  155  176  196  214  231  248  269  299  345  406  478  549
  612  660  690  701  703  708  727  760  790  801  784  745  698  648  595  536
  477  426  390  366  347  325  300  276  260  251  248  247  244  241  237  231
  224  216  211  212  217  221  218  203  180
    27.5 -180.0 180.0   5.0 450.0                            LAT/LON1/LON2/DLON/H
  216  196  181  174  168  161  156  159  172  188  197  195  183  170  159  149
  139  133  137  153  178  207  234  257  276  294  314  342  385  442  507  571
  628  676  712  733  741  747  762  788  816  828  818  790  755  716  671  618
  563  515  481  456  427  391  350  314  290  277  273  271  267  259  249  238
  227  219  215  219  230  241  245  235  216
    25.0 -180.0 180.0   5.0 450.0                            LAT/LON1/LON2/DLON/H
  264  252  245  243  239  231  221  216  222  231  234  226  209  193  180  170
  160  154  160  180  210  244  274  300  321  338  355  380  418  468  523  576
  626  674  718  751  769  778  789  810  834  847  842  824  800  771  735  690
  642  603  575  549  513  463  406  357  324  307  301  299  294  283  268  251
  236  226  223  230  244  262  274  274  264
    22.5 -180.0 180.0   5.0 450.0                            LAT/LON1/LON2/DLON/H
  317  317  321  327  328  318  300  284  276  274  267  252  231  213  201  193
  187  186  195  219  252  286  316  341  361  378  393  413  445  487  532  574
  616  664  715  760  788  801  810  827  847  861  860  849  832  813  785  748
  711  683  663  639  597  536  467  406  365  343  336  333  327  314  294  272
  253  242  240  247  263  285  304  315  317
    20.0 -180.0 180.0   5.0 450.0                            LAT/LON1/LON2/DLON/H
  365  377  393  409  417  406  381  352  328  311  294  272  248  230  221  220
  221  227  242  269  301  332  357  378  396  412  426  443  470  505  541  573
  608  653  708  762  799  816  826  841  859  873  874  866  855  841  820  792
  766  750  740  721  677  610  532  464  416  389  377  373  367  352  329  304
  283  271  269  274  289  310  333  352  365
    17.5 -180.0 180.0   5.0 450.0                            LAT/LON1/LON2/DLON/H
  400  421  446  471  485  477  447  406  369  339  312  284  259  243  241  248
  260  275  297  326  355  379  395  409  425  441  455  472  495  524  553  578
  606  647  703  761  803  825  837  852  871  884  885  878  870  860  844  824
  808  804  804  791  749  681  602  531  477  444  427  420  412  396  371  344
  324  314  311  313  322  338  359  381  400
    15.0 -180.0 180.0   5.0 450.0                            LAT/LON1/LON2/DLON/H
  421  443  470  499  518  514  484  439  393  354  321  291  266  254  259  276
  299  325  354  385  409  423  429  435  448  465  481  497  518  545  571  591
  613  649  702  759  803  828  845  863  883  895  894  886  878  871  861  848
  840  845  854  848  812  749  675  605  548  508  483  469  458  441  416  391
  374  367  365  363  363  370  384  402  421
    12.5 -180.0 180.0   5.0 450.0                            LAT/LON1/LON2/DLON/H
  429  442  462  488  509  510  486  443  397  356  322  292  269  262  274  301
  334  370  406  437  457  461  456  456  467  485  503  519  538  564  589  609
  627  657  703  755  798  827  849  873  895  905  900  889  882  878  873  866
  865  876  891  891  863  810  744  680  621  574  539  517  502  483  459  438
  426  425  425  420  412  407  410  419  429
    10.0 -180.0 180.0   5.0 450.0                            LAT/LON1/LON2/DLON/H
  431  427  431  445  462  468  453  420  381  345  315  288  270  268  285  319
  361  405  445  477  492  489  477  471  480  499  518  533  551  576  603  625
  642  666  703  748  788  820  849  879  903  911  902  888  881  881  882  881
  884  897  914  918  898  856  802  745  687  632  587  557  537  517  496  479
  474  479  484  478  464  450  441  437  431
     7.5 -180.0 180.0   5.0 450.0                            LAT/LON1/LON2/DLON/H
  436  409  389  384  392  400  395  376  350  324  301  282  268  269  290  328
  376  424  468  500  514  507  490  481  490  508  526  538  553  577  607  634
  653  672  700  735  772  807  843  879  905  910  896  879  874  880  888  892
  897  908  923  927  913  881  839  789  731  671  619  582  558  539  521  509
  511  522  532  529  513  494  477  460  436
     5.0 -180.0 180.0   5.0 450.0                            LAT/LON1/LON2/DLON/H
  451  400  353  325  318  323  327  321  310  297  284  271  262  265  288  327
  376  426  472  505  520  513  496  487  494  512  527  534  544  567  601  632
  653  669  688  715  748  786  827  868  894  895  878  860  858  871  885  894
  898  905  914  915  903  878  843  800  745  683  627  588  563  546  532  525
  532  548  562  564  554  537  517  491  451
     2.5 -180.0 180.0   5.0 450.0                            LAT/LON1/LON2/DLON/H
  476  407  337  285  260  258  264  268  268  266  262  255  250  255  277  315
  363  413  460  496  513  510  496  488  496  511  521  523  528  549  585  621
  644  656  667  686  714  753  798  841  866  865  845  828  830  849  870  881
  884  884  883  878  863  841  811  772  720  661  608  571  550  537  528  526
  535  553  571  580  578  571  556  527  476
