ionex_files/corrected/COD0OPSFIN_20231130000_01D_01H_GIM.INX
     1.0            IONOSPHERE MAPS     GNSS                IONEX VERSION / TYPE
ADDNEQ2 V5.5        AIUB                27-APR-23 21:35     PGM / RUN BY / DATE 
CODE'S GLOBAL IONOSPHERE MAPS FOR DAY 113, 2023             COMMENT             
Global ionosphere maps (GIM) are generated on a daily basis DESCRIPTION         
at CODE using data from about 300 GNSS sites of the IGS and DESCRIPTION         
other institutions. The vertical total electron content     DESCRIPTION         
(VTEC) is modeled in a solar-geomagnetic reference frame    DESCRIPTION         
using a spherical harmonics expansion up to degree and      DESCRIPTION         
order 15. Piece-wise linear functions are used for          DESCRIPTION         
representation in the time domain. The time spacing of      DESCRIPTION         
their vertices is 1 hour, conforming with the epochs of the DESCRIPTION         
VTEC maps.                                                  DESCRIPTION         
To convert line-of-sight TEC into vertical TEC, a modified  DESCRIPTION         
single-layer model mapping function approximating the JPL   DESCRIPTION         
extended slab model mapping function is adopted. The        DESCRIPTION         
mapping function is evaluated at geodetic satellite         DESCRIPTION         
elevation angles. For the computation of the ionospheric    DESCRIPTION         
pierce points, a spherical layer with a radius of 6821 km   DESCRIPTION         
is assumed, implying geocentric, not geodetic IONEX         DESCRIPTION         
latitudes.                                                  DESCRIPTION         
Instrumental biases with respect to each involved GNSS code DESCRIPTION         
observable are estimated as constant values for each        DESCRIPTION         
day. They are modeled with one set of bias parameters for   DESCRIPTION         
each satellite and each station in case of GPS and for each DESCRIPTION         
satellite-station link in case of GLONASS. The code bias    DESCRIPTION         
datum is defined by zero-mean conditions imposed on the     DESCRIPTION         
satellite bias estimates. In this file, just GPS C1W-C2W    DESCRIPTION         
satellite and station bias values are included. The         DESCRIPTION         
complete set of GNSS code bias results is provided in an    DESCRIPTION         
additional Bias-SINEX file as pseudo-absolute values        DESCRIPTION         
specific to each observable.                                DESCRIPTION         
Note: These GIM results correspond to the results for the   DESCRIPTION         
middle day of a 3-day combination analysis solving for 73   DESCRIPTION         
times 256, or 18688 VTEC parameters and 3 daily sets of     DESCRIPTION         
GNSS code bias parameters.                                  DESCRIPTION         
Contact address: code(at)aiub.unibe.ch                      DESCRIPTION         
Data archive:    ftp.aiub.unibe.ch/CODE/                    DESCRIPTION         
                 www.aiub.unibe.ch/download/CODE/           DESCRIPTION         
  2023     4    23     0     0     0                        EPOCH OF FIRST MAP  
  2023     4    24     0     0     0                        EPOCH OF LAST MAP   
  3600                                                      INTERVAL            
[...]
brux bshm cags cas1 ccj2 cedu chpg chpi chti chur cnmr coco COMMENT             
cord cpvg cpxf crar cro1 daej darw dav1 dgar dhlg drao dubo COMMENT             
ebre faa1 fair flin flrs frdn ftna func ganp glps glsv gode COMMENT             
godz gol2 gold gope gras graz guam guug harb hers hert hlfx COMMENT             
hnpt hob2 hofn holb hrao hyde iddr ieng iisc ineg invk iqal COMMENT             
irkj isba jog2 joz2 joze kerg kir0 kiri kiru kit3 kokb kokv COMMENT             
kouc koug kour krgg lama laut lmmf lpal lpgs m0se mac1 madr COMMENT             
mal2 mana mas1 mat1 mate maw1 mcil mcm4 mdo1 mdvj medi mets COMMENT             
mgue mizu mkea mnls mobs morp mqzg mro1 nano nico nist nium COMMENT             
nklg nlib nnor not1 nrc1 nrmd ntus nya1 nyal ohi2 onsa opmt COMMENT             
ous2 pado park pdel penc pert pie1 pimo pohn pol2 polv pots COMMENT             
pove prds ptag ptbb ptvl qaq1 quin rabt ramo reun reyk rgdg COMMENT             
rio2 riop salu samo sant savo sch2 scor scrz sctb seyg sfer COMMENT             
shao sofi spt0 ssia sthl stjo stk2 str2 suth sutm suwn sydn COMMENT             
syog tabv tash thtg thti thu2 tid1 tidb tlse tn22 tong tow2 COMMENT             
tro1 tsea tskb tuva twtf txes uclu ufpr ulab unb3 unbj unsa COMMENT             
urum usn7 usud vald vill voim vtsp wab1 wab2 wark wgtn whit COMMENT             
will wind wsrt wtza wtzl wtzr wtzs wuhn xmis yar2 yar3 yarr COMMENT             
yell ykro zamb zeck zim2 zim3 zimm                          COMMENT             
                                                            END OF HEADER       
[from data line 1287]
     4                                                      START OF TEC MAP    
  2023     4    23     3     0     0                        EPOCH OF CURRENT MAP
    87.5 -180.0 180.0   5.0 450.0                            LAT/LON1/LON2/DLON/H
  178  179  180  181  182  183  184  186  187  189  190  192  193  194  195  196
  197  197  197  197  197  196  195  194  192  190  188  186  184  182  180  177
  175  173  171  169  167  166  164  163  162  161  160  159  159  158  158  158
  159  159  159  160  161  162  163  164  165  166  167  168  169  170  171  172
  172  173  174  174  175  176  176  177  178
    85.0 -180.0 180.0   5.0 450.0                            LAT/LON1/LON2/DLON/H
  181  180  180  180  182  183  186  189  192  196  200  205  209  214  217  221
  223  225  226  226  225  224  221  217  213  208  203  197  192  186  181  175
  171  166  162  158  155  153  150  148  147  146  145  145  144  144  145  146
  147  149  150  153  155  158  161  164  168  171  174  177  180  182  184  185
  186  186  186  186  185  184  183  182  181
    82.5 -180.0 180.0   5.0 450.0                            LAT/LON1/LON2/DLON/H
  189  184  180  178  177  177  179  183  189  195  203  211  219  228  236  242
  248  252  254  255  253  250  244  238  229  220  211  201  191  182  173  165
  158  153  148  144  141  139  138  136  136  135  135  135  135  136  137  138
  140  143  146  150  155  161  167  174  181  188  195  201  207  212  216  219
  220  220  218  215  211  206  200  194  189
    80.0 -180.0 180.0   5.0 450.0                            LAT/LON1/LON2/DLON/H
  208  196  186  178  172  170  170  173  179  187  197  208  220  232  243  254
  262  269  273  274  272  267  259  249  236  223  209  194  181  168  158  148
  141  136  132  130  129  129  130  130  131  132  133  133  134  134  135  136
  138  141  145  150  157  166  175  186  198  210  223  235  246  256  263  269
  271  271  268  263  254  244  233  220  208
    77.5 -180.0 180.0   5.0 450.0                            LAT/LON1/LON2/DLON/H
  240  221  203  188  176  168  164  164  168  176  185  197  210  223  236  249
  259  268  274  276  275  269  260  248  233  216  198  181  165  150  139  130
  124  120  119  120  122  125  128  131  134  136  137  137  137  137  137  137
  138  140  145  151  159  170  183  198  214  232  251  269  286  302  314  324
  330  332  329  323  312  297  280  260  240
    75.0 -180.0 180.0   5.0 450.0                            LAT/LON1/LON2/DLON/H
  284  257  232  210  191  178  169  165  165  168  174  182  192  203  214  226
  238  248  256  261  261  258  249  237  221  202  183  165  148  134  123  116
  112  111  113  116  121  126  132  136  140  143  144  145  144  143  141  140
  140  142  146  152  161  173  188  206  226  248  271  295  318  339  357  372
  382  388  388  382  371  355  334  310  284
    72.5 -180.0 180.0   5.0 450.0                            LAT/LON1/LON2/DLON/H
  331  300  270  243  219  201  187  178  173  170  169  170  172  175  181  190
  200  211  222  230  235  235  230  219  205  188  169  152  136  124  115  110
  108  110  113  118  124  131  137  142  146  149  150  151  150  148  147  145
  145  146  149  155  164  176  191  210  231  255  281  307  333  357  380  399
  414  424  429  427  420  406  385  360  331
    70.0 -180.0 180.0   5.0 450.0                            LAT/LON1/LON2/DLON/H
  372  341  310  280  254  233  217  204  194  185  175  165  156  150  147  149
  155  166  180  192  203  208  208  201  190  176  160  145  132  122  116  113
  113  115  119  123  128  133  138  143  147  150  152  153  153  152  152  151
  152  153  157  162  170  181  195  212  232  255  279  304  330  354  377  397
  415  430  441  446  445  437  422  400  372
    67.5 -180.0 180.0   5.0 450.0                            LAT/LON1/LON2/DLON/H
  399  371  342  313  287  267  251  238  226  211  194  173  152  133  119  113
  116  125  141  157  173  183  188  186  179  168  156  144  134  128  124  122
  123  123  125  126  128  131  134  137  141  145  148  151  153  155  156  158
  161  165  169  175  182  191  202  216  232  251  271  291  312  332  351  370
  388  404  420  432  441  442  436  421  399
    65.0 -180.0 180.0   5.0 450.0                            LAT/LON1/LON2/DLON/H
  406  384  358  333  311  294  282  272  261  245  222  193  161  131  108   94
   91   99  115  134  152  166  173  175  170  162  153  145  139  135  133  132
  132  130  128  125  123  122  123  125  130  135  140  145  150  156  161  167
  173  179  186  192  199  206  214  223  235  248  262  276  289  301  313  325
  339  355  373  392  409  421  425  420  406
    62.5 -180.0 180.0   5.0 450.0                            LAT/LON1/LON2/DLON/H
  394  379  358  337  319  308  302  298  291  277  254  221  183  146  115   95
   88   93  107  125  143  157  164  166  163  157  150  145  141  140  139  138
  136  131  125  118  112  109  108  111  116  123  131  140  148  156  165  175
  185  195  204  212  219  225  230  236  242  250  258  265  271  274  276  279
  285  296  313  335  359  381  395  400  394
    60.0 -180.0 180.0   5.0 450.0                            LAT/LON1/LON2/DLON/H
  372  362  346  328  314  307  307  310  311  302  282  250  212  173  140  117
  107  109  118  132  145  154  159  158  154  149  143  140  138  138  138  137
  133  127  118  108  100   95   94   98  105  115  125  136  147  158  170  183
  197  210  223  233  240  245  249  252  255  260  264  266  265  261  253  246
  243  246  259  280  307  335  357  370  372
    57.5 -180.0 180.0   5.0 450.0                            LAT/LON1/LON2/DLON/H
  348  343  330  315  303  299  303  312  318  316  301  275  241  205  174  153
  141  139  142  148  153  155  154  150  145  139  134  130  130  130  130  129
  125  118  109   99   90   86   86   92  101  112  124  137  149  161  175  190
  207  224  239  252  261  265  268  270  272  275  278  279  275  266  252  236
  224  220  226  243  269  298  324  342  348
    55.0 -180.0 180.0   5.0 450.0                            LAT/LON1/LON2/DLON/H
  335  333  323  309  298  294  298  308  317  319  310  291  264  236  211  193
  181  174  170  166  161  156  149  142  135  129  124  120  119  119  119  118
  115  110  102   94   88   85   87   93  103  115  128  141  153  165  180  196
  215  235  253  268  279  284  286  288  290  294  299  301  298  288  272  252
  233  222  221  232  254  280  306  326  335
    52.5 -180.0 180.0   5.0 450.0                            LAT/LON1/LON2/DLON/H
  339  340  333  321  309  302  303  308  315  318  312  298  279  259  242  228
  217  206  194  181  168  156  146  137  130  124  118  114  111  110  109  109
  108  106  102   98   94   93   95  102  112  123  135  147  158  171  185  203
  223  246  267  284  296  302  304  305  308  313  320  326  327  320  305  286
  266  251  245  250  265  286  309  328  339
    50.0 -180.0 180.0   5.0 450.0                            LAT/LON1/LON2/DLON/H
  361  366  363  354  342  331  324  322  321  319  311  299  286  273  262  252
  242  227  209  190  171  157  146  139  133  128  122  117  111  107  105  106
  108  110  110  109  108  108  110  115  123  132  142  153  165  178  193  212
  234  258  282  301  313  319  320  321  323  329  339  348  353  351  342  327
  310  296  289  289  298  313  331  348  361
    47.5 -180.0 180.0   5.0 450.0                            LAT/LON1/LON2/DLON/H
  394  405  410  406  395  380  365  352  340  329  316  302  290  280  273  266
  255  238  217  195  176  163  155  151  148  143  137  129  121  114  110  110
  114  120  125  127  127  127  127  129  133  140  149  160  173  188  205  225
  249  275  300  320  333  338  338  337  338  343  352  363  372  375  372  364
  354  345  339  338  342  351  364  379  394
    45.0 -180.0 180.0   5.0 450.0                            LAT/LON1/LON2/DLON/H
  431  449  462  465  458  441  419  395  372  350  330  311  296  286  278  271
  259  241  220  201  186  178  176  175  172  168  160  150  139  129  122  122
  127  135  142  146  147  145  142  141  142  146  155  168  184  202  221  243
  269  296  322  342  355  359  357  354  352  355  363  373  382  389  391  390
  388  386  385  385  387  392  400  414  431
    42.5 -180.0 180.0   5.0 450.0                            LAT/LON1/LON2/DLON/H
  464  487  507  518  516  499  473  442  411  381  353  329  310  295  284  273
  260  244  226  212  205  204  206  207  203  197  187  175  162  149  140  137
  142  151  159  163  163  160  155  151  149  152  161  177  197  219  242  265
  292  319  345  365  377  381  378  373  369  370  374  382  390  397  403  407
  411  416  420  423  425  428  433  445  464
    40.0 -180.0 180.0   5.0 450.0                            LAT/LON1/LON2/DLON/H
  489  513  538  554  556  542  515  482  447  414  383  355  330  309  292  277
  263  249  238  232  233  239  243  242  234  224  212  199  186  171  159  154
  157  165  173  176  175  171  165  159  156  159  170  189  214  240  264  288
  314  340  365  385  396  399  397  393  390  390  393  399  405  411  416  422
  430  439  448  454  457  458  461  471  489
    37.5 -180.0 180.0   5.0 450.0                            LAT/LON1/LON2/DLON/H
  508  529  552  569  573  562  537  506  473  442  412  383  355  328  304  285
  270  259  254  256  265  274  278  272  259  244  230  219  207  192  178  170
  170  176  182  184  183  180  175  170  167  170  182  204  232  260  285  307
  331  355  378  396  407  412  414  414  415  418  424  430  435  440  444  449
  456  466  477  485  489  489  490  495  508
    35.0 -180.0 180.0   5.0 450.0                            LAT/LON1/LON2/DLON/H
  531  542  557  569  572  562  541  514  487  462  437  410  379  347  317  293
  277  270  270  278  291  302  304  293  274  255  242  233  225  211  196  184
  181  184  189  190  190  189  188  185  182  184  197  220  248  276  299  319
  338  359  380  397  409  417  425  433  443  455  467  478  487  492  495  497
  502  509  518  526  530  530  527  526  531
    32.5 -180.0 180.0   5.0 450.0                            LAT/LON1/LON2/DLON/H
  567  565  567  570  567  555  537  514  494  475  456  432  400  363  327  299
  282  276  280  290  304  314  315  302  280  260  249  246  241  229  213  198
  192  193  196  197  199  201  203  203  199  200  210  231  259  284  304  319
  335  353  371  387  401  414  430  449  472  496  521  542  558  568  571  572
  572  574  579  585  588  587  581  573  567
    30.0 -180.0 180.0   5.0 450.0                            LAT/LON1/LON2/DLON/H
  624  608  597  587  577  562  544  523  506  491  475  452  418  376  334  301
  282  275  277  285  297  308  311  301  283  266  259  260  259  249  230  214
  205  204  206  208  211  216  221  221  215  211  217  235  259  281  297  309
  322  337  354  370  386  406  431  463  499  539  579  614  642  659  666  666
  664  661  661  664  666  664  655  641  624
    27.5 -180.0 180.0   5.0 450.0                            LAT/LON1/LON2/DLON/H
  703  677  655  636  620  602  581  559  539  522  504  477  438  389  340  301
  277  266  262  265  274  287  298  299  291  280  277  280  280  269  250  231
  221  220  221  222  225  231  237  235  224  214  213  227  247  267  281  291
  303  318  335  352  371  397  431  474  523  578  633  683  723  751  764  768
  764  759  756  756  757  755  746  728  703
    25.0 -180.0 180.0   5.0 450.0                            LAT/LON1/LON2/DLON/H
  797  767  741  720  703  684  660  633  606  581  555  519  471  412  353  307
  276  257  244  237  242  261  286  304  310  307  306  307  304  291  269  249
  240  238  239  239  240  244  246  240  223  205  198  207  225  244  258  271
  285  302  320  339  362  392  433  484  543  609  675  738  789  826  848  856
  856  852  848  848  849  849  841  823  797
    22.5 -180.0 180.0   5.0 450.0                            LAT/LON1/LON2/DLON/H
  889  865  845  831  819  803  779  747  710  674  634  586  525  455  386  330
  290  260  235  217  218  244  285  323  344  346  341  335  326  308  285  266
  257  257  257  254  251  250  246  233  209  184  172  178  196  216  235  252
  272  293  315  337  362  396  441  496  560  630  703  771  829  873  901  916
  921  922  921  923  927  929  925  911  889
    20.0 -180.0 180.0   5.0 450.0                            LAT/LON1/LON2/DLON/H
  962  951  947  948  950  943  921  885  841  792  740  679  606  524  445  380
  330  290  252  222  218  249  305  359  390  391  376  358  339  317  294  276
  271  272  272  265  255  247  236  216  186  156  141  146  166  190  215  240
  268  295  320  345  373  410  456  511  574  643  714  782  840  885  916  937
  949  957  962  969  976  981  982  974  962
    17.5 -180.0 180.0   5.0 450.0                            LAT/LON1/LON2/DLON/H
 1002 1008 1024 1047 1067 1072 1057 1023  975  920  859  789  707  618  532  460
  403  354  305  264  253  284  347  408  438  430  399  366  338  314  293  279
  277  280  278  267  251  235  217  192  159  128  112  118  140  169  202  236
  271  304  334  362  393  431  477  529  587  650  714  774  826  867  898  922
  941  955  968  979  990  999 1003 1002 1002
    15.0 -180.0 180.0   5.0 450.0                            LAT/LON1/LON2/DLON/H
 1003 1026 1062 1106 1143 1162 1157 1129 1085 1031  969  897  814  723  636  563
  505  451  395  345  325  348  405  460  477  450  400  353  320  298  282  274
  274  278  275  261  240  218  195  167  134  105   92   99  123  157  196  238
  280  318  351  381  415  455  501  550  601  655  708  757  799  832  860  884
  906  926  944  960  973  983  988  993 1003
    12.5 -180.0 180.0   5.0 450.0                            LAT/LON1/LON2/DLON/H
  970 1004 1055 1113 1163 1192 1196 1177 1142 1097 1043  978  901  818  738  671
  618  567  510  455  423  431  469  501  494  443  375  319  287  272  265  262
  265  268  264  248  224  199  175  148  119   94   84   92  116  152  195  242
  289  330  364  397  434  478  524  571  617  662  705  742  772  797  819  841
  863  885  905  923  937  945  950  955  970
    10.0 -180.0 180.0   5.0 450.0                            LAT/LON1/LON2/DLON/H
  919  955 1011 1074 1127 1158 1166 1155 1132 1100 1059 1007  944  876  811  758
  717  677  627  572  529  515  522  520  482  407  326  269  246  245  248  249
  251  253  247  230  207  183  161  138  115   96   88   94  116  151  195  245
  294  335  370  405  446  493  543  590  634  674  708  736  758  777  795  813
  832  851  869  886  898  903  903  905  919
     7.5 -180.0 180.0   5.0 450.0                            LAT/LON1/LON2/DLON/H
  870  900  950 1006 1051 1074 1078 1070 1056 1036 1008  971  924  875  830  797
  776  754  718  669  618  580  552  512  442  350  265  217  210  223  236  239
  238  235  227  211  191  170  153  138  121  107   99  102  119  150  194  244
  291  331  365  403  448  500  555  605  651  689  720  744  763  779  796  811
  825  838  850  862  871  872  867  862  870
     5.0 -180.0 180.0   5.0 450.0                            LAT/LON1/LON2/DLON/H
  839  859  896  936  963  970  962  948  935  920  898  869  836  805  783  773
  774  774  759  722  669  613  553  479  386  285  207  176  188  216  234  235
  226  217  207  193  177  162  151  142  132  121  112  110  121  148  189  238
  283  320  353  392  441  499  559  614  664  705  737  762  784  804  823  837
  845  849  853  860  865  863  852  840  839
     2.5 -180.0 180.0   5.0 450.0                            LAT/LON1/LON2/DLON/H
  838  846  868  890  895  880  853  826  803  781  754  723  695  677  673  684
  706  730  738  719  673  607  527  432  327  231  169  159  188  224  242  236
  217  200  187  176  165  156  150  147  141  132  121  114  119  142  182  228
  270  304  336  376  428  490  555  616  671  717  754  785  813  841  866  880
  883  879  874  875  877  874  862  846  838
