ionex_files/COD0OPSFIN_20250970000_01D_01H_GIM.INX
     1.0            IONOSPHERE MAPS     GNSS                IONEX VERSION / TYPE
ADDNEQ2 V5.5        AIUB                11-APR-25 20:16     PGM / RUN BY / DATE 
CODE'S GLOBAL IONOSPHERE MAPS FOR DAY 097, 2025             COMMENT             
Global ionosphere maps (GIM) are generated on a daily basis DESCRIPTION         
at CODE using data from about 300 GNSS sites of the IGS and DESCRIPTION         
other institutions. The vertical total electron content     DESCRIPTION         
(VTEC) is modeled in a solar-geomagnetic reference frame    DESCRIPTION         
using a spherical harmonics expansion up to degree and      DESCRIPTION         
order 15. Piece-wise linear functions are used for          DESCRIPTION         
representation in the time domain. The time spacing of      DESCRIPTION         
their vertices is 1 hour, conforming with the epochs of the DESCRIPTION         
VTEC maps.                                                  DESCRIPTION         
To convert line-of-sight TEC into vertical TEC, a modified  DESCRIPTION         
single-layer model mapping function approximating the JPL   DESCRIPTION         
extended slab model mapping function is adopted. The        DESCRIPTION         
mapping function is evaluated at geodetic satellite         DESCRIPTION         
elevation angles. For the computation of the ionospheric    DESCRIPTION         
pierce points, a spherical layer with a radius of 6821 km   DESCRIPTION         
is assumed, implying geocentric, not geodetic IONEX         DESCRIPTION         
latitudes.                                                  DESCRIPTION         
Instrumental biases with respect to each involved GNSS code DESCRIPTION         
observable are estimated as constant values for each        DESCRIPTION         
day. They are modeled with one set of bias parameters for   DESCRIPTION         
each satellite and each station in case of GPS and for each DESCRIPTION         
satellite-station link in case of GLONASS. The code bias    DESCRIPTION         
datum is defined by zero-mean conditions imposed on the     DESCRIPTION         
satellite bias estimates. In this file, just GPS C1W-C2W    DESCRIPTION         
satellite and station bias values are included. The         DESCRIPTION         
complete set of GNSS code bias results is provided in an    DESCRIPTION         
additional Bias-SINEX file as pseudo-absolute values        DESCRIPTION         
specific to each observable.                                DESCRIPTION         
Note: These GIM results correspond to the results for the   DESCRIPTION         
middle day of a 3-day combination analysis solving for 73   DESCRIPTION         
times 256, or 18688 VTEC parameters and 3 daily sets of     DESCRIPTION         
GNSS code bias parameters.                                  DESCRIPTION         
Contact address: code(at)aiub.unibe.ch                      DESCRIPTION         
Data archive:    ftp.aiub.unibe.ch/CODE/                    DESCRIPTION         
                 www.aiub.unibe.ch/download/CODE/           DESCRIPTION         
  2025     4     7     0     0     0                        EPOCH OF FIRST MAP  
  2025     4     8     0     0     0                        EPOCH OF LAST MAP   
  3600                                                      INTERVAL            
[...]
azgb badg bake barh bjfs bndy boav bogo bogt bor1 braz brft COMMENT             
brst brux cags cas1 ccj2 cedu chpg chti chur ckis coco cord COMMENT             
cpvg cpxf cro1 daej darw dav1 dgar dhlg drao dubo ebre faa1 COMMENT             
fair flin frdn func ganp glps glsv gode gol2 gold gope gras COMMENT             
graz guam guug harb hers hert hlfx hnpt hob2 hofn holb hrao COMMENT             
iddr ieng iisc impz ineg invk iqal irkj jog2 joz2 joze karr COMMENT             
kerg kir0 kiri kiru kit3 kokb kokv koug kour krgg lama laut COMMENT             
lmmf lpal lpgs m0se mac1 madr mal2 mana mas1 mat1 mate maui COMMENT             
maw1 mcil mcm4 mdo1 medi mgue mizu mkea mnls mobs morp mqzg COMMENT             
mro1 mtka nano naur nico nist nium nklg nlib nnor not1 nrc1 COMMENT             
ntus nya1 nyal onsa opmt ous2 pado parc park pdel penc pert COMMENT             
pie1 pimo pohn pol2 polv pots pove ptag ptbb ptvl qaq1 quin COMMENT             
rabt ramo reun reyk rgdg rio2 roth salu samo sant savo sch2 COMMENT             
scor scrz scub seyg sfer spt0 ssia sthl stjo stk2 str2 suth COMMENT             
sutm suwn sydn syog tash thtg thti thu2 tid1 tidb tlse tn22 COMMENT             
tong tro1 tskb twtf txes uclu ufpr ulab unb3 unbj unsa urum COMMENT             
usn7 usud vald vill vtsp wab1 wab2 whit will wind wsrt wtza COMMENT             
wtzr wtzs wtzz wuhn xmis yar2 yar3 yarr yell ykro zeck zim2 COMMENT             
zim3 zimm                                                   COMMENT             
                                                            END OF HEADER       
[from data line 9438]
    23                                                      START OF TEC MAP    
  2025     4     7    22     0     0                        EPOCH OF CURRENT MAP
    87.5-180.0 180.0   5.0 450.0                            LAT/LON1/LON2/DLON/H
  110  111  113  115  117  119  121  123  125  127  128  129  131  131  132  132
  132  131  130  129  128  126  124  122  120  117  115  112  110  107  105  103
  101   99   97   95   94   93   92   92   91   91   91   91   91   92   92   93
   93   94   95   95   96   96   97   97   98   98   98   99   99   99  100  100
  101  101  102  103  104  105  106  108  110
    85.0-180.0 180.0   5.0 450.0                            LAT/LON1/LON2/DLON/H
  101  105  110  115  121  127  133  139  145  151  157  161  165  168  170  172
  172  171  169  166  163  159  154  149  143  137  130  124  118  111  105  100
   95   91   87   84   82   80   79   79   79   80   81   83   85   86   88   90
   92   94   95   96   97   98   99   99   99   98   98   97   96   95   94   93
   92   92   91   91   92   93   95   98  101
    82.5-180.0 180.0   5.0 450.0                            LAT/LON1/LON2/DLON/H
   83   89   97  106  117  129  141  154  166  178  189  198  206  212  217  219
  219  218  215  211  206  199  192  184  175  165  155  145  134  124  115  106
   98   91   85   80   77   75   75   75   77   79   81   84   88   91   94   96
   99  101  102  103  104  104  104  104  103  101  100   97   95   92   89   85
   82   79   76   74   73   74   75   78   83
    80.0-180.0 180.0   5.0 450.0                            LAT/LON1/LON2/DLON/H
   62   70   81   95  111  129  148  168  188  207  224  238  249  257  262  265
  265  262  258  253  247  240  231  222  212  201  189  176  163  149  136  124
  113  103   96   90   86   84   83   85   87   90   93   97  101  104  106  108
  109  110  110  110  109  108  107  106  104  103  100   98   94   90   86   81
   75   70   65   60   57   55   55   57   62
    77.5-180.0 180.0   5.0 450.0                            LAT/LON1/LON2/DLON/H
   51   59   72   88  108  132  158  185  212  237  259  277  290  297  301  300
  297  292  286  281  275  269  263  257  249  239  228  215  200  185  170  155
  141  129  119  112  107  105  105  106  109  112  115  118  121  122  122  122
  120  118  115  112  109  106  104  102  101  100   99   97   95   92   88   83
   77   70   64   57   52   48   46   47   51
    75.0-180.0 180.0   5.0 450.0                            LAT/LON1/LON2/DLON/H
   59   65   76   93  115  142  173  206  239  269  295  313  325  328  326  319
  310  300  291  285  282  280  280  280  278  273  265  254  240  223  206  190
  174  160  149  141  136  134  133  134  136  139  141  142  142  141  138  133
  128  121  114  107  101   96   93   92   92   94   96   98   99   99   98   95
   90   85   78   72   66   61   57   56   59
    72.5-180.0 180.0   5.0 450.0                            LAT/LON1/LON2/DLON/H
   88   91   99  112  133  160  193  230  267  301  328  346  353  350  338  321
  302  284  272  265  265  270  277  285  291  293  290  282  269  253  236  218
  202  188  177  168  163  160  160  160  161  162  162  161  158  154  148  140
  130  119  108   98   89   83   79   78   81   86   93  100  107  112  115  116
  114  112  108  104  100   95   92   89   88
    70.0-180.0 180.0   5.0 450.0                            LAT/LON1/LON2/DLON/H
  138  136  137  144  159  183  215  253  293  330  359  375  377  364  341  311
  280  253  235  228  231  242  257  273  287  295  296  290  279  264  248  231
  215  202  192  184  180  177  176  175  175  174  173  169  165  158  150  139
  127  114  100   87   76   68   64   65   70   80   91  104  117  127  135  141
  144  146  147  148  148  147  145  142  138
    67.5-180.0 180.0   5.0 450.0                            LAT/LON1/LON2/DLON/H
  199  191  184  181  188  205  234  272  314  353  383  399  396  376  341  298
  256  220  196  186  191  206  227  248  266  277  280  276  266  252  237  222
  209  198  190  184  180  178  177  175  174  172  169  164  159  151  143  132
  120  107   93   79   66   57   53   55   62   75   91  110  127  143  155  165
  172  179  186  193  200  205  207  205  199
    65.0-180.0 180.0   5.0 450.0                            LAT/LON1/LON2/DLON/H
  257  244  229  217  214  223  246  282  325  367  400  417  413  388  346  294
  242  198  169  156  160  175  197  219  236  246  248  242  232  220  207  196
  186  178  173  169  166  164  162  160  158  155  152  147  142  136  129  120
  111  100   87   74   61   52   47   48   57   72   91  113  134  153  169  181
  191  202  214  228  243  255  263  264  257
    62.5-180.0 180.0   5.0 450.0                            LAT/LON1/LON2/DLON/H
  302  287  266  245  233  234  251  283  326  371  408  429  428  404  360  305
  249  201  168  152  152  163  180  196  208  212  209  201  191  180  170  162
  155  151  147  144  142  140  138  136  133  130  127  123  119  115  111  106
  101   93   84   73   61   51   45   46   54   69   90  113  136  156  173  186
  198  211  227  247  268  289  303  308  302
    60.0-180.0 180.0   5.0 450.0                            LAT/LON1/LON2/DLON/H
  328  313  289  265  246  241  253  281  322  368  408  435  440  422  385  334
  281  233  198  179  173  176  184  190  192  188  179  168  156  147  139  134
  130  126  123  120  116  113  111  109  107  105  102  100   97   95   94   93
   92   89   83   75   64   54   47   45   51   64   84  107  131  151  168  181
  192  206  224  247  274  300  321  331  328
    57.5-180.0 180.0   5.0 450.0                            LAT/LON1/LON2/DLON/H
  334  322  302  279  260  253  261  285  321  364  405  436  449  442  416  377
  332  290  257  234  222  215  212  206  198  185  171  156  144  135  129  124
  120  115  109  103   98   94   91   89   88   87   86   84   83   82   82   84
   85   86   84   78   69   59   50   46   48   59   76   97  119  139  156  168
  179  192  210  235  264  293  318  332  334
    55.0-180.0 180.0   5.0 450.0                            LAT/LON1/LON2/DLON/H
  327  322  310  294  282  278  285  303  332  368  405  436  456  460  449  424
  393  361  332  308  289  274  260  245  229  210  192  176  162  152  144  137
  128  119  109   99   91   85   82   81   81   82   82   81   80   79   79   80
   83   85   86   82   75   65   55   48   47   54   67   85  106  125  142  155
  166  179  196  219  247  277  303  321  327
    52.5-180.0 180.0   5.0 450.0                            LAT/LON1/LON2/DLON/H
  319  323  322  320  320  323  332  345  363  386  413  439  461  474  476  468
  452  431  408  385  362  340  320  301  282  262  242  224  208  194  180  167
  152  135  120  106   96   90   86   86   87   90   91   91   89   86   84   84
   85   87   88   86   80   71   61   53   50   52   61   76   95  114  132  147
  160  173  189  210  236  263  288  308  319
    50.0-180.0 180.0   5.0 450.0                            LAT/LON1/LON2/DLON/H
  320  332  345  358  374  390  403  411  417  424  435  451  469  486  497  501
  498  488  472  450  426  403  383  365  348  331  311  290  269  247  224  201
  178  155  135  120  109  103  100  101  103  107  110  110  108  103   97   94
   92   93   93   92   87   80   72   64   59   58   63   74   91  110  130  148
  165  181  197  216  238  261  284  304  320
    47.5-180.0 180.0   5.0 450.0                            LAT/LON1/LON2/DLON/H
  336  356  380  410  442  471  491  497  491  481  474  475  484  497  511  522
  527  525  514  495  474  454  439  428  417  403  383  357  326  293  259  226
  195  168  147  133  125  121  119  120  123  127  131  133  130  124  115  108
  104  102  101   99   96   92   86   81   75   73   74   82   96  115  138  161
  183  202  220  238  257  277  297  317  336
    45.0-180.0 180.0   5.0 450.0                            LAT/LON1/LON2/DLON/H
  369  394  426  467  513  555  582  588  575  551  527  512  508  513  523  533
  541  542  535  520  503  489  482  480  476  465  441  406  363  317  272  230
  194  167  149  140  138  137  137  138  140  145  150  153  151  144  135  125
  118  114  111  109  108  107  105  102   99   95   94   98  110  130  155  183
  210  233  254  272  290  309  328  348  369
    42.5-180.0 180.0   5.0 450.0                            LAT/LON1/LON2/DLON/H
  414  441  476  522  575  625  660  669  653  622  588  561  544  538  538  542
  547  549  543  532  520  513  513  518  517  503  472  425  369  311  258  211
  176  153  143  142  147  151  152  151  152  156  163  168  168  161  152  142
  133  128  124  122  122  123  126  127  125  122  119  121  131  151  178  210
  241  269  292  312  331  350  370  391  414
    40.0-180.0 180.0   5.0 450.0                            LAT/LON1/LON2/DLON/H
  464  490  522  565  618  672  711  726  715  684  648  615  590  573  562  557
  555  554  549  540  532  530  535  541  537  516  473  414  348  283  226  182
  151  136  135  143  154  161  162  159  159  163  171  177  179  173  164  155
  147  142  137  135  136  140  145  149  150  147  143  144  154  175  204  239
  273  304  329  350  370  392  415  439  464
    37.5-180.0 180.0   5.0 450.0                            LAT/LON1/LON2/DLON/H
  511  535  561  595  641  691  732  754  751  729  699  670  643  618  597  581
  572  566  560  553  547  547  551  552  539  505  451  384  314  249  197  159
  137  130  136  149  163  171  170  166  163  167  176  185  187  182  173  165
  159  154  150  148  149  154  160  165  167  165  162  164  176  199  230  266
  302  333  359  381  403  428  456  485  511
    35.0-180.0 180.0   5.0 450.0                            LAT/LON1/LON2/DLON/H
  553  575  593  615  648  689  729  755  763  755  739  719  696  669  641  616
  600  590  583  575  570  568  566  556  530  484  422  354  289  234  193  165
  151  148  155  168  179  184  181  174  170  175  186  194  196  190  181  173
  168  165  162  160  160  164  169  173  174  173  172  178  193  220  254  292
  327  358  383  404  427  455  488  523  553
    32.5-180.0 180.0   5.0 450.0                            LAT/LON1/LON2/DLON/H
  587  611  624  635  654  683  717  745  762  768  768  762  748  722  690  660
  637  623  613  605  598  592  582  560  521  466  404  344  294  256  230  213
  202  197  196  199  203  201  195  187  185  192  204  212  211  202  191  183
  178  176  173  170  169  171  172  173  172  171  173  184  206  238  276  315
  351  379  402  422  445  474  512  552  587
    30.0-180.0 180.0   5.0 450.0                            LAT/LON1/LON2/DLON/H
  618  647  661  666  674  692  718  744  765  782  795  802  797  775  742  707
  679  660  646  636  627  618  600  568  520  464  411  369  341  323  312  301
  287  271  254  241  231  223  215  209  210  220  233  241  237  223  208  198
  193  189  186  182  179  176  173  168  164  163  169  186  215  254  297  338
  374  401  422  440  461  490  530  576  618
    27.5-180.0 180.0   5.0 450.0                            LAT/LON1/LON2/DLON/H
  648  688  710  717  722  731  748  769  790  810  831  846  847  830  796  757
  722  695  676  662  652  641  621  585  536  487  451  432  427  426  424  412
  389  355  317  283  260  246  239  238  244  259  274  280  273  255  236  222
  214  208  203  197  191  183  174  164  155  154  164  187  224  269  317  361
  397  425  445  461  480  508  548  598  648
    25.0-180.0 180.0   5.0 450.0                            LAT/LON1/LON2/DLON/H
  681  733  770  789  799  807  818  832  847  865  885  902  906  890  854  809
  765  728  699  681  671  663  646  614  572  536  518  521  532  540  537  519
  481  428  368  316  283  269  268  274  287  305  322  328  317  296  273  256
  244  235  226  216  206  194  179  163  152  151  164  192  234  284  336  383
  421  450  471  488  507  532  571  623  681
    22.5-180.0 180.0   5.0 450.0                            LAT/LON1/LON2/DLON/H
  716  781  835  873  896  911  921  930  938  949  964  977  980  962  923  871
  814  762  722  697  689  688  680  657  626  603  601  614  628  632  619  589
  538  469  395  333  299  291  300  316  334  355  372  377  365  343  318  298
  282  267  253  238  224  208  188  169  157  156  172  203  247  300  354  402
  442  474  499  519  539  564  600  652  716
    20.0-180.0 180.0   5.0 450.0                            LAT/LON1/LON2/DLON/H
  749  823  894  953  995 1023 1039 1048 1051 1055 1063 1072 1071 1051 1009  948
  877  809  754  722  716  723  726  714  692  677  678  686  687  671  642  600
  542  469  392  333  308  315  338  362  383  402  417  422  411  389  366  344
  324  302  281  261  243  223  201  181  169  171  187  219  262  313  366  416
  458  493  523  550  574  600  634  684  749
    17.5-180.0 180.0   5.0 450.0                            LAT/LON1/LON2/DLON/H
  775  852  934 1010 1071 1116 1144 1159 1165 1167 1172 1177 1175 1155 1111 1043
  961  877  808  769  764  778  789  783  764  745  732  717  688  644  595  548
  495  431  367  323  318  344  382  412  431  444  454  457  447  429  407  386
  362  334  305  280  258  236  215  196  187  190  207  235  275  322  373  422
  465  505  541  575  607  636  669  714  775
    15.0-180.0 180.0   5.0 450.0                            LAT/LON1/LON2/DLON/H
  792  862  945 1030 1106 1167 1211 1239 1254 1262 1270 1278 1280 1265 1223 1154
 1064  970  891  846  840  856  869  860  831  794  752  700  631  556  493  449
  415  375  336  318  337  386  435  466  477  479  480  478  469  454  436  414
  387  354  319  289  264  243  224  209  204  209  224  248  282  324  372  420
  465  508  551  593  633  668  701  740  792
    12.5-180.0 180.0   5.0 450.0                            LAT/LON1/LON2/DLON/H
  800  855  927 1009 1091 1163 1222 1266 1297 1319 1337 1355 1367 1362 1330 1267
 1180 1083 1001  953  943  955  959  935  885  818  738  642  534  434  367  341
  335  329  320  331  375  441  496  521  517  504  493  485  474  460  444  423
  394  356  318  285  260  240  225  216  214  221  233  252  280  318  364  411
  458  504  552  602  651  694  728  761  800
    10.0-180.0 180.0   5.0 450.0                            LAT/LON1/LON2/DLON/H
  802  837  890  957 1032 1107 1176 1236 1285 1324 1358 1390 1417 1428 1412 1364
 1287 1199 1122 1075 1060 1060 1046  999  920  818  700  566  430  319  263  263
  291  318  338  372  433  507  560  571  549  518  494  478  463  447  429  408
  378  339  300  267  244  228  217  213  215  220  229  243  267  304  350  399
  447  496  548  605  662  712  751  778  802
     7.5-180.0 180.0   5.0 450.0                            LAT/LON1/LON2/DLON/H
  807  822  849  893  951 1018 1088 1158 1222 1277 1326 1373 1415 1444 1448 1420
 1364 1295 1231 1188 1168 1151 1114 1040  932  801  655  500  356  253  220  251
  309  359  395  439  505  575  616  609  568  521  484  458  436  414  394  370
  340  304  267  238  219  208  202  201  204  207  212  222  245  284  333  385
  437  489  544  604  668  726  769  794  807
     5.0-180.0 180.0   5.0 450.0                            LAT/LON1/LON2/DLON/H
  822  821  825  842  877  926  988 1058 1128 1192 1250 1305 1359 1402 1425 1419
 1389 1344 1299 1265 1240 1207 1147 1049  921  775  621  470  342  267  264  321
  395  450  484  522  576  630  652  626  569  510  464  430  399  369  342  316
  287  255  225  202  189  182  180  182  183  184  184  192  218  261  316  374
  430  484  541  604  671  736  787  815  822
     2.5-180.0 180.0   5.0 450.0                            LAT/LON1/LON2/DLON/H
  851  844  832  827  836  862  907  967 1032 1093 1149 1203 1258 1308 1342 1356
 1349 1330 1307 1284 1256 1211 1135 1025  892  751  614  491  401  365  393  463
  532  571  584  598  629  658  657  614  547  484  435  395  355  316  282  254
  227  201  179  165  158  156  156  158  157  153  150  159  189  240  302  366
  425  481  540  604  674  745  804  840  851
