ionex_files/COD0OPSFIN_20250730000_01D_01H_GIM.INX
     1.0            IONOSPHERE MAPS     GNSS                IONEX VERSION / TYPE
ADDNEQ2 V5.5        AIUB                18-MAR-25 19:04     PGM / RUN BY / DATE 
CODE'S GLOBAL IONOSPHERE MAPS FOR DAY 073, 2025             COMMENT             
Global ionosphere maps (GIM) are generated on a daily basis DESCRIPTION         
at CODE using data from about 300 GNSS sites of the IGS and DESCRIPTION         
other institutions. The vertical total electron content     DESCRIPTION         
(VTEC) is modeled in a solar-geomagnetic reference frame    DESCRIPTION         
using a spherical harmonics expansion up to degree and      DESCRIPTION         
order 15. Piece-wise linear functions are used for          DESCRIPTION         
representation in the time domain. The time spacing of      DESCRIPTION         
their vertices is 1 hour, conforming with the epochs of the DESCRIPTION         
VTEC maps.                                                  DESCRIPTION         
To convert line-of-sight TEC into vertical TEC, a modified  DESCRIPTION         
single-layer model mapping function approximating the JPL   DESCRIPTION         
extended slab model mapping function is adopted. The        DESCRIPTION         
mapping function is evaluated at geodetic satellite         DESCRIPTION         
elevation angles. For the computation of the ionospheric    DESCRIPTION         
pierce points, a spherical layer with a radius of 6821 km   DESCRIPTION         
is assumed, implying geocentric, not geodetic IONEX         DESCRIPTION         
latitudes.                                                  DESCRIPTION         
Instrumental biases with respect to each involved GNSS code DESCRIPTION         
observable are estimated as constant values for each        DESCRIPTION         
day. They are modeled with one set of bias parameters for   DESCRIPTION         
each satellite and each station in case of GPS and for each DESCRIPTION         
satellite-station link in case of GLONASS. The code bias    DESCRIPTION         
datum is defined by zero-mean conditions imposed on the     DESCRIPTION         
satellite bias estimates. In this file, just GPS C1W-C2W    DESCRIPTION         
satellite and station bias values are included. The         DESCRIPTION         
complete set of GNSS code bias results is provided in an    DESCRIPTION         
additional Bias-SINEX file as pseudo-absolute values        DESCRIPTION         
specific to each observable.                                DESCRIPTION         
Note: These GIM results correspond to the results for the   DESCRIPTION         
middle day of a 3-day combination analysis solving for 73   DESCRIPTION         
times 256, or 18688 VTEC parameters and 3 daily sets of     DESCRIPTION         
GNSS code bias parameters.                                  DESCRIPTION         
Contact address: code(at)aiub.unibe.ch                      DESCRIPTION         
Data archive:    ftp.aiub.unibe.ch/CODE/                    DESCRIPTION         
                 www.aiub.unibe.ch/download/CODE/           DESCRIPTION         
  2025     3    14     0     0     0                        EPOCH OF FIRST MAP  
  2025     3    15     0     0     0                        EPOCH OF LAST MAP   
  3600                                                      INTERVAL            
[...]
azgb badg bake barh bjfs bndy boav bogo bogt bor1 braz brft COMMENT             
brst brux cags cas1 ccj2 cedu chpg chti chur ckis coco cord COMMENT             
cpvg cpxf cro1 daej darw dav1 dgar dhlg drao dubo ebre faa1 COMMENT             
fair flin flrs frdn func ganp glps glsv gode gol2 gold gope COMMENT             
gras graz guam guug harb hers hert hlfx hnpt hob2 hofn holb COMMENT             
hrao iddr ieng iisc impz ineg invk iqal irkj jog2 joz2 karr COMMENT             
kerg kir0 kiri kiru kit3 kokb kokv koug kour krgg lama laut COMMENT             
lmmf lpal lpgs mac1 madr mal2 mana mas1 mat1 mate maui maw1 COMMENT             
mcil mcm4 mdo1 medi mgue mizu mkea mnls mobs monp morp mqzg COMMENT             
mro1 mtka nano naur nico nist nium nklg nlib nnor nrc1 ntus COMMENT             
nya1 nyal onsa opmt ous2 pado parc park pdel penc pert pie1 COMMENT             
pimo pohn pol2 polv pots pove ptag ptbb ptvl qaq1 quin rabt COMMENT             
ramo reun reyk rgdg rio2 roth salu samo sant savo sch2 scor COMMENT             
scrz sctb scub seyg sfer spt0 ssia sthl stjo stk2 str2 suth COMMENT             
sutm suwn sydn syog tash thtg thti thu2 tid1 tidb tlse tn22 COMMENT             
tong tow2 tro1 tskb twtf txes uclu ufpr ulab unb3 unbj unsa COMMENT             
urum usn7 usud vald vill vtsp wab1 wab2 wark wgtn whit will COMMENT             
wind wtza wtzr wtzs wtzz wuhn xmis yar2 yar3 yarr yell ykro COMMENT             
zeck zim2 zim3 zimm                                         COMMENT             
                                                            END OF HEADER       
[from data line 9438]
    23                                                      START OF TEC MAP    
  2025     3    14    22     0     0                        EPOCH OF CURRENT MAP
    87.5-180.0 180.0   5.0 450.0                            LAT/LON1/LON2/DLON/H
  234  234  234  233  233  232  232  232  231  230  230  229  228  227  226  225
  224  223  221  220  218  216  215  213  211  209  207  205  204  202  200  199
  198  196  195  195  194  194  194  194  194  195  196  197  198  200  202  204
  206  208  210  213  215  217  220  222  224  226  228  229  231  232  233  234
  234  235  235  235  235  235  235  235  234
    85.0-180.0 180.0   5.0 450.0                            LAT/LON1/LON2/DLON/H
  235  234  234  233  233  233  234  234  235  236  236  237  237  237  236  235
  234  232  230  228  225  222  219  216  213  209  206  202  199  195  192  188
  185  182  180  177  175  174  173  172  172  173  174  176  178  181  185  189
  194  199  204  209  214  219  224  229  233  237  240  243  244  246  246  247
  246  245  244  243  241  240  238  237  235
    82.5-180.0 180.0   5.0 450.0                            LAT/LON1/LON2/DLON/H
  219  217  216  217  218  220  223  227  231  235  238  241  244  246  247  247
  246  245  243  240  237  233  229  225  221  217  213  209  205  200  196  192
  187  183  179  175  171  168  165  162  161  160  161  162  164  167  172  177
  183  190  197  205  213  220  227  234  239  244  248  250  252  252  251  249
  247  244  240  236  232  228  224  221  219
    80.0-180.0 180.0   5.0 450.0                            LAT/LON1/LON2/DLON/H
  190  189  188  190  194  199  206  214  222  231  239  246  252  256  258  259
  259  257  254  251  247  244  240  236  233  230  226  223  220  216  212  208
  204  199  194  188  183  178  173  168  164  161  159  159  159  161  165  169
  176  183  191  199  208  216  224  231  237  241  244  246  246  245  242  239
  234  229  223  217  210  204  199  194  190
    77.5-180.0 180.0   5.0 450.0                            LAT/LON1/LON2/DLON/H
  162  160  160  163  169  178  189  202  215  229  242  253  261  267  270  270
  269  266  262  257  253  249  246  244  242  241  239  238  237  236  234  231
  227  223  218  212  206  199  193  186  180  175  170  166  164  163  163  166
  170  176  182  190  198  205  212  218  222  225  226  226  224  222  218  214
  209  204  198  191  185  178  172  167  162
    75.0-180.0 180.0   5.0 450.0                            LAT/LON1/LON2/DLON/H
  147  145  144  148  155  166  180  197  215  233  250  264  273  279  281  279
  275  270  264  258  252  249  246  244  244  245  246  247  249  249  249  248
  246  243  239  233  228  221  214  207  200  193  185  179  173  169  166  164
  165  168  172  177  182  187  190  193  194  194  192  190  187  184  182  179
  177  175  172  169  166  161  156  151  147
    72.5-180.0 180.0   5.0 450.0                            LAT/LON1/LON2/DLON/H
  152  149  148  149  156  167  183  202  223  245  263  278  288  292  291  286
  279  270  261  253  247  242  239  238  238  239  241  244  246  249  250  250
  250  248  244  240  236  231  225  219  213  205  198  189  181  173  167  161
  158  157  157  159  161  162  162  160  158  153  149  144  141  139  139  141
  145  149  154  158  160  161  159  156  152
    70.0-180.0 180.0   5.0 450.0                            LAT/LON1/LON2/DLON/H
  179  174  170  169  172  181  195  215  237  260  280  295  303  305  300  292
  280  268  258  248  241  235  231  228  226  225  225  226  228  230  232  232
  232  231  228  225  222  219  216  213  210  205  198  190  181  171  162  154
  147  143  140  138  137  134  131  125  118  110  103   97   94   94   99  107
  118  132  146  159  170  178  182  182  179
    67.5-180.0 180.0   5.0 450.0                            LAT/LON1/LON2/DLON/H
  219  213  205  199  197  202  213  230  252  274  294  308  315  314  307  296
  283  270  258  249  241  233  226  219  211  205  200  197  196  197  197  198
  197  195  192  190  188  187  187  188  188  187  184  178  170  160  149  139
  131  124  119  116  112  108  102   93   84   73   64   58   56   59   69   83
  103  125  148  171  191  207  217  221  219
    65.0-180.0 180.0   5.0 450.0                            LAT/LON1/LON2/DLON/H
  260  253  243  232  224  223  229  243  262  282  301  315  321  319  311  300
  287  276  267  260  252  243  231  216  201  186  174  166  161  158  158  157
  155  151  147  144  142  142  145  149  153  156  157  153  147  138  128  118
  110  103   98   94   91   86   79   70   59   48   39   33   34   41   54   74
   99  128  158  188  215  238  253  261  260
    62.5-180.0 180.0   5.0 450.0                            LAT/LON1/LON2/DLON/H
  292  286  273  259  247  240  241  249  265  283  301  313  320  319  312  304
  296  290  286  282  276  265  248  225  200  176  156  141  132  128  126  124
  120  115  109  103  100   99  102  108  115  120  123  123  119  112  104   95
   87   81   78   76   74   71   65   58   48   39   31   28   31   41   58   81
  108  138  170  203  234  260  279  290  292
    60.0-180.0 180.0   5.0 450.0                            LAT/LON1/LON2/DLON/H
  308  304  293  278  263  253  249  253  263  278  293  306  313  314  312  309
  308  309  313  315  311  299  277  247  213  180  153  133  121  116  113  111
  106   99   89   81   74   72   73   78   84   90   95   95   93   88   81   74
   68   64   62   62   63   63   61   56   50   44   40   40   47   59   78  100
  125  152  181  211  241  268  290  304  308
    57.5-180.0 180.0   5.0 450.0                            LAT/LON1/LON2/DLON/H
  311  311  304  292  279  268  261  260  265  275  286  297  305  309  311  315
  321  332  343  352  352  341  316  281  240  201  169  146  134  128  125  122
  116  106   94   83   73   67   66   68   72   76   78   78   76   72   66   61
   57   54   54   56   59   62   64   64   62   60   60   64   74   89  108  127
  147  168  190  213  239  264  286  302  311
    55.0-180.0 180.0   5.0 450.0                            LAT/LON1/LON2/DLON/H
  308  314  315  311  303  295  287  281  280  283  288  295  302  307  313  322
  336  353  372  387  392  383  358  322  279  238  204  180  167  160  157  152
  144  132  118  104   93   85   80   79   79   79   79   77   74   69   65   60
   57   55   55   58   62   67   73   77   79   81   85   93  106  123  142  158
  173  185  198  215  234  256  278  295  308
    52.5-180.0 180.0   5.0 450.0                            LAT/LON1/LON2/DLON/H
  312  325  335  342  344  341  334  325  316  310  308  309  311  316  323  334
  350  372  395  415  424  419  398  365  324  285  252  228  212  203  195  186
  175  162  147  134  122  114  108  105  102   99   95   91   86   81   76   72
   69   67   66   68   71   78   85   92   98  103  109  120  135  155  174  189
  199  205  212  222  237  257  277  296  312
    50.0-180.0 180.0   5.0 450.0                            LAT/LON1/LON2/DLON/H
  334  353  373  391  405  411  407  395  379  363  350  342  338  338  343  352
  367  388  411  433  446  446  432  405  370  334  302  277  257  241  226  211
  195  180  166  155  147  141  138  134  131  127  121  115  109  103   99   95
   91   88   86   85   87   92  100  108  115  120  127  139  156  178  199  215
  225  230  234  243  257  275  295  315  334
    47.5-180.0 180.0   5.0 450.0                            LAT/LON1/LON2/DLON/H
  377  401  428  458  483  498  498  485  462  436  413  395  383  377  376  379
  389  404  424  444  460  465  458  438  410  378  346  317  289  263  237  214
  193  178  167  160  157  157  157  157  156  153  148  143  136  131  126  122
  118  115  110  107  106  109  116  123  129  133  139  149  167  191  217  237
  251  259  267  278  296  316  337  357  377
    45.0-180.0 180.0   5.0 450.0                            LAT/LON1/LON2/DLON/H
  439  463  495  533  568  591  596  583  555  521  489  463  444  431  422  418
  419  425  438  454  470  478  477  463  440  409  375  339  302  264  228  196
  173  158  151  150  153  157  162  167  170  171  170  166  162  156  152  148
  145  141  136  131  128  129  133  138  141  142  144  152  170  197  228  255
  276  292  308  327  351  376  399  419  439
    42.5-180.0 180.0   5.0 450.0                            LAT/LON1/LON2/DLON/H
  507  530  563  604  644  674  684  671  642  604  567  536  512  494  479  467
  459  455  459  469  482  491  491  480  457  425  387  344  297  250  207  172
  149  138  136  140  145  152  160  167  174  179  182  183  180  176  171  167
  165  163  159  154  150  148  150  152  152  150  147  152  170  199  235  271
  301  326  351  380  413  444  470  490  507
    40.0-180.0 180.0   5.0 450.0                            LAT/LON1/LON2/DLON/H
  571  589  619  658  700  732  745  736  708  671  634  602  578  559  542  525
  508  496  491  494  501  507  504  490  463  426  384  337  287  238  196  165
  148  144  148  152  156  159  162  167  175  182  189  193  192  188  182  178
  177  177  176  173  169  166  166  166  163  156  151  153  170  202  243  285
  323  357  391  428  469  507  536  556  571
    37.5-180.0 180.0   5.0 450.0                            LAT/LON1/LON2/DLON/H
  619  633  656  691  729  760  775  769  746  714  682  655  635  619  603  584
  563  545  532  528  529  528  517  494  460  419  376  331  288  248  216  198
  195  202  209  211  205  195  186  182  183  189  196  201  201  196  188  182
  181  184  187  188  185  182  179  177  172  163  156  157  174  208  253  300
  343  382  421  463  508  551  584  605  619
    35.0-180.0 180.0   5.0 450.0                            LAT/LON1/LON2/DLON/H
  647  659  676  703  735  762  777  775  759  735  712  693  679  669  656  639
  617  595  579  569  562  551  530  497  455  413  374  342  315  295  285  289
  304  323  333  326  302  270  240  219  210  209  212  215  213  205  193  184
  182  187  193  197  197  193  188  184  178  170  163  165  183  218  265  315
  360  400  438  480  527  572  610  634  647
    32.5-180.0 180.0   5.0 450.0                            LAT/LON1/LON2/DLON/H
  661  673  686  706  731  754  767  769  760  746  731  720  713  707  698  683
  663  641  622  607  594  573  542  500  454  416  391  380  379  387  404  433
  468  499  508  488  441  381  325  283  257  245  242  241  235  222  205  191
  185  189  197  203  203  199  192  187  181  174  170  175  195  231  279  329
  373  410  445  482  526  573  614  644  661
    30.0-180.0 180.0   5.0 450.0                            LAT/LON1/LON2/DLON/H
  669  686  699  716  736  755  768  773  771  764  756  749  744  738  729  714
  694  673  653  637  618  591  552  506  464  437  433  449  478  514  557  607
  660  698  704  668  597  508  426  362  320  298  287  280  270  252  228  207
  195  194  201  207  206  200  191  184  179  175  176  184  207  244  292  342
  384  417  446  477  516  562  607  644  669
    27.5-180.0 180.0   5.0 450.0                            LAT/LON1/LON2/DLON/H
  683  708  727  746  765  784  798  807  810  809  803  795  785  772  756  735
  712  689  670  652  631  601  562  520  489  481  502  544  598  654  712  774
  833  874  874  824  731  620  518  439  388  358  341  330  316  294  265  235
  215  207  208  210  207  197  186  177  173  173  178  191  216  255  303  352
  393  424  448  473  507  552  602  648  683
    25.0-180.0 180.0   5.0 450.0                            LAT/LON1/LON2/DLON/H
  710  746  775  802  828  851  869  883  891  892  886  870  847  819  786  753
  720  693  671  653  633  607  575  545  533  547  589  650  715  775  831  887
  941  977  970  910  805  684  575  495  443  414  397  384  369  345  312  275
  244  227  219  215  206  193  178  168  165  168  177  194  221  261  309  359
  403  434  457  479  511  556  610  664  710
    22.5-180.0 180.0   5.0 450.0                            LAT/LON1/LON2/DLON/H
  751  799  841  881  918  951  977  997 1010 1014 1004  978  937  886  830  776
  729  693  667  649  631  613  594  584  594  628  683  748  804  846  879  912
  949  973  961  898  794  678  579  512  474  454  442  433  420  396  361  319
  279  251  233  220  206  189  172  161  158  163  175  193  221  261  311  365
  413  449  476  500  532  578  635  695  751
    20.0-180.0 180.0   5.0 450.0                            LAT/LON1/LON2/DLON/H
  801  859  915  970 1022 1067 1103 1130 1151 1159 1148 1112 1052  976  893  815
  750  701  669  649  636  627  626  638  668  714  769  817  845  849  840  837
  846  856  841  786  697  602  529  489  475  472  471  468  458  438  403  358
  312  274  246  225  206  187  170  159  157  162  173  191  218  259  311  369
  424  470  504  535  570  617  676  739  801
    17.5-180.0 180.0   5.0 450.0                            LAT/LON1/LON2/DLON/H
  851  915  981 1051 1117 1173 1218 1254 1284 1301 1295 1255 1181 1083  977  876
  792  729  689  666  656  657  672  703  747  794  832  847  828  781  722  676
  657  654  642  602  540  478  442  437  451  469  479  482  477  460  429  385
  336  292  257  230  207  188  172  163  162  166  175  190  216  255  310  373
  437  493  538  577  618  667  725  788  851
    15.0-180.0 180.0   5.0 450.0                            LAT/LON1/LON2/DLON/H
  891  955 1027 1106 1181 1244 1294 1337 1377 1408 1414 1379 1303 1194 1073  956
  858  785  737  710  700  708  734  776  823  858  865  834  762  662  556  474
  431  420  417  400  369  346  348  377  418  452  470  476  472  458  432  392
  345  300  263  233  210  192  180  174  174  177  182  193  215  254  310  379
  450  515  570  618  665  717  773  832  891
    12.5-180.0 180.0   5.0 450.0                            LAT/LON1/LON2/DLON/H
  916  976 1047 1127 1203 1264 1311 1356 1406 1454 1479 1462 1395 1291 1168 1048
  945  867  814  782  769  777  806  849  888  899  867  788  668  527  391  288
  235  224  233  240  241  251  284  338  394  433  450  451  445  432  411  378
  338  297  262  233  212  198  191  190  192  193  193  198  217  255  313  385
  460  532  595  651  704  757  811  863  916
    10.0-180.0 180.0   5.0 450.0                            LAT/LON1/LON2/DLON/H
  927  979 1044 1117 1183 1232 1267 1306 1361 1426 1475 1483 1439 1354 1247 1138
 1042  966  912  876  857  859  881  915  935  917  846  727  576  418  277  176
  127  125  148  175  199  231  280  341  394  424  428  417  402  388  370  346
  316  284  256  232  215  205  204  208  212  211  206  206  221  259  318  391
  468  542  608  669  727  782  834  882  927
     7.5-180.0 180.0   5.0 450.0                            LAT/LON1/LON2/DLON/H
  930  974 1029 1088 1136 1163 1177 1201 1254 1330 1401 1438 1426 1372 1294 1209
 1131 1067 1017  979  952  943  951  967  963  915  814  672  515  369  251  175
  146  157  191  229  263  301  347  394  427  431  410  379  352  333  318  302
  284  264  246  229  217  212  215  224  229  226  217  212  225  264  324  397
  472  544  611  674  735  793  845  890  930
     5.0-180.0 180.0   5.0 450.0                            LAT/LON1/LON2/DLON/H
  933  971 1015 1059 1085 1086 1072 1074 1116 1193 1278 1339 1359 1342 1301 1250
 1199 1152 1111 1074 1040 1017 1008 1002  974  903  785  643  506  398  327  292
  291  316  353  390  420  447  472  489  485  453  401  346  303  278  265  256
  249  242  234  225  217  216  222  233  239  235  222  215  227  266  328  400
  472  540  604  668  731  793  848  894  933
     2.5-180.0 180.0   5.0 450.0                            LAT/LON1/LON2/DLON/H
  942  979 1016 1047 1054 1029  988  964  985 1052 1139 1213 1258 1274 1271 1256
 1234 1209 1181 1147 1110 1074 1047 1020  975  891  774  650  553  501  488  501
  527  559  590  614  627  630  623  601  553  481  397  320  264  233  219  216
  217  220  222  219  215  215  221  233  240  234  220  212  225  266  328  399
  468  532  593  656  721  787  849  900  942
