ionex_files/COD0OPSFIN_20250950000_01D_01H_GIM.INX
     1.0            IONOSPHERE MAPS     GNSS                IONEX VERSION / TYPE
ADDNEQ2 V5.5        AIUB                09-APR-25 19:02     PGM / RUN BY / DATE 
CODE'S GLOBAL IONOSPHERE MAPS FOR DAY 095, 2025             COMMENT             
Global ionosphere maps (GIM) are generated on a daily basis DESCRIPTION         
at CODE using data from about 300 GNSS sites of the IGS and DESCRIPTION         
other institutions. The vertical total electron content     DESCRIPTION         
(VTEC) is modeled in a solar-geomagnetic reference frame    DESCRIPTION         
using a spherical harmonics expansion up to degree and      DESCRIPTION         
order 15. Piece-wise linear functions are used for          DESCRIPTION         
representation in the time domain. The time spacing of      DESCRIPTION         
their vertices is 1 hour, conforming with the epochs of the DESCRIPTION         
VTEC maps.                                                  DESCRIPTION         
To convert line-of-sight TEC into vertical TEC, a modified  DESCRIPTION         
single-layer model mapping function approximating the JPL   DESCRIPTION         
extended slab model mapping function is adopted. The        DESCRIPTION         
mapping function is evaluated at geodetic satellite         DESCRIPTION         
elevation angles. For the computation of the ionospheric    DESCRIPTION         
pierce points, a spherical layer with a radius of 6821 km   DESCRIPTION         
is assumed, implying geocentric, not geodetic IONEX         DESCRIPTION         
latitudes.                                                  DESCRIPTION         
Instrumental biases with respect to each involved GNSS code DESCRIPTION         
observable are estimated as constant values for each        DESCRIPTION         
day. They are modeled with one set of bias parameters for   DESCRIPTION         
each satellite and each station in case of GPS and for each DESCRIPTION         
satellite-station link in case of GLONASS. The code bias    DESCRIPTION         
datum is defined by zero-mean conditions imposed on the     DESCRIPTION         
satellite bias estimates. In this file, just GPS C1W-C2W    DESCRIPTION         
satellite and station bias values are included. The         DESCRIPTION         
complete set of GNSS code bias results is provided in an    DESCRIPTION         
additional Bias-SINEX file as pseudo-absolute values        DESCRIPTION         
specific to each observable.                                DESCRIPTION         
Note: These GIM results correspond to the results for the   DESCRIPTION         
middle day of a 3-day combination analysis solving for 73   DESCRIPTION         
times 256, or 18688 VTEC parameters and 3 daily sets of     DESCRIPTION         
GNSS code bias parameters.                                  DESCRIPTION         
Contact address: code(at)aiub.unibe.ch                      DESCRIPTION         
Data archive:    ftp.aiub.unibe.ch/CODE/                    DESCRIPTION         
                 www.aiub.unibe.ch/download/CODE/           DESCRIPTION         
  2025     4     5     0     0     0                        EPOCH OF FIRST MAP  
  2025     4     6     0     0     0                        EPOCH OF LAST MAP   
  3600                                                      INTERVAL            
[...]
azgb badg bake bako barh bjfs bndy boav bogo bogt bor1 braz COMMENT             
brft brst brux cas1 ccj2 cedu chpg chti chur ckis coco cord COMMENT             
cpvg cpxf cro1 daej darw dav1 dgar dhlg drao dubo ebre faa1 COMMENT             
fair flin flrs frdn func ganp glps glsv gode gol2 gold gope COMMENT             
gras graz guam guug harb hers hert hlfx hnpt hob2 hofn holb COMMENT             
hrao iddr ieng iisc ineg invk iqal irkj jog2 joz2 karr kerg COMMENT             
kir0 kiri kiru kit3 kokb kokv koug kour krgg lama laut lmmf COMMENT             
lpal lpgs m0se mac1 madr mal2 mana mas1 mat1 mate maui maw1 COMMENT             
mcm4 mdo1 medi mgue mizu mkea mnls mobs morp mqzg mro1 mtka COMMENT             
nano naur nico nist nium nklg nlib nnor not1 nrc1 ntus nya1 COMMENT             
nyal onsa opmt ous2 pado parc park pdel penc pert pie1 pimo COMMENT             
pohn pol2 polv pots pove ptag ptbb ptvl qaq1 quin rabt ramo COMMENT             
reun reyk rgdg rio2 roth salu samo sant savo sch2 scor scrz COMMENT             
sctb scub seyg sfer spt0 ssia sthl stjo stk2 str2 suth sutm COMMENT             
suwn sydn syog tash thtg thti thu2 tid1 tidb tlse tn22 tong COMMENT             
tow2 tro1 tskb twtf txes uclu ufpr ulab unb3 unbj unsa urum COMMENT             
usn7 usud vald vill vtsp wab1 wab2 whit will wind wsrt wtza COMMENT             
wtzr wtzs wtzz wuhn xmis yar2 yar3 yarr yell ykro zeck zim2 COMMENT             
zim3 zimm                                                   COMMENT             
                                                            END OF HEADER       
[from data line 858]
     3                                                      START OF TEC MAP    
  2025     4     5     2     0     0                        EPOCH OF CURRENT MAP
    87.5-180.0 180.0   5.0 450.0                            LAT/LON1/LON2/DLON/H
  171  172  173  175  176  177  179  180  181  183  184  185  185  186  186  186
  186  185  184  183  182  180  179  177  175  172  170  168  166  163  161  159
  157  155  153  151  150  149  148  147  146  145  145  145  145  145  145  145
  146  146  147  148  149  150  151  152  153  154  155  156  157  159  160  161
  162  163  164  165  166  167  168  169  171
    85.0-180.0 180.0   5.0 450.0                            LAT/LON1/LON2/DLON/H
  158  159  161  164  166  170  173  177  181  185  189  192  195  197  199  200
  200  199  197  195  191  187  183  178  173  167  162  156  151  146  141  137
  133  130  127  124  122  120  118  117  116  116  116  116  116  117  118  119
  120  122  124  126  128  130  133  135  138  140  143  145  147  148  150  151
  152  153  153  154  154  155  156  156  158
    82.5-180.0 180.0   5.0 450.0                            LAT/LON1/LON2/DLON/H
  137  138  139  141  144  149  154  161  168  176  183  190  197  202  206  208
  209  208  205  200  194  187  179  170  161  152  144  135  127  120  114  109
  104  101   98   95   93   92   91   90   90   89   89   89   90   90   91   93
   94   97   99  103  106  111  115  120  124  129  133  137  140  143  145  146
  147  146  146  144  143  141  140  138  137
    80.0-180.0 180.0   5.0 450.0                            LAT/LON1/LON2/DLON/H
  123  119  117  117  119  123  130  138  148  159  171  182  192  200  206  210
  211  209  205  198  190  180  168  156  144  132  121  110  101   94   88   83
   80   77   76   75   74   74   74   74   74   73   73   72   72   71   71   72
   73   75   78   81   86   92   98  105  113  120  127  134  139  144  148  150
  151  150  149  146  142  137  132  127  123
    77.5-180.0 180.0   5.0 450.0                            LAT/LON1/LON2/DLON/H
  126  117  110  105  102  103  108  117  128  141  155  168  181  191  199  203
  204  202  197  189  179  166  153  139  125  112  100   90   81   75   71   68
   67   67   68   69   70   71   72   72   72   71   70   68   66   63   61   59
   58   59   61   64   69   76   85   94  104  115  125  135  144  151  158  162
  165  166  166  163  159  152  145  136  126
    75.0-180.0 180.0   5.0 450.0                            LAT/LON1/LON2/DLON/H
  155  140  126  113  103   98   99  104  113  126  140  154  167  177  184  188
  189  187  182  174  164  152  139  125  111   99   88   79   73   69   67   67
   69   71   74   77   79   81   82   82   82   80   78   75   71   66   61   57
   54   52   52   54   59   66   76   87  100  113  126  139  151  161  171  179
  186  191  194  195  193  188  180  169  155
    72.5-180.0 180.0   5.0 450.0                            LAT/LON1/LON2/DLON/H
  208  188  165  144  125  111  104  104  110  119  131  142  152  160  165  167
  168  166  163  157  150  141  130  119  107   97   88   81   77   75   76   79
   83   87   91   94   97   98   99   98   97   96   93   89   84   78   71   65
   59   54   52   53   57   64   74   86  100  114  129  144  157  170  182  194
  205  216  226  234  239  239  235  224  208
    70.0-180.0 180.0   5.0 450.0                            LAT/LON1/LON2/DLON/H
  275  251  222  191  162  139  124  117  117  121  128  135  139  142  143  143
  143  143  143  143  141  137  130  122  114  105   98   93   90   91   93   98
  102  107  110  113  114  114  113  112  111  110  108  105  100   94   87   80
   72   66   62   61   63   70   79   91  105  119  134  148  161  174  187  200
  215  232  250  267  283  293  296  290  275
    67.5-180.0 180.0   5.0 450.0                            LAT/LON1/LON2/DLON/H
  340  315  281  242  204  172  149  137  132  132  133  133  130  126  122  120
  120  123  128  134  138  140  138  133  126  119  112  108  106  107  110  114
  119  122  124  124  122  120  118  117  116  116  117  116  114  110  105   98
   90   83   78   76   78   83   91  102  114  127  140  151  162  172  183  197
  213  234  259  286  313  335  349  351  340
    65.0-180.0 180.0   5.0 450.0                            LAT/LON1/LON2/DLON/H
  387  365  329  285  240  202  174  157  150  146  142  136  126  116  106  102
  103  109  120  131  140  146  148  145  139  132  125  120  117  118  120  123
  126  127  126  124  120  116  113  111  111  114  117  120  121  121  118  114
  108  102   97   95   96  100  107  116  126  136  146  154  160  167  174  185
  200  222  251  285  321  354  380  392  387
    62.5-180.0 180.0   5.0 450.0                            LAT/LON1/LON2/DLON/H
  407  389  355  309  262  220  191  174  166  161  155  143  127  110   97   91
   93  102  116  131  143  151  153  150  144  136  128  122  119  118  119  120
  121  120  118  113  108  102   98   97   98  102  108  115  120  124  125  124
  120  117  114  112  113  117  123  130  138  145  151  156  160  162  166  172
  183  202  230  265  306  347  382  404  407
    60.0-180.0 180.0   5.0 450.0                            LAT/LON1/LON2/DLON/H
  398  387  357  314  267  227  200  185  180  176  167  152  131  110   94   87
   90  101  116  130  141  146  147  143  136  128  121  115  111  109  109  108
  108  106  102   97   91   85   81   80   82   87   94  103  111  118  123  125
  126  125  125  125  127  130  135  141  146  152  157  160  162  163  163  165
  172  185  207  238  277  320  359  387  398
    57.5-180.0 180.0   5.0 450.0                            LAT/LON1/LON2/DLON/H
  370  367  344  306  263  227  204  194  192  189  180  161  137  113   97   90
   94  103  114  124  129  130  127  121  115  109  105  101   98   96   94   93
   91   89   85   81   76   71   67   66   67   72   79   87   96  105  113  119
  123  127  129  132  135  138  142  147  151  156  161  165  169  171  172  173
  175  182  195  217  247  284  322  353  370
    55.0-180.0 180.0   5.0 450.0                            LAT/LON1/LON2/DLON/H
  337  342  327  297  262  231  212  206  206  204  193  172  146  121  105   98
  100  105  109  110  107  102   96   91   88   87   86   86   85   84   82   79
   77   75   74   71   68   65   62   60   60   62   66   72   79   88   98  107
  116  123  128  133  137  141  145  149  153  159  166  173  181  188  193  196
  198  200  204  214  231  256  287  316  337
    52.5-180.0 180.0   5.0 450.0                            LAT/LON1/LON2/DLON/H
  315  327  322  301  273  246  231  226  227  223  209  186  158  134  118  111
  109  106  101   91   81   71   64   62   64   68   73   77   79   78   75   72
   70   69   69   70   70   69   67   64   61   59   59   61   65   73   83   95
  106  117  126  133  139  144  147  151  156  164  174  186  200  214  226  235
  239  240  239  237  239  249  268  292  315
    50.0-180.0 180.0   5.0 450.0                            LAT/LON1/LON2/DLON/H
  313  332  336  324  302  279  264  258  255  248  230  204  175  152  137  128
  120  110   94   77   61   50   45   47   53   62   71   77   81   80   76   72
   70   70   73   76   80   81   79   76   71   65   60   57   58   63   73   86
  100  114  126  136  144  150  154  159  165  175  188  205  226  247  266  282
  293  297  294  284  273  268  273  290  313
    47.5-180.0 180.0   5.0 450.0                            LAT/LON1/LON2/DLON/H
  334  357  369  364  346  324  306  297  289  277  255  227  200  177  163  151
  137  119   97   75   59   51   50   55   62   71   79   85   88   86   82   77
   74   75   80   87   93   96   96   92   85   77   69   62   59   62   71   84
  100  117  132  145  156  164  171  177  185  196  213  234  258  284  309  332
  350  361  360  348  328  310  303  313  334
    45.0-180.0 180.0   5.0 450.0                            LAT/LON1/LON2/DLON/H
  372  397  413  411  394  370  349  335  323  307  284  256  231  211  196  182
  163  139  116   97   87   84   87   90   92   93   95   96   95   92   87   82
   80   82   89   98  106  110  112  109  103   94   85   76   70   71   78   91
  108  127  146  163  177  189  199  208  218  231  249  272  298  326  353  380
  404  421  426  416  393  367  351  353  372
    42.5-180.0 180.0   5.0 450.0                            LAT/LON1/LON2/DLON/H
  417  440  455  452  432  405  381  363  349  332  311  288  267  251  237  219
  197  173  154  145  145  150  151  146  135  122  111  104   99   94   89   85
   85   89   97  107  115  122  125  124  121  115  106   97   90   88   92  104
  122  143  166  187  207  224  238  251  264  279  298  321  346  372  398  424
  449  471  482  477  456  428  406  402  417
    40.0-180.0 180.0   5.0 450.0                            LAT/LON1/LON2/DLON/H
  463  479  487  477  451  420  393  375  361  348  333  318  306  295  281  262
  239  220  211  216  228  237  232  212  181  149  122  106   96   92   89   88
   90   96  104  114  122  129  134  138  138  136  131  123  115  110  111  120
  137  161  188  216  242  265  285  302  318  335  354  377  400  423  445  466
  489  512  527  528  511  485  462  454  463
    37.5-180.0 180.0   5.0 450.0                            LAT/LON1/LON2/DLON/H
  509  514  508  485  450  414  387  371  362  355  349  345  341  336  323  303
  283  271  277  297  318  326  310  270  218  167  128  104   94   90   91   94
   98  105  113  121  128  135  142  149  155  158  156  150  141  132  129  135
  151  177  209  244  277  307  332  354  374  393  413  435  458  479  496  513
  530  549  565  570  560  538  518  508  509
    35.0-180.0 180.0   5.0 450.0                            LAT/LON1/LON2/DLON/H
  564  553  529  490  444  403  376  364  360  359  362  366  371  369  357  338
  321  319  338  370  395  397  366  308  239  177  133  109  100  100  103  109
  115  122  127  132  136  142  150  160  170  177  179  175  164  152  144  146
  161  189  226  267  307  343  375  401  424  445  467  490  514  537  554  567
  579  592  605  612  608  595  580  570  564
    32.5-180.0 180.0   5.0 450.0                            LAT/LON1/LON2/DLON/H
  639  613  569  512  454  410  384  373  371  372  377  386  395  395  382  361
  347  353  381  418  441  431  387  318  246  188  150  132  127  128  133  139
  144  148  148  147  147  150  158  169  182  192  197  193  181  165  153  152
  166  196  237  284  329  371  407  438  464  487  510  535  564  593  617  632
  642  650  658  666  668  665  659  651  639
    30.0-180.0 180.0   5.0 450.0                            LAT/LON1/LON2/DLON/H
  746  707  646  574  508  462  436  423  414  408  407  412  418  415  398  375
  361  369  398  431  444  424  372  307  250  211  192  185  184  183  183  184
  184  182  176  167  161  161  167  178  191  202  206  202  189  171  156  153
  167  199  245  295  344  388  428  462  491  516  540  568  604  644  679  704
  717  723  729  737  747  755  762  762  746
    27.5-180.0 180.0   5.0 450.0                            LAT/LON1/LON2/DLON/H
  888  844  773  693  624  578  550  529  506  482  464  456  452  440  415  385
  366  370  391  412  411  382  335  291  266  261  268  273  270  260  248  239
  231  221  206  190  177  173  177  186  197  205  208  203  189  171  155  152
  168  203  250  302  352  397  439  476  508  534  559  590  632  684  736  775
  797  808  815  826  844  867  890  901  888
    25.0-180.0 180.0   5.0 450.0                            LAT/LON1/LON2/DLON/H
 1056 1015  945  868  804  761  730  696  651  600  557  528  507  482  447  407
  377  368  373  376  361  330  301  292  311  347  378  389  376  348  319  295
  277  258  235  212  194  186  187  193  199  203  203  197  183  166  153  153
  172  209  258  309  358  402  445  485  520  547  572  604  651  714  781  837
  873  892  905  922  951  990 1031 1059 1056
    22.5-180.0 180.0   5.0 450.0                            LAT/LON1/LON2/DLON/H
 1224 1197 1141 1078 1028  993  959  909  838  758  686  633  595  556  507  454
  408  380  364  347  322  298  296  331  396  466  513  517  484  431  379  340
  312  287  259  232  211  201  199  201  202  200  196  188  176  161  152  156
  179  220  269  319  365  408  451  494  532  561  586  617  666  735  813  883
  933  964  986 1012 1051 1106 1166 1211 1224
    20.0-180.0 180.0   5.0 450.0                            LAT/LON1/LON2/DLON/H
 1362 1356 1324 1287 1259 1237 1202 1137 1043  937  842  770  717  666  606  538
  474  424  385  352  324  315  344  418  518  606  648  632  569  488  415  364
  331  304  277  250  229  218  215  213  208  200  191  182  170  159  154  163
  191  233  283  330  374  416  461  507  549  582  607  636  684  753  834  912
  972 1013 1043 1077 1126 1193 1267 1330 1362
    17.5-180.0 180.0   5.0 450.0                            LAT/LON1/LON2/DLON/H
 1438 1456 1455 1452 1452 1445 1411 1338 1230 1110 1004  925  866  810  743  663
  582  511  454  411  386  396  452  551  662  742  758  707  612  506  420  365
  333  311  290  268  252  243  239  233  222  207  193  180  169  159  157  171
  202  247  297  343  386  429  476  527  574  610  637  666  710  774  851  926
  988 1035 1071 1110 1163 1234 1315 1389 1438
    15.0-180.0 180.0   5.0 450.0                            LAT/LON1/LON2/DLON/H
 1436 1476 1506 1537 1565 1574 1545 1469 1361 1245 1147 1075 1023  972  905  819
  725  639  572  527  513  538  608  708  801  845  818  727  603  484  397  346
  324  314  303  291  281  276  271  262  244  223  203  186  172  162  162  177
  211  258  308  355  399  445  496  551  602  643  675  706  747  803  869  934
  991 1035 1071 1109 1158 1224 1302 1377 1436
    12.5-180.0 180.0   5.0 450.0                            LAT/LON1/LON2/DLON/H
 1359 1412 1467 1526 1578 1599 1575 1505 1410 1316 1242 1193 1161 1124 1066  981
  883  792  724  687  685  719  785  859  905  893  813  686  547  431  356  322
  314  319  322  321  318  316  311  297  273  244  218  196  178  166  164  179
  214  261  313  363  411  461  517  575  629  674  712  749  791  840  894  946
  990 1026 1056 1086 1123 1175 1237 1302 1359
    10.0-180.0 180.0   5.0 450.0                            LAT/LON1/LON2/DLON/H
 1233 1287 1354 1431 1495 1522 1500 1440 1369 1308 1271 1257 1252 1237 1194 1120
 1027  941  882  858  867  901  942  968  951  874  747  598  464  369  319  305
  314  332  347  356  360  359  351  332  301  266  234  207  184  167  161  175
  209  257  311  364  418  474  533  593  647  696  740  786  834  883  928  966
  998 1023 1042 1059 1079 1108 1146 1189 1233
     7.5-180.0 180.0   5.0 450.0                            LAT/LON1/LON2/DLON/H
 1100 1140 1206 1285 1349 1371 1347 1297 1250 1228 1230 1251 1274 1283 1261 1204
 1125 1054 1011 1004 1020 1041 1045 1011  927  794  637  490  382  322  303  309
  330  355  377  391  397  395  383  358  321  280  243  212  185  164  154  165
  198  247  303  360  419  480  542  600  652  700  750  806  866  920  965  997
 1020 1036 1044 1048 1050 1056 1065 1078 1100
     5.0-180.0 180.0   5.0 450.0                            LAT/LON1/LON2/DLON/H
 1003 1020 1071 1139 1190 1197 1162 1116 1090 1098 1132 1178 1222 1250 1249 1212
 1155 1104 1082 1089 1106 1106 1067  978  840  675  515  395  330  312  321  339
  361  384  404  417  421  415  396  365  323  279  239  207  179  155  143  152
  184  234  291  352  414  479  540  594  640  684  738  804  876  943  995 1032
 1055 1069 1072 1067 1056 1043 1028 1011 1003
     2.5-180.0 180.0   5.0 450.0                            LAT/LON1/LON2/DLON/H
  979  968  994 1040 1069 1053 1001  951  933  956 1003 1057 1107 1145 1159 1143
 1109 1080 1077 1095 1107 1084 1007  879  716  550  417  343  328  347  373  391
  401  411  421  426  422  408  383  347  302  258  220  190  165  143  131  139
  171  222  280  342  405  470  530  578  615  652  704  776  861  943 1010 1060
 1095 1116 1123 1118 1105 1086 1056 1016  979
