ionex_files/COD0OPSFIN_20250970000_01D_01H_GIM.INX
     1.0            IONOSPHERE MAPS     GNSS                IONEX VERSION / TYPE
ADDNEQ2 V5.5        AIUB                11-APR-25 20:16     PGM / RUN BY / DATE 
CODE'S GLOBAL IONOSPHERE MAPS FOR DAY 097, 2025             COMMENT             
Global ionosphere maps (GIM) are generated on a daily basis DESCRIPTION         
at CODE using data from about 300 GNSS sites of the IGS and DESCRIPTION         
other institutions. The vertical total electron content     DESCRIPTION         
(VTEC) is modeled in a solar-geomagnetic reference frame    DESCRIPTION         
using a spherical harmonics expansion up to degree and      DESCRIPTION         
order 15. Piece-wise linear functions are used for          DESCRIPTION         
representation in the time domain. The time spacing of      DESCRIPTION         
their vertices is 1 hour, conforming with the epochs of the DESCRIPTION         
VTEC maps.                                                  DESCRIPTION         
To convert line-of-sight TEC into vertical TEC, a modified  DESCRIPTION         
single-layer model mapping function approximating the JPL   DESCRIPTION         
extended slab model mapping function is adopted. The        DESCRIPTION         
mapping function is evaluated at geodetic satellite         DESCRIPTION         
elevation angles. For the computation of the ionospheric    DESCRIPTION         
pierce points, a spherical layer with a radius of 6821 km   DESCRIPTION         
is assumed, implying geocentric, not geodetic IONEX         DESCRIPTION         
latitudes.                                                  DESCRIPTION         
Instrumental biases with respect to each involved GNSS code DESCRIPTION         
observable are estimated as constant values for each        DESCRIPTION         
day. They are modeled with one set of bias parameters for   DESCRIPTION         
each satellite and each station in case of GPS and for each DESCRIPTION         
satellite-station link in case of GLONASS. The code bias    DESCRIPTION         
datum is defined by zero-mean conditions imposed on the     DESCRIPTION         
satellite bias estimates. In this file, just GPS C1W-C2W    DESCRIPTION         
satellite and station bias values are included. The         DESCRIPTION         
complete set of GNSS code bias results is provided in an    DESCRIPTION         
additional Bias-SINEX file as pseudo-absolute values        DESCRIPTION         
specific to each observable.                                DESCRIPTION         
Note: These GIM results correspond to the results for the   DESCRIPTION         
middle day of a 3-day combination analysis solving for 73   DESCRIPTION         
times 256, or 18688 VTEC parameters and 3 daily sets of     DESCRIPTION         
GNSS code bias parameters.                                  DESCRIPTION         
Contact address: code(at)aiub.unibe.ch                      DESCRIPTION         
Data archive:    ftp.aiub.unibe.ch/CODE/                    DESCRIPTION         
                 www.aiub.unibe.ch/download/CODE/           DESCRIPTION         
  2025     4     7     0     0     0                        EPOCH OF FIRST MAP  
  2025     4     8     0     0     0                        EPOCH OF LAST MAP   
  3600                                                      INTERVAL            
[...]
azgb badg bake barh bjfs bndy boav bogo bogt bor1 braz brft COMMENT             
brst brux cags cas1 ccj2 cedu chpg chti chur ckis coco cord COMMENT             
cpvg cpxf cro1 daej darw dav1 dgar dhlg drao dubo ebre faa1 COMMENT             
fair flin frdn func ganp glps glsv gode gol2 gold gope gras COMMENT             
graz guam guug harb hers hert hlfx hnpt hob2 hofn holb hrao COMMENT             
iddr ieng iisc impz ineg invk iqal irkj jog2 joz2 joze karr COMMENT             
kerg kir0 kiri kiru kit3 kokb kokv koug kour krgg lama laut COMMENT             
lmmf lpal lpgs m0se mac1 madr mal2 mana mas1 mat1 mate maui COMMENT             
maw1 mcil mcm4 mdo1 medi mgue mizu mkea mnls mobs morp mqzg COMMENT             
mro1 mtka nano naur nico nist nium nklg nlib nnor not1 nrc1 COMMENT             
ntus nya1 nyal onsa opmt ous2 pado parc park pdel penc pert COMMENT             
pie1 pimo pohn pol2 polv pots pove ptag ptbb ptvl qaq1 quin COMMENT             
rabt ramo reun reyk rgdg rio2 roth salu samo sant savo sch2 COMMENT             
scor scrz scub seyg sfer spt0 ssia sthl stjo stk2 str2 suth COMMENT             
sutm suwn sydn syog tash thtg thti thu2 tid1 tidb tlse tn22 COMMENT             
tong tro1 tskb twtf txes uclu ufpr ulab unb3 unbj unsa urum COMMENT             
usn7 usud vald vill vtsp wab1 wab2 whit will wind wsrt wtza COMMENT             
wtzr wtzs wtzz wuhn xmis yar2 yar3 yarr yell ykro zeck zim2 COMMENT             
zim3 zimm                                                   COMMENT             
                                                            END OF HEADER       
[from data line 5577]
    14                                                      START OF TEC MAP    
  2025     4     7    13     0     0                        EPOCH OF CURRENT MAP
    87.5-180.0 180.0   5.0 450.0                            LAT/LON1/LON2/DLON/H
   80   81   82   84   86   89   91   94   97  100  104  107  111  115  118  122
  125  129  132  135  138  141  143  146  148  150  152  153  154  155  156  156
  156  156  156  155  154  153  152  150  148  146  144  142  139  137  134  131
  128  126  123  120  117  113  110  107  104  101   99   96   93   91   88   86
   84   83   81   80   79   79   79   79   80
    85.0-180.0 180.0   5.0 450.0                            LAT/LON1/LON2/DLON/H
   51   53   55   58   61   66   71   76   82   89   95  102  108  115  121  128
  134  139  145  150  155  160  164  168  172  175  178  180  182  184  185  186
  186  186  185  184  183  181  179  177  174  171  167  164  161  157  153  149
  146  142  138  134  130  125  121  116  111  106  101   96   90   85   80   75
   70   65   61   58   55   53   52   51   51
    82.5-180.0 180.0   5.0 450.0                            LAT/LON1/LON2/DLON/H
   40   40   41   44   48   54   60   68   76   84   92  101  109  117  124  132
  138  145  151  157  162  167  172  177  181  185  189  192  195  198  200  201
  202  203  202  202  201  199  197  194  191  188  185  182  179  176  174  171
  169  167  165  163  160  157  154  150  145  140  133  127  119  111  103   94
   85   77   68   61   54   49   44   41   40
    80.0-180.0 180.0   5.0 450.0                            LAT/LON1/LON2/DLON/H
   49   46   46   47   51   56   63   70   79   87   96  105  113  120  127  133
  139  144  149  153  158  163  167  172  176  181  185  190  194  197  200  203
  205  206  207  207  207  206  204  202  200  198  197  195  194  194  194  196
  197  200  202  205  207  208  208  208  205  201  195  188  179  169  157  145
  132  119  106   93   81   71   62   54   49
    77.5-180.0 180.0   5.0 450.0                            LAT/LON1/LON2/DLON/H
   78   71   67   66   68   72   77   84   92  100  107  114  120  126  130  134
  137  140  142  145  148  152  156  160  165  170  175  180  185  189  193  196
  199  202  203  204  205  205  204  204  203  202  202  203  205  208  213  219
  227  236  245  254  263  270  276  280  281  280  276  269  259  247  233  218
  201  183  166  148  130  114  100   88   78
    75.0-180.0 180.0   5.0 450.0                            LAT/LON1/LON2/DLON/H
  118  107   99   95   95   96  100  106  112  118  123  128  131  134  135  136
  136  136  137  137  139  142  146  150  155  161  166  171  176  181  185  188
  191  194  196  198  199  200  200  200  201  201  203  206  211  218  227  239
  253  268  285  301  317  331  342  351  356  357  354  348  338  325  310  293
  273  253  232  211  189  169  150  132  118
    72.5-180.0 180.0   5.0 450.0                            LAT/LON1/LON2/DLON/H
  157  143  133  126  123  124  126  130  134  138  141  143  144  144  143  141
  139  138  136  136  137  140  144  148  154  160  166  171  175  179  182  184
  186  189  190  192  194  195  195  196  196  198  200  204  211  221  235  251
  270  292  314  336  357  376  391  403  410  412  410  403  393  379  363  346
  326  306  285  263  240  217  195  175  157
    70.0-180.0 180.0   5.0 450.0                            LAT/LON1/LON2/DLON/H
  183  167  156  149  145  145  147  150  152  155  156  156  156  154  152  150
  147  145  143  143  144  147  151  157  163  169  175  179  182  184  185  186
  186  187  188  189  190  191  192  192  192  193  196  200  208  220  235  254
  277  301  327  352  375  395  412  424  430  431  427  419  406  392  375  358
  341  323  305  286  266  245  223  202  183
    67.5-180.0 180.0   5.0 450.0                            LAT/LON1/LON2/DLON/H
  186  172  161  155  153  154  156  159  161  163  163  163  163  162  161  160
  158  156  155  155  156  160  165  171  178  185  190  193  195  195  193  192
  190  189  189  189  190  190  190  189  189  189  190  194  202  214  229  249
  272  296  322  346  367  386  400  408  412  409  402  389  374  357  339  323
  309  297  285  272  258  241  223  204  186
    65.0-180.0 180.0   5.0 450.0                            LAT/LON1/LON2/DLON/H
  164  152  145  142  143  147  151  155  158  159  160  161  162  163  165  167
  168  168  168  168  170  173  179  186  193  200  205  207  207  205  202  198
  195  193  192  191  191  190  189  188  186  185  186  189  195  206  221  239
  260  281  303  322  339  352  361  364  362  355  342  325  305  284  265  249
  238  232  228  223  217  207  194  179  164
    62.5-180.0 180.0   5.0 450.0                            LAT/LON1/LON2/DLON/H
  123  115  111  113  118  125  132  138  141  143  145  147  151  157  163  169
  174  176  177  177  178  181  186  193  201  209  214  216  215  212  208  203
  199  196  195  194  193  192  190  188  185  183  183  185  191  200  213  229
  246  263  279  291  301  307  309  306  299  287  270  247  222  196  173  156
  147  145  149  153  155  153  145  135  123
    60.0-180.0 180.0   5.0 450.0                            LAT/LON1/LON2/DLON/H
   75   69   69   74   84   94  104  111  115  118  121  126  133  143  154  165
  173  178  179  179  178  180  184  191  200  209  215  218  217  214  209  205
  201  199  198  197  197  195  192  189  186  184  184  186  192  201  212  224
  237  249  258  264  266  264  260  253  242  227  207  181  151  120   92   72
   62   63   71   83   92   95   92   84   75
    57.5-180.0 180.0   5.0 450.0                            LAT/LON1/LON2/DLON/H
   34   29   30   38   50   63   74   81   86   89   93  100  110  124  139  154
  166  173  175  173  171  171  175  183  193  204  212  216  217  214  209  205
  202  201  201  201  201  199  195  191  188  187  189  193  200  209  219  230
  239  246  250  249  245  238  229  219  208  193  173  147  114   78   45   20
    7    7   17   32   46   52   51   43   34
    55.0-180.0 180.0   5.0 450.0                            LAT/LON1/LON2/DLON/H
   13    6    6   14   26   39   49   56   61   64   68   76   88  103  122  141
  156  165  168  165  162  161  165  174  187  201  212  218  219  216  212  207
  204  204  205  207  207  204  200  196  194  194  199  206  215  226  236  245
  252  256  256  252  244  233  222  212  202  191  175  151  119   81   44   13
    0    0    1   16   30   37   34   24   13
    52.5-180.0 180.0   5.0 450.0                            LAT/LON1/LON2/DLON/H
   17    6    3    9   19   29   37   42   46   48   53   60   71   87  107  129
  147  159  163  161  157  156  162  174  190  208  222  230  232  228  221  215
  211  211  213  215  216  213  209  204  203  205  213  224  237  249  260  268
  274  277  275  270  260  249  237  228  221  214  204  186  158  123   84   49
   25   17   22   35   48   53   47   33   17
    50.0-180.0 180.0   5.0 450.0                            LAT/LON1/LON2/DLON/H
   45   29   22   24   30   36   40   42   44   46   49   55   64   79   99  122
  143  159  166  166  164  164  172  188  209  230  248  258  258  251  241  231
  224  222  225  228  229  227  221  216  215  219  230  244  260  275  286  294
  299  301  301  296  287  276  264  256  251  248  244  233  213  182  146  110
   83   70   70   79   89   92   83   65   45
    47.5-180.0 180.0   5.0 450.0                            LAT/LON1/LON2/DLON/H
   86   67   57   55   56   57   57   55   55   57   59   63   68   80   98  123
  148  168  180  183  184  187  198  218  243  268  289  299  298  287  270  254
  243  239  241  245  248  245  239  233  231  236  248  266  284  299  310  317
  322  324  325  322  314  303  291  281  275  274  273  269  257  236  206  174
  146  129  124  130  138  139  129  109   86
    45.0-180.0 180.0   5.0 450.0                            LAT/LON1/LON2/DLON/H
  128  109   97   92   90   86   81   77   76   78   80   80   82   89  106  131
  161  187  204  213  217  224  238  260  288  316  338  348  345  329  307  285
  269  262  264  269  273  271  264  255  251  255  268  286  304  320  330  335
  338  341  342  341  335  324  309  294  284  279  279  279  275  263  242  217
  192  173  165  168  175  177  169  151  128
    42.5-180.0 180.0   5.0 450.0                            LAT/LON1/LON2/DLON/H
  159  142  132  127  122  116  107  101  100  103  104  103  101  104  119  146
  180  212  236  250  258  268  283  306  335  364  387  396  391  372  345  319
  300  292  293  300  305  303  295  284  276  277  288  305  323  337  345  349
  350  352  354  354  348  335  317  296  278  266  261  260  260  256  247  230
  209  191  181  181  188  193  191  178  159
    40.0-180.0 180.0   5.0 450.0                            LAT/LON1/LON2/DLON/H
  171  160  153  150  146  138  129  122  122  125  128  125  120  120  134  163
  201  239  268  287  300  311  326  347  374  402  425  435  429  410  383  356
  336  329  332  340  346  344  334  320  308  305  312  326  342  354  361  363
  363  364  366  366  360  346  324  296  270  248  233  226  226  227  226  218
  202  184  171  169  175  185  189  183  171
    37.5-180.0 180.0   5.0 450.0                            LAT/LON1/LON2/DLON/H
  166  160  158  158  157  151  141  135  136  141  145  142  136  134  148  178
  220  262  296  320  335  346  359  376  399  424  446  457  455  440  418  396
  381  376  381  390  397  394  382  364  349  341  343  353  366  377  384  386
  386  387  389  390  384  369  344  313  279  247  222  205  198  199  201  199
  187  168  151  143  148  159  169  170  166
    35.0-180.0 180.0   5.0 450.0                            LAT/LON1/LON2/DLON/H
  149  148  150  154  156  152  145  139  141  148  153  151  145  144  158  190
  234  279  316  342  359  370  379  391  408  429  450  465  469  464  453  442
  435  435  442  451  457  453  439  419  400  387  385  391  402  413  422  426
  429  432  435  436  432  418  394  362  326  288  252  223  204  198  199  198
  186  164  139  124  122  132  144  149  149
    32.5-180.0 180.0   5.0 450.0                            LAT/LON1/LON2/DLON/H
  134  133  136  143  148  147  141  137  138  146  152  152  148  149  164  197
  241  286  325  353  372  382  388  393  405  422  444  464  478  486  491  496
  501  507  515  523  525  520  504  483  462  447  441  444  454  467  479  489
  497  504  510  514  511  499  479  452  419  381  338  297  265  247  240  234
  220  192  158  131  119  121  129  134  134
    30.0-180.0 180.0   5.0 450.0                            LAT/LON1/LON2/DLON/H
  132  127  128  133  139  140  136  132  132  139  145  147  146  150  167  200
  243  287  325  355  375  386  389  390  397  413  436  463  488  513  537  559
  577  589  597  600  599  590  575  555  535  520  512  513  523  538  556  574
  589  602  613  619  619  611  596  578  553  520  476  427  381  349  330  317
  296  262  218  177  151  141  139  137  132
    27.5-180.0 180.0   5.0 450.0                            LAT/LON1/LON2/DLON/H
  149  136  131  132  136  138  134  128  127  131  137  141  142  149  167  200
  240  282  319  350  373  385  388  387  393  410  438  471  508  549  592  631
  661  677  681  679  672  662  648  632  616  604  596  597  606  624  648  673
  696  716  732  741  742  736  726  716  703  680  642  590  535  489  458  435
  408  367  315  263  221  194  178  164  149
    25.0-180.0 180.0   5.0 450.0                            LAT/LON1/LON2/DLON/H
  186  163  149  143  143  143  138  130  125  126  130  135  139  148  167  198
  236  275  311  344  370  385  389  391  399  421  454  495  542  596  654  707
  744  761  761  751  740  729  718  709  701  694  688  688  697  717  744  774
  804  830  849  859  858  850  841  836  833  823  796  749  691  636  595  564
  532  489  433  373  318  275  242  213  186
    22.5-180.0 180.0   5.0 450.0                            LAT/LON1/LON2/DLON/H
  237  205  181  167  161  157  149  139  130  126  128  133  139  149  168  197
  233  269  305  339  368  387  396  402  417  447  488  535  589  650  718  779
  819  834  827  812  798  788  784  783  784  783  781  781  788  806  832  863
  895  923  944  951  944  928  912  906  909  910  897  861  809  754  707  671
  639  599  546  485  423  367  318  275  237
    20.0-180.0 180.0   5.0 450.0                            LAT/LON1/LON2/DLON/H
  292  252  221  199  185  176  166  153  140  132  132  136  141  151  169  197
  231  267  302  338  370  393  407  421  446  486  535  587  643  707  778  840
  879  889  877  858  843  838  840  849  859  865  866  865  868  881  902  928
  956  982  999 1000  982  951  921  906  907  916  917  899  860  812  767  731
  702  670  629  577  515  452  392  338  292
    17.5-180.0 180.0   5.0 450.0                            LAT/LON1/LON2/DLON/H
  339  297  261  233  212  198  185  169  153  142  139  141  145  153  170  197
  231  267  304  341  374  400  420  443  480  532  589  643  698  759  826  885
  919  923  907  888  877  878  888  905  923  934  937  933  931  936  947  962
  980  998 1007  997  964  915  865  833  826  837  852  853  835  801  762  730
  707  689  666  630  578  514  449  390  339
    15.0-180.0 180.0   5.0 450.0                            LAT/LON1/LON2/DLON/H
  374  333  296  263  237  218  202  184  166  153  148  148  149  154  169  195
  231  270  309  346  380  408  434  466  516  578  641  696  746  800  860  911
  939  938  922  907  903  910  927  950  973  987  989  982  974  968  966  967
  970  975  973  950  902  832  761  710  689  698  722  743  747  731  703  676
  660  656  655  641  605  549  484  423  374
    12.5-180.0 180.0   5.0 450.0                            LAT/LON1/LON2/DLON/H
  393  357  322  287  257  233  214  195  176  162  156  153  151  153  165  192
  231  274  316  354  387  417  447  489  548  619  686  738  780  826  877  921
  943  941  928  921  925  939  960  985 1008 1022 1022 1011  995  979  964  949
  937  928  913  878  816  731  643  574  540  543  572  609  634  635  616  593
  581  590  609  620  603  558  498  439  393
    10.0-180.0 180.0   5.0 450.0                            LAT/LON1/LON2/DLON/H
  403  371  340  304  270  241  219  200  181  167  160  156  151  148  158  187
  230  278  323  362  395  426  461  510  578  654  720  765  799  836  880  918
  937  937  932  934  946  965  986 1010 1030 1041 1036 1020  999  976  950  923
  897  875  849  807  737  645  548  469  426  423  453  500  540  553  539  514
  502  518  554  585  589  555  500  445  403
     7.5-180.0 180.0   5.0 450.0                            LAT/LON1/LON2/DLON/H
  410  381  352  316  278  245  221  200  182  169  162  156  148  142  150  180
  227  280  329  370  404  438  477  533  605  681  742  779  804  833  871  907
  928  934  938  950  969  989 1008 1026 1041 1046 1036 1015  990  964  934  900
  866  836  805  759  690  602  510  434  388  380  408  457  502  519  503  471
  452  467  512  559  578  554  503  449  410
     5.0-180.0 180.0   5.0 450.0                            LAT/LON1/LON2/DLON/H
  420  391  363  325  284  247  219  198  180  168  161  154  143  134  141  172
  224  281  334  378  415  452  497  557  630  702  753  780  796  819  856  894
  919  933  947  968  991 1010 1023 1034 1041 1039 1024  999  974  950  922  889
  855  824  793  751  692  619  545  482  444  435  457  499  538  549  524  479
  448  456  502  556  583  566  516  460  420
     2.5-180.0 180.0   5.0 450.0                            LAT/LON1/LON2/DLON/H
  436  405  374  334  290  250  219  196  179  167  160  151  138  127  133  166
  220  281  338  385  428  470  520  583  654  717  756  771  778  798  836  878
  910  933  956  983 1008 1023 1029 1032 1032 1024 1003  976  953  935  916  892
  865  840  815  784  742  693  645  607  583  576  590  618  641  637  596  536
  490  485  525  578  608  591  540  481  436
