ionex_files/COD0OPSFIN_20250780000_01D_01H_GIM.INX
     1.0            IONOSPHERE MAPS     GNSS                IONEX VERSION / TYPE
ADDNEQ2 V5.5        AIUB                23-MAR-25 18:56     PGM / RUN BY / DATE 
CODE'S GLOBAL IONOSPHERE MAPS FOR DAY 078, 2025             COMMENT             
Global ionosphere maps (GIM) are generated on a daily basis DESCRIPTION         
at CODE using data from about 300 GNSS sites of the IGS and DESCRIPTION         
other institutions. The vertical total electron content     DESCRIPTION         
(VTEC) is modeled in a solar-geomagnetic reference frame    DESCRIPTION         
using a spherical harmonics expansion up to degree and      DESCRIPTION         
order 15. Piece-wise linear functions are used for          DESCRIPTION         
representation in the time domain. The time spacing of      DESCRIPTION         
their vertices is 1 hour, conforming with the epochs of the DESCRIPTION         
VTEC maps.                                                  DESCRIPTION         
To convert line-of-sight TEC into vertical TEC, a modified  DESCRIPTION         
single-layer model mapping function approximating the JPL   DESCRIPTION         
extended slab model mapping function is adopted. The        DESCRIPTION         
mapping function is evaluated at geodetic satellite         DESCRIPTION         
elevation angles. For the computation of the ionospheric    DESCRIPTION         
pierce points, a spherical layer with a radius of 6821 km   DESCRIPTION         
is assumed, implying geocentric, not geodetic IONEX         DESCRIPTION         
latitudes.                                                  DESCRIPTION         
Instrumental biases with respect to each involved GNSS code DESCRIPTION         
observable are estimated as constant values for each        DESCRIPTION         
day. They are modeled with one set of bias parameters for   DESCRIPTION         
each satellite and each station in case of GPS and for each DESCRIPTION         
satellite-station link in case of GLONASS. The code bias    DESCRIPTION         
datum is defined by zero-mean conditions imposed on the     DESCRIPTION         
satellite bias estimates. In this file, just GPS C1W-C2W    DESCRIPTION         
satellite and station bias values are included. The         DESCRIPTION         
complete set of GNSS code bias results is provided in an    DESCRIPTION         
additional Bias-SINEX file as pseudo-absolute values        DESCRIPTION         
specific to each observable.                                DESCRIPTION         
Note: These GIM results correspond to the results for the   DESCRIPTION         
middle day of a 3-day combination analysis solving for 73   DESCRIPTION         
times 256, or 18688 VTEC parameters and 3 daily sets of     DESCRIPTION         
GNSS code bias parameters.                                  DESCRIPTION         
Contact address: code(at)aiub.unibe.ch                      DESCRIPTION         
Data archive:    ftp.aiub.unibe.ch/CODE/                    DESCRIPTION         
                 www.aiub.unibe.ch/download/CODE/           DESCRIPTION         
  2025     3    19     0     0     0                        EPOCH OF FIRST MAP  
  2025     3    20     0     0     0                        EPOCH OF LAST MAP   
  3600                                                      INTERVAL            
[...]
azgb badg bake barh bjfs bndy boav bogt bor1 braz brft brst COMMENT             
brux cags cas1 ccj2 cedu chpg chti chur ckis coco cord cpvg COMMENT             
cpxf cro1 daej darw dav1 dgar dhlg drao dubo faa1 fair flin COMMENT             
flrs frdn func ganp glps glsv gode gol2 gold gope gras graz COMMENT             
guam guat guug harb hers hert hlfx hnpt hob2 hofn holb hrao COMMENT             
hyde iddr ieng iisc impz ineg invk iqal irkj jog2 joz2 karr COMMENT             
kerg kir0 kiri kiru kit3 kokb kokv koug kour krgg lama laut COMMENT             
lmmf lpal lpgs mac1 madr mal2 mana mas1 mat1 mate maui maw1 COMMENT             
mcil mcm4 mdo1 medi mgue mizu mkea mnls mobs morp mqzg mro1 COMMENT             
mtka nano naur nico nist nium nklg nlib nnor nrc1 ntus nya1 COMMENT             
nyal onsa opmt ous2 pado parc park pdel penc pert pie1 pimo COMMENT             
pohn pol2 polv pots pove ptag ptbb ptvl qaq1 quin rabt ramo COMMENT             
reun reyk rgdg rio2 roth salu sant savo sch2 scor scrz sctb COMMENT             
scub seyg sfer sofi spt0 ssia sthl stjo stk2 str2 suth sutm COMMENT             
suwn sydn syog tash thtg thti thu2 tid1 tidb tlse tn22 tong COMMENT             
tow2 tro1 tskb twtf txes uclu ufpr ulab unb3 unbj unsa urum COMMENT             
usn7 usud vald vill vtsp wab1 wab2 wark wgtn whit will wind COMMENT             
wsrt wtza wtzr wtzs wtzz wuhn xmis yar2 yar3 yarr yell ykro COMMENT             
zeck zim2 zim3 zimm                                         COMMENT             
                                                            END OF HEADER       
[from data line 6864]
    17                                                      START OF TEC MAP    
  2025     3    19    16     0     0                        EPOCH OF CURRENT MAP
    87.5-180.0 180.0   5.0 450.0                            LAT/LON1/LON2/DLON/H
  275  276  277  279  280  282  283  285  287  288  290  291  292  294  295  296
  297  298  298  299  299  300  300  300  300  300  300  300  300  299  299  298
  298  298  297  296  296  295  295  294  294  293  292  292  291  290  290  289
  288  287  287  286  284  283  282  281  280  279  278  276  275  274  274  273
  272  272  272  272  272  273  273  274  275
    85.0-180.0 180.0   5.0 450.0                            LAT/LON1/LON2/DLON/H
  244  247  250  253  257  260  264  268  271  275  278  281  283  286  288  289
  291  292  293  293  294  294  294  294  294  294  294  293  293  292  292  291
  290  289  288  287  286  285  284  284  283  283  283  283  283  283  283  283
  283  282  282  280  279  277  274  271  268  265  261  257  254  250  247  244
  242  240  239  238  238  239  240  242  244
    82.5-180.0 180.0   5.0 450.0                            LAT/LON1/LON2/DLON/H
  206  210  215  220  226  231  237  243  248  253  258  262  265  268  271  272
  274  275  276  276  277  277  278  278  278  278  278  278  278  278  277  276
  274  273  271  270  268  267  266  265  265  265  266  268  270  272  275  278
  280  282  283  283  282  279  276  271  265  258  250  243  235  227  220  214
  209  204  201  199  199  199  200  203  206
    80.0-180.0 180.0   5.0 450.0                            LAT/LON1/LON2/DLON/H
  170  174  180  186  192  199  206  213  220  226  232  237  241  244  247  248
  250  251  252  253  254  255  256  258  259  260  261  262  262  262  262  260
  259  256  254  251  248  246  244  242  242  243  245  249  254  260  266  274
  280  286  291  294  295  293  288  282  272  261  249  236  224  211  200  189
  181  174  169  166  164  163  164  167  170
    77.5-180.0 180.0   5.0 450.0                            LAT/LON1/LON2/DLON/H
  144  147  151  156  162  169  177  185  192  199  206  211  216  219  222  224
  226  227  229  231  234  237  240  243  246  248  250  252  252  252  252  250
  248  244  240  236  231  227  223  220  219  219  222  227  235  245  256  269
  281  293  303  310  314  314  309  300  288  273  256  238  220  203  188  175
  164  156  149  145  142  141  141  142  144
    75.0-180.0 180.0   5.0 450.0                            LAT/LON1/LON2/DLON/H
  132  132  134  137  141  147  154  161  169  177  184  190  195  199  203  205
  208  212  216  220  226  231  237  242  246  249  251  252  252  252  250  247
  243  239  233  227  220  213  207  202  199  198  200  206  215  227  242  259
  277  295  311  323  330  332  328  319  304  285  264  242  221  201  184  170
  159  151  145  141  138  136  134  133  132
    72.5-180.0 180.0   5.0 450.0                            LAT/LON1/LON2/DLON/H
  135  132  130  129  131  134  140  147  154  163  170  177  184  189  193  198
  203  209  217  225  235  244  253  259  264  266  267  265  263  259  255  250
  245  238  231  223  215  206  198  190  185  182  182  186  195  207  224  243
  265  286  306  323  334  338  336  326  310  289  265  241  218  199  183  171
  163  158  155  152  150  146  143  139  135
    70.0-180.0 180.0   5.0 450.0                            LAT/LON1/LON2/DLON/H
  146  140  135  132  131  133  137  143  150  158  167  175  182  189  195  202
  210  220  232  246  261  274  286  294  297  297  293  287  280  273  265  258
  250  242  234  225  215  205  196  187  179  174  172  173  178  187  201  219
  240  263  285  304  318  324  323  314  298  277  253  229  208  191  179  172
  169  169  170  170  169  165  160  153  146
    67.5-180.0 180.0   5.0 450.0                            LAT/LON1/LON2/DLON/H
  158  150  144  140  138  139  142  147  154  163  172  182  190  198  206  215
  226  240  257  276  296  315  329  337  338  334  325  313  300  288  278  268
  259  250  241  231  221  211  201  192  184  176  171  167  167  171  179  191
  208  228  248  267  282  290  290  282  268  248  226  205  188  175  169  168
  171  176  181  185  184  181  174  166  158
    65.0-180.0 180.0   5.0 450.0                            LAT/LON1/LON2/DLON/H
  160  154  149  147  146  148  151  156  163  172  183  194  204  213  222  232
  245  262  283  307  332  354  370  378  378  369  355  338  321  305  293  282
  272  262  252  242  232  222  213  205  197  189  181  174  167  163  162  166
  175  188  203  219  233  241  243  237  225  208  190  173  160  153  152  157
  165  175  183  188  188  184  177  168  160
    62.5-180.0 180.0   5.0 450.0                            LAT/LON1/LON2/DLON/H
  148  145  145  148  151  155  159  164  172  182  194  207  218  228  237  248
  261  279  303  330  358  383  401  409  407  395  378  359  340  325  312  302
  291  281  269  258  247  238  231  225  218  211  203  192  180  168  158  152
  151  155  163  174  184  192  194  190  181  169  155  142  134  131  134  141
  152  163  171  176  175  170  162  154  148
    60.0-180.0 180.0   5.0 450.0                            LAT/LON1/LON2/DLON/H
  122  124  131  140  148  155  162  168  177  189  203  217  230  241  249  258
  270  287  310  338  366  393  412  422  421  411  395  377  362  349  340  331
  321  308  294  279  267  257  251  248  244  240  233  221  206  189  171  155
  144  138  139  144  150  156  158  156  150  141  131  123  117  116  119  126
  135  144  150  151  148  141  132  125  122
    57.5-180.0 180.0   5.0 450.0                            LAT/LON1/LON2/DLON/H
   88   95  108  123  138  149  157  166  176  191  208  225  239  249  256  263
  272  286  305  330  357  383  404  418  421  417  407  397  388  382  377  371
  360  344  325  305  289  278  273  271  272  271  267  258  243  223  200  177
  159  146  139  138  141  144  145  144  140  135  128  122  117  115  116  118
  122  125  126  123  116  105   95   88   88
    55.0-180.0 180.0   5.0 450.0                            LAT/LON1/LON2/DLON/H
   56   66   83  104  122  137  148  158  171  189  209  229  244  254  259  263
  268  278  293  312  335  359  383  402  414  420  421  421  421  423  423  418
  405  384  358  333  312  298  293  293  297  301  301  296  283  264  240  215
  192  175  164  159  157  158  158  157  155  151  146  141  136  130  126  122
  118  114  108  100   89   76   64   56   56
    52.5-180.0 180.0   5.0 450.0                            LAT/LON1/LON2/DLON/H
   37   46   64   86  107  123  136  149  165  187  211  233  249  257  259  261
  263  270  279  292  309  331  356  383  408  427  441  452  461  468  471  466
  449  422  389  357  332  316  311  313  319  326  330  330  322  306  284  259
  236  217  204  197  193  191  189  188  186  184  180  175  167  158  148  136
  125  114  103   92   79   64   49   39   37
    50.0-180.0 180.0   5.0 450.0                            LAT/LON1/LON2/DLON/H
   37   42   56   77   97  114  128  143  163  189  217  240  254  259  259  260
  262  268  274  281  291  309  336  371  409  442  469  488  502  511  513  505
  483  450  412  376  348  332  327  329  337  345  353  356  352  340  321  298
  277  260  248  240  234  230  227  225  223  221  218  212  203  190  175  158
  141  126  113  101   88   74   57   44   37
    47.5-180.0 180.0   5.0 450.0                            LAT/LON1/LON2/DLON/H
   59   56   64   79   97  112  127  144  169  199  229  251  262  263  261  262
  268  276  282  285  289  302  331  373  422  467  502  525  538  543  541  528
  502  466  427  391  364  350  345  347  354  362  371  375  373  362  345  325
  307  292  281  273  267  261  256  253  251  250  247  240  230  216  199  180
  161  145  134  125  116  104   88   71   59
    45.0-180.0 180.0   5.0 450.0                            LAT/LON1/LON2/DLON/H
   95   84   85   93  106  119  134  155  184  217  248  268  273  269  265  269
  283  298  308  309  308  316  342  389  446  499  536  556  562  560  551  534
  508  475  439  408  386  374  370  371  375  380  386  389  385  373  356  337
  320  307  298  290  282  274  268  265  263  262  258  252  243  230  214  196
  179  166  159  156  154  147  133  114   95
    42.5-180.0 180.0   5.0 450.0                            LAT/LON1/LON2/DLON/H
  137  120  112  115  123  134  150  173  205  242  273  289  289  279  273  283
  306  334  352  354  347  348  370  417  476  531  565  577  573  561  547  532
  511  487  460  438  422  413  408  406  404  404  405  402  394  378  358  338
  322  310  301  292  282  272  264  260  258  257  253  247  239  228  216  203
  191  183  181  185  190  189  179  160  137
    40.0-180.0 180.0   5.0 450.0                            LAT/LON1/LON2/DLON/H
  173  152  139  137  142  153  169  195  231  270  301  314  308  294  288  304
  339  381  409  414  403  395  409  450  507  557  585  588  574  556  543  535
  528  518  506  494  483  474  465  456  446  439  431  422  407  386  363  341
  325  314  304  293  279  265  255  250  247  244  240  233  226  218  211  203
  196  193  195  204  214  220  214  197  173
    37.5-180.0 180.0   5.0 450.0                            LAT/LON1/LON2/DLON/H
  194  173  159  154  158  168  186  215  254  295  327  339  331  316  312  334
  382  436  475  484  469  451  453  483  532  576  597  593  575  559  556  564
  577  586  589  585  575  560  542  521  502  485  470  453  432  407  382  361
  346  336  325  310  291  273  260  252  246  240  232  223  216  210  206  203
  200  198  201  210  223  231  230  216  194
    35.0-180.0 180.0   5.0 450.0                            LAT/LON1/LON2/DLON/H
  198  179  166  162  166  177  198  229  270  315  350  365  360  348  348  377
  434  499  546  558  537  508  495  512  550  588  607  603  591  587  602  633
  670  699  715  713  697  669  635  600  569  543  521  499  475  449  425  409
  399  391  380  362  338  314  296  283  272  260  247  234  223  217  214  211
  208  204  204  208  216  224  225  216  198
    32.5-180.0 180.0   5.0 450.0                            LAT/LON1/LON2/DLON/H
  186  171  161  159  165  178  200  235  279  327  368  391  395  391  399  433
  495  566  618  630  604  562  534  537  566  601  623  630  634  652  691  749
  808  854  875  869  838  791  737  685  642  608  581  557  533  512  496  488
  487  485  476  455  426  396  371  352  334  314  293  274  259  249  242  236
  228  218  209  203  203  205  206  199  186
    30.0-180.0 180.0   5.0 450.0                            LAT/LON1/LON2/DLON/H
  166  156  149  149  156  171  197  233  281  333  381  416  435  445  463  501
  564  635  686  697  665  612  571  562  585  623  657  683  711  756  822  902
  979 1032 1051 1032  982  911  836  769  715  676  646  623  604  591  586  591
  602  609  603  582  549  514  483  455  428  399  370  345  324  308  294  279
  262  243  223  204  191  184  181  175  166
    27.5-180.0 180.0   5.0 450.0                            LAT/LON1/LON2/DLON/H
  149  141  136  136  144  161  190  229  280  336  392  442  479  507  536  578
  638  704  750  757  719  659  609  594  616  662  714  765  820  891  978 1072
 1154 1206 1214 1178 1106 1014  921  842  782  740  711  690  677  674  682  701
  724  741  741  722  688  649  612  577  541  503  468  437  412  388  363  337
  310  280  248  215  189  171  162  155  149
    25.0-180.0 180.0   5.0 450.0                            LAT/LON1/LON2/DLON/H
  140  133  128  127  135  154  185  228  280  340  404  467  524  571  612  657
  712  769  808  809  768  705  652  637  665  724  796  870  948 1036 1133 1227
 1303 1342 1335 1281 1192 1086  984  900  840  799  770  752  744  749  766  794
  827  851  858  843  811  772  732  691  648  604  565  533  505  474  439  401
  362  323  281  238  199  171  155  146  140
    22.5-180.0 180.0   5.0 450.0                            LAT/LON1/LON2/DLON/H
  144  137  129  126  133  152  187  233  287  348  417  491  565  629  682  730
  779  828  858  854  813  752  704  696  734  806  894  985 1076 1167 1258 1338
 1395 1415 1391 1325 1228 1120 1020  942  887  849  822  804  796  802  821  850
  885  914  926  917  890  853  813  771  726  681  643  613  585  550  506  456
  408  363  315  266  221  186  164  152  144
    20.0-180.0 180.0   5.0 450.0                            LAT/LON1/LON2/DLON/H
  161  151  140  134  138  159  197  247  302  363  432  512  597  675  738  789
  836  877  901  894  855  801  764  768  818  902  999 1093 1181 1260 1330 1384
 1415 1414 1378 1309 1217 1120 1035  971  927  894  866  843  829  827  836  856
  884  911  927  924  904  874  839  800  758  717  685  661  637  600  549  492
  439  391  344  294  247  209  184  171  161
    17.5-180.0 180.0   5.0 450.0                            LAT/LON1/LON2/DLON/H
  184  172  158  148  151  173  214  267  324  383  449  529  618  704  775  831
  877  915  936  929  895  853  831  849  910  998 1093 1177 1246 1300 1339 1361
 1365 1348 1308 1247 1172 1098 1036  992  961  933  902  871  844  824  812  813
  826  846  863  867  854  832  806  776  742  710  687  672  653  617  563  502
  447  401  358  314  270  235  211  196  184
    15.0-180.0 180.0   5.0 450.0                            LAT/LON1/LON2/DLON/H
  209  194  178  166  167  190  234  291  349  405  467  542  629  716  792  854
  904  944  965  960  934  905  899  932  999 1084 1164 1226 1266 1287 1292 1285
 1269 1243 1209 1165 1115 1070 1035 1013  995  970  934  890  845  801  762  736
  729  740  756  765  761  748  732  714  692  672  658  650  636  602  548  487
  434  393  358  322  286  256  235  222  209
    12.5-180.0 180.0   5.0 450.0                            LAT/LON1/LON2/DLON/H
  230  214  196  182  182  205  252  312  372  427  482  550  631  716  794  862
  919  964  989  989  971  956  964 1007 1075 1147 1205 1237 1244 1233 1212 1186
 1161 1138 1116 1094 1071 1052 1042 1038 1028 1003  960  903  839  770  703  650
  624  626  643  656  657  652  646  641  633  623  616  611  597  564  512  454
  406  373  346  319  293  270  255  243  230
    10.0-180.0 180.0   5.0 450.0                            LAT/LON1/LON2/DLON/H
  244  227  208  193  192  214  262  326  389  444  496  556  630  710  788  861
  926  979 1011 1016 1006 1002 1021 1068 1130 1184 1214 1217 1196 1164 1129 1099
 1077 1066 1061 1059 1057 1057 1061 1065 1059 1031  981  912  832  744  656  583
  545  543  561  578  583  581  582  587  589  586  580  572  554  519  469  417
  376  349  330  311  293  279  268  258  244
     7.5-180.0 180.0   5.0 450.0                            LAT/LON1/LON2/DLON/H
  253  235  216  200  196  217  265  331  398  455  506  563  630  704  782  858
  931  991 1029 1041 1038 1042 1067 1112 1161 1194 1200 1179 1143 1104 1072 1053
 1046 1052 1062 1072 1079 1083 1089 1091 1081 1048  992  917  830  733  635  556
  516  518  542  562  566  563  565  574  582  580  568  549  521  480  432  386
  353  333  318  305  293  284  277  268  253
     5.0-180.0 180.0   5.0 450.0                            LAT/LON1/LON2/DLON/H
  260  240  220  203  197  214  260  328  399  461  515  571  635  705  780  858
  935 1002 1045 1062 1066 1074 1100 1138 1172 1185 1172 1140 1103 1073 1059 1061
 1076 1097 1117 1127 1128 1123 1117 1108 1089 1051  991  917  832  739  647  577
  548  561  594  616  616  606  602  610  616  608  584  549  505  458  410  371
  346  330  317  306  297  292  287  276  260
     2.5-180.0 180.0   5.0 450.0                            LAT/LON1/LON2/DLON/H
  267  246  225  206  197  210  253  321  396  464  524  583  646  715  787  864
  941 1009 1056 1079 1087 1099 1121 1148 1166 1164 1143 1113 1089 1081 1093 1120
 1153 1184 1203 1203 1185 1159 1133 1108 1078 1034  976  908  834  757  686  638
  630  660  702  725  717  696  681  680  679  661  621  567  508  452  405  372
  353  340  327  316  308  304  299  286  267
