ionex_files/COD0OPSFIN_20250870000_01D_01H_GIM.INX
     1.0            IONOSPHERE MAPS     GNSS                IONEX VERSION / TYPE
ADDNEQ2 V5.5        AIUB                02-APR-25 21:41     PGM / RUN BY / DATE 
CODE'S GLOBAL IONOSPHERE MAPS FOR DAY 087, 2025             COMMENT             
Global ionosphere maps (GIM) are generated on a daily basis DESCRIPTION         
at CODE using data from about 300 GNSS sites of the IGS and DESCRIPTION         
other institutions. The vertical total electron content     DESCRIPTION         
(VTEC) is modeled in a solar-geomagnetic reference frame    DESCRIPTION         
using a spherical harmonics expansion up to degree and      DESCRIPTION         
order 15. Piece-wise linear functions are used for          DESCRIPTION         
representation in the time domain. The time spacing of      DESCRIPTION         
their vertices is 1 hour, conforming with the epochs of the DESCRIPTION         
VTEC maps.                                                  DESCRIPTION         
To convert line-of-sight TEC into vertical TEC, a modified  DESCRIPTION         
single-layer model mapping function approximating the JPL   DESCRIPTION         
extended slab model mapping function is adopted. The        DESCRIPTION         
mapping function is evaluated at geodetic satellite         DESCRIPTION         
elevation angles. For the computation of the ionospheric    DESCRIPTION         
pierce points, a spherical layer with a radius of 6821 km   DESCRIPTION         
is assumed, implying geocentric, not geodetic IONEX         DESCRIPTION         
latitudes.                                                  DESCRIPTION         
Instrumental biases with respect to each involved GNSS code DESCRIPTION         
observable are estimated as constant values for each        DESCRIPTION         
day. They are modeled with one set of bias parameters for   DESCRIPTION         
each satellite and each station in case of GPS and for each DESCRIPTION         
satellite-station link in case of GLONASS. The code bias    DESCRIPTION         
datum is defined by zero-mean conditions imposed on the     DESCRIPTION         
satellite bias estimates. In this file, just GPS C1W-C2W    DESCRIPTION         
satellite and station bias values are included. The         DESCRIPTION         
complete set of GNSS code bias results is provided in an    DESCRIPTION         
additional Bias-SINEX file as pseudo-absolute values        DESCRIPTION         
specific to each observable.                                DESCRIPTION         
Note: These GIM results correspond to the results for the   DESCRIPTION         
middle day of a 3-day combination analysis solving for 73   DESCRIPTION         
times 256, or 18688 VTEC parameters and 3 daily sets of     DESCRIPTION         
GNSS code bias parameters.                                  DESCRIPTION         
Contact address: code(at)aiub.unibe.ch                      DESCRIPTION         
Data archive:    ftp.aiub.unibe.ch/CODE/                    DESCRIPTION         
                 www.aiub.unibe.ch/download/CODE/           DESCRIPTION         
  2025     3    28     0     0     0                        EPOCH OF FIRST MAP  
  2025     3    29     0     0     0                        EPOCH OF LAST MAP   
  3600                                                      INTERVAL            
[...]
abpo adis albh algo alic amu2 areg areq ascg aspa auck azgb COMMENT             
badg bake bako barh bjfs bndy boav bogo bogt bor1 braz brft COMMENT             
brst brux cags cas1 ccj2 cedu chpg chti chur ckis coco cord COMMENT             
cpvg cpxf cro1 daej darw dav1 dgar dhlg drao dubo ebre faa1 COMMENT             
fair flin flrs func ganp glps glsv gode gol2 gold gope gras COMMENT             
graz guam guug harb hers hert hlfx hnpt hob2 hofn holb hrao COMMENT             
hyde iddr ieng iisc impz ineg invk iqal irkj jog2 joz2 karr COMMENT             
kerg kir0 kiri kiru kit3 kokb kokv koug kour krgg lama laut COMMENT             
lmmf lpal lpgs mac1 madr mal2 mana mas1 mat1 mate maui maw1 COMMENT             
mcil mcm4 mdo1 medi mgue mizu mkea mnls mobs morp mqzg mro1 COMMENT             
mtka nano naur nico nist nium nklg nlib nnor not1 nrc1 ntus COMMENT             
nya1 nyal onsa opmt ous2 pado park penc pert pie1 pimo pohn COMMENT             
pol2 pots pove ptbb ptvl qaq1 quin rabt ramo reun reyk rgdg COMMENT             
rio2 roth salu samo sant savo sch2 scor scrz sctb scub seyg COMMENT             
sfer spt0 ssia sthl stjo stk2 str2 suth sutm sydn syog tash COMMENT             
thtg thti thu2 tid1 tidb tlse tn22 tong tow2 tro1 tskb txes COMMENT             
uclu ufpr ulab unb3 unbj unsa urum usn7 usud vald vill vtsp COMMENT             
wab1 wab2 whit will wind wsrt wtza wtzr wtzs wtzz wuhn xmis COMMENT             
yar2 yar3 yarr yell ykro zeck zim2 zim3 zimm                COMMENT             
                                                            END OF HEADER       
[from data line 429]
     2                                                      START OF TEC MAP    
  2025     3    28     1     0     0                        EPOCH OF CURRENT MAP
    87.5-180.0 180.0   5.0 450.0                            LAT/LON1/LON2/DLON/H
  230  231  232  232  233  233  233  233  232  232  231  229  228  226  224  222
  220  217  214  211  208  205  201  198  195  191  188  185  183  180  178  176
  174  173  171  171  170  170  170  171  172  173  174  175  177  179  181  183
  185  187  189  191  194  196  198  200  203  205  207  209  211  213  215  217
  219  221  223  224  226  227  228  229  230
    85.0-180.0 180.0   5.0 450.0                            LAT/LON1/LON2/DLON/H
  248  250  252  254  256  258  259  260  261  261  261  260  258  256  253  249
  245  240  235  229  222  216  209  201  194  187  180  174  167  162  157  152
  149  146  144  143  143  144  145  147  149  152  155  159  162  165  169  172
  176  179  182  186  189  192  196  199  203  206  210  213  216  220  223  226
  229  232  234  237  239  242  244  246  248
    82.5-180.0 180.0   5.0 450.0                            LAT/LON1/LON2/DLON/H
  255  258  261  265  269  273  276  280  283  285  287  287  287  285  282  278
  273  267  260  252  244  235  225  215  205  194  184  174  164  155  147  140
  135  131  129  128  128  130  133  137  141  146  151  155  160  163  167  170
  172  175  177  179  182  185  188  191  195  200  204  209  214  219  223  228
  232  235  239  241  244  247  249  252  255
    80.0-180.0 180.0   5.0 450.0                            LAT/LON1/LON2/DLON/H
  254  257  261  266  272  278  284  291  297  302  305  307  308  306  304  299
  294  288  281  274  265  257  247  237  226  214  202  190  177  165  155  145
  138  132  129  128  129  132  137  142  148  154  159  164  167  169  170  170
  169  168  167  166  166  166  169  172  177  182  189  196  204  211  218  224
  230  234  238  242  244  247  249  251  254
    77.5-180.0 180.0   5.0 450.0                            LAT/LON1/LON2/DLON/H
  251  254  258  263  270  278  287  296  304  311  316  318  319  316  312  307
  301  295  289  285  280  275  269  263  254  244  233  219  205  191  177  165
  155  147  143  141  142  146  151  158  165  171  176  179  179  178  174  168
  162  155  148  142  138  137  138  141  148  156  166  177  188  199  210  219
  227  234  239  243  245  247  248  250  251
    75.0-180.0 180.0   5.0 450.0                            LAT/LON1/LON2/DLON/H
  254  255  257  261  268  277  287  298  308  316  321  323  320  314  306  297
  289  283  280  279  281  283  285  285  283  277  267  255  240  224  208  192
  179  169  162  159  160  163  169  175  182  187  190  191  188  181  172  160
  147  133  121  110  103   99  100  105  114  126  140  156  172  187  202  215
  226  235  242  247  250  252  253  253  254
    72.5-180.0 180.0   5.0 450.0                            LAT/LON1/LON2/DLON/H
  263  262  262  264  270  278  289  301  313  322  326  324  316  303  288  273
  261  254  252  257  266  277  288  297  302  301  295  284  269  251  233  215
  199  186  178  173  172  174  179  185  190  194  195  193  186  175  161  144
  125  107   90   76   67   63   65   72   85  101  120  140  160  179  197  213
  226  238  247  254  259  262  263  263  263
    70.0-180.0 180.0   5.0 450.0                            LAT/LON1/LON2/DLON/H
  276  274  271  271  273  281  292  306  319  330  333  328  313  292  268  244
  225  215  214  223  239  258  278  294  304  308  304  294  279  260  241  222
  204  190  179  173  170  171  175  179  183  185  184  180  171  158  141  121
  100   80   62   48   39   37   41   52   68   88  111  134  157  177  196  212
  227  239  250  259  267  272  276  277  276
    67.5-180.0 180.0   5.0 450.0                            LAT/LON1/LON2/DLON/H
  288  285  280  276  275  281  292  308  326  339  344  337  318  288  254  220
  194  179  177  188  207  231  255  275  287  291  288  277  262  244  225  206
  189  175  164  157  153  153  155  158  160  161  159  153  144  131  115   97
   78   60   44   33   27   29   37   51   71   93  117  141  163  182  198  212
  224  236  246  257  267  277  284  288  288
    65.0-180.0 180.0   5.0 450.0                            LAT/LON1/LON2/DLON/H
  292  289  283  275  271  273  285  304  328  348  358  353  331  296  254  212
  178  158  152  161  180  203  225  242  251  252  245  234  219  202  186  170
  156  144  135  129  125  124  125  126  127  126  124  118  111  101   89   76
   63   51   41   35   35   41   53   70   91  114  138  159  178  192  204  213
  220  227  236  246  258  270  281  289  292
    62.5-180.0 180.0   5.0 450.0                            LAT/LON1/LON2/DLON/H
  285  284  276  265  257  256  268  291  321  351  370  371  353  317  271  224
  184  159  148  151  164  179  193  201  202  196  186  172  159  146  134  124
  116  108  102   97   94   93   93   94   93   92   89   84   79   73   68   62
   57   54   52   53   59   69   84  103  125  147  168  185  199  208  213  215
  216  217  220  227  239  252  267  279  285
    60.0-180.0 180.0   5.0 450.0                            LAT/LON1/LON2/DLON/H
  269  270  263  249  236  232  242  268  306  345  376  388  378  347  302  255
  213  182  166  160  162  165  165  161  151  137  123  109   98   91   86   83
   81   78   76   73   72   71   71   70   69   66   62   59   56   55   56   58
   62   67   73   81   92  106  123  143  163  183  201  214  224  228  227  223
  217  211  208  209  217  229  244  259  269
    57.5-180.0 180.0   5.0 450.0                            LAT/LON1/LON2/DLON/H
  252  256  250  236  219  210  216  242  284  332  374  398  399  377  340  297
  256  223  200  184  173  161  147  129  109   90   73   61   55   54   56   59
   62   65   65   65   64   64   64   63   60   56   51   47   45   48   54   63
   73   85   98  111  126  143  161  180  198  216  231  243  250  252  249  241
  230  218  208  202  203  211  224  240  252
    55.0-180.0 180.0   5.0 450.0                            LAT/LON1/LON2/DLON/H
  246  253  250  236  216  201  201  223  264  316  366  400  412  403  377  342
  305  272  242  216  192  167  141  113   87   65   49   41   40   44   51   59
   66   71   74   75   75   74   74   72   69   63   56   51   49   52   61   73
   88  104  120  137  154  172  190  208  225  242  256  269  278  282  280  273
  260  244  229  216  209  210  219  232  246
    52.5-180.0 180.0   5.0 450.0                            LAT/LON1/LON2/DLON/H
  260  271  271  259  238  218  209  222  256  305  355  395  417  419  405  380
  350  317  283  249  215  181  148  116   89   69   57   53   55   62   71   80
   88   93   97   98   97   96   95   93   89   83   74   67   64   66   74   87
  103  120  137  155  174  192  210  227  244  260  277  293  307  316  320  317
  307  291  273  256  242  236  237  247  260
    50.0-180.0 180.0   5.0 450.0                            LAT/LON1/LON2/DLON/H
  300  312  318  311  291  266  248  248  269  307  350  389  415  426  423  408
  384  352  316  278  240  203  169  140  115   99   90   89   92   98  104  110
  116  121  124  125  124  123  121  119  114  108   99   90   85   85   91  102
  116  131  148  167  186  205  224  241  258  276  296  318  339  356  368  371
  366  354  338  320  303  290  285  288  300
    47.5-180.0 180.0   5.0 450.0                            LAT/LON1/LON2/DLON/H
  361  375  386  385  370  343  317  303  307  328  358  389  414  429  434  426
  406  376  340  302  266  233  204  179  159  145  137  134  134  134  134  135
  138  142  146  148  147  144  142  140  137  131  123  114  108  106  110  117
  127  140  155  174  195  216  236  255  274  294  318  346  374  399  418  428
  430  424  414  400  383  367  356  353  361
    45.0-180.0 180.0   5.0 450.0                            LAT/LON1/LON2/DLON/H
  435  449  464  472  463  439  408  381  367  368  381  400  420  435  442  438
  420  391  357  323  294  270  248  228  208  192  181  171  163  154  145  141
  142  148  156  160  160  157  154  153  151  148  142  136  130  127  128  132
  138  147  162  182  206  231  254  275  296  319  347  379  413  443  467  482
  489  490  488  481  471  456  441  432  435
    42.5-180.0 180.0   5.0 450.0                            LAT/LON1/LON2/DLON/H
  510  521  540  554  554  535  504  469  441  424  420  426  437  448  454  449
  431  402  371  345  326  312  296  276  252  228  206  187  168  149  134  126
  129  141  155  164  166  163  160  158  159  159  158  154  150  148  147  147
  149  156  170  193  221  251  278  302  325  351  382  416  452  484  510  528
  538  544  550  553  552  542  527  513  510
    40.0-180.0 180.0   5.0 450.0                            LAT/LON1/LON2/DLON/H
  577  583  601  619  626  615  588  552  515  487  469  463  466  472  474  464
  442  412  385  367  359  354  341  315  280  243  208  178  150  125  106   99
  108  128  151  167  172  169  163  162  164  168  171  171  170  168  166  163
  162  167  181  207  240  275  307  335  361  388  419  453  488  520  545  563
  574  584  595  609  618  616  603  586  577
    37.5-180.0 180.0   5.0 450.0                            LAT/LON1/LON2/DLON/H
  633  632  645  662  673  668  648  616  579  545  520  507  504  504  499  482
  453  421  397  387  388  388  373  338  289  238  192  155  123   96   79   77
   95  127  159  181  187  182  174  170  173  179  185  188  189  187  184  178
  174  177  192  221  259  299  335  366  395  423  454  486  518  548  573  590
  601  612  628  649  667  674  666  648  633
    35.0-180.0 180.0   5.0 450.0                            LAT/LON1/LON2/DLON/H
  687  677  680  689  697  695  681  656  624  592  566  550  543  538  525  499
  463  427  404  398  404  405  385  341  282  223  174  137  109   86   75   83
  111  152  191  216  220  210  197  189  190  196  202  206  207  205  199  191
  183  183  199  230  271  315  355  389  421  451  481  510  540  569  595  614
  627  638  656  681  707  723  721  705  687
    32.5-180.0 180.0   5.0 450.0                            LAT/LON1/LON2/DLON/H
  749  733  722  716  712  706  695  677  653  626  604  589  580  570  549  514
  469  427  401  395  400  399  376  329  271  216  176  149  130  117  115  130
  165  211  252  274  272  254  233  219  215  218  222  224  223  219  210  197
  185  183  198  230  273  319  361  399  434  467  497  525  553  584  616  642
  659  673  691  718  749  772  778  768  749
    30.0-180.0 180.0   5.0 450.0                            LAT/LON1/LON2/DLON/H
  835  814  789  763  739  721  706  692  674  654  635  623  612  597  569  525
  472  422  388  376  376  372  351  313  270  236  217  208  203  199  203  223
  259  303  337  350  337  308  278  255  245  242  242  240  235  227  213  196
  180  175  188  219  262  308  353  395  435  472  504  532  561  597  639  677
  704  722  741  768  801  831  847  847  835
    27.5-180.0 180.0   5.0 450.0                            LAT/LON1/LON2/DLON/H
  948  930  894  845  796  757  733  717  701  684  669  656  643  623  589  538
  478  419  374  349  340  335  324  308  296  296  306  318  324  325  330  348
  378  411  432  430  403  362  321  290  273  263  257  250  241  228  209  187
  167  159  170  200  242  288  334  380  425  468  504  534  568  612  666  719
  760  786  807  834  870  906  934  949  948
    25.0-180.0 180.0   5.0 450.0                            LAT/LON1/LON2/DLON/H
 1085 1076 1034  965  890  828  789  765  747  730  713  698  681  656  618  565
  500  432  372  332  312  308  315  332  361  400  439  465  474  472  471  479
  497  514  516  496  455  403  353  315  291  276  265  253  239  222  199  173
  150  140  150  178  218  264  312  362  413  462  503  538  577  631  698  767
  821  857  883  912  950  993 1034 1068 1085
    22.5-180.0 180.0   5.0 450.0                            LAT/LON1/LON2/DLON/H
 1227 1234 1194 1113 1017  933  877  843  819  797  776  756  734  707  670  619
  554  478  404  346  316  315  344  396  466  538  594  623  622  607  592  587
  588  586  570  535  482  422  367  325  297  278  263  249  232  212  186  158
  133  123  132  160  199  245  295  349  406  461  508  548  593  654  731  812
  878  924  956  989 1029 1078 1133 1187 1227
    20.0-180.0 180.0   5.0 450.0                            LAT/LON1/LON2/DLON/H
 1346 1374 1345 1263 1157 1059  990  946  914  887  860  835  809  782  751  710
  651  573  487  413  373  377  424  505  600  687  742  754  732  696  665  645
  631  613  582  536  479  417  362  320  291  271  256  241  224  202  175  145
  120  111  121  150  190  237  289  346  408  468  521  567  616  681  763  848
  920  972 1011 1048 1092 1145 1210 1283 1346
    17.5-180.0 180.0   5.0 450.0                            LAT/LON1/LON2/DLON/H
 1416 1467 1457 1386 1283 1183 1109 1059 1022  990  959  931  905  884  866  841
  795  720  626  541  494  501  558  648  744  818  848  829  777  720  674  644
  620  591  553  504  449  393  343  305  279  262  248  234  217  195  167  137
  113  106  119  150  193  242  297  357  421  484  541  591  645  711  790  872
  943  996 1038 1079 1125 1179 1249 1333 1416
    15.0-180.0 180.0   5.0 450.0                            LAT/LON1/LON2/DLON/H
 1420 1490 1504 1456 1371 1283 1213 1164 1126 1093 1062 1035 1013 1002 1002 1000
  973  906  812  723  673  678  729  803  870  903  887  827  748  675  626  593
  566  533  495  452  407  362  322  291  271  256  245  232  216  194  165  135
  112  108  124  159  205  257  315  376  441  505  563  618  674  738  811  883
  945  994 1036 1078 1122 1172 1238 1325 1420
    12.5-180.0 180.0   5.0 450.0                            LAT/LON1/LON2/DLON/H
 1357 1440 1478 1461 1406 1341 1286 1243 1208 1179 1153 1131 1117 1121 1142 1164
 1158 1105 1016  930  881  879  909  941  950  920  849  752  656  585  543  518
  493  462  429  397  366  336  308  286  271  260  250  237  221  197  167  136
  115  113  132  169  219  276  337  399  462  523  582  640  698  761  825  884
  933  974 1012 1051 1089 1130 1183 1262 1357
    10.0-180.0 180.0   5.0 450.0                            LAT/LON1/LON2/DLON/H
 1249 1334 1392 1407 1389 1356 1321 1288 1260 1237 1219 1205 1200 1217 1258 1302
 1315 1276 1198 1121 1077 1064 1058 1030  965  866  745  626  535  483  462  451
  432  404  377  357  341  324  307  293  283  273  262  247  227  201  169  137
  117  116  137  177  230  291  354  417  476  534  592  652  713  774  831  879
  916  948  981 1014 1043 1069 1104 1164 1249
     7.5-180.0 180.0   5.0 450.0                            LAT/LON1/LON2/DLON/H
 1129 1207 1275 1319 1337 1336 1322 1301 1279 1262 1252 1244 1247 1273 1326 1385
 1410 1380 1314 1250 1213 1188 1142 1048  910  751  602  489  426  411  419  423
  406  378  354  342  336  329  319  310  302  291  276  256  232  202  168  135
  114  114  136  176  231  295  362  424  480  533  589  650  714  776  831  874
  905  931  957  983 1002 1013 1028 1065 1129
     5.0-180.0 180.0   5.0 450.0                            LAT/LON1/LON2/DLON/H
 1039 1099 1168 1230 1278 1304 1307 1292 1273 1260 1253 1248 1251 1278 1333 1393
 1418 1391 1333 1282 1254 1220 1137  989  797  606  460  381  368  398  436  448
  427  391  362  351  349  346  338  329  319  306  285  258  228  195  160  127
  106  105  127  167  222  288  356  418  471  520  572  633  700  766  824  870
  903  929  952  973  984  985  985  999 1039
     2.5-180.0 180.0   5.0 450.0                            LAT/LON1/LON2/DLON/H
 1008 1046 1104 1173 1238 1281 1292 1277 1256 1242 1234 1224 1219 1236 1280 1326
 1338 1302 1244 1204 1185 1148 1044  865  652  468  359  337  384  457  514  523
  487  434  393  376  370  363  351  339  326  307  279  246  212  179  144  113
   93   92  112  150  204  270  339  401  451  496  545  605  673  743  809  865
  908  941  967  987  998  998  993  992 1008
