ionex_files/COD0OPSFIN_20250730000_01D_01H_GIM.INX
     1.0            IONOSPHERE MAPS     GNSS                IONEX VERSION / TYPE
ADDNEQ2 V5.5        AIUB                18-MAR-25 19:04     PGM / RUN BY / DATE 
CODE'S GLOBAL IONOSPHERE MAPS FOR DAY 073, 2025             COMMENT             
Global ionosphere maps (GIM) are generated on a daily basis DESCRIPTION         
at CODE using data from about 300 GNSS sites of the IGS and DESCRIPTION         
other institutions. The vertical total electron content     DESCRIPTION         
(VTEC) is modeled in a solar-geomagnetic reference frame    DESCRIPTION         
using a spherical harmonics expansion up to degree and      DESCRIPTION         
order 15. Piece-wise linear functions are used for          DESCRIPTION         
representation in the time domain. The time spacing of      DESCRIPTION         
their vertices is 1 hour, conforming with the epochs of the DESCRIPTION         
VTEC maps.                                                  DESCRIPTION         
To convert line-of-sight TEC into vertical TEC, a modified  DESCRIPTION         
single-layer model mapping function approximating the JPL   DESCRIPTION         
extended slab model mapping function is adopted. The        DESCRIPTION         
mapping function is evaluated at geodetic satellite         DESCRIPTION         
elevation angles. For the computation of the ionospheric    DESCRIPTION         
pierce points, a spherical layer with a radius of 6821 km   DESCRIPTION         
is assumed, implying geocentric, not geodetic IONEX         DESCRIPTION         
latitudes.                                                  DESCRIPTION         
Instrumental biases with respect to each involved GNSS code DESCRIPTION         
observable are estimated as constant values for each        DESCRIPTION         
day. They are modeled with one set of bias parameters for   DESCRIPTION         
each satellite and each station in case of GPS and for each DESCRIPTION         
satellite-station link in case of GLONASS. The code bias    DESCRIPTION         
datum is defined by zero-mean conditions imposed on the     DESCRIPTION         
satellite bias estimates. In this file, just GPS C1W-C2W    DESCRIPTION         
satellite and station bias values are included. The         DESCRIPTION         
complete set of GNSS code bias results is provided in an    DESCRIPTION         
additional Bias-SINEX file as pseudo-absolute values        DESCRIPTION         
specific to each observable.                                DESCRIPTION         
Note: These GIM results correspond to the results for the   DESCRIPTION         
middle day of a 3-day combination analysis solving for 73   DESCRIPTION         
times 256, or 18688 VTEC parameters and 3 daily sets of     DESCRIPTION         
GNSS code bias parameters.                                  DESCRIPTION         
Contact address: code(at)aiub.unibe.ch                      DESCRIPTION         
Data archive:    ftp.aiub.unibe.ch/CODE/                    DESCRIPTION         
                 www.aiub.unibe.ch/download/CODE/           DESCRIPTION         
  2025     3    14     0     0     0                        EPOCH OF FIRST MAP  
  2025     3    15     0     0     0                        EPOCH OF LAST MAP   
  3600                                                      INTERVAL            
[...]
azgb badg bake barh bjfs bndy boav bogo bogt bor1 braz brft COMMENT             
brst brux cags cas1 ccj2 cedu chpg chti chur ckis coco cord COMMENT             
cpvg cpxf cro1 daej darw dav1 dgar dhlg drao dubo ebre faa1 COMMENT             
fair flin flrs frdn func ganp glps glsv gode gol2 gold gope COMMENT             
gras graz guam guug harb hers hert hlfx hnpt hob2 hofn holb COMMENT             
hrao iddr ieng iisc impz ineg invk iqal irkj jog2 joz2 karr COMMENT             
kerg kir0 kiri kiru kit3 kokb kokv koug kour krgg lama laut COMMENT             
lmmf lpal lpgs mac1 madr mal2 mana mas1 mat1 mate maui maw1 COMMENT             
mcil mcm4 mdo1 medi mgue mizu mkea mnls mobs monp morp mqzg COMMENT             
mro1 mtka nano naur nico nist nium nklg nlib nnor nrc1 ntus COMMENT             
nya1 nyal onsa opmt ous2 pado parc park pdel penc pert pie1 COMMENT             
pimo pohn pol2 polv pots pove ptag ptbb ptvl qaq1 quin rabt COMMENT             
ramo reun reyk rgdg rio2 roth salu samo sant savo sch2 scor COMMENT             
scrz sctb scub seyg sfer spt0 ssia sthl stjo stk2 str2 suth COMMENT             
sutm suwn sydn syog tash thtg thti thu2 tid1 tidb tlse tn22 COMMENT             
tong tow2 tro1 tskb twtf txes uclu ufpr ulab unb3 unbj unsa COMMENT             
urum usn7 usud vald vill vtsp wab1 wab2 wark wgtn whit will COMMENT             
wind wtza wtzr wtzs wtzz wuhn xmis yar2 yar3 yarr yell ykro COMMENT             
zeck zim2 zim3 zimm                                         COMMENT             
                                                            END OF HEADER       
[from data line 5577]
    14                                                      START OF TEC MAP    
  2025     3    14    13     0     0                        EPOCH OF CURRENT MAP
    87.5-180.0 180.0   5.0 450.0                            LAT/LON1/LON2/DLON/H
  200  200  200  200  201  201  201  202  202  203  203  204  204  204  204  204
  204  204  204  203  203  202  201  200  200  198  197  196  195  194  192  191
  190  188  187  186  185  184  183  183  182  182  182  182  183  183  184  185
  186  187  189  190  191  193  194  195  196  197  198  199  199  200  200  200
  200  200  200  200  200  200  200  200  200
    85.0-180.0 180.0   5.0 450.0                            LAT/LON1/LON2/DLON/H
  187  186  186  187  188  189  191  193  195  196  198  200  202  203  204  205
  205  205  205  205  205  204  203  202  201  200  198  197  195  192  190  187
  184  182  179  176  173  170  168  166  165  164  164  165  166  168  170  173
  177  181  185  190  194  198  202  206  208  210  212  212  212  211  210  207
  205  202  199  197  194  191  189  188  187
    82.5-180.0 180.0   5.0 450.0                            LAT/LON1/LON2/DLON/H
  158  157  156  157  160  163  166  170  175  179  182  186  189  191  193  194
  196  196  197  198  198  199  199  199  200  200  200  199  198  196  194  191
  188  184  180  176  171  166  162  158  155  153  152  153  155  158  163  169
  176  184  193  202  210  218  226  232  236  239  240  239  237  233  227  220
  212  204  195  187  179  172  166  162  158
    80.0-180.0 180.0   5.0 450.0                            LAT/LON1/LON2/DLON/H
  122  119  118  119  123  128  134  141  148  154  160  165  168  171  173  175
  176  177  179  180  182  185  188  192  195  199  202  205  206  207  207  206
  203  200  195  190  184  178  171  165  160  157  154  154  156  160  167  175
  186  198  212  225  239  251  262  271  277  280  280  277  271  263  251  238
  223  207  191  176  161  148  137  128  122
    77.5-180.0 180.0   5.0 450.0                            LAT/LON1/LON2/DLON/H
   88   83   81   83   88   95  104  113  122  130  136  142  145  148  149  150
  151  153  155  158  163  168  175  183  191  199  207  214  219  224  227  228
  228  225  222  217  210  203  196  189  182  176  172  170  171  175  182  193
  206  221  238  256  273  289  303  314  321  324  322  317  307  294  277  258
  237  214  191  169  147  128  111   98   88
    75.0-180.0 180.0   5.0 450.0                            LAT/LON1/LON2/DLON/H
   68   61   58   60   65   74   83   94  103  111  118  123  125  127  127  127
  128  130  133  138  145  155  166  178  190  203  215  226  235  242  248  252
  254  254  252  249  244  238  231  223  216  209  203  199  199  201  207  217
  231  247  266  285  304  322  336  347  354  356  353  345  333  317  297  275
  250  224  197  170  144  120   99   81   68
    72.5-180.0 180.0   5.0 450.0                            LAT/LON1/LON2/DLON/H
   68   58   54   55   60   68   78   87   96  103  108  111  113  113  113  112
  113  115  120  127  137  150  164  180  195  211  225  238  249  258  265  270
  274  277  278  277  275  272  267  261  255  248  241  236  233  233  237  244
  255  270  287  305  323  338  351  360  365  364  359  350  337  321  302  281
  259  234  208  181  154  128  104   84   68
    70.0-180.0 180.0   5.0 450.0                            LAT/LON1/LON2/DLON/H
   87   75   69   68   71   78   86   93  100  104  107  108  108  108  108  108
  109  113  119  128  140  155  171  188  205  221  234  246  256  264  271  278
  283  288  292  295  297  298  297  295  291  286  281  274  269  266  265  268
  274  284  296  310  323  334  343  348  348  344  336  326  314  300  286  271
  256  239  220  198  175  150  126  105   87
    67.5-180.0 180.0   5.0 450.0                            LAT/LON1/LON2/DLON/H
  117  103   95   92   93   97  102  106  109  110  111  110  110  110  111  113
  117  122  130  140  153  168  184  200  215  229  239  248  255  261  267  273
  280  287  294  301  307  312  317  319  320  319  315  309  302  295  289  286
  286  288  294  300  306  311  313  312  307  299  288  277  266  256  249  243
  239  233  225  214  198  178  157  136  117
    65.0-180.0 180.0   5.0 450.0                            LAT/LON1/LON2/DLON/H
  146  131  121  117  116  117  118  119  118  116  114  113  113  115  119  124
  131  138  147  157  169  183  197  210  222  231  237  241  244  249  254  262
  270  280  289  298  308  317  326  334  340  343  343  338  330  319  309  299
  292  287  284  282  280  277  272  264  254  241  227  214  204  198  196  200
  207  214  220  220  214  201  184  164  146
    62.5-180.0 180.0   5.0 450.0                            LAT/LON1/LON2/DLON/H
  162  147  137  131  129  128  127  124  120  115  112  111  113  118  126  135
  144  154  163  173  183  193  204  213  220  224  226  227  229  233  241  251
  264  276  287  298  308  319  331  343  355  363  366  363  354  342  327  312
  298  285  275  265  255  245  234  220  205  188  171  156  144  139  141  151
  166  184  201  212  215  210  197  180  162
    60.0-180.0 180.0   5.0 450.0                            LAT/LON1/LON2/DLON/H
  160  146  136  130  127  126  123  118  112  106  103  103  107  116  127  140
  153  163  172  180  187  195  202  207  211  211  210  210  213  221  235  252
  269  285  298  308  317  327  339  353  368  381  388  387  379  365  347  328
  309  291  275  259  243  227  211  194  176  156  137  119  104   96   96  106
  124  147  171  189  200  200  191  177  160
    57.5-180.0 180.0   5.0 450.0                            LAT/LON1/LON2/DLON/H
  141  127  117  113  111  110  107  102   96   90   88   89   96  107  121  137
  151  163  172  178  182  187  191  194  196  196  195  197  205  220  242  268
  293  313  327  335  339  345  355  370  387  402  412  413  406  391  371  350
  329  309  289  269  250  230  211  192  173  154  133  112   94   80   75   79
   93  114  137  158  171  175  169  156  141
    55.0-180.0 180.0   5.0 450.0                            LAT/LON1/LON2/DLON/H
  111   98   89   86   86   86   84   81   76   72   72   75   82   94  109  125
  141  154  163  168  171  173  177  181  183  184  187  193  207  232  264  300
  333  357  371  375  375  375  381  394  412  429  441  443  436  420  400  379
  358  338  317  296  274  253  232  213  196  178  158  137  115   95   81   75
   79   91  109  126  138  142  137  126  111
    52.5-180.0 180.0   5.0 450.0                            LAT/LON1/LON2/DLON/H
   82   69   62   59   61   63   63   62   60   59   60   64   70   80   93  109
  126  140  150  155  158  161  166  173  179  184  190  202  223  255  296  340
  380  407  421  422  417  412  414  425  442  460  473  475  467  451  430  410
  391  373  354  333  310  287  265  246  230  216  199  180  157  133  111   95
   87   87   94  104  112  114  109   97   82
    50.0-180.0 180.0   5.0 450.0                            LAT/LON1/LON2/DLON/H
   66   53   45   43   46   49   51   52   53   55   58   61   65   70   80   94
  110  126  138  146  151  157  167  178  189  199  209  224  249  286  332  380
  422  451  464  464  457  450  449  459  475  493  505  506  495  478  457  438
  422  407  390  370  346  320  296  276  261  250  239  224  205  182  156  132
  112  100   96   96   99   98   92   81   66
    47.5-180.0 180.0   5.0 450.0                            LAT/LON1/LON2/DLON/H
   68   54   45   43   46   50   53   55   58   62   67   69   68   68   72   83
  100  119  135  146  155  166  181  198  215  229  242  258  282  318  361  407
  448  477  492  493  488  482  482  491  506  523  533  531  518  498  477  459
  446  433  418  398  372  343  315  292  275  266  260  252  241  223  199  173
  148  127  113  106  103  100   94   83   68
    45.0-180.0 180.0   5.0 450.0                            LAT/LON1/LON2/DLON/H
   87   72   62   59   62   65   67   69   73   79   84   85   80   73   71   79
   97  120  141  157  172  188  210  234  255  272  284  297  317  345  380  419
  454  482  499  507  508  507  510  520  535  550  557  552  535  512  489  472
  459  448  434  414  386  352  318  289  268  257  254  254  252  244  229  207
  182  158  138  126  121  118  112  102   87
    42.5-180.0 180.0   5.0 450.0                            LAT/LON1/LON2/DLON/H
  116  101   90   86   88   90   90   90   93   99  106  106   97   85   78   84
  104  131  157  178  198  221  249  278  303  320  330  338  350  367  390  417
  445  472  495  512  524  532  540  550  564  575  579  570  550  524  499  480
  467  456  442  420  390  353  312  275  247  232  228  232  238  241  237  225
  205  183  164  151  145  143  140  131  116
    40.0-180.0 180.0   5.0 450.0                            LAT/LON1/LON2/DLON/H
  147  131  120  116  116  117  114  111  111  117  125  125  114   99   89   95
  118  149  179  205  230  258  291  325  351  367  374  376  380  387  398  414
  435  462  494  524  549  566  578  588  598  605  605  592  569  540  514  493
  478  465  449  428  397  358  313  269  232  208  199  202  211  222  227  225
  214  198  182  170  166  168  168  161  147
    37.5-180.0 180.0   5.0 450.0                            LAT/LON1/LON2/DLON/H
  171  155  143  138  139  138  132  125  122  127  135  137  127  112  102  110
  136  170  204  232  260  293  331  367  393  407  411  410  411  413  416  425
  443  474  515  560  597  622  635  641  646  648  643  627  602  573  545  522
  504  488  470  449  421  384  339  289  244  209  190  186  191  202  211  215
  212  201  189  181  179  184  187  184  171
    35.0-180.0 180.0   5.0 450.0                            LAT/LON1/LON2/DLON/H
  183  167  154  149  150  148  141  130  124  127  136  140  134  121  115  126
  154  191  226  256  286  323  363  400  424  436  440  442  447  451  456  465
  485  522  574  631  678  706  716  715  712  708  699  682  657  628  600  575
  554  534  515  496  473  443  402  352  300  256  224  206  200  201  205  208
  207  199  189  182  182  189  196  194  183
    32.5-180.0 180.0   5.0 450.0                            LAT/LON1/LON2/DLON/H
  184  168  154  148  149  148  139  125  116  118  127  134  132  125  124  139
  171  209  243  273  306  345  387  423  444  455  462  475  492  510  525  541
  569  614  676  741  791  817  819  809  797  787  776  758  734  707  681  656
  632  608  588  572  557  537  505  459  406  353  310  276  253  237  226  219
  212  202  190  181  180  187  195  195  184
    30.0-180.0 180.0   5.0 450.0                            LAT/LON1/LON2/DLON/H
  182  164  148  141  141  139  130  115  104  104  113  123  126  124  129  150
  185  223  256  286  319  360  403  437  456  467  483  511  549  588  621  651
  690  744  812  879  926  943  935  915  895  881  868  851  830  806  782  758
  731  704  683  671  665  656  634  596  546  492  440  393  351  314  284  260
  240  221  202  187  180  184  191  192  182
    27.5-180.0 180.0   5.0 450.0                            LAT/LON1/LON2/DLON/H
  182  163  143  133  131  129  121  106   94   92  101  112  118  122  132  158
  195  233  265  295  330  373  415  446  462  476  504  553  617  681  735  782
  831  891  960 1022 1060 1066 1046 1017  993  978  966  951  932  912  891  867
  839  809  786  776  777  777  765  736  693  643  592  539  484  428  376  333
  296  264  233  207  192  189  193  193  182
    25.0-180.0 180.0   5.0 450.0                            LAT/LON1/LON2/DLON/H
  193  171  147  132  126  123  116  103   91   88   94  104  112  118  133  163
  202  241  274  304  341  385  426  453  468  488  530  601  689  777  851  912
  969 1030 1093 1145 1171 1164 1135 1102 1078 1065 1055 1043 1026 1007  988  965
  936  904  879  869  871  875  867  845  811  772  731  683  625  559  492  432
  379  331  286  246  219  208  206  204  193
    22.5-180.0 180.0   5.0 450.0                            LAT/LON1/LON2/DLON/H
  215  191  163  141  130  125  119  108   97   93   96  103  109  116  133  165
  208  248  283  315  354  398  438  463  478  505  561  652  761  865  951 1019
 1078 1135 1188 1226 1238 1221 1187 1155 1137 1130 1124 1113 1096 1077 1059 1036
 1005  970  942  929  927  927  917  896  871  848  825  794  747  684  613  543
  478  416  357  303  263  241  233  228  215
    20.0-180.0 180.0   5.0 450.0                            LAT/LON1/LON2/DLON/H
  247  221  188  160  143  135  129  121  112  107  107  109  111  116  133  167
  211  255  293  329  370  414  452  475  493  528  599  704  824  934 1022 1088
 1141 1189 1229 1254 1254 1231 1199 1174 1164 1165 1164 1153 1133 1112 1092 1068
 1035  998  967  948  936  923  901  876  857  852  854  850  826  780  717  648
  579  508  437  370  317  284  270  261  247
    17.5-180.0 180.0   5.0 450.0                            LAT/LON1/LON2/DLON/H
  281  254  219  185  162  151  145  139  132  125  122  120  117  118  133  167
  214  263  305  345  388  432  468  491  514  559  641  754  874  978 1056 1112
 1155 1191 1219 1232 1225 1202 1176 1162 1164 1173 1174 1161 1137 1111 1087 1061
 1027  989  954  927  902  869  830  793  777  787  816  845  852  832  788  731
  665  592  514  437  373  331  310  298  281
    15.0-180.0 180.0   5.0 450.0                            LAT/LON1/LON2/DLON/H
  313  285  248  211  183  168  161  156  150  143  138  132  124  121  133  166
  216  269  318  362  407  451  486  511  541  596  685  798  908  995 1056 1097
 1128 1154 1173 1179 1170 1152 1136 1133 1145 1159 1161 1143 1114 1083 1055 1026
  991  953  917  883  842  788  726  675  657  679  732  790  830  839  820  781
  725  656  576  493  423  374  347  331  313
    12.5-180.0 180.0   5.0 450.0                            LAT/LON1/LON2/DLON/H
  336  308  271  232  201  183  174  168  162  155  149  141  131  125  133  166
  218  276  330  379  426  470  506  536  574  637  730  835  927  992 1032 1058
 1080 1100 1115 1120 1115 1104 1097 1103 1121 1137 1136 1114 1079 1043 1011  980
  946  910  875  836  783  710  627  560  537  567  635  714  777  811  815  795
  753  692  615  533  460  408  376  356  336
    10.0-180.0 180.0   5.0 450.0                            LAT/LON1/LON2/DLON/H
  352  323  286  248  215  193  181  174  166  159  154  146  136  128  135  166
  220  283  342  395  444  489  529  565  611  681  771  864  935  977  998 1014
 1032 1052 1069 1079 1081 1077 1078 1088 1105 1118 1112 1085 1046 1008  975  944
  912  880  849  810  750  663  565  487  458  489  562  648  720  766  784  779
  751  700  630  553  483  431  397  374  352
     7.5-180.0 180.0   5.0 450.0                            LAT/LON1/LON2/DLON/H
  363  333  296  258  225  200  184  173  163  155  151  146  138  131  137  169
  224  290  353  409  461  510  554  598  652  724  807  883  933  956  966  979
 1001 1028 1053 1070 1079 1082 1084 1092 1104 1110 1098 1067 1027  990  959  931
  904  878  853  818  757  665  561  478  447  473  540  617  681  723  743  744
  726  685  625  557  494  446  413  388  363
     5.0-180.0 180.0   5.0 450.0                            LAT/LON1/LON2/DLON/H
  375  343  306  268  233  206  186  169  155  147  144  143  139  134  142  174
  230  297  363  421  477  531  584  636  694  763  835  893  925  937  944  963
  995 1033 1067 1093 1108 1113 1113 1114 1117 1113 1095 1062 1025  994  969  947
  925  907  890  861  805  717  616  537  506  526  578  633  673  695  703  702
  687  654  605  549  498  458  428  403  375
     2.5-180.0 180.0   5.0 450.0                            LAT/LON1/LON2/DLON/H
  392  358  319  280  245  214  189  167  148  138  136  138  139  138  148  181
  237  305  371  432  492  553  614  674  734  795  852  893  912  920  934  964
 1009 1058 1101 1133 1151 1155 1149 1141 1134 1122 1100 1068 1037 1014  998  983
  968  956  945  925  877  800  711  643  616  631  663  688  693  684  671  658
  643  617  579  536  498  468  445  421  392
