ionex_files/COD0OPSFIN_20251020000_01D_01H_GIM.INX
     1.0            IONOSPHERE MAPS     GNSS                IONEX VERSION / TYPE
ADDNEQ2 V5.5        AIUB                16-APR-25 19:03     PGM / RUN BY / DATE 
CODE'S GLOBAL IONOSPHERE MAPS FOR DAY 102, 2025             COMMENT             
Global ionosphere maps (GIM) are generated on a daily basis DESCRIPTION         
at CODE using data from about 300 GNSS sites of the IGS and DESCRIPTION         
other institutions. The vertical total electron content     DESCRIPTION         
(VTEC) is modeled in a solar-geomagnetic reference frame    DESCRIPTION         
using a spherical harmonics expansion up to degree and      DESCRIPTION         
order 15. Piece-wise linear functions are used for          DESCRIPTION         
representation in the time domain. The time spacing of      DESCRIPTION         
their vertices is 1 hour, conforming with the epochs of the DESCRIPTION         
VTEC maps.                                                  DESCRIPTION         
To convert line-of-sight TEC into vertical TEC, a modified  DESCRIPTION         
single-layer model mapping function approximating the JPL   DESCRIPTION         
extended slab model mapping function is adopted. The        DESCRIPTION         
mapping function is evaluated at geodetic satellite         DESCRIPTION         
elevation angles. For the computation of the ionospheric    DESCRIPTION         
pierce points, a spherical layer with a radius of 6821 km   DESCRIPTION         
is assumed, implying geocentric, not geodetic IONEX         DESCRIPTION         
latitudes.                                                  DESCRIPTION         
Instrumental biases with respect to each involved GNSS code DESCRIPTION         
observable are estimated as constant values for each        DESCRIPTION         
day. They are modeled with one set of bias parameters for   DESCRIPTION         
each satellite and each station in case of GPS and for each DESCRIPTION         
satellite-station link in case of GLONASS. The code bias    DESCRIPTION         
datum is defined by zero-mean conditions imposed on the     DESCRIPTION         
satellite bias estimates. In this file, just GPS C1W-C2W    DESCRIPTION         
satellite and station bias values are included. The         DESCRIPTION         
complete set of GNSS code bias results is provided in an    DESCRIPTION         
additional Bias-SINEX file as pseudo-absolute values        DESCRIPTION         
specific to each observable.                                DESCRIPTION         
Note: These GIM results correspond to the results for the   DESCRIPTION         
middle day of a 3-day combination analysis solving for 73   DESCRIPTION         
times 256, or 18688 VTEC parameters and 3 daily sets of     DESCRIPTION         
GNSS code bias parameters.                                  DESCRIPTION         
Contact address: code(at)aiub.unibe.ch                      DESCRIPTION         
Data archive:    ftp.aiub.unibe.ch/CODE/                    DESCRIPTION         
                 www.aiub.unibe.ch/download/CODE/           DESCRIPTION         
  2025     4    12     0     0     0                        EPOCH OF FIRST MAP  
  2025     4    13     0     0     0                        EPOCH OF LAST MAP   
  3600                                                      INTERVAL            
[...]
abpo adis albh algo alic amu2 antc areg areq ascg aspa auck COMMENT             
azgb badg bake bako barh bjfs bndy boav bogo bogt bor1 braz COMMENT             
brft brst brux cas1 ccj2 cedu chpg chti chur ckis coco cord COMMENT             
cpvg cpxf cro1 daej darw dav1 dgar dhlg drao dubo ebre faa1 COMMENT             
fair flin flrs frdn func ganp glps glsv gode gol2 gold gope COMMENT             
gras graz guam guug harb hers hert hlfx hnpt hob2 hofn holb COMMENT             
hrao hyde iddr ieng iisc impz ineg invk iqal irkj jog2 joz2 COMMENT             
joze karr kerg kir0 kiri kiru kit3 kokb kokv koug kour krgg COMMENT             
lama laut lmmf lpal lpgs m0se mac1 madr mal2 mana mas1 mat1 COMMENT             
mate maui maw1 mcil mcm4 mdo1 medi mgue mizu mkea mnls mobs COMMENT             
morp mqzg mro1 mtka nano naur nium nklg nlib nnor not1 nrc1 COMMENT             
ntus nya1 nyal onsa opmt ous2 pado parc park pdel penc pert COMMENT             
pie1 pimo pohn pol2 polv pots pove ptbb ptvl qaq1 quin rabt COMMENT             
ramo reyk rgdg rio2 roth salu samo sant savo sch2 scor scrz COMMENT             
sctb scub seyg sfer spt0 ssia sthl stjo stk2 str2 suth sutm COMMENT             
suwn sydn syog tash thtg thti thu2 tid1 tidb tlse tn22 tro1 COMMENT             
tskb txes uclu ufpr unb3 unbj unsa urum usn7 usud vald vill COMMENT             
vtsp wab1 wab2 wgtn whit will wsrt wtza wtzr wtzs wtzz wuhn COMMENT             
xmis yar2 yar3 yarr yell ykro zeck zim2 zim3 zimm           COMMENT             
                                                            END OF HEADER       
[from data line 8580]
    21                                                      START OF TEC MAP    
  2025     4    12    20     0     0                        EPOCH OF CURRENT MAP
    87.5-180.0 180.0   5.0 450.0                            LAT/LON1/LON2/DLON/H
  186  187  187  188  189  190  191  191  192  193  194  194  195  196  196  196
  196  196  196  195  195  194  193  192  191  190  188  187  185  184  182  181
  179  177  176  174  173  171  170  169  168  167  167  166  166  166  166  166
  167  167  168  169  170  170  171  172  173  175  175  176  177  178  179  180
  181  181  182  183  183  184  185  185  186
    85.0-180.0 180.0   5.0 450.0                            LAT/LON1/LON2/DLON/H
  176  177  178  180  181  183  186  188  191  193  196  198  200  202  204  206
  207  207  207  207  206  205  204  202  200  197  194  192  188  185  182  178
  175  171  168  165  162  159  156  153  151  149  148  147  147  147  147  148
  149  151  153  155  158  160  163  165  167  169  171  173  174  175  176  176
  176  176  176  176  176  176  176  176  176
    82.5-180.0 180.0   5.0 450.0                            LAT/LON1/LON2/DLON/H
  155  155  156  158  161  164  168  173  178  183  189  194  199  203  207  210
  213  214  215  215  214  213  211  209  206  203  199  195  191  187  183  178
  174  169  164  160  155  151  147  143  139  136  134  132  131  131  131  133
  135  137  141  144  148  153  157  160  164  167  169  170  171  171  171  170
  168  166  164  162  160  158  156  155  155
    80.0-180.0 180.0   5.0 450.0                            LAT/LON1/LON2/DLON/H
  126  125  126  128  132  137  143  150  158  167  176  184  192  199  205  210
  214  216  218  218  217  215  213  210  207  204  200  196  192  188  184  180
  175  171  166  161  156  151  146  141  136  132  128  126  123  122  122  123
  125  128  132  137  142  147  152  157  161  164  166  166  166  164  162  159
  155  151  147  142  138  134  130  128  126
    77.5-180.0 180.0   5.0 450.0                            LAT/LON1/LON2/DLON/H
   98   97   96   98  102  108  116  126  137  149  160  172  182  192  200  206
  211  214  215  215  214  212  209  206  202  199  195  192  188  185  182  179
  176  172  169  165  160  156  151  146  141  137  132  128  124  122  120  120
  120  123  126  131  136  142  147  152  155  157  158  157  155  151  147  143
  138  132  127  122  116  111  106  102   98
    75.0-180.0 180.0   5.0 450.0                            LAT/LON1/LON2/DLON/H
   82   78   77   78   81   87   96  107  120  133  147  161  173  184  193  200
  205  208  209  209  207  204  200  196  192  188  184  181  178  176  175  173
  172  170  168  166  163  160  157  154  150  146  141  137  132  127  124  121
  119  120  122  125  130  135  139  143  145  145  144  140  136  131  126  121
  116  112  109  105  101   96   91   86   82
    72.5-180.0 180.0   5.0 450.0                            LAT/LON1/LON2/DLON/H
   82   77   73   72   74   79   87   98  111  125  139  153  166  178  187  195
  200  203  204  203  200  196  190  185  179  173  168  165  162  161  160  160
  160  160  160  159  159  158  157  156  155  153  150  146  141  135  128  123
  119  116  116  117  120  124  127  129  129  127  123  117  110  104   99   96
   94   95   95   96   96   95   92   87   82
    70.0-180.0 180.0   5.0 450.0                            LAT/LON1/LON2/DLON/H
  101   94   88   84   83   86   92  102  113  126  139  152  164  175  184  192
  197  200  201  200  197  191  184  176  167  159  152  147  143  141  141  142
  143  143  144  144  145  146  148  150  152  153  152  150  145  138  130  122
  115  109  106  105  107  109  111  111  109  104   97   89   80   74   70   70
   74   81   90   98  105  109  110  106  101
    67.5-180.0 180.0   5.0 450.0                            LAT/LON1/LON2/DLON/H
  133  125  117  110  107  107  111  118  126  136  146  157  167  177  186  193
  199  203  204  203  200  193  184  173  162  150  140  132  126  124  123  123
  124  124  124  124  124  126  129  133  138  143  146  146  142  135  126  116
  106   97   92   90   90   91   93   92   88   81   71   61   51   45   44   48
   59   74   91  109  124  135  140  139  133
    65.0-180.0 180.0   5.0 450.0                            LAT/LON1/LON2/DLON/H
  172  163  154  146  141  140  141  144  149  154  160  167  174  183  191  199
  205  210  213  213  210  203  193  180  165  150  136  126  119  115  114  114
  113  112  109  106  104  104  107  112  119  126  131  133  131  125  116  104
   92   82   75   71   71   73   74   74   69   61   50   38   29   23   25   33
   50   72   97  124  147  165  175  177  172
    62.5-180.0 180.0   5.0 450.0                            LAT/LON1/LON2/DLON/H
  208  200  191  184  180  178  178  178  178  178  179  181  186  192  200  208
  215  221  225  226  224  218  208  194  177  160  145  133  126  122  121  121
  119  115  108  101   94   90   90   93  100  107  113  117  116  111  101   90
   77   66   58   55   55   57   60   60   56   48   37   25   17   13   17   28
   48   74  105  137  166  190  205  210  208
    60.0-180.0 180.0   5.0 450.0                            LAT/LON1/LON2/DLON/H
  234  230  224  221  219  220  220  217  212  206  201  198  199  204  212  220
  227  234  238  240  240  235  226  213  198  181  167  156  150  148  149  149
  146  139  128  115  102   92   87   86   90   95  100  103  102   97   88   77
   65   55   47   43   44   48   52   54   51   44   34   24   18   16   21   34
   53   79  110  144  176  204  223  233  234
    57.5-180.0 180.0   5.0 450.0                            LAT/LON1/LON2/DLON/H
  249  250  251  253  257  262  263  259  249  236  224  217  214  217  224  231
  238  244  248  251  251  249  243  234  222  209  199  193  191  193  196  197
  193  183  168  149  130  113  101   95   94   95   97   97   94   89   82   72
   62   52   45   42   43   48   53   56   54   49   41   34   30   32   38   49
   65   86  112  142  175  205  228  243  249
    55.0-180.0 180.0   5.0 450.0                            LAT/LON1/LON2/DLON/H
  255  263  271  281  294  304  307  301  287  267  248  235  228  229  233  240
  245  249  252  254  256  256  254  250  245  240  237  238  242  249  254  256
  252  240  220  196  172  149  132  121  114  110  106  102   97   91   84   77
   69   61   55   52   53   57   63   66   65   60   55   51   51   56   64   73
   82   94  110  134  163  195  222  243  255
    52.5-180.0 180.0   5.0 450.0                            LAT/LON1/LON2/DLON/H
  258  273  289  308  328  344  350  343  324  298  272  251  240  237  239  243
  246  248  249  250  252  255  258  260  263  267  274  284  295  306  313  315
  309  294  272  245  217  191  170  155  144  135  126  117  109  102   98   93
   88   82   77   73   73   76   80   82   80   75   71   70   75   84   94  100
  102  103  108  122  147  179  212  238  258
    50.0-180.0 180.0   5.0 450.0                            LAT/LON1/LON2/DLON/H
  263  285  307  333  359  381  390  382  359  327  294  266  248  240  239  240
  241  241  241  241  243  247  253  262  274  288  305  324  341  354  361  360
  351  334  311  283  255  228  206  189  176  164  152  140  129  122  119  118
  116  113  108  103  101  102  103  102   98   92   87   88   97  110  122  127
  123  114  107  113  134  167  204  237  263
    47.5-180.0 180.0   5.0 450.0                            LAT/LON1/LON2/DLON/H
  274  299  326  356  387  412  423  416  391  354  315  280  254  239  233  232
  232  231  230  230  231  236  245  258  277  300  326  352  372  385  388  382
  369  351  328  303  277  252  231  214  201  190  176  163  151  144  143  146
  148  148  144  138  134  132  129  125  117  108  101  103  114  131  146  152
  144  128  112  111  129  163  204  243  274
    45.0-180.0 180.0   5.0 450.0                            LAT/LON1/LON2/DLON/H
  291  317  344  375  408  435  449  443  419  382  337  294  260  236  224  221
  221  222  222  222  223  228  237  252  274  304  336  365  386  396  393  381
  364  346  327  307  285  263  244  228  217  207  195  182  171  165  167  173
  179  181  179  173  167  162  156  148  136  123  114  113  124  144  163  172
  164  145  125  119  136  171  216  258  291
    42.5-180.0 180.0   5.0 450.0                            LAT/LON1/LON2/DLON/H
  311  336  360  389  421  449  466  465  446  411  365  315  270  237  218  212
  213  216  219  220  222  226  234  248  271  302  336  366  385  390  381  364
  345  330  317  305  290  271  251  235  224  216  207  197  187  183  187  196
  205  209  208  204  198  191  183  172  156  140  127  123  132  151  173  186
  183  165  145  138  154  191  237  279  311
    40.0-180.0 180.0   5.0 450.0                            LAT/LON1/LON2/DLON/H
  331  351  371  397  427  455  476  483  473  446  402  348  293  248  221  211
  212  218  224  228  230  233  239  250  271  300  332  361  377  377  364  345
  329  320  318  316  307  288  265  244  231  223  218  210  202  199  204  213
  223  229  230  228  223  217  208  195  178  159  143  134  139  156  179  196
  199  187  171  166  182  219  263  303  331
    37.5-180.0 180.0   5.0 450.0                            LAT/LON1/LON2/DLON/H
  347  363  379  401  428  457  483  501  506  492  454  398  334  278  241  225
  225  231  238  244  247  249  253  261  278  302  331  356  370  369  357  342
  333  336  347  357  353  331  299  268  247  238  233  227  220  217  220  227
  236  242  245  245  243  239  230  218  201  182  164  152  151  163  184  204
  214  210  200  198  215  249  289  324  347
    35.0-180.0 180.0   5.0 450.0                            LAT/LON1/LON2/DLON/H
  359  372  386  406  432  463  495  526  548  550  523  469  399  333  285  261
  254  257  261  266  269  271  274  280  293  313  337  360  374  377  371  366
  369  387  414  435  435  407  362  315  283  266  259  254  246  240  239  242
  247  251  254  258  260  258  251  240  225  209  192  177  169  174  191  213
  228  232  230  231  246  276  311  340  359
    32.5-180.0 180.0   5.0 450.0                            LAT/LON1/LON2/DLON/H
  369  382  397  418  446  478  517  560  600  621  609  560  489  415  358  322
  305  297  293  293  294  297  300  306  316  333  354  377  395  406  413  421
  440  474  515  546  547  511  449  385  338  312  301  293  283  273  266  262
  260  259  262  268  274  275  270  260  249  237  223  207  195  192  203  222
  241  252  256  260  274  298  327  352  369
    30.0-180.0 180.0   5.0 450.0                            LAT/LON1/LON2/DLON/H
  380  398  419  444  474  508  552  605  661  700  704  667  599  523  457  409
  376  352  335  325  322  324  328  335  346  362  383  408  433  456  478  503
  536  582  632  668  668  623  547  466  405  371  355  343  330  315  301  289
  277  270  271  278  288  291  287  279  271  264  255  240  224  215  218  233
  253  268  277  284  296  316  339  361  380
    27.5-180.0 180.0   5.0 450.0                            LAT/LON1/LON2/DLON/H
  396  423  453  486  519  555  600  659  726  780  800  777  719  647  577  517
  466  423  388  365  353  352  357  366  379  397  421  450  484  520  557  595
  637  687  739  773  769  717  630  538  469  430  411  398  382  364  344  323
  302  287  283  291  302  307  303  295  289  286  282  270  254  239  235  244
  262  280  293  302  313  329  350  373  396
    25.0-180.0 180.0   5.0 450.0                            LAT/LON1/LON2/DLON/H
  421  458  499  540  578  614  657  716  786  849  884  878  836  774  706  638
  573  511  457  418  394  385  386  396  413  436  464  499  541  589  636  680
  721  763  805  831  819  762  672  580  512  476  459  446  431  411  389  361
  332  309  301  307  318  322  317  307  301  300  300  292  277  260  250  254
  268  286  302  314  326  342  363  389  421
    22.5-180.0 180.0   5.0 450.0                            LAT/LON1/LON2/DLON/H
  453  501  553  602  643  677  716  768  834  899  944  956  935  890  831  762
  688  613  545  489  450  427  419  427  447  475  509  550  598  651  701  741
  769  792  812  819  798  738  655  574  519  494  486  479  467  451  430  401
  366  336  322  325  334  337  329  316  308  307  308  303  290  274  261  259
  270  287  306  322  338  356  380  412  453
    20.0-180.0 180.0   5.0 450.0                            LAT/LON1/LON2/DLON/H
  489  546  606  661  704  736  767  808  863  924  975 1003 1005  982  938  878
  805  727  651  583  525  482  459  458  479  513  553  598  647  700  744  770
  775  767  755  737  703  645  575  516  485  480  486  490  487  479  464  437
  400  365  346  345  351  350  339  322  310  306  305  302  293  278  265  260
  266  283  305  328  349  372  401  440  489
    17.5-180.0 180.0   5.0 450.0                            LAT/LON1/LON2/DLON/H
  524  587  651  709  753  783  806  834  874  924  975 1016 1040 1040 1018  974
  914  846  773  697  620  553  506  493  510  549  594  641  689  734  766  771
  745  701  652  605  555  500  449  419  418  439  464  480  488  492  487  467
  432  395  372  366  367  362  347  328  312  302  297  292  285  275  263  255
  259  276  302  331  360  389  424  469  524
    15.0-180.0 180.0   5.0 450.0                            LAT/LON1/LON2/DLON/H
  554  618  683  742  786  814  830  846  870  906  952 1001 1041 1064 1064 1042
 1006  959  900  824  731  636  563  532  543  584  633  681  723  758  773  754
  698  618  533  458  393  341  309  309  340  387  429  458  478  494  501  490
  459  423  397  386  381  372  354  333  314  298  286  278  272  265  255  247
  249  266  297  334  371  408  448  496  554
    12.5-180.0 180.0   5.0 450.0                            LAT/LON1/LON2/DLON/H
  576  638  701  758  803  831  844  850  860  882  919  969 1019 1058 1078 1081
 1074 1057 1020  950  846  726  626  576  580  620  672  718  754  777  776  737
  658  550  438  339  261  211  195  220  277  344  399  436  464  490  508  506
  482  447  420  404  393  379  361  340  319  298  279  265  258  253  246  238
  239  257  293  338  383  426  470  519  576
    10.0-180.0 180.0   5.0 450.0                            LAT/LON1/LON2/DLON/H
  591  649  708  764  809  840  854  856  857  866  892  935  987 1034 1068 1092
 1114 1128 1119 1061  951  814  692  624  620  659  711  755  785  798  785  735
  644  524  398  286  199  149  143  183  255  331  389  427  457  488  512  516
  497  466  438  419  402  384  365  347  327  302  276  257  248  244  238  230
  230  249  290  342  394  443  489  537  591
     7.5-180.0 180.0   5.0 450.0                            LAT/LON1/LON2/DLON/H
  601  655  712  767  814  849  867  872  868  868  882  915  959 1004 1043 1081
 1125 1167 1183 1142 1035  889  755  676  664  700  751  792  817  823  806  755
  667  552  429  316  228  176  172  215  287  359  410  439  463  490  514  521
  505  477  450  427  406  385  367  352  335  310  279  255  243  239  234  225
  224  245  289  347  405  457  504  551  601
     5.0-180.0 180.0   5.0 450.0                            LAT/LON1/LON2/DLON/H
  610  663  719  775  826  865  890  900  899  894  897  916  947  982 1017 1057
 1112 1171 1207 1183 1087  945  810  728  711  743  788  826  846  851  836  794
  722  628  524  424  340  288  279  314  373  428  460  471  480  497  514  517
  501  476  451  427  403  380  364  353  341  317  285  258  244  239  233  223
  222  243  290  352  414  469  517  562  610
     2.5-180.0 180.0   5.0 450.0                            LAT/LON1/LON2/DLON/H
  619  674  734  794  848  891  923  941  945  939  935  941  956  977  999 1032
 1083 1146 1192 1184 1106  981  857  778  759  782  820  851  869  874  866  839
  793  729  656  579  509  458  440  459  495  524  528  515  503  502  506  501
  484  461  438  416  391  368  353  347  339  319  288  261  247  242  235  225
  223  244  291  355  420  477  526  571  619
