ionex_files/COD0OPSFIN_20250770000_01D_01H_GIM.INX
     1.0            IONOSPHERE MAPS     GNSS                IONEX VERSION / TYPE
ADDNEQ2 V5.5        AIUB                22-MAR-25 19:01     PGM / RUN BY / DATE 
CODE'S GLOBAL IONOSPHERE MAPS FOR DAY 077, 2025             COMMENT             
Global ionosphere maps (GIM) are generated on a daily basis DESCRIPTION         
at CODE using data from about 300 GNSS sites of the IGS and DESCRIPTION         
other institutions. The vertical total electron content     DESCRIPTION         
(VTEC) is modeled in a solar-geomagnetic reference frame    DESCRIPTION         
using a spherical harmonics expansion up to degree and      DESCRIPTION         
order 15. Piece-wise linear functions are used for          DESCRIPTION         
representation in the time domain. The time spacing of      DESCRIPTION         
their vertices is 1 hour, conforming with the epochs of the DESCRIPTION         
VTEC maps.                                                  DESCRIPTION         
To convert line-of-sight TEC into vertical TEC, a modified  DESCRIPTION         
single-layer model mapping function approximating the JPL   DESCRIPTION         
extended slab model mapping function is adopted. The        DESCRIPTION         
mapping function is evaluated at geodetic satellite         DESCRIPTION         
elevation angles. For the computation of the ionospheric    DESCRIPTION         
pierce points, a spherical layer with a radius of 6821 km   DESCRIPTION         
is assumed, implying geocentric, not geodetic IONEX         DESCRIPTION         
latitudes.                                                  DESCRIPTION         
Instrumental biases with respect to each involved GNSS code DESCRIPTION         
observable are estimated as constant values for each        DESCRIPTION         
day. They are modeled with one set of bias parameters for   DESCRIPTION         
each satellite and each station in case of GPS and for each DESCRIPTION         
satellite-station link in case of GLONASS. The code bias    DESCRIPTION         
datum is defined by zero-mean conditions imposed on the     DESCRIPTION         
satellite bias estimates. In this file, just GPS C1W-C2W    DESCRIPTION         
satellite and station bias values are included. The         DESCRIPTION         
complete set of GNSS code bias results is provided in an    DESCRIPTION         
additional Bias-SINEX file as pseudo-absolute values        DESCRIPTION         
specific to each observable.                                DESCRIPTION         
Note: These GIM results correspond to the results for the   DESCRIPTION         
middle day of a 3-day combination analysis solving for 73   DESCRIPTION         
times 256, or 18688 VTEC parameters and 3 daily sets of     DESCRIPTION         
GNSS code bias parameters.                                  DESCRIPTION         
Contact address: code(at)aiub.unibe.ch                      DESCRIPTION         
Data archive:    ftp.aiub.unibe.ch/CODE/                    DESCRIPTION         
                 www.aiub.unibe.ch/download/CODE/           DESCRIPTION         
  2025     3    18     0     0     0                        EPOCH OF FIRST MAP  
  2025     3    19     0     0     0                        EPOCH OF LAST MAP   
  3600                                                      INTERVAL            
[...]
azgb badg bake barh bjfs bndy boav bogt bor1 braz brft brst COMMENT             
brux cags cas1 ccj2 cedu chpg chti chur ckis coco cord cpvg COMMENT             
cpxf cro1 daej darw dav1 dgar dhlg drao dubo faa1 fair flin COMMENT             
flrs frdn func ganp glps glsv gode gol2 gold gope gras graz COMMENT             
guam guug harb hers hert hlfx hnpt hob2 hofn holb hrao iddr COMMENT             
ieng iisc impz ineg invk iqal irkj jog2 joz2 karr kerg kir0 COMMENT             
kiri kiru kit3 kokb kokv koug kour krgg lama laut lmmf lpal COMMENT             
lpgs mac1 madr mal2 mana mas1 mat1 mate maui maw1 mcil mcm4 COMMENT             
mdo1 medi mgue mizu mkea mnls mobs monp morp mqzg mro1 mtka COMMENT             
nano naur nico nist nium nklg nlib nnor nrc1 ntus nya1 nyal COMMENT             
onsa opmt ous2 pado parc park pdel penc pert pie1 pimo pohn COMMENT             
pol2 polv pots pove ptag ptbb ptvl qaq1 quin rabt ramo reun COMMENT             
reyk rgdg rio2 roth salu samo sant savo sch2 scor scrz sctb COMMENT             
scub seyg sfer sofi spt0 ssia sthl stjo stk2 str2 suth sutm COMMENT             
suwn sydn syog tash thtg thti thu2 tid1 tidb tlse tn22 tong COMMENT             
tow2 tro1 tskb twtf txes uclu ufpr ulab unb3 unbj unsa urum COMMENT             
usn7 usud vald vill vtsp wab1 wab2 whit will wind wsrt wtza COMMENT             
wtzr wtzs wtzz wuhn xmis yar2 yar3 yarr yell ykro zeck zim2 COMMENT             
zim3 zimm                                                   COMMENT             
                                                            END OF HEADER       
[from data line 7293]
    18                                                      START OF TEC MAP    
  2025     3    18    17     0     0                        EPOCH OF CURRENT MAP
    87.5-180.0 180.0   5.0 450.0                            LAT/LON1/LON2/DLON/H
  176  179  183  186  190  194  198  202  207  211  215  220  224  228  232  235
  239  242  245  247  249  251  252  254  254  255  255  254  254  253  251  250
  248  246  244  242  239  236  234  231  228  225  222  219  216  213  210  207
  204  201  198  195  192  189  186  183  181  178  176  174  172  170  169  168
  167  167  167  167  168  170  172  174  176
    85.0-180.0 180.0   5.0 450.0                            LAT/LON1/LON2/DLON/H
  129  135  141  149  156  165  173  182  191  200  208  217  225  233  240  247
  253  259  264  268  272  275  277  278  279  279  278  277  275  273  270  266
  262  258  254  249  245  240  235  231  226  222  217  213  209  205  201  198
  194  190  186  182  177  173  168  163  157  152  146  141  135  130  126  122
  119  117  115  115  116  117  120  124  129
    82.5-180.0 180.0   5.0 450.0                            LAT/LON1/LON2/DLON/H
   84   93  102  112  123  135  147  160  172  184  196  207  218  228  237  246
  254  262  268  274  278  282  285  286  287  286  285  282  279  275  270  265
  259  253  247  241  235  228  223  217  212  208  204  200  198  195  193  192
  190  188  186  183  180  175  170  163  155  147  137  127  117  107   98   90
   82   76   72   69   69   70   73   78   84
    80.0-180.0 180.0   5.0 450.0                            LAT/LON1/LON2/DLON/H
   54   63   74   87  100  113  127  141  155  168  181  193  204  215  225  235
  244  252  260  266  272  277  280  282  282  281  278  275  270  264  258  251
  244  236  229  222  215  208  202  197  192  188  186  184  184  185  187  189
  192  195  198  199  199  197  193  186  177  166  153  138  123  107   92   78
   66   55   47   41   39   39   41   47   54
    77.5-180.0 180.0   5.0 450.0                            LAT/LON1/LON2/DLON/H
   46   55   66   79   92  105  119  132  145  157  168  179  189  199  208  218
  227  236  245  253  261  267  271  274  274  272  268  262  256  248  240  232
  224  216  208  200  193  187  181  176  172  169  167  168  170  175  181  189
  198  208  217  225  231  233  232  227  218  205  189  170  150  129  108   89
   72   57   46   38   34   32   34   39   46
    75.0-180.0 180.0   5.0 450.0                            LAT/LON1/LON2/DLON/H
   64   71   81   91  102  113  124  135  145  154  163  171  178  186  193  202
  212  222  233  244  255  263  269  272  271  268  262  254  245  235  226  216
  207  199  191  184  177  171  166  161  157  154  153  154  158  164  174  187
  202  218  235  250  262  270  274  271  263  250  232  210  187  162  139  116
   97   81   68   59   54   52   54   57   64
    72.5-180.0 180.0   5.0 450.0                            LAT/LON1/LON2/DLON/H
  102  107  113  120  127  134  142  149  156  162  167  172  176  180  186  194
  204  216  231  246  260  272  280  283  282  276  267  256  244  232  221  211
  202  193  186  179  173  167  161  156  151  147  144  144  146  153  163  178
  197  218  240  262  280  294  302  303  297  285  267  245  221  196  172  150
  131  116  105   98   94   93   94   97  102
    70.0-180.0 180.0   5.0 450.0                            LAT/LON1/LON2/DLON/H
  150  153  155  157  160  163  166  170  174  178  181  183  184  185  188  195
  206  222  241  261  280  296  306  309  306  298  286  271  257  244  232  222
  213  204  197  190  183  176  170  163  156  149  143  139  137  140  147  161
  180  203  229  254  277  295  306  310  307  297  280  260  238  216  195  177
  163  153  146  143  142  142  144  147  150
    67.5-180.0 180.0   5.0 450.0                            LAT/LON1/LON2/DLON/H
  194  195  194  193  191  190  191  193  196  199  201  202  200  199  200  205
  217  236  259  286  310  330  342  346  341  329  314  298  283  270  259  251
  243  235  227  218  209  200  191  182  172  161  150  139  131  127  129  137
  153  174  199  225  249  269  282  289  288  280  267  251  233  216  201  190
  182  179  178  180  183  186  190  193  194
    65.0-180.0 180.0   5.0 450.0                            LAT/LON1/LON2/DLON/H
  222  222  219  216  212  209  209  211  216  221  225  225  222  218  216  220
  232  254  282  313  343  367  381  384  377  363  347  331  318  309  303  298
  293  285  275  263  249  236  223  210  196  181  164  147  131  118  112  113
  123  139  160  183  205  223  237  244  245  240  231  220  207  196  188  183
  183  187  192  199  206  212  217  220  222
    62.5-180.0 180.0   5.0 450.0                            LAT/LON1/LON2/DLON/H
  225  226  224  220  216  214  215  221  231  241  248  250  246  239  234  235
  247  270  301  337  370  397  411  414  407  393  378  366  359  358  360  361
  359  352  338  321  301  281  262  244  226  207  186  162  139  118  104   97
   99  108  123  140  157  172  183  190  192  191  186  179  171  165  162  163
  168  176  186  196  205  212  218  222  225
    60.0-180.0 180.0   5.0 450.0                            LAT/LON1/LON2/DLON/H
  202  206  207  207  206  206  212  223  239  255  268  272  268  258  249  247
  257  280  313  351  386  413  429  432  425  414  404  400  403  412  424  433
  435  428  410  386  357  330  304  281  260  237  213  186  158  131  109   96
   91   93  101  111  121  130  138  143  147  149  147  144  139  135  134  136
  143  153  164  174  182  188  193  198  202
    57.5-180.0 180.0   5.0 450.0                            LAT/LON1/LON2/DLON/H
  161  168  175  180  184  191  202  220  243  267  284  290  284  271  258  254
  262  285  318  355  390  416  432  436  433  428  425  430  444  465  487  504
  511  503  481  450  414  378  346  318  294  270  245  216  186  156  131  113
  103  100  101  104  108  111  115  119  125  129  131  129  124  119  116  116
  120  127  134  141  145  148  151  155  161
    55.0-180.0 180.0   5.0 450.0                            LAT/LON1/LON2/DLON/H
  113  124  137  149  161  174  192  217  247  276  297  303  296  279  264  257
  265  287  319  354  386  410  425  433  436  438  444  459  482  512  542  565
  574  567  543  506  464  422  384  353  326  302  277  250  221  191  165  146
  133  127  124  121  119  118  119  123  130  137  141  140  134  124  115  109
  106  107  109  109  108  105  104  106  113
    52.5-180.0 180.0   5.0 450.0                            LAT/LON1/LON2/DLON/H
   72   86  105  125  144  165  189  220  255  287  308  313  302  283  266  261
  270  293  324  355  381  403  418  430  441  452  466  487  515  548  581  606
  617  610  586  548  504  459  418  383  355  331  307  283  256  230  205  186
  174  166  160  155  149  145  144  150  159  169  175  174  164  150  133  119
  108  101   96   90   82   73   66   65   72
    50.0-180.0 180.0   5.0 450.0                            LAT/LON1/LON2/DLON/H
   48   63   86  113  140  167  198  232  269  301  320  321  306  285  270  269
  283  309  338  364  386  403  420  437  456  474  494  515  541  571  601  624
  635  630  608  574  532  488  446  410  380  355  333  311  287  264  242  224
  212  204  198  191  184  179  179  186  198  211  219  217  205  186  163  142
  124  110   99   88   75   61   49   43   48
    47.5-180.0 180.0   5.0 450.0                            LAT/LON1/LON2/DLON/H
   45   59   84  116  149  183  217  254  290  319  333  328  310  289  279  285
  308  338  367  389  404  418  436  459  484  508  528  545  562  581  602  621
  631  629  614  587  552  512  472  434  402  375  352  331  310  288  268  251
  239  231  224  217  210  207  208  217  232  246  255  254  241  220  195  170
  149  131  117  103   88   72   56   45   45
    45.0-180.0 180.0   5.0 450.0                            LAT/LON1/LON2/DLON/H
   63   73   97  132  169  207  244  282  316  340  348  338  318  300  296  313
  345  382  411  429  439  449  467  494  525  551  567  575  578  584  594  607
  617  620  613  596  570  537  499  460  423  392  367  345  324  303  282  265
  251  240  233  226  221  219  222  232  247  261  271  270  259  241  218  195
  174  156  142  130  117  101   83   68   63
    42.5-180.0 180.0   5.0 450.0                            LAT/LON1/LON2/DLON/H
   92   97  118  153  193  234  273  310  342  362  366  354  334  321  326  353
  394  437  467  482  487  493  511  539  572  597  608  604  595  588  590  600
  613  622  623  615  597  569  532  490  449  413  383  358  335  313  291  270
  252  238  228  221  217  216  220  229  241  253  261  261  254  242  226  209
  193  179  168  160  151  139  122  103   92
    40.0-180.0 180.0   5.0 450.0                            LAT/LON1/LON2/DLON/H
  123  121  138  172  214  257  298  335  365  384  387  377  362  356  370  405
  453  499  529  541  542  545  559  586  618  640  645  634  617  606  607  620
  639  654  661  657  642  614  575  529  482  440  405  377  352  329  304  280
  257  238  225  216  212  211  213  217  223  229  233  234  231  226  220  212
  203  194  187  184  181  174  160  139  123
    37.5-180.0 180.0   5.0 450.0                            LAT/LON1/LON2/DLON/H
  147  139  152  183  225  270  313  351  382  403  412  409  404  408  429  469
  518  563  592  601  598  596  605  628  655  674  677  666  651  647  659  683
  711  732  739  732  710  676  631  579  527  479  440  409  384  360  336  309
  282  258  241  230  225  221  218  214  209  206  204  203  204  206  209  210
  207  201  197  197  200  199  187  167  147
    35.0-180.0 180.0   5.0 450.0                            LAT/LON1/LON2/DLON/H
  157  146  155  184  227  273  318  358  393  421  440  452  461  476  502  540
  585  624  649  656  650  643  644  659  680  698  705  704  705  720  753  795
  835  859  860  839  802  754  698  639  582  531  491  460  437  416  393  368
  340  313  292  279  271  264  252  237  220  206  196  191  192  198  206  212
  212  207  202  202  206  208  199  179  157
    32.5-180.0 180.0   5.0 450.0                            LAT/LON1/LON2/DLON/H
  155  142  150  178  221  268  315  358  399  437  472  502  529  556  584  616
  650  680  699  703  695  681  674  680  696  717  735  754  781  824  885  950
 1002 1025 1013  971  909  840  771  704  645  595  556  528  509  494  478  458
  433  407  385  370  360  347  326  297  267  242  224  215  212  216  222  227
  225  217  207  202  203  204  196  177  155
    30.0-180.0 180.0   5.0 450.0                            LAT/LON1/LON2/DLON/H
  145  133  141  169  213  261  309  356  403  453  504  555  601  639  668  691
  712  730  742  744  732  714  699  697  711  738  773  818  875  951 1040 1127
 1188 1206 1176 1107 1017  925  841  769  710  664  629  607  594  587  580  568
  550  529  510  497  484  465  434  394  352  318  294  280  272  267  265  262
  253  237  218  204  197  193  184  166  145
    27.5-180.0 180.0   5.0 450.0                            LAT/LON1/LON2/DLON/H
  134  125  134  164  208  258  307  356  408  467  534  603  667  715  744  759
  767  774  780  779  766  744  724  718  733  770  825  895  981 1083 1194 1295
 1360 1370 1320 1225 1109  996  900  826  770  729  701  683  676  676  678  676
  669  657  646  635  622  598  560  510  462  423  398  381  365  349  332  315
  295  268  239  213  195  183  170  152  134
    25.0-180.0 180.0   5.0 450.0                            LAT/LON1/LON2/DLON/H
  129  124  135  166  212  262  312  361  415  479  556  639  716  773  804  813
  813  814  817  815  801  778  756  751  772  820  891  980 1083 1199 1317 1421
 1483 1484 1418 1304 1169 1043  943  870  819  784  759  745  740  743  750  758
  762  762  761  757  745  719  676  622  572  536  514  497  476  447  413  379
  345  308  269  232  202  180  162  145  129
    22.5-180.0 180.0   5.0 450.0                            LAT/LON1/LON2/DLON/H
  135  132  146  178  225  276  326  374  425  489  568  657  742  806  840  850
  850  851  854  853  840  819  801  802  831  889  970 1064 1169 1278 1388 1480
 1533 1525 1452 1330 1190 1064  966  898  853  820  796  779  770  770  778  791
  805  819  829  833  825  799  755  703  658  630  617  605  581  540  491  440
  394  349  304  259  219  189  166  148  135
    20.0-180.0 180.0   5.0 450.0                            LAT/LON1/LON2/DLON/H
  151  149  163  197  245  298  348  393  438  495  569  656  743  811  852  870
  879  887  895  896  886  870  860  871  909  972 1051 1137 1224 1310 1393 1463
 1502 1490 1419 1304 1175 1060  973  914  872  838  808  783  763  753  754  766
  788  813  835  848  845  822  781  736  700  684  683  679  656  610  548  485
  430  382  335  287  244  208  182  163  151
    17.5-180.0 180.0   5.0 450.0                            LAT/LON1/LON2/DLON/H
  175  171  185  218  268  324  374  415  452  498  562  640  722  792  843  877
  902  925  941  945  938  929  931  954  999 1059 1125 1188 1242 1291 1337 1379
 1403 1390 1333 1239 1134 1042  973  922  880  839  798  758  722  695  684  692
  717  752  785  805  806  787  753  717  693  690  700  706  687  640  573  504
  446  398  355  312  270  234  207  188  175
    15.0-180.0 180.0   5.0 450.0                            LAT/LON1/LON2/DLON/H
  202  195  204  236  288  347  399  437  467  502  552  618  692  762  823  876
  924  964  991  999  996  995 1010 1043 1089 1139 1182 1211 1226 1233 1241 1255
 1266 1259 1222 1159 1087 1023  974  931  885  832  775  717  662  616  590  590
  618  660  701  725  728  712  686  661  648  654  672  684  672  628  562  494
  438  397  362  328  293  263  238  218  202
    12.5-180.0 180.0   5.0 450.0                            LAT/LON1/LON2/DLON/H
  229  215  218  248  301  364  419  457  482  508  546  601  666  734  804  876
  946 1006 1043 1056 1057 1063 1088 1127 1168 1200 1213 1207 1185 1156 1134 1126
 1131 1133 1120 1089 1051 1016  985  946  892  824  749  674  602  540  501  496
  525  573  618  643  645  630  610  594  589  598  616  628  619  582  523  462
  412  379  356  334  311  289  269  249  229
    10.0-180.0 180.0   5.0 450.0                            LAT/LON1/LON2/DLON/H
  253  230  226  252  307  373  432  472  497  520  552  598  655  722  798  884
  973 1048 1094 1111 1115 1127 1157 1196 1226 1235 1219 1183 1136 1086 1047 1030
 1035 1048 1055 1050 1040 1028 1009  971  908  824  733  644  561  491  447  441
  474  527  573  594  589  572  556  546  543  547  555  560  550  518  470  418
  378  354  342  333  323  312  298  279  253
     7.5-180.0 180.0   5.0 450.0                            LAT/LON1/LON2/DLON/H
  272  240  228  251  306  375  439  484  513  540  573  617  669  733  811  904
 1003 1087 1139 1159 1166 1182 1213 1245 1258 1243 1203 1150 1094 1042 1005  992
 1002 1024 1043 1053 1057 1057 1043 1003  930  834  733  638  553  485  445  446
  486  544  588  600  586  563  546  538  532  523  514  502  485  457  417  376
  346  331  328  329  331  331  323  304  272
     5.0-180.0 180.0   5.0 450.0                            LAT/LON1/LON2/DLON/H
  287  248  229  247  302  373  441  492  530  566  607  655  707  767  842  935
 1034 1120 1174 1197 1207 1223 1250 1270 1265 1229 1176 1120 1073 1037 1018 1019
 1038 1063 1082 1091 1095 1094 1079 1034  954  851  747  655  580  523  497  512
  563  625  665  666  638  606  585  575  561  536  504  472  442  413  380  348
  325  316  319  327  337  345  343  323  287
     2.5-180.0 180.0   5.0 450.0                            LAT/LON1/LON2/DLON/H
  298  254  231  246  299  371  441  498  548  597  650  705  760  818  886  970
 1061 1141 1194 1219 1232 1248 1267 1273 1251 1203 1147 1103 1078 1071 1078 1097
 1123 1146 1154 1149 1138 1126 1102 1053  971  870  771  690  631  595  589  622
  684  748  781  769  727  685  659  644  621  580  525  472  428  393  363  337
  320  315  318  328  342  354  355  337  298
