ionex_files/COD0OPSFIN_20250880000_01D_01H_GIM.INX
     1.0            IONOSPHERE MAPS     GNSS                IONEX VERSION / TYPE
ADDNEQ2 V5.5        AIUB                02-APR-25 23:15     PGM / RUN BY / DATE 
CODE'S GLOBAL IONOSPHERE MAPS FOR DAY 088, 2025             COMMENT             
Global ionosphere maps (GIM) are generated on a daily basis DESCRIPTION         
at CODE using data from about 300 GNSS sites of the IGS and DESCRIPTION         
other institutions. The vertical total electron content     DESCRIPTION         
(VTEC) is modeled in a solar-geomagnetic reference frame    DESCRIPTION         
using a spherical harmonics expansion up to degree and      DESCRIPTION         
order 15. Piece-wise linear functions are used for          DESCRIPTION         
representation in the time domain. The time spacing of      DESCRIPTION         
their vertices is 1 hour, conforming with the epochs of the DESCRIPTION         
VTEC maps.                                                  DESCRIPTION         
To convert line-of-sight TEC into vertical TEC, a modified  DESCRIPTION         
single-layer model mapping function approximating the JPL   DESCRIPTION         
extended slab model mapping function is adopted. The        DESCRIPTION         
mapping function is evaluated at geodetic satellite         DESCRIPTION         
elevation angles. For the computation of the ionospheric    DESCRIPTION         
pierce points, a spherical layer with a radius of 6821 km   DESCRIPTION         
is assumed, implying geocentric, not geodetic IONEX         DESCRIPTION         
latitudes.                                                  DESCRIPTION         
Instrumental biases with respect to each involved GNSS code DESCRIPTION         
observable are estimated as constant values for each        DESCRIPTION         
day. They are modeled with one set of bias parameters for   DESCRIPTION         
each satellite and each station in case of GPS and for each DESCRIPTION         
satellite-station link in case of GLONASS. The code bias    DESCRIPTION         
datum is defined by zero-mean conditions imposed on the     DESCRIPTION         
satellite bias estimates. In this file, just GPS C1W-C2W    DESCRIPTION         
satellite and station bias values are included. The         DESCRIPTION         
complete set of GNSS code bias results is provided in an    DESCRIPTION         
additional Bias-SINEX file as pseudo-absolute values        DESCRIPTION         
specific to each observable.                                DESCRIPTION         
Note: These GIM results correspond to the results for the   DESCRIPTION         
middle day of a 3-day combination analysis solving for 73   DESCRIPTION         
times 256, or 18688 VTEC parameters and 3 daily sets of     DESCRIPTION         
GNSS code bias parameters.                                  DESCRIPTION         
Contact address: code(at)aiub.unibe.ch                      DESCRIPTION         
Data archive:    ftp.aiub.unibe.ch/CODE/                    DESCRIPTION         
                 www.aiub.unibe.ch/download/CODE/           DESCRIPTION         
  2025     3    29     0     0     0                        EPOCH OF FIRST MAP  
  2025     3    30     0     0     0                        EPOCH OF LAST MAP   
  3600                                                      INTERVAL            
[...]
abpo adis albh algo alic amu2 antc areg areq ascg aspa azgb COMMENT             
badg bake bako barh bjfs bndy boav bogo bogt bor1 braz brft COMMENT             
brst brux cags cas1 ccj2 cedu chpg chur ckis coco cord cpvg COMMENT             
cpxf cro1 daej darw dav1 dgar dhlg drao dubo ebre faa1 fair COMMENT             
flin flrs frdn func ganp glps glsv gode gol2 gold gope gras COMMENT             
graz guam guug harb hers hert hlfx hnpt hob2 hofn holb hrao COMMENT             
iddr ieng iisc impz ineg invk iqal irkj jog2 joz2 karr kerg COMMENT             
kir0 kiri kiru kit3 kokb kokv koug kour krgg lama laut lmmf COMMENT             
lpal lpgs mac1 madr mal2 mana mas1 mat1 mate maui maw1 mcil COMMENT             
mcm4 mdo1 medi mgue mizu mkea mnls mobs morp mro1 mtka nano COMMENT             
naur nico nist nium nklg nlib nnor not1 nrc1 ntus nya1 nyal COMMENT             
onsa opmt ous2 pado parc park pdel penc pert pie1 pimo pohn COMMENT             
pol2 polv pots pove ptbb ptvl qaq1 quin ramo reun reyk rgdg COMMENT             
rio2 roth salu samo sant savo sch2 scor scrz scub seyg sfer COMMENT             
spt0 ssia sthl stjo stk2 str2 suth sutm suwn sydn syog tash COMMENT             
thtg thti thu2 tid1 tidb tlse tn22 tong tow2 tro1 tskb twtf COMMENT             
txes uclu ufpr ulab unb3 unbj unsa urum usn7 usud vald vill COMMENT             
vtsp wab1 wab2 whit will wind wsrt wtza wtzr wtzs wtzz wuhn COMMENT             
xmis yar2 yarr yell ykro zeck zim2 zim3 zimm                COMMENT             
                                                            END OF HEADER       
[from data line 9009]
    22                                                      START OF TEC MAP    
  2025     3    29    21     0     0                        EPOCH OF CURRENT MAP
    87.5-180.0 180.0   5.0 450.0                            LAT/LON1/LON2/DLON/H
  259  261  263  266  268  270  273  275  277  279  281  282  284  285  285  286
  286  286  285  284  283  281  279  277  275  273  270  267  264  262  259  256
  253  251  249  246  244  242  241  239  238  237  236  236  236  235  235  235
  236  236  236  237  237  238  238  239  239  240  241  241  242  243  243  244
  245  247  248  249  251  253  254  257  259
    85.0-180.0 180.0   5.0 450.0                            LAT/LON1/LON2/DLON/H
  235  240  246  251  257  263  270  276  282  287  292  297  300  303  306  307
  308  307  306  304  301  298  294  289  284  278  272  266  260  253  247  241
  235  230  225  220  216  213  210  208  207  206  205  205  206  207  208  209
  211  212  214  215  216  217  218  218  219  218  218  218  217  217  216  216
  216  217  218  219  221  224  227  231  235
    82.5-180.0 180.0   5.0 450.0                            LAT/LON1/LON2/DLON/H
  197  205  213  223  233  243  254  265  275  285  294  302  309  315  319  321
  322  322  320  318  314  309  302  296  288  279  271  261  252  243  233  224
  216  208  201  194  189  184  181  178  176  175  176  176  178  180  183  186
  189  192  195  197  199  200  200  200  198  196  194  191  188  184  182  179
  177  176  176  176  178  181  185  191  197
    80.0-180.0 180.0   5.0 450.0                            LAT/LON1/LON2/DLON/H
  156  166  178  190  204  219  234  249  264  278  290  301  310  317  322  325
  326  326  324  320  316  310  304  296  287  278  268  257  246  234  223  212
  202  192  184  177  170  165  161  157  155  154  154  155  157  159  163  167
  171  175  178  181  183  184  183  181  177  172  167  161  154  148  143  138
  134  132  131  131  133  136  142  148  156
    77.5-180.0 180.0   5.0 450.0                            LAT/LON1/LON2/DLON/H
  127  138  151  165  181  199  217  235  253  269  284  297  307  313  318  319
  319  318  315  311  307  303  297  291  283  274  264  254  242  230  218  207
  196  187  178  171  165  159  155  151  148  146  144  143  143  145  147  151
  155  159  163  166  168  167  165  160  154  146  137  128  120  112  105  100
   96   95   95   96   99  104  110  118  127
    75.0-180.0 180.0   5.0 450.0                            LAT/LON1/LON2/DLON/H
  121  131  143  157  172  190  209  229  248  266  281  294  302  307  308  307
  304  300  296  293  290  287  285  281  276  270  261  252  241  229  218  207
  197  188  181  175  170  166  161  157  153  148  144  140  137  135  135  137
  140  144  148  150  151  149  145  138  128  118  106   96   86   79   74   71
   71   73   77   82   88   95  103  111  121
    72.5-180.0 180.0   5.0 450.0                            LAT/LON1/LON2/DLON/H
  140  148  157  168  180  196  213  232  252  270  285  296  302  303  300  294
  286  279  274  270  269  269  270  270  269  265  258  249  239  227  216  206
  197  191  186  182  179  177  173  169  163  156  148  140  133  127  124  123
  125  128  131  133  133  130  124  114  102   89   77   66   58   54   54   57
   64   72   82   93  104  114  124  132  140
    70.0-180.0 180.0   5.0 450.0                            LAT/LON1/LON2/DLON/H
  181  186  189  194  202  212  227  244  263  281  295  305  308  305  297  286
  273  263  255  252  252  255  259  262  263  260  254  245  234  223  212  202
  194  189  186  185  185  184  183  179  172  163  152  140  128  118  111  108
  108  110  113  116  116  112  104   92   78   64   51   42   38   40   47   59
   74   91  108  126  142  156  167  175  181
    67.5-180.0 180.0   5.0 450.0                            LAT/LON1/LON2/DLON/H
  232  232  230  228  229  234  244  259  277  295  310  320  322  316  304  288
  272  258  249  245  246  251  256  260  261  257  249  239  227  214  203  194
  187  183  181  181  182  184  183  180  174  163  150  134  119  106   96   91
   90   93   97  100  101   96   87   74   58   44   32   27   28   37   53   74
   98  123  147  170  191  208  220  228  232
    65.0-180.0 180.0   5.0 450.0                            LAT/LON1/LON2/DLON/H
  279  275  268  259  253  252  258  271  289  308  326  337  340  335  321  304
  285  269  259  254  256  260  265  267  264  257  246  233  219  206  194  185
  179  174  172  172  173  174  174  172  165  155  140  124  107   92   81   75
   75   79   84   89   90   86   76   62   46   32   23   21   29   45   69   98
  129  159  188  215  237  256  270  277  279
    62.5-180.0 180.0   5.0 450.0                            LAT/LON1/LON2/DLON/H
  312  306  295  281  270  264  266  277  295  317  337  352  359  357  346  330
  312  296  285  280  280  283  284  282  274  262  247  231  216  203  192  184
  177  171  166  162  160  160  159  156  150  140  127  111   94   79   69   64
   65   70   77   83   85   81   72   57   42   29   22   25   39   62   92  125
  160  192  221  247  270  288  303  311  312
    60.0-180.0 180.0   5.0 450.0                            LAT/LON1/LON2/DLON/H
  326  321  308  293  279  270  269  279  297  320  343  363  375  379  374  362
  348  334  324  318  316  315  311  303  289  272  253  236  222  211  203  196
  188  179  169  160  153  148  144  140  135  126  114  100   85   73   64   61
   63   69   76   82   85   82   73   60   46   35   31   37   55   83  116  152
  185  215  241  263  283  300  315  324  326
    57.5-180.0 180.0   5.0 450.0                            LAT/LON1/LON2/DLON/H
  326  323  313  299  284  275  273  281  298  320  345  368  386  396  399  395
  387  377  368  361  356  350  341  327  308  287  267  250  239  233  228  222
  213  201  185  170  156  145  137  131  125  118  108   97   85   75   69   67
   69   75   81   87   90   87   80   68   56   47   46   55   75  105  139  173
  202  227  246  263  279  295  310  321  326
    55.0-180.0 180.0   5.0 450.0                            LAT/LON1/LON2/DLON/H
  322  324  318  307  296  288  286  292  306  325  348  371  392  409  420  424
  422  417  409  400  392  382  369  351  329  307  287  274  267  265  264  259
  249  232  211  189  169  153  141  132  126  119  112  103   95   88   83   82
   83   87   91   95   97   95   89   80   71   65   65   76   96  125  157  187
  212  230  243  254  267  282  298  313  322
    52.5-180.0 180.0   5.0 450.0                            LAT/LON1/LON2/DLON/H
  325  332  332  327  321  317  316  321  329  342  358  377  398  418  435  446
  451  448  440  430  419  406  391  372  350  330  313  303  300  300  300  295
  281  261  236  211  187  168  154  144  137  131  125  119  113  108  105  103
  103  103  104  105  105  103  100   94   88   84   85   95  114  140  169  195
  216  229  238  247  259  275  293  311  325
    50.0-180.0 180.0   5.0 450.0                            LAT/LON1/LON2/DLON/H
  342  354  361  363  364  365  367  369  372  376  382  393  408  428  449  464
  472  471  462  449  435  421  407  390  371  353  339  331  328  328  325  316
  299  276  251  226  203  186  172  162  155  150  145  140  136  132  129  126
  124  120  117  114  113  111  110  107  104  102  104  112  128  151  176  199
  217  230  239  249  263  282  304  325  342
    47.5-180.0 180.0   5.0 450.0                            LAT/LON1/LON2/DLON/H
  377  392  404  414  423  430  434  436  433  427  422  422  430  446  465  482
  490  488  477  461  445  432  419  407  392  377  363  353  346  338  328  312
  291  268  245  226  210  198  187  179  173  168  164  160  157  154  151  147
  142  136  129  124  120  120  120  120  119  118  119  124  136  155  177  200
  219  235  249  265  285  309  334  358  377
    45.0-180.0 180.0   5.0 450.0                            LAT/LON1/LON2/DLON/H
  424  441  456  472  488  501  509  511  504  491  475  465  464  474  490  504
  510  505  490  472  455  442  433  424  413  397  381  364  347  329  307  282
  258  237  222  213  207  202  197  191  187  183  179  176  173  170  167  162
  156  148  140  133  129  129  130  131  131  130  129  131  139  154  175  199
  223  245  267  292  321  351  380  404  424
    42.5-180.0 180.0   5.0 450.0                            LAT/LON1/LON2/DLON/H
  473  490  508  528  548  567  579  582  575  558  536  518  510  513  524  534
  536  527  509  488  470  458  451  445  433  415  391  363  334  302  269  237
  211  196  191  195  200  203  201  197  193  190  188  185  182  179  176  171
  165  158  149  143  140  139  141  142  141  138  135  133  137  149  170  197
  227  258  290  324  362  398  430  455  473
    40.0-180.0 180.0   5.0 450.0                            LAT/LON1/LON2/DLON/H
  515  531  550  572  595  616  632  638  634  619  597  576  563  561  566  571
  568  556  535  513  494  482  475  468  453  428  395  356  315  272  231  196
  173  166  173  188  201  208  207  202  197  194  192  190  188  184  181  177
  172  166  160  155  153  153  152  151  147  142  135  130  130  140  163  195
  232  271  312  354  399  440  473  497  515
    37.5-180.0 180.0   5.0 450.0                            LAT/LON1/LON2/DLON/H
  542  557  577  600  624  646  663  673  674  665  649  630  617  612  612  612
  605  590  569  545  525  511  502  491  471  439  396  349  301  255  213  182
  167  171  189  211  226  229  222  211  203  199  198  197  195  191  187  184
  181  177  174  172  171  169  166  160  152  143  133  124  121  131  156  193
  237  282  328  376  423  467  501  525  542
    35.0-180.0 180.0   5.0 450.0                            LAT/LON1/LON2/DLON/H
  552  570  591  615  638  657  674  688  697  697  689  677  666  659  656  651
  641  625  603  579  557  541  528  512  486  448  400  351  306  266  234  215
  213  228  253  275  283  275  255  234  219  213  213  213  210  206  202  199
  196  194  192  192  192  189  181  169  155  142  128  117  112  122  150  193
  242  291  339  386  433  477  511  535  552
    32.5-180.0 180.0   5.0 450.0                            LAT/LON1/LON2/DLON/H
  552  573  597  623  644  662  678  694  710  720  722  717  710  702  695  685
  672  654  633  608  584  563  546  526  497  457  412  371  338  315  302  300
  314  339  365  379  371  344  306  272  250  241  241  242  240  235  230  226
  222  219  217  217  216  210  197  178  158  141  125  112  106  116  147  195
  249  300  345  387  431  472  507  532  552
    30.0-180.0 180.0   5.0 450.0                            LAT/LON1/LON2/DLON/H
  549  576  606  634  656  672  687  706  727  745  755  756  752  743  730  714
  696  676  653  627  599  575  554  532  505  471  436  412  400  401  410  428
  455  485  506  504  475  425  369  322  294  284  285  287  285  280  273  266
  260  252  247  244  241  231  213  187  163  142  125  110  104  115  149  202
  259  309  350  386  423  462  497  525  549
    27.5-180.0 180.0   5.0 450.0                            LAT/LON1/LON2/DLON/H
  553  586  623  657  682  699  715  736  762  786  801  805  800  787  767  742
  716  692  666  636  604  576  553  534  514  491  475  472  485  510  539  572
  607  636  644  622  570  499  429  375  345  337  340  344  343  337  329  319
  307  293  281  273  265  251  227  197  168  146  129  114  108  119  156  212
  272  322  357  386  418  454  490  522  553
    25.0-180.0 180.0   5.0 450.0                            LAT/LON1/LON2/DLON/H
  566  607  652  694  726  748  767  792  822  849  867  871  864  845  816  780
  744  711  680  644  607  574  552  538  529  523  526  546  581  622  662  700
  732  751  744  701  628  544  470  419  394  390  397  404  405  399  389  376
  358  337  316  300  287  268  239  205  175  153  137  124  117  129  166  225
  288  337  370  394  421  456  493  530  566
    22.5-180.0 180.0   5.0 450.0                            LAT/LON1/LON2/DLON/H
  590  637  689  741  782  813  840  871  906  937  955  958  949  925  887  839
  791  747  707  665  620  583  560  554  556  566  588  625  671  716  751  778
  797  801  774  714  630  545  480  442  430  435  448  458  460  456  446  430
  407  377  347  322  303  280  248  212  181  162  149  138  132  142  179  239
  303  354  385  407  434  469  509  549  590
    20.0-180.0 180.0   5.0 450.0                            LAT/LON1/LON2/DLON/H
  619  668  726  786  838  880  918  959 1001 1037 1058 1063 1053 1027  982  925
  866  812  763  712  659  616  592  589  600  621  654  698  742  774  788  791
  787  770  727  656  572  499  455  441  448  465  483  496  500  496  487  470
  443  407  369  337  312  286  252  216  187  171  163  155  149  157  192  250
  315  367  400  424  453  490  533  576  619
    17.5-180.0 180.0   5.0 450.0                            LAT/LON1/LON2/DLON/H
  645  695  755  820  881  934  983 1034 1086 1130 1158 1170 1166 1144 1099 1038
  971  910  854  796  735  684  654  649  661  685  719  758  787  791  771  739
  707  670  615  542  468  419  406  421  449  478  500  513  518  515  506  489
  461  422  379  342  313  286  252  217  191  179  175  171  166  172  202  256
  319  373  410  439  472  514  559  603  645
    15.0-180.0 180.0   5.0 450.0                            LAT/LON1/LON2/DLON/H
  664  710  768  834  899  958 1015 1076 1138 1194 1234 1259 1269 1259 1223 1165
 1099 1038  980  918  850  788  747  731  735  752  778  802  806  775  714  646
  587  535  476  408  352  331  351  396  442  478  500  511  514  509  500  484
  458  419  375  337  308  280  248  215  191  184  185  184  180  183  207  255
  314  369  412  448  487  533  581  624  664
    12.5-180.0 180.0   5.0 450.0                            LAT/LON1/LON2/DLON/H
  674  715  767  828  889  946 1004 1069 1141 1209 1266 1310 1340 1350 1331 1287
 1231 1178 1126 1065  992  918  861  827  814  816  826  830  807  741  645  547
  470  412  356  300  263  270  318  384  440  475  491  496  493  484  472  457
  433  399  358  323  296  271  242  211  190  185  190  192  188  189  207  247
  301  356  404  447  493  543  593  636  674
    10.0-180.0 180.0   5.0 450.0                            LAT/LON1/LON2/DLON/H
  676  713  758  808  858  904  953 1015 1090 1170 1243 1307 1361 1395 1401 1378
 1342 1305 1266 1213 1139 1054  978  922  887  869  862  848  802  712  592  480
  399  346  300  257  238  262  326  400  454  479  483  477  464  447  431  414
  394  365  332  302  280  259  234  207  189  185  191  194  192  190  203  235
  283  337  389  438  489  543  595  639  676
     7.5-180.0 180.0   5.0 450.0                            LAT/LON1/LON2/DLON/H
  677  713  751  789  821  846  877  927  998 1083 1167 1248 1322 1381 1413 1417
 1407 1393 1374 1334 1263 1171 1078 1000  943  907  886  860  803  704  580  471
  402  364  333  303  292  321  385  452  491  498  485  463  437  410  385  366
  347  325  299  277  261  247  227  204  188  185  190  193  190  187  195  221
  264  317  371  425  480  536  591  638  677
     5.0-180.0 180.0   5.0 450.0                            LAT/LON1/LON2/DLON/H
  682  722  757  784  796  797  803  832  891  970 1057 1144 1230 1307 1362 1393
 1409 1421 1424 1401 1339 1246 1142 1049  977  929  900  872  818  726  616  528
  483  468  453  430  419  440  489  534  549  532  499  461  422  382  347  321
  302  284  265  250  242  234  220  203  190  186  189  190  186  182  187  209
  248  300  356  412  468  525  583  637  682
     2.5-180.0 180.0   5.0 450.0                            LAT/LON1/LON2/DLON/H
  694  744  782  803  800  778  757  761  801  865  941 1022 1107 1190 1259 1308
 1346 1381 1406 1401 1351 1264 1160 1063  986  936  908  886  845  773  691  634
  620  629  628  608  588  591  614  630  616  575  523  471  420  367  321  287
  265  248  234  225  222  219  213  202  192  189  189  187  181  176  181  201
  239  290  347  403  457  513  575  637  694
