ionex_files/COD0OPSFIN_20251030000_01D_01H_GIM.INX
     1.0            IONOSPHERE MAPS     GNSS                IONEX VERSION / TYPE
ADDNEQ2 V5.5        AIUB                17-APR-25 19:05     PGM / RUN BY / DATE 
CODE'S GLOBAL IONOSPHERE MAPS FOR DAY 103, 2025             COMMENT             
Global ionosphere maps (GIM) are generated on a daily basis DESCRIPTION         
at CODE using data from about 300 GNSS sites of the IGS and DESCRIPTION         
other institutions. The vertical total electron content     DESCRIPTION         
(VTEC) is modeled in a solar-geomagnetic reference frame    DESCRIPTION         
using a spherical harmonics expansion up to degree and      DESCRIPTION         
order 15. Piece-wise linear functions are used for          DESCRIPTION         
representation in the time domain. The time spacing of      DESCRIPTION         
their vertices is 1 hour, conforming with the epochs of the DESCRIPTION         
VTEC maps.                                                  DESCRIPTION         
To convert line-of-sight TEC into vertical TEC, a modified  DESCRIPTION         
single-layer model mapping function approximating the JPL   DESCRIPTION         
extended slab model mapping function is adopted. The        DESCRIPTION         
mapping function is evaluated at geodetic satellite         DESCRIPTION         
elevation angles. For the computation of the ionospheric    DESCRIPTION         
pierce points, a spherical layer with a radius of 6821 km   DESCRIPTION         
is assumed, implying geocentric, not geodetic IONEX         DESCRIPTION         
latitudes.                                                  DESCRIPTION         
Instrumental biases with respect to each involved GNSS code DESCRIPTION         
observable are estimated as constant values for each        DESCRIPTION         
day. They are modeled with one set of bias parameters for   DESCRIPTION         
each satellite and each station in case of GPS and for each DESCRIPTION         
satellite-station link in case of GLONASS. The code bias    DESCRIPTION         
datum is defined by zero-mean conditions imposed on the     DESCRIPTION         
satellite bias estimates. In this file, just GPS C1W-C2W    DESCRIPTION         
satellite and station bias values are included. The         DESCRIPTION         
complete set of GNSS code bias results is provided in an    DESCRIPTION         
additional Bias-SINEX file as pseudo-absolute values        DESCRIPTION         
specific to each observable.                                DESCRIPTION         
Note: These GIM results correspond to the results for the   DESCRIPTION         
middle day of a 3-day combination analysis solving for 73   DESCRIPTION         
times 256, or 18688 VTEC parameters and 3 daily sets of     DESCRIPTION         
GNSS code bias parameters.                                  DESCRIPTION         
Contact address: code(at)aiub.unibe.ch                      DESCRIPTION         
Data archive:    ftp.aiub.unibe.ch/CODE/                    DESCRIPTION         
                 www.aiub.unibe.ch/download/CODE/           DESCRIPTION         
  2025     4    13     0     0     0                        EPOCH OF FIRST MAP  
  2025     4    14     0     0     0                        EPOCH OF LAST MAP   
  3600                                                      INTERVAL            
[...]
azgb badg bake bako barh bjfs bndy boav bogo bogt bor1 braz COMMENT             
brft brst brux cags cas1 ccj2 cedu chpg chti chur ckis coco COMMENT             
cord cpvg cpxf cro1 daej darw dav1 dgar dhlg drao dubo ebre COMMENT             
faa1 fair flin flrs frdn func ganp glps glsv gode gol2 gold COMMENT             
gope gras graz guam guug harb hers hert hlfx hnpt hob2 hofn COMMENT             
holb hrao hyde iddr ieng iisc impz ineg invk iqal irkj jog2 COMMENT             
joz2 joze karr kerg kir0 kiri kiru kit3 kokb kokv koug kour COMMENT             
krgg lama laut lmmf lpal lpgs m0se mac1 madr mal2 mana mas1 COMMENT             
mat1 mate maui maw1 mcil mcm4 mdo1 medi mgue mizu mkea mnls COMMENT             
mobs morp mqzg mro1 mtka nano naur nium nklg nlib nnor not1 COMMENT             
nrc1 ntus nya1 nyal onsa opmt ous2 pado parc park pdel penc COMMENT             
pert pie1 pimo pohn pol2 polv pots pove ptag ptbb ptvl qaq1 COMMENT             
quin rabt ramo reyk rgdg rio2 roth salu samo sant savo sch2 COMMENT             
scor scrz sctb scub seyg sfer spt0 ssia sthl stjo stk2 str2 COMMENT             
suth sutm suwn sydn syog tash thtg thti thu2 tid1 tidb tlse COMMENT             
tn22 tro1 tskb twtf txes uclu ufpr unb3 unbj unsa urum usn7 COMMENT             
usud vald vill vtsp wab1 wab2 wark wgtn whit will wind wsrt COMMENT             
wtza wtzr wtzs wtzz wuhn xmis yar2 yar3 yarr yell ykro zeck COMMENT             
zim2 zim3 zimm                                              COMMENT             
                                                            END OF HEADER       
[from data line 4290]
    11                                                      START OF TEC MAP    
  2025     4    13    10     0     0                        EPOCH OF CURRENT MAP
    87.5-180.0 180.0   5.0 450.0                            LAT/LON1/LON2/DLON/H
  126  128  131  133  136  139  143  146  149  153  156  160  163  166  169  172
  175  178  180  182  184  185  186  187  188  188  188  187  187  186  184  183
  181  179  177  175  172  169  166  163  160  157  154  151  148  145  142  139
  136  134  131  129  127  125  123  122  121  119  118  118  117  117  117  116
  117  117  118  118  119  121  122  124  126
    85.0-180.0 180.0   5.0 450.0                            LAT/LON1/LON2/DLON/H
  112  115  118  122  126  131  137  143  149  156  162  169  175  181  187  193
  198  202  206  209  212  214  216  217  217  218  217  216  215  213  211  209
  206  203  199  195  191  186  181  176  171  166  160  155  150  145  140  136
  132  128  125  122  120  118  117  116  114  114  113  112  111  111  110  109
  109  108  108  107  107  108  109  110  112
    82.5-180.0 180.0   5.0 450.0                            LAT/LON1/LON2/DLON/H
  112  113  114  117  121  126  132  140  147  156  164  173  181  189  197  203
  209  214  218  221  224  225  226  226  226  226  225  224  223  222  221  219
  217  214  211  207  203  198  193  187  181  175  169  162  157  151  146  142
  139  136  135  134  134  135  136  137  138  140  141  142  142  141  140  138
  135  132  128  125  121  118  115  113  112
    80.0-180.0 180.0   5.0 450.0                            LAT/LON1/LON2/DLON/H
  128  124  121  121  123  126  131  138  145  154  163  172  181  189  196  202
  207  211  213  215  215  215  214  213  212  211  210  210  210  211  212  213
  213  213  213  212  209  206  202  197  192  186  180  175  170  165  162  160
  159  159  161  164  168  173  179  185  191  196  201  204  206  206  204  201
  195  188  179  170  161  151  142  135  128
    77.5-180.0 180.0   5.0 450.0                            LAT/LON1/LON2/DLON/H
  156  146  138  133  131  132  134  139  145  151  159  166  174  180  186  190
  193  195  195  194  192  189  186  183  181  180  180  181  183  187  191  196
  201  205  209  211  212  212  211  208  204  200  196  192  189  187  186  187
  190  194  200  207  216  226  237  249  260  270  279  286  291  292  290  284
  275  264  249  234  217  200  184  169  156
    75.0-180.0 180.0   5.0 450.0                            LAT/LON1/LON2/DLON/H
  186  171  158  149  144  141  141  143  146  150  154  159  163  167  170  172
  172  171  169  165  161  156  151  147  145  144  145  148  154  161  169  178
  187  196  204  211  216  219  220  220  219  217  215  214  214  215  217  221
  227  234  244  254  267  281  296  311  327  342  355  365  372  375  372  365
  353  337  318  296  273  249  226  205  186
    72.5-180.0 180.0   5.0 450.0                            LAT/LON1/LON2/DLON/H
  208  189  174  163  155  151  149  148  148  149  150  151  152  152  153  152
  150  148  144  139  133  127  122  118  115  116  118  124  132  141  153  166
  178  191  203  213  221  227  232  234  236  236  237  239  241  245  250  257
  264  274  284  295  308  322  338  355  372  389  405  417  426  429  427  418
  404  385  363  337  310  282  255  230  208
    70.0-180.0 180.0   5.0 450.0                            LAT/LON1/LON2/DLON/H
  210  191  176  166  159  155  153  152  151  149  147  144  142  139  137  135
  132  129  124  119  114  108  104  101  100  102  106  114  123  134  148  162
  177  191  205  218  229  238  244  250  254  257  260  264  269  275  281  289
  297  305  313  321  330  340  352  366  381  398  413  426  435  438  435  426
  411  391  368  341  313  285  258  232  210
    67.5-180.0 180.0   5.0 450.0                            LAT/LON1/LON2/DLON/H
  189  172  160  153  149  148  149  149  149  147  143  138  133  128  124  122
  119  116  113  110  105  102   99   98  100  104  110  118  127  139  151  165
  180  195  210  224  237  248  258  266  273  279  284  290  296  302  308  314
  320  324  326  328  329  331  335  342  352  364  377  388  395  397  393  383
  369  350  329  306  281  256  232  209  189
    65.0-180.0 180.0   5.0 450.0                            LAT/LON1/LON2/DLON/H
  149  136  127  124  124  128  133  138  140  140  136  131  124  119  115  112
  111  110  109  107  105  104  104  106  110  116  123  130  139  148  159  171
  184  199  214  230  245  259  271  283  292  301  308  315  320  325  329  331
  332  330  324  317  307  299  293  291  294  300  309  316  321  320  314  303
  289  274  257  240  222  203  184  165  149
    62.5-180.0 180.0   5.0 450.0                            LAT/LON1/LON2/DLON/H
  102   92   86   85   89   97  107  116  122  125  124  120  114  109  106  105
  106  107  108  108  107  108  111  116  122  130  137  144  150  156  163  173
  185  199  216  233  250  267  284  299  313  324  333  339  342  343  342  339
  333  324  311  294  275  256  240  229  225  226  230  234  234  230  221  209
  196  185  175  165  155  143  130  116  102
    60.0-180.0 180.0   5.0 450.0                            LAT/LON1/LON2/DLON/H
   65   54   48   47   52   61   73   86   97  104  107  105  102   98   96   97
  100  103  105  107  108  110  114  122  131  139  146  151  154  157  161  169
  181  196  214  233  254  275  296  316  334  349  359  363  362  358  350  339
  327  311  292  269  243  217  194  177  168  166  167  167  164  155  143  129
  118  110  107  106  104   99   89   77   65
    57.5-180.0 180.0   5.0 450.0                            LAT/LON1/LON2/DLON/H
   51   38   28   24   25   31   42   55   68   79   85   87   86   84   85   88
   92   97  100  101  102  105  111  120  131  141  147  150  150  150  153  160
  173  191  211  234  258  283  308  334  356  374  385  387  382  369  353  335
  316  296  274  248  220  192  168  150  140  137  137  136  130  118  102   87
   76   73   76   82   86   85   78   65   51
    55.0-180.0 180.0   5.0 450.0                            LAT/LON1/LON2/DLON/H
   68   51   36   25   18   17   21   30   42   54   63   67   69   69   71   76
   82   87   90   91   92   95  102  113  125  135  141  142  140  139  142  152
  168  189  212  238  264  292  322  352  379  400  412  412  400  380  356  330
  306  283  261  238  213  188  167  152  146  146  148  148  142  127  109   91
   81   80   88   99  107  108  100   86   68
    52.5-180.0 180.0   5.0 450.0                            LAT/LON1/LON2/DLON/H
  113   92   73   55   39   27   20   20   26   36   45   51   54   55   58   64
   70   76   79   80   80   83   90  103  116  128  134  134  131  130  135  149
  169  194  221  248  276  305  337  371  402  426  438  436  420  392  359  326
  298  275  255  237  219  202  188  180  179  185  191  194  189  175  155  136
  126  126  136  149  159  159  150  133  113
    50.0-180.0 180.0   5.0 450.0                            LAT/LON1/LON2/DLON/H
  171  152  132  110   86   61   41   28   26   30   36   41   44   45   48   54
   60   66   69   69   69   72   81   95  111  123  130  130  128  129  138  157
  182  210  239  266  293  322  355  390  424  450  464  460  440  406  366  328
  296  273  256  244  234  226  220  219  225  235  247  254  251  239  220  202
  191  191  200  213  221  219  209  191  171
    47.5-180.0 180.0   5.0 450.0                            LAT/LON1/LON2/DLON/H
  225  211  197  177  148  114   80   55   41   38   40   42   42   42   44   48
   54   59   62   62   63   67   77   93  111  126  135  137  136  140  154  176
  206  236  265  291  316  344  376  411  445  473  488  484  462  425  380  337
  302  278  263  255  251  249  250  255  264  277  292  303  305  297  281  264
  253  250  256  265  269  266  254  239  225
    45.0-180.0 180.0   5.0 450.0                            LAT/LON1/LON2/DLON/H
  254  252  249  237  211  172  130   94   71   59   55   53   51   48   47   49
   54   58   61   62   63   69   80   98  118  136  147  152  155  162  179  206
  238  269  297  321  343  369  399  433  468  496  512  509  487  449  403  357
  319  292  276  268  265  266  270  276  285  297  312  325  331  329  319  304
  292  285  285  286  286  280  270  260  254
    42.5-180.0 180.0   5.0 450.0                            LAT/LON1/LON2/DLON/H
  249  260  272  273  256  221  177  136  106   89   80   73   67   61   58   57
   60   63   65   67   70   76   88  107  129  150  165  174  180  191  211  241
  274  305  331  353  374  398  427  460  492  520  537  536  517  481  436  390
  350  319  297  284  279  278  280  283  288  295  305  317  328  332  328  317
  302  289  279  272  265  256  248  244  249
    40.0-180.0 180.0   5.0 450.0                            LAT/LON1/LON2/DLON/H
  211  233  258  274  270  246  208  169  139  119  107   98   88   80   74   72
   72   73   74   76   79   85   97  116  140  164  184  197  208  222  244  275
  309  340  365  386  408  433  461  491  521  547  564  567  552  521  480  436
  395  360  332  312  299  294  292  289  286  284  287  296  309  319  321  313
  294  272  250  232  217  205  198  199  211
    37.5-180.0 180.0   5.0 450.0                            LAT/LON1/LON2/DLON/H
  155  180  212  240  250  241  215  186  161  144  132  121  111  102   95   90
   88   86   86   88   90   95  105  123  148  175  199  217  232  250  275  307
  342  373  398  421  445  472  501  528  555  579  596  603  593  569  535  496
  457  420  386  358  339  328  322  314  303  291  284  288  300  314  321  313
  290  256  221  190  167  151  143  143  155
    35.0-180.0 180.0   5.0 450.0                            LAT/LON1/LON2/DLON/H
  104  121  150  181  203  208  198  182  168  157  148  139  130  122  116  111
  105  102  100  100  101  103  111  126  151  180  209  232  252  273  302  336
  372  405  433  459  488  518  546  572  594  615  633  642  640  623  597  567
  534  499  463  431  408  396  388  378  361  340  324  320  329  344  352  343
  313  268  218  175  144  123  109  102  104
    32.5-180.0 180.0   5.0 450.0                            LAT/LON1/LON2/DLON/H
   84   81   94  119  144  159  164  163  161  158  155  149  143  139  135  130
  123  117  113  111  110  110  114  127  151  182  215  243  268  295  328  366
  405  440  472  502  535  568  596  618  636  654  672  686  689  681  665  645
  622  595  563  533  513  503  500  492  474  448  424  412  416  428  433  420
  382  325  263  210  171  144  122  101   84
    30.0-180.0 180.0   5.0 450.0                            LAT/LON1/LON2/DLON/H
  111   80   68   76   94  113  126  137  145  151  153  152  150  150  149  146
  139  131  125  122  119  117  119  130  153  186  221  253  284  317  356  400
  444  483  517  551  587  621  647  665  679  694  713  731  740  740  734  726
  717  702  681  660  648  648  654  654  640  614  585  566  561  565  564  543
  497  431  360  300  256  224  192  153  111
    27.5-180.0 180.0   5.0 450.0                            LAT/LON1/LON2/DLON/H
  190  128   87   72   75   87  101  116  131  142  147  149  152  156  159  157
  150  142  136  132  128  125  127  138  161  194  230  267  303  344  390  441
  490  533  569  604  640  672  695  709  718  733  754  776  790  796  799  804
  810  811  805  798  800  812  831  843  837  815  785  759  745  737  725  695
  641  570  496  433  389  354  313  257  190
    25.0-180.0 180.0   5.0 450.0                            LAT/LON1/LON2/DLON/H
  307  221  154  115   99   97  102  113  127  138  144  147  151  158  164  164
  158  150  144  140  137  135  139  152  177  210  246  285  327  375  431  489
  543  588  624  658  690  719  737  746  753  769  793  819  838  848  859  874
  894  911  922  931  947  973 1003 1026 1030 1015  986  956  931  910  885  844
  784  712  640  581  540  506  461  393  307
    22.5-180.0 180.0   5.0 450.0                            LAT/LON1/LON2/DLON/H
  440  343  261  203  167  146  136  136  141  146  148  149  152  160  167  167
  161  154  149  146  145  147  155  173  200  233  268  307  354  410  474  539
  596  642  676  706  734  757  770  776  784  802  830  860  881  895  910  933
  963  992 1017 1040 1066 1101 1138 1167 1180 1172 1147 1115 1081 1046 1006  955
  892  822  758  708  675  646  603  533  440
    20.0-180.0 180.0   5.0 450.0                            LAT/LON1/LON2/DLON/H
  562  470  387  321  271  232  202  184  176  170  164  158  158  163  169  168
  162  155  151  149  151  157  172  197  228  260  292  330  380  443  514  583
  642  687  718  744  766  785  796  801  811  833  865  897  921  937  953  979
 1014 1049 1081 1110 1141 1176 1211 1240 1256 1254 1234 1202 1162 1116 1063 1003
  937  874  822  785  763  742  707  646  562
    17.5-180.0 180.0   5.0 450.0                            LAT/LON1/LON2/DLON/H
  650  578  510  449  393  338  290  253  228  209  191  177  169  170  172  169
  162  155  151  150  153  164  187  221  255  286  314  350  401  469  544  615
  674  716  745  767  787  803  815  823  837  863  899  932  956  972  989 1014
 1046 1080 1111 1138 1164 1190 1214 1235 1247 1248 1233 1204 1162 1109 1047  980
  914  859  820  798  787  778  755  712  650
    15.0-180.0 180.0   5.0 450.0                            LAT/LON1/LON2/DLON/H
  692  653  611  565  511  449  386  332  291  257  227  202  187  181  179  173
  164  157  152  149  152  166  197  239  278  307  331  363  414  483  560  630
  686  726  754  776  796  815  830  845  865  895  930  962  985 1000 1017 1039
 1064 1088 1109 1127 1140 1150 1157 1162 1166 1166 1156 1132 1093 1039  973  902
  838  790  763  753  753  753  746  725  692
    12.5-180.0 180.0   5.0 450.0                            LAT/LON1/LON2/DLON/H
  695  690  679  654  609  546  475  410  355  309  267  232  208  197  190  181
  171  162  154  149  149  165  201  249  292  320  340  368  417  486  560  627
  680  718  747  772  797  821  845  868  895  926  959  986 1005 1021 1038 1055
 1070 1080 1086 1089 1087 1078 1064 1052 1044 1041 1034 1018  986  937  873  802
  739  697  678  677  683  690  695  697  695
    10.0-180.0 180.0   5.0 450.0                            LAT/LON1/LON2/DLON/H
  676  699  714  710  678  619  547  476  413  357  305  261  231  215  205  194
  182  171  161  151  147  162  200  253  299  326  342  367  413  478  547  609
  658  696  729  760  792  825  858  890  922  953  980  999 1015 1031 1049 1064
 1069 1064 1054 1043 1027 1002  971  942  924  916  911  903  882  844  787  720
  658  617  602  604  611  621  633  652  676
     7.5-180.0 180.0   5.0 450.0                            LAT/LON1/LON2/DLON/H
  655  696  727  736  715  665  597  526  459  397  338  288  253  234  222  210
  198  186  173  158  148  159  197  251  298  326  340  362  405  464  527  582
  628  667  705  743  783  824  866  907  943  971  989  999 1010 1028 1050 1065
 1062 1045 1024 1003  979  946  906  869  844  832  828  825  817  794  749  687
  626  584  567  566  570  576  591  618  655
     5.0-180.0 180.0   5.0 450.0                            LAT/LON1/LON2/DLON/H
  654  697  731  744  729  686  625  559  493  427  364  310  273  252  240  228
  216  204  188  168  153  159  194  247  295  322  337  357  396  450  505  554
  596  638  680  725  771  818  867  913  951  974  981  981  988 1010 1038 1056
 1051 1027 1000  978  956  927  890  854  828  813  807  808  810  802  771  717
  658  612  589  581  578  578  588  615  654
     2.5-180.0 180.0   5.0 450.0                            LAT/LON1/LON2/DLON/H
  680  712  736  744  729  692  639  578  515  449  384  328  289  267  255  245
  233  220  203  181  162  162  192  241  288  318  334  354  390  437  486  529
  570  612  658  705  753  802  854  903  940  957  955  946  950  975 1011 1034
 1031 1008  984  969  958  944  921  896  875  859  849  849  857  862  845  802
  744  694  663  646  634  626  629  649  680
