ionex_files/COD0OPSFIN_20250890000_01D_01H_GIM.INX
     1.0            IONOSPHERE MAPS     GNSS                IONEX VERSION / TYPE
ADDNEQ2 V5.5        AIUB                03-APR-25 19:00     PGM / RUN BY / DATE 
CODE'S GLOBAL IONOSPHERE MAPS FOR DAY 089, 2025             COMMENT             
Global ionosphere maps (GIM) are generated on a daily basis DESCRIPTION         
at CODE using data from about 300 GNSS sites of the IGS and DESCRIPTION         
other institutions. The vertical total electron content     DESCRIPTION         
(VTEC) is modeled in a solar-geomagnetic reference frame    DESCRIPTION         
using a spherical harmonics expansion up to degree and      DESCRIPTION         
order 15. Piece-wise linear functions are used for          DESCRIPTION         
representation in the time domain. The time spacing of      DESCRIPTION         
their vertices is 1 hour, conforming with the epochs of the DESCRIPTION         
VTEC maps.                                                  DESCRIPTION         
To convert line-of-sight TEC into vertical TEC, a modified  DESCRIPTION         
single-layer model mapping function approximating the JPL   DESCRIPTION         
extended slab model mapping function is adopted. The        DESCRIPTION         
mapping function is evaluated at geodetic satellite         DESCRIPTION         
elevation angles. For the computation of the ionospheric    DESCRIPTION         
pierce points, a spherical layer with a radius of 6821 km   DESCRIPTION         
is assumed, implying geocentric, not geodetic IONEX         DESCRIPTION         
latitudes.                                                  DESCRIPTION         
Instrumental biases with respect to each involved GNSS code DESCRIPTION         
observable are estimated as constant values for each        DESCRIPTION         
day. They are modeled with one set of bias parameters for   DESCRIPTION         
each satellite and each station in case of GPS and for each DESCRIPTION         
satellite-station link in case of GLONASS. The code bias    DESCRIPTION         
datum is defined by zero-mean conditions imposed on the     DESCRIPTION         
satellite bias estimates. In this file, just GPS C1W-C2W    DESCRIPTION         
satellite and station bias values are included. The         DESCRIPTION         
complete set of GNSS code bias results is provided in an    DESCRIPTION         
additional Bias-SINEX file as pseudo-absolute values        DESCRIPTION         
specific to each observable.                                DESCRIPTION         
Note: These GIM results correspond to the results for the   DESCRIPTION         
middle day of a 3-day combination analysis solving for 73   DESCRIPTION         
times 256, or 18688 VTEC parameters and 3 daily sets of     DESCRIPTION         
GNSS code bias parameters.                                  DESCRIPTION         
Contact address: code(at)aiub.unibe.ch                      DESCRIPTION         
Data archive:    ftp.aiub.unibe.ch/CODE/                    DESCRIPTION         
                 www.aiub.unibe.ch/download/CODE/           DESCRIPTION         
  2025     3    30     0     0     0                        EPOCH OF FIRST MAP  
  2025     3    31     0     0     0                        EPOCH OF LAST MAP   
  3600                                                      INTERVAL            
[...]
azgb badg bake barh bjfs bndy boav bogo bogt bor1 braz brft COMMENT             
brst brux cags cas1 ccj2 cedu chpg chti chur ckis coco cord COMMENT             
cpvg cpxf cro1 daej darw dav1 dgar dhlg drao dubo ebre faa1 COMMENT             
fair flin flrs frdn func glps glsv gode gol2 gold gope gras COMMENT             
graz guam guug harb hers hert hlfx hnpt hob2 hofn holb hrao COMMENT             
iddr ieng iisc impz ineg invk iqal irkj jog2 joz2 karr kerg COMMENT             
kir0 kiri kiru kit3 kokb kokv koug kour krgg lama laut lmmf COMMENT             
lpal lpgs mac1 madr mal2 mana mas1 mat1 mate maui maw1 mcil COMMENT             
mcm4 mdo1 medi mgue mizu mkea mnls mobs morp mqzg mro1 mtka COMMENT             
nano naur nico nist nium nklg nlib nnor not1 nrc1 ntus nya1 COMMENT             
nyal onsa opmt ous2 pado parc park pdel penc pert pie1 pimo COMMENT             
pohn pol2 polv pots pove ptag ptbb ptvl qaq1 quin ramo reun COMMENT             
reyk rgdg rio2 roth salu samo sant savo sch2 scor scrz sctb COMMENT             
scub seyg sfer spt0 ssia sthl stjo stk2 str2 suth sutm suwn COMMENT             
sydn syog tash thtg thti thu2 tid1 tidb tlse tn22 tong tow2 COMMENT             
tro1 tskb twtf txes uclu ufpr ulab unb3 unbj unsa urum usn7 COMMENT             
usud vald vill vtsp wab1 wab2 whit will wind wsrt wtza wtzr COMMENT             
wtzs wtzz wuhn xmis yar2 yar3 yarr yell ykro zeck zim2 zim3 COMMENT             
zimm                                                        COMMENT             
                                                            END OF HEADER       
[from data line 4290]
    11                                                      START OF TEC MAP    
  2025     3    30    10     0     0                        EPOCH OF CURRENT MAP
    87.5-180.0 180.0   5.0 450.0                            LAT/LON1/LON2/DLON/H
  177  179  182  184  187  190  194  197  201  204  208  212  216  220  223  227
  230  234  237  240  243  245  248  250  252  254  255  256  257  258  258  258
  258  257  256  255  254  252  250  248  245  242  239  236  232  228  225  221
  217  213  209  205  201  197  193  190  187  184  181  179  177  175  173  172
  171  171  171  171  172  172  174  175  177
    85.0-180.0 180.0   5.0 450.0                            LAT/LON1/LON2/DLON/H
  153  156  160  164  169  174  180  186  192  199  205  212  218  225  231  237
  243  249  254  259  263  267  271  274  278  280  283  285  287  289  290  291
  292  292  292  291  290  288  286  283  280  275  271  265  259  253  246  239
  232  224  216  209  202  195  188  182  176  171  166  162  158  155  152  150
  148  147  146  146  146  147  149  151  153
    82.5-180.0 180.0   5.0 450.0                            LAT/LON1/LON2/DLON/H
  147  149  151  155  160  165  171  178  186  193  201  209  217  224  231  238
  245  251  256  261  266  270  274  278  281  284  287  290  294  297  300  303
  306  309  312  314  315  316  316  316  314  311  307  302  295  288  280  271
  261  251  241  231  221  212  204  196  189  183  178  173  169  166  162  159
  157  154  152  150  148  147  146  146  147
    80.0-180.0 180.0   5.0 450.0                            LAT/LON1/LON2/DLON/H
  158  156  155  157  159  163  168  174  180  187  194  202  209  215  222  228
  233  238  243  247  250  253  256  259  261  264  268  272  276  282  288  294
  301  308  315  321  328  334  338  342  344  345  344  342  338  332  324  315
  305  294  282  271  260  250  242  234  228  223  219  216  213  210  207  204
  199  194  189  183  177  171  165  161  158
    77.5-180.0 180.0   5.0 450.0                            LAT/LON1/LON2/DLON/H
  180  173  168  165  164  166  168  172  177  181  186  191  196  200  204  208
  211  214  216  218  220  221  223  224  226  228  232  236  242  250  259  269
  280  292  304  316  328  340  351  360  368  375  379  382  381  379  374  366
  357  346  335  323  313  303  296  290  287  285  284  284  283  282  279  274
  268  259  249  237  225  212  200  189  180
    75.0-180.0 180.0   5.0 450.0                            LAT/LON1/LON2/DLON/H
  204  191  182  175  172  170  171  172  174  176  178  179  180  181  181  182
  183  184  184  185  185  185  184  184  185  187  190  196  203  213  224  238
  253  269  286  303  321  338  354  370  384  397  407  415  421  423  421  417
  410  401  390  379  369  361  356  353  353  355  358  361  364  364  361  355
  345  332  315  297  277  257  238  220  204
    72.5-180.0 180.0   5.0 450.0                            LAT/LON1/LON2/DLON/H
  219  202  189  180  175  172  172  172  172  172  170  167  164  161  158  156
  155  154  154  154  153  153  152  151  151  152  156  162  170  181  195  211
  229  248  269  289  310  331  352  372  391  409  425  439  449  457  460  460
  455  448  438  428  419  412  409  409  412  418  425  432  436  436  432  423
  409  391  368  343  317  290  264  240  219
    70.0-180.0 180.0   5.0 450.0                            LAT/LON1/LON2/DLON/H
  217  198  183  174  169  168  168  169  169  167  163  157  151  144  139  134
  132  131  131  132  132  132  131  130  130  132  135  141  150  162  177  195
  214  235  257  280  302  325  347  369  391  411  431  449  465  477  485  488
  486  480  472  462  454  448  446  448  454  463  472  480  484  483  475  462
  443  419  391  362  330  299  269  241  217
    67.5-180.0 180.0   5.0 450.0                            LAT/LON1/LON2/DLON/H
  198  178  164  155  152  153  157  160  161  160  156  149  140  132  124  119
  117  117  119  121  123  124  124  124  125  127  130  137  146  159  174  192
  212  233  255  277  299  321  343  365  386  408  429  449  468  483  493  499
  500  496  488  479  470  464  463  466  473  483  492  498  499  494  481  462
  437  409  378  347  314  282  251  223  198
    65.0-180.0 180.0   5.0 450.0                            LAT/LON1/LON2/DLON/H
  168  148  134  127  126  130  136  143  148  150  147  141  132  123  115  111
  110  111  115  119  122  125  127  128  130  133  138  145  154  166  181  199
  219  239  261  282  303  323  343  363  383  403  423  443  461  477  490  498
  500  497  490  480  471  465  463  465  472  481  487  489  485  472  451  425
  396  365  334  304  275  246  218  192  168
    62.5-180.0 180.0   5.0 450.0                            LAT/LON1/LON2/DLON/H
  137  118  104   97   97  102  111  121  129  134  135  131  125  117  111  107
  107  110  116  121  126  130  133  136  139  144  150  158  168  180  195  212
  232  252  273  294  313  332  350  367  384  401  418  436  453  468  481  489
  492  490  483  474  464  456  453  454  459  464  467  463  450  428  400  367
  333  302  274  250  228  206  183  159  137
    60.0-180.0 180.0   5.0 450.0                            LAT/LON1/LON2/DLON/H
  120  100   85   76   74   77   86   97  108  116  121  121  118  113  108  106
  107  111  117  123  128  131  135  140  146  153  161  170  181  194  209  227
  247  268  289  310  329  347  363  378  393  406  420  434  449  462  474  482
  485  484  478  468  458  449  444  442  444  445  442  432  411  381  344  306
  270  240  218  202  189  176  160  141  120
    57.5-180.0 180.0   5.0 450.0                            LAT/LON1/LON2/DLON/H
  125  104   86   74   67   67   71   79   89   99  107  111  111  109  106  106
  107  112  117  121  124  127  131  137  146  156  167  179  191  205  222  241
  263  286  308  329  348  366  382  397  410  421  432  443  454  465  474  482
  486  485  479  470  459  449  441  437  436  433  425  409  382  346  303  261
  225  199  184  177  174  170  160  145  125
    55.0-180.0 180.0   5.0 450.0                            LAT/LON1/LON2/DLON/H
  154  133  113   97   85   77   74   75   80   88   97  103  106  106  105  105
  107  110  114  116  117  118  122  130  141  154  169  183  198  214  233  255
  279  304  327  350  370  389  406  421  434  444  453  461  470  478  486  492
  496  495  490  481  470  459  449  442  437  431  421  401  372  333  288  246
  211  189  180  181  186  189  185  173  154
    52.5-180.0 180.0   5.0 450.0                            LAT/LON1/LON2/DLON/H
  200  181  162  144  128  112   98   89   85   88   94  101  105  106  105  104
  106  108  110  110  109  108  112  121  134  151  169  186  203  222  244  269
  296  323  348  371  393  413  431  448  462  473  482  488  494  500  506  511
  514  513  509  501  489  477  465  455  448  440  428  409  380  343  301  260
  228  209  203  208  218  225  225  216  200
    50.0-180.0 180.0   5.0 450.0                            LAT/LON1/LON2/DLON/H
  248  234  220  205  187  166  142  121  106  101  102  106  109  108  106  105
  106  108  109  108  105  103  106  116  132  152  172  192  211  232  257  285
  314  343  369  393  415  436  458  477  493  505  514  519  524  528  532  535
  536  534  530  522  510  497  483  471  461  452  441  425  401  369  332  296
  266  247  241  246  255  264  265  259  248
    47.5-180.0 180.0   5.0 450.0                            LAT/LON1/LON2/DLON/H
  280  274  269  262  249  226  195  164  139  125  120  120  119  116  112  109
  109  112  113  111  108  106  110  121  139  160  182  203  224  246  273  303
  333  362  389  412  436  459  484  506  525  538  547  552  555  557  559  558
  557  553  547  539  528  513  497  482  470  461  453  441  424  399  369  337
  308  287  277  276  280  286  288  285  280
    45.0-180.0 180.0   5.0 450.0                            LAT/LON1/LON2/DLON/H
  283  288  295  300  294  275  243  207  175  154  144  139  135  128  121  117
  117  120  123  123  121  120  124  135  154  176  199  220  241  264  290  320
  351  379  405  430  455  482  510  536  558  572  580  584  586  586  584  580
  574  567  560  551  539  524  506  488  474  464  456  449  438  420  397  369
  341  315  296  285  281  280  281  281  283
    42.5-180.0 180.0   5.0 450.0                            LAT/LON1/LON2/DLON/H
  253  267  285  303  309  298  271  236  203  181  169  162  154  145  135  129
  129  133  138  140  140  140  145  156  175  196  218  239  259  281  307  335
  364  392  418  444  473  506  539  569  593  609  616  619  618  616  610  602
  592  581  571  561  548  532  512  491  474  461  453  447  439  427  408  383
  353  322  292  270  255  247  244  246  253
    40.0-180.0 180.0   5.0 450.0                            LAT/LON1/LON2/DLON/H
  199  217  242  268  285  286  268  241  215  197  188  183  175  164  153  146
  146  150  156  160  162  163  168  178  194  215  236  256  276  297  320  345
  371  398  425  456  492  532  572  607  634  650  657  659  657  653  644  632
  617  601  588  577  564  547  524  500  477  460  448  439  430  419  402  379
  348  311  273  239  214  198  190  190  199
    37.5-180.0 180.0   5.0 450.0                            LAT/LON1/LON2/DLON/H
  140  155  179  207  230  239  234  220  206  199  198  198  193  184  173  166
  165  168  174  178  181  182  185  193  207  227  248  269  288  307  327  349
  373  399  430  468  512  561  609  650  680  698  706  709  707  703  694  679
  659  640  624  611  598  579  553  524  495  471  452  436  421  406  388  365
  334  295  252  211  177  154  141  136  140
    35.0-180.0 180.0   5.0 450.0                            LAT/LON1/LON2/DLON/H
  101  105  118  138  159  174  179  179  180  186  197  205  208  203  195  188
  184  185  188  192  193  193  193  198  210  228  251  274  295  313  331  350
  372  400  436  481  536  594  649  696  731  752  764  770  773  772  765  750
  728  706  687  672  657  636  607  572  535  502  473  447  422  400  379  356
  328  292  250  207  169  139  119  106  101
    32.5-180.0 180.0   5.0 450.0                            LAT/LON1/LON2/DLON/H
  103   91   86   90  100  112  123  134  148  166  188  206  216  218  214  208
  203  200  199  199  197  194  190  191  200  220  246  273  298  318  335  353
  376  406  448  501  564  629  690  741  780  808  827  841  852  859  858  846
  825  801  780  763  746  721  687  645  601  558  518  480  444  412  386  364
  341  314  280  241  204  171  144  122  103
    30.0-180.0 180.0   5.0 450.0                            LAT/LON1/LON2/DLON/H
  159  129  103   86   80   82   91  105  124  150  178  203  220  229  230  226
  220  212  206  201  195  187  179  176  184  205  237  271  301  324  344  364
  388  423  469  529  596  664  727  780  824  859  888  914  938  957  965  960
  942  918  895  876  856  827  787  739  687  635  585  536  489  448  417  396
  382  367  347  318  285  252  220  189  159
    27.5-180.0 180.0   5.0 450.0                            LAT/LON1/LON2/DLON/H
  263  221  179  142  116  103  102  110  126  148  174  200  221  235  241  239
  232  221  210  201  190  177  164  157  165  191  229  271  307  336  361  385
  415  453  503  564  630  696  755  808  854  897  939  979 1018 1051 1071 1075
 1062 1039 1015  994  970  938  894  839  781  723  666  609  554  506  470  452
  446  446  442  427  402  370  336  301  263
    25.0-180.0 180.0   5.0 450.0                            LAT/LON1/LON2/DLON/H
  399  355  304  254  212  183  168  161  163  171  185  203  222  237  246  247
  239  227  214  200  186  169  151  143  152  182  228  277  320  356  388  419
  454  496  547  605  665  722  774  821  869  918  971 1025 1078 1125 1158 1170
 1162 1142 1118 1095 1069 1035  988  931  869  808  748  688  629  576  538  519
  521  534  546  545  529  501  469  436  399
    22.5-180.0 180.0   5.0 450.0                            LAT/LON1/LON2/DLON/H
  537  503  456  404  354  313  282  257  235  219  213  215  225  236  245  247
  242  231  217  202  185  165  145  136  148  184  236  290  339  382  421  461
  503  548  595  646  696  741  782  822  867  920  979 1043 1106 1163 1205 1224
 1222 1204 1181 1158 1133 1100 1054  998  937  877  819  761  703  649  607  586
  589  610  634  645  637  615  589  563  537
    20.0-180.0 180.0   5.0 450.0                            LAT/LON1/LON2/DLON/H
  649  634  604  561  513  468  425  381  334  290  256  236  231  235  240  243
  240  232  221  207  189  166  146  138  155  196  252  310  363  410  457  506
  553  599  642  682  720  753  782  814  854  905  965 1030 1096 1156 1201 1224
 1225 1209 1189 1171 1151 1124 1084 1033  978  923  871  819  765  711  665  637
  635  657  686  705  704  687  669  657  649
    17.5-180.0 180.0   5.0 450.0                            LAT/LON1/LON2/DLON/H
  713  722  715  690  654  614  567  509  440  368  307  264  242  234  234  236
  236  233  226  213  195  172  152  149  170  216  275  333  386  436  489  544
  596  641  678  709  737  760  781  804  837  881  933  991 1050 1104 1146 1169
 1170 1158 1144 1133 1123 1107 1079 1039  993  946  902  858  810  757  705  666
  652  666  693  714  717  706  696  700  713
    15.0-180.0 180.0   5.0 450.0                            LAT/LON1/LON2/DLON/H
  722  753  769  764  746  719  677  614  531  440  357  294  255  235  229  229
  232  233  230  219  200  177  160  162  190  240  299  355  405  455  512  571
  625  668  699  723  745  764  781  800  824  856  894  936  980 1021 1054 1070
 1071 1063 1058 1059 1065 1064 1051 1025  990  953  918  882  840  787  727  674
  643  642  660  679  683  676  674  691  722
    12.5-180.0 180.0   5.0 450.0                            LAT/LON1/LON2/DLON/H
  688  731  761  773  771  760  731  674  589  489  394  319  269  240  226  225
  229  234  233  223  203  180  166  174  209  263  321  372  418  466  523  584
  637  677  703  725  747  768  787  804  821  839  859  881  904  927  945  954
  953  951  957  975  997 1015 1018 1007  984  956  928  898  860  806  737  668
  618  599  606  619  623  619  622  646  688
    10.0-180.0 180.0   5.0 450.0                            LAT/LON1/LON2/DLON/H
  632  675  706  723  732  734  721  677  601  505  410  333  279  245  228  225
  230  236  236  223  201  178  168  182  223  280  337  383  423  468  522  582
  633  669  693  716  742  772  798  817  829  835  837  838  841  846  849  849
  848  853  873  907  947  980  999  999  986  965  942  914  876  820  744  662
  595  560  553  560  564  562  567  591  632
     7.5-180.0 180.0   5.0 450.0                            LAT/LON1/LON2/DLON/H
  584  613  631  640  648  658  658  630  569  487  403  333  284  251  234  229
  234  239  236  220  195  172  165  185  231  290  345  388  424  464  515  570
  618  651  674  700  734  774  809  834  845  843  833  819  806  797  789  783
  782  796  829  878  932  976 1003 1010 1002  985  962  934  894  835  754  665
  588  541  526  528  532  531  535  554  584
     5.0-180.0 180.0   5.0 450.0                            LAT/LON1/LON2/DLON/H
  568  575  570  560  556  562  567  552  507  442  375  320  281  255  240  236
  240  243  236  215  186  163  160  184  233  292  346  387  420  457  503  554
  597  628  652  681  722  771  816  848  862  859  845  826  807  791  778  770
  773  795  839  898  959 1006 1032 1038 1030 1012  987  956  912  850  770  682
  604  553  535  536  541  542  545  555  568
     2.5-180.0 180.0   5.0 450.0                            LAT/LON1/LON2/DLON/H
  596  581  551  515  489  482  481  470  437  387  337  298  272  255  245  243
  245  245  233  209  179  157  155  181  230  288  342  382  415  449  492  538
  577  606  630  662  707  761  812  850  871  875  868  855  841  828  817  812
  820  849  899  962 1020 1059 1075 1073 1059 1037 1009  972  924  862  787  708
  638  594  578  581  589  594  596  598  596
