ionex_files/COD0OPSFIN_20250850000_01D_01H_GIM.INX
     1.0            IONOSPHERE MAPS     GNSS                IONEX VERSION / TYPE
ADDNEQ2 V5.5        AIUB                30-MAR-25 18:56     PGM / RUN BY / DATE 
CODE'S GLOBAL IONOSPHERE MAPS FOR DAY 085, 2025             COMMENT             
Global ionosphere maps (GIM) are generated on a daily basis DESCRIPTION         
at CODE using data from about 300 GNSS sites of the IGS and DESCRIPTION         
other institutions. The vertical total electron content     DESCRIPTION         
(VTEC) is modeled in a solar-geomagnetic reference frame    DESCRIPTION         
using a spherical harmonics expansion up to degree and      DESCRIPTION         
order 15. Piece-wise linear functions are used for          DESCRIPTION         
representation in the time domain. The time spacing of      DESCRIPTION         
their vertices is 1 hour, conforming with the epochs of the DESCRIPTION         
VTEC maps.                                                  DESCRIPTION         
To convert line-of-sight TEC into vertical TEC, a modified  DESCRIPTION         
single-layer model mapping function approximating the JPL   DESCRIPTION         
extended slab model mapping function is adopted. The        DESCRIPTION         
mapping function is evaluated at geodetic satellite         DESCRIPTION         
elevation angles. For the computation of the ionospheric    DESCRIPTION         
pierce points, a spherical layer with a radius of 6821 km   DESCRIPTION         
is assumed, implying geocentric, not geodetic IONEX         DESCRIPTION         
latitudes.                                                  DESCRIPTION         
Instrumental biases with respect to each involved GNSS code DESCRIPTION         
observable are estimated as constant values for each        DESCRIPTION         
day. They are modeled with one set of bias parameters for   DESCRIPTION         
each satellite and each station in case of GPS and for each DESCRIPTION         
satellite-station link in case of GLONASS. The code bias    DESCRIPTION         
datum is defined by zero-mean conditions imposed on the     DESCRIPTION         
satellite bias estimates. In this file, just GPS C1W-C2W    DESCRIPTION         
satellite and station bias values are included. The         DESCRIPTION         
complete set of GNSS code bias results is provided in an    DESCRIPTION         
additional Bias-SINEX file as pseudo-absolute values        DESCRIPTION         
specific to each observable.                                DESCRIPTION         
Note: These GIM results correspond to the results for the   DESCRIPTION         
middle day of a 3-day combination analysis solving for 73   DESCRIPTION         
times 256, or 18688 VTEC parameters and 3 daily sets of     DESCRIPTION         
GNSS code bias parameters.                                  DESCRIPTION         
Contact address: code(at)aiub.unibe.ch                      DESCRIPTION         
Data archive:    ftp.aiub.unibe.ch/CODE/                    DESCRIPTION         
                 www.aiub.unibe.ch/download/CODE/           DESCRIPTION         
  2025     3    26     0     0     0                        EPOCH OF FIRST MAP  
  2025     3    27     0     0     0                        EPOCH OF LAST MAP   
  3600                                                      INTERVAL            
[...]
abpo adis albh algo alic amu2 antc areg areq ascg aspa auck COMMENT             
azgb badg bake barh bjfs bndy boav bogo bogt bor1 braz brft COMMENT             
brst brux cags cas1 ccj2 cedu chpg chti chur ckis coco cord COMMENT             
cpvg cpxf cro1 daej darw dav1 dgar dhlg drao dubo ebre faa1 COMMENT             
fair flin flrs frdn func ganp glps glsv gode gol2 gold gope COMMENT             
gras graz guam guug harb hers hert hlfx hnpt hob2 hofn holb COMMENT             
hrao hyde iddr ieng iisc impz ineg invk iqal irkj jog2 joz2 COMMENT             
karr kerg kir0 kiri kiru kit3 kokb kokv koug kour krgg lama COMMENT             
laut lmmf lpal lpgs mac1 madr mana mas1 mat1 mate maui maw1 COMMENT             
mcil mcm4 mdo1 medi mgue mizu mkea mnls mobs morp mqzg mro1 COMMENT             
mtka nano naur nico nist nium nklg nlib nnor nrc1 ntus nya1 COMMENT             
nyal onsa opmt ous2 pado parc park penc pert pie1 pimo pohn COMMENT             
pol2 pots pove ptag ptbb ptvl qaq1 quin rabt ramo reun reyk COMMENT             
rgdg rio2 roth salu samo sant savo sch2 scor scrz sctb scub COMMENT             
seyg sfer spt0 ssia sthl stjo stk2 str2 suth sutm suwn sydn COMMENT             
syog tash thtg thti thu2 tid1 tidb tlse tn22 tong tow2 tro1 COMMENT             
tskb twtf txes uclu ufpr ulab unb3 unbj unsa urum usn7 usud COMMENT             
vald vill vtsp wab1 wab2 whit will wind wsrt wtza wtzr wtzs COMMENT             
wtzz wuhn xmis yar2 yarr yell ykro zeck zim2 zim3 zimm      COMMENT             
                                                            END OF HEADER       
[from data line 3861]
    10                                                      START OF TEC MAP    
  2025     3    26     9     0     0                        EPOCH OF CURRENT MAP
    87.5-180.0 180.0   5.0 450.0                            LAT/LON1/LON2/DLON/H
  121  122  123  125  126  128  129  131  133  135  137  139  141  143  145  146
  148  150  151  152  154  155  156  157  158  159  159  160  160  161  161  161
  161  161  161  161  160  160  159  158  157  156  155  154  153  151  150  148
  146  145  143  141  139  137  135  133  131  130  128  126  125  123  122  121
  120  120  119  119  119  119  119  120  121
    85.0-180.0 180.0   5.0 450.0                            LAT/LON1/LON2/DLON/H
  104  106  108  111  114  117  120  124  127  131  135  138  141  145  148  150
  153  155  157  159  161  162  164  165  167  168  169  170  171  172  173  173
  174  174  174  174  174  174  174  173  173  172  171  170  168  167  165  163
  160  158  155  152  148  144  141  137  133  129  125  121  118  115  112  109
  107  105  104  103  102  102  102  103  104
    82.5-180.0 180.0   5.0 450.0                            LAT/LON1/LON2/DLON/H
   97   98  100  102  106  110  114  118  123  128  132  137  141  144  147  150
  152  153  155  156  157  159  160  161  163  165  167  169  171  173  175  177
  178  180  181  183  184  184  185  186  187  187  188  188  188  188  188  187
  186  183  181  177  173  168  163  157  151  145  139  134  128  123  119  115
  111  108  105  102  100   98   97   97   97
    80.0-180.0 180.0   5.0 450.0                            LAT/LON1/LON2/DLON/H
  102  100  100  101  103  106  110  115  120  125  130  134  138  140  142  143
  144  144  144  144  144  144  145  146  148  151  154  158  162  166  170  174
  178  182  185  188  190  193  195  197  200  203  206  209  212  216  219  221
  222  222  220  218  213  208  201  194  187  179  172  165  159  153  148  143
  138  133  128  123  118  113  109  105  102
    77.5-180.0 180.0   5.0 450.0                            LAT/LON1/LON2/DLON/H
  119  112  107  104  104  106  109  113  118  123  127  131  133  134  134  133
  132  129  127  125  124  123  124  125  128  132  137  143  149  156  164  171
  177  184  189  194  199  203  206  210  214  219  225  232  239  247  254  261
  266  269  270  268  264  259  251  243  234  225  218  211  205  200  195  191
  186  180  173  165  156  146  136  127  119
    75.0-180.0 180.0   5.0 450.0                            LAT/LON1/LON2/DLON/H
  142  128  118  110  107  106  108  112  116  121  124  127  128  128  126  122
  118  114  110  106  104  103  104  106  110  115  122  130  139  149  159  169
  179  189  197  205  211  216  221  226  231  238  246  255  266  278  290  301
  311  318  321  321  318  311  303  293  283  274  267  262  258  256  254  251
  248  242  233  222  208  192  175  157  142
    72.5-180.0 180.0   5.0 450.0                            LAT/LON1/LON2/DLON/H
  164  143  127  115  108  105  106  109  113  117  121  123  123  121  118  113
  107  102   97   93   90   90   91   94   99  106  114  123  133  145  158  171
  185  198  210  220  228  235  241  246  251  258  267  278  292  306  322  337
  350  359  365  366  362  355  345  334  324  315  309  306  306  308  310  311
  310  305  295  280  261  238  213  188  164
    70.0-180.0 180.0   5.0 450.0                            LAT/LON1/LON2/DLON/H
  179  153  131  115  105  101  101  103  108  112  115  117  117  115  111  106
  101   95   90   87   86   86   89   94  100  106  114  123  133  145  160  175
  192  209  225  238  249  258  265  270  275  281  289  300  313  329  345  362
  376  387  393  394  390  382  371  359  348  340  336  336  339  345  351  356
  357  353  343  325  302  273  242  210  179
    67.5-180.0 180.0   5.0 450.0                            LAT/LON1/LON2/DLON/H
  184  153  128  110   98   93   92   95   99  104  107  109  110  109  106  102
   98   93   90   88   89   92   97  103  109  115  122  128  137  147  161  178
  198  218  238  256  271  283  291  297  301  306  312  320  331  344  359  374
  388  398  403  403  397  388  376  363  352  345  343  345  351  360  369  376
  379  376  365  347  321  290  255  218  184
    65.0-180.0 180.0   5.0 450.0                            LAT/LON1/LON2/DLON/H
  179  147  121  102   90   84   82   84   88   92   96   99  100  101  100   99
   97   94   93   93   96  101  108  116  123  128  132  135  140  147  160  177
  199  223  248  271  291  306  317  324  329  332  336  340  347  355  366  377
  387  393  396  394  386  376  363  351  341  335  334  337  344  353  362  369
  372  368  358  340  315  285  250  214  179
    62.5-180.0 180.0   5.0 450.0                            LAT/LON1/LON2/DLON/H
  170  141  116   97   83   76   73   73   75   78   81   85   88   91   93   94
   95   95   95   97  101  108  117  127  135  139  140  140  140  144  154  172
  196  224  253  281  305  325  340  350  357  360  361  362  363  365  369  374
  379  381  379  374  365  354  342  331  323  318  317  320  325  331  336  339
  339  335  326  311  290  264  234  202  170
    60.0-180.0 180.0   5.0 450.0                            LAT/LON1/LON2/DLON/H
  168  142  119   99   84   73   67   63   63   64   66   70   74   79   84   88
   91   92   93   95  100  108  119  130  139  144  143  139  136  137  145  163
  190  221  254  287  315  340  360  374  384  389  389  386  382  378  376  374
  372  369  363  355  344  332  321  312  306  303  302  303  303  303  302  299
  294  288  280  270  256  239  218  193  168
    57.5-180.0 180.0   5.0 450.0                            LAT/LON1/LON2/DLON/H
  177  156  134  113   94   79   67   59   54   52   53   56   60   67   74   80
   84   86   86   87   91   99  111  124  135  140  139  133  128  127  136  155
  184  219  255  290  322  351  376  396  411  418  419  414  406  398  390  383
  376  367  357  345  332  320  310  303  299  298  297  295  290  282  272  261
  252  244  238  234  229  222  211  196  177
    55.0-180.0 180.0   5.0 450.0                            LAT/LON1/LON2/DLON/H
  202  185  163  139  116   94   76   62   52   47   44   46   50   56   64   71
   75   77   76   74   76   83   95  109  122  129  129  123  118  118  129  151
  183  220  258  295  329  360  390  416  436  448  451  446  436  425  414  404
  394  381  367  351  335  322  313  308  306  306  305  300  290  275  257  240
  225  216  212  214  218  221  220  214  202
    52.5-180.0 180.0   5.0 450.0                            LAT/LON1/LON2/DLON/H
  238  223  201  174  146  118   93   73   58   48   44   43   45   50   57   64
   68   69   66   62   61   66   77   92  106  115  116  113  109  112  125  151
  186  226  265  302  336  370  404  436  462  478  484  480  470  458  448  437
  426  412  393  374  355  339  329  325  324  325  324  318  305  285  262  239
  221  212  211  217  228  238  245  245  238
    50.0-180.0 180.0   5.0 450.0                            LAT/LON1/LON2/DLON/H
  274  261  239  211  178  145  115   89   71   58   51   48   47   50   54   60
   64   65   61   56   52   55   64   79   93  103  106  104  102  108  126  156
  195  237  276  312  346  381  418  455  487  508  516  514  505  495  487  480
  470  454  434  410  387  368  356  350  349  350  349  342  329  308  283  259
  241  231  232  240  253  266  276  279  274
    47.5-180.0 180.0   5.0 450.0                            LAT/LON1/LON2/DLON/H
  299  287  267  239  206  171  138  109   88   74   66   61   57   56   57   61
   66   68   65   59   54   55   62   75   88   97  100   98   98  107  128  162
  204  248  289  324  357  393  433  475  512  537  548  546  540  534  530  526
  519  504  481  454  427  404  388  378  374  373  372  366  354  336  314  292
  275  267  266  273  283  294  301  304  299
    45.0-180.0 180.0   5.0 450.0                            LAT/LON1/LON2/DLON/H
  303  293  276  253  223  190  157  128  107   94   85   79   72   67   65   68
   74   78   79   74   69   68   73   84   94  100  101   98   98  107  130  166
  211  258  299  335  369  407  451  497  537  565  577  577  573  571  571  572
  568  554  531  502  472  444  423  408  398  393  389  384  375  362  345  328
  314  306  302  303  306  309  310  309  303
    42.5-180.0 180.0   5.0 450.0                            LAT/LON1/LON2/DLON/H
  283  275  264  248  226  199  170  144  124  112  105   99   91   83   78   80
   88   96  100   99   94   93   96  104  110  112  108  102   99  108  130  167
  214  262  307  345  382  423  470  519  562  592  606  608  606  608  613  618
  617  605  583  553  521  490  463  440  423  410  402  395  389  380  370  359
  348  338  329  320  312  304  297  290  283
    40.0-180.0 180.0   5.0 450.0                            LAT/LON1/LON2/DLON/H
  245  240  235  228  216  198  175  154  137  128  124  119  111  101   94   97
  106  119  127  128  125  123  126  131  134  131  121  110  104  110  131  167
  214  264  312  354  396  441  491  543  588  619  635  640  643  648  657  665
  667  658  638  610  579  546  513  482  454  431  415  404  397  393  388  381
  371  358  341  322  301  282  265  253  245
    37.5-180.0 180.0   5.0 450.0                            LAT/LON1/LON2/DLON/H
  202  198  199  200  198  189  175  158  146  140  138  136  129  119  112  115
  127  142  153  156  154  153  155  160  160  152  138  123  114  117  136  169
  215  267  318  366  414  463  517  570  616  648  668  678  686  696  709  720
  724  719  704  680  652  618  581  541  501  465  437  419  409  404  402  397
  386  368  343  314  283  254  230  212  202
    35.0-180.0 180.0   5.0 450.0                            LAT/LON1/LON2/DLON/H
  173  168  169  174  179  179  172  161  151  148  149  150  146  137  130  133
  146  163  175  178  176  175  179  184  183  173  156  139  130  133  150  181
  225  277  331  385  438  492  547  600  646  680  705  723  739  756  774  788
  795  795  786  769  745  712  670  621  569  520  479  450  433  425  422  416
  402  378  346  309  271  237  208  187  173
    32.5-180.0 180.0   5.0 450.0                            LAT/LON1/LON2/DLON/H
  174  162  158  161  168  173  171  164  157  155  158  162  160  153  146  149
  162  178  189  191  187  187  193  201  201  191  174  160  154  161  180  209
  250  300  357  414  472  529  583  634  679  716  747  776  803  829  852  870
  882  887  885  876  856  824  778  721  658  597  543  503  477  464  457  448
  430  401  364  323  283  247  217  192  174
    30.0-180.0 180.0   5.0 450.0                            LAT/LON1/LON2/DLON/H
  212  189  173  168  170  176  177  173  166  164  168  173  173  167  161  162
  173  186  194  193  188  188  197  208  212  204  191  183  187  203  226  255
  292  340  396  456  516  573  626  673  714  754  793  834  874  909  939  963
  980  992  997  993  976  944  895  832  762  692  630  580  545  525  514  501
  479  447  407  367  330  296  266  238  212
    27.5-180.0 180.0   5.0 450.0                            LAT/LON1/LON2/DLON/H
  283  247  216  196  190  191  193  189  183  179  181  185  185  179  172  171
  178  187  190  186  180  181  193  209  216  213  206  208  226  255  286  316
  350  394  447  507  567  623  672  714  752  793  840  892  944  990 1027 1057
 1079 1096 1105 1104 1089 1055 1004  939  867  795  729  674  634  609  594  578
  553  519  481  445  412  382  352  319  283
    25.0-180.0 180.0   5.0 450.0                            LAT/LON1/LON2/DLON/H
  375  326  279  243  224  219  219  215  208  202  200  201  199  192  182  176
  177  181  181  175  168  171  186  205  216  216  217  232  267  312  354  387
  417  455  505  563  622  675  720  757  791  832  884  945 1007 1061 1103 1137
 1163 1182 1192 1190 1173 1138 1087 1024  957  892  831  777  735  709  691  673
  647  613  578  547  520  492  459  420  375
    22.5-180.0 180.0   5.0 450.0                            LAT/LON1/LON2/DLON/H
  468  410  352  303  271  258  254  250  243  234  228  224  217  206  191  178
  172  171  169  163  159  164  181  201  213  216  224  252  304  366  418  455
  483  516  562  616  673  724  765  797  828  868  922  988 1053 1110 1155 1189
 1215 1232 1238 1231 1210 1175 1128 1074 1021  970  921  875  837  811  794  775
  749  716  686  660  635  605  566  520  468
    20.0-180.0 180.0   5.0 450.0                            LAT/LON1/LON2/DLON/H
  543  485  424  367  326  304  297  293  285  275  263  253  240  222  201  181
  167  161  158  155  155  163  181  201  211  215  227  265  332  408  470  510
  537  567  609  661  716  764  803  833  862  899  952 1015 1078 1132 1173 1204
 1224 1233 1230 1216 1193 1161 1124 1086 1053 1024  993  960  929  906  890  871
  844  813  786  762  735  698  650  598  543
    17.5-180.0 180.0   5.0 450.0                            LAT/LON1/LON2/DLON/H
  589  542  488  432  385  357  346  341  334  322  306  289  269  244  215  187
  166  155  153  155  160  170  188  204  211  212  226  271  347  434  502  544
  571  600  642  693  746  793  832  862  890  925  972 1028 1082 1126 1158 1179
 1188 1183 1168 1147 1125 1102 1081 1065 1057 1053 1044 1025 1002  983  967  947
  919  888  862  838  805  756  697  639  589
    15.0-180.0 180.0   5.0 450.0                            LAT/LON1/LON2/DLON/H
  606  578  543  496  449  415  399  393  387  374  355  331  304  272  236  199
  171  157  156  163  173  185  200  212  214  211  223  270  350  440  512  555
  583  615  659  710  762  809  849  882  911  944  985 1029 1069 1099 1117 1124
 1117 1095 1066 1041 1025 1019 1020 1029 1047 1067 1078 1071 1055 1037 1020  997
  966  933  905  878  837  775  704  645  606
    12.5-180.0 180.0   5.0 450.0                            LAT/LON1/LON2/DLON/H
  605  603  592  560  516  478  457  448  442  428  406  376  342  305  263  220
  186  168  168  179  192  205  216  223  219  212  221  265  343  431  501  545
  577  614  662  715  766  813  854  891  924  956  990 1023 1048 1062 1065 1055
 1030  991  951  925  923  939  966 1000 1040 1079 1102 1103 1088 1068 1046 1018
  982  945  916  885  836  762  682  626  605
    10.0-180.0 180.0   5.0 450.0                            LAT/LON1/LON2/DLON/H
  602  627  643  628  588  546  518  504  496  481  456  422  382  340  295  249
  211  190  189  201  215  225  233  234  227  216  221  259  330  412  477  521
  557  602  656  711  761  805  849  890  928  962  991 1014 1026 1027 1017  993
  952  898  852  833  850  892  944  997 1051 1098 1125 1125 1105 1079 1051 1016
  973  932  901  869  816  736  653  603  602
     7.5-180.0 180.0   5.0 450.0                            LAT/LON1/LON2/DLON/H
  614  663  701  700  664  617  581  560  547  530  501  462  418  373  327  281
  242  219  216  226  236  243  246  245  236  224  225  255  316  387  446  490
  532  585  646  702  748  790  833  879  922  959  988 1006 1011 1006  989  956
  904  843  798  792  831  898  968 1031 1086 1129 1148 1139 1110 1076 1040  997
  948  904  873  845  795  716  637  598  614
     5.0-180.0 180.0   5.0 450.0                            LAT/LON1/LON2/DLON/H
  652  716  766  773  738  687  643  613  594  571  538  494  445  398  353  311
  273  250  244  249  254  255  254  252  245  233  231  254  304  364  416  460
  507  568  633  688  730  767  809  858  906  949  980  999 1006 1002  986  953
  901  841  804  816  876  961 1040 1100 1142 1168 1170 1145 1103 1060 1018  970
  917  872  845  824  785  717  649  622  652
     2.5-180.0 180.0   5.0 450.0                            LAT/LON1/LON2/DLON/H
  714  780  831  839  804  750  698  660  632  603  563  513  459  410  368  330
  298  277  268  266  263  259  256  255  251  242  238  254  294  344  390  433
  485  549  616  669  706  737  777  828  881  928  966  992 1007 1013 1007  984
  941  893  871  900  977 1069 1143 1185 1203 1202 1180 1136 1082 1032  987  939
  886  842  822  813  791  743  692  677  714
