ionex_files/COD0OPSFIN_20250940000_01D_01H_GIM.INX
     1.0            IONOSPHERE MAPS     GNSS                IONEX VERSION / TYPE
ADDNEQ2 V5.5        AIUB                08-APR-25 19:15     PGM / RUN BY / DATE 
CODE'S GLOBAL IONOSPHERE MAPS FOR DAY 094, 2025             COMMENT             
Global ionosphere maps (GIM) are generated on a daily basis DESCRIPTION         
at CODE using data from about 300 GNSS sites of the IGS and DESCRIPTION         
other institutions. The vertical total electron content     DESCRIPTION         
(VTEC) is modeled in a solar-geomagnetic reference frame    DESCRIPTION         
using a spherical harmonics expansion up to degree and      DESCRIPTION         
order 15. Piece-wise linear functions are used for          DESCRIPTION         
representation in the time domain. The time spacing of      DESCRIPTION         
their vertices is 1 hour, conforming with the epochs of the DESCRIPTION         
VTEC maps.                                                  DESCRIPTION         
To convert line-of-sight TEC into vertical TEC, a modified  DESCRIPTION         
single-layer model mapping function approximating the JPL   DESCRIPTION         
extended slab model mapping function is adopted. The        DESCRIPTION         
mapping function is evaluated at geodetic satellite         DESCRIPTION         
elevation angles. For the computation of the ionospheric    DESCRIPTION         
pierce points, a spherical layer with a radius of 6821 km   DESCRIPTION         
is assumed, implying geocentric, not geodetic IONEX         DESCRIPTION         
latitudes.                                                  DESCRIPTION         
Instrumental biases with respect to each involved GNSS code DESCRIPTION         
observable are estimated as constant values for each        DESCRIPTION         
day. They are modeled with one set of bias parameters for   DESCRIPTION         
each satellite and each station in case of GPS and for each DESCRIPTION         
satellite-station link in case of GLONASS. The code bias    DESCRIPTION         
datum is defined by zero-mean conditions imposed on the     DESCRIPTION         
satellite bias estimates. In this file, just GPS C1W-C2W    DESCRIPTION         
satellite and station bias values are included. The         DESCRIPTION         
complete set of GNSS code bias results is provided in an    DESCRIPTION         
additional Bias-SINEX file as pseudo-absolute values        DESCRIPTION         
specific to each observable.                                DESCRIPTION         
Note: These GIM results correspond to the results for the   DESCRIPTION         
middle day of a 3-day combination analysis solving for 73   DESCRIPTION         
times 256, or 18688 VTEC parameters and 3 daily sets of     DESCRIPTION         
GNSS code bias parameters.                                  DESCRIPTION         
Contact address: code(at)aiub.unibe.ch                      DESCRIPTION         
Data archive:    ftp.aiub.unibe.ch/CODE/                    DESCRIPTION         
                 www.aiub.unibe.ch/download/CODE/           DESCRIPTION         
  2025     4     4     0     0     0                        EPOCH OF FIRST MAP  
  2025     4     5     0     0     0                        EPOCH OF LAST MAP   
  3600                                                      INTERVAL            
[...]
azgb badg bake barh bjfs bndy boav bogo bogt bor1 braz brft COMMENT             
brst brux cags cas1 ccj2 cedu chpg chti chur ckis coco cord COMMENT             
cpvg cpxf cro1 daej darw dav1 dgar dhlg drao dubo ebre faa1 COMMENT             
fair flin flrs frdn func ganp glps glsv gode gol2 gold gope COMMENT             
gras graz guam guug harb hers hert hlfx hnpt hob2 hofn holb COMMENT             
hrao iddr ieng iisc impz ineg invk iqal jog2 joz2 karr kerg COMMENT             
kir0 kiri kiru kit3 kokb kokv koug kour krgg lama laut lmmf COMMENT             
lpal lpgs m0se mac1 madr mal2 mana mas1 mat1 mate maui maw1 COMMENT             
mcm4 mdo1 medi mgue mizu mkea mnls mobs morp mqzg mro1 mtka COMMENT             
nano naur nico nist nium nklg nlib nnor not1 nrc1 ntus nya1 COMMENT             
nyal onsa opmt ous2 pado parc park pdel penc pert pie1 pimo COMMENT             
pohn pol2 polv pots pove ptag ptbb ptvl qaq1 quin rabt ramo COMMENT             
reun reyk rgdg rio2 roth salu samo sant savo sch2 scor scrz COMMENT             
sctb scub seyg sfer spt0 ssia sthl stjo stk2 str2 suth sutm COMMENT             
suwn sydn syog tash thtg thti thu2 tid1 tidb tlse tn22 tong COMMENT             
tow2 tro1 tskb twtf txes uclu ulab unb3 unbj unsa urum usn7 COMMENT             
usud vald vill vtsp wab1 wab2 wark wgtn whit will wind wsrt COMMENT             
wtza wtzr wtzs wtzz wuhn xmis yar2 yar3 yarr yell ykro zeck COMMENT             
zim2 zim3 zimm                                              COMMENT             
                                                            END OF HEADER       
[from data line 2574]
     7                                                      START OF TEC MAP    
  2025     4     4     6     0     0                        EPOCH OF CURRENT MAP
    87.5-180.0 180.0   5.0 450.0                            LAT/LON1/LON2/DLON/H
   63   62   61   61   61   61   61   62   63   65   67   68   70   73   75   77
   79   81   83   85   86   88   89   90   91   91   92   92   92   92   92   92
   92   92   91   91   91   90   90   90   90   90   90   90   90   90   90   91
   91   91   92   92   92   92   92   92   91   90   89   88   87   85   83   81
   79   77   75   73   70   68   66   65   63
    85.0-180.0 180.0   5.0 450.0                            LAT/LON1/LON2/DLON/H
   52   47   44   42   41   41   42   45   48   52   57   62   68   74   80   86
   91   96  100  104  107  109  110  111  111  111  111  110  108  107  105  104
  102  101   99   98   97   96   95   95   95   95   96   97   98  100  102  104
  107  110  113  116  119  122  125  127  128  129  128  127  125  121  117  112
  106   99   92   85   77   70   63   57   52
    82.5-180.0 180.0   5.0 450.0                            LAT/LON1/LON2/DLON/H
   51   41   34   28   25   25   26   30   36   43   52   61   71   81   91  100
  108  116  121  126  129  130  131  130  128  125  122  119  116  112  109  106
  104  102  100   98   97   97   96   96   97   98   99  101  104  108  112  118
  124  131  139  148  156  165  173  181  187  191  194  194  192  188  181  172
  161  148  134  119  104   90   75   62   51
    80.0-180.0 180.0   5.0 450.0                            LAT/LON1/LON2/DLON/H
   66   50   37   27   21   19   20   24   32   41   52   65   78   91  104  115
  125  133  139  143  145  144  142  138  133  127  121  116  110  105  102   99
   96   95   94   94   95   96   97   98  100  102  104  107  111  116  122  130
  140  152  166  180  196  213  229  244  257  268  276  279  279  274  266  253
  237  218  197  174  151  128  105   85   66
    77.5-180.0 180.0   5.0 450.0                            LAT/LON1/LON2/DLON/H
   97   75   57   43   34   28   27   31   37   47   59   72   87  101  114  126
  136  144  149  150  149  146  140  133  125  116  108  101   94   89   86   84
   84   85   87   89   92   96   99  103  106  109  112  116  120  126  133  143
  155  170  188  209  232  256  281  305  326  344  358  366  368  364  354  339
  319  295  268  239  209  179  150  122   97
    75.0-180.0 180.0   5.0 450.0                            LAT/LON1/LON2/DLON/H
  140  114   91   73   60   51   48   48   53   61   71   83   95  108  120  130
  139  145  147  147  144  137  129  119  109   98   89   81   75   71   70   70
   72   76   81   87   93   99  105  111  116  121  125  129  133  139  146  155
  168  185  206  230  258  289  320  351  379  404  423  435  440  437  427  410
  388  361  331  299  266  233  200  169  140
    72.5-180.0 180.0   5.0 450.0                            LAT/LON1/LON2/DLON/H
  183  155  131  110   93   82   75   73   74   79   85   93  102  110  119  127
  133  137  138  136  131  123  113  102   91   81   72   65   61   59   60   63
   67   73   80   88   96  104  113  121  128  135  141  146  150  155  161  170
  182  198  218  243  273  306  340  375  407  435  457  471  477  475  464  447
  425  399  370  340  308  276  244  213  183
    70.0-180.0 180.0   5.0 450.0                            LAT/LON1/LON2/DLON/H
  216  189  163  141  123  110  101   97   95   96   98  101  105  109  114  118
  122  125  125  122  117  109  100   89   79   70   64   59   58   58   61   65
   70   77   84   92  101  110  120  129  139  148  156  163  169  175  180  188
  197  211  229  251  279  309  342  375  407  434  456  469  474  471  461  444
  423  400  376  351  325  299  272  244  216
    67.5-180.0 180.0   5.0 450.0                            LAT/LON1/LON2/DLON/H
  230  204  179  156  138  125  116  112  109  108  107  106  106  105  106  108
  110  112  112  111  106  100   92   83   76   70   66   64   65   67   71   75
   80   85   91   98  105  114  124  135  147  158  170  180  188  196  202  209
  218  228  242  259  280  305  331  358  384  407  424  434  437  432  420  404
  386  367  349  332  315  297  277  255  230
    65.0-180.0 180.0   5.0 450.0                            LAT/LON1/LON2/DLON/H
  222  197  172  150  133  122  116  113  113  112  110  107  103  100   98   99
  101  103  104  104  101   96   90   85   80   77   76   77   79   82   85   88
   91   95   98  103  108  116  125  137  150  165  180  194  207  217  227  235
  244  252  262  273  286  300  316  333  350  365  376  381  380  373  360  344
  328  314  302  293  285  275  262  244  222
    62.5-180.0 180.0   5.0 450.0                            LAT/LON1/LON2/DLON/H
  198  174  149  128  112  104  101  103  106  107  107  104   99   95   93   93
   95   99  101  102  100   97   92   89   87   87   89   91   94   96   97   98
   99  101  102  105  110  116  125  137  152  169  187  206  223  239  253  265
  275  284  291  297  301  305  309  314  320  326  330  331  326  316  302  286
  271  259  252  249  246  242  234  219  198
    60.0-180.0 180.0   5.0 450.0                            LAT/LON1/LON2/DLON/H
  172  147  122  101   87   81   82   87   94   98  100   98   95   92   90   91
   95   99  102  103  101   98   94   92   92   94   97  100  102  102  101  100
  100  100  102  106  110  117  126  139  154  173  195  217  238  259  278  296
  311  323  330  332  330  325  317  311  307  304  303  300  294  282  267  250
  235  223  217  216  216  214  208  193  172
    57.5-180.0 180.0   5.0 450.0                            LAT/LON1/LON2/DLON/H
  159  133  108   88   75   70   72   78   85   91   93   93   92   90   90   93
   97  102  104  104  101   96   92   90   92   95   99  102  102  100   96   93
   92   93   98  104  112  121  132  145  161  181  204  228  254  279  304  327
  349  366  376  379  374  362  346  330  318  309  304  300  294  283  267  249
  232  218  210  207  206  204  196  181  159
    55.0-180.0 180.0   5.0 450.0                            LAT/LON1/LON2/DLON/H
  171  146  122  103   91   86   85   87   90   92   92   92   91   91   93   96
  101  104  106  103   97   90   85   84   87   91   96   98   96   91   85   80
   79   83   92  103  116  129  142  155  172  193  216  243  270  299  328  358
  386  410  426  432  427  413  393  371  353  341  334  331  326  317  301  282
  262  245  233  226  221  216  207  192  171
    52.5-180.0 180.0   5.0 450.0                            LAT/LON1/LON2/DLON/H
  210  190  171  155  144  136  129  122  114  107  101   98   96   96   98  100
  104  106  105  100   92   83   77   76   80   86   91   92   89   82   74   68
   67   74   87  104  122  139  155  170  187  208  233  260  289  319  352  386
  420  451  474  486  485  473  451  427  405  391  384  382  379  372  357  337
  314  293  277  266  259  252  242  228  210
    50.0-180.0 180.0   5.0 450.0                            LAT/LON1/LON2/DLON/H
  272  260  249  239  229  217  201  180  157  137  122  112  107  106  105  105
  106  107  104   98   88   79   73   73   78   85   90   92   89   81   72   65
   63   70   86  107  130  150  168  185  203  226  252  280  310  342  376  413
  451  487  516  535  541  533  513  488  465  448  441  439  437  430  416  395
  371  348  329  316  307  300  293  283  272
    47.5-180.0 180.0   5.0 450.0                            LAT/LON1/LON2/DLON/H
  341  339  337  335  329  314  288  253  214  178  152  135  126  120  116  112
  110  109  106   99   90   82   77   79   85   94  100  102  100   93   84   75
   71   76   91  112  137  159  178  196  217  242  271  301  333  366  401  439
  479  517  550  575  588  586  571  547  521  502  491  487  484  477  462  440
  416  393  375  362  354  349  346  344  341
    45.0-180.0 180.0   5.0 450.0                            LAT/LON1/LON2/DLON/H
  400  407  415  420  418  403  371  324  271  223  187  164  151  140  131  123
  117  115  113  109  103   97   95   98  106  114  121  123  122  118  110  100
   93   93  102  121  143  164  183  203  226  255  289  323  357  392  427  465
  503  541  576  606  625  630  620  596  569  545  529  521  515  505  488  465
  442  421  406  396  390  389  390  394  400
    42.5-180.0 180.0   5.0 450.0                            LAT/LON1/LON2/DLON/H
  435  446  459  470  473  460  427  376  316  261  221  196  179  166  151  138
  130  128  129  129  127  124  124  130  138  145  150  152  153  152  147  137
  126  119  121  132  150  168  185  205  232  266  305  344  382  418  455  490
  526  561  596  628  654  666  660  638  608  579  559  546  535  520  500  476
  453  435  424  417  414  415  418  425  435
    40.0-180.0 180.0   5.0 450.0                            LAT/LON1/LON2/DLON/H
  442  451  463  473  479  470  442  394  337  285  247  224  209  193  175  158
  148  147  152  156  158  159  163  169  176  181  182  182  184  187  187  179
  165  151  145  148  159  172  187  207  237  276  321  365  406  445  482  516
  549  580  612  646  677  696  695  676  645  614  590  573  558  540  516  489
  467  451  442  437  433  431  432  436  442
    37.5-180.0 180.0   5.0 450.0                            LAT/LON1/LON2/DLON/H
  433  431  431  434  437  432  412  376  331  290  262  247  235  220  200  181
  170  171  179  187  192  196  202  209  215  215  210  206  207  214  220  217
  204  186  172  168  173  181  194  214  246  289  337  384  428  469  507  542
  572  599  629  664  700  726  732  717  689  659  636  620  604  583  556  527
  503  487  477  470  461  451  443  437  433
    35.0-180.0 180.0   5.0 450.0                            LAT/LON1/LON2/DLON/H
  426  406  388  375  368  363  351  329  301  278  265  260  255  242  222  203
  193  195  204  214  221  227  234  242  246  242  230  219  217  227  240  245
  236  218  201  193  193  199  209  229  262  307  356  404  448  490  530  566
  595  620  649  687  728  761  775  768  747  725  710  700  688  667  638  606
  579  560  546  531  512  489  467  446  426
    32.5-180.0 180.0   5.0 450.0                            LAT/LON1/LON2/DLON/H
  447  406  363  327  302  290  282  273  263  257  259  264  265  256  239  222
  213  215  223  232  238  245  254  264  268  259  240  220  213  224  244  258
  257  244  229  221  220  224  233  252  286  331  379  424  466  508  550  588
  618  644  674  715  762  803  826  829  822  814  814  816  812  795  766  732
  702  677  656  630  596  557  519  483  447
    30.0-180.0 180.0   5.0 450.0                            LAT/LON1/LON2/DLON/H
  512  454  387  323  274  246  234  231  233  239  251  263  268  262  248  234
  228  229  233  238  242  250  262  275  280  268  242  213  199  208  233  256
  266  261  252  247  248  253  263  283  316  359  403  443  482  523  566  607
  640  669  703  749  802  849  881  898  907  920  938  956  963  953  927  892
  859  829  799  761  712  658  607  561  512
    27.5-180.0 180.0   5.0 450.0                            LAT/LON1/LON2/DLON/H
  627  561  475  384  306  255  229  222  226  237  250  262  266  260  250  241
  236  235  234  234  236  245  261  279  287  274  242  205  182  186  212  243
  263  268  266  267  272  280  292  313  346  387  427  462  496  535  580  625
  662  695  734  784  842  894  934  964  992 1026 1065 1099 1117 1114 1093 1060
 1026  994  957  908  847  783  726  678  627
    25.0-180.0 180.0   5.0 450.0                            LAT/LON1/LON2/DLON/H
  780  717  622  510  405  326  279  258  254  258  264  267  264  257  250  245
  242  238  231  226  228  240  262  284  295  282  247  201  169  166  190  224
  250  263  268  275  285  298  313  337  371  411  449  480  510  548  594  641
  683  721  765  818  877  931  976 1017 1062 1115 1170 1215 1242 1245 1229 1202
 1171 1140 1101 1048  981  914  860  821  780
    22.5-180.0 180.0   5.0 450.0                            LAT/LON1/LON2/DLON/H
  942  894  802  679  553  449  378  337  316  305  296  284  271  260  254  253
  251  243  231  223  227  245  272  298  310  298  260  209  168  155  172  204
  232  248  257  268  283  300  321  349  386  428  465  495  524  561  608  657
  703  746  793  847  904  954 1000 1047 1104 1168 1231 1281 1310 1317 1307 1287
 1264 1240 1206 1155 1090 1027  984  963  942
    20.0-180.0 180.0   5.0 450.0                            LAT/LON1/LON2/DLON/H
 1080 1053  974  851  715  595  505  444  404  374  346  317  291  274  269  271
  269  258  243  236  245  270  301  327  337  322  283  228  180  157  164  188
  211  225  234  245  264  286  314  348  390  436  475  507  538  576  624  675
  722  768  817  869  919  962 1003 1051 1112 1179 1240 1285 1309 1316 1310 1299
 1288 1276 1253 1211 1155 1102 1075 1075 1080
    17.5-180.0 180.0   5.0 450.0                            LAT/LON1/LON2/DLON/H
 1163 1157 1096  984  852  729  631  557  501  454  409  365  328  306  301  304
  301  288  272  268  286  317  350  371  373  354  313  256  203  170  165  177
  191  198  202  212  232  261  295  336  385  436  480  517  552  593  642  693
  741  788  836  883  924  957  990 1033 1089 1149 1199 1230 1244 1248 1246 1245
 1247 1249 1242 1214 1169 1128 1116 1136 1163
    15.0-180.0 180.0   5.0 450.0                            LAT/LON1/LON2/DLON/H
 1174 1183 1138 1045  931  821  730  655  593  536  480  426  382  356  351  353
  349  334  319  321  347  384  414  425  416  388  344  288  232  192  174  173
  174  171  168  175  196  230  271  320  375  431  481  524  564  609  659  710
  758  805  851  892  924  946  969 1004 1050 1095 1126 1139 1141 1139 1140 1147
 1160 1177 1186 1172 1140 1109 1105 1135 1174
    12.5-180.0 180.0   5.0 450.0                            LAT/LON1/LON2/DLON/H
 1120 1130 1095 1022  936  855  785  724  665  607  549  493  448  423  417  418
  410  392  378  386  419  459  482  480  456  418  371  317  261  215  187  173
  162  148  138  142  165  203  251  305  364  424  480  528  574  622  673  723
  771  817  862  898  922  937  952  979 1012 1038 1048 1043 1034 1029 1031 1042
 1063 1091 1111 1110 1087 1060 1057 1084 1120
    10.0-180.0 180.0   5.0 450.0                            LAT/LON1/LON2/DLON/H
 1025 1022  986  931  877  834  799  760  715  664  610  560  520  498  492  489
  477  455  441  453  489  527  541  524  485  438  389  337  283  236  201  176
  155  133  118  121  145  186  239  296  358  419  476  528  577  628  679  730
  779  826  869  904  925  938  951  971  992 1001  993  976  961  955  957  968
  990 1021 1049 1054 1035 1007  995 1007 1025
     7.5-180.0 180.0   5.0 450.0                            LAT/LON1/LON2/DLON/H
  928  899  853  808  785  783  785  774  746  705  661  621  590  573  567  560
  542  514  498  508  541  573  577  548  498  444  395  346  296  249  211  181
  155  129  112  114  139  183  237  295  355  415  471  523  573  625  677  729
  779  828  873  910  935  953  971  989 1001  998  981  960  947  944  945  951
  967  994 1020 1026 1006  974  949  939  928
     5.0-180.0 180.0   5.0 450.0                            LAT/LON1/LON2/DLON/H
  867  808  744  702  701  734  770  783  768  736  700  670  649  639  633  622
  595  561  538  541  566  588  582  545  491  437  390  345  298  253  216  186
  159  134  118  121  146  190  242  298  354  409  462  512  561  612  665  718
  772  824  873  916  951  981 1010 1032 1041 1033 1015 1001  999 1002 1001  997
 1000 1016 1035 1037 1014  977  940  908  867
     2.5-180.0 180.0   5.0 450.0                            LAT/LON1/LON2/DLON/H
  869  783  699  652  664  719  777  804  794  763  730  706  693  689  684  667
  633  591  559  550  561  570  556  518  468  419  377  336  292  250  215  188
  165  145  132  136  160  200  249  300  351  401  450  496  543  592  644  700
  756  813  867  918  967 1015 1059 1091 1102 1096 1087 1089 1102 1113 1108 1091
 1078 1079 1087 1083 1057 1019  978  933  869
