ionex_files/COD0OPSFIN_20250910000_01D_01H_GIM.INX
     1.0            IONOSPHERE MAPS     GNSS                IONEX VERSION / TYPE
ADDNEQ2 V5.5        AIUB                05-APR-25 19:01     PGM / RUN BY / DATE 
CODE'S GLOBAL IONOSPHERE MAPS FOR DAY 091, 2025             COMMENT             
Global ionosphere maps (GIM) are generated on a daily basis DESCRIPTION         
at CODE using data from about 300 GNSS sites of the IGS and DESCRIPTION         
other institutions. The vertical total electron content     DESCRIPTION         
(VTEC) is modeled in a solar-geomagnetic reference frame    DESCRIPTION         
using a spherical harmonics expansion up to degree and      DESCRIPTION         
order 15. Piece-wise linear functions are used for          DESCRIPTION         
representation in the time domain. The time spacing of      DESCRIPTION         
their vertices is 1 hour, conforming with the epochs of the DESCRIPTION         
VTEC maps.                                                  DESCRIPTION         
To convert line-of-sight TEC into vertical TEC, a modified  DESCRIPTION         
single-layer model mapping function approximating the JPL   DESCRIPTION         
extended slab model mapping function is adopted. The        DESCRIPTION         
mapping function is evaluated at geodetic satellite         DESCRIPTION         
elevation angles. For the computation of the ionospheric    DESCRIPTION         
pierce points, a spherical layer with a radius of 6821 km   DESCRIPTION         
is assumed, implying geocentric, not geodetic IONEX         DESCRIPTION         
latitudes.                                                  DESCRIPTION         
Instrumental biases with respect to each involved GNSS code DESCRIPTION         
observable are estimated as constant values for each        DESCRIPTION         
day. They are modeled with one set of bias parameters for   DESCRIPTION         
each satellite and each station in case of GPS and for each DESCRIPTION         
satellite-station link in case of GLONASS. The code bias    DESCRIPTION         
datum is defined by zero-mean conditions imposed on the     DESCRIPTION         
satellite bias estimates. In this file, just GPS C1W-C2W    DESCRIPTION         
satellite and station bias values are included. The         DESCRIPTION         
complete set of GNSS code bias results is provided in an    DESCRIPTION         
additional Bias-SINEX file as pseudo-absolute values        DESCRIPTION         
specific to each observable.                                DESCRIPTION         
Note: These GIM results correspond to the results for the   DESCRIPTION         
middle day of a 3-day combination analysis solving for 73   DESCRIPTION         
times 256, or 18688 VTEC parameters and 3 daily sets of     DESCRIPTION         
GNSS code bias parameters.                                  DESCRIPTION         
Contact address: code(at)aiub.unibe.ch                      DESCRIPTION         
Data archive:    ftp.aiub.unibe.ch/CODE/                    DESCRIPTION         
                 www.aiub.unibe.ch/download/CODE/           DESCRIPTION         
  2025     4     1     0     0     0                        EPOCH OF FIRST MAP  
  2025     4     2     0     0     0                        EPOCH OF LAST MAP   
  3600                                                      INTERVAL            
[...]
azgb badg bake barh bjfs bndy boav bogo bogt bor1 braz brft COMMENT             
brst brux cas1 ccj2 cedu chpg chti chur ckis coco cord cpvg COMMENT             
cpxf cro1 daej darw dav1 dgar dhlg drao dubo ebre faa1 fair COMMENT             
flin flrs frdn func ganp glps glsv gode gol2 gold gope gras COMMENT             
graz guam guug harb hers hert hlfx hnpt hob2 hofn holb hrao COMMENT             
iddr ieng iisc impz ineg invk iqal irkj jog2 joz2 karr kerg COMMENT             
kir0 kiri kiru kit3 kokb kokv koug kour krgg lama laut lmmf COMMENT             
lpal lpgs m0se mac1 madr mal2 mana mas1 mat1 mate maui maw1 COMMENT             
mcil mcm4 mdo1 medi mgue mizu mkea mnls mobs morp mqzg mro1 COMMENT             
mtka nano naur nico nist nium nklg nlib nnor not1 nrc1 ntus COMMENT             
nya1 nyal onsa opmt ous2 pado parc park pdel penc pert pie1 COMMENT             
pimo pohn pol2 polv pots pove ptag ptbb ptvl qaq1 quin rabt COMMENT             
ramo reun reyk rgdg rio2 roth salu samo sant savo sch2 scor COMMENT             
scrz sctb scub seyg spt0 ssia sthl stjo stk2 str2 suth sutm COMMENT             
suwn sydn syog tash thtg thti thu2 tid1 tidb tlse tn22 tong COMMENT             
tow2 tro1 tskb twtf txes uclu ufpr ulab unb3 unbj unsa urum COMMENT             
usn7 usud vald vill vtsp wab1 wab2 wark wgtn whit will wind COMMENT             
wsrt wtza wtzr wtzs wtzz wuhn xmis yar2 yar3 yarr yell ykro COMMENT             
zeck zim2 zim3 zimm                                         COMMENT             
                                                            END OF HEADER       
[from data line 8151]
    20                                                      START OF TEC MAP    
  2025     4     1    19     0     0                        EPOCH OF CURRENT MAP
    87.5-180.0 180.0   5.0 450.0                            LAT/LON1/LON2/DLON/H
  300  300  301  301  302  302  303  304  305  305  306  307  308  308  309  309
  310  310  311  311  311  311  311  310  310  309  308  308  307  306  305  304
  302  301  300  299  298  297  296  295  294  293  293  292  292  292  291  291
  292  292  292  292  293  293  294  294  295  295  296  296  297  297  297  298
  298  298  298  299  299  299  299  300  300
    85.0-180.0 180.0   5.0 450.0                            LAT/LON1/LON2/DLON/H
  280  281  281  282  283  285  287  289  291  293  296  298  301  303  305  307
  309  310  311  312  313  313  313  312  311  310  309  307  305  303  300  298
  295  292  289  286  284  281  278  276  274  272  270  269  268  268  268  268
  269  269  271  272  273  275  276  278  279  281  282  283  283  284  284  284
  284  283  283  282  282  281  281  280  280
    82.5-180.0 180.0   5.0 450.0                            LAT/LON1/LON2/DLON/H
  249  249  250  251  254  257  261  265  270  275  280  285  290  294  298  302
  305  307  310  311  312  313  313  313  312  310  308  306  303  299  296  292
  287  283  278  273  269  264  260  256  252  249  246  243  242  241  240  240
  241  242  244  246  249  252  254  257  260  262  264  265  266  266  265  264
  263  261  259  257  255  253  251  250  249
    80.0-180.0 180.0   5.0 450.0                            LAT/LON1/LON2/DLON/H
  214  214  215  217  221  227  233  241  249  258  266  274  281  288  294  298
  302  305  308  310  311  312  312  312  311  310  308  305  302  298  293  288
  282  276  270  264  258  252  246  241  235  230  226  222  219  216  215  214
  214  215  217  219  223  226  230  233  236  239  241  243  243  243  242  240
  238  235  231  228  224  221  218  215  214
    77.5-180.0 180.0   5.0 450.0                            LAT/LON1/LON2/DLON/H
  184  183  185  189  195  203  213  224  237  250  262  273  283  290  297  301
  304  307  308  309  310  311  312  312  311  310  308  305  302  297  292  286
  280  274  268  261  254  248  241  234  228  221  215  209  204  200  196  193
  192  192  192  194  197  201  204  208  212  214  216  218  218  217  215  213
  210  207  203  199  195  191  188  185  184
    75.0-180.0 180.0   5.0 450.0                            LAT/LON1/LON2/DLON/H
  166  166  169  173  181  192  205  221  238  255  271  285  297  305  310  313
  314  314  313  313  313  313  313  313  312  311  308  305  301  296  291  286
  280  274  269  263  256  250  243  236  229  221  214  206  199  192  185  180
  176  174  172  173  175  177  180  184  187  189  190  191  190  189  187  185
  183  180  178  176  174  172  169  168  166
    72.5-180.0 180.0   5.0 450.0                            LAT/LON1/LON2/DLON/H
  166  167  169  174  183  195  212  232  253  275  295  311  323  330  334  333
  331  327  324  321  319  317  316  315  313  311  307  303  298  293  288  283
  279  274  270  266  261  256  250  243  235  227  218  209  199  190  181  173
  166  160  157  155  155  156  159  161  163  164  164  163  162  160  158  157
  157  158  160  162  164  165  166  166  166
    70.0-180.0 180.0   5.0 450.0                            LAT/LON1/LON2/DLON/H
  183  184  185  190  198  211  230  253  278  304  327  345  357  364  365  361
  355  347  340  334  330  326  323  320  315  310  303  297  290  284  280  276
  274  272  271  269  265  261  255  249  241  232  222  212  201  190  178  167
  157  149  143  139  138  138  139  141  142  142  140  138  135  133  132  132
  135  140  147  155  163  171  177  181  183
    67.5-180.0 180.0   5.0 450.0                            LAT/LON1/LON2/DLON/H
  209  210  211  214  220  233  253  277  306  334  360  380  393  399  397  391
  382  372  363  354  347  341  334  326  317  307  296  286  277  271  268  267
  267  269  270  270  268  264  258  251  242  233  222  212  200  187  174  161
  149  138  130  124  122  122  123  124  124  123  120  117  113  110  109  111
  116  126  138  153  169  184  196  204  209
    65.0-180.0 180.0   5.0 450.0                            LAT/LON1/LON2/DLON/H
  236  239  239  239  244  255  273  299  329  360  387  409  423  428  427  420
  411  400  389  379  370  360  349  335  320  304  288  273  263  256  255  257
  262  267  270  271  269  264  257  248  238  227  217  206  194  180  166  152
  138  125  116  110  107  107  109  110  111  109  106  101   96   92   91   94
  101  114  131  152  175  196  215  229  236
    62.5-180.0 180.0   5.0 450.0                            LAT/LON1/LON2/DLON/H
  256  260  260  259  261  271  288  314  344  375  404  426  441  448  449  445
  437  428  418  408  396  383  366  347  325  302  280  262  250  245  247  253
  262  270  275  276  272  264  254  242  230  218  207  196  184  171  156  141
  126  112  102   96   94   95   98  102  103  102   98   92   87   82   81   83
   91  104  123  147  174  202  226  245  256
    60.0-180.0 180.0   5.0 450.0                            LAT/LON1/LON2/DLON/H
  263  270  271  270  272  280  297  321  350  380  408  431  447  457  462  462
  460  454  447  437  424  407  386  360  332  303  277  257  245  243  248  259
  271  281  287  286  279  267  252  237  222  209  197  186  175  162  147  131
  115  101   91   85   84   87   93   98  102  101   98   92   86   81   79   80
   85   96  114  137  166  196  225  248  263
    57.5-180.0 180.0   5.0 450.0                            LAT/LON1/LON2/DLON/H
  256  267  271  273  276  285  301  324  351  379  405  426  443  456  466  473
  476  477  472  463  449  430  405  376  343  311  282  262  252  253  263  277
  291  302  305  301  290  273  255  236  219  205  193  182  170  157  142  126
  110   95   85   79   80   85   93  101  107  108  106  101   95   90   86   85
   86   92  105  124  150  180  211  237  256
    55.0-180.0 180.0   5.0 450.0                            LAT/LON1/LON2/DLON/H
  239  255  265  271  279  291  307  329  353  377  399  418  435  451  466  479
  488  493  492  484  470  449  423  392  359  326  298  279  272  277  289  305
  319  328  328  319  303  283  261  240  222  208  196  185  173  160  144  128
  112   97   87   82   83   89   99  110  117  121  120  116  111  105  101   96
   93   93   97  110  131  159  189  217  239
    52.5-180.0 180.0   5.0 450.0                            LAT/LON1/LON2/DLON/H
  220  241  257  271  284  300  319  339  360  380  397  413  429  446  464  482
  496  504  504  496  482  463  439  410  379  349  324  308  304  310  323  338
  349  353  348  335  315  292  269  248  230  216  205  194  183  169  154  137
  121  107   97   92   92   99  110  122  132  137  138  135  131  126  120  113
  105   98   95  100  115  139  167  195  220
    50.0-180.0 180.0   5.0 450.0                            LAT/LON1/LON2/DLON/H
  206  231  253  274  295  316  337  357  375  391  403  416  430  447  467  487
  502  510  509  501  488  471  452  429  404  379  358  345  341  347  357  367
  373  370  360  343  322  298  275  255  239  226  216  207  195  182  167  151
  136  124  114  108  107  113  124  137  148  155  157  155  151  146  140  131
  119  106   98   97  107  126  151  179  206
    47.5-180.0 180.0   5.0 450.0                            LAT/LON1/LON2/DLON/H
  202  229  257  285  312  337  360  380  396  408  418  427  439  456  476  495
  509  514  511  501  490  477  464  449  431  411  394  382  377  379  384  387
  385  376  362  343  321  299  278  259  245  234  225  217  206  194  180  166
  153  142  133  126  124  127  137  150  163  171  174  172  168  163  156  145
  131  116  105  102  109  125  148  174  202
    45.0-180.0 180.0   5.0 450.0                            LAT/LON1/LON2/DLON/H
  208  237  268  300  332  360  384  403  418  430  438  447  458  473  491  508
  518  519  513  502  492  484  477  469  458  443  428  415  406  402  398  393
  385  372  356  337  318  298  278  260  246  235  228  221  213  202  189  178
  168  160  152  144  139  140  147  160  174  183  187  185  180  173  164  152
  138  123  113  112  119  136  157  182  208
    42.5-180.0 180.0   5.0 450.0                            LAT/LON1/LON2/DLON/H
  223  251  283  318  350  379  403  422  437  450  460  469  481  495  512  525
  532  529  519  508  499  496  494  491  483  470  455  439  425  413  402  391
  378  364  349  334  318  301  281  262  246  233  226  220  214  206  196  187
  181  175  168  160  152  150  155  167  180  190  194  191  183  174  163  151
  137  126  120  123  135  153  175  198  223
    40.0-180.0 180.0   5.0 450.0                            LAT/LON1/LON2/DLON/H
  242  268  300  333  365  391  413  431  448  464  478  491  504  519  534  545
  549  544  533  523  517  515  515  512  505  491  474  455  436  418  401  387
  374  364  355  346  334  317  296  272  250  234  225  221  217  212  204  197
  193  189  183  174  164  159  161  172  185  194  197  191  181  168  155  142
  130  123  124  133  151  173  196  218  242
    37.5-180.0 180.0   5.0 450.0                            LAT/LON1/LON2/DLON/H
  259  284  314  345  373  396  415  432  452  472  492  509  525  540  555  566
  570  565  557  549  544  542  539  533  522  506  487  466  443  422  405  393
  386  384  384  381  372  354  329  298  269  246  234  230  229  226  220  214
  209  205  200  191  180  172  172  179  190  198  198  190  176  159  143  129
  119  116  122  138  161  187  212  236  259
    35.0-180.0 180.0   5.0 450.0                            LAT/LON1/LON2/DLON/H
  271  296  324  352  377  395  411  429  451  477  501  523  541  558  573  585
  591  591  587  582  578  573  564  551  535  518  499  479  457  438  424  419
  424  434  444  446  438  416  384  345  308  278  262  258  258  257  251  242
  235  230  224  215  203  193  190  195  201  205  201  189  171  150  131  117
  109  109  119  138  165  194  222  247  271
    32.5-180.0 180.0   5.0 450.0                            LAT/LON1/LON2/DLON/H
  278  305  332  358  379  395  409  427  452  482  511  535  554  571  588  602
  612  617  619  619  615  605  587  566  547  531  516  501  485  472  466  473
  491  513  531  536  525  497  458  413  368  333  313  307  308  307  300  287
  275  266  259  250  238  228  222  221  222  219  209  192  170  147  127  112
  105  106  117  136  162  192  222  251  278
    30.0-180.0 180.0   5.0 450.0                            LAT/LON1/LON2/DLON/H
  281  311  339  364  385  400  414  433  461  494  525  550  568  585  602  617
  631  641  649  653  648  631  606  579  560  549  545  540  533  527  532  550
  581  614  636  638  619  584  539  491  444  405  382  375  376  375  365  347
  330  316  306  297  287  275  266  258  251  240  224  202  176  152  131  117
  111  112  120  135  157  185  217  250  281
    27.5-180.0 180.0   5.0 450.0                            LAT/LON1/LON2/DLON/H
  283  317  348  374  396  413  430  452  483  517  549  572  588  603  619  635
  649  662  674  679  672  650  619  591  577  579  588  596  598  602  615  644
  683  721  740  732  701  657  609  563  519  482  459  450  450  448  436  415
  392  374  363  354  344  332  318  303  286  266  242  216  189  165  146  134
  129  129  131  138  153  177  210  247  283
    25.0-180.0 180.0   5.0 450.0                            LAT/LON1/LON2/DLON/H
  288  325  359  388  413  435  456  483  517  553  583  604  619  631  645  658
  670  682  693  698  688  663  630  606  603  620  645  666  677  686  704  738
  780  814  822  798  751  697  650  611  577  546  524  515  515  514  502  479
  454  434  421  413  403  390  371  348  321  292  261  232  205  183  168  160
  156  154  150  147  153  173  205  246  288
    22.5-180.0 180.0   5.0 450.0                            LAT/LON1/LON2/DLON/H
  295  336  372  404  434  462  490  522  559  596  627  647  661  672  683  693
  700  706  712  712  700  672  642  627  639  673  713  742  758  768  786  818
  855  878  869  823  757  693  648  620  600  580  563  555  555  556  547  527
  504  484  472  464  454  438  414  383  347  310  276  246  222  204  193  188
  187  182  173  162  159  174  206  250  295
    20.0-180.0 180.0   5.0 450.0                            LAT/LON1/LON2/DLON/H
  306  348  385  420  455  489  524  561  601  641  674  697  713  726  737  742
  742  739  737  731  714  687  663  660  687  735  784  816  830  836  849  873
  898  904  874  804  718  644  601  586  582  574  563  557  560  565  562  550
  533  518  508  499  487  467  438  401  358  317  282  254  234  221  215  214
  214  209  195  178  169  180  213  259  306
    17.5-180.0 180.0   5.0 450.0                            LAT/LON1/LON2/DLON/H
  318  359  396  433  472  512  553  594  637  680  717  746  769  789  803  806
  799  787  775  762  742  716  698  706  745  801  850  878  885  883  887  899
  909  896  843  752  646  562  520  516  526  530  526  524  530  541  548  546
  539  531  523  514  498  474  440  397  351  309  276  254  240  232  230  232
  233  227  211  191  180  190  222  269  318
    15.0-180.0 180.0   5.0 450.0                            LAT/LON1/LON2/DLON/H
  327  368  404  442  484  528  572  616  662  708  751  788  822  852  874  880
  870  851  831  811  788  763  750  765  808  863  905  922  918  907  901  901
  896  866  795  685  565  472  428  429  448  460  463  466  477  496  513  523
  526  525  520  508  488  458  419  374  327  287  260  245  238  235  236  238
  239  232  216  197  187  198  232  280  327
    12.5-180.0 180.0   5.0 450.0                            LAT/LON1/LON2/DLON/H
  334  373  409  447  492  538  583  627  673  722  770  817  863  906  940  954
  946  926  903  880  854  830  819  834  873  917  944  946  931  913  900  891
  874  831  749  631  503  402  353  352  372  389  397  405  422  447  472  492
  504  509  504  489  463  428  386  339  294  259  238  231  231  232  234  235
  234  226  211  195  189  203  239  287  334
    10.0-180.0 180.0   5.0 450.0                            LAT/LON1/LON2/DLON/H
  337  377  413  453  499  547  591  632  676  724  775  829  885  942  989 1015
 1017 1003  982  960  934  909  896  905  932  958  966  952  929  909  895  881
  856  808  725  609  481  376  319  309  323  339  351  364  386  416  446  470
  486  492  486  466  434  395  351  305  263  233  218  217  223  227  228  226
  221  211  198  186  185  204  242  290  337
     7.5-180.0 180.0   5.0 450.0                            LAT/LON1/LON2/DLON/H
  338  380  419  463  512  560  602  639  677  721  770  825  887  953 1013 1054
 1070 1067 1055 1039 1016  991  972  971  981  986  974  949  923  907  896  882
  855  808  733  629  511  406  341  317  320  332  344  363  389  420  448  470
  482  485  473  448  412  370  327  283  244  218  207  211  219  224  222  215
  205  193  181  174  178  200  241  290  338
     5.0-180.0 180.0   5.0 450.0                            LAT/LON1/LON2/DLON/H
  339  385  430  479  532  582  622  655  686  721  762  811  870  938 1006 1060
 1092 1106 1108 1102 1086 1060 1037 1023 1015 1001  974  942  920  912  908  896
  871  830  771  687  586  489  416  379  368  373  386  408  437  464  485  496
  498  491  472  440  402  361  320  280  244  219  210  214  222  226  221  209
  194  179  167  162  170  195  237  288  339
     2.5-180.0 180.0   5.0 450.0                            LAT/LON1/LON2/DLON/H
  340  392  444  500  560  614  655  685  708  732  760  795  842  904  973 1035
 1080 1110 1129 1137 1129 1107 1080 1056 1034 1006  970  938  924  926  930  921
  898  865  824  766  688  603  529  480  457  454  468  493  520  541  548  542
  529  508  480  444  405  368  332  296  262  238  227  228  234  234  226  209
  189  171  158  154  164  191  233  286  340
