ionex_files/COD0OPSFIN_20250950000_01D_01H_GIM.INX
     1.0            IONOSPHERE MAPS     GNSS                IONEX VERSION / TYPE
ADDNEQ2 V5.5        AIUB                09-APR-25 19:02     PGM / RUN BY / DATE 
CODE'S GLOBAL IONOSPHERE MAPS FOR DAY 095, 2025             COMMENT             
Global ionosphere maps (GIM) are generated on a daily basis DESCRIPTION         
at CODE using data from about 300 GNSS sites of the IGS and DESCRIPTION         
other institutions. The vertical total electron content     DESCRIPTION         
(VTEC) is modeled in a solar-geomagnetic reference frame    DESCRIPTION         
using a spherical harmonics expansion up to degree and      DESCRIPTION         
order 15. Piece-wise linear functions are used for          DESCRIPTION         
representation in the time domain. The time spacing of      DESCRIPTION         
their vertices is 1 hour, conforming with the epochs of the DESCRIPTION         
VTEC maps.                                                  DESCRIPTION         
To convert line-of-sight TEC into vertical TEC, a modified  DESCRIPTION         
single-layer model mapping function approximating the JPL   DESCRIPTION         
extended slab model mapping function is adopted. The        DESCRIPTION         
mapping function is evaluated at geodetic satellite         DESCRIPTION         
elevation angles. For the computation of the ionospheric    DESCRIPTION         
pierce points, a spherical layer with a radius of 6821 km   DESCRIPTION         
is assumed, implying geocentric, not geodetic IONEX         DESCRIPTION         
latitudes.                                                  DESCRIPTION         
Instrumental biases with respect to each involved GNSS code DESCRIPTION         
observable are estimated as constant values for each        DESCRIPTION         
day. They are modeled with one set of bias parameters for   DESCRIPTION         
each satellite and each station in case of GPS and for each DESCRIPTION         
satellite-station link in case of GLONASS. The code bias    DESCRIPTION         
datum is defined by zero-mean conditions imposed on the     DESCRIPTION         
satellite bias estimates. In this file, just GPS C1W-C2W    DESCRIPTION         
satellite and station bias values are included. The         DESCRIPTION         
complete set of GNSS code bias results is provided in an    DESCRIPTION         
additional Bias-SINEX file as pseudo-absolute values        DESCRIPTION         
specific to each observable.                                DESCRIPTION         
Note: These GIM results correspond to the results for the   DESCRIPTION         
middle day of a 3-day combination analysis solving for 73   DESCRIPTION         
times 256, or 18688 VTEC parameters and 3 daily sets of     DESCRIPTION         
GNSS code bias parameters.                                  DESCRIPTION         
Contact address: code(at)aiub.unibe.ch                      DESCRIPTION         
Data archive:    ftp.aiub.unibe.ch/CODE/                    DESCRIPTION         
                 www.aiub.unibe.ch/download/CODE/           DESCRIPTION         
  2025     4     5     0     0     0                        EPOCH OF FIRST MAP  
  2025     4     6     0     0     0                        EPOCH OF LAST MAP   
  3600                                                      INTERVAL            
[...]
azgb badg bake bako barh bjfs bndy boav bogo bogt bor1 braz COMMENT             
brft brst brux cas1 ccj2 cedu chpg chti chur ckis coco cord COMMENT             
cpvg cpxf cro1 daej darw dav1 dgar dhlg drao dubo ebre faa1 COMMENT             
fair flin flrs frdn func ganp glps glsv gode gol2 gold gope COMMENT             
gras graz guam guug harb hers hert hlfx hnpt hob2 hofn holb COMMENT             
hrao iddr ieng iisc ineg invk iqal irkj jog2 joz2 karr kerg COMMENT             
kir0 kiri kiru kit3 kokb kokv koug kour krgg lama laut lmmf COMMENT             
lpal lpgs m0se mac1 madr mal2 mana mas1 mat1 mate maui maw1 COMMENT             
mcm4 mdo1 medi mgue mizu mkea mnls mobs morp mqzg mro1 mtka COMMENT             
nano naur nico nist nium nklg nlib nnor not1 nrc1 ntus nya1 COMMENT             
nyal onsa opmt ous2 pado parc park pdel penc pert pie1 pimo COMMENT             
pohn pol2 polv pots pove ptag ptbb ptvl qaq1 quin rabt ramo COMMENT             
reun reyk rgdg rio2 roth salu samo sant savo sch2 scor scrz COMMENT             
sctb scub seyg sfer spt0 ssia sthl stjo stk2 str2 suth sutm COMMENT             
suwn sydn syog tash thtg thti thu2 tid1 tidb tlse tn22 tong COMMENT             
tow2 tro1 tskb twtf txes uclu ufpr ulab unb3 unbj unsa urum COMMENT             
usn7 usud vald vill vtsp wab1 wab2 whit will wind wsrt wtza COMMENT             
wtzr wtzs wtzz wuhn xmis yar2 yar3 yarr yell ykro zeck zim2 COMMENT             
zim3 zimm                                                   COMMENT             
                                                            END OF HEADER       
[from data line 6006]
    15                                                      START OF TEC MAP    
  2025     4     5    14     0     0                        EPOCH OF CURRENT MAP
    87.5-180.0 180.0   5.0 450.0                            LAT/LON1/LON2/DLON/H
   66   68   70   72   75   78   81   84   87   91   94   97  101  104  107  109
  112  114  116  118  120  121  123  124  124  125  125  125  125  125  124  124
  123  122  121  120  119  118  117  115  114  112  110  109  107  105  103  101
   99   97   94   92   90   87   85   83   80   78   76   74   72   70   68   66
   65   64   63   63   63   63   64   65   66
    85.0-180.0 180.0   5.0 450.0                            LAT/LON1/LON2/DLON/H
   36   39   43   48   54   60   67   74   81   89   96  103  109  116  121  126
  130  134  137  140  142  143  144  145  145  145  145  145  144  144  143  142
  140  139  138  136  135  133  131  130  128  126  124  122  120  118  116  114
  112  109  107  104  101   97   93   89   85   80   75   70   65   60   55   50
   45   41   38   35   33   33   33   34   36
    82.5-180.0 180.0   5.0 450.0                            LAT/LON1/LON2/DLON/H
   12   15   20   26   35   44   55   66   77   88   98  108  117  125  132  138
  142  146  149  151  152  153  153  153  153  152  152  151  150  150  149  148
  147  146  145  144  143  142  141  139  138  137  136  135  135  134  134  134
  133  133  132  130  128  126  122  118  113  107  100   92   84   75   66   57
   48   39   31   24   18   14   11   11   12
    80.0-180.0 180.0   5.0 450.0                            LAT/LON1/LON2/DLON/H
    1    2    6   13   22   33   46   60   73   87   99  110  120  128  134  139
  142  145  146  147  147  147  147  147  147  146  146  146  146  146  147  147
  147  147  148  147  147  147  146  145  145  145  145  146  148  150  153  156
  159  162  165  167  168  168  167  165  160  155  148  139  129  118  105   92
   78   64   50   37   26   16    8    3    1
    77.5-180.0 180.0   5.0 450.0                            LAT/LON1/LON2/DLON/H
    8    4    5   10   18   30   43   57   71   85   97  107  115  121  126  128
  130  131  131  132  132  132  133  134  135  136  137  138  139  141  142  144
  145  147  148  149  149  149  149  149  149  149  151  153  157  162  169  176
  184  192  199  206  211  214  217  217  215  212  206  199  189  178  164  149
  132  114   95   76   57   41   26   15    8
    75.0-180.0 180.0   5.0 450.0                            LAT/LON1/LON2/DLON/H
   32   22   18   20   25   34   46   59   71   83   93  100  105  108  109  109
  109  109  109  111  113  116  119  123  127  130  133  135  137  139  141  143
  145  148  150  151  152  152  151  151  150  150  152  156  161  169  179  191
  203  215  226  236  245  251  256  259  260  260  258  254  247  239  227  213
  196  177  155  132  108   85   64   46   32
    72.5-180.0 180.0   5.0 450.0                            LAT/LON1/LON2/DLON/H
   67   52   43   39   41   47   56   65   75   83   88   92   92   91   89   87
   86   86   88   93   99  107  115  123  130  135  139  142  144  145  146  147
  149  151  153  154  155  154  153  151  149  149  150  154  161  171  183  197
  212  226  240  251  260  268  274  278  281  284  286  286  285  282  276  267
  254  237  216  192  166  138  112   88   67
    70.0-180.0 180.0   5.0 450.0                            LAT/LON1/LON2/DLON/H
  106   86   72   65   63   65   70   76   82   85   87   85   82   77   72   69
   67   69   75   84   95  109  123  135  146  153  158  160  159  157  156  155
  155  155  157  158  158  157  155  151  148  146  147  150  157  168  181  197
  212  226  239  248  255  260  264  267  271  275  280  286  290  294  295  293
  287  276  260  239  215  187  158  130  106
    67.5-180.0 180.0   5.0 450.0                            LAT/LON1/LON2/DLON/H
  137  116  100   90   85   84   86   89   90   90   88   83   77   70   64   60
   59   64   73   86  104  123  141  158  171  180  183  183  179  174  168  164
  161  160  160  161  161  159  156  152  148  145  145  147  154  165  178  192
  206  217  226  230  232  231  230  230  232  236  243  251  260  269  277  283
  285  282  274  260  241  217  190  163  137
    65.0-180.0 180.0   5.0 450.0                            LAT/LON1/LON2/DLON/H
  154  134  119  108  102  100  100  100   99   97   92   86   79   72   66   62
   64   70   82   99  120  142  164  183  197  206  208  204  197  188  178  171
  166  163  162  163  163  161  158  154  150  147  147  149  156  165  177  189
  199  205  207  205  199  191  184  179  178  180  186  195  205  216  227  238
  246  252  253  249  238  222  201  177  154
    62.5-180.0 180.0   5.0 450.0                            LAT/LON1/LON2/DLON/H
  155  139  126  117  112  109  108  106  105  102   98   93   87   81   77   75
   78   86   99  117  138  161  182  201  215  222  223  217  208  196  185  176
  169  166  165  165  165  164  162  159  156  155  155  158  164  172  181  189
  195  196  192  182  169  155  142  133  127  127  130  136  143  152  161  171
  183  194  203  208  207  201  188  172  155
    60.0-180.0 180.0   5.0 450.0                            LAT/LON1/LON2/DLON/H
  141  131  122  116  112  110  108  107  105  104  102  100   98   95   93   94
   97  105  117  133  151  171  190  206  218  224  224  219  209  198  188  179
  173  171  170  170  170  169  168  167  167  167  170  174  180  186  193  197
  198  195  186  172  154  136  120  107   99   95   94   95   95   96   99  104
  112  124  138  150  159  162  159  152  141
    57.5-180.0 180.0   5.0 450.0                            LAT/LON1/LON2/DLON/H
  121  117  112  109  106  104  102  100  100  101  103  105  107  108  110  112
  116  122  131  143  156  170  184  197  206  212  214  211  205  197  190  184
  181  180  180  180  179  178  177  178  180  185  191  197  203  208  211  212
  210  204  193  178  160  141  125  111  102   96   91   85   77   68   60   55
   56   64   78   94  109  120  125  125  121
    55.0-180.0 180.0   5.0 450.0                            LAT/LON1/LON2/DLON/H
  105  104  103  101   99   96   92   90   91   95  101  107  113  117  120  123
  128  133  139  145  152  159  168  178  187  194  198  200  199  197  195  194
  195  196  197  196  193  190  189  191  196  205  216  225  231  234  234  232
  228  222  212  200  185  170  156  145  136  129  121  109   93   74   54   38
   30   30   40   56   73   88   98  103  105
    52.5-180.0 180.0   5.0 450.0                            LAT/LON1/LON2/DLON/H
   98   99   99   98   94   90   84   81   83   88   97  106  113  119  122  126
  131  135  139  141  142  145  150  158  168  178  187  194  199  203  206  210
  215  219  220  218  212  206  202  204  212  226  241  253  260  262  259  255
  250  245  239  232  223  213  204  195  187  180  170  155  135  109   82   57
   39   32   34   46   61   76   87   94   98
    50.0-180.0 180.0   5.0 450.0                            LAT/LON1/LON2/DLON/H
  104  105  105  102   97   90   82   78   79   86   95  105  111  115  117  121
  126  132  135  135  134  134  139  148  161  175  189  200  209  217  225  232
  240  246  249  245  236  224  216  217  227  245  265  281  289  289  284  277
  272  269  267  266  263  259  252  245  237  229  219  205  185  160  131  102
   79   65   60   65   74   85   95  101  104
    47.5-180.0 180.0   5.0 450.0                            LAT/LON1/LON2/DLON/H
  120  120  119  115  108   99   89   83   84   90   99  106  109  108  109  112
  119  127  131  132  131  133  140  154  172  191  208  222  233  241  249  258
  268  277  280  275  262  245  232  230  241  263  288  307  316  315  307  299
  292  290  291  294  296  294  288  279  269  259  250  239  225  207  184  159
  136  118  107  104  107  112  116  119  120
    45.0-180.0 180.0   5.0 450.0                            LAT/LON1/LON2/DLON/H
  141  139  137  132  124  114  103   97   97  103  110  113  111  105  102  106
  115  127  135  138  139  145  158  178  203  226  245  258  266  272  278  286
  297  308  313  309  292  270  251  245  256  280  309  331  341  340  330  319
  310  307  309  313  314  311  302  288  274  261  252  247  242  236  225  210
  192  174  159  150  146  144  144  143  141
    42.5-180.0 180.0   5.0 450.0                            LAT/LON1/LON2/DLON/H
  159  156  153  149  141  132  122  117  117  123  128  127  120  109  104  109
  122  138  149  155  160  170  190  218  248  274  293  303  307  307  308  314
  326  340  350  347  330  302  276  265  274  299  330  355  367  365  354  341
  329  323  321  322  321  314  299  278  256  239  230  230  235  241  245  242
  231  217  201  188  179  172  167  163  159
    40.0-180.0 180.0   5.0 450.0                            LAT/LON1/LON2/DLON/H
  170  166  163  160  154  147  140  136  138  144  149  146  136  124  119  126
  143  163  177  184  191  205  231  265  300  328  345  351  350  345  342  347
  360  379  394  395  377  345  312  295  300  324  356  382  395  393  382  367
  352  341  334  330  324  311  289  261  233  211  200  203  215  231  245  252
  249  238  223  208  197  188  181  175  170
    37.5-180.0 180.0   5.0 450.0                            LAT/LON1/LON2/DLON/H
  172  168  165  163  160  155  151  150  154  162  168  167  158  148  146  158
  180  203  218  224  231  246  276  314  352  379  394  397  393  387  383  388
  405  429  451  456  438  402  363  338  338  358  388  414  427  426  415  400
  382  366  354  344  334  317  292  259  226  200  187  189  202  220  238  248
  247  238  224  211  201  193  185  178  172
    35.0-180.0 180.0   5.0 450.0                            LAT/LON1/LON2/DLON/H
  172  167  163  161  158  155  153  154  160  170  180  184  182  179  185  203
  229  254  267  271  275  289  319  358  395  422  436  441  439  436  436  445
  466  497  524  533  515  475  429  397  389  403  428  451  463  464  455  441
  422  403  386  373  362  346  321  288  254  228  212  210  217  229  240  244
  239  227  214  203  197  192  186  179  172
    32.5-180.0 180.0   5.0 450.0                            LAT/LON1/LON2/DLON/H
  177  169  163  158  154  150  147  148  155  168  183  195  203  212  228  254
  285  310  321  321  320  331  358  395  431  457  473  483  490  496  505  521
  548  583  613  624  606  562  511  470  453  459  477  494  504  506  501  489
  472  451  433  421  413  402  383  356  327  303  287  278  274  271  266  255
  239  220  206  198  197  196  193  186  177
    30.0-180.0 180.0   5.0 450.0                            LAT/LON1/LON2/DLON/H
  195  183  172  163  154  146  140  137  143  157  177  198  219  242  270  304
  338  363  372  368  363  370  393  426  460  487  509  530  551  572  592  617
  648  685  715  725  705  658  602  555  529  525  533  543  550  552  551  543
  529  510  494  486  485  484  474  457  437  419  403  388  371  349  323  293
  260  232  214  210  213  217  215  207  195
    27.5-180.0 180.0   5.0 450.0                            LAT/LON1/LON2/DLON/H
  230  213  196  180  164  150  137  129  131  143  167  197  230  266  305  345
  382  406  414  409  402  406  425  455  488  519  550  585  623  661  694  725
  759  793  820  826  803  755  696  644  611  597  596  597  599  602  603  600
  589  573  561  560  568  576  577  571  561  552  541  522  493  454  408  357
  308  270  249  246  253  259  257  246  230
    25.0-180.0 180.0   5.0 450.0                            LAT/LON1/LON2/DLON/H
  280  258  236  213  190  168  147  132  127  136  160  196  238  284  330  374
  411  435  443  440  435  439  457  486  520  558  601  652  707  758  801  836
  867  896  915  916  891  844  786  733  694  672  661  655  653  654  658  658
  649  636  627  631  647  663  671  672  671  671  667  649  614  564  505  441
  381  334  311  308  316  322  316  301  280
    22.5-180.0 180.0   5.0 450.0                            LAT/LON1/LON2/DLON/H
  339  313  287  260  231  201  174  151  139  143  165  201  247  297  345  388
  423  447  458  461  462  470  489  520  560  607  663  728  794  854  901  934
  960  980  991  987  961  918  865  814  774  746  728  715  709  709  713  714
  706  692  685  691  709  726  734  737  741  749  752  739  706  655  595  529
  466  418  392  389  395  395  384  363  339
    20.0-180.0 180.0   5.0 450.0                            LAT/LON1/LON2/DLON/H
  393  367  341  312  281  248  216  188  170  168  184  217  261  308  354  392
  423  446  461  472  483  498  522  559  607  665  733  807  879  939  982 1009
 1027 1038 1041 1033 1010  974  929  884  845  814  792  776  767  765  768  768
  758  741  730  734  747  757  758  754  757  769  780  775  750  710  660  606
  551  506  481  475  475  468  448  421  393
    17.5-180.0 180.0   5.0 450.0                            LAT/LON1/LON2/DLON/H
  435  410  386  360  331  300  268  239  217  209  218  244  280  321  360  392
  417  438  458  478  499  523  556  601  659  728  805  882  951 1003 1036 1053
 1062 1066 1065 1057 1039 1012  978  940  904  874  851  834  825  823  824  821
  806  783  765  760  762  759  744  728  724  737  752  755  743  720  692  659
  621  586  563  553  544  526  497  464  435
    15.0-180.0 180.0   5.0 450.0                            LAT/LON1/LON2/DLON/H
  455  433  415  395  373  348  320  293  271  259  262  279  306  337  368  392
  411  430  454  483  514  548  590  644  712  790  871  945 1004 1042 1061 1068
 1071 1072 1071 1065 1055 1037 1012  981  949  921  901  887  879  878  878  872
  851  821  793  776  764  743  710  678  665  674  690  699  697  692  690  684
  669  648  628  612  593  563  524  486  455
    12.5-180.0 180.0   5.0 450.0                            LAT/LON1/LON2/DLON/H
  456  437  424  412  398  382  361  339  320  309  307  315  332  356  379  398
  413  431  457  492  531  574  624  686  761  845  925  991 1036 1058 1064 1062
 1062 1064 1068 1068 1064 1053 1034 1008  979  954  938  929  925  926  927  919
  894  858  821  794  768  730  680  633  611  614  627  635  638  647  666  686
  694  686  670  649  619  578  530  487  456
    10.0-180.0 180.0   5.0 450.0                            LAT/LON1/LON2/DLON/H
  443  425  415  409  404  397  385  370  356  346  342  344  355  373  394  412
  426  443  470  509  555  603  659  726  806  890  965 1021 1051 1058 1053 1047
 1049 1057 1067 1074 1074 1066 1047 1021  992  971  959  956  958  963  966  959
  934  895  854  819  784  736  675  620  591  589  595  595  593  605  637  675
  700  703  690  664  627  577  522  475  443
     7.5-180.0 180.0   5.0 450.0                            LAT/LON1/LON2/DLON/H
  428  407  396  392  393  393  388  380  371  364  360  360  368  386  410  432
  449  467  495  536  585  638  696  765  844  923  991 1035 1054 1052 1042 1037
 1043 1059 1077 1087 1088 1076 1052 1020  990  970  962  965  972  982  990  988
  967  931  891  856  820  769  707  652  623  617  614  599  583  586  617  661
  694  705  693  665  623  569  511  462  428
     5.0-180.0 180.0   5.0 450.0                            LAT/LON1/LON2/DLON/H
  421  395  379  372  373  376  375  370  364  361  358  359  368  391  424  455
  479  500  529  571  623  678  737  803  875  947 1005 1041 1054 1049 1040 1038
 1051 1074 1096 1107 1102 1081 1047 1007  973  952  948  954  965  980  994  999
  987  959  927  899  869  826  772  726  702  696  683  651  614  597  614  651
  684  696  686  658  615  562  506  458  421
     2.5-180.0 180.0   5.0 450.0                            LAT/LON1/LON2/DLON/H
  428  395  370  357  355  356  354  348  343  341  341  344  357  387  431  475
  508  535  566  610  664  721  778  838  902  962 1011 1043 1056 1055 1051 1054
 1070 1096 1119 1126 1112 1078 1031  982  942  921  918  926  938  955  974  987
  986  970  950  934  917  889  851  819  806  803  783  734  672  630  625  646
  670  679  670  646  608  561  512  467  428
