ionex_files/COD0OPSFIN_20250780000_01D_01H_GIM.INX
     1.0            IONOSPHERE MAPS     GNSS                IONEX VERSION / TYPE
ADDNEQ2 V5.5        AIUB                23-MAR-25 18:56     PGM / RUN BY / DATE 
CODE'S GLOBAL IONOSPHERE MAPS FOR DAY 078, 2025             COMMENT             
Global ionosphere maps (GIM) are generated on a daily basis DESCRIPTION         
at CODE using data from about 300 GNSS sites of the IGS and DESCRIPTION         
other institutions. The vertical total electron content     DESCRIPTION         
(VTEC) is modeled in a solar-geomagnetic reference frame    DESCRIPTION         
using a spherical harmonics expansion up to degree and      DESCRIPTION         
order 15. Piece-wise linear functions are used for          DESCRIPTION         
representation in the time domain. The time spacing of      DESCRIPTION         
their vertices is 1 hour, conforming with the epochs of the DESCRIPTION         
VTEC maps.                                                  DESCRIPTION         
To convert line-of-sight TEC into vertical TEC, a modified  DESCRIPTION         
single-layer model mapping function approximating the JPL   DESCRIPTION         
extended slab model mapping function is adopted. The        DESCRIPTION         
mapping function is evaluated at geodetic satellite         DESCRIPTION         
elevation angles. For the computation of the ionospheric    DESCRIPTION         
pierce points, a spherical layer with a radius of 6821 km   DESCRIPTION         
is assumed, implying geocentric, not geodetic IONEX         DESCRIPTION         
latitudes.                                                  DESCRIPTION         
Instrumental biases with respect to each involved GNSS code DESCRIPTION         
observable are estimated as constant values for each        DESCRIPTION         
day. They are modeled with one set of bias parameters for   DESCRIPTION         
each satellite and each station in case of GPS and for each DESCRIPTION         
satellite-station link in case of GLONASS. The code bias    DESCRIPTION         
datum is defined by zero-mean conditions imposed on the     DESCRIPTION         
satellite bias estimates. In this file, just GPS C1W-C2W    DESCRIPTION         
satellite and station bias values are included. The         DESCRIPTION         
complete set of GNSS code bias results is provided in an    DESCRIPTION         
additional Bias-SINEX file as pseudo-absolute values        DESCRIPTION         
specific to each observable.                                DESCRIPTION         
Note: These GIM results correspond to the results for the   DESCRIPTION         
middle day of a 3-day combination analysis solving for 73   DESCRIPTION         
times 256, or 18688 VTEC parameters and 3 daily sets of     DESCRIPTION         
GNSS code bias parameters.                                  DESCRIPTION         
Contact address: code(at)aiub.unibe.ch                      DESCRIPTION         
Data archive:    ftp.aiub.unibe.ch/CODE/                    DESCRIPTION         
                 www.aiub.unibe.ch/download/CODE/           DESCRIPTION         
  2025     3    19     0     0     0                        EPOCH OF FIRST MAP  
  2025     3    20     0     0     0                        EPOCH OF LAST MAP   
  3600                                                      INTERVAL            
[...]
azgb badg bake barh bjfs bndy boav bogt bor1 braz brft brst COMMENT             
brux cags cas1 ccj2 cedu chpg chti chur ckis coco cord cpvg COMMENT             
cpxf cro1 daej darw dav1 dgar dhlg drao dubo faa1 fair flin COMMENT             
flrs frdn func ganp glps glsv gode gol2 gold gope gras graz COMMENT             
guam guat guug harb hers hert hlfx hnpt hob2 hofn holb hrao COMMENT             
hyde iddr ieng iisc impz ineg invk iqal irkj jog2 joz2 karr COMMENT             
kerg kir0 kiri kiru kit3 kokb kokv koug kour krgg lama laut COMMENT             
lmmf lpal lpgs mac1 madr mal2 mana mas1 mat1 mate maui maw1 COMMENT             
mcil mcm4 mdo1 medi mgue mizu mkea mnls mobs morp mqzg mro1 COMMENT             
mtka nano naur nico nist nium nklg nlib nnor nrc1 ntus nya1 COMMENT             
nyal onsa opmt ous2 pado parc park pdel penc pert pie1 pimo COMMENT             
pohn pol2 polv pots pove ptag ptbb ptvl qaq1 quin rabt ramo COMMENT             
reun reyk rgdg rio2 roth salu sant savo sch2 scor scrz sctb COMMENT             
scub seyg sfer sofi spt0 ssia sthl stjo stk2 str2 suth sutm COMMENT             
suwn sydn syog tash thtg thti thu2 tid1 tidb tlse tn22 tong COMMENT             
tow2 tro1 tskb twtf txes uclu ufpr ulab unb3 unbj unsa urum COMMENT             
usn7 usud vald vill vtsp wab1 wab2 wark wgtn whit will wind COMMENT             
wsrt wtza wtzr wtzs wtzz wuhn xmis yar2 yar3 yarr yell ykro COMMENT             
zeck zim2 zim3 zimm                                         COMMENT             
                                                            END OF HEADER       
[from data line 2574]
     7                                                      START OF TEC MAP    
  2025     3    19     6     0     0                        EPOCH OF CURRENT MAP
    87.5-180.0 180.0   5.0 450.0                            LAT/LON1/LON2/DLON/H
  348  349  351  353  357  361  365  370  375  381  387  393  399  405  410  416
  421  426  430  434  437  440  442  444  445  445  445  445  445  444  443  441
  440  438  436  435  433  431  429  428  426  424  422  421  419  417  415  413
  411  408  406  403  401  398  395  392  388  385  381  377  374  370  366  363
  360  356  354  351  350  348  347  347  348
    85.0-180.0 180.0   5.0 450.0                            LAT/LON1/LON2/DLON/H
  262  262  264  268  275  283  293  304  317  331  346  361  376  390  404  417
  428  438  446  453  457  460  461  461  459  457  453  449  444  439  434  430
  425  421  417  414  411  409  407  406  405  404  403  403  402  402  402  402
  401  400  399  398  396  393  390  386  381  375  368  361  353  344  335  325
  315  306  296  288  280  273  268  264  262
    82.5-180.0 180.0   5.0 450.0                            LAT/LON1/LON2/DLON/H
  176  172  171  174  182  193  208  226  247  270  294  319  344  368  390  410
  428  442  452  459  462  462  458  452  444  435  424  413  403  393  383  375
  368  363  358  355  354  353  353  355  356  359  362  365  369  373  377  381
  385  389  392  395  397  398  398  396  393  388  381  372  361  348  333  316
  299  280  261  243  226  210  196  184  176
    80.0-180.0 180.0   5.0 450.0                            LAT/LON1/LON2/DLON/H
  115  102   95   95  100  111  128  150  176  206  238  272  305  338  367  394
  415  432  442  447  447  440  430  416  399  380  362  344  327  312  300  290
  283  278  276  276  278  281  285  291  297  304  312  320  329  338  347  357
  366  376  386  395  404  412  418  422  424  423  419  412  401  386  367  345
  320  293  264  235  206  178  153  132  115
    77.5-180.0 180.0   5.0 450.0                            LAT/LON1/LON2/DLON/H
   92   70   54   46   46   54   69   91  119  152  188  226  265  302  336  366
  390  407  417  418  412  399  380  357  331  304  278  254  234  217  205  196
  192  191  193  197  204  211  220  230  241  253  265  277  291  305  319  334
  350  366  382  399  415  430  445  457  467  473  476  473  465  452  432  407
  377  343  306  267  228  189  152  120   92
    75.0-180.0 180.0   5.0 450.0                            LAT/LON1/LON2/DLON/H
  110   79   54   38   30   31   40   58   83  114  149  186  225  263  298  329
  353  370  378  376  365  346  319  289  256  223  193  167  146  131  121  117
  118  122  129  138  148  160  172  186  200  214  230  246  263  281  300  319
  339  360  382  404  427  449  472  492  511  526  536  541  539  529  512  488
  456  418  376  331  283  236  191  148  110
    72.5-180.0 180.0   5.0 450.0                            LAT/LON1/LON2/DLON/H
  161  121   88   63   47   40   42   53   71   95  124  156  190  224  257  285
  308  324  330  327  313  290  260  225  189  154  124   99   82   72   68   70
   76   84   95  107  119  133  147  161  177  193  211  230  249  270  291  314
  337  361  386  412  438  465  492  519  544  567  586  598  603  599  587  565
  535  497  454  406  356  305  254  206  161
    70.0-180.0 180.0   5.0 450.0                            LAT/LON1/LON2/DLON/H
  224  180  141  109   85   71   65   68   78   94  114  137  163  189  216  240
  260  275  281  278  264  241  211  176  141  109   83   64   53   50   53   60
   70   81   92  104  116  128  141  155  170  188  206  227  248  271  295  319
  344  369  394  420  447  474  502  532  561  589  613  633  644  646  638  620
  593  558  517  472  423  373  322  272  224
    67.5-180.0 180.0   5.0 450.0                            LAT/LON1/LON2/DLON/H
  279  233  191  154  125  105   94   91   94  102  113  127  143  160  179  198
  215  229  237  235  225  205  178  148  118   92   73   62   59   63   71   81
   92  103  112  120  128  137  147  160  175  192  212  233  257  281  307  333
  358  383  407  430  454  477  503  530  559  589  617  640  656  662  658  643
  620  588  552  511  468  423  375  327  279
    65.0-180.0 180.0   5.0 450.0                            LAT/LON1/LON2/DLON/H
  312  266  222  183  151  129  115  109  109  112  117  123  130  138  149  163
  177  191  200  202  196  182  161  137  114   97   87   84   89   98  109  119
  128  134  138  141  145  150  158  169  183  201  221  244  269  295  323  350
  377  401  424  443  461  478  497  519  545  573  601  625  643  651  648  635
  613  585  554  519  483  444  403  359  312
    62.5-180.0 180.0   5.0 450.0                            LAT/LON1/LON2/DLON/H
  320  273  228  188  155  132  119  114  114  117  119  121  122  124  129  138
  150  162  173  179  177  168  154  138  123  115  113  118  128  139  149  156
  158  158  156  155  155  159  166  177  191  209  230  254  280  308  337  367
  396  421  443  459  471  481  492  507  527  551  577  601  618  625  621  607
  585  559  530  502  472  440  404  364  320
    60.0-180.0 180.0   5.0 450.0                            LAT/LON1/LON2/DLON/H
  308  262  216  174  141  119  108  105  108  113  117  118  118  117  118  123
  133  144  155  162  164  159  150  141  134  133  138  148  159  169  175  175
  172  165  160  156  157  161  170  182  197  215  236  259  286  315  347  380
  412  441  464  479  487  491  494  502  516  536  559  580  594  599  591  574
  551  524  498  473  448  421  389  352  308
    57.5-180.0 180.0   5.0 450.0                            LAT/LON1/LON2/DLON/H
  294  246  199  157  124  102   92   91   96  104  111  114  115  114  114  118
  125  134  143  150  152  150  145  140  139  143  153  164  174  180  179  172
  162  153  146  145  150  159  171  185  201  218  238  261  287  317  351  388
  425  459  485  502  509  509  508  510  519  535  555  573  584  584  573  552
  526  498  473  451  429  405  375  338  294
    55.0-180.0 180.0   5.0 450.0                            LAT/LON1/LON2/DLON/H
  292  243  196  155  121   99   87   84   88   96  104  110  113  114  116  118
  123  130  136  140  140  138  135  133  135  142  153  163  169  169  161  149
  135  126  123  129  141  156  173  190  205  221  239  259  285  315  352  393
  436  475  507  528  536  536  533  532  538  551  567  582  590  586  571  547
  518  490  466  446  426  404  374  336  292
    52.5-180.0 180.0   5.0 450.0                            LAT/LON1/LON2/DLON/H
  312  265  221  181  149  124  107   98   95   98  103  108  113  117  120  123
  126  129  131  131  129  125  122  121  124  132  141  148  149  143  130  114
  101   95  100  115  136  160  181  199  213  226  241  260  284  315  353  397
  445  492  530  555  567  568  565  564  568  578  591  602  605  598  581  556
  527  501  479  462  445  424  395  357  312
    50.0-180.0 180.0   5.0 450.0                            LAT/LON1/LON2/DLON/H
  356  314  274  240  210  182  158  138  123  115  112  113  117  121  126  129
  131  131  129  126  121  116  112  110  112  118  125  128  124  113   97   81
   71   72   86  110  140  170  194  212  225  235  248  266  290  321  360  407
  458  509  552  582  597  601  599  598  601  608  616  621  620  610  593  570
  544  521  504  491  478  461  434  398  356
    47.5-180.0 180.0   5.0 450.0                            LAT/LON1/LON2/DLON/H
  414  378  348  321  296  267  234  201  170  147  133  126  126  130  134  137
  138  136  132  127  121  115  110  107  107  109  112  111  104   91   74   61
   56   64   85  117  153  186  211  229  240  250  264  282  307  339  379  426
  478  530  575  607  624  630  629  628  629  631  632  630  624  613  598  579
  559  541  528  521  514  503  482  450  414
    45.0-180.0 180.0   5.0 450.0                            LAT/LON1/LON2/DLON/H
  469  443  422  406  386  357  318  272  227  189  163  148  142  142  145  147
  147  144  141  137  134  129  123  117  113  112  111  107   98   84   69   59
   60   72   97  131  168  202  228  246  259  272  288  311  339  372  410  455
  504  554  598  629  646  653  653  651  648  643  635  625  614  603  592  579
  565  551  542  540  540  536  522  498  469
    42.5-180.0 180.0   5.0 450.0                            LAT/LON1/LON2/DLON/H
  508  489  477  469  456  429  387  333  278  231  196  174  163  160  160  160
  160  159  158  159  160  158  152  143  135  129  125  119  108   95   83   77
   80   93  116  147  181  214  241  262  280  299  323  351  383  416  453  493
  538  583  622  650  666  672  672  669  662  649  631  612  597  588  583  576
  565  552  542  541  547  551  546  530  508
    40.0-180.0 180.0   5.0 450.0                            LAT/LON1/LON2/DLON/H
  522  506  498  495  486  462  419  364  307  259  223  200  187  181  178  177
  177  178  184  192  199  200  194  183  170  161  154  147  137  125  115  110
  111  120  135  158  186  218  249  277  304  333  365  400  435  469  502  537
  575  614  648  673  687  693  693  689  679  659  633  607  590  585  587  585
  574  554  537  531  538  548  550  540  522
    37.5-180.0 180.0   5.0 450.0                            LAT/LON1/LON2/DLON/H
  515  496  485  480  471  448  407  356  306  265  237  219  209  203  199  196
  197  202  214  230  245  251  245  231  215  203  195  188  179  167  157  150
  146  146  149  161  183  215  253  292  331  371  412  453  490  521  550  579
  612  647  678  701  716  723  725  723  712  689  658  628  613  615  624  625
  608  574  541  522  523  535  541  534  515
    35.0-180.0 180.0   5.0 450.0                            LAT/LON1/LON2/DLON/H
  499  470  449  435  420  395  357  313  275  249  235  230  226  223  219  216
  217  226  244  268  290  301  296  281  263  251  244  238  229  216  203  191
  179  166  157  157  174  210  257  309  361  410  458  502  538  567  591  616
  646  679  712  738  756  768  776  778  771  750  719  692  683  693  710  712
  684  629  571  532  522  529  534  524  499
    32.5-180.0 180.0   5.0 450.0                            LAT/LON1/LON2/DLON/H
  493  451  415  387  361  329  290  253  227  218  222  231  237  238  235  233
  235  247  269  300  328  343  340  325  309  299  295  291  282  266  248  229
  207  183  160  151  167  208  267  331  393  449  499  541  574  599  620  644
  674  711  749  783  809  829  846  858  859  846  823  804  803  824  848  848
  806  728  641  577  548  546  545  528  493
    30.0-180.0 180.0   5.0 450.0                            LAT/LON1/LON2/DLON/H
  514  459  407  364  325  283  239  204  186  190  208  228  242  247  247  245
  247  260  285  319  351  370  371  360  347  342  342  341  332  313  289  262
  232  197  165  150  166  215  284  357  424  481  529  567  596  617  637  663
  698  743  791  835  873  904  932  955  969  970  960  953  963  993 1022 1020
  965  865  751  661  612  596  586  560  514
    27.5-180.0 180.0   5.0 450.0                            LAT/LON1/LON2/DLON/H
  570  507  446  392  340  287  235  194  176  183  205  230  247  254  253  251
  253  264  288  323  358  382  388  382  376  376  382  383  373  351  323  291
  254  212  175  158  177  232  308  385  452  504  546  579  604  624  646  677
  720  775  834  890  940  982 1021 1056 1086 1103 1109 1114 1134 1171 1203 1199
 1136 1021  888  778  711  680  658  624  570
    25.0-180.0 180.0   5.0 450.0                            LAT/LON1/LON2/DLON/H
  659  596  534  477  420  357  294  243  215  212  227  246  258  262  259  255
  254  262  282  314  351  379  392  394  394  399  409  412  403  380  349  314
  275  231  192  176  198  257  335  410  471  516  551  579  603  626  653  691
  743  806  875  941 1000 1050 1096 1142 1185 1219 1240 1257 1282 1320 1354 1350
 1286 1168 1029  909  831  787  755  714  659
    22.5-180.0 180.0   5.0 450.0                            LAT/LON1/LON2/DLON/H
  766  712  661  611  556  490  418  353  307  286  283  285  284  278  270  261
  256  257  271  299  335  368  389  398  403  411  421  426  417  396  366  333
  294  252  214  201  225  284  359  428  480  517  547  575  601  630  665  711
  769  837  910  981 1043 1096 1144 1195 1247 1294 1327 1349 1374 1409 1440 1439
 1384 1277 1148 1033  951  899  859  816  766
    20.0-180.0 180.0   5.0 450.0                            LAT/LON1/LON2/DLON/H
  871  834  801  766  721  659  584  508  444  399  370  348  328  309  291  276
  264  257  263  286  321  357  384  398  405  411  419  423  416  398  373  344
  310  271  237  226  250  306  374  433  477  509  539  571  605  643  686  739
  799  866  937 1004 1063 1111 1155 1204 1260 1313 1351 1373 1391 1418 1444 1449
 1410 1328 1225 1128 1053  998  953  911  871
    17.5-180.0 180.0   5.0 450.0                            LAT/LON1/LON2/DLON/H
  955  937  924  908  878  827  757  677  600  534  480  434  394  359  330  306
  285  270  267  282  315  353  383  399  402  402  404  405  399  387  369  347
  319  285  254  244  266  316  376  427  465  497  532  573  617  666  718  774
  832  892  952 1009 1057 1095 1129 1171 1224 1277 1313 1328 1336 1351 1372 1384
 1367 1319 1251 1182 1121 1069 1023  984  955
    15.0-180.0 180.0   5.0 450.0                            LAT/LON1/LON2/DLON/H
 1008 1003 1006 1005  991  955  897  823  744  668  598  533  476  427  387  354
  324  299  286  294  322  359  389  401  398  388  380  376  373  366  355  340
  318  288  261  250  269  314  366  412  449  486  530  582  638  696  754  811
  863  911  955  997 1032 1057 1079 1110 1155 1201 1230 1236 1231 1234 1252 1271
 1277 1262 1233 1197 1155 1109 1064 1028 1008
    12.5-180.0 180.0   5.0 450.0                            LAT/LON1/LON2/DLON/H
 1029 1028 1035 1040 1035 1014  975  918  850  777  704  633  567  510  461  419
  379  345  323  323  344  376  400  406  393  372  354  345  342  339  334  324
  307  281  255  245  261  300  348  392  432  477  533  596  662  726  788  844
  888  922  951  977  998 1011 1021 1042 1076 1112 1132 1128 1114 1110 1125 1151
 1174 1188 1191 1183 1160 1123 1080 1046 1029
    10.0-180.0 180.0   5.0 450.0                            LAT/LON1/LON2/DLON/H
 1028 1020 1017 1014 1009  998  979  946  901  846  786  721  658  599  545  495
  446  403  373  364  377  399  415  412  389  358  333  319  315  313  310  303
  287  264  240  230  244  281  327  373  419  473  538  609  680  748  811  864
  902  925  941  956  969  975  979  991 1016 1043 1054 1044 1026 1022 1038 1068
 1099 1127 1149 1160 1153 1124 1084 1049 1028
     7.5-180.0 180.0   5.0 450.0                            LAT/LON1/LON2/DLON/H
 1023  997  972  948  931  924  921  914  899  873  836  790  739  684  629  573
  518  467  429  411  412  422  427  415  385  350  321  304  297  293  287  278
  263  242  221  212  226  262  309  358  411  472  542  616  687  754  816  868
  903  921  932  943  955  963  967  976  996 1016 1022 1012  999 1001 1022 1052
 1080 1105 1128 1145 1146 1124 1089 1053 1023
     5.0-180.0 180.0   5.0 450.0                            LAT/LON1/LON2/DLON/H
 1027  979  925  872  836  824  831  847  861  866  859  838  803  758  705  645
  584  527  482  455  443  439  432  413  382  348  321  303  290  279  267  253
  238  219  201  195  211  248  297  350  406  469  539  609  676  739  801  854
  891  911  925  942  962  979  991 1005 1024 1042 1048 1044 1043 1058 1086 1112
 1126 1131 1138 1147 1148 1133 1104 1068 1027
     2.5-180.0 180.0   5.0 450.0                            LAT/LON1/LON2/DLON/H
 1049  982  899  819  761  738  748  778  813  845  864  867  851  816  765  703
  638  577  526  489  464  445  426  404  378  352  330  312  293  271  249  230
  214  197  184  182  201  240  292  346  402  462  526  589  648  707  768  824
  868  897  922  952  987 1020 1046 1069 1092 1112 1123 1130 1147 1179 1215 1233
 1223 1198 1175 1165 1160 1150 1129 1097 1049
