ionex_files/COD0OPSFIN_20250960000_01D_01H_GIM.INX
     1.0            IONOSPHERE MAPS     GNSS                IONEX VERSION / TYPE
ADDNEQ2 V5.5        AIUB                10-APR-25 19:04     PGM / RUN BY / DATE 
CODE'S GLOBAL IONOSPHERE MAPS FOR DAY 096, 2025             COMMENT             
Global ionosphere maps (GIM) are generated on a daily basis DESCRIPTION         
at CODE using data from about 300 GNSS sites of the IGS and DESCRIPTION         
other institutions. The vertical total electron content     DESCRIPTION         
(VTEC) is modeled in a solar-geomagnetic reference frame    DESCRIPTION         
using a spherical harmonics expansion up to degree and      DESCRIPTION         
order 15. Piece-wise linear functions are used for          DESCRIPTION         
representation in the time domain. The time spacing of      DESCRIPTION         
their vertices is 1 hour, conforming with the epochs of the DESCRIPTION         
VTEC maps.                                                  DESCRIPTION         
To convert line-of-sight TEC into vertical TEC, a modified  DESCRIPTION         
single-layer model mapping function approximating the JPL   DESCRIPTION         
extended slab model mapping function is adopted. The        DESCRIPTION         
mapping function is evaluated at geodetic satellite         DESCRIPTION         
elevation angles. For the computation of the ionospheric    DESCRIPTION         
pierce points, a spherical layer with a radius of 6821 km   DESCRIPTION         
is assumed, implying geocentric, not geodetic IONEX         DESCRIPTION         
latitudes.                                                  DESCRIPTION         
Instrumental biases with respect to each involved GNSS code DESCRIPTION         
observable are estimated as constant values for each        DESCRIPTION         
day. They are modeled with one set of bias parameters for   DESCRIPTION         
each satellite and each station in case of GPS and for each DESCRIPTION         
satellite-station link in case of GLONASS. The code bias    DESCRIPTION         
datum is defined by zero-mean conditions imposed on the     DESCRIPTION         
satellite bias estimates. In this file, just GPS C1W-C2W    DESCRIPTION         
satellite and station bias values are included. The         DESCRIPTION         
complete set of GNSS code bias results is provided in an    DESCRIPTION         
additional Bias-SINEX file as pseudo-absolute values        DESCRIPTION         
specific to each observable.                                DESCRIPTION         
Note: These GIM results correspond to the results for the   DESCRIPTION         
middle day of a 3-day combination analysis solving for 73   DESCRIPTION         
times 256, or 18688 VTEC parameters and 3 daily sets of     DESCRIPTION         
GNSS code bias parameters.                                  DESCRIPTION         
Contact address: code(at)aiub.unibe.ch                      DESCRIPTION         
Data archive:    ftp.aiub.unibe.ch/CODE/                    DESCRIPTION         
                 www.aiub.unibe.ch/download/CODE/           DESCRIPTION         
  2025     4     6     0     0     0                        EPOCH OF FIRST MAP  
  2025     4     7     0     0     0                        EPOCH OF LAST MAP   
  3600                                                      INTERVAL            
[...]
abpo adis albh algo alic amu2 antc areg areq ascg aspa auck COMMENT             
azgb badg bake barh bjfs bndy boav bogt bor1 braz brft brst COMMENT             
brux cas1 ccj2 cedu chpg chti chur ckis coco cord cpvg cpxf COMMENT             
cro1 daej darw dav1 dgar dhlg drao dubo ebre faa1 fair flin COMMENT             
flrs frdn func ganp glps glsv gode gol2 gold gope gras graz COMMENT             
guam guug harb hers hert hlfx hnpt hob2 hofn holb hrao iddr COMMENT             
ieng iisc impz ineg invk iqal irkj jog2 joz2 karr kerg kir0 COMMENT             
kiri kiru kit3 kokb kokv koug kour krgg lama laut lmmf lpal COMMENT             
lpgs m0se mac1 madr mal2 mana mas1 mat1 mate maui maw1 mcm4 COMMENT             
mdo1 medi mgue mizu mkea mnls mobs morp mro1 mtka nano naur COMMENT             
nico nist nium nklg nlib nnor not1 nrc1 ntus nya1 nyal onsa COMMENT             
opmt ous2 pado parc park pdel penc pert pie1 pimo pohn pol2 COMMENT             
polv pots pove ptag ptbb ptvl qaq1 quin rabt ramo reun reyk COMMENT             
rgdg rio2 roth samo sant savo sch2 scor scrz scub seyg sfer COMMENT             
spt0 ssia sthl stjo stk2 str2 suth sutm suwn sydn syog tash COMMENT             
thtg thti thu2 tid1 tidb tlse tn22 tong tro1 tskb twtf txes COMMENT             
uclu ufpr ulab unb3 unbj unsa urum usn7 usud vald vill vtsp COMMENT             
wab1 wab2 whit will wind wsrt wtza wtzr wtzs wtzz wuhn xmis COMMENT             
yar2 yar3 yarr yell ykro zeck zim2 zim3 zimm                COMMENT             
                                                            END OF HEADER       
[from data line 3861]
    10                                                      START OF TEC MAP    
  2025     4     6     9     0     0                        EPOCH OF CURRENT MAP
    87.5-180.0 180.0   5.0 450.0                            LAT/LON1/LON2/DLON/H
   71   73   75   77   79   82   84   86   88   90   93   95   96   98  100  101
  102  104  104  105  106  106  106  106  106  106  106  105  104  104  103  102
  101   99   98   97   95   94   92   90   89   87   85   83   81   80   78   76
   74   73   71   69   68   67   65   64   63   63   62   62   61   61   61   61
   62   62   63   64   65   66   68   69   71
    85.0-180.0 180.0   5.0 450.0                            LAT/LON1/LON2/DLON/H
   70   73   77   80   84   88   92   97  101  105  109  112  115  118  121  123
  124  126  126  127  127  127  127  126  125  125  124  123  122  121  119  118
  117  115  114  112  111  109  107  104  102  100   97   94   92   89   86   84
   81   78   76   74   71   69   68   66   64   63   62   61   60   59   59   59
   59   59   60   61   62   63   65   68   70
    82.5-180.0 180.0   5.0 450.0                            LAT/LON1/LON2/DLON/H
   80   82   85   89   93   98  104  109  114  120  124  129  132  135  137  139
  140  140  140  139  138  136  135  133  132  130  129  128  127  126  126  125
  125  125  125  124  124  123  122  120  119  117  115  113  110  108  106  104
  102  100   98   97   95   94   92   91   90   89   88   87   86   85   84   83
   82   81   79   79   78   77   78   78   80
    80.0-180.0 180.0   5.0 450.0                            LAT/LON1/LON2/DLON/H
   99   98   99  101  105  109  115  120  126  131  136  140  143  145  146  145
  144  143  141  138  135  132  129  127  124  122  121  120  120  120  122  123
  125  127  130  132  134  135  136  137  137  136  136  135  135  134  134  134
  135  135  136  137  138  138  139  140  141  141  141  141  141  140  138  135
  132  128  124  119  114  109  105  102   99
    77.5-180.0 180.0   5.0 450.0                            LAT/LON1/LON2/DLON/H
  124  118  114  113  115  118  123  128  134  139  142  145  146  146  144  142
  139  135  131  126  122  118  114  111  108  107  105  105  106  108  111  115
  120  125  131  136  141  145  149  151  153  155  156  158  160  162  166  170
  174  178  183  188  192  197  200  204  207  210  212  213  214  213  212  208
  203  196  187  177  166  154  143  133  124
    75.0-180.0 180.0   5.0 450.0                            LAT/LON1/LON2/DLON/H
  148  135  126  122  121  123  127  132  137  141  143  144  143  140  136  131
  126  120  115  109  105  101   97   94   92   90   90   90   92   96  101  107
  115  123  131  140  147  154  160  164  167  170  173  177  181  187  195  203
  212  222  232  241  249  257  264  270  275  280  284  288  290  291  290  286
  279  270  257  241  223  203  183  165  148
    72.5-180.0 180.0   5.0 450.0                            LAT/LON1/LON2/DLON/H
  165  146  132  123  120  122  126  131  136  139  140  139  135  130  123  117
  110  103   98   93   89   86   84   82   81   80   80   82   85   89   95  103
  112  123  134  144  154  162  169  173  177  180  184  189  196  205  217  230
  244  258  272  285  296  306  315  322  329  336  341  346  350  352  352  349
  343  332  316  296  272  245  217  190  165
    70.0-180.0 180.0   5.0 450.0                            LAT/LON1/LON2/DLON/H
  171  146  128  118  114  116  121  127  132  134  134  131  125  118  111  103
   96   90   86   82   80   78   78   78   78   79   80   82   85   89   96  104
  114  126  138  150  161  170  176  180  183  185  188  194  202  215  230  247
  265  282  298  313  325  335  343  350  357  363  369  374  379  383  384  383
  377  367  351  329  302  270  236  202  171
    67.5-180.0 180.0   5.0 450.0                            LAT/LON1/LON2/DLON/H
  166  138  118  106  103  106  112  119  125  127  126  122  116  108  100   93
   88   83   80   78   78   78   79   81   83   85   87   89   92   96  102  109
  119  131  144  156  167  176  182  184  185  186  188  193  203  217  234  254
  274  292  308  321  331  339  345  350  354  359  363  367  371  375  377  378
  375  368  355  335  308  275  238  201  166
    65.0-180.0 180.0   5.0 450.0                            LAT/LON1/LON2/DLON/H
  155  125  104   93   90   94  102  110  115  118  117  112  106  100   94   89
   85   83   81   81   81   82   85   88   91   94   97  100  102  105  110  117
  126  137  149  161  172  180  185  186  185  184  185  190  200  215  234  254
  274  291  304  313  319  322  324  325  327  328  330  332  333  335  337  338
  338  335  328  313  291  262  227  190  155
    62.5-180.0 180.0   5.0 450.0                            LAT/LON1/LON2/DLON/H
  144  115   94   83   80   84   91   98  104  106  104  101   97   93   90   88
   87   87   86   86   86   87   89   92   97  101  105  108  110  113  117  122
  130  140  152  164  174  183  187  188  186  184  184  189  200  216  234  254
  271  284  292  295  296  294  292  289  288  286  285  283  281  278  277  277
  279  281  281  275  262  240  210  177  144
    60.0-180.0 180.0   5.0 450.0                            LAT/LON1/LON2/DLON/H
  141  114   93   81   76   77   81   86   89   90   90   88   86   86   87   89
   90   91   91   89   88   87   88   92   96  102  106  110  114  117  120  125
  132  141  151  163  174  183  188  190  188  187  188  193  205  221  239  256
  270  277  280  278  273  267  261  257  253  250  246  241  233  226  219  217
  219  224  230  234  231  218  197  170  141
    57.5-180.0 180.0   5.0 450.0                            LAT/LON1/LON2/DLON/H
  150  125  104   89   79   75   74   74   74   74   73   73   74   78   83   88
   92   94   92   89   85   82   82   84   90   96  102  107  112  115  119  124
  130  139  149  161  173  184  191  195  195  195  198  206  219  235  252  266
  275  277  275  269  261  253  246  241  237  233  228  220  208  195  183  175
  175  182  193  204  211  208  196  175  150
    55.0-180.0 180.0   5.0 450.0                            LAT/LON1/LON2/DLON/H
  173  149  126  107   91   79   70   64   60   57   57   59   63   69   77   85
   90   91   88   83   76   71   70   73   79   87   95  101  106  111  116  121
  128  137  147  159  173  186  197  204  208  211  216  226  241  258  274  284
  288  287  281  273  265  257  252  247  244  241  236  227  213  196  179  166
  162  167  180  196  208  213  208  194  173
    52.5-180.0 180.0   5.0 450.0                            LAT/LON1/LON2/DLON/H
  202  180  155  132  109   89   72   59   50   46   45   48   54   62   70   78
   83   84   80   72   64   59   58   62   70   79   88   96  101  107  113  120
  128  137  148  161  177  193  209  220  228  234  242  255  271  288  302  309
  309  304  297  291  285  281  277  274  271  269  265  258  244  226  206  190
  182  184  194  209  223  232  231  221  202
    50.0-180.0 180.0   5.0 450.0                            LAT/LON1/LON2/DLON/H
  231  209  185  158  130  103   79   60   48   42   42   45   50   57   65   71
   74   74   68   61   53   48   49   55   65   76   87   94  100  106  113  121
  131  141  153  167  186  206  226  242  254  264  274  289  307  324  335  338
  334  327  321  318  317  316  314  310  307  304  302  297  287  272  255  238
  227  224  229  239  249  256  256  247  231
    47.5-180.0 180.0   5.0 450.0                            LAT/LON1/LON2/DLON/H
  248  229  206  179  150  119   92   70   56   49   48   50   54   58   63   66
   67   65   59   52   45   42   45   54   67   80   91   99  103  109  116  125
  136  148  162  178  200  225  249  270  286  298  311  327  346  362  371  369
  361  352  348  350  353  355  351  344  337  332  330  329  325  318  307  294
  283  275  272  273  275  276  273  263  248
    45.0-180.0 180.0   5.0 450.0                            LAT/LON1/LON2/DLON/H
  249  233  214  192  165  136  108   86   72   66   65   66   67   67   67   67
   65   61   56   50   45   43   48   59   74   89  100  107  111  114  121  131
  144  158  174  193  218  247  277  302  321  335  350  368  387  403  408  402
  390  379  377  382  388  390  382  368  353  344  340  342  345  346  345  341
  333  322  311  301  292  284  275  263  249
    42.5-180.0 180.0   5.0 450.0                            LAT/LON1/LON2/DLON/H
  233  220  208  192  173  149  126  107   95   91   90   89   87   83   79   75
   71   67   61   56   52   52   56   68   83   99  111  117  119  122  128  138
  153  169  187  210  239  272  307  336  358  374  390  410  431  446  449  439
  422  409  407  414  421  420  405  382  358  341  334  335  343  353  362  368
  366  355  337  316  296  278  262  247  233
    40.0-180.0 180.0   5.0 450.0                            LAT/LON1/LON2/DLON/H
  205  196  190  184  174  159  142  128  120  117  116  114  110  104   98   92
   87   82   77   72   68   65   68   77   91  106  119  125  127  129  134  146
  161  179  201  227  260  299  337  370  394  413  432  454  477  494  495  482
  463  448  446  453  458  452  430  396  363  338  325  323  330  344  362  377
  381  372  349  320  289  262  239  220  205
    37.5-180.0 180.0   5.0 450.0                            LAT/LON1/LON2/DLON/H
  178  169  167  170  170  164  155  146  141  139  139  136  132  126  120  114
  109  105  100   95   88   82   79   83   94  108  120  128  132  135  142  154
  171  191  215  245  283  326  368  404  431  452  474  501  528  547  551  538
  518  503  500  506  509  498  469  429  389  357  337  327  327  338  357  378
  388  381  355  320  283  249  220  196  178
    35.0-180.0 180.0   5.0 450.0                            LAT/LON1/LON2/DLON/H
  164  150  150  157  165  167  163  158  154  154  153  151  148  144  141  138
  135  132  127  121  111   99   89   86   91  103  116  127  135  143  154  168
  185  206  233  266  308  354  400  438  467  492  519  550  584  608  616  607
  590  578  577  583  585  570  539  497  456  421  394  372  358  357  370  389
  401  394  368  330  289  252  218  187  164
    32.5-180.0 180.0   5.0 450.0                            LAT/LON1/LON2/DLON/H
  171  150  145  152  162  168  168  164  161  159  159  158  157  157  158  159
  158  156  152  144  131  114   97   86   86   95  109  125  140  156  172  189
  207  229  257  293  338  387  435  474  506  534  566  604  644  676  691  690
  681  675  679  687  689  676  647  611  575  543  510  475  441  421  418  429
  436  428  400  360  319  280  242  204  171
    30.0-180.0 180.0   5.0 450.0                            LAT/LON1/LON2/DLON/H
  205  172  157  159  167  173  172  167  162  159  158  157  159  163  168  172
  174  174  170  161  145  124  102   87   81   87  103  124  150  177  201  223
  241  263  291  329  376  427  475  515  548  580  617  661  708  747  772  782
  784  788  799  813  820  812  792  767  743  719  684  636  581  536  512  507
  504  490  458  417  376  336  295  250  205
    27.5-180.0 180.0   5.0 450.0                            LAT/LON1/LON2/DLON/H
  262  215  189  181  183  184  180  172  165  160  157  156  158  164  172  178
  181  181  177  168  152  130  107   90   82   86  102  130  167  207  242  268
  288  308  336  375  424  475  522  562  596  631  672  721  772  818  852  874
  889  905  925  946  960  962  955  946  939  926  894  836  763  693  646  621
  605  579  541  497  455  416  371  318  262
    25.0-180.0 180.0   5.0 450.0                            LAT/LON1/LON2/DLON/H
  332  274  236  218  211  206  197  186  177  170  165  162  162  166  173  178
  179  178  174  165  151  132  113   97   90   93  110  143  192  246  292  324
  345  363  390  431  480  530  576  614  649  686  730  781  835  885  925  957
  983 1010 1038 1066 1088 1101 1108 1116 1126 1127 1103 1043  957  870  803  759
  725  687  639  589  544  503  456  397  332
    22.5-180.0 180.0   5.0 450.0                            LAT/LON1/LON2/DLON/H
  403  339  293  266  252  240  227  214  204  195  187  181  176  175  176  176
  174  170  164  156  145  132  120  111  107  109  126  164  222  288  346  384
  406  423  451  491  541  590  634  671  706  744  789  840  893  942  985 1022
 1055 1087 1119 1150 1177 1199 1219 1242 1267 1283 1269 1215 1129 1035  956  897
  848  794  733  675  626  583  534  473  403
    20.0-180.0 180.0   5.0 450.0                            LAT/LON1/LON2/DLON/H
  466  403  355  324  304  288  272  259  248  239  229  216  204  195  187  180
  172  164  155  146  138  132  129  130  130  133  148  187  252  329  397  441
  464  482  510  552  602  650  691  727  762  801  845  894  943  988 1029 1064
 1095 1124 1152 1181 1209 1236 1264 1296 1332 1361 1361 1321 1246 1158 1078 1013
  951  883  808  739  684  638  591  532  466
    17.5-180.0 180.0   5.0 450.0                            LAT/LON1/LON2/DLON/H
  515  462  419  388  365  346  330  318  309  300  286  268  247  227  210  194
  180  166  154  143  135  135  142  152  158  161  173  210  277  361  436  485
  511  531  562  607  658  704  743  777  812  851  895  941  984 1023 1056 1083
 1104 1120 1136 1154 1177 1204 1234 1270 1311 1348 1364 1345 1291 1221 1151 1087
 1018  938  851  771  710  663  620  570  515
    15.0-180.0 180.0   5.0 450.0                            LAT/LON1/LON2/DLON/H
  552  515  483  456  433  413  397  386  379  369  353  329  299  270  243  220
  200  182  165  150  141  143  157  175  186  188  195  227  294  381  460  513
  542  567  603  650  701  746  782  816  851  891  934  977 1015 1046 1069 1083
 1087 1084 1078 1080 1093 1114 1142 1175 1216 1258 1288 1291 1265 1221 1170 1114
 1044  955  858  770  705  660  625  590  552
    12.5-180.0 180.0   5.0 450.0                            LAT/LON1/LON2/DLON/H
  584  566  547  525  503  482  466  456  448  437  418  389  353  316  283  256
  232  211  190  171  158  159  176  198  211  211  212  238  300  385  465  521
  555  586  628  679  729  771  805  838  874  915  958  999 1034 1060 1074 1074
 1058 1030 1001  983  982  996 1017 1045 1081 1125 1165 1188 1189 1172 1143 1099
 1031  940  837  745  679  640  617  601  584
    10.0-180.0 180.0   5.0 450.0                            LAT/LON1/LON2/DLON/H
  619  620  611  594  571  548  529  517  506  493  470  438  398  358  322  294
  271  249  226  202  185  182  197  219  232  228  223  241  297  378  456  513
  552  591  639  692  740  778  810  843  880  922  965 1006 1042 1067 1076 1065
 1031  981  929  893  881  887  902  923  952  993 1037 1074 1094 1099 1088 1057
  995  904  801  711  650  619  612  615  619
     7.5-180.0 180.0   5.0 450.0                            LAT/LON1/LON2/DLON/H
  663  677  676  659  633  604  580  562  546  527  501  467  426  386  352  326
  306  287  265  239  216  208  219  238  247  239  228  239  288  362  436  493
  538  583  637  691  736  770  799  831  869  911  955  998 1038 1067 1078 1062
 1018  954  889  842  823  825  835  849  871  905  947  985 1013 1029 1029 1006
  950  864  766  683  631  613  620  641  663
     5.0-180.0 180.0   5.0 450.0                            LAT/LON1/LON2/DLON/H
  714  735  736  716  683  647  614  588  564  538  508  472  433  396  365  343
  329  315  296  270  246  234  239  252  256  244  228  235  276  343  412  469
  517  569  626  680  720  749  776  807  845  886  929  976 1022 1060 1079 1068
 1025  961  895  849  831  833  841  850  864  887  918  947  968  981  982  962
  911  832  744  672  633  628  649  682  714
     2.5-180.0 180.0   5.0 450.0                            LAT/LON1/LON2/DLON/H
  767  787  783  757  716  671  630  593  560  527  493  457  420  385  359  341
  332  324  311  290  267  253  254  261  260  244  226  229  266  326  389  444
  495  551  610  661  697  721  746  778  814  852  893  941  995 1045 1078 1080
 1051 1001  950  917  908  914  922  926  931  942  954  963  963  960  952  931
  884  814  739  680  655  662  692  731  767
