ionex_files/COD0OPSFIN_20250750000_01D_01H_GIM.INX
     1.0            IONOSPHERE MAPS     GNSS                IONEX VERSION / TYPE
ADDNEQ2 V5.5        AIUB                20-MAR-25 19:03     PGM / RUN BY / DATE 
CODE'S GLOBAL IONOSPHERE MAPS FOR DAY 075, 2025             COMMENT             
Global ionosphere maps (GIM) are generated on a daily basis DESCRIPTION         
at CODE using data from about 300 GNSS sites of the IGS and DESCRIPTION         
other institutions. The vertical total electron content     DESCRIPTION         
(VTEC) is modeled in a solar-geomagnetic reference frame    DESCRIPTION         
using a spherical harmonics expansion up to degree and      DESCRIPTION         
order 15. Piece-wise linear functions are used for          DESCRIPTION         
representation in the time domain. The time spacing of      DESCRIPTION         
their vertices is 1 hour, conforming with the epochs of the DESCRIPTION         
VTEC maps.                                                  DESCRIPTION         
To convert line-of-sight TEC into vertical TEC, a modified  DESCRIPTION         
single-layer model mapping function approximating the JPL   DESCRIPTION         
extended slab model mapping function is adopted. The        DESCRIPTION         
mapping function is evaluated at geodetic satellite         DESCRIPTION         
elevation angles. For the computation of the ionospheric    DESCRIPTION         
pierce points, a spherical layer with a radius of 6821 km   DESCRIPTION         
is assumed, implying geocentric, not geodetic IONEX         DESCRIPTION         
latitudes.                                                  DESCRIPTION         
Instrumental biases with respect to each involved GNSS code DESCRIPTION         
observable are estimated as constant values for each        DESCRIPTION         
day. They are modeled with one set of bias parameters for   DESCRIPTION         
each satellite and each station in case of GPS and for each DESCRIPTION         
satellite-station link in case of GLONASS. The code bias    DESCRIPTION         
datum is defined by zero-mean conditions imposed on the     DESCRIPTION         
satellite bias estimates. In this file, just GPS C1W-C2W    DESCRIPTION         
satellite and station bias values are included. The         DESCRIPTION         
complete set of GNSS code bias results is provided in an    DESCRIPTION         
additional Bias-SINEX file as pseudo-absolute values        DESCRIPTION         
specific to each observable.                                DESCRIPTION         
Note: These GIM results correspond to the results for the   DESCRIPTION         
middle day of a 3-day combination analysis solving for 73   DESCRIPTION         
times 256, or 18688 VTEC parameters and 3 daily sets of     DESCRIPTION         
GNSS code bias parameters.                                  DESCRIPTION         
Contact address: code(at)aiub.unibe.ch                      DESCRIPTION         
Data archive:    ftp.aiub.unibe.ch/CODE/                    DESCRIPTION         
                 www.aiub.unibe.ch/download/CODE/           DESCRIPTION         
  2025     3    16     0     0     0                        EPOCH OF FIRST MAP  
  2025     3    17     0     0     0                        EPOCH OF LAST MAP   
  3600                                                      INTERVAL            
[...]
azgb badg bake bako barh bjfs bndy boav bogo bogt bor1 braz COMMENT             
brft brst brux cags cas1 ccj2 cedu chpg chti chur ckis coco COMMENT             
cord cpvg cpxf cro1 daej darw dav1 dgar dhlg drao dubo faa1 COMMENT             
fair flin flrs frdn func ganp glps glsv gode gol2 gold gope COMMENT             
gras graz guam guug harb hers hert hlfx hnpt hob2 hofn holb COMMENT             
hrao hyde iddr ieng iisc impz ineg invk iqal irkj jog2 joz2 COMMENT             
karr kerg kir0 kiri kiru kit3 kokb kokv koug kour krgg lama COMMENT             
laut lmmf lpal lpgs mac1 madr mal2 mana mas1 mat1 mate maui COMMENT             
maw1 mcil mcm4 mdo1 medi mgue mizu mkea mnls mobs monp morp COMMENT             
mqzg mro1 mtka nano naur nico nist nium nklg nlib nnor nrc1 COMMENT             
ntus nya1 nyal onsa opmt ous2 pado parc park pdel penc pert COMMENT             
pie1 pimo pohn pol2 polv pots pove ptag ptbb ptvl qaq1 quin COMMENT             
rabt ramo reun reyk rgdg rio2 roth salu samo sant savo sch2 COMMENT             
scor scrz sctb seyg sfer sofi spt0 ssia sthl stjo stk2 str2 COMMENT             
suth sutm suwn sydn syog tash thtg thti thu2 tid1 tidb tlse COMMENT             
tn22 tong tow2 tro1 tskb twtf txes uclu ufpr ulab unb3 unbj COMMENT             
unsa urum usn7 usud vald vill vtsp wab1 wab2 whit will wind COMMENT             
wsrt wtza wtzr wtzs wtzz wuhn xmis yar2 yarr yell ykro zeck COMMENT             
zim2 zim3 zimm                                              COMMENT             
                                                            END OF HEADER       
[from data line 2574]
     7                                                      START OF TEC MAP    
  2025     3    16     6     0     0                        EPOCH OF CURRENT MAP
    87.5-180.0 180.0   5.0 450.0                            LAT/LON1/LON2/DLON/H
  173  172  171  171  171  171  171  171  172  173  174  175  176  177  178  179
  180  181  182  182  182  183  183  182  182  182  181  181  180  180  179  179
  178  178  178  178  178  178  178  179  179  180  180  181  182  183  184  185
  186  186  187  188  189  189  189  190  190  190  189  189  188  187  186  185
  183  182  180  179  178  176  175  174  173
    85.0-180.0 180.0   5.0 450.0                            LAT/LON1/LON2/DLON/H
  166  162  159  158  157  157  158  159  162  165  169  173  177  181  185  189
  192  194  195  196  196  196  195  193  191  188  186  183  180  178  176  174
  172  171  171  170  171  171  172  174  176  178  180  183  186  189  192  196
  199  203  206  209  212  215  217  219  220  220  220  220  218  216  213  209
  205  200  195  190  185  180  174  170  166
    82.5-180.0 180.0   5.0 450.0                            LAT/LON1/LON2/DLON/H
  163  155  148  143  140  139  140  143  148  155  162  170  179  187  195  202
  207  211  213  213  212  209  205  200  195  188  182  176  171  166  162  160
  158  156  156  157  158  161  163  167  171  175  180  186  191  198  204  211
  218  225  232  240  246  253  258  263  267  269  271  271  269  266  261  255
  247  238  228  218  207  195  184  173  163
    80.0-180.0 180.0   5.0 450.0                            LAT/LON1/LON2/DLON/H
  172  156  143  132  125  122  122  125  132  141  153  166  179  192  203  213
  221  226  227  226  222  216  208  199  188  178  168  159  151  145  141  138
  137  137  139  142  146  150  156  161  168  175  183  191  200  209  219  230
  241  253  264  276  287  298  308  317  324  330  334  336  335  332  326  318
  307  294  279  262  245  226  208  189  172
    77.5-180.0 180.0   5.0 450.0                            LAT/LON1/LON2/DLON/H
  194  170  149  131  118  110  107  110  117  129  143  159  176  192  207  218
  227  232  232  229  222  212  199  185  171  157  144  133  125  119  116  115
  116  119  124  130  136  144  151  160  169  178  188  199  211  224  238  252
  267  282  298  314  329  345  359  372  384  393  400  404  404  402  396  386
  373  357  339  318  295  270  245  219  194
    75.0-180.0 180.0   5.0 450.0                            LAT/LON1/LON2/DLON/H
  227  196  167  142  122  108  101  101  108  119  135  152  170  188  203  215
  223  226  225  220  210  196  180  163  146  130  117  106   99   95   94   97
  101  107  115  123  133  142  152  162  173  185  198  211  226  242  259  276
  295  313  332  350  368  386  403  419  434  446  455  461  464  462  456  446
  432  415  395  372  347  320  290  259  227
    72.5-180.0 180.0   5.0 450.0                            LAT/LON1/LON2/DLON/H
  266  229  194  161  134  115  104  101  106  116  131  147  164  179  192  202
  208  209  206  199  187  173  155  137  120  105   92   84   80   79   82   88
   95  104  113  123  134  144  156  168  180  194  210  226  244  264  284  304
  324  344  363  382  400  417  435  451  467  480  491  498  501  500  493  483
  470  453  434  414  390  364  334  301  266
    70.0-180.0 180.0   5.0 450.0                            LAT/LON1/LON2/DLON/H
  303  263  223  185  152  128  113  108  111  120  132  146  158  169  177  183
  185  184  180  172  160  146  130  113   98   86   77   72   72   75   81   89
   97  107  116  126  137  149  161  175  190  206  225  245  267  289  312  335
  356  375  392  408  422  436  450  465  479  492  502  510  512  510  503  492
  478  463  447  431  413  393  368  338  303
    67.5-180.0 180.0   5.0 450.0                            LAT/LON1/LON2/DLON/H
  331  291  248  205  168  140  123  117  120  128  138  148  155  160  162  162
  160  157  152  144  135  123  110   97   85   77   72   72   75   81   89   96
  104  112  120  129  139  151  166  182  200  220  242  267  293  320  346  370
  390  407  419  428  436  443  451  460  471  482  491  498  499  495  486  473
  458  444  432  422  413  402  386  363  331
    65.0-180.0 180.0   5.0 450.0                            LAT/LON1/LON2/DLON/H
  346  308  263  216  175  145  127  122  126  135  145  152  154  153  149  144
  139  133  128  123  116  107   98   89   82   77   77   80   86   93   99  105
  109  114  119  127  138  152  169  189  211  236  263  292  323  353  382  408
  427  440  446  446  444  442  441  444  450  458  466  472  472  466  454  438
  421  406  397  393  393  393  388  373  346
    62.5-180.0 180.0   5.0 450.0                            LAT/LON1/LON2/DLON/H
  351  315  268  218  173  141  123  120  126  137  147  153  153  148  141  132
  125  119  115  112  107  102   96   90   86   84   87   92   98  104  107  109
  109  109  112  119  132  150  172  197  225  254  286  319  353  388  420  446
  465  473  472  464  452  440  431  427  428  433  440  444  444  436  421  401
  380  363  353  354  362  372  378  372  351
    60.0-180.0 180.0   5.0 450.0                            LAT/LON1/LON2/DLON/H
  350  315  266  213  165  130  112  110  118  131  142  149  149  144  136  127
  120  116  113  111  109  105  101   96   93   93   96  101  106  109  109  105
  101   97   99  107  124  147  176  208  241  274  309  345  383  421  455  483
  501  506  500  484  464  444  428  418  416  418  424  428  427  419  402  378
  352  330  318  319  331  349  364  366  350
    57.5-180.0 180.0   5.0 450.0                            LAT/LON1/LON2/DLON/H
  350  316  267  211  159  122  102   98  105  117  129  137  140  138  133  128
  124  121  120  119  117  114  109  104  101  101  103  106  108  107  103   95
   87   82   84   96  117  148  183  220  257  293  329  367  407  447  485  515
  533  538  528  509  484  460  440  427  421  422  425  429  428  420  402  376
  346  319  302  300  312  334  354  362  350
    55.0-180.0 180.0   5.0 450.0                            LAT/LON1/LON2/DLON/H
  355  324  275  219  166  126  101   92   93  101  110  119  125  129  131  131
  131  131  131  130  128  124  118  112  107  105  105  106  105  101   92   82
   72   68   73   89  116  152  193  234  273  310  345  383  423  466  507  540
  561  566  558  538  514  490  471  456  448  445  446  447  446  438  421  395
  362  331  308  300  309  330  352  363  355
    52.5-180.0 180.0   5.0 450.0                            LAT/LON1/LON2/DLON/H
  365  340  296  244  193  150  121  102   93   91   94  100  109  119  127  133
  138  140  141  140  137  131  124  117  111  107  106  104  101   94   83   72
   64   61   69   89  121  161  205  248  287  322  356  392  432  477  520  557
  582  591  586  571  552  533  516  502  492  484  479  475  471  463  448  424
  392  359  331  317  320  336  356  370  365
    50.0-180.0 180.0   5.0 450.0                            LAT/LON1/LON2/DLON/H
  377  359  325  282  238  198  163  135  111   94   86   87   96  109  122  133
  141  145  146  145  142  136  129  121  115  111  108  105  100   91   80   70
   64   65   76   98  132  173  217  259  297  330  362  397  437  483  529  569
  598  612  613  605  593  580  569  557  544  529  515  503  493  484  470  450
  423  391  361  342  337  346  363  377  377
    47.5-180.0 180.0   5.0 450.0                            LAT/LON1/LON2/DLON/H
  382  374  354  326  294  260  224  186  147  114   92   85   90  104  119  131
  140  144  146  146  144  140  134  127  122  119  116  112  105   96   86   78
   75   78   91  113  145  184  226  267  303  335  367  401  442  488  536  579
  611  629  635  635  631  626  620  610  593  570  545  522  504  490  477  462
  441  414  386  364  353  355  365  377  382
    45.0-180.0 180.0   5.0 450.0                            LAT/LON1/LON2/DLON/H
  375  376  371  360  345  322  289  244  194  147  113   97   97  107  119  130
  137  141  144  146  147  146  142  138  135  134  131  127  118  108   98   92
   92   97  110  129  157  192  232  271  308  341  374  410  452  498  545  588
  621  643  654  659  662  664  662  651  630  599  563  529  500  480  466  455
  441  422  400  379  363  357  360  368  375
    42.5-180.0 180.0   5.0 450.0                            LAT/LON1/LON2/DLON/H
  354  359  365  370  371  362  337  293  238  184  142  120  114  119  126  132
  136  139  144  150  155  158  158  157  156  155  153  147  137  125  115  110
  110  116  126  142  165  196  234  274  314  352  389  427  469  514  559  599
  632  654  668  678  686  691  691  679  654  617  573  529  491  463  446  436
  429  420  406  389  371  357  350  350  354
    40.0-180.0 180.0   5.0 450.0                            LAT/LON1/LON2/DLON/H
  326  326  335  349  362  366  350  314  262  210  170  146  138  138  139  140
  140  144  151  161  171  178  181  182  183  182  179  171  157  142  130  124
  125  129  136  148  167  197  235  279  324  368  411  453  494  535  575  612
  642  664  680  693  704  711  710  697  670  631  585  537  493  458  435  423
  421  420  416  405  386  365  346  332  326
    37.5-180.0 180.0   5.0 450.0                            LAT/LON1/LON2/DLON/H
  304  290  288  299  316  327  322  296  255  214  184  167  162  159  156  153
  152  156  167  181  195  205  210  212  212  211  205  194  176  156  141  133
  132  134  138  146  165  195  238  287  340  391  439  483  522  558  593  625
  653  676  694  710  723  731  729  716  691  656  614  569  524  484  454  438
  436  441  447  442  425  396  362  330  304
    35.0-180.0 180.0   5.0 450.0                            LAT/LON1/LON2/DLON/H
  308  268  244  239  247  257  257  241  216  192  178  175  177  177  173  169
  169  176  190  207  223  235  241  242  241  237  228  212  190  165  147  136
  133  132  133  140  160  196  244  300  359  416  467  511  546  577  606  635
  663  689  713  735  752  761  760  749  729  704  674  638  598  557  520  497
  492  500  512  514  498  462  413  359  308
    32.5-180.0 180.0   5.0 450.0                            LAT/LON1/LON2/DLON/H
  352  281  226  194  182  181  178  168  156  150  155  168  181  187  186  185
  188  198  214  232  249  261  268  269  266  259  246  226  199  171  149  136
  129  126  125  134  158  199  255  316  379  437  488  529  561  587  613  642
  673  707  740  770  795  809  812  806  795  784  770  750  719  679  638  608
  596  603  619  626  611  570  507  431  352
    30.0-180.0 180.0   5.0 450.0                            LAT/LON1/LON2/DLON/H
  444  342  255  191  152  131  118  106  100  106  126  153  176  189  194  197
  205  217  233  250  266  278  286  288  284  275  259  235  205  175  152  137
  128  122  120  130  159  207  267  331  393  449  496  534  562  585  612  645
  684  729  774  817  852  875  885  887  889  894  899  895  876  841  797  760
  741  745  760  770  757  714  641  547  444
    27.5-180.0 180.0   5.0 450.0                            LAT/LON1/LON2/DLON/H
  578  456  342  250  184  141  110   88   77   85  109  142  171  188  198  206
  216  229  243  256  270  284  295  300  297  286  268  242  211  182  159  144
  133  124  120  132  164  217  279  341  397  447  489  522  549  574  606  647
  698  755  814  871  919  952  971  984  999 1020 1042 1053 1044 1014  972  931
  906  904  917  927  916  873  798  696  578
    25.0-180.0 180.0   5.0 450.0                            LAT/LON1/LON2/DLON/H
  737  608  483  374  290  226  176  137  111  108  125  153  178  195  205  214
  225  235  243  252  265  282  298  308  307  296  276  249  220  193  173  159
  146  133  126  137  171  225  286  342  390  432  468  499  528  559  600  653
  715  783  854  922  981 1024 1053 1077 1104 1139 1173 1194 1193 1169 1130 1090
 1062 1054 1062 1071 1062 1023  953  855  737
    22.5-180.0 180.0   5.0 450.0                            LAT/LON1/LON2/DLON/H
  893  776  657  548  458  384  319  260  213  188  186  197  211  219  224  230
  235  239  240  244  256  277  301  316  319  307  285  258  231  209  193  180
  165  148  136  143  176  228  285  334  374  409  441  473  506  547  600  664
  736  811  887  959 1023 1072 1109 1142 1181 1226 1267 1292 1294 1275 1242 1206
 1179 1167 1170 1175 1166 1135 1077  996  893
    20.0-180.0 180.0   5.0 450.0                            LAT/LON1/LON2/DLON/H
 1019  929  832  740  660  588  516  441  372  322  293  282  276  270  264  259
  256  250  244  243  256  281  311  331  335  322  297  269  244  226  214  202
  185  163  145  147  175  224  275  318  353  384  416  452  494  545  610  684
  761  835  906  974 1034 1082 1120 1160 1208 1260 1304 1328 1329 1314 1290 1262
 1239 1225 1221 1221 1213 1190 1150 1093 1019
    17.5-180.0 180.0   5.0 450.0                            LAT/LON1/LON2/DLON/H
 1092 1037  973  910  852  794  725  644  560  487  433  398  371  348  327  310
  294  277  264  260  273  301  334  356  358  341  312  282  257  241  231  220
  201  173  149  145  168  212  260  300  333  365  401  444  494  557  631  710
  785  851  909  962 1008 1045 1080 1122 1177 1236 1281 1301 1300 1288 1273 1257
 1240 1225 1215 1208 1199 1184 1162 1133 1092
    15.0-180.0 180.0   5.0 450.0                            LAT/LON1/LON2/DLON/H
 1107 1085 1055 1022  991  954  899  822  733  648  579  526  483  446  412  380
  352  327  308  302  314  342  372  390  387  363  328  293  266  250  240  228
  206  175  146  137  156  196  242  283  319  357  400  450  508  578  658  738
  807  858  896  927  951  970  994 1035 1096 1161 1209 1228 1225 1217 1212 1207
 1196 1181 1165 1150 1138 1128 1122 1117 1107
    12.5-180.0 180.0   5.0 450.0                            LAT/LON1/LON2/DLON/H
 1072 1073 1065 1056 1047 1031  994  931  850  769  698  641  593  549  506  465
  428  397  376  368  377  398  420  429  418  386  344  303  271  250  237  223
  199  167  136  124  141  180  228  273  315  360  411  466  530  603  684  762
  821  856  874  880  879  876  885  922  988 1062 1116 1137 1135 1132 1135 1140
 1136 1120 1097 1074 1056 1047 1051 1062 1072
    10.0-180.0 180.0   5.0 450.0                            LAT/LON1/LON2/DLON/H
 1011 1018 1015 1013 1014 1010  990  946  884  820  763  717  677  638  596  552
  511  478  457  448  450  459  467  464  444  405  357  309  270  242  224  207
  183  152  123  112  128  168  218  269  319  371  427  485  549  623  702  774
  825  849  850  837  814  791  786  818  888  971 1033 1060 1064 1067 1078 1089
 1087 1069 1040 1009  985  974  979  995 1011
     7.5-180.0 180.0   5.0 450.0                            LAT/LON1/LON2/DLON/H
  952  947  931  917  910  907  896  869  831  792  762  739  720  697  665  626
  588  556  536  524  517  510  502  486  458  416  364  310  264  229  204  184
  161  134  110  102  120  161  215  271  326  383  440  497  559  628  703  771
  818  838  835  813  779  742  726  754  828  919  991 1027 1038 1046 1062 1075
 1073 1051 1016  979  949  934  934  945  952
     5.0-180.0 180.0   5.0 450.0                            LAT/LON1/LON2/DLON/H
  921  891  847  805  777  760  746  729  712  701  700  708  717  717  702  674
  643  616  596  579  560  537  512  487  457  416  365  309  256  213  182  160
  140  120  102   99  119  161  215  274  331  387  442  496  552  617  688  754
  803  828  833  818  786  748  729  755  830  925 1004 1048 1066 1079 1096 1107
 1101 1075 1037  996  962  940  933  932  921
     2.5-180.0 180.0   5.0 450.0                            LAT/LON1/LON2/DLON/H
  929  871  795  720  661  621  594  577  571  579  604  639  675  700  705  691
  668  645  624  601  569  531  495  466  439  405  359  303  247  198  163  140
  125  111  100  101  122  163  217  274  329  381  431  479  531  591  658  724
  780  821  845  850  836  810  798  825  897  990 1068 1115 1138 1154 1168 1174
 1162 1133 1093 1052 1016  991  976  961  929
