ionex_files/COD0OPSFIN_20250800000_01D_01H_GIM.INX
     1.0            IONOSPHERE MAPS     GNSS                IONEX VERSION / TYPE
ADDNEQ2 V5.5        AIUB                25-MAR-25 19:08     PGM / RUN BY / DATE 
CODE'S GLOBAL IONOSPHERE MAPS FOR DAY 080, 2025             COMMENT             
Global ionosphere maps (GIM) are generated on a daily basis DESCRIPTION         
at CODE using data from about 300 GNSS sites of the IGS and DESCRIPTION         
other institutions. The vertical total electron content     DESCRIPTION         
(VTEC) is modeled in a solar-geomagnetic reference frame    DESCRIPTION         
using a spherical harmonics expansion up to degree and      DESCRIPTION         
order 15. Piece-wise linear functions are used for          DESCRIPTION         
representation in the time domain. The time spacing of      DESCRIPTION         
their vertices is 1 hour, conforming with the epochs of the DESCRIPTION         
VTEC maps.                                                  DESCRIPTION         
To convert line-of-sight TEC into vertical TEC, a modified  DESCRIPTION         
single-layer model mapping function approximating the JPL   DESCRIPTION         
extended slab model mapping function is adopted. The        DESCRIPTION         
mapping function is evaluated at geodetic satellite         DESCRIPTION         
elevation angles. For the computation of the ionospheric    DESCRIPTION         
pierce points, a spherical layer with a radius of 6821 km   DESCRIPTION         
is assumed, implying geocentric, not geodetic IONEX         DESCRIPTION         
latitudes.                                                  DESCRIPTION         
Instrumental biases with respect to each involved GNSS code DESCRIPTION         
observable are estimated as constant values for each        DESCRIPTION         
day. They are modeled with one set of bias parameters for   DESCRIPTION         
each satellite and each station in case of GPS and for each DESCRIPTION         
satellite-station link in case of GLONASS. The code bias    DESCRIPTION         
datum is defined by zero-mean conditions imposed on the     DESCRIPTION         
satellite bias estimates. In this file, just GPS C1W-C2W    DESCRIPTION         
satellite and station bias values are included. The         DESCRIPTION         
complete set of GNSS code bias results is provided in an    DESCRIPTION         
additional Bias-SINEX file as pseudo-absolute values        DESCRIPTION         
specific to each observable.                                DESCRIPTION         
Note: These GIM results correspond to the results for the   DESCRIPTION         
middle day of a 3-day combination analysis solving for 73   DESCRIPTION         
times 256, or 18688 VTEC parameters and 3 daily sets of     DESCRIPTION         
GNSS code bias parameters.                                  DESCRIPTION         
Contact address: code(at)aiub.unibe.ch                      DESCRIPTION         
Data archive:    ftp.aiub.unibe.ch/CODE/                    DESCRIPTION         
                 www.aiub.unibe.ch/download/CODE/           DESCRIPTION         
  2025     3    21     0     0     0                        EPOCH OF FIRST MAP  
  2025     3    22     0     0     0                        EPOCH OF LAST MAP   
  3600                                                      INTERVAL            
[...]
abpo albh algo alic amu2 antc areg areq ascg aspa auck azgb COMMENT             
badg bake barh bjfs bndy boav bogo bogt bor1 braz brft brst COMMENT             
brux cags cas1 ccj2 cedu chpg chti ckis coco cord cpvg cpxf COMMENT             
cro1 daej dav1 dgar dhlg drao dubo faa1 flin flrs frdn func COMMENT             
ganp glps glsv gode gol2 gold gope gras graz guam guug harb COMMENT             
hers hert hlfx hnpt hob2 hofn hrao hyde iddr ieng iisc impz COMMENT             
ineg invk iqal irkj jog2 joz2 karr kerg kir0 kiri kiru kit3 COMMENT             
kokb kokv koug kour krgg lama laut lmmf lpal lpgs mac1 madr COMMENT             
mal2 mana mas1 mat1 mate maui maw1 mcil mcm4 mdo1 medi mgue COMMENT             
mizu mkea mnls mobs morp mqzg mro1 mtka nano naur nico nist COMMENT             
nium nklg nlib nnor nrc1 ntus nya1 nyal onsa opmt ous2 pado COMMENT             
parc park pdel penc pert pie1 pimo pohn pol2 polv pots pove COMMENT             
ptag ptbb ptvl qaq1 quin rabt ramo reun reyk rgdg rio2 roth COMMENT             
salu samo sant savo sch2 scor scrz sctb scub seyg sfer sofi COMMENT             
spt0 ssia sthl stjo stk2 str2 suth sutm suwn sydn syog tash COMMENT             
thtg thti thu2 tid1 tidb tlse tn22 tong tow2 tro1 tskb twtf COMMENT             
txes uclu ufpr ulab unb3 unbj unsa urum usn7 usud vald vill COMMENT             
vtsp wab1 wab2 wark wgtn whit will wind wtza wtzr wtzs wtzz COMMENT             
wuhn xmis yar2 yar3 yarr yell ykro zeck zim2 zim3 zimm      COMMENT             
                                                            END OF HEADER       
[from data line 1716]
     5                                                      START OF TEC MAP    
  2025     3    21     4     0     0                        EPOCH OF CURRENT MAP
    87.5-180.0 180.0   5.0 450.0                            LAT/LON1/LON2/DLON/H
  278  278  279  281  282  283  285  286  288  290  291  293  294  295  296  296
  296  296  296  295  294  292  291  289  286  284  282  279  276  274  271  269
  267  264  263  261  260  258  257  257  256  256  256  256  257  258  258  259
  261  262  263  264  266  267  268  269  271  272  272  273  274  274  275  275
  275  276  276  276  276  276  277  277  278
    85.0-180.0 180.0   5.0 450.0                            LAT/LON1/LON2/DLON/H
  262  262  263  265  267  270  275  280  285  291  297  302  308  313  317  320
  322  322  322  320  317  313  308  302  296  289  282  275  268  261  255  250
  245  241  237  234  232  230  229  229  229  230  231  232  234  237  240  243
  246  250  254  258  262  266  270  274  277  279  281  282  283  283  283  281
  280  277  275  272  270  267  265  263  262
    82.5-180.0 180.0   5.0 450.0                            LAT/LON1/LON2/DLON/H
  240  236  235  235  237  242  249  258  268  280  292  304  316  326  335  342
  347  349  349  346  340  333  323  312  300  287  275  263  251  241  232  224
  218  213  209  206  205  204  204  205  206  208  210  213  216  220  225  230
  236  243  251  258  266  274  282  289  295  300  304  307  308  308  306  302
  297  291  284  276  268  260  252  246  240
    80.0-180.0 180.0   5.0 450.0                            LAT/LON1/LON2/DLON/H
  225  215  208  204  204  208  216  228  242  259  278  297  315  332  347  358
  366  370  370  366  358  347  332  316  298  280  262  245  230  218  207  199
  193  190  188  187  188  189  190  192  194  197  199  202  206  211  216  223
  232  241  252  264  276  289  301  313  323  333  340  345  348  348  345  340
  332  322  310  297  282  267  252  238  225
    77.5-180.0 180.0   5.0 450.0                            LAT/LON1/LON2/DLON/H
  232  213  198  187  182  182  188  199  216  235  258  281  305  326  345  361
  372  378  379  375  365  351  333  313  291  269  247  228  211  198  188  182
  178  178  179  181  185  188  191  193  196  197  199  202  205  209  215  223
  233  245  259  275  292  309  326  343  358  371  382  390  395  397  395  390
  382  370  355  338  318  297  275  253  232
    75.0-180.0 180.0   5.0 450.0                            LAT/LON1/LON2/DLON/H
  267  240  216  196  182  175  175  183  197  215  238  262  286  309  330  347
  360  368  371  368  359  345  327  305  282  258  235  215  199  187  179  176
  176  178  183  188  193  197  201  203  205  205  206  208  210  214  221  230
  242  257  274  293  314  335  356  376  395  411  425  435  443  447  447  444
  438  427  413  396  375  351  324  296  267
    72.5-180.0 180.0   5.0 450.0                            LAT/LON1/LON2/DLON/H
  329  295  262  232  208  192  184  184  192  205  223  242  263  282  301  317
  331  340  346  347  341  331  315  295  272  249  228  210  195  186  181  180
  183  188  193  199  204  208  211  212  212  213  213  215  219  224  233  244
  259  277  297  319  342  365  387  409  428  446  460  472  481  487  491  491
  489  483  474  461  443  421  394  363  329
    70.0-180.0 180.0   5.0 450.0                            LAT/LON1/LON2/DLON/H
  406  367  326  288  255  229  212  204  203  209  218  228  240  252  264  277
  289  300  310  315  315  310  298  282  263  243  225  209  198  191  188  189
  193  197  202  206  209  211  211  211  211  212  214  219  226  236  249  265
  283  304  327  351  375  398  419  439  457  472  485  496  505  512  518  523
  526  527  525  519  509  493  470  441  406
    67.5-180.0 180.0   5.0 450.0                            LAT/LON1/LON2/DLON/H
  477  437  393  349  308  275  250  234  226  223  222  222  223  224  228  234
  244  257  269  280  286  286  280  268  253  236  221  209  200  196  195  196
  198  200  201  201  200  198  196  195  196  199  206  216  230  246  266  288
  312  337  362  387  410  431  449  465  478  489  498  506  514  522  529  537
  544  551  557  559  558  550  535  510  477
    65.0-180.0 180.0   5.0 450.0                            LAT/LON1/LON2/DLON/H
  527  489  444  397  353  315  286  266  252  242  233  223  213  204  198  199
  206  219  234  249  260  264  261  252  239  225  213  203  198  195  195  195
  194  191  187  182  176  171  167  166  169  177  190  207  229  255  282  311
  340  369  397  422  443  461  475  486  493  498  503  508  514  520  528  536
  546  556  566  575  580  581  573  555  527
    62.5-180.0 180.0   5.0 450.0                            LAT/LON1/LON2/DLON/H
  543  509  467  420  376  337  308  288  273  260  246  229  211  193  181  177
  182  195  211  228  240  244  241  232  219  206  196  190  187  186  185  183
  178  171  162  152  142  134  130  130  136  149  169  195  225  259  294  330
  364  397  426  451  471  486  496  502  504  505  506  508  512  517  523  530
  538  547  557  567  575  580  578  567  543
    60.0-180.0 180.0   5.0 450.0                            LAT/LON1/LON2/DLON/H
  528  498  460  417  375  339  313  296  283  271  255  235  213  191  176  170
  175  187  203  217  226  227  221  208  194  181  173  169  168  168  167  163
  156  145  132  120  108  100   96   98  108  125  151  183  220  260  301  341
  379  414  446  472  492  505  513  515  515  514  513  515  517  521  525  529
  532  536  540  546  551  555  555  547  528
    57.5-180.0 180.0   5.0 450.0                            LAT/LON1/LON2/DLON/H
  494  468  433  395  358  327  306  292  283  272  257  238  215  195  181  176
  181  192  205  215  218  213  200  184  167  154  147  146  147  148  147  142
  133  120  107   94   83   76   74   78   90  110  139  174  215  258  302  344
  384  421  455  483  504  519  526  529  529  528  529  531  534  537  539  538
  535  531  527  523  522  521  518  510  494
    55.0-180.0 180.0   5.0 450.0                            LAT/LON1/LON2/DLON/H
  459  436  406  372  340  314  297  286  278  268  254  235  216  199  190  189
  194  204  212  216  212  200  182  162  144  132  127  127  130  132  131  125
  116  104   92   82   74   70   70   75   87  107  136  171  212  254  297  339
  380  419  455  486  511  529  540  545  548  550  553  557  562  564  563  558
  549  537  524  512  501  493  485  475  459
    52.5-180.0 180.0   5.0 450.0                            LAT/LON1/LON2/DLON/H
  443  422  395  366  339  317  301  290  280  267  249  230  213  202  198  201
  207  214  217  214  204  188  168  148  132  122  119  121  124  125  123  118
  109   99   91   84   81   80   82   87   97  115  141  173  210  250  291  331
  372  413  452  487  517  540  555  565  571  577  583  589  594  595  592  584
  571  554  535  516  499  485  472  459  443
    50.0-180.0 180.0   5.0 450.0                            LAT/LON1/LON2/DLON/H
  457  437  413  388  365  345  329  314  297  275  250  227  210  203  204  209
  214  216  214  207  195  179  161  145  134  128  127  128  129  129  125  119
  112  105  101   99   99  101  103  106  114  128  150  179  213  248  286  325
  366  408  451  491  525  553  573  587  597  605  613  619  623  622  616  606
  591  575  556  537  519  502  488  473  457
    47.5-180.0 180.0   5.0 450.0                            LAT/LON1/LON2/DLON/H
  499  481  460  439  418  400  382  360  333  298  261  230  211  204  207  212
  214  211  205  197  187  176  165  156  151  149  149  148  146  141  135  129
  123  119  117  118  121  123  125  126  131  143  162  188  218  251  286  325
  366  410  456  499  537  568  592  608  620  629  636  641  641  637  628  617
  605  592  579  566  553  541  529  515  499
    45.0-180.0 180.0   5.0 450.0                            LAT/LON1/LON2/DLON/H
  560  543  524  505  487  470  449  422  383  335  284  243  217  209  211  213
  210  203  195  189  185  182  180  178  179  180  179  175  167  158  149  142
  137  134  134  136  139  141  141  140  143  154  173  199  228  260  295  333
  375  421  467  512  551  584  609  626  637  645  651  652  649  641  630  619
  609  602  598  595  592  589  584  574  560
    42.5-180.0 180.0   5.0 450.0                            LAT/LON1/LON2/DLON/H
  623  606  587  568  551  535  514  482  436  376  314  262  231  220  219  217
  209  198  190  188  192  198  203  207  211  213  211  203  189  175  164  157
  152  149  147  148  149  149  148  146  149  161  183  211  243  275  310  349
  392  437  482  525  564  596  621  638  648  655  658  658  652  642  630  619
  612  610  612  619  627  635  638  634  623
    40.0-180.0 180.0   5.0 450.0                            LAT/LON1/LON2/DLON/H
  673  654  632  611  592  575  554  523  474  410  341  284  249  236  233  228
  216  203  197  201  212  224  231  236  240  242  238  226  209  192  180  173
  168  163  159  155  153  151  148  146  151  167  194  226  260  294  329  368
  410  454  495  535  571  602  627  644  655  662  666  667  663  654  644  635
  629  627  630  639  654  670  682  683  673
    37.5-180.0 180.0   5.0 450.0                            LAT/LON1/LON2/DLON/H
  705  682  653  624  598  578  558  530  486  424  356  299  265  253  251  245
  232  221  218  228  242  253  258  259  260  261  258  247  229  212  200  193
  188  180  170  161  156  152  148  146  154  174  205  242  278  312  347  385
  425  465  501  535  569  601  629  649  663  674  684  692  696  695  691  684
  676  667  661  663  677  696  712  717  705
    35.0-180.0 180.0   5.0 450.0                            LAT/LON1/LON2/DLON/H
  728  697  656  613  575  545  523  500  465  413  353  301  273  266  267  265
  255  247  249  262  275  281  277  272  271  275  277  270  255  239  228  222
  215  202  186  172  163  157  152  151  160  183  218  257  294  327  359  395
  432  466  496  526  560  596  630  659  681  701  723  744  762  774  780  778
  765  743  719  705  706  722  738  742  728
    32.5-180.0 180.0   5.0 450.0                            LAT/LON1/LON2/DLON/H
  756  716  660  598  540  494  464  445  420  382  334  292  271  271  278  281
  276  274  280  293  302  299  287  277  279  291  302  303  293  280  270  263
  252  233  209  189  177  170  164  162  170  194  230  269  304  333  363  395
  428  457  482  511  547  592  638  679  714  749  786  825  862  892  911  915
  897  859  812  773  756  761  774  776  756
    30.0-180.0 180.0   5.0 450.0                            LAT/LON1/LON2/DLON/H
  809  760  689  605  521  452  409  387  372  346  311  278  264  269  281  289
  289  291  300  311  313  304  289  282  294  319  343  354  349  337  325  313
  296  269  238  213  197  189  182  177  181  202  236  273  305  331  357  386
  416  441  465  495  539  596  658  714  765  816  871  930  987 1035 1068 1078
 1057 1005  935  871  834  827  834  833  809
    27.5-180.0 180.0   5.0 450.0                            LAT/LON1/LON2/DLON/H
  898  843  760  655  544  448  385  357  345  329  303  277  265  270  282  289
  292  295  302  308  307  297  288  296  325  368  405  423  419  403  385  366
  341  306  268  237  219  209  199  189  187  203  233  268  297  321  345  373
  401  426  451  487  541  614  691  763  829  895  967 1043 1115 1177 1221 1238
 1218 1157 1071  990  938  923  926  924  898
    25.0-180.0 180.0   5.0 450.0                            LAT/LON1/LON2/DLON/H
 1021  966  878  759  624  502  417  377  364  353  331  305  289  287  290  290
  287  285  287  289  287  286  296  329  382  441  487  504  494  469  441  411
  376  334  290  256  235  222  207  191  183  193  220  253  282  306  331  361
  391  419  449  493  560  646  736  820  896  972 1055 1141 1221 1288 1337 1359
 1343 1285 1198 1112 1056 1039 1043 1044 1021
    22.5-180.0 180.0   5.0 450.0                            LAT/LON1/LON2/DLON/H
 1159 1113 1029  907  758  616  512  460  443  432  409  379  353  335  321  305
  288  275  267  263  266  283  323  387  464  534  577  583  559  519  477  436
  394  345  298  262  239  223  203  180  166  171  196  230  263  291  321  356
  391  425  463  518  595  690  787  874  952 1031 1116 1203 1281 1343 1388 1412
 1405 1360 1287 1213 1167 1157 1167 1173 1159
    20.0-180.0 180.0   5.0 450.0                            LAT/LON1/LON2/DLON/H
 1282 1252 1185 1071  923  773  659  599  577  564  540  503  464  425  387  347
  309  279  259  250  261  302  375  470  564  631  658  642  597  539  483  434
  386  337  290  254  230  210  185  157  138  141  168  206  245  282  319  360
  403  445  493  556  641  738  832  913  984 1057 1136 1214 1280 1327 1361 1383
 1388 1365 1320 1273 1247 1250 1269 1284 1282
    17.5-180.0 180.0   5.0 450.0                            LAT/LON1/LON2/DLON/H
 1360 1351 1308 1217 1084  941  829  767  745  732  707  666  615  557  492  426
  365  317  282  269  288  352  455  571  666  716  712  666  597  522  457  403
  356  310  267  233  209  186  158  127  107  111  140  185  233  279  325  373
  423  474  531  603  689  781  864  930  986 1045 1110 1173 1219 1246 1264 1281
 1297 1302 1293 1280 1280 1298 1325 1348 1360
    15.0-180.0 180.0   5.0 450.0                            LAT/LON1/LON2/DLON/H
 1369 1382 1369 1310 1206 1084  986  931  912  901  880  841  787  715  630  541
  461  397  350  331  356  435  554  674  754  770  727  648  558  473  405  352
  310  273  238  208  184  160  131  100   81   87  121  172  228  283  336  390
  445  504  570  646  731  812  877  923  959  998 1046 1090 1116 1122 1122 1135
 1162 1194 1220 1240 1262 1291 1320 1347 1369
    12.5-180.0 180.0   5.0 450.0                            LAT/LON1/LON2/DLON/H
 1309 1340 1356 1333 1264 1174 1098 1055 1041 1035 1021  993  945  872  779  679
  589  516  462  437  460  540  657  762  808  781  697  592  490  406  341  296
  263  236  211  187  165  140  112   83   68   77  114  168  230  290  347  404
  463  526  598  677  757  826  872  897  912  932  962  990  999  989  978  986
 1022 1076 1128 1171 1206 1234 1258 1281 1309
    10.0-180.0 180.0   5.0 450.0                            LAT/LON1/LON2/DLON/H
 1198 1240 1279 1287 1255 1199 1147 1117 1105 1102 1097 1084 1054  994  908  813
  727  658  604  572  585  650  745  816  819  747  632  514  415  340  286  250
  227  211  195  177  157  133  107   82   70   82  118  172  234  296  354  410
  469  535  611  691  766  823  854  863  862  868  884  900  901  885  870  879
  922  988 1053 1103 1135 1151 1159 1171 1198
     7.5-180.0 180.0   5.0 450.0                            LAT/LON1/LON2/DLON/H
 1074 1117 1167 1197 1194 1167 1136 1112 1096 1087 1087 1091 1085 1051  987  913
  847  794  746  709  704  741  799  826  785  679  550  436  354  297  257  229
  213  203  194  180  161  139  116   95   86   97  129  179  238  298  353  406
  462  528  606  686  757  807  831  834  828  827  836  847  848  838  830  846
  894  961 1024 1064 1078 1071 1057 1054 1074
     5.0-180.0 180.0   5.0 450.0                            LAT/LON1/LON2/DLON/H
  977 1014 1063 1101 1115 1107 1086 1057 1025  999  993 1009 1028 1025  995  954
  921  894  859  818  791  792  806  790  715  595  472  381  326  291  261  237
  221  213  205  192  174  153  133  115  107  115  142  185  239  294  346  394
  446  509  586  666  736  786  813  822  821  823  832  846  856  860  868  895
  947 1008 1056 1073 1058 1024  988  969  977
     2.5-180.0 180.0   5.0 450.0                            LAT/LON1/LON2/DLON/H
  944  968 1004 1036 1053 1051 1028  984  922  867  843  858  894  921  927  926
  931  934  916  872  824  791  766  717  628  516  420  364  340  322  297  268
  246  232  221  206  188  168  149  133  125  129  149  186  234  286  334  377
  424  484  558  637  709  764  803  829  845  859  875  896  919  943  971 1013
 1067 1118 1143 1131 1087 1030  978  947  944
