ionex_files/COD0OPSFIN_20250960000_01D_01H_GIM.INX
     1.0            IONOSPHERE MAPS     GNSS                IONEX VERSION / TYPE
ADDNEQ2 V5.5        AIUB                10-APR-25 19:04     PGM / RUN BY / DATE 
CODE'S GLOBAL IONOSPHERE MAPS FOR DAY 096, 2025             COMMENT             
Global ionosphere maps (GIM) are generated on a daily basis DESCRIPTION         
at CODE using data from about 300 GNSS sites of the IGS and DESCRIPTION         
other institutions. The vertical total electron content     DESCRIPTION         
(VTEC) is modeled in a solar-geomagnetic reference frame    DESCRIPTION         
using a spherical harmonics expansion up to degree and      DESCRIPTION         
order 15. Piece-wise linear functions are used for          DESCRIPTION         
representation in the time domain. The time spacing of      DESCRIPTION         
their vertices is 1 hour, conforming with the epochs of the DESCRIPTION         
VTEC maps.                                                  DESCRIPTION         
To convert line-of-sight TEC into vertical TEC, a modified  DESCRIPTION         
single-layer model mapping function approximating the JPL   DESCRIPTION         
extended slab model mapping function is adopted. The        DESCRIPTION         
mapping function is evaluated at geodetic satellite         DESCRIPTION         
elevation angles. For the computation of the ionospheric    DESCRIPTION         
pierce points, a spherical layer with a radius of 6821 km   DESCRIPTION         
is assumed, implying geocentric, not geodetic IONEX         DESCRIPTION         
latitudes.                                                  DESCRIPTION         
Instrumental biases with respect to each involved GNSS code DESCRIPTION         
observable are estimated as constant values for each        DESCRIPTION         
day. They are modeled with one set of bias parameters for   DESCRIPTION         
each satellite and each station in case of GPS and for each DESCRIPTION         
satellite-station link in case of GLONASS. The code bias    DESCRIPTION         
datum is defined by zero-mean conditions imposed on the     DESCRIPTION         
satellite bias estimates. In this file, just GPS C1W-C2W    DESCRIPTION         
satellite and station bias values are included. The         DESCRIPTION         
complete set of GNSS code bias results is provided in an    DESCRIPTION         
additional Bias-SINEX file as pseudo-absolute values        DESCRIPTION         
specific to each observable.                                DESCRIPTION         
Note: These GIM results correspond to the results for the   DESCRIPTION         
middle day of a 3-day combination analysis solving for 73   DESCRIPTION         
times 256, or 18688 VTEC parameters and 3 daily sets of     DESCRIPTION         
GNSS code bias parameters.                                  DESCRIPTION         
Contact address: code(at)aiub.unibe.ch                      DESCRIPTION         
Data archive:    ftp.aiub.unibe.ch/CODE/                    DESCRIPTION         
                 www.aiub.unibe.ch/download/CODE/           DESCRIPTION         
  2025     4     6     0     0     0                        EPOCH OF FIRST MAP  
  2025     4     7     0     0     0                        EPOCH OF LAST MAP   
  3600                                                      INTERVAL            
[...]
abpo adis albh algo alic amu2 antc areg areq ascg aspa auck COMMENT             
azgb badg bake barh bjfs bndy boav bogt bor1 braz brft brst COMMENT             
brux cas1 ccj2 cedu chpg chti chur ckis coco cord cpvg cpxf COMMENT             
cro1 daej darw dav1 dgar dhlg drao dubo ebre faa1 fair flin COMMENT             
flrs frdn func ganp glps glsv gode gol2 gold gope gras graz COMMENT             
guam guug harb hers hert hlfx hnpt hob2 hofn holb hrao iddr COMMENT             
ieng iisc impz ineg invk iqal irkj jog2 joz2 karr kerg kir0 COMMENT             
kiri kiru kit3 kokb kokv koug kour krgg lama laut lmmf lpal COMMENT             
lpgs m0se mac1 madr mal2 mana mas1 mat1 mate maui maw1 mcm4 COMMENT             
mdo1 medi mgue mizu mkea mnls mobs morp mro1 mtka nano naur COMMENT             
nico nist nium nklg nlib nnor not1 nrc1 ntus nya1 nyal onsa COMMENT             
opmt ous2 pado parc park pdel penc pert pie1 pimo pohn pol2 COMMENT             
polv pots pove ptag ptbb ptvl qaq1 quin rabt ramo reun reyk COMMENT             
rgdg rio2 roth samo sant savo sch2 scor scrz scub seyg sfer COMMENT             
spt0 ssia sthl stjo stk2 str2 suth sutm suwn sydn syog tash COMMENT             
thtg thti thu2 tid1 tidb tlse tn22 tong tro1 tskb twtf txes COMMENT             
uclu ufpr ulab unb3 unbj unsa urum usn7 usud vald vill vtsp COMMENT             
wab1 wab2 whit will wind wsrt wtza wtzr wtzs wtzz wuhn xmis COMMENT             
yar2 yar3 yarr yell ykro zeck zim2 zim3 zimm                COMMENT             
                                                            END OF HEADER       
[from data line 429]
     2                                                      START OF TEC MAP    
  2025     4     6     1     0     0                        EPOCH OF CURRENT MAP
    87.5-180.0 180.0   5.0 450.0                            LAT/LON1/LON2/DLON/H
  178  180  183  186  189  192  194  197  199  201  203  205  206  207  208  208
  208  208  207  206  204  203  201  199  197  194  192  189  187  184  182  179
  177  174  172  170  168  166  165  163  162  161  160  159  158  157  156  156
  155  155  154  154  154  154  153  153  154  154  154  155  155  156  157  158
  160  161  163  165  167  170  172  175  178
    85.0-180.0 180.0   5.0 450.0                            LAT/LON1/LON2/DLON/H
  156  162  169  175  182  188  195  201  206  211  216  220  223  225  227  227
  227  226  224  221  217  213  208  203  197  192  186  180  175  169  164  159
  155  150  147  144  141  138  136  135  133  132  131  131  130  130  129  129
  129  128  128  127  126  125  124  123  122  122  121  120  120  120  121  122
  123  126  128  132  136  140  145  151  156
    82.5-180.0 180.0   5.0 450.0                            LAT/LON1/LON2/DLON/H
  129  138  147  156  166  176  185  195  203  211  219  225  230  234  236  237
  236  234  231  226  220  213  205  197  188  179  170  161  153  145  138  132
  126  121  116  113  110  107  106  104  104  103  103  104  104  105  105  106
  106  106  106  105  103  101   99   97   94   91   88   86   84   83   82   82
   84   86   89   94   99  105  112  120  129
    80.0-180.0 180.0   5.0 450.0                            LAT/LON1/LON2/DLON/H
  108  118  129  140  151  162  173  183  194  203  212  220  227  232  235  236
  235  233  229  222  215  206  196  185  174  162  152  141  131  123  115  108
  102   97   93   89   86   84   83   82   81   81   82   83   84   86   87   89
   90   90   90   89   87   84   81   76   72   67   62   58   55   52   51   51
   52   55   59   65   72   80   89   98  108
    77.5-180.0 180.0   5.0 450.0                            LAT/LON1/LON2/DLON/H
  107  117  126  135  145  154  163  172  182  191  199  207  214  220  223  225
  225  223  219  213  205  195  185  173  161  150  138  127  118  109  102   96
   91   86   83   80   77   75   73   72   71   70   70   71   72   74   76   78
   80   81   81   80   78   75   70   65   59   53   47   42   39   36   35   36
   39   44   50   58   67   76   86   97  107
    75.0-180.0 180.0   5.0 450.0                            LAT/LON1/LON2/DLON/H
  131  138  144  149  153  157  162  167  172  178  185  191  197  201  205  207
  208  207  205  200  194  186  177  167  156  144  134  124  115  108  102   97
   93   90   87   85   82   79   77   74   72   70   69   69   69   70   72   74
   76   78   79   79   77   73   68   62   56   50   44   40   38   38   39   43
   49   57   66   76   88  100  111  121  131
    72.5-180.0 180.0   5.0 450.0                            LAT/LON1/LON2/DLON/H
  176  181  182  180  177  174  171  169  169  171  173  176  179  181  184  185
  187  188  189  188  185  181  175  167  157  147  137  128  121  115  110  107
  104  102  100   98   95   92   89   85   82   78   75   73   71   71   73   75
   78   80   82   82   80   77   72   66   61   56   52   51   52   56   61   69
   79   90  103  117  131  145  157  168  176
    70.0-180.0 180.0   5.0 450.0                            LAT/LON1/LON2/DLON/H
  231  232  229  221  210  198  188  180  174  171  169  167  166  164  163  164
  165  169  173  177  179  179  177  171  163  154  144  136  128  123  119  117
  115  114  112  110  108  105  101   97   93   89   84   80   77   76   76   78
   81   84   87   88   87   84   80   75   71   68   68   71   77   85   96  108
  122  136  151  167  183  198  213  224  231
    67.5-180.0 180.0   5.0 450.0                            LAT/LON1/LON2/DLON/H
  278  278  271  258  241  223  207  194  185  178  173  167  160  154  148  145
  146  151  158  167  174  179  179  175  168  158  148  138  131  125  121  119
  118  117  115  114  112  109  107  104  101   97   92   86   82   79   79   81
   84   89   93   95   95   93   89   85   82   83   87   95  106  120  136  151
  167  181  196  211  227  244  259  271  278
    65.0-180.0 180.0   5.0 450.0                            LAT/LON1/LON2/DLON/H
  304  304  296  280  260  239  220  207  198  192  185  176  164  151  139  131
  129  134  144  156  167  175  177  174  166  155  143  132  123  117  113  111
  109  108  106  105  104  103  103  103  102   99   94   89   83   79   78   81
   85   92   97  100  101  100   97   94   94   97  105  118  134  153  172  189
  203  216  227  238  251  266  282  295  304
    62.5-180.0 180.0   5.0 450.0                            LAT/LON1/LON2/DLON/H
  301  304  297  281  261  240  224  214  209  207  202  191  175  155  136  123
  117  120  129  142  155  163  166  162  153  140  127  115  106  100   96   94
   92   90   88   87   86   88   90   93   95   95   92   86   80   75   74   77
   83   91   99  103  105  104  102  101  103  109  120  137  157  178  198  214
  226  233  237  241  248  260  274  290  301
    60.0-180.0 180.0   5.0 450.0                            LAT/LON1/LON2/DLON/H
  272  279  275  262  244  227  215  212  216  220  220  210  191  166  140  120
  108  107  114  126  136  143  145  140  130  118  105   94   86   81   78   76
   74   72   69   67   67   69   74   80   85   87   84   79   72   67   66   70
   79   89   98  104  106  106  105  105  109  118  132  150  172  193  212  226
  233  233  229  224  224  229  242  258  272
    57.5-180.0 180.0   5.0 450.0                            LAT/LON1/LON2/DLON/H
  230  241  242  233  218  205  199  204  217  229  235  228  208  179  148  122
  106   99  101  107  113  117  116  111  102   92   84   77   72   70   68   67
   65   62   58   55   53   55   61   68   75   78   76   69   62   56   56   62
   73   85   96  102  105  106  106  109  115  126  141  159  179  198  215  225
  228  222  210  198  189  189  198  213  230
    55.0-180.0 180.0   5.0 450.0                            LAT/LON1/LON2/DLON/H
  192  206  211  206  195  185  184  195  214  234  245  242  223  194  161  132
  111   98   92   91   91   90   87   82   77   73   71   71   72   73   73   72
   70   66   61   55   52   52   56   63   69   72   69   62   53   47   49   57
   70   84   95  102  105  106  108  113  122  134  148  164  181  196  209  216
  216  208  193  175  161  155  161  175  192
    52.5-180.0 180.0   5.0 450.0                            LAT/LON1/LON2/DLON/H
  176  192  199  197  187  179  179  191  213  236  251  252  238  212  181  151
  127  108   94   84   77   72   67   64   64   67   73   81   87   92   93   92
   88   83   76   69   63   60   62   66   71   72   67   58   49   44   47   57
   72   88   99  104  106  108  112  120  132  145  158  170  181  191  200  205
  206  199  186  170  154  146  147  159  176
    50.0-180.0 180.0   5.0 450.0                            LAT/LON1/LON2/DLON/H
  191  206  215  214  204  193  190  198  216  238  254  260  252  234  209  182
  156  132  110   93   79   70   65   65   69   78   91  105  116  121  121  117
  112  105   98   90   82   77   76   78   79   78   73   63   53   49   53   66
   83   98  108  112  113  115  121  132  146  160  171  179  183  187  192  197
  201  201  197  187  176  168  167  175  191
    47.5-180.0 180.0   5.0 450.0                            LAT/LON1/LON2/DLON/H
  236  250  259  258  246  231  220  219  228  243  258  268  269  262  247  225
  199  171  144  121  103   92   87   86   91  103  119  136  148  151  147  139
  130  123  117  110  103   97   94   93   94   91   85   76   67   64   70   84
  101  116  124  126  126  128  136  150  166  180  190  193  192  190  191  197
  206  216  224  227  224  220  218  224  236
    45.0-180.0 180.0   5.0 450.0                            LAT/LON1/LON2/DLON/H
  303  315  323  321  308  287  266  252  248  254  266  280  291  296  292  278
  253  223  193  167  149  138  131  127  128  135  149  163  172  171  160  146
  135  128  125  122  118  114  111  111  111  109  104   96   89   87   94  109
  126  140  147  147  146  149  158  174  192  206  214  214  208  202  201  207
  222  243  264  281  290  292  292  295  303
    42.5-180.0 180.0   5.0 450.0                            LAT/LON1/LON2/DLON/H
  380  388  394  392  376  350  319  292  275  270  278  296  318  336  343  334
  312  281  250  227  212  202  191  180  170  166  171  179  183  175  157  138
  125  121  122  125  127  126  126  127  128  129  126  122  117  117  123  137
  153  165  171  172  172  176  188  204  222  236  243  242  234  226  223  231
  250  279  312  341  362  372  374  375  380
    40.0-180.0 180.0   5.0 450.0                            LAT/LON1/LON2/DLON/H
  452  457  461  457  439  408  371  334  305  291  296  317  348  377  391  387
  365  334  306  288  278  270  256  233  208  189  183  183  180  166  143  121
  108  108  115  124  131  134  137  141  145  149  150  149  147  147  152  162
  176  188  195  198  201  209  222  239  256  270  276  276  270  263  261  269
  290  322  361  400  430  446  451  451  452
    37.5-180.0 180.0   5.0 450.0                            LAT/LON1/LON2/DLON/H
  514  515  515  508  488  456  415  373  337  317  319  342  379  414  432  427
  404  374  350  338  335  330  311  277  237  204  187  181  174  157  132  110
  100  105  117  130  139  145  150  156  162  168  172  174  174  172  174  181
  192  203  213  221  230  243  259  277  292  305  313  315  313  310  312  321
  342  373  412  453  488  509  517  516  514
    35.0-180.0 180.0   5.0 450.0                            LAT/LON1/LON2/DLON/H
  568  565  559  547  524  492  452  410  373  349  348  372  409  444  459  450
  423  394  373  368  371  368  348  307  257  216  194  187  181  165  143  124
  119  128  142  154  160  163  167  172  179  185  191  195  194  190  186  188
  197  209  223  238  256  275  296  314  329  341  351  358  362  367  374  387
  406  433  467  505  539  563  572  572  568
    32.5-180.0 180.0   5.0 450.0                            LAT/LON1/LON2/DLON/H
  620  613  601  582  554  522  488  453  418  394  389  408  440  467  474  457
  425  393  375  373  379  380  362  324  276  238  220  218  217  207  189  176
  177  188  200  203  199  194  192  193  196  200  205  208  206  197  188  185
  191  205  224  247  274  302  328  348  363  376  389  402  414  428  443  461
  481  502  529  560  591  614  625  625  620
    30.0-180.0 180.0   5.0 450.0                            LAT/LON1/LON2/DLON/H
  681  671  652  624  592  561  535  509  482  457  446  456  477  492  485  457
  417  382  362  359  365  370  361  337  305  282  278  286  293  288  277  271
  276  286  288  276  255  235  223  216  214  213  215  216  210  197  182  174
  178  193  218  249  285  322  353  377  395  411  428  446  466  489  514  540
  562  581  599  623  649  671  683  686  681
    27.5-180.0 180.0   5.0 450.0                            LAT/LON1/LON2/DLON/H
  757  746  722  686  648  620  604  591  572  547  528  523  529  527  506  465
  418  377  351  341  344  353  360  360  357  359  373  392  405  405  398  396
  403  407  394  361  318  280  256  241  231  225  222  220  210  193  172  160
  162  179  207  245  288  332  370  399  422  443  465  489  515  546  581  617
  645  663  678  696  719  740  754  759  757
    25.0-180.0 180.0   5.0 450.0                            LAT/LON1/LON2/DLON/H
  847  839  813  772  731  707  703  704  693  666  638  618  606  588  552  500
  445  397  361  341  337  352  379  410  439  469  499  525  538  537  529  528
  532  527  497  440  375  320  285  264  248  237  230  224  211  189  164  148
  149  167  197  237  285  334  379  414  444  472  501  530  559  595  639  684
  721  743  759  776  799  821  836  845  847
    22.5-180.0 180.0   5.0 450.0                            LAT/LON1/LON2/DLON/H
  942  940  918  878  839  822  830  845  842  814  776  743  716  684  636  576
  514  459  412  379  369  388  435  495  553  601  637  659  665  656  644  639
  637  620  572  495  412  347  306  282  265  251  242  232  216  189  161  143
  143  159  189  229  279  331  381  423  461  498  534  567  599  637  686  739
  783  813  833  855  881  904  922  934  942
    20.0-180.0 180.0   5.0 450.0                            LAT/LON1/LON2/DLON/H
 1027 1035 1023  991  959  952  975 1002 1007  979  935  893  858  819  765  700
  633  571  516  472  455  478  539  616  686  734  759  765  754  734  715  704
  694  665  602  513  422  354  315  295  281  268  259  247  227  197  165  144
  143  158  185  223  272  326  379  428  474  520  563  600  632  671  722  779
  828  865  893  923  954  981  998 1013 1027
    17.5-180.0 180.0   5.0 450.0                            LAT/LON1/LON2/DLON/H
 1090 1110 1112 1093 1074 1080 1116 1156 1168 1142 1097 1056 1022  983  929  863
  795  729  668  620  600  624  686  760  817  841  837  815  785  754  729  711
  693  654  584  492  405  346  316  305  298  290  281  269  245  210  174  151
  147  160  184  220  267  321  377  431  484  539  588  628  661  699  749  805
  856  896  933  972 1011 1039 1056 1070 1090
    15.0-180.0 180.0   5.0 450.0                            LAT/LON1/LON2/DLON/H
 1123 1153 1171 1169 1166 1186 1234 1282 1300 1280 1242 1209 1186 1157 1109 1046
  977  911  852  806  789  811  860  906  921  898  849  795  749  714  689  668
  642  597  527  444  372  329  315  315  316  314  308  294  266  225  184  157
  151  161  183  217  264  319  377  434  493  553  608  651  686  723  769  822
  869  910  952  999 1045 1075 1088 1100 1123
    12.5-180.0 180.0   5.0 450.0                            LAT/LON1/LON2/DLON/H
 1128 1165 1196 1211 1222 1254 1309 1361 1383 1370 1344 1329 1324 1311 1274 1215
 1148 1086 1035 1001  992 1007 1027 1024  975  888  790  710  659  632  615  596
  565  518  454  387  337  315  317  328  337  339  335  318  284  237  191  160
  151  159  180  214  263  320  380  439  500  563  622  669  706  744  788  834
  875  912  956 1009 1059 1089 1097 1104 1128
    10.0-180.0 180.0   5.0 450.0                            LAT/LON1/LON2/DLON/H
 1115 1155 1193 1219 1241 1279 1335 1385 1406 1398 1387 1393 1411 1417 1392 1338
 1274 1218 1180 1164 1166 1172 1154 1086  963  810  672  581  543  539  539  525
  492  443  389  343  317  315  328  345  356  360  354  334  294  240  189  155
  143  150  172  209  261  323  385  445  506  569  629  679  720  761  805  847
  880  911  954 1009 1061 1089 1093 1094 1115
     7.5-180.0 180.0   5.0 450.0                            LAT/LON1/LON2/DLON/H
 1103 1139 1177 1204 1230 1267 1316 1356 1370 1365 1366 1391 1429 1453 1439 1389
 1326 1275 1253 1257 1272 1266 1207 1075  884  682  525  445  439  468  492  485
  448  398  352  325  320  331  348  362  369  371  362  336  291  232  178  142
  128  134  157  199  257  324  389  450  510  570  629  681  728  775  822  861
  888  914  954 1008 1060 1087 1089 1086 1103
     5.0-180.0 180.0   5.0 450.0                            LAT/LON1/LON2/DLON/H
 1106 1134 1163 1185 1206 1235 1270 1293 1293 1283 1290 1326 1378 1413 1405 1356
 1291 1243 1232 1253 1278 1263 1168  987  754  533  387  343  380  447  492  490
  447  392  352  338  345  360  370  373  372  366  353  322  273  213  159  122
  107  113  139  185  249  320  388  450  507  565  621  674  727  782  834  875
  901  924  960 1012 1063 1091 1094 1093 1106
     2.5-180.0 180.0   5.0 450.0                            LAT/LON1/LON2/DLON/H
 1133 1152 1167 1175 1186 1204 1221 1222 1203 1181 1183 1219 1272 1309 1301 1250
 1179 1127 1117 1147 1177 1155 1040  838  600  399  296  303  387  485  541  535
  482  420  381  372  382  389  385  372  358  345  326  293  243  186  135  101
   87   92  119  169  236  310  380  441  497  552  606  660  717  779  838  885
  914  939  973 1022 1070 1102 1114 1120 1133
