ionex_files/COD0OPSFIN_20250860000_01D_01H_GIM.INX
     1.0            IONOSPHERE MAPS     GNSS                IONEX VERSION / TYPE
ADDNEQ2 V5.5        AIUB                31-MAR-25 19:01     PGM / RUN BY / DATE 
CODE'S GLOBAL IONOSPHERE MAPS FOR DAY 086, 2025             COMMENT             
Global ionosphere maps (GIM) are generated on a daily basis DESCRIPTION         
at CODE using data from about 300 GNSS sites of the IGS and DESCRIPTION         
other institutions. The vertical total electron content     DESCRIPTION         
(VTEC) is modeled in a solar-geomagnetic reference frame    DESCRIPTION         
using a spherical harmonics expansion up to degree and      DESCRIPTION         
order 15. Piece-wise linear functions are used for          DESCRIPTION         
representation in the time domain. The time spacing of      DESCRIPTION         
their vertices is 1 hour, conforming with the epochs of the DESCRIPTION         
VTEC maps.                                                  DESCRIPTION         
To convert line-of-sight TEC into vertical TEC, a modified  DESCRIPTION         
single-layer model mapping function approximating the JPL   DESCRIPTION         
extended slab model mapping function is adopted. The        DESCRIPTION         
mapping function is evaluated at geodetic satellite         DESCRIPTION         
elevation angles. For the computation of the ionospheric    DESCRIPTION         
pierce points, a spherical layer with a radius of 6821 km   DESCRIPTION         
is assumed, implying geocentric, not geodetic IONEX         DESCRIPTION         
latitudes.                                                  DESCRIPTION         
Instrumental biases with respect to each involved GNSS code DESCRIPTION         
observable are estimated as constant values for each        DESCRIPTION         
day. They are modeled with one set of bias parameters for   DESCRIPTION         
each satellite and each station in case of GPS and for each DESCRIPTION         
satellite-station link in case of GLONASS. The code bias    DESCRIPTION         
datum is defined by zero-mean conditions imposed on the     DESCRIPTION         
satellite bias estimates. In this file, just GPS C1W-C2W    DESCRIPTION         
satellite and station bias values are included. The         DESCRIPTION         
complete set of GNSS code bias results is provided in an    DESCRIPTION         
additional Bias-SINEX file as pseudo-absolute values        DESCRIPTION         
specific to each observable.                                DESCRIPTION         
Note: These GIM results correspond to the results for the   DESCRIPTION         
middle day of a 3-day combination analysis solving for 73   DESCRIPTION         
times 256, or 18688 VTEC parameters and 3 daily sets of     DESCRIPTION         
GNSS code bias parameters.                                  DESCRIPTION         
Contact address: code(at)aiub.unibe.ch                      DESCRIPTION         
Data archive:    ftp.aiub.unibe.ch/CODE/                    DESCRIPTION         
                 www.aiub.unibe.ch/download/CODE/           DESCRIPTION         
  2025     3    27     0     0     0                        EPOCH OF FIRST MAP  
  2025     3    28     0     0     0                        EPOCH OF LAST MAP   
  3600                                                      INTERVAL            
[...]
abpo adis albh algo alic amu2 areg areq ascg aspa auck azgb COMMENT             
badg bake barh bjfs bndy boav bogo bogt bor1 braz brft brst COMMENT             
brux cas1 ccj2 cedu chpg chti chur ckis coco cord cpvg cpxf COMMENT             
cro1 daej darw dav1 dgar dhlg drao dubo ebre faa1 fair flin COMMENT             
flrs frdn func ganp glps glsv gode gol2 gold gope gras graz COMMENT             
guam guug harb hers hert hlfx hnpt hob2 hofn holb hrao hyde COMMENT             
iddr ieng iisc impz ineg invk iqal irkj jog2 joz2 karr kerg COMMENT             
kir0 kiri kiru kit3 kokb kokv koug kour krgg lama laut lmmf COMMENT             
lpal lpgs mac1 madr mal2 mana mas1 mat1 mate maui maw1 mcm4 COMMENT             
mdo1 medi mgue mizu mkea mnls mobs morp mqzg mro1 mtka nano COMMENT             
naur nico nist nium nklg nlib nnor nrc1 ntus nya1 nyal onsa COMMENT             
opmt ous2 pado park penc pert pie1 pimo pohn pol2 pots pove COMMENT             
ptbb ptvl qaq1 quin rabt ramo reun reyk rgdg rio2 roth salu COMMENT             
samo sant savo sch2 scor scrz sctb scub seyg sfer spt0 ssia COMMENT             
sthl stjo stk2 str2 suth sutm suwn sydn syog tash thtg thti COMMENT             
thu2 tid1 tidb tlse tn22 tong tow2 tro1 tskb twtf txes uclu COMMENT             
ufpr ulab unb3 unbj unsa urum usn7 usud vald vill vtsp wab1 COMMENT             
wab2 wark wgtn whit will wind wsrt wtza wtzr wtzs wtzz wuhn COMMENT             
xmis yar2 yar3 yarr yell ykro zeck zim2 zim3 zimm           COMMENT             
                                                            END OF HEADER       
[from data line 9009]
    22                                                      START OF TEC MAP    
  2025     3    27    21     0     0                        EPOCH OF CURRENT MAP
    87.5-180.0 180.0   5.0 450.0                            LAT/LON1/LON2/DLON/H
  245  246  246  247  247  248  248  248  248  248  247  246  245  244  242  240
  238  235  233  230  227  224  221  218  214  211  208  206  203  201  198  196
  195  193  192  192  191  191  191  192  193  194  195  197  199  201  203  205
  208  210  212  215  217  220  222  224  226  228  230  231  233  234  235  237
  238  239  240  241  242  242  243  244  245
    85.0-180.0 180.0   5.0 450.0                            LAT/LON1/LON2/DLON/H
  242  244  247  250  253  256  259  262  264  266  267  267  266  264  261  258
  254  249  243  237  231  225  218  211  205  198  192  187  181  176  171  167
  164  161  159  157  156  156  157  158  160  163  166  170  174  179  183  189
  194  199  204  209  213  218  221  225  227  230  231  233  234  234  234  235
  235  235  235  235  236  236  238  240  242
    82.5-180.0 180.0   5.0 450.0                            LAT/LON1/LON2/DLON/H
  215  220  226  233  241  250  258  266  272  278  282  285  285  284  281  276
  269  262  253  244  235  225  216  207  198  190  182  174  167  161  154  149
  144  140  137  134  133  132  133  135  137  141  145  150  156  162  169  176
  183  190  197  203  209  214  218  222  224  225  226  225  224  222  219  217
  214  211  209  207  206  207  208  211  215
    80.0-180.0 180.0   5.0 450.0                            LAT/LON1/LON2/DLON/H
  172  180  190  203  216  231  247  261  275  286  295  301  303  301  297  289
  280  269  257  245  234  223  213  203  195  187  180  173  166  159  153  147
  141  136  131  128  126  125  125  126  128  131  135  140  146  152  159  166
  173  180  187  194  200  204  208  210  211  211  209  206  202  196  191  185
  179  173  169  165  162  162  163  166  172
    77.5-180.0 180.0   5.0 450.0                            LAT/LON1/LON2/DLON/H
  128  138  152  168  188  209  232  254  275  292  306  315  318  315  308  297
  283  267  252  237  225  214  206  199  194  189  185  181  176  170  164  158
  151  146  140  136  133  132  131  131  133  134  137  139  143  147  151  156
  161  167  173  178  182  186  188  188  187  184  180  175  168  161  154  146
  139  132  125  120  117  116  117  121  128
    75.0-180.0 180.0   5.0 450.0                            LAT/LON1/LON2/DLON/H
   98  109  124  142  165  191  219  248  275  299  317  328  332  327  316  299
  279  258  239  222  209  200  195  193  193  194  194  193  190  186  180  174
  167  160  154  149  146  145  144  144  144  144  144  143  143  142  143  144
  146  149  152  155  157  158  157  155  152  147  141  135  128  121  114  108
  102   96   91   88   85   85   87   91   98
    72.5-180.0 180.0   5.0 450.0                            LAT/LON1/LON2/DLON/H
   93  102  115  132  154  181  211  244  277  306  329  343  347  340  323  300
  273  246  222  203  191  184  184  187  192  197  201  203  202  198  191  183
  175  167  161  156  154  153  154  155  155  153  150  146  140  135  131  128
  126  126  126  127  127  125  122  118  112  106   99   93   88   84   80   78
   76   75   74   75   76   78   82   87   93
    70.0-180.0 180.0   5.0 450.0                            LAT/LON1/LON2/DLON/H
  115  121  129  140  157  180  209  244  280  314  342  359  363  354  334  305
  272  239  211  191  178  174  176  182  190  198  203  205  203  197  189  179
  169  160  153  149  148  150  153  156  157  155  150  142  132  122  113  106
  102  100   99   98   97   93   88   82   74   67   61   57   54   54   56   60
   65   70   77   84   90   97  104  110  115
    67.5-180.0 180.0   5.0 450.0                            LAT/LON1/LON2/DLON/H
  158  160  160  163  170  185  209  242  280  318  351  374  381  373  351  319
  281  245  214  192  179  175  177  183  190  195  197  196  191  182  172  160
  148  138  131  128  129  134  140  145  148  146  140  129  116  102   90   82
   77   76   76   75   73   69   62   54   45   38   33   31   33   38   46   56
   68   80   94  107  121  133  144  153  158
    65.0-180.0 180.0   5.0 450.0                            LAT/LON1/LON2/DLON/H
  207  206  199  191  186  190  206  235  274  316  356  385  399  396  375  343
  306  268  236  213  199  193  192  193  193  191  187  179  170  159  146  133
  121  111  104  101  103  110  118  126  131  130  123  110   94   78   66   58
   56   57   60   62   61   56   49   40   30   23   20   21   26   36   49   64
   80   98  116  135  154  172  189  201  207
    62.5-180.0 180.0   5.0 450.0                            LAT/LON1/LON2/DLON/H
  249  247  235  217  201  192  199  222  260  307  353  392  414  419  405  378
  343  308  277  254  238  227  220  212  202  190  176  162  148  136  124  112
  101   91   84   81   82   88   97  106  112  111  103   90   73   56   45   40
   41   47   54   59   60   56   48   39   30   23   21   25   33   46   61   79
   97  116  135  155  177  201  223  240  249
    60.0-180.0 180.0   5.0 450.0                            LAT/LON1/LON2/DLON/H
  274  274  260  236  210  192  189  206  243  292  344  391  424  439  435  417
  389  359  332  309  291  275  259  240  218  194  171  151  135  124  116  109
  101   92   84   78   77   80   87   94   99   98   89   75   57   42   32   31
   37   48   59   67   69   65   58   48   40   35   35   40   50   63   79   96
  113  129  145  163  185  210  237  260  274
    57.5-180.0 180.0   5.0 450.0                            LAT/LON1/LON2/DLON/H
  280  286  275  249  218  193  183  195  228  276  332  385  427  453  461  454
  436  413  389  368  348  327  304  275  242  208  178  154  139  132  129  128
  125  118  109  100   93   90   92   96   98   95   86   71   54   39   32   34
   44   58   72   81   83   79   72   63   57   54   56   62   72   84   99  113
  126  137  147  159  177  201  231  260  280
    55.0-180.0 180.0   5.0 450.0                            LAT/LON1/LON2/DLON/H
  274  288  282  260  230  203  190  197  224  269  323  378  425  460  479  483
  474  459  440  421  400  377  348  313  273  233  198  173  160  158  162  167
  169  164  153  139  126  117  113  111  110  105   95   80   63   50   44   48
   60   75   89   97   98   93   86   79   75   74   78   84   93  104  116  127
  137  143  146  151  163  184  214  247  274
    52.5-180.0 180.0   5.0 450.0                            LAT/LON1/LON2/DLON/H
  268  289  291  277  252  229  216  220  241  277  323  374  422  462  489  501
  501  491  476  459  440  417  387  351  309  266  229  204  193  195  204  213
  217  213  201  185  167  152  141  135  131  125  115  101   85   73   68   72
   83   96  108  113  111  104   97   91   90   92   96  103  110  119  129  140
  148  152  151  150  155  171  200  235  268
    50.0-180.0 180.0   5.0 450.0                            LAT/LON1/LON2/DLON/H
  272  298  309  304  290  275  267  269  282  306  338  378  422  462  493  511
  515  508  496  481  465  446  420  386  346  304  266  241  229  230  239  249
  253  249  237  220  201  183  169  160  154  148  140  128  114  103   97  100
  108  118  124  125  120  112  104  101  101  106  111  116  122  129  139  152
  162  168  168  165  166  177  202  237  272
    47.5-180.0 180.0   5.0 450.0                            LAT/LON1/LON2/DLON/H
  295  323  340  345  342  339  337  339  344  353  369  395  429  467  498  517
  521  515  503  491  479  466  446  418  382  340  301  272  256  252  256  261
  262  258  248  234  218  202  188  178  173  169  164  155  144  133  127  127
  132  137  139  136  128  119  112  110  112  117  122  126  130  136  147  164
  182  194  199  199  200  208  230  261  295
    45.0-180.0 180.0   5.0 450.0                            LAT/LON1/LON2/DLON/H
  337  362  381  393  402  410  418  421  419  413  412  423  448  480  508  525
  527  519  507  497  490  482  470  447  412  370  327  291  266  254  249  246
  244  240  234  227  218  208  197  188  184  183  182  177  169  160  153  151
  152  152  151  146  138  129  123  122  124  129  133  135  136  142  156  179
  205  227  242  249  254  263  282  308  337
    42.5-180.0 180.0   5.0 450.0                            LAT/LON1/LON2/DLON/H
  392  411  427  442  459  478  494  501  493  476  461  460  476  503  528  541
  539  528  516  508  505  502  493  472  436  388  338  294  261  239  225  215
  209  207  209  212  213  209  201  193  190  191  193  193  187  180  173  169
  167  166  162  157  152  146  141  139  140  143  145  145  145  151  167  195
  229  262  288  306  319  332  349  370  392
    40.0-180.0 180.0   5.0 450.0                            LAT/LON1/LON2/DLON/H
  449  460  470  484  505  531  554  564  555  532  509  501  512  535  557  566
  561  548  536  530  529  527  517  492  450  395  337  285  247  220  202  189
  183  185  195  209  219  219  212  202  197  197  201  202  199  193  187  183
  180  178  175  173  171  168  165  162  159  159  159  158  158  163  181  212
  251  292  328  357  380  401  419  436  449
    37.5-180.0 180.0   5.0 450.0                            LAT/LON1/LON2/DLON/H
  499  502  506  516  536  564  591  604  597  574  549  540  551  573  593  598
  591  579  570  565  563  557  541  507  456  392  328  276  240  218  203  194
  192  201  220  241  255  254  241  224  211  208  210  211  209  203  198  195
  194  192  191  192  194  195  192  186  180  176  174  173  173  179  197  228
  269  313  355  392  426  455  478  492  499
    35.0-180.0 180.0   5.0 450.0                            LAT/LON1/LON2/DLON/H
  536  534  532  537  552  578  605  622  619  600  581  576  590  613  630  634
  627  618  611  607  600  587  560  517  456  386  323  278  255  248  247  249
  256  273  298  322  332  322  295  263  239  228  226  225  221  216  213  212
  211  210  209  212  217  220  217  207  197  190  189  189  191  197  214  242
  280  322  365  407  450  488  516  532  536
    32.5-180.0 180.0   5.0 450.0                            LAT/LON1/LON2/DLON/H
  559  557  553  554  564  583  607  625  628  619  608  611  628  651  666  668
  664  659  655  649  635  611  573  521  455  386  331  304  304  321  341  359
  377  402  428  447  444  416  369  319  280  259  251  247  242  237  235  236
  236  233  230  231  236  239  233  220  206  198  198  202  206  214  228  253
  286  322  362  405  453  498  533  554  559
    30.0-180.0 180.0   5.0 450.0                            LAT/LON1/LON2/DLON/H
  574  577  577  578  582  593  611  629  639  640  640  649  669  689  700  701
  699  699  697  685  661  625  579  524  461  401  363  359  388  432  475  508
  537  565  588  594  572  520  450  381  329  299  287  280  273  268  268  270
  269  262  253  248  248  247  237  220  204  198  202  209  217  225  239  261
  289  319  353  394  443  494  535  562  574
    27.5-180.0 180.0   5.0 450.0                            LAT/LON1/LON2/DLON/H
  586  600  610  615  616  620  632  650  666  677  686  700  718  733  738  736
  737  739  735  715  677  630  582  533  481  438  422  444  499  566  624  667
  699  725  738  728  683  608  517  434  375  342  329  322  316  312  313  315
  310  295  275  259  251  243  229  210  194  190  198  210  220  229  243  264
  291  317  347  384  433  486  532  564  586
    25.0-180.0 180.0   5.0 450.0                            LAT/LON1/LON2/DLON/H
  602  631  655  668  670  670  677  695  718  738  754  769  782  789  787  783
  784  787  777  743  690  635  591  555  523  501  505  548  620  696  755  795
  821  838  839  810  744  652  551  465  409  382  373  370  366  365  367  367
  357  331  297  267  247  231  213  192  177  177  190  204  215  224  239  264
  293  321  350  385  432  484  532  571  602
    22.5-180.0 180.0   5.0 450.0                            LAT/LON1/LON2/DLON/H
  625  668  708  734  741  740  746  766  795  823  844  858  866  864  856  850
  852  853  832  780  711  652  617  601  590  586  606  657  729  795  838  859
  869  872  858  813  736  638  542  468  427  414  416  420  421  421  423  421
  403  365  316  272  240  217  195  175  163  167  181  196  204  212  229  259
  296  332  365  401  446  496  544  585  625
    20.0-180.0 180.0   5.0 450.0                            LAT/LON1/LON2/DLON/H
  655  709  763  802  817  820  828  853  889  924  948  962  967  961  951  946
  949  944  910  839  755  693  670  673  680  688  710  754  808  845  854  844
  830  817  790  736  657  569  494  447  431  439  455  468  473  475  476  469
  443  394  332  276  235  207  184  166  157  163  177  187  191  195  213  250
  299  346  388  428  474  521  567  609  655
    17.5-180.0 180.0   5.0 450.0                            LAT/LON1/LON2/DLON/H
  685  745  809  859  884  893  908  939  983 1025 1055 1072 1078 1075 1069 1069
 1074 1065 1017  929  831  767  753  770  787  794  805  827  847  843  807  758
  718  688  654  599  531  467  427  417  433  463  492  511  519  521  518  506
  472  414  344  281  236  207  186  171  165  170  180  183  179  178  196  239
  298  359  413  461  509  555  598  638  685
    15.0-180.0 180.0   5.0 450.0                            LAT/LON1/LON2/DLON/H
  713  773  840  896  929  947  969 1009 1060 1109 1146 1171 1186 1193 1199 1208
 1219 1207 1149 1047  939  873  863  883  896  891  879  870  850  799  717  633
  570  531  494  448  399  369  371  402  448  493  529  549  555  552  544  525
  486  423  350  287  244  219  203  193  188  190  192  186  173  165  181  226
  294  367  433  491  543  590  630  668  713
    12.5-180.0 180.0   5.0 450.0                            LAT/LON1/LON2/DLON/H
  735  789  853  909  947  972 1003 1049 1106 1162 1207 1244 1275 1300 1323 1346
 1364 1354 1291 1182 1069  999  985  996  993  965  926  885  828  738  622  513
  440  398  367  333  308  314  357  422  487  537  568  579  577  566  551  526
  482  419  350  293  258  241  233  228  223  219  211  195  173  160  171  216
  286  366  442  509  567  618  659  694  735
    10.0-180.0 180.0   5.0 450.0                            LAT/LON1/LON2/DLON/H
  752  798  853  905  944  973 1009 1059 1119 1178 1232 1284 1333 1379 1420 1458
 1485 1480 1421 1313 1199 1125 1099 1090 1062 1008  945  881  801  689  558  444
  373  340  318  298  296  332  405  489  558  596  608  601  584  562  538  507
  463  404  344  298  274  268  270  270  264  253  235  209  181  164  170  210
  277  359  440  514  579  634  679  715  752
     7.5-180.0 180.0   5.0 450.0                            LAT/LON1/LON2/DLON/H
  767  806  850  894  930  961  998 1047 1105 1165 1224 1287 1354 1418 1474 1523
 1558 1561 1512 1415 1306 1227 1184 1150 1095 1019  941  870  786  676  552  453
  400  382  372  363  376  429  516  601  653  664  645  612  575  541  509  474
  431  380  331  297  286  292  303  309  303  285  258  225  195  176  179  210
  269  347  429  506  577  640  691  732  767
     5.0-180.0 180.0   5.0 450.0                            LAT/LON1/LON2/DLON/H
  784  819  855  891  923  952  986 1030 1082 1136 1195 1263 1339 1413 1477 1530
 1569 1581 1546 1466 1368 1285 1225 1166 1089 1002  926  864  796  707  611  542
  518  519  519  515  532  589  670  736  757  728  671  607  551  505  467  431
  391  349  312  291  291  306  325  336  330  308  274  240  211  195  195  218
  267  335  413  491  566  635  697  746  784
     2.5-180.0 180.0   5.0 450.0                            LAT/LON1/LON2/DLON/H
  805  841  873  905  934  960  990 1026 1067 1111 1163 1228 1302 1374 1433 1480
 1517 1535 1517 1457 1374 1291 1216 1140 1054  971  910  872  832  776  719  689
  695  715  721  715  727  772  832  866  844  772  676  585  512  458  417  383
  349  315  288  276  283  305  330  345  341  317  282  249  226  215  216  232
  270  328  400  475  550  625  697  758  805
