ionex_files/COD0OPSFIN_20250790000_01D_01H_GIM.INX
     1.0            IONOSPHERE MAPS     GNSS                IONEX VERSION / TYPE
ADDNEQ2 V5.5        AIUB                24-MAR-25 19:02     PGM / RUN BY / DATE 
CODE'S GLOBAL IONOSPHERE MAPS FOR DAY 079, 2025             COMMENT             
Global ionosphere maps (GIM) are generated on a daily basis DESCRIPTION         
at CODE using data from about 300 GNSS sites of the IGS and DESCRIPTION         
other institutions. The vertical total electron content     DESCRIPTION         
(VTEC) is modeled in a solar-geomagnetic reference frame    DESCRIPTION         
using a spherical harmonics expansion up to degree and      DESCRIPTION         
order 15. Piece-wise linear functions are used for          DESCRIPTION         
representation in the time domain. The time spacing of      DESCRIPTION         
their vertices is 1 hour, conforming with the epochs of the DESCRIPTION         
VTEC maps.                                                  DESCRIPTION         
To convert line-of-sight TEC into vertical TEC, a modified  DESCRIPTION         
single-layer model mapping function approximating the JPL   DESCRIPTION         
extended slab model mapping function is adopted. The        DESCRIPTION         
mapping function is evaluated at geodetic satellite         DESCRIPTION         
elevation angles. For the computation of the ionospheric    DESCRIPTION         
pierce points, a spherical layer with a radius of 6821 km   DESCRIPTION         
is assumed, implying geocentric, not geodetic IONEX         DESCRIPTION         
latitudes.                                                  DESCRIPTION         
Instrumental biases with respect to each involved GNSS code DESCRIPTION         
observable are estimated as constant values for each        DESCRIPTION         
day. They are modeled with one set of bias parameters for   DESCRIPTION         
each satellite and each station in case of GPS and for each DESCRIPTION         
satellite-station link in case of GLONASS. The code bias    DESCRIPTION         
datum is defined by zero-mean conditions imposed on the     DESCRIPTION         
satellite bias estimates. In this file, just GPS C1W-C2W    DESCRIPTION         
satellite and station bias values are included. The         DESCRIPTION         
complete set of GNSS code bias results is provided in an    DESCRIPTION         
additional Bias-SINEX file as pseudo-absolute values        DESCRIPTION         
specific to each observable.                                DESCRIPTION         
Note: These GIM results correspond to the results for the   DESCRIPTION         
middle day of a 3-day combination analysis solving for 73   DESCRIPTION         
times 256, or 18688 VTEC parameters and 3 daily sets of     DESCRIPTION         
GNSS code bias parameters.                                  DESCRIPTION         
Contact address: code(at)aiub.unibe.ch                      DESCRIPTION         
Data archive:    ftp.aiub.unibe.ch/CODE/                    DESCRIPTION         
                 www.aiub.unibe.ch/download/CODE/           DESCRIPTION         
  2025     3    20     0     0     0                        EPOCH OF FIRST MAP  
  2025     3    21     0     0     0                        EPOCH OF LAST MAP   
  3600                                                      INTERVAL            
[...]
abpo albh algo alic amu2 antc areg areq ascg aspa auck azgb COMMENT             
badg bake barh bjfs bndy boav bogt bor1 braz brft brst brux COMMENT             
cags cas1 ccj2 cedu chpg chti ckis coco cord cpvg cpxf cro1 COMMENT             
daej darw dav1 dgar dhlg drao dubo faa1 fair flin flrs frdn COMMENT             
func ganp glps glsv gode gol2 gold gope gras graz guam guat COMMENT             
guug harb hers hert hlfx hnpt hob2 hofn hrao hyde iddr ieng COMMENT             
iisc impz ineg invk iqal irkj jog2 joz2 karr kerg kir0 kiri COMMENT             
kiru kit3 kokb kokv koug kour krgg lama laut lmmf lpal lpgs COMMENT             
mac1 madr mal2 mana mas1 mat1 mate maui maw1 mcm4 mdo1 medi COMMENT             
mgue mizu mkea mnls mobs morp mqzg mro1 mtka nano naur nico COMMENT             
nist nium nklg nlib nnor nrc1 ntus nya1 nyal onsa opmt ous2 COMMENT             
pado parc park pdel penc pert pie1 pimo pohn pol2 polv pots COMMENT             
pove ptag ptbb ptvl qaq1 quin rabt ramo reun reyk rgdg rio2 COMMENT             
roth salu sant savo sch2 scor scrz sctb scub seyg sfer sofi COMMENT             
spt0 ssia sthl stjo stk2 str2 suth sutm suwn sydn syog tash COMMENT             
thtg thti thu2 tid1 tidb tlse tn22 tong tow2 tro1 tskb twtf COMMENT             
txes uclu ufpr ulab unb3 unbj unsa urum usn7 usud vald vill COMMENT             
vtsp wab1 wab2 wark wgtn whit will wind wsrt wtza wtzr wtzs COMMENT             
wtzz wuhn xmis yar2 yar3 yarr yell ykro zeck zim2 zim3 zimm COMMENT             
                                                            END OF HEADER       
[from data line 9867]
    24                                                      START OF TEC MAP    
  2025     3    20    23     0     0                        EPOCH OF CURRENT MAP
    87.5-180.0 180.0   5.0 450.0                            LAT/LON1/LON2/DLON/H
  256  256  256  257  257  258  258  259  260  260  261  262  262  263  264  264
  265  265  265  265  265  264  264  263  262  261  260  259  258  257  255  254
  252  251  250  248  247  246  245  244  243  243  242  242  242  242  242  242
  243  243  244  245  246  247  248  248  249  250  251  252  253  253  254  254
  255  255  255  255  255  256  256  256  256
    85.0-180.0 180.0   5.0 450.0                            LAT/LON1/LON2/DLON/H
  262  261  261  261  262  263  264  266  269  271  274  277  280  283  285  287
  289  290  291  292  292  291  290  288  287  284  282  279  276  273  270  267
  263  260  257  254  251  248  245  243  241  239  238  237  236  236  237  238
  239  241  243  245  248  251  253  256  259  261  263  265  267  268  269  269
  269  269  268  267  266  265  264  263  262
    82.5-180.0 180.0   5.0 450.0                            LAT/LON1/LON2/DLON/H
  267  265  263  263  263  265  268  272  277  283  289  295  301  307  312  317
  320  322  324  325  324  323  321  319  316  312  308  304  300  295  291  286
  281  276  271  267  262  257  252  248  244  241  238  235  234  233  233  234
  236  238  242  246  251  256  261  266  270  275  279  282  285  287  288  288
  288  287  285  282  279  276  273  270  267
    80.0-180.0 180.0   5.0 450.0                            LAT/LON1/LON2/DLON/H
  273  269  265  264  264  266  271  277  285  295  305  315  325  333  341  347
  351  353  354  354  353  350  347  344  340  336  331  327  322  317  312  307
  301  296  290  284  278  272  266  259  253  247  241  236  232  230  228  228
  230  233  237  242  248  255  262  269  276  282  288  293  297  300  303  304
  304  303  301  298  294  289  284  278  273
    77.5-180.0 180.0   5.0 450.0                            LAT/LON1/LON2/DLON/H
  285  278  272  269  268  270  276  285  296  309  323  336  349  359  367  373
  376  376  375  372  368  364  360  355  351  347  343  338  334  330  326  321
  317  312  306  300  294  287  279  271  262  253  244  236  229  223  219  218
  218  220  225  231  238  245  254  262  270  277  284  290  296  301  305  309
  311  313  313  312  309  304  298  292  285
    75.0-180.0 180.0   5.0 450.0                            LAT/LON1/LON2/DLON/H
  304  296  288  282  279  280  286  296  310  326  343  359  373  383  389  392
  390  386  380  373  366  360  354  349  345  342  338  336  333  330  327  324
  320  316  312  307  301  294  286  276  266  254  242  231  220  211  204  200
  199  200  204  210  218  225  234  242  249  257  264  271  278  285  293  300
  307  314  319  323  324  323  318  312  304
    72.5-180.0 180.0   5.0 450.0                            LAT/LON1/LON2/DLON/H
  332  323  313  304  298  297  302  313  328  347  365  383  396  404  406  403
  395  384  371  359  348  339  332  327  323  321  319  317  316  314  312  310
  308  305  302  298  293  287  279  269  257  244  230  216  203  191  182  176
  174  175  178  184  191  198  205  212  218  224  230  237  245  255  267  279
  293  307  320  331  339  344  344  340  332
    70.0-180.0 180.0   5.0 450.0                            LAT/LON1/LON2/DLON/H
  366  357  344  332  324  320  323  333  349  368  389  406  418  423  419  409
  393  374  355  337  322  310  302  297  293  291  289  288  286  285  283  281
  279  277  274  271  267  262  254  245  234  221  207  192  178  165  155  149
  146  147  150  155  162  168  173  177  181  185  190  197  206  219  234  253
  274  296  317  337  354  366  372  372  366
    67.5-180.0 180.0   5.0 450.0                            LAT/LON1/LON2/DLON/H
  400  391  377  363  351  343  344  352  368  388  410  427  438  440  431  414
  391  365  340  317  299  285  275  268  263  259  256  253  251  248  245  242
  240  237  234  231  227  222  216  208  198  187  174  160  147  135  126  120
  118  120  124  129  135  139  142  144  145  147  152  159  170  186  206  229
  256  285  314  342  366  386  398  403  400
    65.0-180.0 180.0   5.0 450.0                            LAT/LON1/LON2/DLON/H
  426  419  405  389  374  363  361  367  382  403  425  444  454  455  443  422
  395  365  336  310  289  273  261  251  243  235  228  222  217  211  207  202
  198  194  189  185  181  176  171  165  157  148  137  126  116  106  100   96
   96   99  104  109  114  117  118  117  117  118  123  132  146  165  189  217
  248  280  314  346  376  400  417  426  426
    62.5-180.0 180.0   5.0 450.0                            LAT/LON1/LON2/DLON/H
  441  435  423  407  390  377  372  376  389  409  432  452  465  467  457  436
  408  378  348  322  300  281  266  251  238  225  212  201  192  184  177  170
  164  157  151  146  140  135  130  125  119  112  105   98   91   85   81   80
   82   86   92   97  101  102  101  100   99  101  108  121  139  163  190  220
  252  286  320  353  383  408  427  438  441
    60.0-180.0 180.0   5.0 450.0                            LAT/LON1/LON2/DLON/H
  444  440  431  416  401  387  379  380  391  409  432  454  469  475  469  454
  430  403  377  352  329  309  289  269  249  230  211  196  182  171  162  153
  144  136  128  121  114  108  103   98   93   88   84   80   76   73   72   73
   76   81   87   92   95   95   93   92   92   97  108  126  150  178  209  240
  272  303  333  362  389  412  429  440  444
    57.5-180.0 180.0   5.0 450.0                            LAT/LON1/LON2/DLON/H
  440  439  433  423  411  398  389  386  393  407  428  449  468  479  480  472
  457  436  414  392  370  347  324  299  274  249  226  206  189  175  163  153
  143  133  124  115  107  100   94   89   84   80   78   76   75   74   74   75
   79   83   89   93   95   95   93   92   95  104  120  144  174  207  241  273
  302  329  354  377  397  414  427  436  440
    55.0-180.0 180.0   5.0 450.0                            LAT/LON1/LON2/DLON/H
  438  439  439  436  428  419  409  403  403  411  426  445  464  479  488  488
  482  469  452  432  411  388  362  334  306  278  252  229  210  193  179  166
  154  143  133  125  117  110  104   97   92   88   86   85   85   85   85   85
   88   91   95   99  100  100   98   98  104  117  139  169  205  242  278  310
  338  361  381  398  412  422  430  435  438
    52.5-180.0 180.0   5.0 450.0                            LAT/LON1/LON2/DLON/H
  446  450  456  461  461  456  447  437  430  429  435  446  461  478  491  499
  500  493  480  462  442  419  394  367  339  311  284  260  238  219  202  185
  171  159  150  142  136  130  124  118  112  107  105  103  103  102  101  100
  100  102  105  108  109  109  108  110  118  134  160  194  234  274  312  346
  373  395  412  426  436  441  443  444  446
    50.0-180.0 180.0   5.0 450.0                            LAT/LON1/LON2/DLON/H
  470  478  490  503  511  512  504  492  478  467  459  459  467  479  494  506
  510  506  494  477  457  436  414  391  367  342  317  292  267  244  222  202
  185  172  163  158  155  152  148  142  136  131  127  125  124  122  119  116
  115  115  117  120  121  121  121  125  134  152  179  215  256  298  338  372
  401  425  444  459  468  471  470  468  470
    47.5-180.0 180.0   5.0 450.0                            LAT/LON1/LON2/DLON/H
  510  521  541  561  577  583  578  565  545  523  502  488  483  488  499  510
  515  510  496  477  458  440  424  408  390  368  344  317  289  260  233  208
  189  175  168  166  166  167  165  162  156  151  147  144  143  140  137  133
  130  129  131  134  136  136  137  141  151  169  196  230  270  312  352  388
  420  448  473  493  507  511  510  507  510
    45.0-180.0 180.0   5.0 450.0                            LAT/LON1/LON2/DLON/H
  561  577  602  628  649  659  657  644  621  591  558  529  511  506  511  518
  519  510  492  471  452  438  429  419  406  387  362  332  300  266  234  206
  185  172  166  167  170  173  174  173  169  165  161  159  157  155  151  147
  145  144  146  149  151  152  154  158  168  185  209  241  277  317  357  395
  430  464  497  525  545  555  556  555  561
    42.5-180.0 180.0   5.0 450.0                            LAT/LON1/LON2/DLON/H
  614  636  665  695  717  727  726  716  694  660  619  578  548  533  532  533
  529  515  492  468  450  440  435  429  418  397  369  335  299  263  229  201
  181  170  166  167  171  175  178  179  177  173  170  168  167  166  164  161
  160  160  161  164  165  166  168  172  182  198  220  248  281  318  357  396
  434  473  512  549  578  595  601  604  614
    40.0-180.0 180.0   5.0 450.0                            LAT/LON1/LON2/DLON/H
  662  690  723  753  770  777  776  768  750  718  673  625  587  566  560  557
  549  529  503  477  460  451  448  441  426  400  367  330  294  259  229  206
  190  182  179  179  180  182  184  185  184  180  177  174  174  174  175  175
  174  175  175  176  176  176  177  182  192  208  230  255  286  320  357  395
  435  476  520  563  599  623  635  645  662
    37.5-180.0 180.0   5.0 450.0                            LAT/LON1/LON2/DLON/H
  699  735  772  798  808  805  799  793  781  754  711  663  623  600  593  589
  577  555  527  501  483  475  469  457  433  400  361  325  294  268  248  233
  225  220  217  213  208  204  201  200  198  193  188  184  182  184  186  188
  189  188  186  184  181  178  179  185  197  215  238  264  293  326  361  398
  436  476  521  567  607  637  656  673  699
    35.0-180.0 180.0   5.0 450.0                            LAT/LON1/LON2/DLON/H
  728  773  814  836  833  818  804  797  791  770  732  687  650  630  625  623
  611  588  560  535  517  507  495  474  440  399  360  331  312  302  295  292
  291  291  285  274  259  245  236  230  224  216  207  199  195  195  198  201
  201  198  193  185  178  173  173  180  195  218  245  273  304  336  370  404
  439  476  518  564  606  639  664  691  728
    32.5-180.0 180.0   5.0 450.0                            LAT/LON1/LON2/DLON/H
  753  811  858  875  860  829  804  795  791  775  742  701  669  656  655  654
  643  621  594  570  552  538  520  490  449  405  372  357  358  366  375  382
  386  386  377  357  330  305  287  274  264  251  237  223  213  209  211  213
  211  205  193  180  169  161  160  169  188  217  250  283  317  350  382  414
  445  478  516  559  601  637  668  704  753
    30.0-180.0 180.0   5.0 450.0                            LAT/LON1/LON2/DLON/H
  785  856  911  928  903  858  821  806  801  786  755  716  688  679  680  679
  667  645  620  597  579  561  538  504  462  425  407  412  435  460  479  490
  494  490  475  445  408  372  346  328  313  295  274  252  236  226  224  223
  219  207  190  171  155  146  145  155  178  213  253  292  329  364  396  426
  454  483  518  559  601  639  676  723  785
    27.5-180.0 180.0   5.0 450.0                            LAT/LON1/LON2/DLON/H
  830  915  981 1002  973  919  874  852  842  823  787  746  718  708  707  701
  684  659  633  611  592  573  549  518  486  464  467  495  537  572  590  594
  590  579  556  518  473  432  401  381  362  341  313  285  260  244  236  232
  223  206  183  160  142  132  131  142  168  208  254  300  341  377  410  440
  467  495  529  570  614  655  699  754  830
    25.0-180.0 180.0   5.0 450.0                            LAT/LON1/LON2/DLON/H
  889  987 1066 1095 1070 1017  969  943  927  899  854  805  770  754  744  726
  698  667  640  616  596  577  557  538  523  524  550  597  647  679  684  670
  650  628  598  557  510  468  439  420  402  379  348  315  283  261  247  238
  225  203  176  150  132  123  123  135  162  204  255  305  349  387  422  454
  484  515  552  596  643  689  738  802  889
    22.5-180.0 180.0   5.0 450.0                            LAT/LON1/LON2/DLON/H
  955 1063 1154 1197 1184 1141 1100 1077 1056 1018  960  899  853  824  798  764
  722  682  651  625  603  585  575  572  579  602  645  699  743  756  734  694
  655  622  590  551  509  474  451  437  423  402  372  337  302  274  256  243
  226  201  171  145  129  122  122  133  160  203  256  309  356  396  434  470
  505  543  586  636  688  739  793  861  955
    20.0-180.0 180.0   5.0 450.0                            LAT/LON1/LON2/DLON/H
 1017 1128 1228 1286 1292 1269 1245 1231 1212 1168 1099 1026  967  922  877  823
  766  718  683  655  630  615  613  626  651  688  734  778  798  778  723  655
  600  562  534  503  472  450  438  433  425  408  382  349  315  285  263  247
  228  201  171  146  133  128  129  138  163  205  258  313  362  405  447  490
  533  578  629  686  744  799  854  923 1017
    17.5-180.0 180.0   5.0 450.0                            LAT/LON1/LON2/DLON/H
 1061 1168 1270 1339 1367 1370 1371 1375 1365 1321 1248 1168 1100 1042  980  909
  840  787  750  721  694  677  679  700  731  765  795  810  793  734  645  558
  498  467  450  433  417  409  410  413  411  399  379  352  321  292  269  252
  231  204  174  152  141  139  140  147  168  208  261  317  368  415  463  513
  565  619  677  739  801  857  911  975 1061
    15.0-180.0 180.0   5.0 450.0                            LAT/LON1/LON2/DLON/H
 1079 1171 1266 1340 1386 1416 1445 1473 1480 1447 1380 1302 1233 1168 1095 1015
  942  891  858  829  799  776  773  788  807  817  811  781  719  624  515  426
  378  366  368  368  367  372  382  391  391  382  367  347  322  296  275  257
  237  209  180  160  152  151  151  156  173  210  263  319  374  426  482  540
  600  660  723  788  851  906  954 1007 1079
    12.5-180.0 180.0   5.0 450.0                            LAT/LON1/LON2/DLON/H
 1068 1138 1215 1285 1340 1391 1446 1499 1528 1514 1463 1400 1340 1279 1207 1129
 1062 1021  997  972  937  903  883  874  860  827  771  690  586  469  361  293
  276  295  322  338  347  359  373  380  376  365  353  339  320  299  280  264
  243  216  187  168  161  161  160  162  177  212  263  320  378  437  499  565
  632  697  762  827  887  938  977 1017 1068
    10.0-180.0 180.0   5.0 450.0                            LAT/LON1/LON2/DLON/H
 1037 1078 1130 1184 1237 1298 1371 1445 1495 1505 1480 1440 1400 1355 1295 1230
 1179 1155 1146 1126 1086 1035  987  940  877  789  677  551  421  303  221  196
  227  285  334  361  374  384  393  391  377  358  342  331  317  301  285  270
  250  222  193  174  167  166  163  163  177  210  260  318  379  443  512  584
  655  722  788  851  907  952  983 1007 1037
     7.5-180.0 180.0   5.0 450.0                            LAT/LON1/LON2/DLON/H
  998 1013 1035 1064 1105 1162 1240 1324 1390 1423 1426 1415 1402 1380 1342 1298
 1269 1266 1273 1260 1214 1143 1061  967  850  707  549  395  263  169  134  167
  251  346  412  440  446  448  444  427  396  362  339  325  314  302  289  275
  254  226  197  177  169  166  162  162  174  207  255  312  374  442  515  590
  663  732  797  859  912  952  976  989  998
     5.0-180.0 180.0   5.0 450.0                            LAT/LON1/LON2/DLON/H
  971  963  958  960  979 1022 1090 1171 1243 1291 1317 1334 1349 1353 1340 1319
 1313 1329 1349 1342 1291 1200 1084  945  781  598  417  262  153  104  128  220
  351  471  541  560  550  536  516  481  430  379  343  323  312  301  290  276
  255  226  196  176  167  164  159  158  171  203  249  303  364  433  507  582
  654  724  791  853  906  945  968  975  971
     2.5-180.0 180.0   5.0 450.0                            LAT/LON1/LON2/DLON/H
  969  950  924  904  899  920  967 1032 1096 1146 1185 1222 1258 1284 1293 1292
 1302 1330 1357 1352 1296 1191 1050  879  687  489  315  188  126  134  213  350
  507  631  690  687  658  626  590  538  469  401  351  324  309  297  287  273
  251  221  192  172  164  160  156  156  170  199  242  292  350  416  487  559
  629  700  770  837  894  937  965  975  969
