ionex_files/COD0OPSFIN_20250800000_01D_01H_GIM.INX
     1.0            IONOSPHERE MAPS     GNSS                IONEX VERSION / TYPE
ADDNEQ2 V5.5        AIUB                25-MAR-25 19:08     PGM / RUN BY / DATE 
CODE'S GLOBAL IONOSPHERE MAPS FOR DAY 080, 2025             COMMENT             
Global ionosphere maps (GIM) are generated on a daily basis DESCRIPTION         
at CODE using data from about 300 GNSS sites of the IGS and DESCRIPTION         
other institutions. The vertical total electron content     DESCRIPTION         
(VTEC) is modeled in a solar-geomagnetic reference frame    DESCRIPTION         
using a spherical harmonics expansion up to degree and      DESCRIPTION         
order 15. Piece-wise linear functions are used for          DESCRIPTION         
representation in the time domain. The time spacing of      DESCRIPTION         
their vertices is 1 hour, conforming with the epochs of the DESCRIPTION         
VTEC maps.                                                  DESCRIPTION         
To convert line-of-sight TEC into vertical TEC, a modified  DESCRIPTION         
single-layer model mapping function approximating the JPL   DESCRIPTION         
extended slab model mapping function is adopted. The        DESCRIPTION         
mapping function is evaluated at geodetic satellite         DESCRIPTION         
elevation angles. For the computation of the ionospheric    DESCRIPTION         
pierce points, a spherical layer with a radius of 6821 km   DESCRIPTION         
is assumed, implying geocentric, not geodetic IONEX         DESCRIPTION         
latitudes.                                                  DESCRIPTION         
Instrumental biases with respect to each involved GNSS code DESCRIPTION         
observable are estimated as constant values for each        DESCRIPTION         
day. They are modeled with one set of bias parameters for   DESCRIPTION         
each satellite and each station in case of GPS and for each DESCRIPTION         
satellite-station link in case of GLONASS. The code bias    DESCRIPTION         
datum is defined by zero-mean conditions imposed on the     DESCRIPTION         
satellite bias estimates. In this file, just GPS C1W-C2W    DESCRIPTION         
satellite and station bias values are included. The         DESCRIPTION         
complete set of GNSS code bias results is provided in an    DESCRIPTION         
additional Bias-SINEX file as pseudo-absolute values        DESCRIPTION         
specific to each observable.                                DESCRIPTION         
Note: These GIM results correspond to the results for the   DESCRIPTION         
middle day of a 3-day combination analysis solving for 73   DESCRIPTION         
times 256, or 18688 VTEC parameters and 3 daily sets of     DESCRIPTION         
GNSS code bias parameters.                                  DESCRIPTION         
Contact address: code(at)aiub.unibe.ch                      DESCRIPTION         
Data archive:    ftp.aiub.unibe.ch/CODE/                    DESCRIPTION         
                 www.aiub.unibe.ch/download/CODE/           DESCRIPTION         
  2025     3    21     0     0     0                        EPOCH OF FIRST MAP  
  2025     3    22     0     0     0                        EPOCH OF LAST MAP   
  3600                                                      INTERVAL            
[...]
abpo albh algo alic amu2 antc areg areq ascg aspa auck azgb COMMENT             
badg bake barh bjfs bndy boav bogo bogt bor1 braz brft brst COMMENT             
brux cags cas1 ccj2 cedu chpg chti ckis coco cord cpvg cpxf COMMENT             
cro1 daej dav1 dgar dhlg drao dubo faa1 flin flrs frdn func COMMENT             
ganp glps glsv gode gol2 gold gope gras graz guam guug harb COMMENT             
hers hert hlfx hnpt hob2 hofn hrao hyde iddr ieng iisc impz COMMENT             
ineg invk iqal irkj jog2 joz2 karr kerg kir0 kiri kiru kit3 COMMENT             
kokb kokv koug kour krgg lama laut lmmf lpal lpgs mac1 madr COMMENT             
mal2 mana mas1 mat1 mate maui maw1 mcil mcm4 mdo1 medi mgue COMMENT             
mizu mkea mnls mobs morp mqzg mro1 mtka nano naur nico nist COMMENT             
nium nklg nlib nnor nrc1 ntus nya1 nyal onsa opmt ous2 pado COMMENT             
parc park pdel penc pert pie1 pimo pohn pol2 polv pots pove COMMENT             
ptag ptbb ptvl qaq1 quin rabt ramo reun reyk rgdg rio2 roth COMMENT             
salu samo sant savo sch2 scor scrz sctb scub seyg sfer sofi COMMENT             
spt0 ssia sthl stjo stk2 str2 suth sutm suwn sydn syog tash COMMENT             
thtg thti thu2 tid1 tidb tlse tn22 tong tow2 tro1 tskb twtf COMMENT             
txes uclu ufpr ulab unb3 unbj unsa urum usn7 usud vald vill COMMENT             
vtsp wab1 wab2 wark wgtn whit will wind wtza wtzr wtzs wtzz COMMENT             
wuhn xmis yar2 yar3 yarr yell ykro zeck zim2 zim3 zimm      COMMENT             
                                                            END OF HEADER       
[from data line 5577]
    14                                                      START OF TEC MAP    
  2025     3    21    13     0     0                        EPOCH OF CURRENT MAP
    87.5-180.0 180.0   5.0 450.0                            LAT/LON1/LON2/DLON/H
  302  303  304  305  306  307  308  309  309  310  311  311  312  312  312  312
  312  312  311  311  310  309  308  307  306  305  303  302  300  298  296  294
  292  290  288  286  284  282  280  278  277  275  274  273  272  271  271  271
  271  271  272  273  274  275  277  278  280  281  283  285  286  288  290  291
  293  294  295  296  298  299  300  301  302
    85.0-180.0 180.0   5.0 450.0                            LAT/LON1/LON2/DLON/H
  300  300  301  302  303  304  306  307  309  311  312  313  314  315  316  316
  317  317  316  316  315  315  314  312  311  310  308  306  304  302  299  296
  293  289  286  282  278  274  270  266  262  259  256  254  252  250  250  250
  251  253  255  258  262  265  269  274  278  282  285  289  292  294  296  297
  298  299  299  299  299  299  299  299  300
    82.5-180.0 180.0   5.0 450.0                            LAT/LON1/LON2/DLON/H
  284  282  282  282  283  285  287  289  291  294  296  298  300  301  302  303
  304  304  304  304  305  305  305  305  305  305  305  305  305  304  303  301
  299  296  292  288  283  278  273  267  261  256  251  247  244  242  242  242
  245  248  253  259  266  273  281  289  296  303  308  313  316  317  318  316
  314  311  306  302  297  293  289  286  284
    80.0-180.0 180.0   5.0 450.0                            LAT/LON1/LON2/DLON/H
  255  251  249  248  249  251  254  257  260  263  266  269  270  272  273  274
  275  275  276  277  279  281  283  286  290  293  297  301  304  307  310  312
  312  312  310  307  303  298  292  285  278  272  265  260  256  253  252  254
  257  263  271  280  290  302  314  325  335  344  351  356  357  356  352  346
  337  326  315  303  291  280  270  262  255
    77.5-180.0 180.0   5.0 450.0                            LAT/LON1/LON2/DLON/H
  218  211  208  207  208  211  215  219  223  226  229  231  233  234  235  235
  236  238  239  242  246  251  256  263  271  279  288  297  306  314  321  327
  332  335  337  337  335  331  326  319  312  305  298  292  287  284  283  285
  290  297  306  318  331  346  361  375  387  397  404  407  406  400  390  377
  360  341  320  298  278  259  242  228  218
    75.0-180.0 180.0   5.0 450.0                            LAT/LON1/LON2/DLON/H
  178  170  167  167  170  174  179  183  187  190  192  194  194  195  195  196
  198  200  204  209  216  224  234  245  258  271  285  299  312  325  337  347
  356  364  369  371  372  371  367  362  357  350  344  338  334  331  330  332
  336  343  353  366  380  395  410  424  436  445  450  450  445  434  418  397
  373  345  315  285  257  231  209  191  178
    72.5-180.0 180.0   5.0 450.0                            LAT/LON1/LON2/DLON/H
  140  133  131  134  139  146  152  157  160  162  163  163  163  163  163  165
  168  172  179  187  197  209  224  240  257  274  292  309  326  342  356  370
  382  391  399  405  408  409  408  405  402  397  393  389  386  384  383  384
  388  393  401  411  423  436  448  459  468  473  474  470  460  444  423  396
  366  332  297  261  228  198  172  153  140
    70.0-180.0 180.0   5.0 450.0                            LAT/LON1/LON2/DLON/H
  106  102  104  110  119  128  136  141  144  144  143  142  141  142  144  147
  152  159  168  180  194  210  229  249  270  290  310  328  346  362  377  391
  403  415  424  431  436  439  440  440  439  438  437  436  435  434  434  434
  435  437  440  445  451  458  464  468  471  470  465  455  440  421  396  367
  335  300  263  227  193  162  137  118  106
    67.5-180.0 180.0   5.0 450.0                            LAT/LON1/LON2/DLON/H
   81   80   85   95  107  119  128  133  135  134  132  131  131  132  136  142
  151  161  173  188  205  225  247  270  293  315  334  352  367  381  395  407
  420  431  440  448  453  457  460  462  464  466  469  471  473  474  474  472
  469  466  464  461  459  457  454  450  444  435  423  407  388  366  341  313
  283  252  219  187  156  128  106   89   81
    65.0-180.0 180.0   5.0 450.0                            LAT/LON1/LON2/DLON/H
   63   64   72   84   98  112  121  127  129  128  126  125  127  131  138  148
  159  172  187  204  224  247  271  296  320  341  359  373  385  396  407  419
  430  441  450  457  462  466  468  472  476  482  488  494  499  501  500  496
  489  480  470  459  448  437  424  410  395  377  358  337  315  292  269  245
  221  197  172  148  124  102   83   70   63
    62.5-180.0 180.0   5.0 450.0                            LAT/LON1/LON2/DLON/H
   55   56   62   74   88  102  112  117  119  119  119  121  126  134  145  157
  172  187  204  223  244  268  294  319  343  362  377  388  397  405  415  426
  438  449  458  464  468  470  472  475  481  489  498  507  513  516  513  506
  495  480  464  445  426  407  386  364  340  316  290  265  241  219  198  180
  163  148  134  119  104   88   74   62   55
    60.0-180.0 180.0   5.0 450.0                            LAT/LON1/LON2/DLON/H
   58   54   56   64   75   86   95  101  104  106  109  115  124  135  149  165
  181  198  216  236  257  282  308  333  356  374  386  394  401  409  419  432
  447  460  470  475  477  476  476  479  485  494  505  515  521  523  519  509
  493  474  452  429  404  379  353  325  296  267  239  212  188  166  149  135
  125  118  112  107  100   91   79   67   58
    57.5-180.0 180.0   5.0 450.0                            LAT/LON1/LON2/DLON/H
   72   61   56   57   62   68   74   79   83   89   96  106  119  133  149  166
  184  202  221  241  263  287  313  338  360  377  388  395  402  411  425  443
  461  478  489  494  493  490  488  489  494  503  514  524  529  529  522  509
  490  468  443  418  391  364  335  305  275  245  216  190  168  148  132  121
  113  111  112  114  114  109  100   86   72
    55.0-180.0 180.0   5.0 450.0                            LAT/LON1/LON2/DLON/H
   98   79   65   56   53   53   54   57   62   71   83   97  112  128  143  161
  179  199  219  240  262  286  311  337  359  375  386  395  404  417  437  460
  484  504  516  520  518  513  508  508  512  521  530  538  541  537  527  511
  491  468  443  418  391  365  337  308  279  251  225  203  183  165  150  137
  129  126  129  134  140  140  132  117   98
    52.5-180.0 180.0   5.0 450.0                            LAT/LON1/LON2/DLON/H
  131  107   85   68   56   48   43   42   47   58   74   91  106  120  134  150
  169  192  215  238  261  285  311  336  359  377  390  401  413  432  457  486
  514  536  549  552  549  542  536  535  539  546  553  558  556  549  536  518
  498  476  452  429  404  379  353  326  300  276  255  238  223  208  191  175
  161  153  153  159  168  172  167  153  131
    50.0-180.0 180.0   5.0 450.0                            LAT/LON1/LON2/DLON/H
  167  141  116   93   74   58   46   41   44   56   73   91  105  115  125  139
  159  186  214  241  266  291  317  343  368  388  404  417  434  457  485  517
  546  569  582  585  582  575  570  568  571  576  580  580  574  563  547  529
  510  490  469  447  424  399  374  348  324  303  288  277  268  256  239  217
  195  179  172  176  187  196  197  187  167
    47.5-180.0 180.0   5.0 450.0                            LAT/LON1/LON2/DLON/H
  197  176  152  129  106   85   67   55   54   65   82   98  109  113  118  130
  154  186  221  253  281  307  334  362  388  411  430  446  465  489  518  548
  576  598  611  616  615  611  607  606  607  609  608  603  592  577  559  542
  525  507  487  466  442  416  389  362  337  319  307  302  298  290  273  247
  217  191  177  177  189  203  212  210  197
    45.0-180.0 180.0   5.0 450.0                            LAT/LON1/LON2/DLON/H
  214  203  187  169  148  124  100   83   77   85  100  113  119  117  117  128
  155  194  237  275  306  333  361  390  420  445  466  483  502  524  549  575
  599  619  634  644  649  651  650  648  647  643  636  624  607  589  571  554
  539  523  504  481  454  424  392  361  334  314  303  301  302  298  283  255
  220  187  165  161  172  191  208  217  214
    42.5-180.0 180.0   5.0 450.0                            LAT/LON1/LON2/DLON/H
  214  215  211  202  187  165  139  117  106  110  122  132  133  126  122  133
  164  211  262  305  338  366  394  425  456  483  505  522  538  556  574  594
  614  635  657  676  691  700  702  699  692  681  665  644  622  600  581  567
  554  539  519  492  460  424  387  351  318  294  281  278  282  282  270  244
  208  171  144  135  144  164  187  205  214
    40.0-180.0 180.0   5.0 450.0                            LAT/LON1/LON2/DLON/H
  199  211  219  222  216  199  174  149  134  134  143  150  148  138  132  144
  180  233  290  337  371  399  427  459  491  519  539  554  567  579  591  606
  625  652  685  720  749  767  772  765  749  726  699  669  640  615  596  582
  570  555  533  503  467  427  385  344  306  275  257  251  254  257  250  230
  197  161  132  116  119  136  159  182  199
    37.5-180.0 180.0   5.0 450.0                            LAT/LON1/LON2/DLON/H
  177  194  210  222  227  218  197  172  154  151  157  163  160  149  143  158
  198  257  317  365  399  426  454  485  517  544  563  575  584  592  601  615
  639  678  729  784  830  858  863  849  821  785  744  704  668  639  618  604
  592  577  554  522  484  443  401  358  317  281  256  244  244  247  245  233
  208  177  147  125  117  123  139  158  177
    35.0-180.0 180.0   5.0 450.0                            LAT/LON1/LON2/DLON/H
  159  173  190  208  219  218  203  181  163  158  163  169  166  158  155  173
  217  277  337  385  418  443  470  501  531  555  572  583  591  600  610  630
  665  721  795  872  934  969  973  950  908  857  804  754  711  678  655  640
  626  610  587  556  521  484  448  410  370  332  301  283  277  278  280  275
  260  236  206  176  154  142  142  149  159
    32.5-180.0 180.0   5.0 450.0                            LAT/LON1/LON2/DLON/H
  160  161  170  186  200  205  195  177  161  156  160  167  167  163  165  187
  232  291  350  395  426  451  477  506  533  554  569  581  593  607  626  656
  708  785  881  978 1054 1093 1093 1059 1005  941  876  818  770  733  708  690
  675  658  637  610  583  556  531  504  471  435  402  378  366  363  366  367
  362  345  315  276  235  202  179  165  160
    30.0-180.0 180.0   5.0 450.0                            LAT/LON1/LON2/DLON/H
  187  169  163  169  180  186  182  168  154  149  153  160  165  166  173  198
  243  300  354  396  426  451  477  503  526  544  559  576  596  622  654  700
  770  867  981 1091 1172 1211 1204 1162 1099 1026  955  892  841  802  774  753
  736  719  702  683  666  653  643  630  609  580  549  523  507  500  501  505
  506  495  464  415  356  299  251  215  187
    27.5-180.0 180.0   5.0 450.0                            LAT/LON1/LON2/DLON/H
  243  204  179  169  170  174  171  161  149  144  147  154  160  166  178  205
  249  302  352  392  422  448  474  497  517  533  551  575  609  649  698  761
  847  956 1078 1189 1268 1300 1287 1241 1174 1100 1028  965  915  877  848  824
  804  788  775  765  759  760  764  766  758  739  715  692  676  667  664  668
  670  661  628  570  495  419  350  292  243
    25.0-180.0 180.0   5.0 450.0                            LAT/LON1/LON2/DLON/H
  320  262  218  191  180  177  172  163  152  145  146  151  158  166  182  210
  252  302  348  387  418  447  472  493  510  526  550  586  635  692  757  833
  927 1038 1155 1255 1321 1342 1324 1279 1217 1149 1084 1027  983  948  919  893
  872  856  847  844  846  855  868  880  882  874  861  848  837  828  823  823
  823  811  775  710  626  538  456  385  320
    22.5-180.0 180.0   5.0 450.0                            LAT/LON1/LON2/DLON/H
  402  334  275  234  210  198  189  178  166  157  153  154  159  167  184  213
  254  300  344  383  417  448  474  494  509  528  560  610  675  747  823  906
  998 1099 1197 1275 1319 1327 1307 1268 1219 1166 1114 1069 1034 1006  979  953
  930  914  907  906  909  918  930  943  950  951  951  952  952  948  941  936
  930  914  874  807  720  631  548  473  402
    20.0-180.0 180.0   5.0 450.0                            LAT/LON1/LON2/DLON/H
  471  403  339  289  256  235  220  205  190  177  168  164  164  170  186  215
  254  299  342  382  419  453  480  500  516  541  584  647  725  808  889  969
 1050 1130 1199 1246 1265 1260 1240 1215 1185 1151 1116 1086 1063 1044 1022  996
  972  955  946  941  937  935  936  939  942  949  961  979  994  999  994  983
  970  948  906  839  759  678  606  539  471
    17.5-180.0 180.0   5.0 450.0                            LAT/LON1/LON2/DLON/H
  514  453  393  343  305  279  258  239  220  202  188  177  171  173  187  215
  255  299  343  384  424  460  489  510  530  562  616  692  779  865  943 1014
 1077 1130 1165 1179 1174 1158 1144 1134 1126 1113 1096 1081 1071 1061 1045 1021
  996  977  963  949  930  907  886  870  862  868  890  924  957  974  971  957
  937  910  867  806  737  674  619  569  514
    15.0-180.0 180.0   5.0 450.0                            LAT/LON1/LON2/DLON/H
  524  476  427  383  347  319  294  270  248  227  208  192  180  177  188  215
  256  301  346  389  430  468  500  524  550  590  655  738  827  911  981 1038
 1080 1106 1111 1097 1073 1051 1044 1051 1063 1068 1067 1065 1065 1064 1053 1031
 1005  983  963  936  896  848  798  758  733  733  761  808  856  885  888  872
  848  817  774  722  669  626  593  562  524
    12.5-180.0 180.0   5.0 450.0                            LAT/LON1/LON2/DLON/H
  504  470  434  400  371  345  319  293  268  245  224  205  189  181  189  216
  258  306  352  394  436  476  511  540  573  622  693  779  865  940  999 1042
 1067 1072 1056 1025  990  969  971  991 1017 1036 1044 1049 1055 1059 1052 1033
 1007  982  954  913  854  779  703  638  596  588  616  671  729  766  774  758
  732  699  660  617  580  556  542  528  504
    10.0-180.0 180.0   5.0 450.0                            LAT/LON1/LON2/DLON/H
  468  443  417  395  374  352  327  301  276  254  233  213  196  185  190  217
  261  311  358  401  443  485  524  560  600  655  728  810  889  952 1000 1031
 1046 1041 1018  983  950  934  944  973 1006 1029 1040 1045 1051 1056 1051 1033
 1008  981  947  896  820  726  629  546  492  476  501  556  617  657  667  652
  626  595  560  526  501  491  489  484  468
     7.5-180.0 180.0   5.0 450.0                            LAT/LON1/LON2/DLON/H
  434  410  389  373  359  342  320  296  272  251  234  217  200  188  192  219
  265  318  366  409  451  496  541  584  629  686  756  830  896  948  987 1013
 1026 1024 1007  982  960  954  969 1000 1033 1053 1059 1058 1058 1059 1053 1036
 1013  986  950  894  811  708  602  512  452  432  453  502  556  592  600  586
  562  533  503  475  459  455  456  451  434
     5.0-180.0 180.0   5.0 450.0                            LAT/LON1/LON2/DLON/H
  418  388  363  347  335  320  301  279  258  241  229  217  203  192  196  223
  271  326  375  418  461  510  562  612  661  715  775  837  890  932  966  993
 1013 1023 1022 1017 1013 1019 1037 1065 1090 1102 1098 1085 1075 1067 1058 1042
 1021  997  964  910  829  729  628  543  489  470  486  525  566  590  592  577
  555  530  503  480  466  462  458  444  418
     2.5-180.0 180.0   5.0 450.0                            LAT/LON1/LON2/DLON/H
  429  386  352  329  313  297  279  259  241  228  220  214  205  197  200  228
  277  334  385  429  475  529  588  643  692  738  786  832  873  908  941  973
 1003 1030 1052 1071 1087 1104 1123 1144 1159 1160 1144 1118 1093 1075 1061 1045
 1029 1010  983  937  866  780  695  627  587  575  589  615  639  648  640  622
  602  580  556  533  518  508  495  468  429
