ionex_files/COD0OPSFIN_20250760000_01D_01H_GIM.INX
     1.0            IONOSPHERE MAPS     GNSS                IONEX VERSION / TYPE
ADDNEQ2 V5.5        AIUB                21-MAR-25 19:06     PGM / RUN BY / DATE 
CODE'S GLOBAL IONOSPHERE MAPS FOR DAY 076, 2025             COMMENT             
Global ionosphere maps (GIM) are generated on a daily basis DESCRIPTION         
at CODE using data from about 300 GNSS sites of the IGS and DESCRIPTION         
other institutions. The vertical total electron content     DESCRIPTION         
(VTEC) is modeled in a solar-geomagnetic reference frame    DESCRIPTION         
using a spherical harmonics expansion up to degree and      DESCRIPTION         
order 15. Piece-wise linear functions are used for          DESCRIPTION         
representation in the time domain. The time spacing of      DESCRIPTION         
their vertices is 1 hour, conforming with the epochs of the DESCRIPTION         
VTEC maps.                                                  DESCRIPTION         
To convert line-of-sight TEC into vertical TEC, a modified  DESCRIPTION         
single-layer model mapping function approximating the JPL   DESCRIPTION         
extended slab model mapping function is adopted. The        DESCRIPTION         
mapping function is evaluated at geodetic satellite         DESCRIPTION         
elevation angles. For the computation of the ionospheric    DESCRIPTION         
pierce points, a spherical layer with a radius of 6821 km   DESCRIPTION         
is assumed, implying geocentric, not geodetic IONEX         DESCRIPTION         
latitudes.                                                  DESCRIPTION         
Instrumental biases with respect to each involved GNSS code DESCRIPTION         
observable are estimated as constant values for each        DESCRIPTION         
day. They are modeled with one set of bias parameters for   DESCRIPTION         
each satellite and each station in case of GPS and for each DESCRIPTION         
satellite-station link in case of GLONASS. The code bias    DESCRIPTION         
datum is defined by zero-mean conditions imposed on the     DESCRIPTION         
satellite bias estimates. In this file, just GPS C1W-C2W    DESCRIPTION         
satellite and station bias values are included. The         DESCRIPTION         
complete set of GNSS code bias results is provided in an    DESCRIPTION         
additional Bias-SINEX file as pseudo-absolute values        DESCRIPTION         
specific to each observable.                                DESCRIPTION         
Note: These GIM results correspond to the results for the   DESCRIPTION         
middle day of a 3-day combination analysis solving for 73   DESCRIPTION         
times 256, or 18688 VTEC parameters and 3 daily sets of     DESCRIPTION         
GNSS code bias parameters.                                  DESCRIPTION         
Contact address: code(at)aiub.unibe.ch                      DESCRIPTION         
Data archive:    ftp.aiub.unibe.ch/CODE/                    DESCRIPTION         
                 www.aiub.unibe.ch/download/CODE/           DESCRIPTION         
  2025     3    17     0     0     0                        EPOCH OF FIRST MAP  
  2025     3    18     0     0     0                        EPOCH OF LAST MAP   
  3600                                                      INTERVAL            
[...]
azgb badg bake barh bjfs bndy boav bogo bogt bor1 braz brft COMMENT             
brst brux cags cas1 ccj2 cedu chpg chti chur ckis coco cord COMMENT             
cpvg cpxf cro1 daej darw dav1 dgar dhlg drao dubo ebre faa1 COMMENT             
fair flin flrs frdn func ganp glps glsv gode gol2 gold gope COMMENT             
gras graz guam guug harb hers hert hlfx hnpt hob2 hofn holb COMMENT             
hrao iddr ieng iisc impz ineg invk iqal irkj jog2 joz2 karr COMMENT             
kerg kir0 kiri kiru kit3 kokb kokv koug kour krgg lama laut COMMENT             
lmmf lpal lpgs mac1 madr mal2 mana mas1 mat1 mate maui maw1 COMMENT             
mcil mcm4 mdo1 medi mgue mizu mkea mnls mobs monp morp mqzg COMMENT             
mro1 mtka nano naur nico nist nium nklg nlib nnor nrc1 ntus COMMENT             
nya1 nyal onsa opmt ous2 pado parc park pdel penc pert pie1 COMMENT             
pimo pohn pol2 polv pots pove ptag ptbb ptvl qaq1 quin rabt COMMENT             
ramo reun reyk rgdg rio2 roth salu samo sant savo sch2 scor COMMENT             
scrz sctb scub seyg sfer sofi spt0 ssia sthl stjo stk2 str2 COMMENT             
suth sutm suwn sydn syog tash thtg thti thu2 tid1 tidb tlse COMMENT             
tn22 tong tow2 tro1 tskb twtf txes uclu ufpr ulab unb3 unbj COMMENT             
unsa urum usn7 usud vald vill vtsp wab1 wab2 whit will wind COMMENT             
wsrt wtza wtzr wtzs wtzz wuhn xmis yar2 yarr yell ykro zeck COMMENT             
zim2 zim3 zimm                                              COMMENT             
                                                            END OF HEADER       
[from data line 4719]
    12                                                      START OF TEC MAP    
  2025     3    17    11     0     0                        EPOCH OF CURRENT MAP
    87.5-180.0 180.0   5.0 450.0                            LAT/LON1/LON2/DLON/H
  200  202  204  206  208  210  212  214  216  218  220  221  223  224  225  226
  227  228  229  229  229  229  229  229  229  228  227  226  225  224  222  220
  219  217  214  212  209  207  204  201  198  195  192  190  187  184  182  180
  178  176  175  174  173  173  173  173  173  174  175  176  177  179  181  182
  184  186  188  190  192  194  196  198  200
    85.0-180.0 180.0   5.0 450.0                            LAT/LON1/LON2/DLON/H
  208  210  212  215  217  220  223  226  228  231  234  237  239  241  243  245
  246  247  248  248  249  249  249  249  249  249  248  248  247  246  245  244
  242  239  237  233  230  225  221  215  210  204  198  192  186  181  176  171
  167  164  162  160  160  160  161  162  165  168  171  174  178  181  184  188
  191  193  196  198  200  202  204  206  208
    82.5-180.0 180.0   5.0 450.0                            LAT/LON1/LON2/DLON/H
  220  220  220  221  222  224  226  229  232  235  238  241  243  245  247  248
  249  249  250  250  250  250  250  250  251  252  253  255  257  259  261  263
  264  264  264  262  260  256  251  245  238  230  221  213  204  195  188  181
  175  171  168  167  168  170  173  178  184  191  197  204  210  216  220  224
  226  227  228  227  226  225  223  222  220
    80.0-180.0 180.0   5.0 450.0                            LAT/LON1/LON2/DLON/H
  234  229  225  222  221  221  222  224  226  228  231  233  235  236  237  237
  236  235  234  233  232  231  231  232  234  237  241  247  253  260  267  275
  282  288  292  295  297  296  293  288  281  272  263  252  242  231  221  213
  206  201  199  199  201  206  214  223  233  244  255  265  274  281  286  288
  287  284  279  273  265  257  248  241  234
    77.5-180.0 180.0   5.0 450.0                            LAT/LON1/LON2/DLON/H
  245  234  225  219  215  213  213  213  214  215  216  217  217  217  216  214
  212  210  207  204  202  200  200  202  205  211  218  228  239  252  266  281
  295  308  320  329  336  340  341  338  334  326  317  307  296  286  275  266
  259  255  253  254  258  266  276  289  304  319  334  347  358  365  368  367
  361  352  339  324  307  290  273  258  245
    75.0-180.0 180.0   5.0 450.0                            LAT/LON1/LON2/DLON/H
  249  234  222  214  208  205  203  201  200  199  198  197  195  193  191  188
  184  181  177  173  170  169  169  171  176  183  194  207  223  242  262  283
  304  325  344  360  373  383  388  390  389  384  378  370  361  352  343  335
  329  324  323  324  329  337  349  364  380  398  415  429  440  445  445  439
  427  409  388  364  338  313  289  267  249
    72.5-180.0 180.0   5.0 450.0                            LAT/LON1/LON2/DLON/H
  243  228  216  208  202  198  195  192  189  186  182  179  175  172  168  165
  161  157  153  149  147  146  147  150  156  165  178  193  212  233  258  284
  311  338  363  385  404  418  428  435  438  438  436  432  427  421  415  410
  404  400  398  398  402  408  418  431  446  462  477  490  498  499  494  482
  463  438  409  378  346  315  287  263  243
    70.0-180.0 180.0   5.0 450.0                            LAT/LON1/LON2/DLON/H
  226  214  206  200  197  194  191  187  183  177  171  165  160  156  153  150
  146  143  140  138  136  137  139  145  152  162  174  190  208  230  256  284
  315  345  375  402  425  443  458  468  476  481  484  486  486  485  483  480
  477  473  469  466  465  466  470  477  487  497  507  514  516  511  499  480
  455  424  391  357  324  293  266  244  226
    67.5-180.0 180.0   5.0 450.0                            LAT/LON1/LON2/DLON/H
  200  193  191  190  191  191  189  185  179  172  164  157  152  148  146  144
  143  141  139  138  139  141  147  154  162  172  183  196  212  231  255  284
  315  349  381  410  436  458  476  490  502  513  521  529  534  538  540  539
  537  532  525  518  510  504  499  497  497  498  499  496  489  476  456  430
  400  367  334  302  273  247  227  211  200
    65.0-180.0 180.0   5.0 450.0                            LAT/LON1/LON2/DLON/H
  167  168  171  176  180  183  184  181  175  167  160  153  148  146  146  147
  147  147  146  147  149  154  161  171  181  190  198  207  218  233  254  282
  314  348  383  414  442  466  486  504  520  536  549  562  571  578  582  583
  580  574  564  551  536  520  505  492  481  471  460  446  428  405  376  345
  311  279  250  225  204  188  177  170  167
    62.5-180.0 180.0   5.0 450.0                            LAT/LON1/LON2/DLON/H
  135  140  147  156  163  170  172  172  167  161  154  149  147  147  150  152
  154  155  155  155  158  165  175  188  199  207  213  216  222  232  251  278
  311  348  384  418  446  471  493  514  535  555  573  589  601  608  612  611
  607  598  584  567  545  521  497  473  451  430  407  382  353  319  283  246
  211  182  160  144  135  131  130  132  135
    60.0-180.0 180.0   5.0 450.0                            LAT/LON1/LON2/DLON/H
  110  116  124  132  141  148  154  155  153  150  146  143  144  147  152  156
  159  159  158  158  161  169  182  197  209  217  220  219  220  228  246  274
  311  352  391  425  454  480  503  527  552  576  599  616  627  632  632  628
  620  608  592  571  545  516  485  454  423  393  361  326  287  245  201  160
  126  101   87   82   84   91   98  104  110
    57.5-180.0 180.0   5.0 450.0                            LAT/LON1/LON2/DLON/H
   99  101  104  109  116  123  130  134  135  135  134  135  138  143  150  155
  157  156  153  152  154  163  178  195  210  218  218  215  214  222  242  276
  318  364  406  442  470  495  519  546  574  603  628  646  654  654  648  638
  626  611  593  571  543  512  479  444  410  375  337  296  251  202  154  111
   78   57   50   53   64   77   88   95   99
    55.0-180.0 180.0   5.0 450.0                            LAT/LON1/LON2/DLON/H
  102   97   92   92   95  101  107  113  116  119  122  125  130  136  143  147
  148  146  142  139  141  151  167  186  202  211  211  207  207  218  245  286
  336  387  433  468  495  518  542  570  603  635  662  679  683  677  663  647
  630  613  594  572  546  516  484  451  417  381  343  299  252  201  151  107
   75   57   55   63   78   93  103  106  102
    52.5-180.0 180.0   5.0 450.0                            LAT/LON1/LON2/DLON/H
  120  105   93   86   85   88   93   98  103  108  113  118  123  128  133  135
  135  132  127  124  127  138  156  176  193  202  203  202  205  222  257  308
  366  422  469  504  528  548  571  600  634  669  697  712  713  700  679  657
  636  617  598  578  555  529  500  471  440  408  371  330  284  235  186  144
  113   97   95  104  119  131  136  132  120
    50.0-180.0 180.0   5.0 450.0                            LAT/LON1/LON2/DLON/H
  144  122  104   93   88   89   92   96  100  106  111  116  120  122  124  124
  122  119  116  115  120  132  150  171  189  199  202  204  213  238  281  340
  404  464  511  543  565  582  602  631  666  702  730  743  740  722  696  670
  646  626  608  589  569  547  523  498  471  442  410  373  331  287  243  204
  174  157  153  159  169  176  175  164  144
    47.5-180.0 180.0   5.0 450.0                            LAT/LON1/LON2/DLON/H
  167  143  122  110  105  104  105  106  109  114  119  123  124  123  120  117
  115  113  113  116  124  138  157  177  194  205  211  217  232  263  314  377
  445  505  552  583  602  617  636  662  696  730  757  769  763  742  714  686
  660  639  621  603  585  565  544  522  498  471  442  409  374  336  298  263
  235  216  206  206  210  212  206  191  167
    45.0-180.0 180.0   5.0 450.0                            LAT/LON1/LON2/DLON/H
  182  159  141  131  128  128  127  126  127  130  134  137  136  131  125  119
  116  117  121  129  141  156  174  193  209  221  229  239  259  296  349  413
  480  539  585  616  636  652  670  695  725  756  780  789  782  761  734  705
  680  657  638  619  600  581  561  538  513  485  456  426  395  364  333  303
  276  254  238  230  227  226  219  204  182
    42.5-180.0 180.0   5.0 450.0                            LAT/LON1/LON2/DLON/H
  184  166  153  149  150  152  151  148  147  149  153  156  155  148  138  130
  127  130  138  151  166  182  199  215  229  242  253  267  291  328  379  440
  503  560  606  642  668  689  709  731  757  782  802  809  802  783  758  731
  705  681  658  636  616  596  573  547  516  483  451  420  391  365  340  315
  289  263  241  225  218  215  211  200  184
    40.0-180.0 180.0   5.0 450.0                            LAT/LON1/LON2/DLON/H
  176  164  157  157  162  167  168  165  163  166  171  176  175  169  159  150
  146  149  160  176  193  209  223  236  249  263  277  295  319  353  399  452
  509  564  615  660  698  728  753  775  796  815  830  835  830  814  792  767
  740  713  686  660  637  615  589  556  517  475  436  401  372  348  327  305
  280  251  222  200  189  187  188  185  176
    37.5-180.0 180.0   5.0 450.0                            LAT/LON1/LON2/DLON/H
  167  159  153  155  163  170  173  171  171  175  183  190  193  190  182  173
  168  170  181  198  215  229  240  250  263  279  297  317  340  369  406  451
  502  558  617  675  729  773  805  828  845  859  870  875  872  861  842  818
  789  757  725  696  671  647  617  577  528  477  429  388  357  332  312  292
  266  234  200  173  159  159  166  171  167
    35.0-180.0 180.0   5.0 450.0                            LAT/LON1/LON2/DLON/H
  170  161  152  150  157  164  168  168  168  174  185  196  204  206  201  194
  188  188  196  210  226  238  245  253  267  286  309  332  354  377  405  442
  490  549  618  692  763  822  863  888  903  915  925  933  934  927  911  887
  855  818  781  750  724  698  666  620  564  504  449  403  367  340  319  298
  272  238  199  166  149  151  162  171  170
    32.5-180.0 180.0   5.0 450.0                            LAT/LON1/LON2/DLON/H
  197  182  165  155  155  158  161  161  162  168  180  193  205  212  214  209
  202  198  201  211  224  233  238  246  261  286  315  341  362  380  403  436
  483  547  627  716  802  874  923  952  968  980  994 1006 1014 1012  999  974
  939  897  856  823  798  773  739  690  629  565  506  457  418  387  362  340
  314  279  236  198  177  177  190  200  197
    30.0-180.0 180.0   5.0 450.0                            LAT/LON1/LON2/DLON/H
  256  234  205  183  172  168  165  162  161  164  173  184  197  209  216  215
  208  200  197  203  212  219  224  232  251  282  317  348  370  388  409  442
  492  563  651  749  844  923  977 1009 1029 1047 1067 1088 1103 1108 1098 1073
 1034  989  946  913  889  867  833  783  721  658  601  553  511  476  448  425
  400  364  320  277  250  245  255  263  256
    27.5-180.0 180.0   5.0 450.0                            LAT/LON1/LON2/DLON/H
  346  317  278  244  220  204  193  182  174  170  171  176  185  198  209  212
  206  195  187  189  196  202  207  218  241  278  320  357  384  405  431  469
  525  600  691  790  885  963 1018 1053 1078 1104 1134 1165 1190 1202 1195 1171
 1132 1085 1041 1009  988  967  934  885  827  769  719  674  632  594  564  541
  518  486  441  394  360  347  352  356  346
    25.0-180.0 180.0   5.0 450.0                            LAT/LON1/LON2/DLON/H
  454  424  381  338  302  274  250  228  208  192  180  174  174  184  196  203
  198  186  175  174  180  188  195  209  238  280  329  372  406  436  471  517
  579  656  744  835  920  991 1042 1078 1108 1142 1182 1224 1258 1276 1275 1253
 1216 1170 1129 1098 1078 1057 1025  978  926  878  836  797  756  716  685  664
  647  621  579  530  488  467  464  466  454
    22.5-180.0 180.0   5.0 450.0                            LAT/LON1/LON2/DLON/H
  564  540  500  455  411  371  333  296  263  233  205  183  171  172  183  191
  188  176  165  163  170  180  191  210  243  290  343  394  437  479  526  583
  650  724  801  877  946 1003 1047 1082 1116 1156 1204 1253 1294 1318 1321 1303
 1270 1229 1192 1163 1143 1121 1089 1046 1001  962  929  895  855  814  783  767
  758  741  706  657  610  581  572  572  564
    20.0-180.0 180.0   5.0 450.0                            LAT/LON1/LON2/DLON/H
  654  642  613  573  527  478  427  377  330  286  243  205  179  169  173  181
  180  170  159  158  167  180  196  219  256  306  363  420  474  528  588  654
  723  790  853  910  960 1003 1039 1071 1106 1148 1197 1248 1291 1316 1322 1309
 1283 1250 1218 1193 1173 1150 1117 1077 1039 1008  980  947  905  863  834  825
  826  820  795  751  703  668  654  654  654
    17.5-180.0 180.0   5.0 450.0                            LAT/LON1/LON2/DLON/H
  708  710  697  667  624  571  513  453  395  340  287  237  197  175  171  176
  176  168  159  158  168  186  207  235  274  325  384  446  509  576  648  720
  787  844  891  930  964  995 1025 1054 1087 1125 1169 1214 1251 1273 1278 1269
 1250 1226 1203 1183 1164 1141 1110 1074 1042 1014  987  949  902  857  831  828
  839  845  833  799  755  718  699  700  708
    15.0-180.0 180.0   5.0 450.0                            LAT/LON1/LON2/DLON/H
  719  732  732  714  678  627  567  503  440  383  326  271  221  189  176  177
  177  170  161  161  172  193  219  252  294  345  405  469  540  616  694  767
  829  876  911  937  962  987 1014 1041 1068 1097 1128 1160 1185 1198 1198 1189
 1176 1163 1150 1138 1125 1105 1079 1049 1021  993  959  911  854  805  780  783
  802  819  820  800  764  729  707  706  719
    12.5-180.0 180.0   5.0 450.0                            LAT/LON1/LON2/DLON/H
  691  706  713  703  674  630  574  513  454  401  350  297  246  207  187  182
  181  174  166  164  175  198  230  268  312  364  422  488  562  643  722  792
  846  884  911  933  957  985 1014 1040 1059 1075 1090 1103 1110 1109 1099 1088
 1079 1075 1074 1074 1070 1060 1042 1020  996  965  918  855  787  732  707  712
  734  758  771  767  744  713  688  680  691
    10.0-180.0 180.0   5.0 450.0                            LAT/LON1/LON2/DLON/H
  640  647  649  639  614  578  531  479  430  389  351  309  263  223  198  190
  186  180  170  166  176  201  237  280  328  380  437  502  576  656  731  793
  838  870  895  921  953  989 1024 1050 1063 1066 1063 1057 1046 1027 1005  987
  979  984  996 1010 1020 1024 1019 1008  987  949  888  809  728  668  641  645
  665  689  711  721  713  688  659  641  640
     7.5-180.0 180.0   5.0 450.0                            LAT/LON1/LON2/DLON/H
  589  576  563  543  518  487  451  411  376  349  328  303  268  232  207  196
  191  184  174  167  175  201  242  291  342  394  449  512  584  659  725  777
  813  841  870  905  949  997 1040 1068 1077 1070 1054 1033 1006  971  936  910
  902  913  937  967  993 1013 1024 1023 1005  960  886  791  701  638  610  607
  619  637  661  683  689  673  641  609  589
     5.0-180.0 180.0   5.0 450.0                            LAT/LON1/LON2/DLON/H
  560  523  486  448  414  386  358  329  305  292  288  280  260  232  209  198
  194  188  176  169  176  203  248  301  356  408  462  522  588  655  711  751
  780  807  842  888  944 1003 1053 1085 1093 1082 1061 1034  998  953  908  874
  864  879  913  957  999 1034 1058 1066 1050  999  914  811  717  654  625  615
  612  618  638  667  685  677  644  600  560
     2.5-180.0 180.0   5.0 450.0                            LAT/LON1/LON2/DLON/H
  567  509  447  388  341  308  283  260  241  236  242  248  242  224  207  198
  195  190  180  173  181  210  257  314  370  422  474  531  591  649  694  724
  746  774  814  869  934  999 1054 1088 1099 1092 1076 1053 1019  973  924  887
  875  892  931  983 1036 1081 1113 1125 1107 1053  964  859  769  711  682  663
  644  632  643  673  701  702  672  622  567
