ionex_files/COD0OPSFIN_20250870000_01D_01H_GIM.INX
     1.0            IONOSPHERE MAPS     GNSS                IONEX VERSION / TYPE
ADDNEQ2 V5.5        AIUB                02-APR-25 21:41     PGM / RUN BY / DATE 
CODE'S GLOBAL IONOSPHERE MAPS FOR DAY 087, 2025             COMMENT             
Global ionosphere maps (GIM) are generated on a daily basis DESCRIPTION         
at CODE using data from about 300 GNSS sites of the IGS and DESCRIPTION         
other institutions. The vertical total electron content     DESCRIPTION         
(VTEC) is modeled in a solar-geomagnetic reference frame    DESCRIPTION         
using a spherical harmonics expansion up to degree and      DESCRIPTION         
order 15. Piece-wise linear functions are used for          DESCRIPTION         
representation in the time domain. The time spacing of      DESCRIPTION         
their vertices is 1 hour, conforming with the epochs of the DESCRIPTION         
VTEC maps.                                                  DESCRIPTION         
To convert line-of-sight TEC into vertical TEC, a modified  DESCRIPTION         
single-layer model mapping function approximating the JPL   DESCRIPTION         
extended slab model mapping function is adopted. The        DESCRIPTION         
mapping function is evaluated at geodetic satellite         DESCRIPTION         
elevation angles. For the computation of the ionospheric    DESCRIPTION         
pierce points, a spherical layer with a radius of 6821 km   DESCRIPTION         
is assumed, implying geocentric, not geodetic IONEX         DESCRIPTION         
latitudes.                                                  DESCRIPTION         
Instrumental biases with respect to each involved GNSS code DESCRIPTION         
observable are estimated as constant values for each        DESCRIPTION         
day. They are modeled with one set of bias parameters for   DESCRIPTION         
each satellite and each station in case of GPS and for each DESCRIPTION         
satellite-station link in case of GLONASS. The code bias    DESCRIPTION         
datum is defined by zero-mean conditions imposed on the     DESCRIPTION         
satellite bias estimates. In this file, just GPS C1W-C2W    DESCRIPTION         
satellite and station bias values are included. The         DESCRIPTION         
complete set of GNSS code bias results is provided in an    DESCRIPTION         
additional Bias-SINEX file as pseudo-absolute values        DESCRIPTION         
specific to each observable.                                DESCRIPTION         
Note: These GIM results correspond to the results for the   DESCRIPTION         
middle day of a 3-day combination analysis solving for 73   DESCRIPTION         
times 256, or 18688 VTEC parameters and 3 daily sets of     DESCRIPTION         
GNSS code bias parameters.                                  DESCRIPTION         
Contact address: code(at)aiub.unibe.ch                      DESCRIPTION         
Data archive:    ftp.aiub.unibe.ch/CODE/                    DESCRIPTION         
                 www.aiub.unibe.ch/download/CODE/           DESCRIPTION         
  2025     3    28     0     0     0                        EPOCH OF FIRST MAP  
  2025     3    29     0     0     0                        EPOCH OF LAST MAP   
  3600                                                      INTERVAL            
[...]
abpo adis albh algo alic amu2 areg areq ascg aspa auck azgb COMMENT             
badg bake bako barh bjfs bndy boav bogo bogt bor1 braz brft COMMENT             
brst brux cags cas1 ccj2 cedu chpg chti chur ckis coco cord COMMENT             
cpvg cpxf cro1 daej darw dav1 dgar dhlg drao dubo ebre faa1 COMMENT             
fair flin flrs func ganp glps glsv gode gol2 gold gope gras COMMENT             
graz guam guug harb hers hert hlfx hnpt hob2 hofn holb hrao COMMENT             
hyde iddr ieng iisc impz ineg invk iqal irkj jog2 joz2 karr COMMENT             
kerg kir0 kiri kiru kit3 kokb kokv koug kour krgg lama laut COMMENT             
lmmf lpal lpgs mac1 madr mal2 mana mas1 mat1 mate maui maw1 COMMENT             
mcil mcm4 mdo1 medi mgue mizu mkea mnls mobs morp mqzg mro1 COMMENT             
mtka nano naur nico nist nium nklg nlib nnor not1 nrc1 ntus COMMENT             
nya1 nyal onsa opmt ous2 pado park penc pert pie1 pimo pohn COMMENT             
pol2 pots pove ptbb ptvl qaq1 quin rabt ramo reun reyk rgdg COMMENT             
rio2 roth salu samo sant savo sch2 scor scrz sctb scub seyg COMMENT             
sfer spt0 ssia sthl stjo stk2 str2 suth sutm sydn syog tash COMMENT             
thtg thti thu2 tid1 tidb tlse tn22 tong tow2 tro1 tskb txes COMMENT             
uclu ufpr ulab unb3 unbj unsa urum usn7 usud vald vill vtsp COMMENT             
wab1 wab2 whit will wind wsrt wtza wtzr wtzs wtzz wuhn xmis COMMENT             
yar2 yar3 yarr yell ykro zeck zim2 zim3 zimm                COMMENT             
                                                            END OF HEADER       
[from data line 9438]
    23                                                      START OF TEC MAP    
  2025     3    28    22     0     0                        EPOCH OF CURRENT MAP
    87.5-180.0 180.0   5.0 450.0                            LAT/LON1/LON2/DLON/H
  301  305  309  312  316  319  323  325  328  330  332  334  334  335  335  334
  333  331  328  325  322  318  313  309  304  299  293  288  282  277  271  266
  261  256  252  248  244  241  238  235  233  232  231  230  230  230  231  232
  233  234  236  238  240  242  245  247  250  252  255  258  261  264  267  270
  273  276  280  283  287  290  294  298  301
    85.0-180.0 180.0   5.0 450.0                            LAT/LON1/LON2/DLON/H
  301  308  316  324  333  341  350  358  366  373  379  385  389  391  393  392
  391  388  383  378  370  362  353  343  332  321  309  297  285  273  262  251
  240  231  222  214  208  202  197  194  191  190  189  189  190  192  195  197
  201  204  208  212  217  221  225  229  233  237  240  244  247  250  253  257
  260  264  267  272  276  282  287  294  301
    82.5-180.0 180.0   5.0 450.0                            LAT/LON1/LON2/DLON/H
  277  287  299  312  327  342  357  372  387  401  413  424  432  438  442  443
  442  438  433  425  415  403  390  376  360  344  327  309  292  274  257  242
  227  213  201  191  182  175  170  166  164  163  164  165  168  171  175  180
  185  190  196  201  207  212  216  221  225  228  231  233  235  236  237  238
  240  241  243  246  250  254  260  268  277
    80.0-180.0 180.0   5.0 450.0                            LAT/LON1/LON2/DLON/H
  237  249  264  282  302  323  346  369  391  412  431  446  459  468  473  475
  474  470  463  454  443  430  416  400  383  364  344  324  303  282  262  243
  225  209  195  184  175  168  163  160  158  158  159  161  163  167  171  176
  182  187  193  198  203  208  212  216  218  220  221  221  220  219  217  216
  214  212  211  211  213  216  220  227  237
    77.5-180.0 180.0   5.0 450.0                            LAT/LON1/LON2/DLON/H
  195  207  224  244  267  294  323  352  382  409  432  452  467  476  481  481
  478  472  464  455  445  434  422  409  394  377  358  338  316  295  273  252
  234  217  203  192  184  178  174  171  170  170  170  171  173  175  178  181
  185  189  193  197  200  203  206  207  207  207  206  204  201  198  194  190
  186  183  180  178  177  177  180  186  195
    75.0-180.0 180.0   5.0 450.0                            LAT/LON1/LON2/DLON/H
  164  174  190  210  235  265  298  332  366  397  424  445  459  466  466  462
  454  444  435  426  418  412  406  399  390  379  365  347  328  307  285  265
  246  230  217  208  201  197  194  193  192  191  189  188  187  186  186  186
  187  188  190  192  193  193  193  191  189  186  183  179  176  172  168  165
  161  158  156  153  152  152  153  157  164
    72.5-180.0 180.0   5.0 450.0                            LAT/LON1/LON2/DLON/H
  154  161  173  190  214  243  277  314  350  384  412  432  443  444  437  424
  409  393  380  372  367  367  369  371  371  368  360  347  331  312  292  272
  254  239  228  220  216  213  212  212  210  208  205  201  196  192  188  185
  184  183  182  181  179  176  173  168  163  158  153  149  146  144  143  142
  142  143  144  145  145  146  147  149  154
    70.0-180.0 180.0   5.0 450.0                            LAT/LON1/LON2/DLON/H
  167  170  176  188  206  231  263  300  338  373  401  420  426  421  405  382
  357  334  316  306  305  310  320  330  339  344  342  334  321  304  286  267
  251  237  228  222  219  218  218  218  216  212  207  200  193  186  180  175
  172  170  168  165  161  156  149  141  133  126  121  118  116  118  121  126
  132  139  145  152  157  161  164  165  167
    67.5-180.0 180.0   5.0 450.0                            LAT/LON1/LON2/DLON/H
  197  195  195  199  209  228  255  289  327  363  392  410  414  404  381  349
  315  284  260  247  246  254  269  286  300  310  313  309  298  283  266  249
  234  222  213  208  206  206  207  206  204  199  192  184  175  167  161  156
  154  152  150  147  142  134  125  114  104   96   91   90   92   98  106  117
  130  144  158  171  182  191  196  198  197
    65.0-180.0 180.0   5.0 450.0                            LAT/LON1/LON2/DLON/H
  235  228  221  216  217  228  248  278  313  350  382  403  409  399  373  337
  296  258  228  211  207  214  228  246  262  273  277  275  266  253  237  222
  208  197  189  184  181  181  181  180  177  172  164  156  147  140  135  133
  132  133  133  130  125  116  104   92   81   73   70   71   77   88  102  118
  136  156  176  195  212  226  234  237  235
    62.5-180.0 180.0   5.0 450.0                            LAT/LON1/LON2/DLON/H
  268  258  245  232  224  225  237  261  294  331  367  394  407  403  382  347
  306  264  230  207  196  198  207  220  232  240  243  239  231  220  207  194
  182  171  162  156  152  150  148  146  143  138  132  124  117  111  109  109
  112  116  118  117  111  102   90   77   66   60   59   64   75   90  108  128
  150  172  195  217  238  255  267  271  268
    60.0-180.0 180.0   5.0 450.0                            LAT/LON1/LON2/DLON/H
  289  278  261  243  228  220  223  239  267  304  343  378  403  411  402  377
  341  302  265  236  217  209  208  212  216  218  217  212  204  194  184  173
  162  152  143  135  129  124  120  118  114  110  105   99   93   90   89   92
   97  103  107  107  102   93   81   69   60   56   59   69   85  104  126  148
  169  191  213  236  257  275  288  293  289
    57.5-180.0 180.0   5.0 450.0                            LAT/LON1/LON2/DLON/H
  299  287  270  250  230  216  211  218  239  271  312  355  392  417  425  416
  393  360  323  290  262  243  231  223  218  213  207  200  192  183  173  164
  154  144  134  125  117  110  105  102   99   96   92   87   83   81   81   84
   90   96  100  100   96   88   77   68   62   62   69   84  104  128  151  173
  193  212  231  250  269  286  298  302  299
    55.0-180.0 180.0   5.0 450.0                            LAT/LON1/LON2/DLON/H
  302  292  277  259  239  222  210  208  218  242  279  325  372  414  443  454
  446  423  390  354  320  290  268  251  238  227  217  207  197  186  176  165
  155  145  135  125  117  110  105  102  100   99   96   93   89   86   85   87
   90   95   97   97   93   86   78   72   69   74   85  104  128  155  180  202
  220  236  251  266  281  294  303  306  302
    52.5-180.0 180.0   5.0 450.0                            LAT/LON1/LON2/DLON/H
  309  301  291  278  263  246  231  219  217  228  255  297  349  403  450  480
  489  478  451  415  376  340  311  289  272  259  246  232  217  201  186  171
  159  148  139  131  125  120  117  116  116  116  115  113  109  104  100   98
   98   99   99   97   93   87   83   80   81   89  104  125  152  181  208  231
  249  263  275  287  299  308  313  313  309
    50.0-180.0 180.0   5.0 450.0                            LAT/LON1/LON2/DLON/H
  327  322  318  313  306  294  278  259  244  239  250  281  330  390  449  494
  517  516  494  460  421  384  353  331  315  302  287  269  246  220  195  173
  156  145  138  135  133  133  134  137  139  141  142  140  135  128  121  115
  110  107  104  101   97   94   92   92   97  106  121  143  171  202  232  257
  276  291  305  317  328  335  336  333  327
    47.5-180.0 180.0   5.0 450.0                            LAT/LON1/LON2/DLON/H
  362  359  361  366  368  365  351  329  303  280  273  287  326  384  446  498
  529  535  518  487  450  417  390  373  361  349  332  307  272  234  196  165
  144  133  130  132  137  143  150  156  161  165  168  167  162  154  144  135
  127  121  116  111  108  106  106  109  115  124  137  157  184  216  248  276
  300  320  338  355  368  375  375  368  362
    45.0-180.0 180.0   5.0 450.0                            LAT/LON1/LON2/DLON/H
  410  409  417  430  442  448  441  419  387  351  325  320  345  393  451  503
  535  542  527  499  467  440  420  409  401  391  371  337  291  239  190  152
  128  118  119  127  138  150  160  169  177  183  187  188  184  176  165  154
  145  138  132  127  124  124  126  130  135  141  151  167  191  223  257  289
  318  344  370  395  415  426  425  418  410
    42.5-180.0 180.0   5.0 450.0                            LAT/LON1/LON2/DLON/H
  466  467  478  497  517  531  532  516  483  439  400  379  387  423  473  518
  545  548  532  506  479  458  444  438  433  421  397  355  300  240  185  145
  122  115  120  131  145  159  170  180  188  194  199  201  199  192  183  173
  164  158  153  148  146  145  148  152  155  158  163  174  195  226  261  297
  330  363  397  431  460  476  479  473  466
    40.0-180.0 180.0   5.0 450.0                            LAT/LON1/LON2/DLON/H
  519  523  537  559  583  601  610  602  575  531  485  454  451  475  515  549
  565  560  541  516  493  476  466  459  452  436  407  361  304  246  196  163
  148  146  152  161  171  180  188  194  199  204  208  211  210  205  198  190
  183  179  175  172  169  168  169  172  173  173  173  180  198  228  264  301
  337  374  414  456  493  517  525  522  519
    37.5-180.0 180.0   5.0 450.0                            LAT/LON1/LON2/DLON/H
  562  572  589  611  632  651  665  666  648  612  568  534  525  543  573  596
  600  585  560  535  515  499  486  474  459  438  405  362  315  271  240  225
  224  228  231  230  227  224  222  221  221  221  222  224  223  218  212  205
  201  198  196  192  188  185  185  187  186  184  182  187  204  233  269  306
  341  378  420  466  510  541  556  559  562
    35.0-180.0 180.0   5.0 450.0                            LAT/LON1/LON2/DLON/H
  594  612  633  653  669  683  696  705  699  674  637  607  600  615  639  652
  644  619  590  564  544  526  506  484  458  431  400  369  342  327  327  340
  357  367  362  344  319  296  279  267  258  252  248  245  241  235  227  220
  215  213  210  206  200  195  192  192  192  189  188  193  212  242  279  314
  346  378  418  464  510  545  568  581  594
    32.5-180.0 180.0   5.0 450.0                            LAT/LON1/LON2/DLON/H
  617  647  675  693  701  706  716  728  731  718  691  669  666  684  705  710
  692  657  623  596  576  554  524  489  454  423  401  389  394  417  457  503
  540  552  533  490  438  391  356  332  314  300  289  279  270  259  246  235
  227  221  216  210  201  193  189  188  188  188  190  199  221  255  293  327
  354  380  412  454  498  536  566  590  617
    30.0-180.0 180.0   5.0 450.0                            LAT/LON1/LON2/DLON/H
  638  684  722  741  742  737  740  751  760  755  737  722  725  744  763  761
  733  691  653  625  604  576  538  493  452  425  416  431  470  533  611  688
  740  751  714  644  563  492  441  407  382  361  341  323  306  288  269  250
  235  224  214  204  192  182  176  175  178  181  187  201  228  267  309  344
  367  386  410  445  485  523  559  595  638
    27.5-180.0 180.0   5.0 450.0                            LAT/LON1/LON2/DLON/H
  665  729  780  804  802  789  785  793  804  803  790  777  781  800  814  804
  766  716  674  645  622  590  546  497  458  441  451  491  561  655  761  857
  917  920  865  770  665  576  515  477  449  423  397  372  347  320  293  266
  242  223  207  192  177  166  159  158  162  169  179  198  231  277  324  361
  384  399  417  444  479  517  557  606  665
    25.0-180.0 180.0   5.0 450.0                            LAT/LON1/LON2/DLON/H
  702  782  847  881  882  868  861  868  878  878  863  848  847  858  863  842
  794  736  688  656  629  594  549  504  476  474  502  561  647  755  869  968
 1024 1017  946  834  716  621  561  526  502  475  446  415  384  351  317  282
  249  221  198  178  161  149  142  142  147  155  168  190  228  280  334  377
  403  419  434  458  489  525  570  628  702
    22.5-180.0 180.0   5.0 450.0                            LAT/LON1/LON2/DLON/H
  746  839  917  963  974  968  965  975  987  986  968  946  934  931  922  886
  825  758  702  664  632  594  551  517  505  521  563  627  710  806  905  987
 1028 1009  931  816  699  613  565  543  527  506  477  444  410  375  337  297
  257  221  191  167  150  138  132  132  137  144  156  178  218  275  336  388
  421  442  461  485  515  551  598  662  746
    20.0-180.0 180.0   5.0 450.0                            LAT/LON1/LON2/DLON/H
  792  889  976 1035 1062 1071 1081 1100 1119 1122 1102 1072 1046 1026  998  947
  873  794  729  681  638  595  557  536  543  575  622  675  732  793  853  902
  921  893  818  715  617  553  528  525  523  509  484  454  422  388  351  310
  266  225  190  164  146  135  130  130  133  137  145  165  204  263  331  392
  435  465  491  521  554  591  639  705  792
    17.5-180.0 180.0   5.0 450.0                            LAT/LON1/LON2/DLON/H
  829  923 1011 1079 1124 1153 1183 1220 1252 1265 1250 1215 1177 1140 1095 1029
  945  857  780  717  660  608  572  565  588  628  668  695  707  715  723  730
  725  694  633  557  492  460  463  481  494  489  470  444  417  388  356  319
  276  232  195  167  150  141  137  137  137  136  138  152  189  249  321  389
  443  484  521  559  597  637  684  747  829
    15.0-180.0 180.0   5.0 450.0                            LAT/LON1/LON2/DLON/H
  852  932 1013 1084 1143 1194 1247 1304 1356 1386 1384 1354 1311 1263 1206 1131
 1041  947  859  779  704  639  601  600  632  673  695  683  643  591  545  512
  489  463  426  386  361  364  393  430  454  456  441  419  398  376  352  321
  282  240  202  175  159  152  150  148  146  141  137  144  176  235  310  383
  445  496  544  592  637  681  726  782  852
    12.5-180.0 180.0   5.0 450.0                            LAT/LON1/LON2/DLON/H
  858  918  982 1048 1114 1181 1254 1332 1405 1458 1476 1460 1422 1373 1313 1239
 1151 1057  962  866  771  690  643  642  674  704  701  649  559  457  367  307
  276  263  256  254  265  298  347  393  420  423  409  389  371  355  338  315
  283  245  209  183  169  164  162  161  157  148  139  142  170  226  300  376
  442  501  559  615  668  714  758  804  858
    10.0-180.0 180.0   5.0 450.0                            LAT/LON1/LON2/DLON/H
  851  888  930  983 1047 1121 1204 1295 1385 1460 1502 1508 1485 1446 1395 1332
 1257 1170 1074  967  854  755  696  687  709  722  692  607  483  350  240  171
  145  151  172  201  240  290  343  386  407  403  385  362  342  328  316  300
  275  242  210  186  175  171  171  170  165  156  145  144  169  224  296  371
  438  501  564  628  686  736  778  816  851
     7.5-180.0 180.0   5.0 450.0                            LAT/LON1/LON2/DLON/H
  843  859  878  912  965 1033 1113 1204 1301 1392 1457 1487 1486 1465 1433 1390
 1335 1265 1176 1065  941  828  755  732  738  732  680  575  439  304  201  145
  135  160  202  249  298  348  391  418  422  405  376  345  318  300  288  276
  257  230  202  183  174  172  173  172  169  161  150  150  175  228  298  369
  434  497  563  631  693  746  788  821  843
     5.0-180.0 180.0   5.0 450.0                            LAT/LON1/LON2/DLON/H
  844  847  848  862  897  949 1013 1089 1178 1271 1351 1401 1423 1425 1416 1399
 1369 1321 1246 1142 1017  898  814  776  764  739  675  569  446  337  265  239
  252  291  340  387  428  461  481  482  463  428  384  340  301  274  258  247
  232  210  187  172  166  166  167  168  166  161  154  156  182  235  303  371
  432  492  558  627  692  747  793  827  844
     2.5-180.0 180.0   5.0 450.0                            LAT/LON1/LON2/DLON/H
  862  864  856  856  872  900  937  985 1051 1133 1213 1274 1313 1335 1350 1357
 1352 1328 1274 1186 1072  956  867  817  789  752  686  595  506  443  419  430
  464  508  549  580  598  601  589  560  516  462  404  345  293  254  230  216
  202  184  167  156  154  154  156  157  158  156  153  159  187  241  308  372
  429  486  550  619  685  744  796  838  862
