ionex_files/COD0OPSFIN_20250990000_01D_01H_GIM.INX
     1.0            IONOSPHERE MAPS     GNSS                IONEX VERSION / TYPE
ADDNEQ2 V5.5        AIUB                13-APR-25 19:04     PGM / RUN BY / DATE 
CODE'S GLOBAL IONOSPHERE MAPS FOR DAY 099, 2025             COMMENT             
Global ionosphere maps (GIM) are generated on a daily basis DESCRIPTION         
at CODE using data from about 300 GNSS sites of the IGS and DESCRIPTION         
other institutions. The vertical total electron content     DESCRIPTION         
(VTEC) is modeled in a solar-geomagnetic reference frame    DESCRIPTION         
using a spherical harmonics expansion up to degree and      DESCRIPTION         
order 15. Piece-wise linear functions are used for          DESCRIPTION         
representation in the time domain. The time spacing of      DESCRIPTION         
their vertices is 1 hour, conforming with the epochs of the DESCRIPTION         
VTEC maps.                                                  DESCRIPTION         
To convert line-of-sight TEC into vertical TEC, a modified  DESCRIPTION         
single-layer model mapping function approximating the JPL   DESCRIPTION         
extended slab model mapping function is adopted. The        DESCRIPTION         
mapping function is evaluated at geodetic satellite         DESCRIPTION         
elevation angles. For the computation of the ionospheric    DESCRIPTION         
pierce points, a spherical layer with a radius of 6821 km   DESCRIPTION         
is assumed, implying geocentric, not geodetic IONEX         DESCRIPTION         
latitudes.                                                  DESCRIPTION         
Instrumental biases with respect to each involved GNSS code DESCRIPTION         
observable are estimated as constant values for each        DESCRIPTION         
day. They are modeled with one set of bias parameters for   DESCRIPTION         
each satellite and each station in case of GPS and for each DESCRIPTION         
satellite-station link in case of GLONASS. The code bias    DESCRIPTION         
datum is defined by zero-mean conditions imposed on the     DESCRIPTION         
satellite bias estimates. In this file, just GPS C1W-C2W    DESCRIPTION         
satellite and station bias values are included. The         DESCRIPTION         
complete set of GNSS code bias results is provided in an    DESCRIPTION         
additional Bias-SINEX file as pseudo-absolute values        DESCRIPTION         
specific to each observable.                                DESCRIPTION         
Note: These GIM results correspond to the results for the   DESCRIPTION         
middle day of a 3-day combination analysis solving for 73   DESCRIPTION         
times 256, or 18688 VTEC parameters and 3 daily sets of     DESCRIPTION         
GNSS code bias parameters.                                  DESCRIPTION         
Contact address: code(at)aiub.unibe.ch                      DESCRIPTION         
Data archive:    ftp.aiub.unibe.ch/CODE/                    DESCRIPTION         
                 www.aiub.unibe.ch/download/CODE/           DESCRIPTION         
  2025     4     9     0     0     0                        EPOCH OF FIRST MAP  
  2025     4    10     0     0     0                        EPOCH OF LAST MAP   
  3600                                                      INTERVAL            
[...]
azgb badg bake barh bjfs bndy boav bogo bogt bor1 braz brft COMMENT             
brst brux cags cas1 ccj2 cedu chpg chti chur ckis coco cord COMMENT             
cpvg cpxf cro1 daej darw dav1 dgar dhlg drao dubo ebre faa1 COMMENT             
fair flin flrs frdn func ganp glps glsv gode gol2 gold gope COMMENT             
gras graz guam guug harb hers hert hnpt hob2 hofn holb hrao COMMENT             
iddr ieng iisc impz ineg invk iqal irkj jog2 joz2 joze karr COMMENT             
kerg kir0 kiri kiru kit3 kokb kokv koug kour krgg lama laut COMMENT             
lmmf lpal lpgs m0se mac1 madr mal2 mana mas1 mat1 mate maui COMMENT             
maw1 mcil mcm4 mdo1 medi mgue mizu mkea mnls mobs morp mqzg COMMENT             
mro1 mtka nano naur nico nium nklg nlib nnor not1 nrc1 ntus COMMENT             
nya1 nyal onsa opmt ous2 pado parc park pdel penc pert pie1 COMMENT             
pimo pohn pol2 polv pots pove ptag ptbb ptvl qaq1 quin rabt COMMENT             
ramo reun reyk rgdg rio2 roth salu samo sant savo sch2 scor COMMENT             
scrz sctb scub seyg sfer spt0 ssia sthl stjo stk2 str2 suth COMMENT             
sutm suwn sydn syog tash thtg thti thu2 tid1 tidb tlse tn22 COMMENT             
tong tro1 tskb twtf txes uclu ufpr unb3 unbj unsa urum usn7 COMMENT             
usud vald vill vtsp wab1 wab2 wark wgtn whit will wind wsrt COMMENT             
wtza wtzr wtzs wtzz wuhn xmis yar2 yar3 yarr yell ykro zeck COMMENT             
zim2 zim3 zimm                                              COMMENT             
                                                            END OF HEADER       
[from data line 9438]
    23                                                      START OF TEC MAP    
  2025     4     9    22     0     0                        EPOCH OF CURRENT MAP
    87.5-180.0 180.0   5.0 450.0                            LAT/LON1/LON2/DLON/H
  149  150  150  150  150  150  151  150  150  150  150  150  149  148  148  147
  146  145  143  142  141  139  138  136  134  133  131  130  128  127  125  124
  123  122  121  120  119  119  118  118  118  118  119  119  120  120  121  122
  123  124  125  127  128  129  131  132  134  135  137  138  139  141  142  143
  144  145  146  147  147  148  148  149  149
    85.0-180.0 180.0   5.0 450.0                            LAT/LON1/LON2/DLON/H
  156  157  157  158  158  159  160  160  161  162  163  163  163  163  163  162
  161  159  157  155  152  149  146  143  140  136  133  130  127  124  121  119
  116  114  112  111  110  109  108  108  107  108  108  108  109  110  112  113
  115  117  119  121  123  126  128  131  134  136  139  142  144  146  148  150
  152  153  154  155  155  156  156  156  156
    82.5-180.0 180.0   5.0 450.0                            LAT/LON1/LON2/DLON/H
  155  154  154  155  156  158  160  163  166  169  172  175  178  179  180  180
  179  178  175  172  169  165  160  156  151  147  142  138  134  130  127  124
  121  118  116  114  112  111  110  109  108  108  108  108  108  109  109  110
  111  113  115  117  119  122  124  128  131  135  139  143  146  150  153  155
  157  158  159  159  158  158  157  156  155
    80.0-180.0 180.0   5.0 450.0                            LAT/LON1/LON2/DLON/H
  148  146  145  145  147  150  154  160  166  173  179  186  191  195  198  199
  199  198  195  191  187  183  178  173  168  163  159  154  151  147  144  141
  138  135  133  131  128  126  124  123  121  120  119  118  117  116  115  114
  114  113  113  113  114  115  117  120  124  129  134  139  144  149  154  157
  160  161  162  161  159  156  154  150  148
    77.5-180.0 180.0   5.0 450.0                            LAT/LON1/LON2/DLON/H
  142  138  135  134  136  140  146  154  164  175  185  195  203  210  214  217
  217  215  213  209  204  200  195  190  186  182  179  175  173  170  168  166
  163  161  159  156  154  151  148  145  142  140  137  135  132  129  127  123
  120  116  113  110  107  106  106  108  111  116  123  130  138  145  152  158
  162  165  165  164  161  157  152  147  142
    75.0-180.0 180.0   5.0 450.0                            LAT/LON1/LON2/DLON/H
  144  137  132  130  131  135  142  153  165  179  193  205  216  224  229  231
  230  228  225  221  216  212  208  205  202  199  197  196  194  193  192  191
  189  188  185  183  179  176  172  168  164  160  156  152  149  145  140  135
  129  122  114  107  100   95   92   92   94  100  108  117  128  139  149  158
  164  169  171  171  168  164  158  151  144
    72.5-180.0 180.0   5.0 450.0                            LAT/LON1/LON2/DLON/H
  156  148  141  137  136  139  146  158  172  187  203  217  228  235  239  240
  238  235  231  226  222  219  216  214  213  211  210  209  208  207  207  206
  206  204  202  200  196  192  187  181  176  171  167  163  159  155  150  144
  136  127  116  104   93   84   78   75   77   82   92  104  118  132  145  157
  167  174  179  181  180  177  172  165  156
    70.0-180.0 180.0   5.0 450.0                            LAT/LON1/LON2/DLON/H
  179  170  162  155  152  153  159  170  184  200  216  229  239  245  247  245
  241  236  231  227  223  221  219  218  216  214  212  211  209  208  207  206
  205  204  203  200  197  192  186  180  174  169  165  162  159  157  153  148
  140  129  116  102   87   75   65   61   62   68   79   94  110  127  143  157
  169  179  186  191  194  194  191  186  179
    67.5-180.0 180.0   5.0 450.0                            LAT/LON1/LON2/DLON/H
  205  198  189  181  176  175  179  188  200  215  229  241  249  252  251  246
  240  234  228  224  222  221  219  217  214  210  205  200  196  192  190  188
  187  186  185  183  180  176  170  164  157  152  149  147  147  147  147  144
  138  128  114   99   82   68   57   51   52   59   72   88  106  125  142  156
  169  179  188  197  203  208  211  210  205
    65.0-180.0 180.0   5.0 450.0                            LAT/LON1/LON2/DLON/H
  228  223  216  208  201  198  200  207  217  229  241  250  256  256  253  246
  239  232  227  224  222  221  219  215  208  200  190  181  173  166  161  158
  156  155  154  153  151  147  142  136  130  125  122  122  124  128  131  132
  129  122  110   94   78   63   52   47   49   57   71   88  107  125  141  154
  165  174  184  194  205  215  223  228  228
    62.5-180.0 180.0   5.0 450.0                            LAT/LON1/LON2/DLON/H
  239  239  235  228  222  219  220  224  232  241  249  256  259  258  253  247
  239  233  229  227  226  225  221  214  203  190  175  162  149  139  132  127
  123  122  121  120  119  117  112  107  101   96   93   94   99  105  111  116
  116  112  102   89   75   62   52   48   51   61   75   93  112  128  142  151
  158  164  171  182  195  210  224  234  239
    60.0-180.0 180.0   5.0 450.0                            LAT/LON1/LON2/DLON/H
  238  243  243  240  237  236  237  240  244  248  253  256  258  257  253  248
  242  238  235  235  234  233  228  218  203  186  168  151  136  124  114  107
  101   98   96   96   95   93   90   84   79   74   71   72   77   84   92   99
  102  100   94   84   72   62   55   53   58   68   83  100  118  132  142  147
  149  150  154  163  178  195  213  228  238
    57.5-180.0 180.0   5.0 450.0                            LAT/LON1/LON2/DLON/H
  227  236  241  245  248  251  254  255  255  254  253  253  253  253  252  250
  247  245  244  244  245  244  238  228  212  193  174  156  141  128  117  107
   99   93   88   86   84   83   80   75   70   65   62   62   66   73   80   87
   91   90   86   79   71   64   60   60   66   76   91  107  123  136  143  145
  142  138  138  145  158  176  196  213  227
    55.0-180.0 180.0   5.0 450.0                            LAT/LON1/LON2/DLON/H
  213  226  238  249  260  270  276  276  271  262  254  248  246  248  250  252
  252  252  252  253  254  255  251  243  229  212  195  180  166  154  143  130
  118  106   98   92   89   87   84   80   75   71   67   67   69   73   78   83
   86   86   83   78   72   68   67   69   74   84   97  112  127  138  144  144
  138  132  129  132  143  160  179  198  213
    52.5-180.0 180.0   5.0 450.0                            LAT/LON1/LON2/DLON/H
  207  222  239  259  280  298  308  307  295  277  259  245  240  242  247  252
  255  255  255  256  259  262  264  262  254  243  230  219  209  198  184  168
  150  133  119  109  104  100   98   95   91   88   85   84   84   85   87   89
   89   88   85   81   78   76   76   78   83   90  101  114  127  139  146  146
  141  134  130  132  141  156  174  191  207
    50.0-180.0 180.0   5.0 450.0                            LAT/LON1/LON2/DLON/H
  214  231  253  281  312  338  353  350  331  302  272  248  237  237  243  250
  254  254  252  253  257  266  275  281  282  279  272  265  256  245  229  208
  184  161  142  128  120  116  114  113  111  110  109  108  107  106  105  103
  101   98   95   91   88   86   87   89   91   96  103  113  126  138  147  151
  149  145  143  146  155  168  184  199  214
    47.5-180.0 180.0   5.0 450.0                            LAT/LON1/LON2/DLON/H
  239  257  283  317  355  389  408  405  379  338  295  260  240  235  239  246
  249  247  244  244  251  265  283  300  310  313  311  306  297  283  263  236
  207  179  156  140  132  128  126  127  128  130  132  132  131  129  126  123
  119  115  111  106  102  101  100  100  100  101  105  112  124  137  149  157
  160  162  165  171  182  196  211  224  239
    45.0-180.0 180.0   5.0 450.0                            LAT/LON1/LON2/DLON/H
  279  298  325  362  405  445  467  464  433  384  329  281  251  238  238  241
  243  239  234  233  243  263  290  315  332  340  338  331  318  300  274  242
  209  179  157  143  135  133  133  136  140  144  148  151  151  150  147  143
  140  136  131  125  120  117  115  112  110  108  108  113  123  137  152  164
  173  181  190  202  218  234  250  265  279
    42.5-180.0 180.0   5.0 450.0                            LAT/LON1/LON2/DLON/H
  330  349  375  411  455  497  522  520  488  433  370  312  271  248  240  240
  238  234  228  228  239  264  296  326  346  353  348  335  317  292  261  227
  193  166  148  139  135  136  138  142  147  153  159  163  165  165  164  162
  159  156  151  145  139  133  129  125  120  115  113  116  126  140  156  170
  184  197  213  232  253  275  296  314  330
    40.0-180.0 180.0   5.0 450.0                            LAT/LON1/LON2/DLON/H
  385  404  427  458  498  538  565  566  536  482  415  351  299  266  249  243
  239  235  230  231  244  270  304  333  350  352  340  321  296  267  234  200
  170  150  140  138  141  144  147  151  155  161  166  171  175  177  177  177
  176  174  169  162  155  148  141  135  128  122  120  123  132  146  162  177
  193  210  231  256  283  312  339  364  385
    37.5-180.0 180.0   5.0 450.0                            LAT/LON1/LON2/DLON/H
  438  459  478  501  532  568  594  599  576  528  463  395  336  292  265  252
  247  245  243  247  260  285  314  337  347  340  321  296  269  240  209  180
  157  146  146  153  161  167  170  172  173  175  178  181  185  188  190  191
  190  187  182  175  167  158  151  143  135  129  127  132  143  157  172  186
  201  220  244  273  305  341  377  410  438
    35.0-180.0 180.0   5.0 450.0                            LAT/LON1/LON2/DLON/H
  490  514  529  544  565  593  618  627  612  572  513  446  381  326  289  270
  263  263  266  273  286  306  327  339  338  323  300  275  252  229  205  184
  171  170  178  191  202  209  211  210  206  202  199  199  202  205  206  205
  202  197  190  182  173  165  156  147  139  134  134  142  156  173  188  200
  213  231  255  285  322  363  408  453  490
    32.5-180.0 180.0   5.0 450.0                            LAT/LON1/LON2/DLON/H
  541  572  587  594  606  627  649  660  651  620  569  504  435  371  323  295
  285  287  295  305  317  331  340  341  330  310  288  271  259  248  236  226
  222  227  239  253  263  268  267  263  254  244  234  229  229  231  230  224
  215  204  194  184  176  168  159  149  140  136  139  152  172  192  209  220
  231  247  270  300  338  383  437  493  541
    30.0-180.0 180.0   5.0 450.0                            LAT/LON1/LON2/DLON/H
  597  638  656  661  669  685  703  714  708  682  636  574  500  428  367  329
  313  314  325  337  348  355  354  344  326  306  293  290  295  302  304  303
  304  311  321  329  333  333  331  325  313  297  282  272  268  267  262  250
  232  212  195  183  175  169  161  151  140  136  142  161  188  215  235  247
  258  272  294  323  360  409  470  537  597
    27.5-180.0 180.0   5.0 450.0                            LAT/LON1/LON2/DLON/H
  660  712  739  751  762  778  795  802  794  767  722  659  581  499  426  373
  346  342  351  364  374  375  367  350  331  317  317  333  358  381  396  401
  403  405  405  402  396  391  389  385  374  355  335  321  315  311  301  280
  252  222  197  182  175  170  164  153  141  136  145  169  204  239  265  281
  293  308  330  359  395  444  510  587  660
    25.0-180.0 180.0   5.0 450.0                            LAT/LON1/LON2/DLON/H
  727  792  833  859  882  906  925  928  913  879  829  762  679  588  501  431
  388  371  373  384  392  392  380  362  346  343  359  392  433  469  490  496
  493  484  470  452  436  427  429  432  426  409  387  370  362  356  341  313
  274  233  201  182  176  174  169  158  145  138  148  176  219  262  296  318
  334  352  377  407  443  492  560  644  727
    22.5-180.0 180.0   5.0 450.0                            LAT/LON1/LON2/DLON/H
  793  870  927  973 1016 1057 1082 1083 1058 1014  955  882  794  695  595  506
  441  405  394  400  407  407  396  381  373  381  409  453  502  540  560  562
  550  528  499  466  441  434  443  458  462  449  428  410  400  393  375  341
  294  245  206  184  178  179  176  166  151  143  153  184  231  282  324  353
  376  400  430  463  500  548  616  703  793
    20.0-180.0 180.0   5.0 450.0                            LAT/LON1/LON2/DLON/H
  848  932 1004 1072 1141 1203 1242 1245 1213 1159 1092 1014  923  819  707  601
  511  451  422  419  424  426  419  410  410  426  459  503  546  576  588  580
  558  525  484  443  415  412  434  464  479  473  452  433  422  414  395  359
  308  254  211  187  181  184  184  175  161  152  160  192  242  299  347  384
  413  445  482  521  560  607  672  756  848
    17.5-180.0 180.0   5.0 450.0                            LAT/LON1/LON2/DLON/H
  884  968 1048 1134 1227 1314 1371 1382 1351 1293 1223 1144 1054  950  834  712
  600  514  465  449  451  454  451  448  454  472  499  530  556  569  567  549
  519  480  435  392  369  376  413  456  483  481  460  439  425  415  397  362
  313  259  215  190  183  187  189  183  171  162  169  199  250  309  363  406
  442  482  527  573  615  661  720  798  884
    15.0-180.0 180.0   5.0 450.0                            LAT/LON1/LON2/DLON/H
  897  971 1050 1143 1254 1361 1437 1463 1442 1392 1328 1257 1175 1078  964  835
  705  596  527  499  495  496  494  494  501  514  527  535  534  525  508  483
  451  414  373  338  326  346  395  449  480  479  456  429  411  398  380  349
  305  256  215  189  182  186  190  188  179  172  178  205  253  313  370  418
  461  507  561  613  660  705  757  823  897
    12.5-180.0 180.0   5.0 450.0                            LAT/LON1/LON2/DLON/H
  889  945 1009 1097 1210 1329 1420 1465 1464 1434 1389 1333 1267 1186 1084  958
  820  696  610  569  557  553  548  545  548  550  543  523  495  465  437  411
  384  355  327  307  308  342  398  454  482  475  445  412  386  368  350  323
  287  246  210  186  177  180  186  187  182  178  183  207  252  310  369  422
  470  522  582  641  692  736  781  833  889
    10.0-180.0 180.0   5.0 450.0                            LAT/LON1/LON2/DLON/H
  871  902  941 1007 1107 1221 1319 1382 1409 1409 1391 1360 1317 1258 1177 1065
  932  803  708  656  634  621  607  598  592  581  554  510  460  417  386  364
  348  333  320  317  333  374  430  477  494  476  437  394  360  334  312  289
  262  231  201  179  169  170  176  180  179  177  182  203  245  302  363  419
  471  528  593  657  712  756  796  835  871
     7.5-180.0 180.0   5.0 450.0                            LAT/LON1/LON2/DLON/H
  857  863  870  902  970 1063 1156 1231 1284 1318 1334 1332 1314 1283 1229 1143
 1027  905  810  752  719  694  668  648  632  610  569  510  450  405  380  370
  365  362  364  375  402  444  489  519  517  484  434  384  340  305  277  255
  234  212  190  170  159  157  162  167  170  170  175  193  232  289  353  413
  469  529  596  664  723  769  807  838  857
     5.0-180.0 180.0   5.0 450.0                            LAT/LON1/LON2/DLON/H
  861  847  823  814  839  896  968 1044 1117 1182 1229 1254 1261 1256 1233 1180
 1092  989  902  844  803  765  726  693  669  641  594  533  477  442  432  434
  439  443  452  471  500  535  562  568  543  496  439  383  332  288  251  225
  208  194  177  161  149  145  147  152  155  157  161  178  216  274  341  405
  465  526  595  665  728  779  820  851  861
     2.5-180.0 180.0   5.0 450.0                            LAT/LON1/LON2/DLON/H
  890  868  821  776  755  766  804  866  947 1031 1100 1144 1168 1185 1193 1174
 1120 1045  975  922  878  829  776  734  704  675  632  581  541  526  533  546
  552  554  561  578  602  624  628  607  563  505  446  390  336  283  237  205
  187  177  166  152  141  135  134  137  139  139  142  158  196  257  328  397
  459  522  591  662  728  787  838  877  890
