ionex_files/COD0OPSFIN_20250880000_01D_01H_GIM.INX
     1.0            IONOSPHERE MAPS     GNSS                IONEX VERSION / TYPE
ADDNEQ2 V5.5        AIUB                02-APR-25 23:15     PGM / RUN BY / DATE 
CODE'S GLOBAL IONOSPHERE MAPS FOR DAY 088, 2025             COMMENT             
Global ionosphere maps (GIM) are generated on a daily basis DESCRIPTION         
at CODE using data from about 300 GNSS sites of the IGS and DESCRIPTION         
other institutions. The vertical total electron content     DESCRIPTION         
(VTEC) is modeled in a solar-geomagnetic reference frame    DESCRIPTION         
using a spherical harmonics expansion up to degree and      DESCRIPTION         
order 15. Piece-wise linear functions are used for          DESCRIPTION         
representation in the time domain. The time spacing of      DESCRIPTION         
their vertices is 1 hour, conforming with the epochs of the DESCRIPTION         
VTEC maps.                                                  DESCRIPTION         
To convert line-of-sight TEC into vertical TEC, a modified  DESCRIPTION         
single-layer model mapping function approximating the JPL   DESCRIPTION         
extended slab model mapping function is adopted. The        DESCRIPTION         
mapping function is evaluated at geodetic satellite         DESCRIPTION         
elevation angles. For the computation of the ionospheric    DESCRIPTION         
pierce points, a spherical layer with a radius of 6821 km   DESCRIPTION         
is assumed, implying geocentric, not geodetic IONEX         DESCRIPTION         
latitudes.                                                  DESCRIPTION         
Instrumental biases with respect to each involved GNSS code DESCRIPTION         
observable are estimated as constant values for each        DESCRIPTION         
day. They are modeled with one set of bias parameters for   DESCRIPTION         
each satellite and each station in case of GPS and for each DESCRIPTION         
satellite-station link in case of GLONASS. The code bias    DESCRIPTION         
datum is defined by zero-mean conditions imposed on the     DESCRIPTION         
satellite bias estimates. In this file, just GPS C1W-C2W    DESCRIPTION         
satellite and station bias values are included. The         DESCRIPTION         
complete set of GNSS code bias results is provided in an    DESCRIPTION         
additional Bias-SINEX file as pseudo-absolute values        DESCRIPTION         
specific to each observable.                                DESCRIPTION         
Note: These GIM results correspond to the results for the   DESCRIPTION         
middle day of a 3-day combination analysis solving for 73   DESCRIPTION         
times 256, or 18688 VTEC parameters and 3 daily sets of     DESCRIPTION         
GNSS code bias parameters.                                  DESCRIPTION         
Contact address: code(at)aiub.unibe.ch                      DESCRIPTION         
Data archive:    ftp.aiub.unibe.ch/CODE/                    DESCRIPTION         
                 www.aiub.unibe.ch/download/CODE/           DESCRIPTION         
  2025     3    29     0     0     0                        EPOCH OF FIRST MAP  
  2025     3    30     0     0     0                        EPOCH OF LAST MAP   
  3600                                                      INTERVAL            
[...]
abpo adis albh algo alic amu2 antc areg areq ascg aspa azgb COMMENT             
badg bake bako barh bjfs bndy boav bogo bogt bor1 braz brft COMMENT             
brst brux cags cas1 ccj2 cedu chpg chur ckis coco cord cpvg COMMENT             
cpxf cro1 daej darw dav1 dgar dhlg drao dubo ebre faa1 fair COMMENT             
flin flrs frdn func ganp glps glsv gode gol2 gold gope gras COMMENT             
graz guam guug harb hers hert hlfx hnpt hob2 hofn holb hrao COMMENT             
iddr ieng iisc impz ineg invk iqal irkj jog2 joz2 karr kerg COMMENT             
kir0 kiri kiru kit3 kokb kokv koug kour krgg lama laut lmmf COMMENT             
lpal lpgs mac1 madr mal2 mana mas1 mat1 mate maui maw1 mcil COMMENT             
mcm4 mdo1 medi mgue mizu mkea mnls mobs morp mro1 mtka nano COMMENT             
naur nico nist nium nklg nlib nnor not1 nrc1 ntus nya1 nyal COMMENT             
onsa opmt ous2 pado parc park pdel penc pert pie1 pimo pohn COMMENT             
pol2 polv pots pove ptbb ptvl qaq1 quin ramo reun reyk rgdg COMMENT             
rio2 roth salu samo sant savo sch2 scor scrz scub seyg sfer COMMENT             
spt0 ssia sthl stjo stk2 str2 suth sutm suwn sydn syog tash COMMENT             
thtg thti thu2 tid1 tidb tlse tn22 tong tow2 tro1 tskb twtf COMMENT             
txes uclu ufpr ulab unb3 unbj unsa urum usn7 usud vald vill COMMENT             
vtsp wab1 wab2 whit will wind wsrt wtza wtzr wtzs wtzz wuhn COMMENT             
xmis yar2 yarr yell ykro zeck zim2 zim3 zimm                COMMENT             
                                                            END OF HEADER       
[from data line 5148]
    13                                                      START OF TEC MAP    
  2025     3    29    12     0     0                        EPOCH OF CURRENT MAP
    87.5-180.0 180.0   5.0 450.0                            LAT/LON1/LON2/DLON/H
  190  191  192  193  195  196  198  200  202  204  206  208  211  213  215  217
  219  221  222  224  225  227  228  229  229  230  230  230  230  230  229  229
  228  227  225  224  222  221  219  217  215  213  211  209  207  205  203  202
  200  198  197  195  194  193  192  191  190  190  189  188  188  188  187  187
  187  187  187  187  188  188  189  189  190
    85.0-180.0 180.0   5.0 450.0                            LAT/LON1/LON2/DLON/H
  177  177  178  179  181  183  186  189  193  197  201  205  210  214  218  222
  226  230  233  236  239  241  243  245  247  248  249  249  249  249  248  247
  246  244  242  240  237  234  231  227  224  220  216  213  209  206  203  200
  197  195  193  192  190  189  189  188  188  188  188  187  187  187  186  185
  184  183  182  181  180  179  178  177  177
    82.5-180.0 180.0   5.0 450.0                            LAT/LON1/LON2/DLON/H
  171  168  166  165  166  168  170  174  179  184  190  196  202  208  214  219
  224  228  233  236  240  243  245  248  250  252  254  255  256  257  257  257
  256  255  253  251  248  245  242  238  234  229  225  220  216  212  209  206
  203  202  201  200  201  201  203  204  206  207  209  210  210  210  209  207
  204  201  197  193  188  183  178  174  171
    80.0-180.0 180.0   5.0 450.0                            LAT/LON1/LON2/DLON/H
  172  164  158  154  152  152  154  158  163  169  176  183  190  197  203  208
  212  216  220  223  226  229  233  236  239  242  245  248  250  252  254  256
  256  257  257  256  255  253  251  248  245  241  237  234  230  226  224  222
  221  221  222  224  227  231  235  239  244  248  251  254  255  255  253  250
  245  238  231  222  212  201  191  181  172
    77.5-180.0 180.0   5.0 450.0                            LAT/LON1/LON2/DLON/H
  180  167  155  147  141  139  140  143  148  155  162  170  177  183  187  191
  194  197  199  201  203  206  209  213  218  222  227  231  236  239  243  246
  249  251  253  255  257  258  258  258  257  255  253  251  249  248  247  247
  248  251  255  260  267  274  281  288  295  301  306  309  311  310  308  303
  295  286  274  260  245  229  212  196  180
    75.0-180.0 180.0   5.0 450.0                            LAT/LON1/LON2/DLON/H
  193  174  158  145  136  132  131  133  138  145  152  159  165  169  172  173
  174  174  174  174  176  179  183  189  195  201  207  213  218  223  227  231
  235  240  244  248  252  257  260  264  266  268  269  270  271  273  275  278
  283  289  296  304  313  323  332  341  349  355  359  362  362  360  355  348
  339  327  313  296  277  257  235  214  193
    72.5-180.0 180.0   5.0 450.0                            LAT/LON1/LON2/DLON/H
  204  182  163  147  136  130  128  129  134  140  146  152  156  159  159  158
  155  153  151  151  153  157  162  169  177  185  192  199  204  208  212  216
  219  224  229  235  242  250  257  264  271  276  282  286  291  296  302  309
  317  326  336  347  358  368  377  385  391  395  396  395  392  386  378  369
  358  345  331  314  295  274  251  228  204
    70.0-180.0 180.0   5.0 450.0                            LAT/LON1/LON2/DLON/H
  208  187  167  151  139  131  128  130  133  138  144  148  150  151  149  146
  142  138  136  136  138  143  151  160  169  178  185  191  195  197  199  201
  203  207  212  219  228  237  248  258  268  278  287  296  304  313  323  334
  345  357  369  381  392  401  408  412  413  412  407  400  390  379  367  354
  342  329  317  303  288  271  251  230  208
    67.5-180.0 180.0   5.0 450.0                            LAT/LON1/LON2/DLON/H
  200  182  165  150  139  132  129  130  133  137  141  144  145  144  142  138
  133  130  128  129  133  140  150  160  170  178  185  188  189  189  188  188
  189  191  196  203  212  223  234  247  260  272  285  297  309  322  336  350
  364  378  390  401  410  415  418  416  412  403  391  375  358  339  321  305
  290  279  269  261  253  243  231  216  200
    65.0-180.0 180.0   5.0 450.0                            LAT/LON1/LON2/DLON/H
  177  166  154  143  134  129  127  127  129  132  135  137  138  137  134  132
  129  127  127  130  136  145  155  166  175  183  187  187  186  183  180  178
  177  179  184  190  199  209  221  234  248  262  277  292  308  324  341  357
  373  387  399  407  411  412  409  401  390  374  355  331  306  280  255  233
  216  204  198  195  195  194  192  186  177
    62.5-180.0 180.0   5.0 450.0                            LAT/LON1/LON2/DLON/H
  144  140  133  126  121  118  117  118  120  122  124  125  126  126  126  125
  125  126  129  135  142  152  163  173  181  186  187  185  181  176  173  171
  172  175  180  186  193  202  212  224  237  252  268  286  305  324  343  361
  377  389  398  402  401  396  387  374  358  338  313  284  252  219  188  160
  139  125  120  121  127  135  142  145  144
    60.0-180.0 180.0   5.0 450.0                            LAT/LON1/LON2/DLON/H
  108  109  107  103  101  100  101  103  105  107  108  110  111  113  115  117
  121  125  131  139  148  158  167  176  182  184  183  180  175  170  169  170
  173  179  186  192  198  204  212  221  233  247  265  284  305  326  346  364
  379  389  393  392  385  375  362  347  329  307  281  250  215  178  142  109
   82   65   58   59   68   81   93  103  108
    57.5-180.0 180.0   5.0 450.0                            LAT/LON1/LON2/DLON/H
   78   81   81   79   79   80   82   85   87   89   91   93   95   98  102  107
  114  121  130  140  150  159  168  175  179  180  177  173  169  167  169  174
  183  193  203  210  215  218  222  228  238  252  270  290  313  335  356  373
  386  392  391  384  373  359  344  328  311  291  268  239  205  168  130   94
   63   40   28   26   32   45   59   71   78
    55.0-180.0 180.0   5.0 450.0                            LAT/LON1/LON2/DLON/H
   64   65   63   61   60   62   65   69   73   75   77   80   82   86   90   96
  105  115  127  138  149  159  166  172  175  175  173  170  168  169  175  185
  199  214  227  237  241  243  243  246  254  267  285  307  330  353  373  389
  398  400  395  384  369  353  337  323  309  294  275  252  223  190  154  118
   84   57   38   29   30   38   49   58   64
    52.5-180.0 180.0   5.0 450.0                            LAT/LON1/LON2/DLON/H
   69   65   59   54   51   52   56   61   66   69   72   74   76   78   81   87
   96  108  122  136  148  158  166  171  175  176  176  174  174  178  187  201
  220  239  256  267  273  274  273  274  280  292  310  333  356  378  397  410
  416  414  405  391  375  359  344  332  320  309  295  278  256  230  200  168
  136  106   81   65   58   59   64   69   69
    50.0-180.0 180.0   5.0 450.0                            LAT/LON1/LON2/DLON/H
   94   83   71   61   56   56   60   65   70   75   78   80   80   79   78   81
   88  102  118  135  150  162  170  177  183  186  188  189  190  194  204  219
  239  261  282  297  306  309  308  308  312  324  342  364  386  407  422  432
  434  429  419  405  390  376  362  350  338  327  315  302  287  270  249  225
  197  168  140  119  106  101  100   99   94
    47.5-180.0 180.0   5.0 450.0                            LAT/LON1/LON2/DLON/H
  130  115   98   83   75   73   76   81   87   91   95   96   93   88   82   80
   86  100  119  141  159  173  183  192  200  206  210  211  212  215  222  235
  254  277  301  322  337  344  345  346  350  360  377  397  417  434  446  452
  451  444  434  423  411  398  384  369  353  338  324  312  301  291  279  265
  245  220  194  171  156  148  144  140  130
    45.0-180.0 180.0   5.0 450.0                            LAT/LON1/LON2/DLON/H
  168  151  131  114  104  101  103  107  112  116  119  119  114  104   92   85
   88  103  127  152  175  191  204  215  225  233  238  239  237  235  237  246
  262  285  314  342  365  380  386  388  392  400  413  430  445  458  466  468
  465  458  450  442  434  423  407  386  362  338  317  301  291  285  281  274
  263  245  224  204  191  185  182  178  168
    42.5-180.0 180.0   5.0 450.0                            LAT/LON1/LON2/DLON/H
  197  181  163  147  137  133  134  137  140  143  145  144  137  124  108   96
   97  112  139  169  196  215  230  242  253  262  266  264  258  251  248  252
  265  290  323  361  395  419  432  436  439  444  453  464  474  482  485  484
  479  472  467  463  459  450  430  400  365  330  301  280  266  259  257  255
  249  237  221  207  199  199  203  204  197
    40.0-180.0 180.0   5.0 450.0                            LAT/LON1/LON2/DLON/H
  210  200  186  174  166  163  164  164  165  166  168  167  159  144  125  111
  109  125  155  189  219  240  255  268  279  286  288  283  273  263  256  258
  271  298  338  387  433  467  487  493  495  497  500  505  510  512  512  508
  501  495  492  492  490  480  456  418  373  330  294  267  248  235  228  222
  215  204  191  182  182  190  202  210  210
    37.5-180.0 180.0   5.0 450.0                            LAT/LON1/LON2/DLON/H
  206  203  196  189  186  185  185  184  183  182  182  182  176  162  143  127
  124  140  171  207  238  261  276  288  298  303  302  294  283  273  268  271
  287  320  368  427  484  528  553  562  562  560  560  559  558  557  554  548
  541  534  532  533  533  521  492  448  398  353  316  287  263  241  221  203
  185  168  153  145  149  164  184  199  206
    35.0-180.0 180.0   5.0 450.0                            LAT/LON1/LON2/DLON/H
  191  194  193  193  194  196  197  194  190  187  186  187  185  175  159  143
  139  153  183  219  251  274  289  300  309  313  310  302  293  288  290  302
  325  364  420  487  553  603  632  641  641  637  634  630  626  623  619  614
  606  597  593  593  592  578  547  501  454  415  386  361  334  300  262  223
  187  155  130  118  121  137  160  179  191
    32.5-180.0 180.0   5.0 450.0                            LAT/LON1/LON2/DLON/H
  174  180  184  188  193  198  199  196  189  184  182  184  187  183  171  157
  151  162  189  224  256  279  295  306  314  319  317  313  310  316  332  356
  390  436  497  567  636  689  718  728  728  726  723  719  715  712  710  705
  697  686  678  675  670  654  623  582  545  521  508  494  466  420  361  298
  237  184  143  120  115  126  145  163  174
    30.0-180.0 180.0   5.0 450.0                            LAT/LON1/LON2/DLON/H
  167  170  174  181  187  192  194  191  184  176  173  176  183  185  179  167
  159  166  189  221  252  277  294  307  318  325  329  333  343  364  397  437
  481  532  593  661  727  776  804  814  816  818  820  820  819  819  820  817
  808  794  782  773  764  746  718  686  666  663  670  669  644  588  510  423
  338  262  202  163  145  144  153  161  167
    27.5-180.0 180.0   5.0 450.0                            LAT/LON1/LON2/DLON/H
  177  173  173  177  182  186  187  185  177  168  163  166  175  183  182  173
  163  165  183  212  244  271  292  309  324  338  352  368  394  433  483  537
  589  641  697  757  813  855  878  888  896  905  916  923  928  932  936  935
  925  909  891  877  864  846  822  802  799  817  842  854  831  769  679  574
  471  377  301  246  212  196  189  183  177
    25.0-180.0 180.0   5.0 450.0                            LAT/LON1/LON2/DLON/H
  208  193  185  183  182  183  183  181  174  164  155  156  167  179  182  173
  162  160  174  202  235  265  290  313  335  359  386  419  462  518  582  646
  701  749  794  840  883  915  933  944  958  977  998 1014 1025 1033 1040 1040
 1030 1010  989  971  955  938  919  910  920  951  986 1003  981  918  823  715
  605  505  419  353  307  276  252  229  208
    22.5-180.0 180.0   5.0 450.0                            LAT/LON1/LON2/DLON/H
  257  229  211  199  190  185  184  182  176  165  153  150  159  172  177  170
  158  153  165  193  228  263  293  321  351  387  430  480  539  608  680  747
  800  838  869  900  928  949  962  975  996 1026 1057 1081 1097 1107 1114 1114
 1102 1082 1060 1040 1024 1007  992  988 1003 1033 1064 1075 1051  990  904  806
  706  612  530  463  411  370  331  292  257
    20.0-180.0 180.0   5.0 450.0                            LAT/LON1/LON2/DLON/H
  315  275  246  223  205  193  189  188  183  170  155  147  152  163  169  164
  152  147  159  189  228  266  300  332  370  418  477  543  615  690  764  827
  871  898  915  930  945  958  969  984 1011 1048 1087 1116 1134 1143 1147 1144
 1131 1111 1090 1073 1057 1041 1028 1022 1029 1043 1053 1046 1015  962  895  822
  747  674  608  551  503  459  413  363  315
    17.5-180.0 180.0   5.0 450.0                            LAT/LON1/LON2/DLON/H
  371  322  283  251  224  204  196  195  192  178  159  147  147  155  160  156
  146  143  158  191  233  274  310  344  388  447  520  599  678  753  821  874
  909  924  929  934  941  950  960  977 1008 1049 1090 1119 1135 1140 1138 1130
 1115 1097 1080 1066 1052 1037 1021 1006  993  977  953  919  879  838  798  759
  720  678  638  601  567  529  483  428  371
    15.0-180.0 180.0   5.0 450.0                            LAT/LON1/LON2/DLON/H
  418  364  317  277  241  216  204  203  199  186  165  148  143  148  152  148
  141  143  163  199  244  286  321  355  403  470  553  641  722  791  848  890
  913  921  920  920  926  935  947  967  997 1037 1073 1098 1108 1106 1096 1082
 1064 1048 1036 1027 1015  999  977  948  908  853  788  725  676  650  642  641
  638  630  620  609  595  572  532  478  418
    12.5-180.0 180.0   5.0 450.0                            LAT/LON1/LON2/DLON/H
  451  394  343  296  255  225  209  206  203  190  168  149  141  143  145  143
  140  147  171  210  256  297  331  364  413  485  575  667  745  804  848  879
  896  901  901  904  913  927  943  963  990 1022 1049 1065 1066 1056 1038 1017
  998  984  977  971  961  942  912  867  799  706  603  514  463  454  475  507
  534  554  570  584  593  587  559  510  451
    10.0-180.0 180.0   5.0 450.0                            LAT/LON1/LON2/DLON/H
  470  412  358  308  263  229  211  206  202  190  169  150  141  141  143  142
  142  153  180  222  268  307  339  371  420  495  587  678  750  798  830  854
  869  878  885  895  913  934  954  974  995 1015 1029 1033 1025 1008  985  959
  937  925  922  920  909  886  849  789  698  576  447  345  300  310  354  405
  447  480  512  545  573  583  567  526  470
     7.5-180.0 180.0   5.0 450.0                            LAT/LON1/LON2/DLON/H
  478  420  365  314  267  230  209  201  197  186  168  151  143  143  144  144
  146  160  189  230  276  314  345  377  427  502  594  680  744  783  807  828
  848  865  882  902  928  956  981 1000 1013 1020 1020 1013  998  978  952  924
  902  892  891  888  876  849  807  739  636  501  364  266  235  264  320  372
  409  438  471  512  550  572  565  531  478
     5.0-180.0 180.0   5.0 450.0                            LAT/LON1/LON2/DLON/H
  481  424  368  315  267  229  205  194  189  179  164  151  146  147  148  148
  151  165  194  235  279  318  350  385  435  510  599  679  735  767  789  812
  839  867  894  923  955  988 1016 1033 1040 1036 1024 1007  989  970  947  922
  902  893  892  888  873  844  801  734  632  502  376  299  291  335  390  425
  437  443  462  498  538  563  561  531  481
     2.5-180.0 180.0   5.0 450.0                            LAT/LON1/LON2/DLON/H
  483  427  371  317  267  227  201  187  180  171  159  151  149  151  152  152
  155  167  194  234  278  319  355  393  447  520  604  679  729  757  780  808
  844  881  914  947  983 1017 1046 1063 1065 1054 1034 1012  996  983  968  949
  933  926  924  918  901  873  834  776  688  577  480  434  453  507  549  551
  522  493  488  509  540  561  559  530  483
