ionex_files/COD0OPSFIN_20251010000_01D_01H_GIM.INX
     1.0            IONOSPHERE MAPS     GNSS                IONEX VERSION / TYPE
ADDNEQ2 V5.5        AIUB                15-APR-25 19:31     PGM / RUN BY / DATE 
CODE'S GLOBAL IONOSPHERE MAPS FOR DAY 101, 2025             COMMENT             
Global ionosphere maps (GIM) are generated on a daily basis DESCRIPTION         
at CODE using data from about 300 GNSS sites of the IGS and DESCRIPTION         
other institutions. The vertical total electron content     DESCRIPTION         
(VTEC) is modeled in a solar-geomagnetic reference frame    DESCRIPTION         
using a spherical harmonics expansion up to degree and      DESCRIPTION         
order 15. Piece-wise linear functions are used for          DESCRIPTION         
representation in the time domain. The time spacing of      DESCRIPTION         
their vertices is 1 hour, conforming with the epochs of the DESCRIPTION         
VTEC maps.                                                  DESCRIPTION         
To convert line-of-sight TEC into vertical TEC, a modified  DESCRIPTION         
single-layer model mapping function approximating the JPL   DESCRIPTION         
extended slab model mapping function is adopted. The        DESCRIPTION         
mapping function is evaluated at geodetic satellite         DESCRIPTION         
elevation angles. For the computation of the ionospheric    DESCRIPTION         
pierce points, a spherical layer with a radius of 6821 km   DESCRIPTION         
is assumed, implying geocentric, not geodetic IONEX         DESCRIPTION         
latitudes.                                                  DESCRIPTION         
Instrumental biases with respect to each involved GNSS code DESCRIPTION         
observable are estimated as constant values for each        DESCRIPTION         
day. They are modeled with one set of bias parameters for   DESCRIPTION         
each satellite and each station in case of GPS and for each DESCRIPTION         
satellite-station link in case of GLONASS. The code bias    DESCRIPTION         
datum is defined by zero-mean conditions imposed on the     DESCRIPTION         
satellite bias estimates. In this file, just GPS C1W-C2W    DESCRIPTION         
satellite and station bias values are included. The         DESCRIPTION         
complete set of GNSS code bias results is provided in an    DESCRIPTION         
additional Bias-SINEX file as pseudo-absolute values        DESCRIPTION         
specific to each observable.                                DESCRIPTION         
Note: These GIM results correspond to the results for the   DESCRIPTION         
middle day of a 3-day combination analysis solving for 73   DESCRIPTION         
times 256, or 18688 VTEC parameters and 3 daily sets of     DESCRIPTION         
GNSS code bias parameters.                                  DESCRIPTION         
Contact address: code(at)aiub.unibe.ch                      DESCRIPTION         
Data archive:    ftp.aiub.unibe.ch/CODE/                    DESCRIPTION         
                 www.aiub.unibe.ch/download/CODE/           DESCRIPTION         
  2025     4    11     0     0     0                        EPOCH OF FIRST MAP  
  2025     4    12     0     0     0                        EPOCH OF LAST MAP   
  3600                                                      INTERVAL            
[...]
abpo adis albh algo alic amu2 antc areg areq ascg aspa auck COMMENT             
azgb badg bake bako barh bjfs bndy boav bogo bogt bor1 braz COMMENT             
brft brst brux cas1 ccj2 cedu chpg chti chur ckis coco cord COMMENT             
cpvg cpxf cro1 daej darw dav1 dgar dhlg drao dubo ebre faa1 COMMENT             
fair flin flrs frdn func ganp glps glsv gode gol2 gold gope COMMENT             
gras graz guam guug harb hers hert hlfx hnpt hob2 hofn holb COMMENT             
hrao iddr ieng iisc impz ineg invk iqal irkj jog2 joz2 joze COMMENT             
karr kerg kir0 kiri kiru kit3 kokb kokv koug kour krgg lama COMMENT             
laut lmmf lpal lpgs m0se mac1 madr mal2 mana mas1 mat1 mate COMMENT             
maui maw1 mcm4 mdo1 medi mgue mizu mkea mnls mobs morp mqzg COMMENT             
mro1 mtka nano naur nium nklg nlib nnor not1 nrc1 ntus nya1 COMMENT             
nyal onsa opmt ous2 pado parc park pdel penc pert pie1 pimo COMMENT             
pohn pol2 polv pots pove ptbb ptvl qaq1 quin rabt ramo reyk COMMENT             
rgdg rio2 roth salu samo sant savo sch2 scor scrz sctb scub COMMENT             
seyg sfer spt0 ssia sthl stjo stk2 str2 suth sutm suwn sydn COMMENT             
syog tash thtg thti thu2 tid1 tidb tlse tn22 tro1 tskb twtf COMMENT             
txes uclu ufpr unb3 unbj unsa urum usn7 usud vald vill vtsp COMMENT             
wab1 wab2 wark wgtn whit will wind wsrt wtza wtzr wtzs wtzz COMMENT             
wuhn xmis yar2 yar3 yarr yell ykro zeck zim2 zim3 zimm      COMMENT             
                                                            END OF HEADER       
[from data line 4290]
    11                                                      START OF TEC MAP    
  2025     4    11    10     0     0                        EPOCH OF CURRENT MAP
    87.5-180.0 180.0   5.0 450.0                            LAT/LON1/LON2/DLON/H
  124  127  129  132  135  138  141  145  148  151  154  157  160  162  164  167
  169  170  172  173  173  174  174  174  174  174  173  172  171  170  169  167
  166  164  162  160  158  155  153  151  148  146  143  141  138  136  134  131
  129  127  125  123  121  119  118  116  115  114  113  113  112  112  112  112
  113  113  114  115  116  118  120  122  124
    85.0-180.0 180.0   5.0 450.0                            LAT/LON1/LON2/DLON/H
  112  116  121  126  132  138  144  150  157  163  169  175  181  186  190  194
  197  199  201  202  202  202  202  201  200  199  197  195  193  191  189  187
  185  182  179  176  173  170  167  163  159  155  152  148  144  140  136  133
  129  126  123  120  118  115  113  111  110  108  107  105  104  103  102  101
  101  101  101  102  103  104  106  109  112
    82.5-180.0 180.0   5.0 450.0                            LAT/LON1/LON2/DLON/H
  109  112  117  123  130  138  147  156  166  175  184  192  199  206  211  215
  218  220  220  220  219  217  215  212  210  207  204  202  200  198  197  195
  194  193  191  189  187  184  181  178  174  170  166  162  158  154  150  146
  143  141  138  136  135  134  133  132  131  130  129  127  126  124  122  119
  116  114  111  109  107  106  106  107  109
    80.0-180.0 180.0   5.0 450.0                            LAT/LON1/LON2/DLON/H
  115  115  118  123  130  139  149  160  172  183  193  203  211  218  223  227
  228  228  227  224  220  216  211  206  202  198  195  193  192  192  192  194
  195  196  198  199  199  198  197  195  193  189  186  183  179  176  174  172
  171  170  170  171  172  174  176  177  179  180  180  180  179  176  173  168
  162  155  147  139  132  125  120  116  115
    77.5-180.0 180.0   5.0 450.0                            LAT/LON1/LON2/DLON/H
  129  124  124  126  132  141  151  162  175  186  197  207  216  222  226  228
  228  226  222  216  209  202  194  187  182  177  174  173  174  177  181  186
  191  197  202  207  211  213  215  215  214  212  210  208  206  205  205  206
  208  211  214  219  224  229  235  240  245  249  253  255  254  252  248  240
  231  219  205  190  175  160  147  136  129
    75.0-180.0 180.0   5.0 450.0                            LAT/LON1/LON2/DLON/H
  146  136  131  130  134  141  151  162  173  185  195  204  211  217  220  221
  219  215  208  200  191  181  172  164  157  153  151  152  155  161  168  177
  187  197  207  215  223  229  233  235  236  236  235  235  235  236  239  243
  248  255  262  270  279  288  297  306  315  323  329  334  336  335  331  322
  309  293  273  250  226  202  180  161  146
    72.5-180.0 180.0   5.0 450.0                            LAT/LON1/LON2/DLON/H
  161  145  136  133  134  140  149  158  168  178  186  194  200  204  206  206
  204  199  192  183  173  162  152  144  137  134  133  136  141  150  160  172
  185  199  212  224  234  243  249  253  256  257  258  259  262  265  271  278
  286  295  306  316  327  338  350  361  372  382  392  399  404  405  402  393
  379  359  334  305  273  241  211  183  161
    70.0-180.0 180.0   5.0 450.0                            LAT/LON1/LON2/DLON/H
  168  148  136  130  131  136  143  151  159  166  172  177  182  185  188  188
  187  183  176  168  158  148  138  131  126  124  125  129  137  146  158  172
  187  202  217  231  244  255  263  269  273  275  277  280  284  289  297  306
  315  326  337  348  359  369  380  392  403  414  425  435  442  446  444  437
  423  403  375  342  305  267  229  196  168
    67.5-180.0 180.0   5.0 450.0                            LAT/LON1/LON2/DLON/H
  164  142  128  122  122  127  133  139  145  149  152  156  159  163  167  169
  170  168  163  156  148  139  132  126  123  123  126  132  140  150  162  175
  190  205  220  236  250  262  272  279  285  289  292  296  302  308  316  325
  334  344  352  361  368  376  384  393  403  414  425  435  443  448  449  444
  432  413  386  353  314  273  232  195  164
    65.0-180.0 180.0   5.0 450.0                            LAT/LON1/LON2/DLON/H
  152  128  114  108  108  113  118  123  126  128  129  131  135  139  145  150
  153  154  151  146  140  134  129  126  126  129  134  140  149  158  168  180
  192  206  221  236  251  264  276  286  293  299  305  310  316  322  329  336
  343  348  353  356  359  361  365  371  377  386  395  404  411  417  419  416
  407  392  369  338  302  262  221  183  152
    62.5-180.0 180.0   5.0 450.0                            LAT/LON1/LON2/DLON/H
  136  113   98   92   92   95  100  103  104  104  104  106  110  116  124  131
  137  140  139  136  132  128  126  127  130  135  142  149  157  165  173  182
  192  204  218  233  248  264  278  290  300  309  316  323  329  334  339  343
  344  344  342  339  336  334  333  335  338  344  350  356  361  365  366  364
  359  348  331  307  276  241  203  167  136
    60.0-180.0 180.0   5.0 450.0                            LAT/LON1/LON2/DLON/H
  126  102   87   79   77   78   80   82   82   81   81   83   88   96  105  114
  121  125  125  122  120  118  120  124  131  138  146  154  161  168  174  182
  190  201  213  228  245  262  279  294  308  320  329  337  343  347  349  348
  343  337  328  319  311  305  301  300  302  305  308  311  312  312  310  307
  303  297  286  271  249  220  188  156  126
    57.5-180.0 180.0   5.0 450.0                            LAT/LON1/LON2/DLON/H
  129  104   86   75   69   66   65   64   62   61   61   64   70   79   90   99
  106  108  108  105  103  105  109  117  127  137  147  154  161  167  173  179
  187  197  210  226  244  263  283  302  319  334  346  356  361  363  360  354
  344  331  318  305  294  286  281  280  281  283  285  284  281  275  269  263
  258  255  251  243  230  211  185  157  129
    55.0-180.0 180.0   5.0 450.0                            LAT/LON1/LON2/DLON/H
  147  122  100   84   72   64   58   53   50   48   49   53   60   69   78   86
   91   91   89   86   85   88   97  109  122  134  144  151  157  163  169  177
  186  198  212  229  249  270  293  315  336  354  368  378  382  381  375  363
  348  331  315  301  290  283  280  281  283  286  287  284  277  266  254  244
  236  234  233  233  228  216  198  174  147
    52.5-180.0 180.0   5.0 450.0                            LAT/LON1/LON2/DLON/H
  179  153  129  107   89   74   62   54   48   46   47   51   57   65   72   77
   79   76   71   67   67   73   85  101  117  131  141  148  154  160  167  177
  189  203  220  239  260  285  310  335  358  378  394  403  406  401  391  375
  357  339  323  311  302  298  297  300  304  308  310  307  298  284  267  251
  240  235  236  239  240  235  222  203  179
    50.0-180.0 180.0   5.0 450.0                            LAT/LON1/LON2/DLON/H
  216  192  166  142  118   97   80   67   59   55   55   58   62   67   72   73
   72   66   59   54   54   63   79   98  117  132  142  148  153  159  168  180
  196  213  233  254  279  305  333  361  386  407  422  430  430  422  407  389
  370  353  340  331  326  325  326  329  334  340  343  341  333  318  299  279
  264  255  253  256  259  258  251  236  216
    47.5-180.0 180.0   5.0 450.0                            LAT/LON1/LON2/DLON/H
  246  227  204  180  155  130  108   91   80   74   72   73   74   76   76   75
   71   63   54   49   50   60   79  102  123  140  149  154  157  162  172  186
  205  226  249  274  301  330  361  391  418  439  453  458  454  442  424  405
  386  372  363  358  357  356  357  358  362  367  371  372  366  354  336  315
  295  281  274  273  274  274  271  261  246
    45.0-180.0 180.0   5.0 450.0                            LAT/LON1/LON2/DLON/H
  261  249  234  214  191  166  141  121  107   99   95   93   90   88   86   82
   77   69   59   53   54   65   85  110  134  152  161  164  165  169  178  194
  215  239  266  294  325  358  391  424  452  474  486  488  480  464  444  424
  407  396  391  390  389  387  383  380  378  380  383  386  385  378  364  344
  322  303  289  280  277  275  273  269  261
    42.5-180.0 180.0   5.0 450.0                            LAT/LON1/LON2/DLON/H
  255  253  247  236  220  198  174  152  136  126  119  113  108  103   99   95
   90   82   74   67   67   77   96  122  147  166  176  178  177  178  186  202
  224  251  282  314  349  386  423  459  489  511  521  520  509  491  470  451
  436  428  425  424  422  415  404  393  384  379  380  383  386  384  376  360
  339  315  293  275  264  258  255  255  255
    40.0-180.0 180.0   5.0 450.0                            LAT/LON1/LON2/DLON/H
  231  238  243  243  235  219  199  178  161  149  140  132  124  118  113  111
  108  102   94   87   85   91  108  132  158  179  190  192  190  189  195  211
  234  264  297  334  373  415  457  496  528  550  560  558  546  528  508  490
  478  471  469  466  459  446  427  407  389  377  371  371  374  376  374  363
  344  318  289  262  242  229  224  226  231
    37.5-180.0 180.0   5.0 450.0                            LAT/LON1/LON2/DLON/H
  200  213  226  235  236  228  212  194  177  165  155  146  138  131  128  128
  128  124  118  109  104  106  118  139  165  188  202  206  204  203  208  223
  248  279  316  356  400  446  492  534  569  593  604  604  594  578  562  547
  537  531  527  521  509  489  464  437  412  391  376  368  367  369  370  364
  347  321  287  253  223  202  192  193  200
    35.0-180.0 180.0   5.0 450.0                            LAT/LON1/LON2/DLON/H
  177  189  204  218  226  224  213  198  184  172  163  155  148  143  142  144
  146  145  140  131  122  119  125  143  168  193  211  219  220  220  227  243
  269  303  343  386  433  482  530  575  612  638  653  657  653  645  634  624
  616  611  605  595  579  555  528  499  470  442  416  396  383  379  378  374
  361  335  300  260  222  194  177  172  177
    32.5-180.0 180.0   5.0 450.0                            LAT/LON1/LON2/DLON/H
  174  178  188  200  210  212  205  194  182  173  166  160  155  153  154  158
  161  161  156  147  137  130  131  144  168  196  219  233  240  244  255  275
  304  340  382  427  475  524  573  617  655  685  705  717  722  723  721  718
  713  708  701  690  672  650  626  601  573  541  504  467  439  422  414  408
  395  372  336  294  252  217  192  178  174
    30.0-180.0 180.0   5.0 450.0                            LAT/LON1/LON2/DLON/H
  200  190  187  191  197  199  194  186  177  171  167  164  162  161  163  167
  169  169  165  158  148  138  136  146  169  200  229  250  264  277  294  320
  354  393  435  480  527  574  619  661  698  731  757  778  795  807  815  819
  819  816  810  801  787  771  755  740  719  685  639  585  537  502  481  468
  454  432  399  358  315  275  242  217  200
    27.5-180.0 180.0   5.0 450.0                            LAT/LON1/LON2/DLON/H
  255  227  207  197  194  192  187  180  175  171  170  169  168  169  170  171
  170  168  166  161  154  146  143  151  174  207  242  272  295  318  344  378
  417  457  499  542  586  628  667  704  739  772  805  835  863  887  904  915
  919  921  920  915  909  903  901  899  888  858  804  736  668  614  576  552
  532  510  481  444  402  361  323  288  255
    25.0-180.0 180.0   5.0 450.0                            LAT/LON1/LON2/DLON/H
  330  284  247  221  206  197  190  184  179  178  178  177  176  176  175  171
  166  162  160  160  158  154  152  161  184  220  260  298  331  364  401  442
  486  528  568  608  647  683  716  745  775  808  844  882  918  950  974  990
  999 1007 1012 1017 1021 1027 1038 1051 1052 1027  971  893  811  738  683  644
  616  592  566  535  499  460  419  376  330
    22.5-180.0 180.0   5.0 450.0                            LAT/LON1/LON2/DLON/H
  411  353  300  260  234  218  207  199  195  193  192  190  187  183  178  170
  159  152  150  155  160  161  163  174  198  236  281  326  368  411  457  505
  552  594  633  670  705  736  760  782  806  836  873  914  955  989 1015 1033
 1046 1058 1073 1087 1101 1117 1140 1164 1176 1159 1107 1028  937  853  782  727
  687  659  635  611  583  550  512  466  411
    20.0-180.0 180.0   5.0 450.0                            LAT/LON1/LON2/DLON/H
  484  420  359  310  276  253  237  226  220  217  213  206  199  191  182  168
  153  142  141  149  160  168  174  187  214  255  303  353  402  452  504  557
  605  647  684  720  753  780  800  815  832  858  893  932  970 1001 1023 1038
 1051 1068 1090 1113 1134 1157 1185 1215 1235 1228 1185 1113 1026  937  855  785
  732  696  673  656  637  614  583  540  484
    17.5-180.0 180.0   5.0 450.0                            LAT/LON1/LON2/DLON/H
  539  478  416  365  328  300  279  264  254  247  238  225  212  199  186  170
  151  137  135  145  159  172  183  199  228  271  322  375  428  482  538  592
  640  681  717  753  787  814  831  842  855  876  905  938  968  989 1001 1009
 1018 1036 1062 1090 1115 1139 1165 1196 1219 1222 1194 1138 1064  979  891  808
  741  697  674  663  655  644  624  590  539
    15.0-180.0 180.0   5.0 450.0                            LAT/LON1/LON2/DLON/H
  575  523  468  421  385  354  328  307  291  278  263  244  225  208  193  175
  155  140  136  145  160  174  187  206  237  282  335  390  445  499  554  607
  653  693  731  770  807  837  855  865  875  891  914  937  954  961  960  957
  960  975 1000 1029 1052 1071 1091 1116 1140 1151 1141 1109 1055  982  892  799
  719  667  644  639  641  642  636  615  575
    12.5-180.0 180.0   5.0 450.0                            LAT/LON1/LON2/DLON/H
  598  558  515  477  444  412  380  351  328  309  286  261  236  217  201  184
  165  150  144  150  161  173  187  207  240  287  341  397  451  504  555  605
  649  689  729  772  814  849  870  882  892  905  921  933  937  930  916  901
  895  902  923  946  964  975  986 1003 1024 1043 1052 1045 1016  957  870  769
  680  621  598  599  611  625  632  624  598
    10.0-180.0 180.0   5.0 450.0                            LAT/LON1/LON2/DLON/H
  620  592  561  532  504  471  431  393  362  334  305  274  245  225  210  196
  180  165  158  158  164  171  183  204  239  287  342  397  449  498  545  591
  634  676  718  765  812  851  878  893  905  917  928  931  923  906  882  859
  843  842  853  868  879  882  884  893  911  936  961  976  969  925  842  736
  640  579  557  565  586  610  629  633  620
     7.5-180.0 180.0   5.0 450.0                            LAT/LON1/LON2/DLON/H
  650  631  609  588  563  527  480  431  390  354  319  284  252  231  218  208
  196  183  173  169  168  169  178  198  234  283  339  393  442  487  530  574
  617  660  706  755  804  846  876  896  912  925  933  931  918  896  869  843
  822  811  812  819  823  822  820  823  837  864  898  929  938  903  823  716
  618  558  541  554  583  616  643  656  650
     5.0-180.0 180.0   5.0 450.0                            LAT/LON1/LON2/DLON/H
  696  680  662  645  621  580  524  465  413  370  330  291  258  236  224  217
  208  197  187  179  171  168  173  192  228  278  333  387  433  475  515  558
  603  649  696  744  791  832  864  889  908  924  932  930  918  901  881  859
  838  821  813  813  815  815  813  814  824  848  884  920  933  902  822  716
  622  567  557  577  612  649  681  698  696
     2.5-180.0 180.0   5.0 450.0                            LAT/LON1/LON2/DLON/H
  753  736  716  698  673  627  563  494  433  382  337  296  261  239  227  220
  213  205  195  184  173  166  168  187  223  272  327  379  424  463  503  547
  594  643  689  732  773  810  842  868  892  911  922  924  920  914  909  901
  887  870  857  854  859  865  868  870  875  891  919  948  956  919  838  735
  650  605  604  630  667  707  740  757  753
