ionex_files/COD0OPSFIN_20250930000_01D_01H_GIM.INX
     1.0            IONOSPHERE MAPS     GNSS                IONEX VERSION / TYPE
ADDNEQ2 V5.5        AIUB                07-APR-25 19:09     PGM / RUN BY / DATE 
CODE'S GLOBAL IONOSPHERE MAPS FOR DAY 093, 2025             COMMENT             
Global ionosphere maps (GIM) are generated on a daily basis DESCRIPTION         
at CODE using data from about 300 GNSS sites of the IGS and DESCRIPTION         
other institutions. The vertical total electron content     DESCRIPTION         
(VTEC) is modeled in a solar-geomagnetic reference frame    DESCRIPTION         
using a spherical harmonics expansion up to degree and      DESCRIPTION         
order 15. Piece-wise linear functions are used for          DESCRIPTION         
representation in the time domain. The time spacing of      DESCRIPTION         
their vertices is 1 hour, conforming with the epochs of the DESCRIPTION         
VTEC maps.                                                  DESCRIPTION         
To convert line-of-sight TEC into vertical TEC, a modified  DESCRIPTION         
single-layer model mapping function approximating the JPL   DESCRIPTION         
extended slab model mapping function is adopted. The        DESCRIPTION         
mapping function is evaluated at geodetic satellite         DESCRIPTION         
elevation angles. For the computation of the ionospheric    DESCRIPTION         
pierce points, a spherical layer with a radius of 6821 km   DESCRIPTION         
is assumed, implying geocentric, not geodetic IONEX         DESCRIPTION         
latitudes.                                                  DESCRIPTION         
Instrumental biases with respect to each involved GNSS code DESCRIPTION         
observable are estimated as constant values for each        DESCRIPTION         
day. They are modeled with one set of bias parameters for   DESCRIPTION         
each satellite and each station in case of GPS and for each DESCRIPTION         
satellite-station link in case of GLONASS. The code bias    DESCRIPTION         
datum is defined by zero-mean conditions imposed on the     DESCRIPTION         
satellite bias estimates. In this file, just GPS C1W-C2W    DESCRIPTION         
satellite and station bias values are included. The         DESCRIPTION         
complete set of GNSS code bias results is provided in an    DESCRIPTION         
additional Bias-SINEX file as pseudo-absolute values        DESCRIPTION         
specific to each observable.                                DESCRIPTION         
Note: These GIM results correspond to the results for the   DESCRIPTION         
middle day of a 3-day combination analysis solving for 73   DESCRIPTION         
times 256, or 18688 VTEC parameters and 3 daily sets of     DESCRIPTION         
GNSS code bias parameters.                                  DESCRIPTION         
Contact address: code(at)aiub.unibe.ch                      DESCRIPTION         
Data archive:    ftp.aiub.unibe.ch/CODE/                    DESCRIPTION         
                 www.aiub.unibe.ch/download/CODE/           DESCRIPTION         
  2025     4     3     0     0     0                        EPOCH OF FIRST MAP  
  2025     4     4     0     0     0                        EPOCH OF LAST MAP   
  3600                                                      INTERVAL            
[...]
abpo adis albh alic amu2 areg areq ascg aspa auck azgb badg COMMENT             
bake bjfs bndy boav bogo bogt bor1 braz brft brst brux cags COMMENT             
cas1 ccj2 cedu chpg chti chur ckis coco cord cpvg cpxf cro1 COMMENT             
daej darw dav1 dgar dhlg drao dubo ebre faa1 fair flin flrs COMMENT             
frdn func ganp glps glsv gode gol2 gold gope gras graz guam COMMENT             
guug harb hers hert hlfx hnpt hob2 hofn holb hrao iddr ieng COMMENT             
iisc impz ineg invk iqal irkj jog2 joz2 karr kerg kir0 kiri COMMENT             
kiru kit3 kokb kokv koug kour krgg lama laut lmmf lpal lpgs COMMENT             
m0se mac1 madr mal2 mana mas1 mat1 mate maui maw1 mcm4 mdo1 COMMENT             
medi mgue mizu mkea mnls mobs morp mqzg mro1 mtka nano naur COMMENT             
nico nist nium nklg nlib nnor not1 nrc1 ntus nya1 nyal onsa COMMENT             
opmt ous2 pado parc park pdel penc pert pie1 pimo pohn pol2 COMMENT             
polv pots pove ptag ptbb ptvl qaq1 quin rabt ramo reun reyk COMMENT             
rgdg rio2 roth salu samo sant savo sch2 scor scrz sctb scub COMMENT             
seyg sfer spt0 ssia sthl stjo stk2 str2 suth sutm suwn sydn COMMENT             
syog tash thtg thti thu2 tid1 tidb tlse tn22 tong tow2 tro1 COMMENT             
tskb twtf txes uclu ufpr ulab unb3 unbj unsa urum usn7 usud COMMENT             
vald vill vtsp wab1 wab2 whit will wind wsrt wtza wtzr wtzs COMMENT             
wtzz wuhn xmis yar2 yar3 yarr yell ykro zeck zim2 zim3 zimm COMMENT             
                                                            END OF HEADER       
[from data line 4719]
    12                                                      START OF TEC MAP    
  2025     4     3    11     0     0                        EPOCH OF CURRENT MAP
    87.5-180.0 180.0   5.0 450.0                            LAT/LON1/LON2/DLON/H
  201  203  204  205  207  208  209  210  212  212  213  214  215  215  216  216
  216  216  216  216  215  215  214  214  213  212  211  210  209  207  206  205
  203  201  200  198  196  194  193  191  189  188  186  185  184  183  182  181
  180  180  180  180  180  181  181  182  182  183  184  185  186  187  188  189
  191  192  193  194  196  197  199  200  201
    85.0-180.0 180.0   5.0 450.0                            LAT/LON1/LON2/DLON/H
  197  199  201  203  206  208  210  212  214  216  217  218  219  220  220  220
  220  220  220  220  219  219  218  218  217  217  216  215  214  213  211  209
  207  205  202  199  196  192  189  185  182  179  176  173  171  169  167  166
  166  166  167  167  169  170  172  174  175  177  179  181  182  183  184  185
  186  187  188  190  191  192  193  195  197
    82.5-180.0 180.0   5.0 450.0                            LAT/LON1/LON2/DLON/H
  185  187  189  191  194  197  200  203  205  207  209  210  210  210  210  209
  209  208  208  208  208  208  208  209  210  211  212  213  213  214  214  214
  213  211  209  206  203  199  194  189  184  180  175  171  168  166  164  164
  165  166  169  172  175  179  183  186  189  192  194  195  196  196  195  194
  192  190  188  187  185  184  184  184  185
    80.0-180.0 180.0   5.0 450.0                            LAT/LON1/LON2/DLON/H
  167  167  169  171  174  178  181  185  187  189  190  191  190  189  187  186
  184  183  182  182  182  184  186  188  192  195  199  204  208  212  216  219
  221  223  223  222  220  216  212  206  200  194  189  184  180  178  178  179
  182  186  191  197  204  211  217  222  227  230  232  232  230  227  222  216
  209  202  194  187  181  175  171  168  167
    77.5-180.0 180.0   5.0 450.0                            LAT/LON1/LON2/DLON/H
  147  145  145  147  150  154  158  162  165  166  167  166  164  161  158  155
  153  151  150  150  151  154  158  163  169  175  183  191  199  207  216  224
  231  237  242  245  246  245  241  236  230  224  218  213  209  208  209  212
  217  225  233  243  253  262  271  278  283  286  287  284  279  272  262  250
  236  222  207  193  180  168  159  151  147
    75.0-180.0 180.0   5.0 450.0                            LAT/LON1/LON2/DLON/H
  129  124  123  124  127  132  136  140  143  144  144  142  138  134  130  126
  122  120  119  120  122  127  133  140  148  157  167  177  189  201  214  227
  240  253  264  272  278  281  280  277  272  266  260  255  252  251  253  259
  266  276  288  300  312  323  333  340  345  348  346  342  333  321  306  288
  268  247  225  204  183  165  150  138  129
    72.5-180.0 180.0   5.0 450.0                            LAT/LON1/LON2/DLON/H
  118  111  107  108  110  115  119  123  126  126  125  122  118  113  108  103
   99   97   97   99  103  109  116  125  134  144  154  166  179  193  209  227
  247  266  284  300  312  320  324  324  320  315  309  305  302  302  305  311
  320  331  343  355  367  378  387  394  398  398  395  388  376  361  342  320
  296  270  243  216  191  167  147  130  118
    70.0-180.0 180.0   5.0 450.0                            LAT/LON1/LON2/DLON/H
  116  106  101  100  102  105  109  113  114  114  112  108  104   99   94   90
   87   86   87   90   95  102  110  120  129  138  148  158  170  185  203  225
  249  276  301  325  344  358  367  370  369  365  361  356  354  354  357  362
  370  379  389  399  407  415  421  425  426  424  419  410  397  380  360  337
  311  284  256  228  200  174  151  131  116
    67.5-180.0 180.0   5.0 450.0                            LAT/LON1/LON2/DLON/H
  121  109  102   99  100  103  106  108  108  106  103  100   96   92   89   87
   86   85   87   90   96  104  113  122  131  138  145  153  162  176  195  220
  249  281  314  345  371  391  404  411  414  412  409  405  402  401  402  405
  409  414  418  422  425  426  427  427  424  420  413  403  389  372  353  331
  308  285  260  234  209  183  160  138  121
    65.0-180.0 180.0   5.0 450.0                            LAT/LON1/LON2/DLON/H
  131  117  108  104  103  104  106  106  104  101   97   93   91   90   89   89
   90   90   92   95  101  109  118  127  135  141  145  150  157  169  188  215
  248  286  324  360  391  416  434  445  451  452  451  448  444  441  439  436
  434  432  429  424  419  414  408  403  397  390  382  370  356  339  322  304
  286  269  251  233  213  192  170  149  131
    62.5-180.0 180.0   5.0 450.0                            LAT/LON1/LON2/DLON/H
  140  125  114  108  106  106  106  104  100   95   91   87   86   87   90   93
   95   96   97   99  104  111  120  130  137  142  145  147  152  164  185  214
  251  292  334  372  406  434  455  469  479  485  486  485  480  474  467  458
  448  438  425  413  400  387  376  366  357  348  338  325  309  292  276  262
  250  240  232  222  210  195  178  158  140
    60.0-180.0 180.0   5.0 450.0                            LAT/LON1/LON2/DLON/H
  145  129  117  109  106  105  104  101   96   89   83   79   79   83   88   93
   97   98   98   98  101  108  117  127  135  140  142  144  150  164  187  219
  260  303  346  385  419  446  468  486  501  511  516  517  512  503  489  474
  456  437  418  398  378  360  345  333  322  311  299  283  265  247  229  216
  209  206  206  205  202  193  180  163  145
    57.5-180.0 180.0   5.0 450.0                            LAT/LON1/LON2/DLON/H
  143  126  113  105  102  101  100   97   91   84   76   71   71   76   83   89
   94   95   93   92   94   99  109  119  128  134  138  142  150  167  195  233
  277  322  364  400  430  455  478  498  517  533  543  546  541  528  510  487
  464  439  415  391  368  347  330  317  305  294  279  261  239  216  196  181
  174  175  180  186  189  186  176  161  143
    55.0-180.0 180.0   5.0 450.0                            LAT/LON1/LON2/DLON/H
  136  119  105   97   94   95   96   94   89   81   72   66   65   68   75   83
   87   88   86   83   83   89   98  110  120  128  133  139  152  175  209  253
  301  347  387  419  444  465  486  509  532  553  567  573  567  552  529  503
  475  449  423  399  376  355  339  325  314  302  287  266  240  211  185  166
  157  156  162  170  176  176  168  154  136
    52.5-180.0 180.0   5.0 450.0                            LAT/LON1/LON2/DLON/H
  127  110   96   88   87   89   93   95   92   85   75   67   63   64   69   76
   80   80   78   75   75   81   91  103  114  122  129  138  155  184  225  275
  328  375  412  440  459  477  497  520  547  572  590  598  592  575  549  521
  492  467  444  423  402  384  368  356  345  334  318  295  265  232  200  176
  160  155  157  162  166  166  158  145  127
    50.0-180.0 180.0   5.0 450.0                            LAT/LON1/LON2/DLON/H
  121  104   91   83   82   87   95  100  101   97   87   77   69   66   67   72
   75   76   74   72   73   79   90  102  113  121  127  138  157  191  238  294
  350  399  436  461  478  494  513  538  566  593  613  620  614  595  569  540
  514  492  474  457  441  424  409  397  387  376  360  336  305  270  235  204
  183  170  164  163  163  159  151  138  121
    47.5-180.0 180.0   5.0 450.0                            LAT/LON1/LON2/DLON/H
  122  106   93   85   85   91  102  111  117  116  107   95   83   75   73   74
   76   76   75   75   78   86   97  109  118  124  129  138  158  193  243  303
  364  416  455  481  500  517  538  564  593  619  637  642  634  614  588  561
  538  520  507  495  480  464  448  435  423  412  397  375  345  311  276  243
  216  196  182  173  166  159  150  138  122
    45.0-180.0 180.0   5.0 450.0                            LAT/LON1/LON2/DLON/H
  132  118  105   97   95  101  113  126  136  139  133  120  105   93   86   83
   83   83   82   84   89   98  110  121  129  132  134  140  157  190  240  301
  364  420  465  499  525  550  576  603  630  652  665  666  655  635  609  583
  563  548  538  528  513  495  475  457  443  431  416  397  372  342  310  279
  250  224  203  186  174  164  155  145  132
    42.5-180.0 180.0   5.0 450.0                            LAT/LON1/LON2/DLON/H
  149  137  125  116  112  116  127  141  154  161  158  147  131  116  105   99
   96   94   94   96  103  113  126  136  142  143  142  143  155  182  228  288
  353  414  469  515  555  592  627  657  681  696  702  697  683  661  636  611
  591  577  566  554  536  513  488  464  445  430  415  397  377  354  328  302
  274  246  221  200  184  173  166  159  149
    40.0-180.0 180.0   5.0 450.0                            LAT/LON1/LON2/DLON/H
  170  161  150  139  132  132  139  153  167  178  179  172  157  141  128  119
  113  108  106  108  115  127  140  150  156  156  152  149  154  174  213  269
  334  403  469  532  591  645  691  726  747  755  753  741  724  701  675  649
  627  609  595  579  556  526  494  464  439  418  400  383  365  347  328  307
  284  257  231  209  193  184  179  176  170
    37.5-180.0 180.0   5.0 450.0                            LAT/LON1/LON2/DLON/H
  190  184  174  162  152  147  149  160  174  186  192  189  179  165  152  141
  131  123  118  117  124  136  149  161  169  170  166  160  159  172  203  253
  318  392  471  553  633  706  766  807  828  830  820  804  783  759  732  704
  677  654  634  612  583  548  510  474  442  415  390  368  348  331  316  300
  280  257  233  213  200  194  192  192  190
    35.0-180.0 180.0   5.0 450.0                            LAT/LON1/LON2/DLON/H
  205  201  192  180  167  158  156  161  173  187  196  199  194  185  174  162
  149  136  126  123  128  139  155  169  180  185  184  178  174  181  205  249
  313  392  482  580  680  772  846  895  917  917  904  885  863  839  810  778
  745  716  690  664  633  595  554  513  476  440  405  372  343  322  305  290
  272  252  232  215  205  202  202  205  205
    32.5-180.0 180.0   5.0 450.0                            LAT/LON1/LON2/DLON/H
  212  209  202  192  179  167  160  160  169  181  193  200  201  198  190  180
  165  147  132  125  128  140  157  175  191  202  207  205  201  205  224  265
  327  408  506  616  730  836  921  978 1006 1009  997  979  959  935  905  869
  832  799  770  743  713  676  635  594  552  506  458  410  367  334  310  291
  272  252  234  220  212  209  210  211  212
    30.0-180.0 180.0   5.0 450.0                            LAT/LON1/LON2/DLON/H
  213  210  206  198  187  174  164  160  164  174  186  197  203  205  201  192
  176  155  136  125  128  141  161  183  204  222  234  239  239  245  264  303
  364  444  544  658  778  891  984 1048 1083 1094 1089 1076 1059 1036 1006  969
  930  896  870  847  822  791  754  714  669  615  552  487  426  378  342  314
  290  268  249  235  225  220  216  214  213
    27.5-180.0 180.0   5.0 450.0                            LAT/LON1/LON2/DLON/H
  213  210  208  203  194  183  172  165  164  171  181  192  201  206  206  199
  183  160  138  126  129  144  167  193  219  244  265  279  287  298  322  362
  421  498  593  703  820  931 1024 1093 1137 1159 1165 1160 1147 1127 1098 1062
 1026  996  977  964  947  924  894  857  811  751  676  594  517  453  404  365
  333  305  283  265  250  237  226  218  213
    25.0-180.0 180.0   5.0 450.0                            LAT/LON1/LON2/DLON/H
  219  215  213  211  205  195  185  176  172  173  179  188  196  203  205  200
  185  162  140  128  132  151  177  207  237  268  297  320  339  360  390  434
  491  563  649  747  852  952 1039 1108 1160 1194 1211 1215 1208 1191 1165 1133
 1102 1082 1074 1072 1066 1050 1026  994  949  886  803  711  622  548  489  441
  401  366  337  312  289  266  245  229  219
    22.5-180.0 180.0   5.0 450.0                            LAT/LON1/LON2/DLON/H
  238  232  229  227  222  213  203  194  186  182  183  187  192  196  198  195
  182  162  141  131  138  160  190  223  256  292  327  359  389  421  460  509
  566  631  705  787  873  955 1029 1093 1149 1192 1220 1231 1229 1215 1193 1167
 1146 1137 1141 1150 1152 1142 1122 1094 1052  990  907  812  721  644  582  531
  485  445  408  375  342  308  277  253  238
    20.0-180.0 180.0   5.0 450.0                            LAT/LON1/LON2/DLON/H
  275  265  260  254  246  236  226  215  205  196  190  187  187  188  188  186
  177  160  142  134  143  168  202  238  274  312  352  392  432  475  525  579
  636  694  755  819  883  944 1000 1054 1109 1157 1191 1206 1206 1195 1177 1159
 1147 1149 1164 1180 1187 1178 1159 1133 1097 1041  965  877  794  724  667  618
  572  529  488  447  406  363  324  294  275
    17.5-180.0 180.0   5.0 450.0                            LAT/LON1/LON2/DLON/H
  331  317  305  292  277  263  250  237  223  209  197  188  182  178  177  176
  170  158  143  136  146  174  211  249  287  327  371  417  466  519  576  635
  692  745  794  843  888  927  963 1004 1051 1098 1132 1147 1147 1137 1124 1113
 1109 1119 1139 1158 1163 1151 1130 1106 1076 1031  968  895  827  772  727  687
  647  606  564  521  475  429  386  353  331
    15.0-180.0 180.0   5.0 450.0                            LAT/LON1/LON2/DLON/H
  401  382  362  338  312  290  272  256  238  219  202  187  176  168  166  166
  165  157  144  137  147  175  215  256  295  337  383  434  489  549  612  675
  731  780  822  860  890  912  931  957  993 1031 1059 1070 1067 1059 1050 1043
 1044 1057 1077 1092 1092 1074 1050 1027 1005  972  925  871  822  784  756  729
  698  664  627  587  543  498  457  425  401
    12.5-180.0 180.0   5.0 450.0                            LAT/LON1/LON2/DLON/H
  478  453  423  386  348  314  289  268  246  223  201  184  169  160  156  159
  163  159  147  138  145  173  214  258  300  343  391  445  504  567  633  697
  753  800  839  873  896  908  914  926  949  974  991  994  988  980  974  971
  972  982  997 1006  998  974  947  928  913  893  861  824  791  769  754  739
  719  696  668  637  602  565  531  502  478
    10.0-180.0 180.0   5.0 450.0                            LAT/LON1/LON2/DLON/H
  550  520  479  430  378  334  301  273  247  220  196  177  163  153  150  156
  164  164  152  140  142  169  212  258  302  347  396  451  512  576  642  705
  760  807  848  882  907  917  918  921  930  942  946  939  929  922  919  916
  914  918  925  927  914  887  861  845  837  826  805  778  755  740  730  723
  713  700  685  667  646  622  597  574  550
     7.5-180.0 180.0   5.0 450.0                            LAT/LON1/LON2/DLON/H
  606  571  523  463  402  349  307  274  243  213  188  170  157  148  148  157
  169  171  159  143  142  166  210  260  306  351  401  456  517  580  644  704
  758  805  849  889  921  938  942  942  942  940  931  916  904  898  897  893
  886  883  884  883  869  845  823  812  809  803  785  759  733  713  700  691
  685  682  680  677  671  661  647  630  606
     5.0-180.0 180.0   5.0 450.0                            LAT/LON1/LON2/DLON/H
  637  600  547  483  416  358  311  272  237  204  179  163  153  146  147  159
  174  179  167  148  144  167  213  265  312  357  406  461  520  581  641  698
  750  797  845  892  935  964  979  982  978  967  948  927  914  911  911  906
  895  887  887  887  879  863  849  844  843  835  812  777  738  702  673  654
  646  648  657  667  675  678  674  661  637
     2.5-180.0 180.0   5.0 450.0                            LAT/LON1/LON2/DLON/H
  640  602  550  487  422  363  314  271  232  197  173  159  151  146  148  159
  176  183  172  153  148  172  220  274  321  364  411  464  521  579  635  689
  739  786  835  889  942  987 1015 1028 1026 1011  986  963  951  951  953  947
  935  927  930  938  942  939  935  934  931  916  882  830  769  709  658  623
  607  609  623  641  659  671  673  664  640
