ionex_files/COD0OPSFIN_20251020000_01D_01H_GIM.INX
     1.0            IONOSPHERE MAPS     GNSS                IONEX VERSION / TYPE
ADDNEQ2 V5.5        AIUB                16-APR-25 19:03     PGM / RUN BY / DATE 
CODE'S GLOBAL IONOSPHERE MAPS FOR DAY 102, 2025             COMMENT             
Global ionosphere maps (GIM) are generated on a daily basis DESCRIPTION         
at CODE using data from about 300 GNSS sites of the IGS and DESCRIPTION         
other institutions. The vertical total electron content     DESCRIPTION         
(VTEC) is modeled in a solar-geomagnetic reference frame    DESCRIPTION         
using a spherical harmonics expansion up to degree and      DESCRIPTION         
order 15. Piece-wise linear functions are used for          DESCRIPTION         
representation in the time domain. The time spacing of      DESCRIPTION         
their vertices is 1 hour, conforming with the epochs of the DESCRIPTION         
VTEC maps.                                                  DESCRIPTION         
To convert line-of-sight TEC into vertical TEC, a modified  DESCRIPTION         
single-layer model mapping function approximating the JPL   DESCRIPTION         
extended slab model mapping function is adopted. The        DESCRIPTION         
mapping function is evaluated at geodetic satellite         DESCRIPTION         
elevation angles. For the computation of the ionospheric    DESCRIPTION         
pierce points, a spherical layer with a radius of 6821 km   DESCRIPTION         
is assumed, implying geocentric, not geodetic IONEX         DESCRIPTION         
latitudes.                                                  DESCRIPTION         
Instrumental biases with respect to each involved GNSS code DESCRIPTION         
observable are estimated as constant values for each        DESCRIPTION         
day. They are modeled with one set of bias parameters for   DESCRIPTION         
each satellite and each station in case of GPS and for each DESCRIPTION         
satellite-station link in case of GLONASS. The code bias    DESCRIPTION         
datum is defined by zero-mean conditions imposed on the     DESCRIPTION         
satellite bias estimates. In this file, just GPS C1W-C2W    DESCRIPTION         
satellite and station bias values are included. The         DESCRIPTION         
complete set of GNSS code bias results is provided in an    DESCRIPTION         
additional Bias-SINEX file as pseudo-absolute values        DESCRIPTION         
specific to each observable.                                DESCRIPTION         
Note: These GIM results correspond to the results for the   DESCRIPTION         
middle day of a 3-day combination analysis solving for 73   DESCRIPTION         
times 256, or 18688 VTEC parameters and 3 daily sets of     DESCRIPTION         
GNSS code bias parameters.                                  DESCRIPTION         
Contact address: code(at)aiub.unibe.ch                      DESCRIPTION         
Data archive:    ftp.aiub.unibe.ch/CODE/                    DESCRIPTION         
                 www.aiub.unibe.ch/download/CODE/           DESCRIPTION         
  2025     4    12     0     0     0                        EPOCH OF FIRST MAP  
  2025     4    13     0     0     0                        EPOCH OF LAST MAP   
  3600                                                      INTERVAL            
[...]
abpo adis albh algo alic amu2 antc areg areq ascg aspa auck COMMENT             
azgb badg bake bako barh bjfs bndy boav bogo bogt bor1 braz COMMENT             
brft brst brux cas1 ccj2 cedu chpg chti chur ckis coco cord COMMENT             
cpvg cpxf cro1 daej darw dav1 dgar dhlg drao dubo ebre faa1 COMMENT             
fair flin flrs frdn func ganp glps glsv gode gol2 gold gope COMMENT             
gras graz guam guug harb hers hert hlfx hnpt hob2 hofn holb COMMENT             
hrao hyde iddr ieng iisc impz ineg invk iqal irkj jog2 joz2 COMMENT             
joze karr kerg kir0 kiri kiru kit3 kokb kokv koug kour krgg COMMENT             
lama laut lmmf lpal lpgs m0se mac1 madr mal2 mana mas1 mat1 COMMENT             
mate maui maw1 mcil mcm4 mdo1 medi mgue mizu mkea mnls mobs COMMENT             
morp mqzg mro1 mtka nano naur nium nklg nlib nnor not1 nrc1 COMMENT             
ntus nya1 nyal onsa opmt ous2 pado parc park pdel penc pert COMMENT             
pie1 pimo pohn pol2 polv pots pove ptbb ptvl qaq1 quin rabt COMMENT             
ramo reyk rgdg rio2 roth salu samo sant savo sch2 scor scrz COMMENT             
sctb scub seyg sfer spt0 ssia sthl stjo stk2 str2 suth sutm COMMENT             
suwn sydn syog tash thtg thti thu2 tid1 tidb tlse tn22 tro1 COMMENT             
tskb txes uclu ufpr unb3 unbj unsa urum usn7 usud vald vill COMMENT             
vtsp wab1 wab2 wgtn whit will wsrt wtza wtzr wtzs wtzz wuhn COMMENT             
xmis yar2 yar3 yarr yell ykro zeck zim2 zim3 zimm           COMMENT             
                                                            END OF HEADER       
[from data line 429]
     2                                                      START OF TEC MAP    
  2025     4    12     1     0     0                        EPOCH OF CURRENT MAP
    87.5-180.0 180.0   5.0 450.0                            LAT/LON1/LON2/DLON/H
  233  234  236  237  238  239  240  241  242  242  243  243  243  243  242  241
  240  239  238  236  234  232  230  227  224  221  218  215  212  209  206  203
  201  198  195  193  191  189  187  185  184  183  182  182  182  182  182  183
  183  184  186  187  189  191  193  195  197  199  202  204  206  209  211  214
  216  219  221  223  225  227  229  231  233
    85.0-180.0 180.0   5.0 450.0                            LAT/LON1/LON2/DLON/H
  231  233  235  237  239  240  242  244  246  247  249  250  252  252  253  253
  252  250  248  246  242  238  234  229  223  217  211  205  199  193  187  181
  175  170  165  161  157  153  150  147  145  143  142  141  141  141  142  143
  145  147  149  152  155  159  163  167  171  175  180  184  189  193  198  202
  206  210  214  218  221  224  226  229  231
    82.5-180.0 180.0   5.0 450.0                            LAT/LON1/LON2/DLON/H
  219  220  221  222  222  223  225  227  230  233  236  240  243  247  249  251
  252  252  250  248  244  238  232  225  217  209  200  191  182  174  166  158
  151  144  137  132  127  122  118  115  112  109  108  107  106  106  107  108
  110  113  116  119  123  128  133  138  143  149  155  161  168  174  181  187
  193  198  203  207  211  214  216  218  219
    80.0-180.0 180.0   5.0 450.0                            LAT/LON1/LON2/DLON/H
  209  207  205  202  200  198  197  198  200  204  209  215  222  228  234  239
  242  244  244  242  238  232  225  217  208  198  187  177  167  158  149  140
  133  126  119  114  109  104  100   96   93   90   87   85   84   84   84   85
   87   89   92   95   99  103  108  113  119  125  132  139  147  155  163  171
  179  187  194  200  204  208  210  210  209
    77.5-180.0 180.0   5.0 450.0                            LAT/LON1/LON2/DLON/H
  212  207  200  192  184  177  172  169  169  171  177  184  192  201  210  218
  224  228  230  230  227  222  215  207  197  187  177  167  157  148  139  132
  125  119  114  110  105  101   97   93   90   86   83   80   78   77   76   77
   78   79   81   83   86   89   92   96  101  106  113  120  129  138  149  160
  171  182  192  201  209  213  216  215  212
    75.0-180.0 180.0   5.0 450.0                            LAT/LON1/LON2/DLON/H
  237  229  217  203  187  173  160  151  146  145  148  155  163  173  184  193
  201  207  210  212  211  207  202  196  188  179  170  161  152  144  138  132
  127  123  119  116  113  110  107  103   99   95   91   88   85   83   82   82
   83   84   85   86   87   88   89   90   93   96  101  109  118  129  142  156
  171  186  201  215  226  235  240  241  237
    72.5-180.0 180.0   5.0 450.0                            LAT/LON1/LON2/DLON/H
  282  273  258  238  215  192  171  153  141  134  133  136  142  150  159  168
  175  182  187  190  192  191  189  185  180  174  167  160  153  146  141  136
  133  130  128  126  125  122  120  116  113  109  105  102   99   98   97   97
   98   99  100  100   99   98   96   95   95   96  100  106  116  128  143  159
  178  198  218  238  255  270  280  285  282
    70.0-180.0 180.0   5.0 450.0                            LAT/LON1/LON2/DLON/H
  340  333  317  293  264  234  204  178  157  143  135  132  133  136  140  145
  151  157  162  167  171  175  176  176  174  171  166  160  154  148  143  139
  136  134  133  132  131  130  128  126  123  120  117  115  114  113  114  116
  118  119  121  120  119  116  112  108  106  105  108  114  124  137  153  171
  192  214  238  263  287  309  326  337  340
    67.5-180.0 180.0   5.0 450.0                            LAT/LON1/LON2/DLON/H
  393  392  379  355  324  288  252  219  192  171  155  144  137  132  130  129
  131  134  139  146  153  159  165  168  169  168  164  159  153  147  142  137
  133  131  129  129  128  127  127  126  125  123  122  122  123  124  127  131
  135  138  141  141  139  136  130  125  122  120  123  130  140  154  170  189
  209  231  255  282  310  338  364  383  393
    65.0-180.0 180.0   5.0 450.0                            LAT/LON1/LON2/DLON/H
  427  434  427  408  378  342  304  268  237  210  188  170  153  140  128  121
  117  117  121  128  137  146  154  159  162  162  159  154  147  141  134  128
  123  120  117  116  116  116  116  116  117  118  119  121  124  128  133  138
  144  150  154  156  155  152  147  142  138  138  142  151  163  178  194  210
  226  244  264  289  317  349  380  408  427
    62.5-180.0 180.0   5.0 450.0                            LAT/LON1/LON2/DLON/H
  432  448  450  437  413  381  347  313  282  254  227  202  177  154  135  120
  111  108  111  117  126  135  144  150  152  152  149  143  137  130  123  116
  110  106  102  100   99   99  100  102  105  108  111  115  119  124  130  137
  144  151  157  161  162  160  156  153  152  154  162  173  188  204  219  232
  242  252  264  282  306  337  371  405  432
    60.0-180.0 180.0   5.0 450.0                            LAT/LON1/LON2/DLON/H
  409  432  442  438  423  400  373  345  319  292  265  235  204  173  147  126
  113  108  108  113  120  127  134  138  139  138  135  130  125  119  113  106
  100   95   90   88   86   86   88   90   93   97  102  106  110  115  120  127
  135  143  150  156  159  159  158  158  160  167  178  194  212  229  244  252
  256  257  258  266  282  307  340  376  409
    57.5-180.0 180.0   5.0 450.0                            LAT/LON1/LON2/DLON/H
  368  395  412  417  411  398  381  364  345  323  296  264  228  193  162  139
  124  116  115  116  119  122  124  125  124  123  121  119  116  113  109  104
   98   93   88   85   84   83   84   86   89   93   97  100  103  105  109  114
  120  128  137  144  149  153  155  159  165  175  190  210  231  250  264  271
  269  261  253  250  256  273  301  334  368
    55.0-180.0 180.0   5.0 450.0                            LAT/LON1/LON2/DLON/H
  327  355  375  387  389  386  380  372  361  345  320  287  249  211  179  155
  140  132  128  125  122  119  116  114  112  111  111  113  115  116  115  112
  107  102   97   95   93   92   92   92   94   97   99  101  100  100   99  101
  106  114  122  131  139  145  152  159  169  182  200  222  245  266  280  286
  282  271  257  246  243  251  270  297  327
    52.5-180.0 180.0   5.0 450.0                            LAT/LON1/LON2/DLON/H
  306  330  351  365  374  378  380  380  376  363  340  306  267  229  197  175
  162  154  147  139  130  121  114  109  106  107  111  117  123  128  129  127
  123  118  114  113  112  111  110  108  108  108  109  108  104  100   96   95
   98  105  114  124  133  143  153  164  177  192  210  232  255  276  292  299
  297  288  274  262  254  255  265  283  306
    50.0-180.0 180.0   5.0 450.0                            LAT/LON1/LON2/DLON/H
  317  335  353  369  380  388  393  397  394  383  359  325  285  247  217  198
  187  179  170  157  143  130  120  114  113  115  121  130  139  146  148  145
  140  135  133  133  134  133  132  129  126  125  124  121  115  107   99   96
   98  105  115  126  137  149  163  177  192  207  224  243  263  284  301  312
  316  314  307  300  294  291  293  302  317
    47.5-180.0 180.0   5.0 450.0                            LAT/LON1/LON2/DLON/H
  361  374  389  403  415  422  427  428  423  409  383  346  305  268  241  225
  217  209  198  181  164  148  138  134  133  136  142  151  159  164  164  158
  151  146  145  148  152  153  152  148  145  142  141  137  129  119  110  106
  109  116  127  139  152  166  182  199  215  230  244  258  274  292  310  326
  338  347  353  357  357  355  353  354  361
    45.0-180.0 180.0   5.0 450.0                            LAT/LON1/LON2/DLON/H
  432  440  453  467  477  481  480  474  462  442  411  373  331  295  269  256
  249  242  230  212  193  179  170  167  166  167  170  173  177  177  172  163
  154  148  149  156  163  167  167  163  159  157  156  153  146  135  126  122
  126  136  148  161  175  191  210  229  246  259  269  279  291  306  324  344
  365  386  406  423  434  437  434  430  432
    42.5-180.0 180.0   5.0 450.0                            LAT/LON1/LON2/DLON/H
  514  521  534  547  554  553  543  528  507  479  444  403  362  326  302  290
  284  278  266  249  232  220  214  210  207  202  197  193  188  182  172  159
  148  144  147  157  168  175  176  173  170  169  170  169  163  153  144  141
  146  158  173  187  202  219  240  261  279  291  299  305  313  326  344  367
  395  426  459  489  511  520  519  514  514
    40.0-180.0 180.0   5.0 450.0                            LAT/LON1/LON2/DLON/H
  594  603  617  629  633  624  606  580  550  516  477  436  396  361  338  326
  320  315  305  291  277  268  263  257  249  235  220  206  194  182  168  153
  143  140  147  160  174  183  185  183  180  180  183  184  179  170  161  158
  165  178  194  209  225  244  266  289  309  321  328  333  340  352  372  397
  428  465  506  546  576  592  595  593  594
    37.5-180.0 180.0   5.0 450.0                            LAT/LON1/LON2/DLON/H
  663  675  690  701  699  683  656  621  584  545  507  468  430  397  374  360
  355  351  344  333  322  315  309  299  283  260  236  215  198  183  169  157
  149  150  159  173  187  197  199  196  193  193  197  199  195  185  175  171
  177  191  208  224  241  261  285  310  331  345  353  359  368  383  405  433
  465  503  547  590  626  648  657  659  663
    35.0-180.0 180.0   5.0 450.0                            LAT/LON1/LON2/DLON/H
  724  738  751  757  747  723  687  647  606  567  530  496  462  431  407  391
  385  381  377  369  360  353  344  329  306  277  248  224  207  195  185  179
  177  181  190  203  214  221  221  217  212  211  213  215  210  198  185  179
  182  194  211  228  247  269  294  320  343  359  370  380  394  415  442  472
  505  542  583  626  664  691  706  714  724
    32.5-180.0 180.0   5.0 450.0                            LAT/LON1/LON2/DLON/H
  785  799  807  801  780  745  703  660  619  583  551  521  492  462  435  417
  408  404  400  393  385  376  363  344  317  288  261  243  232  227  224  225
  228  235  242  249  255  256  253  246  239  234  233  232  224  210  192  181
  180  189  204  223  244  268  295  321  345  363  378  394  415  443  478  514
  548  582  619  659  699  732  754  770  785
    30.0-180.0 180.0   5.0 450.0                            LAT/LON1/LON2/DLON/H
  859  870  868  846  808  761  713  670  633  602  575  549  522  492  462  438
  424  417  410  402  392  381  367  347  323  301  284  277  277  281  285  291
  298  304  306  305  302  297  291  281  270  261  255  249  238  220  198  180
  173  178  192  212  236  263  291  318  341  361  380  402  430  467  510  554
  593  626  660  699  741  780  813  839  859
    27.5-180.0 180.0   5.0 450.0                            LAT/LON1/LON2/DLON/H
  952  960  943  902  844  783  731  691  660  634  611  587  559  526  491  460
  438  424  412  399  386  374  361  347  334  325  324  332  342  351  358  365
  371  373  368  358  345  335  325  314  301  287  275  265  250  228  202  178
  165  165  178  200  228  258  288  314  337  358  380  406  440  485  538  592
  638  675  709  748  795  845  890  927  952
    25.0-180.0 180.0   5.0 450.0                            LAT/LON1/LON2/DLON/H
 1063 1066 1036  975  897  824  768  732  709  688  667  642  610  572  530  490
  458  432  411  392  377  366  360  357  358  367  382  401  416  424  427  429
  429  425  412  392  372  358  349  339  324  307  291  276  259  235  205  177
  159  155  167  191  223  258  289  314  337  359  383  412  450  500  562  626
  682  725  763  807  861  923  983 1032 1063
    22.5-180.0 180.0   5.0 450.0                            LAT/LON1/LON2/DLON/H
 1175 1177 1138 1061  968  885  830  800  785  770  748  719  681  636  587  538
  493  453  419  393  378  374  378  389  405  427  452  474  484  482  473  463
  455  444  425  400  377  362  356  350  337  319  300  282  264  239  209  178
  156  150  161  188  224  263  296  322  344  367  394  424  463  516  583  657
  722  774  818  868  931 1004 1077 1138 1175
    20.0-180.0 180.0   5.0 450.0                            LAT/LON1/LON2/DLON/H
 1265 1271 1229 1147 1048  963  911  890  884  874  852  817  774  723  668  610
  552  497  451  419  407  411  427  449  473  498  520  532  527  507  480  456
  439  424  404  380  359  348  346  345  338  321  301  283  264  240  211  180
  157  148  159  188  229  272  308  336  359  384  413  445  483  536  606  685
  759  817  867  922  991 1072 1153 1222 1265
    17.5-180.0 180.0   5.0 450.0                            LAT/LON1/LON2/DLON/H
 1310 1322 1289 1214 1122 1043 1000  990  993  989  968  930  883  830  773  709
  640  571  513  479  472  487  511  535  554  566  570  559  530  488  444  409
  387  373  359  342  327  321  325  330  328  315  297  278  260  238  211  181
  158  149  160  191  236  282  322  353  380  408  440  473  511  562  632  713
  790  852  904  959 1028 1109 1191 1262 1310
    15.0-180.0 180.0   5.0 450.0                            LAT/LON1/LON2/DLON/H
 1295 1316 1300 1246 1172 1110 1080 1082 1096 1099 1081 1044  997  947  893  828
  752  673  609  575  576  598  623  635  632  614  584  541  486  426  372  334
  316  310  308  303  296  295  301  311  313  305  289  271  253  232  207  180
  157  149  160  192  239  290  335  370  401  434  470  506  544  594  660  739
  815  877  926  976 1038 1109 1181 1246 1295
    12.5-180.0 180.0   5.0 450.0                            LAT/LON1/LON2/DLON/H
 1221 1252 1258 1233 1190 1152 1139 1153 1176 1187 1175 1142 1102 1060 1014  954
  876  793  727  699  707  731  744  730  687  626  554  478  403  336  285  255
  249  258  272  279  280  279  284  293  298  294  280  261  243  223  199  174
  153  145  156  189  238  293  343  384  420  457  497  537  578  626  690  765
  836  892  934  975 1022 1074 1128 1177 1221
    10.0-180.0 180.0   5.0 450.0                            LAT/LON1/LON2/DLON/H
 1110 1146 1174 1183 1175 1165 1169 1193 1223 1241 1236 1212 1181 1153 1119 1068
  994  911  850  829  842  860  850  796  705  593  481  380  299  242  209  200
  212  238  266  284  287  281  278  281  286  284  271  251  231  210  188  164
  145  137  148  181  231  289  345  391  432  473  516  560  605  656  717  786
  850  899  934  962  991 1021 1049 1077 1110
     7.5-180.0 180.0   5.0 450.0                            LAT/LON1/LON2/DLON/H
  996 1031 1076 1116 1141 1157 1176 1204 1236 1258 1259 1244 1225 1210 1191 1150
 1082 1006  952  939  954  959  917  817  675  520  380  271  203  173  171  189
  220  259  296  318  317  300  282  275  276  274  261  240  217  196  174  151
  133  126  137  169  220  281  341  393  436  477  522  570  621  675  736  800
  859  902  930  949  963  972  975  979  996
     5.0-180.0 180.0   5.0 450.0                            LAT/LON1/LON2/DLON/H
  918  945  996 1056 1107 1143 1170 1197 1223 1243 1246 1238 1230 1226 1218 1186
 1125 1055 1010 1004 1017 1003  927  784  604  423  275  179  142  151  187  230
  274  317  354  371  359  325  289  270  266  263  249  226  202  180  159  138
  121  114  124  156  207  270  334  389  433  472  515  566  622  682  743  805
  859  901  928  945  952  948  934  918  918
     2.5-180.0 180.0   5.0 450.0                            LAT/LON1/LON2/DLON/H
  904  917  963 1029 1093 1140 1167 1185 1199 1209 1211 1205 1201 1203 1199 1171
 1113 1049 1011 1009 1016  982  876  705  507  326  195  132  136  188  256  316
  360  394  419  423  395  343  292  261  252  248  233  209  184  163  145  126
  110  103  114  144  194  259  325  381  422  457  496  548  609  673  737  797
  851  895  929  953  965  962  944  919  904
