ionex_files/COD0OPSFIN_20250770000_01D_01H_GIM.INX
     1.0            IONOSPHERE MAPS     GNSS                IONEX VERSION / TYPE
ADDNEQ2 V5.5        AIUB                22-MAR-25 19:01     PGM / RUN BY / DATE 
CODE'S GLOBAL IONOSPHERE MAPS FOR DAY 077, 2025             COMMENT             
Global ionosphere maps (GIM) are generated on a daily basis DESCRIPTION         
at CODE using data from about 300 GNSS sites of the IGS and DESCRIPTION         
other institutions. The vertical total electron content     DESCRIPTION         
(VTEC) is modeled in a solar-geomagnetic reference frame    DESCRIPTION         
using a spherical harmonics expansion up to degree and      DESCRIPTION         
order 15. Piece-wise linear functions are used for          DESCRIPTION         
representation in the time domain. The time spacing of      DESCRIPTION         
their vertices is 1 hour, conforming with the epochs of the DESCRIPTION         
VTEC maps.                                                  DESCRIPTION         
To convert line-of-sight TEC into vertical TEC, a modified  DESCRIPTION         
single-layer model mapping function approximating the JPL   DESCRIPTION         
extended slab model mapping function is adopted. The        DESCRIPTION         
mapping function is evaluated at geodetic satellite         DESCRIPTION         
elevation angles. For the computation of the ionospheric    DESCRIPTION         
pierce points, a spherical layer with a radius of 6821 km   DESCRIPTION         
is assumed, implying geocentric, not geodetic IONEX         DESCRIPTION         
latitudes.                                                  DESCRIPTION         
Instrumental biases with respect to each involved GNSS code DESCRIPTION         
observable are estimated as constant values for each        DESCRIPTION         
day. They are modeled with one set of bias parameters for   DESCRIPTION         
each satellite and each station in case of GPS and for each DESCRIPTION         
satellite-station link in case of GLONASS. The code bias    DESCRIPTION         
datum is defined by zero-mean conditions imposed on the     DESCRIPTION         
satellite bias estimates. In this file, just GPS C1W-C2W    DESCRIPTION         
satellite and station bias values are included. The         DESCRIPTION         
complete set of GNSS code bias results is provided in an    DESCRIPTION         
additional Bias-SINEX file as pseudo-absolute values        DESCRIPTION         
specific to each observable.                                DESCRIPTION         
Note: These GIM results correspond to the results for the   DESCRIPTION         
middle day of a 3-day combination analysis solving for 73   DESCRIPTION         
times 256, or 18688 VTEC parameters and 3 daily sets of     DESCRIPTION         
GNSS code bias parameters.                                  DESCRIPTION         
Contact address: code(at)aiub.unibe.ch                      DESCRIPTION         
Data archive:    ftp.aiub.unibe.ch/CODE/                    DESCRIPTION         
                 www.aiub.unibe.ch/download/CODE/           DESCRIPTION         
  2025     3    18     0     0     0                        EPOCH OF FIRST MAP  
  2025     3    19     0     0     0                        EPOCH OF LAST MAP   
  3600                                                      INTERVAL            
[...]
azgb badg bake barh bjfs bndy boav bogt bor1 braz brft brst COMMENT             
brux cags cas1 ccj2 cedu chpg chti chur ckis coco cord cpvg COMMENT             
cpxf cro1 daej darw dav1 dgar dhlg drao dubo faa1 fair flin COMMENT             
flrs frdn func ganp glps glsv gode gol2 gold gope gras graz COMMENT             
guam guug harb hers hert hlfx hnpt hob2 hofn holb hrao iddr COMMENT             
ieng iisc impz ineg invk iqal irkj jog2 joz2 karr kerg kir0 COMMENT             
kiri kiru kit3 kokb kokv koug kour krgg lama laut lmmf lpal COMMENT             
lpgs mac1 madr mal2 mana mas1 mat1 mate maui maw1 mcil mcm4 COMMENT             
mdo1 medi mgue mizu mkea mnls mobs monp morp mqzg mro1 mtka COMMENT             
nano naur nico nist nium nklg nlib nnor nrc1 ntus nya1 nyal COMMENT             
onsa opmt ous2 pado parc park pdel penc pert pie1 pimo pohn COMMENT             
pol2 polv pots pove ptag ptbb ptvl qaq1 quin rabt ramo reun COMMENT             
reyk rgdg rio2 roth salu samo sant savo sch2 scor scrz sctb COMMENT             
scub seyg sfer sofi spt0 ssia sthl stjo stk2 str2 suth sutm COMMENT             
suwn sydn syog tash thtg thti thu2 tid1 tidb tlse tn22 tong COMMENT             
tow2 tro1 tskb twtf txes uclu ufpr ulab unb3 unbj unsa urum COMMENT             
usn7 usud vald vill vtsp wab1 wab2 whit will wind wsrt wtza COMMENT             
wtzr wtzs wtzz wuhn xmis yar2 yar3 yarr yell ykro zeck zim2 COMMENT             
zim3 zimm                                                   COMMENT             
                                                            END OF HEADER       
[from data line 2145]
     6                                                      START OF TEC MAP    
  2025     3    18     5     0     0                        EPOCH OF CURRENT MAP
    87.5-180.0 180.0   5.0 450.0                            LAT/LON1/LON2/DLON/H
  166  168  171  173  175  178  181  184  187  189  192  195  197  199  200  201
  202  203  202  202  201  199  198  195  193  190  187  184  181  178  174  171
  168  165  162  159  157  155  152  151  149  148  146  145  145  144  144  144
  144  144  145  145  146  147  148  148  149  150  151  152  153  154  154  155
  156  157  158  159  160  161  163  164  166
    85.0-180.0 180.0   5.0 450.0                            LAT/LON1/LON2/DLON/H
  159  161  164  167  172  177  183  190  198  205  213  220  227  232  237  241
  243  244  244  242  239  234  229  222  215  208  200  193  185  178  171  164
  158  153  148  144  140  137  134  132  130  129  129  129  129  130  131  133
  135  138  141  144  147  150  153  156  159  162  164  165  166  167  167  166
  166  164  163  162  160  159  159  159  159
    82.5-180.0 180.0   5.0 450.0                            LAT/LON1/LON2/DLON/H
  155  152  151  153  157  163  172  183  195  208  222  235  248  259  268  275
  279  280  278  274  267  258  247  235  222  209  196  184  173  162  153  146
  139  134  129  126  123  121  120  119  119  120  121  123  125  128  132  137
  143  149  156  163  171  178  185  192  199  204  209  212  214  214  213  211
  206  201  195  188  180  173  166  160  155
    80.0-180.0 180.0   5.0 450.0                            LAT/LON1/LON2/DLON/H
  163  151  142  137  137  141  150  163  179  197  217  236  255  272  285  295
  301  302  298  290  278  264  247  228  210  192  174  159  146  135  127  121
  117  115  114  114  115  116  118  119  121  124  127  130  135  140  147  155
  164  175  186  199  212  225  238  250  262  272  280  287  291  292  291  287
  280  271  259  244  228  211  194  178  163
    77.5-180.0 180.0   5.0 450.0                            LAT/LON1/LON2/DLON/H
  191  166  145  130  121  120  125  136  153  175  198  223  247  268  285  298
  304  305  299  288  273  253  231  207  184  163  143  127  115  107  102  101
  102  105  109  115  120  125  130  134  138  141  145  150  156  163  171  182
  195  210  226  243  262  280  299  317  334  350  363  374  382  387  388  384
  377  365  348  328  304  277  248  219  191
    75.0-180.0 180.0   5.0 450.0                            LAT/LON1/LON2/DLON/H
  240  201  166  138  118  107  105  112  127  148  172  199  225  248  268  283
  291  292  286  273  255  233  208  182  157  134  116  102   93   89   89   93
  100  109  119  129  138  146  153  159  163  168  172  177  183  191  201  214
  229  246  266  288  310  333  356  378  400  420  437  453  466  475  481  481
  476  466  449  425  396  361  323  282  240
    72.5-180.0 180.0   5.0 450.0                            LAT/LON1/LON2/DLON/H
  304  252  204  163  130  108   97   97  107  124  145  170  196  219  240  256
  265  268  264  253  236  214  190  164  140  119  103   92   87   88   93  102
  114  126  139  151  162  172  180  186  191  195  199  204  210  219  229  243
  260  279  301  324  348  373  397  421  444  466  487  506  523  538  549  556
  557  551  538  517  488  450  406  356  304
    70.0-180.0 180.0   5.0 450.0                            LAT/LON1/LON2/DLON/H
  370  310  252  199  156  124  104   96   99  109  125  145  166  187  207  223
  236  242  242  236  223  205  184  162  141  123  110  103  102  106  114  124
  137  150  163  174  184  193  200  206  211  216  220  226  233  242  253  267
  284  304  325  348  371  393  416  438  459  481  502  522  542  561  578  592
  601  603  598  584  559  525  481  428  370
    67.5-180.0 180.0   5.0 450.0                            LAT/LON1/LON2/DLON/H
  424  361  298  239  189  150  123  108  104  107  116  128  143  160  177  194
  209  220  226  226  220  208  192  175  158  144  135  130  130  135  142  151
  161  171  179  187  195  201  208  214  220  226  232  239  247  258  270  285
  302  320  339  359  378  396  414  431  448  465  484  504  525  546  567  586
  602  612  616  611  596  570  532  482  424
    65.0-180.0 180.0   5.0 450.0                            LAT/LON1/LON2/DLON/H
  457  397  334  273  220  178  148  130  120  116  117  122  130  141  155  172
  190  207  220  226  227  221  210  197  183  172  165  161  162  164  168  173
  177  180  183  185  189  193  199  206  214  223  233  243  254  267  281  296
  313  330  346  361  375  387  398  408  419  432  447  464  484  505  527  548
  567  583  595  599  595  579  551  510  457
    62.5-180.0 180.0   5.0 450.0                            LAT/LON1/LON2/DLON/H
  467  413  354  296  244  203  173  153  141  133  128  126  127  133  144  161
  182  202  220  232  236  234  227  216  205  196  189  185  184  183  182  181
  178  174  170  168  168  171  178  187  199  212  226  240  255  271  288  305
  322  338  351  362  369  375  379  383  389  396  407  422  439  459  478  497
  516  532  547  558  563  558  542  511  467
    60.0-180.0 180.0   5.0 450.0                            LAT/LON1/LON2/DLON/H
  461  414  361  307  259  221  194  175  163  152  143  136  132  134  143  159
  180  202  222  235  241  240  233  223  212  203  197  192  188  185  179  173
  164  155  146  140  139  142  151  164  180  198  216  235  254  274  294  314
  333  348  360  367  370  371  370  369  370  375  383  396  411  426  441  455
  468  480  493  506  517  521  515  495  461
    57.5-180.0 180.0   5.0 450.0                            LAT/LON1/LON2/DLON/H
  450  410  362  312  268  234  210  193  181  170  158  148  141  141  149  163
  183  203  220  231  235  231  222  211  200  191  185  180  175  169  162  152
  141  129  119  112  111  116  128  145  166  187  209  231  253  277  302  327
  349  366  378  383  384  382  378  374  374  377  385  397  410  422  431  438
  442  446  454  464  477  486  488  476  450
    55.0-180.0 180.0   5.0 450.0                            LAT/LON1/LON2/DLON/H
  448  412  368  321  280  248  225  210  198  185  172  160  152  151  157  170
  185  200  212  217  216  208  196  184  173  164  158  154  149  144  136  127
  117  106   98   93   93  101  116  137  160  184  208  231  256  283  314  344
  372  393  406  412  413  409  405  401  400  404  413  425  437  447  451  449
  445  441  441  448  458  469  475  469  448
    52.5-180.0 180.0   5.0 450.0                            LAT/LON1/LON2/DLON/H
  461  429  387  342  302  271  247  230  214  199  183  170  163  162  167  175
  185  193  197  195  188  177  163  151  140  133  129  126  122  118  113  107
  100   94   89   87   90  101  118  141  166  191  214  237  263  294  330  368
  402  429  445  453  455  452  447  444  444  448  457  470  482  490  490  484
  473  463  458  460  468  478  484  480  461
    50.0-180.0 180.0   5.0 450.0                            LAT/LON1/LON2/DLON/H
  490  460  421  379  340  307  281  258  236  214  195  181  174  173  176  180
  182  182  179  172  161  149  136  124  116  111  108  106  104  102   99   97
   96   95   94   96  102  113  132  155  181  206  228  250  277  311  353  397
  439  471  491  502  504  503  499  495  494  497  505  517  528  535  534  526
  513  501  494  494  500  508  512  508  490
    47.5-180.0 180.0   5.0 450.0                            LAT/LON1/LON2/DLON/H
  526  499  464  426  390  357  326  296  265  235  210  193  186  185  186  185
  180  173  165  156  146  136  126  117  111  108  106  104  102  100   99  100
  103  107  111  115  122  134  152  176  202  227  249  270  297  333  380  431
  479  515  539  551  556  555  551  546  541  540  544  552  561  567  566  560
  550  542  537  538  542  547  549  543  526
    45.0-180.0 180.0   5.0 450.0                            LAT/LON1/LON2/DLON/H
  556  533  506  475  444  413  379  341  300  260  228  208  200  199  197  192
  182  172  163  157  152  147  141  135  131  127  124  121  117  113  111  113
  118  125  132  138  144  155  172  197  225  252  275  297  324  362  412  468
  519  558  583  596  602  602  598  589  579  571  568  571  576  580  581  578
  575  573  574  577  581  582  580  571  556
    42.5-180.0 180.0   5.0 450.0                            LAT/LON1/LON2/DLON/H
  568  552  533  513  490  463  429  386  336  287  248  225  216  215  212  203
  191  181  176  177  180  182  180  176  170  165  159  151  143  135  130  130
  135  143  151  157  162  171  188  214  246  278  305  329  357  396  448  505
  556  595  619  633  640  642  637  625  609  593  583  579  579  582  584  586
  590  595  601  606  607  603  595  583  568
    40.0-180.0 180.0   5.0 450.0                            LAT/LON1/LON2/DLON/H
  560  549  539  530  517  496  464  419  365  311  268  242  233  232  228  219
  208  202  205  215  227  235  235  229  220  210  199  187  174  161  151  148
  150  157  164  170  174  182  198  227  264  303  337  365  395  434  484  539
  587  622  644  659  670  676  672  659  638  616  599  590  587  589  593  599
  607  617  625  627  623  610  593  576  560
    37.5-180.0 180.0   5.0 450.0                            LAT/LON1/LON2/DLON/H
  541  531  526  524  518  504  477  435  381  326  282  256  248  247  245  237
  230  231  243  263  282  293  293  283  268  253  237  221  203  186  171  163
  162  166  172  177  181  188  205  236  280  327  369  402  434  471  518  566
  608  637  658  676  693  707  709  698  678  654  635  624  621  624  630  638
  647  655  658  653  638  614  586  560  541
    35.0-180.0 180.0   5.0 450.0                            LAT/LON1/LON2/DLON/H
  527  512  505  503  499  487  465  428  380  329  288  264  258  259  258  254
  253  262  283  310  333  344  340  325  305  285  266  247  228  208  190  178
  173  174  179  183  187  193  210  244  293  348  398  437  469  504  544  585
  618  642  663  686  714  739  753  751  736  717  703  696  697  704  713  721
  727  727  719  700  671  633  591  554  527
    32.5-180.0 180.0   5.0 450.0                            LAT/LON1/LON2/DLON/H
  540  513  495  482  471  456  435  405  366  323  287  267  262  265  267  267
  272  288  314  344  367  376  369  350  327  305  286  269  251  232  213  198
  189  186  189  193  196  202  218  253  305  365  421  464  497  528  562  593
  618  638  661  694  736  777  806  817  816  809  806  808  818  832  845  853
  852  840  815  780  735  683  629  580  540
    30.0-180.0 180.0   5.0 450.0                            LAT/LON1/LON2/DLON/H
  596  550  513  481  453  427  403  378  348  314  285  268  264  267  271  274
  283  303  331  360  380  386  379  361  340  320  304  291  278  262  244  227
  214  208  206  208  210  215  229  260  312  375  434  479  513  541  568  592
  611  629  657  702  760  819  865  895  911  922  934  951  972  994 1013 1021
 1012  986  945  895  837  775  712  651  596
    27.5-180.0 180.0   5.0 450.0                            LAT/LON1/LON2/DLON/H
  699  633  572  515  462  419  387  363  340  315  291  275  270  270  273  277
  288  307  332  355  372  379  377  368  353  339  328  320  312  301  285  268
  251  238  231  228  227  229  239  266  313  375  434  481  515  541  565  585
  601  620  655  713  786  861  925  973 1009 1039 1068 1099 1131 1163 1188 1197
 1183 1145 1092 1031  968  904  837  767  699
    25.0-180.0 180.0   5.0 450.0                            LAT/LON1/LON2/DLON/H
  837  755  672  589  511  446  402  375  356  336  314  296  286  281  279  281
  289  304  322  338  353  366  376  381  378  371  364  361  357  349  335  316
  294  274  258  248  242  240  244  265  307  364  423  471  505  532  556  575
  592  615  659  728  813  899  975 1037 1090 1138 1182 1223 1264 1303 1333 1344
 1328 1286 1228 1166 1107 1049  987  915  837
    22.5-180.0 180.0   5.0 450.0                            LAT/LON1/LON2/DLON/H
  986  896  799  698  599  515  456  423  404  385  361  338  319  306  297  293
  295  302  311  320  335  359  388  411  421  420  415  411  408  400  386  365
  337  308  282  262  250  242  241  255  291  345  402  451  488  519  546  569
  590  619  670  746  837  927 1006 1076 1141 1200 1252 1298 1341 1383 1416 1431
 1417 1377 1324 1271 1226 1183 1132 1067  986
    20.0-180.0 180.0   5.0 450.0                            LAT/LON1/LON2/DLON/H
 1116 1029  933  827  717  619  548  506  482  460  432  401  374  351  333  321
  314  312  310  313  331  369  418  461  482  483  474  465  456  446  429  404
  371  332  295  265  245  233  228  238  270  320  377  428  469  506  540  570
  597  633  690  768  856  941 1015 1085 1152 1215 1267 1310 1349 1387 1421 1438
 1431 1401 1361 1326 1300 1277 1243 1189 1116
    17.5-180.0 180.0   5.0 450.0                            LAT/LON1/LON2/DLON/H
 1200 1129 1047  952  846  744  664  614  583  554  520  483  447  416  389  368
  352  340  330  328  349  399  467  524  551  548  530  510  493  476  454  425
  387  341  294  255  228  213  207  216  246  296  354  408  455  498  541  579
  615  656  715  791  870  942 1004 1064 1126 1183 1229 1262 1291 1322 1352 1372
 1373 1357 1335 1320 1316 1312 1296 1258 1200
    15.0-180.0 180.0   5.0 450.0                            LAT/LON1/LON2/DLON/H
 1224 1179 1125 1055  966  869  786  728  688  652  613  572  533  497  463  434
  411  392  374  367  389  447  525  589  613  600  568  536  509  484  456  424
  383  333  279  234  205  189  184  194  225  277  337  395  447  498  550  597
  639  685  744  813  880  934  980 1026 1075 1122 1155 1175 1192 1213 1238 1257
 1265 1264 1262 1266 1277 1288 1285 1262 1224
    12.5-180.0 180.0   5.0 450.0                            LAT/LON1/LON2/DLON/H
 1196 1180 1161 1124 1059  975  893  828  780  737  695  655  619  583  547  514
  486  462  438  426  445  503  580  639  653  626  580  537  501  468  436  401
  361  311  257  211  181  166  165  178  212  267  330  391  447  504  563  617
  665  715  772  834  888  926  955  985 1020 1052 1072 1080 1087 1100 1117 1134
 1147 1158 1170 1187 1206 1221 1224 1213 1196
    10.0-180.0 180.0   5.0 450.0                            LAT/LON1/LON2/DLON/H
 1136 1147 1161 1157 1119 1050  971  900  843  795  754  721  693  665  631  597
  567  541  514  495  505  552  617  662  661  620  563  514  473  436  400  365
  327  282  233  190  163  152  155  171  209  265  330  393  451  512  575  634
  687  738  794  850  896  924  941  958  979  998 1007 1009 1012 1019 1031 1044
 1058 1076 1096 1116 1132 1141 1141 1136 1136
     7.5-180.0 180.0   5.0 450.0                            LAT/LON1/LON2/DLON/H
 1077 1106 1144 1165 1148 1091 1013  937  872  820  782  760  747  730  703  671
  642  615  586  560  555  584  629  655  637  584  524  473  433  395  357  323
  291  254  214  178  157  150  155  174  213  270  335  397  455  516  580  642
  697  750  805  861  906  932  945  956  968  978  982  985  991 1000 1008 1016
 1028 1047 1068 1082 1087 1083 1073 1068 1077
     5.0-180.0 180.0   5.0 450.0                            LAT/LON1/LON2/DLON/H
 1049 1084 1131 1163 1154 1102 1024  941  869  813  780  771  775  773  754  725
  698  672  642  608  588  595  616  621  590  532  473  429  393  356  318  286
  259  232  202  175  160  157  164  183  221  277  339  398  453  511  575  638
  693  746  804  863  914  948  968  981  990  996 1002 1014 1032 1048 1055 1058
 1066 1081 1097 1102 1091 1069 1048 1038 1049
     2.5-180.0 180.0   5.0 450.0                            LAT/LON1/LON2/DLON/H
 1069 1098 1137 1162 1150 1095 1013  924  845  786  758  761  781  791  780  754
  727  703  672  632  598  586  587  577  537  480  428  392  363  327  289  256
  234  215  195  178  169  168  175  192  228  280  339  392  443  497  558  619
  674  728  789  855  918  968 1002 1024 1037 1046 1060 1087 1121 1148 1158 1155
 1157 1167 1176 1170 1144 1110 1079 1063 1069
