ionex_files/COD0OPSFIN_20250980000_01D_01H_GIM.INX
     1.0            IONOSPHERE MAPS     GNSS                IONEX VERSION / TYPE
ADDNEQ2 V5.5        AIUB                12-APR-25 19:01     PGM / RUN BY / DATE 
CODE'S GLOBAL IONOSPHERE MAPS FOR DAY 098, 2025             COMMENT             
Global ionosphere maps (GIM) are generated on a daily basis DESCRIPTION         
at CODE using data from about 300 GNSS sites of the IGS and DESCRIPTION         
other institutions. The vertical total electron content     DESCRIPTION         
(VTEC) is modeled in a solar-geomagnetic reference frame    DESCRIPTION         
using a spherical harmonics expansion up to degree and      DESCRIPTION         
order 15. Piece-wise linear functions are used for          DESCRIPTION         
representation in the time domain. The time spacing of      DESCRIPTION         
their vertices is 1 hour, conforming with the epochs of the DESCRIPTION         
VTEC maps.                                                  DESCRIPTION         
To convert line-of-sight TEC into vertical TEC, a modified  DESCRIPTION         
single-layer model mapping function approximating the JPL   DESCRIPTION         
extended slab model mapping function is adopted. The        DESCRIPTION         
mapping function is evaluated at geodetic satellite         DESCRIPTION         
elevation angles. For the computation of the ionospheric    DESCRIPTION         
pierce points, a spherical layer with a radius of 6821 km   DESCRIPTION         
is assumed, implying geocentric, not geodetic IONEX         DESCRIPTION         
latitudes.                                                  DESCRIPTION         
Instrumental biases with respect to each involved GNSS code DESCRIPTION         
observable are estimated as constant values for each        DESCRIPTION         
day. They are modeled with one set of bias parameters for   DESCRIPTION         
each satellite and each station in case of GPS and for each DESCRIPTION         
satellite-station link in case of GLONASS. The code bias    DESCRIPTION         
datum is defined by zero-mean conditions imposed on the     DESCRIPTION         
satellite bias estimates. In this file, just GPS C1W-C2W    DESCRIPTION         
satellite and station bias values are included. The         DESCRIPTION         
complete set of GNSS code bias results is provided in an    DESCRIPTION         
additional Bias-SINEX file as pseudo-absolute values        DESCRIPTION         
specific to each observable.                                DESCRIPTION         
Note: These GIM results correspond to the results for the   DESCRIPTION         
middle day of a 3-day combination analysis solving for 73   DESCRIPTION         
times 256, or 18688 VTEC parameters and 3 daily sets of     DESCRIPTION         
GNSS code bias parameters.                                  DESCRIPTION         
Contact address: code(at)aiub.unibe.ch                      DESCRIPTION         
Data archive:    ftp.aiub.unibe.ch/CODE/                    DESCRIPTION         
                 www.aiub.unibe.ch/download/CODE/           DESCRIPTION         
  2025     4     8     0     0     0                        EPOCH OF FIRST MAP  
  2025     4     9     0     0     0                        EPOCH OF LAST MAP   
  3600                                                      INTERVAL            
[...]
badg bake barh bjfs bndy boav bogo bogt bor1 braz brft brst COMMENT             
brux cags cas1 ccj2 cedu chpg chti chur ckis coco cord cpvg COMMENT             
cpxf cro1 daej darw dav1 dgar dhlg drao dubo ebre faa1 fair COMMENT             
flin flrs frdn func ganp glps glsv gode gol2 gold gope gras COMMENT             
graz guam guug harb hers hert hlfx hnpt hob2 hofn holb hrao COMMENT             
hyde iddr ieng iisc impz ineg invk iqal irkj jog2 joz2 joze COMMENT             
karr kerg kir0 kiri kiru kit3 kokb kokv koug kour krgg lama COMMENT             
laut lmmf lpal lpgs m0se mac1 madr mal2 mana mas1 mat1 mate COMMENT             
maui maw1 mcil mcm4 mdo1 medi mgue mizu mkea mnls mobs morp COMMENT             
mqzg mro1 mtka nano naur nico nist nium nklg nlib nnor not1 COMMENT             
nrc1 ntus nya1 nyal onsa opmt ous2 pado parc park pdel penc COMMENT             
pert pie1 pimo pohn pol2 polv pots pove ptag ptbb ptvl qaq1 COMMENT             
quin rabt ramo reun reyk rgdg rio2 roth salu samo sant savo COMMENT             
sch2 scor scrz sctb scub seyg sfer spt0 ssia sthl stjo stk2 COMMENT             
str2 suth sutm sydn syog tash thtg thti thu2 tid1 tidb tlse COMMENT             
tn22 tong tro1 tskb twtf txes uclu ufpr unb3 unbj unsa urum COMMENT             
usn7 usud vald vill vtsp wab1 wab2 wark wgtn whit will wind COMMENT             
wsrt wtza wtzr wtzs wtzz wuhn xmis yar2 yar3 yarr yell ykro COMMENT             
zeck zim2 zim3 zimm                                         COMMENT             
                                                            END OF HEADER       
     1                                                      START OF TEC MAP    
  2025     4     8     0     0     0                        EPOCH OF CURRENT MAP
    87.5-180.0 180.0   5.0 450.0                            LAT/LON1/LON2/DLON/H
  199  202  204  207  209  212  214  215  217  218  218  219  219  218  218  217
  215  213  211  209  206  204  200  197  194  191  187  184  180  177  174  171
  169  166  164  162  160  158  157  156  155  154  154  154  153  153  153  153
  153  154  154  155  155  156  157  158  159  161  162  164  166  168  170  173
  175  178  181  184  187  190  193  196  199
    85.0-180.0 180.0   5.0 450.0                            LAT/LON1/LON2/DLON/H
  199  205  211  217  223  228  233  237  241  243  246  247  248  247  246  244
  242  238  234  228  223  216  209  202  194  187  179  171  164  157  151  145
  140  136  132  129  127  125  124  124  124  124  124  125  125  125  126  126
  126  126  126  126  126  126  126  127  127  129  130  132  135  138  142  146
  151  156  161  167  173  180  186  192  199
    82.5-180.0 180.0   5.0 450.0                            LAT/LON1/LON2/DLON/H
  191  201  210  219  227  235  242  249  255  260  264  267  268  269  268  266
  262  257  251  244  236  226  216  205  194  182  170  158  146  135  126  117
  110  104  100   97   95   95   96   97   99  101  103  105  106  107  107  107
  106  105  103  101   99   97   95   94   93   93   94   96   98  102  107  113
  120  127  135  144  153  163  172  182  191
    80.0-180.0 180.0   5.0 450.0                            LAT/LON1/LON2/DLON/H
  184  195  206  216  226  236  245  253  261  268  273  277  279  280  279  277
  273  268  262  255  246  235  224  211  197  182  166  151  136  121  108   97
   88   81   77   75   74   76   79   82   87   91   94   97   99  100   99   98
   95   91   87   82   77   72   68   64   61   60   60   62   65   70   76   84
   93  103  114  126  137  149  161  172  184
    77.5-180.0 180.0   5.0 450.0                            LAT/LON1/LON2/DLON/H
  184  195  205  215  225  235  244  253  262  269  274  278  280  280  278  276
  272  268  263  257  250  242  232  220  207  191  174  156  138  121  106   93
   82   74   70   68   69   72   77   82   88   93   98  101  102  102   99   96
   91   84   77   70   62   55   49   44   40   38   38   40   45   51   60   70
   81   94  108  121  135  148  161  173  184
    75.0-180.0 180.0   5.0 450.0                            LAT/LON1/LON2/DLON/H
  196  205  212  220  227  236  245  254  262  269  274  276  275  272  268  263
  258  254  252  249  247  244  239  231  221  207  191  173  154  136  119  104
   92   84   79   78   79   83   89   95  101  106  110  112  111  109  105   99
   91   83   74   66   57   49   42   37   34   33   34   38   44   52   63   76
   90  105  121  136  151  164  176  187  196
    72.5-180.0 180.0   5.0 450.0                            LAT/LON1/LON2/DLON/H
  219  223  226  229  234  240  248  257  265  272  275  275  270  262  251  242
  234  229  228  230  234  238  240  238  233  223  210  194  176  158  141  126
  114  105  100   98  100  103  109  114  119  123  124  124  121  117  111  103
   95   86   77   69   61   55   49   46   45   46   49   55   64   75   88  102
  118  134  151  167  181  194  205  213  219
    70.0-180.0 180.0   5.0 450.0                            LAT/LON1/LON2/DLON/H
  245  245  243  242  243  246  253  263  273  281  283  280  269  254  235  217
  204  197  196  202  211  222  231  236  237  232  223  210  194  178  163  149
  137  128  122  120  121  123  127  131  134  136  135  133  128  121  114  106
   98   90   84   78   73   69   68   67   69   74   80   89  100  113  127  142
  158  174  190  205  218  229  238  243  245
    67.5-180.0 180.0   5.0 450.0                            LAT/LON1/LON2/DLON/H
  268  264  258  253  250  251  258  270  283  294  298  293  277  253  225  198
  177  165  163  171  184  200  213  223  227  226  221  212  201  188  176  164
  153  144  138  135  134  135  138  140  141  141  138  134  127  120  112  105
   99   94   91   89   88   89   91   95  101  108  118  130  143  157  172  186
  201  215  228  240  251  260  266  269  268
    65.0-180.0 180.0   5.0 450.0                            LAT/LON1/LON2/DLON/H
  282  276  268  259  253  253  261  275  293  310  318  313  294  264  226  190
  160  143  139  146  159  175  189  199  204  205  203  198  191  184  175  166
  157  149  142  137  135  135  136  137  137  136  132  127  120  113  106  101
   98   96   97   99  102  107  113  120  129  140  153  167  181  197  211  224
  235  246  255  263  270  277  282  284  282
    62.5-180.0 180.0   5.0 450.0                            LAT/LON1/LON2/DLON/H
  285  281  272  262  254  252  260  277  300  323  337  336  318  283  240  197
  161  139  131  134  144  156  166  171  173  173  172  171  170  167  163  157
  149  141  133  127  124  122  122  123  123  122  119  115  109  102   97   94
   93   95   99  104  111  118  126  136  147  159  174  190  206  222  236  248
  256  262  266  270  274  278  282  285  285
    60.0-180.0 180.0   5.0 450.0                            LAT/LON1/LON2/DLON/H
  282  282  277  268  259  254  259  277  303  331  352  358  343  309  265  219
  180  155  143  142  146  149  150  147  143  141  141  143  146  148  147  142
  135  125  117  110  105  103  103  104  106  106  105  101   97   91   88   86
   87   91   97  104  112  120  129  138  149  162  178  195  213  230  245  256
  263  265  265  264  264  267  272  278  282
    57.5-180.0 180.0   5.0 450.0                            LAT/LON1/LON2/DLON/H
  281  288  290  284  274  265  266  279  304  335  361  372  364  336  296  253
  216  191  177  170  165  158  148  136  126  121  121  126  133  137  137  131
  122  111  101   93   88   85   86   88   91   93   94   92   88   84   80   80
   81   86   92   99  106  114  122  130  140  151  166  184  204  223  241  253
  260  261  258  255  252  254  260  270  281
    55.0-180.0 180.0   5.0 450.0                            LAT/LON1/LON2/DLON/H
  291  307  317  317  307  295  287  292  310  337  364  380  378  359  327  292
  262  240  225  213  201  184  164  145  130  123  124  131  138  141  138  129
  116  103   91   83   78   76   76   79   83   87   89   89   86   82   78   76
   78   81   87   92   99  105  111  117  124  133  146  164  186  208  229  245
  255  258  256  252  249  250  258  273  291
    52.5-180.0 180.0   5.0 450.0                            LAT/LON1/LON2/DLON/H
  317  343  363  370  363  346  329  321  327  345  366  382  386  375  355  331
  309  293  279  265  246  223  197  174  158  152  154  160  165  163  154  138
  120  104   92   84   80   78   78   80   85   90   94   94   91   86   81   78
   78   80   84   89   94   98  103  107  111  118  129  146  169  195  220  241
  256  263  265  264  263  265  275  293  317
    50.0-180.0 180.0   5.0 450.0                            LAT/LON1/LON2/DLON/H
  361  395  424  439  437  418  393  371  361  363  373  384  390  386  376  364
  352  342  330  315  294  269  243  221  207  202  204  207  206  196  178  154
  131  113  102   96   93   91   90   91   95  101  105  106  102   95   89   84
   83   84   87   91   96  101  105  108  110  114  122  138  162  191  221  248
  268  281  290  294  297  301  312  332  361
    47.5-180.0 180.0   5.0 450.0                            LAT/LON1/LON2/DLON/H
  417  455  491  515  519  503  472  439  412  396  391  393  395  396  394  391
  387  382  373  358  338  316  295  278  267  263  262  259  249  229  200  169
  142  123  115  112  111  109  107  107  110  116  120  121  117  109  101   95
   93   94   97  101  107  114  120  124  125  125  131  146  170  202  236  266
  291  311  327  339  348  355  367  387  417
    45.0-180.0 180.0   5.0 450.0                            LAT/LON1/LON2/DLON/H
  476  514  553  584  596  585  556  516  476  444  423  412  408  408  410  413
  414  412  404  392  376  359  344  333  325  318  311  299  279  249  213  176
  147  130  126  127  129  128  124  123  125  131  137  138  133  124  116  109
  107  108  112  117  126  136  146  152  153  152  156  169  194  227  263  295
  323  348  371  391  407  418  430  448  476
    42.5-180.0 180.0   5.0 450.0                            LAT/LON1/LON2/DLON/H
  529  562  600  634  653  652  630  592  546  503  468  444  432  428  430  433
  435  434  428  418  406  395  386  377  367  354  338  316  287  251  210  172
  145  131  131  137  141  140  137  135  138  145  151  153  148  139  130  124
  122  124  128  136  148  162  177  186  189  187  190  203  228  262  298  330
  359  387  415  441  464  479  492  506  529
    40.0-180.0 180.0   5.0 450.0                            LAT/LON1/LON2/DLON/H
  572  597  629  661  685  694  684  655  612  564  520  487  466  457  455  455
  455  453  447  439  432  424  416  405  387  364  337  307  274  238  199  164
  139  129  132  140  145  146  143  143  147  155  163  165  161  152  143  137
  135  137  143  152  167  186  205  218  223  223  226  240  266  300  335  367
  394  422  452  483  511  531  544  556  572
    37.5-180.0 180.0   5.0 450.0                            LAT/LON1/LON2/DLON/H
  609  624  645  670  694  712  716  701  668  622  575  536  510  494  486  480
  476  471  466  460  454  447  434  414  385  349  313  281  251  221  190  161
  140  131  133  140  145  146  146  148  155  164  172  175  170  161  152  146
  144  146  152  162  179  201  224  241  249  251  256  271  299  334  369  399
  426  452  482  515  546  570  587  597  609
    35.0-180.0 180.0   5.0 450.0                            LAT/LON1/LON2/DLON/H
  645  653  661  674  693  715  731  732  712  674  629  588  557  535  520  507
  497  490  485  480  474  462  442  410  368  323  284  255  236  220  200  178
  158  146  142  144  146  148  150  155  165  175  182  183  177  168  158  151
  147  148  153  164  182  205  230  250  262  267  275  293  323  360  396  427
  453  479  508  541  573  601  622  636  645
    32.5-180.0 180.0   5.0 450.0                            LAT/LON1/LON2/DLON/H
  693  697  694  694  703  723  747  760  751  721  680  639  606  578  554  532
  516  506  502  497  489  472  442  400  350  303  269  252  250  250  242  224
  201  180  166  159  156  157  161  170  181  190  193  191  184  173  162  152
  146  145  149  159  177  200  227  249  264  274  285  306  338  376  414  449
  479  507  535  566  597  629  658  680  693
    30.0-180.0 180.0   5.0 450.0                            LAT/LON1/LON2/DLON/H
  760  767  758  745  743  757  781  800  798  773  734  693  656  621  587  556
  532  519  513  508  497  476  441  397  348  308  287  288  303  318  319  300
  269  235  207  188  179  178  184  195  205  210  208  201  191  178  165  152
  143  139  142  152  169  192  218  242  261  276  291  314  347  386  427  468
  505  539  568  596  627  662  701  736  760
    27.5-180.0 180.0   5.0 450.0                            LAT/LON1/LON2/DLON/H
  847  864  856  837  824  830  850  867  866  840  800  756  713  669  622  579
  545  526  518  511  498  477  446  409  374  351  348  367  395  418  420  396
  352  303  260  230  215  212  219  230  237  236  227  213  200  185  170  154
  141  135  137  147  163  185  211  238  261  280  300  324  355  394  438  487
  534  576  609  636  665  704  754  807  847
    25.0-180.0 180.0   5.0 450.0                            LAT/LON1/LON2/DLON/H
  946  979  981  963  946  946  960  971  964  933  888  836  784  727  666  607
  562  534  519  508  496  480  463  446  434  433  448  476  509  529  524  490
  434  373  319  281  261  257  264  272  274  266  249  229  212  196  179  160
  143  135  137  148  164  186  212  241  269  293  316  340  369  405  451  507
  566  618  656  683  712  755  816  886  946
    22.5-180.0 180.0   5.0 450.0                            LAT/LON1/LON2/DLON/H
 1041 1092 1109 1103 1091 1091 1101 1107 1093 1054 1000  940  875  803  726  651
  591  550  525  508  498  494  498  509  524  543  566  593  615  623  605  560
  496  429  371  332  312  307  312  317  313  297  273  248  228  212  193  171
  152  142  145  156  174  195  223  255  287  318  343  366  391  423  469  531
  599  660  703  732  761  807  878  963 1041
    20.0-180.0 180.0   5.0 450.0                            LAT/LON1/LON2/DLON/H
 1113 1180 1216 1228 1231 1240 1253 1257 1239 1195 1135 1065  989  903  810  720
  645  589  549  525  516  528  557  596  632  660  677  685  684  670  639  588
  525  461  409  375  359  355  357  358  349  328  298  269  248  231  212  188
  167  156  158  171  189  211  240  276  314  350  379  400  421  448  493  557
  631  697  744  774  805  854  930 1023 1113
    17.5-180.0 180.0   5.0 450.0                            LAT/LON1/LON2/DLON/H
 1148 1224 1276 1309 1334 1360 1384 1394 1380 1338 1277 1204 1119 1022  919  818
  731  660  605  570  563  588  638  695  738  757  749  724  691  655  615  568
  516  467  429  407  397  394  394  391  379  354  322  291  269  252  233  208
  184  171  174  187  205  228  259  300  344  384  415  437  455  479  522  586
  659  726  773  804  837  888  964 1056 1148
    15.0-180.0 180.0   5.0 450.0                            LAT/LON1/LON2/DLON/H
 1141 1213 1274 1326 1375 1423 1465 1489 1487 1457 1405 1336 1250 1151 1044  941
  848  766  698  652  643  675  733  791  821  810  762  696  632  581  543  511
  480  453  434  427  425  423  420  413  399  375  343  312  289  272  251  225
  200  185  187  199  216  240  274  318  367  412  445  468  487  512  553  614
  683  744  789  820  855  907  978 1059 1141
    12.5-180.0 180.0   5.0 450.0                            LAT/LON1/LON2/DLON/H
 1098 1154 1213 1277 1345 1414 1475 1519 1537 1528 1494 1438 1361 1268 1170 1075
  986  900  822  767  751  778  828  865  861  805  711  606  520  468  447  441
  437  433  434  439  443  441  434  424  411  389  359  328  303  284  263  236
  209  193  192  202  218  242  277  326  379  427  463  489  511  540  583  640
  702  755  794  826  863  914  975 1038 1098
    10.0-180.0 180.0   5.0 450.0                            LAT/LON1/LON2/DLON/H
 1036 1068 1114 1178 1255 1337 1413 1474 1514 1531 1523 1488 1428 1351 1271 1196
 1121 1041  960  896  869  880  903  901  848  741  606  478  389  354  361  386
  409  424  436  448  453  449  437  424  412  394  366  335  308  286  264  236
  209  192  188  195  209  232  269  321  377  426  464  494  523  560  607  662
  716  760  794  826  867  917  967 1006 1036
     7.5-180.0 180.0   5.0 450.0                            LAT/LON1/LON2/DLON/H
  981  983 1008 1060 1134 1216 1296 1366 1423 1464 1483 1472 1434 1380 1326 1278
 1227 1161 1083 1014  972  956  939  886  781  633  475  348  280  278  320  373
  413  435  448  457  458  447  429  413  402  388  363  330  299  274  251  225
  198  180  175  180  191  212  251  304  362  412  451  485  522  568  622  678
  727  764  794  829  874  924  963  981  981
     5.0-180.0 180.0   5.0 450.0                            LAT/LON1/LON2/DLON/H
  952  929  929  961 1018 1086 1154 1220 1284 1341 1380 1391 1374 1344 1318 1301
 1278 1232 1163 1089 1031  983  921  817  671  504  354  256  230  269  344  414
  456  469  468  465  456  436  411  392  382  370  346  311  276  249  227  202
  178  161  156  159  168  188  226  280  338  389  428  465  509  564  625  685
  733  769  799  838  889  941  974  975  952
     2.5-180.0 180.0   5.0 450.0                            LAT/LON1/LON2/DLON/H
  961  923  904  914  945  986 1028 1074 1129 1187 1237 1261 1260 1249 1247 1257
 1260 1234 1175 1100 1025  946  843  704  540  385  276  234  261  340  433  501
  525  514  489  467  444  416  384  362  351  340  316  279  242  214  193  172
  152  138  135  138  146  163  199  253  312  363  402  440  488  549  617  681
  732  772  808  854  911  967 1000  995  961
