ionex_files/COD0OPSFIN_20251010000_01D_01H_GIM.INX
     1.0            IONOSPHERE MAPS     GNSS                IONEX VERSION / TYPE
ADDNEQ2 V5.5        AIUB                15-APR-25 19:31     PGM / RUN BY / DATE 
CODE'S GLOBAL IONOSPHERE MAPS FOR DAY 101, 2025             COMMENT             
Global ionosphere maps (GIM) are generated on a daily basis DESCRIPTION         
at CODE using data from about 300 GNSS sites of the IGS and DESCRIPTION         
other institutions. The vertical total electron content     DESCRIPTION         
(VTEC) is modeled in a solar-geomagnetic reference frame    DESCRIPTION         
using a spherical harmonics expansion up to degree and      DESCRIPTION         
order 15. Piece-wise linear functions are used for          DESCRIPTION         
representation in the time domain. The time spacing of      DESCRIPTION         
their vertices is 1 hour, conforming with the epochs of the DESCRIPTION         
VTEC maps.                                                  DESCRIPTION         
To convert line-of-sight TEC into vertical TEC, a modified  DESCRIPTION         
single-layer model mapping function approximating the JPL   DESCRIPTION         
extended slab model mapping function is adopted. The        DESCRIPTION         
mapping function is evaluated at geodetic satellite         DESCRIPTION         
elevation angles. For the computation of the ionospheric    DESCRIPTION         
pierce points, a spherical layer with a radius of 6821 km   DESCRIPTION         
is assumed, implying geocentric, not geodetic IONEX         DESCRIPTION         
latitudes.                                                  DESCRIPTION         
Instrumental biases with respect to each involved GNSS code DESCRIPTION         
observable are estimated as constant values for each        DESCRIPTION         
day. They are modeled with one set of bias parameters for   DESCRIPTION         
each satellite and each station in case of GPS and for each DESCRIPTION         
satellite-station link in case of GLONASS. The code bias    DESCRIPTION         
datum is defined by zero-mean conditions imposed on the     DESCRIPTION         
satellite bias estimates. In this file, just GPS C1W-C2W    DESCRIPTION         
satellite and station bias values are included. The         DESCRIPTION         
complete set of GNSS code bias results is provided in an    DESCRIPTION         
additional Bias-SINEX file as pseudo-absolute values        DESCRIPTION         
specific to each observable.                                DESCRIPTION         
Note: These GIM results correspond to the results for the   DESCRIPTION         
middle day of a 3-day combination analysis solving for 73   DESCRIPTION         
times 256, or 18688 VTEC parameters and 3 daily sets of     DESCRIPTION         
GNSS code bias parameters.                                  DESCRIPTION         
Contact address: code(at)aiub.unibe.ch                      DESCRIPTION         
Data archive:    ftp.aiub.unibe.ch/CODE/                    DESCRIPTION         
                 www.aiub.unibe.ch/download/CODE/           DESCRIPTION         
  2025     4    11     0     0     0                        EPOCH OF FIRST MAP  
  2025     4    12     0     0     0                        EPOCH OF LAST MAP   
  3600                                                      INTERVAL            
[...]
abpo adis albh algo alic amu2 antc areg areq ascg aspa auck COMMENT             
azgb badg bake bako barh bjfs bndy boav bogo bogt bor1 braz COMMENT             
brft brst brux cas1 ccj2 cedu chpg chti chur ckis coco cord COMMENT             
cpvg cpxf cro1 daej darw dav1 dgar dhlg drao dubo ebre faa1 COMMENT             
fair flin flrs frdn func ganp glps glsv gode gol2 gold gope COMMENT             
gras graz guam guug harb hers hert hlfx hnpt hob2 hofn holb COMMENT             
hrao iddr ieng iisc impz ineg invk iqal irkj jog2 joz2 joze COMMENT             
karr kerg kir0 kiri kiru kit3 kokb kokv koug kour krgg lama COMMENT             
laut lmmf lpal lpgs m0se mac1 madr mal2 mana mas1 mat1 mate COMMENT             
maui maw1 mcm4 mdo1 medi mgue mizu mkea mnls mobs morp mqzg COMMENT             
mro1 mtka nano naur nium nklg nlib nnor not1 nrc1 ntus nya1 COMMENT             
nyal onsa opmt ous2 pado parc park pdel penc pert pie1 pimo COMMENT             
pohn pol2 polv pots pove ptbb ptvl qaq1 quin rabt ramo reyk COMMENT             
rgdg rio2 roth salu samo sant savo sch2 scor scrz sctb scub COMMENT             
seyg sfer spt0 ssia sthl stjo stk2 str2 suth sutm suwn sydn COMMENT             
syog tash thtg thti thu2 tid1 tidb tlse tn22 tro1 tskb twtf COMMENT             
txes uclu ufpr unb3 unbj unsa urum usn7 usud vald vill vtsp COMMENT             
wab1 wab2 wark wgtn whit will wind wsrt wtza wtzr wtzs wtzz COMMENT             
wuhn xmis yar2 yar3 yarr yell ykro zeck zim2 zim3 zimm      COMMENT             
                                                            END OF HEADER       
[from data line 429]
     2                                                      START OF TEC MAP    
  2025     4    11     1     0     0                        EPOCH OF CURRENT MAP
    87.5-180.0 180.0   5.0 450.0                            LAT/LON1/LON2/DLON/H
  249  248  248  246  245  244  242  241  239  237  235  233  231  230  228  225
  223  221  219  217  215  212  210  208  205  203  201  198  196  194  192  191
  189  188  187  186  185  184  184  184  184  185  186  187  188  190  192  194
  197  199  202  205  208  212  215  219  222  225  229  232  235  238  240  243
  245  246  248  249  249  250  250  250  249
    85.0-180.0 180.0   5.0 450.0                            LAT/LON1/LON2/DLON/H
  271  268  264  261  257  254  250  247  244  241  239  236  234  232  230  228
  226  223  220  218  214  211  207  203  198  194  190  185  181  177  173  169
  166  163  161  158  157  155  154  153  153  153  154  155  156  158  161  164
  169  173  179  184  191  198  205  212  220  228  235  242  249  255  261  266
  270  273  275  276  277  276  275  273  271
    82.5-180.0 180.0   5.0 450.0                            LAT/LON1/LON2/DLON/H
  282  275  269  261  255  248  242  238  234  231  229  228  227  227  227  227
  227  226  225  222  219  215  210  205  199  192  186  180  173  168  162  157
  153  149  146  143  140  138  136  134  133  131  130  130  130  131  133  135
  139  144  151  158  167  176  187  198  210  221  233  245  256  266  275  282
  289  293  297  298  298  296  292  288  282
    80.0-180.0 180.0   5.0 450.0                            LAT/LON1/LON2/DLON/H
  286  276  265  254  243  233  225  218  213  211  210  211  214  217  221  225
  228  230  231  230  228  224  218  212  204  196  188  180  172  165  160  155
  150  147  144  141  139  137  134  131  128  125  121  118  115  113  112  112
  114  118  123  131  140  151  163  177  191  206  221  236  251  264  277  288
  297  304  308  311  310  308  303  295  286
    77.5-180.0 180.0   5.0 450.0                            LAT/LON1/LON2/DLON/H
  292  279  264  249  234  220  208  198  192  189  189  192  198  204  212  220
  226  232  236  237  236  233  227  220  211  201  192  183  175  168  163  159
  156  153  152  150  149  147  145  141  137  131  125  119  112  106  101   98
   97   98  102  108  116  127  139  153  168  184  201  217  234  250  265  279
  291  302  309  314  316  315  310  302  292
    75.0-180.0 180.0   5.0 450.0                            LAT/LON1/LON2/DLON/H
  304  291  274  256  237  219  203  190  180  175  174  177  183  191  200  210
  220  228  234  238  238  236  231  224  215  205  195  186  179  173  168  166
  164  163  163  163  163  162  160  156  151  145  137  127  118  109  101   94
   90   89   91   95  102  111  122  134  147  161  176  192  208  225  241  258
  273  288  300  310  317  320  319  314  304
    72.5-180.0 180.0   5.0 450.0                            LAT/LON1/LON2/DLON/H
  327  317  301  282  260  238  217  199  185  176  171  170  173  179  187  196
  206  215  223  228  231  230  226  220  212  203  195  187  181  176  173  172
  171  171  171  172  172  171  170  167  162  156  148  138  127  117  107   99
   94   92   93   96  101  108  116  124  133  143  153  166  179  194  211  228
  247  265  283  300  314  325  331  332  327
    70.0-180.0 180.0   5.0 450.0                            LAT/LON1/LON2/DLON/H
  358  354  342  324  301  276  251  228  209  193  182  175  172  172  175  180
  186  194  202  208  213  214  213  208  202  195  189  183  179  176  174  173
  172  172  171  170  169  168  167  166  163  158  152  144  134  125  116  109
  105  104  106  109  114  119  123  126  129  133  138  144  154  165  180  197
  217  239  263  287  309  329  345  355  358
    67.5-180.0 180.0   5.0 450.0                            LAT/LON1/LON2/DLON/H
  391  394  388  373  352  326  298  271  246  225  207  192  181  172  166  163
  164  168  175  181  187  191  191  189  186  181  177  174  173  172  171  170
  167  164  160  156  153  151  150  150  149  148  145  141  135  128  122  119
  118  121  126  131  136  140  140  139  136  133  132  133  138  146  158  173
  193  217  244  273  303  332  358  378  391
    65.0-180.0 180.0   5.0 450.0                            LAT/LON1/LON2/DLON/H
  414  426  427  418  399  374  345  316  289  263  240  218  198  179  164  152
  146  145  148  154  160  164  166  166  164  162  161  162  163  164  165  162
  157  150  142  134  127  123  122  123  126  128  130  129  127  125  123  124
  128  136  145  155  161  164  162  157  149  142  136  133  135  140  149  163
  181  203  230  261  295  330  363  392  414
    62.5-180.0 180.0   5.0 450.0                            LAT/LON1/LON2/DLON/H
  421  440  449  445  431  409  382  354  326  299  273  247  220  194  170  150
  136  130  129  132  137  141  143  143  143  143  144  147  152  155  156  153
  146  135  123  111  101   95   93   95   99  104  109  113  115  116  118  123
  132  145  159  173  182  185  181  173  163  154  147  144  145  150  158  169
  183  202  226  254  287  322  359  393  421
    60.0-180.0 180.0   5.0 450.0                            LAT/LON1/LON2/DLON/H
  409  433  447  450  441  424  401  375  350  326  300  273  244  214  184  159
  140  128  123  123  124  126  126  125  124  125  128  134  141  147  148  145
  136  123  108   93   82   74   71   73   78   84   91   96  100  103  107  115
  128  145  164  181  192  196  192  183  172  164  161  162  166  174  182  191
  202  215  232  254  280  311  344  378  409
    57.5-180.0 180.0   5.0 450.0                            LAT/LON1/LON2/DLON/H
  382  408  426  434  432  419  401  380  359  338  317  292  265  235  205  178
  156  141  132  127  124  122  118  115  113  114  118  125  134  140  142  139
  129  116  101   87   76   69   65   65   68   73   79   84   88   91   95  104
  119  139  161  180  192  196  191  182  175  171  175  183  195  207  217  225
  233  240  250  262  279  300  325  354  382
    55.0-180.0 180.0   5.0 450.0                            LAT/LON1/LON2/DLON/H
  352  376  397  410  413  406  392  374  356  339  321  301  279  254  228  203
  183  167  154  145  136  128  121  115  112  113  117  123  131  137  138  134
  126  114  102   92   84   79   75   73   73   74   77   79   81   83   86   94
  109  130  153  173  185  188  183  175  171  175  187  205  225  243  257  265
  271  274  277  280  286  296  310  329  352
    52.5-180.0 180.0   5.0 450.0                            LAT/LON1/LON2/DLON/H
  330  352  373  390  398  395  384  367  350  333  317  301  284  266  248  231
  214  200  185  171  157  145  134  127  123  123  125  130  134  136  135  131
  123  114  108  104  102  100   97   93   89   85   84   83   83   82   83   90
  104  125  148  167  178  179  173  167  168  179  200  227  255  278  295  305
  310  311  311  308  306  304  306  315  330
    50.0-180.0 180.0   5.0 450.0                            LAT/LON1/LON2/DLON/H
  329  347  369  389  401  400  389  370  348  328  310  295  283  272  263  255
  246  234  220  203  185  169  156  149  146  145  145  144  142  138  133  126
  119  114  113  117  122  126  125  119  111  103   98   94   92   89   89   95
  108  128  150  168  177  176  170  165  170  187  216  250  282  308  326  338
  344  347  348  344  338  329  322  321  329
    47.5-180.0 180.0   5.0 450.0                            LAT/LON1/LON2/DLON/H
  354  368  390  412  426  427  413  388  358  329  305  288  277  273  272  274
  273  267  254  236  216  199  187  181  179  177  172  164  153  142  131  121
  114  112  116  126  139  148  150  144  134  123  116  111  107  104  104  109
  122  141  163  180  187  185  178  175  183  204  237  273  306  331  350  362
  372  379  385  385  380  370  358  351  354
    45.0-180.0 180.0   5.0 450.0                            LAT/LON1/LON2/DLON/H
  403  415  436  458  473  471  453  420  380  340  307  284  272  271  278  287
  295  295  286  269  250  233  223  220  218  214  204  186  166  147  132  120
  112  111  118  132  149  163  168  164  154  143  135  130  127  125  125  130
  143  162  183  200  208  205  199  198  208  231  263  297  326  349  365  379
  392  406  419  428  430  423  412  403  403
    42.5-180.0 180.0   5.0 450.0                            LAT/LON1/LON2/DLON/H
  470  479  498  518  530  525  500  459  409  359  316  286  272  272  282  298
  312  319  315  302  285  270  262  260  258  251  234  209  182  157  139  127
  120  119  125  138  156  172  179  178  170  162  155  151  149  147  147  153
  166  185  207  225  233  233  230  231  242  265  293  322  345  362  375  390
  407  427  449  469  481  483  478  471  470
    40.0-180.0 180.0   5.0 450.0                            LAT/LON1/LON2/DLON/H
  547  554  567  582  587  576  545  496  438  380  331  297  279  278  290  309
  328  341  343  334  321  308  299  296  293  282  260  230  199  175  160  151
  146  143  144  153  167  181  189  190  186  181  177  174  171  168  167  172
  184  204  226  245  258  262  263  267  280  300  324  344  360  371  383  399
  421  447  477  506  530  544  548  547  547
    37.5-180.0 180.0   5.0 450.0                            LAT/LON1/LON2/DLON/H
  626  630  637  642  637  616  578  523  461  400  349  314  295  293  304  323
  344  361  368  365  354  341  331  324  317  304  281  251  223  205  198  197
  195  190  184  184  190  198  204  206  204  202  200  196  191  185  182  184
  194  212  234  256  273  284  290  299  313  331  349  363  372  380  392  411
  437  467  503  540  575  602  617  624  626
    35.0-180.0 180.0   5.0 450.0                            LAT/LON1/LON2/DLON/H
  706  708  706  698  680  648  600  541  477  417  369  336  319  315  324  340
  360  378  389  390  381  366  352  340  330  317  298  275  258  252  257  266
  269  261  247  234  228  227  228  228  227  226  224  218  208  197  189  187
  193  207  228  253  275  293  307  320  336  353  366  375  380  388  403  428
  458  492  530  573  617  656  684  700  706
    32.5-180.0 180.0   5.0 450.0                            LAT/LON1/LON2/DLON/H
  789  790  780  760  727  681  623  558  493  436  393  365  349  344  348  358
  374  390  402  404  395  379  360  344  334  327  318  309  306  315  334  353
  359  348  325  301  282  269  261  256  254  252  247  237  221  203  189  182
  182  192  211  237  265  290  311  329  347  363  375  381  385  396  418  450
  485  523  563  609  660  710  750  776  789
    30.0-180.0 180.0   5.0 450.0                            LAT/LON1/LON2/DLON/H
  878  882  869  838  792  732  663  590  522  466  426  401  386  378  374  377
  385  395  403  404  395  377  357  342  337  340  347  355  368  390  419  444
  451  437  407  372  341  317  300  288  280  275  267  251  229  206  186  173
  167  172  188  215  248  279  305  327  347  364  377  384  391  408  438  477
  520  560  603  651  707  765  817  856  878
    27.5-180.0 180.0   5.0 450.0                            LAT/LON1/LON2/DLON/H
  973  987  977  943  888  817  737  654  578  517  475  448  430  416  404  397
  394  394  394  391  382  366  350  342  348  367  392  417  441  469  499  521
  525  507  472  432  394  361  335  315  302  292  280  260  234  207  183  165
  154  153  165  193  229  265  295  320  342  362  378  389  401  424  461  509
  559  604  649  701  761  826  888  939  973
    25.0-180.0 180.0   5.0 450.0                            LAT/LON1/LON2/DLON/H
 1072 1100 1101 1072 1018  942  853  759  671  599  547  512  486  462  440  421
  405  392  380  370  361  353  348  354  377  414  454  489  515  537  556  567
  563  540  505  465  426  390  358  332  313  299  284  263  236  208  183  162
  146  140  150  178  216  255  288  314  339  363  384  401  418  447  490  545
  601  652  702  757  820  889  959 1022 1072
    22.5-180.0 180.0   5.0 450.0                            LAT/LON1/LON2/DLON/H
 1162 1209 1228 1214 1169 1098 1007  904  802  714  645  595  555  520  487  457
  427  398  371  353  346  349  362  388  429  479  527  561  577  579  575  567
  551  525  494  461  429  397  364  335  313  297  282  262  237  212  188  165
  146  137  145  173  213  254  288  316  344  373  400  423  446  478  525  583
  644  702  757  815  880  951 1025 1097 1162
    20.0-180.0 180.0   5.0 450.0                            LAT/LON1/LON2/DLON/H
 1227 1292 1333 1342 1317 1260 1175 1069  956  851  764  696  641  593  551  512
  470  424  381  353  348  366  401  447  500  555  598  617  609  582  549  517
  489  463  441  422  403  380  353  325  304  288  274  258  238  217  195  173
  152  140  148  177  220  262  298  327  359  393  428  456  483  517  564  623
  687  750  810  871  935 1003 1075 1151 1227
    17.5-180.0 180.0   5.0 450.0                            LAT/LON1/LON2/DLON/H
 1254 1332 1392 1426 1428 1395 1326 1226 1109  993  892  809  740  683  636  591
  540  479  420  382  379  412  465  524  580  625  649  641  601  541  478  426
  388  366  358  357  356  347  330  309  291  278  267  254  239  222  203  180
  158  146  154  186  231  276  314  347  382  423  463  497  527  560  606  663
  728  793  857  920  980 1039 1102 1174 1254
    15.0-180.0 180.0   5.0 450.0                            LAT/LON1/LON2/DLON/H
 1234 1313 1387 1442 1472 1469 1425 1342 1231 1115 1009  920  846  786  738  693
  638  566  492  444  442  483  547  607  651  670  661  619  547  459  375  311
  273  260  267  285  302  309  304  292  280  271  262  252  240  225  206  183
  160  148  159  193  241  290  332  369  410  456  501  539  571  604  647  702
  764  830  895  956 1009 1055 1102 1161 1234
    12.5-180.0 180.0   5.0 450.0                            LAT/LON1/LON2/DLON/H
 1171 1239 1312 1380 1434 1461 1448 1390 1298 1195 1099 1016  947  892  849  809
  754  677  593  535  529  571  631  677  692  674  626  550  453  352  263  202
  173  173  195  227  258  277  284  282  276  269  260  250  238  223  202  177
  153  142  155  193  244  298  346  390  436  485  533  574  608  642  684  736
  795  859  922  979 1023 1054 1081 1117 1171
    10.0-180.0 180.0   5.0 450.0                            LAT/LON1/LON2/DLON/H
 1083 1127 1185 1253 1321 1373 1390 1361 1297 1219 1146 1083 1029  986  954  923
  873  794  705  639  625  656  698  714  689  628  542  443  339  243  169  125
  113  128  161  201  237  262  276  280  278  271  260  247  232  213  189  161
  136  127  143  183  238  297  352  403  454  506  554  595  632  669  712  762
  818  878  938  991 1027 1044 1049 1058 1083
     7.5-180.0 180.0   5.0 450.0                            LAT/LON1/LON2/DLON/H
  998 1007 1039 1094 1164 1231 1269 1268 1233 1188 1146 1112 1082 1056 1036 1013
  970  896  805  734  708  719  730  707  637  536  425  320  231  162  119  104
  112  139  175  211  242  265  279  285  283  273  257  238  218  196  168  137
  112  106  124  167  224  286  348  406  461  513  559  601  640  682  728  779
  832  888  944  994 1026 1035 1023 1006  998
     5.0-180.0 180.0   5.0 450.0                            LAT/LON1/LON2/DLON/H
  943  916  915  947 1007 1075 1125 1141 1132 1116 1108 1105 1100 1090 1080 1064
 1027  959  872  799  759  744  718  652  544  417  300  212  158  133  131  147
  173  203  232  255  270  280  287  290  284  269  246  221  197  172  143  111
   87   83  104  147  204  269  335  399  456  507  550  591  633  680  732  785
  836  888  942  992 1027 1037 1018  982  943
     2.5-180.0 180.0   5.0 450.0                            LAT/LON1/LON2/DLON/H
  940  884  852  857  898  955 1001 1023 1026 1032 1050 1073 1087 1088 1081 1065
 1031  970  891  818  767  725  665  565  433  301  202  151  145  170  209  248
  281  304  315  315  308  299  293  287  275  253  224  195  170  146  117   87
   66   65   87  129  184  248  316  382  441  489  529  569  615  668  726  781
  831  880  932  987 1033 1054 1042  999  940
