ionex_files/COD0OPSFIN_20250880000_01D_01H_GIM.INX
     1.0            IONOSPHERE MAPS     GNSS                IONEX VERSION / TYPE
ADDNEQ2 V5.5        AIUB                02-APR-25 23:15     PGM / RUN BY / DATE 
CODE'S GLOBAL IONOSPHERE MAPS FOR DAY 088, 2025             COMMENT             
Global ionosphere maps (GIM) are generated on a daily basis DESCRIPTION         
at CODE using data from about 300 GNSS sites of the IGS and DESCRIPTION         
other institutions. The vertical total electron content     DESCRIPTION         
(VTEC) is modeled in a solar-geomagnetic reference frame    DESCRIPTION         
using a spherical harmonics expansion up to degree and      DESCRIPTION         
order 15. Piece-wise linear functions are used for          DESCRIPTION         
representation in the time domain. The time spacing of      DESCRIPTION         
their vertices is 1 hour, conforming with the epochs of the DESCRIPTION         
VTEC maps.                                                  DESCRIPTION         
To convert line-of-sight TEC into vertical TEC, a modified  DESCRIPTION         
single-layer model mapping function approximating the JPL   DESCRIPTION         
extended slab model mapping function is adopted. The        DESCRIPTION         
mapping function is evaluated at geodetic satellite         DESCRIPTION         
elevation angles. For the computation of the ionospheric    DESCRIPTION         
pierce points, a spherical layer with a radius of 6821 km   DESCRIPTION         
is assumed, implying geocentric, not geodetic IONEX         DESCRIPTION         
latitudes.                                                  DESCRIPTION         
Instrumental biases with respect to each involved GNSS code DESCRIPTION         
observable are estimated as constant values for each        DESCRIPTION         
day. They are modeled with one set of bias parameters for   DESCRIPTION         
each satellite and each station in case of GPS and for each DESCRIPTION         
satellite-station link in case of GLONASS. The code bias    DESCRIPTION         
datum is defined by zero-mean conditions imposed on the     DESCRIPTION         
satellite bias estimates. In this file, just GPS C1W-C2W    DESCRIPTION         
satellite and station bias values are included. The         DESCRIPTION         
complete set of GNSS code bias results is provided in an    DESCRIPTION         
additional Bias-SINEX file as pseudo-absolute values        DESCRIPTION         
specific to each observable.                                DESCRIPTION         
Note: These GIM results correspond to the results for the   DESCRIPTION         
middle day of a 3-day combination analysis solving for 73   DESCRIPTION         
times 256, or 18688 VTEC parameters and 3 daily sets of     DESCRIPTION         
GNSS code bias parameters.                                  DESCRIPTION         
Contact address: code(at)aiub.unibe.ch                      DESCRIPTION         
Data archive:    ftp.aiub.unibe.ch/CODE/                    DESCRIPTION         
                 www.aiub.unibe.ch/download/CODE/           DESCRIPTION         
  2025     3    29     0     0     0                        EPOCH OF FIRST MAP  
  2025     3    30     0     0     0                        EPOCH OF LAST MAP   
  3600                                                      INTERVAL            
[...]
abpo adis albh algo alic amu2 antc areg areq ascg aspa azgb COMMENT             
badg bake bako barh bjfs bndy boav bogo bogt bor1 braz brft COMMENT             
brst brux cags cas1 ccj2 cedu chpg chur ckis coco cord cpvg COMMENT             
cpxf cro1 daej darw dav1 dgar dhlg drao dubo ebre faa1 fair COMMENT             
flin flrs frdn func ganp glps glsv gode gol2 gold gope gras COMMENT             
graz guam guug harb hers hert hlfx hnpt hob2 hofn holb hrao COMMENT             
iddr ieng iisc impz ineg invk iqal irkj jog2 joz2 karr kerg COMMENT             
kir0 kiri kiru kit3 kokb kokv koug kour krgg lama laut lmmf COMMENT             
lpal lpgs mac1 madr mal2 mana mas1 mat1 mate maui maw1 mcil COMMENT             
mcm4 mdo1 medi mgue mizu mkea mnls mobs morp mro1 mtka nano COMMENT             
naur nico nist nium nklg nlib nnor not1 nrc1 ntus nya1 nyal COMMENT             
onsa opmt ous2 pado parc park pdel penc pert pie1 pimo pohn COMMENT             
pol2 polv pots pove ptbb ptvl qaq1 quin ramo reun reyk rgdg COMMENT             
rio2 roth salu samo sant savo sch2 scor scrz scub seyg sfer COMMENT             
spt0 ssia sthl stjo stk2 str2 suth sutm suwn sydn syog tash COMMENT             
thtg thti thu2 tid1 tidb tlse tn22 tong tow2 tro1 tskb twtf COMMENT             
txes uclu ufpr ulab unb3 unbj unsa urum usn7 usud vald vill COMMENT             
vtsp wab1 wab2 whit will wind wsrt wtza wtzr wtzs wtzz wuhn COMMENT             
xmis yar2 yarr yell ykro zeck zim2 zim3 zimm                COMMENT             
                                                            END OF HEADER       
[from data line 6006]
    15                                                      START OF TEC MAP    
  2025     3    29    14     0     0                        EPOCH OF CURRENT MAP
    87.5-180.0 180.0   5.0 450.0                            LAT/LON1/LON2/DLON/H
  243  244  247  249  251  254  256  259  262  264  267  269  272  274  276  278
  280  281  282  283  284  285  285  285  284  284  283  282  281  280  279  277
  275  274  272  270  268  266  264  262  260  259  257  255  253  252  250  249
  248  246  245  244  243  242  241  240  240  239  238  238  237  237  236  236
  236  236  236  237  238  239  240  241  243
    85.0-180.0 180.0   5.0 450.0                            LAT/LON1/LON2/DLON/H
  214  217  220  224  229  235  240  246  252  258  264  270  275  280  284  288
  291  294  296  297  298  299  299  298  297  296  294  292  290  287  285  282
  279  275  272  269  265  262  258  255  252  249  246  244  242  240  238  237
  236  235  234  233  233  232  231  230  229  228  226  224  223  221  218  216
  214  213  211  210  210  210  210  212  214
    82.5-180.0 180.0   5.0 450.0                            LAT/LON1/LON2/DLON/H
  181  183  187  192  199  207  216  225  234  244  253  262  270  277  283  288
  292  295  297  298  299  299  298  297  295  294  291  289  287  284  281  277
  274  270  266  262  257  253  249  245  241  238  235  233  231  230  230  230
  230  231  233  234  235  236  237  237  237  235  233  230  226  222  217  211
  206  200  195  190  186  182  181  180  181
    80.0-180.0 180.0   5.0 450.0                            LAT/LON1/LON2/DLON/H
  151  152  154  159  167  176  187  199  211  224  236  247  257  265  272  277
  281  284  285  285  285  285  284  283  282  280  279  277  275  273  271  268
  265  262  258  254  250  246  241  237  234  230  228  226  226  226  228  231
  234  239  243  248  253  257  260  262  263  262  259  255  250  242  234  224
  214  203  193  182  173  165  158  154  151
    77.5-180.0 180.0   5.0 450.0                            LAT/LON1/LON2/DLON/H
  133  129  129  132  139  148  160  173  187  202  216  228  239  248  254  259
  262  263  264  263  263  263  263  262  262  263  262  262  262  261  260  259
  257  255  252  249  246  242  238  235  232  229  227  227  228  231  235  241
  247  255  264  272  280  287  293  298  300  300  297  293  285  276  265  251
  237  222  206  190  175  161  149  140  133
    75.0-180.0 180.0   5.0 450.0                            LAT/LON1/LON2/DLON/H
  128  120  116  116  120  128  138  151  166  181  195  208  219  228  234  237
  239  239  239  239  240  240  242  244  246  248  249  250  251  252  252  251
  251  250  249  247  245  243  240  237  235  234  233  234  237  242  248  257
  267  277  289  300  310  320  327  333  336  336  334  328  320  309  296  281
  265  246  228  208  189  171  154  140  128
    72.5-180.0 180.0   5.0 450.0                            LAT/LON1/LON2/DLON/H
  136  124  116  113  113  117  125  136  149  163  177  190  200  208  214  216
  218  218  218  219  221  224  228  232  237  240  243  244  245  246  246  246
  246  246  247  247  246  245  244  243  242  242  243  246  250  257  265  276
  287  299  311  323  334  343  350  355  357  357  353  347  338  327  314  299
  283  265  246  227  207  187  168  150  136
    70.0-180.0 180.0   5.0 450.0                            LAT/LON1/LON2/DLON/H
  148  135  125  118  115  115  120  127  137  149  162  174  184  192  197  200
  202  202  204  207  211  217  224  230  236  240  242  242  242  241  241  240
  241  242  243  245  246  246  247  248  248  250  253  258  264  272  282  292
  303  315  325  335  343  349  353  355  354  351  346  338  328  317  305  292
  279  265  250  234  216  199  181  164  148
    67.5-180.0 180.0   5.0 450.0                            LAT/LON1/LON2/DLON/H
  156  145  135  127  121  118  118  122  128  138  149  161  171  180  186  190
  192  195  198  203  210  218  226  234  239  242  242  241  238  236  234  233
  234  236  238  240  243  245  247  249  252  255  261  267  275  284  294  304
  313  321  327  331  334  335  334  331  326  319  310  299  288  277  266  256
  247  238  230  220  209  196  183  169  156
    65.0-180.0 180.0   5.0 450.0                            LAT/LON1/LON2/DLON/H
  152  145  138  132  126  121  117  117  120  127  136  148  160  170  179  185
  190  194  199  206  214  223  231  238  242  242  239  235  230  227  224  224
  226  229  232  235  238  241  243  247  251  257  264  272  282  292  301  309
  315  318  318  316  311  305  298  290  280  268  255  241  227  214  203  195
  190  187  185  183  179  173  167  159  152
    62.5-180.0 180.0   5.0 450.0                            LAT/LON1/LON2/DLON/H
  132  131  131  129  125  119  114  110  110  115  123  136  149  163  174  184
  191  198  205  212  220  228  235  238  239  235  230  223  218  215  215  217
  221  226  230  233  235  237  239  243  248  255  264  274  285  295  304  310
  312  309  303  293  282  269  256  243  229  214  197  179  161  145  132  125
  122  123  126  129  132  133  133  132  132
    60.0-180.0 180.0   5.0 450.0                            LAT/LON1/LON2/DLON/H
   98  105  111  116  116  112  106  101   99  102  110  124  139  156  171  184
  196  205  213  220  226  231  234  233  229  223  215  208  205  205  209  216
  224  231  236  238  238  238  239  241  247  254  264  276  287  298  305  309
  308  301  289  273  255  238  221  205  189  172  153  132  110   89   74   64
   60   62   67   74   79   83   87   92   98
    57.5-180.0 180.0   5.0 450.0                            LAT/LON1/LON2/DLON/H
   60   72   85   96  101  101   96   91   88   90   99  113  130  149  168  186
  201  213  222  228  232  233  231  226  218  209  200  195  196  202  212  225
  238  247  252  253  251  247  245  246  250  257  268  279  291  302  309  312
  308  298  282  262  240  220  202  186  171  155  135  112   88   64   44   30
   23   23   27   31   36   40   44   50   60
    55.0-180.0 180.0   5.0 450.0                            LAT/LON1/LON2/DLON/H
   29   43   60   76   86   89   87   82   80   82   91  105  123  144  166  187
  207  222  233  239  240  238  232  223  212  201  194  192  197  209  226  245
  261  273  278  278  272  266  260  258  260  266  276  288  299  310  317  320
  315  304  286  263  240  219  201  188  175  162  145  124   99   73   50   32
   21   16   16   16   16   15   15   19   29
    52.5-180.0 180.0   5.0 450.0                            LAT/LON1/LON2/DLON/H
   15   28   45   63   76   81   81   78   77   81   90  103  120  141  164  189
  213  233  246  253  254  249  241  231  219  208  201  201  210  227  248  271
  290  304  309  308  301  291  282  278  278  282  291  301  313  323  330  333
  329  318  299  277  253  232  215  204  195  187  175  157  135  110   86   67
   52   43   37   32   25   18   12   10   15
    50.0-180.0 180.0   5.0 450.0                            LAT/LON1/LON2/DLON/H
   25   32   46   62   74   80   81   81   83   88   97  109  123  141  165  193
  221  246  264  273  275  272  265  254  242  231  224  225  234  252  274  297
  317  332  339  338  331  320  310  303  301  304  311  320  330  340  347  351
  348  337  319  296  272  251  235  224  218  213  206  195  180  160  139  120
  105   92   82   72   61   48   35   26   25
    47.5-180.0 180.0   5.0 450.0                            LAT/LON1/LON2/DLON/H
   57   57   64   74   83   88   89   90   95  102  112  121  132  146  169  198
  232  262  285  300  306  306  302  293  282  270  261  258  264  277  295  315
  334  350  360  363  359  350  340  332  329  330  335  342  351  359  367  370
  367  357  339  316  291  268  250  237  230  227  225  221  214  203  189  174
  159  147  135  124  111   96   80   66   57
    45.0-180.0 180.0   5.0 450.0                            LAT/LON1/LON2/DLON/H
  103   96   95   98  101  102  101  104  111  122  132  139  146  156  177  208
  245  281  310  330  342  348  348  343  332  317  303  294  291  296  307  322
  340  358  373  383  385  380  371  363  359  359  362  367  373  380  386  389
  386  374  355  332  305  280  257  238  227  222  222  224  226  224  219  210
  199  189  178  169  159  148  133  117  103
    42.5-180.0 180.0   5.0 450.0                            LAT/LON1/LON2/DLON/H
  153  140  132  127  123  119  116  119  129  142  154  161  164  171  189  220
  260  300  335  361  380  392  398  395  382  363  342  324  312  307  310  320
  337  360  384  403  413  413  406  399  393  392  393  395  399  404  408  408
  402  388  368  344  316  288  260  234  215  204  203  208  216  222  225  222
  215  206  199  194  191  188  180  168  153
    40.0-180.0 180.0   5.0 450.0                            LAT/LON1/LON2/DLON/H
  194  179  165  154  144  135  129  131  143  160  174  181  183  188  205  236
  277  319  357  389  414  432  441  439  424  400  372  346  326  314  311  319
  340  370  404  433  451  455  450  441  434  431  429  429  430  432  433  429
  420  404  382  358  332  303  271  238  210  191  185  189  199  209  215  215
  209  201  194  194  200  207  211  206  194
    37.5-180.0 180.0   5.0 450.0                            LAT/LON1/LON2/DLON/H
  218  204  189  174  160  147  138  139  151  170  188  197  201  207  224  255
  295  337  376  410  440  462  472  469  451  423  390  361  339  326  324  335
  362  401  446  484  508  514  507  497  487  480  476  473  470  469  465  458
  445  426  406  385  364  339  307  270  234  207  192  191  197  204  208  205
  196  184  175  176  187  205  220  225  218
    35.0-180.0 180.0   5.0 450.0                            LAT/LON1/LON2/DLON/H
  224  213  198  183  168  153  141  140  152  173  193  207  215  225  244  275
  312  351  389  424  456  479  489  483  463  434  403  379  363  357  363  383
  418  467  520  564  589  593  583  568  554  544  536  529  523  517  510  499
  483  464  446  433  422  407  381  346  306  271  248  238  234  232  226  215
  197  177  160  156  167  189  212  225  224
    32.5-180.0 180.0   5.0 450.0                            LAT/LON1/LON2/DLON/H
  216  208  196  183  168  153  141  138  148  168  190  208  224  241  264  294
  328  362  397  432  464  486  494  485  465  441  420  408  408  417  437  469
  515  571  628  672  693  692  675  655  637  623  611  599  588  577  567  554
  537  520  509  506  509  509  495  467  428  391  361  340  324  307  287  261
  231  198  168  152  155  174  198  213  216
    30.0-180.0 180.0   5.0 450.0                            LAT/LON1/LON2/DLON/H
  202  195  185  175  164  151  139  134  140  157  180  203  226  252  281  312
  342  371  402  435  466  487  491  482  466  454  451  460  481  511  548  593
  646  705  760  798  811  801  778  752  731  713  697  680  663  649  635  622
  607  595  591  600  618  635  637  620  589  554  521  492  463  429  392  351
  307  259  213  180  166  172  188  200  202
    27.5-180.0 180.0   5.0 450.0                            LAT/LON1/LON2/DLON/H
  191  181  172  165  158  149  138  130  132  145  166  192  222  257  293  325
  352  376  404  437  467  485  488  481  476  481  503  538  582  633  685  739
  795  850  896  924  927  909  880  851  828  808  788  765  744  725  710  697
  686  680  683  702  732  762  780  777  757  729  699  667  628  581  529  475
  418  358  296  242  207  193  193  195  191
    25.0-180.0 180.0   5.0 450.0                            LAT/LON1/LON2/DLON/H
  188  173  163  157  154  148  139  130  127  134  151  177  214  256  298  333
  358  380  406  439  469  486  490  489  500  529  576  636  701  766  827  883
  935  980 1013 1028 1021  997  967  940  917  897  874  847  820  797  781  771
  764  763  770  791  825  862  890  899  892  875  854  825  783  730  670  608
  546  477  403  331  273  236  215  202  188
    22.5-180.0 180.0   5.0 450.0                            LAT/LON1/LON2/DLON/H
  195  174  160  154  153  150  143  133  127  127  138  163  202  250  298  335
  360  382  410  444  475  492  499  509  539  593  665  744  820  890  950 1000
 1041 1072 1090 1093 1080 1056 1029 1007  989  970  945  915  884  858  841  833
  830  830  834  847  873  906  935  951  955  952  943  926  892  841  782  722
  661  592  513  428  351  291  250  220  195
    20.0-180.0 180.0   5.0 450.0                            LAT/LON1/LON2/DLON/H
  209  181  163  155  154  153  148  139  130  125  130  151  189  240  292  332
  360  384  415  453  485  504  516  540  590  667  757  844  920  983 1033 1070
 1095 1110 1116 1111 1097 1078 1061 1048 1036 1020  995  963  930  902  884  877
  874  869  862  857  862  878  898  914  925  934  943  943  925  887  838  788
  737  676  599  510  421  346  289  245  209
    17.5-180.0 180.0   5.0 450.0                            LAT/LON1/LON2/DLON/H
  225  192  170  159  156  155  152  144  135  127  127  142  178  229  283  327
  359  388  424  464  498  519  539  577  646  741  839  923  986 1032 1065 1085
 1095 1097 1094 1087 1078 1070 1064 1062 1057 1045 1022  990  956  926  907  898
  892  877  849  815  789  778  781  790  804  825  851  873  877  859  828  793
  757  709  643  559  469  387  320  268  225
    15.0-180.0 180.0   5.0 450.0                            LAT/LON1/LON2/DLON/H
  238  203  178  163  157  154  152  147  139  131  128  139  170  219  274  323
  360  396  436  479  514  538  564  615  699  803  898  968 1010 1034 1048 1054
 1052 1046 1041 1038 1038 1042 1049 1056 1058 1048 1027  997  964  934  913  901
  888  858  804  735  671  629  611  611  624  652  694  736  764  770  759  741
  721  689  638  566  484  405  338  283  238
    12.5-180.0 180.0   5.0 450.0                            LAT/LON1/LON2/DLON/H
  244  210  183  165  154  149  147  145  141  136  132  139  166  213  268  321
  365  407  452  497  532  557  589  650  743  846  931  979  997 1001 1000  996
  990  984  983  988  998 1013 1029 1042 1046 1038 1018  991  960  931  909  892
  869  822  741  638  539  469  433  423  434  466  517  577  625  650  656  653
  645  628  591  536  468  400  339  287  244
    10.0-180.0 180.0   5.0 450.0                            LAT/LON1/LON2/DLON/H
  244  211  185  164  149  141  138  138  139  138  137  143  167  210  266  323
  374  423  471  516  551  577  614  680  774  870  937  963  961  950  943  940
  938  938  945  958  977  998 1018 1031 1033 1024 1005  980  952  925  901  880
  848  785  681  552  429  342  296  282  291  322  376  444  504  541  556  559
  557  548  524  484  433  379  328  283  244
     7.5-180.0 180.0   5.0 450.0                            LAT/LON1/LON2/DLON/H
  240  209  183  160  142  130  125  127  133  138  141  148  170  211  269  330
  388  441  492  536  570  598  638  705  794  877  926  933  918  903  901  907
  916  927  943  962  984 1005 1021 1029 1026 1012  992  970  945  920  897  873
  835  762  645  502  372  283  241  230  239  266  316  380  440  478  492  491
  486  476  458  430  394  354  314  275  240
     5.0-180.0 180.0   5.0 450.0                            LAT/LON1/LON2/DLON/H
  236  206  179  155  135  119  113  115  124  133  141  151  173  215  274  340
  403  461  512  556  589  618  660  725  805  873  905  902  885  878  889  911
  934  956  978 1000 1018 1032 1039 1038 1027 1008  985  963  942  920  898  874
  835  761  643  505  384  311  286  287  298  319  356  407  454  480  482  468
  451  434  416  393  366  336  303  269  236
     2.5-180.0 180.0   5.0 450.0                            LAT/LON1/LON2/DLON/H
  234  203  176  151  129  112  103  104  114  127  138  151  175  218  279  349
  417  476  528  571  606  638  681  741  810  864  885  880  872  882  911  948
  984 1014 1039 1057 1066 1068 1063 1052 1033 1007  981  958  938  919  902  882
  848  781  677  558  464  421  423  442  457  468  488  517  542  546  526  493
  460  430  405  382  358  331  301  267  234
