ionex_files/COD0OPSFIN_20250970000_01D_01H_GIM.INX
     1.0            IONOSPHERE MAPS     GNSS                IONEX VERSION / TYPE
ADDNEQ2 V5.5        AIUB                11-APR-25 20:16     PGM / RUN BY / DATE 
CODE'S GLOBAL IONOSPHERE MAPS FOR DAY 097, 2025             COMMENT             
Global ionosphere maps (GIM) are generated on a daily basis DESCRIPTION         
at CODE using data from about 300 GNSS sites of the IGS and DESCRIPTION         
other institutions. The vertical total electron content     DESCRIPTION         
(VTEC) is modeled in a solar-geomagnetic reference frame    DESCRIPTION         
using a spherical harmonics expansion up to degree and      DESCRIPTION         
order 15. Piece-wise linear functions are used for          DESCRIPTION         
representation in the time domain. The time spacing of      DESCRIPTION         
their vertices is 1 hour, conforming with the epochs of the DESCRIPTION         
VTEC maps.                                                  DESCRIPTION         
To convert line-of-sight TEC into vertical TEC, a modified  DESCRIPTION         
single-layer model mapping function approximating the JPL   DESCRIPTION         
extended slab model mapping function is adopted. The        DESCRIPTION         
mapping function is evaluated at geodetic satellite         DESCRIPTION         
elevation angles. For the computation of the ionospheric    DESCRIPTION         
pierce points, a spherical layer with a radius of 6821 km   DESCRIPTION         
is assumed, implying geocentric, not geodetic IONEX         DESCRIPTION         
latitudes.                                                  DESCRIPTION         
Instrumental biases with respect to each involved GNSS code DESCRIPTION         
observable are estimated as constant values for each        DESCRIPTION         
day. They are modeled with one set of bias parameters for   DESCRIPTION         
each satellite and each station in case of GPS and for each DESCRIPTION         
satellite-station link in case of GLONASS. The code bias    DESCRIPTION         
datum is defined by zero-mean conditions imposed on the     DESCRIPTION         
satellite bias estimates. In this file, just GPS C1W-C2W    DESCRIPTION         
satellite and station bias values are included. The         DESCRIPTION         
complete set of GNSS code bias results is provided in an    DESCRIPTION         
additional Bias-SINEX file as pseudo-absolute values        DESCRIPTION         
specific to each observable.                                DESCRIPTION         
Note: These GIM results correspond to the results for the   DESCRIPTION         
middle day of a 3-day combination analysis solving for 73   DESCRIPTION         
times 256, or 18688 VTEC parameters and 3 daily sets of     DESCRIPTION         
GNSS code bias parameters.                                  DESCRIPTION         
Contact address: code(at)aiub.unibe.ch                      DESCRIPTION         
Data archive:    ftp.aiub.unibe.ch/CODE/                    DESCRIPTION         
                 www.aiub.unibe.ch/download/CODE/           DESCRIPTION         
  2025     4     7     0     0     0                        EPOCH OF FIRST MAP  
  2025     4     8     0     0     0                        EPOCH OF LAST MAP   
  3600                                                      INTERVAL            
[...]
azgb badg bake barh bjfs bndy boav bogo bogt bor1 braz brft COMMENT             
brst brux cags cas1 ccj2 cedu chpg chti chur ckis coco cord COMMENT             
cpvg cpxf cro1 daej darw dav1 dgar dhlg drao dubo ebre faa1 COMMENT             
fair flin frdn func ganp glps glsv gode gol2 gold gope gras COMMENT             
graz guam guug harb hers hert hlfx hnpt hob2 hofn holb hrao COMMENT             
iddr ieng iisc impz ineg invk iqal irkj jog2 joz2 joze karr COMMENT             
kerg kir0 kiri kiru kit3 kokb kokv koug kour krgg lama laut COMMENT             
lmmf lpal lpgs m0se mac1 madr mal2 mana mas1 mat1 mate maui COMMENT             
maw1 mcil mcm4 mdo1 medi mgue mizu mkea mnls mobs morp mqzg COMMENT             
mro1 mtka nano naur nico nist nium nklg nlib nnor not1 nrc1 COMMENT             
ntus nya1 nyal onsa opmt ous2 pado parc park pdel penc pert COMMENT             
pie1 pimo pohn pol2 polv pots pove ptag ptbb ptvl qaq1 quin COMMENT             
rabt ramo reun reyk rgdg rio2 roth salu samo sant savo sch2 COMMENT             
scor scrz scub seyg sfer spt0 ssia sthl stjo stk2 str2 suth COMMENT             
sutm suwn sydn syog tash thtg thti thu2 tid1 tidb tlse tn22 COMMENT             
tong tro1 tskb twtf txes uclu ufpr ulab unb3 unbj unsa urum COMMENT             
usn7 usud vald vill vtsp wab1 wab2 whit will wind wsrt wtza COMMENT             
wtzr wtzs wtzz wuhn xmis yar2 yar3 yarr yell ykro zeck zim2 COMMENT             
zim3 zimm                                                   COMMENT             
                                                            END OF HEADER       
[from data line 2574]
     7                                                      START OF TEC MAP    
  2025     4     7     6     0     0                        EPOCH OF CURRENT MAP
    87.5-180.0 180.0   5.0 450.0                            LAT/LON1/LON2/DLON/H
  190  190  191  191  191  192  192  193  194  194  195  196  197  197  198  199
  199  199  200  200  200  200  199  199  198  198  197  196  196  195  194  193
  193  192  192  191  191  190  190  190  190  190  190  190  190  190  190  190
  191  191  191  191  192  192  192  192  192  193  193  193  192  192  192  192
  192  192  191  191  191  191  190  190  190
    85.0-180.0 180.0   5.0 450.0                            LAT/LON1/LON2/DLON/H
  178  177  176  176  176  177  178  179  181  183  185  188  190  193  195  197
  198  199  200  200  200  199  197  196  194  192  190  187  185  183  181  180
  178  177  176  176  175  175  175  176  176  177  178  178  179  181  182  183
  184  186  187  189  190  191  192  193  194  195  195  195  195  195  194  193
  191  190  188  186  184  183  181  179  178
    82.5-180.0 180.0   5.0 450.0                            LAT/LON1/LON2/DLON/H
  166  162  158  156  154  154  155  156  159  162  166  171  176  180  185  188
  191  193  194  194  193  191  188  184  180  176  171  167  163  160  157  155
  154  153  153  154  155  156  157  159  161  163  165  167  170  172  175  178
  181  184  187  190  193  197  200  202  205  207  208  209  209  208  207  205
  202  199  195  190  185  180  175  170  166
    80.0-180.0 180.0   5.0 450.0                            LAT/LON1/LON2/DLON/H
  162  154  146  139  134  131  129  129  132  136  141  147  154  161  168  174
  179  182  183  183  181  177  172  165  159  152  145  139  134  130  128  127
  127  128  129  132  135  138  142  145  149  152  156  159  163  167  171  176
  181  186  191  197  203  209  214  220  224  229  232  234  235  235  233  230
  226  221  214  207  199  190  181  171  162
    77.5-180.0 180.0   5.0 450.0                            LAT/LON1/LON2/DLON/H
  172  158  145  132  122  114  108  106  106  109  115  122  130  139  148  155
  162  166  168  168  165  159  152  144  135  125  117  110  105  101  100  101
  103  106  111  116  121  127  132  137  142  147  152  156  161  167  172  178
  185  192  200  208  217  226  234  243  250  257  262  266  269  269  268  265
  261  254  246  237  226  214  201  187  172
    75.0-180.0 180.0   5.0 450.0                            LAT/LON1/LON2/DLON/H
  197  178  158  139  123  109   98   91   88   89   93  100  108  117  127  136
  144  149  152  152  149  143  134  124  114  103   94   87   82   80   81   84
   88   94  101  108  116  123  129  135  141  147  152  157  163  169  176  183
  192  201  211  221  233  244  255  266  276  285  293  299  303  304  304  301
  297  291  282  273  261  248  232  215  197
    72.5-180.0 180.0   5.0 450.0                            LAT/LON1/LON2/DLON/H
  231  208  183  159  136  116  100   88   82   80   81   86   92  101  110  119
  127  133  137  138  136  130  122  111  100   90   81   74   71   71   73   78
   85   93  101  109  117  124  131  137  143  149  154  160  166  173  180  189
  199  209  221  233  246  259  272  285  297  307  316  323  328  330  331  328
  325  319  313  305  295  283  269  251  231
    70.0-180.0 180.0   5.0 450.0                            LAT/LON1/LON2/DLON/H
  264  240  212  183  155  130  110   95   86   81   80   82   86   92   98  106
  113  120  125  127  127  122  115  106   95   86   78   73   71   72   77   83
   90   98  106  114  121  127  133  139  145  150  156  162  168  176  184  193
  204  216  229  242  256  269  282  295  307  317  327  334  338  341  341  339
  336  332  328  323  318  310  300  284  264
    67.5-180.0 180.0   5.0 450.0                            LAT/LON1/LON2/DLON/H
  289  265  236  204  173  145  122  106   95   90   87   87   88   90   94   98
  104  110  116  120  121  118  113  105   97   89   83   79   79   81   85   91
   98  105  112  118  123  128  134  139  145  150  156  162  169  177  185  196
  207  220  234  247  260  272  284  295  306  315  323  329  333  334  333  330
  327  324  323  323  323  321  317  306  289
    65.0-180.0 180.0   5.0 450.0                            LAT/LON1/LON2/DLON/H
  298  276  247  214  181  152  130  114  105  100   98   96   95   94   94   95
   99  103  109  113  115  115  112  106  100   94   90   87   87   89   93   97
  103  108  113  117  121  125  130  136  142  148  155  161  168  175  184  195
  208  222  236  250  262  272  282  290  298  304  310  314  316  315  312  308
  304  301  301  304  309  314  316  311  298
    62.5-180.0 180.0   5.0 450.0                            LAT/LON1/LON2/DLON/H
  292  273  244  211  178  149  128  115  109  107  107  105  103  100   96   95
   95   98  102  106  109  109  108  104  100   96   93   91   91   91   93   96
   99  103  106  110  114  119  124  131  138  146  153  159  165  173  182  194
  208  224  239  253  264  273  280  285  289  292  295  297  296  294  289  282
  276  271  270  275  283  293  300  301  292
    60.0-180.0 180.0   5.0 450.0                            LAT/LON1/LON2/DLON/H
  276  260  233  200  168  140  121  110  107  108  110  110  108  104   99   95
   93   93   95   97   99  100   98   96   94   92   90   88   86   85   84   85
   87   90   95  100  105  112  119  127  135  144  151  157  162  169  179  192
  209  227  245  260  272  280  285  287  287  287  287  286  283  279  272  264
  254  247  244  247  255  266  277  281  276
    57.5-180.0 180.0   5.0 450.0                            LAT/LON1/LON2/DLON/H
  261  247  223  192  160  133  115  105  103  105  108  109  108  104   99   94
   90   88   87   87   86   86   84   83   82   81   80   78   75   71   68   67
   70   75   83   91   99  107  116  125  135  144  150  155  160  166  177  192
  212  234  256  274  287  296  300  300  298  295  291  287  282  277  270  260
  250  240  233  231  236  246  257  263  261
    55.0-180.0 180.0   5.0 450.0                            LAT/LON1/LON2/DLON/H
  255  245  224  197  168  142  122  111  105  104  104  104  103  100   96   92
   87   82   79   76   73   71   69   68   68   68   67   65   60   55   50   49
   53   62   74   87   99  109  118  128  137  145  151  155  158  164  176  195
  219  246  272  294  310  320  325  326  322  316  309  302  295  289  282  274
  264  252  241  235  234  239  248  255  255
    52.5-180.0 180.0   5.0 450.0                            LAT/LON1/LON2/DLON/H
  263  258  245  223  198  173  152  135  122  112  104   99   96   95   93   89
   84   79   73   68   63   60   57   56   57   58   57   55   49   42   37   36
   43   57   74   91  105  116  125  132  140  147  152  154  158  165  179  202
  231  262  292  318  338  351  359  360  356  348  338  327  317  310  304  299
  291  280  268  256  250  249  254  260  263
    50.0-180.0 180.0   5.0 450.0                            LAT/LON1/LON2/DLON/H
  285  287  282  270  251  229  206  182  158  135  115  101   94   91   90   88
   83   77   71   65   60   56   54   54   55   56   55   52   45   38   33   34
   43   60   82  102  118  127  133  138  144  149  153  156  160  169  187  214
  247  283  316  345  368  384  394  398  394  384  370  354  341  332  327  325
  321  314  302  288  277  271  272  278  285
    47.5-180.0 180.0   5.0 450.0                            LAT/LON1/LON2/DLON/H
  312  323  328  326  316  299  276  245  210  172  138  113   99   93   91   90
   86   80   74   69   66   64   64   64   64   64   63   59   52   45   40   42
   53   73   96  117  132  139  141  143  147  152  156  160  166  178  200  231
  268  306  341  371  396  415  427  433  430  419  401  380  361  348  343  343
  344  342  333  320  306  297  295  301  312
    45.0-180.0 180.0   5.0 450.0                            LAT/LON1/LON2/DLON/H
  336  353  368  376  375  364  343  310  267  217  170  134  111  102   99   96
   92   87   83   82   82   84   86   86   86   84   80   75   68   62   58   60
   70   89  111  131  144  148  148  147  151  156  162  169  179  195  221  256
  295  333  368  398  423  442  457  464  462  450  429  403  378  359  350  350
  354  356  353  343  329  318  314  321  336
    42.5-180.0 180.0   5.0 450.0                            LAT/LON1/LON2/DLON/H
  348  369  388  402  407  403  388  358  313  257  202  158  130  117  111  108
  103   99   98  101  107  113  118  119  116  111  104   96   90   84   81   82
   90  105  123  140  150  153  152  152  157  166  175  186  200  221  250  287
  326  364  398  428  452  472  486  494  493  482  461  431  399  373  356  351
  354  359  359  353  342  331  326  332  348
    40.0-180.0 180.0   5.0 450.0                            LAT/LON1/LON2/DLON/H
  348  366  382  394  400  400  392  370  331  280  225  180  150  135  128  123
  117  115  117  125  136  147  154  156  151  141  129  119  112  107  105  104
  108  116  129  142  151  155  156  160  169  183  197  212  229  254  287  325
  364  402  436  466  492  511  525  532  533  525  506  476  439  403  376  361
  357  359  361  358  349  339  332  335  348
    37.5-180.0 180.0   5.0 450.0                            LAT/LON1/LON2/DLON/H
  345  352  356  356  354  352  349  338  313  274  229  190  164  151  145  139
  134  132  138  150  166  180  190  191  184  169  153  139  131  127  125  122
  120  121  128  138  148  156  164  174  190  208  227  245  267  294  329  368
  407  447  484  519  548  569  583  591  595  592  579  551  511  467  427  398
  381  375  374  371  363  352  343  341  345
    35.0-180.0 180.0   5.0 450.0                            LAT/LON1/LON2/DLON/H
  353  343  327  306  285  273  271  271  262  241  211  185  169  162  159  154
  150  150  158  173  191  208  219  221  211  193  172  154  144  141  140  134
  127  121  123  133  147  161  177  195  217  241  263  284  308  338  375  414
  456  500  546  590  628  653  669  679  688  693  687  665  626  575  522  476
  444  425  414  407  398  385  372  361  353
    32.5-180.0 180.0   5.0 450.0                            LAT/LON1/LON2/DLON/H
  391  361  320  271  223  192  183  188  193  190  178  167  164  166  168  166
  163  164  174  190  209  226  238  241  232  212  186  165  153  150  148  141
  130  119  118  129  149  172  197  222  249  276  300  324  350  383  421  463
  509  561  620  679  729  763  783  797  812  827  831  817  781  726  663  603
  553  518  496  480  466  450  432  412  391
    30.0-180.0 180.0   5.0 450.0                            LAT/LON1/LON2/DLON/H
  469  423  358  279  201  144  119  120  132  141  143  146  154  165  172  174
  172  175  185  201  219  236  249  253  246  225  198  173  159  154  152  145
  131  119  117  131  157  188  220  251  281  309  335  360  389  425  466  512
  564  627  701  777  843  888  915  936  959  983  998  992  960  905  837  767
  704  655  619  593  572  551  528  502  469
    27.5-180.0 180.0   5.0 450.0                            LAT/LON1/LON2/DLON/H
  590  534  452  349  243  159  112  100  107  117  124  133  148  164  175  179
  179  182  192  207  223  239  252  259  254  235  207  180  163  156  154  147
  133  121  121  139  170  207  244  277  308  336  362  389  422  463  509  559
  618  692  781  873  954 1010 1047 1077 1109 1141 1163 1162 1135 1084 1018  946
  879  820  773  738  709  684  658  629  590
    25.0-180.0 180.0   5.0 450.0                            LAT/LON1/LON2/DLON/H
  741  684  597  482  357  248  177  146  138  137  138  143  156  171  182  184
  184  187  196  209  224  239  253  262  261  244  216  187  167  157  154  147
  136  126  129  149  184  224  262  295  325  353  381  412  451  497  549  604
  669  750  848  952 1042 1108 1154 1193 1232 1270 1294 1296 1273 1230 1173 1110
 1047  988  936  894  859  831  805  778  741
    22.5-180.0 180.0   5.0 450.0                            LAT/LON1/LON2/DLON/H
  898  850  770  656  524  402  311  258  229  209  193  185  186  193  197  195
  191  191  199  212  225  240  255  266  266  251  224  194  170  158  152  146
  137  131  137  159  195  235  271  303  333  362  393  430  475  528  586  646
  713  796  895  999 1090 1160 1212 1259 1304 1343 1365 1366 1346 1313 1273 1228
 1181 1131 1081 1037  999  970  947  926  898
    20.0-180.0 180.0   5.0 450.0                            LAT/LON1/LON2/DLON/H
 1031  997  933  834  710  586  486  415  366  324  287  258  242  234  226  214
  204  200  206  217  231  247  262  272  272  257  231  200  173  156  148  142
  136  133  141  164  198  236  271  302  332  365  402  445  498  558  620  682
  748  825  914 1007 1088 1154 1208 1259 1306 1342 1358 1355 1339 1319 1301 1281
 1257 1225 1185 1144 1107 1079 1061 1048 1031
    17.5-180.0 180.0   5.0 450.0                            LAT/LON1/LON2/DLON/H
 1116 1095 1049  970  866  755  657  581  519  460  404  355  319  293  269  246
  226  217  219  229  244  260  274  282  278  261  234  203  175  154  142  135
  130  130  138  160  193  229  262  295  329  368  411  462  520  585  650  712
  773  837  907  976 1038 1091 1141 1192 1237 1267 1275 1268 1257 1254 1258 1267
 1270 1260 1235 1201 1168 1143 1130 1124 1116
    15.0-180.0 180.0   5.0 450.0                            LAT/LON1/LON2/DLON/H
 1139 1123 1089 1031  951  862  781  713  652  589  522  459  407  364  325  289
  259  242  239  247  262  278  290  293  284  263  235  204  174  150  134  125
  121  121  130  150  180  215  250  286  327  373  423  478  540  607  673  733
  786  834  879  919  954  988 1029 1075 1114 1135 1136 1129 1127 1141 1168 1202
 1230 1242 1234 1209 1181 1159 1149 1145 1139
    12.5-180.0 180.0   5.0 450.0                            LAT/LON1/LON2/DLON/H
 1105 1082 1048 1002  944  881  825  779  734  682  619  553  493  439  388  342
  303  278  268  271  283  299  309  306  289  263  234  204  174  147  128  116
  111  111  118  135  164  199  238  281  328  381  436  493  555  620  686  743
  788  821  841  852  859  874  903  940  970  982  978  976  988 1020 1065 1116
 1162 1191 1196 1179 1156 1137 1127 1118 1105
    10.0-180.0 180.0   5.0 450.0                            LAT/LON1/LON2/DLON/H
 1034  991  944  896  851  812  784  768  752  725  680  624  565  508  453  400
  354  321  302  297  305  318  325  317  294  264  233  204  175  147  124  110
  103  101  106  121  149  186  230  278  332  389  446  502  559  621  684  740
  781  804  806  794  781  780  797  824  843  847  844  853  883  931  987 1044
 1096 1132 1144 1133 1112 1094 1082 1065 1034
     7.5-180.0 180.0   5.0 450.0                            LAT/LON1/LON2/DLON/H
  958  887  814  752  708  683  680  695  714  719  702  665  617  565  511  458
  409  368  338  323  322  331  336  325  299  266  235  207  179  150  126  110
  101   97   99  112  139  178  226  278  335  393  447  498  549  606  667  724
  767  788  784  764  742  734  745  763  771  768  770  795  846  906  964 1014
 1058 1091 1102 1091 1070 1053 1038 1010  958
     5.0-180.0 180.0   5.0 450.0                            LAT/LON1/LON2/DLON/H
  908  809  706  621  567  547  560  599  647  684  696  681  649  607  561  511
  461  414  373  345  334  337  340  330  304  270  240  213  186  157  132  115
  105  100   99  109  135  175  224  277  333  388  436  480  524  576  635  696
  746  776  781  767  752  750  762  774  773  767  777  821  889  956 1005 1036
 1062 1081 1084 1068 1044 1028 1012  978  908
     2.5-180.0 180.0   5.0 450.0                            LAT/LON1/LON2/DLON/H
  904  787  660  554  485  460  476  527  593  652  685  689  671  639  600  556
  508  456  404  363  340  337  339  330  307  276  247  221  193  165  140  125
  115  108  105  112  135  174  221  272  322  370  412  449  487  535  594  660
  722  768  793  802  809  825  846  858  853  845  864  924 1004 1069 1099 1104
 1103 1103 1092 1068 1041 1025 1015  982  904
