ionex_files/COD0OPSFIN_20250720000_01D_01H_GIM.INX
     1.0            IONOSPHERE MAPS     GNSS                IONEX VERSION / TYPE
ADDNEQ2 V5.5        AIUB                17-MAR-25 18:56     PGM / RUN BY / DATE 
CODE'S GLOBAL IONOSPHERE MAPS FOR DAY 072, 2025             COMMENT             
Global ionosphere maps (GIM) are generated on a daily basis DESCRIPTION         
at CODE using data from about 300 GNSS sites of the IGS and DESCRIPTION         
other institutions. The vertical total electron content     DESCRIPTION         
(VTEC) is modeled in a solar-geomagnetic reference frame    DESCRIPTION         
using a spherical harmonics expansion up to degree and      DESCRIPTION         
order 15. Piece-wise linear functions are used for          DESCRIPTION         
representation in the time domain. The time spacing of      DESCRIPTION         
their vertices is 1 hour, conforming with the epochs of the DESCRIPTION         
VTEC maps.                                                  DESCRIPTION         
To convert line-of-sight TEC into vertical TEC, a modified  DESCRIPTION         
single-layer model mapping function approximating the JPL   DESCRIPTION         
extended slab model mapping function is adopted. The        DESCRIPTION         
mapping function is evaluated at geodetic satellite         DESCRIPTION         
elevation angles. For the computation of the ionospheric    DESCRIPTION         
pierce points, a spherical layer with a radius of 6821 km   DESCRIPTION         
is assumed, implying geocentric, not geodetic IONEX         DESCRIPTION         
latitudes.                                                  DESCRIPTION         
Instrumental biases with respect to each involved GNSS code DESCRIPTION         
observable are estimated as constant values for each        DESCRIPTION         
day. They are modeled with one set of bias parameters for   DESCRIPTION         
each satellite and each station in case of GPS and for each DESCRIPTION         
satellite-station link in case of GLONASS. The code bias    DESCRIPTION         
datum is defined by zero-mean conditions imposed on the     DESCRIPTION         
satellite bias estimates. In this file, just GPS C1W-C2W    DESCRIPTION         
satellite and station bias values are included. The         DESCRIPTION         
complete set of GNSS code bias results is provided in an    DESCRIPTION         
additional Bias-SINEX file as pseudo-absolute values        DESCRIPTION         
specific to each observable.                                DESCRIPTION         
Note: These GIM results correspond to the results for the   DESCRIPTION         
middle day of a 3-day combination analysis solving for 73   DESCRIPTION         
times 256, or 18688 VTEC parameters and 3 daily sets of     DESCRIPTION         
GNSS code bias parameters.                                  DESCRIPTION         
Contact address: code(at)aiub.unibe.ch                      DESCRIPTION         
Data archive:    ftp.aiub.unibe.ch/CODE/                    DESCRIPTION         
                 www.aiub.unibe.ch/download/CODE/           DESCRIPTION         
  2025     3    13     0     0     0                        EPOCH OF FIRST MAP  
  2025     3    14     0     0     0                        EPOCH OF LAST MAP   
  3600                                                      INTERVAL            
[...]
abpo adis albh algo alic amu2 antc areg areq ascg aspa azgb COMMENT             
badg bake barh bjfs bndy boav bogo bogt bor1 braz brft brst COMMENT             
brux cags cas1 ccj2 cedu chpg chur ckis coco cord cpvg cpxf COMMENT             
cro1 daej darw dav1 dgar dhlg drao dubo ebre faa1 fair flin COMMENT             
flrs frdn func ganp glps glsv gode gol2 gold gope gras graz COMMENT             
guam guug harb hers hert hlfx hnpt hob2 hofn holb hrao iddr COMMENT             
ieng iisc impz ineg invk iqal irkj jog2 joz2 karr kerg kir0 COMMENT             
kiri kiru kit3 kokb kokv koug kour krgg lama laut lmmf lpal COMMENT             
lpgs mac1 madr mal2 mana mas1 mat1 mate maui maw1 mcm4 mdo1 COMMENT             
medi mgue mizu mkea mnls mobs monp morp mro1 mtka nano naur COMMENT             
nico nist nium nklg nlib nnor nrc1 ntus nya1 nyal onsa opmt COMMENT             
ous2 pado parc park pdel penc pert pie1 pimo pohn pol2 polv COMMENT             
pots pove ptag ptbb ptvl qaq1 quin rabt ramo reun reyk rgdg COMMENT             
rio2 roth salu samo sant savo sch2 scor scrz scub seyg sfer COMMENT             
spt0 ssia sthl stjo stk2 str2 suth sutm suwn sydn syog tash COMMENT             
thtg thti thu2 tid1 tidb tlse tn22 tong tow2 tro1 tskb twtf COMMENT             
txes uclu ufpr ulab unb3 unbj unsa urum usn7 usud vald vill COMMENT             
vtsp wab1 wab2 whit will wind wtza wtzr wtzs wtzz wuhn xmis COMMENT             
yar2 yar3 yarr yell ykro zeck zim2 zim3 zimm                COMMENT             
                                                            END OF HEADER       
[from data line 3432]
     9                                                      START OF TEC MAP    
  2025     3    13     8     0     0                        EPOCH OF CURRENT MAP
    87.5-180.0 180.0   5.0 450.0                            LAT/LON1/LON2/DLON/H
  105  107  109  112  114  117  120  123  126  129  132  135  138  141  144  147
  149  151  153  155  157  158  159  160  161  161  161  161  161  161  160  159
  158  158  156  155  154  153  151  150  148  146  144  142  140  138  136  134
  132  129  127  125  122  120  118  115  113  111  109  107  106  104  103  102
  101  100  100  100  101  101  102  104  105
    85.0-180.0 180.0   5.0 450.0                            LAT/LON1/LON2/DLON/H
   79   82   86   90   95  101  106  112  118  124  131  137  142  148  153  158
  162  165  168  171  173  174  175  176  176  175  175  174  173  172  171  169
  168  167  165  164  162  161  159  158  156  154  152  150  148  146  144  141
  138  135  132  129  125  121  117  112  108  104   99   95   91   87   83   80
   77   75   74   73   73   73   74   76   79
    82.5-180.0 180.0   5.0 450.0                            LAT/LON1/LON2/DLON/H
   63   67   71   76   82   88   95  103  111  119  127  134  142  149  155  161
  165  169  172  174  175  175  175  174  172  171  169  167  165  164  162  161
  160  159  159  158  158  158  158  158  158  158  158  158  158  157  157  156
  155  153  151  148  145  141  136  131  125  119  112  106   99   92   86   80
   74   70   66   63   61   60   60   61   63
    80.0-180.0 180.0   5.0 450.0                            LAT/LON1/LON2/DLON/H
   65   67   69   73   78   83   90   97  105  113  121  128  136  143  149  154
  158  160  162  162  162  160  157  154  151  148  145  143  141  139  138  138
  139  140  141  143  145  147  150  153  156  159  162  165  169  172  175  178
  181  183  184  184  183  181  177  172  166  159  151  142  133  124  115  106
   97   90   83   77   73   69   67   65   65
    77.5-180.0 180.0   5.0 450.0                            LAT/LON1/LON2/DLON/H
   85   83   82   83   85   88   92   97  102  108  114  120  125  131  135  139
  141  142  142  140  137  133  129  124  119  115  111  109  107  107  108  110
  113  116  120  125  130  136  141  147  153  160  166  173  181  188  196  204
  211  218  224  229  232  233  232  229  224  217  209  199  188  177  165  154
  144  133  124  115  107  100   94   89   85
    75.0-180.0 180.0   5.0 450.0                            LAT/LON1/LON2/DLON/H
  117  110  105  102  100  100  100  102  104  106  109  112  114  117  119  120
  121  120  118  114  110  104   98   92   86   82   79   77   77   79   82   86
   91   97  104  112  119  127  135  144  152  162  171  181  192  203  215  228
  240  252  264  274  282  288  291  291  288  282  274  264  252  240  227  215
  203  191  179  167  156  145  134  125  117
    72.5-180.0 180.0   5.0 450.0                            LAT/LON1/LON2/DLON/H
  149  137  128  122  117  114  112  111  110  109  108  106  106  105  104  104
  102  100   97   92   86   80   73   67   62   58   56   56   58   62   67   73
   80   88   97  106  115  125  135  145  155  165  176  188  201  214  229  245
  262  278  295  310  323  333  340  343  343  339  331  322  310  298  286  274
  261  248  235  221  206  191  176  162  149
    70.0-180.0 180.0   5.0 450.0                            LAT/LON1/LON2/DLON/H
  169  154  142  133  127  124  122  120  117  114  110  105  101   97   94   92
   90   87   84   79   73   67   61   56   52   50   50   52   55   60   66   73
   81   90   99  109  119  129  139  150  160  171  182  194  207  221  236  253
  272  291  311  329  346  360  370  376  378  376  370  361  351  340  328  317
  305  293  279  263  245  226  206  187  169
    67.5-180.0 180.0   5.0 450.0                            LAT/LON1/LON2/DLON/H
  170  152  138  129  124  123  123  123  122  119  114  107  101   95   91   88
   85   83   80   76   71   67   62   59   58   58   59   62   66   71   77   83
   90   98  107  116  126  136  147  157  167  177  187  198  209  222  236  253
  271  291  311  331  349  366  378  386  390  388  384  376  367  357  348  338
  327  316  301  284  264  240  216  192  170
    65.0-180.0 180.0   5.0 450.0                            LAT/LON1/LON2/DLON/H
  151  130  116  108  106  109  114  118  121  120  116  110  103   96   92   89
   87   86   84   82   78   75   73   72   73   75   78   81   84   87   91   96
  101  108  116  124  134  144  154  164  174  183  192  200  210  220  232  247
  263  281  300  319  338  354  367  376  381  380  376  370  362  353  345  337
  328  316  302  283  260  233  205  176  151
    62.5-180.0 180.0   5.0 450.0                            LAT/LON1/LON2/DLON/H
  119   97   82   76   77   83   93  103  111  114  114  109  104   98   94   93
   93   93   93   91   89   88   88   89   92   95   97   99   99  100  101  104
  108  114  121  130  139  149  160  170  179  188  195  202  210  219  229  241
  255  271  287  304  320  335  348  356  361  361  358  352  345  337  329  321
  312  301  286  266  241  211  179  147  119
    60.0-180.0 180.0   5.0 450.0                            LAT/LON1/LON2/DLON/H
   90   67   51   44   45   53   66   80   92  101  105  104  101   97   96   96
   98   99  100   99   98   98   99  102  106  109  110  109  106  103  102  103
  107  113  121  130  140  151  162  173  182  191  198  205  212  220  231  242
  255  268  282  295  309  321  332  340  344  344  341  336  328  320  311  303
  293  281  265  243  217  185  152  119   90
    57.5-180.0 180.0   5.0 450.0                            LAT/LON1/LON2/DLON/H
   76   53   37   27   26   31   42   56   71   82   90   93   93   93   93   96
   99  102  103  102  101  101  103  107  111  113  112  106  100   94   91   93
   98  107  117  128  139  150  162  174  184  194  201  209  218  229  242  255
  269  281  292  302  312  322  330  336  340  340  337  332  323  314  303  291
  279  265  248  226  199  169  136  105   76
    55.0-180.0 180.0   5.0 450.0                            LAT/LON1/LON2/DLON/H
   88   67   50   37   29   27   31   40   52   64   73   79   82   84   87   91
   95   98  100   99   97   97   99  103  106  107  102   93   83   75   73   77
   87   99  113  125  138  150  163  175  187  198  208  218  231  247  265  283
  299  311  321  329  335  341  347  352  354  354  351  345  336  323  309  293
  277  261  242  221  197  169  141  113   88
    52.5-180.0 180.0   5.0 450.0                            LAT/LON1/LON2/DLON/H
  126  109   93   76   61   48   40   39   44   51   60   66   71   75   79   83
   88   91   91   90   87   86   88   91   94   92   85   73   61   53   53   63
   78   96  113  128  141  153  166  180  193  206  219  234  252  274  299  323
  343  358  367  372  375  378  381  384  385  384  381  374  362  347  328  308
  287  268  249  230  209  187  165  144  126
    50.0-180.0 180.0   5.0 450.0                            LAT/LON1/LON2/DLON/H
  178  169  157  139  117   94   73   59   52   52   55   60   64   67   71   74
   78   81   81   79   75   74   75   77   79   76   67   53   41   35   40   55
   77  100  121  138  151  163  176  190  206  221  238  258  282  311  343  373
  397  413  421  424  424  424  425  425  424  422  418  409  396  377  354  328
  304  282  263  247  230  214  200  188  178
    47.5-180.0 180.0   5.0 450.0                            LAT/LON1/LON2/DLON/H
  227  227  223  209  185  155  124   97   78   67   63   63   65   66   67   68
   70   72   72   70   66   63   63   65   67   63   54   40   29   27   37   58
   86  114  138  156  169  181  194  210  227  246  267  292  321  356  393  427
  453  469  475  475  473  470  468  466  463  459  452  442  426  404  377  347
  319  296  278  264  251  240  232  228  227
    45.0-180.0 180.0   5.0 450.0                            LAT/LON1/LON2/DLON/H
  255  265  270  265  247  217  182  147  117   96   84   78   75   72   69   67
   67   67   68   66   62   59   58   59   60   57   49   37   29   30   45   71
  103  135  161  181  195  207  221  239  260  283  308  336  369  407  446  481
  507  520  523  520  515  510  505  501  495  488  478  465  446  421  391  359
  329  305  287  275  264  254  248  248  255
    42.5-180.0 180.0   5.0 450.0                            LAT/LON1/LON2/DLON/H
  251  267  282  289  283  263  232  196  161  133  113  101   93   86   79   73
   70   70   71   70   67   62   60   59   60   59   52   44   39   43   61   90
  125  159  188  210  227  241  258  279  303  331  360  391  424  461  499  531
  553  562  561  555  547  540  535  528  520  509  495  477  456  429  397  363
  333  309  291  278  265  252  243  241  251
    40.0-180.0 180.0   5.0 450.0                            LAT/LON1/LON2/DLON/H
  215  232  254  273  283  279  261  232  199  168  144  127  116  105   94   85
   80   80   82   83   79   73   68   67   67   67   63   57   54   61   80  110
  146  182  214  240  262  281  302  326  355  387  420  451  484  517  549  576
  593  598  593  585  576  568  562  554  543  528  509  487  462  433  402  369
  339  314  295  278  259  238  220  211  215
    37.5-180.0 180.0   5.0 450.0                            LAT/LON1/LON2/DLON/H
  165  174  195  222  245  260  260  246  221  193  169  151  138  126  113  102
   96   96  100  102   98   90   82   78   79   79   77   73   71   79   97  127
  163  200  237  270  299  325  350  379  412  449  483  515  544  571  597  617
  629  632  627  618  610  603  597  589  577  558  534  506  477  448  418  387
  357  332  309  286  259  227  195  173  165
    35.0-180.0 180.0   5.0 450.0                            LAT/LON1/LON2/DLON/H
  126  120  130  153  184  213  233  236  224  203  183  167  156  144  132  121
  116  118  123  125  120  110   99   93   92   93   91   87   85   92  110  138
  174  214  257  298  336  369  399  432  470  509  546  576  601  622  641  657
  668  672  670  666  660  655  650  643  630  610  581  548  515  485  457  429
  401  373  346  315  278  234  189  151  126
    32.5-180.0 180.0   5.0 450.0                            LAT/LON1/LON2/DLON/H
  126   99   88   96  121  156  188  206  207  196  183  173  166  158  148  140
  137  141  146  148  142  129  117  109  107  106  103   97   94  100  117  146
  182  226  274  324  371  411  446  482  522  564  602  631  652  668  683  699
  713  724  731  734  733  729  726  721  710  688  657  619  584  554  529  503
  475  445  411  373  328  275  220  168  126
    30.0-180.0 180.0   5.0 450.0                            LAT/LON1/LON2/DLON/H
  183  133   96   77   84  110  144  170  180  178  172  169  168  165  161  156
  157  162  167  168  160  147  134  126  123  120  113  104   99  104  123  153
  192  239  292  350  403  449  486  524  566  610  649  678  696  709  724  743
  766  789  809  822  827  825  823  819  811  791  759  719  682  653  631  608
  580  545  504  460  410  355  297  239  183
    27.5-180.0 180.0   5.0 450.0                            LAT/LON1/LON2/DLON/H
  299  232  166  115   91   96  119  142  155  157  157  160  165  168  169  169
  172  178  182  180  171  159  149  142  139  133  122  109  102  108  129  163
  206  256  313  374  432  480  519  556  599  646  687  715  733  747  765  791
  826  864  899  923  933  932  928  926  921  906  875  836  800  773  754  733
  703  663  616  566  516  465  414  360  299
    25.0-180.0 180.0   5.0 450.0                            LAT/LON1/LON2/DLON/H
  457  383  295  211  152  126  127  136  143  144  147  153  162  170  174  178
  182  186  187  183  175  167  162  159  156  147  132  115  107  115  141  180
  227  278  336  398  456  503  542  580  624  672  716  746  765  782  805  840
  887  939  988 1022 1036 1033 1026 1024 1022 1013  988  952  919  896  880  860
  827  782  729  676  629  588  551  511  457
    22.5-180.0 180.0   5.0 450.0                            LAT/LON1/LON2/DLON/H
  622  554  456  349  259  201  172  161  153  148  148  155  165  173  180  184
  188  188  184  178  172  171  174  177  174  163  144  124  115  126  158  203
  253  305  360  419  474  520  557  595  642  693  740  774  796  817  846  888
  943 1006 1064 1104 1118 1112 1100 1095 1097 1094 1077 1049 1021 1003  989  969
  933  883  826  771  726  696  678  659  622
    20.0-180.0 180.0   5.0 450.0                            LAT/LON1/LON2/DLON/H
  756  706  614  500  390  306  251  215  190  173  166  169  177  183  187  190
  189  184  174  166  165  173  186  195  194  181  159  137  128  141  178  228
  281  332  383  436  487  530  567  607  656  712  763  800  827  852  885  930
  987 1053 1114 1156 1167 1155 1137 1129 1133 1137 1129 1111 1092 1079 1067 1045
 1006  951  890  834  791  768  765  769  756
    17.5-180.0 180.0   5.0 450.0                            LAT/LON1/LON2/DLON/H
  825  801  731  628  518  422  348  292  248  218  202  198  200  201  200  198
  191  178  162  152  157  176  199  213  213  198  175  153  144  158  197  250
  304  354  402  449  496  537  574  617  670  730  785  827  859  887  921  963
 1016 1076 1133 1171 1179 1161 1137 1126 1132 1141 1143 1135 1125 1118 1106 1081
 1038  981  918  858  811  788  792  813  825
    15.0-180.0 180.0   5.0 450.0                            LAT/LON1/LON2/DLON/H
  814  819  782  707  615  525  446  378  320  277  252  240  234  228  220  211
  196  174  152  143  154  183  215  233  232  216  192  170  161  174  211  264
  319  369  413  458  501  542  581  627  684  747  806  852  888  919  951  986
 1028 1076 1124 1155 1158 1137 1110 1097 1103 1116 1126 1128 1127 1124 1111 1082
 1035  977  913  848  792  758  757  783  814
    12.5-180.0 180.0   5.0 450.0                            LAT/LON1/LON2/DLON/H
  731  761  759  723  665  599  530  460  396  344  311  291  277  262  247  230
  207  178  152  143  161  198  235  253  250  232  209  188  177  185  217  268
  323  373  418  462  505  546  587  636  695  761  822  872  911  943  972  998
 1027 1060 1096 1120 1120 1099 1073 1060 1065 1081 1095 1105 1110 1109 1093 1059
 1009  951  887  818  748  694  674  692  731
    10.0-180.0 180.0   5.0 450.0                            LAT/LON1/LON2/DLON/H
  607  651  680  685  669  636  589  530  467  412  373  346  325  303  280  256
  227  192  163  156  179  222  260  275  268  247  225  204  189  190  215  261
  316  370  418  463  507  549  592  642  702  768  830  881  922  955  982 1001
 1017 1038 1063 1082 1083 1066 1044 1034 1039 1053 1068 1082 1091 1089 1068 1028
  976  920  858  785  700  622  574  572  607
     7.5-180.0 180.0   5.0 450.0                            LAT/LON1/LON2/DLON/H
  484  530  579  617  640  644  625  583  528  475  434  402  374  346  317  288
  255  218  188  183  209  253  288  297  284  261  238  217  198  190  206  247
  303  361  414  462  507  550  593  642  700  764  825  876  919  954  980  995
 1006 1019 1039 1056 1061 1052 1039 1033 1037 1047 1059 1071 1079 1074 1048 1002
  949  897  841  767  670  569  492  464  484
     5.0-180.0 180.0   5.0 450.0                            LAT/LON1/LON2/DLON/H
  405  441  495  552  602  636  644  623  581  533  491  456  423  389  356  324
  290  253  225  220  247  287  317  318  297  271  248  226  202  186  193  230
  288  350  408  458  504  545  587  634  689  749  806  857  900  937  966  985
  997 1011 1031 1050 1061 1061 1057 1057 1060 1064 1069 1076 1080 1070 1038  988
  935  889  841  772  671  556  458  405  405
     2.5-180.0 180.0   5.0 450.0                            LAT/LON1/LON2/DLON/H
  398  418  463  520  581  632  660  656  627  586  545  507  468  430  394  361
  328  294  267  263  286  320  341  334  308  278  254  230  202  179  181  216
  276  342  402  452  496  535  575  619  670  725  778  826  869  909  943  970
  992 1015 1040 1064 1079 1086 1090 1095 1097 1094 1090 1089 1087 1072 1035  983
  933  894  857  797  703  587  482  416  398
