ionex_files/COD0OPSFIN_20250810000_01D_01H_GIM.INX
     1.0            IONOSPHERE MAPS     GNSS                IONEX VERSION / TYPE
ADDNEQ2 V5.5        AIUB                26-MAR-25 20:34     PGM / RUN BY / DATE 
CODE'S GLOBAL IONOSPHERE MAPS FOR DAY 081, 2025             COMMENT             
Global ionosphere maps (GIM) are generated on a daily basis DESCRIPTION         
at CODE using data from about 300 GNSS sites of the IGS and DESCRIPTION         
other institutions. The vertical total electron content     DESCRIPTION         
(VTEC) is modeled in a solar-geomagnetic reference frame    DESCRIPTION         
using a spherical harmonics expansion up to degree and      DESCRIPTION         
order 15. Piece-wise linear functions are used for          DESCRIPTION         
representation in the time domain. The time spacing of      DESCRIPTION         
their vertices is 1 hour, conforming with the epochs of the DESCRIPTION         
VTEC maps.                                                  DESCRIPTION         
To convert line-of-sight TEC into vertical TEC, a modified  DESCRIPTION         
single-layer model mapping function approximating the JPL   DESCRIPTION         
extended slab model mapping function is adopted. The        DESCRIPTION         
mapping function is evaluated at geodetic satellite         DESCRIPTION         
elevation angles. For the computation of the ionospheric    DESCRIPTION         
pierce points, a spherical layer with a radius of 6821 km   DESCRIPTION         
is assumed, implying geocentric, not geodetic IONEX         DESCRIPTION         
latitudes.                                                  DESCRIPTION         
Instrumental biases with respect to each involved GNSS code DESCRIPTION         
observable are estimated as constant values for each        DESCRIPTION         
day. They are modeled with one set of bias parameters for   DESCRIPTION         
each satellite and each station in case of GPS and for each DESCRIPTION         
satellite-station link in case of GLONASS. The code bias    DESCRIPTION         
datum is defined by zero-mean conditions imposed on the     DESCRIPTION         
satellite bias estimates. In this file, just GPS C1W-C2W    DESCRIPTION         
satellite and station bias values are included. The         DESCRIPTION         
complete set of GNSS code bias results is provided in an    DESCRIPTION         
additional Bias-SINEX file as pseudo-absolute values        DESCRIPTION         
specific to each observable.                                DESCRIPTION         
Note: These GIM results correspond to the results for the   DESCRIPTION         
middle day of a 3-day combination analysis solving for 73   DESCRIPTION         
times 256, or 18688 VTEC parameters and 3 daily sets of     DESCRIPTION         
GNSS code bias parameters.                                  DESCRIPTION         
Contact address: code(at)aiub.unibe.ch                      DESCRIPTION         
Data archive:    ftp.aiub.unibe.ch/CODE/                    DESCRIPTION         
                 www.aiub.unibe.ch/download/CODE/           DESCRIPTION         
  2025     3    22     0     0     0                        EPOCH OF FIRST MAP  
  2025     3    23     0     0     0                        EPOCH OF LAST MAP   
  3600                                                      INTERVAL            
[...]
badg bake bako barh bjfs bndy boav bogo bogt bor1 braz brft COMMENT             
brst brux cags cas1 ccj2 cedu chpg chti ckis coco cord cpvg COMMENT             
cpxf cro1 daej darw dav1 dgar dhlg drao dubo faa1 fair flin COMMENT             
flrs frdn func ganp glps glsv gode gol2 gold gope gras graz COMMENT             
guam guug harb hers hert hlfx hnpt hob2 hofn holb hrao hyde COMMENT             
iddr ieng iisc impz ineg invk iqal irkj jog2 joz2 karr kerg COMMENT             
kir0 kiri kiru kit3 kokb kokv koug kour krgg lama laut lmmf COMMENT             
lpal lpgs mac1 madr mal2 mana mas1 mat1 mate maui maw1 mcil COMMENT             
mcm4 mdo1 medi mgue mizu mkea mnls mobs morp mqzg mro1 mtka COMMENT             
nano naur nico nist nium nklg nlib nnor nrc1 ntus nya1 nyal COMMENT             
onsa opmt ous2 pado parc park pdel penc pert pie1 pimo pohn COMMENT             
pol2 polv pots pove ptag ptbb ptvl qaq1 quin rabt ramo reun COMMENT             
reyk rgdg rio2 roth salu samo sant savo sch2 scor scrz sctb COMMENT             
scub seyg sfer sofi spt0 ssia sthl stjo stk2 str2 suth sutm COMMENT             
suwn sydn syog tash thtg thti thu2 tid1 tidb tlse tn22 tong COMMENT             
tow2 tro1 tskb twtf txes uclu ufpr ulab unb3 unbj unsa urum COMMENT             
usn7 usud vald vill vtsp wab1 wab2 whit will wind wsrt wtza COMMENT             
wtzr wtzs wtzz wuhn xmis yar2 yar3 yarr yell ykro zeck zim2 COMMENT             
zim3 zimm                                                   COMMENT             
                                                            END OF HEADER       
[from data line 6864]
    17                                                      START OF TEC MAP    
  2025     3    22    16     0     0                        EPOCH OF CURRENT MAP
    87.5-180.0 180.0   5.0 450.0                            LAT/LON1/LON2/DLON/H
  160  162  163  165  167  170  172  174  176  178  181  183  185  187  189  191
  192  194  196  197  198  199  200  201  202  202  202  202  202  201  200  199
  198  196  195  193  191  189  186  184  182  180  177  175  173  171  169  168
  166  164  163  161  160  159  158  157  156  155  154  153  153  152  152  152
  152  153  153  154  155  156  157  158  160
    85.0-180.0 180.0   5.0 450.0                            LAT/LON1/LON2/DLON/H
  137  140  143  147  151  155  159  162  166  170  173  176  180  183  186  189
  191  194  197  200  203  206  209  211  213  215  216  217  217  217  216  214
  212  209  206  202  197  193  188  183  179  175  171  167  164  162  160  158
  156  155  154  153  152  151  149  148  146  144  142  140  137  135  133  132
  130  129  129  129  129  131  132  134  137
    82.5-180.0 180.0   5.0 450.0                            LAT/LON1/LON2/DLON/H
  113  117  121  126  131  136  141  146  150  154  157  160  162  164  167  169
  172  175  179  183  188  193  198  203  208  213  217  221  223  224  224  223
  220  216  211  206  199  192  184  177  171  165  161  157  155  155  155  156
  158  160  162  164  165  166  165  163  160  156  152  147  141  135  129  124
  119  114  111  109  107  107  108  110  113
    80.0-180.0 180.0   5.0 450.0                            LAT/LON1/LON2/DLON/H
   93   97  101  107  113  119  124  129  132  135  136  137  137  137  137  137
  139  141  145  151  157  165  173  182  190  199  206  213  218  222  224  224
  222  218  213  205  197  187  178  169  161  154  150  148  149  153  159  166
  174  183  191  198  203  206  207  205  201  194  186  176  165  154  143  132
  122  113  105   98   94   91   90   91   93
    77.5-180.0 180.0   5.0 450.0                            LAT/LON1/LON2/DLON/H
   80   83   87   93  100  106  112  116  119  119  118  116  112  109  105  103
  103  105  109  115  124  134  145  157  169  180  190  199  207  212  216  218
  218  215  209  202  192  181  170  159  150  144  141  142  147  156  169  185
  202  219  234  248  258  264  267  264  258  249  236  221  205  189  172  155
  140  125  112  101   92   86   81   80   80
    75.0-180.0 180.0   5.0 450.0                            LAT/LON1/LON2/DLON/H
   78   79   83   88   95  102  108  112  113  112  109  103   96   88   82   77
   75   77   83   91  102  115  129  143  156  168  178  186  193  199  203  206
  207  205  202  196  187  176  164  153  143  136  134  138  147  163  183  206
  231  257  280  299  313  322  325  322  314  302  286  268  248  228  208  188
  169  151  134  119  105   94   86   80   78
    72.5-180.0 180.0   5.0 450.0                            LAT/LON1/LON2/DLON/H
   88   86   88   93  100  108  114  118  119  116  110  101   91   81   72   67
   65   69   77   90  105  121  137  152  163  172  178  181  184  186  187  190
  191  192  192  188  182  173  162  150  140  133  131  136  148  167  192  221
  252  282  310  332  349  359  361  358  348  335  318  299  279  259  239  220
  201  182  164  146  130  115  103   93   88
    70.0-180.0 180.0   5.0 450.0                            LAT/LON1/LON2/DLON/H
  106  102  102  107  114  121  128  132  132  128  120  109   97   86   77   73
   75   83   96  115  136  156  174  188  196  199  197  192  185  179  176  175
  176  179  181  182  180  174  164  153  143  135  132  136  148  167  193  223
  254  285  312  334  350  358  360  356  346  333  318  302  286  270  255  241
  226  211  195  178  160  143  127  114  106
    67.5-180.0 180.0   5.0 450.0                            LAT/LON1/LON2/DLON/H
  126  120  120  124  131  139  145  149  148  144  135  123  111  100   93   92
   99  113  135  161  190  216  237  250  254  250  237  221  203  186  174  168
  167  170  175  180  182  179  173  163  152  143  138  139  148  163  185  210
  236  261  283  300  311  317  317  313  306  296  285  275  265  257  250  244
  237  228  217  203  187  170  152  137  126
    65.0-180.0 180.0   5.0 450.0                            LAT/LON1/LON2/DLON/H
  143  137  136  140  147  155  161  164  162  157  148  136  125  117  113  117
  130  153  183  219  255  289  314  328  329  318  297  269  240  212  191  177
  171  172  178  185  190  191  187  179  168  157  150  147  150  159  171  187
  202  216  228  237  242  244  244  241  237  232  227  224  222  222  223  225
  227  226  223  215  202  187  171  155  143
    62.5-180.0 180.0   5.0 450.0                            LAT/LON1/LON2/DLON/H
  151  145  145  149  157  165  170  172  169  163  154  144  135  130  131  141
  160  190  229  274  319  360  391  408  409  396  369  335  297  260  230  208
  195  191  193  199  205  208  206  199  190  179  169  163  160  160  161  164
  166  166  166  165  163  162  161  160  161  161  163  165  169  175  182  190
  198  205  208  207  200  189  175  162  151
    60.0-180.0 180.0   5.0 450.0                            LAT/LON1/LON2/DLON/H
  145  141  142  149  157  164  169  169  166  160  152  145  140  139  144  158
  183  219  265  316  369  417  454  476  482  471  446  411  371  330  293  262
  240  228  223  224  228  230  229  224  216  207  197  189  181  173  164  153
  141  128  116  105   97   94   94   97  101  107  112  118  123  129  137  147
  158  168  177  181  181  175  165  154  145
    57.5-180.0 180.0   5.0 450.0                            LAT/LON1/LON2/DLON/H
  128  126  129  137  146  154  158  158  155  150  145  142  141  144  153  170
  198  237  286  341  398  451  495  525  539  537  520  492  455  415  374  336
  304  280  265  258  255  255  255  252  247  240  233  225  215  202  184  163
  140  116   94   76   65   60   62   68   76   84   91   95   97   99  102  107
  115  126  136  145  149  148  142  135  128
    55.0-180.0 180.0   5.0 450.0                            LAT/LON1/LON2/DLON/H
  104  103  108  117  128  137  141  142  140  138  138  140  143  150  160  179
  207  246  294  349  407  463  512  550  576  587  583  567  540  505  465  421
  379  342  314  296  287  283  282  281  280  278  275  270  260  245  223  195
  165  134  107   86   73   68   71   79   90   99  104  104   99   92   86   82
   83   89   98  107  115  117  115  109  104
    52.5-180.0 180.0   5.0 450.0                            LAT/LON1/LON2/DLON/H
   81   79   84   95  107  117  124  126  128  131  137  144  152  160  171  188
  214  250  294  346  401  457  510  557  594  619  631  630  615  589  551  504
  452  404  363  335  319  312  312  314  317  319  321  319  311  296  272  243
  210  178  149  127  113  109  113  122  133  140  143  137  126  110   93   79
   71   69   73   81   88   92   91   86   81
    50.0-180.0 180.0   5.0 450.0                            LAT/LON1/LON2/DLON/H
   66   62   66   76   89  102  111  117  124  133  145  157  168  176  185  200
  222  253  292  337  387  441  497  552  600  638  664  675  672  654  619  571
  514  456  407  372  352  344  345  350  356  362  366  367  361  346  323  294
  263  233  205  184  170  164  167  175  184  191  191  182  166  144  120   98
   82   72   70   74   79   83   81   74   66
    47.5-180.0 180.0   5.0 450.0                            LAT/LON1/LON2/DLON/H
   65   57   57   66   80   95  107  118  131  146  164  179  190  197  203  213
  231  257  290  329  374  425  483  544  601  648  682  701  705  693  663  616
  557  496  443  405  385  380  383  390  398  405  409  409  402  387  364  338
  310  283  258  237  221  212  211  216  223  229  229  221  205  183  158  134
  113   98   90   89   91   92   87   77   65
    45.0-180.0 180.0   5.0 450.0                            LAT/LON1/LON2/DLON/H
   78   65   62   68   82   98  113  128  147  168  189  206  215  217  218  224
  239  262  290  324  364  414  474  540  603  654  690  710  716  707  681  638
  582  523  472  438  423  423  429  437  444  448  449  444  432  413  390  366
  341  318  295  272  252  238  231  232  237  242  244  241  231  216  197  176
  156  139  128  123  121  118  110   95   78
    42.5-180.0 180.0   5.0 450.0                            LAT/LON1/LON2/DLON/H
  104   86   78   81   93  109  127  146  168  193  216  231  236  232  229  232
  245  266  292  322  359  409  472  543  609  660  692  707  710  702  682  646
  598  547  503  477  469  473  483  491  494  492  485  472  452  428  403  379
  358  338  315  289  264  242  228  223  224  229  235  238  238  234  226  214
  200  186  174  166  161  156  144  126  104
    40.0-180.0 180.0   5.0 450.0                            LAT/LON1/LON2/DLON/H
  136  113  101  101  111  126  144  166  191  218  239  251  250  240  233  234
  247  269  295  323  360  411  478  553  621  668  693  699  698  691  679  654
  619  578  545  526  525  534  544  550  548  538  521  498  470  439  411  389
  371  353  330  301  268  239  218  206  203  206  213  221  230  237  242  242
  236  227  216  207  201  194  181  161  136
    37.5-180.0 180.0   5.0 450.0                            LAT/LON1/LON2/DLON/H
  165  141  125  122  128  142  160  183  210  237  256  263  256  243  233  235
  250  274  301  329  366  419  489  567  635  679  696  696  692  691  689  680
  658  630  605  593  594  603  611  612  603  586  560  528  492  457  429  410
  397  382  360  328  290  255  227  208  198  195  199  208  220  234  247  256
  258  254  246  238  231  224  212  191  165
    35.0-180.0 180.0   5.0 450.0                            LAT/LON1/LON2/DLON/H
  186  162  145  138  141  152  171  196  224  250  266  269  259  245  236  241
  260  287  315  343  379  432  503  582  650  691  704  703  704  714  728  735
  728  709  689  677  674  678  680  674  659  635  604  567  528  493  468  456
  451  443  423  391  351  312  280  255  235  222  215  216  223  235  248  260
  266  266  260  252  246  240  230  211  186
    32.5-180.0 180.0   5.0 450.0                            LAT/LON1/LON2/DLON/H
  196  173  155  146  146  156  175  202  232  258  273  275  265  254  250  260
  283  313  341  368  402  451  519  596  661  702  718  725  738  766  799  824
  829  816  794  775  762  754  747  734  714  687  653  616  580  550  534  532
  539  541  528  500  462  423  389  357  326  297  275  260  254  253  257  263
  267  266  260  252  246  242  233  218  196
    30.0-180.0 180.0   5.0 450.0                            LAT/LON1/LON2/DLON/H
  194  174  157  146  144  153  174  205  238  266  281  285  281  278  283  299
  327  358  385  410  438  479  538  607  669  712  738  761  796  846  901  941
  954  941  912  879  851  828  809  789  766  738  707  674  644  624  620  632
  653  668  666  645  613  578  544  506  464  419  377  342  316  296  283  275
  269  262  253  243  237  232  226  213  194
    27.5-180.0 180.0   5.0 450.0                            LAT/LON1/LON2/DLON/H
  187  169  153  141  137  146  171  208  246  277  296  305  310  319  335  359
  390  421  448  468  488  517  562  618  675  723  764  810  870  945 1018 1069
 1085 1067 1027  979  934  897  867  841  816  790  761  734  713  702  709  735
  770  800  810  799  775  746  715  674  623  563  504  451  405  364  329  302
  281  264  248  234  225  219  213  202  187
    25.0-180.0 180.0   5.0 450.0                            LAT/LON1/LON2/DLON/H
  178  163  148  135  131  142  172  215  259  294  318  335  352  375  403  434
  468  499  524  540  551  565  592  632  682  736  795  866  952 1047 1133 1188
 1202 1178 1127 1065 1007  958  921  892  865  839  813  789  772  767  781  815
  861  902  924  924  908  886  859  820  764  697  629  566  506  447  393  347
  310  280  255  234  219  210  202  192  178
    22.5-180.0 180.0   5.0 450.0                            LAT/LON1/LON2/DLON/H
  174  161  147  135  130  143  179  229  279  319  347  372  402  439  477  515
  550  581  605  619  622  622  629  652  695  755  832  925 1030 1137 1226 1279
 1288 1257 1199 1131 1066 1013  973  943  915  886  856  830  811  804  815  848
  897  945  976  982  973  957  936  902  850  787  723  661  598  532  466  405
  355  312  276  246  225  210  199  187  174
    20.0-180.0 180.0   5.0 450.0                            LAT/LON1/LON2/DLON/H
  178  166  154  141  137  153  194  250  306  348  380  412  453  500  548  590
  626  658  683  697  695  682  673  681  718  785  875  982 1096 1202 1284 1328
 1331 1297 1241 1175 1114 1064 1027  997  966  930  891  855  825  804  800  821
  863  911  945  955  949  937  922  898  859  812  763  716  665  603  535  469
  409  357  310  271  242  222  206  191  178
    17.5-180.0 180.0   5.0 450.0                            LAT/LON1/LON2/DLON/H
  189  178  167  156  152  171  216  277  335  379  412  449  497  552  604  649
  686  719  748  765  762  743  722  721  755  826  925 1036 1145 1238 1304 1335
 1333 1302 1255 1202 1152 1112 1082 1053 1017  970  917  864  814  770  740  738
  764  805  837  847  840  830  822  811  792  769  746  725  694  648  589  525
  464  405  350  303  267  241  221  203  189
    15.0-180.0 180.0   5.0 450.0                            LAT/LON1/LON2/DLON/H
  205  194  185  174  172  193  241  305  364  407  441  480  531  589  644  689
  727  764  797  819  819  799  776  772  807  881  980 1084 1176 1246 1291 1309
 1305 1284 1252 1216 1183 1157 1135 1107 1064 1005  935  862  788  714  653  620
  626  655  683  689  679  669  667  671  675  679  687  693  688  662  618  564
  507  447  388  335  294  263  239  219  205
    12.5-180.0 180.0   5.0 450.0                            LAT/LON1/LON2/DLON/H
  219  210  201  192  192  214  264  329  388  431  465  503  555  613  667  713
  753  793  832  860  866  852  832  833  871  946 1039 1127 1194 1237 1259 1267
 1265 1257 1243 1226 1210 1196 1181 1153 1103 1032  947  857  761  659  565  503
  487  506  529  533  520  507  510  528  552  580  612  641  655  648  620  580
  531  475  414  358  315  283  257  235  219
    10.0-180.0 180.0   5.0 450.0                            LAT/LON1/LON2/DLON/H
  229  220  212  205  205  229  281  347  406  449  483  522  573  630  683  729
  772  815  858  891  905  900  891  900  943 1017 1098 1163 1202 1219 1224 1227
 1232 1237 1238 1236 1230 1224 1211 1181 1127 1049  956  857  747  625  506  421
  390  403  426  430  415  401  407  432  470  511  554  591  612  614  599  572
  533  482  424  369  327  295  269  246  229
     7.5-180.0 180.0   5.0 450.0                            LAT/LON1/LON2/DLON/H
  232  222  214  208  210  236  288  355  417  463  500  541  591  646  699  747
  792  838  883  920  942  948  951  971 1018 1086 1151 1192 1205 1201 1197 1202
 1216 1232 1242 1244 1240 1231 1216 1184 1128 1051  962  865  753  625  496  401
  366  380  408  417  404  389  395  422  461  501  537  563  576  574  563  544
  515  471  418  367  328  300  275  251  232
     5.0-180.0 180.0   5.0 450.0                            LAT/LON1/LON2/DLON/H
  229  216  207  201  205  232  287  356  421  472  515  561  612  667  720  772
  821  869  914  952  980  998 1013 1041 1088 1145 1191 1210 1203 1188 1185 1198
 1221 1242 1250 1246 1232 1214 1191 1156 1104 1037  962  879  780  661  538  449
  421  446  485  503  495  481  484  505  533  556  568  568  556  539  522  506
  483  446  399  354  321  298  274  249  229
     2.5-180.0 180.0   5.0 450.0                            LAT/LON1/LON2/DLON/H
  221  205  194  188  193  222  278  349  419  479  531  583  638  694  750  806
  859  907  950  988 1021 1049 1075 1106 1146 1187 1213 1212 1194 1179 1184 1209
 1239 1257 1255 1233 1201 1167 1134 1098 1055 1005  952  894  819  722  620  551
  540  582  635  664  663  650  647  656  664  659  636  599  554  513  484  466
  447  416  375  338  311  292  271  245  221
