ionex_files/COD0OPSFIN_20251020000_01D_01H_GIM.INX
     1.0            IONOSPHERE MAPS     GNSS                IONEX VERSION / TYPE
ADDNEQ2 V5.5        AIUB                16-APR-25 19:03     PGM / RUN BY / DATE 
CODE'S GLOBAL IONOSPHERE MAPS FOR DAY 102, 2025             COMMENT             
Global ionosphere maps (GIM) are generated on a daily basis DESCRIPTION         
at CODE using data from about 300 GNSS sites of the IGS and DESCRIPTION         
other institutions. The vertical total electron content     DESCRIPTION         
(VTEC) is modeled in a solar-geomagnetic reference frame    DESCRIPTION         
using a spherical harmonics expansion up to degree and      DESCRIPTION         
order 15. Piece-wise linear functions are used for          DESCRIPTION         
representation in the time domain. The time spacing of      DESCRIPTION         
their vertices is 1 hour, conforming with the epochs of the DESCRIPTION         
VTEC maps.                                                  DESCRIPTION         
To convert line-of-sight TEC into vertical TEC, a modified  DESCRIPTION         
single-layer model mapping function approximating the JPL   DESCRIPTION         
extended slab model mapping function is adopted. The        DESCRIPTION         
mapping function is evaluated at geodetic satellite         DESCRIPTION         
elevation angles. For the computation of the ionospheric    DESCRIPTION         
pierce points, a spherical layer with a radius of 6821 km   DESCRIPTION         
is assumed, implying geocentric, not geodetic IONEX         DESCRIPTION         
latitudes.                                                  DESCRIPTION         
Instrumental biases with respect to each involved GNSS code DESCRIPTION         
observable are estimated as constant values for each        DESCRIPTION         
day. They are modeled with one set of bias parameters for   DESCRIPTION         
each satellite and each station in case of GPS and for each DESCRIPTION         
satellite-station link in case of GLONASS. The code bias    DESCRIPTION         
datum is defined by zero-mean conditions imposed on the     DESCRIPTION         
satellite bias estimates. In this file, just GPS C1W-C2W    DESCRIPTION         
satellite and station bias values are included. The         DESCRIPTION         
complete set of GNSS code bias results is provided in an    DESCRIPTION         
additional Bias-SINEX file as pseudo-absolute values        DESCRIPTION         
specific to each observable.                                DESCRIPTION         
Note: These GIM results correspond to the results for the   DESCRIPTION         
middle day of a 3-day combination analysis solving for 73   DESCRIPTION         
times 256, or 18688 VTEC parameters and 3 daily sets of     DESCRIPTION         
GNSS code bias parameters.                                  DESCRIPTION         
Contact address: code(at)aiub.unibe.ch                      DESCRIPTION         
Data archive:    ftp.aiub.unibe.ch/CODE/                    DESCRIPTION         
                 www.aiub.unibe.ch/download/CODE/           DESCRIPTION         
  2025     4    12     0     0     0                        EPOCH OF FIRST MAP  
  2025     4    13     0     0     0                        EPOCH OF LAST MAP   
  3600                                                      INTERVAL            
[...]
abpo adis albh algo alic amu2 antc areg areq ascg aspa auck COMMENT             
azgb badg bake bako barh bjfs bndy boav bogo bogt bor1 braz COMMENT             
brft brst brux cas1 ccj2 cedu chpg chti chur ckis coco cord COMMENT             
cpvg cpxf cro1 daej darw dav1 dgar dhlg drao dubo ebre faa1 COMMENT             
fair flin flrs frdn func ganp glps glsv gode gol2 gold gope COMMENT             
gras graz guam guug harb hers hert hlfx hnpt hob2 hofn holb COMMENT             
hrao hyde iddr ieng iisc impz ineg invk iqal irkj jog2 joz2 COMMENT             
joze karr kerg kir0 kiri kiru kit3 kokb kokv koug kour krgg COMMENT             
lama laut lmmf lpal lpgs m0se mac1 madr mal2 mana mas1 mat1 COMMENT             
mate maui maw1 mcil mcm4 mdo1 medi mgue mizu mkea mnls mobs COMMENT             
morp mqzg mro1 mtka nano naur nium nklg nlib nnor not1 nrc1 COMMENT             
ntus nya1 nyal onsa opmt ous2 pado parc park pdel penc pert COMMENT             
pie1 pimo pohn pol2 polv pots pove ptbb ptvl qaq1 quin rabt COMMENT             
ramo reyk rgdg rio2 roth salu samo sant savo sch2 scor scrz COMMENT             
sctb scub seyg sfer spt0 ssia sthl stjo stk2 str2 suth sutm COMMENT             
suwn sydn syog tash thtg thti thu2 tid1 tidb tlse tn22 tro1 COMMENT             
tskb txes uclu ufpr unb3 unbj unsa urum usn7 usud vald vill COMMENT             
vtsp wab1 wab2 wgtn whit will wsrt wtza wtzr wtzs wtzz wuhn COMMENT             
xmis yar2 yar3 yarr yell ykro zeck zim2 zim3 zimm           COMMENT             
                                                            END OF HEADER       
[from data line 7293]
    18                                                      START OF TEC MAP    
  2025     4    12    17     0     0                        EPOCH OF CURRENT MAP
    87.5-180.0 180.0   5.0 450.0                            LAT/LON1/LON2/DLON/H
  176  178  180  182  184  187  189  191  193  195  197  199  201  202  204  205
  206  207  208  208  208  209  208  208  208  207  206  205  203  202  200  199
  197  195  193  191  188  186  184  182  180  178  175  174  172  170  168  167
  165  164  163  162  162  161  161  160  160  160  160  161  161  162  162  163
  164  165  166  168  169  171  172  174  176
    85.0-180.0 180.0   5.0 450.0                            LAT/LON1/LON2/DLON/H
  157  161  164  168  171  175  179  183  187  191  195  199  202  205  208  211
  213  215  216  218  218  219  218  218  217  216  214  212  209  207  204  201
  197  194  190  186  182  179  175  171  167  163  160  156  153  150  148  146
  144  142  141  140  139  139  138  138  138  139  139  139  140  140  141  142
  143  144  145  146  148  150  152  155  157
    82.5-180.0 180.0   5.0 450.0                            LAT/LON1/LON2/DLON/H
  134  137  141  146  150  155  160  166  171  176  181  186  190  195  199  202
  205  208  211  213  214  215  215  215  213  212  209  207  204  200  196  193
  189  184  180  176  172  167  163  158  154  149  145  141  138  134  132  130
  128  127  127  126  127  127  128  129  130  130  131  131  131  131  130  129
  129  128  127  127  127  128  129  131  134
    80.0-180.0 180.0   5.0 450.0                            LAT/LON1/LON2/DLON/H
  112  114  118  122  127  132  138  143  148  154  159  163  168  173  177  181
  186  190  193  197  199  201  202  202  201  199  196  192  188  184  180  176
  173  169  166  162  159  155  152  148  144  140  136  132  129  127  125  124
  123  124  125  127  129  131  133  135  137  138  139  139  138  136  134  131
  127  123  119  115  113  111  110  110  112
    77.5-180.0 180.0   5.0 450.0                            LAT/LON1/LON2/DLON/H
   96   97  100  104  108  113  118  122  126  130  134  137  141  145  149  154
  159  165  171  176  181  185  187  187  186  184  180  175  169  164  159  155
  152  150  149  148  147  145  143  141  138  135  133  130  128  127  127  128
  130  132  136  139  143  148  152  155  158  160  161  161  159  155  150  144
  137  129  121  113  107  101   98   96   96
    75.0-180.0 180.0   5.0 450.0                            LAT/LON1/LON2/DLON/H
   91   92   94   97  100  103  106  108  110  111  112  114  115  118  122  127
  133  141  150  158  167  173  178  180  179  175  169  161  153  145  139  135
  132  132  133  134  136  137  138  138  137  135  134  133  133  134  136  140
  144  149  154  160  165  170  175  180  184  186  188  187  185  180  173  164
  154  142  130  119  109  101   95   92   91
    72.5-180.0 180.0   5.0 450.0                            LAT/LON1/LON2/DLON/H
   97   98  100  102  104  105  106  105  104  102   99   98   97   98  101  106
  114  124  136  149  162  173  181  185  184  179  169  158  145  134  124  119
  116  117  120  125  129  133  135  137  137  136  136  137  139  142  147  153
  159  166  172  179  184  190  195  199  203  205  207  207  205  200  193  182
  170  156  142  129  117  108  102   98   97
    70.0-180.0 180.0   5.0 450.0                            LAT/LON1/LON2/DLON/H
  111  113  115  117  118  117  115  111  107  101   96   92   89   88   90   96
  105  118  134  151  169  185  198  204  204  197  184  168  150  134  121  113
  110  111  116  122  128  133  136  137  137  137  137  139  142  148  154  162
  169  176  183  188  193  196  200  203  205  208  210  210  209  205  199  189
  177  164  149  136  125  117  113  111  111
    67.5-180.0 180.0   5.0 450.0                            LAT/LON1/LON2/DLON/H
  128  132  135  136  136  133  129  123  116  109  102   96   92   90   92   98
  108  122  141  162  185  206  223  233  235  227  212  191  169  148  132  121
  117  119  124  130  135  139  140  139  137  135  135  137  142  148  155  163
  170  176  180  183  185  186  186  187  188  190  192  193  193  191  187  179
  170  158  146  135  127  123  122  124  128
    65.0-180.0 180.0   5.0 450.0                            LAT/LON1/LON2/DLON/H
  139  146  150  152  151  147  142  136  130  122  115  109  104  102  104  109
  119  134  154  178  204  229  251  266  270  264  248  226  200  177  159  147
  142  143  147  151  153  153  150  145  139  135  134  135  139  144  150  156
  161  164  165  164  162  159  157  155  155  155  157  158  159  159  157  153
  146  137  129  122  119  120  124  131  139
    62.5-180.0 180.0   5.0 450.0                            LAT/LON1/LON2/DLON/H
  140  150  155  158  157  155  152  148  144  138  132  126  122  121  123  128
  137  151  169  193  220  248  274  293  302  299  286  265  241  219  201  190
  186  185  186  186  184  177  168  157  147  140  136  135  137  140  144  146
  146  144  141  136  130  125  121  117  115  115  115  116  117  118  118  115
  111  106  101   98  100  106  116  128  140
    60.0-180.0 180.0   5.0 450.0                            LAT/LON1/LON2/DLON/H
  130  142  149  153  154  156  158  159  159  157  152  147  143  142  145  150
  158  169  184  204  229  257  285  309  323  326  319  304  287  270  257  249
  245  243  240  235  225  211  195  178  163  153  146  144  143  142  140  136
  131  124  116  108  100   94   89   85   83   81   80   79   79   79   79   78
   75   72   69   69   73   84   98  115  130
    57.5-180.0 180.0   5.0 450.0                            LAT/LON1/LON2/DLON/H
  112  125  134  139  145  153  163  173  179  180  176  170  165  163  165  170
  177  185  195  210  231  257  285  311  330  341  343  339  332  325  320  316
  314  310  303  291  274  252  229  207  188  175  167  162  157  152  144  134
  123  111   99   89   81   76   72   71   69   67   64   60   57   54   53   51
   49   45   42   42   48   59   76   95  112
    55.0-180.0 180.0   5.0 450.0                            LAT/LON1/LON2/DLON/H
   93  106  116  125  137  154  175  194  208  211  206  195  184  179  181  186
  193  199  204  212  227  248  274  301  325  344  356  365  372  378  383  385
  384  378  366  348  324  296  267  241  220  205  195  188  180  170  157  141
  125  110   97   87   80   77   77   78   78   76   71   64   57   51   47   44
   41   36   31   28   31   41   57   76   93
    52.5-180.0 180.0   5.0 450.0                            LAT/LON1/LON2/DLON/H
   80   92  103  116  136  165  198  229  249  253  242  222  203  191  190  196
  204  209  210  213  220  236  259  285  312  337  360  383  404  423  438  445
  445  436  420  396  368  336  304  276  254  239  227  218  207  193  176  158
  139  123  110  102   98   97  100  104  106  105   98   88   78   69   64   60
   55   48   39   32   30   36   49   65   80
    50.0-180.0 180.0   5.0 450.0                            LAT/LON1/LON2/DLON/H
   79   90  102  120  149  189  235  277  303  305  285  253  220  199  193  200
  209  215  215  213  216  226  244  269  296  325  357  392  427  457  479  490
  488  477  457  432  401  369  337  309  286  269  256  245  231  215  197  179
  162  148  138  132  129  131  136  141  144  143  136  125  112  103   97   94
   90   81   68   55   47   47   55   67   79
    47.5-180.0 180.0   5.0 450.0                            LAT/LON1/LON2/DLON/H
   93  102  115  138  175  226  283  334  365  364  335  287  238  205  193  198
  209  217  218  215  214  221  236  257  284  315  352  395  439  478  504  515
  512  498  477  452  424  394  364  337  313  294  278  263  248  232  215  200
  187  178  172  168  167  168  172  176  179  178  172  161  149  141  138  138
  136  128  113   95   81   75   77   84   93
    45.0-180.0 180.0   5.0 450.0                            LAT/LON1/LON2/DLON/H
  117  124  138  165  209  268  335  393  426  424  386  324  260  213  192  194
  205  216  219  217  218  224  237  256  279  310  349  396  445  486  513  522
  517  503  485  464  441  416  389  362  336  312  291  272  256  241  228  218
  212  208  206  204  202  200  199  200  201  200  195  187  178  173  175  180
  182  177  161  141  124  113  111  113  117
    42.5-180.0 180.0   5.0 450.0                            LAT/LON1/LON2/DLON/H
  146  151  165  196  244  308  378  441  478  477  435  365  288  229  198  193
  202  213  219  221  225  234  247  265  286  314  352  399  447  487  511  518
  513  502  489  476  461  442  418  390  359  328  300  277  258  245  238  234
  234  235  235  233  228  221  214  210  208  206  204  199  195  195  201  212
  219  218  204  185  166  154  148  146  146
    40.0-180.0 180.0   5.0 450.0                            LAT/LON1/LON2/DLON/H
  171  174  189  221  271  335  406  470  512  516  478  407  325  257  215  202
  205  213  220  226  235  249  266  284  303  329  364  407  451  487  508  515
  513  509  505  501  494  480  458  427  389  350  314  284  264  253  249  250
  253  256  256  252  244  232  219  209  204  203  202  202  202  206  216  230
  241  243  233  217  200  188  180  175  171
    37.5-180.0 180.0   5.0 450.0                            LAT/LON1/LON2/DLON/H
  187  188  204  236  285  345  411  474  521  537  511  450  372  301  251  226
  219  221  226  236  251  271  292  311  330  353  385  423  462  493  513  522
  529  536  544  550  548  537  513  478  433  385  340  305  283  273  271  272
  274  275  272  266  254  239  223  210  202  201  204  207  209  214  223  237
  249  253  246  232  219  209  202  194  187
    35.0-180.0 180.0   5.0 450.0                            LAT/LON1/LON2/DLON/H
  191  191  206  239  285  338  396  456  509  539  534  493  429  361  306  271
  251  243  244  255  275  300  325  346  364  386  415  449  483  511  532  550
  570  593  613  625  625  612  585  544  493  437  386  347  323  312  308  305
  301  295  287  277  266  252  237  224  217  217  221  226  228  229  233  241
  249  251  244  234  224  218  211  201  191
    32.5-180.0 180.0   5.0 450.0                            LAT/LON1/LON2/DLON/H
  185  183  200  234  276  321  369  423  481  528  548  533  490  434  380  336
  304  284  279  289  310  337  363  384  403  424  452  483  515  543  571  602
  640  679  709  723  719  699  666  620  564  504  449  409  384  371  362  351
  336  319  304  293  285  277  268  260  257  259  264  268  266  260  254  252
  251  247  238  228  220  216  209  197  185
    30.0-180.0 180.0   5.0 450.0                            LAT/LON1/LON2/DLON/H
  175  173  192  227  267  303  341  388  447  509  553  568  551  513  466  418
  376  347  335  342  361  385  407  425  442  464  493  524  557  589  627  675
  732  786  822  832  818  787  746  696  638  577  523  484  459  443  426  403
  375  348  327  316  314  317  320  321  322  327  334  335  327  310  292  276
  264  251  237  224  215  211  204  190  175
    27.5-180.0 180.0   5.0 450.0                            LAT/LON1/LON2/DLON/H
  168  167  188  226  265  296  323  361  419  489  553  593  604  588  553  508
  463  429  413  415  428  444  456  466  480  503  533  569  605  645  695  761
  834  899  935  934  904  859  810  758  702  644  594  557  534  515  490  455
  415  379  354  346  353  369  384  396  405  413  419  417  402  375  344  316
  293  271  248  229  217  210  200  184  168
    25.0-180.0 180.0   5.0 450.0                            LAT/LON1/LON2/DLON/H
  170  169  194  236  276  303  323  353  404  475  548  606  641  648  632  597
  557  523  507  505  510  512  508  506  513  536  571  612  656  704  767  846
  932 1000 1029 1012  964  905  849  797  744  691  645  613  591  569  538  495
  448  408  384  380  396  423  451  473  488  498  503  497  476  442  402  366
  336  306  276  249  230  217  204  186  170
    22.5-180.0 180.0   5.0 450.0                            LAT/LON1/LON2/DLON/H
  182  183  211  256  299  326  342  364  406  468  540  606  657  686  691  674
  646  622  609  606  601  586  562  543  542  563  604  653  705  762  833  920
 1010 1074 1091 1055  989  918  857  806  757  708  667  638  617  594  559  515
  468  431  412  414  436  470  506  534  552  562  565  556  533  496  455  417
  385  353  318  282  254  235  218  198  182
    20.0-180.0 180.0   5.0 450.0                            LAT/LON1/LON2/DLON/H
  203  205  234  282  329  359  374  390  421  470  531  594  653  700  726  731
  722  714  711  709  694  660  615  578  566  586  632  690  750  813  887  974
 1058 1112 1113 1061  981  902  840  791  743  696  655  627  606  583  550  511
  474  447  436  443  467  502  539  567  584  591  591  581  558  524  488  457
  431  401  364  322  286  260  239  218  203
    17.5-180.0 180.0   5.0 450.0                            LAT/LON1/LON2/DLON/H
  227  230  258  306  356  391  410  424  446  479  523  576  634  692  737  765
  780  791  802  803  781  731  666  611  589  607  658  723  790  856  926 1004
 1075 1114 1100 1036  950  870  810  761  713  662  617  586  564  543  516  489
  469  459  459  469  490  518  548  570  581  582  577  565  545  519  494  475
  461  439  404  360  318  286  262  242  227
    15.0-180.0 180.0   5.0 450.0                            LAT/LON1/LON2/DLON/H
  249  250  275  320  372  413  439  456  473  493  520  558  610  672  731  779
  816  849  875  882  856  795  715  646  615  631  684  756  826  890  951 1012
 1065 1087 1063  996  912  838  782  734  680  621  568  530  506  488  472  463
  463  473  484  494  506  521  538  549  551  543  532  518  501  484  472  469
  468  458  429  386  341  307  282  263  249
    12.5-180.0 180.0   5.0 450.0                            LAT/LON1/LON2/DLON/H
  262  260  279  319  371  418  453  479  496  510  524  549  592  652  718  781
  837  887  927  942  916  849  762  686  649  662  716  789  859  917  963 1005
 1038 1046 1017  955  884  822  773  723  661  590  526  480  453  440  437  446
  469  495  514  521  521  520  522  520  510  493  473  456  441  431  430  440
  452  453  433  394  352  318  295  277  262
    10.0-180.0 180.0   5.0 450.0                            LAT/LON1/LON2/DLON/H
  265  258  269  304  354  407  452  488  513  528  539  556  590  644  711  780
  847  910  960  981  960  896  810  734  694  703  754  824  889  937  968  989
 1004 1003  976  929  876  831  790  738  666  583  507  454  426  418  427  454
  494  532  553  554  540  525  512  498  478  452  424  400  384  377  381  397
  417  426  415  384  347  317  297  281  265
     7.5-180.0 180.0   5.0 450.0                            LAT/LON1/LON2/DLON/H
  259  246  251  279  328  385  440  487  524  549  565  582  610  656  716  784
  854  922  977 1003  989  936  860  791  752  755  797  858  915  951  966  971
  972  968  951  923  893  864  831  777  698  605  521  463  435  433  453  492
  540  581  599  590  565  539  518  497  470  436  400  369  347  337  339  354
  373  385  379  357  330  307  291  276  259
     5.0-180.0 180.0   5.0 450.0                            LAT/LON1/LON2/DLON/H
  245  229  229  254  302  362  424  482  532  572  600  623  650  688  739  799
  864  929  982 1011 1007  969  912  855  818  814  842  889  932  956  959  952
  947  944  941  934  925  912  885  831  747  650  564  505  480  483  510  554
  601  634  641  623  592  562  540  518  490  452  410  372  341  322  315  319
  330  338  336  322  304  290  278  265  245
     2.5-180.0 180.0   5.0 450.0                            LAT/LON1/LON2/DLON/H
  230  211  210  236  287  350  415  478  539  594  640  674  703  735  775  824
  879  933  979 1009 1015  998  962  920  885  871  882  911  938  950  945  933
  927  931  940  951  958  956  934  881  799  705  623  569  548  556  585  624
  660  677  669  642  609  584  568  553  529  492  448  403  363  332  311  299
  296  295  292  285  277  271  264  250  230
