ionex_files/COD0OPSFIN_20250910000_01D_01H_GIM.INX
     1.0            IONOSPHERE MAPS     GNSS                IONEX VERSION / TYPE
ADDNEQ2 V5.5        AIUB                05-APR-25 19:01     PGM / RUN BY / DATE 
CODE'S GLOBAL IONOSPHERE MAPS FOR DAY 091, 2025             COMMENT             
Global ionosphere maps (GIM) are generated on a daily basis DESCRIPTION         
at CODE using data from about 300 GNSS sites of the IGS and DESCRIPTION         
other institutions. The vertical total electron content     DESCRIPTION         
(VTEC) is modeled in a solar-geomagnetic reference frame    DESCRIPTION         
using a spherical harmonics expansion up to degree and      DESCRIPTION         
order 15. Piece-wise linear functions are used for          DESCRIPTION         
representation in the time domain. The time spacing of      DESCRIPTION         
their vertices is 1 hour, conforming with the epochs of the DESCRIPTION         
VTEC maps.                                                  DESCRIPTION         
To convert line-of-sight TEC into vertical TEC, a modified  DESCRIPTION         
single-layer model mapping function approximating the JPL   DESCRIPTION         
extended slab model mapping function is adopted. The        DESCRIPTION         
mapping function is evaluated at geodetic satellite         DESCRIPTION         
elevation angles. For the computation of the ionospheric    DESCRIPTION         
pierce points, a spherical layer with a radius of 6821 km   DESCRIPTION         
is assumed, implying geocentric, not geodetic IONEX         DESCRIPTION         
latitudes.                                                  DESCRIPTION         
Instrumental biases with respect to each involved GNSS code DESCRIPTION         
observable are estimated as constant values for each        DESCRIPTION         
day. They are modeled with one set of bias parameters for   DESCRIPTION         
each satellite and each station in case of GPS and for each DESCRIPTION         
satellite-station link in case of GLONASS. The code bias    DESCRIPTION         
datum is defined by zero-mean conditions imposed on the     DESCRIPTION         
satellite bias estimates. In this file, just GPS C1W-C2W    DESCRIPTION         
satellite and station bias values are included. The         DESCRIPTION         
complete set of GNSS code bias results is provided in an    DESCRIPTION         
additional Bias-SINEX file as pseudo-absolute values        DESCRIPTION         
specific to each observable.                                DESCRIPTION         
Note: These GIM results correspond to the results for the   DESCRIPTION         
middle day of a 3-day combination analysis solving for 73   DESCRIPTION         
times 256, or 18688 VTEC parameters and 3 daily sets of     DESCRIPTION         
GNSS code bias parameters.                                  DESCRIPTION         
Contact address: code(at)aiub.unibe.ch                      DESCRIPTION         
Data archive:    ftp.aiub.unibe.ch/CODE/                    DESCRIPTION         
                 www.aiub.unibe.ch/download/CODE/           DESCRIPTION         
  2025     4     1     0     0     0                        EPOCH OF FIRST MAP  
  2025     4     2     0     0     0                        EPOCH OF LAST MAP   
  3600                                                      INTERVAL            
[...]
azgb badg bake barh bjfs bndy boav bogo bogt bor1 braz brft COMMENT             
brst brux cas1 ccj2 cedu chpg chti chur ckis coco cord cpvg COMMENT             
cpxf cro1 daej darw dav1 dgar dhlg drao dubo ebre faa1 fair COMMENT             
flin flrs frdn func ganp glps glsv gode gol2 gold gope gras COMMENT             
graz guam guug harb hers hert hlfx hnpt hob2 hofn holb hrao COMMENT             
iddr ieng iisc impz ineg invk iqal irkj jog2 joz2 karr kerg COMMENT             
kir0 kiri kiru kit3 kokb kokv koug kour krgg lama laut lmmf COMMENT             
lpal lpgs m0se mac1 madr mal2 mana mas1 mat1 mate maui maw1 COMMENT             
mcil mcm4 mdo1 medi mgue mizu mkea mnls mobs morp mqzg mro1 COMMENT             
mtka nano naur nico nist nium nklg nlib nnor not1 nrc1 ntus COMMENT             
nya1 nyal onsa opmt ous2 pado parc park pdel penc pert pie1 COMMENT             
pimo pohn pol2 polv pots pove ptag ptbb ptvl qaq1 quin rabt COMMENT             
ramo reun reyk rgdg rio2 roth salu samo sant savo sch2 scor COMMENT             
scrz sctb scub seyg spt0 ssia sthl stjo stk2 str2 suth sutm COMMENT             
suwn sydn syog tash thtg thti thu2 tid1 tidb tlse tn22 tong COMMENT             
tow2 tro1 tskb twtf txes uclu ufpr ulab unb3 unbj unsa urum COMMENT             
usn7 usud vald vill vtsp wab1 wab2 wark wgtn whit will wind COMMENT             
wsrt wtza wtzr wtzs wtzz wuhn xmis yar2 yar3 yarr yell ykro COMMENT             
zeck zim2 zim3 zimm                                         COMMENT             
                                                            END OF HEADER       
[from data line 3861]
    10                                                      START OF TEC MAP    
  2025     4     1     9     0     0                        EPOCH OF CURRENT MAP
    87.5-180.0 180.0   5.0 450.0                            LAT/LON1/LON2/DLON/H
  152  154  155  157  159  162  164  167  170  174  177  180  184  187  190  194
  196  199  202  204  206  207  209  210  210  211  211  211  211  210  210  209
  208  207  206  204  203  202  200  199  197  196  194  192  190  189  187  185
  183  180  178  176  174  172  170  168  166  164  162  160  158  157  155  154
  153  152  151  151  151  151  151  151  152
    85.0-180.0 180.0   5.0 450.0                            LAT/LON1/LON2/DLON/H
  127  128  130  132  135  139  144  150  156  163  171  179  186  194  201  208
  214  220  225  228  231  233  234  235  234  234  232  230  228  226  224  222
  220  218  217  215  214  212  211  210  209  207  206  204  202  200  198  195
  192  189  186  183  180  177  173  170  167  164  160  157  154  151  148  145
  142  139  136  134  132  130  128  128  127
    82.5-180.0 180.0   5.0 450.0                            LAT/LON1/LON2/DLON/H
  117  115  113  113  115  119  125  132  141  151  162  173  185  197  208  219
  228  235  242  246  249  250  249  247  244  240  236  231  227  223  219  216
  215  213  213  213  214  215  217  218  219  220  221  221  220  219  217  215
  212  209  206  203  199  196  193  189  186  183  180  177  174  171  167  163
  159  154  149  143  137  131  126  121  117
    80.0-180.0 180.0   5.0 450.0                            LAT/LON1/LON2/DLON/H
  129  120  113  108  107  108  111  118  127  138  151  165  180  194  208  220
  231  240  247  251  252  251  248  243  236  229  221  214  207  202  198  196
  197  198  202  206  212  218  224  230  236  240  244  246  247  248  247  245
  243  240  237  234  231  228  225  223  221  220  219  218  217  216  214  210
  206  200  192  183  173  162  150  139  129
    77.5-180.0 180.0   5.0 450.0                            LAT/LON1/LON2/DLON/H
  162  145  130  119  112  108  108  112  119  129  141  155  170  184  199  212
  223  232  238  241  241  238  232  223  214  203  193  184  177  173  171  172
  177  184  193  204  216  228  240  251  261  269  276  281  284  285  285  284
  281  279  276  272  269  267  265  264  265  266  268  271  274  276  277  277
  274  268  259  248  233  217  198  180  162
    75.0-180.0 180.0   5.0 450.0                            LAT/LON1/LON2/DLON/H
  206  182  160  142  128  119  115  115  119  126  135  146  157  170  182  193
  203  211  216  218  217  212  205  195  184  173  162  154  149  147  149  156
  166  180  196  214  233  251  269  284  298  308  317  322  326  327  327  326
  323  320  317  313  310  307  306  306  307  310  316  322  329  336  342  345
  346  342  333  320  303  282  258  232  206
    72.5-180.0 180.0   5.0 450.0                            LAT/LON1/LON2/DLON/H
  247  217  190  168  150  137  130  126  126  129  133  139  146  153  161  169
  176  182  186  187  186  181  174  165  155  145  137  132  131  134  142  155
  172  193  216  240  265  288  308  326  341  353  361  367  369  370  370  368
  365  361  357  352  348  343  340  339  340  344  350  359  369  379  389  397
  401  400  393  380  362  337  309  279  247
    70.0-180.0 180.0   5.0 450.0                            LAT/LON1/LON2/DLON/H
  271  238  209  185  166  153  144  139  137  136  136  136  136  137  139  142
  146  150  153  154  154  151  146  140  133  128  124  123  128  137  152  171
  195  222  250  279  306  331  353  371  386  397  404  408  410  410  408  406
  403  398  393  386  379  372  365  360  358  359  364  372  383  395  407  416
  423  424  420  408  390  366  337  304  271
    67.5-180.0 180.0   5.0 450.0                            LAT/LON1/LON2/DLON/H
  266  235  207  185  168  157  150  147  145  143  139  135  129  124  121  119
  120  122  124  126  128  127  126  124  122  121  123  128  138  153  174  199
  228  259  290  321  349  373  394  411  424  434  440  443  444  443  442  439
  436  431  424  415  404  392  379  369  361  357  358  363  370  380  390  399
  405  408  405  395  380  358  330  299  266
    65.0-180.0 180.0   5.0 450.0                            LAT/LON1/LON2/DLON/H
  236  208  184  165  152  145  143  144  145  144  140  133  124  115  107  102
  101  101  104  107  110  112  114  116  119  123  130  140  155  174  199  228
  261  294  326  356  383  405  424  439  451  460  466  469  471  471  470  469
  465  459  450  438  422  404  386  368  354  343  338  337  339  343  348  352
  355  356  353  346  333  315  292  264  236
    62.5-180.0 180.0   5.0 450.0                            LAT/LON1/LON2/DLON/H
  190  167  147  131  123  120  123  128  134  136  135  128  119  108   99   93
   91   91   93   97  100  104  108  114  120  129  139  152  170  191  218  250
  284  318  349  378  402  422  439  453  465  475  483  489  493  495  496  495
  492  486  474  458  437  413  388  363  342  326  314  307  302  298  295  291
  288  285  280  275  266  253  235  214  190
    60.0-180.0 180.0   5.0 450.0                            LAT/LON1/LON2/DLON/H
  147  128  111   98   91   90   95  104  114  121  123  120  113  104   96   91
   89   90   92   95   98  101  107  114  123  134  146  160  177  198  225  257
  291  325  357  383  405  423  439  453  468  481  493  504  512  518  521  522
  519  511  497  477  451  422  391  361  335  314  298  285  274  262  250  237
  226  217  210  205  200  192  181  165  147
    57.5-180.0 180.0   5.0 450.0                            LAT/LON1/LON2/DLON/H
  125  109   93   80   71   68   71   80   91  102  108  110  106  100   95   92
   92   94   97   98   99  101  106  113  124  135  147  159  174  193  218  249
  284  319  350  376  397  414  430  447  465  483  501  517  530  540  546  548
  545  536  520  497  467  433  398  365  337  315  297  281  265  247  227  206
  187  172  163  158  156  154  148  138  125
    55.0-180.0 180.0   5.0 450.0                            LAT/LON1/LON2/DLON/H
  133  120  104   88   75   65   62   66   75   86   95  100  100   98   96   96
   98  102  104  104  102  102  105  112  122  134  144  153  164  179  201  232
  268  305  338  365  386  403  421  441  463  487  511  532  550  563  571  574
  571  560  542  517  484  448  411  377  349  327  310  295  278  257  232  206
  181  162  151  147  147  149  148  143  133
    52.5-180.0 180.0   5.0 450.0                            LAT/LON1/LON2/DLON/H
  171  161  146  128  108   89   76   71   74   82   90   96   98   97   97  100
  104  109  112  110  106  103  104  110  121  132  141  147  153  164  184  215
  253  293  329  358  380  399  419  441  468  496  523  549  569  584  594  596
  593  582  563  537  505  468  431  397  370  349  335  322  306  286  261  233
  206  186  174  170  172  176  178  177  171
    50.0-180.0 180.0   5.0 450.0                            LAT/LON1/LON2/DLON/H
  225  219  208  190  166  138  114   97   91   92   97  100  101   99  100  103
  110  116  119  117  112  106  105  110  121  133  141  145  148  156  174  205
  246  290  329  361  386  407  428  453  481  511  540  567  588  603  612  615
  610  600  583  558  528  492  456  422  394  374  361  350  338  321  299  274
  250  230  218  215  217  221  225  227  225
    47.5-180.0 180.0   5.0 450.0                            LAT/LON1/LON2/DLON/H
  272  273  269  257  233  201  168  141  124  117  115  114  111  107  105  108
  115  123  127  126  120  113  110  115  125  138  147  151  153  159  176  208
  251  298  341  376  403  426  449  475  503  533  561  586  606  620  628  629
  625  616  602  581  554  521  485  450  420  397  382  371  361  349  333  314
  294  277  266  261  261  264  267  270  272
    45.0-180.0 180.0   5.0 450.0                            LAT/LON1/LON2/DLON/H
  293  302  310  307  291  261  224  190  165  151  143  136  128  120  115  116
  123  131  137  138  132  125  120  123  133  147  158  164  167  173  191  223
  267  316  361  398  428  453  478  504  532  559  585  608  626  638  644  645
  641  635  624  608  585  555  519  481  446  417  396  381  370  362  352  340
  326  312  300  291  287  285  285  287  293
    42.5-180.0 180.0   5.0 450.0                            LAT/LON1/LON2/DLON/H
  276  293  313  325  321  299  265  231  204  186  174  162  150  138  130  129
  134  143  151  153  149  141  134  134  142  156  170  180  187  195  214  246
  290  338  383  422  454  483  510  536  563  589  614  635  651  662  667  668
  665  661  654  643  625  597  561  520  478  439  408  385  370  361  356  349
  340  326  310  296  284  275  269  268  276
    40.0-180.0 180.0   5.0 450.0                            LAT/LON1/LON2/DLON/H
  225  246  275  302  313  305  281  253  229  212  199  186  172  159  149  147
  151  159  167  171  168  159  149  144  149  162  178  194  206  219  239  271
  311  357  401  440  475  508  538  567  595  622  647  670  688  700  706  706
  704  702  698  691  676  651  616  571  523  475  432  397  373  360  355  350
  341  324  302  279  258  240  226  219  225
    37.5-180.0 180.0   5.0 450.0                            LAT/LON1/LON2/DLON/H
  158  176  209  246  271  277  266  249  234  223  214  204  192  180  172  169
  172  178  185  189  186  176  162  151  150  160  179  200  220  239  261  291
  328  368  409  449  488  526  561  595  627  658  688  717  740  756  764  765
  764  761  758  753  741  719  686  642  590  535  481  434  398  376  366  358
  345  322  290  257  226  199  175  159  158
    35.0-180.0 180.0   5.0 450.0                            LAT/LON1/LON2/DLON/H
  103  110  138  176  208  226  228  224  221  219  216  212  205  199  194  193
  194  196  200  203  199  187  169  151  143  150  171  198  225  251  277  305
  336  371  409  450  493  537  579  619  657  696  737  775  808  831  843  846
  844  840  835  829  819  802  775  737  688  630  568  509  460  427  407  392
  370  337  294  251  212  178  145  117  103
    32.5-180.0 180.0   5.0 450.0                            LAT/LON1/LON2/DLON/H
   88   77   90  119  149  170  182  189  196  203  209  211  211  212  214  214
  213  211  210  209  204  190  168  144  131  134  155  187  223  256  285  312
  340  370  405  446  494  544  593  640  686  736  789  842  887  919  936  941
  938  931  923  914  906  896  879  853  814  760  696  628  566  520  488  462
  429  385  332  281  238  200  160  120   88
    30.0-180.0 180.0   5.0 450.0                            LAT/LON1/LON2/DLON/H
  130   96   88   99  117  133  146  159  173  187  198  206  213  221  228  230
  226  220  213  207  199  183  159  132  115  115  137  173  216  256  290  318
  342  368  401  444  496  552  607  659  714  774  841  908  965 1007 1030 1038
 1034 1023 1011 1000  994  993  992  983  959  916  854  781  710  651  607  569
  525  470  409  354  312  275  232  181  130
    27.5-180.0 180.0   5.0 450.0                            LAT/LON1/LON2/DLON/H
  229  173  140  128  128  131  137  148  164  180  192  202  213  225  235  238
  232  220  207  196  185  168  145  118  100   99  121  160  209  256  295  324
  348  372  404  448  504  564  622  679  738  807  885  963 1031 1080 1108 1118
 1114 1101 1084 1073 1072 1082 1099 1110 1105 1076 1021  948  870  802  748  699
  646  582  517  464  427  396  355  296  229
    25.0-180.0 180.0   5.0 450.0                            LAT/LON1/LON2/DLON/H
  365  293  240  207  184  169  163  167  178  190  199  206  216  228  238  239
  230  214  196  180  166  149  128  106   89   90  112  153  206  258  302  335
  359  383  415  461  519  581  640  697  758  831  914  997 1069 1122 1153 1165
 1161 1148 1130 1120 1126 1150 1184 1216 1229 1214 1168 1098 1020  947  886  831
  770  702  637  589  561  540  503  442  365
    22.5-180.0 180.0   5.0 450.0                            LAT/LON1/LON2/DLON/H
  506  428  366  317  277  243  221  213  215  219  221  222  226  233  238  235
  223  204  183  164  147  131  114   97   86   89  111  153  207  264  312  349
  375  400  433  480  539  600  658  712  771  842  923 1004 1073 1123 1153 1166
 1165 1153 1138 1132 1146 1182 1232 1280 1307 1302 1265 1202 1128 1057  995  937
  874  805  742  701  683  672  643  584  506
    20.0-180.0 180.0   5.0 450.0                            LAT/LON1/LON2/DLON/H
  616  546  486  434  383  336  299  278  270  265  257  249  244  242  238  230
  215  195  174  152  132  116  104   94   90   97  119  159  213  271  323  363
  392  419  453  501  559  619  674  724  777  841  912  983 1041 1083 1109 1121
 1122 1113 1103 1104 1126 1172 1232 1287 1321 1323 1293 1240 1176 1114 1057 1000
  936  867  808  773  763  760  739  687  616
    17.5-180.0 180.0   5.0 450.0                            LAT/LON1/LON2/DLON/H
  670  618  574  531  481  426  379  349  331  318  302  284  269  256  242  226
  209  191  171  148  126  109  100   98  100  110  132  169  220  277  330  373
  405  434  470  518  575  633  684  730  776  829  886  939  982 1010 1027 1037
 1040 1037 1033 1040 1068 1119 1181 1235 1268 1271 1248 1208 1160 1113 1066 1013
  950  881  822  790  785  785  769  727  670
    15.0-180.0 180.0   5.0 450.0                            LAT/LON1/LON2/DLON/H
  661  633  616  592  551  497  446  410  387  367  346  322  299  276  251  228
  209  193  176  153  129  110  103  106  114  126  146  179  225  280  332  376
  410  442  479  527  583  639  688  731  771  812  852  886  908  921  929  934
  938  940  941  953  983 1031 1086 1133 1157 1159 1143 1120 1094 1066 1033  986
  922  851  789  755  747  746  732  698  661
    12.5-180.0 180.0   5.0 450.0                            LAT/LON1/LON2/DLON/H
  601  601  612  612  586  538  489  452  427  406  382  356  328  297  264  234
  214  201  187  166  139  118  111  116  128  141  158  186  227  277  328  371
  408  442  480  528  582  636  685  727  763  795  819  835  840  838  835  836
  840  844  850  862  887  926  967  999 1014 1014 1009 1005 1003  998  979  937
  871  794  726  685  670  663  646  620  601
    10.0-180.0 180.0   5.0 450.0                            LAT/LON1/LON2/DLON/H
  522  545  581  604  592  553  508  473  449  429  406  380  351  317  278  244
  223  213  202  181  152  129  121  128  141  154  168  191  227  271  318  361
  399  435  475  521  573  626  676  720  756  782  796  798  790  778  769  766
  768  774  780  788  803  826  849  866  872  874  881  899  922  938  932  893
  822  736  658  607  582  567  547  526  522
     7.5-180.0 180.0   5.0 450.0                            LAT/LON1/LON2/DLON/H
  459  497  551  588  587  554  513  481  458  438  416  393  365  331  291  255
  233  224  215  194  164  139  131  138  152  164  176  194  224  264  307  349
  388  427  467  512  560  611  662  709  748  774  785  782  770  755  743  738
  741  746  750  750  751  754  758  761  764  773  795  833  877  910  912  872
  795  698  610  550  517  495  471  453  459
     5.0-180.0 180.0   5.0 450.0                            LAT/LON1/LON2/DLON/H
  444  488  547  587  589  559  519  487  463  440  417  394  369  336  298  262
  240  231  222  202  172  147  139  147  160  171  181  197  223  258  298  339
  380  420  461  502  545  593  644  696  740  770  783  784  777  768  761  759
  763  768  769  761  745  729  717  712  718  737  774  827  884  924  927  884
  799  694  599  532  495  471  448  433  444
     2.5-180.0 180.0   5.0 450.0                            LAT/LON1/LON2/DLON/H
  489  531  584  618  614  580  538  502  473  444  415  388  363  333  298  264
  242  232  221  201  173  151  144  153  166  176  185  199  223  256  294  334
  376  418  458  495  531  573  623  677  727  764  787  799  806  810  814  819
  827  835  835  820  791  759  737  731  744  776  824  882  938  974  971  922
  831  722  624  558  523  504  487  476  489
