ionex_files/COD0OPSFIN_20250850000_01D_01H_GIM.INX
     1.0            IONOSPHERE MAPS     GNSS                IONEX VERSION / TYPE
ADDNEQ2 V5.5        AIUB                30-MAR-25 18:56     PGM / RUN BY / DATE 
CODE'S GLOBAL IONOSPHERE MAPS FOR DAY 085, 2025             COMMENT             
Global ionosphere maps (GIM) are generated on a daily basis DESCRIPTION         
at CODE using data from about 300 GNSS sites of the IGS and DESCRIPTION         
other institutions. The vertical total electron content     DESCRIPTION         
(VTEC) is modeled in a solar-geomagnetic reference frame    DESCRIPTION         
using a spherical harmonics expansion up to degree and      DESCRIPTION         
order 15. Piece-wise linear functions are used for          DESCRIPTION         
representation in the time domain. The time spacing of      DESCRIPTION         
their vertices is 1 hour, conforming with the epochs of the DESCRIPTION         
VTEC maps.                                                  DESCRIPTION         
To convert line-of-sight TEC into vertical TEC, a modified  DESCRIPTION         
single-layer model mapping function approximating the JPL   DESCRIPTION         
extended slab model mapping function is adopted. The        DESCRIPTION         
mapping function is evaluated at geodetic satellite         DESCRIPTION         
elevation angles. For the computation of the ionospheric    DESCRIPTION         
pierce points, a spherical layer with a radius of 6821 km   DESCRIPTION         
is assumed, implying geocentric, not geodetic IONEX         DESCRIPTION         
latitudes.                                                  DESCRIPTION         
Instrumental biases with respect to each involved GNSS code DESCRIPTION         
observable are estimated as constant values for each        DESCRIPTION         
day. They are modeled with one set of bias parameters for   DESCRIPTION         
each satellite and each station in case of GPS and for each DESCRIPTION         
satellite-station link in case of GLONASS. The code bias    DESCRIPTION         
datum is defined by zero-mean conditions imposed on the     DESCRIPTION         
satellite bias estimates. In this file, just GPS C1W-C2W    DESCRIPTION         
satellite and station bias values are included. The         DESCRIPTION         
complete set of GNSS code bias results is provided in an    DESCRIPTION         
additional Bias-SINEX file as pseudo-absolute values        DESCRIPTION         
specific to each observable.                                DESCRIPTION         
Note: These GIM results correspond to the results for the   DESCRIPTION         
middle day of a 3-day combination analysis solving for 73   DESCRIPTION         
times 256, or 18688 VTEC parameters and 3 daily sets of     DESCRIPTION         
GNSS code bias parameters.                                  DESCRIPTION         
Contact address: code(at)aiub.unibe.ch                      DESCRIPTION         
Data archive:    ftp.aiub.unibe.ch/CODE/                    DESCRIPTION         
                 www.aiub.unibe.ch/download/CODE/           DESCRIPTION         
  2025     3    26     0     0     0                        EPOCH OF FIRST MAP  
  2025     3    27     0     0     0                        EPOCH OF LAST MAP   
  3600                                                      INTERVAL            
[...]
abpo adis albh algo alic amu2 antc areg areq ascg aspa auck COMMENT             
azgb badg bake barh bjfs bndy boav bogo bogt bor1 braz brft COMMENT             
brst brux cags cas1 ccj2 cedu chpg chti chur ckis coco cord COMMENT             
cpvg cpxf cro1 daej darw dav1 dgar dhlg drao dubo ebre faa1 COMMENT             
fair flin flrs frdn func ganp glps glsv gode gol2 gold gope COMMENT             
gras graz guam guug harb hers hert hlfx hnpt hob2 hofn holb COMMENT             
hrao hyde iddr ieng iisc impz ineg invk iqal irkj jog2 joz2 COMMENT             
karr kerg kir0 kiri kiru kit3 kokb kokv koug kour krgg lama COMMENT             
laut lmmf lpal lpgs mac1 madr mana mas1 mat1 mate maui maw1 COMMENT             
mcil mcm4 mdo1 medi mgue mizu mkea mnls mobs morp mqzg mro1 COMMENT             
mtka nano naur nico nist nium nklg nlib nnor nrc1 ntus nya1 COMMENT             
nyal onsa opmt ous2 pado parc park penc pert pie1 pimo pohn COMMENT             
pol2 pots pove ptag ptbb ptvl qaq1 quin rabt ramo reun reyk COMMENT             
rgdg rio2 roth salu samo sant savo sch2 scor scrz sctb scub COMMENT             
seyg sfer spt0 ssia sthl stjo stk2 str2 suth sutm suwn sydn COMMENT             
syog tash thtg thti thu2 tid1 tidb tlse tn22 tong tow2 tro1 COMMENT             
tskb twtf txes uclu ufpr ulab unb3 unbj unsa urum usn7 usud COMMENT             
vald vill vtsp wab1 wab2 whit will wind wsrt wtza wtzr wtzs COMMENT             
wtzz wuhn xmis yar2 yarr yell ykro zeck zim2 zim3 zimm      COMMENT             
                                                            END OF HEADER       
[from data line 6864]
    17                                                      START OF TEC MAP    
  2025     3    26    16     0     0                        EPOCH OF CURRENT MAP
    87.5-180.0 180.0   5.0 450.0                            LAT/LON1/LON2/DLON/H
  208  211  214  218  221  225  228  231  234  236  238  240  242  243  244  245
  245  246  246  245  245  244  243  243  242  241  240  238  237  236  235  234
  232  231  230  228  227  225  223  222  220  218  216  214  212  210  208  206
  204  202  200  198  196  194  192  191  189  188  187  186  186  186  186  187
  188  189  191  193  196  198  201  204  208
    85.0-180.0 180.0   5.0 450.0                            LAT/LON1/LON2/DLON/H
  183  191  200  208  216  224  232  238  244  249  253  256  258  259  260  259
  258  257  255  253  250  248  245  242  240  238  236  234  232  231  230  228
  227  226  226  224  223  222  221  219  217  215  212  210  207  203  200  197
  193  189  185  181  177  172  168  164  160  156  153  150  147  145  144  143
  144  146  148  152  156  162  168  175  183
    82.5-180.0 180.0   5.0 450.0                            LAT/LON1/LON2/DLON/H
  151  164  178  192  206  219  230  241  249  256  261  264  265  265  263  260
  257  253  248  243  238  233  229  224  221  217  215  212  211  210  210  210
  211  211  212  213  214  215  215  214  213  212  210  207  205  202  199  195
  191  187  183  178  173  167  161  154  148  140  133  126  119  113  108  104
  102  101  103  106  111  118  128  139  151
    80.0-180.0 180.0   5.0 450.0                            LAT/LON1/LON2/DLON/H
  114  132  151  170  189  207  223  236  247  255  260  261  261  258  254  249
  243  236  229  223  217  211  205  199  195  190  187  184  182  182  182  184
  187  190  194  198  201  204  206  208  208  208  207  206  205  203  202  200
  199  197  195  192  188  183  176  169  159  149  138  126  114  102   91   82
   74   69   66   66   69   76   86   99  114
    77.5-180.0 180.0   5.0 450.0                            LAT/LON1/LON2/DLON/H
   79   99  121  144  167  189  208  224  236  244  248  248  245  241  235  228
  221  215  209  203  198  193  187  182  176  171  165  161  157  155  156  158
  162  167  174  180  187  193  197  200  202  203  203  203  204  205  207  209
  212  215  217  218  218  215  211  204  194  182  168  152  135  117  100   84
   69   57   47   42   40   43   51   63   79
    75.0-180.0 180.0   5.0 450.0                            LAT/LON1/LON2/DLON/H
   52   71   93  118  143  167  188  205  218  225  227  226  222  216  209  204
  199  196  194  193  193  191  189  184  178  170  161  152  145  139  136  137
  141  147  156  165  174  182  188  192  194  196  197  198  200  204  209  216
  225  233  241  248  253  255  254  249  241  229  213  195  175  153  131  109
   88   69   53   40   31   28   30   38   52
    72.5-180.0 180.0   5.0 450.0                            LAT/LON1/LON2/DLON/H
   38   52   73   97  122  146  168  184  196  201  202  199  194  189  184  182
  183  187  193  200  207  212  214  212  205  194  180  165  151  139  131  127
  129  135  144  155  166  175  181  186  187  188  188  190  193  199  208  219
  232  246  259  271  281  287  290  289  283  273  258  241  221  198  175  150
  126  103   81   61   45   34   28   29   38
    70.0-180.0 180.0   5.0 450.0                            LAT/LON1/LON2/DLON/H
   39   48   63   84  107  130  149  164  174  178  177  174  169  165  164  168
  176  188  204  222  238  252  259  260  253  239  220  198  176  156  141  133
  132  136  145  155  166  175  181  184  184  182  181  182  185  192  203  216
  231  248  264  278  291  300  306  308  305  298  287  273  255  236  216  194
  171  148  124  101   79   60   46   38   39
    67.5-180.0 180.0   5.0 450.0                            LAT/LON1/LON2/DLON/H
   55   56   66   82  101  120  137  149  156  159  157  154  150  149  153  162
  177  199  224  252  278  300  313  318  312  296  273  245  217  191  170  157
  152  154  161  170  180  186  190  189  186  182  179  178  180  186  196  208
  223  238  252  266  278  288  295  298  298  295  288  279  267  254  240  226
  210  192  171  148  124   99   78   63   55
    65.0-180.0 180.0   5.0 450.0                            LAT/LON1/LON2/DLON/H
   81   76   80   90  105  120  132  141  145  146  144  141  140  143  150  164
  185  213  246  282  315  343  362  370  366  351  328  299  269  240  217  201
  193  192  196  203  209  212  211  206  199  191  185  181  182  185  192  200
  210  219  229  237  245  252  258  262  265  264  262  257  251  246  240  235
  230  222  210  192  169  143  117   96   81
    62.5-180.0 180.0   5.0 450.0                            LAT/LON1/LON2/DLON/H
  111  101  100  106  116  126  134  138  140  139  139  138  140  145  155  171
  195  226  262  301  338  370  392  403  403  393  374  350  324  300  279  264
  255  251  252  254  254  251  245  234  223  211  202  196  193  193  194  196
  198  199  200  201  203  205  209  213  216  218  218  216  214  213  215  219
  225  229  228  220  204  180  154  129  111
    60.0-180.0 180.0   5.0 450.0                            LAT/LON1/LON2/DLON/H
  136  124  121  125  131  136  139  140  139  139  140  142  147  154  165  181
  204  233  268  306  342  374  397  412  417  414  405  393  379  365  352  342
  334  328  325  320  314  304  290  274  258  243  231  222  216  211  205  199
  192  184  176  169  164  162  163  166  170  172  173  171  168  168  173  183
  198  213  224  227  219  202  179  155  136
    57.5-180.0 180.0   5.0 450.0                            LAT/LON1/LON2/DLON/H
  150  140  138  140  144  146  145  143  141  142  145  151  158  166  176  189
  208  233  263  295  327  356  380  397  409  416  421  426  429  431  431  429
  423  417  408  397  383  365  344  322  301  284  269  258  247  237  225  211
  196  180  165  151  141  136  136  139  143  145  143  138  131  127  128  138
  156  178  199  212  214  204  186  166  150
    55.0-180.0 180.0   5.0 450.0                            LAT/LON1/LON2/DLON/H
  150  144  145  148  152  151  148  144  142  145  152  161  170  177  184  194
  207  226  249  275  301  326  349  369  387  406  426  449  473  493  508  515
  513  505  492  474  453  428  401  375  351  330  313  298  283  267  249  230
  209  189  170  154  142  136  135  139  143  144  140  129  114  101   95   99
  115  138  162  181  190  188  176  162  150
    52.5-180.0 180.0   5.0 450.0                            LAT/LON1/LON2/DLON/H
  137  136  140  146  150  150  145  141  141  147  157  169  178  184  188  193
  202  215  231  251  272  294  317  340  365  394  428  467  509  547  575  591
  593  584  567  544  518  488  458  428  401  378  358  338  318  296  273  251
  229  208  189  174  163  157  158  163  168  169  162  146  124  101   84   79
   86  104  127  146  158  159  153  143  137
    50.0-180.0 180.0   5.0 450.0                            LAT/LON1/LON2/DLON/H
  115  117  125  135  140  141  138  135  138  147  160  173  181  184  185  188
  194  204  216  230  248  269  295  323  355  392  434  484  538  588  626  648
  653  644  625  601  573  542  510  479  451  425  400  374  347  319  294  270
  250  232  216  203  195  191  194  200  207  208  200  181  154  124   98   83
   80   89  104  119  128  129  124  118  115
    47.5-180.0 180.0   5.0 450.0                            LAT/LON1/LON2/DLON/H
   90   95  105  116  124  127  127  127  134  146  161  173  178  178  178  180
  187  196  206  218  234  258  290  326  365  406  451  503  560  615  659  684
  690  682  664  642  616  588  558  527  497  467  436  403  368  336  308  286
  269  255  243  233  226  224  227  235  242  245  238  221  194  163  133  111
   99   98  102  107  110  106   99   93   90
    45.0-180.0 180.0   5.0 450.0                            LAT/LON1/LON2/DLON/H
   72   74   83   95  105  111  115  121  131  147  162  171  173  170  169  174
  184  195  205  215  233  262  304  351  396  438  479  525  578  631  674  700
  708  702  688  672  652  629  602  572  540  506  467  426  384  347  319  299
  285  274  263  253  246  244  247  254  261  266  263  250  230  204  178  155
  139  129  123  117  110   99   87   77   72
    42.5-180.0 180.0   5.0 450.0                            LAT/LON1/LON2/DLON/H
   65   63   68   78   88   98  107  118  133  150  165  171  168  163  164  174
  190  205  214  222  241  278  333  393  445  486  518  552  593  639  679  705
  715  713  707  699  687  670  645  616  582  542  496  446  397  358  330  313
  301  290  277  264  254  249  250  255  261  266  266  262  251  237  220  204
  189  175  161  146  129  110   91   75   65
    40.0-180.0 180.0   5.0 450.0                            LAT/LON1/LON2/DLON/H
   72   63   63   69   79   91  105  121  140  159  173  176  171  165  169  186
  210  227  234  239  258  303  371  444  505  542  563  583  611  649  686  712
  726  731  732  733  728  714  691  660  622  577  525  468  416  375  350  335
  323  308  289  271  257  249  246  247  249  252  255  257  257  255  251  245
  236  223  207  187  163  137  111   89   72
    37.5-180.0 180.0   5.0 450.0                            LAT/LON1/LON2/DLON/H
   94   78   70   71   80   94  112  132  154  175  189  191  185  181  191  216
  245  264  267  266  283  333  413  499  566  601  612  618  636  668  705  736
  755  766  775  782  780  765  739  703  662  613  557  497  444  406  384  371
  357  336  311  287  270  259  253  248  244  242  242  246  253  261  268  272
  270  263  248  228  202  173  144  117   94
    35.0-180.0 180.0   5.0 450.0                            LAT/LON1/LON2/DLON/H
  126  104   90   86   92  107  127  151  175  198  213  218  214  215  232  264
  299  317  313  304  317  370  458  552  623  656  659  659  673  706  748  785
  811  828  842  849  845  823  788  746  700  650  593  535  485  452  435  424
  407  381  351  325  308  298  290  279  266  254  248  249  255  265  275  282
  286  284  275  259  236  209  180  152  126
    32.5-180.0 180.0   5.0 450.0                            LAT/LON1/LON2/DLON/H
  161  137  119  110  113  128  150  175  202  227  246  256  259  267  291  330
  367  383  374  357  364  416  506  602  673  704  706  706  725  766  818  863
  896  917  930  933  919  884  837  785  736  687  635  582  538  512  500  491
  473  445  415  393  383  378  369  352  328  304  287  278  276  278  280  282
  285  285  282  273  257  237  212  187  161
    30.0-180.0 180.0   5.0 450.0                            LAT/LON1/LON2/DLON/H
  192  170  150  139  141  155  178  204  232  260  285  304  317  334  365  407
  446  460  445  423  426  473  559  651  717  747  752  760  792  847  911  965
 1002 1022 1030 1023  993  942  879  819  769  724  679  635  600  580  573  566
  549  523  501  491  492  495  487  464  429  394  365  343  327  311  295  281
  273  270  270  268  261  249  232  213  192
    27.5-180.0 180.0   5.0 450.0                            LAT/LON1/LON2/DLON/H
  213  196  179  168  170  184  208  234  263  294  327  356  381  407  443  487
  525  538  523  500  501  543  618  698  756  785  798  822  870  942 1017 1077
 1114 1130 1128 1107 1060  990  913  846  797  760  726  691  663  648  642  635
  621  605  596  604  621  633  626  597  553  509  471  439  406  368  327  289
  262  249  247  249  249  245  237  226  213
    25.0-180.0 180.0   5.0 450.0                            LAT/LON1/LON2/DLON/H
  220  211  200  192  195  211  235  263  292  326  366  407  443  478  517  560
  597  610  599  582  584  620  682  746  793  821  846  887  953 1038 1120 1182
 1214 1221 1208 1172 1109 1025  938  868  823  796  772  745  721  705  697  689
  679  674  684  712  745  764  756  721  672  625  586  550  506  448  379  313
  262  232  222  224  227  229  227  225  220
    22.5-180.0 180.0   5.0 450.0                            LAT/LON1/LON2/DLON/H
  214  214  210  206  213  231  258  287  317  354  400  450  497  538  577  618
  652  669  666  659  667  698  745  790  826  856  893  951 1032 1123 1205 1261
 1285 1282 1258 1211 1138 1047  956  888  850  832  816  794  769  747  730  717
  711  718  747  792  835  856  844  804  755  713  682  653  607  537  448  356
  280  232  209  204  205  207  208  211  214
    20.0-180.0 180.0   5.0 450.0                            LAT/LON1/LON2/DLON/H
  199  206  208  210  221  243  274  306  337  375  425  482  535  580  618  655
  688  709  717  723  739  767  799  829  855  889  940 1011 1097 1184 1258 1303
 1317 1305 1274 1222 1148 1059  973  911  881  870  859  836  804  770  741  719
  713  731  772  826  871  886  867  824  780  751  739  727  692  621  522  414
  319  253  216  200  194  190  189  192  199
    17.5-180.0 180.0   5.0 450.0                            LAT/LON1/LON2/DLON/H
  183  193  200  206  220  246  282  318  351  389  440  500  557  603  639  673
  704  730  750  769  792  818  840  857  880  920  982 1060 1142 1217 1274 1306
 1311 1294 1261 1212 1146 1067  992  941  918  911  899  871  828  779  733  701
  692  713  758  811  846  849  820  776  743  734  747  760  744  686  590  478
  375  296  246  218  201  187  178  176  183
    15.0-180.0 180.0   5.0 450.0                            LAT/LON1/LON2/DLON/H
  174  182  191  198  213  243  283  323  359  397  446  505  563  609  645  676
  707  737  766  795  824  848  862  873  898  948 1018 1095 1164 1220 1258 1277
 1277 1260 1232 1192 1139 1077 1018  978  960  952  936  899  844  779  718  674
  659  677  717  756  773  759  721  681  660  673  711  750  760  722  642  539
  438  355  297  258  230  205  184  173  174
    12.5-180.0 180.0   5.0 450.0                            LAT/LON1/LON2/DLON/H
  179  182  188  194  207  237  280  325  363  400  446  502  558  605  641  672
  705  738  772  807  838  859  869  880  912  972 1047 1117 1167 1199 1219 1230
 1231 1220 1200 1173 1137 1094 1051 1020 1004  991  967  921  856  779  706  652
  630  640  666  684  679  649  606  573  567  596  653  712  742  727  669  585
  498  421  361  316  280  245  212  188  179
    10.0-180.0 180.0   5.0 450.0                            LAT/LON1/LON2/DLON/H
  203  199  199  200  208  233  276  324  365  402  444  496  550  598  636  671
  706  741  777  812  841  859  867  882  923  992 1069 1127 1155 1165 1172 1182
 1189 1188 1178 1163 1142 1115 1085 1060 1041 1021  988  936  866  784  705  647
  620  621  629  625  599  558  518  495  500  537  599  664  704  706  670  611
  544  481  426  382  343  302  259  223  203
     7.5-180.0 180.0   5.0 450.0                            LAT/LON1/LON2/DLON/H
  247  235  229  223  221  237  276  325  369  406  444  492  544  594  637  678
  716  753  788  819  844  858  866  887  936 1011 1084 1127 1135 1128 1129 1145
 1164 1174 1173 1165 1153 1135 1113 1089 1064 1036  997  943  873  795  719  664
  636  630  624  601  563  521  491  480  490  523  573  626  662  669  649  612
  569  523  481  444  409  369  321  277  247
     5.0-180.0 180.0   5.0 450.0                            LAT/LON1/LON2/DLON/H
  305  288  278  263  250  254  284  330  376  414  450  494  545  598  647  694
  737  776  809  837  856  866  874  899  953 1028 1093 1121 1113 1097 1101 1128
 1160 1179 1181 1174 1162 1146 1124 1097 1066 1030  988  938  877  808  744  698
  676  668  654  624  586  555  542  542  550  564  587  612  627  627  613  592
  568  541  514  489  465  432  387  339  305
     2.5-180.0 180.0   5.0 450.0                            LAT/LON1/LON2/DLON/H
  367  351  340  320  294  283  302  343  389  427  462  504  555  610  665  717
  764  806  839  865  882  889  897  921  974 1042 1095 1110 1094 1078 1090 1129
 1171 1194 1193 1179 1159 1137 1110 1078 1041 1003  962  919  871  818  770  739
  728  725  713  687  661  651  659  668  665  651  635  622  607  588  569  555
  545  533  520  510  500  480  444  400  367
