ionex_files/COD0OPSFIN_20250770000_01D_01H_GIM.INX
     1.0            IONOSPHERE MAPS     GNSS                IONEX VERSION / TYPE
ADDNEQ2 V5.5        AIUB                22-MAR-25 19:01     PGM / RUN BY / DATE 
CODE'S GLOBAL IONOSPHERE MAPS FOR DAY 077, 2025             COMMENT             
Global ionosphere maps (GIM) are generated on a daily basis DESCRIPTION         
at CODE using data from about 300 GNSS sites of the IGS and DESCRIPTION         
other institutions. The vertical total electron content     DESCRIPTION         
(VTEC) is modeled in a solar-geomagnetic reference frame    DESCRIPTION         
using a spherical harmonics expansion up to degree and      DESCRIPTION         
order 15. Piece-wise linear functions are used for          DESCRIPTION         
representation in the time domain. The time spacing of      DESCRIPTION         
their vertices is 1 hour, conforming with the epochs of the DESCRIPTION         
VTEC maps.                                                  DESCRIPTION         
To convert line-of-sight TEC into vertical TEC, a modified  DESCRIPTION         
single-layer model mapping function approximating the JPL   DESCRIPTION         
extended slab model mapping function is adopted. The        DESCRIPTION         
mapping function is evaluated at geodetic satellite         DESCRIPTION         
elevation angles. For the computation of the ionospheric    DESCRIPTION         
pierce points, a spherical layer with a radius of 6821 km   DESCRIPTION         
is assumed, implying geocentric, not geodetic IONEX         DESCRIPTION         
latitudes.                                                  DESCRIPTION         
Instrumental biases with respect to each involved GNSS code DESCRIPTION         
observable are estimated as constant values for each        DESCRIPTION         
day. They are modeled with one set of bias parameters for   DESCRIPTION         
each satellite and each station in case of GPS and for each DESCRIPTION         
satellite-station link in case of GLONASS. The code bias    DESCRIPTION         
datum is defined by zero-mean conditions imposed on the     DESCRIPTION         
satellite bias estimates. In this file, just GPS C1W-C2W    DESCRIPTION         
satellite and station bias values are included. The         DESCRIPTION         
complete set of GNSS code bias results is provided in an    DESCRIPTION         
additional Bias-SINEX file as pseudo-absolute values        DESCRIPTION         
specific to each observable.                                DESCRIPTION         
Note: These GIM results correspond to the results for the   DESCRIPTION         
middle day of a 3-day combination analysis solving for 73   DESCRIPTION         
times 256, or 18688 VTEC parameters and 3 daily sets of     DESCRIPTION         
GNSS code bias parameters.                                  DESCRIPTION         
Contact address: code(at)aiub.unibe.ch                      DESCRIPTION         
Data archive:    ftp.aiub.unibe.ch/CODE/                    DESCRIPTION         
                 www.aiub.unibe.ch/download/CODE/           DESCRIPTION         
  2025     3    18     0     0     0                        EPOCH OF FIRST MAP  
  2025     3    19     0     0     0                        EPOCH OF LAST MAP   
  3600                                                      INTERVAL            
[...]
azgb badg bake barh bjfs bndy boav bogt bor1 braz brft brst COMMENT             
brux cags cas1 ccj2 cedu chpg chti chur ckis coco cord cpvg COMMENT             
cpxf cro1 daej darw dav1 dgar dhlg drao dubo faa1 fair flin COMMENT             
flrs frdn func ganp glps glsv gode gol2 gold gope gras graz COMMENT             
guam guug harb hers hert hlfx hnpt hob2 hofn holb hrao iddr COMMENT             
ieng iisc impz ineg invk iqal irkj jog2 joz2 karr kerg kir0 COMMENT             
kiri kiru kit3 kokb kokv koug kour krgg lama laut lmmf lpal COMMENT             
lpgs mac1 madr mal2 mana mas1 mat1 mate maui maw1 mcil mcm4 COMMENT             
mdo1 medi mgue mizu mkea mnls mobs monp morp mqzg mro1 mtka COMMENT             
nano naur nico nist nium nklg nlib nnor nrc1 ntus nya1 nyal COMMENT             
onsa opmt ous2 pado parc park pdel penc pert pie1 pimo pohn COMMENT             
pol2 polv pots pove ptag ptbb ptvl qaq1 quin rabt ramo reun COMMENT             
reyk rgdg rio2 roth salu samo sant savo sch2 scor scrz sctb COMMENT             
scub seyg sfer sofi spt0 ssia sthl stjo stk2 str2 suth sutm COMMENT             
suwn sydn syog tash thtg thti thu2 tid1 tidb tlse tn22 tong COMMENT             
tow2 tro1 tskb twtf txes uclu ufpr ulab unb3 unbj unsa urum COMMENT             
usn7 usud vald vill vtsp wab1 wab2 whit will wind wsrt wtza COMMENT             
wtzr wtzs wtzz wuhn xmis yar2 yar3 yarr yell ykro zeck zim2 COMMENT             
zim3 zimm                                                   COMMENT             
                                                            END OF HEADER       
[from data line 5148]
    13                                                      START OF TEC MAP    
  2025     3    18    12     0     0                        EPOCH OF CURRENT MAP
    87.5-180.0 180.0   5.0 450.0                            LAT/LON1/LON2/DLON/H
  197  198  200  202  204  206  208  210  212  214  216  218  220  221  223  224
  225  226  227  227  227  227  227  227  227  226  225  224  223  221  220  218
  216  214  212  209  207  205  202  200  197  195  193  191  189  187  186  185
  183  183  182  181  181  181  181  181  181  181  182  182  183  183  184  185
  186  187  188  189  190  192  193  195  197
    85.0-180.0 180.0   5.0 450.0                            LAT/LON1/LON2/DLON/H
  186  189  192  195  198  202  205  209  213  217  220  223  227  229  232  234
  236  238  239  240  241  242  242  242  242  241  241  239  238  236  234  231
  228  224  221  216  212  207  202  198  193  188  184  181  177  175  172  171
  170  169  169  170  170  171  172  174  175  176  177  178  178  179  179  179
  179  179  180  180  181  182  183  184  186
    82.5-180.0 180.0   5.0 450.0                            LAT/LON1/LON2/DLON/H
  174  175  177  180  184  188  193  198  203  208  212  216  220  223  226  228
  230  232  234  235  236  238  239  241  242  243  244  245  245  245  244  242
  240  236  232  227  221  215  208  201  195  188  183  178  174  171  169  168
  169  171  173  177  180  184  188  191  194  197  198  198  198  197  195  192
  190  186  183  180  177  175  174  173  174
    80.0-180.0 180.0   5.0 450.0                            LAT/LON1/LON2/DLON/H
  161  160  160  162  165  169  174  179  185  190  194  198  201  204  206  207
  208  209  210  212  214  217  220  224  228  233  237  242  246  249  251  252
  252  250  247  242  237  230  222  215  207  199  192  187  182  180  180  182
  185  191  198  205  213  221  229  235  240  243  245  244  242  238  232  225
  217  208  199  191  182  175  169  164  161
    77.5-180.0 180.0   5.0 450.0                            LAT/LON1/LON2/DLON/H
  152  147  145  144  146  149  153  158  162  167  170  173  175  176  176  176
  176  176  176  178  181  186  191  199  207  216  225  234  243  251  257  261
  264  265  265  262  258  252  245  237  229  221  214  208  204  203  205  209
  217  227  239  251  264  277  288  297  303  307  307  305  299  291  281  269
  255  240  225  210  196  182  170  160  152
    75.0-180.0 180.0   5.0 450.0                            LAT/LON1/LON2/DLON/H
  149  140  134  131  130  132  135  138  141  144  146  147  147  146  145  143
  142  141  142  144  149  155  164  175  188  201  215  229  242  253  263  271
  277  281  283  283  281  277  272  266  259  251  244  239  236  236  239  247
  258  272  288  305  322  338  351  361  368  370  368  363  354  342  327  311
  292  273  252  232  212  194  176  162  149
    72.5-180.0 180.0   5.0 450.0                            LAT/LON1/LON2/DLON/H
  151  139  130  124  122  121  122  124  125  126  126  125  123  121  119  117
  116  116  117  121  127  136  148  162  179  196  213  230  245  259  270  280
  288  294  298  301  302  301  299  296  291  285  280  275  272  273  277  286
  299  316  334  354  373  389  402  411  415  415  410  401  388  373  355  335
  315  293  271  248  226  205  185  166  151
    70.0-180.0 180.0   5.0 450.0                            LAT/LON1/LON2/DLON/H
  154  140  130  123  118  117  116  116  116  114  112  110  107  105  104  103
  103  105  108  113  121  132  146  163  182  201  220  238  253  267  278  288
  296  302  308  313  317  320  322  322  321  318  315  311  308  309  313  321
  334  350  368  387  405  419  429  434  434  429  419  406  390  371  352  332
  312  291  271  250  230  209  190  171  154
    67.5-180.0 180.0   5.0 450.0                            LAT/LON1/LON2/DLON/H
  155  142  131  123  118  116  114  113  111  108  105  101   99   99  100  102
  105  109  114  121  131  143  158  176  195  215  234  251  265  277  286  295
  302  308  314  321  327  333  338  342  345  345  344  342  340  339  341  346
  356  369  384  399  412  422  426  426  420  409  395  377  358  337  317  298
  280  264  249  234  219  203  187  171  155
    65.0-180.0 180.0   5.0 450.0                            LAT/LON1/LON2/DLON/H
  151  139  129  121  117  114  113  111  108  105  101   98   97   99  104  110
  117  124  131  139  149  161  176  193  212  231  249  264  277  287  295  303
  309  315  321  327  334  340  347  354  360  365  367  367  365  362  361  362
  367  375  384  393  399  401  399  392  381  365  346  325  303  280  260  242
  227  216  208  201  194  186  176  164  151
    62.5-180.0 180.0   5.0 450.0                            LAT/LON1/LON2/DLON/H
  143  133  123  115  111  109  108  107  105  102   99   97   99  104  112  123
  133  143  151  159  167  178  192  208  226  244  260  275  287  297  307  315
  323  330  336  340  344  348  354  361  369  378  383  386  384  380  375  372
  370  371  373  374  373  369  361  348  333  314  292  268  244  219  197  179
  167  160  158  159  161  162  159  152  143
    60.0-180.0 180.0   5.0 450.0                            LAT/LON1/LON2/DLON/H
  134  124  114  105  100   98   99   99   99   98   96   97  101  109  121  134
  146  157  165  172  179  188  200  215  232  249  266  281  296  309  323  337
  349  358  363  365  364  362  362  366  375  386  396  402  402  397  389  381
  373  367  361  356  348  338  326  311  294  275  253  228  201  174  149  129
  116  111  113  120  130  138  142  140  134
    57.5-180.0 180.0   5.0 450.0                            LAT/LON1/LON2/DLON/H
  128  118  106   95   88   85   86   88   91   92   94   97  103  113  126  140
  152  162  169  174  180  188  199  213  230  248  267  285  305  325  347  368
  387  401  408  406  397  385  377  375  381  393  407  417  421  418  408  395
  382  370  358  347  335  321  307  293  278  261  241  216  188  159  130  106
   90   83   86   97  110  123  132  133  128
    55.0-180.0 180.0   5.0 450.0                            LAT/LON1/LON2/DLON/H
  131  119  104   89   79   74   74   78   83   88   93   98  106  116  128  140
  150  157  162  167  172  180  192  207  225  246  267  291  317  346  377  409
  437  457  466  460  443  421  400  389  390  402  420  436  444  443  433  418
  401  385  369  354  339  325  312  300  289  276  259  237  209  177  145  116
   95   85   85   95  109  124  134  137  131
    52.5-180.0 180.0   5.0 450.0                            LAT/LON1/LON2/DLON/H
  144  130  112   93   78   70   68   72   79   88   95  103  111  119  128  135
  141  145  150  155  162  172  186  204  224  247  273  303  336  373  413  453
  490  517  529  523  500  467  434  412  406  417  437  458  472  474  465  449
  430  411  394  377  362  348  337  328  320  311  298  278  252  219  185  153
  128  113  109  115  127  139  149  151  144
    50.0-180.0 180.0   5.0 450.0                            LAT/LON1/LON2/DLON/H
  164  149  130  108   90   77   73   76   84   94  105  113  120  125  128  129
  130  132  136  145  156  171  189  209  232  259  288  322  360  402  447  493
  537  570  587  583  559  519  476  444  430  438  460  485  502  508  500  484
  465  446  428  411  395  382  371  363  357  349  339  322  298  268  235  203
  175  156  147  148  155  164  171  171  164
    47.5-180.0 180.0   5.0 450.0                            LAT/LON1/LON2/DLON/H
  185  172  154  133  112   97   89   90   97  109  121  130  135  135  132  126
  122  122  129  143  161  182  204  227  252  281  312  348  387  429  474  521
  567  606  631  635  615  575  527  486  465  468  488  514  535  542  536  521
  502  483  465  448  431  417  404  393  384  375  364  349  329  305  276  246
  220  199  187  182  184  189  192  191  185
    45.0-180.0 180.0   5.0 450.0                            LAT/LON1/LON2/DLON/H
  198  190  177  160  142  126  115  113  119  130  142  151  154  150  141  129
  121  121  132  153  179  206  232  256  282  310  342  376  412  449  489  531
  576  620  656  673  665  633  586  541  512  507  523  547  568  576  571  556
  537  518  500  482  464  446  427  410  394  379  365  350  335  316  294  271
  247  227  213  205  202  202  203  202  198
    42.5-180.0 180.0   5.0 450.0                            LAT/LON1/LON2/DLON/H
  198  197  193  184  171  157  146  141  145  155  165  173  175  168  154  139
  128  129  146  174  208  240  267  291  315  342  372  402  432  461  491  526
  568  616  665  701  713  696  655  608  572  558  566  585  603  610  604  590
  571  552  533  513  492  468  442  414  387  363  344  329  317  305  290  272
  252  234  220  210  204  200  198  198  198
    40.0-180.0 180.0   5.0 450.0                            LAT/LON1/LON2/DLON/H
  184  191  197  198  194  184  174  169  170  177  187  193  194  186  171  153
  143  146  168  203  242  276  303  324  345  369  396  422  445  465  486  513
  553  607  669  727  763  765  735  689  645  621  618  630  642  646  640  626
  608  589  569  547  521  491  456  418  380  346  320  304  294  286  274  259
  241  224  209  199  192  186  182  181  184
    37.5-180.0 180.0   5.0 450.0                            LAT/LON1/LON2/DLON/H
  165  175  189  200  205  202  195  190  190  194  202  207  208  201  187  171
  162  168  193  232  274  308  332  349  367  388  411  433  451  467  483  507
  547  608  684  763  822  844  826  781  731  696  682  683  690  691  685  672
  655  636  615  591  562  526  485  438  391  350  319  301  290  281  269  250
  229  210  195  185  177  169  163  161  165
    35.0-180.0 180.0   5.0 450.0                            LAT/LON1/LON2/DLON/H
  151  160  176  193  204  208  205  201  200  203  208  213  215  212  202  189
  181  189  217  258  299  331  351  365  379  397  418  439  457  474  494  522
  567  634  722  817  894  932  924  880  825  780  755  748  749  748  742  731
  717  700  679  653  623  586  541  492  441  397  364  343  330  315  295  267
  238  213  195  184  175  167  157  151  151
    32.5-180.0 180.0   5.0 450.0                            LAT/LON1/LON2/DLON/H
  156  157  168  184  198  204  205  203  202  203  206  211  215  216  212  203
  198  207  234  275  315  344  361  371  384  402  423  446  469  495  527  567
  622  696  790  891  977 1023 1021  979  920  869  837  823  820  818  814  807
  797  783  763  739  709  674  633  587  540  498  466  443  424  400  367  326
  284  249  226  213  203  192  178  164  156
    30.0-180.0 180.0   5.0 450.0                            LAT/LON1/LON2/DLON/H
  188  176  175  183  192  199  200  199  198  197  198  202  208  215  216  212
  209  217  243  282  321  349  364  374  388  407  432  460  494  536  587  645
  711  789  881  979 1062 1108 1107 1066 1007  955  921  905  900  898  897  895
  890  881  865  843  817  787  754  718  680  645  616  591  565  531  484  428
  373  328  299  281  268  253  233  210  188
    27.5-180.0 180.0   5.0 450.0                            LAT/LON1/LON2/DLON/H
  250  221  203  197  197  198  197  195  192  188  187  189  197  208  215  215
  213  220  244  282  321  350  366  379  396  420  449  486  534  596  671  749
  825  902  983 1066 1136 1175 1171 1133 1079 1032 1001  987  982  981  983  986
  987  983  972  954  932  910  888  864  838  812  787  760  728  685  627  561
  497  446  410  387  369  348  320  286  250
    25.0-180.0 180.0   5.0 450.0                            LAT/LON1/LON2/DLON/H
  332  286  251  229  217  209  202  195  189  182  176  176  184  198  209  211
  209  214  238  277  318  351  373  391  413  443  479  525  588  671  766  861
  943 1012 1075 1135 1185 1212 1205 1172 1129 1094 1072 1063 1059 1058 1060 1066
 1073 1074 1067 1053 1036 1021 1008  996  982  963  939  910  874  827  767  701
  637  584  545  516  491  462  425  380  332
    22.5-180.0 180.0   5.0 450.0                            LAT/LON1/LON2/DLON/H
  417  360  312  277  253  236  220  206  192  180  170  166  172  186  199  202
  200  204  228  270  317  357  385  410  440  476  520  576  651  749  860  963
 1043 1097 1137 1171 1200 1214 1208 1184 1157 1137 1128 1125 1121 1117 1118 1125
 1134 1140 1136 1124 1109 1097 1090 1086 1076 1059 1033 1001  965  922  872  818
  766  720  682  647  612  573  528  475  417
    20.0-180.0 180.0   5.0 450.0                            LAT/LON1/LON2/DLON/H
  488  426  373  332  301  275  250  226  204  185  169  161  163  175  187  190
  187  192  218  265  320  367  403  435  471  515  566  631  715  821  936 1037
 1106 1142 1158 1169 1181 1187 1183 1173 1164 1163 1167 1169 1163 1154 1149 1153
 1163 1170 1167 1155 1138 1124 1117 1112 1100 1076 1044 1008  975  945  917  888
  859  829  796  757  712  661  607  549  488
    17.5-180.0 180.0   5.0 450.0                            LAT/LON1/LON2/DLON/H
  529  471  422  383  352  321  287  253  222  196  174  161  159  167  176  178
  175  181  211  264  326  381  423  461  503  553  612  683  771  876  984 1072
 1125 1142 1139 1134 1135 1140 1144 1149 1159 1175 1190 1194 1184 1166 1153 1151
 1158 1164 1160 1145 1123 1103 1088 1073 1049 1012  968  927  902  893  895  900
  902  894  870  829  774  712  650  590  529
    15.0-180.0 180.0   5.0 450.0                            LAT/LON1/LON2/DLON/H
  536  487  449  420  395  365  326  283  243  210  184  166  159  163  169  169
  166  174  208  268  336  396  442  483  529  585  651  726  813  908 1000 1069
 1102 1103 1089 1079 1081 1092 1106 1124 1149 1178 1199 1202 1185 1158 1135 1126
 1129 1132 1125 1105 1075 1045 1016  985  943  887  828  784  769  784  820  861
  895  911  899  859  797  725  655  593  536
    12.5-180.0 180.0   5.0 450.0                            LAT/LON1/LON2/DLON/H
  517  478  453  439  425  399  357  309  263  225  196  174  164  163  166  165
  163  174  212  275  346  408  455  497  547  609  680  757  838  919  990 1036
 1052 1044 1030 1026 1036 1056 1081 1109 1142 1176 1198 1197 1173 1137 1107 1092
 1090 1089 1079 1054 1017  975  931  881  816  740  668  621  617  656  721  793
  853  889  890  854  789  710  634  569  517
    10.0-180.0 180.0   5.0 450.0                            LAT/LON1/LON2/DLON/H
  488  455  441  440  437  417  377  326  277  238  207  185  172  169  169  168
  167  181  222  286  357  417  463  505  558  624  700  777  849  913  962  989
  993  986  982  991 1015 1045 1076 1107 1140 1172 1190 1184 1154 1114 1080 1062
 1057 1054 1041 1013  972  921  864  795  712  618  535  489  495  551  635  724
  799  848  860  832  769  688  608  540  488
     7.5-180.0 180.0   5.0 450.0                            LAT/LON1/LON2/DLON/H
  470  437  426  431  435  419  381  330  283  245  217  196  183  179  178  178
  179  196  237  300  367  424  467  509  564  634  712  786  849  896  926  941
  943  945  957  985 1021 1058 1089 1116 1142 1166 1176 1164 1133 1094 1064 1049
 1044 1040 1027  999  958  905  840  759  662  558  471  428  441  504  592  681
  756  808  828  811  757  681  599  526  470
     5.0-180.0 180.0   5.0 450.0                            LAT/LON1/LON2/DLON/H
  481  439  422  423  424  409  372  324  280  247  224  206  194  191  192  193
  196  214  254  314  376  429  470  513  570  643  721  789  841  875  894  904
  913  930  961 1004 1049 1086 1111 1128 1142 1154 1155 1140 1111 1081 1061 1054
 1054 1051 1040 1018  983  934  868  783  682  577  494  455  472  531  606  678
  738  784  810  806  768  702  622  545  481
     2.5-180.0 180.0   5.0 450.0                            LAT/LON1/LON2/DLON/H
  527  471  438  424  413  391  353  308  271  244  226  212  204  203  206  209
  215  233  271  327  385  434  475  520  580  653  728  789  830  854  868  882
  903  937  984 1037 1083 1114 1128 1131 1132 1132 1126 1110 1089 1072 1068 1073
 1080 1082 1076 1061 1037  999  940  860  764  668  594  563  578  622  672  714
  748  780  809  821  803  752  680  600  527
