ionex_files/COD0OPSFIN_20250860000_01D_01H_GIM.INX
     1.0            IONOSPHERE MAPS     GNSS                IONEX VERSION / TYPE
ADDNEQ2 V5.5        AIUB                31-MAR-25 19:01     PGM / RUN BY / DATE 
CODE'S GLOBAL IONOSPHERE MAPS FOR DAY 086, 2025             COMMENT             
Global ionosphere maps (GIM) are generated on a daily basis DESCRIPTION         
at CODE using data from about 300 GNSS sites of the IGS and DESCRIPTION         
other institutions. The vertical total electron content     DESCRIPTION         
(VTEC) is modeled in a solar-geomagnetic reference frame    DESCRIPTION         
using a spherical harmonics expansion up to degree and      DESCRIPTION         
order 15. Piece-wise linear functions are used for          DESCRIPTION         
representation in the time domain. The time spacing of      DESCRIPTION         
their vertices is 1 hour, conforming with the epochs of the DESCRIPTION         
VTEC maps.                                                  DESCRIPTION         
To convert line-of-sight TEC into vertical TEC, a modified  DESCRIPTION         
single-layer model mapping function approximating the JPL   DESCRIPTION         
extended slab model mapping function is adopted. The        DESCRIPTION         
mapping function is evaluated at geodetic satellite         DESCRIPTION         
elevation angles. For the computation of the ionospheric    DESCRIPTION         
pierce points, a spherical layer with a radius of 6821 km   DESCRIPTION         
is assumed, implying geocentric, not geodetic IONEX         DESCRIPTION         
latitudes.                                                  DESCRIPTION         
Instrumental biases with respect to each involved GNSS code DESCRIPTION         
observable are estimated as constant values for each        DESCRIPTION         
day. They are modeled with one set of bias parameters for   DESCRIPTION         
each satellite and each station in case of GPS and for each DESCRIPTION         
satellite-station link in case of GLONASS. The code bias    DESCRIPTION         
datum is defined by zero-mean conditions imposed on the     DESCRIPTION         
satellite bias estimates. In this file, just GPS C1W-C2W    DESCRIPTION         
satellite and station bias values are included. The         DESCRIPTION         
complete set of GNSS code bias results is provided in an    DESCRIPTION         
additional Bias-SINEX file as pseudo-absolute values        DESCRIPTION         
specific to each observable.                                DESCRIPTION         
Note: These GIM results correspond to the results for the   DESCRIPTION         
middle day of a 3-day combination analysis solving for 73   DESCRIPTION         
times 256, or 18688 VTEC parameters and 3 daily sets of     DESCRIPTION         
GNSS code bias parameters.                                  DESCRIPTION         
Contact address: code(at)aiub.unibe.ch                      DESCRIPTION         
Data archive:    ftp.aiub.unibe.ch/CODE/                    DESCRIPTION         
                 www.aiub.unibe.ch/download/CODE/           DESCRIPTION         
  2025     3    27     0     0     0                        EPOCH OF FIRST MAP  
  2025     3    28     0     0     0                        EPOCH OF LAST MAP   
  3600                                                      INTERVAL            
[...]
abpo adis albh algo alic amu2 areg areq ascg aspa auck azgb COMMENT             
badg bake barh bjfs bndy boav bogo bogt bor1 braz brft brst COMMENT             
brux cas1 ccj2 cedu chpg chti chur ckis coco cord cpvg cpxf COMMENT             
cro1 daej darw dav1 dgar dhlg drao dubo ebre faa1 fair flin COMMENT             
flrs frdn func ganp glps glsv gode gol2 gold gope gras graz COMMENT             
guam guug harb hers hert hlfx hnpt hob2 hofn holb hrao hyde COMMENT             
iddr ieng iisc impz ineg invk iqal irkj jog2 joz2 karr kerg COMMENT             
kir0 kiri kiru kit3 kokb kokv koug kour krgg lama laut lmmf COMMENT             
lpal lpgs mac1 madr mal2 mana mas1 mat1 mate maui maw1 mcm4 COMMENT             
mdo1 medi mgue mizu mkea mnls mobs morp mqzg mro1 mtka nano COMMENT             
naur nico nist nium nklg nlib nnor nrc1 ntus nya1 nyal onsa COMMENT             
opmt ous2 pado park penc pert pie1 pimo pohn pol2 pots pove COMMENT             
ptbb ptvl qaq1 quin rabt ramo reun reyk rgdg rio2 roth salu COMMENT             
samo sant savo sch2 scor scrz sctb scub seyg sfer spt0 ssia COMMENT             
sthl stjo stk2 str2 suth sutm suwn sydn syog tash thtg thti COMMENT             
thu2 tid1 tidb tlse tn22 tong tow2 tro1 tskb twtf txes uclu COMMENT             
ufpr ulab unb3 unbj unsa urum usn7 usud vald vill vtsp wab1 COMMENT             
wab2 wark wgtn whit will wind wsrt wtza wtzr wtzs wtzz wuhn COMMENT             
xmis yar2 yar3 yarr yell ykro zeck zim2 zim3 zimm           COMMENT             
                                                            END OF HEADER       
[from data line 2145]
     6                                                      START OF TEC MAP    
  2025     3    27     5     0     0                        EPOCH OF CURRENT MAP
    87.5-180.0 180.0   5.0 450.0                            LAT/LON1/LON2/DLON/H
  174  174  175  175  176  177  177  178  178  179  179  179  179  180  179  179
  179  178  177  177  176  175  174  172  171  170  169  168  167  166  165  165
  164  164  163  163  163  163  164  164  164  165  165  166  167  167  168  168
  169  169  170  170  171  171  171  171  171  172  172  172  172  172  171  171
  171  172  172  172  172  172  173  173  174
    85.0-180.0 180.0   5.0 450.0                            LAT/LON1/LON2/DLON/H
  171  172  173  175  177  178  180  182  184  186  187  188  189  190  190  189
  188  187  185  183  180  177  173  170  167  163  160  157  155  152  151  149
  149  148  148  149  150  151  153  154  156  158  160  162  164  166  168  170
  172  173  175  176  177  177  178  178  177  177  177  176  175  174  173  172
  171  170  170  169  169  169  169  170  171
    82.5-180.0 180.0   5.0 450.0                            LAT/LON1/LON2/DLON/H
  168  169  171  173  175  178  181  184  187  190  193  195  197  198  199  198
  197  194  191  186  181  175  169  163  156  150  145  140  135  132  130  129
  129  129  131  133  136  139  142  146  150  153  157  161  165  168  172  175
  178  181  184  186  188  189  190  190  190  190  189  187  185  183  181  179
  176  174  172  171  169  168  168  168  168
    80.0-180.0 180.0   5.0 450.0                            LAT/LON1/LON2/DLON/H
  171  171  172  173  174  176  179  182  186  190  193  196  199  201  202  201
  200  196  191  185  178  169  160  151  141  133  125  118  113  110  108  108
  110  112  116  120  125  130  136  141  146  152  157  162  167  171  176  181
  185  190  194  197  201  203  206  207  208  208  207  206  204  201  198  194
  190  187  183  180  177  175  173  172  171
    77.5-180.0 180.0   5.0 450.0                            LAT/LON1/LON2/DLON/H
  182  180  178  177  176  177  178  179  182  185  188  191  194  196  198  197
  195  192  186  179  170  159  148  137  125  115  106   98   94   91   91   93
   96  102  108  115  121  128  135  141  147  152  157  162  167  173  178  183
  189  194  200  206  211  216  220  224  227  229  230  230  228  226  222  218
  214  209  204  200  195  191  188  185  182
    75.0-180.0 180.0   5.0 450.0                            LAT/LON1/LON2/DLON/H
  201  196  191  186  182  179  177  176  177  178  180  182  184  185  186  186
  184  180  175  168  159  148  136  124  112  101   91   85   81   80   81   86
   92   99  108  116  124  132  138  144  149  153  157  162  166  171  176  181
  187  194  201  208  215  223  230  237  243  248  252  254  255  254  251  248
  243  237  231  226  220  215  210  206  201
    72.5-180.0 180.0   5.0 450.0                            LAT/LON1/LON2/DLON/H
  221  214  206  198  190  183  178  174  172  171  171  171  171  171  171  170
  168  165  160  154  147  137  126  115  104   93   85   79   77   77   81   87
   95  104  113  122  130  137  142  147  150  153  156  159  162  166  171  176
  182  189  196  204  213  222  232  242  252  261  268  275  279  280  279  276
  271  265  259  252  246  240  234  228  221
    70.0-180.0 180.0   5.0 450.0                            LAT/LON1/LON2/DLON/H
  237  228  217  206  195  186  178  172  168  166  164  162  161  158  156  153
  151  148  145  141  136  129  121  111  102   94   87   83   81   83   87   93
  101  110  119  127  134  139  143  146  149  151  153  155  158  162  166  171
  177  183  190  198  207  217  228  239  252  264  276  287  295  299  301  298
  293  286  279  271  264  258  252  245  237
    67.5-180.0 180.0   5.0 450.0                            LAT/LON1/LON2/DLON/H
  241  231  219  206  193  182  174  169  165  163  161  159  155  150  145  140
  136  134  132  130  127  123  118  112  106  100   95   92   91   93   95  100
  106  112  119  125  131  135  138  141  143  146  148  152  156  160  165  171
  176  182  188  195  202  211  221  232  245  260  275  289  300  308  312  310
  304  296  287  277  270  263  257  250  241
    65.0-180.0 180.0   5.0 450.0                            LAT/LON1/LON2/DLON/H
  233  222  209  195  181  171  164  161  161  161  161  159  154  147  139  132
  127  123  121  121  121  119  117  114  110  107  104  103  102  102  102  103
  105  107  111  115  119  123  127  131  135  140  145  152  158  166  173  180
  186  192  197  202  206  211  217  225  235  249  265  281  296  307  312  311
  304  293  281  270  261  253  248  241  233
    62.5-180.0 180.0   5.0 450.0                            LAT/LON1/LON2/DLON/H
  216  204  190  175  162  152  148  148  152  157  160  160  156  148  139  129
  122  117  115  115  115  115  114  112  111  110  110  110  109  107  104  100
   97   95   95   98  101  107  112  119  127  136  145  156  167  179  189  200
  209  216  221  224  225  224  223  224  228  237  251  268  284  297  304  303
  295  282  267  253  242  235  229  224  216
    60.0-180.0 180.0   5.0 450.0                            LAT/LON1/LON2/DLON/H
  199  187  172  155  141  132  129  132  139  148  155  158  156  149  140  130
  121  114  111  109  109  108  106  105  105  107  110  112  111  108  102   93
   85   79   77   78   83   90   99  109  122  135  150  166  183  199  215  230
  244  255  262  264  261  254  244  235  230  231  240  254  271  285  293  293
  284  270  252  236  224  216  211  207  199
    57.5-180.0 180.0   5.0 450.0                            LAT/LON1/LON2/DLON/H
  194  181  164  146  130  120  116  119  126  136  145  150  151  147  139  130
  120  113  108  105  101   98   94   92   93   97  102  107  109  106   97   86
   74   65   61   63   69   79   91  106  122  141  160  181  203  225  247  268
  288  305  316  320  314  301  281  261  244  235  236  245  260  274  284  285
  277  262  244  228  215  208  205  201  194
    55.0-180.0 180.0   5.0 450.0                            LAT/LON1/LON2/DLON/H
  208  195  177  157  138  124  117  115  118  124  131  138  141  140  135  127
  119  111  105  100   94   87   80   76   77   83   92  101  106  104   95   82
   69   59   55   58   66   78   93  111  130  152  175  200  226  253  281  310
  337  361  378  385  379  361  333  302  273  253  244  246  256  269  280  284
  279  266  250  235  224  219  217  215  208
    52.5-180.0 180.0   5.0 450.0                            LAT/LON1/LON2/DLON/H
  244  232  214  192  172  154  140  129  122  119  120  124  127  129  126  121
  114  108  102   96   87   78   69   64   64   72   84   97  105  106   99   86
   73   64   61   66   75   89  105  123  145  168  194  221  251  282  315  350
  385  416  440  451  447  427  394  355  317  286  267  260  264  273  283  289
  289  281  270  259  251  249  250  250  244
    50.0-180.0 180.0   5.0 450.0                            LAT/LON1/LON2/DLON/H
  295  285  269  250  229  208  187  165  144  127  117  114  116  118  117  114
  109  105  100   94   86   76   67   61   62   71   85  100  111  115  110   99
   88   81   80   85   95  108  123  142  164  189  216  245  276  310  347  387
  427  464  494  510  509  491  458  415  372  333  305  289  283  286  294  302
  306  306  301  295  292  292  296  298  295
    47.5-180.0 180.0   5.0 450.0                            LAT/LON1/LON2/DLON/H
  348  343  331  317  300  279  252  219  183  150  127  115  112  112  112  109
  106  103  101   98   93   85   77   73   75   84   99  114  126  131  128  120
  111  106  106  111  120  131  145  163  186  212  241  271  304  339  378  419
  462  502  535  555  560  547  518  479  435  393  358  331  314  307  309  317
  327  333  336  336  336  339  344  348  348
    45.0-180.0 180.0   5.0 450.0                            LAT/LON1/LON2/DLON/H
  388  387  383  376  367  350  322  282  233  186  150  129  121  118  116  112
  108  107  108  109  109  106  103  103  106  115  128  141  151  154  151  145
  138  134  135  139  145  153  166  185  209  238  269  301  334  370  409  450
  490  529  562  586  597  593  574  543  504  463  423  385  355  335  329  335
  348  361  370  373  374  376  381  386  388
    42.5-180.0 180.0   5.0 450.0                            LAT/LON1/LON2/DLON/H
  406  408  410  412  412  404  380  338  282  226  181  154  141  136  130  124
  118  118  122  129  135  139  142  147  153  161  170  178  182  182  178  171
  165  161  161  163  166  171  183  204  232  265  300  334  369  405  442  479
  515  548  579  606  624  632  626  607  578  541  497  449  404  370  353  354
  369  386  399  403  402  399  399  402  406
    40.0-180.0 180.0   5.0 450.0                            LAT/LON1/LON2/DLON/H
  399  402  407  415  423  423  408  370  315  257  210  182  169  162  154  145
  138  138  145  156  167  178  188  199  208  216  220  221  218  213  205  196
  189  185  183  182  181  184  196  220  255  294  333  370  407  443  478  509
  537  564  591  620  648  669  679  675  657  624  578  520  461  411  383  379
  394  414  428  429  421  410  402  398  399
    37.5-180.0 180.0   5.0 450.0                            LAT/LON1/LON2/DLON/H
  380  377  379  386  397  405  397  368  320  268  226  203  194  190  182  171
  163  163  172  186  201  216  233  249  262  269  270  264  255  244  232  221
  212  205  201  196  192  194  207  236  277  322  366  406  444  481  514  541
  561  580  605  638  677  713  738  748  739  710  662  596  524  461  424  416
  430  451  464  459  442  419  399  387  380
    35.0-180.0 180.0   5.0 450.0                            LAT/LON1/LON2/DLON/H
  369  355  345  343  348  355  353  333  296  254  222  209  209  211  207  197
  190  191  200  214  230  248  268  290  307  315  313  303  290  276  261  247
  235  225  218  209  203  203  219  252  298  348  395  437  478  516  548  571
  586  601  626  666  718  768  807  826  823  796  745  673  592  522  479  469
  485  506  517  506  478  443  411  386  369
    32.5-180.0 180.0   5.0 450.0                            LAT/LON1/LON2/DLON/H
  389  359  331  309  298  296  294  279  251  220  200  199  209  220  222  217
  212  214  223  235  248  266  289  314  335  345  344  334  321  306  291  275
  260  248  237  226  216  216  232  267  316  368  416  460  502  543  577  600
  613  627  656  707  772  835  882  906  904  877  824  750  666  594  551  543
  562  585  594  579  543  498  455  419  389
    30.0-180.0 180.0   5.0 450.0                            LAT/LON1/LON2/DLON/H
  457  410  360  312  277  258  246  231  207  183  171  178  197  216  226  226
  225  228  235  244  254  270  293  321  346  359  361  355  346  335  321  305
  289  275  261  247  234  231  246  281  329  380  427  471  515  559  597  623
  638  657  695  757  834  907  959  982  977  948  896  824  744  677  639  637
  660  687  697  681  643  593  544  499  457
    27.5-180.0 180.0   5.0 450.0                            LAT/LON1/LON2/DLON/H
  578  517  446  372  310  267  241  218  192  167  155  162  184  207  221  227
  228  231  236  240  247  262  286  317  344  361  367  367  364  359  350  335
  319  303  287  271  255  248  259  290  334  382  427  470  517  565  609  640
  662  689  736  810  897  974 1025 1043 1035 1005  957  893  824  767  740  746
  774  804  818  806  772  725  676  628  578
    25.0-180.0 180.0   5.0 450.0                            LAT/LON1/LON2/DLON/H
  739  672  587  493  408  343  299  264  228  194  173  171  186  205  219  224
  225  225  226  227  233  248  275  308  337  355  365  370  375  377  373  361
  346  329  312  293  274  262  267  292  331  374  417  461  510  564  614  652
  682  718  775  856  947 1024 1069 1082 1071 1046 1007  957  903  861  845  858
  891  924  943  939  915  878  835  791  739
    22.5-180.0 180.0   5.0 450.0                            LAT/LON1/LON2/DLON/H
  915  852  765  663  564  484  425  378  329  281  241  221  219  226  231  229
  224  217  212  211  218  238  270  305  334  351  360  368  378  386  386  377
  362  347  329  308  285  268  267  285  319  359  401  447  501  560  615  661
  699  742  805  888  976 1046 1084 1093 1085 1068 1046 1015  980  954  947  965
  997 1031 1054 1061 1050 1026  996  960  915
    20.0-180.0 180.0   5.0 450.0                            LAT/LON1/LON2/DLON/H
 1072 1022  948  854  756  671  605  548  489  425  365  321  296  281  269  254
  235  217  203  200  211  239  278  315  342  354  358  364  373  383  385  378
  365  351  334  312  286  263  256  270  300  340  385  435  493  556  617  668
  711  759  823  900  978 1037 1068 1077 1077 1077 1076 1067 1052 1039 1039 1055
 1082 1112 1137 1151 1154 1145 1128 1104 1072
    17.5-180.0 180.0   5.0 450.0                            LAT/LON1/LON2/DLON/H
 1180 1152 1102 1029  946  868  804  745  681  607  531  465  414  376  342  307
  270  236  211  204  221  257  303  343  364  367  361  358  362  368  369  362
  351  339  324  302  273  248  237  249  280  322  372  428  490  556  619  674
  721  770  828  894  956 1002 1028 1042 1057 1078 1101 1114 1116 1113 1114 1123
 1140 1160 1182 1201 1214 1216 1208 1196 1180
    15.0-180.0 180.0   5.0 450.0                            LAT/LON1/LON2/DLON/H
 1223 1218 1198 1156 1096 1034  979  926  867  794  712  632  562  502  447  391
  334  281  243  231  250  294  345  384  398  388  369  354  347  345  341  333
  324  314  301  279  251  224  213  226  260  308  365  426  492  560  623  679
  728  774  824  874  920  954  978 1001 1035 1079 1123 1156 1170 1172 1170 1169
 1171 1178 1192 1210 1225 1232 1229 1224 1223
    12.5-180.0 180.0   5.0 450.0                            LAT/LON1/LON2/DLON/H
 1204 1220 1228 1215 1181 1136 1092 1050 1003  944  872  793  715  643  572  500
  425  354  302  282  300  346  398  432  436  414  380  350  330  317  307  297
  288  281  270  250  222  197  188  204  244  299  362  428  495  562  625  682
  731  775  814  850  881  908  934  971 1023 1085 1146 1191 1212 1215 1208 1196
 1183 1176 1178 1189 1201 1203 1198 1195 1204
    10.0-180.0 180.0   5.0 450.0                            LAT/LON1/LON2/DLON/H
 1144 1172 1200 1208 1190 1156 1119 1088 1060 1025  976  915  847  775  701  621
  536  452  387  356  367  407  452  478  471  437  390  346  313  290  273  260
  252  247  239  221  194  171  166  188  233  294  360  428  495  560  622  679
  730  772  805  832  854  879  913  963 1028 1101 1169 1217 1240 1242 1229 1209
 1185 1166 1157 1158 1160 1154 1140 1132 1144
     7.5-180.0 180.0   5.0 450.0                            LAT/LON1/LON2/DLON/H
 1076 1106 1140 1154 1138 1101 1062 1036 1025 1020 1006  977  932  876  811  737
  651  562  487  444  441  468  500  513  495  450  394  341  299  268  246  231
  223  219  212  195  171  151  150  176  226  289  356  422  487  550  611  670
  723  767  800  824  847  878  923  982 1052 1125 1187 1230 1250 1250 1237 1214
 1186 1161 1144 1136 1128 1110 1085 1069 1076
     5.0-180.0 180.0   5.0 450.0                            LAT/LON1/LON2/DLON/H
 1037 1058 1082 1085 1055 1000  946  915  916  938  963  972  960  931  888  830
  756  671  591  536  516  522  535  532  503  452  391  334  288  253  228  211
  203  200  193  176  153  136  139  169  220  282  346  408  469  529  590  652
  711  760  798  828  862  905  961 1025 1090 1150 1197 1227 1241 1240 1230 1212
 1190 1167 1150 1137 1121 1095 1062 1038 1037
     2.5-180.0 180.0   5.0 450.0                            LAT/LON1/LON2/DLON/H
 1048 1054 1058 1036  978  894  815  769  771  812  868  913  936  938  922  889
  835  762  684  620  582  565  556  536  496  441  380  323  278  243  218  202
  193  188  180  163  141  125  131  162  213  271  330  386  442  501  563  629
  693  749  797  841  890  951 1017 1080 1131 1167 1191 1205 1211 1211 1208 1202
 1193 1182 1172 1162 1146 1119 1086 1058 1048
