ionex_files/COD0OPSFIN_20250730000_01D_01H_GIM.INX
     1.0            IONOSPHERE MAPS     GNSS                IONEX VERSION / TYPE
ADDNEQ2 V5.5        AIUB                18-MAR-25 19:04     PGM / RUN BY / DATE 
CODE'S GLOBAL IONOSPHERE MAPS FOR DAY 073, 2025             COMMENT             
Global ionosphere maps (GIM) are generated on a daily basis DESCRIPTION         
at CODE using data from about 300 GNSS sites of the IGS and DESCRIPTION         
other institutions. The vertical total electron content     DESCRIPTION         
(VTEC) is modeled in a solar-geomagnetic reference frame    DESCRIPTION         
using a spherical harmonics expansion up to degree and      DESCRIPTION         
order 15. Piece-wise linear functions are used for          DESCRIPTION         
representation in the time domain. The time spacing of      DESCRIPTION         
their vertices is 1 hour, conforming with the epochs of the DESCRIPTION         
VTEC maps.                                                  DESCRIPTION         
To convert line-of-sight TEC into vertical TEC, a modified  DESCRIPTION         
single-layer model mapping function approximating the JPL   DESCRIPTION         
extended slab model mapping function is adopted. The        DESCRIPTION         
mapping function is evaluated at geodetic satellite         DESCRIPTION         
elevation angles. For the computation of the ionospheric    DESCRIPTION         
pierce points, a spherical layer with a radius of 6821 km   DESCRIPTION         
is assumed, implying geocentric, not geodetic IONEX         DESCRIPTION         
latitudes.                                                  DESCRIPTION         
Instrumental biases with respect to each involved GNSS code DESCRIPTION         
observable are estimated as constant values for each        DESCRIPTION         
day. They are modeled with one set of bias parameters for   DESCRIPTION         
each satellite and each station in case of GPS and for each DESCRIPTION         
satellite-station link in case of GLONASS. The code bias    DESCRIPTION         
datum is defined by zero-mean conditions imposed on the     DESCRIPTION         
satellite bias estimates. In this file, just GPS C1W-C2W    DESCRIPTION         
satellite and station bias values are included. The         DESCRIPTION         
complete set of GNSS code bias results is provided in an    DESCRIPTION         
additional Bias-SINEX file as pseudo-absolute values        DESCRIPTION         
specific to each observable.                                DESCRIPTION         
Note: These GIM results correspond to the results for the   DESCRIPTION         
middle day of a 3-day combination analysis solving for 73   DESCRIPTION         
times 256, or 18688 VTEC parameters and 3 daily sets of     DESCRIPTION         
GNSS code bias parameters.                                  DESCRIPTION         
Contact address: code(at)aiub.unibe.ch                      DESCRIPTION         
Data archive:    ftp.aiub.unibe.ch/CODE/                    DESCRIPTION         
                 www.aiub.unibe.ch/download/CODE/           DESCRIPTION         
  2025     3    14     0     0     0                        EPOCH OF FIRST MAP  
  2025     3    15     0     0     0                        EPOCH OF LAST MAP   
  3600                                                      INTERVAL            
[...]
azgb badg bake barh bjfs bndy boav bogo bogt bor1 braz brft COMMENT             
brst brux cags cas1 ccj2 cedu chpg chti chur ckis coco cord COMMENT             
cpvg cpxf cro1 daej darw dav1 dgar dhlg drao dubo ebre faa1 COMMENT             
fair flin flrs frdn func ganp glps glsv gode gol2 gold gope COMMENT             
gras graz guam guug harb hers hert hlfx hnpt hob2 hofn holb COMMENT             
hrao iddr ieng iisc impz ineg invk iqal irkj jog2 joz2 karr COMMENT             
kerg kir0 kiri kiru kit3 kokb kokv koug kour krgg lama laut COMMENT             
lmmf lpal lpgs mac1 madr mal2 mana mas1 mat1 mate maui maw1 COMMENT             
mcil mcm4 mdo1 medi mgue mizu mkea mnls mobs monp morp mqzg COMMENT             
mro1 mtka nano naur nico nist nium nklg nlib nnor nrc1 ntus COMMENT             
nya1 nyal onsa opmt ous2 pado parc park pdel penc pert pie1 COMMENT             
pimo pohn pol2 polv pots pove ptag ptbb ptvl qaq1 quin rabt COMMENT             
ramo reun reyk rgdg rio2 roth salu samo sant savo sch2 scor COMMENT             
scrz sctb scub seyg sfer spt0 ssia sthl stjo stk2 str2 suth COMMENT             
sutm suwn sydn syog tash thtg thti thu2 tid1 tidb tlse tn22 COMMENT             
tong tow2 tro1 tskb twtf txes uclu ufpr ulab unb3 unbj unsa COMMENT             
urum usn7 usud vald vill vtsp wab1 wab2 wark wgtn whit will COMMENT             
wind wtza wtzr wtzs wtzz wuhn xmis yar2 yar3 yarr yell ykro COMMENT             
zeck zim2 zim3 zimm                                         COMMENT             
                                                            END OF HEADER       
     1                                                      START OF TEC MAP    
  2025     3    14     0     0     0                        EPOCH OF CURRENT MAP
    87.5-180.0 180.0   5.0 450.0                            LAT/LON1/LON2/DLON/H
  223  224  225  225  226  227  228  228  229  229  230  230  230  230  229  229
  228  227  226  224  223  221  219  217  215  213  210  208  206  204  202  200
  198  197  195  194  193  193  192  192  192  192  192  193  194  195  195  197
  198  199  200  202  203  204  206  207  208  209  210  212  213  214  215  215
  216  217  218  219  220  220  221  222  223
    85.0-180.0 180.0   5.0 450.0                            LAT/LON1/LON2/DLON/H
  205  207  209  211  213  215  218  221  224  226  229  231  233  234  235  235
  234  233  231  228  225  221  217  212  207  202  196  191  185  180  176  171
  168  164  162  159  158  157  156  156  156  157  158  160  162  164  166  168
  171  174  176  179  181  184  186  188  190  192  193  195  196  197  198  198
  199  200  200  201  201  202  203  204  205
    82.5-180.0 180.0   5.0 450.0                            LAT/LON1/LON2/DLON/H
  172  174  177  180  184  188  194  199  205  211  217  223  228  232  235  237
  238  237  235  232  228  222  215  207  199  190  182  173  164  156  149  143
  137  133  129  126  124  123  123  123  124  125  126  128  130  133  136  139
  142  145  148  151  154  157  160  162  164  166  167  168  169  169  170  170
  170  170  170  170  170  170  170  171  172
    80.0-180.0 180.0   5.0 450.0                            LAT/LON1/LON2/DLON/H
  138  139  142  145  150  156  164  173  182  192  202  211  220  227  233  237
  239  240  238  235  230  224  216  206  196  184  173  161  150  140  131  123
  116  111  108  105  104  103  102  103  103  104  104  105  107  108  110  112
  115  117  120  123  125  128  130  132  133  134  135  135  136  136  136  136
  136  136  136  136  136  136  136  137  138
    77.5-180.0 180.0   5.0 450.0                            LAT/LON1/LON2/DLON/H
  116  117  118  121  126  133  141  152  164  176  189  201  212  221  228  233
  237  238  238  236  232  226  219  209  198  185  172  158  145  134  124  116
  109  105  102  100  100   99   99   99   98   97   96   95   94   93   92   93
   93   94   96   98   99  100  101  102  102  102  102  102  102  103  104  105
  107  109  111  112  114  115  115  116  116
    75.0-180.0 180.0   5.0 450.0                            LAT/LON1/LON2/DLON/H
  118  117  117  118  121  126  134  145  158  172  186  198  209  216  222  226
  228  230  231  231  230  227  222  214  204  191  177  163  149  137  127  119
  114  110  109  109  109  109  109  108  106  103   99   95   91   87   83   81
   80   79   79   80   80   80   79   79   77   76   75   75   75   77   80   84
   89   94  100  106  111  115  117  118  118
    72.5-180.0 180.0   5.0 450.0                            LAT/LON1/LON2/DLON/H
  145  143  140  137  137  139  146  156  169  183  195  206  212  216  216  215
  214  214  215  218  221  223  222  218  210  199  185  170  156  143  133  126
  122  120  120  121  123  124  124  122  119  114  108  101   93   87   81   76
   73   71   71   71   70   69   68   65   63   60   59   59   60   64   69   77
   86   97  108  119  128  137  142  145  145
    70.0-180.0 180.0   5.0 450.0                            LAT/LON1/LON2/DLON/H
  190  186  180  173  168  167  171  180  192  205  216  223  224  219  211  202
  194  190  191  196  204  211  216  216  211  201  188  173  158  146  136  130
  127  126  127  128  130  132  132  131  128  122  115  106   97   88   81   75
   72   70   70   70   70   69   66   63   60   57   56   56   60   66   74   86
   99  114  130  146  161  174  184  189  190
    67.5-180.0 180.0   5.0 450.0                            LAT/LON1/LON2/DLON/H
  237  233  224  213  203  197  198  206  218  232  242  246  241  228  209  189
  173  164  163  169  181  193  202  206  203  193  180  165  151  139  131  126
  123  122  123  124  126  127  128  128  126  121  115  106   97   88   80   75
   72   72   73   75   76   75   73   70   67   64   64   67   73   82   94  108
  124  141  160  179  197  214  227  235  237
    65.0-180.0 180.0   5.0 450.0                            LAT/LON1/LON2/DLON/H
  273  269  257  242  227  217  216  223  237  253  265  268  260  239  212  182
  157  141  137  143  155  170  181  186  183  173  160  146  134  124  118  114
  112  110  109  108  108  109  111  112  112  110  106   99   91   83   76   72
   72   74   77   81   84   84   83   81   78   78   80   86   96  109  123  140
  156  173  191  209  227  245  260  270  273
    62.5-180.0 180.0   5.0 450.0                            LAT/LON1/LON2/DLON/H
  288  284  271  253  234  220  217  224  241  261  277  284  276  254  221  185
  152  130  120  123  133  146  155  157  153  142  130  119  111  106  104  103
  101   97   93   88   85   84   86   89   92   93   91   87   80   73   68   66
   68   72   79   85   89   91   91   90   90   93   99  110  124  141  159  176
  192  206  218  231  245  259  273  284  288
    60.0-180.0 180.0   5.0 450.0                            LAT/LON1/LON2/DLON/H
  283  280  267  247  225  208  201  208  227  252  275  288  286  268  237  200
  163  135  119  115  119  125  128  126  118  107   98   92   91   94   98   99
   97   91   82   73   66   62   63   67   72   75   76   73   68   63   59   58
   61   68   76   84   89   93   95   96   99  105  116  132  152  174  195  214
  227  236  242  246  251  259  269  279  283
    57.5-180.0 180.0   5.0 450.0                            LAT/LON1/LON2/DLON/H
  269  267  256  236  212  191  181  185  204  231  260  281  290  282  259  227
  191  160  136  122  116  111  106   97   86   77   73   75   84   95  105  110
  107   98   84   70   59   53   52   55   60   64   66   64   60   54   51   51
   55   62   71   80   86   90   93   97  103  113  129  150  175  202  228  249
  262  267  265  259  254  253  257  264  269
    55.0-180.0 180.0   5.0 450.0                            LAT/LON1/LON2/DLON/H
  260  261  252  234  209  186  171  169  183  208  239  267  287  294  285  264
  233  200  169  144  125  109   94   79   67   60   63   74   93  112  128  134
  130  118  100   82   68   59   56   58   61   65   66   63   58   52   48   48
   52   60   68   76   81   86   90   96  105  120  139  164  194  226  256  280
  295  298  291  278  264  255  252  255  260
    52.5-180.0 180.0   5.0 450.0                            LAT/LON1/LON2/DLON/H
  272  276  272  257  234  208  187  177  181  197  223  253  283  304  312  305
  282  249  212  177  146  120   97   78   66   63   71   91  117  142  159  165
  159  144  124  105   90   80   76   75   76   76   75   71   64   58   54   53
   57   64   71   76   81   85   90   98  111  127  149  177  208  243  278  306
  325  331  325  309  289  274  266  267  272
    50.0-180.0 180.0   5.0 450.0                            LAT/LON1/LON2/DLON/H
  315  322  323  313  292  265  239  219  208  210  224  249  282  315  339  345
  330  299  258  216  177  144  117   96   85   85   97  120  148  173  188  191
  182  166  147  130  117  109  104  101   98   96   93   87   79   73   69   69
   72   77   82   85   87   91   97  108  123  141  164  190  222  258  295  329
  353  365  364  351  332  316  307  307  315
    47.5-180.0 180.0   5.0 450.0                            LAT/LON1/LON2/DLON/H
  384  396  402  397  379  353  324  294  269  252  248  262  292  330  363  379
  371  342  300  255  214  180  152  132  121  121  133  153  175  194  203  200
  189  173  158  147  140  136  132  127  123  119  114  108  101   95   92   93
   96  100  102  102  102  105  113  127  144  164  185  209  238  272  310  347
  378  398  404  400  388  377  371  374  384
    45.0-180.0 180.0   5.0 450.0                            LAT/LON1/LON2/DLON/H
  470  485  494  493  479  456  426  391  354  319  297  294  314  350  386  406
  401  374  334  292  255  224  200  180  167  162  167  178  190  198  198  190
  177  164  156  153  154  155  154  150  145  140  136  132  127  122  120  122
  125  128  128  125  123  126  136  153  174  194  213  233  257  287  324  363
  398  424  441  447  447  446  448  456  470
    42.5-180.0 180.0   5.0 450.0                            LAT/LON1/LON2/DLON/H
  556  572  582  582  571  551  524  490  447  401  363  344  351  378  408  426
  420  395  360  326  297  273  252  231  212  198  191  189  188  185  177  166
  154  147  146  152  161  167  168  165  161  159  158  156  153  150  149  151
  154  156  153  148  145  149  162  183  206  227  244  259  279  306  340  378
  414  444  467  485  498  509  522  538  556
    40.0-180.0 180.0   5.0 450.0                            LAT/LON1/LON2/DLON/H
  627  643  650  647  635  618  597  568  529  481  434  404  398  412  432  441
  431  408  380  356  338  321  300  274  246  221  202  188  178  167  157  147
  140  139  146  157  170  179  181  178  175  175  178  179  178  175  173  174
  177  176  172  165  161  166  183  208  235  257  272  285  302  327  359  394
  427  456  482  508  533  558  582  605  627
    37.5-180.0 180.0   5.0 450.0                            LAT/LON1/LON2/DLON/H
  676  690  691  681  664  647  631  612  584  543  498  464  450  452  458  455
  439  416  397  385  375  361  336  302  264  230  204  186  173  164  158  156
  157  162  172  184  195  200  199  194  191  193  198  201  199  194  189  188
  188  186  179  170  167  174  194  223  254  278  294  306  323  349  381  414
  442  466  490  518  552  588  623  653  676
    35.0-180.0 180.0   5.0 450.0                            LAT/LON1/LON2/DLON/H
  709  719  713  693  667  645  631  622  607  580  546  517  500  492  485  470
  447  426  414  410  405  388  355  311  267  232  209  197  193  195  202  212
  223  232  239  244  245  241  231  220  214  215  221  223  217  207  197  191
  188  183  174  164  160  169  193  226  260  286  304  318  338  369  405  438
  461  478  497  524  563  607  649  685  709
    32.5-180.0 180.0   5.0 450.0                            LAT/LON1/LON2/DLON/H
  738  746  733  703  665  634  616  611  607  595  576  557  543  531  513  487
  458  438  431  431  424  398  355  305  263  238  232  240  255  275  299  323
  342  352  350  340  324  303  280  259  247  244  246  243  231  213  197  186
  179  171  160  148  144  154  180  217  254  284  303  321  347  385  429  466
  488  500  513  537  577  625  673  712  738
    30.0-180.0 180.0   5.0 450.0                            LAT/LON1/LON2/DLON/H
  779  788  773  737  688  644  616  606  605  602  595  587  578  565  540  505
  472  453  448  446  431  395  344  296  267  265  288  323  362  402  442  478
  502  506  490  459  421  381  342  309  288  278  273  263  243  217  193  178
  168  156  142  128  122  132  160  201  242  274  296  317  350  398  453  498
  524  534  544  567  606  657  707  750  779
    27.5-180.0 180.0   5.0 450.0                            LAT/LON1/LON2/DLON/H
  842  858  849  813  759  703  660  636  626  621  617  614  610  595  565  525
  489  469  462  455  429  384  332  296  292  324  381  445  505  558  607  648
  671  666  632  579  518  459  405  361  331  313  300  282  253  220  191  172
  160  146  128  111  103  112  141  184  229  265  289  313  351  408  474  531
  565  581  593  618  658  709  762  808  842
    25.0-180.0 180.0   5.0 450.0                            LAT/LON1/LON2/DLON/H
  930  958  962  937  885  823  766  722  691  670  657  651  644  626  591  545
  506  484  475  459  425  377  334  321  351  418  505  588  657  711  757  794
  811  795  744  670  592  519  457  406  369  345  325  299  264  226  195  175
  161  144  123  102   91   99  128  174  223  262  288  314  355  419  494  562
  608  635  656  686  729  782  836  887  930
    22.5-180.0 180.0   5.0 450.0                            LAT/LON1/LON2/DLON/H
 1029 1074 1099 1093 1056  997  930  865  808  761  727  706  690  664  621  569
  526  501  487  466  429  387  364  382  445  540  641  726  785  823  853  877
  884  858  796  710  623  546  484  433  396  369  345  315  277  237  207  189
  174  155  129  104   89   94  124  173  227  270  298  324  366  432  513  590
  648  688  722  761  809  863  919  976 1029
    20.0-180.0 180.0   5.0 450.0                            LAT/LON1/LON2/DLON/H
 1121 1182 1230 1251 1238 1194 1128 1050  967  890  829  786  753  714  660  600
  551  523  506  483  451  426  430  479  566  669  763  826  855  863  868  875
  873  842  775  688  602  533  480  440  408  384  361  331  292  254  227  211
  196  175  145  115   96   99  128  181  240  288  319  345  385  450  532  613
  680  733  781  830  883  938  996 1056 1121
    17.5-180.0 180.0   5.0 450.0                            LAT/LON1/LON2/DLON/H
 1181 1256 1324 1372 1390 1371 1320 1240 1142 1041  953  887  835  781  713  642
  587  555  538  521  502  500  532  603  694  781  841  862  848  818  796  789
  782  753  691  611  538  485  451  427  408  393  374  347  310  276  252  237
  222  197  164  130  108  109  138  194  259  313  347  373  412  473  551  631
  702  765  824  881  936  991 1047 1110 1181
    15.0-180.0 180.0   5.0 450.0                            LAT/LON1/LON2/DLON/H
 1196 1275 1354 1423 1470 1484 1459 1395 1298 1186 1082  999  932  862  781  700
  638  604  591  583  583  605  658  733  805  850  855  821  762  701  659  645
  641  620  570  505  449  418  407  404  401  397  386  363  329  297  274  260
  243  216  179  143  119  119  149  208  277  336  375  403  441  499  572  646
  716  783  847  907  961 1011 1063 1125 1196
    12.5-180.0 180.0   5.0 450.0                            LAT/LON1/LON2/DLON/H
 1163 1235 1311 1388 1457 1503 1513 1478 1400 1298 1194 1106 1032  953  863  773
  706  673  666  672  689  728  787  845  874  857  799  713  621  543  498  489
  495  488  452  402  365  354  363  380  394  401  397  378  346  313  289  273
  253  222  184  148  125  125  156  217  289  352  395  428  468  525  593  660
  724  789  854  912  959 1001 1046 1100 1163
    10.0-180.0 180.0   5.0 450.0                            LAT/LON1/LON2/DLON/H
 1098 1149 1208 1277 1354 1425 1470 1472 1429 1353 1268 1192 1122 1044  951  857
  789  759  760  777  806  848  893  914  883  799  683  564  464  394  365  372
  392  397  373  335  309  311  335  365  389  405  406  388  355  319  291  270
  246  214  177  144  124  126  158  219  292  356  402  440  487  547  611  672
  730  791  851  903  941  972 1006 1049 1098
     7.5-180.0 180.0   5.0 450.0                            LAT/LON1/LON2/DLON/H
 1024 1048 1077 1124 1193 1274 1345 1385 1384 1347 1295 1244 1191 1124 1036  945
  880  855  863  886  914  943  955  922  828  687  537  415  336  301  303  332
  365  377  357  321  297  302  328  361  389  407  409  390  353  312  278  251
  223  192  159  131  117  122  156  215  286  348  395  438  493  559  624  682
  736  792  848  892  921  941  966  996 1024
     5.0-180.0 180.0   5.0 450.0                            LAT/LON1/LON2/DLON/H
  973  967  961  975 1022 1097 1180 1248 1284 1289 1277 1258 1232 1184 1109 1027
  969  950  961  981  994  992  957  868  722  547  397  306  279  295  335  383
  421  429  402  359  327  323  341  366  389  403  403  380  338  291  250  218
  189  160  133  114  107  117  152  209  275  332  377  424  486  560  630  688
  741  796  850  890  912  926  944  964  973
     2.5-180.0 180.0   5.0 450.0                            LAT/LON1/LON2/DLON/H
  964  935  897  877  894  949 1027 1106 1167 1206 1229 1243 1244 1218 1162 1094
 1045 1030 1039 1046 1031  986  900  764  588  416  301  271  312  384  455  510
  538  530  487  429  382  361  362  371  382  388  382  356  310  258  213  178
  150  125  107   98   99  114  149  204  263  314  355  403  470  550  625  687
  742  800  857  899  922  937  955  969  964
