ionex_files/COD0OPSFIN_20250740000_01D_01H_GIM.INX
     1.0            IONOSPHERE MAPS     GNSS                IONEX VERSION / TYPE
ADDNEQ2 V5.5        AIUB                19-MAR-25 19:00     PGM / RUN BY / DATE 
CODE'S GLOBAL IONOSPHERE MAPS FOR DAY 074, 2025             COMMENT             
Global ionosphere maps (GIM) are generated on a daily basis DESCRIPTION         
at CODE using data from about 300 GNSS sites of the IGS and DESCRIPTION         
other institutions. The vertical total electron content     DESCRIPTION         
(VTEC) is modeled in a solar-geomagnetic reference frame    DESCRIPTION         
using a spherical harmonics expansion up to degree and      DESCRIPTION         
order 15. Piece-wise linear functions are used for          DESCRIPTION         
representation in the time domain. The time spacing of      DESCRIPTION         
their vertices is 1 hour, conforming with the epochs of the DESCRIPTION         
VTEC maps.                                                  DESCRIPTION         
To convert line-of-sight TEC into vertical TEC, a modified  DESCRIPTION         
single-layer model mapping function approximating the JPL   DESCRIPTION         
extended slab model mapping function is adopted. The        DESCRIPTION         
mapping function is evaluated at geodetic satellite         DESCRIPTION         
elevation angles. For the computation of the ionospheric    DESCRIPTION         
pierce points, a spherical layer with a radius of 6821 km   DESCRIPTION         
is assumed, implying geocentric, not geodetic IONEX         DESCRIPTION         
latitudes.                                                  DESCRIPTION         
Instrumental biases with respect to each involved GNSS code DESCRIPTION         
observable are estimated as constant values for each        DESCRIPTION         
day. They are modeled with one set of bias parameters for   DESCRIPTION         
each satellite and each station in case of GPS and for each DESCRIPTION         
satellite-station link in case of GLONASS. The code bias    DESCRIPTION         
datum is defined by zero-mean conditions imposed on the     DESCRIPTION         
satellite bias estimates. In this file, just GPS C1W-C2W    DESCRIPTION         
satellite and station bias values are included. The         DESCRIPTION         
complete set of GNSS code bias results is provided in an    DESCRIPTION         
additional Bias-SINEX file as pseudo-absolute values        DESCRIPTION         
specific to each observable.                                DESCRIPTION         
Note: These GIM results correspond to the results for the   DESCRIPTION         
middle day of a 3-day combination analysis solving for 73   DESCRIPTION         
times 256, or 18688 VTEC parameters and 3 daily sets of     DESCRIPTION         
GNSS code bias parameters.                                  DESCRIPTION         
Contact address: code(at)aiub.unibe.ch                      DESCRIPTION         
Data archive:    ftp.aiub.unibe.ch/CODE/                    DESCRIPTION         
                 www.aiub.unibe.ch/download/CODE/           DESCRIPTION         
  2025     3    15     0     0     0                        EPOCH OF FIRST MAP  
  2025     3    16     0     0     0                        EPOCH OF LAST MAP   
  3600                                                      INTERVAL            
[...]
azgb badg bake bako barh bjfs bndy boav bogo bogt bor1 braz COMMENT             
brft brst brux cags cas1 ccj2 cedu chpg chti chur ckis coco COMMENT             
cord cpvg cpxf cro1 daej darw dav1 dgar dhlg drao dubo ebre COMMENT             
faa1 fair flin flrs frdn func ganp glps glsv gode gol2 gold COMMENT             
gope gras graz guam guug harb hers hert hlfx hnpt hob2 hofn COMMENT             
holb hrao hyde iddr ieng iisc impz ineg invk iqal irkj jog2 COMMENT             
joz2 karr kerg kir0 kiri kiru kit3 kokb kokv koug kour krgg COMMENT             
lama laut lmmf lpal lpgs mac1 madr mal2 mana mas1 mat1 mate COMMENT             
maui maw1 mcil mcm4 mdo1 medi mgue mizu mkea mnls mobs monp COMMENT             
morp mqzg mro1 mtka nano naur nico nist nium nklg nlib nnor COMMENT             
nrc1 ntus nya1 nyal onsa opmt ous2 pado parc park pdel penc COMMENT             
pert pie1 pimo pohn pol2 pots pove ptag ptbb ptvl qaq1 quin COMMENT             
rabt ramo reun reyk rgdg rio2 roth salu samo sant savo sch2 COMMENT             
scor scrz sctb scub seyg sfer sofi spt0 ssia sthl stjo stk2 COMMENT             
str2 suth sutm suwn sydn syog tash thtg thti thu2 tid1 tidb COMMENT             
tlse tn22 tong tow2 tro1 tskb txes uclu ufpr ulab unb3 unbj COMMENT             
unsa urum usn7 usud vald vill vtsp wab1 wab2 whit will wind COMMENT             
wsrt wtza wtzr wtzs wtzz wuhn xmis yar2 yar3 yarr yell ykro COMMENT             
zeck zim2 zim3 zimm                                         COMMENT             
                                                            END OF HEADER       
[from data line 9438]
    23                                                      START OF TEC MAP    
  2025     3    15    22     0     0                        EPOCH OF CURRENT MAP
    87.5-180.0 180.0   5.0 450.0                            LAT/LON1/LON2/DLON/H
  210  211  211  212  213  214  216  217  219  220  222  223  225  226  227  228
  229  229  229  229  229  228  227  226  225  224  222  221  219  217  216  214
  213  212  211  210  210  209  209  209  209  209  210  210  211  212  213  214
  214  215  216  217  217  218  218  218  218  218  218  218  217  216  216  215
  214  213  212  212  211  210  210  210  210
    85.0-180.0 180.0   5.0 450.0                            LAT/LON1/LON2/DLON/H
  183  183  184  187  190  194  198  204  209  215  221  227  232  237  242  245
  247  249  249  248  247  244  241  237  233  228  223  218  212  208  203  199
  195  192  189  187  186  185  185  185  186  188  190  192  195  198  201  204
  207  210  213  215  217  219  221  221  222  221  220  219  217  214  211  208
  204  200  197  193  190  187  185  184  183
    82.5-180.0 180.0   5.0 450.0                            LAT/LON1/LON2/DLON/H
  147  147  148  151  157  164  174  184  196  208  221  233  244  254  262  269
  273  275  275  273  270  264  257  249  241  231  222  212  203  194  186  179
  173  167  163  160  158  157  158  159  160  163  166  170  175  179  184  190
  195  200  205  210  214  218  220  222  223  223  222  219  216  211  206  200
  193  186  179  171  165  158  153  149  147
    80.0-180.0 180.0   5.0 450.0                            LAT/LON1/LON2/DLON/H
  117  115  115  119  126  137  151  167  185  204  223  242  259  274  286  295
  301  304  303  299  292  283  273  260  247  234  220  207  194  182  172  162
  154  148  143  139  137  136  136  137  139  142  146  150  155  160  166  172
  178  184  191  197  202  207  211  215  217  217  217  215  211  206  200  193
  185  175  166  156  146  137  128  122  117
    77.5-180.0 180.0   5.0 450.0                            LAT/LON1/LON2/DLON/H
  106  102  100  103  110  122  139  159  182  206  231  255  277  296  310  320
  326  327  324  318  309  297  284  269  253  237  221  205  190  177  165  154
  145  138  133  129  127  125  125  126  127  129  132  135  138  142  147  152
  157  163  169  175  180  186  191  195  198  201  202  201  200  197  192  187
  180  172  163  153  142  132  122  113  106
    75.0-180.0 180.0   5.0 450.0                            LAT/LON1/LON2/DLON/H
  123  116  112  112  117  127  143  165  190  218  246  272  296  315  329  337
  341  340  336  328  317  305  291  275  259  242  225  209  194  180  167  156
  147  139  134  130  127  125  124  124  124  124  125  125  126  127  129  131
  133  137  141  145  150  154  159  164  168  172  176  178  180  181  181  179
  177  174  170  164  157  149  141  131  123
    72.5-180.0 180.0   5.0 450.0                            LAT/LON1/LON2/DLON/H
  165  157  149  145  145  152  165  185  209  237  265  291  312  329  339  345
  345  342  336  328  318  307  295  281  267  251  236  220  205  190  177  166
  156  148  141  136  133  130  128  127  125  123  121  119  117  114  112  111
  110  110  111  112  114  117  121  126  130  136  141  147  153  159  164  170
  175  180  183  186  186  184  180  174  165
    70.0-180.0 180.0   5.0 450.0                            LAT/LON1/LON2/DLON/H
  223  214  203  194  189  189  197  213  234  259  284  307  324  336  342  342
  339  334  328  322  316  309  300  291  279  266  251  236  221  206  192  179
  167  157  149  142  137  134  131  128  125  122  118  113  108  103   98   93
   89   85   83   81   80   81   83   86   91   97  104  113  122  133  144  156
  169  183  196  208  219  226  230  228  223
    67.5-180.0 180.0   5.0 450.0                            LAT/LON1/LON2/DLON/H
  278  270  258  245  234  228  230  240  257  278  299  317  330  337  337  334
  328  323  320  318  316  315  311  305  296  284  270  255  239  223  208  192
  177  164  152  143  136  131  127  124  121  117  112  106   99   93   86   79
   72   66   61   57   53   52   52   53   57   63   71   82   94  107  123  140
  159  179  200  222  242  260  273  279  278
    65.0-180.0 180.0   5.0 450.0                            LAT/LON1/LON2/DLON/H
  315  310  299  283  268  257  254  259  271  288  306  320  329  332  330  324
  319  317  318  321  326  329  329  325  317  305  291  275  258  241  223  204
  185  168  152  139  129  122  118  114  111  107  102   96   89   83   76   68
   61   54   48   42   37   34   32   33   35   41   49   59   72   87  104  123
  144  167  193  220  248  274  295  309  315
    62.5-180.0 180.0   5.0 450.0                            LAT/LON1/LON2/DLON/H
  323  324  314  299  282  268  262  263  273  287  302  314  322  324  323  320
  319  321  328  337  347  353  354  349  339  326  310  294  277  259  239  217
  194  171  151  133  121  112  106  102   99   95   91   86   80   74   68   62
   56   50   44   38   33   29   27   26   28   32   40   50   62   76   92  110
  129  150  174  202  233  264  291  312  323
    60.0-180.0 180.0   5.0 450.0                            LAT/LON1/LON2/DLON/H
  305  310  304  291  276  262  255  255  262  275  289  302  311  317  320  323
  329  339  352  366  377  383  382  373  360  344  327  312  296  279  258  234
  207  179  154  132  117  106   99   95   91   88   83   78   74   69   65   61
   57   53   48   44   40   37   35   34   35   38   44   52   63   76   90  104
  118  134  153  177  204  235  265  289  305
    57.5-180.0 180.0   5.0 450.0                            LAT/LON1/LON2/DLON/H
  272  280  278  269  258  247  241  242  248  259  272  286  299  312  323  336
  351  368  386  402  413  415  408  394  376  358  343  329  316  301  281  256
  226  194  165  140  122  110  102   97   92   88   83   78   74   71   68   66
   64   61   59   57   56   55   54   53   53   54   58   65   74   86   98  108
  118  127  139  155  176  202  229  254  272
    55.0-180.0 180.0   5.0 450.0                            LAT/LON1/LON2/DLON/H
  242  251  252  248  242  237  234  235  240  248  259  274  291  311  333  356
  380  404  425  440  446  441  428  408  388  370  357  347  339  326  308  281
  249  215  183  157  138  124  115  109  104   98   93   87   83   79   77   76
   75   75   75   76   78   79   80   79   77   76   78   83   91  102  114  124
  131  136  142  150  164  182  204  226  242
    52.5-180.0 180.0   5.0 450.0                            LAT/LON1/LON2/DLON/H
  234  241  244  243  243  244  246  248  249  252  259  272  292  318  348  380
  412  439  460  472  471  460  440  417  396  381  371  366  361  350  331  303
  269  235  203  178  159  146  136  129  123  117  111  105  100   96   94   92
   92   92   94   98  102  106  108  107  104  100   98  101  109  121  135  148
  158  163  167  171  179  192  207  222  234
    50.0-180.0 180.0   5.0 450.0                            LAT/LON1/LON2/DLON/H
  261  264  265  266  271  278  284  286  283  279  277  285  304  333  369  406
  441  469  488  494  487  469  447  424  405  393  387  384  378  366  344  314
  279  245  216  194  178  167  158  151  146  141  135  130  124  119  116  113
  112  112  115  120  127  133  136  135  129  122  116  117  124  139  158  177
  194  206  214  220  227  236  246  255  261
    47.5-180.0 180.0   5.0 450.0                            LAT/LON1/LON2/DLON/H
  323  320  318  319  327  339  348  350  341  328  317  316  331  358  394  431
  465  491  505  506  495  475  452  432  417  408  402  396  386  368  341  307
  272  241  217  202  190  181  174  168  165  163  160  156  151  145  140  136
  133  133  135  142  151  158  162  159  150  140  131  129  136  153  178  206
  233  256  274  289  301  312  320  324  323
    45.0-180.0 180.0   5.0 450.0                            LAT/LON1/LON2/DLON/H
  412  403  395  395  403  417  429  430  417  395  373  364  371  393  424  456
  485  507  517  514  501  482  462  446  435  425  415  401  381  354  320  282
  248  222  206  199  193  187  181  177  177  179  181  180  176  170  164  159
  154  152  155  162  172  180  183  179  168  154  143  139  145  165  194  231
  269  305  338  365  388  405  414  416  412
    42.5-180.0 180.0   5.0 450.0                            LAT/LON1/LON2/DLON/H
  508  496  484  480  486  501  513  514  498  469  440  423  422  436  458  482
  504  520  528  525  513  497  481  468  456  442  422  396  365  328  288  248
  216  197  191  192  193  189  183  180  183  189  196  198  196  190  184  177
  172  169  171  178  188  197  199  194  182  167  154  149  155  175  208  250
  298  346  392  434  470  496  511  515  508
    40.0-180.0 180.0   5.0 450.0                            LAT/LON1/LON2/DLON/H
  596  583  568  560  563  575  586  587  570  540  508  486  480  485  497  511
  525  537  545  544  535  522  508  495  479  456  423  385  344  302  260  223
  196  184  188  196  201  197  188  183  186  196  207  211  209  204  197  190
  185  181  183  190  200  209  210  204  192  178  166  161  167  187  221  266
  318  374  430  484  532  569  592  600  596
    37.5-180.0 180.0   5.0 450.0                            LAT/LON1/LON2/DLON/H
  660  652  638  627  625  631  640  640  625  598  568  547  538  537  539  544
  551  561  570  573  567  556  541  524  499  463  419  372  329  291  255  225
  205  201  211  225  229  221  205  195  196  206  216  221  218  211  204  198
  192  189  190  197  207  214  215  210  199  188  179  176  183  204  237  281
  332  389  450  512  568  613  644  659  660
    35.0-180.0 180.0   5.0 450.0                            LAT/LON1/LON2/DLON/H
  699  699  691  680  672  672  674  673  661  640  618  602  594  589  584  580
  583  592  604  610  605  592  573  547  512  466  415  369  335  311  291  272
  260  261  274  287  287  270  243  223  217  222  229  230  224  216  208  202
  196  192  193  200  209  215  215  210  203  197  193  194  204  225  257  298
  345  398  458  520  580  630  666  688  699
    32.5-180.0 180.0   5.0 450.0                            LAT/LON1/LON2/DLON/H
  717  730  733  726  714  705  700  696  687  674  661  652  647  639  629  619
  619  628  642  648  641  622  595  562  518  467  418  384  371  372  374  369
  363  364  374  381  372  342  302  269  253  250  250  244  234  223  214  206
  199  194  193  199  206  211  211  207  204  203  205  211  225  250  283  321
  362  408  461  519  578  628  666  695  717
    30.0-180.0 180.0   5.0 450.0                            LAT/LON1/LON2/DLON/H
  726  756  774  775  762  745  732  723  716  709  705  703  699  690  674  660
  657  665  676  678  665  639  605  566  521  474  437  425  442  473  498  506
  500  495  496  492  471  427  374  328  300  287  278  266  251  236  226  216
  206  198  194  197  202  205  203  201  201  205  213  225  244  274  311  349
  385  423  468  521  575  621  659  693  726
    27.5-180.0 180.0   5.0 450.0                            LAT/LON1/LON2/DLON/H
  740  787  824  837  828  806  785  771  764  762  762  763  758  745  724  704
  695  698  701  695  672  639  603  566  527  493  476  492  539  598  641  654
  644  627  613  596  562  507  443  387  350  330  314  296  277  261  248  235
  221  206  198  197  199  199  196  194  196  204  215  232  257  294  337  378
  413  446  486  534  582  624  659  695  740
    25.0-180.0 180.0   5.0 450.0                            LAT/LON1/LON2/DLON/H
  766  831  887  916  914  892  866  848  841  841  843  841  830  809  780  753
  735  727  717  697  665  628  595  569  546  531  538  577  647  722  771  780
  758  726  697  666  622  560  492  434  395  370  351  332  313  297  282  265
  243  222  207  200  198  195  190  187  190  200  212  231  262  306  359  406
  444  476  514  560  606  644  675  713  766
    22.5-180.0 180.0   5.0 450.0                            LAT/LON1/LON2/DLON/H
  806  884  959 1005 1014  997  972  954  949  950  950  941  920  887  847  810
  780  755  727  691  650  615  594  586  585  591  614  666  740  813  853  849
  812  765  723  682  633  572  509  458  424  402  386  370  355  341  325  302
  272  243  221  208  201  194  186  183  186  194  205  224  257  310  371  428
  472  508  548  597  644  680  708  746  806
    20.0-180.0 180.0   5.0 450.0                            LAT/LON1/LON2/DLON/H
  851  939 1028 1090 1113 1105 1086 1074 1074 1078 1077 1060 1026  979  928  879
  834  789  740  687  641  613  610  625  646  667  695  739  797  846  863  839
  789  733  685  640  593  541  493  457  436  423  413  405  397  387  369  341
  303  266  238  220  208  197  186  181  183  188  196  212  247  305  375  441
  492  534  581  636  688  726  753  789  851
    17.5-180.0 180.0   5.0 450.0                            LAT/LON1/LON2/DLON/H
  894  984 1080 1154 1190 1194 1187 1186 1195 1208 1208 1185 1141 1083 1021  960
  900  835  765  699  650  634  651  688  724  749  765  782  801  810  795  753
  696  641  596  556  517  481  454  439  434  433  432  432  432  426  407  374
  330  288  255  233  216  201  189  183  182  184  188  200  234  295  372  445
  502  552  606  669  728  770  798  832  894
    15.0-180.0 180.0   5.0 450.0                            LAT/LON1/LON2/DLON/H
  923 1009 1104 1183 1229 1245 1251 1263 1287 1312 1320 1299 1250 1186 1118 1050
  978  897  811  735  689  684  718  769  810  825  813  786  753  714  666  612
  562  521  488  459  432  415  411  419  430  438  443  449  453  450  430  393
  347  303  268  243  224  207  193  186  184  183  182  191  223  285  364  441
  504  558  619  689  755  803  833  866  923
    12.5-180.0 180.0   5.0 450.0                            LAT/LON1/LON2/DLON/H
  935 1011 1098 1174 1223 1247 1263 1289 1328 1369 1391 1379 1335 1274 1208 1140
 1063  973  878  799  757  762  804  858  890  881  830  752  665  582  512  461
  430  414  401  386  372  372  389  414  435  444  448  453  458  454  432  394
  349  307  274  250  229  210  196  189  187  184  181  186  216  276  356  434
  499  556  621  695  767  821  854  885  935
    10.0-180.0 180.0   5.0 450.0                            LAT/LON1/LON2/DLON/H
  933  995 1068 1134 1179 1204 1225 1257 1308 1365 1404 1409 1380 1331 1277 1217
 1144 1055  960  884  847  856  896  938  949  909  818  695  565  454  379  345
  346  362  371  368  364  375  405  438  457  458  450  445  444  436  413  376
  335  299  272  250  229  210  198  192  190  187  182  186  214  272  350  428
  493  551  617  692  767  824  861  891  933
     7.5-180.0 180.0   5.0 450.0                            LAT/LON1/LON2/DLON/H
  925  973 1028 1079 1115 1134 1150 1181 1235 1302 1358 1383 1374 1347 1312 1269
 1209 1131 1045  977  945  950  977  997  980  909  786  635  485  370  309  306
  343  388  415  419  418  433  464  494  499  479  450  428  415  400  375  341
  308  282  262  243  224  207  196  193  192  190  185  189  216  272  348  424
  490  548  613  686  760  819  860  890  925
     5.0-180.0 180.0   5.0 450.0                            LAT/LON1/LON2/DLON/H
  922  958  997 1033 1055 1064 1068 1086 1132 1199 1264 1306 1321 1317 1306 1286
 1246 1187 1118 1062 1033 1029 1034 1026  980  887  751  595  453  357  327  360
  428  493  526  529  523  533  558  572  554  505  448  403  376  354  327  298
  274  257  245  230  213  199  191  190  192  191  188  193  220  274  348  424
  491  550  613  683  754  814  858  891  922
     2.5-180.0 180.0   5.0 450.0                            LAT/LON1/LON2/DLON/H
  929  958  987 1012 1024 1020 1007 1005 1032 1086 1150 1201 1232 1251 1263 1266
 1250 1214 1166 1124 1096 1080 1061 1025  959  857  729  595  485  427  434  496
  581  649  675  667  651  651  661  654  608  528  442  376  334  305  278  254
  239  231  224  213  199  187  182  184  189  190  189  195  222  275  348  425
  495  557  619  685  752  812  861  898  929
