ionex_files/COD0OPSFIN_20250870000_01D_01H_GIM.INX
     1.0            IONOSPHERE MAPS     GNSS                IONEX VERSION / TYPE
ADDNEQ2 V5.5        AIUB                02-APR-25 21:41     PGM / RUN BY / DATE 
CODE'S GLOBAL IONOSPHERE MAPS FOR DAY 087, 2025             COMMENT             
Global ionosphere maps (GIM) are generated on a daily basis DESCRIPTION         
at CODE using data from about 300 GNSS sites of the IGS and DESCRIPTION         
other institutions. The vertical total electron content     DESCRIPTION         
(VTEC) is modeled in a solar-geomagnetic reference frame    DESCRIPTION         
using a spherical harmonics expansion up to degree and      DESCRIPTION         
order 15. Piece-wise linear functions are used for          DESCRIPTION         
representation in the time domain. The time spacing of      DESCRIPTION         
their vertices is 1 hour, conforming with the epochs of the DESCRIPTION         
VTEC maps.                                                  DESCRIPTION         
To convert line-of-sight TEC into vertical TEC, a modified  DESCRIPTION         
single-layer model mapping function approximating the JPL   DESCRIPTION         
extended slab model mapping function is adopted. The        DESCRIPTION         
mapping function is evaluated at geodetic satellite         DESCRIPTION         
elevation angles. For the computation of the ionospheric    DESCRIPTION         
pierce points, a spherical layer with a radius of 6821 km   DESCRIPTION         
is assumed, implying geocentric, not geodetic IONEX         DESCRIPTION         
latitudes.                                                  DESCRIPTION         
Instrumental biases with respect to each involved GNSS code DESCRIPTION         
observable are estimated as constant values for each        DESCRIPTION         
day. They are modeled with one set of bias parameters for   DESCRIPTION         
each satellite and each station in case of GPS and for each DESCRIPTION         
satellite-station link in case of GLONASS. The code bias    DESCRIPTION         
datum is defined by zero-mean conditions imposed on the     DESCRIPTION         
satellite bias estimates. In this file, just GPS C1W-C2W    DESCRIPTION         
satellite and station bias values are included. The         DESCRIPTION         
complete set of GNSS code bias results is provided in an    DESCRIPTION         
additional Bias-SINEX file as pseudo-absolute values        DESCRIPTION         
specific to each observable.                                DESCRIPTION         
Note: These GIM results correspond to the results for the   DESCRIPTION         
middle day of a 3-day combination analysis solving for 73   DESCRIPTION         
times 256, or 18688 VTEC parameters and 3 daily sets of     DESCRIPTION         
GNSS code bias parameters.                                  DESCRIPTION         
Contact address: code(at)aiub.unibe.ch                      DESCRIPTION         
Data archive:    ftp.aiub.unibe.ch/CODE/                    DESCRIPTION         
                 www.aiub.unibe.ch/download/CODE/           DESCRIPTION         
  2025     3    28     0     0     0                        EPOCH OF FIRST MAP  
  2025     3    29     0     0     0                        EPOCH OF LAST MAP   
  3600                                                      INTERVAL            
[...]
abpo adis albh algo alic amu2 areg areq ascg aspa auck azgb COMMENT             
badg bake bako barh bjfs bndy boav bogo bogt bor1 braz brft COMMENT             
brst brux cags cas1 ccj2 cedu chpg chti chur ckis coco cord COMMENT             
cpvg cpxf cro1 daej darw dav1 dgar dhlg drao dubo ebre faa1 COMMENT             
fair flin flrs func ganp glps glsv gode gol2 gold gope gras COMMENT             
graz guam guug harb hers hert hlfx hnpt hob2 hofn holb hrao COMMENT             
hyde iddr ieng iisc impz ineg invk iqal irkj jog2 joz2 karr COMMENT             
kerg kir0 kiri kiru kit3 kokb kokv koug kour krgg lama laut COMMENT             
lmmf lpal lpgs mac1 madr mal2 mana mas1 mat1 mate maui maw1 COMMENT             
mcil mcm4 mdo1 medi mgue mizu mkea mnls mobs morp mqzg mro1 COMMENT             
mtka nano naur nico nist nium nklg nlib nnor not1 nrc1 ntus COMMENT             
nya1 nyal onsa opmt ous2 pado park penc pert pie1 pimo pohn COMMENT             
pol2 pots pove ptbb ptvl qaq1 quin rabt ramo reun reyk rgdg COMMENT             
rio2 roth salu samo sant savo sch2 scor scrz sctb scub seyg COMMENT             
sfer spt0 ssia sthl stjo stk2 str2 suth sutm sydn syog tash COMMENT             
thtg thti thu2 tid1 tidb tlse tn22 tong tow2 tro1 tskb txes COMMENT             
uclu ufpr ulab unb3 unbj unsa urum usn7 usud vald vill vtsp COMMENT             
wab1 wab2 whit will wind wsrt wtza wtzr wtzs wtzz wuhn xmis COMMENT             
yar2 yar3 yarr yell ykro zeck zim2 zim3 zimm                COMMENT             
                                                            END OF HEADER       
[from data line 5577]
    14                                                      START OF TEC MAP    
  2025     3    28    13     0     0                        EPOCH OF CURRENT MAP
    87.5-180.0 180.0   5.0 450.0                            LAT/LON1/LON2/DLON/H
  224  226  228  230  232  235  237  240  243  245  248  251  253  255  257  259
  260  261  262  263  263  263  263  262  262  261  260  259  258  256  255  253
  252  250  248  247  245  244  242  241  239  238  237  236  235  234  233  232
  231  231  230  229  228  228  227  226  225  224  224  223  222  221  220  220
  219  219  219  219  219  220  221  222  224
    85.0-180.0 180.0   5.0 450.0                            LAT/LON1/LON2/DLON/H
  190  194  198  203  209  215  221  228  235  241  248  253  259  264  268  271
  273  275  276  277  277  276  275  273  271  269  267  264  261  259  256  252
  249  246  243  240  237  235  232  230  228  226  225  224  223  223  223  224
  224  224  225  225  225  225  224  223  222  220  217  214  211  207  203  200
  196  193  190  188  187  186  187  188  190
    82.5-180.0 180.0   5.0 450.0                            LAT/LON1/LON2/DLON/H
  149  153  159  167  176  186  197  208  219  230  240  249  257  264  270  274
  277  278  279  278  277  276  273  271  268  265  262  259  256  252  249  245
  241  238  234  230  226  223  220  217  214  213  212  212  213  214  216  219
  223  227  230  234  237  239  240  239  238  234  230  224  217  209  200  191
  182  173  165  158  153  149  147  147  149
    80.0-180.0 180.0   5.0 450.0                            LAT/LON1/LON2/DLON/H
  110  114  120  129  141  154  169  184  199  213  226  238  248  255  261  265
  267  268  267  266  264  262  259  257  255  252  250  248  246  243  240  238
  234  231  227  223  219  215  211  208  205  203  203  203  206  209  215  221
  229  237  246  254  261  267  271  273  272  269  262  253  242  229  214  199
  183  167  152  139  128  119  113  110  110
    77.5-180.0 180.0   5.0 450.0                            LAT/LON1/LON2/DLON/H
   85   86   92  101  113  127  144  161  177  193  208  220  230  237  242  245
  246  246  244  243  241  240  239  238  238  238  238  238  237  237  236  235
  233  230  227  224  220  216  211  207  204  201  200  201  204  210  218  228
  240  254  268  281  294  304  312  316  317  314  306  295  281  263  243  222
  200  178  157  137  120  106   95   88   85
    75.0-180.0 180.0   5.0 450.0                            LAT/LON1/LON2/DLON/H
   80   78   81   87   98  111  126  142  159  174  187  199  207  213  216  218
  218  217  216  216  216  217  219  222  225  228  231  234  236  237  237  237
  237  235  233  231  227  223  219  214  210  207  205  206  209  216  226  239
  254  272  290  308  325  339  350  357  359  356  349  336  320  300  277  253
  227  202  177  153  131  113   98   87   80
    72.5-180.0 180.0   5.0 450.0                            LAT/LON1/LON2/DLON/H
   95   89   88   91   97  107  118  131  144  156  167  176  182  186  188  188
  188  189  190  192  197  202  209  216  223  229  235  238  241  242  243  243
  243  242  241  239  237  234  230  226  222  218  216  216  219  226  236  250
  267  286  307  327  346  362  374  382  385  382  374  362  345  325  302  278
  253  228  203  179  157  137  119  105   95
    70.0-180.0 180.0   5.0 450.0                            LAT/LON1/LON2/DLON/H
  121  112  107  106  107  112  118  126  134  142  148  153  157  159  161  161
  163  166  171  178  187  199  211  222  232  241  246  249  250  250  249  248
  247  246  245  245  244  243  241  238  235  232  230  230  232  238  247  260
  276  294  313  332  350  365  376  383  384  381  373  361  345  327  307  287
  266  245  225  205  185  166  149  134  121
    67.5-180.0 180.0   5.0 450.0                            LAT/LON1/LON2/DLON/H
  148  137  129  124  122  121  122  124  126  129  131  133  135  137  138  141
  145  151  161  174  189  206  223  238  250  257  261  262  260  256  252  248
  245  244  244  245  246  248  249  249  248  247  246  245  247  251  258  268
  280  295  310  324  338  348  355  359  358  352  343  331  316  301  285  270
  257  243  230  217  204  189  175  160  148
    65.0-180.0 180.0   5.0 450.0                            LAT/LON1/LON2/DLON/H
  162  151  143  136  131  127  124  121  119  117  116  116  117  119  122  127
  135  146  160  179  199  220  240  257  268  274  275  271  265  257  250  244
  240  238  238  241  245  249  254  258  260  262  262  262  263  265  268  274
  281  290  299  307  313  317  319  317  312  304  293  280  266  253  241  231
  224  219  214  210  203  195  185  173  162
    62.5-180.0 180.0   5.0 450.0                            LAT/LON1/LON2/DLON/H
  157  149  142  136  131  126  121  115  110  105  103  102  103  107  112  120
  131  146  165  187  211  235  257  273  282  285  282  275  265  255  246  239
  234  232  233  237  243  251  259  267  273  277  280  281  280  280  280  281
  283  284  286  287  286  283  279  272  263  252  238  224  209  195  184  178
  175  176  179  182  182  180  174  166  157
    60.0-180.0 180.0   5.0 450.0                            LAT/LON1/LON2/DLON/H
  134  129  124  122  119  116  112  106   99   94   91   91   94   99  107  117
  131  148  170  195  221  246  267  281  288  288  283  274  264  254  246  240
  235  233  235  239  247  257  269  280  289  296  300  302  301  298  295  291
  288  284  279  273  266  258  248  237  225  211  195  178  161  145  133  126
  125  128  135  142  147  149  146  141  134
    57.5-180.0 180.0   5.0 450.0                            LAT/LON1/LON2/DLON/H
  102   99   98   99  100  100   98   94   88   84   82   84   88   94  103  115
  131  150  173  199  225  249  269  282  287  286  281  273  266  260  255  250
  247  245  246  251  259  271  285  299  311  319  325  326  324  319  313  306
  299  291  282  273  261  249  236  223  209  194  176  157  137  118  102   91
   87   89   96  104  110  113  112  107  102
    55.0-180.0 180.0   5.0 450.0                            LAT/LON1/LON2/DLON/H
   74   71   72   76   81   85   85   83   80   77   77   80   85   92  101  113
  129  148  172  198  223  247  265  277  283  283  281  279  277  276  275  273
  270  267  267  271  280  293  308  323  337  346  351  352  349  342  334  325
  316  308  298  287  274  260  246  232  217  202  184  164  142  119   98   82
   73   70   74   80   85   87   85   79   74
    52.5-180.0 180.0   5.0 450.0                            LAT/LON1/LON2/DLON/H
   61   57   58   63   70   76   78   78   76   76   77   81   86   92   99  109
  124  144  168  193  219  241  259  272  281  286  290  294  299  303  305  304
  299  294  291  295  305  319  336  352  365  374  378  377  373  365  356  347
  339  332  323  313  301  286  271  256  242  228  212  193  170  145  121  100
   85   78   77   79   82   81   76   68   61
    50.0-180.0 180.0   5.0 450.0                            LAT/LON1/LON2/DLON/H
   70   63   62   66   73   78   81   81   80   81   83   87   90   93   97  106
  120  140  164  190  215  237  257  273  286  298  308  319  330  338  340  336
  328  319  314  318  330  347  365  382  394  401  403  400  394  386  377  369
  364  359  353  345  333  317  300  284  270  256  243  227  208  185  160  136
  118  106  101  100  100   97   90   80   70
    47.5-180.0 180.0   5.0 450.0                            LAT/LON1/LON2/DLON/H
   98   89   85   86   90   93   95   93   92   93   95   97   98   97   97  103
  117  139  164  191  216  239  261  281  300  318  336  352  366  374  373  364
  349  336  331  337  353  375  395  411  421  425  424  420  412  404  396  390
  387  385  382  374  361  343  322  303  286  274  263  252  238  220  199  177
  158  144  136  134  133  130  122  111   98
    45.0-180.0 180.0   5.0 450.0                            LAT/LON1/LON2/DLON/H
  138  126  119  117  117  118  116  113  110  110  111  112  109  104  101  105
  120  144  172  200  226  250  273  297  321  345  367  386  399  404  397  381
  362  346  344  356  379  406  429  444  450  450  445  438  430  421  414  410
  409  409  406  397  380  356  329  304  284  270  262  257  250  240  225  208
  190  177  169  167  168  167  161  150  138
    42.5-180.0 180.0   5.0 450.0                            LAT/LON1/LON2/DLON/H
  175  163  155  150  148  146  141  135  130  129  130  129  123  115  109  113
  130  157  189  218  244  268  292  318  346  372  395  414  425  425  413  393
  371  358  362  384  417  450  475  487  488  481  472  462  452  444  437  433
  432  430  424  411  388  357  323  290  265  249  242  241  242  240  232  220
  206  194  187  187  191  194  192  185  175
    40.0-180.0 180.0   5.0 450.0                            LAT/LON1/LON2/DLON/H
  198  189  182  177  174  170  163  156  150  148  149  147  140  129  122  127
  147  179  213  244  269  291  315  341  368  394  416  433  441  440  427  407
  390  385  401  436  480  519  543  549  542  527  512  498  486  477  470  464
  459  453  442  423  393  355  313  273  243  224  216  218  223  226  224  216
  204  193  187  188  195  202  206  205  198
    37.5-180.0 180.0   5.0 450.0                            LAT/LON1/LON2/DLON/H
  203  199  194  191  189  186  180  171  165  164  165  164  157  145  138  146
  171  206  243  274  298  318  339  362  386  408  428  443  453  455  449  439
  434  444  476  525  578  620  641  639  621  597  574  555  540  528  518  509
  498  485  467  441  406  362  315  271  237  215  205  206  211  216  215  207
  195  182  174  175  182  192  201  204  203
    35.0-180.0 180.0   5.0 450.0                            LAT/LON1/LON2/DLON/H
  193  193  191  191  192  192  187  180  174  173  177  178  172  161  157  168
  196  236  274  305  327  344  362  380  398  416  434  451  467  481  490  498
  514  545  595  656  716  756  769  757  728  694  662  636  617  601  586  571
  553  532  506  475  437  393  345  301  266  242  229  226  227  226  221  210
  193  175  162  158  163  172  182  190  193
    32.5-180.0 180.0   5.0 450.0                            LAT/LON1/LON2/DLON/H
  177  180  181  183  187  190  188  182  177  177  182  185  183  175  174  189
  221  262  301  331  353  369  383  396  408  421  439  463  493  526  558  592
  633  686  751  822  882  916  920  897  857  814  774  741  715  693  672  649
  623  594  564  531  495  454  412  372  338  314  299  289  282  273  259  239
  215  189  168  156  153  157  165  172  177
    30.0-180.0 180.0   5.0 450.0                            LAT/LON1/LON2/DLON/H
  169  171  172  175  180  185  185  180  174  174  181  187  188  184  187  205
  239  281  320  350  373  391  404  413  419  430  452  488  536  593  653  714
  779  851  927 1000 1054 1080 1073 1041  995  945  899  859  826  797  770  739
  706  671  639  609  578  546  511  478  450  428  410  394  377  358  334  305
  271  237  206  183  169  162  162  166  169
    27.5-180.0 180.0   5.0 450.0                            LAT/LON1/LON2/DLON/H
  179  177  175  175  179  183  183  177  169  168  175  183  187  187  193  214
  250  291  329  361  387  410  424  431  435  447  476  528  598  679  763  848
  931 1014 1093 1159 1203 1218 1203 1168 1121 1070 1020  975  935  900  866  830
  791  754  723  699  677  653  628  602  580  561  543  523  499  471  439  402
  362  319  279  244  216  197  185  180  179
    25.0-180.0 180.0   5.0 450.0                            LAT/LON1/LON2/DLON/H
  210  202  195  189  187  188  185  175  164  160  166  175  181  183  192  215
  252  292  329  362  395  424  444  451  456  472  514  582  672  772  873  970
 1061 1143 1215 1268 1298 1302 1285 1253 1213 1167 1119 1071 1027  987  949  909
  868  832  806  788  774  758  737  716  698  684  668  648  622  591  556  518
  475  428  380  334  293  259  234  219  210
    22.5-180.0 180.0   5.0 450.0                            LAT/LON1/LON2/DLON/H
  258  244  228  215  206  201  192  177  161  152  156  165  171  175  186  211
  247  285  321  358  398  435  461  472  481  505  561  645  749  858  962 1058
 1143 1214 1269 1305 1320 1317 1302 1282 1256 1222 1180 1133 1088 1046 1006  966
  926  894  873  862  852  836  814  792  776  765  755  740  719  693  664  631
  591  545  493  439  386  338  301  275  258
    20.0-180.0 180.0   5.0 450.0                            LAT/LON1/LON2/DLON/H
  312  292  269  247  231  218  204  183  160  148  149  156  162  166  177  203
  239  276  311  351  397  443  475  491  505  541  611  708  817  923 1016 1097
 1163 1215 1249 1265 1266 1260 1254 1250 1244 1226 1194 1152 1110 1070 1032  994
  958  931  916  907  895  872  842  812  793  785  783  779  771  758  742  721
  689  647  595  537  476  419  371  336  312
    17.5-180.0 180.0   5.0 450.0                            LAT/LON1/LON2/DLON/H
  360  335  307  279  255  237  217  190  164  148  146  152  155  158  169  196
  232  269  304  345  396  448  484  505  527  575  657  762  868  958 1029 1084
 1125 1153 1166 1164 1156 1151 1157 1172 1185 1185 1165 1132 1095 1061 1029  995
  965  943  931  920  900  863  816  774  749  744  751  761  771  777  780  773
  753  718  669  611  547  484  429  389  360
    15.0-180.0 180.0   5.0 450.0                            LAT/LON1/LON2/DLON/H
  391  364  333  301  273  250  227  199  170  152  149  153  154  154  165  192
  230  267  302  345  398  451  490  513  543  602  695  802  897  965 1007 1032
 1048 1055 1050 1037 1024 1022 1039 1070 1101 1116 1107 1083 1056 1030 1004  977
  953  935  924  907  873  817  751  695  663  659  675  702  730  757  779  788
  778  750  706  650  588  524  467  423  391
    12.5-180.0 180.0   5.0 450.0                            LAT/LON1/LON2/DLON/H
  404  375  343  309  280  256  233  205  177  160  157  160  159  156  166  194
  235  274  310  352  404  456  493  518  553  622  722  827  907  950  964  965
  962  955  942  923  909  911  936  977 1018 1041 1041 1026 1007  990  972  952
  933  919  905  880  831  757  674  605  567  565  590  629  674  718  754  774
  771  746  706  656  600  539  482  437  404
    10.0-180.0 180.0   5.0 450.0                            LAT/LON1/LON2/DLON/H
  403  372  339  305  276  254  233  208  183  169  169  172  169  163  171  201
  244  287  325  367  416  464  497  521  561  636  740  840  905  926  920  906
  895  887  874  858  847  851  877  919  960  984  987  978  967  958  947  933
  918  905  890  857  795  708  615  540  501  501  531  578  632  685  726  748
  744  720  683  640  592  538  484  438  403
     7.5-180.0 180.0   5.0 450.0                            LAT/LON1/LON2/DLON/H
  399  364  329  294  265  245  228  208  188  178  181  185  181  173  180  211
  257  304  345  387  434  476  505  528  570  649  752  845  897  906  890  875
  870  870  869  861  854  858  879  913  945  962  962  955  949  946  939  928
  915  904  887  850  782  692  600  529  494  497  527  573  626  677  714  729
  717  687  652  616  579  534  484  437  399
     5.0-180.0 180.0   5.0 450.0                            LAT/LON1/LON2/DLON/H
  402  362  321  283  253  234  221  205  190  185  190  196  191  183  188  219
  268  320  365  410  455  494  519  541  584  662  761  847  891  895  883  879
  890  908  923  927  925  927  939  958  975  979  972  962  957  955  950  939
  929  919  903  866  802  720  640  583  558  562  587  624  666  704  727  726
  701  664  628  600  574  539  494  445  402
     2.5-180.0 180.0   5.0 450.0                            LAT/LON1/LON2/DLON/H
  418  371  324  280  246  226  213  201  190  188  195  202  198  189  193  224
  275  331  382  430  476  514  538  560  602  676  768  846  887  896  897  911
  944  983 1015 1032 1036 1034 1035 1038 1037 1027 1009  994  986  981  973  962
  952  945  933  902  850  786  729  692  679  683  698  719  742  760  762  742
  701  654  618  598  583  558  517  468  418
