ionex_files/COD0OPSFIN_20250810000_01D_01H_GIM.INX
     1.0            IONOSPHERE MAPS     GNSS                IONEX VERSION / TYPE
ADDNEQ2 V5.5        AIUB                26-MAR-25 20:34     PGM / RUN BY / DATE 
CODE'S GLOBAL IONOSPHERE MAPS FOR DAY 081, 2025             COMMENT             
Global ionosphere maps (GIM) are generated on a daily basis DESCRIPTION         
at CODE using data from about 300 GNSS sites of the IGS and DESCRIPTION         
other institutions. The vertical total electron content     DESCRIPTION         
(VTEC) is modeled in a solar-geomagnetic reference frame    DESCRIPTION         
using a spherical harmonics expansion up to degree and      DESCRIPTION         
order 15. Piece-wise linear functions are used for          DESCRIPTION         
representation in the time domain. The time spacing of      DESCRIPTION         
their vertices is 1 hour, conforming with the epochs of the DESCRIPTION         
VTEC maps.                                                  DESCRIPTION         
To convert line-of-sight TEC into vertical TEC, a modified  DESCRIPTION         
single-layer model mapping function approximating the JPL   DESCRIPTION         
extended slab model mapping function is adopted. The        DESCRIPTION         
mapping function is evaluated at geodetic satellite         DESCRIPTION         
elevation angles. For the computation of the ionospheric    DESCRIPTION         
pierce points, a spherical layer with a radius of 6821 km   DESCRIPTION         
is assumed, implying geocentric, not geodetic IONEX         DESCRIPTION         
latitudes.                                                  DESCRIPTION         
Instrumental biases with respect to each involved GNSS code DESCRIPTION         
observable are estimated as constant values for each        DESCRIPTION         
day. They are modeled with one set of bias parameters for   DESCRIPTION         
each satellite and each station in case of GPS and for each DESCRIPTION         
satellite-station link in case of GLONASS. The code bias    DESCRIPTION         
datum is defined by zero-mean conditions imposed on the     DESCRIPTION         
satellite bias estimates. In this file, just GPS C1W-C2W    DESCRIPTION         
satellite and station bias values are included. The         DESCRIPTION         
complete set of GNSS code bias results is provided in an    DESCRIPTION         
additional Bias-SINEX file as pseudo-absolute values        DESCRIPTION         
specific to each observable.                                DESCRIPTION         
Note: These GIM results correspond to the results for the   DESCRIPTION         
middle day of a 3-day combination analysis solving for 73   DESCRIPTION         
times 256, or 18688 VTEC parameters and 3 daily sets of     DESCRIPTION         
GNSS code bias parameters.                                  DESCRIPTION         
Contact address: code(at)aiub.unibe.ch                      DESCRIPTION         
Data archive:    ftp.aiub.unibe.ch/CODE/                    DESCRIPTION         
                 www.aiub.unibe.ch/download/CODE/           DESCRIPTION         
  2025     3    22     0     0     0                        EPOCH OF FIRST MAP  
  2025     3    23     0     0     0                        EPOCH OF LAST MAP   
  3600                                                      INTERVAL            
[...]
badg bake bako barh bjfs bndy boav bogo bogt bor1 braz brft COMMENT             
brst brux cags cas1 ccj2 cedu chpg chti ckis coco cord cpvg COMMENT             
cpxf cro1 daej darw dav1 dgar dhlg drao dubo faa1 fair flin COMMENT             
flrs frdn func ganp glps glsv gode gol2 gold gope gras graz COMMENT             
guam guug harb hers hert hlfx hnpt hob2 hofn holb hrao hyde COMMENT             
iddr ieng iisc impz ineg invk iqal irkj jog2 joz2 karr kerg COMMENT             
kir0 kiri kiru kit3 kokb kokv koug kour krgg lama laut lmmf COMMENT             
lpal lpgs mac1 madr mal2 mana mas1 mat1 mate maui maw1 mcil COMMENT             
mcm4 mdo1 medi mgue mizu mkea mnls mobs morp mqzg mro1 mtka COMMENT             
nano naur nico nist nium nklg nlib nnor nrc1 ntus nya1 nyal COMMENT             
onsa opmt ous2 pado parc park pdel penc pert pie1 pimo pohn COMMENT             
pol2 polv pots pove ptag ptbb ptvl qaq1 quin rabt ramo reun COMMENT             
reyk rgdg rio2 roth salu samo sant savo sch2 scor scrz sctb COMMENT             
scub seyg sfer sofi spt0 ssia sthl stjo stk2 str2 suth sutm COMMENT             
suwn sydn syog tash thtg thti thu2 tid1 tidb tlse tn22 tong COMMENT             
tow2 tro1 tskb twtf txes uclu ufpr ulab unb3 unbj unsa urum COMMENT             
usn7 usud vald vill vtsp wab1 wab2 whit will wind wsrt wtza COMMENT             
wtzr wtzs wtzz wuhn xmis yar2 yar3 yarr yell ykro zeck zim2 COMMENT             
zim3 zimm                                                   COMMENT             
                                                            END OF HEADER       
[from data line 2574]
     7                                                      START OF TEC MAP    
  2025     3    22     6     0     0                        EPOCH OF CURRENT MAP
    87.5-180.0 180.0   5.0 450.0                            LAT/LON1/LON2/DLON/H
    8    8    8    8    9   10   11   13   14   16   18   20   22   24   26   28
   30   32   33   35   37   38   40   41   42   43   45   46   47   48   49   50
   51   52   53   54   55   56   57   58   58   59   59   60   60   60   60   59
   59   58   57   56   54   52   50   48   46   43   40   37   34   31   28   25
   22   20   17   15   13   11   10    9    8
    85.0-180.0 180.0   5.0 450.0                            LAT/LON1/LON2/DLON/H
    0    0    0    0    0    0    0    3    7   12   17   21   25   30   33   37
   40   42   44   46   48   49   50   51   52   53   54   55   56   57   59   61
   63   65   67   69   72   74   77   80   82   85   87   89   92   94   95   97
   98   98   98   98   96   94   92   88   83   78   72   65   58   50   42   34
   26   18   11    5    0    0    0    0    0
    82.5-180.0 180.0   5.0 450.0                            LAT/LON1/LON2/DLON/H
    0    0    0    0    0    0    0    3   11   19   26   32   38   44   48   51
   54   56   57   58   58   58   57   56   56   55   55   56   56   58   60   63
   66   69   73   78   83   87   92   97  102  108  113  118  123  129  134  139
  144  148  152  155  157  157  156  153  148  141  132  122  110   97   82   67
   52   37   23   10    0    0    0    0    0
    80.0-180.0 180.0   5.0 450.0                            LAT/LON1/LON2/DLON/H
    0    0    0    0    0    0    5   15   24   33   41   49   55   60   63   65
   66   66   66   64   62   59   57   54   52   50   48   48   49   51   53   57
   62   68   75   82   89   96  104  111  119  126  134  142  151  160  169  180
  190  200  210  219  227  233  236  237  234  228  219  206  190  171  150  127
  104   80   58   37   19    3    0    0    0
    77.5-180.0 180.0   5.0 450.0                            LAT/LON1/LON2/DLON/H
    0    0    0    0    5   14   24   33   43   52   59   65   69   72   73   73
   72   70   67   64   60   55   51   47   43   40   38   37   38   40   44   50
   57   65   75   84   94  104  113  122  131  140  149  159  171  183  197  213
  229  247  264  281  297  311  321  328  331  329  321  308  290  268  241  211
  179  146  115   85   59   37   19    6    0
    75.0-180.0 180.0   5.0 450.0                            LAT/LON1/LON2/DLON/H
   36   29   26   28   33   39   47   56   63   70   75   78   79   78   76   74
   71   67   63   59   55   50   45   40   36   32   30   29   30   33   38   46
   54   65   76   88  100  111  121  131  140  149  159  169  182  197  215  236
  258  283  308  333  357  379  398  413  422  426  423  413  395  371  341  306
  268  228  188  151  118   89   65   48   36
    72.5-180.0 180.0   5.0 450.0                            LAT/LON1/LON2/DLON/H
   86   74   67   64   64   67   71   76   81   84   85   85   82   78   73   69
   64   61   57   54   51   47   44   40   36   33   31   31   32   35   40   48
   57   69   81   94  107  118  129  138  146  154  163  174  187  204  225  249
  277  307  338  370  400  429  454  475  491  502  505  500  487  465  435  399
  357  312  268  225  186  152  124  102   86
    70.0-180.0 180.0   5.0 450.0                            LAT/LON1/LON2/DLON/H
  142  125  111  101   94   91   90   91   92   92   90   87   81   74   67   61
   57   55   54   53   53   52   50   48   45   44   43   43   45   48   52   58
   67   77   89  102  114  125  135  143  150  157  165  175  190  208  231  259
  290  323  358  392  424  455  483  507  528  544  554  556  550  534  508  474
  432  387  340  296  255  219  189  163  142
    67.5-180.0 180.0   5.0 450.0                            LAT/LON1/LON2/DLON/H
  198  174  153  133  118  106   99   96   95   93   91   85   78   70   62   56
   53   53   56   59   61   63   63   63   63   63   64   65   67   68   71   74
   79   87   97  109  120  130  139  146  152  158  166  177  193  214  240  270
  303  337  371  403  433  460  484  507  528  546  562  573  575  568  549  520
  483  440  396  353  314  280  250  223  198
    65.0-180.0 180.0   5.0 450.0                            LAT/LON1/LON2/DLON/H
  249  219  189  159  133  113  100   93   90   89   87   83   76   68   60   55
   54   57   63   70   75   79   80   81   83   85   88   91   92   93   92   91
   92   96  103  113  123  132  140  146  152  159  169  183  202  227  256  288
  322  355  386  413  435  452  467  481  496  514  533  550  562  565  556  535
  504  467  429  391  358  328  302  276  249
    62.5-180.0 180.0   5.0 450.0                            LAT/LON1/LON2/DLON/H
  291  258  220  180  143  114   94   84   81   82   83   81   76   69   62   59
   60   65   74   83   90   94   96   97   99  102  108  113  115  113  109  103
  100  100  105  113  122  131  138  144  151  160  174  194  220  250  283  318
  353  384  410  428  439  442  442  442  448  460  478  500  520  532  533  521
  498  468  437  408  382  361  341  319  291
    60.0-180.0 180.0   5.0 450.0                            LAT/LON1/LON2/DLON/H
  326  291  248  200  154  117   91   77   73   75   79   80   78   73   68   66
   68   75   85   95  102  105  105  104  105  110  118  125  128  125  118  108
  100   97  101  109  119  127  134  141  149  163  184  212  246  283  322  360
  395  425  446  456  454  442  425  408  398  401  415  438  463  482  491  487
  471  449  426  405  390  379  367  351  326
    57.5-180.0 180.0   5.0 450.0                            LAT/LON1/LON2/DLON/H
  355  322  277  225  174  129   97   78   72   74   79   82   83   80   77   74
   76   82   92  101  108  109  106  102  101  106  115  124  129  126  116  103
   93   90   94  104  115  124  131  138  150  169  198  236  279  325  370  412
  448  477  495  498  487  461  427  392  366  355  361  381  407  431  444  446
  436  420  404  392  386  384  382  374  355
    55.0-180.0 180.0   5.0 450.0                            LAT/LON1/LON2/DLON/H
  378  351  310  260  206  158  120   95   83   81   84   88   90   90   87   83
   83   87   94  103  108  107  101   94   90   93  102  113  120  117  106   92
   82   81   88  101  114  123  130  138  153  179  217  265  318  372  422  467
  505  535  552  554  537  502  454  403  360  335  331  344  367  390  405  408
  402  392  381  376  377  383  389  389  378
    52.5-180.0 180.0   5.0 450.0                            LAT/LON1/LON2/DLON/H
  396  379  347  303  253  205  163  131  110   99   96   98  101  102  100   95
   90   89   93  100  105  104   96   85   77   77   86   98  105  104   94   81
   72   74   86  103  118  128  134  142  160  192  238  296  358  419  474  522
  562  593  613  617  601  562  507  444  387  347  330  334  349  367  379  383
  379  372  366  366  371  381  392  399  396
    50.0-180.0 180.0   5.0 450.0                            LAT/LON1/LON2/DLON/H
  409  402  382  350  309  264  220  181  150  127  115  112  115  118  118  111
  102   95   94   99  104  105   96   83   71   67   73   84   93   93   85   74
   69   75   91  111  128  138  144  152  172  209  263  328  397  463  521  570
  612  646  671  681  670  635  578  509  442  390  359  350  355  365  371  373
  370  366  364  365  371  381  393  404  409
    47.5-180.0 180.0   5.0 450.0                            LAT/LON1/LON2/DLON/H
  414  417  410  391  362  325  283  239  197  162  139  131  134  141  143  137
  122  108  101  104  111  114  108   94   78   69   72   81   91   92   87   78
   76   85  104  127  144  154  159  168  190  232  290  360  433  501  560  610
  652  689  719  737  737  711  659  590  517  455  412  389  381  379  378  377
  375  374  375  377  381  386  395  405  414
    45.0-180.0 180.0   5.0 450.0                            LAT/LON1/LON2/DLON/H
  413  421  422  415  398  371  334  290  241  196  165  151  156  169  178  173
  156  134  120  120  129  137  134  119  100   87   85   93  102  106  102   96
   96  105  124  146  163  172  178  189  214  259  320  391  464  533  591  641
  682  720  754  782  794  781  740  675  601  532  479  443  421  407  397  391
  390  393  398  400  399  397  398  404  413
    42.5-180.0 180.0   5.0 450.0                            LAT/LON1/LON2/DLON/H
  407  413  416  414  406  389  361  322  273  224  186  171  179  201  219  221
  203  176  155  151  160  170  170  156  135  119  113  119  128  133  131  126
  125  132  147  166  181  191  199  214  243  290  351  420  491  557  615  662
  703  740  777  813  838  840  812  757  686  615  553  506  470  443  424  413
  413  419  427  429  424  414  406  404  407
    40.0-180.0 180.0   5.0 450.0                            LAT/LON1/LON2/DLON/H
  403  400  396  390  382  372  355  325  283  237  200  186  200  232  264  275
  262  232  206  196  202  212  213  200  178  159  152  156  165  171  170  164
  159  160  170  184  197  209  221  242  276  324  383  447  512  575  631  678
  716  751  789  830  867  885  874  831  768  697  631  574  527  487  458  442
  440  449  459  462  453  437  420  409  403
    37.5-180.0 180.0   5.0 450.0                            LAT/LON1/LON2/DLON/H
  410  392  371  350  335  325  316  299  270  234  203  193  214  258  304  331
  326  299  268  251  251  257  256  242  220  201  194  197  207  213  212  203
  193  186  188  196  209  224  244  272  311  359  413  470  529  588  643  688
  724  755  792  837  885  919  925  897  844  778  711  648  591  540  501  477
  472  480  491  495  485  466  445  426  410
    35.0-180.0 180.0   5.0 450.0                            LAT/LON1/LON2/DLON/H
  436  401  358  314  281  264  258  254  240  218  196  193  220  274  335  379
  388  367  335  311  301  299  292  276  254  238  231  235  244  250  248  237
  220  206  199  204  218  239  267  303  346  394  442  491  542  597  651  696
  729  757  791  839  896  945  968  957  916  858  794  729  665  605  556  523
  510  514  524  528  521  504  483  462  436
    32.5-180.0 180.0   5.0 450.0                            LAT/LON1/LON2/DLON/H
  490  441  375  304  247  214  204  207  208  199  188  189  219  279  353  414
  440  430  399  369  348  334  318  298  278  265  260  264  271  276  273  259
  238  217  205  208  225  253  289  332  379  425  468  509  553  604  657  702
  733  757  789  839  905  968 1007 1012  986  939  881  816  749  683  624  580
  557  552  558  563  560  551  537  520  490
    30.0-180.0 180.0   5.0 450.0                            LAT/LON1/LON2/DLON/H
  572  517  433  339  256  203  182  183  191  193  188  191  218  278  359  434
  477  480  454  420  388  361  336  312  293  282  279  281  285  287  283  268
  245  222  208  212  234  269  312  359  407  453  491  526  564  611  663  707
  736  758  788  842  915  989 1042 1063 1052 1017  968  909  842  772  705  650
  614  598  598  602  606  607  606  599  572
    27.5-180.0 180.0   5.0 450.0                            LAT/LON1/LON2/DLON/H
  678  626  538  430  327  252  213  203  208  213  211  209  228  280  360  443
  499  514  496  460  422  384  351  322  303  293  288  286  285  283  279  266
  245  222  210  218  246  288  334  383  431  475  512  542  576  619  669  712
  740  760  791  847  927 1009 1073 1105 1108 1088 1050  999  936  866  795  730
  681  654  646  650  659  671  685  693  678
    25.0-180.0 180.0   5.0 450.0                            LAT/LON1/LON2/DLON/H
  795  758  679  572  461  369  308  279  271  270  264  255  260  297  366  447
  509  534  523  491  449  407  368  336  316  303  294  284  275  270  266  257
  240  221  214  228  262  307  355  403  450  494  530  560  591  630  676  717
  744  765  798  858  941 1027 1095 1135 1150 1143 1118 1077 1022  956  884  814
  755  718  704  707  720  741  768  792  795
    22.5-180.0 180.0   5.0 450.0                            LAT/LON1/LON2/DLON/H
  905  892  836  747  643  543  462  408  380  366  352  332  321  337  388  456
  514  542  538  511  474  433  393  360  337  319  301  280  262  253  251  248
  237  224  222  241  280  327  374  419  465  509  548  579  608  644  685  723
  750  773  810  872  955 1039 1106 1149 1171 1176 1163 1134 1090 1034  967  896
  833  790  772  774  788  813  848  884  905
    20.0-180.0 180.0   5.0 450.0                            LAT/LON1/LON2/DLON/H
  994 1006  982  924  841  745  650  572  521  492  467  438  411  405  431  478
  522  545  543  525  497  463  428  395  368  342  312  280  254  241  241  243
  238  230  233  256  297  345  390  432  476  522  565  599  627  659  695  730
  758  785  826  890  970 1047 1105 1144 1169 1183 1182 1166 1135 1091 1035  970
  908  865  846  848  861  883  916  958  994
    17.5-180.0 180.0   5.0 450.0                            LAT/LON1/LON2/DLON/H
 1049 1081 1090 1069 1017  935  835  740  669  626  595  560  521  495  495  515
  537  547  544  534  518  496  469  439  408  373  331  288  254  240  242  248
  247  242  246  269  311  358  401  441  484  533  580  617  645  672  704  737
  767  799  845  911  985 1050 1095 1125 1149 1168 1177 1173 1157 1129 1086 1032
  977  938  923  925  934  947  970 1007 1049
    15.0-180.0 180.0   5.0 450.0                            LAT/LON1/LON2/DLON/H
 1067 1107 1140 1153 1134 1074  980  877  795  745  713  678  635  595  571  563
  558  551  543  537  534  527  510  484  450  407  355  305  268  253  256  262
  262  255  257  279  319  365  407  446  491  542  592  630  657  681  709  740
  774  813  866  932 1000 1052 1082 1101 1119 1140 1157 1164 1161 1149 1123 1082
 1037 1005  995  999 1003 1003 1009 1030 1067
    12.5-180.0 180.0   5.0 450.0                            LAT/LON1/LON2/DLON/H
 1054 1088 1128 1162 1169 1133 1053  954  871  823  797  771  732  686  645  613
  583  557  539  535  542  547  541  520  485  437  382  329  293  278  280  284
  280  269  266  282  319  364  408  449  495  547  597  636  661  682  707  740
  778  825  884  953 1016 1057 1073 1080 1093 1113 1134 1149 1159 1161 1150 1121
 1086 1062 1058 1064 1062 1049 1035 1035 1054
    10.0-180.0 180.0   5.0 450.0                            LAT/LON1/LON2/DLON/H
 1025 1037 1066 1101 1122 1104 1041  956  883  845  833  820  791  748  700  652
  603  560  532  526  536  549  551  536  504  458  406  358  326  313  311  308
  296  278  268  279  312  358  405  449  496  546  595  632  656  675  699  734
  777  831  898  971 1033 1068 1076 1074 1081 1099 1122 1143 1161 1174 1173 1153
 1125 1107 1107 1114 1109 1086 1054 1031 1025
     7.5-180.0 180.0   5.0 450.0                            LAT/LON1/LON2/DLON/H
  997  978  977  993 1010 1001  955  888  833  811  814  816  801  768  723  670
  611  556  518  506  514  529  535  527  502  465  423  386  361  349  341  328
  307  281  264  269  299  346  398  447  494  541  585  619  641  660  685  721
  769  830  903  982 1049 1085 1092 1088 1091 1106 1129 1153 1176 1194 1197 1180
 1153 1136 1137 1145 1140 1113 1072 1030  997
     5.0-180.0 180.0   5.0 450.0                            LAT/LON1/LON2/DLON/H
  986  934  894  875  871  858  823  775  740  734  750  765  763  743  707  660
  602  543  498  477  477  487  495  493  480  457  431  408  391  378  362  338
  307  276  254  255  283  333  390  443  489  531  569  599  622  641  667  704
  754  819  898  985 1060 1105 1119 1117 1120 1135 1156 1180 1203 1220 1221 1201
 1170 1149 1148 1156 1154 1131 1090 1041  986
     2.5-180.0 180.0   5.0 450.0                            LAT/LON1/LON2/DLON/H
 1003  923  844  784  748  722  690  655  636  642  664  684  690  681  659  624
  576  520  471  440  428  430  437  443  443  438  429  421  411  394  368  334
  296  262  239  238  266  318  380  437  482  518  551  579  602  623  649  684
  733  798  881  975 1062 1121 1147 1154 1160 1174 1195 1218 1237 1247 1240 1212
 1174 1146 1140 1146 1149 1138 1110 1066 1003
