ionex_files/COD0OPSFIN_20250850000_01D_01H_GIM.INX
     1.0            IONOSPHERE MAPS     GNSS                IONEX VERSION / TYPE
ADDNEQ2 V5.5        AIUB                30-MAR-25 18:56     PGM / RUN BY / DATE 
CODE'S GLOBAL IONOSPHERE MAPS FOR DAY 085, 2025             COMMENT             
Global ionosphere maps (GIM) are generated on a daily basis DESCRIPTION         
at CODE using data from about 300 GNSS sites of the IGS and DESCRIPTION         
other institutions. The vertical total electron content     DESCRIPTION         
(VTEC) is modeled in a solar-geomagnetic reference frame    DESCRIPTION         
using a spherical harmonics expansion up to degree and      DESCRIPTION         
order 15. Piece-wise linear functions are used for          DESCRIPTION         
representation in the time domain. The time spacing of      DESCRIPTION         
their vertices is 1 hour, conforming with the epochs of the DESCRIPTION         
VTEC maps.                                                  DESCRIPTION         
To convert line-of-sight TEC into vertical TEC, a modified  DESCRIPTION         
single-layer model mapping function approximating the JPL   DESCRIPTION         
extended slab model mapping function is adopted. The        DESCRIPTION         
mapping function is evaluated at geodetic satellite         DESCRIPTION         
elevation angles. For the computation of the ionospheric    DESCRIPTION         
pierce points, a spherical layer with a radius of 6821 km   DESCRIPTION         
is assumed, implying geocentric, not geodetic IONEX         DESCRIPTION         
latitudes.                                                  DESCRIPTION         
Instrumental biases with respect to each involved GNSS code DESCRIPTION         
observable are estimated as constant values for each        DESCRIPTION         
day. They are modeled with one set of bias parameters for   DESCRIPTION         
each satellite and each station in case of GPS and for each DESCRIPTION         
satellite-station link in case of GLONASS. The code bias    DESCRIPTION         
datum is defined by zero-mean conditions imposed on the     DESCRIPTION         
satellite bias estimates. In this file, just GPS C1W-C2W    DESCRIPTION         
satellite and station bias values are included. The         DESCRIPTION         
complete set of GNSS code bias results is provided in an    DESCRIPTION         
additional Bias-SINEX file as pseudo-absolute values        DESCRIPTION         
specific to each observable.                                DESCRIPTION         
Note: These GIM results correspond to the results for the   DESCRIPTION         
middle day of a 3-day combination analysis solving for 73   DESCRIPTION         
times 256, or 18688 VTEC parameters and 3 daily sets of     DESCRIPTION         
GNSS code bias parameters.                                  DESCRIPTION         
Contact address: code(at)aiub.unibe.ch                      DESCRIPTION         
Data archive:    ftp.aiub.unibe.ch/CODE/                    DESCRIPTION         
                 www.aiub.unibe.ch/download/CODE/           DESCRIPTION         
  2025     3    26     0     0     0                        EPOCH OF FIRST MAP  
  2025     3    27     0     0     0                        EPOCH OF LAST MAP   
  3600                                                      INTERVAL            
[...]
abpo adis albh algo alic amu2 antc areg areq ascg aspa auck COMMENT             
azgb badg bake barh bjfs bndy boav bogo bogt bor1 braz brft COMMENT             
brst brux cags cas1 ccj2 cedu chpg chti chur ckis coco cord COMMENT             
cpvg cpxf cro1 daej darw dav1 dgar dhlg drao dubo ebre faa1 COMMENT             
fair flin flrs frdn func ganp glps glsv gode gol2 gold gope COMMENT             
gras graz guam guug harb hers hert hlfx hnpt hob2 hofn holb COMMENT             
hrao hyde iddr ieng iisc impz ineg invk iqal irkj jog2 joz2 COMMENT             
karr kerg kir0 kiri kiru kit3 kokb kokv koug kour krgg lama COMMENT             
laut lmmf lpal lpgs mac1 madr mana mas1 mat1 mate maui maw1 COMMENT             
mcil mcm4 mdo1 medi mgue mizu mkea mnls mobs morp mqzg mro1 COMMENT             
mtka nano naur nico nist nium nklg nlib nnor nrc1 ntus nya1 COMMENT             
nyal onsa opmt ous2 pado parc park penc pert pie1 pimo pohn COMMENT             
pol2 pots pove ptag ptbb ptvl qaq1 quin rabt ramo reun reyk COMMENT             
rgdg rio2 roth salu samo sant savo sch2 scor scrz sctb scub COMMENT             
seyg sfer spt0 ssia sthl stjo stk2 str2 suth sutm suwn sydn COMMENT             
syog tash thtg thti thu2 tid1 tidb tlse tn22 tong tow2 tro1 COMMENT             
tskb twtf txes uclu ufpr ulab unb3 unbj unsa urum usn7 usud COMMENT             
vald vill vtsp wab1 wab2 whit will wind wsrt wtza wtzr wtzs COMMENT             
wtzz wuhn xmis yar2 yarr yell ykro zeck zim2 zim3 zimm      COMMENT             
                                                            END OF HEADER       
[from data line 5577]
    14                                                      START OF TEC MAP    
  2025     3    26    13     0     0                        EPOCH OF CURRENT MAP
    87.5-180.0 180.0   5.0 450.0                            LAT/LON1/LON2/DLON/H
  142  145  148  151  154  157  161  164  168  171  174  177  180  182  184  186
  188  189  190  190  191  190  190  189  188  187  186  184  182  180  178  176
  174  172  171  169  167  165  164  162  161  159  158  157  156  156  155  154
  153  152  151  150  149  148  147  146  144  143  141  140  139  137  136  136
  135  135  135  135  136  137  138  140  142
    85.0-180.0 180.0   5.0 450.0                            LAT/LON1/LON2/DLON/H
  106  112  118  126  134  142  151  159  168  176  183  190  197  202  206  210
  212  214  215  215  214  213  211  209  206  202  199  195  190  186  182  177
  173  169  165  161  157  154  152  150  148  147  147  147  148  149  150  151
  153  154  154  154  153  152  150  147  143  139  134  128  123  117  112  107
  103   99   97   95   95   96   98  101  106
    82.5-180.0 180.0   5.0 450.0                            LAT/LON1/LON2/DLON/H
   64   73   83   95  108  122  137  151  165  177  189  200  208  216  222  226
  228  230  230  229  227  224  221  217  213  208  203  198  193  187  181  175
  169  163  156  151  145  141  137  134  132  132  133  136  140  145  151  158
  164  170  174  178  180  179  177  172  166  157  147  136  124  111   99   88
   77   68   60   55   52   51   53   57   64
    80.0-180.0 180.0   5.0 450.0                            LAT/LON1/LON2/DLON/H
   29   39   52   68   85  104  122  141  159  175  190  202  212  220  226  230
  232  232  231  229  226  223  219  215  212  208  204  200  195  190  185  179
  173  166  158  151  143  135  129  124  121  121  123  128  136  146  158  171
  185  198  210  219  225  227  225  220  210  198  182  164  145  125  105   86
   68   53   39   29   22   18   18   22   29
    77.5-180.0 180.0   5.0 450.0                            LAT/LON1/LON2/DLON/H
   14   23   36   52   71   91  112  133  152  170  185  197  207  214  218  221
  221  220  219  216  214  211  209  207  206  205  205  204  204  203  201  198
  193  187  179  170  159  149  138  129  123  119  120  126  136  151  169  190
  212  234  253  269  280  285  285  279  267  251  230  207  182  157  131  107
   84   63   46   31   19   12    8    9   14
    75.0-180.0 180.0   5.0 450.0                            LAT/LON1/LON2/DLON/H
   24   29   39   52   69   89  109  128  146  162  176  186  194  199  201  202
  201  200  198  196  195  194  195  197  200  204  209  215  220  225  229  231
  231  228  221  211  199  184  168  154  141  132  130  133  144  161  184  211
  240  268  294  316  331  340  340  334  320  302  279  253  226  199  172  147
  124  102   83   65   50   38   29   25   24
    72.5-180.0 180.0   5.0 450.0                            LAT/LON1/LON2/DLON/H
   60   57   60   68   80   95  112  128  142  154  164  171  176  178  179  178
  177  175  174  174  175  177  182  188  197  206  218  230  243  255  266  276
  282  284  281  272  258  240  219  198  177  161  152  151  159  175  200  230
  262  295  325  349  366  376  376  369  354  335  312  287  262  238  217  197
  180  163  146  129  112   95   80   68   60
    70.0-180.0 180.0   5.0 450.0                            LAT/LON1/LON2/DLON/H
  111   99   93   94   99  109  120  130  139  147  152  155  156  156  156  155
  153  153  153  154  158  164  172  183  196  211  228  246  266  286  306  323
  337  346  348  343  330  310  285  257  229  205  187  179  182  195  217  245
  277  309  338  361  377  384  383  374  359  340  318  298  279  264  252  243
  237  230  221  208  191  171  149  128  111
    67.5-180.0 180.0   5.0 450.0                            LAT/LON1/LON2/DLON/H
  162  140  126  120  120  124  129  134  137  139  140  139  138  138  137  136
  136  136  137  140  145  154  165  179  195  214  235  259  285  312  340  366
  388  405  414  414  404  384  357  324  290  258  233  217  213  220  236  259
  285  311  334  351  361  363  359  348  332  315  297  282  271  266  266  272
  279  286  288  282  268  246  218  189  162
    65.0-180.0 180.0   5.0 450.0                            LAT/LON1/LON2/DLON/H
  198  169  150  139  135  135  136  136  135  132  128  126  124  124  124  124
  124  125  127  131  138  147  160  176  194  215  238  265  296  329  363  397
  428  452  469  475  469  452  425  391  353  316  285  263  252  251  259  272
  289  305  317  325  326  322  313  301  285  270  256  245  241  244  256  273
  295  315  329  332  322  300  268  232  198
    62.5-180.0 180.0   5.0 450.0                            LAT/LON1/LON2/DLON/H
  209  177  156  145  140  139  138  135  130  124  118  114  113  114  116  118
  119  120  122  126  133  143  157  172  190  211  235  264  298  336  376  417
  454  486  509  521  520  507  483  450  412  374  340  314  296  288  287  290
  294  297  297  293  286  275  263  249  235  221  210  202  201  207  224  249
  279  310  334  345  340  319  286  247  209
    60.0-180.0 180.0   5.0 450.0                            LAT/LON1/LON2/DLON/H
  192  163  145  137  135  136  135  130  122  114  107  104  105  109  113  117
  118  119  120  123  130  141  154  169  186  205  229  259  295  337  383  429
  471  507  534  550  554  546  527  498  463  427  393  366  345  331  321  313
  305  296  283  269  254  238  224  211  199  187  177  169  165  169  182  206
  238  273  302  320  319  301  268  230  192
    57.5-180.0 180.0   5.0 450.0                            LAT/LON1/LON2/DLON/H
  155  132  120  119  123  126  126  120  111  102   96   95   98  105  112  116
  118  119  119  122  130  141  154  169  184  201  224  254  293  339  389  438
  483  520  548  566  573  570  556  533  503  472  442  415  394  376  360  343
  325  305  284  262  242  224  209  199  190  181  171  160  149  143  146  160
  186  217  246  265  267  252  222  187  155
    55.0-180.0 180.0   5.0 450.0                            LAT/LON1/LON2/DLON/H
  109   95   93   99  108  114  114  108   98   89   84   85   91  101  109  116
  118  119  119  123  132  145  159  173  187  202  223  254  296  346  400  452
  496  531  557  574  582  582  573  556  533  508  483  460  439  420  400  378
  354  328  301  276  253  236  223  215  210  205  195  180  161  142  129  128
  139  160  183  199  201  188  163  134  109
    52.5-180.0 180.0   5.0 450.0                            LAT/LON1/LON2/DLON/H
   70   65   72   85   97  104  103   96   85   77   73   76   85   95  106  113
  117  118  121  127  138  154  170  185  197  211  231  263  308  362  419  471
  513  544  564  578  585  587  583  572  555  535  515  496  477  458  436  413
  386  359  332  307  285  268  257  252  251  248  239  222  197  167  139  121
  115  122  134  143  142  130  109   86   70
    50.0-180.0 180.0   5.0 450.0                            LAT/LON1/LON2/DLON/H
   50   53   65   81   94   99   95   85   74   67   65   70   79   90  101  109
  115  119  125  134  149  168  186  202  214  227  248  281  329  386  445  496
  534  559  573  582  588  591  590  583  571  555  539  522  505  486  465  442
  418  393  369  346  325  309  298  294  294  294  288  273  246  210  173  142
  121  113  113  113  107   93   75   58   50
    47.5-180.0 180.0   5.0 450.0                            LAT/LON1/LON2/DLON/H
   53   60   75   91  100  100   92   79   68   62   62   67   75   86   96  107
  116  124  132  145  163  185  206  223  236  249  270  305  355  414  473  522
  556  575  584  589  595  599  600  596  585  571  555  538  522  504  485  464
  444  424  403  383  362  344  330  323  322  324  322  313  291  259  221  185
  156  136  124  115  102   86   68   56   53
    45.0-180.0 180.0   5.0 450.0                            LAT/LON1/LON2/DLON/H
   77   85   98  110  113  106   93   77   67   63   65   70   77   85   95  107
  120  133  145  160  180  203  226  245  259  274  296  332  383  442  500  546
  576  591  597  602  608  614  617  612  601  585  567  549  531  513  495  478
  463  447  430  410  387  363  343  330  326  328  331  330  319  299  270  238
  208  183  163  145  126  106   88   78   77
    42.5-180.0 180.0   5.0 450.0                            LAT/LON1/LON2/DLON/H
  113  119  128  133  129  115   97   81   71   71   75   80   84   89   99  113
  131  148  164  180  198  221  245  266  282  299  322  359  409  466  521  564
  592  607  615  622  631  640  642  636  622  601  579  558  538  520  503  489
  477  465  450  428  400  369  340  320  309  309  314  321  323  318  305  285
  262  238  214  190  167  144  125  114  113
    40.0-180.0 180.0   5.0 450.0                            LAT/LON1/LON2/DLON/H
  150  152  155  153  143  125  104   87   81   84   92   97   98  100  108  125
  148  171  188  203  219  240  263  286  305  325  350  386  433  486  537  578
  608  627  640  653  666  676  679  670  651  625  599  574  551  532  516  504
  495  485  468  443  409  370  334  306  289  284  287  297  309  318  321  316
  303  284  261  236  209  185  165  154  150
    37.5-180.0 180.0   5.0 450.0                            LAT/LON1/LON2/DLON/H
  179  177  174  167  153  132  111   97   94  101  112  117  116  114  122  143
  171  198  217  230  243  261  284  308  331  353  379  414  456  504  551  593
  627  654  676  696  714  725  726  713  690  660  630  603  579  559  544  533
  526  515  497  467  428  385  345  312  290  277  273  278  290  306  320  327
  324  312  292  267  240  216  197  185  179
    35.0-180.0 180.0   5.0 450.0                            LAT/LON1/LON2/DLON/H
  195  189  182  172  158  139  120  107  107  118  131  138  135  131  139  163
  196  227  248  260  271  287  311  337  363  387  414  446  484  526  571  615
  657  694  727  754  774  785  783  767  740  708  677  650  626  606  592  583
  576  566  545  514  474  431  392  359  333  311  294  286  287  298  312  323
  326  318  301  278  254  232  214  203  195
    32.5-180.0 180.0   5.0 450.0                            LAT/LON1/LON2/DLON/H
  199  191  182  173  161  146  129  118  119  132  147  155  151  147  155  182
  219  255  278  292  304  322  348  377  405  431  458  487  520  557  601  650
  701  750  792  823  843  851  846  827  800  770  741  716  694  677  664  657
  651  640  621  590  554  516  483  455  427  397  365  336  316  310  314  319
  319  311  294  273  252  233  218  208  199
    30.0-180.0 180.0   5.0 450.0                            LAT/LON1/LON2/DLON/H
  198  189  180  174  167  156  141  130  129  141  157  165  162  158  167  196
  237  277  305  324  341  365  395  427  457  483  509  536  566  601  645  701
  762  821  868  900  916  919  911  892  868  843  819  799  780  765  754  748
  744  736  720  695  665  637  613  591  564  528  480  428  384  354  337  328
  318  304  285  264  244  228  216  207  198
    27.5-180.0 180.0   5.0 450.0                            LAT/LON1/LON2/DLON/H
  201  191  183  179  178  171  157  142  136  145  160  169  166  162  171  202
  247  291  326  353  380  414  451  485  515  541  566  592  621  656  704  766
  835  900  948  975  985  983  973  957  939  921  905  890  875  861  852  848
  846  841  831  814  793  773  756  739  715  675  618  549  482  428  390  362
  338  314  290  266  245  229  218  210  201
    25.0-180.0 180.0   5.0 450.0                            LAT/LON1/LON2/DLON/H
  214  203  195  194  196  192  178  157  144  145  157  165  163  159  169  201
  247  295  338  376  416  461  506  543  572  597  623  651  681  719  771  838
  913  978 1022 1041 1043 1037 1028 1018 1008  999  990  980  966  953  943  940
  940  939  935  926  912  895  879  862  839  802  743  669  591  523  468  424
  387  352  320  291  266  246  234  224  214
    22.5-180.0 180.0   5.0 450.0                            LAT/LON1/LON2/DLON/H
  243  229  219  218  221  219  202  175  152  146  152  158  156  152  162  193
  240  291  341  391  445  502  552  589  617  642  671  705  741  784  840  910
  985 1046 1082 1091 1086 1078 1073 1071 1070 1069 1065 1057 1043 1027 1015 1010
 1011 1013 1013 1008  995  973  948  924  900  869  822  758  687  618  560  509
  463  421  381  344  312  286  268  255  243
    20.0-180.0 180.0   5.0 450.0                            LAT/LON1/LON2/DLON/H
  285  267  253  248  250  247  227  195  165  150  149  151  148  144  154  184
  230  283  338  398  463  528  581  617  643  671  707  750  796  844  903  973
 1043 1097 1122 1122 1113 1107 1109 1116 1123 1126 1124 1113 1095 1074 1058 1049
 1048 1049 1050 1043 1023  986  941  902  875  856  831  794  746  696  648  603
  558  512  466  423  382  347  321  302  285
    17.5-180.0 180.0   5.0 450.0                            LAT/LON1/LON2/DLON/H
  338  314  292  281  278  273  253  218  182  160  153  150  144  140  149  178
  222  274  333  398  470  538  590  623  648  680  727  784  840  895  955 1020
 1083 1127 1142 1136 1126 1126 1137 1152 1163 1166 1161 1144 1119 1092 1069 1055
 1048 1045 1041 1027  992  932  861  800  769  764  770  770  758  740  717  689
  653  610  563  514  465  421  386  361  338
    15.0-180.0 180.0   5.0 450.0                            LAT/LON1/LON2/DLON/H
  394  363  332  311  302  294  275  241  205  179  165  157  147  142  151  178
  220  271  330  397  469  534  580  608  633  674  734  806  874  934  992 1051
 1105 1139 1147 1140 1134 1142 1161 1180 1190 1189 1177 1152 1119 1084 1055 1034
 1020 1008  995  969  915  830  730  649  613  624  661  700  730  748  757  752
  731  697  653  603  549  497  455  423  394
    12.5-180.0 180.0   5.0 450.0                            LAT/LON1/LON2/DLON/H
  450  411  369  336  318  308  292  263  230  203  185  172  159  153  161  188
  228  276  333  398  466  523  560  582  609  659  734  820  899  962 1016 1067
 1112 1139 1145 1141 1143 1159 1183 1201 1206 1197 1175 1142 1102 1062 1028 1001
  978  957  932  893  821  714  592  496  458  484  546  616  678  728  764  783
  779  756  719  672  618  564  519  484  450
    10.0-180.0 180.0   5.0 450.0                            LAT/LON1/LON2/DLON/H
  501  455  401  355  328  315  302  281  255  230  210  193  178  171  180  205
  244  290  345  405  466  512  540  557  586  645  733  831  916  979 1028 1072
 1110 1135 1144 1146 1157 1179 1203 1215 1211 1192 1162 1123 1079 1036 1001  971
  942  912  877  827  745  627  495  394  361  396  472  555  630  694  747  781
  791  779  750  711  663  614  571  537  501
     7.5-180.0 180.0   5.0 450.0                            LAT/LON1/LON2/DLON/H
  545  495  431  372  333  315  306  293  275  255  235  216  200  193  202  228
  265  311  363  419  472  509  529  542  574  640  737  841  928  989 1032 1070
 1105 1132 1146 1158 1175 1199 1218 1221 1205 1178 1143 1103 1059 1019  986  958
  928  893  853  799  717  602  477  385  360  400  472  545  608  664  715  753
  769  763  744  715  679  641  608  580  545
     5.0-180.0 180.0   5.0 450.0                            LAT/LON1/LON2/DLON/H
  582  531  459  388  338  314  306  299  287  273  256  237  221  215  225  250
  287  332  384  438  486  518  533  546  580  650  749  852  936  992 1030 1064
 1099 1129 1152 1172 1194 1215 1225 1215 1190 1157 1123 1086 1048 1015  990  969
  943  910  871  822  752  655  552  481  469  506  559  599  626  651  682  709
  721  718  705  688  668  647  629  611  582
     2.5-180.0 180.0   5.0 450.0                            LAT/LON1/LON2/DLON/H
  611  562  487  407  346  314  302  297  291  281  267  252  238  233  243  268
  305  350  402  457  504  536  552  569  605  673  766  862  939  989 1023 1055
 1090 1125 1155 1180 1202 1217 1215 1194 1162 1131 1102 1074 1046 1023 1010 1000
  985  961  931  895  844  776  706  664  665  694  714  705  678  656  653  659
  661  653  644  638  635  634  634  631  611
