ionex_files/COD0OPSFIN_20250860000_01D_01H_GIM.INX
     1.0            IONOSPHERE MAPS     GNSS                IONEX VERSION / TYPE
ADDNEQ2 V5.5        AIUB                31-MAR-25 19:01     PGM / RUN BY / DATE 
CODE'S GLOBAL IONOSPHERE MAPS FOR DAY 086, 2025             COMMENT             
Global ionosphere maps (GIM) are generated on a daily basis DESCRIPTION         
at CODE using data from about 300 GNSS sites of the IGS and DESCRIPTION         
other institutions. The vertical total electron content     DESCRIPTION         
(VTEC) is modeled in a solar-geomagnetic reference frame    DESCRIPTION         
using a spherical harmonics expansion up to degree and      DESCRIPTION         
order 15. Piece-wise linear functions are used for          DESCRIPTION         
representation in the time domain. The time spacing of      DESCRIPTION         
their vertices is 1 hour, conforming with the epochs of the DESCRIPTION         
VTEC maps.                                                  DESCRIPTION         
To convert line-of-sight TEC into vertical TEC, a modified  DESCRIPTION         
single-layer model mapping function approximating the JPL   DESCRIPTION         
extended slab model mapping function is adopted. The        DESCRIPTION         
mapping function is evaluated at geodetic satellite         DESCRIPTION         
elevation angles. For the computation of the ionospheric    DESCRIPTION         
pierce points, a spherical layer with a radius of 6821 km   DESCRIPTION         
is assumed, implying geocentric, not geodetic IONEX         DESCRIPTION         
latitudes.                                                  DESCRIPTION         
Instrumental biases with respect to each involved GNSS code DESCRIPTION         
observable are estimated as constant values for each        DESCRIPTION         
day. They are modeled with one set of bias parameters for   DESCRIPTION         
each satellite and each station in case of GPS and for each DESCRIPTION         
satellite-station link in case of GLONASS. The code bias    DESCRIPTION         
datum is defined by zero-mean conditions imposed on the     DESCRIPTION         
satellite bias estimates. In this file, just GPS C1W-C2W    DESCRIPTION         
satellite and station bias values are included. The         DESCRIPTION         
complete set of GNSS code bias results is provided in an    DESCRIPTION         
additional Bias-SINEX file as pseudo-absolute values        DESCRIPTION         
specific to each observable.                                DESCRIPTION         
Note: These GIM results correspond to the results for the   DESCRIPTION         
middle day of a 3-day combination analysis solving for 73   DESCRIPTION         
times 256, or 18688 VTEC parameters and 3 daily sets of     DESCRIPTION         
GNSS code bias parameters.                                  DESCRIPTION         
Contact address: code(at)aiub.unibe.ch                      DESCRIPTION         
Data archive:    ftp.aiub.unibe.ch/CODE/                    DESCRIPTION         
                 www.aiub.unibe.ch/download/CODE/           DESCRIPTION         
  2025     3    27     0     0     0                        EPOCH OF FIRST MAP  
  2025     3    28     0     0     0                        EPOCH OF LAST MAP   
  3600                                                      INTERVAL            
[...]
abpo adis albh algo alic amu2 areg areq ascg aspa auck azgb COMMENT             
badg bake barh bjfs bndy boav bogo bogt bor1 braz brft brst COMMENT             
brux cas1 ccj2 cedu chpg chti chur ckis coco cord cpvg cpxf COMMENT             
cro1 daej darw dav1 dgar dhlg drao dubo ebre faa1 fair flin COMMENT             
flrs frdn func ganp glps glsv gode gol2 gold gope gras graz COMMENT             
guam guug harb hers hert hlfx hnpt hob2 hofn holb hrao hyde COMMENT             
iddr ieng iisc impz ineg invk iqal irkj jog2 joz2 karr kerg COMMENT             
kir0 kiri kiru kit3 kokb kokv koug kour krgg lama laut lmmf COMMENT             
lpal lpgs mac1 madr mal2 mana mas1 mat1 mate maui maw1 mcm4 COMMENT             
mdo1 medi mgue mizu mkea mnls mobs morp mqzg mro1 mtka nano COMMENT             
naur nico nist nium nklg nlib nnor nrc1 ntus nya1 nyal onsa COMMENT             
opmt ous2 pado park penc pert pie1 pimo pohn pol2 pots pove COMMENT             
ptbb ptvl qaq1 quin rabt ramo reun reyk rgdg rio2 roth salu COMMENT             
samo sant savo sch2 scor scrz sctb scub seyg sfer spt0 ssia COMMENT             
sthl stjo stk2 str2 suth sutm suwn sydn syog tash thtg thti COMMENT             
thu2 tid1 tidb tlse tn22 tong tow2 tro1 tskb twtf txes uclu COMMENT             
ufpr ulab unb3 unbj unsa urum usn7 usud vald vill vtsp wab1 COMMENT             
wab2 wark wgtn whit will wind wsrt wtza wtzr wtzs wtzz wuhn COMMENT             
xmis yar2 yar3 yarr yell ykro zeck zim2 zim3 zimm           COMMENT             
                                                            END OF HEADER       
[from data line 6006]
    15                                                      START OF TEC MAP    
  2025     3    27    14     0     0                        EPOCH OF CURRENT MAP
    87.5-180.0 180.0   5.0 450.0                            LAT/LON1/LON2/DLON/H
  158  160  161  163  164  166  168  170  172  174  176  178  180  182  184  186
  187  188  190  191  191  192  193  193  193  193  193  193  192  192  191  190
  190  189  188  187  186  185  184  183  182  181  180  179  178  177  176  175
  174  173  172  171  170  169  168  166  165  164  163  161  160  159  158  157
  157  156  156  156  156  156  157  157  158
    85.0-180.0 180.0   5.0 450.0                            LAT/LON1/LON2/DLON/H
  135  138  141  145  149  153  158  162  167  172  176  180  184  188  192  195
  198  200  202  204  205  207  207  208  208  208  207  206  205  204  202  201
  199  197  195  193  191  189  187  186  184  183  182  182  181  181  181  180
  180  180  179  178  176  175  172  170  167  164  160  156  152  149  145  141
  138  136  134  132  131  131  132  133  135
    82.5-180.0 180.0   5.0 450.0                            LAT/LON1/LON2/DLON/H
  109  113  118  124  130  137  144  152  159  166  172  178  184  189  194  198
  202  205  208  210  212  213  214  215  215  215  215  214  213  212  210  207
  205  202  199  196  193  190  188  186  185  184  184  185  186  188  190  192
  194  196  197  197  196  194  192  188  183  177  170  163  155  147  139  131
  124  118  113  109  106  105  105  106  109
    80.0-180.0 180.0   5.0 450.0                            LAT/LON1/LON2/DLON/H
   85   90   97  104  113  122  131  140  149  157  165  172  178  184  189  193
  197  201  204  206  209  211  213  214  215  216  217  217  216  215  214  212
  210  207  203  199  196  192  189  186  185  185  187  189  193  198  204  209
  215  219  223  225  226  225  222  217  210  201  191  180  168  155  142  130
  118  107   98   90   85   82   81   82   85
    77.5-180.0 180.0   5.0 450.0                            LAT/LON1/LON2/DLON/H
   68   73   81   89   99  109  119  129  138  146  154  161  167  172  177  182
  185  189  192  195  198  201  204  206  209  211  213  214  215  216  216  215
  214  211  208  204  200  195  191  188  186  187  189  194  201  209  218  227
  236  244  251  255  257  256  253  248  240  230  217  203  187  171  154  137
  121  105   92   81   73   67   64   65   68
    75.0-180.0 180.0   5.0 450.0                            LAT/LON1/LON2/DLON/H
   61   66   73   82   92  101  111  120  128  136  142  148  153  158  162  166
  170  174  178  181  185  189  192  196  200  203  206  209  211  214  215  217
  217  216  214  210  205  200  195  191  188  188  192  198  207  218  230  242
  253  263  270  276  278  278  275  270  262  251  239  224  207  189  170  151
  132  114   98   83   72   64   60   59   61
    72.5-180.0 180.0   5.0 450.0                            LAT/LON1/LON2/DLON/H
   65   69   75   83   91  100  108  115  121  127  132  137  141  145  148  152
  156  160  164  169  174  178  183  188  192  196  199  202  205  208  212  215
  217  219  219  217  212  207  200  195  191  191  194  201  211  223  236  249
  260  268  275  279  280  280  277  273  266  258  248  236  221  205  187  169
  150  131  113   97   84   74   67   64   65
    70.0-180.0 180.0   5.0 450.0                            LAT/LON1/LON2/DLON/H
   77   79   83   89   96  102  108  113  117  121  124  127  131  135  138  142
  147  152  157  162  168  174  180  185  189  193  195  197  199  202  205  210
  214  219  222  222  219  214  207  200  195  194  196  203  213  224  236  246
  253  258  261  261  260  258  256  253  250  246  241  234  224  213  200  185
  169  152  135  119  104   92   84   78   77
    67.5-180.0 180.0   5.0 450.0                            LAT/LON1/LON2/DLON/H
   93   92   94   98  102  106  109  112  114  116  119  122  125  129  134  139
  144  149  155  162  169  176  183  189  193  196  196  196  195  195  197  202
  209  216  223  226  226  222  214  207  201  198  200  205  214  222  230  235
  236  235  231  226  221  218  216  216  217  218  219  217  214  210  203  194
  183  171  157  142  128  115  104   97   93
    65.0-180.0 180.0   5.0 450.0                            LAT/LON1/LON2/DLON/H
  107  104  103  104  106  108  109  110  110  112  114  118  122  128  134  140
  146  153  160  168  176  184  191  198  202  204  202  199  194  190  190  194
  202  213  224  231  234  231  224  216  209  206  207  211  216  221  223  221
  215  205  194  183  175  170  169  172  177  183  188  192  194  195  195  193
  189  183  174  162  149  135  123  113  107
    62.5-180.0 180.0   5.0 450.0                            LAT/LON1/LON2/DLON/H
  115  110  107  106  106  105  104  104  105  107  110  115  121  129  136  145
  153  161  169  178  186  194  202  209  214  215  212  206  198  191  188  191
  200  214  228  239  245  244  237  229  222  218  219  222  224  224  220  210
  196  179  162  147  136  131  131  136  143  151  158  164  169  173  177  181
  184  184  181  173  161  148  135  123  115
    60.0-180.0 180.0   5.0 450.0                            LAT/LON1/LON2/DLON/H
  117  110  106  103  101   98   96   96   96   99  104  111  120  130  140  151
  162  172  182  191  199  207  215  221  226  227  224  217  207  197  193  195
  205  221  239  253  261  261  255  246  240  237  237  239  239  234  224  208
  188  167  146  129  118  113  114  119  127  133  138  142  144  148  154  162
  170  176  177  173  164  151  138  126  117
    57.5-180.0 180.0   5.0 450.0                            LAT/LON1/LON2/DLON/H
  113  107  102   98   93   90   87   85   87   90   97  106  117  130  143  157
  172  185  197  207  216  222  227  232  235  237  235  229  220  211  206  209
  221  239  259  275  283  283  276  268  262  260  261  262  260  252  237  218
  196  173  153  138  128  123  124  128  133  135  134  131  128  127  131  139
  150  160  165  164  157  146  133  122  113
    55.0-180.0 180.0   5.0 450.0                            LAT/LON1/LON2/DLON/H
  109  104   99   94   88   83   79   77   78   82   90  100  114  129  146  164
  183  200  216  229  236  240  241  242  242  244  243  240  235  229  228  233
  247  268  289  304  311  309  301  292  287  286  288  289  285  275  258  238
  218  199  183  170  162  158  158  158  158  154  145  134  122  115  114  121
  132  143  150  150  144  135  125  116  109
    52.5-180.0 180.0   5.0 450.0                            LAT/LON1/LON2/DLON/H
  108  105  101   96   89   82   76   74   74   78   86   96  111  128  149  172
  196  219  240  256  264  265  260  254  249  247  248  249  248  249  252  263
  281  303  324  339  344  339  328  318  312  312  314  315  310  299  283  265
  249  236  226  218  211  205  201  198  192  181  166  147  128  115  110  113
  122  131  137  137  131  124  116  111  108
    50.0-180.0 180.0   5.0 450.0                            LAT/LON1/LON2/DLON/H
  113  114  111  105   97   89   82   78   78   80   86   96  111  130  154  182
  212  242  269  290  300  297  286  270  257  250  249  253  258  265  276  293
  316  341  363  376  378  369  356  343  336  335  338  338  332  320  306  292
  283  277  272  266  258  249  240  231  220  206  187  164  143  126  118  119
  124  130  132  129  123  116  113  112  113
    47.5-180.0 180.0   5.0 450.0                            LAT/LON1/LON2/DLON/H
  126  130  129  123  113  104   96   92   90   90   94  102  116  137  164  196
  232  268  302  329  342  339  320  295  271  256  250  253  262  276  294  318
  347  376  399  412  412  401  385  369  360  356  356  354  347  336  323  315
  311  311  309  302  290  275  260  246  233  219  201  181  162  147  139  138
  140  140  137  129  121  116  116  120  126
    45.0-180.0 180.0   5.0 450.0                            LAT/LON1/LON2/DLON/H
  143  149  149  143  134  124  116  111  108  106  107  113  127  150  179  215
  254  296  336  370  388  386  363  328  293  267  253  253  262  279  304  335
  370  404  431  446  446  435  417  398  384  376  371  366  357  345  335  330
  331  333  330  319  300  278  258  241  229  218  205  192  181  172  168  167
  165  160  151  139  128  123  126  134  143
    42.5-180.0 180.0   5.0 450.0                            LAT/LON1/LON2/DLON/H
  161  168  168  162  152  143  136  132  129  126  125  129  143  167  200  237
  279  323  368  408  433  434  410  369  324  286  263  255  261  279  308  345
  388  428  460  480  484  475  456  433  413  397  386  376  365  353  345  342
  344  344  337  320  294  266  242  225  215  208  203  199  197  196  198  198
  195  185  171  154  142  137  141  151  161
    40.0-180.0 180.0   5.0 450.0                            LAT/LON1/LON2/DLON/H
  176  182  181  174  165  157  152  150  148  146  144  147  162  188  224  263
  303  347  394  440  472  479  457  413  362  315  283  266  265  281  311  354
  403  451  491  518  529  525  506  480  451  426  407  392  378  367  359  357
  357  354  342  318  286  255  231  215  206  202  202  205  210  216  223  225
  221  209  192  174  160  155  159  167  176
    37.5-180.0 180.0   5.0 450.0                            LAT/LON1/LON2/DLON/H
  186  187  184  177  168  162  159  160  161  160  159  163  180  210  248  288
  327  367  414  463  502  516  500  458  404  353  314  289  281  292  323  369
  425  481  529  566  586  588  571  540  502  467  439  419  404  393  386  383
  382  375  358  330  298  268  246  231  221  215  213  215  222  231  239  243
  239  227  210  193  181  175  177  182  186
    35.0-180.0 180.0   5.0 450.0                            LAT/LON1/LON2/DLON/H
  191  186  180  172  164  158  157  161  165  167  168  174  194  229  271  312
  348  385  429  479  523  544  534  497  448  399  358  329  315  322  351  400
  461  524  582  627  657  665  650  614  567  521  486  462  447  438  432  430
  427  418  400  373  345  321  303  287  272  256  244  237  237  242  247  249
  246  237  224  211  202  197  194  193  191
    32.5-180.0 180.0   5.0 450.0                            LAT/LON1/LON2/DLON/H
  192  182  173  164  155  150  149  154  161  166  170  179  202  242  289  333
  367  400  440  490  536  562  558  530  489  449  413  385  369  374  403  455
  519  587  650  703  740  753  738  697  642  588  548  523  510  503  500  498
  497  490  475  454  435  419  405  387  360  328  297  273  259  253  250  248
  245  240  234  228  223  218  211  202  192
    30.0-180.0 180.0   5.0 450.0                            LAT/LON1/LON2/DLON/H
  195  180  169  159  150  143  140  144  152  160  166  178  204  249  301  349
  384  414  452  501  547  574  574  554  526  500  477  456  444  450  480  533
  600  669  735  790  829  844  828  783  722  664  622  599  590  586  585  586
  588  586  578  567  558  551  539  514  472  419  367  323  291  269  255  246
  242  241  242  244  244  239  228  212  195
    27.5-180.0 180.0   5.0 450.0                            LAT/LON1/LON2/DLON/H
  203  185  174  165  155  144  136  137  144  153  161  173  201  249  307  359
  397  429  467  514  559  584  585  571  558  550  545  538  534  545  578  632
  698  765  827  880  917  930  911  863  800  741  702  683  678  677  679  684
  690  695  695  692  692  690  677  642  585  514  443  383  334  297  270  253
  246  248  255  262  266  261  247  225  203
    25.0-180.0 180.0   5.0 450.0                            LAT/LON1/LON2/DLON/H
  217  200  190  183  172  157  143  138  142  150  157  169  196  245  306  364
  407  444  485  533  574  595  593  585  586  599  615  625  633  650  687  741
  803  864  919  964  994 1001  979  930  868  814  780  767  766  767  770  777
  788  797  802  804  806  803  784  740  671  590  512  444  387  339  301  276
  265  267  275  284  288  283  266  242  217
    22.5-180.0 180.0   5.0 450.0                            LAT/LON1/LON2/DLON/H
  238  223  217  212  202  183  163  150  149  154  159  168  192  239  302  364
  415  458  505  555  594  609  603  598  613  646  683  711  731  756  796  848
  904  955  999 1032 1052 1053 1027  979  923  876  850  843  844  845  846  853
  864  875  878  876  871  861  834  782  710  632  561  501  447  397  352  320
  304  301  305  311  312  304  286  262  238
    20.0-180.0 180.0   5.0 450.0                            LAT/LON1/LON2/DLON/H
  263  251  248  247  238  217  192  174  167  168  169  173  193  236  298  363
  420  471  525  580  618  628  618  616  641  692  746  789  819  851  892  941
  989 1029 1059 1080 1090 1084 1056 1012  964  926  908  904  905  902  899  902
  910  913  906  891  872  849  813  758  694  634  588  551  512  467  422  385
  363  351  345  341  336  325  307  284  263
    17.5-180.0 180.0   5.0 450.0                            LAT/LON1/LON2/DLON/H
  289  280  278  279  272  252  226  204  192  189  186  186  200  238  297  363
  424  482  543  603  642  650  638  639  674  738  805  856  893  927  967 1011
 1049 1078 1098 1108 1110 1099 1072 1034  995  966  953  950  946  938  928  923
  921  911  886  850  812  774  731  681  635  606  596  593  578  545  503  465
  435  412  393  375  360  345  327  307  289
    15.0-180.0 180.0   5.0 450.0                            LAT/LON1/LON2/DLON/H
  314  303  300  301  296  280  256  234  220  214  209  205  214  247  303  367
  429  491  559  624  666  674  664  670  712  784  856  910  947  980 1018 1055
 1085 1104 1116 1121 1119 1106 1083 1052 1021  998  987  981  971  955  937  922
  906  877  830  771  714  664  619  581  560  567  598  631  641  622  586  547
  512  478  443  410  384  364  348  330  314
    12.5-180.0 180.0   5.0 450.0                            LAT/LON1/LON2/DLON/H
  337  321  312  308  304  294  276  258  245  238  232  227  234  264  315  376
  437  501  572  641  687  699  694  707  756  830  901  951  983 1012 1044 1075
 1098 1112 1121 1126 1125 1115 1098 1074 1049 1029 1014 1001  983  960  935  911
  881  832  761  682  612  559  520  498  503  543  608  669  699  690  659  622
  583  538  489  443  408  386  370  354  337
    10.0-180.0 180.0   5.0 450.0                            LAT/LON1/LON2/DLON/H
  359  334  314  302  298  293  283  271  262  257  252  249  256  285  334  393
  452  514  586  657  706  725  728  748  801  874  938  979 1004 1027 1054 1078
 1096 1109 1121 1130 1135 1132 1121 1104 1082 1059 1037 1015  990  962  933  902
  861  796  709  619  547  500  474  468  493  554  638  711  747  741  712  676
  636  586  528  473  433  410  396  381  359
     7.5-180.0 180.0   5.0 450.0                            LAT/LON1/LON2/DLON/H
  383  347  312  290  281  280  279  274  270  268  267  267  278  309  358  414
  471  531  601  672  725  751  764  792  847  914  968  998 1014 1031 1053 1073
 1089 1104 1121 1139 1152 1156 1152 1139 1117 1088 1056 1025  994  965  938  907
  860  787  695  606  544  513  504  513  546  609  689  754  781  768  738  703
  665  614  554  497  458  438  427  411  383
     5.0-180.0 180.0   5.0 450.0                            LAT/LON1/LON2/DLON/H
  411  363  314  279  264  264  267  270  271  272  275  281  296  330  381  439
  494  552  618  688  744  777  799  833  888  948  990 1009 1018 1031 1049 1067
 1082 1100 1125 1152 1173 1184 1185 1174 1149 1112 1070 1031  998  973  952  927
  883  813  727  652  611  603  612  627  653  699  754  792  795  769  733  701
  667  621  565  514  481  468  460  444  411
     2.5-180.0 180.0   5.0 450.0                            LAT/LON1/LON2/DLON/H
  442  387  327  280  256  252  257  262  267  272  278  288  309  348  402  461
  518  574  637  705  763  802  832  870  923  974 1005 1016 1020 1030 1047 1063
 1078 1100 1130 1163 1190 1206 1209 1198 1169 1125 1075 1030  997  979  970  957
  925  867  797  745  730  747  770  782  789  802  816  815  788  743  702  672
  645  608  562  522  500  494  492  477  442
