ionex_files/COD0OPSFIN_20250990000_01D_01H_GIM.INX
     1.0            IONOSPHERE MAPS     GNSS                IONEX VERSION / TYPE
ADDNEQ2 V5.5        AIUB                13-APR-25 19:04     PGM / RUN BY / DATE 
CODE'S GLOBAL IONOSPHERE MAPS FOR DAY 099, 2025             COMMENT             
Global ionosphere maps (GIM) are generated on a daily basis DESCRIPTION         
at CODE using data from about 300 GNSS sites of the IGS and DESCRIPTION         
other institutions. The vertical total electron content     DESCRIPTION         
(VTEC) is modeled in a solar-geomagnetic reference frame    DESCRIPTION         
using a spherical harmonics expansion up to degree and      DESCRIPTION         
order 15. Piece-wise linear functions are used for          DESCRIPTION         
representation in the time domain. The time spacing of      DESCRIPTION         
their vertices is 1 hour, conforming with the epochs of the DESCRIPTION         
VTEC maps.                                                  DESCRIPTION         
To convert line-of-sight TEC into vertical TEC, a modified  DESCRIPTION         
single-layer model mapping function approximating the JPL   DESCRIPTION         
extended slab model mapping function is adopted. The        DESCRIPTION         
mapping function is evaluated at geodetic satellite         DESCRIPTION         
elevation angles. For the computation of the ionospheric    DESCRIPTION         
pierce points, a spherical layer with a radius of 6821 km   DESCRIPTION         
is assumed, implying geocentric, not geodetic IONEX         DESCRIPTION         
latitudes.                                                  DESCRIPTION         
Instrumental biases with respect to each involved GNSS code DESCRIPTION         
observable are estimated as constant values for each        DESCRIPTION         
day. They are modeled with one set of bias parameters for   DESCRIPTION         
each satellite and each station in case of GPS and for each DESCRIPTION         
satellite-station link in case of GLONASS. The code bias    DESCRIPTION         
datum is defined by zero-mean conditions imposed on the     DESCRIPTION         
satellite bias estimates. In this file, just GPS C1W-C2W    DESCRIPTION         
satellite and station bias values are included. The         DESCRIPTION         
complete set of GNSS code bias results is provided in an    DESCRIPTION         
additional Bias-SINEX file as pseudo-absolute values        DESCRIPTION         
specific to each observable.                                DESCRIPTION         
Note: These GIM results correspond to the results for the   DESCRIPTION         
middle day of a 3-day combination analysis solving for 73   DESCRIPTION         
times 256, or 18688 VTEC parameters and 3 daily sets of     DESCRIPTION         
GNSS code bias parameters.                                  DESCRIPTION         
Contact address: code(at)aiub.unibe.ch                      DESCRIPTION         
Data archive:    ftp.aiub.unibe.ch/CODE/                    DESCRIPTION         
                 www.aiub.unibe.ch/download/CODE/           DESCRIPTION         
  2025     4     9     0     0     0                        EPOCH OF FIRST MAP  
  2025     4    10     0     0     0                        EPOCH OF LAST MAP   
  3600                                                      INTERVAL            
[...]
azgb badg bake barh bjfs bndy boav bogo bogt bor1 braz brft COMMENT             
brst brux cags cas1 ccj2 cedu chpg chti chur ckis coco cord COMMENT             
cpvg cpxf cro1 daej darw dav1 dgar dhlg drao dubo ebre faa1 COMMENT             
fair flin flrs frdn func ganp glps glsv gode gol2 gold gope COMMENT             
gras graz guam guug harb hers hert hnpt hob2 hofn holb hrao COMMENT             
iddr ieng iisc impz ineg invk iqal irkj jog2 joz2 joze karr COMMENT             
kerg kir0 kiri kiru kit3 kokb kokv koug kour krgg lama laut COMMENT             
lmmf lpal lpgs m0se mac1 madr mal2 mana mas1 mat1 mate maui COMMENT             
maw1 mcil mcm4 mdo1 medi mgue mizu mkea mnls mobs morp mqzg COMMENT             
mro1 mtka nano naur nico nium nklg nlib nnor not1 nrc1 ntus COMMENT             
nya1 nyal onsa opmt ous2 pado parc park pdel penc pert pie1 COMMENT             
pimo pohn pol2 polv pots pove ptag ptbb ptvl qaq1 quin rabt COMMENT             
ramo reun reyk rgdg rio2 roth salu samo sant savo sch2 scor COMMENT             
scrz sctb scub seyg sfer spt0 ssia sthl stjo stk2 str2 suth COMMENT             
sutm suwn sydn syog tash thtg thti thu2 tid1 tidb tlse tn22 COMMENT             
tong tro1 tskb twtf txes uclu ufpr unb3 unbj unsa urum usn7 COMMENT             
usud vald vill vtsp wab1 wab2 wark wgtn whit will wind wsrt COMMENT             
wtza wtzr wtzs wtzz wuhn xmis yar2 yar3 yarr yell ykro zeck COMMENT             
zim2 zim3 zimm                                              COMMENT             
                                                            END OF HEADER       
[from data line 858]
     3                                                      START OF TEC MAP    
  2025     4     9     2     0     0                        EPOCH OF CURRENT MAP
    87.5-180.0 180.0   5.0 450.0                            LAT/LON1/LON2/DLON/H
  176  177  177  177  177  176  176  176  175  175  174  173  172  171  169  168
  166  164  162  160  158  156  153  151  148  146  144  142  139  137  136  134
  133  131  130  130  129  129  129  129  129  130  131  132  133  134  136  137
  139  141  143  145  147  149  152  154  156  158  160  162  164  166  168  169
  171  172  173  174  175  175  176  176  176
    85.0-180.0 180.0   5.0 450.0                            LAT/LON1/LON2/DLON/H
  188  188  187  187  187  187  187  187  187  187  187  186  186  185  183  181
  178  175  171  167  163  158  152  147  141  136  131  126  121  117  114  110
  108  106  104  103  102  102  102  103  104  105  107  109  111  113  116  119
  123  126  130  135  139  144  148  153  158  162  167  171  175  178  181  183
  185  187  188  188  189  189  189  188  188
    82.5-180.0 180.0   5.0 450.0                            LAT/LON1/LON2/DLON/H
  192  190  188  187  186  186  187  188  189  191  193  195  196  196  196  195
  192  188  183  177  170  162  153  144  135  126  118  111  104   98   93   89
   86   84   83   83   83   83   84   86   87   89   91   93   95   98  101  104
  108  113  118  124  131  138  145  153  160  168  175  181  187  192  196  199
  201  202  203  202  201  199  197  195  192
    80.0-180.0 180.0   5.0 450.0                            LAT/LON1/LON2/DLON/H
  195  190  185  182  180  179  179  181  184  188  193  197  202  205  207  207
  206  202  196  188  178  167  155  143  131  119  108   98   90   83   78   75
   73   72   72   73   75   77   79   81   83   85   86   87   88   89   91   93
   97  101  107  114  122  132  142  152  163  173  183  192  201  207  213  217
  219  220  219  217  214  210  205  200  195
    77.5-180.0 180.0   5.0 450.0                            LAT/LON1/LON2/DLON/H
  201  193  185  179  174  171  170  171  175  181  188  195  203  209  214  217
  217  214  208  199  188  174  160  145  130  116  103   93   84   78   74   71
   71   72   74   77   81   84   88   90   92   93   93   92   90   88   87   87
   89   92   98  105  115  126  139  152  165  179  191  203  213  222  229  234
  237  239  238  235  231  225  218  210  201
    75.0-180.0 180.0   5.0 450.0                            LAT/LON1/LON2/DLON/H
  217  205  194  184  175  168  164  164  166  172  180  189  199  208  216  222
  224  223  218  209  197  182  166  149  133  118  105   95   87   82   80   79
   80   82   86   90   95  100  105  108  110  110  108  104   99   94   89   86
   85   87   92  100  111  124  138  153  169  184  198  211  223  233  241  248
  252  255  255  253  249  244  236  227  217
    72.5-180.0 180.0   5.0 450.0                            LAT/LON1/LON2/DLON/H
  241  228  215  200  187  176  167  163  162  166  172  181  192  203  213  221
  226  228  225  217  205  190  174  156  140  125  113  104   99   96   95   95
   97  100  103  107  112  118  123  127  129  128  125  119  111  102   94   88
   85   86   91  100  112  127  142  158  174  189  203  216  228  238  247  255
  260  265  267  268  267  264  259  251  241
    70.0-180.0 180.0   5.0 450.0                            LAT/LON1/LON2/DLON/H
  270  259  244  227  210  193  180  170  165  164  168  174  183  194  204  214
  222  227  226  221  211  197  181  163  147  134  124  117  114  113  114  115
  116  117  119  121  125  129  135  139  142  142  138  131  121  110  100   92
   89   90   97  107  121  136  152  167  182  195  207  218  229  238  246  254
  261  266  272  276  280  281  281  277  270
    67.5-180.0 180.0   5.0 450.0                            LAT/LON1/LON2/DLON/H
  298  290  276  258  237  217  198  184  174  169  168  170  175  183  192  203
  212  220  223  221  213  201  185  168  153  141  133  129  128  130  131  132
  131  130  128  126  127  130  135  140  145  146  143  136  126  114  104   97
   95   98  107  121  136  153  168  181  193  203  212  220  228  235  242  248
  254  261  268  276  284  292  298  300  298
    65.0-180.0 180.0   5.0 450.0                            LAT/LON1/LON2/DLON/H
  319  315  303  285  263  240  218  201  188  179  173  170  169  172  178  187
  198  208  214  215  209  198  183  167  152  141  135  134  136  140  143  143
  140  135  128  122  119  120  124  130  135  139  138  133  124  113  104  100
  101  108  122  139  156  173  187  198  207  213  219  224  229  234  239  243
  248  253  260  269  280  293  305  315  319
    62.5-180.0 180.0   5.0 450.0                            LAT/LON1/LON2/DLON/H
  328  329  320  302  280  256  234  217  204  193  184  175  168  164  164  170
  180  191  199  202  198  188  173  158  144  134  130  131  136  142  146  146
  141  132  121  111  104  102  105  111  117  123  124  121  114  107  101  100
  106  119  136  157  177  194  207  216  222  226  230  234  239  242  245  246
  247  249  253  261  272  288  304  319  328
    60.0-180.0 180.0   5.0 450.0                            LAT/LON1/LON2/DLON/H
  328  332  324  307  284  261  242  228  218  210  200  186  172  160  153  154
  160  170  178  182  179  170  156  141  129  121  119  122  129  137  142  142
  136  126  112   99   89   84   85   90   97  103  105  104  101   96   95   99
  109  127  149  172  194  211  223  231  237  242  247  253  258  263  264  263
  260  257  256  259  268  282  299  316  328
    57.5-180.0 180.0   5.0 450.0                            LAT/LON1/LON2/DLON/H
  325  328  320  302  279  257  242  234  231  227  219  203  182  162  148  141
  143  148  154  157  154  145  134  122  111  106  105  110  119  127  133  134
  129  118  105   91   80   73   72   75   80   84   87   87   86   85   87   96
  111  132  157  182  204  221  234  243  250  259  269  279  289  296  298  295
  289  281  274  271  274  284  298  313  325
    55.0-180.0 180.0   5.0 450.0                            LAT/LON1/LON2/DLON/H
  326  326  315  295  270  249  237  236  241  245  240  224  199  172  150  136
  130  130  131  130  127  120  112  104   98   95   97  102  110  118  124  125
  121  113  101   89   79   72   69   69   71   72   73   73   73   75   81   93
  111  135  160  186  207  225  238  250  263  277  294  312  327  337  341  338
  330  320  309  300  297  299  307  317  326
    52.5-180.0 180.0   5.0 450.0                            LAT/LON1/LON2/DLON/H
  338  334  320  296  268  245  236  240  252  262  262  247  220  189  161  140
  127  120  115  110  106  102   99   97   96   95   97  102  107  113  117  118
  115  109  101   94   87   82   78   75   72   69   67   65   66   70   78   93
  113  136  161  185  206  224  240  256  274  297  321  346  367  380  386  385
  378  368  356  344  335  331  331  335  338
    50.0-180.0 180.0   5.0 450.0                            LAT/LON1/LON2/DLON/H
  365  358  340  311  279  254  243  248  264  279  283  271  245  213  182  157
  138  123  111  103   98   98  101  105  108  109  109  110  112  113  113  111
  109  106  103  102  100   98   94   88   81   74   68   64   65   70   81   97
  117  139  162  184  204  223  242  263  288  316  347  376  400  416  424  425
  422  416  407  397  386  376  370  367  365
    47.5-180.0 180.0   5.0 450.0                            LAT/LON1/LON2/DLON/H
  406  396  377  345  309  278  263  265  280  296  303  294  271  242  213  187
  164  143  126  114  111  115  123  131  135  134  130  126  121  117  112  107
  103  102  104  108  112  114  112  106   96   85   76   71   71   77   89  105
  125  145  166  187  207  228  250  275  304  336  369  398  422  439  448  452
  454  456  455  450  440  428  418  411  406
    45.0-180.0 180.0   5.0 450.0                            LAT/LON1/LON2/DLON/H
  454  445  426  394  355  318  296  291  300  313  318  313  297  275  251  227
  204  180  160  147  145  152  164  172  173  166  155  144  134  125  115  106
  100  100  104  112  121  127  128  123  113  100   89   82   82   89  102  118
  137  156  176  196  218  241  266  293  323  355  385  411  431  446  455  464
  473  483  492  495  490  479  468  459  454
    42.5-180.0 180.0   5.0 450.0                            LAT/LON1/LON2/DLON/H
  501  496  480  450  409  369  339  324  323  327  330  327  318  306  291  273
  252  229  208  197  197  207  218  222  215  198  179  163  149  137  124  113
  104  102  106  115  126  136  139  136  127  115  103   96   97  104  117  134
  152  172  192  213  237  263  291  319  346  372  395  415  430  442  453  466
  482  502  520  532  532  524  513  505  501
    40.0-180.0 180.0   5.0 450.0                            LAT/LON1/LON2/DLON/H
  542  540  528  502  463  421  385  360  347  341  339  337  336  333  327  317
  301  281  263  254  257  268  276  272  254  227  200  180  166  155  144  132
  121  116  117  123  132  141  147  146  139  129  118  112  113  120  134  151
  169  190  212  236  264  293  322  348  370  388  402  414  425  437  451  470
  494  520  545  562  566  560  550  543  542
    37.5-180.0 180.0   5.0 450.0                            LAT/LON1/LON2/DLON/H
  575  574  564  541  506  466  428  396  372  355  347  345  349  353  356  351
  340  324  311  306  312  323  327  315  287  251  220  201  192  187  180  170
  159  150  144  143  145  150  154  155  150  141  132  126  127  135  148  166
  186  208  233  262  293  324  353  377  394  403  409  416  426  442  464  490
  520  550  577  595  600  593  583  576  575
    35.0-180.0 180.0   5.0 450.0                            LAT/LON1/LON2/DLON/H
  602  598  587  564  533  499  465  431  399  374  359  355  360  368  373  371
  362  350  341  340  349  361  363  346  313  275  246  233  233  236  236  230
  219  206  193  180  171  167  166  165  161  153  145  139  139  146  159  177
  199  225  253  285  319  352  381  402  414  418  420  426  441  466  500  536
  571  602  627  641  642  632  617  607  602
    32.5-180.0 180.0   5.0 450.0                            LAT/LON1/LON2/DLON/H
  632  618  599  574  548  522  496  466  432  401  381  374  376  380  380  376
  367  356  348  349  360  374  379  367  339  309  289  285  294  305  311  310
  300  284  261  235  211  194  185  180  174  166  156  149  147  153  165  184
  209  237  269  304  339  373  401  421  431  434  437  449  475  515  564  612
  651  681  700  707  700  684  663  645  632
    30.0-180.0 180.0   5.0 450.0                            LAT/LON1/LON2/DLON/H
  672  645  613  581  556  540  526  505  474  442  419  407  402  396  386  373
  359  345  336  336  347  366  381  384  375  362  356  363  377  391  399  399
  391  371  340  300  261  230  211  200  190  178  166  156  152  155  167  187
  214  246  280  316  352  385  412  433  445  453  464  487  529  586  651  709
  753  780  793  792  778  754  725  698  672
    27.5-180.0 180.0   5.0 450.0                            LAT/LON1/LON2/DLON/H
  729  685  637  595  570  563  562  553  530  500  476  460  444  424  399  374
  352  333  318  312  321  347  381  410  429  440  450  462  475  483  485  483
  473  451  414  364  312  269  241  223  207  191  174  161  154  155  166  187
  216  251  287  322  357  389  417  440  459  477  501  539  596  669  748  815
  861  887  895  889  871  841  805  768  729
    25.0-180.0 180.0   5.0 450.0                            LAT/LON1/LON2/DLON/H
  802  744  681  628  600  600  611  613  598  576  554  535  509  473  431  394
  365  338  314  298  304  338  394  456  507  543  564  573  572  563  551  540
  527  505  466  411  352  302  267  244  224  203  182  164  154  153  163  185
  216  253  290  326  359  390  420  449  477  507  545  597  667  752  838  908
  955  980  988  984  966  935  896  851  802
    22.5-180.0 180.0   5.0 450.0                            LAT/LON1/LON2/DLON/H
  885  820  748  687  656  658  675  684  678  663  648  629  595  546  492  447
  412  380  345  316  316  357  435  527  607  659  680  673  647  611  578  555
  539  519  483  431  372  321  285  260  238  214  189  167  154  150  159  181
  215  254  293  328  361  393  426  461  500  543  593  656  734  821  906  973
 1017 1043 1056 1060 1050 1023  985  939  885
    20.0-180.0 180.0   5.0 450.0                            LAT/LON1/LON2/DLON/H
  969  906  833  770  737  737  753  763  762  755  749  735  699  642  582  536
  504  469  425  384  375  419  511  622  717  770  776  741  681  613  556  520
  502  487  460  416  366  321  290  268  246  221  194  170  153  147  154  176
  212  254  295  332  367  401  439  481  529  581  641  709  786  868  943 1000
 1038 1064 1088 1105 1108 1091 1060 1019  969
    17.5-180.0 180.0   5.0 450.0                            LAT/LON1/LON2/DLON/H
 1043  993  930  872  838  833  840  843  840  841  846  841  808  752  695  658
  635  605  557  506  487  527  620  731  818  853  828  757  661  564  487  442
  424  417  402  373  336  304  281  266  248  225  199  173  153  144  148  171
  208  253  298  339  377  416  459  508  562  620  683  750  821  891  950  991
 1019 1047 1081 1115 1134 1130 1109 1080 1043
    15.0-180.0 180.0   5.0 450.0                            LAT/LON1/LON2/DLON/H
 1098 1069 1025  980  949  936  927  915  905  910  927  934  910  861  815  794
  789  771  725  669  641  670  747  836  891  887  821  712  587  471  386  339
  325  327  327  315  293  274  262  255  245  226  202  175  153  140  142  163
  201  250  299  345  390  436  485  539  595  654  715  778  840  895  936  959
  976 1003 1047 1096 1130 1140 1131 1116 1098
    12.5-180.0 180.0   5.0 450.0                            LAT/LON1/LON2/DLON/H
 1132 1128 1109 1082 1057 1034 1007  973  951  957  985 1004  991  952  922  920
  937  936  900  846  812  823  870  914  918  861  750  612  473  357  277  237
  231  243  255  257  249  241  239  240  237  224  202  176  151  134  133  152
  192  243  297  350  402  456  511  568  624  680  736  792  846  889  915  923
  930  954 1003 1063 1108 1127 1128 1129 1132
    10.0-180.0 180.0   5.0 450.0                            LAT/LON1/LON2/DLON/H
 1148 1167 1174 1166 1149 1120 1072 1015  978  981 1016 1045 1040 1010  993 1010
 1047 1066 1045 1000  963  955  961  949  889  777  630  479  347  249  190  165
  169  188  207  217  217  214  216  223  225  217  199  173  146  126  122  140
  179  233  292  351  410  470  531  589  643  693  744  796  846  884  903  902
  901  922  971 1034 1082 1104 1113 1125 1148
     7.5-180.0 180.0   5.0 450.0                            LAT/LON1/LON2/DLON/H
 1151 1188 1215 1226 1219 1186 1122 1044  991  989 1024 1056 1053 1027 1015 1043
 1093 1128 1126 1095 1062 1036 1000  929  810  653  487  343  240  178  149  144
  156  176  195  204  202  198  198  205  211  207  190  165  137  115  109  126
  166  221  283  346  410  475  538  596  647  694  741  792  845  888  909  908
  904  921  966 1023 1066 1086 1096 1116 1151
     5.0-180.0 180.0   5.0 450.0                            LAT/LON1/LON2/DLON/H
 1149 1195 1233 1259 1263 1231 1159 1067 1000  990 1020 1047 1037 1003  986 1011
 1063 1106 1119 1107 1083 1046  977  859  696  516  354  240  180  162  167  180
  194  207  217  217  206  192  185  189  194  192  177  151  124  102   96  113
  152  208  272  337  402  468  531  589  637  681  728  784  846  901  934  941
  940  954  990 1036 1068 1080 1088 1110 1149
     2.5-180.0 180.0   5.0 450.0                            LAT/LON1/LON2/DLON/H
 1146 1190 1231 1264 1280 1257 1186 1090 1016  996 1016 1028 1002  950  915  923
  963 1003 1026 1032 1022  983  896  753  574  398  264  194  183  208  241  262
  270  269  262  246  220  192  175  172  175  173  158  133  107   88   85  103
  142  198  261  325  388  450  511  566  613  658  708  772  847  919  969  991
  998 1010 1037 1067 1084 1087 1090 1109 1146
