ionex_files/COD0OPSFIN_20250880000_01D_01H_GIM.INX
     1.0            IONOSPHERE MAPS     GNSS                IONEX VERSION / TYPE
ADDNEQ2 V5.5        AIUB                02-APR-25 23:15     PGM / RUN BY / DATE 
CODE'S GLOBAL IONOSPHERE MAPS FOR DAY 088, 2025             COMMENT             
Global ionosphere maps (GIM) are generated on a daily basis DESCRIPTION         
at CODE using data from about 300 GNSS sites of the IGS and DESCRIPTION         
other institutions. The vertical total electron content     DESCRIPTION         
(VTEC) is modeled in a solar-geomagnetic reference frame    DESCRIPTION         
using a spherical harmonics expansion up to degree and      DESCRIPTION         
order 15. Piece-wise linear functions are used for          DESCRIPTION         
representation in the time domain. The time spacing of      DESCRIPTION         
their vertices is 1 hour, conforming with the epochs of the DESCRIPTION         
VTEC maps.                                                  DESCRIPTION         
To convert line-of-sight TEC into vertical TEC, a modified  DESCRIPTION         
single-layer model mapping function approximating the JPL   DESCRIPTION         
extended slab model mapping function is adopted. The        DESCRIPTION         
mapping function is evaluated at geodetic satellite         DESCRIPTION         
elevation angles. For the computation of the ionospheric    DESCRIPTION         
pierce points, a spherical layer with a radius of 6821 km   DESCRIPTION         
is assumed, implying geocentric, not geodetic IONEX         DESCRIPTION         
latitudes.                                                  DESCRIPTION         
Instrumental biases with respect to each involved GNSS code DESCRIPTION         
observable are estimated as constant values for each        DESCRIPTION         
day. They are modeled with one set of bias parameters for   DESCRIPTION         
each satellite and each station in case of GPS and for each DESCRIPTION         
satellite-station link in case of GLONASS. The code bias    DESCRIPTION         
datum is defined by zero-mean conditions imposed on the     DESCRIPTION         
satellite bias estimates. In this file, just GPS C1W-C2W    DESCRIPTION         
satellite and station bias values are included. The         DESCRIPTION         
complete set of GNSS code bias results is provided in an    DESCRIPTION         
additional Bias-SINEX file as pseudo-absolute values        DESCRIPTION         
specific to each observable.                                DESCRIPTION         
Note: These GIM results correspond to the results for the   DESCRIPTION         
middle day of a 3-day combination analysis solving for 73   DESCRIPTION         
times 256, or 18688 VTEC parameters and 3 daily sets of     DESCRIPTION         
GNSS code bias parameters.                                  DESCRIPTION         
Contact address: code(at)aiub.unibe.ch                      DESCRIPTION         
Data archive:    ftp.aiub.unibe.ch/CODE/                    DESCRIPTION         
                 www.aiub.unibe.ch/download/CODE/           DESCRIPTION         
  2025     3    29     0     0     0                        EPOCH OF FIRST MAP  
  2025     3    30     0     0     0                        EPOCH OF LAST MAP   
  3600                                                      INTERVAL            
[...]
abpo adis albh algo alic amu2 antc areg areq ascg aspa azgb COMMENT             
badg bake bako barh bjfs bndy boav bogo bogt bor1 braz brft COMMENT             
brst brux cags cas1 ccj2 cedu chpg chur ckis coco cord cpvg COMMENT             
cpxf cro1 daej darw dav1 dgar dhlg drao dubo ebre faa1 fair COMMENT             
flin flrs frdn func ganp glps glsv gode gol2 gold gope gras COMMENT             
graz guam guug harb hers hert hlfx hnpt hob2 hofn holb hrao COMMENT             
iddr ieng iisc impz ineg invk iqal irkj jog2 joz2 karr kerg COMMENT             
kir0 kiri kiru kit3 kokb kokv koug kour krgg lama laut lmmf COMMENT             
lpal lpgs mac1 madr mal2 mana mas1 mat1 mate maui maw1 mcil COMMENT             
mcm4 mdo1 medi mgue mizu mkea mnls mobs morp mro1 mtka nano COMMENT             
naur nico nist nium nklg nlib nnor not1 nrc1 ntus nya1 nyal COMMENT             
onsa opmt ous2 pado parc park pdel penc pert pie1 pimo pohn COMMENT             
pol2 polv pots pove ptbb ptvl qaq1 quin ramo reun reyk rgdg COMMENT             
rio2 roth salu samo sant savo sch2 scor scrz scub seyg sfer COMMENT             
spt0 ssia sthl stjo stk2 str2 suth sutm suwn sydn syog tash COMMENT             
thtg thti thu2 tid1 tidb tlse tn22 tong tow2 tro1 tskb twtf COMMENT             
txes uclu ufpr ulab unb3 unbj unsa urum usn7 usud vald vill COMMENT             
vtsp wab1 wab2 whit will wind wsrt wtza wtzr wtzs wtzz wuhn COMMENT             
xmis yar2 yarr yell ykro zeck zim2 zim3 zimm                COMMENT             
                                                            END OF HEADER       
[from data line 429]
     2                                                      START OF TEC MAP    
  2025     3    29     1     0     0                        EPOCH OF CURRENT MAP
    87.5-180.0 180.0   5.0 450.0                            LAT/LON1/LON2/DLON/H
  319  320  320  321  321  321  321  321  321  320  319  318  317  315  314  311
  309  306  303  300  297  293  290  286  282  278  275  271  267  264  261  258
  255  253  251  250  248  247  247  247  247  247  248  249  250  252  254  256
  259  261  264  267  270  273  277  280  283  287  290  293  296  299  302  305
  307  309  311  313  315  316  317  318  319
    85.0-180.0 180.0   5.0 450.0                            LAT/LON1/LON2/DLON/H
  326  326  326  327  327  328  329  330  331  332  332  332  332  331  329  327
  323  319  314  308  301  294  286  277  269  261  252  244  236  229  223  217
  212  208  204  202  200  198  198  198  199  200  202  204  206  209  213  217
  221  226  231  236  242  249  256  262  269  276  283  290  296  302  307  311
  315  318  321  323  324  325  325  325  326
    82.5-180.0 180.0   5.0 450.0                            LAT/LON1/LON2/DLON/H
  313  311  310  309  310  312  314  318  322  326  331  334  337  338  339  337
  334  329  322  314  304  293  281  268  255  242  228  216  204  194  184  176
  170  165  161  159  158  158  158  160  161  163  165  168  170  173  176  179
  184  188  194  201  209  217  227  237  248  259  270  281  291  300  308  314
  319  322  324  324  323  321  319  316  313
    80.0-180.0 180.0   5.0 450.0                            LAT/LON1/LON2/DLON/H
  291  284  280  277  277  280  285  292  300  309  318  326  333  338  341  341
  338  333  326  316  304  290  275  259  242  225  208  193  178  165  154  145
  139  134  132  131  132  134  137  140  142  145  147  148  149  149  149  150
  151  154  157  163  171  180  192  205  220  236  252  267  282  296  307  316
  322  326  326  324  320  313  306  298  291
    77.5-180.0 180.0   5.0 450.0                            LAT/LON1/LON2/DLON/H
  270  258  249  244  242  245  252  262  275  288  302  314  324  331  335  335
  333  328  321  311  298  284  268  251  233  215  196  179  163  149  138  129
  124  121  120  122  126  130  135  140  143  146  147  146  144  141  136  132
  128  126  126  128  134  143  155  170  189  209  230  251  271  290  306  318
  327  331  331  328  320  309  297  283  270
    75.0-180.0 180.0   5.0 450.0                            LAT/LON1/LON2/DLON/H
  261  244  230  220  217  219  227  240  255  272  288  301  311  318  320  320
  316  311  304  295  285  274  260  245  229  211  194  177  161  148  137  129
  125  123  125  128  134  141  147  153  158  161  161  158  153  145  136  126
  117  109  103  102  104  111  123  139  159  183  208  234  259  282  303  319
  331  338  340  336  327  314  298  280  261
    72.5-180.0 180.0   5.0 450.0                            LAT/LON1/LON2/DLON/H
  269  247  228  214  207  208  216  230  247  265  281  293  299  301  299  294
  288  282  276  270  265  258  250  240  228  214  199  184  170  158  148  141
  137  136  138  142  149  156  164  170  176  179  178  174  167  156  144  130
  116  103   94   88   87   92  102  117  138  163  190  218  247  273  297  317
  332  342  347  346  339  328  311  291  269
    70.0-180.0 180.0   5.0 450.0                            LAT/LON1/LON2/DLON/H
  290  266  243  225  215  213  220  234  252  269  283  290  290  284  274  262
  252  244  240  238  238  239  237  233  227  218  207  195  183  173  164  157
  153  151  152  155  160  166  173  180  186  189  189  186  179  168  154  138
  123  108   97   89   86   88   96  110  129  152  179  207  236  263  287  308
  326  339  348  352  351  344  331  313  290
    67.5-180.0 180.0   5.0 450.0                            LAT/LON1/LON2/DLON/H
  317  293  268  246  231  226  232  246  263  280  290  292  285  270  251  232
  216  207  204  207  212  218  223  224  222  217  210  202  194  185  178  171
  166  162  160  160  162  165  170  176  182  186  188  187  181  173  161  147
  133  120  109  102   98   99  106  117  133  154  177  203  228  253  275  294
  311  326  339  349  356  357  351  338  317
    65.0-180.0 180.0   5.0 450.0                            LAT/LON1/LON2/DLON/H
  341  318  291  266  247  239  243  256  273  289  298  296  282  260  234  209
  190  180  178  182  190  199  207  211  212  209  206  201  195  190  184  178
  171  165  159  155  152  152  155  159  164  170  173  175  173  168  160  151
  142  133  126  122  121  122  127  136  149  166  185  206  227  246  263  278
  292  306  321  335  349  359  362  356  341
    62.5-180.0 180.0   5.0 450.0                            LAT/LON1/LON2/DLON/H
  354  334  307  279  256  244  245  257  275  292  301  298  282  257  228  201
  181  170  168  172  178  186  191  193  194  193  191  190  188  186  182  176
  169  160  150  142  136  132  132  134  139  144  150  154  156  155  151  148
  144  142  141  143  145  149  155  162  172  186  201  218  234  248  259  267
  275  284  297  314  332  349  361  363  354
    60.0-180.0 180.0   5.0 450.0                            LAT/LON1/LON2/DLON/H
  355  339  313  283  257  241  238  248  265  283  294  294  281  259  234  211
  193  183  178  177  178  178  177  174  172  171  171  173  175  176  175  170
  161  151  139  128  119  113  110  111  114  120  126  131  135  136  136  137
  139  143  150  158  166  174  182  189  198  210  223  237  250  260  265  267
  268  271  279  293  312  333  350  358  355
    57.5-180.0 180.0   5.0 450.0                            LAT/LON1/LON2/DLON/H
  349  337  314  285  256  236  228  233  248  266  279  284  279  266  251  237
  224  215  206  197  188  177  166  157  152  150  152  157  163  167  167  162
  154  142  130  118  108  101   98   97   99  103  108  113  116  118  119  122
  127  137  150  165  180  193  204  213  223  234  248  262  275  283  286  283
  278  274  275  283  298  318  336  348  349
    55.0-180.0 180.0   5.0 450.0                            LAT/LON1/LON2/DLON/H
  345  338  320  294  266  242  227  225  233  246  260  270  275  276  275  273
  269  260  246  227  205  182  163  148  140  138  142  150  158  163  163  158
  148  136  124  114  106  101   98   96   97   99  102  105  107  107  106  108
  114  126  144  165  186  205  221  233  245  258  274  291  306  316  320  316
  307  298  293  294  302  316  330  342  345
    52.5-180.0 180.0   5.0 450.0                            LAT/LON1/LON2/DLON/H
  354  353  343  324  298  271  249  235  231  236  245  257  271  286  301  313
  317  309  289  259  226  194  168  151  143  142  148  156  163  167  165  157
  145  133  123  116  112  110  109  108  107  108  109  110  108  105  101   99
  103  116  136  162  189  213  234  251  266  282  300  320  339  354  361  360
  353  342  333  328  328  333  341  349  354
    50.0-180.0 180.0   5.0 450.0                            LAT/LON1/LON2/DLON/H
  381  386  386  378  358  331  301  274  254  243  242  251  270  297  327  351
  362  354  327  289  248  211  185  169  162  163  168  175  179  177  170  158
  144  131  122  119  120  122  125  126  125  125  125  124  121  114  106  100
  101  112  132  161  192  222  247  269  287  306  326  348  370  389  402  408
  405  398  390  382  376  373  373  376  381
    47.5-180.0 180.0   5.0 450.0                            LAT/LON1/LON2/DLON/H
  426  437  449  453  444  419  382  341  303  274  257  258  276  309  349  382
  397  388  357  314  270  236  213  201  197  198  200  201  198  190  176  159
  142  128  121  121  126  134  140  143  145  145  146  145  141  133  122  112
  109  117  136  165  199  233  264  290  311  330  351  372  396  418  436  448
  454  454  451  445  437  429  422  420  426
    45.0-180.0 180.0   5.0 450.0                            LAT/LON1/LON2/DLON/H
  481  499  522  540  541  521  482  430  375  326  292  280  292  326  370  407
  423  412  378  335  295  266  251  244  240  237  233  226  216  201  181  160
  140  126  120  122  130  140  150  157  161  164  166  168  165  158  146  133
  127  131  148  177  212  250  284  313  336  356  373  392  413  435  456  474
  488  498  504  505  500  491  480  475  481
    42.5-180.0 180.0   5.0 450.0                            LAT/LON1/LON2/DLON/H
  540  562  593  621  632  619  581  524  457  393  343  317  321  349  391  427
  441  427  393  353  321  302  294  289  282  271  259  244  228  208  187  165
  145  131  125  126  134  145  157  166  173  179  185  189  189  183  172  159
  150  152  166  193  229  268  306  337  361  379  392  406  421  441  462  484
  504  523  539  550  554  548  538  533  540
    40.0-180.0 180.0   5.0 450.0                            LAT/LON1/LON2/DLON/H
  594  617  651  684  702  695  662  606  536  464  404  366  360  381  416  446
  455  439  407  373  350  339  335  327  312  292  271  252  235  217  198  181
  165  153  146  143  147  156  166  176  185  193  201  208  210  206  195  182
  172  172  184  209  244  285  324  357  381  397  406  414  424  439  459  481
  505  530  555  577  591  594  590  586  594
    37.5-180.0 180.0   5.0 450.0                            LAT/LON1/LON2/DLON/H
  643  664  694  725  743  740  713  664  599  528  465  421  407  419  446  468
  470  451  420  392  377  371  366  351  326  297  273  256  244  234  225  217
  210  202  192  183  178  179  185  193  202  210  218  225  227  222  211  198
  187  186  196  219  254  294  334  367  392  406  413  418  425  437  455  477
  501  527  557  587  613  628  633  635  643
    35.0-180.0 180.0   5.0 450.0                            LAT/LON1/LON2/DLON/H
  694  709  730  750  761  757  736  697  643  581  521  478  459  463  480  492
  486  463  433  409  397  392  381  357  323  291  271  264  266  271  276  281
  284  281  268  250  233  222  220  223  228  233  238  241  239  231  217  203
  192  189  198  221  254  293  333  366  391  406  414  420  427  441  459  480
  502  527  557  593  628  656  674  684  694
    32.5-180.0 180.0   5.0 450.0                            LAT/LON1/LON2/DLON/H
  756  766  773  777  774  764  745  716  675  624  573  532  511  510  517  517
  502  473  441  418  406  397  379  347  311  285  278  290  311  333  353  372
  385  387  371  342  310  284  270  265  263  263  262  257  248  232  214  197
  185  182  191  212  245  283  321  355  381  399  411  422  436  456  478  501
  521  542  569  605  648  689  720  742  756
    30.0-180.0 180.0   5.0 450.0                            LAT/LON1/LON2/DLON/H
  838  846  841  826  805  784  764  740  708  667  623  586  564  556  553  541
  515  478  441  414  398  384  361  330  301  291  307  342  382  418  449  478
  501  506  486  446  398  357  330  314  304  296  287  273  253  229  204  183
  170  167  176  198  230  267  304  337  365  388  409  430  454  484  515  543
  563  580  602  637  684  735  782  817  838
    27.5-180.0 180.0   5.0 450.0                            LAT/LON1/LON2/DLON/H
  944  954  942  912  875  841  814  790  761  723  680  643  617  602  587  562
  524  476  432  398  377  359  338  316  306  321  363  419  472  515  549  581
  608  615  593  543  482  427  388  362  343  327  309  287  257  224  192  167
  152  149  159  182  215  252  288  320  350  380  411  444  482  524  567  602
  626  641  660  691  740  800  860  911  944
    25.0-180.0 180.0   5.0 450.0                            LAT/LON1/LON2/DLON/H
 1066 1085 1074 1038  990  946  911  880  845  801  752  708  675  649  621  582
  530  472  417  376  349  332  321  319  335  378  442  511  566  603  630  657
  683  691  666  610  541  478  430  396  370  348  325  297  260  220  182  154
  139  136  147  171  205  243  278  310  343  381  423  468  518  572  626  671
  701  718  735  764  813  879  951 1017 1066
    22.5-180.0 180.0   5.0 450.0                            LAT/LON1/LON2/DLON/H
 1186 1221 1220 1188 1140 1092 1050 1010  963  905  843  786  740  700  658  605
  540  471  407  358  328  317  323  346  391  457  533  600  642  660  670  687
  708  714  689  634  563  498  448  410  381  356  332  302  263  219  178  149
  133  131  142  168  204  243  278  312  349  395  446  502  560  622  684  738
  775  797  815  844  892  960 1041 1121 1186
    20.0-180.0 180.0   5.0 450.0                            LAT/LON1/LON2/DLON/H
 1282 1335 1352 1335 1298 1254 1211 1164 1103 1028  948  875  813  759  703  638
  563  485  414  359  329  326  351  400  467  544  615  664  679  670  658  660
  674  679  657  607  544  485  438  402  373  350  329  302  265  222  181  152
  137  135  147  174  212  252  289  325  368  421  480  542  604  669  735  793
  837  864  886  915  962 1029 1113 1202 1282
    17.5-180.0 180.0   5.0 450.0                            LAT/LON1/LON2/DLON/H
 1333 1402 1439 1444 1426 1397 1362 1313 1243 1155 1059  970  894  827  760  686
  606  524  449  391  361  368  408  474  550  620  669  685  666  628  596  585
  591  596  578  539  490  445  408  377  352  334  319  299  268  228  190  163
  148  145  156  184  223  266  306  346  395  455  520  584  646  709  773  832
  879  911  936  967 1011 1073 1153 1244 1333
    15.0-180.0 180.0   5.0 450.0                            LAT/LON1/LON2/DLON/H
 1328 1405 1459 1486 1492 1485 1465 1424 1356 1263 1159 1061  975  901  828  752
  672  592  517  459  430  440  487  556  624  670  682  658  607  547  501  483
  485  488  477  450  419  392  369  347  327  314  307  295  270  236  202  176
  160  156  165  192  234  279  323  368  423  489  559  624  682  739  798  854
  900  934  962  993 1033 1087 1156 1240 1328
    12.5-180.0 180.0   5.0 450.0                            LAT/LON1/LON2/DLON/H
 1271 1345 1406 1450 1478 1495 1496 1472 1417 1333 1233 1135 1049  974  903  832
  759  685  615  558  527  534  575  631  674  684  654  593  519  451  406  388
  388  389  381  366  354  346  338  323  308  299  296  290  272  242  210  186
  169  162  169  195  238  286  334  385  446  517  590  654  709  761  814  865
  907  939  967  996 1030 1073 1127 1195 1271
    10.0-180.0 180.0   5.0 450.0                            LAT/LON1/LON2/DLON/H
 1182 1241 1296 1345 1388 1424 1447 1447 1415 1352 1269 1183 1105 1037  975  914
  853  790  728  672  636  632  655  686  694  663  596  512  433  375  344  334
  333  328  318  311  313  321  324  315  300  291  290  286  270  242  213  188
  170  159  164  189  233  284  336  391  456  532  606  671  724  774  824  870
  907  935  960  987 1015 1046 1082 1127 1182
     7.5-180.0 180.0   5.0 450.0                            LAT/LON1/LON2/DLON/H
 1092 1126 1163 1203 1247 1293 1334 1358 1356 1322 1265 1199 1137 1083 1034  987
  939  888  834  779  736  715  714  712  684  620  531  444  381  348  340  341
  337  322  305  297  306  323  331  322  305  292  286  280  263  236  206  181
  160  147  149  173  218  273  328  386  453  530  606  671  728  780  830  874
  908  932  954  977 1001 1022 1042 1064 1092
     5.0-180.0 180.0   5.0 450.0                            LAT/LON1/LON2/DLON/H
 1031 1036 1047 1068 1100 1143 1192 1234 1259 1257 1229 1187 1144 1105 1071 1037
 1001  959  911  858  808  770  743  711  657  576  486  416  384  386  404  414
  402  372  340  324  331  347  354  341  316  295  282  270  250  221  192  166
  143  127  127  152  198  255  311  370  438  513  588  657  718  778  834  881
  913  935  955  978 1000 1017 1025 1029 1031
     2.5-180.0 180.0   5.0 450.0                            LAT/LON1/LON2/DLON/H
 1020 1000  984  979  990 1019 1062 1113 1156 1180 1178 1158 1131 1107 1084 1058
 1026  989  944  893  840  789  743  693  628  551  481  444  449  485  522  533
  508  458  407  377  374  382  380  359  326  295  273  254  230  201  172  146
  122  104  104  129  177  234  291  349  413  485  559  629  698  767  833  886
  921  945  967  992 1017 1036 1043 1036 1020
