ionex_files/COD0OPSFIN_20250750000_01D_01H_GIM.INX
     1.0            IONOSPHERE MAPS     GNSS                IONEX VERSION / TYPE
ADDNEQ2 V5.5        AIUB                20-MAR-25 19:03     PGM / RUN BY / DATE 
CODE'S GLOBAL IONOSPHERE MAPS FOR DAY 075, 2025             COMMENT             
Global ionosphere maps (GIM) are generated on a daily basis DESCRIPTION         
at CODE using data from about 300 GNSS sites of the IGS and DESCRIPTION         
other institutions. The vertical total electron content     DESCRIPTION         
(VTEC) is modeled in a solar-geomagnetic reference frame    DESCRIPTION         
using a spherical harmonics expansion up to degree and      DESCRIPTION         
order 15. Piece-wise linear functions are used for          DESCRIPTION         
representation in the time domain. The time spacing of      DESCRIPTION         
their vertices is 1 hour, conforming with the epochs of the DESCRIPTION         
VTEC maps.                                                  DESCRIPTION         
To convert line-of-sight TEC into vertical TEC, a modified  DESCRIPTION         
single-layer model mapping function approximating the JPL   DESCRIPTION         
extended slab model mapping function is adopted. The        DESCRIPTION         
mapping function is evaluated at geodetic satellite         DESCRIPTION         
elevation angles. For the computation of the ionospheric    DESCRIPTION         
pierce points, a spherical layer with a radius of 6821 km   DESCRIPTION         
is assumed, implying geocentric, not geodetic IONEX         DESCRIPTION         
latitudes.                                                  DESCRIPTION         
Instrumental biases with respect to each involved GNSS code DESCRIPTION         
observable are estimated as constant values for each        DESCRIPTION         
day. They are modeled with one set of bias parameters for   DESCRIPTION         
each satellite and each station in case of GPS and for each DESCRIPTION         
satellite-station link in case of GLONASS. The code bias    DESCRIPTION         
datum is defined by zero-mean conditions imposed on the     DESCRIPTION         
satellite bias estimates. In this file, just GPS C1W-C2W    DESCRIPTION         
satellite and station bias values are included. The         DESCRIPTION         
complete set of GNSS code bias results is provided in an    DESCRIPTION         
additional Bias-SINEX file as pseudo-absolute values        DESCRIPTION         
specific to each observable.                                DESCRIPTION         
Note: These GIM results correspond to the results for the   DESCRIPTION         
middle day of a 3-day combination analysis solving for 73   DESCRIPTION         
times 256, or 18688 VTEC parameters and 3 daily sets of     DESCRIPTION         
GNSS code bias parameters.                                  DESCRIPTION         
Contact address: code(at)aiub.unibe.ch                      DESCRIPTION         
Data archive:    ftp.aiub.unibe.ch/CODE/                    DESCRIPTION         
                 www.aiub.unibe.ch/download/CODE/           DESCRIPTION         
  2025     3    16     0     0     0                        EPOCH OF FIRST MAP  
  2025     3    17     0     0     0                        EPOCH OF LAST MAP   
  3600                                                      INTERVAL            
[...]
azgb badg bake bako barh bjfs bndy boav bogo bogt bor1 braz COMMENT             
brft brst brux cags cas1 ccj2 cedu chpg chti chur ckis coco COMMENT             
cord cpvg cpxf cro1 daej darw dav1 dgar dhlg drao dubo faa1 COMMENT             
fair flin flrs frdn func ganp glps glsv gode gol2 gold gope COMMENT             
gras graz guam guug harb hers hert hlfx hnpt hob2 hofn holb COMMENT             
hrao hyde iddr ieng iisc impz ineg invk iqal irkj jog2 joz2 COMMENT             
karr kerg kir0 kiri kiru kit3 kokb kokv koug kour krgg lama COMMENT             
laut lmmf lpal lpgs mac1 madr mal2 mana mas1 mat1 mate maui COMMENT             
maw1 mcil mcm4 mdo1 medi mgue mizu mkea mnls mobs monp morp COMMENT             
mqzg mro1 mtka nano naur nico nist nium nklg nlib nnor nrc1 COMMENT             
ntus nya1 nyal onsa opmt ous2 pado parc park pdel penc pert COMMENT             
pie1 pimo pohn pol2 polv pots pove ptag ptbb ptvl qaq1 quin COMMENT             
rabt ramo reun reyk rgdg rio2 roth salu samo sant savo sch2 COMMENT             
scor scrz sctb seyg sfer sofi spt0 ssia sthl stjo stk2 str2 COMMENT             
suth sutm suwn sydn syog tash thtg thti thu2 tid1 tidb tlse COMMENT             
tn22 tong tow2 tro1 tskb twtf txes uclu ufpr ulab unb3 unbj COMMENT             
unsa urum usn7 usud vald vill vtsp wab1 wab2 whit will wind COMMENT             
wsrt wtza wtzr wtzs wtzz wuhn xmis yar2 yarr yell ykro zeck COMMENT             
zim2 zim3 zimm                                              COMMENT             
                                                            END OF HEADER       
[from data line 3432]
     9                                                      START OF TEC MAP    
  2025     3    16     8     0     0                        EPOCH OF CURRENT MAP
    87.5-180.0 180.0   5.0 450.0                            LAT/LON1/LON2/DLON/H
  169  170  171  172  173  175  177  178  180  182  184  186  187  189  191  192
  194  195  196  197  197  198  198  198  199  199  198  198  198  198  198  198
  197  197  197  196  196  196  195  195  194  194  193  192  191  191  190  188
  187  186  185  183  182  181  179  178  176  175  174  173  171  170  170  169
  168  168  167  167  167  167  167  168  169
    85.0-180.0 180.0   5.0 450.0                            LAT/LON1/LON2/DLON/H
  160  161  162  164  166  169  173  176  180  184  188  192  196  200  203  205
  208  209  210  211  211  211  210  209  208  206  205  204  203  202  202  201
  202  202  203  204  205  206  207  208  208  209  209  209  209  208  207  206
  204  202  200  198  196  194  191  189  186  183  181  178  176  174  171  169
  167  165  164  162  161  160  159  159  160
    82.5-180.0 180.0   5.0 450.0                            LAT/LON1/LON2/DLON/H
  161  160  160  161  163  166  170  174  180  186  192  198  203  208  213  216
  219  220  220  219  218  215  212  208  204  200  196  193  191  190  190  191
  192  195  199  203  207  212  217  221  225  229  232  234  235  236  236  235
  234  233  231  229  227  224  222  219  216  213  210  207  204  201  197  194
  190  186  182  178  174  170  166  164  161
    80.0-180.0 180.0   5.0 450.0                            LAT/LON1/LON2/DLON/H
  176  170  165  163  162  164  167  172  178  184  192  199  206  211  216  220
  222  222  221  218  213  207  201  194  186  180  173  169  165  164  165  168
  172  179  187  197  207  217  228  237  246  254  260  265  269  272  274  275
  275  275  274  274  272  271  269  268  266  264  261  259  256  252  248  243
  238  232  224  217  208  200  191  183  176
    77.5-180.0 180.0   5.0 450.0                            LAT/LON1/LON2/DLON/H
  200  187  177  169  164  163  164  168  173  180  187  195  201  207  211  214
  214  213  210  205  198  190  181  171  161  151  143  137  133  132  134  140
  149  161  175  191  207  224  241  256  270  282  292  300  307  312  316  320
  322  324  326  327  328  329  329  329  329  328  326  325  322  319  315  310
  304  295  285  273  260  245  230  214  200
    75.0-180.0 180.0   5.0 450.0                            LAT/LON1/LON2/DLON/H
  227  206  188  175  166  161  160  163  168  174  180  186  191  195  198  198
  197  195  190  184  176  167  156  145  134  123  114  108  104  104  109  117
  131  147  167  189  213  236  258  278  296  312  325  336  345  352  359  364
  369  374  378  383  386  389  392  393  394  394  394  392  390  388  384  379
  372  363  351  335  317  296  273  249  227
    72.5-180.0 180.0   5.0 450.0                            LAT/LON1/LON2/DLON/H
  246  218  194  175  162  156  154  157  161  167  172  176  179  180  179  177
  174  170  165  159  152  143  134  124  114  104   96   90   87   88   95  106
  123  144  169  196  224  252  279  303  324  341  356  369  379  388  397  404
  412  419  427  433  439  444  448  450  451  451  449  447  444  441  437  433
  426  417  404  386  364  338  308  277  246
    70.0-180.0 180.0   5.0 450.0                            LAT/LON1/LON2/DLON/H
  251  216  187  165  151  144  143  147  153  159  164  166  166  163  159  155
  150  145  140  135  130  124  117  111  103   96   90   86   85   87   95  108
  127  151  179  210  242  273  302  328  350  369  385  398  409  419  429  438
  448  457  466  474  481  487  490  491  490  487  482  477  472  467  463  458
  453  445  433  415  391  361  326  289  251
    67.5-180.0 180.0   5.0 450.0                            LAT/LON1/LON2/DLON/H
  239  199  167  142  128  123  126  134  143  151  156  157  154  149  142  135
  129  123  119  116  113  110  108  105  102   99   96   94   94   98  106  120
  140  166  196  228  262  295  326  352  375  394  410  423  435  446  456  466
  476  486  494  502  509  513  514  512  507  500  490  480  470  462  456  452
  447  441  431  415  391  360  322  281  239
    65.0-180.0 180.0   5.0 450.0                            LAT/LON1/LON2/DLON/H
  213  171  136  111   98   95  102  115  128  140  147  148  145  138  130  122
  115  109  105  103  102  103  104  105  106  106  106  106  108  112  121  135
  156  182  213  248  283  317  348  376  399  418  433  447  459  470  481  491
  499  507  514  519  522  523  521  515  505  492  477  461  445  433  424  419
  415  411  404  391  369  339  301  258  213
    62.5-180.0 180.0   5.0 450.0                            LAT/LON1/LON2/DLON/H
  184  141  104   78   65   65   75   91  109  124  134  138  136  131  123  115
  108  103  100   98   97   99  102  105  109  112  114  115  118  122  131  146
  168  195  228  264  301  337  369  397  421  440  457  471  483  495  505  514
  520  524  526  527  525  522  516  506  492  474  453  432  412  395  382  375
  371  369  365  355  337  309  273  230  184
    60.0-180.0 180.0   5.0 450.0                            LAT/LON1/LON2/DLON/H
  165  122   84   56   41   39   49   67   87  105  118  125  127  124  119  114
  109  105  101   98   97   97  100  103  108  111  114  115  118  123  133  149
  173  203  239  277  316  354  388  417  442  463  480  495  509  521  530  537
  540  540  537  532  525  517  506  493  476  456  433  408  384  364  348  338
  333  331  328  321  307  283  250  210  165
    57.5-180.0 180.0   5.0 450.0                            LAT/LON1/LON2/DLON/H
  167  124   86   55   35   29   34   48   67   85  100  110  115  117  117  116
  114  111  107  102   99   96   96   98  101  103  104  105  107  113  125  145
  172  206  245  286  328  368  404  436  463  485  504  520  534  547  556  561
  562  558  550  539  527  515  501  486  469  448  425  400  376  353  335  321
  314  310  307  302  291  271  243  207  167
    55.0-180.0 180.0   5.0 450.0                            LAT/LON1/LON2/DLON/H
  190  152  114   80   55   40   37   43   55   69   83   94  103  109  114  117
  119  117  114  108  101   96   92   91   91   91   89   87   88   95  111  136
  169  208  250  295  339  380  419  453  482  506  526  543  558  571  581  586
  585  578  567  552  536  520  505  489  473  455  435  413  390  367  346  330
  319  312  307  302  292  276  254  225  190
    52.5-180.0 180.0   5.0 450.0                            LAT/LON1/LON2/DLON/H
  230  199  165  131  100   76   61   55   57   63   71   81   91  101  110  117
  121  122  119  112  104   96   90   86   83   80   74   70   70   78   98  128
  167  211  257  303  348  391  431  467  497  523  544  562  577  591  601  607
  607  601  588  572  554  536  519  503  489  474  458  441  421  400  378  358
  343  331  323  315  306  293  277  256  230
    50.0-180.0 180.0   5.0 450.0                            LAT/LON1/LON2/DLON/H
  271  251  225  195  162  131  106   87   75   69   70   75   84   95  105  114
  120  123  121  115  107   99   92   87   82   75   67   59   57   67   90  126
  171  219  267  313  357  399  440  476  509  536  558  576  591  605  617  626
  628  624  613  597  579  560  542  525  511  499  487  474  458  438  415  393
  373  357  344  333  321  310  298  286  271
    47.5-180.0 180.0   5.0 450.0                            LAT/LON1/LON2/DLON/H
  296  289  276  255  226  194  162  132  107   89   81   80   85   94  103  111
  118  121  122  119  113  106  100   95   90   81   70   59   55   65   91  131
  180  230  278  322  363  404  444  482  516  544  567  585  601  615  629  641
  648  648  641  627  609  590  570  551  535  522  511  501  487  468  444  418
  395  376  359  343  327  314  304  299  296
    45.0-180.0 180.0   5.0 450.0                            LAT/LON1/LON2/DLON/H
  291  298  299  292  275  248  216  180  146  119  101   94   95  100  105  111
  116  120  123  123  121  117  114  110  106   97   84   70   64   72   99  141
  192  242  287  328  366  405  444  483  519  550  575  593  609  624  640  655
  667  672  669  658  642  622  600  577  556  539  526  514  500  479  454  426
  401  380  360  339  318  299  288  286  291
    42.5-180.0 180.0   5.0 450.0                            LAT/LON1/LON2/DLON/H
  255  271  286  294  292  279  254  220  183  150  127  116  112  113  114  115
  117  122  127  132  133  133  131  129  126  118  105   89   79   84  110  151
  201  249  291  328  364  401  441  482  522  556  583  603  620  636  654  673
  689  698  699  692  677  658  633  605  577  552  532  515  497  473  446  418
  393  372  351  326  297  269  251  247  255
    40.0-180.0 180.0   5.0 450.0                            LAT/LON1/LON2/DLON/H
  199  216  238  259  273  276  264  239  206  174  150  138  134  132  129  125
  125  129  137  145  149  150  149  148  146  139  126  108   95   96  118  157
  204  248  287  322  357  396  438  483  526  564  595  619  638  656  676  698
  717  729  733  729  717  699  674  641  605  570  539  514  489  462  432  404
  383  365  346  318  280  240  209  195  199
    37.5-180.0 180.0   5.0 450.0                            LAT/LON1/LON2/DLON/H
  146  153  172  197  223  241  246  233  209  183  164  156  154  152  147  141
  138  142  152  163  168  168  165  162  160  154  141  122  106  103  121  156
  199  240  277  312  350  392  439  487  534  577  613  641  664  685  708  732
  753  768  775  773  765  751  727  692  649  603  562  526  494  463  432  407
  390  379  363  333  287  233  186  155  146
    35.0-180.0 180.0   5.0 450.0                            LAT/LON1/LON2/DLON/H
  123  110  113  131  158  187  205  206  194  177  167  166  169  170  165  158
  155  160  172  183  187  184  176  169  165  160  148  128  110  105  119  150
  189  227  264  303  346  394  445  497  547  594  635  669  697  723  750  776
  800  816  825  828  826  818  799  766  719  665  613  568  530  495  465  444
  434  431  421  391  338  271  206  155  123
    32.5-180.0 180.0   5.0 450.0                            LAT/LON1/LON2/DLON/H
  155  113   89   86  104  132  158  170  167  160  160  167  177  182  180  174
  172  179  191  202  204  196  182  169  162  156  145  126  108  101  114  143
  179  217  255  298  348  403  459  512  564  613  658  697  732  764  796  827
  853  872  885  893  899  901  891  863  816  758  699  648  605  570  542  527
  526  531  527  498  441  365  284  212  155
    30.0-180.0 180.0   5.0 450.0                            LAT/LON1/LON2/DLON/H
  251  177  118   85   81  100  124  139  143  143  150  164  180  189  189  185
  186  194  206  216  215  202  182  164  152  145  135  119  103   98  112  141
  177  214  254  303  360  420  479  532  583  632  678  722  764  804  843  879
  909  931  949  965  981  994  995  976  934  876  815  762  719  686  663  655
  661  673  674  648  591  511  421  333  251
    27.5-180.0 180.0   5.0 450.0                            LAT/LON1/LON2/DLON/H
  403  300  207  138  106  106  120  132  136  138  147  164  182  192  194  192
  194  203  214  221  217  201  177  156  141  133  125  112  100  100  118  149
  186  223  266  318  380  444  503  554  600  646  693  740  788  836  882  924
  959  986 1010 1034 1061 1085 1098 1090 1056 1004  946  894  855  827  811  809
  821  837  841  818  764  687  598  503  403
    25.0-180.0 180.0   5.0 450.0                            LAT/LON1/LON2/DLON/H
  583  463  341  241  179  155  154  157  156  155  161  175  190  198  199  197
  199  206  214  217  212  195  171  148  133  124  117  107  101  109  133  170
  208  245  287  341  405  470  526  573  614  655  700  748  801  857  910  957
  996 1027 1057 1089 1123 1156 1180 1183 1161 1119 1068 1023  990  970  960  963
  976  993  996  975  927  859  779  689  583
    22.5-180.0 180.0   5.0 450.0                            LAT/LON1/LON2/DLON/H
  753  630  494  372  287  242  224  215  205  197  196  203  210  211  208  204
  204  206  208  207  199  184  164  144  130  121  114  108  108  124  157  198
  239  275  315  368  430  493  546  588  624  660  702  751  807  868  926  975
 1014 1047 1079 1114 1152 1190 1221 1236 1227 1198 1160 1125 1101 1087 1082 1087
 1098 1110 1109 1087 1044  989  926  851  753
    20.0-180.0 180.0   5.0 450.0                            LAT/LON1/LON2/DLON/H
  876  764  631  503  405  346  316  296  277  260  251  247  244  237  227  218
  213  209  202  194  184  173  159  145  133  125  119  114  119  142  182  229
  271  306  343  391  450  510  559  598  631  665  703  751  809  873  931  977
 1010 1039 1069 1101 1137 1175 1210 1235 1241 1229 1206 1183 1168 1160 1158 1159
 1165 1167 1157 1130 1091 1049 1006  954  876
    17.5-180.0 180.0   5.0 450.0                            LAT/LON1/LON2/DLON/H
  923  837  722  603  507  445  409  384  359  335  317  304  291  274  257  244
  232  219  202  185  172  164  158  151  143  136  128  124  131  157  203  253
  296  329  363  408  462  518  566  605  639  671  708  755  814  876  930  967
  989 1006 1025 1049 1077 1109 1146 1181 1204 1211 1205 1195 1188 1184 1180 1175
 1170 1160 1138 1102 1061 1027 1002  974  923
    15.0-180.0 180.0   5.0 450.0                            LAT/LON1/LON2/DLON/H
  891  836  751  655  574  519  485  460  434  408  384  364  343  320  298  280
  262  240  212  185  167  162  162  161  158  150  141  134  139  166  213  265
  309  341  373  414  465  519  568  610  648  683  721  767  825  885  930  952
  956  954  956  965  980 1006 1044 1090 1132 1158 1170 1172 1171 1167 1158 1145
 1128 1103 1066 1018  969  936  921  914  891
    12.5-180.0 180.0   5.0 450.0                            LAT/LON1/LON2/DLON/H
  796  773  722  656  597  557  533  514  491  465  440  418  394  369  344  323
  301  271  233  196  173  167  171  176  175  168  155  144  144  167  210  262
  306  339  371  412  461  515  566  615  659  699  739  787  844  899  934  939
  920  896  877  868  870  888  930  989 1050 1097 1124 1136 1139 1131 1115 1091
 1062 1024  972  908  847  805  792  796  796
    10.0-180.0 180.0   5.0 450.0                            LAT/LON1/LON2/DLON/H
  675  677  656  621  587  564  553  542  524  502  479  458  436  411  387  366
  342  308  263  218  189  181  186  193  194  187  171  152  145  159  197  246
  290  327  362  404  453  507  562  617  670  716  760  809  866  919  944  933
  893  847  808  782  773  789  837  911  991 1054 1093 1111 1113 1101 1076 1043
 1004  956  892  812  734  677  654  660  675
     7.5-180.0 180.0   5.0 450.0                            LAT/LON1/LON2/DLON/H
  568  585  587  576  563  557  556  553  541  521  500  481  462  441  420  401
  377  342  294  246  212  200  204  212  214  205  186  161  143  148  178  223
  269  310  350  394  444  499  556  617  676  728  776  828  887  938  958  936
  882  821  769  732  717  736  795  884  978 1051 1095 1113 1112 1094 1061 1021
  977  924  852  760  664  589  551  550  568
     5.0-180.0 180.0   5.0 450.0                            LAT/LON1/LON2/DLON/H
  512  533  547  551  551  555  562  564  553  532  510  492  475  457  438  420
  398  365  319  271  236  222  224  231  233  223  200  169  143  137  159  200
  248  294  339  387  437  489  547  610  672  728  779  835  897  950  971  947
  891  827  772  734  722  749  821  923 1023 1096 1135 1147 1140 1115 1077 1034
  990  939  865  767  658  566  511  498  512
     2.5-180.0 180.0   5.0 450.0                            LAT/LON1/LON2/DLON/H
  524  542  557  565  571  580  590  591  576  549  521  499  481  462  442  422
  401  371  331  287  255  240  241  247  248  237  212  177  144  130  145  184
  234  285  334  382  430  479  533  595  657  713  766  824  891  949  977  962
  918  866  821  793  792  832  915 1022 1118 1178 1203 1203 1186 1156 1116 1074
 1036  992  925  828  713  611  543  518  524
