ionex_files/COD0OPSFIN_20250810000_01D_01H_GIM.INX
     1.0            IONOSPHERE MAPS     GNSS                IONEX VERSION / TYPE
ADDNEQ2 V5.5        AIUB                26-MAR-25 20:34     PGM / RUN BY / DATE 
CODE'S GLOBAL IONOSPHERE MAPS FOR DAY 081, 2025             COMMENT             
Global ionosphere maps (GIM) are generated on a daily basis DESCRIPTION         
at CODE using data from about 300 GNSS sites of the IGS and DESCRIPTION         
other institutions. The vertical total electron content     DESCRIPTION         
(VTEC) is modeled in a solar-geomagnetic reference frame    DESCRIPTION         
using a spherical harmonics expansion up to degree and      DESCRIPTION         
order 15. Piece-wise linear functions are used for          DESCRIPTION         
representation in the time domain. The time spacing of      DESCRIPTION         
their vertices is 1 hour, conforming with the epochs of the DESCRIPTION         
VTEC maps.                                                  DESCRIPTION         
To convert line-of-sight TEC into vertical TEC, a modified  DESCRIPTION         
single-layer model mapping function approximating the JPL   DESCRIPTION         
extended slab model mapping function is adopted. The        DESCRIPTION         
mapping function is evaluated at geodetic satellite         DESCRIPTION         
elevation angles. For the computation of the ionospheric    DESCRIPTION         
pierce points, a spherical layer with a radius of 6821 km   DESCRIPTION         
is assumed, implying geocentric, not geodetic IONEX         DESCRIPTION         
latitudes.                                                  DESCRIPTION         
Instrumental biases with respect to each involved GNSS code DESCRIPTION         
observable are estimated as constant values for each        DESCRIPTION         
day. They are modeled with one set of bias parameters for   DESCRIPTION         
each satellite and each station in case of GPS and for each DESCRIPTION         
satellite-station link in case of GLONASS. The code bias    DESCRIPTION         
datum is defined by zero-mean conditions imposed on the     DESCRIPTION         
satellite bias estimates. In this file, just GPS C1W-C2W    DESCRIPTION         
satellite and station bias values are included. The         DESCRIPTION         
complete set of GNSS code bias results is provided in an    DESCRIPTION         
additional Bias-SINEX file as pseudo-absolute values        DESCRIPTION         
specific to each observable.                                DESCRIPTION         
Note: These GIM results correspond to the results for the   DESCRIPTION         
middle day of a 3-day combination analysis solving for 73   DESCRIPTION         
times 256, or 18688 VTEC parameters and 3 daily sets of     DESCRIPTION         
GNSS code bias parameters.                                  DESCRIPTION         
Contact address: code(at)aiub.unibe.ch                      DESCRIPTION         
Data archive:    ftp.aiub.unibe.ch/CODE/                    DESCRIPTION         
                 www.aiub.unibe.ch/download/CODE/           DESCRIPTION         
  2025     3    22     0     0     0                        EPOCH OF FIRST MAP  
  2025     3    23     0     0     0                        EPOCH OF LAST MAP   
  3600                                                      INTERVAL            
[...]
badg bake bako barh bjfs bndy boav bogo bogt bor1 braz brft COMMENT             
brst brux cags cas1 ccj2 cedu chpg chti ckis coco cord cpvg COMMENT             
cpxf cro1 daej darw dav1 dgar dhlg drao dubo faa1 fair flin COMMENT             
flrs frdn func ganp glps glsv gode gol2 gold gope gras graz COMMENT             
guam guug harb hers hert hlfx hnpt hob2 hofn holb hrao hyde COMMENT             
iddr ieng iisc impz ineg invk iqal irkj jog2 joz2 karr kerg COMMENT             
kir0 kiri kiru kit3 kokb kokv koug kour krgg lama laut lmmf COMMENT             
lpal lpgs mac1 madr mal2 mana mas1 mat1 mate maui maw1 mcil COMMENT             
mcm4 mdo1 medi mgue mizu mkea mnls mobs morp mqzg mro1 mtka COMMENT             
nano naur nico nist nium nklg nlib nnor nrc1 ntus nya1 nyal COMMENT             
onsa opmt ous2 pado parc park pdel penc pert pie1 pimo pohn COMMENT             
pol2 polv pots pove ptag ptbb ptvl qaq1 quin rabt ramo reun COMMENT             
reyk rgdg rio2 roth salu samo sant savo sch2 scor scrz sctb COMMENT             
scub seyg sfer sofi spt0 ssia sthl stjo stk2 str2 suth sutm COMMENT             
suwn sydn syog tash thtg thti thu2 tid1 tidb tlse tn22 tong COMMENT             
tow2 tro1 tskb twtf txes uclu ufpr ulab unb3 unbj unsa urum COMMENT             
usn7 usud vald vill vtsp wab1 wab2 whit will wind wsrt wtza COMMENT             
wtzr wtzs wtzz wuhn xmis yar2 yar3 yarr yell ykro zeck zim2 COMMENT             
zim3 zimm                                                   COMMENT             
                                                            END OF HEADER       
[from data line 6006]
    15                                                      START OF TEC MAP    
  2025     3    22    14     0     0                        EPOCH OF CURRENT MAP
    87.5-180.0 180.0   5.0 450.0                            LAT/LON1/LON2/DLON/H
  230  231  233  234  236  238  240  242  244  246  248  250  252  253  255  257
  258  260  261  262  263  264  265  266  266  267  267  267  267  267  266  266
  265  264  263  262  260  259  257  256  254  252  251  249  247  246  244  243
  241  240  239  238  236  235  234  233  232  231  230  229  228  228  227  226
  226  226  226  226  226  227  227  228  230
    85.0-180.0 180.0   5.0 450.0                            LAT/LON1/LON2/DLON/H
  187  190  194  197  201  206  210  215  219  223  226  230  233  236  238  241
  243  245  247  248  250  252  254  256  258  259  261  262  263  263  263  263
  262  260  258  255  252  249  245  242  238  234  231  228  225  222  220  219
  218  217  216  215  215  214  213  212  210  208  206  203  200  197  194  192
  189  187  185  184  183  183  184  185  187
    82.5-180.0 180.0   5.0 450.0                            LAT/LON1/LON2/DLON/H
  135  140  145  151  158  165  172  179  185  191  195  199  202  204  206  207
  208  210  212  214  216  219  223  227  231  235  240  243  247  249  251  252
  252  250  248  244  239  233  227  220  213  207  201  197  193  191  189  190
  191  193  195  198  200  202  203  203  201  199  195  190  183  177  169  162
  155  148  142  137  134  132  131  133  135
    80.0-180.0 180.0   5.0 450.0                            LAT/LON1/LON2/DLON/H
   86   91   98  106  116  126  136  144  152  158  162  165  166  166  165  163
  163  162  163  165  169  174  181  188  196  204  213  221  228  234  239  242
  243  242  240  235  228  220  210  200  189  179  171  164  160  158  159  163
  169  176  184  193  201  207  212  214  213  210  204  196  186  174  161  147
  134  121  110  100   92   86   83   83   86
    77.5-180.0 180.0   5.0 450.0                            LAT/LON1/LON2/DLON/H
   52   56   64   74   85   97  109  119  127  132  135  135  132  128  123  119
  115  113  114  117  123  131  142  154  167  180  193  204  215  224  231  237
  240  241  239  234  226  215  202  188  173  159  147  138  133  133  137  146
  158  172  188  204  218  230  239  244  244  241  233  222  208  191  173  154
  135  116   98   83   70   60   54   51   52
    75.0-180.0 180.0   5.0 450.0                            LAT/LON1/LON2/DLON/H
   43   45   51   61   73   85   97  107  115  119  118  115  108  100   91   82
   76   74   75   81   91  104  121  138  156  174  189  203  215  225  233  239
  243  245  245  240  233  221  206  188  169  151  136  125  120  121  129  142
  161  182  205  227  247  264  275  282  283  279  270  257  241  222  201  179
  156  134  113   94   76   62   52   45   43
    72.5-180.0 180.0   5.0 450.0                            LAT/LON1/LON2/DLON/H
   61   59   62   69   79   90  101  110  116  117  114  107   96   84   71   61
   53   51   55   65   81  101  125  149  171  192  208  221  231  237  243  247
  251  253  254  252  246  235  219  200  179  158  141  128  123  125  136  154
  177  203  230  256  278  296  308  314  314  310  301  287  271  253  234  213
  192  171  150  130  111   93   78   67   61
    70.0-180.0 180.0   5.0 450.0                            LAT/LON1/LON2/DLON/H
   99   92   90   93   99  108  117  123  126  125  119  109   96   81   67   55
   49   49   56   72   95  123  153  184  211  233  248  256  260  259  258  257
  258  260  263  264  261  253  240  221  200  179  160  147  142  146  159  179
  204  231  257  281  300  314  323  326  324  319  310  298  286  272  258  244
  230  214  198  181  163  144  127  111   99
    67.5-180.0 180.0   5.0 450.0                            LAT/LON1/LON2/DLON/H
  146  133  125  123  125  130  135  139  140  136  128  117  103   88   74   64
   59   62   74   96  125  161  199  236  267  289  301  303  298  288  277  268
  264  264  268  271  273  270  261  247  228  209  192  181  177  182  195  214
  236  259  279  295  306  312  314  311  306  299  291  283  276  269  263  259
  254  249  242  231  218  201  182  163  146
    65.0-180.0 180.0   5.0 450.0                            LAT/LON1/LON2/DLON/H
  185  167  154  147  145  147  149  150  148  143  135  124  112   99   89   81
   80   86  102  127  162  203  248  290  325  349  358  354  340  319  298  281
  270  267  269  275  281  284  281  272  259  245  232  224  223  228  240  255
  271  285  293  297  296  290  282  273  264  257  250  245  243  242  245  250
  256  262  266  265  258  245  226  206  185
    62.5-180.0 180.0   5.0 450.0                            LAT/LON1/LON2/DLON/H
  204  184  168  158  153  152  151  150  147  142  134  126  118  110  104  102
  104  112  129  156  193  238  288  335  374  400  410  402  382  353  324  298
  280  272  272  278  286  293  297  296  291  284  277  274  275  282  290  300
  306  307  301  290  274  256  239  224  212  204  199  196  197  200  208  219
  233  248  261  270  270  263  247  226  204
    60.0-180.0 180.0   5.0 450.0                            LAT/LON1/LON2/DLON/H
  198  178  161  151  145  143  141  139  135  130  125  121  118  117  117  120
  125  135  151  177  213  258  310  362  406  437  450  444  422  391  356  325
  301  286  281  284  292  302  311  318  322  323  325  327  332  338  343  344
  340  327  307  281  252  224  199  181  168  160  156  154  154  156  163  175
  191  210  229  244  251  249  238  219  198
    57.5-180.0 180.0   5.0 450.0                            LAT/LON1/LON2/DLON/H
  169  151  137  129  124  122  120  117  114  110  109  110  113  119  126  133
  140  150  164  186  219  262  314  369  420  458  479  479  462  433  398  364
  335  314  302  299  304  314  327  340  353  363  373  381  388  393  394  388
  373  349  317  279  240  206  178  159  147  141  136  133  128  125  125  131
  142  159  179  196  207  209  202  187  169
    55.0-180.0 180.0   5.0 450.0                            LAT/LON1/LON2/DLON/H
  127  114  105  100   98   97   96   93   90   88   90   97  106  118  130  140
  150  159  170  187  214  254  305  363  420  468  499  510  502  480  449  415
  383  355  335  324  323  331  347  366  386  404  420  433  441  444  441  429
  406  374  333  289  246  209  181  164  155  150  146  140  129  118  107  102
  103  112  125  140  151  155  151  141  127
    52.5-180.0 180.0   5.0 450.0                            LAT/LON1/LON2/DLON/H
   87   79   75   74   75   76   75   72   69   70   76   87  101  117  131  144
  154  162  171  184  206  241  291  351  415  473  516  539  542  529  504  473
  439  406  377  358  351  356  373  396  422  446  465  480  488  489  481  464
  437  401  357  312  268  232  207  192  186  184  180  170  155  135  114   96
   85   82   86   94  101  104  103   96   87
    50.0-180.0 180.0   5.0 450.0                            LAT/LON1/LON2/DLON/H
   61   58   58   61   65   66   64   60   58   61   71   85  102  118  133  145
  155  163  171  181  200  232  281  344  414  480  534  567  580  575  557  530
  496  459  424  398  385  389  407  433  461  487  507  521  527  525  514  494
  466  429  386  342  301  267  244  231  227  225  222  212  194  170  142  116
   95   80   73   71   72   72   70   66   61
    47.5-180.0 180.0   5.0 450.0                            LAT/LON1/LON2/DLON/H
   58   58   61   66   70   70   66   61   59   64   76   93  110  125  137  147
  155  163  172  182  200  231  279  345  420  494  554  595  613  613  600  576
  543  505  468  439  425  429  448  475  503  528  545  555  557  552  539  518
  490  455  415  373  334  301  278  264  259  257  255  247  232  210  183  155
  129  106   89   78   71   67   64   60   58
    45.0-180.0 180.0   5.0 450.0                            LAT/LON1/LON2/DLON/H
   78   79   83   88   90   88   80   72   70   76   91  109  125  136  143  149
  155  164  175  188  207  239  287  355  433  512  577  619  638  639  627  606
  577  542  507  480  469  475  496  522  547  567  579  584  582  574  559  538
  511  478  440  399  360  326  299  282  272  268  266  262  255  241  223  201
  177  153  130  111   97   88   83   79   78
    42.5-180.0 180.0   5.0 450.0                            LAT/LON1/LON2/DLON/H
  114  114  117  120  119  113  102   91   87   95  112  131  145  152  152  152
  156  166  180  197  219  252  301  369  451  531  597  637  653  650  638  620
  597  569  542  522  517  528  550  574  594  607  612  612  606  595  579  558
  532  499  462  420  378  340  308  283  267  258  256  256  257  257  252  242
  227  206  183  160  141  129  121  116  114
    40.0-180.0 180.0   5.0 450.0                            LAT/LON1/LON2/DLON/H
  156  153  153  153  149  139  124  110  106  114  133  152  165  168  163  159
  160  170  186  207  232  266  315  383  465  546  610  647  657  650  638  625
  611  595  579  570  573  589  611  631  644  649  648  643  635  623  607  585
  559  525  485  441  396  353  315  283  258  243  237  239  247  257  266  270
  266  253  233  210  190  175  166  160  156
    37.5-180.0 180.0   5.0 450.0                            LAT/LON1/LON2/DLON/H
  192  186  181  178  172  159  141  125  119  129  148  169  182  182  175  167
  167  177  195  219  245  279  326  392  472  552  615  648  654  646  636  632
  632  631  628  629  640  659  680  694  699  697  691  685  676  665  648  626
  597  561  518  472  425  381  340  302  270  245  232  230  239  253  270  284
  290  285  270  249  230  216  206  199  192
    35.0-180.0 180.0   5.0 450.0                            LAT/LON1/LON2/DLON/H
  216  205  197  190  182  168  149  132  126  135  156  178  191  193  187  179
  179  188  208  233  259  290  333  394  470  548  610  644  650  645  644  654
  670  685  696  706  721  740  757  764  762  755  747  742  735  724  707  684
  653  614  569  523  479  439  400  362  324  291  267  254  253  262  276  291
  301  300  289  272  255  242  234  226  216
    32.5-180.0 180.0   5.0 450.0                            LAT/LON1/LON2/DLON/H
  227  211  197  188  180  167  149  132  126  135  155  177  194  200  199  195
  196  207  226  251  277  304  340  392  461  537  600  637  651  657  671  699
  735  765  785  799  814  830  841  842  834  824  819  816  811  800  782  758
  726  686  642  600  564  535  506  473  433  392  355  326  306  297  296  300
  305  304  294  279  264  255  248  240  227
    30.0-180.0 180.0   5.0 450.0                            LAT/LON1/LON2/DLON/H
  227  206  188  177  169  158  143  128  122  129  147  170  190  204  211  214
  220  232  252  278  302  325  351  392  452  523  588  635  662  685  720  770
  824  867  892  904  914  923  928  923  913  905  903  904  900  888  868  842
  810  772  732  698  676  663  650  627  590  544  494  446  402  366  341  325
  316  307  293  277  264  257  252  244  227
    27.5-180.0 180.0   5.0 450.0                            LAT/LON1/LON2/DLON/H
  225  199  177  163  156  149  137  124  118  123  139  160  184  206  223  236
  248  264  286  313  337  355  372  400  448  514  582  640  685  730  788  860
  930  981 1004 1010 1011 1013 1012 1006  997  993  995  998  993  977  953  926
  895  860  826  802  795  801  806  797  767  720  662  598  532  467  412  371
  342  319  298  278  263  257  253  244  225
    25.0-180.0 180.0   5.0 450.0                            LAT/LON1/LON2/DLON/H
  227  197  170  155  148  144  135  125  119  122  134  153  179  209  237  261
  280  300  326  356  382  397  405  420  455  515  586  656  721  788  868  957
 1038 1090 1107 1103 1095 1092 1089 1084 1078 1079 1084 1087 1077 1053 1024  995
  966  934  904  889  894  915  937  941  922  881  823  752  671  585  504  437
  387  348  315  288  269  262  258  249  227
    22.5-180.0 180.0   5.0 450.0                            LAT/LON1/LON2/DLON/H
  236  204  174  157  150  147  141  133  128  128  136  153  180  216  253  286
  313  339  369  404  433  447  448  452  476  529  603  684  765  850  947 1047
 1131 1179 1187 1173 1159 1153 1153 1152 1151 1155 1161 1159 1140 1107 1071 1039
 1010  978  949  935  944  973 1004 1019 1012  984  938  874  791  696  600  515
  447  393  347  310  286  275  270  260  236
    20.0-180.0 180.0   5.0 450.0                            LAT/LON1/LON2/DLON/H
  254  220  189  170  163  160  155  149  144  143  147  161  189  228  273  313
  346  377  414  454  487  501  497  493  509  557  633  722  814  911 1015 1118
 1198 1236 1234 1213 1197 1196 1201 1205 1207 1212 1215 1205 1175 1131 1087 1052
 1020  984  947  924  927  952  983 1004 1009 1000  977  934  867  780  684  592
  514  447  390  343  310  294  288  277  254
    17.5-180.0 180.0   5.0 450.0                            LAT/LON1/LON2/DLON/H
  274  242  211  191  183  179  174  169  165  164  167  180  206  248  296  341
  379  415  457  502  537  553  547  539  550  596  673  767  865  964 1066 1162
 1232 1259 1250 1226 1214 1220 1233 1240 1243 1244 1240 1220 1179 1125 1075 1035
  998  951  898  856  840  850  872  894  911  925  931  921  884  820  739  653
  573  500  433  376  336  315  306  296  274
    15.0-180.0 180.0   5.0 450.0                            LAT/LON1/LON2/DLON/H
  291  262  234  214  205  200  195  189  187  187  192  205  232  273  323  370
  411  452  498  545  582  598  593  585  597  644  723  817  913 1008 1100 1182
 1238 1255 1240 1220 1217 1232 1250 1258 1256 1250 1238 1208 1158 1097 1043 1000
  954  891  815  747  704  692  699  717  743  780  819  846  846  814  758  688
  615  540  467  403  355  329  319  310  291
    12.5-180.0 180.0   5.0 450.0                            LAT/LON1/LON2/DLON/H
  299  275  251  233  224  217  211  206  205  209  217  232  261  303  352  400
  445  489  538  585  621  635  632  629  647  698  777  869  959 1043 1119 1185
 1226 1235 1220 1207 1214 1237 1257 1260 1249 1233 1212 1176 1122 1060 1006  961
  906  825  724  627  556  519  510  522  556  611  677  736  769  770  742  694
  631  559  484  415  363  333  322  314  299
    10.0-180.0 180.0   5.0 450.0                            LAT/LON1/LON2/DLON/H
  297  278  258  243  234  226  219  215  217  225  238  258  289  332  381  431
  479  527  577  622  654  666  666  671  697  754  833  921 1001 1070 1131 1180
 1209 1214 1203 1199 1214 1240 1255 1247 1224 1199 1172 1135 1083 1027  979  934
  872  776  653  532  440  385  363  371  408  472  552  628  682  707  703  673
  623  556  481  411  357  326  314  308  297
     7.5-180.0 180.0   5.0 450.0                            LAT/LON1/LON2/DLON/H
  285  271  255  243  234  227  219  216  220  232  251  276  312  357  408  460
  511  564  614  657  684  694  699  713  749  811  889  969 1037 1093 1139 1176
 1198 1203 1198 1201 1220 1241 1245 1223 1187 1154 1127 1095 1052 1008  970  931
  866  761  626  494  393  331  305  311  346  409  485  557  613  645  654  637
  595  534  463  394  342  311  298  293  285
     5.0-180.0 180.0   5.0 450.0                            LAT/LON1/LON2/DLON/H
  270  258  245  234  227  219  212  209  215  230  253  285  326  375  429  484
  540  596  649  689  712  724  735  759  804  867  940 1009 1066 1111 1147 1177
 1197 1205 1207 1214 1229 1238 1225 1187 1141 1106 1083 1062 1034 1006  982  952
  892  788  655  528  433  379  359  365  394  442  496  543  579  601  608  596
  560  503  436  373  324  295  283  277  270
     2.5-180.0 180.0   5.0 450.0                            LAT/LON1/LON2/DLON/H
  257  245  233  223  215  207  200  198  204  221  247  283  329  382  440  499
  560  621  676  716  740  755  776  810  860  921  984 1040 1085 1121 1152 1181
 1204 1217 1222 1228 1232 1225 1193 1141 1090 1058 1046 1038 1027 1015 1007  991
  942  850  734  626  554  519  512  521  541  563  579  584  582  580  575  559
  524  472  411  355  313  286  273  266  257
