ionex_files/COD0OPSFIN_20250920000_01D_01H_GIM.INX
     1.0            IONOSPHERE MAPS     GNSS                IONEX VERSION / TYPE
ADDNEQ2 V5.5        AIUB                06-APR-25 19:50     PGM / RUN BY / DATE 
CODE'S GLOBAL IONOSPHERE MAPS FOR DAY 092, 2025             COMMENT             
Global ionosphere maps (GIM) are generated on a daily basis DESCRIPTION         
at CODE using data from about 300 GNSS sites of the IGS and DESCRIPTION         
other institutions. The vertical total electron content     DESCRIPTION         
(VTEC) is modeled in a solar-geomagnetic reference frame    DESCRIPTION         
using a spherical harmonics expansion up to degree and      DESCRIPTION         
order 15. Piece-wise linear functions are used for          DESCRIPTION         
representation in the time domain. The time spacing of      DESCRIPTION         
their vertices is 1 hour, conforming with the epochs of the DESCRIPTION         
VTEC maps.                                                  DESCRIPTION         
To convert line-of-sight TEC into vertical TEC, a modified  DESCRIPTION         
single-layer model mapping function approximating the JPL   DESCRIPTION         
extended slab model mapping function is adopted. The        DESCRIPTION         
mapping function is evaluated at geodetic satellite         DESCRIPTION         
elevation angles. For the computation of the ionospheric    DESCRIPTION         
pierce points, a spherical layer with a radius of 6821 km   DESCRIPTION         
is assumed, implying geocentric, not geodetic IONEX         DESCRIPTION         
latitudes.                                                  DESCRIPTION         
Instrumental biases with respect to each involved GNSS code DESCRIPTION         
observable are estimated as constant values for each        DESCRIPTION         
day. They are modeled with one set of bias parameters for   DESCRIPTION         
each satellite and each station in case of GPS and for each DESCRIPTION         
satellite-station link in case of GLONASS. The code bias    DESCRIPTION         
datum is defined by zero-mean conditions imposed on the     DESCRIPTION         
satellite bias estimates. In this file, just GPS C1W-C2W    DESCRIPTION         
satellite and station bias values are included. The         DESCRIPTION         
complete set of GNSS code bias results is provided in an    DESCRIPTION         
additional Bias-SINEX file as pseudo-absolute values        DESCRIPTION         
specific to each observable.                                DESCRIPTION         
Note: These GIM results correspond to the results for the   DESCRIPTION         
middle day of a 3-day combination analysis solving for 73   DESCRIPTION         
times 256, or 18688 VTEC parameters and 3 daily sets of     DESCRIPTION         
GNSS code bias parameters.                                  DESCRIPTION         
Contact address: code(at)aiub.unibe.ch                      DESCRIPTION         
Data archive:    ftp.aiub.unibe.ch/CODE/                    DESCRIPTION         
                 www.aiub.unibe.ch/download/CODE/           DESCRIPTION         
  2025     4     2     0     0     0                        EPOCH OF FIRST MAP  
  2025     4     3     0     0     0                        EPOCH OF LAST MAP   
  3600                                                      INTERVAL            
[...]
abpo adis albh algo alic amu2 areg areq ascg aspa auck azgb COMMENT             
badg bake barh bjfs bndy boav bogo bogt bor1 braz brft brst COMMENT             
brux cags cas1 ccj2 cedu chpg chti chur ckis coco cord cpvg COMMENT             
cpxf cro1 daej darw dav1 dgar dhlg drao dubo faa1 fair flin COMMENT             
flrs frdn func ganp glps glsv gode gol2 gold gope gras graz COMMENT             
guam guug harb hers hert hlfx hnpt hob2 hofn holb hrao iddr COMMENT             
ieng iisc impz ineg invk iqal irkj jog2 joz2 karr kerg kir0 COMMENT             
kiri kiru kit3 kokb kokv koug kour krgg lama laut lmmf lpal COMMENT             
lpgs m0se mac1 madr mal2 mana mas1 mat1 mate maui maw1 mcil COMMENT             
mcm4 mdo1 medi mgue mizu mkea mnls mobs morp mqzg mro1 mtka COMMENT             
nano naur nico nist nium nklg nlib nnor not1 nrc1 ntus nya1 COMMENT             
nyal onsa opmt pado park pdel penc pert pie1 pimo pohn pol2 COMMENT             
polv pots pove ptag ptbb ptvl qaq1 quin rabt ramo reun reyk COMMENT             
rgdg rio2 roth salu samo sant savo sch2 scor scrz sctb scub COMMENT             
seyg sfer spt0 ssia sthl stjo stk2 str2 suth sutm suwn sydn COMMENT             
syog tash thtg thti thu2 tid1 tidb tlse tn22 tong tow2 tro1 COMMENT             
tskb twtf txes uclu ufpr ulab unb3 unbj unsa urum usn7 usud COMMENT             
vald vill vtsp wab1 wab2 whit will wind wsrt wtza wtzr wtzs COMMENT             
wtzz wuhn xmis yar2 yar3 yarr yell ykro zeck zim2 zim3 zimm COMMENT             
                                                            END OF HEADER       
[from data line 3003]
     8                                                      START OF TEC MAP    
  2025     4     2     7     0     0                        EPOCH OF CURRENT MAP
    87.5-180.0 180.0   5.0 450.0                            LAT/LON1/LON2/DLON/H
  133  134  136  138  140  143  145  148  151  154  157  160  163  166  168  171
  173  175  177  178  179  180  181  182  182  182  182  182  181  181  180  180
  179  178  178  177  176  175  175  174  173  172  171  170  168  167  166  164
  163  161  159  158  156  154  152  150  148  146  144  142  140  138  136  135
  134  133  132  131  131  131  131  132  133
    85.0-180.0 180.0   5.0 450.0                            LAT/LON1/LON2/DLON/H
  111  113  116  119  123  129  134  141  147  154  161  168  175  181  186  191
  195  199  201  203  204  204  203  202  200  198  196  194  192  190  188  187
  185  184  184  183  183  183  183  183  183  183  183  182  182  181  180  179
  177  176  173  171  168  165  162  159  155  151  147  143  138  134  130  126
  122  119  116  113  112  110  110  110  111
    82.5-180.0 180.0   5.0 450.0                            LAT/LON1/LON2/DLON/H
  101  102  104  107  113  119  127  136  146  157  168  178  188  198  206  213
  218  221  223  223  222  219  215  210  205  199  194  188  184  180  177  175
  174  174  174  176  178  180  183  185  188  191  193  195  196  198  198  199
  199  199  198  197  195  192  190  186  182  177  172  166  160  153  147  140
  134  127  121  116  111  107  104  102  101
    80.0-180.0 180.0   5.0 450.0                            LAT/LON1/LON2/DLON/H
  112  109  107  108  112  117  125  136  147  160  174  187  200  211  221  228
  233  235  235  232  227  220  211  202  192  182  173  165  158  153  150  149
  149  151  154  159  164  171  177  183  190  196  201  206  210  214  217  221
  223  226  228  230  231  231  230  228  225  221  216  210  203  195  187  178
  170  161  153  144  137  129  122  116  112
    77.5-180.0 180.0   5.0 450.0                            LAT/LON1/LON2/DLON/H
  144  135  128  124  122  124  130  139  150  163  178  192  205  217  226  232
  235  235  232  226  217  206  193  179  166  153  141  132  124  119  116  117
  119  124  131  139  149  159  169  180  189  199  207  214  221  228  234  240
  246  253  259  265  271  275  278  279  279  277  272  266  259  251  242  233
  224  215  206  196  186  176  165  155  144
    75.0-180.0 180.0   5.0 450.0                            LAT/LON1/LON2/DLON/H
  194  178  163  150  142  138  139  145  154  166  179  192  204  213  220  224
  224  221  215  205  194  180  165  149  134  120  108   98   92   88   87   90
   95  103  112  124  136  150  163  177  189  200  211  220  229  238  246  256
  266  277  288  299  310  319  327  332  334  333  330  324  317  309  300  292
  284  276  268  260  250  239  226  211  194
    72.5-180.0 180.0   5.0 450.0                            LAT/LON1/LON2/DLON/H
  251  227  203  182  165  155  151  153  159  169  179  189  197  202  205  204
  201  195  186  176  163  149  134  119  105   92   82   75   71   70   72   76
   83   92  103  116  130  145  160  175  189  202  214  225  235  245  256  268
  282  298  314  330  346  359  370  378  382  382  379  373  364  356  347  339
  333  329  325  321  315  306  292  273  251
    70.0-180.0 180.0   5.0 450.0                            LAT/LON1/LON2/DLON/H
  302  271  238  208  184  167  159  159  163  171  178  184  187  187  184  179
  172  164  154  144  133  121  108   96   86   77   71   68   68   70   74   79
   87   95  105  117  130  145  160  176  191  205  218  230  241  253  267  282
  299  318  338  358  377  393  406  414  418  417  412  404  393  383  373  366
  362  362  364  366  366  361  349  329  302
    67.5-180.0 180.0   5.0 450.0                            LAT/LON1/LON2/DLON/H
  337  299  259  222  192  171  161  160  165  172  178  180  179  173  164  154
  144  135  126  118  110  102   93   86   80   76   75   76   79   84   89   95
  101  108  115  124  135  148  163  179  195  210  225  238  252  266  282  300
  321  343  365  387  406  421  432  438  439  436  428  417  403  390  378  370
  366  369  376  385  392  393  385  366  337
    65.0-180.0 180.0   5.0 450.0                            LAT/LON1/LON2/DLON/H
  349  307  262  219  185  163  154  155  162  171  177  177  172  162  149  136
  124  115  108  103   99   94   90   87   85   86   88   93   99  105  111  117
  121  125  129  134  142  153  167  183  200  218  235  252  269  287  307  328
  352  375  398  418  434  446  452  453  449  442  431  417  401  384  369  357
  352  355  364  378  392  400  397  380  349
    62.5-180.0 180.0   5.0 450.0                            LAT/LON1/LON2/DLON/H
  341  298  249  203  168  146  139  144  155  166  174  175  168  156  142  127
  116  108  104  101  100   99   97   97   97  100  105  111  118  125  130  134
  137  139  141  144  150  159  172  188  207  228  249  272  294  317  342  367
  393  417  438  455  465  469  468  462  453  442  429  414  396  377  358  342
  332  331  339  354  372  385  386  372  341
    60.0-180.0 180.0   5.0 450.0                            LAT/LON1/LON2/DLON/H
  322  279  230  183  148  128  124  131  145  159  169  171  166  155  142  129
  120  114  111  111  111  110  109  109  110  113  117  123  128  133  138  142
  145  147  150  153  158  166  178  195  215  240  267  295  325  355  385  415
  443  467  486  496  499  495  485  472  458  444  431  417  401  381  360  338
  320  311  313  325  343  359  364  352  322
    57.5-180.0 180.0   5.0 450.0                            LAT/LON1/LON2/DLON/H
  305  264  217  173  140  121  117  124  137  151  161  166  164  157  148  139
  132  128  127  127  126  124  121  119  118  119  122  124  126  129  132  137
  143  149  155  161  167  175  186  202  224  252  285  321  358  396  433  468
  497  521  535  540  536  523  506  486  469  454  442  432  419  403  380  354
  327  308  299  304  318  333  340  332  305
    55.0-180.0 180.0   5.0 450.0                            LAT/LON1/LON2/DLON/H
  300  264  222  183  153  135  129  131  138  147  154  160  162  160  156  152
  149  147  145  143  140  135  129  125  122  120  118  117  115  114  116  123
  134  148  161  172  180  188  197  211  233  263  301  345  391  437  480  518
  548  570  582  583  573  555  532  509  489  475  465  459  452  439  418  389
  355  325  304  299  307  320  328  322  300
    52.5-180.0 180.0   5.0 450.0                            LAT/LON1/LON2/DLON/H
  312  283  249  217  192  175  164  157  153  151  152  156  160  164  166  166
  165  163  161  157  150  142  133  126  121  117  112  106   99   94   96  106
  125  147  170  187  199  205  211  222  242  273  315  365  419  472  520  559
  590  611  620  619  607  588  564  541  520  506  498  494  491  483  465  436
  397  358  327  312  312  322  330  328  312
    50.0-180.0 180.0   5.0 450.0                            LAT/LON1/LON2/DLON/H
  337  316  292  270  252  237  220  202  183  167  159  158  163  170  175  178
  178  176  172  165  156  145  134  126  119  114  107   97   86   78   79   93
  119  152  183  208  221  226  228  233  250  281  327  383  443  500  550  589
  618  638  647  646  637  621  601  580  560  544  534  528  526  521  507  480
  441  398  360  337  332  338  347  348  337
    47.5-180.0 180.0   5.0 450.0                            LAT/LON1/LON2/DLON/H
  367  354  340  329  320  308  288  260  227  196  176  169  171  179  185  188
  187  184  178  171  160  148  136  128  122  117  109   97   82   72   73   89
  121  162  201  231  246  248  246  247  260  291  339  399  463  522  570  607
  633  651  662  665  663  654  641  625  606  587  569  556  548  542  531  509
  474  432  392  366  358  363  371  373  367
    45.0-180.0 180.0   5.0 450.0                            LAT/LON1/LON2/DLON/H
  389  380  375  374  375  370  351  318  275  233  203  189  187  192  197  197
  194  189  184  177  167  155  144  135  130  126  118  106   90   78   78   95
  131  176  220  253  269  270  265  263  275  306  356  418  483  540  584  615
  638  655  669  680  686  688  684  674  657  631  602  575  556  544  533  516
  489  452  417  392  384  388  394  395  389
    42.5-180.0 180.0   5.0 450.0                            LAT/LON1/LON2/DLON/H
  396  386  383  389  399  403  391  359  315  269  234  215  210  211  211  208
  202  197  193  189  181  171  159  150  145  141  134  122  107   94   93  110
  145  191  236  270  287  289  284  283  296  329  380  443  506  558  595  620
  639  658  677  695  712  724  730  727  711  679  636  592  555  532  519  506
  487  460  432  413  406  408  411  407  396
    40.0-180.0 180.0   5.0 450.0                            LAT/LON1/LON2/DLON/H
  386  367  360  367  383  395  393  372  335  294  261  241  234  232  228  222
  214  210  209  209  204  195  183  171  163  158  152  142  128  115  113  127
  159  202  245  279  298  304  305  309  326  362  414  475  533  578  608  627
  644  666  691  718  744  765  781  785  771  734  679  616  562  524  505  493
  481  463  444  431  426  425  421  407  386
    37.5-180.0 180.0   5.0 450.0                            LAT/LON1/LON2/DLON/H
  366  334  316  316  330  347  356  349  328  300  274  259  253  251  246  238
  230  229  232  236  234  225  211  195  183  174  167  159  148  137  133  143
  169  206  246  279  302  316  326  340  365  404  456  514  565  602  624  640
  659  685  719  754  786  815  837  849  840  803  740  663  592  540  511  497
  488  477  464  455  450  444  429  402  366
    35.0-180.0 180.0   5.0 450.0                            LAT/LON1/LON2/DLON/H
  354  305  271  257  261  275  290  297  294  283  270  264  263  264  261  254
  249  251  258  266  266  256  238  218  200  187  178  171  163  154  150  155
  174  205  240  274  302  326  349  375  407  450  501  553  598  627  645  660
  684  719  761  802  839  872  901  920  920  889  825  742  659  594  555  535
  525  515  505  496  487  473  447  405  354
    32.5-180.0 180.0   5.0 450.0                            LAT/LON1/LON2/DLON/H
  366  304  253  220  206  207  219  234  245  249  250  253  260  267  270  268
  267  272  282  291  291  280  260  235  213  195  184  178  172  166  162  163
  176  201  232  267  302  337  373  410  450  494  542  589  627  651  668  687
  719  764  814  860  899  934  969  998 1010  991  935  854  767  695  646  618
  601  587  573  559  544  520  483  429  366
    30.0-180.0 180.0   5.0 450.0                            LAT/LON1/LON2/DLON/H
  415  348  286  234  196  175  173  184  199  211  221  232  247  263  273  277
  280  287  298  306  305  292  271  246  222  201  188  181  178  175  170  169
  177  197  227  263  304  348  395  441  486  530  574  615  648  671  690  717
  759  814  871  920  960  997 1037 1078 1105 1102 1061  990  908  833  777  739
  713  691  669  646  620  587  541  482  415
    27.5-180.0 180.0   5.0 450.0                            LAT/LON1/LON2/DLON/H
  505  444  381  316  254  205  177  172  179  189  198  212  232  254  271  280
  285  292  301  306  303  290  272  251  228  207  193  186  184  183  178  176
  181  198  227  264  310  360  413  464  511  553  593  629  659  684  709  745
  798  861  922  972 1012 1051 1098 1150 1193 1208 1186 1131 1059  987  928  882
  846  813  781  747  710  669  620  564  505
    25.0-180.0 180.0   5.0 450.0                            LAT/LON1/LON2/DLON/H
  623  581  530  462  382  304  247  215  202  197  197  205  225  249  269  280
  283  287  291  292  286  276  265  251  235  217  201  194  192  191  187  184
  188  204  234  272  319  372  426  478  523  562  598  631  662  691  725  770
  830  896  957 1006 1045 1088 1142 1205 1260 1291 1287 1250 1193 1129 1071 1021
  976  934  891  847  801  755  708  664  623
    22.5-180.0 180.0   5.0 450.0                            LAT/LON1/LON2/DLON/H
  747  734  705  648  560  462  375  314  274  247  228  224  236  257  275  281
  279  275  272  268  262  256  254  252  245  231  215  206  203  202  197  193
  198  215  245  284  330  380  432  481  523  559  593  626  659  695  737  789
  852  916  972 1016 1054 1100 1160 1229 1293 1334 1344 1324 1283 1231 1178 1128
 1080 1032  982  931  879  831  791  763  747
    20.0-180.0 180.0   5.0 450.0                            LAT/LON1/LON2/DLON/H
  850  867  867  830  751  645  540  454  389  337  297  275  274  284  292  288
  276  263  253  246  239  238  246  255  257  248  232  221  215  212  206  202
  207  226  257  296  339  384  431  476  515  550  583  619  657  699  748  803
  863  919  964 1001 1037 1083 1145 1216 1280 1324 1342 1336 1311 1275 1231 1186
 1139 1091 1039  985  931  884  852  841  850
    17.5-180.0 180.0   5.0 450.0                            LAT/LON1/LON2/DLON/H
  906  945  974  964  905  809  702  605  524  453  395  355  337  333  325  306
  281  258  243  233  228  231  246  264  273  266  249  234  225  219  211  206
  212  232  265  303  343  384  425  466  505  541  576  615  658  705  758  813
  864  908  940  966  997 1040 1098 1161 1218 1259 1281 1286 1277 1257 1227 1190
 1150 1106 1058 1006  954  909  882  881  906
    15.0-180.0 180.0   5.0 450.0                            LAT/LON1/LON2/DLON/H
  902  949  995 1013  983  913  823  733  651  574  505  452  419  397  372  336
  297  266  247  237  233  240  257  278  289  281  261  242  229  220  210  203
  209  231  265  304  341  378  416  456  497  536  575  617  663  714  768  818
  860  889  908  923  944  978 1023 1072 1115 1148 1171 1187 1194 1191 1176 1152
 1121 1085 1044  998  950  908  880  877  902
    12.5-180.0 180.0   5.0 450.0                            LAT/LON1/LON2/DLON/H
  843  877  924  960  963  929  872  808  743  675  607  549  505  468  426  375
  325  288  268  259  257  263  278  296  302  291  267  243  226  214  201  193
  198  221  257  297  334  370  407  449  493  537  580  624  671  723  776  821
  853  870  877  882  891  909  933  960  986 1012 1038 1065 1089 1104 1105 1093
 1072 1046 1013  974  931  889  854  836  843
    10.0-180.0 180.0   5.0 450.0                            LAT/LON1/LON2/DLON/H
  749  750  780  822  852  858  843  816  780  735  681  627  579  532  478  417
  359  320  302  295  293  296  304  312  311  293  264  238  218  202  187  177
  181  204  243  285  324  360  398  443  493  542  587  630  676  727  778  820
  846  857  858  854  851  847  845  847  856  877  910  952  994 1025 1040 1039
 1026 1007  981  949  911  868  821  777  749
     7.5-180.0 180.0   5.0 450.0                            LAT/LON1/LON2/DLON/H
  651  606  604  637  683  723  749  762  762  747  715  673  628  579  520  454
  394  356  339  335  332  328  326  323  312  288  257  228  206  188  171  159
  162  186  227  271  312  350  391  439  492  544  589  630  673  722  772  813
  839  851  853  848  832  806  776  754  751  773  818  877  935  979 1003 1008
 1000  985  963  936  903  858  797  722  651
     5.0-180.0 180.0   5.0 450.0                            LAT/LON1/LON2/DLON/H
  582  490  448  462  511  571  626  671  704  718  709  684  647  600  543  480
  423  386  370  366  360  350  338  324  305  278  246  218  196  177  158  144
  147  171  213  259  302  341  382  432  487  539  581  617  656  703  754  798
  830  851  863  863  841  796  741  700  692  722  782  855  925  977 1005 1011
 1002  986  965  941  911  866  795  694  582
     2.5-180.0 180.0   5.0 450.0                            LAT/LON1/LON2/DLON/H
  566  438  361  350  391  455  521  582  632  666  676  665  638  599  549  492
  440  404  387  379  369  353  334  314  291  265  237  212  190  170  149  135
  138  162  204  251  294  332  372  420  473  522  560  590  625  671  724  774
  816  852  882  893  873  818  749  699  693  735  808  891  963 1014 1038 1039
 1026 1006  983  959  933  891  818  705  566
