ionex_files/COD0OPSFIN_20250920000_01D_01H_GIM.INX
     1.0            IONOSPHERE MAPS     GNSS                IONEX VERSION / TYPE
ADDNEQ2 V5.5        AIUB                06-APR-25 19:50     PGM / RUN BY / DATE 
CODE'S GLOBAL IONOSPHERE MAPS FOR DAY 092, 2025             COMMENT             
Global ionosphere maps (GIM) are generated on a daily basis DESCRIPTION         
at CODE using data from about 300 GNSS sites of the IGS and DESCRIPTION         
other institutions. The vertical total electron content     DESCRIPTION         
(VTEC) is modeled in a solar-geomagnetic reference frame    DESCRIPTION         
using a spherical harmonics expansion up to degree and      DESCRIPTION         
order 15. Piece-wise linear functions are used for          DESCRIPTION         
representation in the time domain. The time spacing of      DESCRIPTION         
their vertices is 1 hour, conforming with the epochs of the DESCRIPTION         
VTEC maps.                                                  DESCRIPTION         
To convert line-of-sight TEC into vertical TEC, a modified  DESCRIPTION         
single-layer model mapping function approximating the JPL   DESCRIPTION         
extended slab model mapping function is adopted. The        DESCRIPTION         
mapping function is evaluated at geodetic satellite         DESCRIPTION         
elevation angles. For the computation of the ionospheric    DESCRIPTION         
pierce points, a spherical layer with a radius of 6821 km   DESCRIPTION         
is assumed, implying geocentric, not geodetic IONEX         DESCRIPTION         
latitudes.                                                  DESCRIPTION         
Instrumental biases with respect to each involved GNSS code DESCRIPTION         
observable are estimated as constant values for each        DESCRIPTION         
day. They are modeled with one set of bias parameters for   DESCRIPTION         
each satellite and each station in case of GPS and for each DESCRIPTION         
satellite-station link in case of GLONASS. The code bias    DESCRIPTION         
datum is defined by zero-mean conditions imposed on the     DESCRIPTION         
satellite bias estimates. In this file, just GPS C1W-C2W    DESCRIPTION         
satellite and station bias values are included. The         DESCRIPTION         
complete set of GNSS code bias results is provided in an    DESCRIPTION         
additional Bias-SINEX file as pseudo-absolute values        DESCRIPTION         
specific to each observable.                                DESCRIPTION         
Note: These GIM results correspond to the results for the   DESCRIPTION         
middle day of a 3-day combination analysis solving for 73   DESCRIPTION         
times 256, or 18688 VTEC parameters and 3 daily sets of     DESCRIPTION         
GNSS code bias parameters.                                  DESCRIPTION         
Contact address: code(at)aiub.unibe.ch                      DESCRIPTION         
Data archive:    ftp.aiub.unibe.ch/CODE/                    DESCRIPTION         
                 www.aiub.unibe.ch/download/CODE/           DESCRIPTION         
  2025     4     2     0     0     0                        EPOCH OF FIRST MAP  
  2025     4     3     0     0     0                        EPOCH OF LAST MAP   
  3600                                                      INTERVAL            
[...]
abpo adis albh algo alic amu2 areg areq ascg aspa auck azgb COMMENT             
badg bake barh bjfs bndy boav bogo bogt bor1 braz brft brst COMMENT             
brux cags cas1 ccj2 cedu chpg chti chur ckis coco cord cpvg COMMENT             
cpxf cro1 daej darw dav1 dgar dhlg drao dubo faa1 fair flin COMMENT             
flrs frdn func ganp glps glsv gode gol2 gold gope gras graz COMMENT             
guam guug harb hers hert hlfx hnpt hob2 hofn holb hrao iddr COMMENT             
ieng iisc impz ineg invk iqal irkj jog2 joz2 karr kerg kir0 COMMENT             
kiri kiru kit3 kokb kokv koug kour krgg lama laut lmmf lpal COMMENT             
lpgs m0se mac1 madr mal2 mana mas1 mat1 mate maui maw1 mcil COMMENT             
mcm4 mdo1 medi mgue mizu mkea mnls mobs morp mqzg mro1 mtka COMMENT             
nano naur nico nist nium nklg nlib nnor not1 nrc1 ntus nya1 COMMENT             
nyal onsa opmt pado park pdel penc pert pie1 pimo pohn pol2 COMMENT             
polv pots pove ptag ptbb ptvl qaq1 quin rabt ramo reun reyk COMMENT             
rgdg rio2 roth salu samo sant savo sch2 scor scrz sctb scub COMMENT             
seyg sfer spt0 ssia sthl stjo stk2 str2 suth sutm suwn sydn COMMENT             
syog tash thtg thti thu2 tid1 tidb tlse tn22 tong tow2 tro1 COMMENT             
tskb twtf txes uclu ufpr ulab unb3 unbj unsa urum usn7 usud COMMENT             
vald vill vtsp wab1 wab2 whit will wind wsrt wtza wtzr wtzs COMMENT             
wtzz wuhn xmis yar2 yar3 yarr yell ykro zeck zim2 zim3 zimm COMMENT             
                                                            END OF HEADER       
[from data line 7293]
    18                                                      START OF TEC MAP    
  2025     4     2    17     0     0                        EPOCH OF CURRENT MAP
    87.5-180.0 180.0   5.0 450.0                            LAT/LON1/LON2/DLON/H
  207  207  208  210  211  212  213  214  215  216  217  218  218  219  219  220
  220  220  220  219  219  218  217  216  215  214  212  211  209  208  207  205
  204  203  201  200  199  198  197  197  196  196  196  196  196  196  196  196
  197  197  197  198  198  198  199  199  200  200  200  200  201  201  201  202
  202  202  203  203  204  204  205  206  207
    85.0-180.0 180.0   5.0 450.0                            LAT/LON1/LON2/DLON/H
  188  190  192  195  197  200  203  206  209  212  215  218  220  222  224  225
  226  227  227  226  225  224  222  220  217  214  211  208  205  202  198  195
  192  189  186  184  182  180  179  178  177  177  177  178  179  180  181  182
  183  185  186  187  188  189  190  190  190  190  190  190  189  188  187  187
  186  186  185  185  185  185  186  187  188
    82.5-180.0 180.0   5.0 450.0                            LAT/LON1/LON2/DLON/H
  158  160  163  167  172  176  182  187  193  199  204  209  214  218  221  224
  226  227  228  228  227  226  223  221  217  214  209  205  200  195  190  185
  180  176  172  169  166  163  161  160  160  160  160  162  163  166  168  171
  173  176  178  180  181  182  183  183  182  180  179  177  174  172  169  166
  164  161  159  158  157  156  156  157  158
    80.0-180.0 180.0   5.0 450.0                            LAT/LON1/LON2/DLON/H
  123  126  129  134  140  146  154  162  170  178  186  193  200  206  211  215
  218  221  223  224  224  223  222  220  217  213  208  203  198  192  186  180
  174  169  164  160  156  153  151  150  149  149  150  152  154  157  160  164
  168  171  174  176  177  178  177  175  173  170  166  162  157  153  148  143
  139  135  131  128  125  123  122  122  123
    77.5-180.0 180.0   5.0 450.0                            LAT/LON1/LON2/DLON/H
   93   95   99  103  110  118  126  136  146  155  165  174  181  188  194  199
  204  208  211  214  216  217  218  218  216  214  210  205  200  194  187  181
  175  170  165  161  157  154  151  149  148  147  148  149  151  154  158  162
  166  170  173  174  175  174  171  168  163  157  151  144  138  132  126  121
  116  111  107  103   99   96   94   93   93
    75.0-180.0 180.0   5.0 450.0                            LAT/LON1/LON2/DLON/H
   77   77   79   84   89   97  106  116  126  136  146  155  162  169  175  180
  185  190  195  200  205  210  214  216  217  217  214  210  205  199  193  187
  182  177  173  169  166  163  160  157  155  153  152  153  154  156  159  163
  167  171  173  174  173  170  164  158  150  141  132  124  117  111  106  102
   98   95   92   89   85   82   79   77   77
    72.5-180.0 180.0   5.0 450.0                            LAT/LON1/LON2/DLON/H
   76   75   76   79   83   89   96  105  114  123  132  140  147  152  157  161
  166  172  178  186  195  203  211  217  220  221  220  216  211  206  200  195
  190  186  183  181  179  176  174  170  167  164  161  159  159  160  162  165
  168  171  172  172  169  163  155  145  134  123  112  103   96   91   89   88
   88   88   88   87   86   83   80   78   76
    70.0-180.0 180.0   5.0 450.0                            LAT/LON1/LON2/DLON/H
   90   88   87   88   89   93   98  104  111  119  126  133  137  141  144  147
  151  157  165  175  187  199  210  219  224  226  225  221  215  209  204  199
  196  194  193  192  191  190  187  184  179  174  169  165  163  162  163  165
  167  169  169  168  163  155  145  132  118  104   92   83   77   75   76   80
   85   90   94   97   98   97   95   92   90
    67.5-180.0 180.0   5.0 450.0                            LAT/LON1/LON2/DLON/H
  111  109  107  106  105  106  108  111  116  122  127  132  135  137  138  140
  143  148  157  170  184  199  212  222  228  229  227  222  215  208  203  199
  197  197  198  199  200  199  197  193  188  182  175  170  165  163  162  162
  163  164  164  161  156  147  134  120  104   89   76   67   63   63   69   77
   87   97  106  112  116  117  116  114  111
    65.0-180.0 180.0   5.0 450.0                            LAT/LON1/LON2/DLON/H
  132  130  128  126  123  121  120  121  124  128  133  137  140  141  141  141
  142  148  157  170  186  202  215  225  230  229  225  218  211  204  199  197
  197  198  200  202  204  204  202  199  193  186  179  173  167  163  160  159
  159  158  157  154  148  139  126  112   96   81   68   60   57   59   68   79
   93  107  118  127  132  134  134  133  132
    62.5-180.0 180.0   5.0 450.0                            LAT/LON1/LON2/DLON/H
  144  144  144  142  138  134  131  130  131  135  140  146  149  150  149  149
  150  154  163  176  192  207  220  227  230  226  220  212  205  200  198  197
  199  201  203  205  206  206  204  201  196  189  183  176  170  165  161  158
  155  153  150  147  141  133  123  110   96   82   71   63   61   65   73   86
  101  115  127  135  140  142  143  143  144
    60.0-180.0 180.0   5.0 450.0                            LAT/LON1/LON2/DLON/H
  144  147  149  150  147  142  138  135  136  141  148  155  160  162  162  161
  162  166  174  185  200  213  223  228  228  222  215  208  203  202  203  206
  208  210  211  210  210  208  206  203  199  194  189  184  179  173  168  162
  157  152  147  143  139  133  125  116  105   94   85   78   76   79   86   97
  110  121  131  137  139  140  140  141  144
    57.5-180.0 180.0   5.0 450.0                            LAT/LON1/LON2/DLON/H
  133  140  147  151  150  146  141  139  140  146  155  164  171  175  177  176
  177  180  186  197  209  220  227  229  226  220  213  210  210  214  221  226
  229  229  225  221  217  213  211  209  206  204  201  198  194  188  182  173
  165  157  150  145  141  138  134  128  122  114  108  103  100  101  105  112
  119  127  131  133  132  129  128  129  133
    55.0-180.0 180.0   5.0 450.0                            LAT/LON1/LON2/DLON/H
  119  130  141  149  151  149  145  143  145  152  162  173  182  188  191  192
  192  195  200  208  218  227  232  232  229  223  220  221  228  239  250  258
  260  255  246  236  228  223  220  219  219  219  218  217  215  210  202  192
  180  170  161  154  150  148  146  144  142  138  135  132  129  128  128  129
  131  132  132  128  123  116  112  113  119
    52.5-180.0 180.0   5.0 450.0                            LAT/LON1/LON2/DLON/H
  108  122  137  149  156  156  153  152  154  161  171  182  192  199  204  207
  209  211  215  222  229  236  241  241  239  236  237  244  257  274  289  298
  296  285  269  253  241  236  234  235  237  238  239  240  239  235  227  216
  202  189  178  170  165  163  161  161  161  160  160  159  157  154  151  148
  145  141  136  129  119  109  102  102  108
    50.0-180.0 180.0   5.0 450.0                            LAT/LON1/LON2/DLON/H
  107  122  140  157  167  169  168  166  169  175  184  194  203  211  217  222
  226  230  233  238  245  251  256  258  259  259  265  276  294  315  331  337
  330  312  288  268  254  250  251  255  258  260  261  262  262  259  252  241
  227  213  201  192  185  180  177  175  175  176  177  178  178  176  171  166
  159  153  146  137  125  113  104  100  107
    47.5-180.0 180.0   5.0 450.0                            LAT/LON1/LON2/DLON/H
  116  131  152  171  184  188  188  187  189  193  200  207  215  224  233  241
  248  253  257  261  267  274  281  286  289  293  302  316  335  355  369  370
  356  330  301  277  265  264  270  277  280  280  280  279  280  278  273  264
  252  239  227  217  208  199  191  185  182  182  184  187  189  189  186  180
  174  167  161  153  142  129  117  112  116
    45.0-180.0 180.0   5.0 450.0                            LAT/LON1/LON2/DLON/H
  134  147  168  189  204  210  210  209  210  213  218  223  230  240  253  266
  276  283  288  293  299  307  315  323  329  335  344  357  374  390  398  393
  372  341  308  285  276  281  292  301  303  299  294  292  291  291  289  282
  273  263  253  242  231  217  204  192  184  181  182  186  191  194  193  190
  186  182  178  174  166  154  140  132  134
    42.5-180.0 180.0   5.0 450.0                            LAT/LON1/LON2/DLON/H
  154  165  185  206  220  227  228  228  229  232  235  240  248  261  278  296
  311  322  328  334  340  348  357  366  373  380  387  397  409  418  420  409
  384  349  317  296  293  303  319  328  327  317  307  300  299  300  300  297
  291  284  276  265  252  235  217  199  186  178  177  181  187  193  196  196
  194  194  195  195  191  181  166  155  154
    40.0-180.0 180.0   5.0 450.0                            LAT/LON1/LON2/DLON/H
  169  177  195  215  228  235  236  237  241  245  250  257  268  286  308  332
  352  366  376  382  389  396  404  411  418  423  428  434  441  445  441  427
  401  368  338  322  323  338  355  362  355  338  320  310  308  310  311  309
  305  300  293  284  271  253  232  211  193  182  177  179  184  191  196  199
  200  203  207  212  211  203  188  174  169
    37.5-180.0 180.0   5.0 450.0                            LAT/LON1/LON2/DLON/H
  176  180  195  213  225  230  232  236  242  251  261  272  290  314  342  371
  396  415  427  435  441  445  450  454  458  462  466  470  474  476  472  460
  438  410  386  373  376  390  404  404  389  364  341  327  324  326  327  324
  319  313  307  299  287  271  252  232  213  199  191  188  190  195  200  203
  205  209  215  221  223  216  201  185  176
    35.0-180.0 180.0   5.0 450.0                            LAT/LON1/LON2/DLON/H
  174  175  187  201  211  215  218  224  236  251  267  287  312  343  378  411
  440  462  478  487  491  491  490  489  490  495  501  509  515  520  522  517
  504  485  466  454  454  462  466  457  431  399  371  356  353  354  351  344
  334  325  318  310  302  292  279  264  250  236  224  216  212  211  211  212
  212  215  220  225  227  220  204  186  174
    32.5-180.0 180.0   5.0 450.0                            LAT/LON1/LON2/DLON/H
  168  166  175  186  193  196  200  209  226  248  273  302  336  374  412  448
  479  505  523  534  535  530  521  515  516  524  538  554  570  584  596  604
  603  594  579  565  555  550  540  517  481  442  412  398  395  393  386  371
  354  339  329  323  319  316  314  310  302  292  278  264  251  241  233  228
  224  223  224  227  226  218  201  181  168
    30.0-180.0 180.0   5.0 450.0                            LAT/LON1/LON2/DLON/H
  163  160  166  175  180  183  187  200  221  250  283  320  361  404  445  482
  513  541  562  573  571  559  544  535  538  554  579  609  640  668  694  715
  728  728  715  693  669  645  617  579  533  491  461  449  446  441  427  404
  379  359  345  339  340  347  357  364  367  361  347  327  304  283  265  252
  243  236  232  230  226  216  198  178  163
    27.5-180.0 180.0   5.0 450.0                            LAT/LON1/LON2/DLON/H
  167  163  168  176  180  182  188  203  229  262  301  344  391  436  477  512
  544  572  595  605  599  581  562  554  562  589  629  676  723  766  805  839
  862  868  854  821  780  735  687  636  583  539  512  503  499  490  469  439
  409  384  369  364  370  385  404  423  434  434  420  394  362  330  303  282
  266  255  246  239  231  219  201  181  167
    25.0-180.0 180.0   5.0 450.0                            LAT/LON1/LON2/DLON/H
  182  179  184  191  197  201  209  226  253  288  329  376  425  470  509  543
  573  602  625  632  622  600  581  577  595  635  690  751  812  867  915  955
  984  992  973  929  870  807  744  682  625  582  558  549  544  531  505  472
  440  417  403  400  409  428  453  478  495  498  484  454  415  373  338  311
  292  277  265  254  243  230  213  195  182
    22.5-180.0 180.0   5.0 450.0                            LAT/LON1/LON2/DLON/H
  208  206  212  221  229  237  249  268  295  329  370  416  464  508  545  576
  607  637  658  661  646  622  607  612  642  693  759  829  897  956 1005 1045
 1073 1078 1053  999  928  852  780  713  656  614  591  581  573  556  528  497
  472  456  448  448  457  475  499  523  540  542  527  494  450  403  363  333
  313  298  285  273  261  248  233  218  208
    20.0-180.0 180.0   5.0 450.0                            LAT/LON1/LON2/DLON/H
  239  239  246  258  271  285  302  324  351  383  420  462  507  549  584  616
  649  679  698  697  677  654  647  664  705  763  831  902  967 1021 1063 1096
 1116 1115 1085 1026  950  871  797  732  677  635  610  595  581  561  536  514
  503  500  502  505  512  524  539  554  563  560  541  507  461  413  373  344
  326  313  302  291  280  269  257  246  239
    17.5-180.0 180.0   5.0 450.0                            LAT/LON1/LON2/DLON/H
  267  268  278  294  314  336  360  385  412  442  474  512  553  592  628  663
  700  732  749  743  720  700  702  732  782  841  902  962 1015 1056 1085 1103
 1112 1104 1072 1014  942  869  803  744  691  648  616  593  572  550  531  525
  532  547  560  567  568  569  569  569  564  551  526  490  446  401  365  341
  327  319  311  303  296  288  280  272  267
    15.0-180.0 180.0   5.0 450.0                            LAT/LON1/LON2/DLON/H
  286  288  299  320  348  379  411  441  470  498  527  560  597  635  674  715
  758  794  810  799  774  760  773  814  868  919  964 1004 1038 1062 1074 1077
 1074 1060 1028  977  917  858  806  756  707  659  617  582  552  530  522  533
  561  594  617  625  619  606  589  569  547  521  489  450  409  371  342  325
  317  314  311  308  304  300  296  290  286
    12.5-180.0 180.0   5.0 450.0                            LAT/LON1/LON2/DLON/H
  294  295  308  333  367  407  447  484  517  546  573  603  637  675  718  767
  818  859  874  861  838  830  854  902  953  989 1012 1028 1041 1047 1044 1034
 1021 1004  976  937  893  853  816  777  728  673  618  570  534  513  517  546
  592  637  666  672  657  630  597  559  520  480  440  400  362  332  312  303
  300  301  302  304  305  305  303  298  294
    10.0-180.0 180.0   5.0 450.0                            LAT/LON1/LON2/DLON/H
  293  292  305  332  373  419  467  510  548  580  608  637  669  707  755  812
  872  918  936  924  904  904  936  986 1027 1044 1042 1034 1029 1023 1011  994
  977  959  937  910  884  862  840  809  759  694  627  567  526  510  525  567
  624  674  702  701  678  640  594  544  493  442  394  351  318  295  284  281
  283  286  290  295  301  305  304  299  293
     7.5-180.0 180.0   5.0 450.0                            LAT/LON1/LON2/DLON/H
  289  286  297  325  368  419  472  521  564  601  632  661  692  731  782  846
  913  965  987  980  966  973 1009 1056 1084 1080 1055 1029 1012 1002  989  973
  956  941  925  909  896  888  877  849  796  722  644  578  536  526  550  599
  656  700  718  708  676  633  582  528  471  415  362  318  287  271  267  268
  270  273  278  286  297  304  304  298  289
     5.0-180.0 180.0   5.0 450.0                            LAT/LON1/LON2/DLON/H
  289  283  292  319  363  415  469  521  569  611  646  676  707  746  799  866
  937  993 1021 1022 1016 1030 1066 1104 1117 1094 1053 1017  999  993  987  977
  965  954  942  931  925  924  917  889  832  753  669  602  564  561  590  637
  683  711  712  690  653  610  563  512  459  403  350  306  278  266  266  268
  268  268  272  283  297  307  309  301  289
     2.5-180.0 180.0   5.0 450.0                            LAT/LON1/LON2/DLON/H
  299  291  297  322  364  414  467  520  570  616  654  685  716  753  805  872
  943 1002 1036 1046 1051 1069 1101 1128 1125 1090 1041 1005  993  997 1002 1002
  997  988  977  966  959  957  949  918  858  777  695  633  603  607  636  673
  700  703  683  649  611  573  536  497  454  407  358  316  290  281  281  282
  277  272  274  286  303  317  321  313  299
