ionex_files/COD0OPSFIN_20250990000_01D_01H_GIM.INX
     1.0            IONOSPHERE MAPS     GNSS                IONEX VERSION / TYPE
ADDNEQ2 V5.5        AIUB                13-APR-25 19:04     PGM / RUN BY / DATE 
CODE'S GLOBAL IONOSPHERE MAPS FOR DAY 099, 2025             COMMENT             
Global ionosphere maps (GIM) are generated on a daily basis DESCRIPTION         
at CODE using data from about 300 GNSS sites of the IGS and DESCRIPTION         
other institutions. The vertical total electron content     DESCRIPTION         
(VTEC) is modeled in a solar-geomagnetic reference frame    DESCRIPTION         
using a spherical harmonics expansion up to degree and      DESCRIPTION         
order 15. Piece-wise linear functions are used for          DESCRIPTION         
representation in the time domain. The time spacing of      DESCRIPTION         
their vertices is 1 hour, conforming with the epochs of the DESCRIPTION         
VTEC maps.                                                  DESCRIPTION         
To convert line-of-sight TEC into vertical TEC, a modified  DESCRIPTION         
single-layer model mapping function approximating the JPL   DESCRIPTION         
extended slab model mapping function is adopted. The        DESCRIPTION         
mapping function is evaluated at geodetic satellite         DESCRIPTION         
elevation angles. For the computation of the ionospheric    DESCRIPTION         
pierce points, a spherical layer with a radius of 6821 km   DESCRIPTION         
is assumed, implying geocentric, not geodetic IONEX         DESCRIPTION         
latitudes.                                                  DESCRIPTION         
Instrumental biases with respect to each involved GNSS code DESCRIPTION         
observable are estimated as constant values for each        DESCRIPTION         
day. They are modeled with one set of bias parameters for   DESCRIPTION         
each satellite and each station in case of GPS and for each DESCRIPTION         
satellite-station link in case of GLONASS. The code bias    DESCRIPTION         
datum is defined by zero-mean conditions imposed on the     DESCRIPTION         
satellite bias estimates. In this file, just GPS C1W-C2W    DESCRIPTION         
satellite and station bias values are included. The         DESCRIPTION         
complete set of GNSS code bias results is provided in an    DESCRIPTION         
additional Bias-SINEX file as pseudo-absolute values        DESCRIPTION         
specific to each observable.                                DESCRIPTION         
Note: These GIM results correspond to the results for the   DESCRIPTION         
middle day of a 3-day combination analysis solving for 73   DESCRIPTION         
times 256, or 18688 VTEC parameters and 3 daily sets of     DESCRIPTION         
GNSS code bias parameters.                                  DESCRIPTION         
Contact address: code(at)aiub.unibe.ch                      DESCRIPTION         
Data archive:    ftp.aiub.unibe.ch/CODE/                    DESCRIPTION         
                 www.aiub.unibe.ch/download/CODE/           DESCRIPTION         
  2025     4     9     0     0     0                        EPOCH OF FIRST MAP  
  2025     4    10     0     0     0                        EPOCH OF LAST MAP   
  3600                                                      INTERVAL            
[...]
azgb badg bake barh bjfs bndy boav bogo bogt bor1 braz brft COMMENT             
brst brux cags cas1 ccj2 cedu chpg chti chur ckis coco cord COMMENT             
cpvg cpxf cro1 daej darw dav1 dgar dhlg drao dubo ebre faa1 COMMENT             
fair flin flrs frdn func ganp glps glsv gode gol2 gold gope COMMENT             
gras graz guam guug harb hers hert hnpt hob2 hofn holb hrao COMMENT             
iddr ieng iisc impz ineg invk iqal irkj jog2 joz2 joze karr COMMENT             
kerg kir0 kiri kiru kit3 kokb kokv koug kour krgg lama laut COMMENT             
lmmf lpal lpgs m0se mac1 madr mal2 mana mas1 mat1 mate maui COMMENT             
maw1 mcil mcm4 mdo1 medi mgue mizu mkea mnls mobs morp mqzg COMMENT             
mro1 mtka nano naur nico nium nklg nlib nnor not1 nrc1 ntus COMMENT             
nya1 nyal onsa opmt ous2 pado parc park pdel penc pert pie1 COMMENT             
pimo pohn pol2 polv pots pove ptag ptbb ptvl qaq1 quin rabt COMMENT             
ramo reun reyk rgdg rio2 roth salu samo sant savo sch2 scor COMMENT             
scrz sctb scub seyg sfer spt0 ssia sthl stjo stk2 str2 suth COMMENT             
sutm suwn sydn syog tash thtg thti thu2 tid1 tidb tlse tn22 COMMENT             
tong tro1 tskb twtf txes uclu ufpr unb3 unbj unsa urum usn7 COMMENT             
usud vald vill vtsp wab1 wab2 wark wgtn whit will wind wsrt COMMENT             
wtza wtzr wtzs wtzz wuhn xmis yar2 yar3 yarr yell ykro zeck COMMENT             
zim2 zim3 zimm                                              COMMENT             
                                                            END OF HEADER       
[from data line 3432]
     9                                                      START OF TEC MAP    
  2025     4     9     8     0     0                        EPOCH OF CURRENT MAP
    87.5-180.0 180.0   5.0 450.0                            LAT/LON1/LON2/DLON/H
  185  188  191  193  196  199  201  204  206  209  211  212  214  215  216  217
  217  217  217  216  215  214  213  212  210  208  206  204  202  200  198  196
  194  192  190  188  187  185  184  182  181  180  179  179  178  177  177  176
  176  175  175  174  174  173  173  172  172  171  171  171  171  171  171  171
  172  173  174  175  177  179  181  183  185
    85.0-180.0 180.0   5.0 450.0                            LAT/LON1/LON2/DLON/H
  176  181  187  193  199  205  211  216  222  226  231  234  237  239  240  241
  240  239  238  235  232  229  225  221  217  212  208  203  199  194  190  186
  183  180  177  174  172  171  170  169  169  170  170  171  172  173  175  176
  177  178  178  178  178  177  176  174  172  170  168  165  163  161  159  158
  157  157  158  159  161  164  167  171  176
    82.5-180.0 180.0   5.0 450.0                            LAT/LON1/LON2/DLON/H
  168  175  183  191  200  209  217  225  233  239  245  249  252  253  253  252
  250  246  242  237  231  225  218  212  205  198  192  185  179  173  168  163
  159  156  153  152  151  151  152  154  157  160  165  170  175  181  187  192
  197  202  205  207  208  208  206  203  199  194  189  183  176  170  165  160
  156  154  152  151  152  154  158  163  168
    80.0-180.0 180.0   5.0 450.0                            LAT/LON1/LON2/DLON/H
  168  174  182  191  201  211  221  230  239  246  251  254  255  254  251  246
  240  233  225  217  208  200  191  183  175  168  161  154  148  142  137  133
  130  127  126  126  128  130  135  140  147  155  165  175  187  199  211  223
  234  244  253  259  263  264  262  258  252  243  234  223  212  201  191  182
  174  167  162  159  157  157  159  163  168
    77.5-180.0 180.0   5.0 450.0                            LAT/LON1/LON2/DLON/H
  175  179  185  193  202  212  222  231  239  245  249  249  247  242  235  225
  214  203  192  180  170  160  151  143  136  130  124  119  114  110  107  104
  103  102  104  106  110  116  124  133  144  156  170  186  203  222  241  261
  279  297  312  324  331  335  334  329  320  308  294  278  262  247  232  219
  207  197  189  183  178  174  173  173  175
    75.0-180.0 180.0   5.0 450.0                            LAT/LON1/LON2/DLON/H
  187  187  189  194  201  210  219  228  236  240  242  239  233  223  210  196
  180  165  150  137  125  116  108  102   98   94   92   90   88   86   85   85
   86   88   91   97  104  112  123  135  148  163  180  199  221  244  269  296
  322  347  369  387  399  406  406  400  388  373  355  335  315  296  278  262
  249  237  226  217  209  201  195  190  187
    72.5-180.0 180.0   5.0 450.0                            LAT/LON1/LON2/DLON/H
  199  193  190  191  196  203  213  221  229  232  232  226  216  202  185  166
  147  129  112   98   87   80   75   72   71   72   73   75   76   77   78   80
   83   87   93  100  110  121  133  146  160  176  193  212  234  260  288  319
  351  383  411  434  451  460  462  455  442  423  401  378  356  335  316  300
  286  274  263  253  241  230  219  208  199
    70.0-180.0 180.0   5.0 450.0                            LAT/LON1/LON2/DLON/H
  204  192  184  182  184  191  201  211  219  223  222  215  203  186  166  145
  124  105   88   75   66   61   59   60   63   67   72   76   80   84   86   89
   93   98  105  114  126  138  152  165  178  191  205  221  241  266  294  327
  363  398  431  458  478  489  491  484  469  448  424  400  376  355  337  322
  310  299  289  278  266  252  236  219  204
    67.5-180.0 180.0   5.0 450.0                            LAT/LON1/LON2/DLON/H
  200  183  171  165  166  173  183  195  205  211  211  205  193  176  156  135
  115   97   83   72   65   61   62   65   71   77   84   91   96  101  104  107
  111  116  124  134  147  161  174  187  198  207  216  227  242  262  288  320
  356  393  428  457  479  490  492  484  468  447  422  398  374  354  338  325
  315  306  298  288  275  259  240  220  200
    65.0-180.0 180.0   5.0 450.0                            LAT/LON1/LON2/DLON/H
  188  167  152  144  143  150  161  175  188  196  199  195  185  170  153  136
  120  105   94   86   80   78   79   83   89   96  103  110  116  121  124  127
  130  135  143  154  167  182  196  207  215  220  224  229  238  253  275  305
  339  375  409  438  459  470  470  462  447  426  403  380  359  340  324  313
  304  297  290  281  269  253  233  210  188
    62.5-180.0 180.0   5.0 450.0                            LAT/LON1/LON2/DLON/H
  174  151  134  123  120  126  137  152  166  177  182  181  175  166  154  143
  132  123  115  109  105  102  102  104  108  113  119  125  131  135  139  142
  145  150  158  168  182  197  211  222  228  230  230  230  234  245  264  291
  322  356  387  413  431  440  440  432  418  401  381  361  342  324  309  296
  286  278  271  264  253  238  219  197  174
    60.0-180.0 180.0   5.0 450.0                            LAT/LON1/LON2/DLON/H
  167  144  125  111  104  106  114  127  140  152  160  163  162  158  153  148
  144  140  137  132  128  124  121  120  120  122  125  130  134  139  143  148
  152  158  165  176  190  205  219  230  235  236  233  231  234  243  261  287
  316  347  374  396  410  416  415  407  396  383  369  354  338  321  304  288
  274  263  255  247  238  226  210  190  167
    57.5-180.0 180.0   5.0 450.0                            LAT/LON1/LON2/DLON/H
  176  153  131  113  100   95   97  104  115  125  134  140  143  144  146  148
  150  150  149  146  141  135  128  123  120  118  118  120  124  130  137  144
  151  159  167  178  191  206  220  231  237  237  236  236  240  253  273  299
  328  356  379  396  406  408  405  399  392  384  376  366  354  337  318  297
  278  263  251  243  235  226  213  196  176
    55.0-180.0 180.0   5.0 450.0                            LAT/LON1/LON2/DLON/H
  203  181  156  132  112   97   89   88   92   99  107  114  120  126  132  139
  144  148  149  146  140  131  123  115  108  104  101  101  104  112  122  134
  146  157  167  177  190  203  217  227  234  237  239  243  254  273  298  328
  357  384  404  417  422  421  416  411  406  403  401  397  388  373  351  326
  301  281  267  258  252  246  236  222  203
    52.5-180.0 180.0   5.0 450.0                            LAT/LON1/LON2/DLON/H
  246  223  196  166  137  111   92   81   78   80   85   92   99  107  115  123
  130  135  136  132  125  117  107   99   91   84   80   78   81   90  104  122
  139  155  167  178  189  201  212  222  229  235  242  254  273  300  333  368
  399  425  444  453  455  451  444  437  433  433  435  436  431  418  395  368
  341  318  303  294  289  284  276  264  246
    50.0-180.0 180.0   5.0 450.0                            LAT/LON1/LON2/DLON/H
  293  270  241  207  171  136  107   86   74   70   73   78   85   92   99  106
  112  115  115  112  105   97   89   81   74   68   62   59   61   71   89  112
  136  156  171  183  192  201  210  218  225  233  246  266  295  332  372  411
  445  472  489  497  497  490  480  469  463  462  466  470  469  459  438  412
  385  364  350  343  338  332  324  311  293
    47.5-180.0 180.0   5.0 450.0                            LAT/LON1/LON2/DLON/H
  331  308  279  245  206  166  129  101   83   74   73   76   81   86   91   95
   97   98   97   93   87   80   74   69   65   60   54   50   51   61   81  108
  136  161  179  191  200  206  211  216  223  233  252  280  318  362  408  451
  487  514  532  540  539  530  515  498  486  480  482  488  489  483  467  445
  424  408  398  392  387  379  367  351  331
    45.0-180.0 180.0   5.0 450.0                            LAT/LON1/LON2/DLON/H
  348  325  299  269  232  193  155  123  101   90   86   88   91   93   94   94
   92   90   88   85   80   75   70   68   66   63   59   53   52   60   80  109
  140  168  189  202  210  214  217  219  225  237  260  296  341  391  441  485
  521  548  566  575  574  563  544  520  499  485  482  485  487  485  475  461
  448  439  434  430  423  410  392  371  348
    42.5-180.0 180.0   5.0 450.0                            LAT/LON1/LON2/DLON/H
  339  316  295  272  245  212  178  147  125  113  109  109  111  111  109  105
  101   98   95   92   88   83   79   77   77   76   72   66   63   68   86  114
  147  176  199  213  222  226  226  227  232  247  275  316  367  421  471  514
  548  574  593  604  605  593  571  540  509  485  473  470  472  471  466  460
  455  454  454  450  439  419  393  365  339
    40.0-180.0 180.0   5.0 450.0                            LAT/LON1/LON2/DLON/H
  307  285  270  257  241  219  194  169  150  138  134  134  135  135  132  128
  123  120  118  116  112  105   98   94   94   94   91   85   80   82   97  123
  154  183  206  223  234  239  241  241  247  264  297  345  400  456  506  546
  578  602  621  634  638  628  604  569  530  496  474  463  460  458  456  454
  456  459  460  454  436  407  372  337  307
    37.5-180.0 180.0   5.0 450.0                            LAT/LON1/LON2/DLON/H
  265  242  231  227  224  215  201  184  169  160  157  157  159  159  158  155
  152  152  152  152  147  136  123  114  111  111  110  104   98   99  111  133
  161  188  211  230  245  255  260  263  271  293  332  385  446  504  552  590
  619  642  662  677  684  679  658  623  580  539  507  487  475  468  463  462
  463  465  463  449  423  386  342  299  265
    35.0-180.0 180.0   5.0 450.0                            LAT/LON1/LON2/DLON/H
  231  205  195  196  202  204  200  191  181  174  171  172  175  177  179  180
  182  186  190  191  184  168  149  133  126  124  124  119  115  115  126  145
  169  192  215  237  258  275  286  293  306  333  379  439  505  566  615  652
  680  703  724  741  754  756  743  714  674  630  591  560  536  519  507  499
  495  489  476  453  416  370  320  271  231
    32.5-180.0 180.0   5.0 450.0                            LAT/LON1/LON2/DLON/H
  224  191  175  175  183  192  196  193  186  181  178  179  182  186  192  198
  205  213  221  223  215  195  169  147  135  132  132  130  128  131  142  160
  179  199  221  247  275  300  319  333  352  385  437  505  577  642  695  733
  763  787  809  829  848  859  859  844  813  773  730  688  651  621  596  578
  562  543  515  478  431  378  323  270  224
    30.0-180.0 180.0   5.0 450.0                            LAT/LON1/LON2/DLON/H
  253  210  183  174  178  186  192  192  188  183  180  179  181  187  195  205
  217  229  240  243  233  210  181  155  141  136  136  136  138  145  160  177
  194  211  232  261  296  331  360  383  408  446  504  577  655  726  783  826
  859  886  910  934  958  982  998 1001  986  954  910  861  811  766  728  696
  665  630  586  534  477  419  362  306  253
    27.5-180.0 180.0   5.0 450.0                            LAT/LON1/LON2/DLON/H
  319  264  222  197  190  192  195  196  193  188  184  181  181  184  192  204
  218  232  242  245  236  213  185  160  145  140  140  141  146  159  178  198
  214  228  248  280  323  368  407  438  470  512  573  649  730  805  868  917
  955  985 1011 1038 1068 1104 1138 1162 1165 1146 1105 1050  991  933  883  839
  795  744  684  619  554  494  436  378  319
    25.0-180.0 180.0   5.0 450.0                            LAT/LON1/LON2/DLON/H
  409  344  285  243  219  211  209  208  206  202  197  191  187  186  190  199
  212  224  232  234  224  205  182  162  151  146  145  146  154  172  197  220
  237  250  269  304  353  407  456  496  533  577  637  711  792  869  936  989
 1032 1065 1093 1121 1156 1201 1251 1294 1316 1310 1276 1221 1156 1092 1035  984
  931  869  798  723  652  590  532  473  409
    22.5-180.0 180.0   5.0 450.0                            LAT/LON1/LON2/DLON/H
  506  433  363  304  265  244  236  233  232  230  226  218  208  200  196  199
  206  213  216  214  205  190  176  165  160  157  153  152  161  183  213  241
  260  273  293  330  384  445  502  549  590  634  690  758  834  909  975 1030
 1074 1108 1136 1164 1201 1252 1312 1369 1406 1413 1388 1338 1275 1212 1155 1104
 1049  983  906  826  752  688  630  572  506
    20.0-180.0 180.0   5.0 450.0                            LAT/LON1/LON2/DLON/H
  588  516  441  372  320  289  276  272  274  275  273  264  249  231  217  210
  208  208  204  195  185  175  169  169  172  171  165  160  167  191  225  257
  279  294  316  355  411  477  541  594  638  680  728  786  853  920  981 1033
 1075 1106 1131 1157 1192 1244 1307 1370 1417 1434 1419 1378 1325 1271 1223 1179
 1129 1066  991  910  833  767  709  651  588
    17.5-180.0 180.0   5.0 450.0                            LAT/LON1/LON2/DLON/H
  642  580  510  439  381  343  326  324  328  334  336  328  308  280  254  236
  225  215  202  186  171  163  166  175  185  185  177  167  171  194  231  266
  291  310  334  375  433  500  567  625  672  711  750  797  851  907  959 1003
 1037 1063 1083 1103 1134 1180 1239 1299 1347 1370 1366 1341 1304 1266 1233 1201
 1162 1107 1038  959  881  811  751  697  642
    15.0-180.0 180.0   5.0 450.0                            LAT/LON1/LON2/DLON/H
  665  622  566  502  443  403  385  384  392  402  408  402  379  343  306  276
  256  238  216  191  170  160  166  182  197  199  187  173  172  193  229  267
  296  320  348  390  446  513  581  642  691  728  760  795  836  879  920  952
  977  994 1007 1021 1044 1080 1127 1176 1218 1244 1252 1244 1227 1210 1194 1177
 1149 1105 1044  970  890  815  752  704  665
    12.5-180.0 180.0   5.0 450.0                            LAT/LON1/LON2/DLON/H
  664  647  614  562  507  466  448  448  458  470  479  476  452  411  365  326
  298  274  246  211  181  167  172  189  206  208  194  177  172  189  223  261
  295  324  357  399  453  515  582  645  696  733  760  787  818  851  880  902
  915  922  928  935  950  973 1004 1038 1069 1095 1112 1122 1127 1129 1130 1124
 1107 1072 1018  948  867  787  722  683  664
    10.0-180.0 180.0   5.0 450.0                            LAT/LON1/LON2/DLON/H
  657  670  661  623  571  530  511  510  518  530  540  539  517  473  420  375
  343  317  284  243  204  181  181  196  212  213  198  179  171  184  214  253
  290  326  363  405  454  511  574  638  691  730  758  782  808  835  856  869
  873  873  873  875  882  894  908  924  942  965  990 1015 1037 1055 1066 1068
 1054 1024  975  908  827  743  679  652  657
     7.5-180.0 180.0   5.0 450.0                            LAT/LON1/LON2/DLON/H
  662  702  715  687  636  592  570  565  568  574  582  583  563  519  463  415
  382  355  321  276  231  201  193  203  215  215  201  181  171  180  207  244
  285  327  368  409  453  503  561  624  681  724  755  782  810  836  856  866
  866  862  860  861  864  867  867  868  874  891  920  954  987 1012 1027 1027
 1012  981  933  868  787  704  645  632  662
     5.0-180.0 180.0   5.0 450.0                            LAT/LON1/LON2/DLON/H
  692  754  780  754  698  648  619  607  601  600  602  602  584  542  486  437
  404  379  348  303  255  220  207  210  218  217  203  184  173  178  202  239
  283  329  372  412  450  493  547  609  668  716  754  788  823  856  881  894
  896  895  895  899  903  903  896  886  882  894  921  956  988 1011 1021 1014
  991  955  906  843  765  686  636  640  692
     2.5-180.0 180.0   5.0 450.0                            LAT/LON1/LON2/DLON/H
  749  822  851  819  752  691  654  634  618  605  600  597  581  542  487  438
  406  384  356  316  270  235  218  217  221  218  205  188  176  179  200  236
  282  331  375  412  445  483  533  593  654  707  753  796  841  885  921  943
  955  961  969  979  990  993  986  971  962  967  987 1013 1035 1047 1044 1026
  993  950  898  837  765  696  659  680  749
