ionex_files/COD0OPSFIN_20250980000_01D_01H_GIM.INX
     1.0            IONOSPHERE MAPS     GNSS                IONEX VERSION / TYPE
ADDNEQ2 V5.5        AIUB                12-APR-25 19:01     PGM / RUN BY / DATE 
CODE'S GLOBAL IONOSPHERE MAPS FOR DAY 098, 2025             COMMENT             
Global ionosphere maps (GIM) are generated on a daily basis DESCRIPTION         
at CODE using data from about 300 GNSS sites of the IGS and DESCRIPTION         
other institutions. The vertical total electron content     DESCRIPTION         
(VTEC) is modeled in a solar-geomagnetic reference frame    DESCRIPTION         
using a spherical harmonics expansion up to degree and      DESCRIPTION         
order 15. Piece-wise linear functions are used for          DESCRIPTION         
representation in the time domain. The time spacing of      DESCRIPTION         
their vertices is 1 hour, conforming with the epochs of the DESCRIPTION         
VTEC maps.                                                  DESCRIPTION         
To convert line-of-sight TEC into vertical TEC, a modified  DESCRIPTION         
single-layer model mapping function approximating the JPL   DESCRIPTION         
extended slab model mapping function is adopted. The        DESCRIPTION         
mapping function is evaluated at geodetic satellite         DESCRIPTION         
elevation angles. For the computation of the ionospheric    DESCRIPTION         
pierce points, a spherical layer with a radius of 6821 km   DESCRIPTION         
is assumed, implying geocentric, not geodetic IONEX         DESCRIPTION         
latitudes.                                                  DESCRIPTION         
Instrumental biases with respect to each involved GNSS code DESCRIPTION         
observable are estimated as constant values for each        DESCRIPTION         
day. They are modeled with one set of bias parameters for   DESCRIPTION         
each satellite and each station in case of GPS and for each DESCRIPTION         
satellite-station link in case of GLONASS. The code bias    DESCRIPTION         
datum is defined by zero-mean conditions imposed on the     DESCRIPTION         
satellite bias estimates. In this file, just GPS C1W-C2W    DESCRIPTION         
satellite and station bias values are included. The         DESCRIPTION         
complete set of GNSS code bias results is provided in an    DESCRIPTION         
additional Bias-SINEX file as pseudo-absolute values        DESCRIPTION         
specific to each observable.                                DESCRIPTION         
Note: These GIM results correspond to the results for the   DESCRIPTION         
middle day of a 3-day combination analysis solving for 73   DESCRIPTION         
times 256, or 18688 VTEC parameters and 3 daily sets of     DESCRIPTION         
GNSS code bias parameters.                                  DESCRIPTION         
Contact address: code(at)aiub.unibe.ch                      DESCRIPTION         
Data archive:    ftp.aiub.unibe.ch/CODE/                    DESCRIPTION         
                 www.aiub.unibe.ch/download/CODE/           DESCRIPTION         
  2025     4     8     0     0     0                        EPOCH OF FIRST MAP  
  2025     4     9     0     0     0                        EPOCH OF LAST MAP   
  3600                                                      INTERVAL            
[...]
badg bake barh bjfs bndy boav bogo bogt bor1 braz brft brst COMMENT             
brux cags cas1 ccj2 cedu chpg chti chur ckis coco cord cpvg COMMENT             
cpxf cro1 daej darw dav1 dgar dhlg drao dubo ebre faa1 fair COMMENT             
flin flrs frdn func ganp glps glsv gode gol2 gold gope gras COMMENT             
graz guam guug harb hers hert hlfx hnpt hob2 hofn holb hrao COMMENT             
hyde iddr ieng iisc impz ineg invk iqal irkj jog2 joz2 joze COMMENT             
karr kerg kir0 kiri kiru kit3 kokb kokv koug kour krgg lama COMMENT             
laut lmmf lpal lpgs m0se mac1 madr mal2 mana mas1 mat1 mate COMMENT             
maui maw1 mcil mcm4 mdo1 medi mgue mizu mkea mnls mobs morp COMMENT             
mqzg mro1 mtka nano naur nico nist nium nklg nlib nnor not1 COMMENT             
nrc1 ntus nya1 nyal onsa opmt ous2 pado parc park pdel penc COMMENT             
pert pie1 pimo pohn pol2 polv pots pove ptag ptbb ptvl qaq1 COMMENT             
quin rabt ramo reun reyk rgdg rio2 roth salu samo sant savo COMMENT             
sch2 scor scrz sctb scub seyg sfer spt0 ssia sthl stjo stk2 COMMENT             
str2 suth sutm sydn syog tash thtg thti thu2 tid1 tidb tlse COMMENT             
tn22 tong tro1 tskb twtf txes uclu ufpr unb3 unbj unsa urum COMMENT             
usn7 usud vald vill vtsp wab1 wab2 wark wgtn whit will wind COMMENT             
wsrt wtza wtzr wtzs wtzz wuhn xmis yar2 yar3 yarr yell ykro COMMENT             
zeck zim2 zim3 zimm                                         COMMENT             
                                                            END OF HEADER       
[from data line 7722]
    19                                                      START OF TEC MAP    
  2025     4     8    18     0     0                        EPOCH OF CURRENT MAP
    87.5-180.0 180.0   5.0 450.0                            LAT/LON1/LON2/DLON/H
  150  151  151  152  153  154  156  157  159  160  162  164  165  167  168  170
  171  173  174  175  176  177  178  179  179  180  180  180  180  180  180  180
  180  180  180  179  179  178  178  177  177  176  175  174  173  173  172  171
  170  169  167  166  165  164  163  162  160  159  158  157  156  155  154  153
  152  151  151  150  150  150  150  150  150
    85.0-180.0 180.0   5.0 450.0                            LAT/LON1/LON2/DLON/H
  130  130  132  133  136  138  142  145  149  153  157  161  165  168  172  175
  178  181  183  185  186  188  188  189  189  190  190  189  189  189  188  188
  188  187  186  186  185  184  184  183  182  181  179  178  177  175  174  173
  171  169  168  166  164  162  161  159  156  154  152  150  147  145  142  140
  138  136  134  132  131  130  129  129  130
    82.5-180.0 180.0   5.0 450.0                            LAT/LON1/LON2/DLON/H
  110  110  112  114  117  121  126  132  138  145  152  159  165  171  177  182
  186  190  193  195  196  197  197  197  197  196  195  194  193  192  192  191
  190  189  189  188  187  187  186  185  183  182  180  178  177  175  173  171
  169  168  166  164  163  161  159  157  155  152  149  146  143  139  136  132
  128  125  121  118  115  113  111  110  110
    80.0-180.0 180.0   5.0 450.0                            LAT/LON1/LON2/DLON/H
   97   96   97   98  101  106  112  119  128  137  147  157  166  175  183  189
  195  199  201  203  204  204  203  202  201  199  197  196  194  192  191  190
  189  188  188  187  187  186  185  184  182  180  177  175  172  169  167  164
  163  161  160  159  158  158  157  155  154  151  149  145  142  138  133  129
  125  120  116  112  108  104  101   99   97
    77.5-180.0 180.0   5.0 450.0                            LAT/LON1/LON2/DLON/H
   96   93   91   91   92   96  102  110  120  132  144  156  168  179  188  195
  201  205  207  208  209  208  207  205  203  201  198  195  193  190  188  186
  185  184  183  183  183  183  182  180  178  175  171  167  163  159  155  153
  151  150  150  150  151  152  152  152  152  151  148  146  142  138  134  130
  126  122  119  115  111  107  103   99   96
    75.0-180.0 180.0   5.0 450.0                            LAT/LON1/LON2/DLON/H
  109  104   99   95   94   95   99  106  116  129  143  157  171  182  192  200
  205  208  210  211  211  210  209  208  206  203  200  196  192  188  184  181
  178  177  176  176  176  176  175  174  171  166  161  155  150  144  140  136
  135  135  136  138  140  143  146  147  148  147  146  144  141  138  135  132
  130  129  127  126  124  121  118  114  109
    72.5-180.0 180.0   5.0 450.0                            LAT/LON1/LON2/DLON/H
  134  128  120  112  106  103  104  109  118  130  145  160  174  186  196  202
  206  209  210  211  212  212  213  212  211  208  203  198  192  186  180  175
  171  169  167  167  167  168  167  165  161  156  150  142  135  128  123  119
  118  118  121  124  129  133  137  140  141  141  139  137  135  133  131  131
  132  134  137  140  142  143  142  140  134
    70.0-180.0 180.0   5.0 450.0                            LAT/LON1/LON2/DLON/H
  165  158  149  138  128  120  117  119  126  137  151  166  179  191  199  204
  206  208  209  211  213  216  218  219  218  215  210  203  195  186  178  171
  165  161  159  158  158  158  158  156  152  146  139  130  121  114  107  104
  103  104  108  113  118  123  127  130  131  130  128  125  123  121  121  123
  127  134  141  150  158  164  168  169  165
    67.5-180.0 180.0   5.0 450.0                            LAT/LON1/LON2/DLON/H
  192  188  179  167  154  143  136  134  138  148  160  174  186  196  202  206
  207  208  210  213  218  223  227  229  228  224  217  208  199  189  179  170
  163  158  155  153  152  152  152  150  146  139  131  122  112  104   98   94
   94   96  100  105  110  115  118  120  119  117  113  109  105  103  104  108
  115  124  137  150  164  176  186  192  192
    65.0-180.0 180.0   5.0 450.0                            LAT/LON1/LON2/DLON/H
  206  207  201  191  179  167  157  153  154  161  171  183  194  202  206  209
  210  211  215  221  228  235  240  241  239  233  224  214  204  195  186  178
  170  164  160  157  155  155  153  151  146  139  130  120  110  102   96   92
   92   93   97  102  106  110  111  111  108  103   97   91   86   83   83   87
   95  106  121  137  155  172  187  199  206
    62.5-180.0 180.0   5.0 450.0                            LAT/LON1/LON2/DLON/H
  200  208  210  206  197  186  177  171  170  175  182  192  200  207  211  213
  215  219  225  234  243  251  255  255  249  240  230  220  212  206  201  195
  190  184  178  174  171  168  166  162  156  147  137  127  116  108  101   97
   96   98  100  103  106  107  107  104   99   92   84   76   69   65   64   67
   74   84   97  113  131  150  169  187  200
    60.0-180.0 180.0   5.0 450.0                            LAT/LON1/LON2/DLON/H
  175  192  202  206  204  198  191  186  184  186  191  198  204  210  215  219
  225  232  242  253  264  272  273  268  258  245  234  226  223  223  225  225
  223  217  211  205  200  195  190  184  176  165  153  141  130  120  113  108
  106  105  106  107  108  108  106  102   96   88   78   68   60   54   51   52
   56   63   72   83   97  114  134  156  175
    57.5-180.0 180.0   5.0 450.0                            LAT/LON1/LON2/DLON/H
  138  161  181  194  201  202  200  196  194  193  196  200  206  213  220  228
  238  250  264  278  289  295  293  282  266  249  238  234  238  248  258  264
  265  261  254  246  239  232  225  216  204  190  176  161  148  137  128  121
  117  114  113  113  112  111  109  105   99   91   81   71   61   54   50   49
   50   51   53   56   63   75   91  113  138
    55.0-180.0 180.0   5.0 450.0                            LAT/LON1/LON2/DLON/H
   97  126  153  175  191  199  202  201  200  198  199  202  207  216  227  241
  256  273  290  306  318  321  314  297  275  256  244  245  258  277  295  307
  310  306  298  289  281  273  264  252  237  219  201  183  167  154  142  133
  127  122  120  119  118  117  116  114  109  103   94   83   74   67   62   59
   56   52   47   42   39   42   53   72   97
    52.5-180.0 180.0   5.0 450.0                            LAT/LON1/LON2/DLON/H
   66   97  128  157  179  194  202  204  204  203  202  205  212  224  240  259
  280  301  321  338  348  348  337  315  289  267  257  262  281  307  330  344
  347  342  332  323  317  310  301  287  268  246  224  203  185  169  155  143
  135  130  127  126  126  126  127  127  126  121  114  104   95   88   84   80
   76   69   57   44   32   26   29   43   66
    50.0-180.0 180.0   5.0 450.0                            LAT/LON1/LON2/DLON/H
   54   83  115  146  172  191  203  209  211  211  211  215  224  240  261  286
  311  334  355  371  379  378  364  340  311  287  277  285  306  334  357  368
  368  359  350  343  340  337  329  314  293  267  241  218  198  181  165  152
  143  137  136  136  137  140  142  145  145  143  137  128  120  113  110  107
  104   95   81   63   45   31   27   35   54
    47.5-180.0 180.0   5.0 450.0                            LAT/LON1/LON2/DLON/H
   65   90  119  149  174  194  209  218  224  227  230  236  249  269  295  323
  350  373  392  406  413  411  397  372  343  318  306  312  331  354  370  375
  369  357  348  345  349  351  347  332  308  280  253  229  208  191  175  162
  153  149  150  152  155  158  161  164  166  164  159  150  142  136  134  134
  132  125  112   93   73   56   47   49   65
    45.0-180.0 180.0   5.0 450.0                            LAT/LON1/LON2/DLON/H
   94  115  141  167  189  208  223  236  246  255  262  272  289  312  341  370
  396  416  432  443  450  449  437  414  384  357  342  342  352  365  372  367
  355  341  335  339  349  358  357  343  317  287  258  235  217  201  186  175
  168  168  171  176  179  180  181  182  183  181  175  166  158  152  151  152
  153  150  141  126  108   91   81   82   94
    42.5-180.0 180.0   5.0 450.0                            LAT/LON1/LON2/DLON/H
  134  154  177  198  216  231  246  262  278  293  307  322  342  368  397  425
  447  463  473  482  490  492  483  462  433  403  381  372  371  372  367  355
  339  328  326  337  354  367  367  351  322  291  263  242  226  213  202  193
  190  193  200  205  207  205  201  198  195  191  184  175  165  159  158  161
  164  164  160  151  139  127  120  122  134
    40.0-180.0 180.0   5.0 450.0                            LAT/LON1/LON2/DLON/H
  174  197  219  238  251  263  278  297  319  340  361  381  405  431  459  483
  499  509  516  523  532  537  533  514  484  450  421  402  390  381  369  355
  343  337  343  359  378  389  385  364  332  298  271  252  240  230  222  216
  217  224  232  238  236  229  218  209  202  196  187  177  167  160  158  160
  164  166  167  164  158  153  151  158  174
    37.5-180.0 180.0   5.0 450.0                            LAT/LON1/LON2/DLON/H
  205  234  260  279  291  300  315  336  363  391  417  443  468  494  518  537
  548  553  556  563  574  583  582  564  532  494  459  433  414  401  392  385
  384  390  403  419  433  435  420  390  351  314  286  269  259  251  245  242
  245  254  264  268  262  248  231  216  205  197  187  177  167  159  156  156
  158  161  163  164  163  163  168  182  205
    35.0-180.0 180.0   5.0 450.0                            LAT/LON1/LON2/DLON/H
  222  261  295  317  329  339  353  376  406  439  469  498  525  549  570  583
  589  591  593  602  615  626  625  606  573  532  495  467  450  443  445  457
  474  495  513  524  523  507  474  429  381  339  310  293  282  274  268  266
  270  280  288  289  279  260  238  220  207  199  191  182  172  164  159  156
  155  154  155  156  157  159  168  189  222
    32.5-180.0 180.0   5.0 450.0                            LAT/LON1/LON2/DLON/H
  225  275  320  349  364  374  389  412  444  477  510  541  568  591  608  618
  621  623  627  637  652  662  660  639  603  564  531  509  502  511  535  572
  613  648  667  665  641  597  540  477  419  373  342  321  307  296  288  284
  287  294  300  297  284  263  241  223  213  207  203  196  189  181  174  167
  161  157  153  150  147  146  156  182  225
    30.0-180.0 180.0   5.0 450.0                            LAT/LON1/LON2/DLON/H
  219  281  336  373  392  404  419  442  471  504  537  569  597  619  634  643
  646  650  657  669  683  691  684  660  626  592  569  562  572  603  654  719
  784  830  844  821  767  691  606  526  459  409  375  352  332  315  302  295
  295  298  298  292  279  260  242  230  225  225  226  224  219  212  203  194
  184  174  164  153  142  135  140  168  219
    27.5-180.0 180.0   5.0 450.0                            LAT/LON1/LON2/DLON/H
  212  282  346  390  414  428  443  463  489  518  550  583  614  637  653  662
  669  677  688  701  712  714  700  674  643  621  614  626  658  712  788  877
  958 1009 1011  963  876  768  658  563  491  441  407  379  354  330  312  301
  296  292  287  279  267  254  245  243  247  256  263  265  262  255  246  235
  222  208  191  172  150  132  131  157  212
    25.0-180.0 180.0   5.0 450.0                            LAT/LON1/LON2/DLON/H
  210  284  353  402  430  445  460  478  499  524  555  590  625  653  672  686
  698  712  726  738  743  735  714  686  663  656  669  701  752  824  916 1017
 1104 1149 1135 1061  946  811  683  579  507  462  431  403  372  344  321  307
  296  287  275  264  256  253  256  265  280  296  308  314  313  306  297  285
  271  254  232  205  172  143  133  155  210
    22.5-180.0 180.0   5.0 450.0                            LAT/LON1/LON2/DLON/H
  217  290  361  411  441  458  473  488  505  527  559  599  641  676  701  720
  740  760  777  786  781  762  733  705  692  701  732  781  844  923 1016 1115
 1193 1223 1190 1096  961  812  675  571  505  470  447  422  391  361  337  320
  306  290  272  259  255  261  277  298  321  343  358  365  363  356  347  335
  322  304  279  246  206  167  148  164  217
    20.0-180.0 180.0   5.0 450.0                            LAT/LON1/LON2/DLON/H
  231  300  368  418  448  468  484  498  513  535  570  618  669  712  745  772
  799  826  845  848  832  801  765  738  733  756  802  860  924  995 1074 1154
 1211 1220 1170 1065  924  773  639  542  489  467  457  441  415  387  365  350
  333  311  287  271  270  285  310  339  367  390  405  409  405  396  386  376
  364  347  322  287  242  199  174  184  231
    17.5-180.0 180.0   5.0 450.0                            LAT/LON1/LON2/DLON/H
  249  312  375  422  454  477  496  512  528  552  593  651  712  765  805  840
  876  909  929  927  900  857  814  787  789  821  874  930  983 1034 1086 1135
 1162 1149 1087  983  850  711  589  506  467  463  469  466  449  428  412  399
  381  353  323  303  304  323  353  385  412  432  441  440  431  420  409  399
  389  374  350  316  273  229  202  208  249
    15.0-180.0 180.0   5.0 450.0                            LAT/LON1/LON2/DLON/H
  265  321  379  425  459  486  511  532  552  581  630  698  769  829  876  919
  963 1003 1025 1018  982  930  881  852  856  890  940  986 1020 1043 1061 1073
 1068 1035  971  879  768  651  547  478  455  467  490  501  496  485  476  467
  448  416  379  354  353  373  402  430  451  462  462  453  439  424  412  403
  393  380  359  329  290  251  226  229  265
    12.5-180.0 180.0   5.0 450.0                            LAT/LON1/LON2/DLON/H
  274  324  378  425  464  499  531  559  585  622  679  755  833  898  950  998
 1049 1095 1121 1112 1071 1013  960  928  929  957  995 1024 1035 1030 1016  995
  964  918  860  790  708  618  533  476  464  489  526  550  556  554  552  547
  526  488  445  415  410  426  450  470  480  478  467  449  428  409  396  387
  378  365  347  323  293  262  241  244  274
    10.0-180.0 180.0   5.0 450.0                            LAT/LON1/LON2/DLON/H
  276  322  374  424  470  514  556  593  627  671  734  813  893  959 1013 1064
 1121 1173 1203 1197 1156 1097 1041 1005  998 1013 1035 1046 1037 1011  974  931
  883  833  788  744  694  628  558  509  501  532  577  610  623  627  629  624
  600  557  508  473  463  473  489  497  494  480  457  429  402  381  368  359
  349  337  321  303  282  260  246  249  276
     7.5-180.0 180.0   5.0 450.0                            LAT/LON1/LON2/DLON/H
  271  314  368  423  479  533  585  631  673  722  787  865  942 1004 1056 1108
 1167 1224 1259 1258 1223 1169 1114 1074 1055 1055 1060 1055 1034  998  953  901
  849  805  776  758  733  686  624  575  565  595  640  674  688  692  692  684
  655  607  554  515  501  505  511  509  494  468  435  400  369  347  333  324
  315  302  289  277  265  252  243  246  271
     5.0-180.0 180.0   5.0 450.0                            LAT/LON1/LON2/DLON/H
  262  304  361  424  489  554  615  670  718  769  832  903  972 1027 1074 1123
 1182 1240 1279 1286 1261 1217 1167 1124 1095 1080 1071 1057 1033 1001  961  916
  871  837  824  825  816  779  718  663  645  666  704  730  738  734  728  712
  678  626  571  531  515  514  514  504  480  446  406  367  334  312  300  292
  282  269  258  252  248  242  237  240  262
     2.5-180.0 180.0   5.0 450.0                            LAT/LON1/LON2/DLON/H
  254  296  357  427  501  574  644  705  758  808  864  925  981 1028 1068 1113
 1166 1220 1260 1275 1264 1234 1193 1152 1117 1091 1072 1055 1038 1019  996  967
  935  913  911  922  919  881  816  753  724  732  755  767  760  744  726  702
  663  609  555  518  502  499  495  481  454  416  374  334  302  282  272  265
  256  244  236  235  237  236  232  234  254
