ionex_files/COD0OPSFIN_20250760000_01D_01H_GIM.INX
     1.0            IONOSPHERE MAPS     GNSS                IONEX VERSION / TYPE
ADDNEQ2 V5.5        AIUB                21-MAR-25 19:06     PGM / RUN BY / DATE 
CODE'S GLOBAL IONOSPHERE MAPS FOR DAY 076, 2025             COMMENT             
Global ionosphere maps (GIM) are generated on a daily basis DESCRIPTION         
at CODE using data from about 300 GNSS sites of the IGS and DESCRIPTION         
other institutions. The vertical total electron content     DESCRIPTION         
(VTEC) is modeled in a solar-geomagnetic reference frame    DESCRIPTION         
using a spherical harmonics expansion up to degree and      DESCRIPTION         
order 15. Piece-wise linear functions are used for          DESCRIPTION         
representation in the time domain. The time spacing of      DESCRIPTION         
their vertices is 1 hour, conforming with the epochs of the DESCRIPTION         
VTEC maps.                                                  DESCRIPTION         
To convert line-of-sight TEC into vertical TEC, a modified  DESCRIPTION         
single-layer model mapping function approximating the JPL   DESCRIPTION         
extended slab model mapping function is adopted. The        DESCRIPTION         
mapping function is evaluated at geodetic satellite         DESCRIPTION         
elevation angles. For the computation of the ionospheric    DESCRIPTION         
pierce points, a spherical layer with a radius of 6821 km   DESCRIPTION         
is assumed, implying geocentric, not geodetic IONEX         DESCRIPTION         
latitudes.                                                  DESCRIPTION         
Instrumental biases with respect to each involved GNSS code DESCRIPTION         
observable are estimated as constant values for each        DESCRIPTION         
day. They are modeled with one set of bias parameters for   DESCRIPTION         
each satellite and each station in case of GPS and for each DESCRIPTION         
satellite-station link in case of GLONASS. The code bias    DESCRIPTION         
datum is defined by zero-mean conditions imposed on the     DESCRIPTION         
satellite bias estimates. In this file, just GPS C1W-C2W    DESCRIPTION         
satellite and station bias values are included. The         DESCRIPTION         
complete set of GNSS code bias results is provided in an    DESCRIPTION         
additional Bias-SINEX file as pseudo-absolute values        DESCRIPTION         
specific to each observable.                                DESCRIPTION         
Note: These GIM results correspond to the results for the   DESCRIPTION         
middle day of a 3-day combination analysis solving for 73   DESCRIPTION         
times 256, or 18688 VTEC parameters and 3 daily sets of     DESCRIPTION         
GNSS code bias parameters.                                  DESCRIPTION         
Contact address: code(at)aiub.unibe.ch                      DESCRIPTION         
Data archive:    ftp.aiub.unibe.ch/CODE/                    DESCRIPTION         
                 www.aiub.unibe.ch/download/CODE/           DESCRIPTION         
  2025     3    17     0     0     0                        EPOCH OF FIRST MAP  
  2025     3    18     0     0     0                        EPOCH OF LAST MAP   
  3600                                                      INTERVAL            
[...]
azgb badg bake barh bjfs bndy boav bogo bogt bor1 braz brft COMMENT             
brst brux cags cas1 ccj2 cedu chpg chti chur ckis coco cord COMMENT             
cpvg cpxf cro1 daej darw dav1 dgar dhlg drao dubo ebre faa1 COMMENT             
fair flin flrs frdn func ganp glps glsv gode gol2 gold gope COMMENT             
gras graz guam guug harb hers hert hlfx hnpt hob2 hofn holb COMMENT             
hrao iddr ieng iisc impz ineg invk iqal irkj jog2 joz2 karr COMMENT             
kerg kir0 kiri kiru kit3 kokb kokv koug kour krgg lama laut COMMENT             
lmmf lpal lpgs mac1 madr mal2 mana mas1 mat1 mate maui maw1 COMMENT             
mcil mcm4 mdo1 medi mgue mizu mkea mnls mobs monp morp mqzg COMMENT             
mro1 mtka nano naur nico nist nium nklg nlib nnor nrc1 ntus COMMENT             
nya1 nyal onsa opmt ous2 pado parc park pdel penc pert pie1 COMMENT             
pimo pohn pol2 polv pots pove ptag ptbb ptvl qaq1 quin rabt COMMENT             
ramo reun reyk rgdg rio2 roth salu samo sant savo sch2 scor COMMENT             
scrz sctb scub seyg sfer sofi spt0 ssia sthl stjo stk2 str2 COMMENT             
suth sutm suwn sydn syog tash thtg thti thu2 tid1 tidb tlse COMMENT             
tn22 tong tow2 tro1 tskb twtf txes uclu ufpr ulab unb3 unbj COMMENT             
unsa urum usn7 usud vald vill vtsp wab1 wab2 whit will wind COMMENT             
wsrt wtza wtzr wtzs wtzz wuhn xmis yar2 yarr yell ykro zeck COMMENT             
zim2 zim3 zimm                                              COMMENT             
                                                            END OF HEADER       
[from data line 6435]
    16                                                      START OF TEC MAP    
  2025     3    17    15     0     0                        EPOCH OF CURRENT MAP
    87.5-180.0 180.0   5.0 450.0                            LAT/LON1/LON2/DLON/H
  363  366  369  373  377  381  385  390  395  399  404  408  413  417  421  424
  428  431  433  435  437  439  440  440  441  441  440  440  439  438  436  435
  433  431  429  427  425  422  420  418  416  414  412  409  407  405  403  400
  398  395  393  390  387  384  381  378  375  372  369  367  364  362  360  358
  357  356  355  355  356  357  358  360  363
    85.0-180.0 180.0   5.0 450.0                            LAT/LON1/LON2/DLON/H
  289  295  303  311  320  330  340  350  360  370  380  390  399  407  415  422
  428  434  438  442  445  447  448  449  448  447  445  442  439  435  431  426
  422  417  412  408  404  400  396  393  391  389  387  385  384  383  381  380
  378  375  372  369  364  359  353  347  340  332  324  317  309  302  295  289
  284  280  277  276  276  277  280  284  289
    82.5-180.0 180.0   5.0 450.0                            LAT/LON1/LON2/DLON/H
  206  216  227  240  254  269  284  299  314  329  344  357  370  381  392  402
  410  417  424  429  433  435  437  437  436  433  430  425  419  412  404  396
  388  380  372  364  358  352  348  345  343  343  343  345  347  350  353  355
  357  358  357  354  350  344  336  326  314  301  287  273  258  244  231  219
  209  200  194  190  188  189  192  198  206
    80.0-180.0 180.0   5.0 450.0                            LAT/LON1/LON2/DLON/H
  133  145  160  176  193  211  230  248  266  284  300  315  329  342  354  365
  374  383  391  398  403  408  411  412  412  409  405  399  391  381  371  359
  347  334  322  311  302  294  288  285  284  286  291  297  305  314  323  332
  339  345  349  350  347  341  332  319  303  285  265  244  222  201  181  162
  147  133  123  117  113  114  117  124  133
    77.5-180.0 180.0   5.0 450.0                            LAT/LON1/LON2/DLON/H
   87  100  114  131  149  168  188  206  225  242  257  271  284  296  307  317
  327  337  347  356  365  373  380  384  387  386  383  377  368  357  343  328
  312  296  280  265  251  240  233  229  229  232  240  251  265  280  296  312
  326  339  348  352  353  348  339  324  306  283  258  231  204  177  152  129
  110   94   81   73   69   68   71   77   87
    75.0-180.0 180.0   5.0 450.0                            LAT/LON1/LON2/DLON/H
   75   86   99  114  130  147  164  180  195  209  221  232  242  250  258  267
  277  288  301  314  328  342  354  363  370  373  372  367  358  346  331  314
  295  275  255  236  219  204  194  188  188  193  203  217  235  255  276  297
  317  334  347  356  359  356  348  333  313  289  261  231  201  172  146  122
  102   86   74   66   62   60   62   67   75
    72.5-180.0 180.0   5.0 450.0                            LAT/LON1/LON2/DLON/H
   96  102  111  122  133  145  158  170  180  190  197  203  207  211  216  223
  232  245  261  280  300  320  339  355  367  373  375  372  364  352  337  319
  299  278  255  233  212  194  180  172  170  175  186  201  220  242  265  287
  308  326  341  351  357  356  349  335  316  292  264  235  207  180  156  136
  120  107   99   93   89   88   88   91   96
    70.0-180.0 180.0   5.0 450.0                            LAT/LON1/LON2/DLON/H
  136  137  141  145  152  158  165  172  178  182  184  185  184  184  186  190
  199  214  233  258  284  312  337  359  375  385  389  387  381  371  358  342
  323  302  278  254  231  209  193  183  179  183  192  207  224  243  262  280
  297  312  324  334  339  339  334  323  306  284  259  234  209  188  171  158
  149  144  141  139  138  137  136  135  136
    67.5-180.0 180.0   5.0 450.0                            LAT/LON1/LON2/DLON/H
  177  174  172  172  173  175  177  179  181  181  180  177  173  170  169  172
  181  197  220  249  281  314  344  370  388  400  405  405  401  395  386  375
  361  343  321  297  271  248  229  217  212  214  222  234  247  259  270  278
  285  291  297  302  305  306  302  293  280  261  241  220  202  188  179  176
  177  181  185  188  189  188  185  181  177
    65.0-180.0 180.0   5.0 450.0                            LAT/LON1/LON2/DLON/H
  203  197  192  188  186  184  184  184  183  183  180  177  172  168  166  168
  178  195  220  252  287  322  354  380  399  410  416  418  418  417  416  413
  406  393  375  353  327  303  282  269  263  265  271  279  286  288  287  281
  275  268  263  261  261  260  258  251  241  226  209  194  181  175  175  181
  191  203  214  221  224  222  217  211  203
    62.5-180.0 180.0   5.0 450.0                            LAT/LON1/LON2/DLON/H
  204  197  191  186  183  180  179  178  179  180  180  179  177  175  174  178
  188  206  231  263  297  330  360  383  400  410  416  421  427  435  443  450
  453  448  435  415  390  364  343  329  324  326  332  336  336  328  313  292
  270  249  233  223  218  215  213  208  199  186  172  160  152  150  156  169
  186  204  219  228  231  229  222  213  204
    60.0-180.0 180.0   5.0 450.0                            LAT/LON1/LON2/DLON/H
  179  172  167  164  162  161  161  162  166  171  177  181  184  187  190  197
  209  227  251  279  308  335  358  376  388  397  405  415  429  447  467  486
  499  502  494  475  451  425  404  391  387  390  396  398  391  374  347  312
  276  243  216  198  188  183  179  174  165  153  140  128  121  121  130  145
  165  184  200  209  211  206  197  187  179
    57.5-180.0 180.0   5.0 450.0                            LAT/LON1/LON2/DLON/H
  136  132  130  130  131  131  133  138  146  157  169  182  192  201  211  222
  238  257  278  300  320  338  351  361  369  377  389  405  429  459  491  520
  541  550  545  528  503  478  457  446  445  450  456  456  445  421  385  341
  294  252  218  195  180  172  166  159  149  136  121  108   99   98  104  118
  136  153  166  172  170  163  153  143  136
    55.0-180.0 180.0   5.0 450.0                            LAT/LON1/LON2/DLON/H
   90   90   92   95   98  100  104  111  123  140  160  180  199  217  234  253
  273  294  312  327  336  341  343  345  350  359  375  400  434  473  514  551
  577  589  585  568  544  519  500  491  492  499  505  505  492  464  423  374
  324  278  241  214  196  184  175  165  153  138  121  105   94   88   90   98
  110  121  129  130  125  116  105   96   90
    52.5-180.0 180.0   5.0 450.0                            LAT/LON1/LON2/DLON/H
   58   60   65   71   75   78   82   90  105  127  153  180  207  232  258  285
  312  336  353  360  359  351  343  338  340  352  375  407  448  494  539  578
  604  615  610  593  570  547  531  524  527  535  542  540  525  496  455  407
  358  314  278  250  229  214  200  187  172  156  138  121  106   96   91   92
   96  101  102   99   90   79   69   61   58
    50.0-180.0 180.0   5.0 450.0                            LAT/LON1/LON2/DLON/H
   50   53   59   65   69   71   73   81   97  121  151  183  216  248  282  318
  353  381  398  400  390  372  355  346  349  365  393  430  474  520  563  598
  619  626  620  604  584  565  553  549  552  560  564  561  544  515  476  432
  390  351  318  290  267  248  230  214  198  182  165  148  133  119  109  103
   99   97   93   86   76   66   57   51   50
    47.5-180.0 180.0   5.0 450.0                            LAT/LON1/LON2/DLON/H
   67   70   74   79   80   80   80   85  100  125  157  192  228  265  305  349
  392  427  446  446  430  406  385  374  378  398  429  467  509  549  583  609
  623  625  619  607  592  579  571  569  572  576  577  570  551  521  485  447
  411  378  348  321  296  273  252  234  219  205  192  179  164  150  137  126
  117  110  102   94   86   78   71   67   67
    45.0-180.0 180.0   5.0 450.0                            LAT/LON1/LON2/DLON/H
  103  104  105  106  105  101   98  100  113  137  169  205  242  282  327  377
  427  468  491  492  475  450  428  419  426  448  479  513  547  575  598  612
  619  620  617  611  605  599  594  592  593  592  587  574  551  519  484  450
  419  391  363  336  308  283  260  242  228  218  210  202  192  179  166  153
  142  133  125  119  113  109  106  104  103
    42.5-180.0 180.0   5.0 450.0                            LAT/LON1/LON2/DLON/H
  146  143  140  137  132  126  120  120  131  154  185  221  258  299  347  401
  456  502  530  535  521  499  481  475  484  506  533  560  582  598  608  614
  619  624  629  633  636  635  632  627  622  614  603  582  553  517  480  447
  418  391  364  335  306  279  256  239  228  221  217  214  209  200  188  177
  167  159  153  150  149  149  150  149  146
    40.0-180.0 180.0   5.0 450.0                            LAT/LON1/LON2/DLON/H
  183  174  166  159  152  144  137  135  145  168  200  236  274  315  364  420
  477  527  559  570  563  548  535  532  543  562  583  601  613  619  622  626
  636  651  669  686  696  697  690  678  664  649  630  603  567  525  484  447
  416  388  359  329  299  273  253  237  226  220  218  217  214  209  201  192
  186  181  179  179  182  186  189  189  183
    37.5-180.0 180.0   5.0 450.0                            LAT/LON1/LON2/DLON/H
  203  189  175  165  157  149  142  140  151  175  209  248  288  330  379  434
  491  541  577  594  596  589  582  583  592  608  624  635  641  643  648  661
  684  716  750  778  792  790  773  749  724  701  676  643  601  553  505  463
  428  397  366  335  307  284  266  250  237  226  220  217  215  211  205  201
  198  198  198  201  205  211  215  213  203
    35.0-180.0 180.0   5.0 450.0                            LAT/LON1/LON2/DLON/H
  205  185  166  153  145  138  132  132  144  172  210  253  297  343  392  446
  499  547  585  609  619  621  619  621  628  641  654  665  672  681  698  727
  772  825  876  911  923  909  876  836  799  768  739  704  658  605  551  504
  466  432  400  370  347  328  312  294  273  252  236  226  219  215  211  209
  209  211  213  215  218  223  225  220  205
    32.5-180.0 180.0   5.0 450.0                            LAT/LON1/LON2/DLON/H
  192  166  143  129  121  116  112  113  128  159  202  252  302  353  405  455
  504  548  586  616  635  643  645  646  651  663  678  695  714  739  775  829
  897  971 1035 1072 1074 1042  989  931  883  847  817  782  736  680  623  574
  533  500  470  445  427  413  398  373  340  304  273  252  239  231  226  225
  226  228  227  225  224  225  223  213  192
    30.0-180.0 180.0   5.0 450.0                            LAT/LON1/LON2/DLON/H
  175  144  118  102   94   90   88   91  108  142  190  246  304  361  415  465
  508  548  586  620  645  658  661  661  666  680  704  735  772  818  879  956
 1046 1135 1205 1237 1223 1170 1097 1024  966  928  900  869  825  771  714  666
  628  597  573  554  542  532  515  481  432  379  334  302  282  268  260  256
  255  253  247  238  230  223  215  200  175
    27.5-180.0 180.0   5.0 450.0                            LAT/LON1/LON2/DLON/H
  162  129  100   83   76   72   70   73   91  126  178  239  304  367  426  474
  514  550  587  624  654  670  672  672  679  702  740  789  847  915  996 1091
 1194 1289 1356 1376 1344 1272 1182 1099 1038 1002  978  952  913  863  810  766
  733  709  691  679  672  664  641  596  533  466  409  371  346  329  316  306
  299  290  276  258  240  225  211  191  162
    25.0-180.0 180.0   5.0 450.0                            LAT/LON1/LON2/DLON/H
  161  127   98   81   73   69   65   68   84  119  171  234  303  372  434  484
  522  556  593  633  665  681  684  685  699  734  789  857  933 1017 1108 1209
 1312 1401 1456 1461 1413 1328 1232 1148 1091 1059 1040 1020  987  942  894  855
  828  809  797  790  787  777  749  694  621  546  488  450  426  407  389  372
  356  337  313  284  257  234  215  191  161
    22.5-180.0 180.0   5.0 450.0                            LAT/LON1/LON2/DLON/H
  171  140  113   97   89   83   77   77   91  123  173  235  305  377  442  493
  532  566  605  646  678  694  698  704  731  782  853  935 1020 1107 1195 1287
 1375 1447 1484 1473 1416 1330 1240 1166 1118 1094 1080 1064 1034  993  950  913
  888  871  861  856  853  842  808  748  674  604  555  528  511  494  471  445
  417  386  351  313  278  249  226  201  171
    20.0-180.0 180.0   5.0 450.0                            LAT/LON1/LON2/DLON/H
  189  162  139  125  118  111  103  100  111  139  184  241  309  381  448  502
  543  580  620  662  693  708  715  732  775  843  927 1014 1095 1170 1241 1309
 1372 1419 1436 1413 1355 1281 1209 1156 1123 1106 1096 1080 1051 1011  966  927
  896  875  862  856  851  838  803  746  680  628  600  592  588  574  547  512
  472  430  385  339  298  265  240  216  189
    17.5-180.0 180.0   5.0 450.0                            LAT/LON1/LON2/DLON/H
  207  185  168  157  151  143  134  129  137  162  201  253  316  386  453  510
  555  596  639  679  708  722  736  768  829  912 1001 1082 1147 1197 1239 1275
 1307 1327 1326 1298 1250 1197 1154 1127 1112 1102 1090 1072 1040  996  944  893
  850  817  795  784  778  766  735  689  643  618  620  635  646  636  606  562
  512  459  406  355  312  277  251  229  207
    15.0-180.0 180.0   5.0 450.0                            LAT/LON1/LON2/DLON/H
  217  201  189  183  178  171  161  156  163  185  221  268  326  391  458  517
  568  614  659  697  722  737  759  808  888  982 1067 1131 1169 1189 1197 1200
 1202 1200 1187 1162 1131 1106 1094 1094 1094 1088 1073 1047 1010  957  893  824
  759  707  673  657  653  647  628  600  581  588  620  658  680  674  640  590
  531  471  412  360  316  281  255  235  217
    12.5-180.0 180.0   5.0 450.0                            LAT/LON1/LON2/DLON/H
  216  205  198  194  190  184  176  172  181  204  239  283  336  398  464  526
  582  633  680  715  735  751  783  850  945 1043 1117 1156 1164 1153 1133 1110
 1091 1075 1060 1043 1032 1034 1050 1071 1081 1074 1052 1019  974  911  831  739
  650  576  530  512  515  520  517  512  521  557  613  666  693  684  647  592
  530  466  406  354  311  278  252  232  216
    10.0-180.0 180.0   5.0 450.0                            LAT/LON1/LON2/DLON/H
  206  197  191  189  186  180  174  173  185  212  250  295  347  407  471  535
  597  654  702  734  750  767  809  890  995 1090 1146 1158 1140 1106 1069 1035
 1008  991  980  975  980 1002 1036 1068 1080 1068 1038  997  945  873  777  665
  552  460  406  392  406  428  445  460  491  546  613  668  688  673  632  576
  514  451  393  344  304  271  244  222  206
     7.5-180.0 180.0   5.0 450.0                            LAT/LON1/LON2/DLON/H
  193  182  176  172  168  162  158  160  177  209  254  304  358  416  480  546
  613  676  725  754  768  787  837  927 1034 1118 1154 1143 1106 1064 1027  998
  978  969  968  973  988 1017 1055 1085 1092 1072 1035  989  933  856  751  624
  496  394  340  336  367  408  440  469  510  569  630  670  675  647  602  549
  492  435  382  338  301  268  237  212  193
     5.0-180.0 180.0   5.0 450.0                            LAT/LON1/LON2/DLON/H
  185  170  160  152  145  139  135  140  161  200  253  311  368  427  490  558
  630  697  748  777  790  812  867  960 1060 1128 1143 1116 1074 1040 1019 1008
 1007 1013 1023 1035 1050 1073 1100 1118 1112 1083 1041  995  941  866  759  629
  499  400  355  367  416  472  514  545  581  625  664  677  657  615  567  520
  473  425  380  341  307  273  238  208  185
     2.5-180.0 180.0   5.0 450.0                            LAT/LON1/LON2/DLON/H
  187  167  152  139  128  120  116  121  145  191  252  317  379  439  501  570
  644  715  769  800  816  841  899  987 1073 1121 1119 1085 1052 1039 1044 1060
 1081 1104 1123 1135 1141 1147 1153 1150 1131 1095 1052 1011  964  897  800  680
  562  478  451  481  546  610  651  671  686  701  706  685  638  582  533  495
  460  423  387  354  323  287  249  214  187
