ionex_files/COD0OPSFIN_20250910000_01D_01H_GIM.INX
     1.0            IONOSPHERE MAPS     GNSS                IONEX VERSION / TYPE
ADDNEQ2 V5.5        AIUB                05-APR-25 19:01     PGM / RUN BY / DATE 
CODE'S GLOBAL IONOSPHERE MAPS FOR DAY 091, 2025             COMMENT             
Global ionosphere maps (GIM) are generated on a daily basis DESCRIPTION         
at CODE using data from about 300 GNSS sites of the IGS and DESCRIPTION         
other institutions. The vertical total electron content     DESCRIPTION         
(VTEC) is modeled in a solar-geomagnetic reference frame    DESCRIPTION         
using a spherical harmonics expansion up to degree and      DESCRIPTION         
order 15. Piece-wise linear functions are used for          DESCRIPTION         
representation in the time domain. The time spacing of      DESCRIPTION         
their vertices is 1 hour, conforming with the epochs of the DESCRIPTION         
VTEC maps.                                                  DESCRIPTION         
To convert line-of-sight TEC into vertical TEC, a modified  DESCRIPTION         
single-layer model mapping function approximating the JPL   DESCRIPTION         
extended slab model mapping function is adopted. The        DESCRIPTION         
mapping function is evaluated at geodetic satellite         DESCRIPTION         
elevation angles. For the computation of the ionospheric    DESCRIPTION         
pierce points, a spherical layer with a radius of 6821 km   DESCRIPTION         
is assumed, implying geocentric, not geodetic IONEX         DESCRIPTION         
latitudes.                                                  DESCRIPTION         
Instrumental biases with respect to each involved GNSS code DESCRIPTION         
observable are estimated as constant values for each        DESCRIPTION         
day. They are modeled with one set of bias parameters for   DESCRIPTION         
each satellite and each station in case of GPS and for each DESCRIPTION         
satellite-station link in case of GLONASS. The code bias    DESCRIPTION         
datum is defined by zero-mean conditions imposed on the     DESCRIPTION         
satellite bias estimates. In this file, just GPS C1W-C2W    DESCRIPTION         
satellite and station bias values are included. The         DESCRIPTION         
complete set of GNSS code bias results is provided in an    DESCRIPTION         
additional Bias-SINEX file as pseudo-absolute values        DESCRIPTION         
specific to each observable.                                DESCRIPTION         
Note: These GIM results correspond to the results for the   DESCRIPTION         
middle day of a 3-day combination analysis solving for 73   DESCRIPTION         
times 256, or 18688 VTEC parameters and 3 daily sets of     DESCRIPTION         
GNSS code bias parameters.                                  DESCRIPTION         
Contact address: code(at)aiub.unibe.ch                      DESCRIPTION         
Data archive:    ftp.aiub.unibe.ch/CODE/                    DESCRIPTION         
                 www.aiub.unibe.ch/download/CODE/           DESCRIPTION         
  2025     4     1     0     0     0                        EPOCH OF FIRST MAP  
  2025     4     2     0     0     0                        EPOCH OF LAST MAP   
  3600                                                      INTERVAL            
[...]
azgb badg bake barh bjfs bndy boav bogo bogt bor1 braz brft COMMENT             
brst brux cas1 ccj2 cedu chpg chti chur ckis coco cord cpvg COMMENT             
cpxf cro1 daej darw dav1 dgar dhlg drao dubo ebre faa1 fair COMMENT             
flin flrs frdn func ganp glps glsv gode gol2 gold gope gras COMMENT             
graz guam guug harb hers hert hlfx hnpt hob2 hofn holb hrao COMMENT             
iddr ieng iisc impz ineg invk iqal irkj jog2 joz2 karr kerg COMMENT             
kir0 kiri kiru kit3 kokb kokv koug kour krgg lama laut lmmf COMMENT             
lpal lpgs m0se mac1 madr mal2 mana mas1 mat1 mate maui maw1 COMMENT             
mcil mcm4 mdo1 medi mgue mizu mkea mnls mobs morp mqzg mro1 COMMENT             
mtka nano naur nico nist nium nklg nlib nnor not1 nrc1 ntus COMMENT             
nya1 nyal onsa opmt ous2 pado parc park pdel penc pert pie1 COMMENT             
pimo pohn pol2 polv pots pove ptag ptbb ptvl qaq1 quin rabt COMMENT             
ramo reun reyk rgdg rio2 roth salu samo sant savo sch2 scor COMMENT             
scrz sctb scub seyg spt0 ssia sthl stjo stk2 str2 suth sutm COMMENT             
suwn sydn syog tash thtg thti thu2 tid1 tidb tlse tn22 tong COMMENT             
tow2 tro1 tskb twtf txes uclu ufpr ulab unb3 unbj unsa urum COMMENT             
usn7 usud vald vill vtsp wab1 wab2 wark wgtn whit will wind COMMENT             
wsrt wtza wtzr wtzs wtzz wuhn xmis yar2 yar3 yarr yell ykro COMMENT             
zeck zim2 zim3 zimm                                         COMMENT             
                                                            END OF HEADER       
[from data line 9438]
    23                                                      START OF TEC MAP    
  2025     4     1    22     0     0                        EPOCH OF CURRENT MAP
    87.5-180.0 180.0   5.0 450.0                            LAT/LON1/LON2/DLON/H
  261  262  263  264  265  266  267  269  270  271  272  273  274  275  276  276
  277  277  277  277  277  276  276  275  274  274  273  272  271  271  270  269
  269  268  267  267  267  266  266  266  265  265  265  265  265  265  265  265
  264  264  264  264  263  263  262  262  262  261  261  260  260  259  259  258
  258  258  258  258  258  259  259  260  261
    85.0-180.0 180.0   5.0 450.0                            LAT/LON1/LON2/DLON/H
  245  247  250  253  256  260  263  267  271  274  277  280  282  284  286  287
  287  287  287  286  285  283  281  279  277  275  272  270  268  266  264  262
  260  259  258  257  257  256  256  256  257  257  258  259  259  260  260  260
  260  260  260  260  259  258  257  256  254  253  251  250  248  246  245  243
  242  241  241  240  240  241  242  243  245
    82.5-180.0 180.0   5.0 450.0                            LAT/LON1/LON2/DLON/H
  227  231  235  241  247  254  260  267  274  280  285  290  294  297  299  300
  300  299  297  295  292  288  285  281  277  272  268  264  260  257  253  250
  248  246  244  243  243  243  243  244  246  247  249  250  252  253  254  255
  255  255  255  254  253  251  250  248  245  243  240  238  235  232  229  227
  225  223  221  220  220  220  221  224  227
    80.0-180.0 180.0   5.0 450.0                            LAT/LON1/LON2/DLON/H
  213  219  226  234  243  253  263  273  283  291  299  305  309  312  313  312
  311  308  304  300  295  290  285  280  274  269  263  258  253  248  243  239
  236  233  231  230  230  230  231  233  235  237  239  241  243  245  246  247
  247  246  245  244  242  240  237  235  232  229  226  223  221  218  215  212
  210  208  206  205  204  205  206  209  213
    77.5-180.0 180.0   5.0 450.0                            LAT/LON1/LON2/DLON/H
  213  220  228  239  250  263  276  288  300  311  319  325  328  329  328  324
  319  313  307  301  294  288  282  276  271  265  260  254  248  242  237  232
  228  225  222  220  220  220  221  223  225  228  230  232  234  236  236  236
  235  233  231  228  225  221  218  215  213  211  209  207  206  205  204  203
  202  200  200  199  200  201  203  207  213
    75.0-180.0 180.0   5.0 450.0                            LAT/LON1/LON2/DLON/H
  227  235  245  257  270  284  299  314  327  338  346  351  351  349  343  335
  325  315  306  297  290  283  278  273  268  263  258  253  247  241  235  230
  224  220  217  214  213  213  213  215  216  218  220  222  223  224  223  221
  219  215  211  206  201  196  192  190  188  187  188  190  192  194  197  199
  201  203  205  207  209  212  216  221  227
    72.5-180.0 180.0   5.0 450.0                            LAT/LON1/LON2/DLON/H
  256  265  275  287  301  315  331  346  359  370  378  380  377  370  359  345
  330  316  303  293  285  278  274  271  267  264  260  255  250  243  237  230
  223  218  213  209  207  206  206  206  207  208  209  209  209  208  207  203
  199  193  186  179  173  167  162  160  160  162  165  171  178  185  193  200
  207  214  220  225  231  236  242  249  256
    70.0-180.0 180.0   5.0 450.0                            LAT/LON1/LON2/DLON/H
  293  302  312  323  335  349  363  378  392  403  410  410  404  393  376  357
  337  319  304  292  283  278  274  272  270  267  263  258  252  245  238  230
  222  214  208  203  199  197  196  195  194  194  193  193  192  190  187  183
  177  169  160  151  143  136  131  129  131  136  143  153  165  178  191  204
  217  228  239  249  258  267  276  284  293
    67.5-180.0 180.0   5.0 450.0                            LAT/LON1/LON2/DLON/H
  328  337  346  354  364  376  390  404  418  430  437  437  430  416  396  373
  350  329  312  299  291  285  281  278  275  271  266  261  254  246  237  227
  217  208  200  193  189  185  182  180  178  176  175  173  171  169  166  161
  154  145  135  125  115  108  103  102  105  113  124  138  154  172  190  208
  226  242  257  271  284  297  308  319  328
    65.0-180.0 180.0   5.0 450.0                            LAT/LON1/LON2/DLON/H
  353  361  368  375  382  391  403  417  432  445  455  457  452  438  418  394
  370  348  331  318  309  302  296  290  283  276  269  261  253  244  233  222
  210  199  189  181  175  171  167  164  160  157  154  152  150  148  145  140
  133  124  114  103   93   85   81   82   87   96  110  127  147  168  189  211
  231  250  268  285  301  317  331  343  353
    62.5-180.0 180.0   5.0 450.0                            LAT/LON1/LON2/DLON/H
  362  370  375  380  384  390  400  414  430  447  460  467  466  457  440  419
  397  377  360  348  337  327  317  306  294  282  271  261  252  242  230  218
  204  191  179  170  163  157  153  149  144  140  136  133  131  130  127  123
  117  108   97   86   77   70   68   70   77   88  103  122  143  165  188  211
  232  252  271  289  307  323  339  352  362
    60.0-180.0 180.0   5.0 450.0                            LAT/LON1/LON2/DLON/H
  356  364  368  371  373  378  386  399  416  436  454  467  473  470  459  444
  427  411  396  384  372  358  343  325  307  289  275  263  253  243  231  218
  202  187  174  163  155  149  144  139  133  128  123  120  118  117  115  112
  106   97   87   76   68   64   64   68   76   89  105  123  144  166  188  210
  230  249  267  285  302  318  333  346  356
    57.5-180.0 180.0   5.0 450.0                            LAT/LON1/LON2/DLON/H
  341  348  353  356  358  362  369  381  399  420  441  459  472  476  474  466
  455  444  433  421  407  390  368  345  321  299  282  270  260  250  239  225
  208  191  175  163  155  148  143  137  131  124  119  115  113  112  110  107
  100   92   82   73   67   65   68   75   85   98  114  131  151  171  191  210
  228  245  261  277  292  307  320  332  341
    55.0-180.0 180.0   5.0 450.0                            LAT/LON1/LON2/DLON/H
  327  334  340  345  349  354  361  372  388  407  429  449  466  477  482  482
  477  471  462  451  435  415  391  364  337  314  296  283  274  265  254  239
  221  202  185  172  163  156  150  144  137  130  124  119  116  115  112  108
  101   92   83   75   71   72   78   88  100  113  128  144  162  180  197  214
  229  244  258  272  285  297  308  318  327
    52.5-180.0 180.0   5.0 450.0                            LAT/LON1/LON2/DLON/H
  322  330  339  347  356  364  372  382  394  408  425  444  461  476  486  491
  491  487  480  469  453  433  408  381  355  333  315  303  293  284  272  256
  236  217  200  186  177  170  163  156  149  142  136  131  127  124  121  116
  108   98   89   82   80   84   93  105  118  132  145  160  175  191  207  222
  235  248  262  275  287  298  307  315  322
    50.0-180.0 180.0   5.0 450.0                            LAT/LON1/LON2/DLON/H
  334  343  355  369  384  397  407  415  422  428  437  449  463  477  488  494
  496  493  486  474  459  441  420  398  376  355  338  325  313  302  287  269
  249  230  214  202  193  186  179  172  164  158  152  147  143  139  134  127
  119  109  100   94   93   99  110  123  136  149  162  175  189  204  219  232
  245  259  273  288  302  313  321  327  334
    47.5-180.0 180.0   5.0 450.0                            LAT/LON1/LON2/DLON/H
  362  373  388  408  429  448  462  469  470  468  466  468  475  484  492  497
  496  492  483  471  458  444  429  414  397  380  362  344  327  310  291  271
  252  235  223  214  207  201  193  186  179  173  168  164  159  154  148  141
  133  123  114  109  109  115  126  138  151  163  174  186  200  215  230  244
  257  273  291  310  328  342  351  356  362
    45.0-180.0 180.0   5.0 450.0                            LAT/LON1/LON2/DLON/H
  403  415  433  458  484  509  526  534  531  521  509  501  498  500  503  503
  498  490  479  467  455  446  439  431  419  402  380  355  330  305  281  260
  242  230  224  221  218  213  205  197  191  187  184  180  175  169  163  156
  148  139  131  126  125  130  139  150  160  169  179  191  205  222  238  253
  269  287  310  335  360  378  390  397  403
    42.5-180.0 180.0   5.0 450.0                            LAT/LON1/LON2/DLON/H
  449  462  481  507  537  564  585  595  591  576  557  541  531  527  523  517
  507  494  481  469  459  454  452  448  439  419  390  355  320  287  259  236
  222  217  219  224  226  223  216  208  203  200  198  194  189  182  176  170
  164  157  150  144  142  143  149  156  162  168  176  187  203  222  241  259
  277  298  326  358  390  415  431  441  449
    40.0-180.0 180.0   5.0 450.0                            LAT/LON1/LON2/DLON/H
  491  505  525  549  577  604  626  639  637  622  601  582  569  560  551  539
  524  508  494  483  475  471  470  466  453  427  388  344  300  262  231  211
  201  204  216  229  237  237  230  222  217  215  213  209  203  195  188  183
  179  174  168  161  156  153  154  156  158  160  166  177  195  217  239  260
  281  305  337  375  413  445  466  480  491
    37.5-180.0 180.0   5.0 450.0                            LAT/LON1/LON2/DLON/H
  524  540  559  579  600  622  644  658  661  651  633  617  604  595  582  566
  548  532  520  511  503  497  490  480  459  425  378  327  280  241  213  196
  192  203  223  244  258  260  254  245  239  236  233  227  218  209  201  196
  194  190  184  175  166  159  155  151  148  147  150  161  181  207  234  259
  282  308  342  384  426  463  490  508  524
    35.0-180.0 180.0   5.0 450.0                            LAT/LON1/LON2/DLON/H
  547  567  585  599  611  624  641  656  664  661  651  640  633  626  613  594
  575  561  553  547  539  527  510  489  458  416  365  315  272  239  217  205
  206  222  248  275  293  296  290  280  272  266  260  251  239  227  217  212
  208  204  196  185  173  161  152  144  137  132  133  145  167  197  229  258
  283  311  345  386  431  471  502  526  547
    32.5-180.0 180.0   5.0 450.0                            LAT/LON1/LON2/DLON/H
  565  591  610  619  620  623  632  646  658  661  658  656  655  651  638  618
  598  588  587  586  576  554  525  490  450  405  357  316  285  265  253  246
  249  266  294  323  342  346  338  326  315  306  296  282  266  250  238  229
  223  216  205  191  175  160  148  137  127  120  120  131  156  190  227  261
  289  317  349  388  431  472  506  537  565
    30.0-180.0 180.0   5.0 450.0                            LAT/LON1/LON2/DLON/H
  584  618  642  648  641  634  635  647  659  666  668  671  675  673  659  635
  615  608  613  616  604  573  531  485  440  397  361  336  325  322  320  317
  318  331  355  382  399  402  393  379  366  352  337  318  298  279  263  250
  239  226  211  194  175  158  144  132  122  114  113  125  152  190  232  270
  302  329  359  394  434  473  510  546  584
    27.5-180.0 180.0   5.0 450.0                            LAT/LON1/LON2/DLON/H
  608  654  685  695  685  672  668  677  688  695  696  698  701  696  678  649
  626  619  628  633  619  580  527  475  432  400  382  378  387  400  406  404
  400  405  422  442  455  455  445  431  415  397  377  355  332  311  291  272
  254  235  215  194  174  157  144  132  123  115  116  129  157  197  243  286
  321  349  377  408  444  481  519  561  608
    25.0-180.0 180.0   5.0 450.0                            LAT/LON1/LON2/DLON/H
  640  697  741  759  754  742  739  747  757  759  753  748  743  732  705  667
  636  625  633  638  619  574  517  467  432  417  419  435  460  483  492  486
  474  470  477  490  497  495  485  470  453  433  410  386  362  340  318  294
  269  243  217  193  173  158  146  138  130  125  127  141  170  213  262  308
  346  376  402  431  464  499  538  584  640
    22.5-180.0 180.0   5.0 450.0                            LAT/LON1/LON2/DLON/H
  677  744  800  832  839  837  842  856  867  863  847  828  811  788  749  699
  656  635  635  634  612  564  509  466  446  449  467  496  526  549  553  541
  522  510  509  514  516  512  502  490  474  453  429  405  383  362  339  311
  280  249  219  193  174  161  153  147  142  139  144  160  190  233  283  332
  372  404  431  460  492  527  567  616  677
    20.0-180.0 180.0   5.0 450.0                            LAT/LON1/LON2/DLON/H
  713  786  852  898  922  938  960  986 1002  996  969  937  905  869  818  754
  696  660  646  635  606  558  509  479  475  492  518  546  568  578  572  552
  529  514  510  511  510  504  497  488  474  454  431  408  389  372  350  321
  287  251  219  193  176  166  161  158  156  156  163  180  211  254  303  353
  395  430  460  491  526  562  602  651  713
    17.5-180.0 180.0   5.0 450.0                            LAT/LON1/LON2/DLON/H
  742  812  883  941  983 1021 1064 1109 1138 1135 1104 1060 1017  970  910  836
  763  709  677  650  613  566  525  508  517  541  562  573  573  561  540  516
  495  485  484  484  482  478  473  467  457  438  415  395  380  367  349  321
  286  249  217  193  178  172  170  169  168  171  179  198  229  271  319  368
  412  449  483  519  558  598  638  683  742
    15.0-180.0 180.0   5.0 450.0                            LAT/LON1/LON2/DLON/H
  757  818  885  947 1002 1060 1127 1195 1242 1251 1224 1178 1130 1080 1017  938
  855  785  732  688  641  593  559  552  567  586  591  573  540  502  468  444
  434  436  444  448  447  444  442  439  429  411  388  369  358  350  335  310
  277  242  213  192  180  177  177  177  177  180  190  209  240  281  328  376
  421  461  499  541  586  629  669  708  757
    12.5-180.0 180.0   5.0 450.0                            LAT/LON1/LON2/DLON/H
  759  804  857  914  973 1043 1127 1217 1286 1315 1302 1265 1222 1178 1122 1048
  963  880  810  749  691  641  610  606  618  623  601  549  482  420  378  362
  369  389  409  420  421  418  417  414  403  382  357  338  329  323  312  291
  261  231  205  189  181  179  181  182  181  183  192  211  242  282  328  376
  422  464  507  554  605  653  692  725  759
    10.0-180.0 180.0   5.0 450.0                            LAT/LON1/LON2/DLON/H
  754  778  811  852  903  972 1064 1167 1257 1309 1318 1300 1273 1244 1205 1146
 1068  982  900  825  758  703  670  661  661  646  595  512  418  341  301  301
  329  368  399  414  416  413  410  404  389  362  332  309  299  294  285  267
  241  216  196  183  178  179  182  182  180  180  187  205  234  275  322  371
  418  462  508  560  616  668  708  734  754
     7.5-180.0 180.0   5.0 450.0                            LAT/LON1/LON2/DLON/H
  750  755  765  783  814  869  952 1056 1158 1231 1266 1273 1269 1262 1247 1211
 1149 1071  986  904  830  769  730  710  694  657  583  480  373  297  269  288
  336  388  425  441  441  435  428  415  391  355  318  290  275  269  260  243
  221  200  184  176  174  176  180  180  177  173  176  192  221  262  311  363
  412  458  506  561  621  677  719  741  750
     5.0-180.0 180.0   5.0 450.0                            LAT/LON1/LON2/DLON/H
  757  749  739  732  736  764  824  913 1013 1100 1157 1189 1209 1227 1237 1228
 1191 1129 1051  970  894  829  781  747  714  660  575  468  368  306  299  337
  397  452  485  496  491  480  467  445  410  364  318  284  264  254  242  225
  204  185  173  167  167  171  175  176  171  165  165  177  205  248  300  355
  407  455  504  559  621  682  728  752  757
     2.5-180.0 180.0   5.0 450.0                            LAT/LON1/LON2/DLON/H
  781  771  748  721  698  693  718  777  861  947 1018 1069 1108 1145 1178 1196
 1186 1146 1084 1012  939  873  817  771  724  664  582  489  412  377  393  444
  503  547  566  565  552  536  516  485  440  385  332  292  267  251  235  214
  192  173  162  158  159  164  168  169  165  157  154  163  191  236  291  349
  403  452  501  557  620  685  738  771  781
