ionex_files/COD0OPSFIN_20250780000_01D_01H_GIM.INX
     1.0            IONOSPHERE MAPS     GNSS                IONEX VERSION / TYPE
ADDNEQ2 V5.5        AIUB                23-MAR-25 18:56     PGM / RUN BY / DATE 
CODE'S GLOBAL IONOSPHERE MAPS FOR DAY 078, 2025             COMMENT             
Global ionosphere maps (GIM) are generated on a daily basis DESCRIPTION         
at CODE using data from about 300 GNSS sites of the IGS and DESCRIPTION         
other institutions. The vertical total electron content     DESCRIPTION         
(VTEC) is modeled in a solar-geomagnetic reference frame    DESCRIPTION         
using a spherical harmonics expansion up to degree and      DESCRIPTION         
order 15. Piece-wise linear functions are used for          DESCRIPTION         
representation in the time domain. The time spacing of      DESCRIPTION         
their vertices is 1 hour, conforming with the epochs of the DESCRIPTION         
VTEC maps.                                                  DESCRIPTION         
To convert line-of-sight TEC into vertical TEC, a modified  DESCRIPTION         
single-layer model mapping function approximating the JPL   DESCRIPTION         
extended slab model mapping function is adopted. The        DESCRIPTION         
mapping function is evaluated at geodetic satellite         DESCRIPTION         
elevation angles. For the computation of the ionospheric    DESCRIPTION         
pierce points, a spherical layer with a radius of 6821 km   DESCRIPTION         
is assumed, implying geocentric, not geodetic IONEX         DESCRIPTION         
latitudes.                                                  DESCRIPTION         
Instrumental biases with respect to each involved GNSS code DESCRIPTION         
observable are estimated as constant values for each        DESCRIPTION         
day. They are modeled with one set of bias parameters for   DESCRIPTION         
each satellite and each station in case of GPS and for each DESCRIPTION         
satellite-station link in case of GLONASS. The code bias    DESCRIPTION         
datum is defined by zero-mean conditions imposed on the     DESCRIPTION         
satellite bias estimates. In this file, just GPS C1W-C2W    DESCRIPTION         
satellite and station bias values are included. The         DESCRIPTION         
complete set of GNSS code bias results is provided in an    DESCRIPTION         
additional Bias-SINEX file as pseudo-absolute values        DESCRIPTION         
specific to each observable.                                DESCRIPTION         
Note: These GIM results correspond to the results for the   DESCRIPTION         
middle day of a 3-day combination analysis solving for 73   DESCRIPTION         
times 256, or 18688 VTEC parameters and 3 daily sets of     DESCRIPTION         
GNSS code bias parameters.                                  DESCRIPTION         
Contact address: code(at)aiub.unibe.ch                      DESCRIPTION         
Data archive:    ftp.aiub.unibe.ch/CODE/                    DESCRIPTION         
                 www.aiub.unibe.ch/download/CODE/           DESCRIPTION         
  2025     3    19     0     0     0                        EPOCH OF FIRST MAP  
  2025     3    20     0     0     0                        EPOCH OF LAST MAP   
  3600                                                      INTERVAL            
[...]
azgb badg bake barh bjfs bndy boav bogt bor1 braz brft brst COMMENT             
brux cags cas1 ccj2 cedu chpg chti chur ckis coco cord cpvg COMMENT             
cpxf cro1 daej darw dav1 dgar dhlg drao dubo faa1 fair flin COMMENT             
flrs frdn func ganp glps glsv gode gol2 gold gope gras graz COMMENT             
guam guat guug harb hers hert hlfx hnpt hob2 hofn holb hrao COMMENT             
hyde iddr ieng iisc impz ineg invk iqal irkj jog2 joz2 karr COMMENT             
kerg kir0 kiri kiru kit3 kokb kokv koug kour krgg lama laut COMMENT             
lmmf lpal lpgs mac1 madr mal2 mana mas1 mat1 mate maui maw1 COMMENT             
mcil mcm4 mdo1 medi mgue mizu mkea mnls mobs morp mqzg mro1 COMMENT             
mtka nano naur nico nist nium nklg nlib nnor nrc1 ntus nya1 COMMENT             
nyal onsa opmt ous2 pado parc park pdel penc pert pie1 pimo COMMENT             
pohn pol2 polv pots pove ptag ptbb ptvl qaq1 quin rabt ramo COMMENT             
reun reyk rgdg rio2 roth salu sant savo sch2 scor scrz sctb COMMENT             
scub seyg sfer sofi spt0 ssia sthl stjo stk2 str2 suth sutm COMMENT             
suwn sydn syog tash thtg thti thu2 tid1 tidb tlse tn22 tong COMMENT             
tow2 tro1 tskb twtf txes uclu ufpr ulab unb3 unbj unsa urum COMMENT             
usn7 usud vald vill vtsp wab1 wab2 wark wgtn whit will wind COMMENT             
wsrt wtza wtzr wtzs wtzz wuhn xmis yar2 yar3 yarr yell ykro COMMENT             
zeck zim2 zim3 zimm                                         COMMENT             
                                                            END OF HEADER       
[from data line 1716]
     5                                                      START OF TEC MAP    
  2025     3    19     4     0     0                        EPOCH OF CURRENT MAP
    87.5-180.0 180.0   5.0 450.0                            LAT/LON1/LON2/DLON/H
  242  242  242  242  242  243  243  243  243  243  243  243  242  242  241  240
  238  236  234  231  228  225  222  218  214  210  206  201  197  193  189  186
  182  179  177  174  172  171  170  169  169  169  170  171  173  175  177  180
  183  186  190  194  197  201  205  209  213  217  220  223  226  229  231  234
  235  237  238  239  240  241  241  241  242
    85.0-180.0 180.0   5.0 450.0                            LAT/LON1/LON2/DLON/H
  252  249  247  246  245  246  247  248  251  254  257  260  263  265  266  267
  266  264  261  257  251  245  237  229  220  211  201  191  182  173  164  156
  149  143  137  133  129  126  124  123  124  125  127  130  133  138  144  150
  157  165  173  182  191  200  209  218  227  235  243  250  256  261  265  267
  269  269  268  267  264  262  258  255  252
    82.5-180.0 180.0   5.0 450.0                            LAT/LON1/LON2/DLON/H
  249  240  231  225  222  221  223  227  233  241  250  260  269  277  284  289
  291  291  288  283  275  265  253  240  226  211  196  181  167  154  142  131
  121  113  106  101   96   94   92   91   92   94   97  101  106  113  121  130
  140  152  165  179  193  208  223  239  254  268  281  293  302  310  315  318
  318  315  310  302  293  283  272  260  249
    80.0-180.0 180.0   5.0 450.0                            LAT/LON1/LON2/DLON/H
  245  224  205  191  182  177  178  184  194  207  224  241  258  274  288  299
  305  308  306  300  291  278  263  246  227  209  190  172  156  141  127  116
  107   99   93   88   85   83   82   82   84   86   89   93   99  106  114  125
  137  151  166  184  203  223  244  266  287  308  327  345  360  371  379  382
  381  376  366  352  334  313  291  267  245
    77.5-180.0 180.0   5.0 450.0                            LAT/LON1/LON2/DLON/H
  252  217  185  159  140  129  126  131  143  161  183  208  233  256  276  292
  302  308  308  302  292  279  262  243  224  204  185  168  152  138  126  117
  110  105  101   99   97   97   97   97   98  100  102  105  110  116  124  134
  146  161  178  197  219  242  268  294  321  348  374  397  418  435  447  453
  453  447  434  414  389  358  324  288  252
    75.0-180.0 180.0   5.0 450.0                            LAT/LON1/LON2/DLON/H
  280  231  186  146  115   94   83   84   95  114  139  167  196  224  248  267
  280  288  289  286  277  266  251  235  218  201  185  171  158  148  140  135
  131  128  127  127  127  127  128  128  128  129  130  132  135  140  146  155
  167  181  198  217  240  264  291  320  350  381  411  440  467  489  506  517
  521  517  505  484  455  419  376  329  280
    72.5-180.0 180.0   5.0 450.0                            LAT/LON1/LON2/DLON/H
  333  273  215  162  118   85   65   58   63   78  101  129  157  184  208  227
  241  250  253  253  249  242  233  222  211  200  190  181  174  169  165  162
  161  161  161  161  162  162  162  161  161  161  161  162  165  169  175  184
  195  209  225  244  265  288  314  342  372  404  436  467  497  524  546  562
  572  573  566  549  523  487  442  390  333
    70.0-180.0 180.0   5.0 450.0                            LAT/LON1/LON2/DLON/H
  402  338  272  208  152  107   75   58   55   63   79  100  123  144  164  179
  192  201  207  211  213  213  212  210  206  203  199  196  194  193  192  191
  191  190  189  188  187  186  185  184  184  184  184  187  190  196  204  214
  227  241  257  274  293  314  336  360  387  415  446  477  507  536  561  581
  596  604  604  596  578  550  510  460  402
    67.5-180.0 180.0   5.0 450.0                            LAT/LON1/LON2/DLON/H
  474  412  343  274  209  154  112   84   71   69   75   86   99  112  124  134
  143  152  161  170  178  186  193  199  203  206  208  209  211  212  212  211
  208  205  201  197  194  191  189  188  188  190  193  198  205  215  226  240
  256  273  290  307  324  341  358  376  397  420  446  473  501  528  552  574
  591  605  614  616  610  594  567  527  474
    65.0-180.0 180.0   5.0 450.0                            LAT/LON1/LON2/DLON/H
  533  478  413  343  274  213  163  127  104   93   89   89   91   93   96  100
  105  113  124  137  152  166  179  190  198  205  210  214  217  218  218  214
  209  201  193  185  178  174  172  172  174  179  186  195  207  222  239  258
  279  300  320  338  354  368  380  392  406  423  443  465  487  510  530  549
  566  581  595  607  614  613  601  574  533
    62.5-180.0 180.0   5.0 450.0                            LAT/LON1/LON2/DLON/H
  567  522  464  398  331  268  215  174  145  126  113  104   96   89   85   83
   85   92  104  120  137  154  169  181  190  197  202  206  209  210  208  202
  193  181  168  156  147  142  141  143  148  156  167  181  198  218  240  265
  291  318  343  365  382  394  403  410  418  430  444  461  479  495  508  520
  532  545  560  577  593  605  607  595  567
    60.0-180.0 180.0   5.0 450.0                            LAT/LON1/LON2/DLON/H
  571  537  488  429  366  306  254  213  182  159  141  126  111   99   89   84
   85   91  103  118  135  151  163  172  178  181  183  185  188  189  187  180
  168  152  136  122  112  107  107  112  120  131  145  162  182  206  232  262
  294  327  358  384  404  418  425  431  436  445  457  470  483  493  500  503
  506  512  523  540  560  579  590  589  571
    57.5-180.0 180.0   5.0 450.0                            LAT/LON1/LON2/DLON/H
  553  525  484  432  376  322  275  237  208  185  166  148  131  117  106  101
  101  106  115  128  141  152  160  163  162  159  158  159  162  164  163  156
  143  126  109   94   85   81   83   89   99  112  127  145  167  191  219  251
  287  326  363  396  421  438  448  454  459  468  481  494  505  511  510  505
  498  495  499  511  529  548  561  564  553
    55.0-180.0 180.0   5.0 450.0                            LAT/LON1/LON2/DLON/H
  524  498  461  416  367  320  280  248  223  202  184  166  150  137  129  125
  126  129  135  143  151  157  159  155  148  140  135  134  138  143  145  141
  129  112   95   81   74   72   76   83   92  104  119  136  155  178  206  238
  277  319  362  402  434  456  469  478  487  498  513  529  540  544  539  526
  511  500  497  502  514  527  536  536  524
    52.5-180.0 180.0   5.0 450.0                            LAT/LON1/LON2/DLON/H
  499  472  436  395  352  312  278  251  230  213  196  180  166  156  152  151
  152  153  155  158  161  163  161  154  142  130  122  120  125  133  138  136
  127  112   97   86   81   82   86   93  100  109  121  136  153  173  198  229
  267  313  361  406  444  471  490  502  515  530  548  566  579  582  575  559
  540  524  515  515  520  525  525  517  499
    50.0-180.0 180.0   5.0 450.0                            LAT/LON1/LON2/DLON/H
  492  460  424  386  347  312  282  259  240  223  207  191  179  172  171  172
  173  172  170  169  170  172  171  163  150  136  125  122  126  135  142  143
  135  123  111  103  102  105  109  114  118  124  133  145  160  178  199  228
  266  312  362  412  454  487  509  526  541  558  578  597  610  614  606  590
  571  555  546  544  544  542  534  517  492
    47.5-180.0 180.0   5.0 450.0                            LAT/LON1/LON2/DLON/H
  505  470  434  398  363  330  301  278  258  240  222  204  192  186  186  188
  187  183  178  177  181  187  191  187  175  160  146  139  140  146  152  153
  147  137  129  125  127  133  137  139  139  143  150  162  177  193  213  239
  275  320  372  423  468  503  528  547  563  580  598  615  626  629  622  608
  594  582  577  577  578  573  559  536  505
    45.0-180.0 180.0   5.0 450.0                            LAT/LON1/LON2/DLON/H
  537  503  468  435  401  369  339  313  289  267  244  222  207  200  199  200
  197  191  186  187  196  210  222  224  215  198  180  167  161  161  162  161
  155  147  142  143  149  156  160  160  158  160  169  184  201  218  238  262
  296  340  390  440  485  521  547  565  580  594  607  618  624  625  620  611
  603  598  598  603  608  606  593  569  537
    42.5-180.0 180.0   5.0 450.0                            LAT/LON1/LON2/DLON/H
  579  549  519  489  457  424  390  359  330  301  272  246  226  216  213  212
  207  200  197  203  220  243  263  270  263  244  221  200  184  174  168  163
  157  151  149  154  163  172  176  174  171  174  188  208  230  251  272  296
  328  369  416  462  504  539  564  582  595  603  608  612  613  612  610  606
  604  604  608  617  626  630  624  606  579
    40.0-180.0 180.0   5.0 450.0                            LAT/LON1/LON2/DLON/H
  622  600  576  550  519  484  445  408  372  338  304  273  249  235  230  227
  222  216  217  229  254  284  307  317  309  289  261  232  206  187  173  164
  157  153  153  160  172  182  185  181  179  185  205  233  262  288  310  335
  365  403  444  486  524  556  581  599  610  613  611  607  605  604  607  610
  612  614  616  623  633  643  646  639  622
    37.5-180.0 180.0   5.0 450.0                            LAT/LON1/LON2/DLON/H
  660  646  628  605  575  536  493  449  407  369  331  298  272  256  249  245
  242  240  246  265  294  326  348  355  346  325  295  262  230  204  185  174
  167  163  163  170  181  191  192  187  185  195  222  258  294  324  348  373
  402  435  472  507  540  571  597  618  629  630  625  618  616  621  632  644
  649  646  638  633  638  649  661  665  660
    35.0-180.0 180.0   5.0 450.0                            LAT/LON1/LON2/DLON/H
  692  684  669  647  616  574  525  475  429  388  350  316  290  274  267  264
  264  268  281  304  334  362  378  380  369  350  325  295  263  235  216  206
  199  194  191  193  200  206  205  197  195  207  239  281  323  356  381  405
  432  462  493  524  554  584  614  640  655  660  657  653  658  675  700  723
  730  718  691  666  655  661  676  689  692
    32.5-180.0 180.0   5.0 450.0                            LAT/LON1/LON2/DLON/H
  724  717  701  677  642  596  542  487  438  396  359  328  303  287  280  279
  283  293  312  337  364  384  392  389  380  368  355  335  312  290  276  269
  263  254  242  235  233  232  226  214  209  222  257  302  346  380  405  428
  454  482  509  535  564  597  634  667  692  705  710  717  736  770  813  849
  860  836  786  733  699  692  704  719  724
    30.0-180.0 180.0   5.0 450.0                            LAT/LON1/LON2/DLON/H
  764  752  730  700  660  610  551  492  440  398  363  334  311  295  287  286
  293  308  330  355  377  389  391  387  385  388  392  391  382  373  367  366
  359  342  317  294  279  269  255  237  228  239  273  319  362  395  419  442
  467  493  519  544  574  613  657  701  737  763  782  805  842  896  959 1009
 1024  991  920  838  777  751  753  763  764
    27.5-180.0 180.0   5.0 450.0                            LAT/LON1/LON2/DLON/H
  820  797  765  728  683  628  566  504  449  406  373  346  323  304  290  286
  292  308  331  354  372  380  381  385  397  419  444  463  472  477  482  486
  476  447  403  361  330  308  286  262  246  253  284  329  370  401  425  448
  474  501  528  555  589  633  686  741  789  829  864  905  959 1031 1110 1174
 1196 1160 1074  970  885  839  828  828  820
    25.0-180.0 180.0   5.0 450.0                            LAT/LON1/LON2/DLON/H
  890  857  815  770  721  663  599  535  478  433  400  373  347  320  297  283
  283  296  316  336  352  363  375  394  426  468  512  548  572  588  602  608
  593  549  485  422  374  341  312  281  260  262  289  331  371  401  425  450
  479  510  540  571  610  660  721  784  842  894  944  999 1067 1150 1237 1310
 1339 1307 1219 1106 1007  946  922  910  890
    22.5-180.0 180.0   5.0 450.0                            LAT/LON1/LON2/DLON/H
  972  930  881  832  780  722  658  593  535  489  455  426  394  357  318  289
  277  282  295  311  329  352  384  427  479  536  590  632  663  686  704  709
  685  626  542  461  400  358  324  290  265  263  287  327  366  397  423  452
  486  522  557  594  639  695  760  827  891  951 1010 1074 1146 1228 1312 1384
 1420 1400 1324 1218 1120 1055 1022 1001  972
    20.0-180.0 180.0   5.0 450.0                            LAT/LON1/LON2/DLON/H
 1053 1009  959  910  859  804  742  679  622  576  540  509  471  420  365  317
  289  280  284  295  318  358  417  486  555  616  666  702  728  749  765  765
  732  660  563  469  400  356  321  287  260  255  278  317  357  391  422  457
  497  539  580  624  675  734  800  866  930  991 1054 1119 1185 1253 1321 1383
 1422 1419 1368 1286 1203 1144 1111 1086 1053
    17.5-180.0 180.0   5.0 450.0                            LAT/LON1/LON2/DLON/H
 1124 1084 1040  995  949  897  841  782  728  684  650  617  575  514  442  376
  330  307  298  303  331  390  476  568  644  696  726  742  754  764  772  765
  725  646  543  446  377  336  304  272  247  243  266  305  348  386  423  465
  511  559  607  657  713  774  838  899  957 1014 1073 1131 1183 1228 1270 1313
 1350 1366 1347 1299 1244 1201 1175 1154 1124
    15.0-180.0 180.0   5.0 450.0                            LAT/LON1/LON2/DLON/H
 1176 1147 1113 1077 1036  989  938  886  837  797  766  737  695  630  548  468
  409  371  349  345  375  449  555  660  731  759  757  745  735  730  727  712
  669  591  493  403  341  306  281  254  232  230  254  295  340  383  426  473
  525  579  633  688  748  810  871  925  973 1021 1071 1118 1153 1171 1182 1200
 1231 1262 1276 1266 1244 1223 1209 1196 1176
    12.5-180.0 180.0   5.0 450.0                            LAT/LON1/LON2/DLON/H
 1207 1192 1172 1145 1109 1066 1019  973  931  896  870  848  813  752  670  587
  520  473  438  423  448  527  641  745  798  793  755  711  680  661  646  624
  581  512  429  354  305  279  261  239  220  220  245  287  334  380  427  479
  536  594  652  712  775  838  895  942  980 1017 1058 1094 1112 1108 1091 1086
 1106 1147 1186 1210 1217 1218 1218 1215 1207
    10.0-180.0 180.0   5.0 450.0                            LAT/LON1/LON2/DLON/H
 1223 1223 1214 1194 1160 1118 1074 1032  994  962  941  927  905  858  788  713
  651  600  556  526  539  610  717  806  832  792  720  653  606  576  553  526
  488  433  371  316  281  264  250  231  215  216  241  282  328  376  425  480
  539  599  661  725  791  856  911  953  983 1011 1043 1072 1083 1066 1033 1010
 1021 1062 1116 1159 1187 1202 1213 1220 1223
     7.5-180.0 180.0   5.0 450.0                            LAT/LON1/LON2/DLON/H
 1234 1243 1243 1226 1191 1146 1101 1059 1020  986  966  960  954  929  882  827
  778  732  681  637  631  683  769  832  827  757  663  586  536  502  473  442
  410  373  333  298  276  264  250  231  216  216  239  277  322  369  419  474
  533  595  658  725  794  862  919  960  986 1009 1036 1064 1078 1064 1030 1002
 1005 1041 1094 1141 1175 1196 1210 1222 1234
     5.0-180.0 180.0   5.0 450.0                            LAT/LON1/LON2/DLON/H
 1248 1261 1264 1247 1208 1158 1109 1062 1016  973  946  942  951  950  932  905
  878  844  792  735  706  731  787  820  788  699  600  529  487  456  423  389
  362  340  320  301  287  274  258  236  219  217  237  272  314  358  407  461
  520  581  645  713  785  857  919  963  991 1012 1040 1075 1102 1106 1088 1068
 1068 1093 1132 1168 1194 1209 1221 1233 1248
     2.5-180.0 180.0   5.0 450.0                            LAT/LON1/LON2/DLON/H
 1267 1280 1282 1263 1220 1164 1109 1055  995  935  892  882  899  920  932  935
  934  916  869  802  753  749  774  779  728  636  548  494  469  444  407  368
  343  331  325  316  303  287  265  239  219  215  231  263  302  345  392  445
  502  562  626  694  767  842  910  962  995 1021 1055 1101 1149 1181 1192 1190
 1193 1205 1222 1234 1241 1244 1248 1255 1267
