ionex_files/COD0OPSFIN_20250950000_01D_01H_GIM.INX
     1.0            IONOSPHERE MAPS     GNSS                IONEX VERSION / TYPE
ADDNEQ2 V5.5        AIUB                09-APR-25 19:02     PGM / RUN BY / DATE 
CODE'S GLOBAL IONOSPHERE MAPS FOR DAY 095, 2025             COMMENT             
Global ionosphere maps (GIM) are generated on a daily basis DESCRIPTION         
at CODE using data from about 300 GNSS sites of the IGS and DESCRIPTION         
other institutions. The vertical total electron content     DESCRIPTION         
(VTEC) is modeled in a solar-geomagnetic reference frame    DESCRIPTION         
using a spherical harmonics expansion up to degree and      DESCRIPTION         
order 15. Piece-wise linear functions are used for          DESCRIPTION         
representation in the time domain. The time spacing of      DESCRIPTION         
their vertices is 1 hour, conforming with the epochs of the DESCRIPTION         
VTEC maps.                                                  DESCRIPTION         
To convert line-of-sight TEC into vertical TEC, a modified  DESCRIPTION         
single-layer model mapping function approximating the JPL   DESCRIPTION         
extended slab model mapping function is adopted. The        DESCRIPTION         
mapping function is evaluated at geodetic satellite         DESCRIPTION         
elevation angles. For the computation of the ionospheric    DESCRIPTION         
pierce points, a spherical layer with a radius of 6821 km   DESCRIPTION         
is assumed, implying geocentric, not geodetic IONEX         DESCRIPTION         
latitudes.                                                  DESCRIPTION         
Instrumental biases with respect to each involved GNSS code DESCRIPTION         
observable are estimated as constant values for each        DESCRIPTION         
day. They are modeled with one set of bias parameters for   DESCRIPTION         
each satellite and each station in case of GPS and for each DESCRIPTION         
satellite-station link in case of GLONASS. The code bias    DESCRIPTION         
datum is defined by zero-mean conditions imposed on the     DESCRIPTION         
satellite bias estimates. In this file, just GPS C1W-C2W    DESCRIPTION         
satellite and station bias values are included. The         DESCRIPTION         
complete set of GNSS code bias results is provided in an    DESCRIPTION         
additional Bias-SINEX file as pseudo-absolute values        DESCRIPTION         
specific to each observable.                                DESCRIPTION         
Note: These GIM results correspond to the results for the   DESCRIPTION         
middle day of a 3-day combination analysis solving for 73   DESCRIPTION         
times 256, or 18688 VTEC parameters and 3 daily sets of     DESCRIPTION         
GNSS code bias parameters.                                  DESCRIPTION         
Contact address: code(at)aiub.unibe.ch                      DESCRIPTION         
Data archive:    ftp.aiub.unibe.ch/CODE/                    DESCRIPTION         
                 www.aiub.unibe.ch/download/CODE/           DESCRIPTION         
  2025     4     5     0     0     0                        EPOCH OF FIRST MAP  
  2025     4     6     0     0     0                        EPOCH OF LAST MAP   
  3600                                                      INTERVAL            
[...]
azgb badg bake bako barh bjfs bndy boav bogo bogt bor1 braz COMMENT             
brft brst brux cas1 ccj2 cedu chpg chti chur ckis coco cord COMMENT             
cpvg cpxf cro1 daej darw dav1 dgar dhlg drao dubo ebre faa1 COMMENT             
fair flin flrs frdn func ganp glps glsv gode gol2 gold gope COMMENT             
gras graz guam guug harb hers hert hlfx hnpt hob2 hofn holb COMMENT             
hrao iddr ieng iisc ineg invk iqal irkj jog2 joz2 karr kerg COMMENT             
kir0 kiri kiru kit3 kokb kokv koug kour krgg lama laut lmmf COMMENT             
lpal lpgs m0se mac1 madr mal2 mana mas1 mat1 mate maui maw1 COMMENT             
mcm4 mdo1 medi mgue mizu mkea mnls mobs morp mqzg mro1 mtka COMMENT             
nano naur nico nist nium nklg nlib nnor not1 nrc1 ntus nya1 COMMENT             
nyal onsa opmt ous2 pado parc park pdel penc pert pie1 pimo COMMENT             
pohn pol2 polv pots pove ptag ptbb ptvl qaq1 quin rabt ramo COMMENT             
reun reyk rgdg rio2 roth salu samo sant savo sch2 scor scrz COMMENT             
sctb scub seyg sfer spt0 ssia sthl stjo stk2 str2 suth sutm COMMENT             
suwn sydn syog tash thtg thti thu2 tid1 tidb tlse tn22 tong COMMENT             
tow2 tro1 tskb twtf txes uclu ufpr ulab unb3 unbj unsa urum COMMENT             
usn7 usud vald vill vtsp wab1 wab2 whit will wind wsrt wtza COMMENT             
wtzr wtzs wtzz wuhn xmis yar2 yar3 yarr yell ykro zeck zim2 COMMENT             
zim3 zimm                                                   COMMENT             
                                                            END OF HEADER       
[from data line 4719]
    12                                                      START OF TEC MAP    
  2025     4     5    11     0     0                        EPOCH OF CURRENT MAP
    87.5-180.0 180.0   5.0 450.0                            LAT/LON1/LON2/DLON/H
   82   84   87   89   92   96   99  102  106  109  112  116  119  122  125  128
  130  132  134  136  137  139  139  140  140  140  139  139  138  137  136  134
  133  131  129  127  125  123  121  118  116  114  112  109  107  105  103  101
   99   97   95   93   91   89   87   86   84   82   81   80   78   77   77   76
   75   75   75   76   76   77   79   80   82
    85.0-180.0 180.0   5.0 450.0                            LAT/LON1/LON2/DLON/H
   57   61   65   70   75   81   88   95  102  109  116  123  129  136  141  147
  151  155  158  161  163  164  165  165  165  164  163  161  159  157  154  152
  149  146  143  139  136  133  129  126  122  119  116  113  111  108  106  103
  101   99   97   95   93   91   89   86   83   80   77   74   70   67   64   61
   58   55   54   52   52   52   53   55   57
    82.5-180.0 180.0   5.0 450.0                            LAT/LON1/LON2/DLON/H
   39   42   47   52   59   66   75   84   93  103  113  122  132  140  148  155
  160  165  169  171  173  174  174  173  172  170  169  167  165  162  160  157
  155  152  149  145  142  138  135  131  128  125  122  120  118  117  117  117
  117  117  118  118  118  118  117  115  112  108  103   98   91   85   78   70
   63   57   51   46   42   39   38   38   39
    80.0-180.0 180.0   5.0 450.0                            LAT/LON1/LON2/DLON/H
   36   36   39   43   48   55   63   72   82   92  103  113  123  132  141  148
  154  158  161  163  164  164  163  162  161  159  158  157  156  155  155  154
  153  152  151  149  146  144  140  137  134  132  130  130  130  132  135  139
  144  149  154  159  164  167  169  169  167  164  158  151  141  131  119  107
   95   83   72   62   53   46   41   37   36
    77.5-180.0 180.0   5.0 450.0                            LAT/LON1/LON2/DLON/H
   50   47   45   46   48   52   57   63   71   79   87   96  105  113  121  127
  133  137  139  141  141  140  139  138  137  136  136  138  139  142  145  148
  151  153  155  155  154  152  149  146  143  141  140  141  144  149  157  166
  176  187  199  210  220  228  234  238  239  236  231  222  210  197  181  164
  147  130  113   98   85   73   63   56   50
    75.0-180.0 180.0   5.0 450.0                            LAT/LON1/LON2/DLON/H
   81   73   67   63   60   59   59   60   63   66   71   76   82   88   94   99
  104  107  109  110  111  110  110  109  110  111  114  118  124  130  138  145
  152  158  163  165  166  165  162  158  154  152  151  153  158  166  178  191
  207  224  241  258  273  287  297  305  308  307  302  293  280  264  245  225
  204  183  163  145  128  113  101   90   81
    72.5-180.0 180.0   5.0 450.0                            LAT/LON1/LON2/DLON/H
  119  109   99   91   83   76   70   65   62   60   59   59   61   64   68   71
   75   78   80   82   83   84   85   87   89   93   99  106  115  126  137  148
  159  168  175  180  182  180  177  172  166  163  161  163  169  180  194  211
  231  251  272  292  311  327  341  351  356  357  353  345  331  314  293  271
  249  227  207  188  171  156  142  130  119
    70.0-180.0 180.0   5.0 450.0                            LAT/LON1/LON2/DLON/H
  155  143  132  121  109   98   87   77   68   60   54   50   47   47   48   50
   54   57   60   63   66   68   72   76   81   88   96  106  117  129  142  156
  168  180  189  195  197  196  191  185  178  172  169  171  178  189  204  223
  244  265  286  306  324  340  354  365  371  374  371  362  349  331  311  289
  268  248  230  214  200  188  177  166  155
    67.5-180.0 180.0   5.0 450.0                            LAT/LON1/LON2/DLON/H
  177  167  156  144  131  118  105   92   80   68   58   50   44   41   40   41
   44   48   52   56   61   65   71   77   85   94  103  114  125  138  151  164
  177  190  200  207  209  208  203  195  187  180  176  177  184  195  210  227
  246  264  281  297  311  324  335  345  351  353  351  343  330  312  293  273
  254  238  225  215  207  200  193  185  177
    65.0-180.0 180.0   5.0 450.0                            LAT/LON1/LON2/DLON/H
  179  172  163  152  141  130  117  105   92   80   68   58   50   45   43   44
   47   51   56   61   66   72   79   88   97  106  116  126  136  147  157  169
  181  193  203  211  215  215  210  202  194  187  183  184  190  201  214  228
  242  254  265  273  280  287  294  300  305  307  304  296  282  265  246  228
  212  201  194  191  190  189  188  185  179
    62.5-180.0 180.0   5.0 450.0                            LAT/LON1/LON2/DLON/H
  163  158  151  144  136  128  119  110  100   90   80   70   62   57   55   55
   58   63   68   72   78   84   91  100  110  119  129  137  144  151  158  167
  177  188  199  208  214  216  213  207  200  195  192  195  201  210  221  231
  238  243  246  246  245  245  247  249  252  252  249  240  225  208  188  171
  158  151  150  153  158  163  165  165  163
    60.0-180.0 180.0   5.0 450.0                            LAT/LON1/LON2/DLON/H
  135  131  127  122  118  114  110  106  101   95   88   81   74   70   69   70
   73   78   82   85   89   94  101  109  118  127  135  141  146  149  153  159
  167  177  188  199  208  212  213  210  206  204  205  210  218  226  234  239
  241  239  234  227  220  215  212  212  212  211  207  196  180  161  141  123
  111  107  109  116  124  132  136  137  135
    57.5-180.0 180.0   5.0 450.0                            LAT/LON1/LON2/DLON/H
  109  105  100   97   94   94   94   94   94   93   90   86   82   79   79   82
   86   90   93   95   96   99  104  111  119  127  133  138  141  143  145  149
  155  164  177  190  201  208  211  212  212  215  222  231  241  250  255  257
  254  248  238  228  217  210  205  203  202  200  194  182  165  143  121  102
   89   85   88   95  104  110  113  113  109
    55.0-180.0 180.0   5.0 450.0                            LAT/LON1/LON2/DLON/H
   96   89   83   79   77   77   78   80   83   85   86   85   83   82   83   87
   91   95   97   97   97   97  100  106  113  120  127  132  135  138  139  142
  148  157  169  183  196  206  211  214  219  228  241  256  270  280  284  283
  278  270  260  250  240  233  229  227  226  223  216  203  185  162  137  116
  102   95   95  100  106  109  108  103   96
    52.5-180.0 180.0   5.0 450.0                            LAT/LON1/LON2/DLON/H
  104   94   87   80   76   73   71   72   74   77   79   79   79   78   80   84
   89   93   94   93   92   91   93   98  105  113  120  127  133  138  141  145
  150  158  170  185  198  208  213  218  226  240  260  283  302  313  317  315
  309  302  295  289  284  280  278  277  276  272  265  252  234  211  187  164
  146  135  131  131  131  129  123  114  104
    50.0-180.0 180.0   5.0 450.0                            LAT/LON1/LON2/DLON/H
  131  121  112  104   96   88   80   76   74   74   75   74   73   71   72   76
   80   85   86   85   84   84   87   93  100  109  119  129  139  148  155  159
  163  170  181  195  208  216  219  222  232  251  279  309  334  348  352  348
  343  339  337  337  338  338  338  338  336  332  324  313  297  277  253  229
  208  193  183  177  172  165  155  143  131
    47.5-180.0 180.0   5.0 450.0                            LAT/LON1/LON2/DLON/H
  169  161  153  145  135  121  107   95   87   82   79   76   71   67   65   66
   70   74   76   76   76   79   85   93  103  114  127  141  156  169  179  185
  188  192  202  214  225  230  230  230  239  262  297  334  365  381  384  380
  376  375  378  383  388  392  393  391  387  382  374  365  354  338  317  294
  270  250  235  223  214  204  192  180  169
    45.0-180.0 180.0   5.0 450.0                            LAT/LON1/LON2/DLON/H
  205  202  199  193  182  166  146  127  112  102   94   87   78   70   64   62
   63   65   67   69   72   79   89  102  116  129  145  162  182  200  213  218
  219  221  229  241  251  254  248  243  249  274  314  358  393  411  414  409
  404  405  411  418  426  430  430  426  418  410  402  395  389  379  362  340
  314  289  269  253  241  230  220  212  205
    42.5-180.0 180.0   5.0 450.0                            LAT/LON1/LON2/DLON/H
  227  230  234  234  226  209  187  164  144  130  118  108   96   84   73   66
   63   63   65   68   74   85  100  118  136  152  171  192  215  237  251  255
  253  253  261  274  286  287  277  265  267  291  334  383  421  439  441  435
  430  431  436  443  449  451  447  439  427  414  405  400  398  392  380  358
  330  301  276  258  245  236  230  227  227
    40.0-180.0 180.0   5.0 450.0                            LAT/LON1/LON2/DLON/H
  227  236  247  253  251  238  218  196  175  159  147  135  122  107   92   81
   74   70   69   72   81   96  116  139  160  180  200  224  250  274  289  292
  289  288  297  315  330  332  318  301  297  318  361  411  450  468  470  463
  458  457  461  464  465  462  455  442  425  408  395  390  389  386  375  353
  322  289  260  240  228  221  219  221  227
    37.5-180.0 180.0   5.0 450.0                            LAT/LON1/LON2/DLON/H
  208  221  235  247  251  245  231  213  196  183  172  162  150  135  119  105
   94   86   82   84   93  110  134  161  185  208  231  257  285  310  326  329
  326  326  340  364  385  390  375  352  341  357  397  445  483  501  503  498
  494  493  493  491  487  480  470  455  434  412  394  385  381  376  363  338
  304  267  235  212  200  195  196  200  208
    35.0-180.0 180.0   5.0 450.0                            LAT/LON1/LON2/DLON/H
  182  193  207  220  227  228  222  212  202  193  187  182  174  163  149  134
  120  109  101  100  108  126  152  181  209  234  260  288  318  345  363  369
  369  373  392  424  452  461  446  419  402  411  444  487  522  540  545  544
  544  545  543  538  530  522  512  496  474  448  424  407  395  382  363  333
  295  255  220  195  181  176  174  176  182
    32.5-180.0 180.0   5.0 450.0                            LAT/LON1/LON2/DLON/H
  166  169  177  185  193  196  197  195  191  189  189  189  188  183  174  161
  148  134  123  118  124  142  169  200  230  259  287  318  351  382  405  417
  422  432  458  495  529  542  527  498  475  477  502  538  569  588  598  605
  612  617  616  610  603  597  591  580  559  530  498  470  445  421  392  356
  315  272  235  208  190  180  173  168  166
    30.0-180.0 180.0   5.0 450.0                            LAT/LON1/LON2/DLON/H
  176  168  163  163  163  165  168  171  173  175  179  184  189  191  189  182
  171  157  144  136  139  157  184  217  250  282  315  350  388  425  455  475
  489  506  536  577  614  628  614  583  557  552  569  596  623  644  661  679
  696  708  711  707  704  705  708  704  686  655  615  574  534  496  456  415
  371  329  292  262  239  221  205  190  176
    27.5-180.0 180.0   5.0 450.0                            LAT/LON1/LON2/DLON/H
  221  200  182  168  157  151  151  153  157  160  164  171  180  188  193  193
  186  174  159  149  151  169  198  234  271  308  346  387  430  475  515  546
  570  593  625  664  698  712  698  668  641  631  640  660  683  707  733  762
  790  809  817  819  823  833  845  849  836  804  757  704  649  597  548  503
  461  423  387  355  327  300  274  247  221
    25.0-180.0 180.0   5.0 450.0                            LAT/LON1/LON2/DLON/H
  300  268  239  211  186  168  159  156  155  153  154  158  167  177  187  192
  191  182  167  157  159  179  212  252  294  337  382  429  479  532  583  626
  659  687  716  749  776  786  772  745  720  709  713  727  747  774  809  848
  883  908  920  928  940  958  979  989  980  947  896  832  766  703  649  605
  569  537  505  473  441  407  371  334  300
    22.5-180.0 180.0   5.0 450.0                            LAT/LON1/LON2/DLON/H
  398  363  327  289  251  219  198  186  176  166  157  155  158  166  176  185
  189  182  168  158  162  186  225  272  320  370  422  476  532  593  653  707
  748  776  799  822  840  844  831  810  791  782  783  793  811  842  883  928
  967  992 1005 1016 1032 1056 1081 1094 1085 1052  998  930  858  790  736  697
  671  648  623  594  560  522  480  437  398
    20.0-180.0 180.0   5.0 450.0                            LAT/LON1/LON2/DLON/H
  497  465  431  389  341  298  266  242  221  200  180  167  161  162  168  177
  182  177  164  154  161  191  239  294  350  406  464  524  585  651  718  779
  824  851  866  877  885  884  874  860  849  846  848  856  874  906  951  997
 1031 1051 1061 1070 1086 1109 1131 1141 1131 1097 1044  976  904  839  790  760
  745  734  718  693  661  622  578  535  497
    17.5-180.0 180.0   5.0 450.0                            LAT/LON1/LON2/DLON/H
  577  553  527  489  440  390  349  316  284  252  221  197  180  171  170  175
  179  174  159  149  159  197  254  317  380  443  505  568  632  699  769  833
  878  900  907  909  910  907  901  896  896  901  905  912  930  963 1007 1048
 1074 1082 1083 1086 1097 1112 1126 1127 1112 1078 1027  965  900  842  803  784
  781  779  772  755  727  691  649  609  577
    15.0-180.0 180.0   5.0 450.0                            LAT/LON1/LON2/DLON/H
  625  613  598  569  525  476  432  393  354  312  273  241  215  196  185  184
  185  177  160  147  159  203  269  341  410  476  542  605  668  733  801  862
  904  921  922  919  917  917  917  922  932  944  952  959  975 1008 1048 1081
 1094 1089 1078 1072 1073 1078 1078 1068 1045 1011  965  912  857  810  781  772
  777  783  783  773  754  723  685  649  625
    12.5-180.0 180.0   5.0 450.0                            LAT/LON1/LON2/DLON/H
  640  637  634  617  583  541  499  458  414  368  325  291  261  234  215  207
  203  191  169  154  166  214  286  364  436  505  570  632  690  750  811  866
  901  913  912  910  912  918  926  939  958  975  985  991 1006 1037 1073 1098
 1099 1081 1060 1044 1035 1027 1013  992  963  928  888  843  799  763  742  739
  747  755  760  759  748  725  691  659  640
    10.0-180.0 180.0   5.0 450.0                            LAT/LON1/LON2/DLON/H
  633  633  639  632  608  575  540  501  455  407  366  336  308  280  255  241
  232  217  190  170  180  229  305  386  459  527  590  647  699  750  802  848
  876  884  884  888  900  915  930  949  972  992 1002 1007 1020 1048 1082 1101
 1095 1070 1043 1022 1006  988  964  933  900  866  830  793  756  727  710  707
  711  717  724  729  727  711  682  650  633
     7.5-180.0 180.0   5.0 450.0                            LAT/LON1/LON2/DLON/H
  621  619  625  622  606  582  554  517  470  423  388  367  348  324  298  281
  270  251  221  196  202  250  325  405  477  542  600  651  695  737  779  815
  837  843  847  861  884  909  930  951  975  994 1002 1003 1014 1042 1075 1095
 1090 1067 1042 1022 1004  981  952  919  886  853  820  786  752  724  705  694
  690  689  694  704  710  702  675  642  621
     5.0-180.0 180.0   5.0 450.0                            LAT/LON1/LON2/DLON/H
  625  615  613  607  593  574  549  513  464  417  389  380  374  358  336  319
  307  288  255  227  228  273  345  421  489  549  603  647  683  715  748  777
  794  800  809  833  867  900  923  943  964  979  983  982  991 1019 1056 1083
 1088 1076 1061 1048 1034 1013  986  957  928  899  867  832  795  761  734  712
  695  684  685  698  712  711  687  652  625
     2.5-180.0 180.0   5.0 450.0                            LAT/LON1/LON2/DLON/H
  655  635  621  605  586  566  541  500  446  397  373  375  383  378  361  346
  337  319  287  257  255  294  361  432  495  550  598  636  665  690  717  741
  756  762  776  808  850  886  909  924  939  950  950  946  953  983 1028 1067
 1088 1094 1094 1093 1087 1074 1055 1035 1015  991  959  918  874  831  792  756
  725  705  701  716  736  742  723  688  655
