ionex_files/COD0OPSFIN_20250810000_01D_01H_GIM.INX
     1.0            IONOSPHERE MAPS     GNSS                IONEX VERSION / TYPE
ADDNEQ2 V5.5        AIUB                26-MAR-25 20:34     PGM / RUN BY / DATE 
CODE'S GLOBAL IONOSPHERE MAPS FOR DAY 081, 2025             COMMENT             
Global ionosphere maps (GIM) are generated on a daily basis DESCRIPTION         
at CODE using data from about 300 GNSS sites of the IGS and DESCRIPTION         
other institutions. The vertical total electron content     DESCRIPTION         
(VTEC) is modeled in a solar-geomagnetic reference frame    DESCRIPTION         
using a spherical harmonics expansion up to degree and      DESCRIPTION         
order 15. Piece-wise linear functions are used for          DESCRIPTION         
representation in the time domain. The time spacing of      DESCRIPTION         
their vertices is 1 hour, conforming with the epochs of the DESCRIPTION         
VTEC maps.                                                  DESCRIPTION         
To convert line-of-sight TEC into vertical TEC, a modified  DESCRIPTION         
single-layer model mapping function approximating the JPL   DESCRIPTION         
extended slab model mapping function is adopted. The        DESCRIPTION         
mapping function is evaluated at geodetic satellite         DESCRIPTION         
elevation angles. For the computation of the ionospheric    DESCRIPTION         
pierce points, a spherical layer with a radius of 6821 km   DESCRIPTION         
is assumed, implying geocentric, not geodetic IONEX         DESCRIPTION         
latitudes.                                                  DESCRIPTION         
Instrumental biases with respect to each involved GNSS code DESCRIPTION         
observable are estimated as constant values for each        DESCRIPTION         
day. They are modeled with one set of bias parameters for   DESCRIPTION         
each satellite and each station in case of GPS and for each DESCRIPTION         
satellite-station link in case of GLONASS. The code bias    DESCRIPTION         
datum is defined by zero-mean conditions imposed on the     DESCRIPTION         
satellite bias estimates. In this file, just GPS C1W-C2W    DESCRIPTION         
satellite and station bias values are included. The         DESCRIPTION         
complete set of GNSS code bias results is provided in an    DESCRIPTION         
additional Bias-SINEX file as pseudo-absolute values        DESCRIPTION         
specific to each observable.                                DESCRIPTION         
Note: These GIM results correspond to the results for the   DESCRIPTION         
middle day of a 3-day combination analysis solving for 73   DESCRIPTION         
times 256, or 18688 VTEC parameters and 3 daily sets of     DESCRIPTION         
GNSS code bias parameters.                                  DESCRIPTION         
Contact address: code(at)aiub.unibe.ch                      DESCRIPTION         
Data archive:    ftp.aiub.unibe.ch/CODE/                    DESCRIPTION         
                 www.aiub.unibe.ch/download/CODE/           DESCRIPTION         
  2025     3    22     0     0     0                        EPOCH OF FIRST MAP  
  2025     3    23     0     0     0                        EPOCH OF LAST MAP   
  3600                                                      INTERVAL            
[...]
badg bake bako barh bjfs bndy boav bogo bogt bor1 braz brft COMMENT             
brst brux cags cas1 ccj2 cedu chpg chti ckis coco cord cpvg COMMENT             
cpxf cro1 daej darw dav1 dgar dhlg drao dubo faa1 fair flin COMMENT             
flrs frdn func ganp glps glsv gode gol2 gold gope gras graz COMMENT             
guam guug harb hers hert hlfx hnpt hob2 hofn holb hrao hyde COMMENT             
iddr ieng iisc impz ineg invk iqal irkj jog2 joz2 karr kerg COMMENT             
kir0 kiri kiru kit3 kokb kokv koug kour krgg lama laut lmmf COMMENT             
lpal lpgs mac1 madr mal2 mana mas1 mat1 mate maui maw1 mcil COMMENT             
mcm4 mdo1 medi mgue mizu mkea mnls mobs morp mqzg mro1 mtka COMMENT             
nano naur nico nist nium nklg nlib nnor nrc1 ntus nya1 nyal COMMENT             
onsa opmt ous2 pado parc park pdel penc pert pie1 pimo pohn COMMENT             
pol2 polv pots pove ptag ptbb ptvl qaq1 quin rabt ramo reun COMMENT             
reyk rgdg rio2 roth salu samo sant savo sch2 scor scrz sctb COMMENT             
scub seyg sfer sofi spt0 ssia sthl stjo stk2 str2 suth sutm COMMENT             
suwn sydn syog tash thtg thti thu2 tid1 tidb tlse tn22 tong COMMENT             
tow2 tro1 tskb twtf txes uclu ufpr ulab unb3 unbj unsa urum COMMENT             
usn7 usud vald vill vtsp wab1 wab2 whit will wind wsrt wtza COMMENT             
wtzr wtzs wtzz wuhn xmis yar2 yar3 yarr yell ykro zeck zim2 COMMENT             
zim3 zimm                                                   COMMENT             
                                                            END OF HEADER       
[from data line 1287]
     4                                                      START OF TEC MAP    
  2025     3    22     3     0     0                        EPOCH OF CURRENT MAP
    87.5-180.0 180.0   5.0 450.0                            LAT/LON1/LON2/DLON/H
   94   95   97   99  101  103  105  107  109  111  113  115  117  118  119  120
  121  121  121  121  120  119  118  117  115  113  111  109  107  105  103  100
   98   96   94   92   90   89   87   86   84   83   82   81   81   80   80   79
   79   79   79   79   79   80   80   80   81   81   82   82   83   83   84   84
   85   86   87   88   89   90   91   92   94
    85.0-180.0 180.0   5.0 450.0                            LAT/LON1/LON2/DLON/H
   92   94   97  100  104  109  113  119  124  129  135  140  144  148  152  154
  156  156  156  155  152  149  146  142  137  132  127  121  116  111  106  102
   97   93   90   86   83   80   78   76   74   73   72   71   71   71   71   72
   72   74   75   76   78   79   81   82   84   85   86   87   88   89   89   89
   89   89   89   88   89   89   90   91   92
    82.5-180.0 180.0   5.0 450.0                            LAT/LON1/LON2/DLON/H
   96   96   98  101  105  111  118  126  135  145  154  163  172  179  186  190
  193  193  192  189  184  177  170  162  153  144  135  126  118  111  104   98
   92   88   83   80   76   74   71   69   68   67   66   66   67   67   69   71
   73   76   80   83   87   91   96  100  104  107  110  112  114  115  115  114
  113  111  109  106  103  100   98   96   96
    80.0-180.0 180.0   5.0 450.0                            LAT/LON1/LON2/DLON/H
  112  108  106  106  108  113  120  130  141  154  167  180  193  205  214  220
  224  225  222  216  208  198  186  173  159  146  134  123  113  105   98   92
   87   83   80   77   74   72   70   69   67   67   66   67   68   70   72   76
   80   85   91   97  105  112  120  128  136  144  150  156  160  163  164  163
  161  157  152  146  139  131  124  118  112
    77.5-180.0 180.0   5.0 450.0                            LAT/LON1/LON2/DLON/H
  146  135  126  119  116  117  121  129  140  154  170  186  202  217  230  239
  244  245  242  234  223  208  192  175  157  141  127  115  105   98   92   88
   85   83   82   80   79   77   76   74   73   73   73   73   75   77   80   85
   91   98  106  115  126  138  151  164  177  190  201  212  221  227  231  232
  230  225  218  209  198  185  172  159  146
    75.0-180.0 180.0   5.0 450.0                            LAT/LON1/LON2/DLON/H
  200  180  161  145  133  126  123  126  134  145  160  177  195  213  228  240
  248  251  249  241  228  211  192  171  152  134  119  108   99   94   91   90
   90   90   91   90   90   88   87   85   84   83   83   84   85   88   92   98
  104  113  123  135  149  165  182  200  219  237  256  272  287  298  307  311
  312  308  301  290  276  259  241  221  200
    72.5-180.0 180.0   5.0 450.0                            LAT/LON1/LON2/DLON/H
  268  239  210  183  160  141  129  123  124  130  141  155  173  191  208  224
  236  243  244  238  227  210  190  169  148  130  116  106  100   97   97   98
  101  102  103  104  103  101   99   97   95   95   95   96   98  102  106  112
  120  130  141  155  172  190  211  233  257  281  305  328  349  366  380  389
  393  393  387  377  362  344  322  296  268
    70.0-180.0 180.0   5.0 450.0                            LAT/LON1/LON2/DLON/H
  342  306  267  229  194  163  140  124  115  113  116  125  138  155  173  192
  210  224  231  231  224  210  191  171  151  134  121  112  108  107  108  110
  113  115  115  115  113  110  108  105  104  104  105  107  111  115  121  128
  137  148  161  176  195  215  238  262  288  316  344  371  397  420  439  453
  462  465  462  455  442  425  402  375  342
    67.5-180.0 180.0   5.0 450.0                            LAT/LON1/LON2/DLON/H
  410  370  324  276  231  190  157  131  113  101   95   94  100  112  129  151
  175  197  213  222  221  213  198  180  161  145  133  125  121  120  120  121
  122  122  121  119  116  112  109  107  106  107  110  114  120  127  134  143
  154  166  181  199  219  240  263  287  313  340  368  397  426  453  476  494
  507  513  514  511  502  489  470  444  410
    65.0-180.0 180.0   5.0 450.0                            LAT/LON1/LON2/DLON/H
  463  422  372  319  267  220  180  148  122  101   85   73   67   71   85  109
  138  168  194  212  220  217  207  192  176  161  149  141  135  132  129  127
  124  121  118  114  110  106  103  102  102  104  109  116  125  134  144  156
  169  185  203  224  246  268  289  310  331  353  378  404  432  461  486  508
  523  532  536  537  534  527  515  494  463
    62.5-180.0 180.0   5.0 450.0                            LAT/LON1/LON2/DLON/H
  496  458  409  354  299  250  210  176  148  120   93   68   50   43   51   72
  104  141  174  200  215  219  213  202  188  175  163  153  145  138  131  124
  118  111  106  101   97   94   91   91   92   96  103  112  123  136  150  165
  183  203  226  251  276  299  318  334  347  360  375  395  419  446  472  495
  512  522  529  533  535  536  533  521  496
    60.0-180.0 180.0   5.0 450.0                            LAT/LON1/LON2/DLON/H
  511  479  433  380  327  282  246  217  190  159  124   87   55   35   33   50
   80  118  156  185  204  212  210  202  191  179  167  157  146  136  125  114
  104   96   90   85   82   80   79   78   80   85   92  104  118  133  151  170
  193  219  249  280  310  335  352  360  363  363  366  375  392  415  440  463
  481  492  500  506  514  523  529  527  511
    57.5-180.0 180.0   5.0 450.0                            LAT/LON1/LON2/DLON/H
  515  491  450  401  354  316  289  269  247  217  176  129   84   51   38   46
   70  104  138  166  184  193  194  189  180  171  160  149  137  125  112  100
   90   82   76   74   72   71   71   70   70   74   82   94  109  128  148  172
  200  233  271  311  347  375  390  392  382  368  355  351  358  375  398  422
  440  453  461  470  481  497  513  521  515
    55.0-180.0 180.0   5.0 450.0                            LAT/LON1/LON2/DLON/H
  517  501  467  424  383  354  337  328  314  287  244  189  134   90   66   63
   77   99  123  142  156  163  164  162  158  151  142  132  120  109   98   88
   80   75   72   72   72   72   71   69   67   68   74   85  102  122  146  173
  207  247  293  341  385  418  433  429  409  380  351  332  328  338  359  382
  402  417  427  437  452  473  497  514  517
    52.5-180.0 180.0   5.0 450.0                            LAT/LON1/LON2/DLON/H
  527  517  489  452  417  396  389  389  383  360  317  258  198  147  115  101
  101  107  115  121  125  128  130  131  130  126  119  110  102   94   87   83
   81   80   81   83   84   84   82   77   72   70   73   83   99  120  146  177
  214  260  314  371  422  460  478  471  443  403  361  327  311  313  330  353
  376  394  407  421  439  463  492  516  527
    50.0-180.0 180.0   5.0 450.0                            LAT/LON1/LON2/DLON/H
  546  542  520  487  458  442  441  447  446  426  384  327  267  216  180  157
  143  131  120  110  103  101  103  107  108  106  101   94   89   86   87   90
   94   99  103  106  107  106  103   95   87   80   80   88  103  125  153  185
  226  276  335  398  457  501  522  517  487  440  388  343  315  308  319  341
  367  389  408  425  446  473  504  531  546
    47.5-180.0 180.0   5.0 450.0                            LAT/LON1/LON2/DLON/H
  575  574  555  527  500  487  487  495  495  476  437  385  332  287  253  226
  200  173  143  118  101   95   97  102  106  104   98   91   88   91   98  110
  121  129  134  137  137  135  129  120  109   99   95  101  115  138  166  200
  242  295  357  424  487  537  564  563  537  490  435  382  345  328  332  350
  376  403  427  450  475  502  532  559  575
    45.0-180.0 180.0   5.0 450.0                            LAT/LON1/LON2/DLON/H
  607  607  591  566  540  526  524  527  524  505  470  426  384  351  325  300
  270  231  189  152  128  119  121  127  130  126  117  108  105  110  123  140
  155  165  170  170  168  164  158  149  136  124  117  120  134  157  186  221
  264  317  379  448  513  566  600  608  591  552  499  445  401  375  369  380
  403  432  462  491  519  545  571  593  607
    42.5-180.0 180.0   5.0 450.0                            LAT/LON1/LON2/DLON/H
  637  635  621  597  572  554  546  543  534  513  482  447  419  401  388  371
  343  302  255  214  186  176  178  183  183  174  159  146  141  145  159  176
  191  200  202  199  194  190  185  176  164  151  142  143  156  179  209  245
  288  340  401  468  533  589  628  647  644  618  576  527  482  448  431  431
  447  473  506  540  570  594  613  628  637
    40.0-180.0 180.0   5.0 450.0                            LAT/LON1/LON2/DLON/H
  661  656  642  619  593  571  556  544  529  506  477  451  436  432  434  431
  413  379  336  297  270  259  259  262  257  242  222  203  192  192  201  214
  224  229  226  219  213  209  206  200  189  176  165  165  177  200  231  268
  311  362  422  485  548  603  648  678  690  682  657  620  579  542  515  502
  505  524  555  591  623  643  655  660  661
    37.5-180.0 180.0   5.0 450.0                            LAT/LON1/LON2/DLON/H
  682  672  657  634  606  579  557  539  518  492  465  444  438  445  460  471
  470  451  421  388  364  352  350  348  339  320  294  270  253  245  245  248
  250  248  240  230  223  220  220  217  208  195  183  181  192  216  249  287
  332  382  439  498  557  610  657  697  724  737  733  713  684  651  617  590
  576  583  607  642  673  690  693  689  682
    35.0-180.0 180.0   5.0 450.0                            LAT/LON1/LON2/DLON/H
  707  693  675  650  619  588  561  537  513  485  457  437  432  443  466  491
  508  510  497  474  452  437  431  425  414  393  365  337  314  298  285  276
  267  257  245  234  227  225  227  226  218  205  192  188  199  224  260  301
  347  397  452  507  561  610  657  703  744  776  794  798  788  765  731  692
  661  650  664  693  722  736  734  721  707
    32.5-180.0 180.0   5.0 450.0                            LAT/LON1/LON2/DLON/H
  747  730  709  681  646  609  578  552  525  496  465  439  427  434  458  493
  528  550  554  540  518  499  487  479  468  448  423  396  370  344  320  297
  276  258  244  233  227  225  227  226  219  205  191  187  198  225  264  308
  356  407  460  512  560  605  650  698  749  797  838  866  880  874  847  803
  757  728  726  748  774  787  783  766  747
    30.0-180.0 180.0   5.0 450.0                            LAT/LON1/LON2/DLON/H
  812  793  770  738  697  656  621  592  565  533  496  460  435  429  447  485
  533  573  590  581  556  530  514  505  497  482  462  438  412  381  346  310
  279  256  241  231  225  223  222  219  211  197  183  179  191  221  263  311
  361  412  464  513  557  597  639  687  743  803  862  914  954  971  958  915
  859  813  798  810  833  848  845  830  812
    27.5-180.0 180.0   5.0 450.0                            LAT/LON1/LON2/DLON/H
  903  887  863  827  781  735  696  666  637  601  556  507  465  442  447  482
  536  586  611  602  571  537  517  509  505  495  481  461  437  405  364  319
  281  254  239  231  225  219  214  207  196  183  171  168  183  216  261  312
  363  414  465  512  553  589  627  673  731  799  871  943 1007 1048 1053 1018
  959  903  876  881  902  920  924  916  903
    25.0-180.0 180.0   5.0 450.0                            LAT/LON1/LON2/DLON/H
 1013 1003  982  945  896  845  803  770  738  697  643  581  523  482  473  500
  552  604  629  616  577  536  513  506  504  497  484  468  448  417  374  325
  282  255  241  234  226  215  203  192  180  168  159  160  176  212  260  314
  366  416  464  510  549  584  619  664  722  793  873  957 1038 1100 1124 1103
 1048  991  958  957  978 1001 1014 1016 1013
    22.5-180.0 180.0   5.0 450.0                            LAT/LON1/LON2/DLON/H
 1127 1126 1111 1077 1029  977  933  896  859  812  751  680  610  557  534  549
  593  640  660  641  595  550  524  516  511  499  482  464  446  419  378  329
  286  259  246  239  229  213  195  179  167  158  153  156  175  212  263  317
  369  417  463  507  547  583  620  665  724  795  876  964 1053 1127 1167 1161
 1119 1068 1036 1034 1055 1083 1105 1119 1127
    20.0-180.0 180.0   5.0 450.0                            LAT/LON1/LON2/DLON/H
 1225 1234 1227 1201 1159 1111 1067 1027  985  933  867  794  722  664  632  635
  667  704  718  694  644  596  566  553  538  512  481  457  439  416  380  334
  292  266  255  247  234  213  190  172  161  156  155  160  179  216  267  322
  373  418  461  505  548  588  630  679  739  809  886  969 1055 1132 1181 1190
 1165 1128 1104 1105 1127 1156 1184 1207 1225
    17.5-180.0 180.0   5.0 450.0                            LAT/LON1/LON2/DLON/H
 1289 1305 1308 1294 1264 1225 1185 1144 1098 1043  979  911  846  792  757  750
  770  798  808  783  733  682  647  621  588  540  490  453  432  413  383  341
  301  276  265  257  242  219  193  174  166  164  165  170  187  221  272  327
  376  418  459  504  551  600  650  706  770  838  908  979 1052 1121 1171 1192
 1185 1168 1158 1164 1186 1214 1241 1267 1289
    15.0-180.0 180.0   5.0 450.0                            LAT/LON1/LON2/DLON/H
 1309 1326 1338 1338 1325 1299 1267 1229 1183 1128 1070 1014  965  923  891  877
  887  909  919  899  853  801  756  712  654  580  508  458  433  416  389  350
  312  287  276  268  253  230  204  187  181  181  182  183  194  225  273  328
  377  417  457  503  557  616  678  744  813  880  940  995 1049 1102 1147 1175
 1187 1190 1196 1209 1229 1250 1271 1291 1309
    12.5-180.0 180.0   5.0 450.0                            LAT/LON1/LON2/DLON/H
 1288 1299 1314 1327 1331 1322 1301 1269 1227 1177 1128 1088 1058 1032 1006  989
  992 1013 1031 1022  982  927  868  803  721  625  535  474  444  427  400  362
  323  298  287  280  267  246  224  209  203  202  199  193  197  223  269  325
  374  415  455  504  566  635  710  786  861  926  978 1017 1051 1086 1121 1152
 1179 1201 1222 1241 1257 1268 1276 1281 1288
    10.0-180.0 180.0   5.0 450.0                            LAT/LON1/LON2/DLON/H
 1239 1237 1249 1270 1288 1295 1286 1263 1227 1185 1146 1121 1108 1095 1075 1057
 1058 1084 1114 1119 1087 1027  953  868  769  660  563  499  467  446  417  375
  334  308  297  292  282  266  248  235  228  222  210  197  193  213  259  317
  369  412  454  507  576  656  741  826  905  970 1015 1042 1060 1079 1104 1136
 1172 1209 1241 1263 1274 1274 1266 1251 1239
     7.5-180.0 180.0   5.0 450.0                            LAT/LON1/LON2/DLON/H
 1185 1165 1167 1189 1216 1232 1233 1219 1192 1157 1125 1108 1103 1096 1078 1058
 1060 1094 1139 1159 1134 1068  981  884  781  676  587  529  498  473  436  387
  342  314  304  301  295  284  270  258  247  233  213  190  180  198  245  306
  363  410  456  513  587  675  768  859  940 1003 1043 1064 1076 1087 1106 1137
 1177 1220 1257 1280 1287 1277 1254 1220 1185
     5.0-180.0 180.0   5.0 450.0                            LAT/LON1/LON2/DLON/H
 1150 1110 1099 1114 1139 1157 1162 1154 1133 1104 1073 1053 1044 1031 1007  983
  986 1028 1087 1119 1097 1027  934  840  750  669  604  561  533  500  452  395
  345  315  305  304  302  296  285  272  255  232  203  174  162  180  230  296
  360  412  462  522  599  690  786  878  958 1019 1059 1082 1096 1109 1128 1157
 1196 1239 1274 1295 1298 1285 1253 1205 1150
     2.5-180.0 180.0   5.0 450.0                            LAT/LON1/LON2/DLON/H
 1151 1095 1069 1071 1086 1096 1097 1089 1072 1042 1005  971  943  913  875  842
  843  889  955  993  973  903  816  741  685  644  613  589  563  521  461  393
  339  309  299  299  299  296  287  272  249  218  182  151  141  164  219  291
  361  419  472  534  610  700  794  882  958 1016 1059 1091 1117 1141 1165 1193
 1227 1261 1289 1306 1310 1300 1270 1217 1151
