ionex_files/COD0OPSFIN_20250800000_01D_01H_GIM.INX
     1.0            IONOSPHERE MAPS     GNSS                IONEX VERSION / TYPE
ADDNEQ2 V5.5        AIUB                25-MAR-25 19:08     PGM / RUN BY / DATE 
CODE'S GLOBAL IONOSPHERE MAPS FOR DAY 080, 2025             COMMENT             
Global ionosphere maps (GIM) are generated on a daily basis DESCRIPTION         
at CODE using data from about 300 GNSS sites of the IGS and DESCRIPTION         
other institutions. The vertical total electron content     DESCRIPTION         
(VTEC) is modeled in a solar-geomagnetic reference frame    DESCRIPTION         
using a spherical harmonics expansion up to degree and      DESCRIPTION         
order 15. Piece-wise linear functions are used for          DESCRIPTION         
representation in the time domain. The time spacing of      DESCRIPTION         
their vertices is 1 hour, conforming with the epochs of the DESCRIPTION         
VTEC maps.                                                  DESCRIPTION         
To convert line-of-sight TEC into vertical TEC, a modified  DESCRIPTION         
single-layer model mapping function approximating the JPL   DESCRIPTION         
extended slab model mapping function is adopted. The        DESCRIPTION         
mapping function is evaluated at geodetic satellite         DESCRIPTION         
elevation angles. For the computation of the ionospheric    DESCRIPTION         
pierce points, a spherical layer with a radius of 6821 km   DESCRIPTION         
is assumed, implying geocentric, not geodetic IONEX         DESCRIPTION         
latitudes.                                                  DESCRIPTION         
Instrumental biases with respect to each involved GNSS code DESCRIPTION         
observable are estimated as constant values for each        DESCRIPTION         
day. They are modeled with one set of bias parameters for   DESCRIPTION         
each satellite and each station in case of GPS and for each DESCRIPTION         
satellite-station link in case of GLONASS. The code bias    DESCRIPTION         
datum is defined by zero-mean conditions imposed on the     DESCRIPTION         
satellite bias estimates. In this file, just GPS C1W-C2W    DESCRIPTION         
satellite and station bias values are included. The         DESCRIPTION         
complete set of GNSS code bias results is provided in an    DESCRIPTION         
additional Bias-SINEX file as pseudo-absolute values        DESCRIPTION         
specific to each observable.                                DESCRIPTION         
Note: These GIM results correspond to the results for the   DESCRIPTION         
middle day of a 3-day combination analysis solving for 73   DESCRIPTION         
times 256, or 18688 VTEC parameters and 3 daily sets of     DESCRIPTION         
GNSS code bias parameters.                                  DESCRIPTION         
Contact address: code(at)aiub.unibe.ch                      DESCRIPTION         
Data archive:    ftp.aiub.unibe.ch/CODE/                    DESCRIPTION         
                 www.aiub.unibe.ch/download/CODE/           DESCRIPTION         
  2025     3    21     0     0     0                        EPOCH OF FIRST MAP  
  2025     3    22     0     0     0                        EPOCH OF LAST MAP   
  3600                                                      INTERVAL            
[...]
abpo albh algo alic amu2 antc areg areq ascg aspa auck azgb COMMENT             
badg bake barh bjfs bndy boav bogo bogt bor1 braz brft brst COMMENT             
brux cags cas1 ccj2 cedu chpg chti ckis coco cord cpvg cpxf COMMENT             
cro1 daej dav1 dgar dhlg drao dubo faa1 flin flrs frdn func COMMENT             
ganp glps glsv gode gol2 gold gope gras graz guam guug harb COMMENT             
hers hert hlfx hnpt hob2 hofn hrao hyde iddr ieng iisc impz COMMENT             
ineg invk iqal irkj jog2 joz2 karr kerg kir0 kiri kiru kit3 COMMENT             
kokb kokv koug kour krgg lama laut lmmf lpal lpgs mac1 madr COMMENT             
mal2 mana mas1 mat1 mate maui maw1 mcil mcm4 mdo1 medi mgue COMMENT             
mizu mkea mnls mobs morp mqzg mro1 mtka nano naur nico nist COMMENT             
nium nklg nlib nnor nrc1 ntus nya1 nyal onsa opmt ous2 pado COMMENT             
parc park pdel penc pert pie1 pimo pohn pol2 polv pots pove COMMENT             
ptag ptbb ptvl qaq1 quin rabt ramo reun reyk rgdg rio2 roth COMMENT             
salu samo sant savo sch2 scor scrz sctb scub seyg sfer sofi COMMENT             
spt0 ssia sthl stjo stk2 str2 suth sutm suwn sydn syog tash COMMENT             
thtg thti thu2 tid1 tidb tlse tn22 tong tow2 tro1 tskb twtf COMMENT             
txes uclu ufpr ulab unb3 unbj unsa urum usn7 usud vald vill COMMENT             
vtsp wab1 wab2 wark wgtn whit will wind wtza wtzr wtzs wtzz COMMENT             
wuhn xmis yar2 yar3 yarr yell ykro zeck zim2 zim3 zimm      COMMENT             
                                                            END OF HEADER       
[from data line 2574]
     7                                                      START OF TEC MAP    
  2025     3    21     6     0     0                        EPOCH OF CURRENT MAP
    87.5-180.0 180.0   5.0 450.0                            LAT/LON1/LON2/DLON/H
  296  295  295  294  294  293  293  293  293  292  292  292  291  291  291  290
  290  289  288  288  287  286  285  284  283  282  282  281  280  280  279  279
  278  278  278  278  278  279  279  279  280  281  281  282  283  284  285  286
  287  288  289  291  292  293  294  295  296  297  297  298  298  299  299  299
  299  299  299  298  298  297  297  296  296
    85.0-180.0 180.0   5.0 450.0                            LAT/LON1/LON2/DLON/H
  291  289  287  285  284  283  283  282  283  283  284  285  285  286  286  286
  285  284  283  281  279  277  274  272  269  267  265  263  261  260  259  258
  258  258  259  259  260  261  262  264  265  267  269  270  272  275  277  279
  282  285  288  290  293  296  299  302  304  306  308  309  310  311  311  311
  310  308  306  304  302  299  297  294  291
    82.5-180.0 180.0   5.0 450.0                            LAT/LON1/LON2/DLON/H
  283  277  272  267  264  261  260  261  262  264  267  269  272  275  276  277
  277  276  274  270  266  262  257  252  248  243  240  237  235  234  234  235
  236  238  240  242  244  247  249  251  254  256  259  262  265  268  272  276
  280  285  290  295  300  305  310  315  320  324  328  330  332  333  333  332
  330  327  322  317  311  304  297  290  283
    80.0-180.0 180.0   5.0 450.0                            LAT/LON1/LON2/DLON/H
  280  267  256  247  239  234  232  232  234  238  243  249  255  260  263  266
  266  265  262  257  250  243  236  228  222  216  212  209  208  208  210  213
  217  222  227  231  236  240  243  247  250  253  256  259  263  268  273  279
  285  292  300  307  315  323  331  339  346  352  358  363  366  368  368  366
  363  357  350  341  331  319  306  293  280
    77.5-180.0 180.0   5.0 450.0                            LAT/LON1/LON2/DLON/H
  288  268  249  233  220  210  205  203  206  211  218  227  235  243  249  253
  254  253  248  242  234  225  215  206  198  191  187  186  187  190  195  202
  209  217  224  231  237  242  246  249  253  256  259  264  269  275  283  291
  300  310  320  331  341  352  362  372  381  389  397  403  408  411  412  410
  406  399  389  377  363  346  328  308  288
    75.0-180.0 180.0   5.0 450.0                            LAT/LON1/LON2/DLON/H
  309  282  256  232  212  196  187  183  184  189  198  208  218  228  235  240
  241  240  236  229  221  211  201  191  183  177  174  174  178  184  192  202
  212  222  231  239  245  250  253  256  259  263  267  273  281  290  301  313
  326  339  352  365  378  389  401  412  422  432  440  448  453  457  458  457
  452  445  434  420  403  384  361  336  309
    72.5-180.0 180.0   5.0 450.0                            LAT/LON1/LON2/DLON/H
  342  310  277  245  218  196  181  174  173  178  186  196  207  216  223  227
  229  228  225  220  213  205  196  188  181  177  176  178  183  191  201  212
  223  233  242  249  254  257  259  262  264  269  275  285  296  311  326  344
  361  378  394  409  422  434  445  455  464  474  482  489  495  498  499  497
  492  484  473  460  443  424  400  373  342
    70.0-180.0 180.0   5.0 450.0                            LAT/LON1/LON2/DLON/H
  378  343  305  268  234  206  186  176  173  177  185  194  202  209  214  217
  218  219  218  216  213  208  203  198  194  191  191  194  200  208  217  226
  235  243  249  253  255  257  258  261  265  272  282  296  314  335  357  380
  403  423  441  457  469  479  488  496  503  510  517  524  528  530  529  525
  518  509  499  486  472  455  435  409  378
    67.5-180.0 180.0   5.0 450.0                            LAT/LON1/LON2/DLON/H
  406  371  331  290  251  219  196  183  180  184  191  198  204  207  209  209
  210  211  214  217  219  219  219  217  215  213  213  216  220  225  231  236
  240  243  245  245  246  246  248  252  259  270  286  307  332  360  390  419
  446  470  489  504  515  521  526  530  534  539  544  549  551  551  547  539
  528  516  504  493  482  470  455  434  406
    65.0-180.0 180.0   5.0 450.0                            LAT/LON1/LON2/DLON/H
  419  387  347  303  260  225  201  188  186  191  199  206  209  209  207  204
  204  207  213  220  228  233  236  237  235  234  233  232  233  234  233  232
  230  228  226  224  224  225  230  237  249  267  290  318  350  386  422  456
  487  513  532  546  553  556  557  556  557  559  563  566  567  564  556  542
  525  507  491  479  471  465  456  442  419
    62.5-180.0 180.0   5.0 450.0                            LAT/LON1/LON2/DLON/H
  416  386  347  301  257  220  195  184  184  193  203  211  214  212  207  202
  201  205  213  224  235  244  248  249  247  243  240  236  232  227  221  213
  206  199  194  192  194  200  209  222  240  264  294  329  368  410  451  489
  521  547  566  577  582  582  579  575  573  574  576  580  580  575  562  542
  517  491  469  454  446  444  441  433  416
    60.0-180.0 180.0   5.0 450.0                            LAT/LON1/LON2/DLON/H
  401  374  335  289  242  204  179  169  172  184  199  209  214  212  207  201
  200  204  213  226  238  246  249  247  242  236  229  222  215  205  194  181
  169  160  156  158  164  176  192  212  236  266  301  341  385  431  474  513
  546  572  589  599  602  600  594  589  585  585  588  593  594  588  571  546
  513  478  449  429  419  417  418  415  401
    57.5-180.0 180.0   5.0 450.0                            LAT/LON1/LON2/DLON/H
  386  360  321  274  226  186  160  149  154  168  185  200  208  209  205  201
  199  203  211  222  232  237  236  230  221  212  203  194  184  172  157  142
  130  122  121  128  142  161  184  210  240  273  312  355  401  448  492  530
  562  586  602  612  615  613  607  601  597  597  601  607  609  604  587  558
  519  478  442  416  402  399  400  398  386
    55.0-180.0 180.0   5.0 450.0                            LAT/LON1/LON2/DLON/H
  381  356  318  271  223  181  151  136  137  149  166  183  195  201  202  199
  198  200  206  213  217  217  210  200  188  176  167  158  148  136  121  107
   96   92   97  111  133  159  188  219  251  285  325  368  414  461  503  540
  569  592  608  619  624  624  620  615  611  610  614  621  625  621  606  576
  537  493  453  423  406  400  398  394  381
    52.5-180.0 180.0   5.0 450.0                            LAT/LON1/LON2/DLON/H
  396  370  335  291  244  200  165  142  133  137  149  165  180  190  195  196
  195  195  196  198  197  191  180  166  152  141  133  126  118  107   95   83
   76   77   88  109  137  169  201  234  266  300  338  380  425  470  511  545
  573  594  610  623  632  636  636  631  627  625  627  632  636  634  621  595
  559  518  480  451  432  423  418  410  396
    50.0-180.0 180.0   5.0 450.0                            LAT/LON1/LON2/DLON/H
  427  404  374  337  295  251  210  176  152  141  142  151  165  179  188  191
  190  188  185  181  176  166  153  139  126  117  111  107  101   93   83   75
   72   77   93  118  150  185  219  252  283  315  351  391  435  478  517  550
  575  595  613  629  642  650  653  650  644  639  636  637  639  637  627  606
  577  544  513  489  474  464  455  444  427
    47.5-180.0 180.0   5.0 450.0                            LAT/LON1/LON2/DLON/H
  468  449  427  401  368  327  282  236  195  165  150  148  158  171  182  186
  185  179  173  167  161  151  139  127  118  112  110  108  104   97   89   83
   82   90  107  133  166  201  236  268  299  329  363  402  444  487  525  555
  579  598  617  636  653  666  672  670  662  652  643  637  632  628  619  604
  583  560  541  526  517  509  499  485  468
    45.0-180.0 180.0   5.0 450.0                            LAT/LON1/LON2/DLON/H
  503  489  478  465  445  411  365  309  253  204  172  157  159  169  179  183
  180  173  166  161  156  151  144  137  132  131  130  129  124  116  107  102
  102  109  124  148  178  213  249  282  313  343  376  414  455  497  534  563
  585  604  623  645  665  682  691  690  682  667  651  636  623  613  602  590
  576  563  554  551  549  545  535  520  503
    42.5-180.0 180.0   5.0 450.0                            LAT/LON1/LON2/DLON/H
  521  511  509  509  501  477  434  375  309  248  201  175  168  174  181  184
  180  173  168  166  167  167  167  166  167  168  168  164  156  144  134  126
  124  128  138  157  185  219  257  293  326  358  391  429  469  510  546  574
  595  613  633  655  679  699  711  714  707  691  669  646  623  605  589  575
  563  555  553  558  564  564  555  538  521
    40.0-180.0 180.0   5.0 450.0                            LAT/LON1/LON2/DLON/H
  516  506  508  516  518  503  466  411  345  279  227  194  182  184  188  189
  185  180  179  183  190  198  204  209  213  216  215  207  192  175  161  150
  144  143  147  160  185  221  263  305  343  377  411  447  486  525  559  585
  606  624  644  669  695  719  737  746  745  732  709  679  648  621  598  578
  561  550  547  554  563  566  556  536  516
    37.5-180.0 180.0   5.0 450.0                            LAT/LON1/LON2/DLON/H
  495  479  476  482  485  475  446  400  344  286  238  208  195  195  199  199
  196  195  199  208  222  234  245  254  262  265  261  247  226  203  184  171
  161  154  152  161  184  223  270  319  363  400  433  467  503  538  570  596
  616  636  659  687  717  747  774  794  804  801  782  750  713  677  646  617
  589  565  552  553  559  561  548  523  495
    35.0-180.0 180.0   5.0 450.0                            LAT/LON1/LON2/DLON/H
  477  446  428  421  414  401  377  344  304  263  230  209  202  205  209  211
  211  214  223  237  254  269  282  294  302  305  298  279  253  226  204  189
  176  164  157  162  186  228  282  337  385  423  455  485  516  548  578  603
  626  649  677  711  749  787  826  861  889  901  891  862  823  782  744  704
  661  619  588  574  572  568  550  516  477
    32.5-180.0 180.0   5.0 450.0                            LAT/LON1/LON2/DLON/H
  483  432  391  360  332  306  281  258  236  218  204  199  202  210  218  223
  226  233  246  262  278  293  306  319  330  333  324  302  272  243  220  205
  191  176  166  169  194  240  299  357  406  443  471  496  523  551  581  609
  636  666  702  744  791  842  895  950  999 1030 1034 1011  973  930  887  839
  781  719  666  633  619  606  581  537  483
    30.0-180.0 180.0   5.0 450.0                            LAT/LON1/LON2/DLON/H
  535  463  395  333  276  229  194  175  167  168  173  183  197  212  223  231
  238  248  261  275  288  301  315  330  344  349  340  317  286  257  236  222
  208  192  180  182  209  257  317  374  419  452  477  498  522  549  581  614
  649  688  734  787  845  908  977 1052 1124 1175 1194 1179 1143 1102 1058 1007
  939  860  787  736  708  687  655  603  535
    27.5-180.0 180.0   5.0 450.0                            LAT/LON1/LON2/DLON/H
  640  553  461  369  282  208  157  132  129  139  156  176  197  215  227  236
  244  254  264  274  284  296  312  332  350  358  351  328  297  270  251  239
  226  210  197  199  226  274  330  382  421  449  470  490  514  544  581  622
  667  717  774  837  904  978 1062 1154 1246 1315 1346 1338 1305 1267 1228 1179
 1109 1022  937  874  836  809  773  716  640
    25.0-180.0 180.0   5.0 450.0                            LAT/LON1/LON2/DLON/H
  788  696  593  481  368  269  198  159  148  155  172  192  211  226  235  241
  247  253  258  262  268  282  304  332  356  367  360  337  307  282  266  255
  243  226  212  215  240  285  334  377  409  432  453  475  503  540  585  637
  692  753  818  888  961 1041 1133 1237 1341 1423 1462 1457 1427 1392 1361 1321
 1260 1177 1091 1024  983  955  920  864  788
    22.5-180.0 180.0   5.0 450.0                            LAT/LON1/LON2/DLON/H
  955  872  772  655  531  415  325  267  239  230  233  241  249  254  254  252
  251  250  247  246  251  270  303  340  370  381  372  347  317  292  276  266
  253  235  221  222  245  284  326  359  385  407  431  460  496  542  598  660
  725  792  861  932 1005 1084 1175 1280 1388 1474 1516 1511 1481 1451 1429 1405
 1361 1293 1219 1159 1121 1096 1067 1020  955
    20.0-180.0 180.0   5.0 450.0                            LAT/LON1/LON2/DLON/H
 1103 1042  961  858  739  620  519  443  393  360  340  327  316  304  289  275
  263  253  243  237  244  271  316  362  394  402  387  356  323  296  279  267
  252  233  218  218  238  272  306  333  356  381  412  451  497  553  619  690
  761  831  898  963 1027 1095 1176 1272 1373 1454 1492 1486 1457 1431 1421 1414
 1393 1350 1297 1251 1222 1203 1181 1149 1103
    17.5-180.0 180.0   5.0 450.0                            LAT/LON1/LON2/DLON/H
 1198 1167 1118 1043  945  838  737  651  580  524  479  442  409  376  343  314
  291  272  254  245  255  292  347  398  427  426  400  362  323  293  272  257
  240  219  203  202  220  250  280  305  330  362  403  453  509  574  647  723
  797  863  922  975 1023 1073 1134 1211 1295 1364 1395 1387 1361 1342 1342 1354
 1357 1342 1314 1287 1267 1253 1238 1220 1198
    15.0-180.0 180.0   5.0 450.0                            LAT/LON1/LON2/DLON/H
 1218 1218 1203 1163 1096 1013  925  839  760  688  625  569  517  464  414  372
  339  312  288  276  289  332  392  442  461  446  407  360  316  282  257  238
  218  196  180  178  196  225  255  283  314  356  408  467  530  600  676  754
  826  885  932  968  996 1023 1058 1109 1170 1221 1245 1238 1218 1208 1221 1247
 1271 1281 1277 1265 1252 1238 1226 1219 1218
    12.5-180.0 180.0   5.0 450.0                            LAT/LON1/LON2/DLON/H
 1164 1186 1199 1190 1156 1101 1035  963  888  815  748  685  622  557  495  443
  404  373  346  331  343  387  443  483  487  455  403  349  302  265  237  214
  193  171  155  154  173  204  238  272  312  363  424  488  554  624  700  776
  842  893  927  947  956  960  969  992 1026 1059 1076 1074 1067 1070 1094 1132
 1170 1197 1209 1205 1191 1171 1154 1151 1164
    10.0-180.0 180.0   5.0 450.0                            LAT/LON1/LON2/DLON/H
 1058 1087 1113 1122 1111 1083 1043  993  936  879  824  769  708  640  574  519
  480  448  418  400  407  442  487  510  495  448  387  331  285  247  217  193
  171  151  136  137  157  192  232  274  323  380  445  510  574  640  712  783
  844  886  911  920  916  904  892  890  900  915  928  936  946  967 1002 1046
 1090 1123 1139 1135 1112 1079 1052 1044 1058
     7.5-180.0 180.0   5.0 450.0                            LAT/LON1/LON2/DLON/H
  940  959  977  985  982  969  951  927  899  870  842  809  761  700  638  588
  553  524  494  469  465  485  510  514  481  423  362  311  270  235  204  180
  160  141  128  129  151  190  236  285  339  399  462  523  582  643  709  775
  830  868  889  896  889  872  850  831  823  826  838  858  888  927  972 1018
 1058 1087 1097 1082 1045  997  956  936  940
     5.0-180.0 180.0   5.0 450.0                            LAT/LON1/LON2/DLON/H
  853  847  840  827  812  801  795  794  796  802  809  804  778  731  678  637
  610  587  556  523  504  504  507  491  447  387  333  293  260  230  201  177
  159  143  131  133  155  195  246  298  353  410  468  523  576  630  691  752
  804  843  868  882  884  875  855  833  817  813  826  859  906  961 1014 1056
 1087 1102 1098 1069 1017  955  902  868  853
     2.5-180.0 180.0   5.0 450.0                            LAT/LON1/LON2/DLON/H
  831  793  747  699  659  635  630  642  669  706  746  770  765  733  692  661
  643  624  592  550  515  495  479  448  400  347  307  282  260  233  206  184
  169  155  143  142  162  203  254  307  358  409  460  508  556  606  662  719
  772  815  850  879  901  910  908  896  883  879  894  935  995 1060 1115 1150
 1166 1165 1143 1099 1037  969  911  867  831
