ionex_files/COD0OPSFIN_20250740000_01D_01H_GIM.INX
     1.0            IONOSPHERE MAPS     GNSS                IONEX VERSION / TYPE
ADDNEQ2 V5.5        AIUB                19-MAR-25 19:00     PGM / RUN BY / DATE 
CODE'S GLOBAL IONOSPHERE MAPS FOR DAY 074, 2025             COMMENT             
Global ionosphere maps (GIM) are generated on a daily basis DESCRIPTION         
at CODE using data from about 300 GNSS sites of the IGS and DESCRIPTION         
other institutions. The vertical total electron content     DESCRIPTION         
(VTEC) is modeled in a solar-geomagnetic reference frame    DESCRIPTION         
using a spherical harmonics expansion up to degree and      DESCRIPTION         
order 15. Piece-wise linear functions are used for          DESCRIPTION         
representation in the time domain. The time spacing of      DESCRIPTION         
their vertices is 1 hour, conforming with the epochs of the DESCRIPTION         
VTEC maps.                                                  DESCRIPTION         
To convert line-of-sight TEC into vertical TEC, a modified  DESCRIPTION         
single-layer model mapping function approximating the JPL   DESCRIPTION         
extended slab model mapping function is adopted. The        DESCRIPTION         
mapping function is evaluated at geodetic satellite         DESCRIPTION         
elevation angles. For the computation of the ionospheric    DESCRIPTION         
pierce points, a spherical layer with a radius of 6821 km   DESCRIPTION         
is assumed, implying geocentric, not geodetic IONEX         DESCRIPTION         
latitudes.                                                  DESCRIPTION         
Instrumental biases with respect to each involved GNSS code DESCRIPTION         
observable are estimated as constant values for each        DESCRIPTION         
day. They are modeled with one set of bias parameters for   DESCRIPTION         
each satellite and each station in case of GPS and for each DESCRIPTION         
satellite-station link in case of GLONASS. The code bias    DESCRIPTION         
datum is defined by zero-mean conditions imposed on the     DESCRIPTION         
satellite bias estimates. In this file, just GPS C1W-C2W    DESCRIPTION         
satellite and station bias values are included. The         DESCRIPTION         
complete set of GNSS code bias results is provided in an    DESCRIPTION         
additional Bias-SINEX file as pseudo-absolute values        DESCRIPTION         
specific to each observable.                                DESCRIPTION         
Note: These GIM results correspond to the results for the   DESCRIPTION         
middle day of a 3-day combination analysis solving for 73   DESCRIPTION         
times 256, or 18688 VTEC parameters and 3 daily sets of     DESCRIPTION         
GNSS code bias parameters.                                  DESCRIPTION         
Contact address: code(at)aiub.unibe.ch                      DESCRIPTION         
Data archive:    ftp.aiub.unibe.ch/CODE/                    DESCRIPTION         
                 www.aiub.unibe.ch/download/CODE/           DESCRIPTION         
  2025     3    15     0     0     0                        EPOCH OF FIRST MAP  
  2025     3    16     0     0     0                        EPOCH OF LAST MAP   
  3600                                                      INTERVAL            
[...]
azgb badg bake bako barh bjfs bndy boav bogo bogt bor1 braz COMMENT             
brft brst brux cags cas1 ccj2 cedu chpg chti chur ckis coco COMMENT             
cord cpvg cpxf cro1 daej darw dav1 dgar dhlg drao dubo ebre COMMENT             
faa1 fair flin flrs frdn func ganp glps glsv gode gol2 gold COMMENT             
gope gras graz guam guug harb hers hert hlfx hnpt hob2 hofn COMMENT             
holb hrao hyde iddr ieng iisc impz ineg invk iqal irkj jog2 COMMENT             
joz2 karr kerg kir0 kiri kiru kit3 kokb kokv koug kour krgg COMMENT             
lama laut lmmf lpal lpgs mac1 madr mal2 mana mas1 mat1 mate COMMENT             
maui maw1 mcil mcm4 mdo1 medi mgue mizu mkea mnls mobs monp COMMENT             
morp mqzg mro1 mtka nano naur nico nist nium nklg nlib nnor COMMENT             
nrc1 ntus nya1 nyal onsa opmt ous2 pado parc park pdel penc COMMENT             
pert pie1 pimo pohn pol2 pots pove ptag ptbb ptvl qaq1 quin COMMENT             
rabt ramo reun reyk rgdg rio2 roth salu samo sant savo sch2 COMMENT             
scor scrz sctb scub seyg sfer sofi spt0 ssia sthl stjo stk2 COMMENT             
str2 suth sutm suwn sydn syog tash thtg thti thu2 tid1 tidb COMMENT             
tlse tn22 tong tow2 tro1 tskb txes uclu ufpr ulab unb3 unbj COMMENT             
unsa urum usn7 usud vald vill vtsp wab1 wab2 whit will wind COMMENT             
wsrt wtza wtzr wtzs wtzz wuhn xmis yar2 yar3 yarr yell ykro COMMENT             
zeck zim2 zim3 zimm                                         COMMENT             
                                                            END OF HEADER       
[from data line 429]
     2                                                      START OF TEC MAP    
  2025     3    15     1     0     0                        EPOCH OF CURRENT MAP
    87.5-180.0 180.0   5.0 450.0                            LAT/LON1/LON2/DLON/H
  227  226  225  223  222  220  218  216  215  213  211  208  206  204  202  199
  197  194  191  189  186  183  180  178  175  173  171  169  167  165  164  163
  162  162  162  162  162  163  164  166  167  169  171  173  176  178  181  184
  187  190  193  197  200  203  206  209  212  215  218  220  222  224  226  227
  228  229  230  230  230  229  229  228  227
    85.0-180.0 180.0   5.0 450.0                            LAT/LON1/LON2/DLON/H
  242  239  236  233  229  227  224  222  219  217  215  213  211  209  206  203
  199  195  191  186  180  175  169  163  157  152  147  142  138  135  132  130
  129  128  128  129  130  132  134  136  139  142  146  149  153  157  162  167
  172  177  183  189  195  201  207  213  219  225  231  236  240  244  248  250
  252  253  253  253  252  250  248  245  242
    82.5-180.0 180.0   5.0 450.0                            LAT/LON1/LON2/DLON/H
  245  238  233  227  222  218  216  214  213  213  213  214  214  214  214  212
  209  205  200  193  186  177  168  159  149  140  132  124  118  113  110  108
  107  107  108  110  113  116  119  122  125  128  131  134  137  141  145  149
  154  159  165  172  180  188  197  206  215  224  232  241  248  255  260  265
  268  269  269  268  265  261  256  251  245
    80.0-180.0 180.0   5.0 450.0                            LAT/LON1/LON2/DLON/H
  243  233  224  215  208  203  200  199  200  203  207  212  216  221  224  226
  225  222  217  210  201  189  177  164  151  139  128  118  110  105  102  101
  102  104  108  112  116  120  124  127  129  131  131  131  131  131  132  133
  135  138  143  149  156  165  175  186  198  210  221  233  244  254  262  269
  274  278  278  277  274  268  261  253  243
    77.5-180.0 180.0   5.0 450.0                            LAT/LON1/LON2/DLON/H
  249  236  223  210  200  192  187  186  188  194  201  210  219  227  234  239
  241  241  237  230  220  207  193  178  162  147  134  123  115  111  109  110
  114  119  126  133  139  144  147  149  149  147  144  140  135  130  125  121
  119  118  120  123  129  137  147  159  172  185  200  214  228  242  254  264
  273  279  283  284  283  278  271  261  249
    75.0-180.0 180.0   5.0 450.0                            LAT/LON1/LON2/DLON/H
  270  255  239  222  208  196  189  186  187  193  201  211  222  232  240  247
  251  252  250  245  236  224  210  194  178  162  148  137  129  126  127  130
  137  145  154  162  170  175  178  178  175  170  162  153  143  133  123  114
  107  103  101  102  105  111  120  131  144  158  174  190  206  221  237  251
  264  275  284  291  294  294  290  282  270
    72.5-180.0 180.0   5.0 450.0                            LAT/LON1/LON2/DLON/H
  308  294  276  256  238  221  210  203  202  205  210  218  225  233  239  244
  248  250  251  249  244  235  223  209  193  178  164  153  147  145  147  152
  160  170  180  189  196  200  202  200  195  187  176  164  150  137  124  112
  103   95   91   89   91   95  101  111  122  135  150  166  182  198  215  232
  249  265  281  296  307  316  319  316  308
    70.0-180.0 180.0   5.0 450.0                            LAT/LON1/LON2/DLON/H
  355  345  328  307  285  265  249  238  232  230  230  231  231  230  230  230
  231  234  237  239  239  236  228  217  204  189  176  166  160  158  161  167
  174  183  192  199  204  207  207  204  198  189  178  165  151  138  125  113
  104   96   91   89   89   91   96  103  113  124  136  149  163  178  194  211
  230  250  272  295  317  336  350  357  355
    67.5-180.0 180.0   5.0 450.0                            LAT/LON1/LON2/DLON/H
  400  397  383  363  339  316  297  282  272  265  258  249  239  227  216  207
  204  205  210  217  224  226  224  216  205  192  179  169  164  162  164  168
  174  179  184  187  190  190  189  186  180  173  164  154  144  133  123  115
  108  103  100   98   99  101  104  110  117  126  135  145  156  167  180  194
  211  232  258  287  318  349  375  393  400
    65.0-180.0 180.0   5.0 450.0                            LAT/LON1/LON2/DLON/H
  430  434  425  407  384  361  341  326  314  303  290  272  250  225  202  184
  174  173  179  191  202  210  211  206  196  183  171  162  156  155  155  157
  159  160  159  158  156  154  152  150  147  144  139  134  129  123  119  115
  113  112  112  113  115  119  123  128  134  141  149  156  163  170  177  185
  198  216  241  272  309  348  384  413  430
    62.5-180.0 180.0   5.0 450.0                            LAT/LON1/LON2/DLON/H
  436  447  444  430  410  390  373  359  349  337  320  295  264  228  194  167
  151  147  154  167  181  191  194  189  178  165  154  145  141  140  140  140
  137  133  127  121  115  111  109  109  109  110  110  110  110  110  111  112
  114  118  122  127  132  138  145  151  159  166  173  179  184  187  189  192
  197  208  227  256  292  334  376  412  436
    60.0-180.0 180.0   5.0 450.0                            LAT/LON1/LON2/DLON/H
  422  438  439  430  415  399  386  378  371  361  344  317  280  239  198  165
  144  137  142  154  166  174  175  168  156  142  132  126  124  125  126  124
  118  109   99   89   81   76   74   74   77   81   85   89   93   97  101  105
  111  118  125  134  144  154  165  175  186  196  205  213  217  219  217  215
  213  216  227  247  277  315  356  394  422
    57.5-180.0 180.0   5.0 450.0                            LAT/LON1/LON2/DLON/H
  398  415  420  415  405  394  387  384  382  376  361  335  299  257  215  180
  157  147  148  155  162  164  159  148  134  121  113  110  113  117  119  117
  110   98   85   73   64   58   56   57   61   66   71   77   82   87   92   97
  103  111  121  133  147  163  179  196  212  228  241  251  258  261  260  255
  249  245  246  255  275  303  337  371  398
    55.0-180.0 180.0   5.0 450.0                            LAT/LON1/LON2/DLON/H
  382  398  404  402  396  390  387  387  388  384  372  350  318  281  244  212
  189  176  171  170  168  163  151  136  120  108  102  104  111  119  123  121
  114  102   88   77   68   63   60   61   63   67   72   77   81   85   88   91
   95  101  111  125  144  166  190  214  237  259  277  292  304  310  312  309
  302  295  289  288  295  311  333  359  382
    52.5-180.0 180.0   5.0 450.0                            LAT/LON1/LON2/DLON/H
  389  401  408  408  404  400  398  398  398  393  381  363  338  309  281  255
  234  218  206  196  185  171  154  136  119  108  105  110  120  130  135  133
  125  114  103   94   88   84   81   80   80   81   84   87   90   91   90   90
   90   93  102  117  140  168  200  232  263  290  314  333  349  361  368  370
  367  360  352  344  342  345  356  372  389
    50.0-180.0 180.0   5.0 450.0                            LAT/LON1/LON2/DLON/H
  427  437  442  443  440  436  432  427  420  409  394  376  357  338  320  301
  282  263  245  227  209  190  170  150  133  123  121  126  135  143  146  143
  134  125  118  114  112  110  108  105  103  103  104  106  107  105  102   97
   93   93   99  115  141  175  214  254  291  324  351  374  393  408  420  429
  433  432  426  418  410  406  409  416  427
    47.5-180.0 180.0   5.0 450.0                            LAT/LON1/LON2/DLON/H
  495  502  507  507  503  496  487  474  457  435  412  392  376  365  355  342
  325  305  282  260  239  219  199  179  162  150  144  145  149  152  150  143
  134  127  125  126  129  131  130  127  124  124  126  128  129  127  122  114
  107  103  107  123  151  190  235  281  324  361  391  415  434  450  465  479
  490  497  498  495  489  484  484  488  495
    45.0-180.0 180.0   5.0 450.0                            LAT/LON1/LON2/DLON/H
  580  586  589  587  580  569  554  532  503  470  437  412  396  388  383  375
  359  338  315  293  274  256  239  221  201  183  170  161  156  151  143  133
  123  117  119  126  134  138  139  138  138  141  146  152  154  153  148  140
  131  125  127  141  171  213  262  313  360  400  431  454  471  486  500  515
  531  546  556  562  563  564  567  573  580
    42.5-180.0 180.0   5.0 450.0                            LAT/LON1/LON2/DLON/H
  665  671  671  664  653  637  616  587  550  507  466  434  416  409  405  397
  382  361  341  325  312  301  287  267  242  215  191  172  158  145  132  118
  107  103  108  119  129  136  138  140  144  153  164  174  179  180  176  169
  160  154  154  168  197  240  292  347  397  438  470  491  504  514  524  537
  554  573  592  607  620  631  643  655  665
    40.0-180.0 180.0   5.0 450.0                            LAT/LON1/LON2/DLON/H
  736  740  735  722  703  681  656  624  584  537  492  457  436  427  421  412
  396  379  365  356  352  347  334  311  279  241  207  179  159  143  128  114
  104  102  108  118  128  133  135  139  148  164  181  195  203  205  202  197
  189  183  182  194  223  266  319  375  426  470  502  522  531  535  540  548
  563  583  606  630  653  677  701  721  736
    37.5-180.0 180.0   5.0 450.0                            LAT/LON1/LON2/DLON/H
  786  788  775  752  723  695  667  636  599  555  512  478  456  445  436  423
  408  394  387  387  390  387  373  344  304  260  220  190  172  160  151  141
  134  132  136  142  146  145  143  146  159  178  199  215  222  223  221  217
  211  205  204  215  241  283  336  391  444  489  522  542  551  551  551  555
  566  585  608  637  669  704  739  768  786
    35.0-180.0 180.0   5.0 450.0                            LAT/LON1/LON2/DLON/H
  821  819  798  762  722  685  654  626  595  560  524  495  475  462  450  436
  420  411  410  415  420  415  396  362  319  274  239  218  211  212  214  213
  210  209  208  205  196  182  170  169  180  200  221  233  236  234  229  225
  220  214  213  222  248  288  339  394  447  493  529  551  561  562  562  565
  575  591  613  643  679  722  766  801  821
    32.5-180.0 180.0   5.0 450.0                            LAT/LON1/LON2/DLON/H
  856  850  820  774  721  674  637  608  583  557  531  509  493  481  467  451
  437  430  431  436  436  425  400  365  326  293  274  273  286  306  323  332
  335  333  325  308  280  248  221  208  213  229  244  249  244  235  226  221
  216  210  208  216  241  280  330  383  436  484  522  548  562  569  574  583
  597  614  635  664  702  748  796  835  856
    30.0-180.0 180.0   5.0 450.0                            LAT/LON1/LON2/DLON/H
  907  901  867  812  749  690  643  609  584  561  541  524  512  501  487  471
  457  450  449  447  436  415  387  358  336  326  334  359  397  436  466  485
  493  489  472  437  388  334  287  260  253  259  264  259  244  227  215  207
  200  193  190  199  224  264  313  365  418  466  506  536  556  573  591  613
  637  661  684  711  748  794  844  886  907
    27.5-180.0 180.0   5.0 450.0                            LAT/LON1/LON2/DLON/H
  986  984  954  900  831  761  699  652  616  588  565  548  536  525  511  494
  479  470  461  446  421  391  366  354  359  381  420  472  529  581  619  643
  652  645  618  568  498  422  355  311  290  284  277  261  237  214  198  188
  179  171  167  177  203  245  295  348  399  447  487  520  548  577  613  654
  694  729  758  786  821  866  916  960  986
    25.0-180.0 180.0   5.0 450.0                            LAT/LON1/LON2/DLON/H
 1090 1101 1084 1040  975  897  819  751  694  649  613  588  570  556  539  521
  504  488  469  439  401  366  351  364  403  459  525  595  660  712  747  767
  774  764  731  669  583  490  407  349  315  296  279  255  226  200  182  170
  159  148  144  156  186  232  284  337  388  434  474  508  543  585  639  701
  760  810  847  879  913  957 1008 1056 1090
    22.5-180.0 180.0   5.0 450.0                            LAT/LON1/LON2/DLON/H
 1203 1233 1240 1218 1165 1087  995  903  819  747  690  648  619  596  574  552
  530  508  478  435  389  357  360  402  472  554  633  703  757  794  815  825
  827  815  780  713  621  520  430  364  322  295  270  242  212  187  171  159
  146  132  128  142  177  227  283  338  389  434  472  507  546  600  670  749
  826  889  935  971 1006 1049 1102 1156 1203
    20.0-180.0 180.0   5.0 450.0                            LAT/LON1/LON2/DLON/H
 1299 1353 1388 1396 1366 1297 1198 1086  975  875  793  730  684  649  619  589
  562  533  496  447  400  379  403  471  562  651  722  770  797  805  802  798
  794  784  751  689  601  506  420  355  311  281  255  228  202  181  167  155
  140  125  120  137  178  234  294  351  403  447  484  519  562  624  704  795
  881  952 1003 1041 1077 1120 1175 1237 1299
    17.5-180.0 180.0   5.0 450.0                            LAT/LON1/LON2/DLON/H
 1350 1425 1490 1530 1530 1480 1385 1264 1135 1013  910  827  765  716  674  636
  603  571  532  486  448  443  485  567  659  731  769  777  763  738  711  693
  686  679  656  605  533  454  384  329  291  263  240  217  197  182  171  160
  142  125  120  141  186  247  311  371  425  470  508  544  592  658  742  834
  920  989 1039 1076 1110 1152 1207 1275 1350
    15.0-180.0 180.0   5.0 450.0                            LAT/LON1/LON2/DLON/H
 1339 1427 1514 1582 1612 1589 1512 1396 1265 1137 1023  929  855  794  741  694
  656  624  592  558  536  546  599  676  744  775  763  720  664  608  565  541
  535  535  522  489  439  385  338  300  272  250  231  214  200  189  180  167
  148  129  125  148  197  262  329  392  449  497  538  578  630  699  781  865
  940  998 1040 1071 1099 1135 1188 1257 1339
    12.5-180.0 180.0   5.0 450.0                            LAT/LON1/LON2/DLON/H
 1265 1354 1448 1533 1589 1594 1545 1453 1338 1222 1115 1023  945  877  815  762
  721  693  673  657  654  676  724  777  799  771  700  609  522  453  408  388
  388  395  393  376  350  324  301  281  263  247  233  220  208  198  188  174
  152  132  129  155  206  273  342  407  468  520  566  613  671  742  818  889
  945  986 1014 1033 1052 1080 1124 1187 1265
    10.0-180.0 180.0   5.0 450.0                            LAT/LON1/LON2/DLON/H
 1150 1223 1307 1394 1464 1496 1479 1422 1341 1254 1171 1095 1025  958  892  833
  792  772  767  770  781  806  836  846  810  719  595  473  378  317  288  284
  293  304  307  301  294  290  288  281  271  258  245  232  218  205  192  174
  151  131  130  157  210  277  346  413  476  534  587  641  706  779  849  904
  941  963  976  983  990 1006 1038 1087 1150
     7.5-180.0 180.0   5.0 450.0                            LAT/LON1/LON2/DLON/H
 1028 1074 1132 1202 1273 1322 1337 1320 1282 1236 1188 1139 1086 1026  961  902
  861  847  854  872  892  908  907  868  773  631  475  348  272  243  246  263
  281  291  289  284  286  294  302  301  290  275  260  244  225  206  187  167
  144  125  126  154  207  273  341  409  474  536  594  656  728  803  868  911
  933  942  944  942  939  942  959  989 1028
     5.0-180.0 180.0   5.0 450.0                            LAT/LON1/LON2/DLON/H
  940  952  973 1015 1073 1128 1165 1181 1185 1182 1173 1154 1123 1076 1017  959
  918  906  918  941  958  956  921  835  697  528  372  271  237  256  298  337
  357  356  340  325  323  332  338  331  313  292  271  249  223  197  173  152
  130  115  118  147  200  263  329  396  462  526  588  655  731  809  872  909
  925  931  932  929  920  914  917  928  940
     2.5-180.0 180.0   5.0 450.0                            LAT/LON1/LON2/DLON/H
  917  896  881  890  925  972 1018 1055 1087 1117 1140 1148 1137 1105 1054  998
  954  936  943  959  963  939  873  758  602  439  315  264  287  356  431  482
  496  474  436  403  388  385  378  357  326  296  269  242  211  180  153  133
  115  104  109  139  190  251  315  380  445  509  572  640  716  794  858  897
  918  933  945  949  943  935  931  928  917
