ionex_files/COD0OPSFIN_20251000000_01D_01H_GIM.INX
     1.0            IONOSPHERE MAPS     GNSS                IONEX VERSION / TYPE
ADDNEQ2 V5.5        AIUB                14-APR-25 19:00     PGM / RUN BY / DATE 
CODE'S GLOBAL IONOSPHERE MAPS FOR DAY 100, 2025             COMMENT             
Global ionosphere maps (GIM) are generated on a daily basis DESCRIPTION         
at CODE using data from about 300 GNSS sites of the IGS and DESCRIPTION         
other institutions. The vertical total electron content     DESCRIPTION         
(VTEC) is modeled in a solar-geomagnetic reference frame    DESCRIPTION         
using a spherical harmonics expansion up to degree and      DESCRIPTION         
order 15. Piece-wise linear functions are used for          DESCRIPTION         
representation in the time domain. The time spacing of      DESCRIPTION         
their vertices is 1 hour, conforming with the epochs of the DESCRIPTION         
VTEC maps.                                                  DESCRIPTION         
To convert line-of-sight TEC into vertical TEC, a modified  DESCRIPTION         
single-layer model mapping function approximating the JPL   DESCRIPTION         
extended slab model mapping function is adopted. The        DESCRIPTION         
mapping function is evaluated at geodetic satellite         DESCRIPTION         
elevation angles. For the computation of the ionospheric    DESCRIPTION         
pierce points, a spherical layer with a radius of 6821 km   DESCRIPTION         
is assumed, implying geocentric, not geodetic IONEX         DESCRIPTION         
latitudes.                                                  DESCRIPTION         
Instrumental biases with respect to each involved GNSS code DESCRIPTION         
observable are estimated as constant values for each        DESCRIPTION         
day. They are modeled with one set of bias parameters for   DESCRIPTION         
each satellite and each station in case of GPS and for each DESCRIPTION         
satellite-station link in case of GLONASS. The code bias    DESCRIPTION         
datum is defined by zero-mean conditions imposed on the     DESCRIPTION         
satellite bias estimates. In this file, just GPS C1W-C2W    DESCRIPTION         
satellite and station bias values are included. The         DESCRIPTION         
complete set of GNSS code bias results is provided in an    DESCRIPTION         
additional Bias-SINEX file as pseudo-absolute values        DESCRIPTION         
specific to each observable.                                DESCRIPTION         
Note: These GIM results correspond to the results for the   DESCRIPTION         
middle day of a 3-day combination analysis solving for 73   DESCRIPTION         
times 256, or 18688 VTEC parameters and 3 daily sets of     DESCRIPTION         
GNSS code bias parameters.                                  DESCRIPTION         
Contact address: code(at)aiub.unibe.ch                      DESCRIPTION         
Data archive:    ftp.aiub.unibe.ch/CODE/                    DESCRIPTION         
                 www.aiub.unibe.ch/download/CODE/           DESCRIPTION         
  2025     4    10     0     0     0                        EPOCH OF FIRST MAP  
  2025     4    11     0     0     0                        EPOCH OF LAST MAP   
  3600                                                      INTERVAL            
[...]
abpo adis albh algo alic amu2 areg areq ascg aspa auck azgb COMMENT             
badg bake barh bjfs bndy boav bogo bogt bor1 braz brft brst COMMENT             
brux cags cas1 ccj2 cedu chpg chti chur ckis coco cord cpvg COMMENT             
cpxf cro1 daej darw dav1 dgar dhlg drao dubo ebre faa1 fair COMMENT             
flin flrs frdn func ganp glps glsv gode gol2 gold gope gras COMMENT             
graz guam guug harb hers hert hlfx hnpt hob2 hofn holb hrao COMMENT             
iddr ieng iisc impz ineg invk iqal irkj jog2 joz2 joze karr COMMENT             
kerg kir0 kiri kiru kit3 kokb kokv koug kour krgg lama laut COMMENT             
lmmf lpal lpgs m0se mac1 madr mal2 mana mas1 mat1 mate maui COMMENT             
maw1 mcm4 mdo1 medi mgue mizu mkea mnls mobs morp mqzg mro1 COMMENT             
mtka nano naur nico nium nklg nlib nnor not1 nrc1 ntus nya1 COMMENT             
nyal onsa opmt ous2 pado park pdel penc pert pie1 pimo pohn COMMENT             
pol2 polv pots pove ptbb ptvl qaq1 quin rabt ramo reyk rgdg COMMENT             
rio2 roth salu samo sant savo sch2 scor scrz sctb scub seyg COMMENT             
sfer spt0 ssia sthl stjo stk2 str2 suth sutm suwn sydn syog COMMENT             
tash thtg thti thu2 tid1 tidb tlse tn22 tro1 tskb twtf txes COMMENT             
uclu ufpr unb3 unbj unsa urum usn7 usud vald vill vtsp wab1 COMMENT             
wab2 wark whit will wind wsrt wtza wtzr wtzs wtzz wuhn xmis COMMENT             
yar2 yarr yell ykro zeck zim2 zim3 zimm                     COMMENT             
                                                            END OF HEADER       
[from data line 5577]
    14                                                      START OF TEC MAP    
  2025     4    10    13     0     0                        EPOCH OF CURRENT MAP
    87.5-180.0 180.0   5.0 450.0                            LAT/LON1/LON2/DLON/H
  107  108  109  110  112  114  115  118  120  122  125  127  130  132  135  137
  139  142  144  146  147  149  150  151  152  153  154  154  154  154  154  153
  152  152  151  150  148  147  146  144  143  141  140  139  137  136  134  133
  131  130  129  128  126  125  124  122  121  119  118  117  115  114  113  111
  110  109  108  108  107  107  107  107  107
    85.0-180.0 180.0   5.0 450.0                            LAT/LON1/LON2/DLON/H
   90   90   91   93   96   99  103  107  112  117  122  127  133  138  143  148
  153  157  161  164  167  170  172  174  176  177  178  178  178  178  177  176
  174  173  171  168  166  163  161  158  155  153  150  148  146  145  143  142
  141  141  140  140  139  138  137  136  134  132  130  127  124  121  117  113
  109  105  102   99   96   93   92   90   90
    82.5-180.0 180.0   5.0 450.0                            LAT/LON1/LON2/DLON/H
   82   80   80   81   84   88   93   99  105  113  120  128  136  143  150  157
  163  168  173  177  181  184  187  189  191  193  194  195  195  195  195  194
  193  191  188  185  182  178  174  171  167  163  161  158  157  156  157  158
  160  162  165  168  170  172  174  174  174  172  169  165  160  154  147  139
  132  124  116  108  101   95   89   85   82
    80.0-180.0 180.0   5.0 450.0                            LAT/LON1/LON2/DLON/H
   88   83   80   79   80   83   88   95  102  111  120  129  138  147  155  162
  168  173  178  182  185  188  191  194  197  199  202  204  206  208  209  209
  209  208  206  203  200  195  191  186  181  177  173  171  171  172  175  180
  186  193  201  210  218  225  230  234  236  235  233  227  220  211  200  189
  176  163  150  137  125  114  104   95   88
    77.5-180.0 180.0   5.0 450.0                            LAT/LON1/LON2/DLON/H
  109  100   93   89   87   87   91   96  103  112  121  131  140  149  156  162
  168  172  175  179  182  185  188  192  196  200  205  209  214  218  221  224
  226  226  226  224  221  216  211  205  199  194  190  188  189  192  198  207
  218  231  245  260  274  287  297  305  309  310  307  300  291  279  264  249
  232  215  197  180  164  148  134  121  109
    75.0-180.0 180.0   5.0 450.0                            LAT/LON1/LON2/DLON/H
  140  127  116  107  102   99  100  103  109  116  125  134  142  150  156  161
  164  167  169  172  175  178  183  188  195  202  209  216  223  229  235  240
  244  247  248  248  246  242  236  230  223  217  212  210  211  216  224  236
  252  270  290  310  329  346  360  370  376  377  373  365  353  338  321  302
  283  263  244  225  206  188  171  155  140
    72.5-180.0 180.0   5.0 450.0                            LAT/LON1/LON2/DLON/H
  171  155  141  130  121  115  112  113  117  123  130  137  144  151  155  158
  160  162  163  165  169  174  180  188  197  207  217  226  235  243  251  257
  263  268  271  272  272  269  264  257  250  244  239  236  237  242  252  266
  283  303  325  348  369  387  403  413  418  417  412  401  386  369  349  330
  310  291  273  255  238  221  204  187  171
    70.0-180.0 180.0   5.0 450.0                            LAT/LON1/LON2/DLON/H
  189  175  160  147  136  129  124  123  124  129  134  141  147  152  155  157
  158  158  159  161  166  173  182  193  205  217  229  239  249  258  266  273
  280  286  291  294  295  293  290  284  278  272  267  264  265  270  279  291
  308  326  346  366  385  401  414  421  423  420  411  396  379  359  338  318
  300  284  270  257  244  232  218  204  189
    67.5-180.0 180.0   5.0 450.0                            LAT/LON1/LON2/DLON/H
  187  176  164  152  143  135  129  127  128  132  137  143  148  153  156  157
  157  157  158  161  167  176  188  202  216  229  242  252  261  270  277  285
  292  298  304  309  311  312  310  307  302  297  293  291  292  296  303  313
  324  336  349  362  373  383  390  392  390  382  369  351  330  308  286  266
  250  238  230  223  218  213  206  197  187
    65.0-180.0 180.0   5.0 450.0                            LAT/LON1/LON2/DLON/H
  160  155  148  141  134  129  126  124  125  129  134  141  147  152  156  158
  158  159  160  163  170  180  194  209  224  238  250  259  268  275  282  289
  296  303  310  316  320  322  323  322  320  317  316  316  317  320  324  328
  332  334  336  338  339  339  338  335  328  316  299  278  254  229  205  185
  171  162  159  160  162  165  166  164  160
    62.5-180.0 180.0   5.0 450.0                            LAT/LON1/LON2/DLON/H
  114  115  115  114  112  111  111  112  115  120  126  134  142  149  155  158
  160  161  162  166  172  183  196  211  226  238  249  257  265  272  279  287
  295  303  310  316  321  325  327  329  330  331  332  335  338  341  342  340
  334  325  314  302  291  282  274  266  255  241  223  200  173  145  118   97
   82   76   76   82   90   99  106  111  114
    60.0-180.0 180.0   5.0 450.0                            LAT/LON1/LON2/DLON/H
   60   66   72   77   81   85   89   93   98  104  112  122  132  142  151  157
  162  164  165  168  173  181  193  206  219  230  239  246  253  262  271  281
  292  301  308  315  320  324  327  330  334  338  344  350  356  359  357  349
  334  313  290  266  245  229  216  205  194  181  163  139  111   81   51   27
   10    2    3   11   22   34   45   53   60
    57.5-180.0 180.0   5.0 450.0                            LAT/LON1/LON2/DLON/H
   16   23   32   41   50   57   64   71   78   85   95  106  118  131  144  155
  162  166  167  168  170  176  185  196  207  216  223  230  238  250  263  278
  291  302  310  316  320  323  327  331  336  343  352  362  370  374  371  358
  335  305  272  240  213  193  180  170  162  151  135  114   86   55   22    0
    0    0    0    0    0    0    0    8   16
    55.0-180.0 180.0   5.0 450.0                            LAT/LON1/LON2/DLON/H
    0    0    7   17   27   36   44   52   59   68   78   89  103  119  135  150
  161  167  169  167  167  169  175  184  193  201  208  216  227  242  260  280
  297  310  319  324  327  329  332  336  342  350  360  372  382  387  383  367
  340  305  267  231  203  184  173  167  163  156  145  127  102   71   38    7
    0    0    0    0    0    0    0    0    0
    52.5-180.0 180.0   5.0 450.0                            LAT/LON1/LON2/DLON/H
    2    2    6   13   21   29   36   42   48   56   65   76   89  106  125  144
  159  167  169  166  163  163  168  176  185  194  201  211  224  243  266  290
  311  326  335  340  343  344  346  349  354  361  372  384  395  401  396  379
  350  313  274  240  215  201  194  192  191  188  181  168  148  121   89   57
   30   11    3    3    6    9    8    5    2
    50.0-180.0 180.0   5.0 450.0                            LAT/LON1/LON2/DLON/H
   39   32   30   31   35   39   42   45   49   54   60   68   80   96  116  137
  156  167  169  166  161  160  165  175  187  198  207  218  234  255  281  308
  331  347  357  363  366  368  370  372  375  381  390  401  411  415  410  392
  362  326  291  262  243  234  231  231  231  229  224  216  202  182  155  125
   98   79   70   68   68   66   60   49   39
    47.5-180.0 180.0   5.0 450.0                            LAT/LON1/LON2/DLON/H
   91   78   70   67   65   64   63   62   62   63   66   70   78   91  110  133
  153  166  170  166  161  161  169  183  200  214  226  239  255  276  303  329
  352  369  380  388  394  399  403  405  407  410  415  423  430  432  425  406
  377  344  312  289  275  270  269  267  263  257  252  248  241  230  211  187
  164  147  138  138  138  134  124  108   91
    45.0-180.0 180.0   5.0 450.0                            LAT/LON1/LON2/DLON/H
  143  127  116  109  105  100   95   89   86   83   81   80   83   92  109  131
  152  167  171  168  164  167  179  199  221  240  254  267  282  302  326  350
  371  388  401  413  425  435  442  445  446  446  447  450  453  452  442  422
  394  362  334  314  304  299  294  285  273  260  252  249  250  247  238  222
  205  192  188  190  193  191  180  162  143
    42.5-180.0 180.0   5.0 450.0                            LAT/LON1/LON2/DLON/H
  179  164  154  147  142  136  129  122  115  109  103   97   95   99  113  133
  154  170  175  173  171  176  193  217  244  267  284  297  311  328  348  369
  387  404  420  437  455  472  484  489  489  487  484  482  480  475  462  441
  412  381  354  335  323  315  303  284  260  238  225  222  227  233  232  224
  213  205  205  212  219  220  212  196  179
    40.0-180.0 180.0   5.0 450.0                            LAT/LON1/LON2/DLON/H
  189  180  174  171  169  165  159  151  143  135  126  118  112  112  122  141
  161  176  182  182  182  190  209  237  266  291  310  324  337  352  369  387
  403  420  439  462  487  510  526  534  534  530  523  517  511  502  487  465
  436  404  376  354  337  322  301  272  238  207  188  183  189  199  204  202
  194  190  192  202  212  216  212  202  189
    37.5-180.0 180.0   5.0 450.0                            LAT/LON1/LON2/DLON/H
  177  174  174  177  179  179  176  171  163  155  145  136  129  128  137  154
  173  188  196  198  200  210  229  255  283  308  328  344  360  376  393  409
  425  442  464  492  523  550  570  579  578  572  562  553  543  533  518  496
  468  436  405  378  355  332  304  269  229  193  169  160  164  173  178  176
  170  165  167  175  184  190  188  183  177
    35.0-180.0 180.0   5.0 450.0                            LAT/LON1/LON2/DLON/H
  154  156  161  167  174  178  180  177  172  164  156  148  143  144  154  171
  191  207  216  221  226  236  252  273  296  318  339  360  382  404  425  444
  461  479  503  533  566  595  614  623  621  613  601  589  578  568  555  538
  512  481  449  418  389  361  331  295  257  222  196  183  180  182  181  174
  164  156  153  155  159  160  158  155  154
    32.5-180.0 180.0   5.0 450.0                            LAT/LON1/LON2/DLON/H
  137  141  145  152  159  166  170  171  167  162  156  152  152  158  171  191
  212  230  242  251  260  271  282  294  309  327  350  378  409  442  471  496
  516  535  558  588  619  646  663  668  664  653  639  625  614  607  600  589
  570  544  512  479  449  420  392  365  337  310  286  268  255  244  231  216
  199  185  174  166  159  150  142  138  137
    30.0-180.0 180.0   5.0 450.0                            LAT/LON1/LON2/DLON/H
  144  143  142  142  144  149  153  155  153  150  147  148  154  166  186  211
  235  256  273  288  302  313  319  321  326  340  366  404  449  494  535  567
  590  609  630  655  682  704  716  717  709  695  678  663  653  650  650  649
  640  621  594  564  535  510  491  477  465  452  434  412  386  360  334  308
  284  263  244  223  201  178  160  149  144
    27.5-180.0 180.0   5.0 450.0                            LAT/LON1/LON2/DLON/H
  184  174  161  148  139  136  137  138  135  133  133  139  150  170  196  227
  256  281  303  325  346  359  362  356  352  363  394  443  502  561  613  652
  677  695  711  731  752  767  774  770  757  740  720  703  694  696  704  713
  715  707  688  664  640  621  612  614  621  623  614  589  553  512  473  438
  409  384  358  326  288  249  217  196  184
    25.0-180.0 180.0   5.0 450.0                            LAT/LON1/LON2/DLON/H
  253  231  204  174  149  135  128  125  121  118  119  128  144  168  201  237
  271  300  328  358  387  405  407  396  388  399  436  496  568  638  698  741
  766  781  792  806  821  832  833  825  809  789  766  748  739  744  759  777
  789  791  782  765  747  733  733  747  769  786  784  760  717  666  618  580
  550  525  496  456  405  352  307  275  253
    22.5-180.0 180.0   5.0 450.0                            LAT/LON1/LON2/DLON/H
  338  305  264  217  176  148  132  122  114  110  112  120  137  164  200  240
  278  312  345  382  420  445  450  440  431  446  491  561  640  717  779  821
  845  855  862  871  883  891  890  880  863  840  816  796  787  793  811  834
  852  862  861  851  836  824  824  842  871  896  902  881  837  785  736  699
  675  655  628  586  527  464  408  368  338
    20.0-180.0 180.0   5.0 450.0                            LAT/LON1/LON2/DLON/H
  417  378  327  268  214  174  148  131  119  114  114  121  135  159  195  237
  278  315  351  394  440  474  486  481  478  500  552  628  711  786  845  883
  901  907  911  920  932  940  939  930  913  890  866  845  835  840  858  880
  899  912  915  908  891  873  864  874  900  926  936  921  885  840  799  770
  754  742  723  684  625  557  496  452  417
    17.5-180.0 180.0   5.0 450.0                            LAT/LON1/LON2/DLON/H
  470  430  376  313  253  206  173  151  136  128  127  130  139  157  189  231
  273  311  349  396  448  491  512  516  523  554  613  691  770  838  889  919
  932  935  939  950  964  975  976  968  953  934  911  892  881  884  896  912
  927  936  938  928  904  872  846  837  848  867  879  874  852  823  796  779
  773  771  760  729  675  609  549  504  470
    15.0-180.0 180.0   5.0 450.0                            LAT/LON1/LON2/DLON/H
  483  448  400  341  284  237  202  176  159  151  149  148  149  160  186  225
  267  305  344  391  447  497  528  544  563  603  668  743  814  870  909  931
  940  942  949  963  981  993  996  990  979  964  947  930  920  920  926  933
  937  939  934  916  881  831  781  746  734  740  752  759  757  749  739  734
  735  740  738  716  671  612  556  515  483
    12.5-180.0 180.0   5.0 450.0                            LAT/LON1/LON2/DLON/H
  458  430  391  344  298  259  227  201  184  177  174  171  165  167  187  223
  265  303  340  387  443  498  538  566  597  646  712  782  841  884  912  927
  934  938  949  966  985  997  998  993  986  977  967  956  949  946  946  943
  936  927  913  886  837  769  695  634  598  589  600  619  638  650  656  659
  663  669  671  658  623  573  523  485  458
    10.0-180.0 180.0   5.0 450.0                            LAT/LON1/LON2/DLON/H
  408  385  357  325  294  267  243  220  205  199  198  194  183  179  193  227
  269  308  344  388  444  500  547  585  626  680  746  807  855  886  906  918
  926  934  947  965  981  987  983  976  972  970  968  965  962  960  956  946
  931  913  890  855  797  716  624  542  487  465  474  504  540  569  584  587
  586  588  589  582  555  513  469  433  408
     7.5-180.0 180.0   5.0 450.0                            LAT/LON1/LON2/DLON/H
  354  332  311  292  276  263  248  230  217  214  215  212  200  192  203  237
  281  321  358  400  452  509  560  605  652  710  771  824  860  884  900  914
  925  936  950  965  972  967  953  942  939  944  950  955  958  959  957  946
  928  906  879  841  780  696  599  507  442  412  420  455  500  537  553  549
  536  527  524  517  497  461  418  382  354
     5.0-180.0 180.0   5.0 450.0                            LAT/LON1/LON2/DLON/H
  320  292  270  257  253  252  245  232  221  220  223  222  212  204  216  250
  297  341  379  420  470  526  579  627  678  735  790  834  863  883  901  919
  934  947  958  964  959  939  913  896  894  904  917  927  936  944  948  943
  929  911  887  852  798  722  633  548  483  452  458  492  537  569  576  558
  530  508  497  489  472  439  396  355  320
     2.5-180.0 180.0   5.0 450.0                            LAT/LON1/LON2/DLON/H
  322  282  252  235  234  239  238  229  219  217  222  224  217  212  226  263
  314  362  403  445  494  548  601  652  704  757  805  841  865  886  908  931
  950  962  966  960  939  905  868  846  844  857  873  887  900  915  928  935
  933  926  912  888  848  792  723  656  603  576  579  605  638  656  646  611
  568  534  517  506  489  457  414  367  322
