ionex_files/COD0OPSFIN_20250740000_01D_01H_GIM.INX
     1.0            IONOSPHERE MAPS     GNSS                IONEX VERSION / TYPE
ADDNEQ2 V5.5        AIUB                19-MAR-25 19:00     PGM / RUN BY / DATE 
CODE'S GLOBAL IONOSPHERE MAPS FOR DAY 074, 2025             COMMENT             
Global ionosphere maps (GIM) are generated on a daily basis DESCRIPTION         
at CODE using data from about 300 GNSS sites of the IGS and DESCRIPTION         
other institutions. The vertical total electron content     DESCRIPTION         
(VTEC) is modeled in a solar-geomagnetic reference frame    DESCRIPTION         
using a spherical harmonics expansion up to degree and      DESCRIPTION         
order 15. Piece-wise linear functions are used for          DESCRIPTION         
representation in the time domain. The time spacing of      DESCRIPTION         
their vertices is 1 hour, conforming with the epochs of the DESCRIPTION         
VTEC maps.                                                  DESCRIPTION         
To convert line-of-sight TEC into vertical TEC, a modified  DESCRIPTION         
single-layer model mapping function approximating the JPL   DESCRIPTION         
extended slab model mapping function is adopted. The        DESCRIPTION         
mapping function is evaluated at geodetic satellite         DESCRIPTION         
elevation angles. For the computation of the ionospheric    DESCRIPTION         
pierce points, a spherical layer with a radius of 6821 km   DESCRIPTION         
is assumed, implying geocentric, not geodetic IONEX         DESCRIPTION         
latitudes.                                                  DESCRIPTION         
Instrumental biases with respect to each involved GNSS code DESCRIPTION         
observable are estimated as constant values for each        DESCRIPTION         
day. They are modeled with one set of bias parameters for   DESCRIPTION         
each satellite and each station in case of GPS and for each DESCRIPTION         
satellite-station link in case of GLONASS. The code bias    DESCRIPTION         
datum is defined by zero-mean conditions imposed on the     DESCRIPTION         
satellite bias estimates. In this file, just GPS C1W-C2W    DESCRIPTION         
satellite and station bias values are included. The         DESCRIPTION         
complete set of GNSS code bias results is provided in an    DESCRIPTION         
additional Bias-SINEX file as pseudo-absolute values        DESCRIPTION         
specific to each observable.                                DESCRIPTION         
Note: These GIM results correspond to the results for the   DESCRIPTION         
middle day of a 3-day combination analysis solving for 73   DESCRIPTION         
times 256, or 18688 VTEC parameters and 3 daily sets of     DESCRIPTION         
GNSS code bias parameters.                                  DESCRIPTION         
Contact address: code(at)aiub.unibe.ch                      DESCRIPTION         
Data archive:    ftp.aiub.unibe.ch/CODE/                    DESCRIPTION         
                 www.aiub.unibe.ch/download/CODE/           DESCRIPTION         
  2025     3    15     0     0     0                        EPOCH OF FIRST MAP  
  2025     3    16     0     0     0                        EPOCH OF LAST MAP   
  3600                                                      INTERVAL            
[...]
azgb badg bake bako barh bjfs bndy boav bogo bogt bor1 braz COMMENT             
brft brst brux cags cas1 ccj2 cedu chpg chti chur ckis coco COMMENT             
cord cpvg cpxf cro1 daej darw dav1 dgar dhlg drao dubo ebre COMMENT             
faa1 fair flin flrs frdn func ganp glps glsv gode gol2 gold COMMENT             
gope gras graz guam guug harb hers hert hlfx hnpt hob2 hofn COMMENT             
holb hrao hyde iddr ieng iisc impz ineg invk iqal irkj jog2 COMMENT             
joz2 karr kerg kir0 kiri kiru kit3 kokb kokv koug kour krgg COMMENT             
lama laut lmmf lpal lpgs mac1 madr mal2 mana mas1 mat1 mate COMMENT             
maui maw1 mcil mcm4 mdo1 medi mgue mizu mkea mnls mobs monp COMMENT             
morp mqzg mro1 mtka nano naur nico nist nium nklg nlib nnor COMMENT             
nrc1 ntus nya1 nyal onsa opmt ous2 pado parc park pdel penc COMMENT             
pert pie1 pimo pohn pol2 pots pove ptag ptbb ptvl qaq1 quin COMMENT             
rabt ramo reun reyk rgdg rio2 roth salu samo sant savo sch2 COMMENT             
scor scrz sctb scub seyg sfer sofi spt0 ssia sthl stjo stk2 COMMENT             
str2 suth sutm suwn sydn syog tash thtg thti thu2 tid1 tidb COMMENT             
tlse tn22 tong tow2 tro1 tskb txes uclu ufpr ulab unb3 unbj COMMENT             
unsa urum usn7 usud vald vill vtsp wab1 wab2 whit will wind COMMENT             
wsrt wtza wtzr wtzs wtzz wuhn xmis yar2 yar3 yarr yell ykro COMMENT             
zeck zim2 zim3 zimm                                         COMMENT             
                                                            END OF HEADER       
[from data line 5148]
    13                                                      START OF TEC MAP    
  2025     3    15    12     0     0                        EPOCH OF CURRENT MAP
    87.5-180.0 180.0   5.0 450.0                            LAT/LON1/LON2/DLON/H
  277  278  280  282  285  287  290  292  295  298  301  304  307  309  312  315
  317  320  322  324  325  326  327  328  328  328  328  327  326  325  323  321
  319  316  314  311  308  305  302  299  296  293  290  287  285  282  280  278
  277  275  274  273  272  271  271  270  270  270  269  269  269  269  269  269
  270  270  270  271  272  273  274  275  277
    85.0-180.0 180.0   5.0 450.0                            LAT/LON1/LON2/DLON/H
  247  249  251  254  257  261  265  270  275  281  286  292  298  304  310  316
  321  326  331  335  339  342  345  347  348  349  349  348  346  344  341  337
  332  327  321  315  309  302  295  288  282  275  270  265  260  257  254  252
  251  250  250  250  251  252  252  253  254  254  254  254  253  252  251  250
  248  247  246  245  245  245  245  246  247
    82.5-180.0 180.0   5.0 450.0                            LAT/LON1/LON2/DLON/H
  215  215  217  219  222  226  231  237  243  250  257  265  273  281  289  297
  305  312  319  325  331  337  342  345  349  351  352  353  352  351  348  344
  338  331  324  315  305  295  284  273  263  254  245  238  233  229  227  227
  228  231  234  239  243  248  252  255  257  258  258  257  255  251  247  243
  238  234  229  225  222  219  217  215  215
    80.0-180.0 180.0   5.0 450.0                            LAT/LON1/LON2/DLON/H
  189  187  187  187  189  191  195  199  205  211  218  226  234  243  252  260
  269  278  286  294  302  309  316  322  328  333  337  341  343  345  344  343
  339  333  325  316  304  292  278  263  249  236  225  216  210  207  207  210
  215  223  233  243  254  263  272  278  282  283  282  278  272  265  256  247
  237  228  219  212  205  199  195  191  189
    77.5-180.0 180.0   5.0 450.0                            LAT/LON1/LON2/DLON/H
  174  171  169  167  166  165  166  167  169  173  178  184  190  198  205  214
  222  230  239  247  255  264  273  281  290  299  307  315  322  329  334  337
  337  335  331  323  312  298  282  265  248  231  217  206  199  197  199  206
  217  231  247  264  280  295  307  315  319  319  315  307  296  283  268  253
  239  225  214  203  195  188  182  178  174
    75.0-180.0 180.0   5.0 450.0                            LAT/LON1/LON2/DLON/H
  171  168  164  161  157  153  149  146  144  144  145  147  150  154  160  166
  172  179  187  195  203  213  223  234  246  258  270  283  296  308  319  329
  336  340  341  337  328  316  300  281  261  242  225  212  204  202  207  217
  232  252  273  296  316  334  348  356  358  354  345  330  313  293  273  253
  234  218  205  195  187  181  177  174  171
    72.5-180.0 180.0   5.0 450.0                            LAT/LON1/LON2/DLON/H
  175  174  171  167  161  154  146  139  132  127  123  121  120  121  123  126
  130  135  141  148  157  167  178  191  205  220  236  252  270  287  304  321
  335  347  354  357  353  343  329  310  289  268  249  234  225  223  229  241
  259  281  306  330  352  369  381  386  383  374  358  337  313  287  261  237
  217  201  189  181  177  175  175  176  175
    70.0-180.0 180.0   5.0 450.0                            LAT/LON1/LON2/DLON/H
  179  181  181  177  171  163  153  143  133  124  116  110  105  103  101  101
  102  105  109  116  124  135  148  162  178  194  211  230  249  270  292  314
  336  355  370  379  381  376  364  347  326  304  284  268  259  256  262  274
  292  314  337  359  377  390  397  396  387  371  348  320  290  260  231  205
  185  170  162  159  160  164  169  175  179
    67.5-180.0 180.0   5.0 450.0                            LAT/LON1/LON2/DLON/H
  174  180  183  182  179  172  163  152  141  130  120  111  104   99   95   93
   92   93   96  101  110  121  135  150  166  183  200  218  237  259  283  309
  336  362  384  400  408  408  400  385  366  344  325  309  299  297  301  312
  327  345  362  377  388  394  392  383  367  345  316  284  251  218  188  163
  144  132  127  129  135  144  155  165  174
    65.0-180.0 180.0   5.0 450.0                            LAT/LON1/LON2/DLON/H
  155  164  171  174  174  172  166  158  149  139  129  120  113  106  102   98
   96   96   98  103  111  123  137  153  169  184  200  215  233  254  279  307
  338  368  396  418  432  436  432  420  403  384  365  351  342  339  343  350
  361  371  380  385  386  381  370  353  331  304  273  240  206  174  145  121
  105   95   93   97  105  117  130  143  155
    62.5-180.0 180.0   5.0 450.0                            LAT/LON1/LON2/DLON/H
  123  133  142  149  155  157  157  155  150  144  137  130  124  119  115  112
  110  109  110  115  123  134  149  164  180  194  207  220  235  255  279  308
  341  375  407  433  451  459  458  449  434  418  402  390  382  380  382  386
  391  393  392  386  375  360  341  318  292  263  233  202  171  142  116   95
   80   71   68   72   79   89  101  112  123
    60.0-180.0 180.0   5.0 450.0                            LAT/LON1/LON2/DLON/H
   87   94  103  112  121  129  136  140  141  140  138  135  132  130  128  127
  125  125  126  130  137  148  162  177  192  206  217  229  243  261  286  316
  350  386  419  447  466  477  477  471  459  445  432  422  417  415  416  418
  417  412  401  385  365  342  316  290  263  236  210  183  158  133  111   92
   77   67   62   62   64   69   75   81   87
    57.5-180.0 180.0   5.0 450.0                            LAT/LON1/LON2/DLON/H
   58   59   63   71   82   93  105  114  121  126  130  131  133  134  135  136
  137  137  138  141  148  158  171  186  201  215  227  240  255  274  299  331
  366  402  435  462  482  492  494  488  479  467  456  449  445  444  445  445
  441  430  413  390  363  334  306  279  254  232  210  190  170  151  132  114
   99   86   77   71   67   64   61   59   58
    55.0-180.0 180.0   5.0 450.0                            LAT/LON1/LON2/DLON/H
   45   38   36   40   48   60   72   85   96  106  113  119  124  129  133  137
  140  142  143  146  151  161  174  189  206  222  237  253  271  293  321  353
  388  423  454  479  497  507  509  505  496  486  477  470  467  467  469  468
  461  448  428  401  372  342  314  289  267  249  233  218  203  187  170  152
  136  120  107   97   87   77   67   56   45
    52.5-180.0 180.0   5.0 450.0                            LAT/LON1/LON2/DLON/H
   56   41   31   28   31   39   49   60   72   84   94  103  110  117  123  129
  133  137  140  143  149  158  172  189  208  228  248  269  291  317  347  380
  413  446  474  497  513  522  525  522  515  505  496  489  486  486  487  486
  479  466  446  420  392  364  337  314  295  279  266  253  240  226  209  191
  173  156  141  129  118  105   90   73   56
    50.0-180.0 180.0   5.0 450.0                            LAT/LON1/LON2/DLON/H
   86   66   51   41   37   38   42   48   57   68   78   88   95  102  108  114
  120  126  131  136  143  154  169  189  212  237  262  289  316  345  375  406
  437  466  491  512  527  538  542  541  536  526  516  508  502  501  501  500
  495  483  464  441  416  391  367  345  326  310  295  282  267  252  234  215
  197  179  166  156  148  138  125  106   86
    47.5-180.0 180.0   5.0 450.0                            LAT/LON1/LON2/DLON/H
  125  106   89   76   66   59   54   53   56   63   72   79   85   89   93   97
  104  111  119  128  139  153  171  195  222  252  282  312  341  370  399  427
  453  478  501  521  539  553  562  564  560  551  539  527  519  516  515  513
  508  497  481  461  439  416  392  369  348  328  309  292  274  255  236  216
  197  182  172  167  166  164  157  144  125
    45.0-180.0 180.0   5.0 450.0                            LAT/LON1/LON2/DLON/H
  161  148  134  122  110   98   85   75   71   72   77   82   84   84   83   84
   89   98  109  123  139  158  182  210  241  274  307  337  365  391  414  437
  458  480  502  525  548  568  583  591  589  580  565  550  539  532  529  527
  521  510  495  477  456  434  409  382  356  330  306  282  260  238  217  197
  179  165  158  159  166  174  177  172  161
    42.5-180.0 180.0   5.0 450.0                            LAT/LON1/LON2/DLON/H
  181  177  173  168  158  144  126  109   98   94   94   96   94   89   82   78
   80   89  104  124  147  172  201  233  267  301  333  360  383  402  419  436
  454  474  499  527  558  587  609  622  622  612  595  577  563  554  549  545
  537  524  508  489  469  444  416  385  353  323  294  266  240  216  194  174
  156  143  136  140  151  166  177  182  181
    40.0-180.0 180.0   5.0 450.0                            LAT/LON1/LON2/DLON/H
  181  188  195  200  198  186  168  147  130  121  118  117  112  102   90   80
   78   87  106  131  160  192  226  262  297  330  357  378  394  405  416  429
  446  468  498  535  575  613  642  658  660  649  630  609  593  583  577  571
  561  545  526  505  482  456  424  390  355  323  293  264  237  212  191  173
  155  138  127  125  133  147  162  173  181
    37.5-180.0 180.0   5.0 450.0                            LAT/LON1/LON2/DLON/H
  165  179  196  212  220  216  200  179  160  148  143  139  133  121  105   90
   85   92  113  143  179  216  254  291  325  355  376  390  398  404  412  426
  446  474  511  556  605  651  685  703  704  690  669  647  631  621  617  611
  598  579  557  533  508  479  446  411  380  352  326  300  275  252  234  218
  198  176  153  136  131  135  143  153  165
    35.0-180.0 180.0   5.0 450.0                            LAT/LON1/LON2/DLON/H
  145  161  183  206  223  226  216  199  181  168  161  157  151  140  123  106
   98  103  125  158  198  239  279  316  348  373  389  397  401  406  417  437
  465  502  547  599  653  703  738  754  752  736  713  691  676  670  669  665
  652  631  606  581  555  526  495  465  442  425  409  390  369  349  335  321
  301  269  229  191  163  146  139  139  145
    32.5-180.0 180.0   5.0 450.0                            LAT/LON1/LON2/DLON/H
  141  148  167  191  210  219  216  203  188  175  168  165  162  154  139  123
  113  117  139  173  215  258  298  333  362  383  396  402  408  419  440  473
  513  559  609  663  719  767  799  811  805  786  762  741  729  728  732  732
  721  701  676  652  628  603  577  557  548  546  543  532  515  499  489  479
  458  418  360  296  239  195  165  147  141
    30.0-180.0 180.0   5.0 450.0                            LAT/LON1/LON2/DLON/H
  164  156  162  176  191  200  201  194  182  170  162  160  161  159  150  137
  127  131  151  186  229  271  310  342  368  387  400  411  425  449  488  537
  590  643  694  746  796  838  864  869  858  836  812  794  786  791  802  808
  802  784  762  742  724  705  688  681  688  703  712  708  692  677  669  664
  646  600  528  442  358  286  230  189  164
    27.5-180.0 180.0   5.0 450.0                            LAT/LON1/LON2/DLON/H
  222  192  178  174  175  178  179  176  168  157  148  146  151  156  154  145
  137  141  161  196  237  278  314  344  368  388  407  428  457  500  559  626
  691  746  792  835  875  907  924  923  907  885  864  849  845  855  873  886
  885  873  856  842  830  819  812  818  839  867  884  880  860  841  836  837
  825  781  704  604  501  407  329  267  222
    25.0-180.0 180.0   5.0 450.0                            LAT/LON1/LON2/DLON/H
  305  255  217  189  171  161  158  157  152  141  130  127  134  145  150  147
  141  145  166  200  242  281  314  341  366  391  419  455  504  568  646  728
  800  852  887  916  942  964  973  966  949  929  912  902  902  916  938  956
  961  954  943  935  930  925  926  940  970 1004 1019 1006  975  949  944  952
  952  919  848  749  640  536  445  368  305
    22.5-180.0 180.0   5.0 450.0                            LAT/LON1/LON2/DLON/H
  397  332  273  221  180  154  145  144  141  131  117  111  118  132  142  142
  139  144  166  201  243  281  312  339  365  398  440  493  561  644  738  828
  900  943  964  977  989 1001 1004  995  980  966  956  951  953  968  991 1012
 1020 1017 1010 1006 1005 1003 1006 1021 1051 1078 1081 1051 1004  968  961  978
  993  979  927  843  744  644  552  470  397
    20.0-180.0 180.0   5.0 450.0                            LAT/LON1/LON2/DLON/H
  476  404  331  261  200  159  142  141  141  131  115  104  108  122  133  135
  133  139  162  200  242  281  311  338  369  410  467  538  622  718  819  911
  976 1007 1012 1010 1012 1017 1017 1010 1001  996  994  993  996 1008 1029 1049
 1057 1054 1047 1044 1043 1039 1036 1044 1062 1071 1051  998  931  885  878  904
  937  948  924  868  791  708  626  549  476
    17.5-180.0 180.0   5.0 450.0                            LAT/LON1/LON2/DLON/H
  520  452  377  298  225  173  149  148  151  144  126  111  109  118  127  128
  125  132  157  198  243  282  313  341  377  428  498  584  679  780  880  964
 1018 1036 1028 1016 1012 1015 1017 1014 1013 1018 1025 1028 1030 1037 1052 1067
 1072 1065 1055 1048 1041 1030 1016 1008 1003  985  935  856  773  720  716  751
  799  835  842  820  775  715  650  585  520
    15.0-180.0 180.0   5.0 450.0                            LAT/LON1/LON2/DLON/H
  522  465  399  323  248  191  164  163  171  167  150  130  122  125  128  124
  119  127  154  198  245  286  319  350  390  450  531  626  726  823  913  984
 1026 1033 1019 1003 1000 1005 1011 1014 1022 1036 1051 1057 1055 1055 1063 1071
 1069 1056 1040 1026 1010  987  958  928  894  844  763  662  569  517  518  562
  622  677  712  722  706  671  625  574  522
    12.5-180.0 180.0   5.0 450.0                            LAT/LON1/LON2/DLON/H
  487  445  395  332  264  209  181  182  194  195  180  159  145  140  136  127
  119  125  154  200  251  294  328  362  407  474  562  661  758  845  920  976
 1007 1009  996  985  987  997 1008 1017 1031 1052 1072 1078 1072 1066 1065 1066
 1058 1038 1015  992  967  932  886  833  771  688  581  466  375  333  345  395
  460  524  576  608  616  599  566  526  487
    10.0-180.0 180.0   5.0 450.0                            LAT/LON1/LON2/DLON/H
  432  404  371  327  273  223  197  199  214  222  211  190  172  160  150  135
  124  129  159  207  259  305  341  378  427  499  590  687  776  849  906  949
  974  979  973  972  982  999 1013 1026 1043 1068 1089 1094 1083 1070 1064 1061
 1048 1023  994  965  933  889  830  759  672  564  440  324  247  226  253  305
  365  425  480  521  539  529  500  465  432
     7.5-180.0 180.0   5.0 450.0                            LAT/LON1/LON2/DLON/H
  385  363  344  316  277  235  209  211  228  241  236  217  196  181  165  147
  134  138  168  217  270  317  356  396  449  523  613  705  782  840  883  917
  941  954  960  971  990 1012 1028 1041 1059 1083 1101 1101 1086 1070 1062 1058
 1044 1019  988  958  924  877  813  731  629  507  380  276  225  232  275  327
  372  415  457  492  506  493  458  418  385
     5.0-180.0 180.0   5.0 450.0                            LAT/LON1/LON2/DLON/H
  368  342  328  311  281  245  218  216  233  249  249  233  213  196  180  160
  146  149  179  227  282  331  373  416  471  545  632  715  781  825  858  888
  916  940  960  982 1007 1031 1047 1058 1074 1093 1105 1099 1080 1063 1059 1059
 1049 1028 1001  975  946  904  844  762  657  534  416  336  319  357  416  462
  486  501  518  534  535  509  463  411  368
     2.5-180.0 180.0   5.0 450.0                            LAT/LON1/LON2/DLON/H
  396  357  336  319  292  256  226  217  230  246  249  237  219  204  188  170
  157  160  189  237  293  344  389  436  493  565  646  720  774  809  836  867
  904  938  968  996 1023 1046 1060 1070 1082 1095 1098 1085 1063 1048 1050 1058
 1058 1045 1027 1011  993  963  914  842  746  635  537  488  508  576  646  682
  680  662  648  639  619  579  519  453  396
