ionex_files/COD0OPSFIN_20250820000_01D_01H_GIM.INX
     1.0            IONOSPHERE MAPS     GNSS                IONEX VERSION / TYPE
ADDNEQ2 V5.5        AIUB                27-MAR-25 19:04     PGM / RUN BY / DATE 
CODE'S GLOBAL IONOSPHERE MAPS FOR DAY 082, 2025             COMMENT             
Global ionosphere maps (GIM) are generated on a daily basis DESCRIPTION         
at CODE using data from about 300 GNSS sites of the IGS and DESCRIPTION         
other institutions. The vertical total electron content     DESCRIPTION         
(VTEC) is modeled in a solar-geomagnetic reference frame    DESCRIPTION         
using a spherical harmonics expansion up to degree and      DESCRIPTION         
order 15. Piece-wise linear functions are used for          DESCRIPTION         
representation in the time domain. The time spacing of      DESCRIPTION         
their vertices is 1 hour, conforming with the epochs of the DESCRIPTION         
VTEC maps.                                                  DESCRIPTION         
To convert line-of-sight TEC into vertical TEC, a modified  DESCRIPTION         
single-layer model mapping function approximating the JPL   DESCRIPTION         
extended slab model mapping function is adopted. The        DESCRIPTION         
mapping function is evaluated at geodetic satellite         DESCRIPTION         
elevation angles. For the computation of the ionospheric    DESCRIPTION         
pierce points, a spherical layer with a radius of 6821 km   DESCRIPTION         
is assumed, implying geocentric, not geodetic IONEX         DESCRIPTION         
latitudes.                                                  DESCRIPTION         
Instrumental biases with respect to each involved GNSS code DESCRIPTION         
observable are estimated as constant values for each        DESCRIPTION         
day. They are modeled with one set of bias parameters for   DESCRIPTION         
each satellite and each station in case of GPS and for each DESCRIPTION         
satellite-station link in case of GLONASS. The code bias    DESCRIPTION         
datum is defined by zero-mean conditions imposed on the     DESCRIPTION         
satellite bias estimates. In this file, just GPS C1W-C2W    DESCRIPTION         
satellite and station bias values are included. The         DESCRIPTION         
complete set of GNSS code bias results is provided in an    DESCRIPTION         
additional Bias-SINEX file as pseudo-absolute values        DESCRIPTION         
specific to each observable.                                DESCRIPTION         
Note: These GIM results correspond to the results for the   DESCRIPTION         
middle day of a 3-day combination analysis solving for 73   DESCRIPTION         
times 256, or 18688 VTEC parameters and 3 daily sets of     DESCRIPTION         
GNSS code bias parameters.                                  DESCRIPTION         
Contact address: code(at)aiub.unibe.ch                      DESCRIPTION         
Data archive:    ftp.aiub.unibe.ch/CODE/                    DESCRIPTION         
                 www.aiub.unibe.ch/download/CODE/           DESCRIPTION         
  2025     3    23     0     0     0                        EPOCH OF FIRST MAP  
  2025     3    24     0     0     0                        EPOCH OF LAST MAP   
  3600                                                      INTERVAL            
[...]
azgb badg bake bako barh bjfs bndy boav bogo bogt bor1 braz COMMENT             
brft brst brux cags cas1 ccj2 cedu chpg chti ckis coco cord COMMENT             
cpvg cpxf cro1 daej darw dav1 dgar dhlg drao dubo faa1 fair COMMENT             
flin flrs frdn ganp glps glsv gode gol2 gold gope gras graz COMMENT             
guam guug harb hers hert hlfx hnpt hob2 hofn holb hrao iddr COMMENT             
ieng iisc impz ineg invk iqal irkj jog2 joz2 karr kerg kir0 COMMENT             
kiri kiru kit3 kokb kokv koug kour krgg lama laut lmmf lpal COMMENT             
lpgs mac1 madr mal2 mana mas1 mat1 mate maui maw1 mcil mcm4 COMMENT             
mdo1 medi mgue mizu mkea mnls mobs morp mqzg mro1 mtka nano COMMENT             
naur nico nist nium nklg nlib nnor nrc1 ntus nya1 nyal onsa COMMENT             
opmt ous2 pado parc park pdel penc pert pie1 pimo pohn pol2 COMMENT             
polv pots pove ptag ptbb ptvl qaq1 quin rabt ramo reun reyk COMMENT             
rgdg rio2 roth salu samo sant savo sch2 scor scrz sctb scub COMMENT             
seyg sfer sofi spt0 ssia sthl stjo stk2 str2 suth sutm suwn COMMENT             
sydn syog tash thtg thti thu2 tid1 tidb tlse tn22 tong tow2 COMMENT             
tro1 tskb twtf txes uclu ufpr ulab unb3 unbj unsa urum usn7 COMMENT             
usud vald vill vtsp wab1 wab2 wark wgtn whit will wind wsrt COMMENT             
wtza wtzr wtzs wtzz wuhn xmis yar2 yar3 yarr yell ykro zeck COMMENT             
zim2 zim3 zimm                                              COMMENT             
                                                            END OF HEADER       
[from data line 9867]
    24                                                      START OF TEC MAP    
  2025     3    23    23     0     0                        EPOCH OF CURRENT MAP
    87.5-180.0 180.0   5.0 450.0                            LAT/LON1/LON2/DLON/H
  249  248  247  246  245  245  245  244  244  244  245  245  245  245  245  246
  246  246  246  246  245  245  245  244  244  243  243  242  241  241  240  240
  240  240  240  240  240  240  241  242  243  244  245  246  247  249  250  252
  254  255  256  258  259  260  261  262  262  262  262  262  262  261  261  260
  259  257  256  255  254  252  251  250  249
    85.0-180.0 180.0   5.0 450.0                            LAT/LON1/LON2/DLON/H
  242  240  238  237  236  236  237  238  240  242  244  247  249  252  254  255
  257  258  259  259  258  258  256  255  253  251  249  247  244  242  240  238
  236  234  233  232  232  232  232  233  235  237  239  242  245  249  253  256
  260  264  268  271  275  277  280  281  283  283  283  282  281  279  277  274
  270  267  263  259  255  251  248  245  242
    82.5-180.0 180.0   5.0 450.0                            LAT/LON1/LON2/DLON/H
  230  227  224  223  223  225  228  232  237  242  249  255  261  267  271  276
  279  281  282  283  282  281  278  276  272  268  264  259  255  250  246  242
  238  235  232  230  228  227  227  227  229  231  234  237  242  247  252  258
  264  270  276  281  286  291  294  297  299  300  299  298  295  292  288  283
  278  272  266  259  253  246  240  235  230
    80.0-180.0 180.0   5.0 450.0                            LAT/LON1/LON2/DLON/H
  221  216  212  211  212  215  221  228  238  248  259  269  279  288  296  301
  306  308  310  310  308  306  303  298  293  288  282  276  270  263  257  252
  246  241  237  234  231  229  227  227  227  228  230  233  237  242  248  254
  261  268  275  281  288  293  297  300  302  303  302  300  297  293  288  283
  277  271  264  257  249  241  234  227  221
    77.5-180.0 180.0   5.0 450.0                            LAT/LON1/LON2/DLON/H
  222  215  210  208  209  213  221  232  245  259  274  289  302  312  321  326
  330  331  331  330  328  324  320  315  309  303  296  289  282  275  268  261
  256  250  246  241  238  235  233  231  230  229  229  230  232  235  239  244
  250  256  262  269  275  280  284  286  287  287  286  284  281  277  274  271
  267  264  260  255  250  243  236  229  222
    75.0-180.0 180.0   5.0 450.0                            LAT/LON1/LON2/DLON/H
  240  232  224  220  218  222  230  243  259  277  295  311  325  335  341  344
  344  343  340  337  333  329  325  319  313  306  298  291  283  276  270  264
  259  254  250  247  244  241  238  235  233  230  228  226  225  224  225  227
  230  234  239  244  249  252  255  256  255  254  252  250  248  247  247  248
  250  253  256  258  259  257  253  247  240
    72.5-180.0 180.0   5.0 450.0                            LAT/LON1/LON2/DLON/H
  275  265  254  245  240  241  248  261  278  297  317  333  345  352  353  351
  346  340  335  330  325  321  316  310  303  295  286  278  270  263  257  253
  249  246  244  242  241  239  237  234  231  227  223  218  213  209  206  204
  204  205  208  210  213  214  215  214  212  209  207  205  205  207  211  219
  229  241  254  267  277  283  285  282  275
    70.0-180.0 180.0   5.0 450.0                            LAT/LON1/LON2/DLON/H
  321  310  295  281  270  266  269  280  297  317  336  351  360  361  356  347
  336  326  318  313  308  304  299  292  282  272  260  250  241  234  229  226
  225  224  224  224  224  224  224  223  220  216  210  203  196  188  182  177
  174  172  172  173  173  173  171  169  166  163  160  160  161  167  176  191
  209  231  255  279  300  316  325  327  321
    67.5-180.0 180.0   5.0 450.0                            LAT/LON1/LON2/DLON/H
  368  356  338  318  301  290  288  295  310  330  348  361  366  362  351  336
  320  307  299  295  292  288  282  272  258  242  226  212  202  195  191  190
  190  191  193  194  196  197  199  199  198  194  189  181  173  163  155  148
  143  140  138  137  135  133  131  128  125  123  122  124  128  137  151  170
  195  225  258  291  322  347  364  371  368
    65.0-180.0 180.0   5.0 450.0                            LAT/LON1/LON2/DLON/H
  404  393  374  350  326  308  300  303  315  333  351  363  365  357  342  322
  305  293  287  285  285  283  274  259  239  216  194  175  162  155  153  153
  155  156  158  159  161  163  165  167  167  166  161  154  146  136  127  120
  114  111  108  106  104  101   98   96   95   96   99  105  114  126  142  163
  191  223  260  299  336  368  391  404  404
    62.5-180.0 180.0   5.0 450.0                            LAT/LON1/LON2/DLON/H
  421  414  396  370  343  319  305  302  310  326  344  356  358  349  332  313
  297  289  288  292  295  293  281  260  231  200  172  150  136  129  127  129
  130  131  131  130  130  130  132  134  135  134  132  126  119  110  102   96
   91   88   87   85   82   79   76   76   79   85   95  106  120  134  151  172
  197  228  263  301  339  373  400  416  421
    60.0-180.0 180.0   5.0 450.0                            LAT/LON1/LON2/DLON/H
  419  417  404  381  353  326  306  297  301  314  331  344  348  341  327  311
  301  299  305  314  321  318  303  275  240  202  169  145  131  126  125  126
  126  124  120  115  111  109  107  108  108  108  106  102   96   89   83   78
   76   74   74   72   69   65   64   66   75   88  106  125  144  161  178  195
  215  239  267  299  332  363  390  409  419
    57.5-180.0 180.0   5.0 450.0                            LAT/LON1/LON2/DLON/H
  404  409  404  388  364  336  311  296  293  302  317  332  339  337  328  319
  315  320  333  348  357  354  335  303  263  223  189  166  153  149  149  149
  145  138  129  119  110  103   98   95   93   92   90   86   82   77   72   69
   68   69   69   68   64   60   60   65   79  101  128  155  180  200  216  229
  242  257  277  299  323  348  371  390  404
    55.0-180.0 180.0   5.0 450.0                            LAT/LON1/LON2/DLON/H
  388  401  406  401  383  358  330  308  297  300  311  326  336  339  337  334
  337  348  366  384  393  389  369  337  298  260  229  209  198  194  192  188
  179  167  152  138  125  114  105   97   92   88   85   82   78   74   70   68
   69   71   73   71   67   62   62   70   89  118  154  189  220  243  257  267
  275  284  295  308  323  338  355  372  388
    52.5-180.0 180.0   5.0 450.0                            LAT/LON1/LON2/DLON/H
  386  405  420  426  418  397  369  340  320  314  320  332  343  350  352  354
  361  376  394  412  421  417  399  370  337  305  280  264  254  248  242  231
  216  198  179  162  147  134  122  111  102   96   92   88   85   81   77   76
   78   80   82   81   75   70   69   79  103  138  180  221  256  281  296  304
  311  317  324  332  339  346  355  369  386
    50.0-180.0 180.0   5.0 450.0                            LAT/LON1/LON2/DLON/H
  405  427  450  467  470  455  428  394  366  349  346  353  363  370  374  377
  384  397  413  428  436  433  419  398  374  351  332  318  306  294  280  261
  240  218  198  181  168  155  143  130  119  111  106  103  100   96   92   90
   91   94   96   95   89   83   83   94  119  158  203  248  285  310  326  337
  345  354  363  371  375  378  381  389  405
    47.5-180.0 180.0   5.0 450.0                            LAT/LON1/LON2/DLON/H
  447  469  497  521  533  526  501  466  430  403  391  390  395  399  400  400
  403  411  423  433  439  438  430  417  403  388  372  356  338  317  294  268
  242  218  200  187  178  169  158  146  135  127  123  121  119  115  110  107
  108  111  113  112  107  102  102  114  140  179  224  268  305  330  348  361
  376  392  408  422  429  431  431  435  447
    45.0-180.0 180.0   5.0 450.0                            LAT/LON1/LON2/DLON/H
  507  525  552  579  597  598  578  544  504  470  448  439  437  435  431  425
  421  422  427  434  439  439  436  431  422  409  392  369  342  312  281  251
  223  201  187  180  176  173  166  155  146  140  138  140  139  136  130  126
  126  129  131  131  127  123  125  138  164  201  244  285  319  343  362  380
  401  426  452  474  489  495  496  498  507
    42.5-180.0 180.0   5.0 450.0                            LAT/LON1/LON2/DLON/H
  571  584  606  631  652  658  646  616  577  539  511  495  486  478  466  452
  441  435  435  440  444  446  445  440  430  413  388  356  321  285  252  222
  198  180  171  168  169  170  166  159  152  149  151  155  157  154  149  144
  143  145  148  149  147  146  150  165  190  225  264  301  331  354  373  393
  420  453  487  518  541  555  562  565  571
    40.0-180.0 180.0   5.0 450.0                            LAT/LON1/LON2/DLON/H
  629  637  651  670  689  699  694  671  637  601  572  551  537  524  505  485
  466  455  453  458  462  464  459  448  429  401  366  327  289  255  227  205
  188  176  169  168  170  171  168  163  158  157  162  169  172  170  165  160
  158  160  162  164  164  166  174  190  215  247  283  316  343  365  384  406
  435  469  507  543  574  598  613  622  629
    37.5-180.0 180.0   5.0 450.0                            LAT/LON1/LON2/DLON/H
  671  677  683  694  707  718  718  705  680  650  623  602  587  570  548  522
  499  486  484  490  495  493  480  455  421  381  338  299  267  245  232  224
  217  210  202  195  191  188  182  176  171  170  175  182  186  184  178  173
  171  172  173  174  176  181  191  209  234  265  298  330  357  379  398  420
  446  476  510  545  580  613  641  661  671
    35.0-180.0 180.0   5.0 450.0                            LAT/LON1/LON2/DLON/H
  699  706  707  709  714  722  726  722  707  685  664  646  632  615  592  563
  538  524  523  532  537  529  503  461  411  361  320  292  278  279  287  296
  299  292  277  259  242  228  216  205  196  193  195  199  201  197  191  185
  182  181  181  180  181  187  200  219  244  274  308  341  370  395  416  436
  456  476  499  527  562  604  645  679  699
    32.5-180.0 180.0   5.0 450.0                            LAT/LON1/LON2/DLON/H
  717  732  732  726  723  725  729  731  726  713  698  685  674  659  637  607
  580  564  563  572  575  560  522  465  404  354  326  322  338  367  399  423
  431  419  391  355  320  292  270  252  238  229  225  223  220  213  205  198
  193  190  186  182  182  187  199  217  242  273  308  346  381  410  433  452
  465  474  483  499  530  578  634  684  717
    30.0-180.0 180.0   5.0 450.0                            LAT/LON1/LON2/DLON/H
  737  762  766  758  747  742  743  748  750  745  735  725  716  703  682  652
  620  600  595  600  599  578  531  467  407  370  367  396  447  504  554  585
  591  568  523  467  414  371  339  314  293  276  263  254  245  234  222  213
  205  198  190  183  179  181  191  207  230  261  300  344  385  420  448  467
  475  474  469  474  501  553  621  687  737
    27.5-180.0 180.0   5.0 450.0                            LAT/LON1/LON2/DLON/H
  766  805  818  811  796  784  781  786  792  792  784  773  763  751  730  697
  658  627  612  608  602  578  531  472  425  412  443  509  590  665  721  748
  743  706  643  570  501  447  408  379  352  329  308  292  276  260  244  231
  219  208  196  184  176  175  180  192  212  243  286  334  382  423  456  478
  486  480  467  464  487  543  621  702  766
    25.0-180.0 180.0   5.0 450.0                            LAT/LON1/LON2/DLON/H
  811  862  887  887  871  854  847  851  859  860  851  835  821  805  782  744
  695  648  616  599  587  565  528  486  464  483  547  641  737  813  858  869
  847  795  721  636  560  503  463  434  406  378  353  331  311  291  270  252
  235  219  203  188  177  171  171  177  193  224  268  321  373  419  456  484
  497  493  480  477  501  561  645  735  811
    22.5-180.0 180.0   5.0 450.0                            LAT/LON1/LON2/DLON/H
  866  928  964  974  963  945  935  940  950  952  938  915  891  870  842  798
  737  671  617  585  568  554  535  519  526  573  659  762  853  908  926  912
  873  812  733  649  576  524  492  468  444  417  391  369  347  323  298  273
  251  231  212  196  182  173  167  168  180  209  254  307  360  408  451  486
  509  515  510  513  543  606  693  785  866
    20.0-180.0 180.0   5.0 450.0                            LAT/LON1/LON2/DLON/H
  924  990 1036 1058 1054 1040 1032 1040 1055 1059 1041 1007  973  944  912  862
  790  706  632  584  564  561  565  577  608  670  756  843  903  920  901  860
  810  749  679  607  547  509  490  476  460  439  417  397  377  352  323  292
  265  242  222  206  192  180  171  166  175  202  246  298  349  397  443  486
  522  542  551  567  606  673  758  845  924
    17.5-180.0 180.0   5.0 450.0                            LAT/LON1/LON2/DLON/H
  973 1037 1089 1121 1128 1120 1119 1134 1157 1165 1145 1104 1060 1025  990  939
  861  765  674  614  593  604  630  662  702  756  816  861  870  839  783  725
  675  628  578  527  487  467  463  463  456  443  428  414  398  373  341  306
  274  249  230  216  204  192  180  173  179  205  247  296  343  388  437  488
  536  572  598  628  678  748  827  903  973
    15.0-180.0 180.0   5.0 450.0                            LAT/LON1/LON2/DLON/H
 1004 1061 1115 1155 1171 1172 1179 1204 1237 1253 1236 1192 1143 1104 1072 1025
  950  851  753  687  668  689  727  765  793  813  822  806  756  681  601  542
  508  487  464  438  420  417  427  438  439  433  425  417  405  382  349  312
  278  253  236  224  214  203  192  185  190  215  255  301  344  387  437  495
  554  602  642  685  744  815  886  948 1004
    12.5-180.0 180.0   5.0 450.0                            LAT/LON1/LON2/DLON/H
 1016 1062 1114 1158 1181 1190 1206 1241 1284 1310 1300 1258 1210 1174 1149 1114
 1050  959  864  800  783  808  846  869  863  829  770  688  588  484  404  364
  361  373  379  375  373  382  400  415  420  416  411  407  398  377  345  308
  276  252  237  228  221  212  202  197  205  230  269  311  352  394  446  509
  574  630  679  731  795  865  928  975 1016
    10.0-180.0 180.0   5.0 450.0                            LAT/LON1/LON2/DLON/H
 1014 1051 1097 1141 1167 1181 1202 1243 1294 1329 1328 1294 1253 1225 1211 1193
 1149 1075  994  936  922  941  963  953  896  797  672  536  406  303  247  246
  283  327  355  364  367  378  395  407  407  399  391  385  377  358  329  296
  268  248  235  228  222  215  208  206  217  244  282  324  364  408  463  529
  596  654  705  759  825  893  949  986 1014
     7.5-180.0 180.0   5.0 450.0                            LAT/LON1/LON2/DLON/H
 1011 1041 1082 1121 1146 1161 1182 1223 1275 1314 1321 1298 1268 1251 1250 1250
 1228 1178 1116 1069 1053 1058 1051  996  882  724  550  388  262  189  179  227
  302  369  405  412  410  413  420  420  407  387  369  356  345  327  304  279
  257  241  230  223  217  212  209  211  224  253  292  335  378  425  484  552
  618  673  721  772  836  902  955  988 1011
     5.0-180.0 180.0   5.0 450.0                            LAT/LON1/LON2/DLON/H
 1018 1047 1084 1118 1138 1148 1165 1198 1243 1279 1290 1277 1259 1253 1263 1277
 1274 1247 1204 1167 1146 1130 1086  985  823  626  435  284  195  177  226  318
  418  489  515  507  489  477  467  449  419  381  348  324  307  291  274  259
  245  233  223  214  208  204  203  209  226  256  296  341  388  442  504  572
  635  685  727  773  833  899  955  992 1018
     2.5-180.0 180.0   5.0 450.0                            LAT/LON1/LON2/DLON/H
 1042 1078 1113 1141 1156 1160 1168 1188 1218 1242 1251 1245 1236 1237 1252 1271
 1280 1268 1240 1208 1179 1137 1058  919  730  528  357  254  230  279  380  500
  601  653  653  619  580  549  522  485  435  379  329  292  268  253  244  239
  233  225  214  203  196  192  194  202  221  252  293  341  394  453  519  586
  645  689  725  767  824  892  956 1005 1042
