ionex_files/COD0OPSFIN_20250820000_01D_01H_GIM.INX
     1.0            IONOSPHERE MAPS     GNSS                IONEX VERSION / TYPE
ADDNEQ2 V5.5        AIUB                27-MAR-25 19:04     PGM / RUN BY / DATE 
CODE'S GLOBAL IONOSPHERE MAPS FOR DAY 082, 2025             COMMENT             
Global ionosphere maps (GIM) are generated on a daily basis DESCRIPTION         
at CODE using data from about 300 GNSS sites of the IGS and DESCRIPTION         
other institutions. The vertical total electron content     DESCRIPTION         
(VTEC) is modeled in a solar-geomagnetic reference frame    DESCRIPTION         
using a spherical harmonics expansion up to degree and      DESCRIPTION         
order 15. Piece-wise linear functions are used for          DESCRIPTION         
representation in the time domain. The time spacing of      DESCRIPTION         
their vertices is 1 hour, conforming with the epochs of the DESCRIPTION         
VTEC maps.                                                  DESCRIPTION         
To convert line-of-sight TEC into vertical TEC, a modified  DESCRIPTION         
single-layer model mapping function approximating the JPL   DESCRIPTION         
extended slab model mapping function is adopted. The        DESCRIPTION         
mapping function is evaluated at geodetic satellite         DESCRIPTION         
elevation angles. For the computation of the ionospheric    DESCRIPTION         
pierce points, a spherical layer with a radius of 6821 km   DESCRIPTION         
is assumed, implying geocentric, not geodetic IONEX         DESCRIPTION         
latitudes.                                                  DESCRIPTION         
Instrumental biases with respect to each involved GNSS code DESCRIPTION         
observable are estimated as constant values for each        DESCRIPTION         
day. They are modeled with one set of bias parameters for   DESCRIPTION         
each satellite and each station in case of GPS and for each DESCRIPTION         
satellite-station link in case of GLONASS. The code bias    DESCRIPTION         
datum is defined by zero-mean conditions imposed on the     DESCRIPTION         
satellite bias estimates. In this file, just GPS C1W-C2W    DESCRIPTION         
satellite and station bias values are included. The         DESCRIPTION         
complete set of GNSS code bias results is provided in an    DESCRIPTION         
additional Bias-SINEX file as pseudo-absolute values        DESCRIPTION         
specific to each observable.                                DESCRIPTION         
Note: These GIM results correspond to the results for the   DESCRIPTION         
middle day of a 3-day combination analysis solving for 73   DESCRIPTION         
times 256, or 18688 VTEC parameters and 3 daily sets of     DESCRIPTION         
GNSS code bias parameters.                                  DESCRIPTION         
Contact address: code(at)aiub.unibe.ch                      DESCRIPTION         
Data archive:    ftp.aiub.unibe.ch/CODE/                    DESCRIPTION         
                 www.aiub.unibe.ch/download/CODE/           DESCRIPTION         
  2025     3    23     0     0     0                        EPOCH OF FIRST MAP  
  2025     3    24     0     0     0                        EPOCH OF LAST MAP   
  3600                                                      INTERVAL            
[...]
azgb badg bake bako barh bjfs bndy boav bogo bogt bor1 braz COMMENT             
brft brst brux cags cas1 ccj2 cedu chpg chti ckis coco cord COMMENT             
cpvg cpxf cro1 daej darw dav1 dgar dhlg drao dubo faa1 fair COMMENT             
flin flrs frdn ganp glps glsv gode gol2 gold gope gras graz COMMENT             
guam guug harb hers hert hlfx hnpt hob2 hofn holb hrao iddr COMMENT             
ieng iisc impz ineg invk iqal irkj jog2 joz2 karr kerg kir0 COMMENT             
kiri kiru kit3 kokb kokv koug kour krgg lama laut lmmf lpal COMMENT             
lpgs mac1 madr mal2 mana mas1 mat1 mate maui maw1 mcil mcm4 COMMENT             
mdo1 medi mgue mizu mkea mnls mobs morp mqzg mro1 mtka nano COMMENT             
naur nico nist nium nklg nlib nnor nrc1 ntus nya1 nyal onsa COMMENT             
opmt ous2 pado parc park pdel penc pert pie1 pimo pohn pol2 COMMENT             
polv pots pove ptag ptbb ptvl qaq1 quin rabt ramo reun reyk COMMENT             
rgdg rio2 roth salu samo sant savo sch2 scor scrz sctb scub COMMENT             
seyg sfer sofi spt0 ssia sthl stjo stk2 str2 suth sutm suwn COMMENT             
sydn syog tash thtg thti thu2 tid1 tidb tlse tn22 tong tow2 COMMENT             
tro1 tskb twtf txes uclu ufpr ulab unb3 unbj unsa urum usn7 COMMENT             
usud vald vill vtsp wab1 wab2 wark wgtn whit will wind wsrt COMMENT             
wtza wtzr wtzs wtzz wuhn xmis yar2 yar3 yarr yell ykro zeck COMMENT             
zim2 zim3 zimm                                              COMMENT             
                                                            END OF HEADER       
[from data line 6006]
    15                                                      START OF TEC MAP    
  2025     3    23    14     0     0                        EPOCH OF CURRENT MAP
    87.5-180.0 180.0   5.0 450.0                            LAT/LON1/LON2/DLON/H
  235  235  236  236  237  238  239  240  241  243  244  246  248  249  251  252
  253  255  256  256  257  258  258  258  258  258  257  257  256  255  254  252
  251  250  248  247  245  244  243  242  241  240  240  239  239  239  239  239
  240  240  240  241  242  242  242  243  243  243  243  243  242  242  241  240
  240  239  238  237  236  236  235  235  235
    85.0-180.0 180.0   5.0 450.0                            LAT/LON1/LON2/DLON/H
  208  207  207  208  209  211  214  217  221  225  229  233  237  241  245  248
  252  255  258  260  262  264  265  266  266  266  265  264  262  260  257  254
  251  247  243  239  236  232  229  226  224  222  222  221  222  223  225  227
  230  233  237  240  243  247  249  251  253  254  254  253  251  248  245  241
  237  233  228  224  219  216  212  210  208
    82.5-180.0 180.0   5.0 450.0                            LAT/LON1/LON2/DLON/H
  172  169  168  169  171  175  179  185  191  197  204  210  216  222  228  233
  238  243  247  252  256  259  262  265  267  268  269  268  267  264  261  257
  251  246  239  233  227  220  215  210  206  203  202  203  204  208  212  218
  225  232  241  249  257  265  271  277  281  283  283  282  278  272  264  255
  245  234  223  211  201  191  183  176  172
    80.0-180.0 180.0   5.0 450.0                            LAT/LON1/LON2/DLON/H
  135  130  128  129  133  138  145  152  160  168  176  183  190  196  202  207
  213  219  225  231  237  243  250  256  261  266  269  271  272  271  269  265
  259  252  244  235  226  217  209  202  196  192  191  191  194  199  207  216
  227  240  253  267  280  293  305  315  322  327  328  326  320  311  298  283
  265  245  225  205  186  169  155  143  135
    77.5-180.0 180.0   5.0 450.0                            LAT/LON1/LON2/DLON/H
  108  101   99  101  106  113  122  130  139  146  153  159  164  169  173  178
  183  188  195  203  212  222  232  242  252  262  270  277  282  284  284  282
  277  270  261  251  239  228  217  208  200  194  192  192  196  202  212  223
  237  253  270  288  306  323  339  354  365  373  376  375  368  357  340  318
  294  266  237  209  182  157  136  120  108
    75.0-180.0 180.0   5.0 450.0                            LAT/LON1/LON2/DLON/H
   98   91   89   92   99  107  116  125  132  138  142  145  146  148  149  152
  155  161  168  178  189  202  217  232  247  262  276  287  297  303  307  307
  304  297  288  277  264  251  238  226  216  209  206  205  209  215  225  237
  251  267  284  303  322  342  361  379  394  405  412  413  407  395  377  352
  323  290  256  221  187  157  132  112   98
    72.5-180.0 180.0   5.0 450.0                            LAT/LON1/LON2/DLON/H
  106   99   99  104  111  120  129  136  141  143  143  142  140  138  137  137
  140  145  153  164  177  193  211  230  250  269  287  303  316  326  333  336
  335  330  321  309  296  281  266  252  241  232  227  226  228  233  241  251
  262  275  289  304  321  340  359  378  396  410  420  424  421  411  395  371
  342  309  273  236  201  169  141  120  106
    70.0-180.0 180.0   5.0 450.0                            LAT/LON1/LON2/DLON/H
  127  122  123  129  138  147  155  159  160  159  154  149  144  140  138  138
  140  146  154  165  180  197  217  238  260  282  302  321  337  349  358  363
  363  359  351  340  325  309  293  278  265  255  249  246  247  251  255  261
  266  272  279  288  299  313  330  348  366  382  394  401  402  396  383  364
  340  312  280  248  215  185  159  140  127
    67.5-180.0 180.0   5.0 450.0                            LAT/LON1/LON2/DLON/H
  151  148  151  158  168  176  181  183  180  175  168  161  155  152  151  152
  156  162  171  183  197  214  233  253  275  297  318  337  354  367  377  383
  384  380  373  361  346  329  312  295  281  271  264  261  261  262  263  264
  262  260  258  257  260  267  278  293  309  325  338  347  349  347  339  327
  311  292  271  247  223  199  178  161  151
    65.0-180.0 180.0   5.0 450.0                            LAT/LON1/LON2/DLON/H
  168  167  171  178  187  194  197  196  190  183  176  170  167  167  170  175
  182  190  199  209  221  235  252  270  289  309  329  347  363  377  387  393
  394  390  382  369  354  336  319  302  288  277  270  267  266  266  265  260
  253  242  231  221  215  214  219  229  242  255  266  273  275  273  269  263
  257  250  241  230  217  203  188  176  168
    62.5-180.0 180.0   5.0 450.0                            LAT/LON1/LON2/DLON/H
  170  169  173  180  188  194  195  191  184  177  172  170  172  178  187  198
  208  218  227  236  245  255  267  281  297  314  332  349  365  379  389  395
  395  390  380  366  349  332  314  298  284  275  269  266  266  266  263  256
  244  227  208  191  177  170  170  175  184  192  198  199  197  192  187  185
  187  191  196  199  198  193  185  176  170
    60.0-180.0 180.0   5.0 450.0                            LAT/LON1/LON2/DLON/H
  155  153  156  162  168  172  171  167  161  156  155  159  168  181  197  213
  228  240  248  255  260  266  274  284  297  311  328  345  362  377  388  394
  393  386  373  356  337  319  302  287  276  268  264  263  265  266  264  256
  243  223  201  179  161  150  145  146  150  153  152  146  135  123  114  111
  116  128  144  159  169  172  168  161  155
    57.5-180.0 180.0   5.0 450.0                            LAT/LON1/LON2/DLON/H
  128  123  123  127  132  135  133  129  125  125  129  140  155  175  196  217
  235  248  256  261  264  266  271  278  289  303  320  339  358  377  391  398
  396  385  367  345  323  304  288  276  267  263  262  264  268  271  272  267
  255  236  214  192  172  159  151  149  149  147  139  125  105   84   67   59
   63   78   99  121  138  145  144  136  128
    55.0-180.0 180.0   5.0 450.0                            LAT/LON1/LON2/DLON/H
   98   89   87   88   91   92   91   88   87   91  101  117  138  162  186  209
  228  242  251  255  257  258  262  269  281  296  316  338  362  384  402  411
  408  393  368  339  312  291  276  267  263  263  266  272  279  286  290  289
  280  266  247  226  207  193  184  179  176  170  158  138  111   82   56   41
   39   51   71   95  114  122  120  110   98
    52.5-180.0 180.0   5.0 450.0                            LAT/LON1/LON2/DLON/H
   75   63   57   56   57   57   55   54   57   66   81  100  123  146  170  193
  213  228  237  242  244  247  253  264  278  297  320  346  375  403  425  437
  432  412  379  342  308  283  269  264  265  270  278  288  299  310  317  320
  316  305  290  272  254  239  228  221  216  209  196  175  146  113   82   59
   49   53   68   87  103  110  105   91   75
    50.0-180.0 180.0   5.0 450.0                            LAT/LON1/LON2/DLON/H
   68   53   44   41   40   39   37   37   43   55   73   94  115  136  157  177
  196  211  221  228  233  241  252  267  287  310  337  366  399  431  457  472
  467  442  400  353  310  280  266  263  270  281  295  311  326  340  350  354
  353  346  333  316  298  281  267  257  251  245  235  218  193  163  132  105
   87   82   87   99  109  111  103   87   68
    47.5-180.0 180.0   5.0 450.0                            LAT/LON1/LON2/DLON/H
   78   62   52   47   44   41   38   38   46   61   81  101  119  135  152  169
  186  201  212  221  230  243  261  283  309  336  365  396  429  463  493  510
  506  477  429  371  319  283  265  265  276  294  315  337  356  372  382  386
  384  377  364  347  326  305  287  274  266  262  258  249  235  214  189  163
  141  127  122  124  127  126  116   98   78
    45.0-180.0 180.0   5.0 450.0                            LAT/LON1/LON2/DLON/H
  104   88   77   72   67   61   56   56   65   81  101  119  134  146  159  174
  189  203  214  225  238  256  281  310  341  372  401  430  461  493  524  545
  544  515  462  396  335  290  269  269  284  308  336  364  388  404  412  412
  406  395  379  359  334  308  285  268  259  256  257  258  256  249  235  216
  194  174  160  153  151  147  138  122  104
    42.5-180.0 180.0   5.0 450.0                            LAT/LON1/LON2/DLON/H
  137  123  113  106  100   91   83   82   90  107  127  144  157  167  180  194
  208  220  230  241  256  279  309  343  378  411  438  463  487  516  546  571
  577  553  500  429  360  307  280  278  296  325  361  396  423  438  441  434
  420  403  382  358  329  300  273  252  239  235  239  246  255  260  259  250
  232  210  191  178  173  170  164  152  137
    40.0-180.0 180.0   5.0 450.0                            LAT/LON1/LON2/DLON/H
  169  158  149  142  133  122  111  107  114  131  151  168  182  195  210  226
  241  251  258  267  283  308  340  377  413  445  470  488  505  528  558  589
  605  591  544  473  399  340  307  302  320  354  396  437  467  479  475  459
  436  411  385  358  328  298  269  245  229  220  220  227  239  252  261  260
  248  228  207  192  186  186  185  179  169
    37.5-180.0 180.0   5.0 450.0                            LAT/LON1/LON2/DLON/H
  193  184  176  169  159  145  132  125  130  145  165  185  203  222  244  266
  282  290  293  300  315  339  370  405  440  470  492  505  516  534  565  604
  633  635  599  534  459  395  358  350  368  405  452  497  527  536  524  498
  466  435  406  378  350  323  297  272  251  234  224  221  227  238  250  254
  247  229  209  194  190  194  199  199  193
    35.0-180.0 180.0   5.0 450.0                            LAT/LON1/LON2/DLON/H
  206  199  191  184  173  158  143  133  135  148  168  190  215  244  276  305
  324  330  331  336  349  371  398  427  457  485  505  517  524  541  575  623
  669  689  669  613  542  479  440  429  447  486  536  582  611  615  594  560
  522  487  457  432  411  391  371  348  322  294  268  249  239  238  243  245
  238  222  203  189  187  195  204  209  206
    32.5-180.0 180.0   5.0 450.0                            LAT/LON1/LON2/DLON/H
  210  203  195  187  177  162  145  133  132  142  161  186  218  257  300  337
  360  367  368  372  385  403  423  443  466  492  514  529  539  558  597  657
  720  758  754  712  649  591  554  544  562  600  650  695  720  716  689  649
  608  573  547  527  515  505  492  472  441  403  361  321  290  269  258  250
  238  220  199  186  184  193  205  212  210
    30.0-180.0 180.0   5.0 450.0                            LAT/LON1/LON2/DLON/H
  209  202  193  185  176  162  145  130  125  132  149  176  213  261  313  358
  386  396  400  407  421  436  447  457  472  497  525  548  568  594  642  712
  787  840  852  823  772  723  694  688  706  743  788  828  845  835  803  761
  721  689  667  653  649  648  643  625  592  545  491  435  383  341  309  284
  260  235  210  193  189  196  207  212  209
    27.5-180.0 180.0   5.0 450.0                            LAT/LON1/LON2/DLON/H
  210  201  191  184  176  164  147  131  122  125  139  165  204  257  315  366
  399  416  426  441  458  471  474  473  482  507  544  582  615  653  709  787
  870  931  953  935  898  863  846  847  866  899  937  966  974  957  921  881
  846  818  798  788  788  793  792  775  741  692  634  572  508  448  395  351
  311  274  240  217  206  207  213  215  210
    25.0-180.0 180.0   5.0 450.0                            LAT/LON1/LON2/DLON/H
  216  205  195  188  182  172  155  138  126  125  136  159  197  249  309  363
  402  426  447  471  495  507  503  494  499  528  578  632  682  732  796  876
  959 1021 1045 1035 1011  994  991 1002 1022 1048 1074 1090 1086 1062 1026  990
  959  934  914  902  900  904  902  885  851  808  759  705  643  575  508  445
  388  336  291  256  236  229  227  223  216
    22.5-180.0 180.0   5.0 450.0                            LAT/LON1/LON2/DLON/H
  228  217  207  200  195  185  170  152  138  133  141  160  194  242  300  354
  397  430  462  497  527  540  532  520  525  562  625  695  761  824  892  970
 1045 1097 1116 1110 1098 1098 1112 1132 1151 1167 1178 1179 1163 1133 1097 1066
 1040 1014  988  967  956  953  946  926  897  866  839  807  761  699  627  552
  480  413  354  307  276  258  247  239  228
    20.0-180.0 180.0   5.0 450.0                            LAT/LON1/LON2/DLON/H
  247  235  224  217  212  203  187  169  154  148  153  169  197  239  291  344
  391  432  474  517  552  565  559  549  561  608  683  767  845  916  985 1054
 1115 1152 1160 1153 1151 1166 1194 1221 1237 1240 1234 1219 1192 1157 1124 1097
 1072 1041 1002  966  942  928  913  890  868  857  859  860  842  797  730  652
  570  491  419  360  318  290  272  259  247
    17.5-180.0 180.0   5.0 450.0                            LAT/LON1/LON2/DLON/H
  269  256  245  236  228  218  202  184  168  163  167  181  205  240  287  338
  387  435  483  530  566  580  578  578  603  662  747  839  923  996 1062 1119
 1162 1180 1176 1166 1171 1197 1235 1265 1273 1261 1238 1207 1171 1134 1103 1079
 1052 1011  955  901  862  837  816  793  780  790  824  860  874  852  799  725
  642  556  475  407  356  321  298  282  269
    15.0-180.0 180.0   5.0 450.0                            LAT/LON1/LON2/DLON/H
  291  277  263  250  240  227  211  191  177  173  179  193  215  246  289  339
  390  442  492  537  569  584  590  605  647  720  811  904  986 1056 1115 1160
 1185 1186 1171 1158 1165 1199 1240 1266 1263 1236 1196 1154 1112 1076 1047 1024
  991  937  864  793  742  711  688  670  668  698  758  822  861  860  823  761
  683  598  513  441  385  347  322  305  291
    12.5-180.0 180.0   5.0 450.0                            LAT/LON1/LON2/DLON/H
  312  295  277  260  244  229  210  191  177  175  184  201  224  255  296  347
  401  453  500  539  565  579  596  630  692  777  869  955 1029 1092 1142 1176
 1188 1178 1156 1141 1150 1184 1222 1239 1222 1180 1128 1078 1036 1002  976  951
  911  844  757  675  620  591  574  565  575  620  694  769  817  827  804  757
  692  613  532  460  406  370  345  328  312
    10.0-180.0 180.0   5.0 450.0                            LAT/LON1/LON2/DLON/H
  333  312  287  263  243  224  204  184  170  169  181  202  228  262  307  361
  417  468  511  540  559  574  602  656  737  829  917  992 1053 1105 1147 1174
 1180 1166 1143 1129 1138 1167 1195 1200 1169 1115 1056 1005  966  936  913  887
  841  764  668  584  533  515  512  517  539  589  661  727  765  770  753  720
  671  606  533  468  420  389  369  351  333
     7.5-180.0 180.0   5.0 450.0                            LAT/LON1/LON2/DLON/H
  355  327  296  265  240  218  197  175  160  159  172  196  227  267  318  376
  435  486  524  546  558  576  616  688  782  877  955 1014 1060 1102 1138 1162
 1168 1158 1142 1132 1139 1159 1174 1164 1122 1061 1001  955  922  899  879  853
  802  722  626  548  510  509  525  545  575  622  676  713  721  706  685  663
  632  583  524  470  432  409  394  377  355
     5.0-180.0 180.0   5.0 450.0                            LAT/LON1/LON2/DLON/H
  379  344  306  270  240  217  195  172  155  151  162  187  222  269  326  391
  453  504  539  558  569  592  643  726  827  918  982 1024 1057 1090 1122 1147
 1159 1159 1153 1149 1153 1162 1162 1139 1091 1031  977  939  915  899  884  859
  810  732  644  579  557  575  608  641  675  711  736  731  695  649  616  601
  586  555  510  469  443  431  421  404  379
     2.5-180.0 180.0   5.0 450.0                            LAT/LON1/LON2/DLON/H
  402  363  319  279  248  224  202  179  159  149  155  178  215  267  331  400
  465  518  555  577  594  625  684  773  870  950  999 1025 1047 1075 1106 1133
 1153 1165 1171 1173 1173 1170 1157 1127 1079 1026  983  957  943  935  924  903
  859  791  716  666  659  689  733  773  805  826  819  769  686  605  557  545
  543  527  496  468  454  452  447  431  402
