ionex_files/COD0OPSFIN_20251030000_01D_01H_GIM.INX
     1.0            IONOSPHERE MAPS     GNSS                IONEX VERSION / TYPE
ADDNEQ2 V5.5        AIUB                17-APR-25 19:05     PGM / RUN BY / DATE 
CODE'S GLOBAL IONOSPHERE MAPS FOR DAY 103, 2025             COMMENT             
Global ionosphere maps (GIM) are generated on a daily basis DESCRIPTION         
at CODE using data from about 300 GNSS sites of the IGS and DESCRIPTION         
other institutions. The vertical total electron content     DESCRIPTION         
(VTEC) is modeled in a solar-geomagnetic reference frame    DESCRIPTION         
using a spherical harmonics expansion up to degree and      DESCRIPTION         
order 15. Piece-wise linear functions are used for          DESCRIPTION         
representation in the time domain. The time spacing of      DESCRIPTION         
their vertices is 1 hour, conforming with the epochs of the DESCRIPTION         
VTEC maps.                                                  DESCRIPTION         
To convert line-of-sight TEC into vertical TEC, a modified  DESCRIPTION         
single-layer model mapping function approximating the JPL   DESCRIPTION         
extended slab model mapping function is adopted. The        DESCRIPTION         
mapping function is evaluated at geodetic satellite         DESCRIPTION         
elevation angles. For the computation of the ionospheric    DESCRIPTION         
pierce points, a spherical layer with a radius of 6821 km   DESCRIPTION         
is assumed, implying geocentric, not geodetic IONEX         DESCRIPTION         
latitudes.                                                  DESCRIPTION         
Instrumental biases with respect to each involved GNSS code DESCRIPTION         
observable are estimated as constant values for each        DESCRIPTION         
day. They are modeled with one set of bias parameters for   DESCRIPTION         
each satellite and each station in case of GPS and for each DESCRIPTION         
satellite-station link in case of GLONASS. The code bias    DESCRIPTION         
datum is defined by zero-mean conditions imposed on the     DESCRIPTION         
satellite bias estimates. In this file, just GPS C1W-C2W    DESCRIPTION         
satellite and station bias values are included. The         DESCRIPTION         
complete set of GNSS code bias results is provided in an    DESCRIPTION         
additional Bias-SINEX file as pseudo-absolute values        DESCRIPTION         
specific to each observable.                                DESCRIPTION         
Note: These GIM results correspond to the results for the   DESCRIPTION         
middle day of a 3-day combination analysis solving for 73   DESCRIPTION         
times 256, or 18688 VTEC parameters and 3 daily sets of     DESCRIPTION         
GNSS code bias parameters.                                  DESCRIPTION         
Contact address: code(at)aiub.unibe.ch                      DESCRIPTION         
Data archive:    ftp.aiub.unibe.ch/CODE/                    DESCRIPTION         
                 www.aiub.unibe.ch/download/CODE/           DESCRIPTION         
  2025     4    13     0     0     0                        EPOCH OF FIRST MAP  
  2025     4    14     0     0     0                        EPOCH OF LAST MAP   
  3600                                                      INTERVAL            
[...]
azgb badg bake bako barh bjfs bndy boav bogo bogt bor1 braz COMMENT             
brft brst brux cags cas1 ccj2 cedu chpg chti chur ckis coco COMMENT             
cord cpvg cpxf cro1 daej darw dav1 dgar dhlg drao dubo ebre COMMENT             
faa1 fair flin flrs frdn func ganp glps glsv gode gol2 gold COMMENT             
gope gras graz guam guug harb hers hert hlfx hnpt hob2 hofn COMMENT             
holb hrao hyde iddr ieng iisc impz ineg invk iqal irkj jog2 COMMENT             
joz2 joze karr kerg kir0 kiri kiru kit3 kokb kokv koug kour COMMENT             
krgg lama laut lmmf lpal lpgs m0se mac1 madr mal2 mana mas1 COMMENT             
mat1 mate maui maw1 mcil mcm4 mdo1 medi mgue mizu mkea mnls COMMENT             
mobs morp mqzg mro1 mtka nano naur nium nklg nlib nnor not1 COMMENT             
nrc1 ntus nya1 nyal onsa opmt ous2 pado parc park pdel penc COMMENT             
pert pie1 pimo pohn pol2 polv pots pove ptag ptbb ptvl qaq1 COMMENT             
quin rabt ramo reyk rgdg rio2 roth salu samo sant savo sch2 COMMENT             
scor scrz sctb scub seyg sfer spt0 ssia sthl stjo stk2 str2 COMMENT             
suth sutm suwn sydn syog tash thtg thti thu2 tid1 tidb tlse COMMENT             
tn22 tro1 tskb twtf txes uclu ufpr unb3 unbj unsa urum usn7 COMMENT             
usud vald vill vtsp wab1 wab2 wark wgtn whit will wind wsrt COMMENT             
wtza wtzr wtzs wtzz wuhn xmis yar2 yar3 yarr yell ykro zeck COMMENT             
zim2 zim3 zimm                                              COMMENT             
                                                            END OF HEADER       
[from data line 3432]
     9                                                      START OF TEC MAP    
  2025     4    13     8     0     0                        EPOCH OF CURRENT MAP
    87.5-180.0 180.0   5.0 450.0                            LAT/LON1/LON2/DLON/H
  127  129  131  133  135  138  142  145  149  153  157  161  166  170  174  178
  181  185  188  191  194  197  199  201  203  204  205  206  206  207  207  206
  206  205  204  203  202  201  199  197  195  193  191  189  186  184  181  178
  175  173  170  167  164  161  157  154  151  148  145  142  140  137  134  132
  130  129  127  126  126  125  125  126  127
    85.0-180.0 180.0   5.0 450.0                            LAT/LON1/LON2/DLON/H
   89   91   94   98  103  109  116  123  131  139  148  156  165  173  180  188
  195  201  206  211  215  219  222  224  226  227  228  228  228  228  228  227
  226  225  223  222  220  218  215  213  210  207  205  202  199  196  192  189
  186  183  179  176  172  168  163  158  153  148  143  137  131  125  119  114
  108  103   99   95   92   90   89   89   89
    82.5-180.0 180.0   5.0 450.0                            LAT/LON1/LON2/DLON/H
   69   69   72   76   82   89   98  108  118  130  141  153  164  175  185  194
  203  209  215  220  223  226  227  228  228  228  228  228  227  227  226  226
  225  225  224  223  221  220  218  216  214  212  209  207  206  204  203  202
  201  200  199  198  196  194  191  187  182  176  169  162  153  144  135  125
  116  107   98   90   83   77   73   70   69
    80.0-180.0 180.0   5.0 450.0                            LAT/LON1/LON2/DLON/H
   74   71   71   73   77   84   92  103  114  126  139  152  164  175  186  194
  202  208  212  214  215  215  214  212  210  208  206  205  204  204  205  206
  208  209  211  212  212  212  212  211  210  209  208  208  209  210  212  215
  219  224  228  232  235  237  238  237  235  230  224  216  206  195  183  170
  157  143  130  117  106   95   86   79   74
    77.5-180.0 180.0   5.0 450.0                            LAT/LON1/LON2/DLON/H
  106   98   93   90   91   94  100  109  118  129  140  152  162  172  180  187
  192  196  197  196  194  191  186  181  177  173  170  169  169  170  174  178
  183  188  193  197  200  202  203  204  204  204  204  206  209  215  221  230
  240  251  262  272  282  290  296  300  301  299  295  288  279  267  254  239
  223  207  190  174  158  142  128  116  106
    75.0-180.0 180.0   5.0 450.0                            LAT/LON1/LON2/DLON/H
  156  142  131  123  118  117  118  123  129  136  144  152  159  165  170  174
  176  177  175  172  167  161  154  147  141  136  133  132  133  138  144  152
  161  170  178  186  191  195  198  199  200  200  202  206  211  220  231  245
  261  278  296  313  328  341  352  360  364  365  363  358  350  340  327  313
  297  280  262  244  226  207  189  172  156
    72.5-180.0 180.0   5.0 450.0                            LAT/LON1/LON2/DLON/H
  208  188  171  157  146  140  138  138  141  145  148  152  155  156  158  158
  157  156  152  148  142  135  127  119  112  107  105  105  109  116  125  136
  148  160  172  182  190  195  198  200  201  202  204  209  217  229  244  262
  282  303  325  345  363  379  392  401  407  409  409  405  399  391  380  369
  355  341  325  308  290  270  250  229  208
    70.0-180.0 180.0   5.0 450.0                            LAT/LON1/LON2/DLON/H
  245  220  198  179  164  154  149  147  148  149  150  150  148  146  144  141
  139  136  133  129  124  117  110  103   97   94   93   95  101  109  120  132
  146  160  173  185  194  200  204  206  207  209  213  219  229  242  259  279
  300  322  344  363  380  394  404  411  416  418  417  415  411  405  398  389
  380  369  358  345  330  312  292  269  245
    67.5-180.0 180.0   5.0 450.0                            LAT/LON1/LON2/DLON/H
  255  227  201  178  160  149  143  142  144  146  146  144  140  135  130  126
  123  122  120  117  114  109  104   99   96   95   97  100  107  115  126  138
  152  165  179  190  200  207  212  215  218  222  228  236  247  261  278  296
  315  334  350  364  375  382  387  389  389  388  387  384  381  377  373  367
  362  356  350  343  333  320  302  280  255
    65.0-180.0 180.0   5.0 450.0                            LAT/LON1/LON2/DLON/H
  235  207  178  153  134  122  119  122  127  133  136  135  130  124  118  114
  112  112  112  112  111  108  105  103  103  105  109  114  121  128  137  147
  158  170  182  193  203  211  218  225  231  239  248  259  271  285  299  313
  326  337  345  350  351  349  345  340  334  330  327  324  321  318  314  310
  307  306  304  303  300  292  279  260  235
    62.5-180.0 180.0   5.0 450.0                            LAT/LON1/LON2/DLON/H
  196  168  139  112   92   81   81   88   99  110  118  120  118  112  107  104
  104  106  109  110  110  109  107  107  110  114  121  127  134  139  145  151
  159  168  179  190  201  211  222  233  245  258  272  286  300  312  321  328
  332  333  330  324  314  303  290  278  269  261  256  253  250  246  242  237
  234  233  235  238  241  240  233  218  196
    60.0-180.0 180.0   5.0 450.0                            LAT/LON1/LON2/DLON/H
  155  130  101   73   51   40   40   50   66   82   95  102  102  100   96   96
   98  102  106  108  108  106  104  105  110  117  126  133  138  141  143  146
  151  159  169  181  194  207  222  239  258  279  299  317  331  339  342  339
  332  322  309  293  275  256  238  222  210  202  198  195  191  186  179  171
  165  162  164  170  177  183  182  173  155
    57.5-180.0 180.0   5.0 450.0                            LAT/LON1/LON2/DLON/H
  133  111   84   55   31   16   12   20   36   55   71   81   86   86   86   88
   92   98  102  104  101   97   94   95  100  110  120  128  132  133  132  132
  136  144  155  169  185  202  222  245  272  300  327  348  361  365  359  346
  329  308  287  264  242  220  201  185  175  169  167  166  163  156  146  133
  121  114  114  121  131  142  147  145  133
    55.0-180.0 180.0   5.0 450.0                            LAT/LON1/LON2/DLON/H
  141  126  102   74   45   23   11   10   20   35   51   63   69   72   75   79
   86   92   97   96   91   84   79   78   84   94  105  114  118  117  115  115
  119  129  143  160  178  198  223  252  286  322  354  378  390  388  373  350
  323  295  268  244  222  202  186  174  168  167  170  172  171  164  150  133
  116  105  101  107  118  132  143  147  141
    52.5-180.0 180.0   5.0 450.0                            LAT/LON1/LON2/DLON/H
  183  175  158  132  100   68   42   28   25   30   40   50   56   61   65   71
   79   86   90   88   80   70   62   60   65   76   88   96  100   99   97   99
  107  120  138  157  177  199  227  261  301  343  380  406  415  407  385  353
  319  286  258  235  217  202  191  186  186  191  198  205  207  201  187  167
  148  133  127  131  142  157  171  180  183
    50.0-180.0 180.0   5.0 450.0                            LAT/LON1/LON2/DLON/H
  243  246  238  217  185  145  105   72   51   42   42   45   49   53   57   64
   72   79   83   80   71   60   50   47   51   61   73   82   85   85   86   91
  103  121  142  163  183  206  235  272  316  363  404  431  438  426  397  359
  320  286  259  239  225  216  211  211  216  225  237  248  254  250  239  221
  202  187  181  183  193  207  221  234  243
    47.5-180.0 180.0   5.0 450.0                            LAT/LON1/LON2/DLON/H
  301  313  318  307  279  236  184  134   95   69   56   51   50   51   54   60
   68   75   78   76   68   57   47   43   46   55   66   75   79   80   84   94
  111  133  156  177  196  218  246  285  332  382  425  453  459  444  412  372
  332  298  273  256  245  239  236  238  244  255  269  282  291  292  285  273
  258  248  244  246  253  263  274  287  301
    45.0-180.0 180.0   5.0 450.0                            LAT/LON1/LON2/DLON/H
  333  352  369  373  355  316  260  199  146  105   80   66   59   57   57   61
   67   73   77   77   72   64   55   50   52   59   69   77   81   85   93  107
  128  153  176  196  213  233  261  299  348  399  445  474  481  466  435  397
  359  327  303  286  274  266  260  259  262  270  282  296  307  312  312  307
  300  296  296  299  303  306  310  318  333
    42.5-180.0 180.0   5.0 450.0                            LAT/LON1/LON2/DLON/H
  323  345  372  391  389  361  311  250  190  142  108   87   75   69   67   68
   71   76   81   84   83   79   72   67   66   71   79   86   92   99  110  128
  152  176  198  216  231  250  277  316  365  417  463  493  504  493  468  435
  401  372  348  328  311  296  283  274  271  273  280  290  301  310  315  317
  318  321  325  329  329  324  316  314  323
    40.0-180.0 180.0   5.0 450.0                            LAT/LON1/LON2/DLON/H
  274  290  320  351  366  357  322  272  217  169  134  110   96   87   82   80
   80   84   90   96  100   99   94   88   85   86   91   98  106  116  130  151
  176  199  219  235  249  268  297  337  385  436  482  514  529  526  510  486
  459  433  408  384  359  334  312  295  283  277  277  282  289  298  306  312
  318  325  331  335  330  316  295  277  274
    37.5-180.0 180.0   5.0 450.0                            LAT/LON1/LON2/DLON/H
  204  206  230  265  293  303  290  259  219  181  151  129  116  107  101   96
   95   97  104  112  119  121  117  110  103  101  104  110  120  133  151  174
  198  220  237  252  268  291  322  363  410  458  503  537  558  564  560  547
  528  507  482  453  422  390  360  336  318  305  298  296  298  303  308  313
  317  322  328  329  320  296  261  226  204
    35.0-180.0 180.0   5.0 450.0                            LAT/LON1/LON2/DLON/H
  145  124  132  159  191  215  223  216  198  176  156  141  132  126  120  115
  112  113  120  130  139  143  139  129  119  113  113  120  131  148  169  194
  217  237  253  270  291  319  355  397  441  485  526  561  588  605  613  611
  603  587  565  537  503  470  439  415  395  379  367  357  352  349  346  343
  339  336  334  330  317  288  242  188  145
    32.5-180.0 180.0   5.0 450.0                            LAT/LON1/LON2/DLON/H
  130   83   64   71   94  121  144  158  160  156  149  144  142  141  138  134
  131  131  137  147  157  161  157  145  132  123  121  128  141  161  185  212
  235  254  271  292  320  356  396  438  478  516  553  587  619  645  664  674
  675  668  653  630  604  577  555  538  525  511  496  481  466  453  438  421
  402  385  372  361  345  314  261  195  130
    30.0-180.0 180.0   5.0 450.0                            LAT/LON1/LON2/DLON/H
  183  111   61   37   37   54   80  104  122  131  136  140  146  150  151  150
  147  148  153  162  171  176  172  160  144  133  130  136  151  173  201  229
  254  273  292  319  356  400  445  485  520  551  581  614  649  682  710  730
  740  742  738  729  718  708  703  702  701  695  681  662  639  614  586  552
  515  479  451  433  416  387  336  264  183
    27.5-180.0 180.0   5.0 450.0                            LAT/LON1/LON2/DLON/H
  306  216  137   79   47   40   53   76   98  112  123  133  145  155  161  162
  161  162  165  173  181  187  185  174  159  147  142  147  162  186  217  248
  274  296  319  352  397  448  496  534  563  587  611  641  677  715  749  774
  792  804  815  825  836  849  866  886  902  906  897  876  848  814  772  723
  667  614  572  545  527  505  462  393  306
    25.0-180.0 180.0   5.0 450.0                            LAT/LON1/LON2/DLON/H
  478  383  286  198  131   91   81   89  101  111  119  130  145  159  167  170
  170  171  173  179  187  194  196  190  178  166  160  163  177  201  234  268
  297  321  348  388  440  496  545  580  604  621  641  668  704  744  780  808
  831  853  879  909  942  980 1020 1061 1093 1108 1104 1084 1054 1015  966  906
  838  770  716  681  664  649  617  560  478
    22.5-180.0 180.0   5.0 450.0                            LAT/LON1/LON2/DLON/H
  661  576  477  372  276  203  163  146  140  134  132  138  151  165  173  176
  176  175  176  180  187  197  205  207  200  190  182  182  192  217  251  287
  319  346  378  423  480  538  586  619  639  654  671  696  731  771  806  834
  859  888  927  974 1026 1081 1139 1194 1237 1259 1260 1245 1217 1179 1130 1067
  995  921  858  818  798  788  768  726  661
    20.0-180.0 180.0   5.0 450.0                            LAT/LON1/LON2/DLON/H
  809  749  666  563  453  355  286  243  212  185  165  160  167  177  182  181
  178  176  175  176  183  197  213  223  223  215  205  201  207  229  264  303
  337  367  402  451  510  568  614  646  666  682  700  725  758  796  830  856
  881  914  959 1015 1075 1138 1202 1261 1306 1330 1335 1325 1305 1276 1234 1178
 1110 1038  973  927  902  890  876  850  809
    17.5-180.0 180.0   5.0 450.0                            LAT/LON1/LON2/DLON/H
  885  860  812  731  625  518  430  364  310  259  219  198  195  197  195  187
  180  176  172  170  176  193  217  237  244  239  227  216  218  236  271  311
  348  381  419  469  528  584  629  662  686  706  727  753  786  822  854  878
  902  934  980 1034 1091 1147 1203 1253 1290 1310 1316 1314 1306 1291 1263 1221
 1166 1104 1042  990  955  933  916  901  885
    15.0-180.0 180.0   5.0 450.0                            LAT/LON1/LON2/DLON/H
  874  888  886  844  761  661  569  491  420  349  289  251  235  226  213  197
  184  176  170  165  169  189  219  247  260  257  242  226  221  236  269  310
  349  385  425  476  534  587  631  667  698  726  752  780  812  848  879  902
  924  953  993 1036 1077 1115 1150 1182 1203 1213 1218 1224 1232 1234 1225 1202
 1165 1115 1059 1003  954  913  883  869  874
    12.5-180.0 180.0   5.0 450.0                            LAT/LON1/LON2/DLON/H
  788  837  883  888  842  764  683  607  529  445  367  313  283  262  238  212
  192  180  171  164  166  185  219  253  271  268  250  229  218  228  259  300
  342  381  423  474  529  580  624  664  704  741  772  801  833  869  902  927
  949  974 1004 1030 1048 1059 1068 1075 1076 1074 1077 1091 1114 1135 1144 1139
 1120 1086 1036  976  910  846  794  770  788
    10.0-180.0 180.0   5.0 450.0                            LAT/LON1/LON2/DLON/H
  663  737  824  876  870  823  763  699  625  535  446  379  336  302  266  230
  205  190  179  169  167  185  220  256  276  274  253  226  209  214  242  285
  329  371  415  465  517  565  609  655  703  748  784  813  845  882  919  949
  973  996 1016 1025 1019 1003  987  970  952  937  938  960  997 1032 1056 1064
 1059 1037  994  930  849  761  683  643  663
     7.5-180.0 180.0   5.0 450.0                            LAT/LON1/LON2/DLON/H
  548  633  747  833  862  845  809  765  701  613  519  442  387  343  297  252
  221  205  194  182  176  190  223  259  279  275  251  220  197  198  224  267
  313  358  404  452  501  546  590  641  696  747  784  812  843  882  924  961
  991 1015 1029 1025 1001  967  933  901  869  846  844  871  917  961  991 1006
 1008  993  955  889  799  694  594  535  548
     5.0-180.0 180.0   5.0 450.0                            LAT/LON1/LON2/DLON/H
  488  570  693  796  845  848  831  805  755  675  580  497  434  381  327  276
  241  224  213  200  192  201  229  262  281  275  249  213  186  182  206  249
  298  345  391  437  482  524  568  621  680  733  770  795  824  865  913  958
  997 1027 1041 1032 1002  962  924  888  852  825  822  851  898  942  970  983
  984  971  936  872  781  670  560  486  488
     2.5-180.0 180.0   5.0 450.0                            LAT/LON1/LON2/DLON/H
  508  578  692  792  842  849  841  827  790  719  627  542  474  416  356  300
  262  244  234  220  210  215  238  266  282  275  247  208  177  170  192  235
  285  333  377  420  460  498  541  594  655  707  740  762  789  831  884  937
  986 1024 1045 1041 1018  988  961  934  903  877  873  899  941  976  993  996
  991  976  941  884  802  701  594  517  508
