ionex_files/COD0OPSFIN_20251000000_01D_01H_GIM.INX
     1.0            IONOSPHERE MAPS     GNSS                IONEX VERSION / TYPE
ADDNEQ2 V5.5        AIUB                14-APR-25 19:00     PGM / RUN BY / DATE 
CODE'S GLOBAL IONOSPHERE MAPS FOR DAY 100, 2025             COMMENT             
Global ionosphere maps (GIM) are generated on a daily basis DESCRIPTION         
at CODE using data from about 300 GNSS sites of the IGS and DESCRIPTION         
other institutions. The vertical total electron content     DESCRIPTION         
(VTEC) is modeled in a solar-geomagnetic reference frame    DESCRIPTION         
using a spherical harmonics expansion up to degree and      DESCRIPTION         
order 15. Piece-wise linear functions are used for          DESCRIPTION         
representation in the time domain. The time spacing of      DESCRIPTION         
their vertices is 1 hour, conforming with the epochs of the DESCRIPTION         
VTEC maps.                                                  DESCRIPTION         
To convert line-of-sight TEC into vertical TEC, a modified  DESCRIPTION         
single-layer model mapping function approximating the JPL   DESCRIPTION         
extended slab model mapping function is adopted. The        DESCRIPTION         
mapping function is evaluated at geodetic satellite         DESCRIPTION         
elevation angles. For the computation of the ionospheric    DESCRIPTION         
pierce points, a spherical layer with a radius of 6821 km   DESCRIPTION         
is assumed, implying geocentric, not geodetic IONEX         DESCRIPTION         
latitudes.                                                  DESCRIPTION         
Instrumental biases with respect to each involved GNSS code DESCRIPTION         
observable are estimated as constant values for each        DESCRIPTION         
day. They are modeled with one set of bias parameters for   DESCRIPTION         
each satellite and each station in case of GPS and for each DESCRIPTION         
satellite-station link in case of GLONASS. The code bias    DESCRIPTION         
datum is defined by zero-mean conditions imposed on the     DESCRIPTION         
satellite bias estimates. In this file, just GPS C1W-C2W    DESCRIPTION         
satellite and station bias values are included. The         DESCRIPTION         
complete set of GNSS code bias results is provided in an    DESCRIPTION         
additional Bias-SINEX file as pseudo-absolute values        DESCRIPTION         
specific to each observable.                                DESCRIPTION         
Note: These GIM results correspond to the results for the   DESCRIPTION         
middle day of a 3-day combination analysis solving for 73   DESCRIPTION         
times 256, or 18688 VTEC parameters and 3 daily sets of     DESCRIPTION         
GNSS code bias parameters.                                  DESCRIPTION         
Contact address: code(at)aiub.unibe.ch                      DESCRIPTION         
Data archive:    ftp.aiub.unibe.ch/CODE/                    DESCRIPTION         
                 www.aiub.unibe.ch/download/CODE/           DESCRIPTION         
  2025     4    10     0     0     0                        EPOCH OF FIRST MAP  
  2025     4    11     0     0     0                        EPOCH OF LAST MAP   
  3600                                                      INTERVAL            
[...]
abpo adis albh algo alic amu2 areg areq ascg aspa auck azgb COMMENT             
badg bake barh bjfs bndy boav bogo bogt bor1 braz brft brst COMMENT             
brux cags cas1 ccj2 cedu chpg chti chur ckis coco cord cpvg COMMENT             
cpxf cro1 daej darw dav1 dgar dhlg drao dubo ebre faa1 fair COMMENT             
flin flrs frdn func ganp glps glsv gode gol2 gold gope gras COMMENT             
graz guam guug harb hers hert hlfx hnpt hob2 hofn holb hrao COMMENT             
iddr ieng iisc impz ineg invk iqal irkj jog2 joz2 joze karr COMMENT             
kerg kir0 kiri kiru kit3 kokb kokv koug kour krgg lama laut COMMENT             
lmmf lpal lpgs m0se mac1 madr mal2 mana mas1 mat1 mate maui COMMENT             
maw1 mcm4 mdo1 medi mgue mizu mkea mnls mobs morp mqzg mro1 COMMENT             
mtka nano naur nico nium nklg nlib nnor not1 nrc1 ntus nya1 COMMENT             
nyal onsa opmt ous2 pado park pdel penc pert pie1 pimo pohn COMMENT             
pol2 polv pots pove ptbb ptvl qaq1 quin rabt ramo reyk rgdg COMMENT             
rio2 roth salu samo sant savo sch2 scor scrz sctb scub seyg COMMENT             
sfer spt0 ssia sthl stjo stk2 str2 suth sutm suwn sydn syog COMMENT             
tash thtg thti thu2 tid1 tidb tlse tn22 tro1 tskb twtf txes COMMENT             
uclu ufpr unb3 unbj unsa urum usn7 usud vald vill vtsp wab1 COMMENT             
wab2 wark whit will wind wsrt wtza wtzr wtzs wtzz wuhn xmis COMMENT             
yar2 yarr yell ykro zeck zim2 zim3 zimm                     COMMENT             
                                                            END OF HEADER       
[from data line 7293]
    18                                                      START OF TEC MAP    
  2025     4    10    17     0     0                        EPOCH OF CURRENT MAP
    87.5-180.0 180.0   5.0 450.0                            LAT/LON1/LON2/DLON/H
  183  183  183  184  184  185  187  188  189  191  193  194  196  198  199  201
  202  204  205  206  207  207  208  208  208  208  208  208  208  208  207  207
  206  206  206  205  205  205  204  204  204  204  204  204  204  204  204  204
  204  204  204  204  204  204  203  202  202  201  199  198  197  195  194  192
  191  189  188  187  186  185  184  183  183
    85.0-180.0 180.0   5.0 450.0                            LAT/LON1/LON2/DLON/H
  152  151  152  153  155  158  161  165  170  175  180  185  189  194  198  202
  205  208  210  212  213  214  214  214  214  213  212  211  209  208  206  204
  203  201  200  198  197  196  196  195  195  196  196  197  199  200  202  203
  205  207  208  209  210  211  211  210  209  207  205  202  199  195  190  186
  181  176  171  167  162  159  156  153  152
    82.5-180.0 180.0   5.0 450.0                            LAT/LON1/LON2/DLON/H
  116  114  114  116  119  125  131  139  148  157  166  175  183  191  198  204
  209  213  216  218  219  219  219  218  217  215  213  211  208  205  202  200
  197  194  191  188  186  185  183  182  182  183  184  186  188  192  195  199
  204  208  212  216  219  222  223  224  223  221  218  214  208  202  194  186
  177  167  158  148  140  132  125  120  116
    80.0-180.0 180.0   5.0 450.0                            LAT/LON1/LON2/DLON/H
   86   82   81   82   87   95  104  116  129  142  156  168  180  190  199  206
  212  216  219  220  222  222  222  221  219  218  215  213  210  206  203  199
  195  192  188  184  181  178  175  173  172  172  173  175  178  183  188  195
  202  209  216  223  229  234  238  240  241  239  236  231  225  216  206  195
  182  169  155  141  127  114  103   93   86
    77.5-180.0 180.0   5.0 450.0                            LAT/LON1/LON2/DLON/H
   73   65   62   62   67   76   88  102  119  135  152  167  180  192  201  208
  213  216  219  221  222  223  224  224  224  224  222  221  218  215  212  208
  204  200  195  191  187  182  178  175  172  170  169  170  173  177  183  191
  200  209  218  227  236  243  248  252  254  254  252  248  242  234  223  211
  197  182  165  148  131  113   98   84   73
    75.0-180.0 180.0   5.0 450.0                            LAT/LON1/LON2/DLON/H
   81   70   63   61   65   73   86  102  119  138  156  172  185  196  203  209
  212  215  218  220  223  226  230  233  235  236  237  236  234  232  229  225
  222  218  214  209  204  199  194  188  183  178  175  174  174  177  182  189
  198  208  218  228  237  244  250  255  258  258  258  255  251  245  237  227
  216  202  186  169  150  131  113   96   81
    72.5-180.0 180.0   5.0 450.0                            LAT/LON1/LON2/DLON/H
  108   94   85   80   80   87   98  113  131  149  166  181  193  201  206  209
  211  213  216  220  226  233  240  247  252  256  258  258  256  254  251  248
  245  242  239  235  231  226  219  212  205  197  191  186  183  183  185  190
  197  205  214  222  229  235  240  243  245  246  246  245  244  242  239  234
  228  219  208  195  179  162  144  125  108
    70.0-180.0 180.0   5.0 450.0                            LAT/LON1/LON2/DLON/H
  146  130  118  111  108  112  121  133  149  165  180  192  201  206  208  209
  209  211  216  223  233  244  255  265  273  278  281  280  278  275  272  269
  267  265  264  262  260  255  250  242  233  223  213  204  197  193  192  193
  197  201  206  210  213  215  216  216  216  216  215  216  217  219  220  222
  223  222  219  214  205  193  178  162  146
    67.5-180.0 180.0   5.0 450.0                            LAT/LON1/LON2/DLON/H
  179  165  153  144  140  140  146  156  168  181  193  203  208  210  210  209
  208  211  218  228  242  257  272  285  294  299  300  298  294  289  286  284
  283  283  284  285  284  282  278  271  261  250  238  226  215  207  201  198
  196  195  195  193  191  187  183  178  174  171  170  170  172  176  181  188
  196  203  210  213  214  210  203  192  179
    65.0-180.0 180.0   5.0 450.0                            LAT/LON1/LON2/DLON/H
  196  187  178  169  164  163  167  174  183  194  203  210  213  213  211  209
  209  212  221  235  252  270  287  300  308  311  310  305  300  295  291  290
  290  293  296  299  301  302  300  295  286  275  262  248  234  222  212  203
  196  189  182  174  165  155  146  137  129  123  119  117  118  121  127  136
  148  161  175  188  198  205  206  203  196
    62.5-180.0 180.0   5.0 450.0                            LAT/LON1/LON2/DLON/H
  190  187  183  179  176  175  178  184  192  201  208  214  216  215  212  210
  210  215  226  241  260  279  295  307  313  313  308  302  296  292  290  291
  293  297  301  306  310  312  313  310  304  295  283  268  253  238  223  210
  197  184  171  156  142  127  114  101   91   82   75   70   67   66   69   76
   88  103  121  141  159  173  184  189  190
    60.0-180.0 180.0   5.0 450.0                            LAT/LON1/LON2/DLON/H
  161  166  169  170  172  175  180  186  194  202  209  215  217  216  214  212
  213  218  229  244  262  279  294  303  306  304  298  293  289  287  289  293
  297  301  305  309  313  316  319  319  316  309  299  286  270  253  235  217
  199  181  162  144  126  109   93   80   69   59   50   42   34   27   23   24
   30   43   61   82  104  124  141  153  161
    57.5-180.0 180.0   5.0 450.0                            LAT/LON1/LON2/DLON/H
  119  130  140  149  158  167  175  184  193  202  210  215  218  218  217  216
  216  220  229  242  257  272  284  290  292  289  285  283  284  288  295  302
  307  311  312  314  315  317  320  322  322  319  312  300  284  266  246  224
  203  181  159  138  119  103   89   78   68   59   50   39   26   12    0    0
    0    0   12   30   51   72   90  106  119
    55.0-180.0 180.0   5.0 450.0                            LAT/LON1/LON2/DLON/H
   77   91  107  124  140  156  171  183  195  205  213  218  221  222  221  219
  219  220  226  235  247  259  269  275  277  277  278  281  289  300  311  321
  326  327  325  322  320  320  322  325  327  326  321  311  296  277  255  231
  207  183  160  140  123  110  100   92   87   80   72   60   44   26    7    0
    0    0    0    0   16   32   48   63   77
    52.5-180.0 180.0   5.0 450.0                            LAT/LON1/LON2/DLON/H
   49   63   82  105  129  152  172  189  203  213  221  226  228  228  226  223
  220  219  221  226  235  245  255  263  268  274  280  291  306  322  338  348
  352  349  342  334  328  325  326  329  331  332  328  319  304  285  261  236
  210  186  164  147  134  126  121  118  116  113  107   97   81   61   39   19
    4    0    0    2   10   19   28   37   49
    50.0-180.0 180.0   5.0 450.0                            LAT/LON1/LON2/DLON/H
   43   55   74  100  129  158  184  204  220  230  235  237  237  234  231  226
  221  217  216  219  226  237  248  260  271  283  296  313  332  351  368  377
  377  371  360  349  340  336  335  336  338  337  333  323  308  287  263  237
  211  188  169  156  149  145  145  146  146  146  143  135  123  106   86   66
   49   39   34   33   35   36   36   38   43
    47.5-180.0 180.0   5.0 450.0                            LAT/LON1/LON2/DLON/H
   60   67   84  111  143  176  206  229  244  252  254  252  247  241  235  229
  222  218  216  219  227  239  255  271  288  304  322  341  360  379  392  398
  395  386  374  363  355  351  349  348  347  343  336  324  307  286  260  234
  209  187  173  164  162  163  165  166  167  167  166  163  156  145  131  116
  103   93   88   85   82   76   69   62   60
    45.0-180.0 180.0   5.0 450.0                            LAT/LON1/LON2/DLON/H
   93   94  108  134  168  203  234  258  272  278  275  268  258  248  239  232
  226  223  224  230  241  256  275  295  314  332  350  367  383  397  405  407
  402  393  383  376  371  369  367  364  358  349  337  322  303  281  255  229
  205  186  174  170  171  174  176  175  173  170  170  170  169  166  161  154
  147  142  139  137  134  126  114  101   93
    42.5-180.0 180.0   5.0 450.0                            LAT/LON1/LON2/DLON/H
  128  126  137  162  195  230  262  286  299  302  295  282  267  254  244  238
  235  237  243  255  270  288  307  326  344  360  374  386  395  402  406  405
  401  395  391  390  391  392  390  383  371  356  339  320  299  276  250  225
  202  184  175  173  176  180  179  173  165  158  156  158  163  167  169  170
  170  171  173  175  174  167  155  140  128
    40.0-180.0 180.0   5.0 450.0                            LAT/LON1/LON2/DLON/H
  154  151  160  184  216  251  283  307  320  321  311  294  277  262  252  249
  251  260  275  293  313  331  346  360  372  382  389  394  397  400  402  402
  402  404  407  413  418  421  417  405  387  366  343  320  298  275  251  226
  204  187  179  179  182  184  180  169  154  141  136  139  146  154  160  165
  169  175  181  186  189  187  178  165  154
    37.5-180.0 180.0   5.0 450.0                            LAT/LON1/LON2/DLON/H
  161  160  170  194  225  260  292  317  332  334  323  306  287  273  266  267
  276  293  316  342  364  379  387  391  394  395  396  396  397  400  407  414
  423  433  443  452  458  457  448  431  406  378  351  327  306  284  262  238
  216  199  191  190  194  195  188  172  151  135  127  128  134  141  145  148
  152  158  164  171  177  180  177  169  161
    35.0-180.0 180.0   5.0 450.0                            LAT/LON1/LON2/DLON/H
  150  152  165  189  222  257  290  318  336  341  334  318  302  291  288  294
  309  334  365  397  420  428  425  416  408  404  402  403  408  420  437  458
  478  496  508  514  512  503  485  460  429  396  366  343  323  305  285  263
  241  223  214  213  216  217  210  192  171  153  144  144  146  145  142  137
  134  134  137  142  148  153  155  152  150
    32.5-180.0 180.0   5.0 450.0                            LAT/LON1/LON2/DLON/H
  126  133  149  175  208  244  280  312  336  347  345  334  323  317  319  330
  349  379  416  451  472  473  457  437  421  415  417  427  444  471  506  543
  576  598  606  599  581  556  525  491  454  419  389  367  352  337  320  299
  278  260  250  249  253  256  251  237  218  204  198  197  193  182  166  148
  133  123  117  114  115  119  122  124  126
    30.0-180.0 180.0   5.0 450.0                            LAT/LON1/LON2/DLON/H
  102  112  130  158  192  229  268  305  337  356  361  357  351  351  358  372
  393  425  464  500  519  512  486  458  441  441  454  479  514  561  615  670
  712  733  729  702  660  613  567  524  482  445  416  398  387  377  363  344
  324  307  298  298  304  311  311  304  293  287  287  287  278  256  225  191
  162  140  122  108   99   96   96   98  102
    27.5-180.0 180.0   5.0 450.0                            LAT/LON1/LON2/DLON/H
   89   99  119  147  181  220  261  304  343  370  383  385  386  392  404  419
  440  469  506  541  557  546  516  487  476  489  520  563  618  683  756  823
  870  885  862  809  739  668  607  556  512  475  447  431  424  418  407  390
  373  360  354  356  365  376  384  385  385  389  398  403  392  360  314  266
  224  189  159  133  111   97   89   86   89
    25.0-180.0 180.0   5.0 450.0                            LAT/LON1/LON2/DLON/H
   95  103  121  148  182  220  263  310  356  391  410  418  425  437  453  469
  485  509  543  576  591  580  552  530  533  563  613  674  744  823  905  978
 1023 1026  984  904  807  716  643  587  542  504  476  461  456  452  444  431
  420  413  412  418  430  444  457  467  477  493  512  524  513  476  421  362
  310  267  227  189  155  127  108   98   95
    22.5-180.0 180.0   5.0 450.0                            LAT/LON1/LON2/DLON/H
  122  124  139  163  195  232  276  326  375  416  440  453  464  481  501  518
  530  547  576  607  625  619  601  592  612  661  726  799  875  956 1037 1106
 1143 1133 1072  971  856  752  674  618  573  533  502  485  479  475  469  462
  458  460  467  476  489  505  520  535  552  577  606  626  619  581  522  459
  403  356  312  267  222  183  152  132  122
    20.0-180.0 180.0   5.0 450.0                            LAT/LON1/LON2/DLON/H
  164  159  168  189  218  253  296  347  399  442  469  485  499  521  546  565
  575  587  610  642  665  669  664  671  708  770  844  917  988 1059 1128 1184
 1209 1187 1115 1005  882  777  701  649  604  561  523  500  490  485  481  480
  487  500  515  527  539  551  565  579  599  628  663  689  688  654  597  535
  481  436  393  346  297  251  211  181  164
    17.5-180.0 180.0   5.0 450.0                            LAT/LON1/LON2/DLON/H
  210  199  202  218  244  278  319  369  421  465  494  511  529  556  587  610
  621  630  651  685  716  732  741  763  810  877  948 1011 1065 1115 1163 1201
 1212 1184 1111 1004  889  794  728  683  638  588  541  508  491  484  482  489
  507  533  555  569  576  581  588  597  613  640  676  705  709  681  630  575
  527  488  450  408  362  314  270  234  210
    15.0-180.0 180.0   5.0 450.0                            LAT/LON1/LON2/DLON/H
  250  233  230  243  267  300  340  388  439  483  514  532  553  584  623  654
  669  680  702  739  779  807  828  858  906  968 1025 1068 1097 1122 1145 1162
 1162 1134 1071  981  886  809  759  722  676  617  558  514  490  480  481  495
  525  562  590  602  602  598  595  595  602  621  652  679  685  662  619  571
  531  500  471  439  401  358  316  279  250
    12.5-180.0 180.0   5.0 450.0                            LAT/LON1/LON2/DLON/H
  276  255  248  257  281  315  356  402  451  495  528  549  572  609  656  696
  721  737  762  804  851  889  916  945  986 1031 1067 1085 1089 1088 1088 1087
 1081 1058 1014  950  882  830  796  766  718  649  577  522  492  480  484  507
  547  592  623  630  621  606  593  584  580  588  607  626  629  608  571  530
  497  473  454  434  408  377  342  307  276
    10.0-180.0 180.0   5.0 450.0                            LAT/LON1/LON2/DLON/H
  287  263  252  260  286  323  365  410  458  503  539  564  591  632  687  738
  772  796  827  874  927  969  996 1017 1041 1064 1076 1071 1054 1035 1018 1006
  997  985  962  927  887  858  838  812  760  682  600  538  503  492  500  529
  576  625  654  656  637  613  592  576  563  558  562  567  561  538  503  466
  437  418  408  399  388  371  346  317  287
     7.5-180.0 180.0   5.0 450.0                            LAT/LON1/LON2/DLON/H
  285  260  247  255  284  326  371  416  463  511  551  581  612  657  717  777
  821  853  890  940  996 1038 1060 1067 1070 1070 1060 1040 1013  986  962  945
  936  935  932  921  904  891  879  853  797  713  626  561  526  517  529  562
  611  660  684  678  651  622  598  579  562  547  536  524  503  472  435  399
  371  354  348  350  351  347  334  312  285
     5.0-180.0 180.0   5.0 450.0                            LAT/LON1/LON2/DLON/H
  278  253  239  247  280  328  377  423  470  521  566  603  638  684  746  811
  863  901  941  993 1048 1087 1101 1094 1078 1059 1035 1010  984  960  939  921
  914  918  928  932  929  922  911  882  822  737  651  588  557  551  566  600
  647  690  707  692  661  631  611  596  580  560  536  506  468  425  382  344
  315  298  293  300  311  318  315  301  278
     2.5-180.0 180.0   5.0 450.0                            LAT/LON1/LON2/DLON/H
  272  248  234  243  281  334  387  434  482  535  587  630  667  713  773  838
  892  933  974 1024 1077 1112 1119 1100 1072 1042 1016  995  980  968  953  937
  928  932  944  951  950  941  924  890  828  747  668  613  588  586  602  632
  673  706  713  693  660  634  622  617  609  591  560  514  459  402  352  311
  280  260  254  262  277  291  296  290  272
