ionex_files/COD0OPSFIN_20250940000_01D_01H_GIM.INX
     1.0            IONOSPHERE MAPS     GNSS                IONEX VERSION / TYPE
ADDNEQ2 V5.5        AIUB                08-APR-25 19:15     PGM / RUN BY / DATE 
CODE'S GLOBAL IONOSPHERE MAPS FOR DAY 094, 2025             COMMENT             
Global ionosphere maps (GIM) are generated on a daily basis DESCRIPTION         
at CODE using data from about 300 GNSS sites of the IGS and DESCRIPTION         
other institutions. The vertical total electron content     DESCRIPTION         
(VTEC) is modeled in a solar-geomagnetic reference frame    DESCRIPTION         
using a spherical harmonics expansion up to degree and      DESCRIPTION         
order 15. Piece-wise linear functions are used for          DESCRIPTION         
representation in the time domain. The time spacing of      DESCRIPTION         
their vertices is 1 hour, conforming with the epochs of the DESCRIPTION         
VTEC maps.                                                  DESCRIPTION         
To convert line-of-sight TEC into vertical TEC, a modified  DESCRIPTION         
single-layer model mapping function approximating the JPL   DESCRIPTION         
extended slab model mapping function is adopted. The        DESCRIPTION         
mapping function is evaluated at geodetic satellite         DESCRIPTION         
elevation angles. For the computation of the ionospheric    DESCRIPTION         
pierce points, a spherical layer with a radius of 6821 km   DESCRIPTION         
is assumed, implying geocentric, not geodetic IONEX         DESCRIPTION         
latitudes.                                                  DESCRIPTION         
Instrumental biases with respect to each involved GNSS code DESCRIPTION         
observable are estimated as constant values for each        DESCRIPTION         
day. They are modeled with one set of bias parameters for   DESCRIPTION         
each satellite and each station in case of GPS and for each DESCRIPTION         
satellite-station link in case of GLONASS. The code bias    DESCRIPTION         
datum is defined by zero-mean conditions imposed on the     DESCRIPTION         
satellite bias estimates. In this file, just GPS C1W-C2W    DESCRIPTION         
satellite and station bias values are included. The         DESCRIPTION         
complete set of GNSS code bias results is provided in an    DESCRIPTION         
additional Bias-SINEX file as pseudo-absolute values        DESCRIPTION         
specific to each observable.                                DESCRIPTION         
Note: These GIM results correspond to the results for the   DESCRIPTION         
middle day of a 3-day combination analysis solving for 73   DESCRIPTION         
times 256, or 18688 VTEC parameters and 3 daily sets of     DESCRIPTION         
GNSS code bias parameters.                                  DESCRIPTION         
Contact address: code(at)aiub.unibe.ch                      DESCRIPTION         
Data archive:    ftp.aiub.unibe.ch/CODE/                    DESCRIPTION         
                 www.aiub.unibe.ch/download/CODE/           DESCRIPTION         
  2025     4     4     0     0     0                        EPOCH OF FIRST MAP  
  2025     4     5     0     0     0                        EPOCH OF LAST MAP   
  3600                                                      INTERVAL            
[...]
azgb badg bake barh bjfs bndy boav bogo bogt bor1 braz brft COMMENT             
brst brux cags cas1 ccj2 cedu chpg chti chur ckis coco cord COMMENT             
cpvg cpxf cro1 daej darw dav1 dgar dhlg drao dubo ebre faa1 COMMENT             
fair flin flrs frdn func ganp glps glsv gode gol2 gold gope COMMENT             
gras graz guam guug harb hers hert hlfx hnpt hob2 hofn holb COMMENT             
hrao iddr ieng iisc impz ineg invk iqal jog2 joz2 karr kerg COMMENT             
kir0 kiri kiru kit3 kokb kokv koug kour krgg lama laut lmmf COMMENT             
lpal lpgs m0se mac1 madr mal2 mana mas1 mat1 mate maui maw1 COMMENT             
mcm4 mdo1 medi mgue mizu mkea mnls mobs morp mqzg mro1 mtka COMMENT             
nano naur nico nist nium nklg nlib nnor not1 nrc1 ntus nya1 COMMENT             
nyal onsa opmt ous2 pado parc park pdel penc pert pie1 pimo COMMENT             
pohn pol2 polv pots pove ptag ptbb ptvl qaq1 quin rabt ramo COMMENT             
reun reyk rgdg rio2 roth salu samo sant savo sch2 scor scrz COMMENT             
sctb scub seyg sfer spt0 ssia sthl stjo stk2 str2 suth sutm COMMENT             
suwn sydn syog tash thtg thti thu2 tid1 tidb tlse tn22 tong COMMENT             
tow2 tro1 tskb twtf txes uclu ulab unb3 unbj unsa urum usn7 COMMENT             
usud vald vill vtsp wab1 wab2 wark wgtn whit will wind wsrt COMMENT             
wtza wtzr wtzs wtzz wuhn xmis yar2 yar3 yarr yell ykro zeck COMMENT             
zim2 zim3 zimm                                              COMMENT             
                                                            END OF HEADER       
[from data line 8151]
    20                                                      START OF TEC MAP    
  2025     4     4    19     0     0                        EPOCH OF CURRENT MAP
    87.5-180.0 180.0   5.0 450.0                            LAT/LON1/LON2/DLON/H
  132  135  137  140  143  146  149  152  155  157  159  162  164  166  167  168
  169  170  171  171  171  170  169  168  167  166  164  162  160  158  155  152
  150  147  144  141  138  135  133  130  127  124  122  120  118  116  114  112
  111  109  108  107  107  106  106  106  106  106  107  107  108  109  110  112
  113  115  117  119  121  124  126  129  132
    85.0-180.0 180.0   5.0 450.0                            LAT/LON1/LON2/DLON/H
  118  124  129  134  140  146  151  157  163  168  173  177  182  185  189  191
  193  195  196  196  196  195  194  192  190  187  184  181  177  173  168  163
  158  153  148  142  137  131  126  121  117  112  108  104  101   98   95   92
   90   88   87   86   85   84   84   83   83   83   84   84   85   86   87   89
   91   93   95   98  101  105  109  114  118
    82.5-180.0 180.0   5.0 450.0                            LAT/LON1/LON2/DLON/H
   99  105  112  120  127  135  144  152  160  167  175  182  188  193  198  202
  204  206  208  208  208  207  206  204  202  199  195  191  187  182  176  170
  164  157  150  143  136  129  123  116  110  105  100   96   93   89   87   84
   83   81   80   79   78   77   76   76   75   74   74   73   73   72   72   72
   73   74   76   78   81   84   89   94   99
    80.0-180.0 180.0   5.0 450.0                            LAT/LON1/LON2/DLON/H
   78   85   92  100  109  118  127  137  147  157  166  175  183  189  195  199
  202  204  205  206  205  204  203  202  200  198  196  193  189  185  180  174
  167  160  153  145  137  130  123  116  110  105  101   98   95   93   91   90
   89   88   87   87   86   85   84   83   81   80   78   75   73   70   68   65
   63   62   61   62   63   65   69   73   78
    77.5-180.0 180.0   5.0 450.0                            LAT/LON1/LON2/DLON/H
   62   68   74   82   90   99  109  119  130  141  152  162  170  178  184  188
  191  192  192  192  191  189  188  188  187  187  186  186  184  182  179  174
  168  161  154  146  139  131  125  119  115  111  109  107  107  106  106  106
  106  106  105  105  104  103  102  101   98   96   92   88   83   77   72   66
   62   57   54   52   52   53   55   58   62
    75.0-180.0 180.0   5.0 450.0                            LAT/LON1/LON2/DLON/H
   57   61   66   71   78   85   94  104  114  125  137  148  157  165  172  176
  177  178  176  174  171  169  168  167  168  169  171  173  174  174  173  170
  165  160  153  145  138  131  126  122  119  118  118  120  121  123  124  125
  126  126  126  125  124  123  122  120  118  114  110  104   97   90   81   73
   66   60   55   51   50   50   51   54   57
    72.5-180.0 180.0   5.0 450.0                            LAT/LON1/LON2/DLON/H
   66   68   71   74   77   82   88   95  105  116  127  138  149  158  164  168
  169  168  165  160  156  152  149  148  148  151  154  158  161  163  163  162
  158  153  147  140  133  127  123  121  120  122  124  128  132  136  138  140
  140  140  139  137  136  135  134  133  132  128  124  118  110  101   91   82
   73   66   61   58   57   58   60   62   66
    70.0-180.0 180.0   5.0 450.0                            LAT/LON1/LON2/DLON/H
   87   89   90   90   90   90   92   97  104  114  125  137  149  159  166  171
  172  170  165  158  151  144  139  136  135  137  140  144  147  150  151  150
  147  143  137  130  124  118  115  114  115  118  123  128  134  138  141  142
  142  140  138  135  134  133  133  133  133  132  128  123  115  106   96   86
   78   72   68   68   69   73   78   83   87
    67.5-180.0 180.0   5.0 450.0                            LAT/LON1/LON2/DLON/H
  115  118  118  115  111  107  106  107  113  121  132  144  157  168  177  183
  185  184  178  170  160  151  143  137  134  133  134  136  138  139  139  138
  135  131  125  119  112  107  104  102  104  107  112  118  123  128  130  130
  128  125  121  118  116  115  117  119  121  122  121  117  110  102   93   85
   78   74   74   77   83   91  101  109  115
    65.0-180.0 180.0   5.0 450.0                            LAT/LON1/LON2/DLON/H
  142  147  146  142  135  128  124  123  126  133  144  156  169  182  194  203
  207  208  204  195  185  174  163  154  148  143  140  138  136  135  133  130
  127  122  117  110  104   98   93   91   91   93   97  101  104  107  108  107
  103   98   93   88   86   87   90   95   99  103  104  101   96   90   83   76
   72   71   74   81   92  106  120  133  142
    62.5-180.0 180.0   5.0 450.0                            LAT/LON1/LON2/DLON/H
  160  166  167  162  154  146  140  138  141  147  157  169  182  196  211  223
  232  237  235  229  220  208  197  187  178  169  162  154  147  141  135  131
  127  122  117  110  103   96   90   86   83   81   81   82   82   82   81   78
   74   68   62   57   55   56   61   68   75   81   83   82   79   73   68   63
   62   63   69   79   93  111  130  147  160
    60.0-180.0 180.0   5.0 450.0                            LAT/LON1/LON2/DLON/H
  163  172  174  170  162  155  150  149  153  159  168  179  191  206  223  239
  253  263  267  265  259  250  241  231  222  211  199  186  172  161  151  144
  139  135  130  123  115  107   99   91   84   78   73   68   65   62   59   55
   50   44   38   33   32   34   40   48   57   64   67   67   63   58   54   51
   50   53   60   71   86  105  127  147  163
    57.5-180.0 180.0   5.0 450.0                            LAT/LON1/LON2/DLON/H
  151  163  167  164  159  154  152  155  160  168  176  184  195  209  227  248
  267  282  292  296  295  292  288  283  276  265  250  232  213  195  181  172
  166  161  156  149  140  130  119  109   98   87   77   67   59   53   48   44
   40   35   30   26   24   27   34   43   53   60   62   61   56   51   46   43
   43   45   50   59   73   92  113  134  151
    55.0-180.0 180.0   5.0 450.0                            LAT/LON1/LON2/DLON/H
  132  144  150  149  147  146  149  156  165  174  181  187  195  207  226  248
  272  292  307  317  324  328  333  336  335  327  312  290  265  242  223  211
  203  198  192  184  174  162  150  137  123  109   94   80   67   58   53   50
   47   44   40   37   35   38   45   55   64   71   72   68   61   54   48   45
   43   43   45   50   60   75   94  114  132
    52.5-180.0 180.0   5.0 450.0                            LAT/LON1/LON2/DLON/H
  113  125  131  133  134  137  145  156  169  179  185  188  193  204  221  245
  271  294  313  329  343  357  372  385  393  390  376  352  323  294  271  256
  246  240  233  224  212  198  185  171  156  140  122  105   89   78   72   70
   69   68   66   63   61   64   70   80   90   95   95   88   79   69   62   56
   53   50   48   49   54   64   79   96  113
    50.0-180.0 180.0   5.0 450.0                            LAT/LON1/LON2/DLON/H
  103  115  122  125  128  134  145  161  176  187  193  194  196  204  221  243
  269  293  314  334  354  377  403  427  443  447  435  410  377  344  317  299
  288  280  272  260  246  232  217  204  189  173  155  136  119  107  101   99
  100  100   98   95   94   96  103  113  123  129  127  118  106   93   83   76
   71   65   60   57   58   64   75   89  103
    47.5-180.0 180.0   5.0 450.0                            LAT/LON1/LON2/DLON/H
  110  120  128  132  136  143  156  172  189  201  205  206  207  215  230  250
  273  295  315  337  362  392  426  458  482  491  482  456  421  384  355  334
  322  313  303  290  274  258  244  231  217  202  185  167  151  138  131  129
  130  130  129  126  123  125  133  145  156  163  161  150  136  121  109  100
   93   86   80   75   75   79   87   98  110
    45.0-180.0 180.0   5.0 450.0                            LAT/LON1/LON2/DLON/H
  135  144  152  158  162  168  178  193  208  220  225  227  231  239  253  271
  289  306  323  344  371  405  443  479  506  518  509  483  447  409  378  357
  345  337  326  312  295  278  263  250  237  223  208  192  177  165  157  154
  153  152  149  146  144  146  155  169  183  191  190  179  163  147  134  124
  117  110  104  101  101  106  114  124  135
    42.5-180.0 180.0   5.0 450.0                            LAT/LON1/LON2/DLON/H
  172  183  193  199  203  205  211  221  233  243  251  258  266  278  293  307
  319  329  342  361  386  419  456  490  515  525  517  491  455  418  388  370
  360  354  345  331  314  295  278  263  249  236  222  209  196  184  176  170
  166  163  160  156  154  157  168  184  201  212  212  201  184  167  154  144
  138  132  129  129  134  142  151  162  172
    40.0-180.0 180.0   5.0 450.0                            LAT/LON1/LON2/DLON/H
  216  229  242  251  253  252  250  253  261  271  282  295  312  330  346  357
  362  366  374  388  410  438  467  493  511  517  508  484  451  417  391  377
  372  371  366  354  336  315  294  275  258  243  230  219  208  198  189  180
  173  168  164  161  160  165  176  194  212  224  225  215  198  181  168  160
  155  152  152  157  166  179  191  203  216
    37.5-180.0 180.0   5.0 450.0                            LAT/LON1/LON2/DLON/H
  257  274  292  304  307  301  292  287  289  299  315  338  365  391  410  418
  417  414  417  427  443  461  477  491  500  500  490  469  442  415  396  389
  391  396  397  387  369  345  319  293  270  251  238  228  220  212  202  192
  182  176  172  170  171  177  189  206  224  235  235  224  206  190  178  173
  170  169  172  180  194  210  226  241  257
    35.0-180.0 180.0   5.0 450.0                            LAT/LON1/LON2/DLON/H
  288  311  335  352  355  346  331  319  317  328  350  383  422  457  479  484
  477  469  468  473  481  487  489  489  487  484  475  460  441  423  413  415
  425  438  443  435  415  386  353  319  290  266  251  243  239  233  224  213
  203  197  195  196  200  206  217  230  243  250  246  232  214  199  190  187
  187  187  190  199  214  233  252  269  288
    32.5-180.0 180.0   5.0 450.0                            LAT/LON1/LON2/DLON/H
  308  337  367  389  395  385  365  349  345  357  386  429  478  521  546  550
  539  527  522  523  522  514  501  490  482  478  474  467  458  450  451  462
  480  497  504  495  471  435  395  355  319  292  277  270  269  267  260  252
  244  241  242  247  252  258  264  270  275  273  264  246  227  213  207  207
  209  210  211  216  229  247  267  286  308
    30.0-180.0 180.0   5.0 450.0                            LAT/LON1/LON2/DLON/H
  321  353  389  416  426  416  396  379  375  389  423  474  532  582  610  612
  599  585  577  572  561  540  517  498  490  491  495  498  499  503  513  531
  555  573  578  562  530  486  439  394  356  329  315  312  314  316  314  309
  307  309  315  323  330  332  331  327  320  308  291  269  248  235  232  236
  240  239  236  235  242  256  275  296  321
    27.5-180.0 180.0   5.0 450.0                            LAT/LON1/LON2/DLON/H
  331  366  405  437  450  444  426  412  410  427  463  518  581  636  666  669
  655  641  630  618  597  566  536  519  518  528  542  555  565  578  596  619
  643  658  653  626  581  528  477  432  397  375  366  367  373  378  381  384
  388  397  408  419  424  421  411  394  374  352  326  300  277  265  265  273
  279  276  266  257  256  266  282  304  331
    25.0-180.0 180.0   5.0 450.0                            LAT/LON1/LON2/DLON/H
  345  381  421  455  471  470  459  450  453  471  508  562  626  682  715  719
  708  695  682  663  631  592  562  553  566  590  614  633  649  668  690  715
  735  740  721  677  617  554  501  461  437  425  424  430  439  448  456  466
  478  494  509  520  522  512  490  462  429  397  364  335  312  302  304  314
  321  316  300  283  274  279  295  317  345
    22.5-180.0 180.0   5.0 450.0                            LAT/LON1/LON2/DLON/H
  368  403  441  474  494  499  496  497  505  524  558  607  667  722  757  766
  760  749  735  708  666  622  598  603  633  670  701  722  740  760  784  807
  820  810  772  708  632  561  509  480  470  474  484  496  507  518  530  546
  566  586  603  611  606  588  556  517  475  435  399  369  348  338  342  354
  361  355  334  310  296  298  315  339  368
    20.0-180.0 180.0   5.0 450.0                            LAT/LON1/LON2/DLON/H
  401  433  467  498  520  532  540  551  566  585  611  652  704  757  794  810
  811  806  790  757  707  662  646  668  714  760  791  809  823  842  865  883
  886  861  803  719  628  552  505  490  498  519  541  558  570  581  595  615
  639  661  676  677  665  637  597  550  503  460  425  397  378  369  373  384
  391  384  362  334  318  322  343  371  401
    17.5-180.0 180.0   5.0 450.0                            LAT/LON1/LON2/DLON/H
  439  468  497  526  550  569  587  609  631  650  668  697  739  788  828  853
  864  865  851  813  758  714  707  743  800  848  874  882  889  904  924  937
  929  890  815  717  616  539  499  498  524  560  592  614  624  632  645  666
  691  712  720  713  690  654  608  558  510  469  437  413  397  390  392  400
  406  399  377  351  338  347  374  407  439
    15.0-180.0 180.0   5.0 450.0                            LAT/LON1/LON2/DLON/H
  477  504  529  554  579  605  634  667  697  716  727  743  774  818  861  894
  917  926  915  876  821  779  781  825  884  925  938  934  932  943  959  966
  950  900  815  709  607  533  502  514  553  601  639  661  668  671  681  700
  721  736  735  717  684  641  593  545  500  464  437  417  404  396  395  400
  403  395  377  356  349  366  402  443  477
    12.5-180.0 180.0   5.0 450.0                            LAT/LON1/LON2/DLON/H
  509  535  557  580  606  638  676  719  757  778  784  790  811  849  894  935
  967  986  980  944  892  855  860  905  956  983  979  961  952  960  973  976
  953  897  811  708  612  547  526  546  592  643  682  700  702  700  704  717
  733  738  726  697  656  609  562  519  481  450  427  410  398  389  385  384
  383  376  362  348  350  377  423  471  509
    10.0-180.0 180.0   5.0 450.0                            LAT/LON1/LON2/DLON/H
  530  558  579  601  628  663  708  761  807  833  838  837  850  883  928  974
 1013 1039 1041 1012  967  935  940  976 1012 1019  998  970  957  963  974  972
  945  889  809  718  637  585  573  596  640  687  720  733  729  720  718  724
  731  726  704  665  618  570  527  491  460  434  413  396  384  373  364  358
  353  346  336  329  340  377  432  488  530
     7.5-180.0 180.0   5.0 450.0                            LAT/LON1/LON2/DLON/H
  541  572  594  617  644  680  728  788  844  878  887  885  893  921  963 1009
 1051 1082 1091 1072 1036 1010 1011 1032 1047 1034 1000  967  956  963  971  963
  932  880  812  741  681  645  640  661  696  731  754  757  747  733  725  724
  722  708  677  633  583  537  500  471  446  422  400  380  365  351  339  328
  319  312  305  305  324  368  431  494  541
     5.0-180.0 180.0   5.0 450.0                            LAT/LON1/LON2/DLON/H
  544  580  605  628  654  688  737  800  865  911  929  931  938  962  999 1040
 1080 1111 1126 1118 1093 1071 1065 1069 1063 1034  993  964  958  967  970  955
  920  872  820  771  734  715  714  729  750  769  777  771  755  737  724  717
  707  687  651  605  557  515  484  461  440  416  389  364  344  329  314  300
  289  281  277  281  305  354  422  491  544
     2.5-180.0 180.0   5.0 450.0                            LAT/LON1/LON2/DLON/H
  543  585  615  639  663  691  736  801  873  932  963  974  983 1004 1035 1068
 1099 1126 1144 1145 1131 1112 1098 1086 1062 1025  987  967  970  979  975  949
  907  863  825  797  782  776  779  784  789  791  784  769  747  727  712  700
  686  662  627  584  541  504  478  460  440  414  381  349  325  308  293  279
  266  258  255  262  288  338  409  483  543
