ionex_files/COD0OPSFIN_20251030000_01D_01H_GIM.INX
     1.0            IONOSPHERE MAPS     GNSS                IONEX VERSION / TYPE
ADDNEQ2 V5.5        AIUB                17-APR-25 19:05     PGM / RUN BY / DATE 
CODE'S GLOBAL IONOSPHERE MAPS FOR DAY 103, 2025             COMMENT             
Global ionosphere maps (GIM) are generated on a daily basis DESCRIPTION         
at CODE using data from about 300 GNSS sites of the IGS and DESCRIPTION         
other institutions. The vertical total electron content     DESCRIPTION         
(VTEC) is modeled in a solar-geomagnetic reference frame    DESCRIPTION         
using a spherical harmonics expansion up to degree and      DESCRIPTION         
order 15. Piece-wise linear functions are used for          DESCRIPTION         
representation in the time domain. The time spacing of      DESCRIPTION         
their vertices is 1 hour, conforming with the epochs of the DESCRIPTION         
VTEC maps.                                                  DESCRIPTION         
To convert line-of-sight TEC into vertical TEC, a modified  DESCRIPTION         
single-layer model mapping function approximating the JPL   DESCRIPTION         
extended slab model mapping function is adopted. The        DESCRIPTION         
mapping function is evaluated at geodetic satellite         DESCRIPTION         
elevation angles. For the computation of the ionospheric    DESCRIPTION         
pierce points, a spherical layer with a radius of 6821 km   DESCRIPTION         
is assumed, implying geocentric, not geodetic IONEX         DESCRIPTION         
latitudes.                                                  DESCRIPTION         
Instrumental biases with respect to each involved GNSS code DESCRIPTION         
observable are estimated as constant values for each        DESCRIPTION         
day. They are modeled with one set of bias parameters for   DESCRIPTION         
each satellite and each station in case of GPS and for each DESCRIPTION         
satellite-station link in case of GLONASS. The code bias    DESCRIPTION         
datum is defined by zero-mean conditions imposed on the     DESCRIPTION         
satellite bias estimates. In this file, just GPS C1W-C2W    DESCRIPTION         
satellite and station bias values are included. The         DESCRIPTION         
complete set of GNSS code bias results is provided in an    DESCRIPTION         
additional Bias-SINEX file as pseudo-absolute values        DESCRIPTION         
specific to each observable.                                DESCRIPTION         
Note: These GIM results correspond to the results for the   DESCRIPTION         
middle day of a 3-day combination analysis solving for 73   DESCRIPTION         
times 256, or 18688 VTEC parameters and 3 daily sets of     DESCRIPTION         
GNSS code bias parameters.                                  DESCRIPTION         
Contact address: code(at)aiub.unibe.ch                      DESCRIPTION         
Data archive:    ftp.aiub.unibe.ch/CODE/                    DESCRIPTION         
                 www.aiub.unibe.ch/download/CODE/           DESCRIPTION         
  2025     4    13     0     0     0                        EPOCH OF FIRST MAP  
  2025     4    14     0     0     0                        EPOCH OF LAST MAP   
  3600                                                      INTERVAL            
[...]
azgb badg bake bako barh bjfs bndy boav bogo bogt bor1 braz COMMENT             
brft brst brux cags cas1 ccj2 cedu chpg chti chur ckis coco COMMENT             
cord cpvg cpxf cro1 daej darw dav1 dgar dhlg drao dubo ebre COMMENT             
faa1 fair flin flrs frdn func ganp glps glsv gode gol2 gold COMMENT             
gope gras graz guam guug harb hers hert hlfx hnpt hob2 hofn COMMENT             
holb hrao hyde iddr ieng iisc impz ineg invk iqal irkj jog2 COMMENT             
joz2 joze karr kerg kir0 kiri kiru kit3 kokb kokv koug kour COMMENT             
krgg lama laut lmmf lpal lpgs m0se mac1 madr mal2 mana mas1 COMMENT             
mat1 mate maui maw1 mcil mcm4 mdo1 medi mgue mizu mkea mnls COMMENT             
mobs morp mqzg mro1 mtka nano naur nium nklg nlib nnor not1 COMMENT             
nrc1 ntus nya1 nyal onsa opmt ous2 pado parc park pdel penc COMMENT             
pert pie1 pimo pohn pol2 polv pots pove ptag ptbb ptvl qaq1 COMMENT             
quin rabt ramo reyk rgdg rio2 roth salu samo sant savo sch2 COMMENT             
scor scrz sctb scub seyg sfer spt0 ssia sthl stjo stk2 str2 COMMENT             
suth sutm suwn sydn syog tash thtg thti thu2 tid1 tidb tlse COMMENT             
tn22 tro1 tskb twtf txes uclu ufpr unb3 unbj unsa urum usn7 COMMENT             
usud vald vill vtsp wab1 wab2 wark wgtn whit will wind wsrt COMMENT             
wtza wtzr wtzs wtzz wuhn xmis yar2 yar3 yarr yell ykro zeck COMMENT             
zim2 zim3 zimm                                              COMMENT             
                                                            END OF HEADER       
[from data line 9009]
    22                                                      START OF TEC MAP    
  2025     4    13    21     0     0                        EPOCH OF CURRENT MAP
    87.5-180.0 180.0   5.0 450.0                            LAT/LON1/LON2/DLON/H
  267  268  269  270  272  273  274  275  276  277  277  278  279  279  279  279
  279  278  278  277  275  274  272  271  269  267  265  263  260  258  256  254
  252  250  249  247  246  244  243  242  242  241  241  241  241  241  241  242
  242  243  244  245  246  247  248  249  250  251  252  254  255  256  257  258
  259  260  261  262  263  264  265  266  267
    85.0-180.0 180.0   5.0 450.0                            LAT/LON1/LON2/DLON/H
  253  254  256  258  261  263  267  270  273  277  280  283  286  289  290  292
  292  292  292  290  288  286  282  279  275  270  266  261  256  252  247  243
  239  235  231  228  226  224  222  220  219  219  219  219  219  220  220  222
  223  224  226  227  229  231  233  234  236  237  239  240  242  243  244  245
  246  247  248  248  249  250  250  251  253
    82.5-180.0 180.0   5.0 450.0                            LAT/LON1/LON2/DLON/H
  221  222  223  226  230  235  240  247  254  262  269  277  284  290  295  299
  302  303  303  302  300  296  291  286  280  274  267  260  254  247  241  235
  229  225  220  216  213  211  208  207  206  205  204  204  205  205  206  207
  208  209  210  212  213  214  215  216  217  219  220  221  222  223  223  224
  224  224  224  223  222  221  221  221  221
    80.0-180.0 180.0   5.0 450.0                            LAT/LON1/LON2/DLON/H
  180  179  180  182  187  193  201  212  223  236  249  261  273  284  293  301
  306  309  310  309  306  302  296  290  283  276  268  260  253  246  239  233
  228  223  219  216  213  210  208  206  205  204  203  202  201  201  200  200
  200  199  199  198  197  196  195  194  194  193  193  194  194  195  196  196
  196  196  195  193  190  188  185  182  180
    77.5-180.0 180.0   5.0 450.0                            LAT/LON1/LON2/DLON/H
  144  141  139  140  144  151  162  175  190  207  225  243  260  275  287  297
  303  307  308  307  304  300  294  288  281  274  266  259  253  247  241  237
  233  229  227  225  223  221  219  217  215  213  211  208  206  203  201  199
  196  193  190  186  182  178  173  169  165  162  161  160  161  163  165  167
  169  169  169  167  164  159  154  149  144
    75.0-180.0 180.0   5.0 450.0                            LAT/LON1/LON2/DLON/H
  125  119  115  113  116  122  133  148  166  186  208  229  249  266  279  290
  296  299  299  297  294  289  283  277  271  265  259  253  248  244  241  239
  237  236  236  235  235  234  233  231  228  225  220  216  211  207  203  199
  194  189  183  176  168  159  150  142  134  129  125  125  127  131  136  141
  147  151  153  153  150  146  140  133  125
    72.5-180.0 180.0   5.0 450.0                            LAT/LON1/LON2/DLON/H
  131  122  115  111  111  116  125  140  158  180  202  224  245  261  274  283
  287  288  285  281  276  270  265  259  254  249  244  240  237  235  234  234
  234  236  237  239  241  241  240  238  234  229  223  217  210  204  199  194
  188  183  175  166  156  143  130  117  105   97   92   92   96  104  114  125
  135  144  151  155  155  152  147  139  131
    70.0-180.0 180.0   5.0 450.0                            LAT/LON1/LON2/DLON/H
  159  149  141  134  131  133  140  152  169  188  210  231  249  264  274  279
  279  276  271  264  257  250  243  237  232  227  223  220  218  217  217  218
  221  224  227  230  232  233  233  231  226  220  213  204  197  190  184  180
  176  171  165  156  144  129  113   96   82   72   67   68   75   87  102  118
  135  150  162  170  175  176  173  167  159
    67.5-180.0 180.0   5.0 450.0                            LAT/LON1/LON2/DLON/H
  199  192  183  175  170  168  172  180  193  209  227  245  260  271  278  280
  277  270  261  252  243  234  226  219  212  206  200  196  194  193  194  195
  198  201  204  207  209  210  210  208  203  196  188  178  170  163  158  156
  155  154  151  145  134  119  101   83   67   56   51   55   65   81  101  122
  144  163  179  192  201  206  207  205  199
    65.0-180.0 180.0   5.0 450.0                            LAT/LON1/LON2/DLON/H
  239  234  227  219  213  209  209  213  221  233  246  260  272  281  285  285
  280  271  261  251  240  230  219  209  200  191  183  177  173  171  172  173
  175  177  178  178  178  178  177  174  169  163  154  144  135  128  125  125
  127  131  133  131  124  111   94   76   60   50   47   53   67   87  110  133
  156  177  195  210  222  232  238  240  239
    62.5-180.0 180.0   5.0 450.0                            LAT/LON1/LON2/DLON/H
  263  262  258  252  246  242  240  241  244  251  260  270  280  287  291  291
  287  280  272  262  251  239  227  214  200  187  176  168  163  161  162  162
  162  161  158  154  150  146  143  140  136  129  120  110  101   93   90   92
   98  106  113  116  114  104   90   75   61   53   53   62   78  100  124  147
  168  186  202  217  230  243  253  260  263
    60.0-180.0 180.0   5.0 450.0                            LAT/LON1/LON2/DLON/H
  265  268  267  264  261  258  256  255  256  258  263  270  278  286  293  296
  297  295  290  283  274  263  249  233  216  200  186  177  172  171  172  172
  170  164  155  145  135  127  121  116  112  106   97   86   76   67   64   65
   73   83   94  101  103   98   89   77   66   62   65   77   95  117  139  159
  175  187  198  209  221  235  248  258  265
    57.5-180.0 180.0   5.0 450.0                            LAT/LON1/LON2/DLON/H
  246  251  254  254  255  255  256  255  254  253  254  259  266  277  287  297
  304  309  311  310  305  295  280  262  244  226  213  205  202  204  205  205
  200  189  173  155  139  125  116  110  105   99   90   78   66   55   49   49
   55   66   78   88   94   93   88   81   75   74   80   94  113  134  153  168
  176  181  184  190  199  212  226  238  246
    55.0-180.0 180.0   5.0 450.0                            LAT/LON1/LON2/DLON/H
  217  222  225  229  234  239  244  246  245  242  240  242  249  261  276  292
  307  320  330  335  334  327  313  296  278  263  253  248  249  253  256  255
  246  230  208  183  159  141  128  120  114  107   98   85   71   58   49   46
   49   58   69   80   88   91   90   87   85   87   95  110  129  148  163  172
  174  171  168  169  174  185  198  209  217
    52.5-180.0 180.0   5.0 450.0                            LAT/LON1/LON2/DLON/H
  192  195  197  202  210  221  231  237  237  233  227  226  232  245  263  284
  306  325  342  352  356  352  341  327  313  303  298  298  302  308  310  307
  295  274  246  216  188  167  152  142  135  126  116  102   87   72   61   55
   55   60   69   79   87   92   95   95   97  101  109  123  140  157  170  175
  173  165  158  155  158  167  178  187  192
    50.0-180.0 180.0   5.0 450.0                            LAT/LON1/LON2/DLON/H
  186  184  183  187  197  213  228  238  240  234  226  221  224  236  255  278
  302  326  346  360  367  365  357  348  340  337  339  344  350  354  353  345
  328  303  273  241  213  192  177  166  156  146  134  120  104   90   79   72
   70   72   78   86   94  100  105  108  111  115  122  133  148  163  174  179
  176  168  160  157  160  169  178  184  186
    47.5-180.0 180.0   5.0 450.0                            LAT/LON1/LON2/DLON/H
  206  199  194  195  205  222  241  254  258  251  240  231  230  240  257  278
  302  325  346  361  368  368  363  358  357  361  369  376  380  378  370  355
  333  306  277  249  226  208  195  184  172  159  145  131  118  106   98   92
   90   91   95  101  108  114  120  124  127  129  133  140  151  165  177  185
  186  182  178  178  185  195  205  209  206
    45.0-180.0 180.0   5.0 450.0                            LAT/LON1/LON2/DLON/H
  253  243  233  230  237  253  272  286  290  283  270  258  254  260  273  291
  310  330  347  360  365  364  360  359  364  374  385  391  388  377  358  335
  309  283  259  239  224  213  204  194  180  164  148  134  123  117  113  112
  113  114  118  122  127  134  139  143  144  143  142  144  151  165  181  194
  202  206  209  216  228  243  254  258  253
    42.5-180.0 180.0   5.0 450.0                            LAT/LON1/LON2/DLON/H
  317  306  294  287  288  299  315  328  332  325  310  297  291  294  304  317
  330  344  355  363  364  360  356  356  365  378  389  389  377  354  324  293
  266  244  229  220  217  215  210  200  184  165  147  133  125  124  126  130
  134  138  141  145  149  154  159  162  160  155  148  145  150  164  184  205
  223  236  248  264  283  302  316  322  317
    40.0-180.0 180.0   5.0 450.0                            LAT/LON1/LON2/DLON/H
  386  377  365  355  351  354  364  373  376  368  353  340  334  337  345  353
  361  367  373  375  372  364  357  357  366  379  386  379  357  323  285  251
  226  212  208  212  220  226  225  215  196  173  152  137  131  133  139  147
  154  159  163  165  168  172  175  176  172  163  151  143  146  161  187  217
  244  267  288  311  336  360  379  387  386
    37.5-180.0 180.0   5.0 450.0                            LAT/LON1/LON2/DLON/H
  446  443  435  424  414  410  411  415  415  406  393  381  377  381  388  393
  396  398  399  396  389  377  368  366  373  382  384  371  342  303  263  232
  215  212  219  234  249  260  260  248  225  199  175  158  151  152  159  167
  174  178  180  180  182  183  185  184  177  164  150  139  141  158  189  226
  262  292  320  349  379  407  429  441  446
    35.0-180.0 180.0   5.0 450.0                            LAT/LON1/LON2/DLON/H
  487  493  493  485  473  461  455  452  449  440  427  417  414  420  427  431
  430  428  426  422  412  400  389  385  388  393  391  375  345  309  277  256
  251  260  278  298  316  324  321  305  279  250  223  203  192  188  189  192
  194  194  192  189  188  187  186  183  174  160  144  133  135  155  190  233
  274  310  343  374  407  436  460  476  487
    32.5-180.0 180.0   5.0 450.0                            LAT/LON1/LON2/DLON/H
  508  525  535  536  525  510  498  491  484  474  460  450  448  453  459  460
  457  453  450  445  437  425  415  411  412  414  410  396  374  350  333  329
  339  359  383  403  415  416  405  384  355  324  295  271  253  240  231  224
  217  209  200  193  188  185  182  176  166  152  136  126  130  152  191  237
  282  321  355  388  420  448  472  491  508
    30.0-180.0 180.0   5.0 450.0                            LAT/LON1/LON2/DLON/H
  515  542  565  577  574  562  548  539  530  519  503  491  485  486  487  483
  475  469  465  462  457  449  442  440  441  442  441  435  427  422  424  438
  463  491  515  528  528  517  497  471  441  410  381  353  327  303  282  262
  244  226  208  194  185  180  175  168  157  143  129  121  127  151  192  240
  286  326  360  393  423  450  472  491  515
    27.5-180.0 180.0   5.0 450.0                            LAT/LON1/LON2/DLON/H
  515  551  589  615  624  620  612  605  598  585  568  550  537  529  520  506
  491  480  474  472  471  468  466  467  470  474  479  485  495  509  531  559
  593  623  642  643  627  602  573  544  517  490  462  432  400  367  334  304
  274  246  219  199  186  178  172  163  151  138  127  121  129  154  194  242
  288  328  363  395  425  449  469  488  515
    25.0-180.0 180.0   5.0 450.0                            LAT/LON1/LON2/DLON/H
  519  562  611  653  678  688  691  693  690  679  660  637  615  594  570  542
  515  496  487  483  483  483  486  491  497  505  518  537  563  592  624  658
  692  718  727  713  682  645  611  584  562  542  519  490  456  418  380  344
  307  270  236  209  193  184  176  166  154  141  132  128  136  160  198  245
  291  331  366  399  430  454  472  490  519
    22.5-180.0 180.0   5.0 450.0                            LAT/LON1/LON2/DLON/H
  534  580  637  692  734  762  781  795  802  797  780  754  723  688  647  603
  563  534  517  508  503  502  505  512  521  533  552  582  617  650  680  706
  730  746  742  715  672  628  595  576  564  553  538  514  484  449  413  377
  339  298  259  228  209  198  189  177  164  153  144  142  148  169  204  248
  293  334  372  407  440  466  485  504  534
    20.0-180.0 180.0   5.0 450.0                            LAT/LON1/LON2/DLON/H
  561  607  666  729  785  831  868  898  919  925  915  892  857  812  757  698
  645  606  579  560  544  534  532  536  543  557  580  614  648  673  685  690
  696  696  680  644  595  552  527  520  521  521  515  500  479  454  429  401
  368  328  286  252  231  219  209  196  182  170  162  159  163  179  209  251
  295  338  378  417  454  485  509  531  561
    17.5-180.0 180.0   5.0 450.0                            LAT/LON1/LON2/DLON/H
  597  639  695  759  822  881  935  981 1018 1039 1043 1031 1001  954  892  825
  765  719  682  649  616  589  573  567  569  580  603  634  658  661  643  619
  600  584  559  517  470  435  423  431  446  456  459  456  448  440  430  416
  393  357  316  280  256  242  231  216  201  189  181  176  177  188  213  251
  295  340  383  426  469  508  539  566  597
    15.0-180.0 180.0   5.0 450.0                            LAT/LON1/LON2/DLON/H
  636  672  719  775  838  902  966 1025 1076 1115 1139 1146 1131 1094 1036  971
  913  866  823  774  720  670  632  611  602  608  626  649  655  629  576  519
  476  447  416  374  332  309  313  337  362  381  391  399  407  416  423  425
  412  382  342  304  278  262  248  232  216  203  195  189  186  192  213  248
  293  339  384  431  480  528  569  604  636
    12.5-180.0 180.0   5.0 450.0                            LAT/LON1/LON2/DLON/H
  673  703  736  778  830  889  954 1019 1080 1135 1181 1212 1222 1204 1163 1113
 1068 1029  985  924  848  771  709  667  645  642  655  666  653  598  514  429
  370  333  301  261  225  213  231  266  299  321  336  352  373  396  418  430
  426  400  360  320  290  271  255  237  220  208  200  193  188  190  208  242
  287  334  382  431  485  541  594  638  673
    10.0-180.0 180.0   5.0 450.0                            LAT/LON1/LON2/DLON/H
  705  729  748  770  804  849  904  965 1029 1094 1158 1214 1251 1262 1248 1223
 1200 1178 1141 1075  981  880  794  732  697  686  693  695  667  592  487  388
  323  287  255  216  183  177  203  244  277  298  314  335  362  393  419  436
  433  409  367  324  291  268  249  230  213  201  194  187  181  182  199  233
  279  328  377  428  484  548  611  666  705
     7.5-180.0 180.0   5.0 450.0                            LAT/LON1/LON2/DLON/H
  730  753  759  762  774  798  834  881  936 1002 1076 1151 1214 1253 1270 1276
 1283 1284 1261 1197 1094  978  875  799  753  737  740  739  704  622  513  418
  361  331  302  260  223  216  241  279  307  322  334  355  383  410  432  442
  434  406  363  316  279  252  231  211  194  183  177  172  167  170  188  224
  272  323  372  423  480  548  620  685  730
     5.0-180.0 180.0   5.0 450.0                            LAT/LON1/LON2/DLON/H
  751  776  777  767  757  757  769  793  831  886  958 1040 1118 1180 1225 1261
 1297 1324 1319 1266 1166 1047  938  857  808  791  794  794  762  688  594  518
  480  462  433  384  337  319  336  364  383  388  394  410  430  446  451  445
  427  393  346  298  258  228  205  184  167  158  154  151  149  155  176  215
  266  319  369  419  476  546  623  697  751
     2.5-180.0 180.0   5.0 450.0                            LAT/LON1/LON2/DLON/H
  767  802  807  792  769  748  735  733  746  780  836  911  990 1063 1125 1183
 1241 1290 1305 1269 1184 1077  977  901  856  841  847  851  830  776  709  663
  650  645  615  554  491  458  460  475  481  478  476  484  491  487  469  442
  409  368  320  271  231  200  176  156  140  131  128  128  130  141  167  210
  263  317  369  418  474  542  622  703  767
