ionex_files/COD0OPSFIN_20250750000_01D_01H_GIM.INX
     1.0            IONOSPHERE MAPS     GNSS                IONEX VERSION / TYPE
ADDNEQ2 V5.5        AIUB                20-MAR-25 19:03     PGM / RUN BY / DATE 
CODE'S GLOBAL IONOSPHERE MAPS FOR DAY 075, 2025             COMMENT             
Global ionosphere maps (GIM) are generated on a daily basis DESCRIPTION         
at CODE using data from about 300 GNSS sites of the IGS and DESCRIPTION         
other institutions. The vertical total electron content     DESCRIPTION         
(VTEC) is modeled in a solar-geomagnetic reference frame    DESCRIPTION         
using a spherical harmonics expansion up to degree and      DESCRIPTION         
order 15. Piece-wise linear functions are used for          DESCRIPTION         
representation in the time domain. The time spacing of      DESCRIPTION         
their vertices is 1 hour, conforming with the epochs of the DESCRIPTION         
VTEC maps.                                                  DESCRIPTION         
To convert line-of-sight TEC into vertical TEC, a modified  DESCRIPTION         
single-layer model mapping function approximating the JPL   DESCRIPTION         
extended slab model mapping function is adopted. The        DESCRIPTION         
mapping function is evaluated at geodetic satellite         DESCRIPTION         
elevation angles. For the computation of the ionospheric    DESCRIPTION         
pierce points, a spherical layer with a radius of 6821 km   DESCRIPTION         
is assumed, implying geocentric, not geodetic IONEX         DESCRIPTION         
latitudes.                                                  DESCRIPTION         
Instrumental biases with respect to each involved GNSS code DESCRIPTION         
observable are estimated as constant values for each        DESCRIPTION         
day. They are modeled with one set of bias parameters for   DESCRIPTION         
each satellite and each station in case of GPS and for each DESCRIPTION         
satellite-station link in case of GLONASS. The code bias    DESCRIPTION         
datum is defined by zero-mean conditions imposed on the     DESCRIPTION         
satellite bias estimates. In this file, just GPS C1W-C2W    DESCRIPTION         
satellite and station bias values are included. The         DESCRIPTION         
complete set of GNSS code bias results is provided in an    DESCRIPTION         
additional Bias-SINEX file as pseudo-absolute values        DESCRIPTION         
specific to each observable.                                DESCRIPTION         
Note: These GIM results correspond to the results for the   DESCRIPTION         
middle day of a 3-day combination analysis solving for 73   DESCRIPTION         
times 256, or 18688 VTEC parameters and 3 daily sets of     DESCRIPTION         
GNSS code bias parameters.                                  DESCRIPTION         
Contact address: code(at)aiub.unibe.ch                      DESCRIPTION         
Data archive:    ftp.aiub.unibe.ch/CODE/                    DESCRIPTION         
                 www.aiub.unibe.ch/download/CODE/           DESCRIPTION         
  2025     3    16     0     0     0                        EPOCH OF FIRST MAP  
  2025     3    17     0     0     0                        EPOCH OF LAST MAP   
  3600                                                      INTERVAL            
[...]
azgb badg bake bako barh bjfs bndy boav bogo bogt bor1 braz COMMENT             
brft brst brux cags cas1 ccj2 cedu chpg chti chur ckis coco COMMENT             
cord cpvg cpxf cro1 daej darw dav1 dgar dhlg drao dubo faa1 COMMENT             
fair flin flrs frdn func ganp glps glsv gode gol2 gold gope COMMENT             
gras graz guam guug harb hers hert hlfx hnpt hob2 hofn holb COMMENT             
hrao hyde iddr ieng iisc impz ineg invk iqal irkj jog2 joz2 COMMENT             
karr kerg kir0 kiri kiru kit3 kokb kokv koug kour krgg lama COMMENT             
laut lmmf lpal lpgs mac1 madr mal2 mana mas1 mat1 mate maui COMMENT             
maw1 mcil mcm4 mdo1 medi mgue mizu mkea mnls mobs monp morp COMMENT             
mqzg mro1 mtka nano naur nico nist nium nklg nlib nnor nrc1 COMMENT             
ntus nya1 nyal onsa opmt ous2 pado parc park pdel penc pert COMMENT             
pie1 pimo pohn pol2 polv pots pove ptag ptbb ptvl qaq1 quin COMMENT             
rabt ramo reun reyk rgdg rio2 roth salu samo sant savo sch2 COMMENT             
scor scrz sctb seyg sfer sofi spt0 ssia sthl stjo stk2 str2 COMMENT             
suth sutm suwn sydn syog tash thtg thti thu2 tid1 tidb tlse COMMENT             
tn22 tong tow2 tro1 tskb twtf txes uclu ufpr ulab unb3 unbj COMMENT             
unsa urum usn7 usud vald vill vtsp wab1 wab2 whit will wind COMMENT             
wsrt wtza wtzr wtzs wtzz wuhn xmis yar2 yarr yell ykro zeck COMMENT             
zim2 zim3 zimm                                              COMMENT             
                                                            END OF HEADER       
[from data line 10296]
    25                                                      START OF TEC MAP    
  2025     3    17     0     0     0                        EPOCH OF CURRENT MAP
    87.5-180.0 180.0   5.0 450.0                            LAT/LON1/LON2/DLON/H
  395  397  399  400  402  403  404  404  404  403  403  401  400  398  395  392
  389  385  381  376  372  367  361  356  350  344  339  333  328  322  317  313
  308  304  301  298  295  293  291  290  290  289  290  291  292  294  296  298
  301  305  308  312  316  320  325  329  334  338  343  348  352  357  361  365
  369  373  377  380  384  387  390  392  395
    85.0-180.0 180.0   5.0 450.0                            LAT/LON1/LON2/DLON/H
  409  413  417  420  424  427  429  432  434  435  436  435  434  433  430  426
  421  414  407  399  390  380  369  358  347  335  323  311  300  289  278  269
  260  253  246  240  236  232  230  228  228  228  229  231  234  237  241  246
  251  257  263  270  278  286  294  302  310  319  327  335  343  350  357  364
  371  376  382  387  392  397  401  405  409
    82.5-180.0 180.0   5.0 450.0                            LAT/LON1/LON2/DLON/H
  395  400  405  411  417  423  428  434  440  444  448  451  453  453  452  449
  444  437  429  418  406  393  378  362  345  328  310  293  276  260  245  232
  220  210  202  196  191  187  185  184  184  185  186  188  191  194  198  203
  209  215  222  230  239  249  259  270  281  292  302  313  322  332  340  348
  355  361  367  372  377  382  386  391  395
    80.0-180.0 180.0   5.0 450.0                            LAT/LON1/LON2/DLON/H
  362  367  373  381  389  398  407  417  426  435  443  450  455  459  460  458
  455  449  440  430  417  401  384  366  345  324  303  281  260  241  223  208
  195  185  177  172  169  167  167  167  168  169  170  170  171  172  173  175
  178  181  187  193  202  211  222  233  245  257  269  281  292  302  311  319
  325  331  336  341  345  349  353  357  362
    77.5-180.0 180.0   5.0 450.0                            LAT/LON1/LON2/DLON/H
  323  329  336  344  354  366  378  391  404  416  428  437  445  450  452  452
  449  444  437  427  416  401  385  366  346  323  300  277  254  233  214  198
  186  178  172  170  170  172  175  177  179  180  180  177  174  170  166  162
  159  158  159  162  167  174  183  194  206  218  231  243  254  264  273  281
  288  293  298  302  306  310  313  318  323
    75.0-180.0 180.0   5.0 450.0                            LAT/LON1/LON2/DLON/H
  295  301  309  318  329  341  355  369  384  398  410  420  427  431  432  430
  427  422  416  408  400  389  376  361  342  322  299  276  253  232  214  199
  189  183  181  183  187  194  200  205  209  209  206  201  193  183  172  161
  151  144  139  137  138  142  149  158  168  180  192  204  215  225  234  243
  250  257  263  268  273  278  284  289  295
    72.5-180.0 180.0   5.0 450.0                            LAT/LON1/LON2/DLON/H
  289  297  304  313  323  334  347  361  375  388  399  407  410  410  406  399
  392  385  379  374  369  363  356  346  333  316  297  276  254  235  218  205
  196  193  194  200  208  218  228  236  240  241  237  228  215  200  183  167
  151  138  128  122  119  119  123  130  138  148  159  170  181  192  202  211
  220  229  239  248  256  265  274  281  289
    70.0-180.0 180.0   5.0 450.0                            LAT/LON1/LON2/DLON/H
  308  317  324  330  337  346  356  367  379  391  399  402  400  393  381  367
  353  342  334  329  328  328  327  323  316  304  288  271  252  235  220  209
  202  201  204  211  221  233  245  255  261  261  256  246  231  213  193  173
  155  139  126  116  110  108  109  113  120  128  138  148  159  170  181  192
  204  217  231  245  259  273  286  298  308
    67.5-180.0 180.0   5.0 450.0                            LAT/LON1/LON2/DLON/H
  345  354  360  363  366  369  375  383  392  401  407  407  400  386  365  343
  321  303  291  286  286  290  294  295  292  285  273  259  244  230  219  210
  204  203  205  211  220  232  244  254  260  262  257  247  232  214  195  176
  158  142  129  119  111  107  107  109  114  122  131  141  152  163  175  189
  204  220  239  259  279  298  317  332  345
    65.0-180.0 180.0   5.0 450.0                            LAT/LON1/LON2/DLON/H
  387  397  401  400  397  394  394  398  405  413  418  418  408  390  363  333
  303  279  262  254  254  258  264  267  267  261  252  242  231  222  214  208
  203  200  199  201  206  215  224  233  240  241  238  229  217  202  186  172
  158  146  136  126  119  115  113  115  120  128  138  149  160  172  185  200
  217  237  260  283  308  331  354  373  387
    62.5-180.0 180.0   5.0 450.0                            LAT/LON1/LON2/DLON/H
  422  431  433  429  420  411  405  404  409  418  426  428  422  404  376  342
  307  277  255  243  240  241  245  246  244  238  230  222  216  212  209  206
  202  197  191  187  186  189  194  201  206  208  205  199  190  180  170  162
  155  148  141  135  129  125  124  127  134  144  156  168  180  193  207  223
  241  263  286  311  337  362  386  406  422
    60.0-180.0 180.0   5.0 450.0                            LAT/LON1/LON2/DLON/H
  440  450  451  444  430  415  403  398  402  413  425  434  434  422  399  367
  332  300  274  256  247  243  241  237  230  221  212  206  204  206  208  209
  206  198  188  177  169  166  166  169  172  172  170  165  159  154  150  148
  148  147  144  140  135  133  134  140  150  164  180  195  209  222  236  252
  270  291  314  337  361  383  405  424  440
    57.5-180.0 180.0   5.0 450.0                            LAT/LON1/LON2/DLON/H
  442  452  455  448  432  412  395  386  388  399  416  432  441  440  426  402
  372  340  312  290  275  263  253  241  228  214  203  198  199  206  213  217
  215  206  192  176  163  154  150  149  148  147  143  139  134  132  133  136
  140  142  142  140  137  136  140  150  166  186  206  224  240  253  267  282
  300  319  339  358  376  393  409  426  442
    55.0-180.0 180.0   5.0 450.0                            LAT/LON1/LON2/DLON/H
  434  448  454  450  435  414  392  379  377  386  404  425  442  452  451  439
  417  390  362  336  315  296  278  259  240  221  207  201  203  212  222  229
  228  218  203  185  169  157  150  146  142  138  132  126  122  120  123  128
  134  137  138  136  133  134  142  158  180  206  232  253  270  283  295  310
  326  344  361  376  386  396  406  419  434
    52.5-180.0 180.0   5.0 450.0                            LAT/LON1/LON2/DLON/H
  429  448  461  464  453  432  409  391  383  386  400  419  440  458  469  469
  457  436  410  384  358  334  311  288  264  241  224  215  216  223  233  239
  238  229  215  199  184  174  166  160  154  147  138  130  124  122  123  128
  132  135  134  130  128  131  143  164  193  225  255  279  296  308  319  333
  349  367  383  393  398  400  404  413  429
    50.0-180.0 180.0   5.0 450.0                            LAT/LON1/LON2/DLON/H
  438  463  485  497  493  476  453  431  416  409  412  423  441  462  479  488
  486  472  449  423  396  371  346  322  296  272  252  238  233  234  239  242
  240  233  223  212  203  196  191  185  177  168  157  147  140  135  135  136
  137  137  133  128  126  130  146  172  207  244  276  301  317  329  339  353
  370  389  406  416  418  415  414  421  438
    47.5-180.0 180.0   5.0 450.0                            LAT/LON1/LON2/DLON/H
  467  498  529  550  554  543  523  500  478  460  447  444  451  467  486  499
  502  492  473  449  424  401  378  355  332  307  284  264  251  243  239  236
  233  228  223  219  218  217  216  211  204  194  183  172  164  158  154  152
  149  145  138  132  129  136  154  184  223  262  296  320  336  346  356  370
  389  412  433  446  449  445  441  447  467
    45.0-180.0 180.0   5.0 450.0                            LAT/LON1/LON2/DLON/H
  514  549  587  616  627  623  608  586  560  532  504  483  475  481  494  506
  509  502  485  464  443  422  403  384  363  340  315  289  266  248  234  225
  220  218  219  223  228  233  235  232  226  216  207  198  191  184  179  173
  167  159  150  142  140  148  168  200  240  280  313  337  351  361  372  387
  409  436  463  482  491  490  487  492  514
    42.5-180.0 180.0   5.0 450.0                            LAT/LON1/LON2/DLON/H
  571  607  648  680  696  697  687  671  647  613  573  536  513  506  510  515
  515  506  491  474  456  439  422  405  387  365  339  310  281  254  233  220
  214  215  220  228  238  245  248  246  240  233  227  221  216  210  203  196
  187  177  166  158  156  164  185  217  256  295  328  351  366  376  388  405
  429  460  493  521  538  543  543  549  571
    40.0-180.0 180.0   5.0 450.0                            LAT/LON1/LON2/DLON/H
  629  663  702  732  746  747  743  735  717  684  639  594  560  542  536  532
  525  513  499  484  469  452  435  418  400  381  358  330  299  270  247  234
  231  234  241  248  255  259  259  256  250  245  242  240  236  231  223  214
  204  193  183  175  173  180  199  230  267  305  338  362  378  392  406  424
  449  482  520  558  585  598  601  608  629
    37.5-180.0 180.0   5.0 450.0                            LAT/LON1/LON2/DLON/H
  680  711  743  765  770  767  764  763  756  731  691  645  608  585  572  559
  544  528  514  500  485  466  444  423  405  389  373  353  330  306  289  282
  284  289  293  293  289  284  276  268  261  257  256  255  252  245  236  226
  216  206  195  187  184  190  206  235  271  309  343  369  389  407  424  443
  467  500  542  586  623  645  654  662  680
    35.0-180.0 180.0   5.0 450.0                            LAT/LON1/LON2/DLON/H
  725  752  776  785  776  761  754  757  760  748  718  681  650  628  611  591
  569  550  536  523  505  480  450  423  405  396  393  389  380  370  365  368
  378  384  381  367  346  325  305  290  279  274  272  269  262  252  240  230
  220  210  199  190  186  189  204  230  267  306  342  372  397  420  441  461
  484  514  556  606  652  683  698  708  725
    32.5-180.0 180.0   5.0 450.0                            LAT/LON1/LON2/DLON/H
  769  795  814  810  783  749  730  732  742  741  724  700  679  665  649  625
  598  576  561  547  525  493  455  424  409  412  426  443  455  463  473  489
  506  512  497  464  422  381  347  323  307  299  293  284  269  252  236  224
  215  205  195  184  177  178  190  217  255  299  339  373  404  431  457  478
  498  525  566  619  673  712  735  750  769
    30.0-180.0 180.0   5.0 450.0                            LAT/LON1/LON2/DLON/H
  823  854  873  860  814  758  721  714  724  729  721  708  700  693  679  653
  623  599  584  568  541  502  460  431  425  444  480  520  552  576  599  625
  647  650  623  569  504  444  397  364  343  330  317  298  273  246  225  212
  203  194  183  170  161  159  171  200  242  290  336  374  408  441  470  493
  512  536  576  631  691  740  772  795  823
    27.5-180.0 180.0   5.0 450.0                            LAT/LON1/LON2/DLON/H
  893  938  965  949  890  813  754  731  732  735  729  721  718  717  704  676
  642  616  600  581  550  508  470  450  460  499  556  614  660  692  720  749
  772  770  730  659  575  501  445  406  381  361  340  311  274  237  211  196
  189  180  167  153  141  139  152  184  232  286  335  376  413  449  483  510
  530  553  591  648  713  771  814  851  893
    25.0-180.0 180.0   5.0 450.0                            LAT/LON1/LON2/DLON/H
  981 1046 1089 1081 1017  924  845  802  788  780  766  754  749  745  728  696
  658  630  610  587  553  515  489  489  520  577  647  713  759  787  807  830
  849  841  793  710  617  536  478  438  410  386  358  319  271  226  196  181
  175  167  153  138  125  123  139  175  229  289  341  382  420  458  497  529
  553  578  617  675  745  811  867  919  981
    22.5-180.0 180.0   5.0 450.0                            LAT/LON1/LON2/DLON/H
 1075 1163 1230 1239 1181 1082  988  929  898  874  846  819  802  788  762  722
  680  647  622  594  559  530  524  549  601  669  740  797  829  837  838  846
  856  844  793  708  616  540  487  451  424  398  366  320  265  215  183  170
  166  159  145  128  117  117  135  177  237  300  352  393  429  470  514  553
  584  614  655  714  786  858  925  993 1075
    20.0-180.0 180.0   5.0 450.0                            LAT/LON1/LON2/DLON/H
 1156 1266 1357 1391 1350 1257 1160 1091 1049 1011  966  921  886  855  816  766
  718  680  648  613  578  562  580  630  696  761  814  845  847  825  798  787
  788  775  729  653  573  511  471  444  420  394  361  314  257  205  174  164
  162  156  142  126  117  120  143  189  253  317  369  407  442  486  536  584
  624  659  703  761  832  906  979 1059 1156
    17.5-180.0 180.0   5.0 450.0                            LAT/LON1/LON2/DLON/H
 1204 1325 1436 1496 1481 1407 1320 1254 1210 1166 1109 1049  996  948  895  836
  782  739  699  657  622  618  657  724  789  832  849  840  803  747  694  666
  660  652  617  558  499  459  436  419  400  377  346  301  246  197  170  163
  164  158  145  131  124  131  158  208  274  338  387  422  458  506  563  620
  668  710  755  810  875  946 1019 1101 1204
    15.0-180.0 180.0   5.0 450.0                            LAT/LON1/LON2/DLON/H
 1201 1319 1439 1521 1535 1490 1426 1376 1343 1305 1249 1182 1119 1059  997  932
  875  828  782  732  695  698  748  816  861  863  829  773  700  618  547  510
  505  506  487  450  416  399  394  387  372  352  325  285  236  192  169  165
  167  162  149  138  135  145  175  228  294  356  403  437  474  527  592  657
  713  760  804  853  908  968 1033 1106 1201
    12.5-180.0 180.0   5.0 450.0                            LAT/LON1/LON2/DLON/H
 1143 1241 1356 1451 1493 1481 1447 1423 1413 1395 1353 1294 1232 1172 1108 1045
  989  942  891  834  792  793  839  888  893  839  748  649  553  463  393  361
  364  377  376  360  348  352  360  359  346  327  303  269  226  188  169  168
  170  164  153  144  144  157  189  243  309  370  413  448  489  548  619  690
  751  801  844  884  926  971 1018 1072 1143
    10.0-180.0 180.0   5.0 450.0                            LAT/LON1/LON2/DLON/H
 1043 1107 1200 1297 1360 1378 1375 1382 1401 1412 1396 1359 1314 1266 1212 1156
 1108 1064 1013  949  898  886  910  922  873  758  616  489  392  319  271  258
  276  301  312  310  314  330  345  345  329  308  286  256  218  184  168  168
  170  163  152  145  148  163  196  251  316  376  419  455  501  565  640  713
  777  829  870  901  928  956  982 1007 1043
     7.5-180.0 180.0   5.0 450.0                            LAT/LON1/LON2/DLON/H
  930  950 1011 1096 1169 1209 1232 1265 1312 1354 1371 1364 1347 1322 1287 1246
 1209 1173 1123 1055  990  955  943  905  797  628  453  325  254  222  214  231
  265  297  311  312  320  339  353  346  324  298  274  245  210  180  165  165
  165  158  148  142  146  161  195  250  316  375  419  457  508  575  651  724
  787  840  879  904  920  933  939  935  930
     5.0-180.0 180.0   5.0 450.0                            LAT/LON1/LON2/DLON/H
  839  814  837  902  974 1025 1062 1110 1175 1240 1286 1311 1325 1329 1318 1295
 1270 1243 1197 1125 1044  979  923  832  675  473  293  192  172  199  241  287
  332  361  367  360  361  372  377  361  328  294  265  235  201  172  160  159
  158  149  140  135  139  153  186  242  311  371  416  457  510  578  651  719
  781  835  876  898  909  914  909  881  839
     2.5-180.0 180.0   5.0 450.0                            LAT/LON1/LON2/DLON/H
  802  743  730  770  831  880  917  966 1034 1108 1170 1218 1259 1289 1301 1294
 1281 1261 1219 1144 1047  948  848  714  528  324  173  125  171  260  347  415
  458  471  457  432  417  414  406  378  334  292  257  223  189  163  152  152
  149  140  131  127  130  142  174  231  302  366  413  454  507  572  639  701
  761  818  863  890  904  912  906  869  802
