ionex_files/COD0OPSFIN_20250790000_01D_01H_GIM.INX
     1.0            IONOSPHERE MAPS     GNSS                IONEX VERSION / TYPE
ADDNEQ2 V5.5        AIUB                24-MAR-25 19:02     PGM / RUN BY / DATE 
CODE'S GLOBAL IONOSPHERE MAPS FOR DAY 079, 2025             COMMENT             
Global ionosphere maps (GIM) are generated on a daily basis DESCRIPTION         
at CODE using data from about 300 GNSS sites of the IGS and DESCRIPTION         
other institutions. The vertical total electron content     DESCRIPTION         
(VTEC) is modeled in a solar-geomagnetic reference frame    DESCRIPTION         
using a spherical harmonics expansion up to degree and      DESCRIPTION         
order 15. Piece-wise linear functions are used for          DESCRIPTION         
representation in the time domain. The time spacing of      DESCRIPTION         
their vertices is 1 hour, conforming with the epochs of the DESCRIPTION         
VTEC maps.                                                  DESCRIPTION         
To convert line-of-sight TEC into vertical TEC, a modified  DESCRIPTION         
single-layer model mapping function approximating the JPL   DESCRIPTION         
extended slab model mapping function is adopted. The        DESCRIPTION         
mapping function is evaluated at geodetic satellite         DESCRIPTION         
elevation angles. For the computation of the ionospheric    DESCRIPTION         
pierce points, a spherical layer with a radius of 6821 km   DESCRIPTION         
is assumed, implying geocentric, not geodetic IONEX         DESCRIPTION         
latitudes.                                                  DESCRIPTION         
Instrumental biases with respect to each involved GNSS code DESCRIPTION         
observable are estimated as constant values for each        DESCRIPTION         
day. They are modeled with one set of bias parameters for   DESCRIPTION         
each satellite and each station in case of GPS and for each DESCRIPTION         
satellite-station link in case of GLONASS. The code bias    DESCRIPTION         
datum is defined by zero-mean conditions imposed on the     DESCRIPTION         
satellite bias estimates. In this file, just GPS C1W-C2W    DESCRIPTION         
satellite and station bias values are included. The         DESCRIPTION         
complete set of GNSS code bias results is provided in an    DESCRIPTION         
additional Bias-SINEX file as pseudo-absolute values        DESCRIPTION         
specific to each observable.                                DESCRIPTION         
Note: These GIM results correspond to the results for the   DESCRIPTION         
middle day of a 3-day combination analysis solving for 73   DESCRIPTION         
times 256, or 18688 VTEC parameters and 3 daily sets of     DESCRIPTION         
GNSS code bias parameters.                                  DESCRIPTION         
Contact address: code(at)aiub.unibe.ch                      DESCRIPTION         
Data archive:    ftp.aiub.unibe.ch/CODE/                    DESCRIPTION         
                 www.aiub.unibe.ch/download/CODE/           DESCRIPTION         
  2025     3    20     0     0     0                        EPOCH OF FIRST MAP  
  2025     3    21     0     0     0                        EPOCH OF LAST MAP   
  3600                                                      INTERVAL            
[...]
abpo albh algo alic amu2 antc areg areq ascg aspa auck azgb COMMENT             
badg bake barh bjfs bndy boav bogt bor1 braz brft brst brux COMMENT             
cags cas1 ccj2 cedu chpg chti ckis coco cord cpvg cpxf cro1 COMMENT             
daej darw dav1 dgar dhlg drao dubo faa1 fair flin flrs frdn COMMENT             
func ganp glps glsv gode gol2 gold gope gras graz guam guat COMMENT             
guug harb hers hert hlfx hnpt hob2 hofn hrao hyde iddr ieng COMMENT             
iisc impz ineg invk iqal irkj jog2 joz2 karr kerg kir0 kiri COMMENT             
kiru kit3 kokb kokv koug kour krgg lama laut lmmf lpal lpgs COMMENT             
mac1 madr mal2 mana mas1 mat1 mate maui maw1 mcm4 mdo1 medi COMMENT             
mgue mizu mkea mnls mobs morp mqzg mro1 mtka nano naur nico COMMENT             
nist nium nklg nlib nnor nrc1 ntus nya1 nyal onsa opmt ous2 COMMENT             
pado parc park pdel penc pert pie1 pimo pohn pol2 polv pots COMMENT             
pove ptag ptbb ptvl qaq1 quin rabt ramo reun reyk rgdg rio2 COMMENT             
roth salu sant savo sch2 scor scrz sctb scub seyg sfer sofi COMMENT             
spt0 ssia sthl stjo stk2 str2 suth sutm suwn sydn syog tash COMMENT             
thtg thti thu2 tid1 tidb tlse tn22 tong tow2 tro1 tskb twtf COMMENT             
txes uclu ufpr ulab unb3 unbj unsa urum usn7 usud vald vill COMMENT             
vtsp wab1 wab2 wark wgtn whit will wind wsrt wtza wtzr wtzs COMMENT             
wtzz wuhn xmis yar2 yar3 yarr yell ykro zeck zim2 zim3 zimm COMMENT             
                                                            END OF HEADER       
[from data line 8580]
    21                                                      START OF TEC MAP    
  2025     3    20    20     0     0                        EPOCH OF CURRENT MAP
    87.5-180.0 180.0   5.0 450.0                            LAT/LON1/LON2/DLON/H
  252  255  258  262  265  268  272  275  278  281  284  287  289  292  293  295
  296  297  297  297  297  296  296  294  293  291  289  286  284  281  278  276
  273  270  267  264  261  258  255  252  249  247  244  242  239  237  235  234
  232  230  229  228  227  226  226  225  225  225  225  226  226  227  229  230
  232  233  235  238  240  243  246  249  252
    85.0-180.0 180.0   5.0 450.0                            LAT/LON1/LON2/DLON/H
  232  238  244  251  257  264  271  278  285  292  298  304  310  315  319  322
  325  326  327  327  326  324  321  318  314  310  305  300  294  289  283  278
  272  266  261  256  250  245  241  236  232  227  223  220  216  213  210  207
  204  202  200  198  196  194  193  192  191  191  191  191  191  192  194  196
  198  201  204  208  212  216  221  226  232
    82.5-180.0 180.0   5.0 450.0                            LAT/LON1/LON2/DLON/H
  210  217  225  233  242  252  262  272  283  294  304  314  322  330  337  342
  345  347  348  347  345  341  337  331  325  318  310  303  295  287  279  272
  264  257  250  243  237  231  226  220  215  210  206  201  197  194  190  187
  184  181  178  176  173  171  168  166  165  163  162  162  162  163  164  166
  169  173  177  181  186  192  197  203  210
    80.0-180.0 180.0   5.0 450.0                            LAT/LON1/LON2/DLON/H
  196  202  210  218  227  238  250  262  276  290  303  316  328  339  347  354
  358  360  360  358  354  349  342  335  327  318  309  299  290  280  271  263
  254  247  240  233  227  221  215  210  205  200  195  191  186  182  179  175
  172  169  166  164  161  157  154  151  147  145  142  141  141  141  143  147
  151  156  161  167  173  178  184  190  196
    77.5-180.0 180.0   5.0 450.0                            LAT/LON1/LON2/DLON/H
  198  202  206  212  220  229  241  254  269  285  302  317  332  344  354  361
  365  366  364  361  356  350  342  334  324  315  305  295  284  274  265  256
  248  240  234  228  222  217  212  208  203  198  192  187  182  178  174  171
  168  165  163  160  157  153  149  144  139  135  131  128  127  129  132  138
  145  153  161  170  177  184  189  194  198
    75.0-180.0 180.0   5.0 450.0                            LAT/LON1/LON2/DLON/H
  218  219  219  221  225  231  241  253  269  286  303  321  336  349  359  366
  368  368  366  361  355  348  341  332  324  315  305  294  284  273  263  254
  246  238  232  227  223  219  215  211  206  200  194  188  181  176  171  168
  165  164  163  161  159  155  151  144  137  130  125  121  120  123  129  138
  150  163  177  189  200  208  214  217  218
    72.5-180.0 180.0   5.0 450.0                            LAT/LON1/LON2/DLON/H
  254  251  247  244  244  246  252  263  277  293  311  329  345  358  367  372
  373  371  367  362  356  350  343  337  329  321  312  302  291  279  268  257
  247  240  233  229  225  222  218  214  209  202  195  186  178  171  165  161
  159  159  160  161  161  158  153  146  138  129  121  116  115  119  129  143
  160  180  200  218  233  244  251  254  254
    70.0-180.0 180.0   5.0 450.0                            LAT/LON1/LON2/DLON/H
  293  289  283  277  272  271  274  281  293  308  325  342  357  370  378  382
  382  378  373  368  362  358  354  349  344  337  328  317  304  291  277  264
  252  242  234  228  224  221  218  213  207  199  190  179  168  159  151  147
  145  147  150  154  157  157  153  146  136  126  116  110  109  114  127  145
  168  194  220  244  264  280  289  293  293
    67.5-180.0 180.0   5.0 450.0                            LAT/LON1/LON2/DLON/H
  322  320  315  309  303  299  299  304  313  326  341  357  372  384  392  395
  395  391  386  381  377  374  372  370  366  360  350  338  323  307  290  273
  257  244  233  225  219  215  210  205  198  189  177  164  151  139  130  124
  123  126  132  139  145  148  147  141  131  120  109  101  100  106  120  142
  168  198  228  256  280  299  313  320  322
    65.0-180.0 180.0   5.0 450.0                            LAT/LON1/LON2/DLON/H
  331  335  335  332  329  326  324  327  333  343  356  372  386  399  408  412
  413  410  406  402  399  398  397  396  393  386  375  361  344  325  305  285
  266  248  233  221  212  204  198  191  183  173  160  146  130  116  105   98
   96   99  107  116  126  132  134  131  122  111  100   92   90   96  110  130
  157  186  217  246  272  294  311  324  331
    62.5-180.0 180.0   5.0 450.0                            LAT/LON1/LON2/DLON/H
  317  329  338  343  345  345  344  345  349  357  369  383  398  412  423  431
  434  433  430  428  426  425  425  423  418  410  398  383  365  345  324  302
  279  257  237  220  206  195  186  177  167  156  143  128  112   97   84   75
   71   74   81   92  104  114  119  118  112  103   93   85   82   86   97  114
  136  161  187  213  238  261  282  301  317
    60.0-180.0 180.0   5.0 450.0                            LAT/LON1/LON2/DLON/H
  284  306  326  341  350  356  358  360  362  368  377  390  406  422  437  449
  455  458  456  454  452  450  449  446  440  430  417  402  385  367  347  325
  300  274  249  227  208  192  179  168  157  146  133  118  103   87   73   63
   58   58   64   74   86   97  105  108  105   98   90   83   79   80   86   97
  111  127  146  166  188  210  234  259  284
    57.5-180.0 180.0   5.0 450.0                            LAT/LON1/LON2/DLON/H
  245  277  307  332  351  362  369  372  375  379  386  397  413  431  449  465
  476  480  479  476  472  469  466  461  454  444  432  419  407  393  376  355
  329  300  270  243  219  199  183  170  158  146  133  120  106   92   79   68
   60   58   61   68   79   90   99  103  104  100   94   88   84   81   82   84
   89   96  105  118  135  157  183  212  245
    55.0-180.0 180.0   5.0 450.0                            LAT/LON1/LON2/DLON/H
  216  256  293  327  353  371  382  389  392  395  400  409  422  440  461  480
  493  498  496  491  484  479  475  470  463  454  444  436  430  422  409  389
  362  330  296  264  238  215  197  182  169  157  146  134  123  111   99   88
   79   74   73   77   85   94  103  109  111  110  107  102   96   91   86   80
   76   75   77   84   98  119  146  179  216
    52.5-180.0 180.0   5.0 450.0                            LAT/LON1/LON2/DLON/H
  211  253  295  333  364  387  403  413  419  422  424  429  438  454  475  494
  507  511  506  496  487  481  477  474  469  463  458  455  454  451  441  421
  391  355  318  285  258  236  218  202  188  176  165  156  147  138  129  119
  110  103   99   99  103  110  117  124  128  128  126  122  115  107   98   87
   77   70   69   75   89  110  138  172  211
    50.0-180.0 180.0   5.0 450.0                            LAT/LON1/LON2/DLON/H
  235  276  317  356  388  414  434  448  457  460  460  460  464  475  492  510
  521  520  510  496  484  477  476  477  477  475  474  476  479  478  467  443
  408  367  329  296  271  252  237  222  209  196  186  178  171  165  159  151
  143  136  131  128  129  133  139  145  150  151  149  144  137  127  115  102
   90   83   84   93  111  135  164  197  235
    47.5-180.0 180.0   5.0 450.0                            LAT/LON1/LON2/DLON/H
  285  322  359  394  426  452  474  492  504  509  507  501  498  503  515  528
  535  530  513  494  479  475  478  485  490  493  495  499  501  497  480  448
  406  361  322  293  274  261  249  237  224  211  201  193  189  185  181  176
  171  165  160  156  156  158  163  169  173  174  172  166  158  147  133  120
  110  108  115  133  158  187  218  250  285
    45.0-180.0 180.0   5.0 450.0                            LAT/LON1/LON2/DLON/H
  347  379  412  443  471  496  519  539  555  562  559  549  539  537  544  553
  554  543  520  496  481  479  488  501  511  516  519  520  518  505  479  437
  387  339  302  280  268  261  254  244  231  218  207  200  196  194  192  189
  186  183  179  176  175  178  183  189  194  195  191  184  174  162  149  138
  132  136  153  180  215  250  284  316  347
    42.5-180.0 180.0   5.0 450.0                            LAT/LON1/LON2/DLON/H
  407  436  465  493  518  540  562  584  603  613  610  597  582  575  578  583
  580  563  536  509  494  496  510  526  538  543  543  538  527  505  466  415
  360  312  281  267  263  262  257  247  233  219  207  199  195  194  193  192
  190  189  187  186  186  189  195  203  209  210  205  196  185  172  160  151
  149  159  184  221  265  307  345  377  407
    40.0-180.0 180.0   5.0 450.0                            LAT/LON1/LON2/DLON/H
  449  479  509  536  558  578  598  620  641  653  652  639  623  614  615  619
  614  594  564  536  522  526  542  559  570  571  564  552  531  499  453  397
  342  300  278  272  274  275  269  257  240  223  209  200  196  195  193  192
  191  190  189  188  188  192  201  211  219  220  214  204  191  178  166  157
  158  172  202  245  294  341  383  418  449
    37.5-180.0 180.0   5.0 450.0                            LAT/LON1/LON2/DLON/H
  468  503  537  567  590  607  624  644  666  682  684  673  659  652  654  659
  653  632  601  575  562  567  582  595  601  596  582  563  536  499  451  398
  352  321  311  313  317  315  303  284  261  240  223  213  208  206  204  201
  197  195  193  192  191  195  204  216  225  227  221  209  195  181  168  159
  159  173  203  247  297  347  392  431  468
    35.0-180.0 180.0   5.0 450.0                            LAT/LON1/LON2/DLON/H
  464  509  551  586  611  628  642  660  682  700  705  699  689  687  693  700
  694  673  645  621  611  615  625  632  630  618  600  577  549  515  475  434
  404  390  392  398  399  387  364  335  305  278  257  244  239  237  234  229
  222  217  212  207  203  204  211  223  233  235  228  215  200  185  171  160
  157  167  192  232  279  328  375  420  464
    32.5-180.0 180.0   5.0 450.0                            LAT/LON1/LON2/DLON/H
  449  503  555  598  627  644  657  674  696  715  724  723  719  722  732  739
  734  714  689  669  662  663  666  664  655  640  620  600  578  554  530  511
  502  506  517  523  514  489  452  412  373  339  313  297  292  291  288  280
  270  261  252  243  233  227  228  237  245  246  237  223  207  192  176  162
  155  159  179  211  252  298  346  396  449
    30.0-180.0 180.0   5.0 450.0                            LAT/LON1/LON2/DLON/H
  434  497  557  608  643  662  676  692  715  737  749  752  753  760  771  778
  770  749  727  713  708  706  702  693  680  665  651  638  627  621  618  622
  634  652  667  666  643  602  551  501  456  415  383  365  359  360  359  351
  339  327  315  301  283  267  260  260  262  259  249  233  216  200  184  168
  158  159  172  196  231  272  320  375  434
    27.5-180.0 180.0   5.0 450.0                            LAT/LON1/LON2/DLON/H
  432  499  565  621  661  686  702  722  747  773  789  795  798  806  815  816
  802  779  759  750  747  744  733  720  708  700  695  693  697  709  727  751
  777  800  810  795  756  699  640  586  537  492  455  433  428  433  435  430
  419  407  394  375  350  323  302  291  284  275  260  242  225  209  194  179
  169  168  179  199  228  265  312  368  432
    25.0-180.0 180.0   5.0 450.0                            LAT/LON1/LON2/DLON/H
  446  513  580  639  685  715  739  764  796  827  847  855  859  863  866  858
  835  806  787  782  782  777  763  749  743  746  754  765  781  806  839  873
  901  916  909  876  820  754  693  643  598  553  512  487  482  491  500  499
  492  484  473  453  421  384  349  324  306  288  268  248  232  217  203  191
  185  188  201  221  248  282  328  383  446
    22.5-180.0 180.0   5.0 450.0                            LAT/LON1/LON2/DLON/H
  474  537  601  661  711  749  782  817  858  896  922  932  934  934  928  908
  875  840  820  817  819  811  796  785  789  805  825  844  868  899  934  965
  979  971  938  883  814  746  694  656  622  582  541  513  510  523  538  545
  544  542  536  519  484  437  390  352  321  295  271  249  233  221  210  203
  204  214  234  258  286  320  363  415  474
    20.0-180.0 180.0   5.0 450.0                            LAT/LON1/LON2/DLON/H
  507  564  624  683  737  783  825  872  923  972 1005 1019 1020 1015 1002  972
  929  888  866  864  865  855  838  832  845  873  901  923  944  971  997 1009
  995  953  888  811  735  674  639  621  603  573  535  508  506  523  545  558
  565  570  571  558  524  472  416  366  326  294  266  245  230  220  214  212
  220  239  268  299  332  366  407  454  507
    17.5-180.0 180.0   5.0 450.0                            LAT/LON1/LON2/DLON/H
  536  586  642  701  759  812  863  919  982 1041 1083 1103 1106 1101 1084 1050
 1003  959  935  931  928  913  893  888  908  942  971  988 1001 1014 1021 1004
  953  871  774  679  603  556  542  548  550  534  504  479  478  499  524  544
  556  566  573  565  534  481  420  364  319  284  256  235  223  216  213  216
  230  257  293  333  370  407  446  489  536
    15.0-180.0 180.0   5.0 450.0                            LAT/LON1/LON2/DLON/H
  552  600  654  714  775  833  890  952 1022 1091 1142 1171 1181 1181 1169 1139
 1095 1053 1029 1021 1011  987  961  953  972 1004 1027 1034 1031 1028 1011  963
  872  753  629  526  456  427  434  461  483  483  463  444  445  466  494  515
  529  540  547  542  514  464  404  348  303  269  243  225  215  210  210  215
  231  262  303  348  390  429  468  509  552
    12.5-180.0 180.0   5.0 450.0                            LAT/LON1/LON2/DLON/H
  554  603  660  724  788  848  905  967 1039 1112 1172 1211 1233 1245 1245 1229
 1196 1162 1140 1127 1108 1073 1035 1018 1030 1053 1064 1056 1039 1019  983  907
  785  638  501  399  342  329  351  392  429  443  436  424  427  448  474  493
  503  508  510  502  476  430  376  325  284  254  233  219  211  207  207  211
  226  254  295  342  388  430  470  511  554
    10.0-180.0 180.0   5.0 450.0                            LAT/LON1/LON2/DLON/H
  547  602  665  734  801  861  913  968 1033 1105 1169 1219 1254 1282 1302 1306
 1293 1272 1254 1237 1207 1159 1108 1077 1075 1082 1078 1058 1031 1003  954  862
  724  566  430  340  299  298  325  369  412  437  442  439  445  463  485  498
  498  489  478  461  433  393  346  303  270  246  230  218  211  208  206  207
  216  237  273  319  366  412  455  499  547
     7.5-180.0 180.0   5.0 450.0                            LAT/LON1/LON2/DLON/H
  539  603  674  750  821  878  921  962 1013 1075 1138 1194 1242 1288 1329 1357
 1366 1361 1350 1331 1293 1234 1169 1123 1103 1094 1077 1048 1020  991  943  849
  711  561  441  372  348  351  373  407  447  478  494  498  505  519  536  541
  527  499  467  434  401  364  326  292  266  249  236  226  218  212  208  204
  205  216  244  286  336  385  434  484  539
     5.0-180.0 180.0   5.0 450.0                            LAT/LON1/LON2/DLON/H
  538  611  692  775  849  904  937  961  992 1036 1091 1147 1203 1261 1320 1369
 1400 1412 1409 1391 1349 1283 1210 1151 1116 1092 1066 1037 1014  995  956  873
  750  624  533  491  481  483  488  502  531  563  585  595  601  611  621  618
  590  540  483  431  389  354  323  296  276  263  251  238  227  219  211  203
  195  197  216  256  307  362  417  474  538
     2.5-180.0 180.0   5.0 450.0                            LAT/LON1/LON2/DLON/H
  548  629  718  807  886  940  966  974  982 1005 1044 1093 1148 1210 1278 1341
 1387 1412 1418 1404 1364 1301 1226 1161 1116 1083 1055 1032 1020 1014  989  925
  828  734  677  663  667  660  643  634  646  674  699  711  713  718  722  712
  672  602  520  448  397  362  335  313  296  283  269  252  235  223  214  202
  189  182  196  235  291  353  414  477  548
