ionex_files/COD0OPSFIN_20250820000_01D_01H_GIM.INX
     1.0            IONOSPHERE MAPS     GNSS                IONEX VERSION / TYPE
ADDNEQ2 V5.5        AIUB                27-MAR-25 19:04     PGM / RUN BY / DATE 
CODE'S GLOBAL IONOSPHERE MAPS FOR DAY 082, 2025             COMMENT             
Global ionosphere maps (GIM) are generated on a daily basis DESCRIPTION         
at CODE using data from about 300 GNSS sites of the IGS and DESCRIPTION         
other institutions. The vertical total electron content     DESCRIPTION         
(VTEC) is modeled in a solar-geomagnetic reference frame    DESCRIPTION         
using a spherical harmonics expansion up to degree and      DESCRIPTION         
order 15. Piece-wise linear functions are used for          DESCRIPTION         
representation in the time domain. The time spacing of      DESCRIPTION         
their vertices is 1 hour, conforming with the epochs of the DESCRIPTION         
VTEC maps.                                                  DESCRIPTION         
To convert line-of-sight TEC into vertical TEC, a modified  DESCRIPTION         
single-layer model mapping function approximating the JPL   DESCRIPTION         
extended slab model mapping function is adopted. The        DESCRIPTION         
mapping function is evaluated at geodetic satellite         DESCRIPTION         
elevation angles. For the computation of the ionospheric    DESCRIPTION         
pierce points, a spherical layer with a radius of 6821 km   DESCRIPTION         
is assumed, implying geocentric, not geodetic IONEX         DESCRIPTION         
latitudes.                                                  DESCRIPTION         
Instrumental biases with respect to each involved GNSS code DESCRIPTION         
observable are estimated as constant values for each        DESCRIPTION         
day. They are modeled with one set of bias parameters for   DESCRIPTION         
each satellite and each station in case of GPS and for each DESCRIPTION         
satellite-station link in case of GLONASS. The code bias    DESCRIPTION         
datum is defined by zero-mean conditions imposed on the     DESCRIPTION         
satellite bias estimates. In this file, just GPS C1W-C2W    DESCRIPTION         
satellite and station bias values are included. The         DESCRIPTION         
complete set of GNSS code bias results is provided in an    DESCRIPTION         
additional Bias-SINEX file as pseudo-absolute values        DESCRIPTION         
specific to each observable.                                DESCRIPTION         
Note: These GIM results correspond to the results for the   DESCRIPTION         
middle day of a 3-day combination analysis solving for 73   DESCRIPTION         
times 256, or 18688 VTEC parameters and 3 daily sets of     DESCRIPTION         
GNSS code bias parameters.                                  DESCRIPTION         
Contact address: code(at)aiub.unibe.ch                      DESCRIPTION         
Data archive:    ftp.aiub.unibe.ch/CODE/                    DESCRIPTION         
                 www.aiub.unibe.ch/download/CODE/           DESCRIPTION         
  2025     3    23     0     0     0                        EPOCH OF FIRST MAP  
  2025     3    24     0     0     0                        EPOCH OF LAST MAP   
  3600                                                      INTERVAL            
[...]
azgb badg bake bako barh bjfs bndy boav bogo bogt bor1 braz COMMENT             
brft brst brux cags cas1 ccj2 cedu chpg chti ckis coco cord COMMENT             
cpvg cpxf cro1 daej darw dav1 dgar dhlg drao dubo faa1 fair COMMENT             
flin flrs frdn ganp glps glsv gode gol2 gold gope gras graz COMMENT             
guam guug harb hers hert hlfx hnpt hob2 hofn holb hrao iddr COMMENT             
ieng iisc impz ineg invk iqal irkj jog2 joz2 karr kerg kir0 COMMENT             
kiri kiru kit3 kokb kokv koug kour krgg lama laut lmmf lpal COMMENT             
lpgs mac1 madr mal2 mana mas1 mat1 mate maui maw1 mcil mcm4 COMMENT             
mdo1 medi mgue mizu mkea mnls mobs morp mqzg mro1 mtka nano COMMENT             
naur nico nist nium nklg nlib nnor nrc1 ntus nya1 nyal onsa COMMENT             
opmt ous2 pado parc park pdel penc pert pie1 pimo pohn pol2 COMMENT             
polv pots pove ptag ptbb ptvl qaq1 quin rabt ramo reun reyk COMMENT             
rgdg rio2 roth salu samo sant savo sch2 scor scrz sctb scub COMMENT             
seyg sfer sofi spt0 ssia sthl stjo stk2 str2 suth sutm suwn COMMENT             
sydn syog tash thtg thti thu2 tid1 tidb tlse tn22 tong tow2 COMMENT             
tro1 tskb twtf txes uclu ufpr ulab unb3 unbj unsa urum usn7 COMMENT             
usud vald vill vtsp wab1 wab2 wark wgtn whit will wind wsrt COMMENT             
wtza wtzr wtzs wtzz wuhn xmis yar2 yar3 yarr yell ykro zeck COMMENT             
zim2 zim3 zimm                                              COMMENT             
                                                            END OF HEADER       
[from data line 9438]
    23                                                      START OF TEC MAP    
  2025     3    23    22     0     0                        EPOCH OF CURRENT MAP
    87.5-180.0 180.0   5.0 450.0                            LAT/LON1/LON2/DLON/H
  304  302  301  300  300  299  299  298  298  298  299  299  299  300  301  301
  302  302  303  303  304  304  304  304  304  304  304  304  304  304  303  303
  303  302  302  302  302  302  302  302  303  303  304  305  306  307  308  309
  310  311  312  313  315  316  316  317  318  318  318  318  318  317  317  316
  315  313  312  311  309  308  306  305  304
    85.0-180.0 180.0   5.0 450.0                            LAT/LON1/LON2/DLON/H
  285  282  279  277  275  275  275  275  277  278  281  283  286  289  292  294
  297  299  301  303  304  305  305  305  305  304  304  302  301  299  298  296
  294  292  290  289  288  287  286  285  285  286  287  288  290  292  295  298
  301  304  308  311  315  318  321  323  325  327  327  327  327  325  324  321
  318  314  310  306  302  297  293  289  285
    82.5-180.0 180.0   5.0 450.0                            LAT/LON1/LON2/DLON/H
  259  253  248  245  243  243  244  247  251  256  262  268  274  281  287  292
  297  301  304  307  309  310  310  310  309  307  305  303  300  297  293  290
  286  282  279  275  272  270  267  265  264  264  264  265  267  270  273  278
  283  289  295  301  307  313  318  322  326  328  330  330  329  328  324  320
  315  309  303  296  288  280  273  265  259
    80.0-180.0 180.0   5.0 450.0                            LAT/LON1/LON2/DLON/H
  234  226  219  215  213  214  217  223  230  240  250  260  271  280  289  296
  302  307  310  313  314  315  314  313  311  309  306  302  298  293  289  284
  279  274  269  265  260  256  252  249  246  244  242  242  243  245  249  254
  260  267  274  282  290  298  305  310  315  318  320  321  320  318  314  310
  304  298  290  282  272  263  253  243  234
    77.5-180.0 180.0   5.0 450.0                            LAT/LON1/LON2/DLON/H
  221  211  203  197  195  197  202  211  223  236  251  265  279  290  300  307
  312  315  317  317  317  316  314  312  309  305  301  297  292  286  281  275
  270  265  261  256  252  247  243  239  234  230  227  224  222  222  224  228
  234  241  249  257  266  274  281  287  291  293  295  295  294  292  290  288
  284  280  275  268  261  252  242  231  221
    75.0-180.0 180.0   5.0 450.0                            LAT/LON1/LON2/DLON/H
  227  216  207  200  197  198  205  216  231  248  267  284  298  310  317  322
  323  322  320  317  314  311  308  304  300  295  290  284  278  272  266  260
  256  252  249  246  243  241  238  234  229  223  217  212  207  203  202  204
  207  213  221  229  237  244  249  253  255  255  254  254  253  253  253  255
  256  258  259  259  257  253  246  237  227
    72.5-180.0 180.0   5.0 450.0                            LAT/LON1/LON2/DLON/H
  254  243  233  223  218  218  224  236  253  273  293  311  325  334  338  336
  332  326  319  313  307  303  298  293  287  280  272  264  256  248  241  236
  232  230  229  230  230  231  231  229  225  219  211  202  194  187  182  180
  182  186  192  199  205  210  213  213  211  208  205  203  202  204  208  215
  224  234  245  254  261  266  266  262  254
    70.0-180.0 180.0   5.0 450.0                            LAT/LON1/LON2/DLON/H
  295  286  274  262  253  250  254  265  282  303  324  341  353  358  356  348
  337  326  315  307  300  294  288  281  273  262  251  239  227  217  209  203
  200  199  201  205  209  214  218  219  217  212  203  192  181  170  162  157
  156  159  164  170  174  177  176  172  166  160  154  150  150  154  163  175
  192  211  232  253  271  286  295  298  295
    67.5-180.0 180.0   5.0 450.0                            LAT/LON1/LON2/DLON/H
  339  333  321  306  293  285  284  293  308  328  348  365  374  374  367  354
  339  324  312  303  297  292  285  276  263  248  231  214  199  186  175  168
  165  165  168  174  181  189  196  201  202  198  189  178  164  151  140  133
  131  133  137  143  146  147  143  136  126  117  109  106  107  114  126  144
  166  192  221  251  280  306  325  336  339
    65.0-180.0 180.0   5.0 450.0                            LAT/LON1/LON2/DLON/H
  373  371  360  343  326  313  308  312  324  342  360  375  382  380  369  354
  337  323  313  307  304  299  292  279  262  241  219  197  178  162  150  142
  137  136  138  143  151  160  169  176  178  176  169  157  142  128  116  108
  106  108  113  119  122  121  115  106   95   84   78   76   80   90  106  125
  150  178  210  246  282  316  344  364  373
    62.5-180.0 180.0   5.0 450.0                            LAT/LON1/LON2/DLON/H
  389  391  383  367  348  331  320  319  326  340  357  370  377  374  364  349
  335  325  321  320  321  319  310  294  272  246  219  194  172  156  143  133
  127  122  121  123  127  134  142  148  151  150  143  132  118  104   92   85
   83   86   92   98  102  101   94   84   73   65   61   64   73   88  105  125
  147  172  202  236  274  313  347  373  389
    60.0-180.0 180.0   5.0 450.0                            LAT/LON1/LON2/DLON/H
  384  392  388  375  357  338  324  316  318  328  341  354  361  361  354  343
  335  332  335  342  347  347  337  318  292  263  234  208  188  172  160  149
  140  131  124  119  117  119  122  125  127  125  119  109   96   83   73   67
   66   70   77   83   87   86   80   71   62   58   60   70   85  104  123  141
  157  175  197  225  260  298  334  364  384
    57.5-180.0 180.0   5.0 450.0                            LAT/LON1/LON2/DLON/H
  367  379  381  373  360  343  326  314  309  313  322  334  343  346  344  340
  339  344  355  368  377  377  367  347  319  290  263  240  223  211  200  188
  175  160  146  133  123  118  114  113  110  107  101   92   82   72   63   58
   58   62   69   75   79   77   72   65   60   61   70   88  111  134  155  169
  179  187  199  219  246  280  314  344  367
    55.0-180.0 180.0   5.0 450.0                            LAT/LON1/LON2/DLON/H
  348  363  370  372  366  354  338  322  310  307  311  321  332  339  341  343
  348  359  375  392  403  404  394  374  349  324  302  286  274  264  253  240
  222  201  179  159  143  130  120  112  106  100   94   87   80   72   65   61
   61   64   70   75   77   76   71   66   65   71   87  111  141  170  192  204
  209  209  212  223  243  270  299  326  348
    52.5-180.0 180.0   5.0 450.0                            LAT/LON1/LON2/DLON/H
  341  356  369  380  385  382  369  350  332  320  318  325  335  344  349  353
  361  375  392  410  421  422  413  397  378  360  346  335  327  318  305  288
  265  238  211  187  166  149  134  123  113  105   99   94   89   84   79   76
   75   77   80   83   84   82   78   75   76   86  106  135  170  202  226  239
  241  238  238  244  259  280  303  323  341
    50.0-180.0 180.0   5.0 450.0                            LAT/LON1/LON2/DLON/H
  355  368  385  405  422  429  422  402  377  357  348  350  358  366  370  373
  378  389  405  420  429  430  424  414  404  395  387  379  370  358  340  316
  288  258  229  204  183  166  151  138  127  118  113  110  108  105  101   98
   96   96   97   98   97   95   92   90   94  105  126  156  192  226  253  268
  272  272  274  282  297  315  331  344  355
    47.5-180.0 180.0   5.0 450.0                            LAT/LON1/LON2/DLON/H
  392  401  420  447  475  493  493  474  444  416  399  396  401  405  404  400
  399  404  415  426  432  434  431  428  426  423  418  409  394  373  347  316
  283  252  224  203  187  174  163  152  142  135  131  130  129  128  125  122
  120  118  118  118  117  115  113  113  117  127  146  173  206  240  268  288
  299  306  317  333  353  371  383  389  392
    45.0-180.0 180.0   5.0 450.0                            LAT/LON1/LON2/DLON/H
  447  451  469  501  538  565  571  554  521  488  466  458  458  456  447  434
  424  421  426  433  437  439  441  444  446  445  436  418  393  361  327  290
  255  225  202  187  179  173  168  161  154  150  148  148  149  148  145  142
  140  139  139  140  139  139  139  140  144  152  166  187  215  246  276  300
  319  337  360  387  416  438  449  449  447
    42.5-180.0 180.0   5.0 450.0                            LAT/LON1/LON2/DLON/H
  507  509  525  558  599  631  643  629  596  561  536  526  523  515  497  474
  454  444  444  448  452  455  459  464  465  458  439  409  372  332  292  254
  221  195  178  170  168  169  169  167  164  162  162  163  163  161  158  155
  153  154  157  160  162  163  165  169  173  178  186  200  221  249  279  308
  334  362  396  434  472  500  513  513  507
    40.0-180.0 180.0   5.0 450.0                            LAT/LON1/LON2/DLON/H
  561  563  578  609  648  682  697  687  657  624  601  591  586  574  549  517
  490  475  472  476  480  484  488  489  483  464  432  390  345  303  266  233
  206  186  174  170  170  172  174  174  173  173  173  173  171  168  163  160
  161  165  171  177  182  185  189  194  198  202  205  213  229  254  284  315
  346  379  419  465  509  543  561  564  561
    37.5-180.0 180.0   5.0 450.0                            LAT/LON1/LON2/DLON/H
  600  607  622  648  682  712  728  722  699  671  653  647  643  629  600  564
  532  516  513  517  522  525  525  519  500  467  421  373  331  298  274  255
  238  224  213  205  200  196  193  190  188  188  187  184  180  173  167  164
  166  172  182  191  197  202  206  212  217  219  221  226  239  262  293  325
  356  389  429  474  520  558  583  595  600
    35.0-180.0 180.0   5.0 450.0                            LAT/LON1/LON2/DLON/H
  621  639  656  677  701  725  739  737  722  703  693  692  691  679  649  612
  580  563  561  565  570  570  565  548  515  468  417  373  345  335  334  334
  329  319  304  286  267  248  233  222  216  212  208  202  194  185  177  174
  175  182  192  202  208  212  214  219  224  228  230  235  249  275  307  339
  367  395  426  464  505  545  577  602  621
    32.5-180.0 180.0   5.0 450.0                            LAT/LON1/LON2/DLON/H
  630  662  685  701  715  729  740  743  737  728  726  731  734  724  696  660
  630  613  609  612  613  610  598  571  528  475  427  400  401  422  450  471
  476  466  441  405  365  326  294  271  257  248  240  231  220  210  201  196
  195  199  207  214  217  216  214  216  220  226  231  240  258  288  324  356
  380  397  416  442  475  513  553  593  630
    30.0-180.0 180.0   5.0 450.0                            LAT/LON1/LON2/DLON/H
  636  684  715  728  732  737  746  753  757  758  762  771  777  769  744  710
  680  660  651  646  642  634  618  587  541  492  459  460  496  552  606  643
  653  637  598  542  478  416  366  331  309  296  284  273  262  252  243  235
  229  226  226  227  224  216  208  204  207  214  223  237  261  298  339  373
  393  401  406  418  442  477  524  579  636
    27.5-180.0 180.0   5.0 450.0                            LAT/LON1/LON2/DLON/H
  648  712  752  765  763  761  768  781  793  802  812  822  826  818  794  761
  728  701  680  663  650  640  626  598  559  523  514  546  616  699  769  811
  817  792  738  664  580  499  434  391  365  349  336  325  316  310  302  290
  276  261  251  242  231  216  200  190  189  195  207  226  256  300  347  385
  404  406  402  404  420  453  505  574  648
    25.0-180.0 180.0   5.0 450.0                            LAT/LON1/LON2/DLON/H
  673  749  798  814  810  806  813  831  851  868  880  888  888  876  850  815
  776  736  698  665  643  633  626  611  587  572  588  646  736  829  898  930
  925  888  823  737  642  552  482  437  412  398  388  381  377  375  369  354
  329  301  277  259  240  217  194  177  172  176  189  210  244  292  346  389
  412  414  408  406  419  452  509  586  673
    22.5-180.0 180.0   5.0 450.0                            LAT/LON1/LON2/DLON/H
  710  794  849  871  871  868  877  900  928  951  966  970  963  945  914  874
  825  769  711  660  630  624  631  635  631  636  670  740  829  908  955  965
  943  897  829  742  647  561  497  460  443  435  431  430  433  437  433  414
  379  337  301  273  249  222  193  171  161  163  173  192  226  277  336  386
  415  424  423  426  442  478  537  618  710
    20.0-180.0 180.0   5.0 450.0                            LAT/LON1/LON2/DLON/H
  756  840  900  930  936  938  951  978 1013 1043 1060 1061 1048 1022  986  939
  880  808  731  665  630  631  654  678  694  712  748  807  870  912  920  899
  862  813  752  676  595  524  477  456  453  455  459  464  474  484  482  459
  415  363  317  284  257  229  199  175  162  159  164  178  209  258  319  376
  415  435  446  459  484  526  587  666  756
    17.5-180.0 180.0   5.0 450.0                            LAT/LON1/LON2/DLON/H
  802  881  943  980  995 1003 1019 1050 1090 1128 1150 1152 1135 1103 1062 1010
  944  860  769  694  658  668  706  746  772  788  808  832  846  834  796  747
  702  661  617  562  504  457  434  433  445  458  468  479  493  506  506  481
  431  373  323  288  263  238  211  188  174  167  165  172  196  241  303  365
  414  447  472  499  536  585  647  721  802
    15.0-180.0 180.0   5.0 450.0                            LAT/LON1/LON2/DLON/H
  842  912  973 1016 1041 1054 1071 1101 1145 1191 1222 1230 1213 1179 1136 1084
 1016  929  834  757  724  741  788  834  856  855  839  811  763  693  615  550
  510  489  469  439  407  386  387  406  431  451  464  475  490  503  501  475
  425  367  318  286  266  248  227  208  195  185  177  176  192  232  292  357
  413  458  497  539  588  645  706  772  842
    12.5-180.0 180.0   5.0 450.0                            LAT/LON1/LON2/DLON/H
  873  932  990 1038 1070 1086 1100 1126 1170 1222 1265 1283 1273 1242 1202 1155
 1093 1013  925  854  825  845  891  929  934  901  838  750  642  526  426  365
  347  353  359  352  341  342  361  392  422  442  452  459  468  476  473  447
  402  350  307  282  268  256  244  231  221  209  196  188  197  232  289  355
  417  470  519  572  631  695  757  816  873
    10.0-180.0 180.0   5.0 450.0                            LAT/LON1/LON2/DLON/H
  897  947 1001 1052 1087 1103 1109 1126 1166 1223 1277 1307 1307 1285 1253 1216
 1168 1103 1030  971  947  962  996 1014  992  920  809  669  517  380  284  249
  266  302  329  336  336  346  373  406  432  443  442  438  437  437  430  407
  369  328  295  277  269  263  258  252  246  234  218  205  210  242  297  362
  425  482  536  595  661  729  793  849  897
     7.5-180.0 180.0   5.0 450.0                            LAT/LON1/LON2/DLON/H
  919  964 1014 1066 1102 1114 1110 1114 1145 1202 1262 1303 1314 1303 1283 1260
 1229 1185 1133 1087 1066 1070 1082 1073 1018  912  764  592  425  296  234  243
  300  361  397  403  401  408  430  454  465  459  441  421  407  397  385  366
  339  310  289  276  271  268  267  268  265  254  236  222  227  258  312  375
  437  494  549  609  677  750  818  874  919
     5.0-180.0 180.0   5.0 450.0                            LAT/LON1/LON2/DLON/H
  944  988 1038 1088 1124 1131 1117 1107 1126 1175 1234 1280 1299 1299 1290 1281
 1269 1246 1213 1180 1156 1144 1130 1092 1011  883  720  545  394  304  294  356
  447  520  549  540  522  517  524  528  517  488  451  414  386  366  350  334
  317  301  289  280  274  270  271  275  275  265  247  234  242  276  330  392
  451  506  558  616  683  758  832  895  944
     2.5-180.0 180.0   5.0 450.0                            LAT/LON1/LON2/DLON/H
  973 1022 1073 1123 1158 1162 1142 1121 1125 1160 1209 1251 1272 1278 1279 1280
 1281 1274 1256 1230 1200 1169 1130 1070  976  847  694  545  438  406  456  562
  672  738  744  709  668  643  630  612  576  524  468  417  378  350  331  318
  309  302  295  286  276  268  267  273  274  265  248  238  252  291  346  406
  463  514  563  616  681  758  840  914  973
