ionex_files/COD0OPSFIN_20250900000_01D_01H_GIM.INX
     1.0            IONOSPHERE MAPS     GNSS                IONEX VERSION / TYPE
ADDNEQ2 V5.5        AIUB                04-APR-25 19:04     PGM / RUN BY / DATE 
CODE'S GLOBAL IONOSPHERE MAPS FOR DAY 090, 2025             COMMENT             
Global ionosphere maps (GIM) are generated on a daily basis DESCRIPTION         
at CODE using data from about 300 GNSS sites of the IGS and DESCRIPTION         
other institutions. The vertical total electron content     DESCRIPTION         
(VTEC) is modeled in a solar-geomagnetic reference frame    DESCRIPTION         
using a spherical harmonics expansion up to degree and      DESCRIPTION         
order 15. Piece-wise linear functions are used for          DESCRIPTION         
representation in the time domain. The time spacing of      DESCRIPTION         
their vertices is 1 hour, conforming with the epochs of the DESCRIPTION         
VTEC maps.                                                  DESCRIPTION         
To convert line-of-sight TEC into vertical TEC, a modified  DESCRIPTION         
single-layer model mapping function approximating the JPL   DESCRIPTION         
extended slab model mapping function is adopted. The        DESCRIPTION         
mapping function is evaluated at geodetic satellite         DESCRIPTION         
elevation angles. For the computation of the ionospheric    DESCRIPTION         
pierce points, a spherical layer with a radius of 6821 km   DESCRIPTION         
is assumed, implying geocentric, not geodetic IONEX         DESCRIPTION         
latitudes.                                                  DESCRIPTION         
Instrumental biases with respect to each involved GNSS code DESCRIPTION         
observable are estimated as constant values for each        DESCRIPTION         
day. They are modeled with one set of bias parameters for   DESCRIPTION         
each satellite and each station in case of GPS and for each DESCRIPTION         
satellite-station link in case of GLONASS. The code bias    DESCRIPTION         
datum is defined by zero-mean conditions imposed on the     DESCRIPTION         
satellite bias estimates. In this file, just GPS C1W-C2W    DESCRIPTION         
satellite and station bias values are included. The         DESCRIPTION         
complete set of GNSS code bias results is provided in an    DESCRIPTION         
additional Bias-SINEX file as pseudo-absolute values        DESCRIPTION         
specific to each observable.                                DESCRIPTION         
Note: These GIM results correspond to the results for the   DESCRIPTION         
middle day of a 3-day combination analysis solving for 73   DESCRIPTION         
times 256, or 18688 VTEC parameters and 3 daily sets of     DESCRIPTION         
GNSS code bias parameters.                                  DESCRIPTION         
Contact address: code(at)aiub.unibe.ch                      DESCRIPTION         
Data archive:    ftp.aiub.unibe.ch/CODE/                    DESCRIPTION         
                 www.aiub.unibe.ch/download/CODE/           DESCRIPTION         
  2025     3    31     0     0     0                        EPOCH OF FIRST MAP  
  2025     4     1     0     0     0                        EPOCH OF LAST MAP   
  3600                                                      INTERVAL            
[...]
abpo adis albh algo alic amu2 antc areg areq ascg aspa auck COMMENT             
azgb badg bake barh bjfs bndy boav bogo bogt bor1 braz brft COMMENT             
brst brux cas1 ccj2 cedu chpg chti chur ckis coco cord cpvg COMMENT             
cpxf cro1 daej darw dav1 dgar dhlg drao dubo ebre faa1 fair COMMENT             
flin flrs func glps glsv gode gol2 gold gope gras graz guam COMMENT             
guug harb hers hert hlfx hnpt hob2 hofn holb hrao iddr ieng COMMENT             
iisc impz ineg invk iqal irkj jog2 joz2 karr kerg kir0 kiri COMMENT             
kiru kit3 kokb kokv koug kour krgg lama laut lmmf lpal lpgs COMMENT             
mac1 madr mal2 mana mas1 mat1 mate maui maw1 mcil mcm4 mdo1 COMMENT             
medi mgue mizu mkea mnls mobs morp mqzg mro1 mtka nano naur COMMENT             
nico nist nium nklg nlib nnor not1 nrc1 ntus nya1 nyal onsa COMMENT             
opmt ous2 pado parc park pdel penc pert pie1 pimo pohn pol2 COMMENT             
polv pots pove ptag ptbb ptvl qaq1 quin rabt ramo reun reyk COMMENT             
rgdg rio2 roth salu samo sant savo sch2 scor scrz scub seyg COMMENT             
sfer spt0 ssia sthl stjo stk2 str2 suth sutm suwn sydn syog COMMENT             
tash thtg thti thu2 tid1 tidb tlse tn22 tong tow2 tro1 tskb COMMENT             
twtf txes uclu ufpr ulab unsa urum usn7 usud vald vill vtsp COMMENT             
wab1 wab2 whit will wind wsrt wtza wtzr wtzs wtzz wuhn xmis COMMENT             
yar2 yar3 yarr yell ykro zeck zim2 zim3 zimm                COMMENT             
                                                            END OF HEADER       
[from data line 5148]
    13                                                      START OF TEC MAP    
  2025     3    31    12     0     0                        EPOCH OF CURRENT MAP
    87.5-180.0 180.0   5.0 450.0                            LAT/LON1/LON2/DLON/H
  152  153  154  156  158  159  161  164  166  168  170  173  175  177  179  181
  183  185  187  188  189  190  190  191  191  190  190  189  188  187  185  183
  182  179  177  175  173  170  168  165  163  161  158  156  154  152  151  149
  148  147  146  145  145  145  144  144  144  144  144  145  145  145  145  146
  146  146  147  147  148  149  149  150  152
    85.0-180.0 180.0   5.0 450.0                            LAT/LON1/LON2/DLON/H
  148  148  149  150  153  155  159  162  167  171  176  181  186  191  196  200
  204  208  211  214  217  218  220  220  221  220  220  218  217  214  212  209
  205  202  198  193  189  184  179  175  170  165  161  158  154  151  149  148
  147  146  146  147  148  149  150  152  153  155  156  157  157  157  157  157
  156  155  153  152  151  149  148  148  148
    82.5-180.0 180.0   5.0 450.0                            LAT/LON1/LON2/DLON/H
  149  146  145  144  145  147  151  155  161  167  174  181  189  196  203  209
  215  221  225  229  232  235  236  238  238  239  238  238  236  235  233  230
  227  223  219  214  208  203  197  191  185  179  174  169  166  163  161  161
  161  163  166  170  174  179  184  189  194  197  200  202  203  202  200  197
  193  188  183  177  170  164  159  154  149
    80.0-180.0 180.0   5.0 450.0                            LAT/LON1/LON2/DLON/H
  158  149  143  139  137  137  140  144  150  157  165  173  182  191  199  206
  213  218  223  227  230  233  235  237  238  240  241  242  243  244  244  244
  243  241  239  236  232  227  221  216  210  204  199  194  191  189  189  191
  195  200  207  216  225  235  244  253  261  268  272  275  275  272  268  261
  252  241  230  217  204  191  179  168  158
    77.5-180.0 180.0   5.0 450.0                            LAT/LON1/LON2/DLON/H
  171  157  145  137  132  129  129  132  137  143  151  159  168  177  185  192
  198  203  206  210  212  215  217  220  223  226  230  235  239  243  247  251
  254  256  258  258  257  255  252  248  243  239  235  232  230  230  232  237
  244  254  265  279  293  307  321  334  344  352  357  359  357  352  343  332
  318  301  283  264  244  224  205  187  171
    75.0-180.0 180.0   5.0 450.0                            LAT/LON1/LON2/DLON/H
  186  167  152  140  131  125  123  123  126  130  136  143  151  158  164  170
  175  178  180  183  185  187  190  195  200  207  214  222  230  239  247  255
  263  270  275  280  282  284  284  283  282  279  278  276  277  279  284  292
  302  315  331  348  366  383  399  413  424  431  434  433  428  419  406  390
  371  350  327  303  278  253  229  206  186
    72.5-180.0 180.0   5.0 450.0                            LAT/LON1/LON2/DLON/H
  197  177  160  146  135  127  122  119  119  121  124  128  133  138  143  147
  149  151  152  154  156  159  164  171  180  190  201  212  224  237  249  260
  272  282  291  299  306  311  315  317  319  320  320  322  325  329  336  346
  359  375  392  411  430  447  462  474  482  485  484  478  467  453  436  416
  394  371  347  321  295  269  244  220  197
    70.0-180.0 180.0   5.0 450.0                            LAT/LON1/LON2/DLON/H
  200  181  165  152  141  132  126  121  118  116  116  117  119  121  124  126
  127  128  128  130  133  138  146  156  169  183  197  212  227  241  255  269
  282  295  307  317  326  334  341  346  350  354  357  361  366  373  381  393
  407  422  440  457  473  488  498  505  506  502  493  480  463  444  423  401
  379  356  334  312  289  266  243  221  200
    67.5-180.0 180.0   5.0 450.0                            LAT/LON1/LON2/DLON/H
  191  176  163  153  144  137  131  125  120  115  111  109  108  109  110  111
  112  112  113  115  120  128  140  155  172  189  207  223  239  254  268  282
  296  309  322  333  343  352  360  367  373  379  384  390  396  404  413  424
  438  452  466  480  491  498  502  500  493  480  463  442  418  394  369  347
  327  308  292  276  259  243  225  208  191
    65.0-180.0 180.0   5.0 450.0                            LAT/LON1/LON2/DLON/H
  170  159  151  145  141  137  133  128  121  114  108  104  101  101  101  102
  103  104  106  110  117  129  146  165  186  207  226  244  259  273  286  299
  313  326  338  349  358  366  374  381  387  394  401  407  414  422  430  440
  451  462  472  479  483  483  477  466  450  429  404  376  346  318  292  270
  253  240  230  222  214  204  194  182  170
    62.5-180.0 180.0   5.0 450.0                            LAT/LON1/LON2/DLON/H
  141  134  129  128  128  129  128  125  120  113  106  100   97   96   97   98
  100  102  106  112  123  138  159  183  207  231  251  267  281  294  306  319
  333  346  358  368  375  381  386  391  397  403  409  416  422  428  435  443
  451  457  462  463  459  450  436  417  394  367  337  304  271  240  213  193
  178  170  167  166  165  162  157  149  141
    60.0-180.0 180.0   5.0 450.0                            LAT/LON1/LON2/DLON/H
  111  105  102  104  108  113  117  117  114  109  102   97   93   93   95   98
  101  105  110  118  132  151  175  203  230  254  274  290  302  314  326  341
  356  370  383  392  397  399  401  403  406  411  416  421  425  430  434  439
  443  446  445  440  429  414  394  370  344  314  283  249  216  184  157  137
  124  119  120  124  127  128  125  119  111
    57.5-180.0 180.0   5.0 450.0                            LAT/LON1/LON2/DLON/H
   90   82   78   79   84   92  100  105  106  103   98   93   90   91   93   97
  103  108  116  127  143  164  191  221  249  274  294  309  321  332  346  363
  381  399  413  421  424  423  421  419  420  422  425  428  430  432  433  435
  437  436  431  421  406  386  363  338  313  286  257  226  195  164  138  117
  104   99  101  105  110  111  107   99   90
    55.0-180.0 180.0   5.0 450.0                            LAT/LON1/LON2/DLON/H
   84   71   63   61   65   74   83   92   97   97   95   91   89   89   92   97
  104  112  122  135  153  176  205  235  264  290  309  324  336  349  366  386
  409  430  446  455  457  453  447  442  440  439  440  441  440  439  438  438
  437  434  427  414  396  375  352  329  307  285  262  237  209  182  155  134
  119  111  110  112  115  114  108   97   84
    52.5-180.0 180.0   5.0 450.0                            LAT/LON1/LON2/DLON/H
   95   78   64   57   57   63   73   83   91   95   95   93   90   89   91   96
  104  115  128  144  164  188  216  247  276  302  322  337  351  366  386  410
  437  462  481  491  492  487  479  472  467  464  462  460  457  453  450  449
  447  443  435  421  402  381  359  339  322  305  289  269  247  223  198  175
  156  144  138  137  136  134  126  112   95
    50.0-180.0 180.0   5.0 450.0                            LAT/LON1/LON2/DLON/H
  120  100   83   70   64   65   72   82   92   99  101   99   95   91   91   96
  105  118  135  154  175  200  228  258  287  313  335  352  368  386  408  434
  463  490  512  524  527  522  514  506  499  494  490  485  479  474  470  467
  465  460  452  438  419  398  377  360  345  332  320  305  287  266  243  220
  199  182  171  165  162  159  151  138  120
    47.5-180.0 180.0   5.0 450.0                            LAT/LON1/LON2/DLON/H
  151  133  115   98   86   81   83   91  102  110  114  111  105   98   94   97
  107  123  144  166  190  215  241  270  299  326  350  370  388  407  430  456
  485  513  536  551  557  557  551  543  535  528  520  512  505  498  493  490
  487  483  474  460  441  419  398  379  363  350  337  324  309  291  272  249
  227  207  191  183  179  177  173  165  151
    45.0-180.0 180.0   5.0 450.0                            LAT/LON1/LON2/DLON/H
  177  166  152  135  119  108  105  109  118  127  132  128  119  108  101  102
  113  131  155  180  206  231  256  283  312  341  367  390  409  429  450  474
  500  527  551  571  584  590  589  584  575  564  552  540  530  522  517  514
  511  506  496  480  460  436  412  389  368  348  331  315  301  287  271  252
  231  209  192  181  178  180  183  182  177
    42.5-180.0 180.0   5.0 450.0                            LAT/LON1/LON2/DLON/H
  190  190  184  172  155  140  131  131  139  148  152  148  137  123  113  112
  121  141  168  196  223  247  271  297  325  355  383  408  428  446  465  486
  509  535  561  587  609  625  632  630  619  603  584  568  555  547  543  540
  535  528  515  498  475  449  419  389  359  330  304  284  269  258  247  232
  213  192  174  162  160  166  175  184  190
    40.0-180.0 180.0   5.0 450.0                            LAT/LON1/LON2/DLON/H
  187  199  204  200  187  170  157  153  158  167  172  168  156  141  129  125
  133  153  181  210  238  262  285  309  337  366  395  420  440  457  474  492
  514  540  571  605  639  667  683  684  671  647  621  598  583  575  572  569
  563  552  536  515  490  460  425  387  347  308  274  248  232  223  217  207
  191  170  151  138  134  141  154  171  187
    37.5-180.0 180.0   5.0 450.0                            LAT/LON1/LON2/DLON/H
  171  193  210  215  208  193  178  171  174  182  187  185  174  160  147  142
  148  166  192  222  250  273  294  317  343  372  400  424  443  460  477  496
  520  549  587  632  678  719  744  748  732  701  665  635  617  611  609  607
  598  583  563  539  511  479  441  398  350  304  263  233  217  210  207  200
  186  165  143  125  117  119  131  149  171
    35.0-180.0 180.0   5.0 450.0                            LAT/LON1/LON2/DLON/H
  152  178  203  217  217  205  191  183  183  190  195  195  189  177  166  160
  163  177  201  229  257  279  299  320  344  371  397  419  439  458  479  504
  533  570  616  671  730  782  815  822  802  763  719  683  663  658  660  658
  648  629  605  578  550  517  479  434  385  337  295  265  250  244  242  235
  219  196  168  143  126  117  119  131  152
    32.5-180.0 180.0   5.0 450.0                            LAT/LON1/LON2/DLON/H
  143  165  191  211  217  210  197  188  187  192  197  200  197  191  183  177
  177  186  206  233  259  282  301  320  341  365  389  410  431  456  486  521
  560  606  661  725  792  852  891  899  877  832  782  742  722  720  725  725
  714  692  666  638  610  580  545  505  460  417  380  355  342  337  332  322
  301  272  237  202  171  147  133  131  143
    30.0-180.0 180.0   5.0 450.0                            LAT/LON1/LON2/DLON/H
  153  164  185  205  213  210  200  190  187  189  194  198  200  200  196  191
  188  193  209  234  260  282  300  317  337  359  380  402  427  460  502  550
  603  658  719  787  858  920  961  970  948  903  851  811  793  795  804  806
  795  771  744  717  692  667  638  606  571  539  512  495  485  479  470  452
  424  388  345  299  254  213  179  158  153
    27.5-180.0 180.0   5.0 450.0                            LAT/LON1/LON2/DLON/H
  188  183  192  206  213  211  202  193  187  186  187  192  198  203  204  199
  194  196  210  233  259  282  299  315  333  354  377  401  433  476  532  595
  658  721  784  850  916  974 1013 1024 1005  965  918  882  869  876  889  893
  881  858  831  807  787  767  746  723  700  680  666  657  651  642  626  600
  565  522  473  419  363  306  253  212  188
    25.0-180.0 180.0   5.0 450.0                            LAT/LON1/LON2/DLON/H
  245  223  217  219  221  217  209  200  191  185  182  185  193  202  206  202
  197  198  211  234  261  283  299  314  333  356  383  413  453  507  575  650
  721  786  845  902  957 1004 1037 1049 1038 1009  973  947  941  952  968  973
  961  939  915  894  878  862  847  833  819  809  804  801  796  785  763  730
  690  644  593  537  475  410  345  287  245
    22.5-180.0 180.0   5.0 450.0                            LAT/LON1/LON2/DLON/H
  316  277  255  244  237  230  221  211  200  189  181  180  187  197  202  201
  196  197  212  237  264  286  301  316  337  365  399  439  488  551  628  709
  782  844  893  935  972 1003 1027 1041 1042 1029 1010  996  998 1013 1029 1032
 1021 1000  979  962  948  935  922  910  900  893  889  887  882  868  842  807
  767  724  679  627  568  503  435  370  316
    20.0-180.0 180.0   5.0 450.0                            LAT/LON1/LON2/DLON/H
  385  336  300  275  259  247  237  227  214  199  186  180  183  192  197  196
  193  197  215  242  270  290  304  319  344  380  425  475  533  603  682  762
  832  885  921  945  961  974  988 1004 1018 1024 1024 1025 1033 1049 1062 1062
 1049 1030 1012  998  985  970  954  938  922  908  897  889  881  866  841  810
  776  744  710  670  623  567  506  443  385
    17.5-180.0 180.0   5.0 450.0                            LAT/LON1/LON2/DLON/H
  440  388  342  306  280  264  254  244  231  213  196  186  184  189  192  191
  190  198  218  248  276  294  306  322  352  399  457  518  583  654  730  803
  864  905  927  933  931  927  931  948  974 1000 1018 1031 1044 1057 1064 1059
 1043 1025 1010  997  983  964  939  912  882  851  825  805  792  779  761  739
  718  701  684  661  631  592  546  494  440
    15.0-180.0 180.0   5.0 450.0                            LAT/LON1/LON2/DLON/H
  473  423  373  329  297  277  266  259  247  229  210  196  191  190  190  188
  189  200  223  253  280  297  307  325  362  420  490  561  629  696  763  826
  876  906  917  911  894  877  872  890  926  966  999 1020 1033 1041 1040 1029
 1009  991  978  966  949  923  889  846  795  741  693  660  642  634  627  619
  615  614  615  611  599  580  553  517  473
    12.5-180.0 180.0   5.0 450.0                            LAT/LON1/LON2/DLON/H
  482  438  388  341  304  282  272  267  258  243  225  210  201  197  192  189
  190  203  227  257  282  297  307  328  372  440  521  599  666  725  781  831
  871  894  899  887  864  840  830  848  889  937  977 1000 1010 1010 1001  983
  961  943  932  920  900  868  822  763  692  613  543  496  477  477  484  492
  501  515  530  541  546  544  534  515  482
    10.0-180.0 180.0   5.0 450.0                            LAT/LON1/LON2/DLON/H
  475  437  388  340  301  278  270  267  263  252  237  224  214  206  198  192
  193  206  229  257  281  296  308  333  383  460  548  627  690  739  782  822
  855  876  883  874  852  828  818  834  874  923  961  980  983  975  959  937
  915  899  889  878  856  819  766  695  606  508  421  366  350  361  381  400
  419  439  461  481  495  504  506  498  475
     7.5-180.0 180.0   5.0 450.0                            LAT/LON1/LON2/DLON/H
  460  425  379  332  293  269  261  260  259  253  244  234  225  215  205  197
  197  207  228  253  277  294  311  341  398  480  569  646  701  739  773  806
  837  862  875  875  863  846  838  852  888  929  958  967  961  947  929  907
  887  875  868  858  836  797  742  666  569  461  367  312  304  326  356  379
  396  413  432  451  467  478  483  479  460
     5.0-180.0 180.0   5.0 450.0                            LAT/LON1/LON2/DLON/H
  448  413  369  322  283  258  248  247  248  246  242  236  230  221  210  201
  198  205  222  246  272  295  318  355  416  499  586  657  702  731  757  788
  822  853  876  890  892  886  885  898  925  953  967  963  949  932  916  900
  887  881  878  870  849  813  761  689  594  489  400  354  357  389  422  439
  443  446  453  463  472  478  478  469  448
     2.5-180.0 180.0   5.0 450.0                            LAT/LON1/LON2/DLON/H
  446  408  363  316  277  250  237  233  233  233  232  230  226  219  209  199
  195  199  213  237  267  298  330  373  435  516  598  660  696  718  740  773
  812  850  883  909  926  936  943  956  973  985  982  965  944  929  920  916
  914  915  916  911  894  863  820  758  676  584  511  481  498  536  564  566
  548  528  515  511  509  503  492  474  446
