ionex_files/COD0OPSFIN_20250740000_01D_01H_GIM.INX
     1.0            IONOSPHERE MAPS     GNSS                IONEX VERSION / TYPE
ADDNEQ2 V5.5        AIUB                19-MAR-25 19:00     PGM / RUN BY / DATE 
CODE'S GLOBAL IONOSPHERE MAPS FOR DAY 074, 2025             COMMENT             
Global ionosphere maps (GIM) are generated on a daily basis DESCRIPTION         
at CODE using data from about 300 GNSS sites of the IGS and DESCRIPTION         
other institutions. The vertical total electron content     DESCRIPTION         
(VTEC) is modeled in a solar-geomagnetic reference frame    DESCRIPTION         
using a spherical harmonics expansion up to degree and      DESCRIPTION         
order 15. Piece-wise linear functions are used for          DESCRIPTION         
representation in the time domain. The time spacing of      DESCRIPTION         
their vertices is 1 hour, conforming with the epochs of the DESCRIPTION         
VTEC maps.                                                  DESCRIPTION         
To convert line-of-sight TEC into vertical TEC, a modified  DESCRIPTION         
single-layer model mapping function approximating the JPL   DESCRIPTION         
extended slab model mapping function is adopted. The        DESCRIPTION         
mapping function is evaluated at geodetic satellite         DESCRIPTION         
elevation angles. For the computation of the ionospheric    DESCRIPTION         
pierce points, a spherical layer with a radius of 6821 km   DESCRIPTION         
is assumed, implying geocentric, not geodetic IONEX         DESCRIPTION         
latitudes.                                                  DESCRIPTION         
Instrumental biases with respect to each involved GNSS code DESCRIPTION         
observable are estimated as constant values for each        DESCRIPTION         
day. They are modeled with one set of bias parameters for   DESCRIPTION         
each satellite and each station in case of GPS and for each DESCRIPTION         
satellite-station link in case of GLONASS. The code bias    DESCRIPTION         
datum is defined by zero-mean conditions imposed on the     DESCRIPTION         
satellite bias estimates. In this file, just GPS C1W-C2W    DESCRIPTION         
satellite and station bias values are included. The         DESCRIPTION         
complete set of GNSS code bias results is provided in an    DESCRIPTION         
additional Bias-SINEX file as pseudo-absolute values        DESCRIPTION         
specific to each observable.                                DESCRIPTION         
Note: These GIM results correspond to the results for the   DESCRIPTION         
middle day of a 3-day combination analysis solving for 73   DESCRIPTION         
times 256, or 18688 VTEC parameters and 3 daily sets of     DESCRIPTION         
GNSS code bias parameters.                                  DESCRIPTION         
Contact address: code(at)aiub.unibe.ch                      DESCRIPTION         
Data archive:    ftp.aiub.unibe.ch/CODE/                    DESCRIPTION         
                 www.aiub.unibe.ch/download/CODE/           DESCRIPTION         
  2025     3    15     0     0     0                        EPOCH OF FIRST MAP  
  2025     3    16     0     0     0                        EPOCH OF LAST MAP   
  3600                                                      INTERVAL            
[...]
azgb badg bake bako barh bjfs bndy boav bogo bogt bor1 braz COMMENT             
brft brst brux cags cas1 ccj2 cedu chpg chti chur ckis coco COMMENT             
cord cpvg cpxf cro1 daej darw dav1 dgar dhlg drao dubo ebre COMMENT             
faa1 fair flin flrs frdn func ganp glps glsv gode gol2 gold COMMENT             
gope gras graz guam guug harb hers hert hlfx hnpt hob2 hofn COMMENT             
holb hrao hyde iddr ieng iisc impz ineg invk iqal irkj jog2 COMMENT             
joz2 karr kerg kir0 kiri kiru kit3 kokb kokv koug kour krgg COMMENT             
lama laut lmmf lpal lpgs mac1 madr mal2 mana mas1 mat1 mate COMMENT             
maui maw1 mcil mcm4 mdo1 medi mgue mizu mkea mnls mobs monp COMMENT             
morp mqzg mro1 mtka nano naur nico nist nium nklg nlib nnor COMMENT             
nrc1 ntus nya1 nyal onsa opmt ous2 pado parc park pdel penc COMMENT             
pert pie1 pimo pohn pol2 pots pove ptag ptbb ptvl qaq1 quin COMMENT             
rabt ramo reun reyk rgdg rio2 roth salu samo sant savo sch2 COMMENT             
scor scrz sctb scub seyg sfer sofi spt0 ssia sthl stjo stk2 COMMENT             
str2 suth sutm suwn sydn syog tash thtg thti thu2 tid1 tidb COMMENT             
tlse tn22 tong tow2 tro1 tskb txes uclu ufpr ulab unb3 unbj COMMENT             
unsa urum usn7 usud vald vill vtsp wab1 wab2 whit will wind COMMENT             
wsrt wtza wtzr wtzs wtzz wuhn xmis yar2 yar3 yarr yell ykro COMMENT             
zeck zim2 zim3 zimm                                         COMMENT             
                                                            END OF HEADER       
[from data line 8151]
    20                                                      START OF TEC MAP    
  2025     3    15    19     0     0                        EPOCH OF CURRENT MAP
    87.5-180.0 180.0   5.0 450.0                            LAT/LON1/LON2/DLON/H
  196  198  200  202  205  207  210  213  216  219  222  224  227  230  233  235
  237  239  241  242  244  244  245  245  245  245  244  243  242  241  239  238
  236  234  232  229  227  225  223  220  218  216  214  211  209  207  205  203
  202  200  198  197  195  194  193  192  191  190  189  189  188  188  188  188
  188  188  189  190  190  191  193  194  196
    85.0-180.0 180.0   5.0 450.0                            LAT/LON1/LON2/DLON/H
  168  170  173  177  181  186  192  198  204  210  217  224  230  237  243  248
  253  257  261  264  266  267  268  267  267  265  263  261  258  255  251  248
  244  239  235  231  226  222  218  213  209  205  202  198  195  192  189  187
  184  182  180  178  176  174  172  171  169  168  166  165  164  163  162  162
  161  161  161  161  162  163  164  165  168
    82.5-180.0 180.0   5.0 450.0                            LAT/LON1/LON2/DLON/H
  140  142  144  148  153  159  167  175  185  195  206  217  228  238  247  256
  263  270  274  278  280  281  281  280  278  275  272  268  263  258  253  247
  241  236  230  223  217  212  206  201  196  191  187  183  180  177  174  172
  169  167  165  163  161  159  157  155  154  152  150  148  147  145  144  143
  142  141  141  140  139  139  139  139  140
    80.0-180.0 180.0   5.0 450.0                            LAT/LON1/LON2/DLON/H
  123  122  122  123  127  133  141  152  164  178  192  208  222  236  249  260
  269  276  281  285  286  286  284  282  278  274  269  264  259  253  246  240
  233  227  220  213  206  199  193  187  181  176  172  169  166  164  163  161
  160  159  157  156  154  152  149  147  144  142  139  137  136  135  134  134
  134  133  133  132  131  129  127  125  123
    77.5-180.0 180.0   5.0 450.0                            LAT/LON1/LON2/DLON/H
  123  118  114  111  112  116  123  134  148  164  183  201  219  236  251  263
  273  279  283  285  285  283  280  276  271  266  261  255  249  243  237  230
  223  216  209  202  195  188  181  174  169  164  161  159  157  157  157  157
  157  156  156  154  152  149  145  142  138  135  132  130  129  129  130  132
  134  137  138  139  139  137  133  128  123
    75.0-180.0 180.0   5.0 450.0                            LAT/LON1/LON2/DLON/H
  143  133  124  117  112  112  118  128  142  161  181  202  222  240  255  267
  276  281  283  283  281  277  273  268  263  258  252  246  240  234  228  221
  215  208  201  194  186  179  171  165  159  155  152  151  151  153  154  156
  158  158  157  155  152  147  142  137  132  127  123  121  121  123  127  132
  139  146  153  158  161  161  158  152  143
    72.5-180.0 180.0   5.0 450.0                            LAT/LON1/LON2/DLON/H
  178  165  151  138  129  125  127  136  150  168  189  211  231  249  264  274
  281  284  284  282  279  275  270  266  261  255  249  243  237  230  224  217
  210  203  196  189  181  172  164  157  151  147  144  144  146  150  153  157
  159  160  158  155  150  144  136  129  122  116  112  109  110  113  120  130
  142  156  169  181  190  194  194  188  178
    70.0-180.0 180.0   5.0 450.0                            LAT/LON1/LON2/DLON/H
  217  202  186  170  157  149  149  155  168  186  206  227  246  263  275  284
  289  290  290  287  284  281  277  273  269  264  258  251  243  235  227  219
  211  203  195  187  178  168  159  150  143  138  136  137  140  145  150  154
  157  157  154  149  142  134  125  116  108  101   96   93   94   98  107  120
  137  157  177  197  213  224  229  226  217
    67.5-180.0 180.0   5.0 450.0                            LAT/LON1/LON2/DLON/H
  246  234  218  202  187  178  176  181  193  209  227  246  263  277  287  295
  299  301  301  300  299  297  296  294  291  286  279  270  260  249  238  227
  218  208  199  189  179  167  156  144  135  129  126  127  131  136  142  147
  149  147  143  136  127  117  108   99   91   84   79   76   76   80   88  102
  121  144  170  196  219  238  248  251  246
    65.0-180.0 180.0   5.0 450.0                            LAT/LON1/LON2/DLON/H
  255  248  237  223  211  204  202  207  217  231  247  262  276  287  297  305
  311  315  318  320  322  323  324  324  322  318  310  299  286  272  257  244
  232  221  210  198  185  171  156  142  130  121  117  116  120  126  131  135
  136  132  125  116  106   96   88   80   75   70   65   62   60   62   67   79
   96  119  146  174  202  226  244  253  255
    62.5-180.0 180.0   5.0 450.0                            LAT/LON1/LON2/DLON/H
  237  239  235  229  222  218  219  225  235  248  260  272  283  293  303  313
  323  332  340  346  351  355  358  360  359  355  346  334  319  302  285  270
  256  243  230  216  200  183  164  146  130  118  111  109  111  115  120  122
  120  115  106   95   85   76   70   66   64   62   59   56   52   50   50   56
   67   84  107  134  162  189  212  228  237
    60.0-180.0 180.0   5.0 450.0                            LAT/LON1/LON2/DLON/H
  197  208  214  217  218  220  225  233  244  255  265  274  282  292  305  320
  336  352  364  374  381  386  390  393  394  391  383  371  355  338  320  304
  289  274  260  243  224  203  181  159  139  124  114  109  108  110  112  112
  108  101   91   80   71   64   62   62   64   65   64   60   54   47   42   39
   42   50   65   84  108  134  158  180  197
    57.5-180.0 180.0   5.0 450.0                            LAT/LON1/LON2/DLON/H
  145  165  181  193  202  211  221  232  244  254  262  269  277  289  306  327
  351  373  389  400  407  411  415  419  422  422  416  407  393  377  361  346
  331  315  298  279  257  232  206  181  158  139  126  118  113  112  111  108
  103   95   85   76   68   65   66   71   76   80   80   76   67   56   45   35
   27   25   28   38   53   74   98  122  145
    55.0-180.0 180.0   5.0 450.0                            LAT/LON1/LON2/DLON/H
   97  124  148  168  184  199  213  226  239  250  257  264  272  287  309  338
  368  395  413  423  427  428  431  436  441  445  444  438  429  417  404  391
  376  360  341  318  293  266  237  209  184  163  147  136  128  123  118  113
  107  100   93   86   81   82   86   93  100  105  105   99   88   75   59   43
   28   15    8    6   12   26   46   70   97
    52.5-180.0 180.0   5.0 450.0                            LAT/LON1/LON2/DLON/H
   67   98  127  152  173  191  207  222  236  248  256  264  274  292  320  354
  390  419  436  442  441  439  440  445  454  462  466  465  461  453  444  433
  419  401  380  355  327  298  268  239  213  191  174  160  150  141  133  127
  121  116  112  109  108  111  117  125  132  135  133  125  113   98   80   61
   42   23    7    0    0    1   17   39   67
    50.0-180.0 180.0   5.0 450.0                            LAT/LON1/LON2/DLON/H
   65   97  128  156  178  196  211  227  241  255  265  275  288  309  340  379
  416  445  459  459  453  446  446  453  465  476  485  488  487  483  476  466
  451  432  408  382  353  322  293  264  239  218  200  186  174  162  153  146
  142  140  140  141  143  147  154  161  165  165  160  149  136  121  104   85
   65   44   26   12    5    7   18   38   65
    47.5-180.0 180.0   5.0 450.0                            LAT/LON1/LON2/DLON/H
   92  123  154  181  202  217  230  244  259  274  287  300  315  339  372  411
  448  474  483  478  467  458  457  465  479  493  503  508  507  503  496  485
  469  448  423  396  367  338  309  282  258  238  222  209  196  184  173  166
  164  166  170  174  178  183  188  193  194  191  182  169  154  139  124  107
   90   72   55   43   36   37   47   65   92
    45.0-180.0 180.0   5.0 450.0                            LAT/LON1/LON2/DLON/H
  139  169  200  225  243  255  264  276  291  307  324  339  357  382  414  451
  484  506  511  503  490  480  479  488  501  514  522  525  522  515  505  492
  474  452  427  401  374  348  320  294  270  251  237  225  214  202  191  185
  184  189  195  201  206  210  214  216  216  210  199  184  168  153  138  124
  110   97   86   79   78   82   94  113  139
    42.5-180.0 180.0   5.0 450.0                            LAT/LON1/LON2/DLON/H
  194  226  256  281  297  306  312  320  334  353  372  390  410  433  463  495
  523  541  544  536  524  516  515  522  531  540  544  542  534  522  508  491
  473  452  430  407  384  360  333  305  279  259  246  237  228  217  207  201
  201  207  213  219  222  225  228  230  229  224  213  198  181  164  148  133
  121  113  109  110  116  127  144  166  194
    40.0-180.0 180.0   5.0 450.0                            LAT/LON1/LON2/DLON/H
  245  280  313  339  355  362  367  374  387  406  427  448  468  490  515  541
  563  577  581  577  570  565  563  565  568  569  568  561  549  532  513  495
  478  462  445  428  409  386  358  326  294  270  255  247  241  232  223  217
  216  220  225  228  229  230  232  236  239  237  229  216  197  177  156  138
  125  119  120  128  142  161  184  212  245
    37.5-180.0 180.0   5.0 450.0                            LAT/LON1/LON2/DLON/H
  281  322  360  390  409  419  424  431  444  464  486  509  529  548  567  585
  602  615  622  624  623  621  617  611  605  600  595  586  572  553  533  516
  504  496  487  477  461  437  404  364  323  291  272  263  258  252  243  236
  233  234  235  234  232  231  234  241  249  254  252  241  222  196  168  143
  126  118  121  132  150  175  206  242  281
    35.0-180.0 180.0   5.0 450.0                            LAT/LON1/LON2/DLON/H
  300  349  393  430  455  471  480  489  502  522  545  568  588  604  617  629
  640  651  663  672  678  677  667  653  638  629  625  621  610  594  576  565
  562  564  565  558  543  515  474  423  371  328  302  291  285  279  270  262
  256  253  250  245  240  238  241  252  266  278  283  277  256  224  188  154
  130  118  117  127  146  173  209  253  300
    32.5-180.0 180.0   5.0 450.0                            LAT/LON1/LON2/DLON/H
  307  364  415  459  492  515  531  544  559  578  601  625  646  660  667  672
  677  687  701  716  725  723  707  684  664  657  661  668  668  659  649  647
  655  668  675  670  649  612  560  498  434  382  348  332  324  317  308  297
  289  284  278  271  263  259  263  275  293  311  323  320  298  261  216  175
  144  126  120  123  136  162  201  251  307
    30.0-180.0 180.0   5.0 450.0                            LAT/LON1/LON2/DLON/H
  310  373  431  480  521  552  576  594  612  631  655  680  702  716  719  717
  716  722  735  751  760  754  732  704  685  686  706  731  746  748  747  754
  774  796  805  794  762  712  648  576  504  445  405  385  374  365  354  343
  334  328  322  314  307  301  303  313  330  350  365  364  342  301  251  205
  170  148  135  129  133  153  192  247  310
    27.5-180.0 180.0   5.0 450.0                            LAT/LON1/LON2/DLON/H
  317  385  446  499  545  584  616  641  661  682  707  735  760  774  776  768
  760  758  765  775  779  768  743  716  705  721  762  807  838  851  858  874
  902  928  933  908  858  791  716  638  565  506  466  444  431  419  407  395
  388  384  381  376  369  363  359  362  373  389  402  401  379  337  287  241
  208  185  166  151  144  156  193  250  317
    25.0-180.0 180.0   5.0 450.0                            LAT/LON1/LON2/DLON/H
  335  404  465  519  568  612  651  682  707  730  758  789  818  836  837  826
  810  798  793  791  785  770  746  728  731  767  828  892  936  955  965  985
 1015 1038 1032  987  914  829  745  668  603  553  520  500  487  474  461  451
  446  446  449  449  444  435  424  416  415  421  428  424  402  362  316  277
  250  231  211  188  171  175  208  266  335
    22.5-180.0 180.0   5.0 450.0                            LAT/LON1/LON2/DLON/H
  364  431  490  542  591  639  683  719  748  775  805  842  877  900  904  891
  869  845  824  806  787  768  752  748  770  825  902  977 1025 1043 1051 1068
 1094 1108 1084 1014  915  812  723  655  607  576  558  547  537  524  512  503
  503  509  517  522  519  507  487  465  448  440  436  427  405  370  333  304
  289  278  260  233  210  208  238  295  364
    20.0-180.0 180.0   5.0 450.0                            LAT/LON1/LON2/DLON/H
  399  463  518  567  615  664  710  750  783  814  849  890  933  963  973  962
  936  902  864  827  795  774  769  784  825  894  977 1050 1093 1103 1101 1110
 1126 1125 1080  985  861  742  653  599  576  573  578  581  578  568  557  551
  554  564  576  584  582  565  535  499  467  442  426  410  388  360  334  319
  316  315  303  277  252  248  276  331  399
    17.5-180.0 180.0   5.0 450.0                            LAT/LON1/LON2/DLON/H
  431  491  543  590  637  686  733  776  812  846  885  931  980 1019 1039 1035
 1010  969  916  861  817  797  805  839  895  968 1044 1104 1131 1126 1112 1109
 1112 1095 1030  913  770  640  553  516  521  549  581  604  612  607  598  593
  597  607  620  627  621  599  561  514  468  430  401  379  357  335  320  318
  326  335  330  310  288  286  314  368  431
    15.0-180.0 180.0   5.0 450.0                            LAT/LON1/LON2/DLON/H
  456  512  562  609  657  705  753  796  834  871  912  962 1015 1063 1094 1102
 1085 1044  981  912  860  842  862  911  973 1037 1094 1131 1137 1117 1091 1075
 1066 1035  954  823  668  534  452  431  461  519  578  622  642  644  637  632
  632  638  645  645  633  604  561  509  455  408  370  340  318  303  297  304
  321  336  338  325  311  315  346  397  456
    12.5-180.0 180.0   5.0 450.0                            LAT/LON1/LON2/DLON/H
  470  522  572  622  672  722  770  813  852  889  931  980 1036 1090 1133 1156
 1154 1120 1056  981  923  907  936  990 1048 1093 1122 1131 1117 1085 1052 1029
 1010  969  882  747  591  458  381  372  420  500  582  644  676  684  678  669
  662  658  653  641  619  584  539  488  435  384  340  306  283  272  272  284
  303  321  327  323  320  332  366  416  470
    10.0-180.0 180.0   5.0 450.0                            LAT/LON1/LON2/DLON/H
  474  522  574  629  685  738  785  829  868  904  943  988 1041 1099 1152 1193
 1208 1189 1133 1059 1000  985 1016 1067 1110 1129 1126 1109 1082 1048 1016  992
  968  925  839  711  564  437  365  361  417  508  602  675  715  727  721  706
  689  670  649  622  587  547  504  460  414  367  321  283  259  249  252  264
  280  296  305  309  317  339  378  425  474
     7.5-180.0 180.0   5.0 450.0                            LAT/LON1/LON2/DLON/H
  474  519  572  634  696  752  801  845  884  919  952  989 1036 1092 1152 1207
 1242 1242 1201 1136 1081 1066 1091 1130 1151 1141 1111 1077 1047 1021  999  980
  957  915  839  727  597  483  414  407  460  548  643  717  760  772  763  740
  710  676  637  594  548  503  465  432  399  360  315  275  249  240  241  250
  261  271  280  291  309  342  385  430  474
     5.0-180.0 180.0   5.0 450.0                            LAT/LON1/LON2/DLON/H
  476  518  572  638  707  767  819  864  904  937  963  989 1025 1075 1136 1201
 1252 1272 1251 1200 1153 1135 1150 1171 1168 1134 1085 1046 1025 1016 1010  999
  979  943  880  790  684  585  519  504  542  616  699  764  801  810  796  765
  723  674  621  565  509  461  429  410  392  364  323  282  254  243  242  245
  249  254  261  277  305  346  394  438  476
     2.5-180.0 180.0   5.0 450.0                            LAT/LON1/LON2/DLON/H
  486  524  576  645  717  782  837  886  929  960  979  994 1016 1055 1112 1178
 1239 1275 1274 1242 1204 1185 1187 1188 1165 1115 1060 1028 1024 1036 1045 1042
 1024  992  944  878  797  715  653  628  647  697  757  805  829  830  809  771
  721  662  600  536  475  427  402  395  391  374  339  299  269  254  250  248
  247  247  253  271  306  355  407  451  486
