ionex_files/COD0OPSFIN_20250910000_01D_01H_GIM.INX
     1.0            IONOSPHERE MAPS     GNSS                IONEX VERSION / TYPE
ADDNEQ2 V5.5        AIUB                05-APR-25 19:01     PGM / RUN BY / DATE 
CODE'S GLOBAL IONOSPHERE MAPS FOR DAY 091, 2025             COMMENT             
Global ionosphere maps (GIM) are generated on a daily basis DESCRIPTION         
at CODE using data from about 300 GNSS sites of the IGS and DESCRIPTION         
other institutions. The vertical total electron content     DESCRIPTION         
(VTEC) is modeled in a solar-geomagnetic reference frame    DESCRIPTION         
using a spherical harmonics expansion up to degree and      DESCRIPTION         
order 15. Piece-wise linear functions are used for          DESCRIPTION         
representation in the time domain. The time spacing of      DESCRIPTION         
their vertices is 1 hour, conforming with the epochs of the DESCRIPTION         
VTEC maps.                                                  DESCRIPTION         
To convert line-of-sight TEC into vertical TEC, a modified  DESCRIPTION         
single-layer model mapping function approximating the JPL   DESCRIPTION         
extended slab model mapping function is adopted. The        DESCRIPTION         
mapping function is evaluated at geodetic satellite         DESCRIPTION         
elevation angles. For the computation of the ionospheric    DESCRIPTION         
pierce points, a spherical layer with a radius of 6821 km   DESCRIPTION         
is assumed, implying geocentric, not geodetic IONEX         DESCRIPTION         
latitudes.                                                  DESCRIPTION         
Instrumental biases with respect to each involved GNSS code DESCRIPTION         
observable are estimated as constant values for each        DESCRIPTION         
day. They are modeled with one set of bias parameters for   DESCRIPTION         
each satellite and each station in case of GPS and for each DESCRIPTION         
satellite-station link in case of GLONASS. The code bias    DESCRIPTION         
datum is defined by zero-mean conditions imposed on the     DESCRIPTION         
satellite bias estimates. In this file, just GPS C1W-C2W    DESCRIPTION         
satellite and station bias values are included. The         DESCRIPTION         
complete set of GNSS code bias results is provided in an    DESCRIPTION         
additional Bias-SINEX file as pseudo-absolute values        DESCRIPTION         
specific to each observable.                                DESCRIPTION         
Note: These GIM results correspond to the results for the   DESCRIPTION         
middle day of a 3-day combination analysis solving for 73   DESCRIPTION         
times 256, or 18688 VTEC parameters and 3 daily sets of     DESCRIPTION         
GNSS code bias parameters.                                  DESCRIPTION         
Contact address: code(at)aiub.unibe.ch                      DESCRIPTION         
Data archive:    ftp.aiub.unibe.ch/CODE/                    DESCRIPTION         
                 www.aiub.unibe.ch/download/CODE/           DESCRIPTION         
  2025     4     1     0     0     0                        EPOCH OF FIRST MAP  
  2025     4     2     0     0     0                        EPOCH OF LAST MAP   
  3600                                                      INTERVAL            
[...]
azgb badg bake barh bjfs bndy boav bogo bogt bor1 braz brft COMMENT             
brst brux cas1 ccj2 cedu chpg chti chur ckis coco cord cpvg COMMENT             
cpxf cro1 daej darw dav1 dgar dhlg drao dubo ebre faa1 fair COMMENT             
flin flrs frdn func ganp glps glsv gode gol2 gold gope gras COMMENT             
graz guam guug harb hers hert hlfx hnpt hob2 hofn holb hrao COMMENT             
iddr ieng iisc impz ineg invk iqal irkj jog2 joz2 karr kerg COMMENT             
kir0 kiri kiru kit3 kokb kokv koug kour krgg lama laut lmmf COMMENT             
lpal lpgs m0se mac1 madr mal2 mana mas1 mat1 mate maui maw1 COMMENT             
mcil mcm4 mdo1 medi mgue mizu mkea mnls mobs morp mqzg mro1 COMMENT             
mtka nano naur nico nist nium nklg nlib nnor not1 nrc1 ntus COMMENT             
nya1 nyal onsa opmt ous2 pado parc park pdel penc pert pie1 COMMENT             
pimo pohn pol2 polv pots pove ptag ptbb ptvl qaq1 quin rabt COMMENT             
ramo reun reyk rgdg rio2 roth salu samo sant savo sch2 scor COMMENT             
scrz sctb scub seyg spt0 ssia sthl stjo stk2 str2 suth sutm COMMENT             
suwn sydn syog tash thtg thti thu2 tid1 tidb tlse tn22 tong COMMENT             
tow2 tro1 tskb twtf txes uclu ufpr ulab unb3 unbj unsa urum COMMENT             
usn7 usud vald vill vtsp wab1 wab2 wark wgtn whit will wind COMMENT             
wsrt wtza wtzr wtzs wtzz wuhn xmis yar2 yar3 yarr yell ykro COMMENT             
zeck zim2 zim3 zimm                                         COMMENT             
                                                            END OF HEADER       
[from data line 6435]
    16                                                      START OF TEC MAP    
  2025     4     1    15     0     0                        EPOCH OF CURRENT MAP
    87.5-180.0 180.0   5.0 450.0                            LAT/LON1/LON2/DLON/H
  222  223  225  227  229  231  233  235  237  239  241  242  244  245  247  248
  249  249  250  250  249  249  248  247  246  245  243  241  239  236  234  231
  229  226  223  220  218  215  212  210  208  206  204  202  201  200  199  199
  199  199  199  199  200  201  202  203  204  205  206  207  208  209  210  211
  212  213  214  215  216  218  219  220  222
    85.0-180.0 180.0   5.0 450.0                            LAT/LON1/LON2/DLON/H
  218  219  222  225  228  232  236  241  245  250  255  259  263  267  270  273
  276  277  279  280  280  279  279  277  275  273  270  267  263  259  254  249
  244  238  232  227  221  215  210  205  200  196  193  190  188  187  187  187
  188  190  192  195  198  201  204  207  210  212  215  216  218  218  219  218
  218  218  217  216  216  216  216  217  218
    82.5-180.0 180.0   5.0 450.0                            LAT/LON1/LON2/DLON/H
  205  205  207  210  215  220  227  234  242  250  258  266  272  279  284  288
  292  295  297  299  300  300  300  300  299  297  295  292  288  284  278  272
  265  258  250  242  233  225  217  210  203  197  193  189  187  186  187  189
  192  197  203  209  216  222  229  235  241  245  248  250  250  249  246  242
  238  233  227  222  216  212  208  206  205
    80.0-180.0 180.0   5.0 450.0                            LAT/LON1/LON2/DLON/H
  184  182  182  184  189  197  206  216  227  239  250  260  270  278  284  290
  294  297  300  302  304  306  308  309  311  312  312  312  310  307  303  298
  291  283  275  265  256  246  236  227  219  212  207  203  201  200  202  206
  212  220  229  239  250  261  272  281  289  295  298  299  297  292  285  276
  265  253  241  228  216  206  196  189  184
    77.5-180.0 180.0   5.0 450.0                            LAT/LON1/LON2/DLON/H
  161  155  152  153  158  166  177  189  204  218  232  245  257  266  273  279
  283  286  288  291  294  297  302  307  312  317  321  325  327  327  326  322
  317  310  302  293  283  273  264  255  246  239  234  230  228  228  231  235
  243  252  264  277  291  305  318  330  340  347  350  349  344  336  323  308
  291  272  252  233  214  197  182  170  161
    75.0-180.0 180.0   5.0 450.0                            LAT/LON1/LON2/DLON/H
  140  131  126  125  128  135  146  160  176  194  210  226  239  249  256  261
  264  266  268  271  275  281  288  296  305  315  323  331  337  341  342  342
  338  333  327  319  311  302  294  286  279  274  269  266  264  264  265  270
  276  285  296  310  324  339  354  367  377  384  386  383  374  362  345  324
  302  278  254  230  207  187  168  153  140
    72.5-180.0 180.0   5.0 450.0                            LAT/LON1/LON2/DLON/H
  128  117  109  105  105  110  120  134  151  170  189  206  221  232  240  244
  246  248  249  252  257  264  274  285  296  308  320  331  340  346  350  352
  351  348  343  337  331  325  320  315  311  308  305  303  301  299  299  300
  304  309  317  327  339  352  365  376  385  390  390  384  373  357  336  313
  288  263  239  216  194  175  157  141  128
    70.0-180.0 180.0   5.0 450.0                            LAT/LON1/LON2/DLON/H
  125  114  105   97   94   95  102  114  131  150  171  191  208  221  229  234
  236  238  239  243  248  256  266  277  288  301  313  324  334  342  349  352
  353  352  349  346  342  339  338  337  337  336  336  335  332  329  325  321
  319  318  319  323  329  337  345  353  359  360  357  348  335  316  294  271
  247  225  205  188  173  160  148  137  125
    67.5-180.0 180.0   5.0 450.0                            LAT/LON1/LON2/DLON/H
  131  122  112  103   95   92   94  103  118  137  159  181  201  217  228  234
  238  240  242  246  252  258  266  274  282  291  300  310  320  330  338  344
  348  348  347  346  344  344  346  348  352  355  357  356  353  347  339  330
  320  311  303  299  297  297  299  302  302  300  294  282  266  246  224  202
  183  167  155  148  145  143  141  137  131
    65.0-180.0 180.0   5.0 450.0                            LAT/LON1/LON2/DLON/H
  139  135  126  115  105   97   94   99  111  130  153  177  200  220  234  244
  250  254  258  263  267  271  274  276  277  279  283  290  300  311  323  333
  339  343  343  343  342  344  347  353  359  364  367  367  363  354  342  327
  309  292  276  262  252  244  240  236  232  226  216  202  184  164  142  123
  108   99   97  101  111  122  132  138  139
    62.5-180.0 180.0   5.0 450.0                            LAT/LON1/LON2/DLON/H
  144  145  140  130  117  107  100  101  110  127  150  177  203  226  245  259
  269  277  283  288  291  291  286  279  270  263  260  264  275  291  308  324
  336  342  344  344  343  344  348  354  361  367  371  370  364  353  337  317
  294  270  247  225  208  194  183  174  166  157  145  130  111   91   70   52
   40   36   42   56   76   99  120  136  144
    60.0-180.0 180.0   5.0 450.0                            LAT/LON1/LON2/DLON/H
  142  148  146  139  128  117  109  107  113  128  150  178  206  233  256  274
  289  300  310  316  317  311  299  281  261  245  236  239  253  275  301  325
  342  352  355  354  351  350  352  357  363  369  371  370  363  350  332  308
  282  254  226  200  178  160  146  134  124  113  101   85   67   46   26    8
    0    0    4   22   49   78  105  128  142
    57.5-180.0 180.0   5.0 450.0                            LAT/LON1/LON2/DLON/H
  131  140  142  139  133  125  118  115  118  131  152  179  208  237  263  286
  304  320  332  340  339  330  310  283  254  229  216  220  239  269  305  337
  360  374  377  375  370  366  365  367  370  373  374  371  362  349  330  306
  278  249  220  193  170  151  136  124  113  103   91   78   61   41   21    2
    0    0    0    8   34   63   91  115  131
    55.0-180.0 180.0   5.0 450.0                            LAT/LON1/LON2/DLON/H
  114  123  128  131  132  129  126  124  126  136  155  180  208  238  265  290
  313  332  347  356  357  345  321  288  252  222  207  212  237  276  320  359
  388  404  408  404  397  390  385  384  384  384  382  377  368  354  335  312
  286  257  229  204  182  165  152  141  132  124  115  104   90   73   53   33
   16    6    6   16   36   59   82  101  114
    52.5-180.0 180.0   5.0 450.0                            LAT/LON1/LON2/DLON/H
   98  103  110  117  125  131  134  135  137  145  160  182  207  235  262  289
  313  336  354  366  369  358  335  300  262  230  214  222  250  294  343  387
  419  436  442  437  429  419  412  406  403  400  395  388  379  365  348  326
  301  274  249  226  208  194  183  175  168  162  157  150  141  128  110   89
   68   52   43   45   55   68   82   91   98
    50.0-180.0 180.0   5.0 450.0                            LAT/LON1/LON2/DLON/H
   88   87   92  103  118  132  141  147  151  157  169  186  208  232  257  284
  310  334  355  371  378  373  355  324  287  256  241  248  277  320  369  412
  444  464  471  469  461  451  441  433  426  420  413  404  394  381  365  344
  320  294  270  249  234  223  214  207  202  198  196  194  191  184  170  150
  128  107   92   85   86   90   92   91   88
    47.5-180.0 180.0   5.0 450.0                            LAT/LON1/LON2/DLON/H
   90   81   81   93  113  133  149  159  166  172  181  195  212  232  255  280
  306  332  356  375  389  392  383  360  330  301  284  288  311  349  391  429
  460  482  494  498  493  484  473  461  451  441  432  422  411  399  382  361
  336  309  285  265  251  240  232  224  218  216  216  219  221  220  212  197
  176  154  136  126  122  119  114  103   90
    45.0-180.0 180.0   5.0 450.0                            LAT/LON1/LON2/DLON/H
  105   87   81   91  111  136  157  171  180  188  196  207  220  237  257  281
  307  333  358  382  402  416  419  407  383  356  337  334  348  374  406  438
  469  495  516  529  531  523  509  494  479  465  452  440  428  415  398  374
  346  317  291  270  255  242  230  219  211  207  209  215  222  227  225  215
  199  181  166  157  154  151  142  126  105
    42.5-180.0 180.0   5.0 450.0                            LAT/LON1/LON2/DLON/H
  128  104   92   96  115  139  162  179  191  202  212  223  235  249  268  291
  316  342  366  392  419  443  457  456  439  413  390  379  381  395  417  444
  477  513  547  572  581  575  557  535  513  493  475  459  445  430  411  385
  353  320  292  270  252  235  217  200  187  181  182  190  199  207  210  206
  196  185  176  173  176  178  171  154  128
    40.0-180.0 180.0   5.0 450.0                            LAT/LON1/LON2/DLON/H
  155  127  108  106  120  142  164  182  197  212  226  240  253  268  287  310
  334  358  380  406  437  469  492  498  486  461  436  418  411  416  432  459
  499  549  600  639  655  647  623  591  560  531  505  482  464  447  426  397
  362  327  298  275  256  234  208  183  164  154  155  161  170  178  183  182
  177  171  170  175  186  196  196  181  155
    37.5-180.0 180.0   5.0 450.0                            LAT/LON1/LON2/DLON/H
  179  149  126  118  125  143  162  179  197  216  237  256  273  291  312  336
  360  380  399  423  454  489  517  527  517  494  468  449  441  445  461  495
  548  617  687  739  759  746  711  666  622  582  545  515  492  472  448  417
  381  346  320  301  282  257  224  191  166  153  151  156  161  165  165  163
  159  157  160  171  188  205  212  203  179
    35.0-180.0 180.0   5.0 450.0                            LAT/LON1/LON2/DLON/H
  194  165  139  127  129  141  155  171  190  214  242  270  294  316  341  367
  389  406  420  439  468  501  528  537  528  508  488  477  477  489  515  562
  633  721  808  870  890  868  819  760  702  649  601  561  531  507  483  451
  416  386  368  358  344  318  280  241  212  198  195  195  194  189  181  173
  165  160  162  172  190  208  219  214  194
    32.5-180.0 180.0   5.0 450.0                            LAT/LON1/LON2/DLON/H
  198  171  146  131  129  136  147  160  179  208  243  279  311  340  370  398
  419  431  440  454  478  505  525  529  520  508  502  509  527  556  599  662
  750  855  954 1020 1035 1002  939  866  796  730  670  619  583  556  531  501
  469  448  442  446  443  421  382  340  309  295  292  289  280  264  245  224
  206  193  187  189  198  211  219  215  198
    30.0-180.0 180.0   5.0 450.0                            LAT/LON1/LON2/DLON/H
  193  168  145  130  127  132  139  149  167  199  241  284  324  360  394  424
  444  453  458  467  484  503  513  511  503  504  520  552  596  647  708  787
  887 1001 1104 1167 1173 1128 1053  971  893  818  748  688  646  617  592  563
  535  524  534  556  567  554  517  476  447  436  434  429  412  385  352  319
  287  260  239  226  220  218  217  210  193
    27.5-180.0 180.0   5.0 450.0                            LAT/LON1/LON2/DLON/H
  183  160  140  127  125  129  134  141  158  191  236  286  332  373  411  443
  463  470  471  478  489  499  498  490  487  506  550  612  682  753  828  915
 1020 1132 1229 1282 1276 1221 1141 1058  979  901  825  759  713  683  657  628
  603  600  626  666  694  692  662  625  601  593  593  587  565  530  487  441
  395  353  314  281  254  234  218  202  183
    25.0-180.0 180.0   5.0 450.0                            LAT/LON1/LON2/DLON/H
  173  151  133  123  123  128  133  138  153  185  232  285  335  379  420  453
  473  480  482  488  497  498  488  476  483  524  597  688  777  860  939 1024
 1120 1220 1301 1339 1322 1263 1185 1110 1040  966  890  822  775  744  717  684
  658  659  696  751  794  804  783  753  734  731  734  728  704  666  617  563
  507  451  397  345  297  256  223  197  173
    22.5-180.0 180.0   5.0 450.0                            LAT/LON1/LON2/DLON/H
  169  146  129  122  124  131  136  140  153  183  229  282  332  378  419  453
  475  484  490  499  507  504  488  477  496  561  662  772  870  950 1020 1090
 1167 1245 1304 1324 1299 1242 1177 1119 1065 1004  933  869  823  792  761  722
  688  686  725  789  842  862  850  828  815  817  821  816  795  759  712  657
  597  532  467  401  338  281  234  197  169
    20.0-180.0 180.0   5.0 450.0                            LAT/LON1/LON2/DLON/H
  172  148  131  123  126  134  141  145  156  184  227  278  326  370  411  447
  471  485  497  511  522  518  500  494  530  617  736  853  945 1008 1056 1102
 1153 1202 1236 1240 1211 1163 1118 1085 1053 1009  950  893  851  822  785  735
  687  673  706  769  825  851  847  832  825  829  834  831  814  786  748  700
  642  576  507  437  367  302  246  203  172
    17.5-180.0 180.0   5.0 450.0                            LAT/LON1/LON2/DLON/H
  180  155  136  126  128  137  144  149  160  185  226  273  318  359  400  437
  466  486  504  526  541  538  524  527  579  684  812  921  991 1025 1044 1062
 1084 1106 1118 1109 1081 1047 1025 1018 1012  986  942  895  860  831  787  723
  658  626  644  697  748  774  775  767  764  768  772  770  760  743  719  684
  634  573  508  442  376  313  257  213  180
    15.0-180.0 180.0   5.0 450.0                            LAT/LON1/LON2/DLON/H
  193  167  145  131  128  135  143  150  161  186  225  269  310  348  388  429
  463  489  514  542  561  563  555  570  637  752  877  966 1004 1005  993  986
  986  986  981  965  942  924  924  941  955  948  917  881  853  824  774  695
  612  560  558  593  633  655  658  654  653  656  657  655  651  647  638  617
  578  527  471  416  362  310  262  223  193
    12.5-180.0 180.0   5.0 450.0                            LAT/LON1/LON2/DLON/H
  205  180  154  133  125  128  136  144  157  183  222  264  303  340  381  425
  464  497  528  559  582  589  590  617  695  812  923  985  988  958  925  903
  889  877  863  845  829  825  842  875  904  908  889  863  840  811  754  664
  566  496  474  490  515  529  531  529  529  529  527  523  523  528  531  523
  496  455  410  369  331  295  261  231  205
    10.0-180.0 180.0   5.0 450.0                            LAT/LON1/LON2/DLON/H
  214  190  160  133  118  117  124  133  148  177  218  261  300  337  379  428
  473  511  545  577  602  614  624  661  745  857  949  981  955  905  863  840
  826  813  797  782  772  777  802  840  873  883  870  849  830  801  739  643
  537  457  421  419  428  433  432  430  429  427  420  414  415  424  433  432
  413  379  343  314  292  273  253  233  214
     7.5-180.0 180.0   5.0 450.0                            LAT/LON1/LON2/DLON/H
  217  195  163  131  110  104  109  119  136  168  213  259  301  340  386  439
  490  531  565  596  621  637  654  700  784  885  954  962  919  864  831  820
  818  811  800  789  784  791  813  846  873  880  867  848  830  799  736  641
  537  457  416  403  400  397  391  388  385  380  370  361  359  364  372  371
  353  322  290  269  257  250  242  232  217
     5.0-180.0 180.0   5.0 450.0                            LAT/LON1/LON2/DLON/H
  215  194  162  128  103   94   96  105  124  159  208  260  305  349  398  456
  511  555  588  616  639  658  681  730  810  896  946  939  893  851  839  851
  866  870  866  859  856  859  872  891  903  900  882  862  841  808  746  659
  568  500  464  449  440  429  420  413  407  400  389  377  368  365  363  355
  332  298  266  244  236  234  231  226  215
     2.5-180.0 180.0   5.0 450.0                            LAT/LON1/LON2/DLON/H
  209  189  159  125  100   89   90   98  115  151  204  262  314  362  415  476
  534  579  611  635  657  678  706  754  826  896  931  919  885  868  886  923
  956  970  972  969  965  961  959  958  953  936  910  884  858  822  765  690
  620  573  552  543  534  520  505  494  485  477  467  453  437  420  403  381
  350  310  272  245  232  227  224  219  209
