ionex_files/COD0OPSFIN_20250900000_01D_01H_GIM.INX
     1.0            IONOSPHERE MAPS     GNSS                IONEX VERSION / TYPE
ADDNEQ2 V5.5        AIUB                04-APR-25 19:04     PGM / RUN BY / DATE 
CODE'S GLOBAL IONOSPHERE MAPS FOR DAY 090, 2025             COMMENT             
Global ionosphere maps (GIM) are generated on a daily basis DESCRIPTION         
at CODE using data from about 300 GNSS sites of the IGS and DESCRIPTION         
other institutions. The vertical total electron content     DESCRIPTION         
(VTEC) is modeled in a solar-geomagnetic reference frame    DESCRIPTION         
using a spherical harmonics expansion up to degree and      DESCRIPTION         
order 15. Piece-wise linear functions are used for          DESCRIPTION         
representation in the time domain. The time spacing of      DESCRIPTION         
their vertices is 1 hour, conforming with the epochs of the DESCRIPTION         
VTEC maps.                                                  DESCRIPTION         
To convert line-of-sight TEC into vertical TEC, a modified  DESCRIPTION         
single-layer model mapping function approximating the JPL   DESCRIPTION         
extended slab model mapping function is adopted. The        DESCRIPTION         
mapping function is evaluated at geodetic satellite         DESCRIPTION         
elevation angles. For the computation of the ionospheric    DESCRIPTION         
pierce points, a spherical layer with a radius of 6821 km   DESCRIPTION         
is assumed, implying geocentric, not geodetic IONEX         DESCRIPTION         
latitudes.                                                  DESCRIPTION         
Instrumental biases with respect to each involved GNSS code DESCRIPTION         
observable are estimated as constant values for each        DESCRIPTION         
day. They are modeled with one set of bias parameters for   DESCRIPTION         
each satellite and each station in case of GPS and for each DESCRIPTION         
satellite-station link in case of GLONASS. The code bias    DESCRIPTION         
datum is defined by zero-mean conditions imposed on the     DESCRIPTION         
satellite bias estimates. In this file, just GPS C1W-C2W    DESCRIPTION         
satellite and station bias values are included. The         DESCRIPTION         
complete set of GNSS code bias results is provided in an    DESCRIPTION         
additional Bias-SINEX file as pseudo-absolute values        DESCRIPTION         
specific to each observable.                                DESCRIPTION         
Note: These GIM results correspond to the results for the   DESCRIPTION         
middle day of a 3-day combination analysis solving for 73   DESCRIPTION         
times 256, or 18688 VTEC parameters and 3 daily sets of     DESCRIPTION         
GNSS code bias parameters.                                  DESCRIPTION         
Contact address: code(at)aiub.unibe.ch                      DESCRIPTION         
Data archive:    ftp.aiub.unibe.ch/CODE/                    DESCRIPTION         
                 www.aiub.unibe.ch/download/CODE/           DESCRIPTION         
  2025     3    31     0     0     0                        EPOCH OF FIRST MAP  
  2025     4     1     0     0     0                        EPOCH OF LAST MAP   
  3600                                                      INTERVAL            
[...]
abpo adis albh algo alic amu2 antc areg areq ascg aspa auck COMMENT             
azgb badg bake barh bjfs bndy boav bogo bogt bor1 braz brft COMMENT             
brst brux cas1 ccj2 cedu chpg chti chur ckis coco cord cpvg COMMENT             
cpxf cro1 daej darw dav1 dgar dhlg drao dubo ebre faa1 fair COMMENT             
flin flrs func glps glsv gode gol2 gold gope gras graz guam COMMENT             
guug harb hers hert hlfx hnpt hob2 hofn holb hrao iddr ieng COMMENT             
iisc impz ineg invk iqal irkj jog2 joz2 karr kerg kir0 kiri COMMENT             
kiru kit3 kokb kokv koug kour krgg lama laut lmmf lpal lpgs COMMENT             
mac1 madr mal2 mana mas1 mat1 mate maui maw1 mcil mcm4 mdo1 COMMENT             
medi mgue mizu mkea mnls mobs morp mqzg mro1 mtka nano naur COMMENT             
nico nist nium nklg nlib nnor not1 nrc1 ntus nya1 nyal onsa COMMENT             
opmt ous2 pado parc park pdel penc pert pie1 pimo pohn pol2 COMMENT             
polv pots pove ptag ptbb ptvl qaq1 quin rabt ramo reun reyk COMMENT             
rgdg rio2 roth salu samo sant savo sch2 scor scrz scub seyg COMMENT             
sfer spt0 ssia sthl stjo stk2 str2 suth sutm suwn sydn syog COMMENT             
tash thtg thti thu2 tid1 tidb tlse tn22 tong tow2 tro1 tskb COMMENT             
twtf txes uclu ufpr ulab unsa urum usn7 usud vald vill vtsp COMMENT             
wab1 wab2 whit will wind wsrt wtza wtzr wtzs wtzz wuhn xmis COMMENT             
yar2 yar3 yarr yell ykro zeck zim2 zim3 zimm                COMMENT             
                                                            END OF HEADER       
[from data line 7722]
    19                                                      START OF TEC MAP    
  2025     3    31    18     0     0                        EPOCH OF CURRENT MAP
    87.5-180.0 180.0   5.0 450.0                            LAT/LON1/LON2/DLON/H
  266  267  269  270  272  273  275  276  277  279  280  281  282  282  283  283
  283  283  282  282  281  280  278  276  275  273  271  268  266  264  261  259
  257  255  253  251  249  247  246  245  244  243  242  242  242  242  242  243
  243  244  245  245  246  247  248  249  250  251  252  253  254  255  256  257
  257  258  259  260  261  262  264  265  266
    85.0-180.0 180.0   5.0 450.0                            LAT/LON1/LON2/DLON/H
  238  240  243  245  249  252  256  260  263  267  271  275  278  281  283  284
  285  286  285  284  283  280  278  274  270  266  262  257  252  247  242  237
  232  227  223  219  216  213  210  208  207  206  205  205  206  207  209  210
  212  214  217  219  221  223  225  227  229  230  231  232  233  233  233  234
  234  234  234  234  234  235  236  237  238
    82.5-180.0 180.0   5.0 450.0                            LAT/LON1/LON2/DLON/H
  192  193  196  200  205  210  217  224  231  238  246  253  259  265  270  273
  276  277  277  276  275  272  268  263  258  252  246  239  232  225  218  211
  204  198  192  187  182  178  174  172  170  170  170  171  173  175  178  182
  185  189  193  197  200  203  206  208  209  210  210  210  209  208  206  204
  202  200  197  195  193  192  191  191  192
    80.0-180.0 180.0   5.0 450.0                            LAT/LON1/LON2/DLON/H
  139  139  141  145  151  159  168  178  189  201  212  223  234  242  250  255
  259  262  262  262  260  257  253  248  243  237  230  223  216  208  200  192
  185  178  171  165  159  155  151  149  147  147  147  149  152  156  160  165
  170  174  179  183  187  190  192  193  193  192  191  189  186  183  179  174
  169  164  159  154  149  145  142  140  139
    77.5-180.0 180.0   5.0 450.0                            LAT/LON1/LON2/DLON/H
   94   93   94   97  103  112  123  136  151  167  182  197  211  222  231  238
  243  246  247  247  245  243  240  236  232  227  222  215  209  202  195  187
  180  173  167  161  156  152  148  145  143  143  143  145  148  152  157  162
  167  172  176  179  182  183  183  182  179  177  173  169  164  159  154  148
  141  134  127  120  113  107  101   97   94
    75.0-180.0 180.0   5.0 450.0                            LAT/LON1/LON2/DLON/H
   70   67   67   69   74   83   95  110  127  146  165  183  199  213  223  230
  235  237  238  238  237  236  235  234  232  229  226  221  216  211  205  199
  193  187  182  177  173  169  165  162  159  158  157  157  159  162  166  170
  175  178  181  182  182  180  176  172  166  161  155  150  144  139  133  127
  120  114  107  100   93   86   79   74   70
    72.5-180.0 180.0   5.0 450.0                            LAT/LON1/LON2/DLON/H
   71   68   67   67   71   78   90  106  125  146  167  187  205  220  230  237
  241  242  243  243  243  244  244  245  246  246  245  242  239  234  230  225
  220  216  212  208  205  201  197  193  189  185  182  180  179  180  182  185
  187  189  188  186  182  175  168  159  151  143  136  130  125  120  116  112
  108  103   98   94   89   84   80   75   71
    70.0-180.0 180.0   5.0 450.0                            LAT/LON1/LON2/DLON/H
   96   94   92   91   93   98  108  122  141  163  186  208  227  242  253  259
  262  262  263  263  264  266  269  273  275  277  277  275  272  268  264  259
  255  252  249  246  244  240  236  230  224  217  210  204  200  197  197  197
  197  196  192  186  178  167  155  143  131  122  115  109  106  104  103  102
  101  100   99   98   97   97   97   97   96
    67.5-180.0 180.0   5.0 450.0                            LAT/LON1/LON2/DLON/H
  132  134  133  132  131  133  140  152  170  193  216  240  260  275  286  292
  295  296  297  298  300  303  308  312  315  317  317  315  311  306  301  296
  291  288  285  283  281  277  272  264  255  244  233  222  214  208  204  202
  199  195  189  180  167  152  137  122  109   99   93   90   90   91   93   96
   98  100  102  105  110  115  122  128  132
    65.0-180.0 180.0   5.0 450.0                            LAT/LON1/LON2/DLON/H
  166  173  176  176  173  172  176  185  201  223  247  271  293  310  322  331
  336  338  340  342  345  349  353  357  359  360  359  356  350  344  337  331
  325  320  317  314  311  306  300  290  277  262  247  232  219  209  202  197
  193  187  179  167  152  134  117  101   88   79   75   75   77   82   87   92
   96   99  103  108  117  128  141  154  166
    62.5-180.0 180.0   5.0 450.0                            LAT/LON1/LON2/DLON/H
  184  199  207  209  206  203  204  210  224  244  268  293  317  337  353  366
  375  381  386  389  392  395  397  399  400  399  396  392  385  378  370  361
  353  347  341  337  332  326  318  306  290  272  253  234  218  205  195  188
  181  174  164  151  135  118  100   85   74   67   66   68   73   80   86   91
   94   96   98  103  112  126  144  165  184
    60.0-180.0 180.0   5.0 450.0                            LAT/LON1/LON2/DLON/H
  181  203  217  223  222  218  217  221  233  251  274  300  325  350  372  392
  407  419  427  431  433  434  434  434  433  430  426  421  415  407  398  389
  379  369  361  353  346  338  328  314  297  277  255  234  215  199  187  178
  170  162  152  139  124  107   92   80   71   68   69   73   80   86   92   95
   94   92   89   89   95  108  129  155  181
    57.5-180.0 180.0   5.0 450.0                            LAT/LON1/LON2/DLON/H
  157  185  206  216  218  216  215  218  228  244  266  291  319  348  377  405
  429  447  458  463  464  462  460  457  455  452  448  444  439  433  425  415
  403  391  379  368  358  348  336  321  302  281  259  236  216  198  184  173
  165  156  147  135  122  108   96   88   84   83   86   91   96  101  104  103
   98   90   80   72   71   80   99  126  157
    55.0-180.0 180.0   5.0 450.0                            LAT/LON1/LON2/DLON/H
  121  153  178  194  201  202  203  207  216  229  248  272  300  334  372  409
  441  465  479  483  482  478  474  471  469  468  466  464  461  457  450  441
  428  414  399  385  372  359  345  328  310  289  267  245  224  205  190  178
  168  159  151  141  130  121  113  109  109  111  114  118  121  122  121  117
  107   93   76   60   50   51   64   89  121
    52.5-180.0 180.0   5.0 450.0                            LAT/LON1/LON2/DLON/H
   86  118  146  167  179  186  190  196  204  215  230  250  279  317  361  407
  446  475  490  493  490  485  481  480  481  482  483  482  481  479  474  465
  452  437  420  404  389  373  357  340  320  300  279  258  238  220  204  190
  180  171  163  155  148  142  138  139  141  145  148  149  148  145  140  133
  121  103   81   58   40   32   38   57   86
    50.0-180.0 180.0   5.0 450.0                            LAT/LON1/LON2/DLON/H
   65   94  123  146  164  176  185  194  202  210  220  236  264  304  353  405
  450  481  496  498  493  489  488  491  496  501  502  502  501  498  493  485
  473  458  441  425  409  392  374  354  333  312  292  273  255  237  221  207
  196  187  181  175  169  166  166  168  173  177  178  176  170  164  156  148
  136  119   96   71   47   32   29   41   65
    47.5-180.0 180.0   5.0 450.0                            LAT/LON1/LON2/DLON/H
   65   89  116  141  162  179  194  206  214  219  225  236  261  301  354  409
  457  488  501  502  497  496  500  510  519  526  527  524  519  513  506  498
  487  474  460  446  430  412  392  368  345  322  302  284  268  251  236  222
  211  203  198  193  190  188  189  192  196  199  199  193  185  175  167  159
  149  136  118   94   71   52   43   48   65
    45.0-180.0 180.0   5.0 450.0                            LAT/LON1/LON2/DLON/H
   87  106  129  154  176  198  217  232  241  244  245  252  273  312  365  421
  468  498  510  510  508  511  522  538  551  557  554  546  534  523  513  504
  495  485  475  465  451  433  409  381  353  327  306  289  274  259  245  232
  222  215  211  208  205  203  203  205  208  209  206  199  188  177  169  163
  158  151  140  124  105   87   77   76   87
    42.5-180.0 180.0   5.0 450.0                            LAT/LON1/LON2/DLON/H
  125  140  160  182  205  228  250  267  278  280  278  282  300  336  387  440
  485  513  524  525  527  536  553  573  587  590  582  566  547  530  517  507
  500  494  489  482  471  452  425  391  357  327  303  286  273  260  248  237
  228  223  221  219  216  213  210  208  208  206  202  193  183  173  165  161
  160  159  157  150  140  129  120  119  125
    40.0-180.0 180.0   5.0 450.0                            LAT/LON1/LON2/DLON/H
  169  182  199  219  241  264  287  306  318  321  319  321  336  369  415  464
  505  530  542  547  555  569  589  609  621  620  607  585  560  539  524  514
  509  508  507  503  492  471  440  401  361  326  301  283  271  260  250  240
  234  231  230  229  227  221  215  208  203  198  192  184  175  166  159  156
  157  161  165  168  168  165  162  163  169
    37.5-180.0 180.0   5.0 450.0                            LAT/LON1/LON2/DLON/H
  207  221  239  258  278  299  321  341  355  360  360  363  377  406  447  489
  525  550  564  574  586  603  623  640  647  642  626  603  579  558  544  536
  534  534  535  530  518  493  457  413  369  331  304  287  276  267  258  251
  246  244  245  246  243  236  225  213  202  193  185  179  172  164  158  153
  153  158  165  174  182  188  192  198  207
    35.0-180.0 180.0   5.0 450.0                            LAT/LON1/LON2/DLON/H
  232  251  271  291  309  327  347  368  384  394  399  404  418  443  477  513
  544  568  586  601  617  634  649  659  661  655  642  626  609  596  586  582
  582  582  579  569  550  519  478  431  385  347  321  305  295  288  281  274
  270  269  271  273  272  264  250  233  216  202  192  185  180  173  166  158
  154  155  161  171  183  194  204  217  232
    32.5-180.0 180.0   5.0 450.0                            LAT/LON1/LON2/DLON/H
  241  268  294  316  333  349  366  387  407  422  433  443  457  480  507  536
  563  586  608  627  644  656  663  665  663  660  658  658  657  656  656  656
  656  653  642  621  591  551  504  456  412  378  355  342  334  327  321  315
  311  309  312  316  316  309  294  272  249  229  216  208  203  196  186  174
  164  159  160  166  175  186  200  218  241
    30.0-180.0 180.0   5.0 450.0                            LAT/LON1/LON2/DLON/H
  239  274  308  334  352  365  380  400  425  447  464  480  496  515  537  560
  582  606  629  649  663  669  667  662  660  667  682  703  723  739  749  754
  753  742  719  683  638  586  533  485  446  419  403  393  388  383  377  371
  365  363  366  371  375  370  354  329  301  275  257  247  239  231  217  201
  185  174  168  166  168  174  187  209  239
    27.5-180.0 180.0   5.0 450.0                            LAT/LON1/LON2/DLON/H
  232  276  318  349  367  378  392  413  442  471  496  516  535  553  571  589
  608  630  652  670  678  676  666  659  662  682  719  763  805  836  855  863
  859  839  802  748  685  621  562  515  483  464  455  451  448  444  440  434
  427  424  426  433  439  437  422  396  364  333  311  296  284  271  254  234
  215  199  187  176  168  166  175  197  232
    25.0-180.0 180.0   5.0 450.0                            LAT/LON1/LON2/DLON/H
  230  279  327  363  382  392  405  429  463  498  529  554  576  595  611  627
  643  662  680  692  693  683  671  666  679  715  772  836  893  934  958  966
  958  929  877  807  727  650  586  539  512  502  500  501  500  499  496  492
  485  481  483  491  499  500  486  460  425  392  364  344  328  310  289  267
  247  231  216  199  182  170  171  191  230
    22.5-180.0 180.0   5.0 450.0                            LAT/LON1/LON2/DLON/H
  236  287  339  377  398  408  422  449  488  528  564  593  618  640  659  675
  691  706  717  720  713  701  691  695  720  770  839  914  976 1018 1040 1045
 1032  996  934  851  759  672  601  553  529  523  526  531  533  534  535  534
  530  526  528  536  545  546  534  508  473  438  407  383  362  339  314  291
  274  262  249  231  208  188  182  198  236
    20.0-180.0 180.0   5.0 450.0                            LAT/LON1/LON2/DLON/H
  253  303  354  393  414  425  441  472  515  560  599  631  660  687  712  732
  749  761  764  757  745  735  734  750  787  844  915  986 1041 1074 1088 1087
 1070 1032  966  878  779  685  608  556  529  524  528  534  538  543  550  555
  555  553  555  561  569  569  556  530  496  461  430  403  378  352  325  302
  290  285  280  265  241  217  207  218  253
    17.5-180.0 180.0   5.0 450.0                            LAT/LON1/LON2/DLON/H
  277  321  369  405  427  440  460  495  543  591  631  665  698  732  765  794
  815  824  821  807  793  789  802  831  875  930  990 1044 1080 1095 1096 1089
 1071 1035  972  887  791  695  612  552  518  506  507  512  518  528  541  554
  561  562  564  568  571  567  551  524  491  459  429  402  376  348  320  299
  291  295  299  292  274  252  240  247  277
    15.0-180.0 180.0   5.0 450.0                            LAT/LON1/LON2/DLON/H
  302  339  379  413  434  449  474  515  566  616  657  692  728  770  814  853
  880  891  884  867  855  862  889  930  974 1016 1053 1079 1089 1083 1071 1058
 1043 1013  961  887  799  707  620  549  503  481  475  476  482  497  519  541
  555  560  561  561  558  546  524  495  464  434  406  382  358  331  303  284
  279  290  303  307  297  282  273  278  302
    12.5-180.0 180.0   5.0 450.0                            LAT/LON1/LON2/DLON/H
  322  350  383  412  433  453  483  530  585  635  675  710  749  798  852  901
  938  953  949  934  928  946  986 1032 1068 1089 1095 1090 1073 1050 1027 1013
 1001  980  942  885  812  728  638  557  496  461  446  442  449  468  497  528
  548  556  555  550  538  517  488  455  424  396  372  351  331  308  283  264
  261  274  293  306  308  302  299  304  322
    10.0-180.0 180.0   5.0 450.0                            LAT/LON1/LON2/DLON/H
  332  352  378  404  428  452  489  540  598  649  687  721  761  815  875  934
  980 1004 1006  999 1003 1031 1078 1121 1142 1136 1112 1080 1044 1010  984  970
  963  952  928  889  834  760  671  581  507  460  436  428  434  456  491  528
  552  561  557  545  525  494  456  419  386  358  336  319  304  287  266  248
  242  253  274  293  304  309  313  319  332
     7.5-180.0 180.0   5.0 450.0                            LAT/LON1/LON2/DLON/H
  331  345  367  393  420  451  494  550  610  660  697  728  768  822  885  949
 1003 1037 1051 1055 1069 1104 1151 1184 1184 1153 1105 1056 1014  980  957  947
  944  938  925  902  863  802  717  623  540  485  455  445  450  473  510  548
  572  578  571  552  523  484  439  397  361  333  310  295  285  275  259  241
  231  236  253  273  290  304  314  322  331
     5.0-180.0 180.0   5.0 450.0                            LAT/LON1/LON2/DLON/H
  321  333  354  382  415  453  501  561  623  673  708  738  775  825  885  948
 1007 1051 1078 1096 1119 1156 1195 1213 1192 1141 1080 1029  993  969  956  951
  947  942  932  919  895  846  769  676  592  534  504  492  496  518  553  587
  607  608  595  570  535  490  440  394  357  325  300  284  278  274  264  247
  232  228  236  253  272  290  305  314  321
     2.5-180.0 180.0   5.0 450.0                            LAT/LON1/LON2/DLON/H
  307  319  343  376  416  461  515  578  640  690  725  754  787  830  881  937
  995 1047 1086 1116 1146 1181 1208 1208 1170 1108 1047 1006  986  980  978  975
  967  955  943  933  917  880  813  728  650  599  572  562  564  581  610  637
  648  640  620  592  554  506  454  408  369  335  306  287  281  282  278  263
  243  230  229  238  254  273  289  300  307
