ionex_files/COD0OPSFIN_20250870000_01D_01H_GIM.INX
     1.0            IONOSPHERE MAPS     GNSS                IONEX VERSION / TYPE
ADDNEQ2 V5.5        AIUB                02-APR-25 21:41     PGM / RUN BY / DATE 
CODE'S GLOBAL IONOSPHERE MAPS FOR DAY 087, 2025             COMMENT             
Global ionosphere maps (GIM) are generated on a daily basis DESCRIPTION         
at CODE using data from about 300 GNSS sites of the IGS and DESCRIPTION         
other institutions. The vertical total electron content     DESCRIPTION         
(VTEC) is modeled in a solar-geomagnetic reference frame    DESCRIPTION         
using a spherical harmonics expansion up to degree and      DESCRIPTION         
order 15. Piece-wise linear functions are used for          DESCRIPTION         
representation in the time domain. The time spacing of      DESCRIPTION         
their vertices is 1 hour, conforming with the epochs of the DESCRIPTION         
VTEC maps.                                                  DESCRIPTION         
To convert line-of-sight TEC into vertical TEC, a modified  DESCRIPTION         
single-layer model mapping function approximating the JPL   DESCRIPTION         
extended slab model mapping function is adopted. The        DESCRIPTION         
mapping function is evaluated at geodetic satellite         DESCRIPTION         
elevation angles. For the computation of the ionospheric    DESCRIPTION         
pierce points, a spherical layer with a radius of 6821 km   DESCRIPTION         
is assumed, implying geocentric, not geodetic IONEX         DESCRIPTION         
latitudes.                                                  DESCRIPTION         
Instrumental biases with respect to each involved GNSS code DESCRIPTION         
observable are estimated as constant values for each        DESCRIPTION         
day. They are modeled with one set of bias parameters for   DESCRIPTION         
each satellite and each station in case of GPS and for each DESCRIPTION         
satellite-station link in case of GLONASS. The code bias    DESCRIPTION         
datum is defined by zero-mean conditions imposed on the     DESCRIPTION         
satellite bias estimates. In this file, just GPS C1W-C2W    DESCRIPTION         
satellite and station bias values are included. The         DESCRIPTION         
complete set of GNSS code bias results is provided in an    DESCRIPTION         
additional Bias-SINEX file as pseudo-absolute values        DESCRIPTION         
specific to each observable.                                DESCRIPTION         
Note: These GIM results correspond to the results for the   DESCRIPTION         
middle day of a 3-day combination analysis solving for 73   DESCRIPTION         
times 256, or 18688 VTEC parameters and 3 daily sets of     DESCRIPTION         
GNSS code bias parameters.                                  DESCRIPTION         
Contact address: code(at)aiub.unibe.ch                      DESCRIPTION         
Data archive:    ftp.aiub.unibe.ch/CODE/                    DESCRIPTION         
                 www.aiub.unibe.ch/download/CODE/           DESCRIPTION         
  2025     3    28     0     0     0                        EPOCH OF FIRST MAP  
  2025     3    29     0     0     0                        EPOCH OF LAST MAP   
  3600                                                      INTERVAL            
[...]
abpo adis albh algo alic amu2 areg areq ascg aspa auck azgb COMMENT             
badg bake bako barh bjfs bndy boav bogo bogt bor1 braz brft COMMENT             
brst brux cags cas1 ccj2 cedu chpg chti chur ckis coco cord COMMENT             
cpvg cpxf cro1 daej darw dav1 dgar dhlg drao dubo ebre faa1 COMMENT             
fair flin flrs func ganp glps glsv gode gol2 gold gope gras COMMENT             
graz guam guug harb hers hert hlfx hnpt hob2 hofn holb hrao COMMENT             
hyde iddr ieng iisc impz ineg invk iqal irkj jog2 joz2 karr COMMENT             
kerg kir0 kiri kiru kit3 kokb kokv koug kour krgg lama laut COMMENT             
lmmf lpal lpgs mac1 madr mal2 mana mas1 mat1 mate maui maw1 COMMENT             
mcil mcm4 mdo1 medi mgue mizu mkea mnls mobs morp mqzg mro1 COMMENT             
mtka nano naur nico nist nium nklg nlib nnor not1 nrc1 ntus COMMENT             
nya1 nyal onsa opmt ous2 pado park penc pert pie1 pimo pohn COMMENT             
pol2 pots pove ptbb ptvl qaq1 quin rabt ramo reun reyk rgdg COMMENT             
rio2 roth salu samo sant savo sch2 scor scrz sctb scub seyg COMMENT             
sfer spt0 ssia sthl stjo stk2 str2 suth sutm sydn syog tash COMMENT             
thtg thti thu2 tid1 tidb tlse tn22 tong tow2 tro1 tskb txes COMMENT             
uclu ufpr ulab unb3 unbj unsa urum usn7 usud vald vill vtsp COMMENT             
wab1 wab2 whit will wind wsrt wtza wtzr wtzs wtzz wuhn xmis COMMENT             
yar2 yar3 yarr yell ykro zeck zim2 zim3 zimm                COMMENT             
                                                            END OF HEADER       
[from data line 2145]
     6                                                      START OF TEC MAP    
  2025     3    28     5     0     0                        EPOCH OF CURRENT MAP
    87.5-180.0 180.0   5.0 450.0                            LAT/LON1/LON2/DLON/H
  175  176  177  178  179  180  181  182  183  184  185  186  187  188  189  189
  189  189  189  189  189  188  187  186  185  184  183  182  181  180  179  178
  177  176  175  175  174  173  173  172  172  172  171  171  171  171  171  171
  171  171  171  171  171  171  171  171  171  171  171  172  172  172  172  172
  172  172  173  173  173  174  174  175  175
    85.0-180.0 180.0   5.0 450.0                            LAT/LON1/LON2/DLON/H
  171  172  173  174  176  178  181  184  187  190  193  196  198  200  202  203
  204  204  203  202  200  198  195  192  189  186  183  180  177  175  173  171
  169  168  168  167  167  167  167  167  167  167  168  168  169  169  170  170
  171  171  172  173  174  174  175  176  176  177  177  177  177  177  177  176
  176  175  174  173  172  172  171  171  171
    82.5-180.0 180.0   5.0 450.0                            LAT/LON1/LON2/DLON/H
  170  168  168  168  169  172  175  180  184  190  195  201  206  210  213  215
  216  216  214  211  207  202  196  190  184  178  172  167  163  160  157  156
  155  155  156  157  159  160  162  164  166  167  169  170  171  173  174  176
  177  179  181  184  186  188  191  193  195  197  198  199  199  199  198  196
  194  192  189  185  182  179  175  172  170
    80.0-180.0 180.0   5.0 450.0                            LAT/LON1/LON2/DLON/H
  176  170  166  163  162  163  166  170  176  184  191  199  207  213  218  221
  222  221  218  213  206  198  189  180  170  161  153  147  142  138  137  137
  138  141  144  148  153  157  161  165  168  171  174  176  178  180  183  186
  189  193  197  201  206  211  216  220  225  229  232  234  236  236  235  233
  229  225  219  213  206  198  191  183  176
    77.5-180.0 180.0   5.0 450.0                            LAT/LON1/LON2/DLON/H
  193  181  171  163  157  155  155  159  165  172  182  191  200  208  215  219
  220  219  215  208  199  189  177  165  153  142  132  125  120  117  117  119
  124  130  136  144  151  158  164  170  174  178  181  184  187  190  193  198
  202  208  215  222  230  238  246  254  261  268  273  278  281  282  282  280
  276  270  263  254  243  231  219  206  193
    75.0-180.0 180.0   5.0 450.0                            LAT/LON1/LON2/DLON/H
  221  203  186  171  160  152  148  149  153  160  169  179  188  197  204  208
  210  209  205  198  188  177  164  151  138  126  116  109  104  103  105  109
  116  125  134  144  153  162  169  176  181  185  188  191  195  198  203  208
  215  224  233  243  254  265  276  287  297  306  314  320  324  327  328  326
  323  317  309  299  287  273  256  239  221
    72.5-180.0 180.0   5.0 450.0                            LAT/LON1/LON2/DLON/H
  254  231  208  187  169  156  147  143  144  149  157  165  174  182  188  192
  194  194  191  185  177  168  156  144  132  121  112  105  101  100  103  108
  116  126  136  146  156  165  173  179  184  188  192  195  199  204  209  217
  226  236  248  261  275  288  301  314  325  335  344  351  357  360  362  362
  359  355  348  339  327  313  296  276  254
    70.0-180.0 180.0   5.0 450.0                            LAT/LON1/LON2/DLON/H
  286  261  234  207  184  165  151  143  141  143  148  155  161  167  172  175
  177  178  177  174  170  163  155  146  137  127  119  112  108  107  109  114
  121  129  138  147  156  164  171  177  182  187  191  195  200  206  213  223
  233  246  260  275  289  304  317  330  341  350  359  366  371  375  377  377
  376  373  369  363  354  343  328  309  286
    67.5-180.0 180.0   5.0 450.0                            LAT/LON1/LON2/DLON/H
  310  285  256  226  199  175  158  148  143  143  145  149  153  156  159  161
  162  164  165  166  166  164  160  155  149  141  134  127  122  120  119  121
  125  130  136  142  149  155  162  168  174  180  185  192  198  206  216  227
  239  253  268  284  298  312  324  335  344  352  359  365  369  372  374  373
  372  370  368  365  361  355  346  331  310
    65.0-180.0 180.0   5.0 450.0                            LAT/LON1/LON2/DLON/H
  321  298  270  239  209  184  164  152  147  146  147  149  150  151  151  152
  153  155  158  161  164  166  167  165  161  156  149  142  135  130  126  124
  124  125  127  130  134  140  146  154  162  170  178  187  197  207  218  231
  245  260  276  290  304  315  325  333  339  344  349  353  356  358  358  356
  353  350  349  349  350  350  347  338  321
    62.5-180.0 180.0   5.0 450.0                            LAT/LON1/LON2/DLON/H
  320  301  274  243  213  187  168  156  150  149  150  152  152  151  149  148
  148  150  153  157  162  166  168  169  167  163  156  148  140  131  124  119
  114  111  110  111  114  119  127  137  149  160  172  184  197  210  224  238
  254  269  285  298  310  319  326  329  332  334  337  340  343  344  342  337
  330  324  321  322  326  331  334  332  320
    60.0-180.0 180.0   5.0 450.0                            LAT/LON1/LON2/DLON/H
  312  296  271  241  212  187  168  157  153  152  154  155  154  153  151  149
  148  148  150  152  155  158  160  162  161  157  151  142  132  122  112  104
   98   93   90   89   92   99  110  123  138  153  169  184  200  216  233  250
  267  283  298  312  322  328  332  332  332  332  333  336  339  339  336  327
  316  305  298  297  302  310  317  319  312
    57.5-180.0 180.0   5.0 450.0                            LAT/LON1/LON2/DLON/H
  305  290  268  240  213  189  171  161  155  155  155  156  156  154  152  150
  148  147  145  144  142  142  142  142  142  139  133  124  113  103   93   85
   79   74   71   71   75   84   97  114  132  151  169  187  206  226  246  266
  286  304  319  333  342  347  348  346  343  341  342  346  350  351  346  334
  317  301  288  284  287  296  305  309  305
    55.0-180.0 180.0   5.0 450.0                            LAT/LON1/LON2/DLON/H
  306  293  272  248  224  202  184  171  163  159  157  156  155  153  151  149
  146  143  138  131  124  118  115  114  113  112  107   99   89   80   73   68
   64   61   60   61   66   77   92  111  132  152  173  193  215  239  264  288
  311  331  349  363  372  377  377  372  367  364  365  370  375  377  371  356
  335  313  296  288  289  297  305  310  306
    52.5-180.0 180.0   5.0 450.0                            LAT/LON1/LON2/DLON/H
  319  307  290  270  251  232  213  196  182  170  162  157  153  150  147  144
  141  136  128  117  105   94   87   85   85   85   82   75   67   61   57   57
   57   58   59   62   68   79   95  114  136  157  178  201  226  255  286  316
  343  366  385  400  411  416  415  410  402  397  397  402  408  410  402  385
  362  337  317  307  307  313  320  323  319
    50.0-180.0 180.0   5.0 450.0                            LAT/LON1/LON2/DLON/H
  342  332  320  309  296  281  262  238  214  191  173  160  151  145  140  137
  133  128  119  106   90   77   68   65   67   68   66   61   55   52   52   56
   62   66   69   72   77   87  102  121  142  163  185  210  240  274  311  347
  378  405  426  442  455  461  460  453  443  435  433  436  440  440  430  411
  386  361  342  333  334  340  346  347  342
    47.5-180.0 180.0   5.0 450.0                            LAT/LON1/LON2/DLON/H
  369  363  359  357  354  345  324  294  257  222  192  170  155  143  135  130
  127  123  115  103   88   73   64   62   65   68   67   62   56   54   57   65
   75   82   87   88   91   98  110  128  148  171  194  222  256  296  339  381
  416  445  467  485  498  506  505  497  484  473  467  466  466  460  446  424
  398  375  360  357  361  369  375  375  369
    45.0-180.0 180.0   5.0 450.0                            LAT/LON1/LON2/DLON/H
  394  391  395  405  413  410  390  353  305  257  216  186  164  148  136  128
  125  124  122  114  102   90   81   80   83   86   84   78   70   67   71   80
   92  101  105  105  105  108  118  134  156  180  207  238  276  322  370  416
  454  482  504  523  538  547  547  538  524  509  499  492  485  472  451  424
  396  376  367  370  381  393  399  398  394
    42.5-180.0 180.0   5.0 450.0                            LAT/LON1/LON2/DLON/H
  409  409  420  440  458  463  443  401  344  287  239  204  178  159  144  134
  132  136  140  140  133  124  118  116  119  120  115  104   92   86   87   96
  107  116  119  118  115  115  123  140  164  193  224  260  302  351  402  449
  487  515  536  555  571  583  585  577  563  547  534  521  506  484  454  420
  390  370  366  375  392  407  415  413  409
    40.0-180.0 180.0   5.0 450.0                            LAT/LON1/LON2/DLON/H
  416  416  429  454  478  487  468  423  362  302  253  218  194  175  159  149
  149  158  169  177  177  172  166  164  165  162  152  136  118  106  102  107
  116  123  126  124  120  119  127  147  176  211  248  287  331  381  432  478
  514  539  560  580  600  615  622  619  608  594  581  565  543  513  473  431
  395  373  370  382  402  419  426  423  416
    37.5-180.0 180.0   5.0 450.0                            LAT/LON1/LON2/DLON/H
  422  415  424  446  469  477  458  412  352  295  251  224  206  192  178  170
  172  185  204  219  225  223  218  214  211  204  190  167  143  123  113  112
  117  122  125  124  122  122  132  156  191  233  276  318  362  409  457  500
  533  557  578  601  627  650  664  669  666  660  650  636  611  575  528  478
  434  406  399  408  426  440  443  435  422
    35.0-180.0 180.0   5.0 450.0                            LAT/LON1/LON2/DLON/H
  440  420  415  424  437  438  415  371  316  266  234  218  210  204  196  192
  196  212  234  254  265  266  261  256  250  240  222  195  165  139  122  114
  114  117  121  123  123  127  140  168  209  258  305  348  389  432  475  514
  544  568  593  623  658  691  716  733  743  749  749  740  718  681  631  575
  523  486  469  469  479  486  481  464  440
    32.5-180.0 180.0   5.0 450.0                            LAT/LON1/LON2/DLON/H
  484  446  420  407  400  387  358  314  266  228  207  203  207  210  209  208
  215  231  253  275  289  293  290  285  279  268  248  219  185  155  132  118
  112  112  117  123  128  135  151  182  228  281  331  372  409  446  484  520
  550  577  609  649  695  741  781  813  839  860  873  875  861  829  781  723
  666  619  590  576  573  569  553  524  484
    30.0-180.0 180.0   5.0 450.0                            LAT/LON1/LON2/DLON/H
  565  506  454  414  383  351  312  268  227  198  187  191  202  211  216  218
  223  236  255  276  292  300  302  301  298  289  270  241  208  175  148  128
  117  114  119  128  136  146  163  196  244  299  348  387  419  451  486  521
  554  587  629  681  740  800  854  902  945  983 1011 1025 1022 1000  961  908
  851  797  755  727  709  691  664  621  565
    27.5-180.0 180.0   5.0 450.0                            LAT/LON1/LON2/DLON/H
  681  604  529  463  406  354  305  259  223  200  192  196  206  216  220  221
  222  228  241  260  278  293  303  310  312  307  291  266  234  202  173  150
  134  126  129  138  148  158  174  205  252  307  355  390  419  449  484  521
  559  602  654  718  789  860  926  988 1047 1099 1140 1165 1174 1166 1141 1100
 1048  994  945  906  875  845  806  751  681
    25.0-180.0 180.0   5.0 450.0                            LAT/LON1/LON2/DLON/H
  822  734  644  559  482  414  355  307  272  250  239  234  234  234  232  227
  219  215  220  236  258  283  304  319  328  327  315  293  265  235  207  182
  161  148  146  152  160  167  179  207  251  303  350  384  412  443  482  525
  571  621  683  756  835  912  986 1057 1126 1187 1235 1268 1287 1293 1285 1261
 1223 1176 1128 1085 1047 1009  962  900  822
    22.5-180.0 180.0   5.0 450.0                            LAT/LON1/LON2/DLON/H
  966  878  786  695  609  531  465  415  381  356  335  314  295  279  263  246
  227  211  207  220  248  282  315  339  352  353  342  322  297  271  245  220
  195  176  166  165  167  169  177  200  241  291  337  372  403  439  484  535
  588  646  713  789  869  946 1020 1093 1165 1228 1278 1312 1336 1354 1363 1360
 1342 1310 1272 1234 1196 1156 1107 1044  966
    20.0-180.0 180.0   5.0 450.0                            LAT/LON1/LON2/DLON/H
 1089 1014  934  852  769  690  621  570  534  505  474  436  395  357  323  291
  258  231  219  230  263  306  346  374  387  385  371  349  326  303  281  257
  229  203  184  174  168  164  166  185  224  274  321  360  396  440  494  552
  611  671  738  811  885  954 1021 1089 1156 1215 1258 1288 1312 1337 1362 1379
 1384 1374 1354 1328 1297 1260 1214 1157 1089
    17.5-180.0 180.0   5.0 450.0                            LAT/LON1/LON2/DLON/H
 1170 1118 1063 1003  934  860  792  739  703  672  635  585  527  469  417  369
  323  287  269  279  314  360  402  426  430  418  395  369  345  325  307  285
  256  223  195  175  160  150  150  167  206  258  308  353  396  448  510  575
  636  695  756  820  881  936  989 1045 1102 1150 1183 1204 1223 1251 1287 1322
 1349 1364 1365 1356 1336 1307 1268 1222 1170
    15.0-180.0 180.0   5.0 450.0                            LAT/LON1/LON2/DLON/H
 1201 1176 1154 1123 1073 1008  939  884  848  822  788  738  674  605  540  479
  424  382  361  369  401  443  475  486  474  446  410  377  350  332  318  298
  269  232  196  167  146  132  131  149  191  246  302  352  403  462  530  598
  658  713  765  816  861  898  935  976 1019 1054 1075 1086 1099 1126 1167 1215
 1260 1296 1318 1324 1316 1295 1265 1232 1201
    12.5-180.0 180.0   5.0 450.0                            LAT/LON1/LON2/DLON/H
 1186 1188 1197 1194 1163 1103 1031  970  935  918  901  866  812  746  676  610
  552  508  487  491  514  541  555  544  510  462  413  372  342  324  312  295
  267  229  188  154  129  114  114  136  182  241  301  357  412  476  547  616
  674  723  766  804  834  856  876  901  930  953  965  969  977 1000 1042 1095
 1151 1202 1238 1256 1255 1241 1218 1197 1186
    10.0-180.0 180.0   5.0 450.0                            LAT/LON1/LON2/DLON/H
 1144 1166 1197 1214 1194 1132 1049  978  942  940  949  947  919  869  807  743
  687  647  627  624  632  636  623  586  529  463  402  355  323  305  294  278
  252  215  174  139  113  100  103  129  179  242  305  363  421  486  557  625
  681  726  763  793  813  823  831  843  861  877  885  887  894  914  952 1005
 1063 1119 1159 1180 1182 1169 1152 1140 1144
     7.5-180.0 180.0   5.0 450.0                            LAT/LON1/LON2/DLON/H
 1101 1132 1173 1196 1175 1101 1000  912  872  885  927  966  977  955  908  853
  806  773  753  741  728  705  663  601  525  448  381  332  300  281  268  253
  228  194  157  125  102   91   98  127  180  245  309  366  423  486  557  624
  680  724  760  789  808  814  816  822  834  848  859  867  877  896  928  973
 1027 1077 1112 1127 1123 1109 1095 1089 1101
     5.0-180.0 180.0   5.0 450.0                            LAT/LON1/LON2/DLON/H
 1081 1110 1145 1161 1126 1033  907  799  750  774  848  929  982  991  964  922
  884  859  839  816  781  731  664  585  500  421  355  309  278  258  242  225
  202  172  142  115   96   89   98  128  181  245  307  363  416  477  545  613
  671  720  762  797  822  834  838  843  855  874  894  914  932  951  976 1011
 1052 1090 1111 1113 1100 1083 1071 1069 1081
     2.5-180.0 180.0   5.0 450.0                            LAT/LON1/LON2/DLON/H
 1098 1116 1135 1131 1075  959  809  679  619  647  742  857  944  979  969  937
  908  888  867  832  777  706  625  541  459  387  331  290  262  240  220  199
  176  152  129  109   95   90   99  129  179  240  300  352  403  460  527  595
  659  715  768  815  854  878  891  901  918  945  980 1015 1043 1064 1082 1104
 1130 1150 1154 1139 1116 1098 1089 1090 1098
