ionex_files/COD0OPSFIN_20250930000_01D_01H_GIM.INX
     1.0            IONOSPHERE MAPS     GNSS                IONEX VERSION / TYPE
ADDNEQ2 V5.5        AIUB                07-APR-25 19:09     PGM / RUN BY / DATE 
CODE'S GLOBAL IONOSPHERE MAPS FOR DAY 093, 2025             COMMENT             
Global ionosphere maps (GIM) are generated on a daily basis DESCRIPTION         
at CODE using data from about 300 GNSS sites of the IGS and DESCRIPTION         
other institutions. The vertical total electron content     DESCRIPTION         
(VTEC) is modeled in a solar-geomagnetic reference frame    DESCRIPTION         
using a spherical harmonics expansion up to degree and      DESCRIPTION         
order 15. Piece-wise linear functions are used for          DESCRIPTION         
representation in the time domain. The time spacing of      DESCRIPTION         
their vertices is 1 hour, conforming with the epochs of the DESCRIPTION         
VTEC maps.                                                  DESCRIPTION         
To convert line-of-sight TEC into vertical TEC, a modified  DESCRIPTION         
single-layer model mapping function approximating the JPL   DESCRIPTION         
extended slab model mapping function is adopted. The        DESCRIPTION         
mapping function is evaluated at geodetic satellite         DESCRIPTION         
elevation angles. For the computation of the ionospheric    DESCRIPTION         
pierce points, a spherical layer with a radius of 6821 km   DESCRIPTION         
is assumed, implying geocentric, not geodetic IONEX         DESCRIPTION         
latitudes.                                                  DESCRIPTION         
Instrumental biases with respect to each involved GNSS code DESCRIPTION         
observable are estimated as constant values for each        DESCRIPTION         
day. They are modeled with one set of bias parameters for   DESCRIPTION         
each satellite and each station in case of GPS and for each DESCRIPTION         
satellite-station link in case of GLONASS. The code bias    DESCRIPTION         
datum is defined by zero-mean conditions imposed on the     DESCRIPTION         
satellite bias estimates. In this file, just GPS C1W-C2W    DESCRIPTION         
satellite and station bias values are included. The         DESCRIPTION         
complete set of GNSS code bias results is provided in an    DESCRIPTION         
additional Bias-SINEX file as pseudo-absolute values        DESCRIPTION         
specific to each observable.                                DESCRIPTION         
Note: These GIM results correspond to the results for the   DESCRIPTION         
middle day of a 3-day combination analysis solving for 73   DESCRIPTION         
times 256, or 18688 VTEC parameters and 3 daily sets of     DESCRIPTION         
GNSS code bias parameters.                                  DESCRIPTION         
Contact address: code(at)aiub.unibe.ch                      DESCRIPTION         
Data archive:    ftp.aiub.unibe.ch/CODE/                    DESCRIPTION         
                 www.aiub.unibe.ch/download/CODE/           DESCRIPTION         
  2025     4     3     0     0     0                        EPOCH OF FIRST MAP  
  2025     4     4     0     0     0                        EPOCH OF LAST MAP   
  3600                                                      INTERVAL            
[...]
abpo adis albh alic amu2 areg areq ascg aspa auck azgb badg COMMENT             
bake bjfs bndy boav bogo bogt bor1 braz brft brst brux cags COMMENT             
cas1 ccj2 cedu chpg chti chur ckis coco cord cpvg cpxf cro1 COMMENT             
daej darw dav1 dgar dhlg drao dubo ebre faa1 fair flin flrs COMMENT             
frdn func ganp glps glsv gode gol2 gold gope gras graz guam COMMENT             
guug harb hers hert hlfx hnpt hob2 hofn holb hrao iddr ieng COMMENT             
iisc impz ineg invk iqal irkj jog2 joz2 karr kerg kir0 kiri COMMENT             
kiru kit3 kokb kokv koug kour krgg lama laut lmmf lpal lpgs COMMENT             
m0se mac1 madr mal2 mana mas1 mat1 mate maui maw1 mcm4 mdo1 COMMENT             
medi mgue mizu mkea mnls mobs morp mqzg mro1 mtka nano naur COMMENT             
nico nist nium nklg nlib nnor not1 nrc1 ntus nya1 nyal onsa COMMENT             
opmt ous2 pado parc park pdel penc pert pie1 pimo pohn pol2 COMMENT             
polv pots pove ptag ptbb ptvl qaq1 quin rabt ramo reun reyk COMMENT             
rgdg rio2 roth salu samo sant savo sch2 scor scrz sctb scub COMMENT             
seyg sfer spt0 ssia sthl stjo stk2 str2 suth sutm suwn sydn COMMENT             
syog tash thtg thti thu2 tid1 tidb tlse tn22 tong tow2 tro1 COMMENT             
tskb twtf txes uclu ufpr ulab unb3 unbj unsa urum usn7 usud COMMENT             
vald vill vtsp wab1 wab2 whit will wind wsrt wtza wtzr wtzs COMMENT             
wtzz wuhn xmis yar2 yar3 yarr yell ykro zeck zim2 zim3 zimm COMMENT             
                                                            END OF HEADER       
[from data line 429]
     2                                                      START OF TEC MAP    
  2025     4     3     1     0     0                        EPOCH OF CURRENT MAP
    87.5-180.0 180.0   5.0 450.0                            LAT/LON1/LON2/DLON/H
  219  220  221  221  222  222  222  222  221  221  220  220  219  218  217  215
  214  213  211  209  208  206  204  202  200  198  196  194  193  191  190  188
  187  186  185  184  183  183  182  182  182  182  182  182  182  183  183  184
  185  185  186  188  189  190  192  193  195  196  198  200  202  204  206  207
  209  211  212  214  215  216  218  219  219
    85.0-180.0 180.0   5.0 450.0                            LAT/LON1/LON2/DLON/H
  218  219  220  221  221  221  221  221  221  221  220  219  218  217  215  213
  211  209  206  203  200  196  193  189  185  181  177  173  169  166  163  160
  157  155  154  153  152  151  151  151  151  151  151  151  152  152  152  153
  153  154  155  157  158  160  162  165  168  171  175  179  183  187  191  195
  198  202  205  208  211  213  215  217  218
    82.5-180.0 180.0   5.0 450.0                            LAT/LON1/LON2/DLON/H
  207  207  208  208  209  209  209  209  209  209  209  208  208  207  206  205
  203  200  197  194  190  185  180  174  168  162  156  149  144  138  133  129
  126  124  122  121  121  121  122  122  123  123  123  123  123  122  121  120
  119  118  118  118  119  120  123  126  131  136  142  148  155  161  168  175
  181  186  191  195  199  202  204  206  207
    80.0-180.0 180.0   5.0 450.0                            LAT/LON1/LON2/DLON/H
  192  192  191  191  190  190  190  191  191  191  192  192  192  192  192  191
  190  189  187  185  181  177  171  164  157  149  140  132  123  116  109  104
  100   97   96   96   97   98  100  102  103  104  104  103  101   99   95   92
   88   84   81   79   78   78   80   84   90   97  106  115  126  136  146  156
  165  172  179  184  188  190  192  192  192
    77.5-180.0 180.0   5.0 450.0                            LAT/LON1/LON2/DLON/H
  183  181  179  177  176  175  174  175  175  175  176  176  176  176  176  176
  176  177  177  177  175  172  168  162  154  144  134  123  113  103   95   88
   84   81   80   81   83   86   89   92   94   95   95   93   90   85   79   72
   64   57   51   46   43   42   44   49   56   66   78   91  105  120  134  147
  158  168  175  181  184  186  186  185  183
    75.0-180.0 180.0   5.0 450.0                            LAT/LON1/LON2/DLON/H
  185  181  177  173  171  169  168  168  168  168  167  165  163  161  159  159
  160  162  165  168  170  171  169  165  158  148  137  125  112  101   91   84
   78   75   75   76   79   83   87   91   94   95   94   92   87   80   71   62
   52   43   34   28   23   22   24   29   38   51   66   83  101  119  137  152
  166  177  185  190  193  193  192  189  185
    72.5-180.0 180.0   5.0 450.0                            LAT/LON1/LON2/DLON/H
  201  194  188  183  178  176  175  175  174  172  169  164  157  150  145  142
  142  145  151  158  165  170  172  170  164  155  144  131  118  106   95   87
   81   78   77   78   82   86   90   94   97   98   97   94   89   81   72   62
   52   43   34   28   24   23   25   32   42   57   75   94  115  136  156  173
  187  198  206  211  213  213  210  206  201
    70.0-180.0 180.0   5.0 450.0                            LAT/LON1/LON2/DLON/H
  226  218  209  202  196  192  191  191  191  188  182  172  159  145  133  125
  123  126  134  144  155  165  170  171  167  160  149  137  124  112  101   93
   87   83   82   83   86   89   93   97  100  101  100   97   92   85   78   70
   62   55   50   46   44   45   49   56   68   83  102  123  145  167  186  203
  217  227  234  238  240  239  237  232  226
    67.5-180.0 180.0   5.0 450.0                            LAT/LON1/LON2/DLON/H
  254  244  234  223  215  211  210  211  212  209  201  187  168  147  127  113
  106  108  116  129  143  155  162  165  162  155  146  135  125  114  105   98
   92   88   86   86   87   90   93   96   98   99   98   96   92   88   84   80
   78   76   76   78   80   84   90   97  108  123  140  160  181  202  220  234
  245  253  258  261  263  264  264  260  254
    65.0-180.0 180.0   5.0 450.0                            LAT/LON1/LON2/DLON/H
  277  267  254  240  229  223  222  226  230  230  222  206  182  154  127  106
   96   95  103  116  130  141  147  149  146  140  133  125  118  111  104   98
   93   89   86   84   84   86   88   91   93   94   94   92   91   89   89   90
   94  100  108  116  124  132  139  146  154  165  179  196  214  231  246  257
  264  268  271  273  277  280  283  282  277
    62.5-180.0 180.0   5.0 450.0                            LAT/LON1/LON2/DLON/H
  289  280  265  247  232  224  223  229  237  242  238  223  197  166  134  110
   96   93   98  108  119  126  128  127  123  118  113  109  106  102   99   95
   90   86   82   80   79   80   82   85   87   88   89   88   88   89   92   98
  108  122  137  153  167  179  187  192  196  201  210  221  234  247  258  265
  267  267  267  269  274  281  288  292  289
    60.0-180.0 180.0   5.0 450.0                            LAT/LON1/LON2/DLON/H
  289  281  265  244  225  213  212  220  232  243  245  235  212  181  150  124
  108  103  105  110  114  113  109  103   97   93   91   92   93   95   94   92
   87   83   78   76   75   76   79   82   85   87   88   88   88   89   94  104
  118  138  160  183  203  218  226  228  227  225  226  231  239  247  254  256
  254  251  248  249  256  267  279  288  289
    57.5-180.0 180.0   5.0 450.0                            LAT/LON1/LON2/DLON/H
  280  275  259  237  214  199  195  203  219  235  244  241  225  199  172  148
  133  126  124  122  116  107   96   85   77   75   77   82   88   92   94   92
   88   83   78   75   75   77   81   86   90   93   93   93   93   94   99  109
  125  148  175  203  227  245  254  253  246  237  230  227  230  234  237  236
  231  225  220  220  228  242  259  273  280
    55.0-180.0 180.0   5.0 450.0                            LAT/LON1/LON2/DLON/H
  266  267  255  234  210  191  183  188  204  223  238  242  234  218  197  179
  167  158  151  142  127  109   91   77   69   69   76   85   94  100  101   99
   94   88   83   81   81   85   91   97  103  106  107  106  105  104  107  116
  132  155  183  214  242  263  272  269  257  241  227  218  216  217  218  215
  208  199  193  192  200  216  236  255  266
    52.5-180.0 180.0   5.0 450.0                            LAT/LON1/LON2/DLON/H
  257  264  259  244  222  202  189  188  198  214  231  241  242  235  224  213
  203  194  183  166  144  120   98   83   78   81   90  101  110  116  116  113
  107  100   95   93   94   99  106  114  121  126  127  126  123  121  122  128
  141  161  188  220  250  274  285  283  268  248  228  215  209  208  207  204
  196  186  178  175  182  197  218  240  257
    50.0-180.0 180.0   5.0 450.0                            LAT/LON1/LON2/DLON/H
  256  271  277  271  256  237  219  209  208  217  230  242  250  251  248  243
  237  227  213  192  166  139  117  104  101  107  117  127  134  137  135  130
  124  117  112  110  112  117  124  133  142  148  150  150  147  144  143  146
  154  170  194  225  257  284  299  299  286  265  243  227  219  217  216  212
  204  193  184  179  182  193  212  234  256
    47.5-180.0 180.0   5.0 450.0                            LAT/LON1/LON2/DLON/H
  266  289  307  314  309  293  272  251  237  233  238  248  259  266  269  268
  263  254  238  215  189  164  146  136  135  141  148  154  157  157  153  148
  143  137  132  130  130  134  142  151  161  169  173  174  173  170  168  168
  173  184  204  232  265  295  316  323  314  296  276  260  252  250  248  245
  236  225  214  206  204  209  222  242  266
    45.0-180.0 180.0   5.0 450.0                            LAT/LON1/LON2/DLON/H
  286  315  342  363  370  362  339  309  281  261  255  260  271  280  286  286
  282  272  257  237  214  194  180  173  172  173  175  175  173  170  167  164
  161  158  154  150  148  150  157  166  177  186  193  197  198  197  195  194
  195  201  216  242  274  309  337  352  352  341  326  314  307  306  305  300
  291  279  266  254  247  244  249  263  286
    42.5-180.0 180.0   5.0 450.0                            LAT/LON1/LON2/DLON/H
  314  343  377  407  426  426  406  371  330  297  279  278  286  295  300  299
  294  286  273  257  240  225  215  208  202  197  190  183  177  174  175  177
  179  180  177  171  166  165  169  178  190  202  212  218  221  222  220  218
  217  219  229  251  284  322  357  382  392  392  385  379  377  377  377  373
  363  349  334  318  304  293  289  295  314
    40.0-180.0 180.0   5.0 450.0                            LAT/LON1/LON2/DLON/H
  347  371  404  438  464  473  459  422  375  332  306  299  304  311  313  310
  304  298  289  278  266  255  245  234  221  206  192  180  174  175  182  192
  201  205  203  195  187  181  183  192  204  218  230  238  242  243  241  237
  233  232  238  257  289  330  371  405  427  439  443  446  449  454  455  452
  441  426  409  390  371  352  339  336  347
    37.5-180.0 180.0   5.0 450.0                            LAT/LON1/LON2/DLON/H
  387  401  424  453  480  495  488  456  408  361  331  321  324  328  327  321
  316  311  307  300  290  279  265  248  227  205  186  174  173  182  198  217
  232  239  237  226  213  204  203  210  223  238  251  258  261  259  254  248
  241  237  240  256  287  329  375  417  449  473  488  501  512  522  528  526
  517  502  483  462  439  416  396  385  387
    35.0-180.0 180.0   5.0 450.0                            LAT/LON1/LON2/DLON/H
  435  436  444  459  480  497  498  473  429  383  353  344  346  347  342  335
  329  327  325  318  307  292  274  251  225  200  183  178  187  207  232  257
  276  284  280  266  248  236  232  238  250  264  275  281  279  272  261  249
  239  232  233  247  276  318  366  413  455  488  515  537  557  573  585  588
  582  568  550  529  506  481  458  442  435
    32.5-180.0 180.0   5.0 450.0                            LAT/LON1/LON2/DLON/H
  498  486  475  470  478  493  499  483  446  404  376  367  368  367  359  350
  344  343  340  330  313  293  270  246  222  204  198  206  228  258  289  316
  334  340  332  314  293  277  271  274  284  295  303  303  295  280  261  242
  227  218  218  231  259  300  348  398  445  487  522  553  579  603  622  633
  633  623  609  591  570  547  526  510  498
    30.0-180.0 180.0   5.0 450.0                            LAT/LON1/LON2/DLON/H
  578  558  529  504  495  503  512  503  471  431  404  395  394  389  377  365
  359  355  347  329  305  281  260  244  232  230  241  267  301  337  367  389
  401  401  388  367  344  325  316  316  321  328  330  325  309  284  256  230
  210  199  199  212  239  279  326  377  427  474  516  552  584  614  641  661
  669  667  658  646  631  615  601  590  578
    27.5-180.0 180.0   5.0 450.0                            LAT/LON1/LON2/DLON/H
  675  655  615  572  547  547  556  549  518  477  446  431  424  412  395  380
  371  362  343  315  285  263  253  254  265  285  318  359  401  435  458  468
  467  458  441  417  393  373  362  357  356  356  352  340  317  285  249  216
  193  180  181  195  223  262  308  358  410  460  504  543  577  612  647  675
  693  700  700  697  692  685  680  680  675
    25.0-180.0 180.0   5.0 450.0                            LAT/LON1/LON2/DLON/H
  783  771  731  679  644  636  642  633  597  548  507  481  463  441  416  395
  380  362  332  293  261  250  262  290  328  372  421  470  512  537  543  535
  520  500  479  455  433  414  400  391  383  376  365  348  320  283  241  204
  178  166  168  184  214  253  299  349  401  453  498  535  569  606  645  681
  708  725  737  746  751  754  761  773  783
    22.5-180.0 180.0   5.0 450.0                            LAT/LON1/LON2/DLON/H
  889  894  865  816  778  767  769  754  708  645  589  548  514  478  443  415
  392  363  320  275  249  257  299  358  421  481  535  581  610  618  604  577
  546  518  495  474  456  440  427  413  398  383  367  346  317  278  235  197
  171  159  162  181  213  255  303  354  407  458  502  536  567  602  644  685
  719  746  770  791  808  820  835  862  889
    20.0-180.0 180.0   5.0 450.0                            LAT/LON1/LON2/DLON/H
  979 1005  996  960  929  921  921  900  842  763  689  629  577  526  480  445
  414  373  321  276  264  300  374  460  536  595  638  665  673  660  626  582
  540  507  485  471  460  450  438  421  401  380  359  336  308  272  232  196
  170  159  164  184  220  266  317  371  425  476  517  547  573  605  646  690
  728  762  797  832  859  877  898  934  979
    17.5-180.0 180.0   5.0 450.0                            LAT/LON1/LON2/DLON/H
 1039 1088 1102 1088 1072 1073 1075 1048  981  889  799  721  652  587  532  491
  454  406  350  311  321  387  487  586  656  693  705  701  683  650  603  550
  503  470  454  449  448  444  435  419  395  369  344  321  296  265  231  199
  175  165  169  191  230  282  338  395  451  501  540  566  587  616  655  697
  735  774  818  865  901  922  943  982 1039
    15.0-180.0 180.0   5.0 450.0                            LAT/LON1/LON2/DLON/H
 1065 1129 1167 1176 1180 1194 1202 1175 1103 1005  906  817  735  660  600  558
  519  468  415  390  424  515  629  719  759  752  718  677  636  592  543  491
  447  420  412  416  425  429  425  410  386  356  329  306  284  259  231  203
  182  171  174  197  239  296  359  421  478  527  562  584  603  630  667  706
  742  782  833  889  932  952  967 1003 1065
    12.5-180.0 180.0   5.0 450.0                            LAT/LON1/LON2/DLON/H
 1058 1129 1182 1212 1235 1264 1281 1260 1192 1096  998  906  820  742  683  644
  608  561  516  508  564  670  777  835  822  757  673  598  543  502  464  425
  392  372  372  385  401  413  414  402  377  347  317  293  273  253  230  207
  187  174  176  198  244  306  375  440  497  543  575  596  614  641  678  714
  747  786  841  904  951  969  974  999 1058
    10.0-180.0 180.0   5.0 450.0                            LAT/LON1/LON2/DLON/H
 1030 1098 1157 1199 1236 1278 1305 1294 1237 1155 1068  983  899  824  772  742
  714  675  641  650  719  823  903  908  831  705  577  481  429  406  393  375
  355  343  347  365  386  401  405  396  373  342  310  284  264  247  228  207
  187  172  171  193  241  309  382  449  504  546  574  594  614  646  685  721
  750  786  842  910  960  974  970  982 1030
     7.5-180.0 180.0   5.0 450.0                            LAT/LON1/LON2/DLON/H
  998 1055 1109 1153 1198 1247 1283 1282 1242 1179 1111 1040  966  901  859  840
  821  791  768  787  858  942  977  920  779  604  451  358  327  336  354  359
  351  343  347  363  383  397  401  393  372  340  306  277  256  239  222  202
  180  164  161  183  232  303  379  446  497  534  558  577  602  640  684  722
  750  784  839  908  960  973  962  963  998
     5.0-180.0 180.0   5.0 450.0                            LAT/LON1/LON2/DLON/H
  977 1020 1063 1100 1144 1194 1234 1243 1219 1178 1132 1078 1017  962  932  924
  913  888  870  889  947  998  979  862  673  476  328  260  266  314  363  387
  385  374  371  380  393  400  400  391  369  337  300  268  246  229  212  191
  169  151  148  169  220  292  368  432  478  508  528  547  577  623  674  717
  746  779  832  900  953  969  957  953  977
     2.5-180.0 180.0   5.0 450.0                            LAT/LON1/LON2/DLON/H
  977 1009 1039 1065 1101 1147 1185 1197 1185 1163 1137 1099 1049 1005  984  982
  973  947  924  932  965  973  903  743  536  350  238  216  267  350  421  454
  448  427  412  408  409  405  397  383  360  327  289  255  232  215  198  177
  154  137  134  155  206  277  350  410  449  473  490  510  545  597  655  704
  737  771  821  886  939  961  958  958  977
