ionex_files/COD0OPSFIN_20250780000_01D_01H_GIM.INX
     1.0            IONOSPHERE MAPS     GNSS                IONEX VERSION / TYPE
ADDNEQ2 V5.5        AIUB                23-MAR-25 18:56     PGM / RUN BY / DATE 
CODE'S GLOBAL IONOSPHERE MAPS FOR DAY 078, 2025             COMMENT             
Global ionosphere maps (GIM) are generated on a daily basis DESCRIPTION         
at CODE using data from about 300 GNSS sites of the IGS and DESCRIPTION         
other institutions. The vertical total electron content     DESCRIPTION         
(VTEC) is modeled in a solar-geomagnetic reference frame    DESCRIPTION         
using a spherical harmonics expansion up to degree and      DESCRIPTION         
order 15. Piece-wise linear functions are used for          DESCRIPTION         
representation in the time domain. The time spacing of      DESCRIPTION         
their vertices is 1 hour, conforming with the epochs of the DESCRIPTION         
VTEC maps.                                                  DESCRIPTION         
To convert line-of-sight TEC into vertical TEC, a modified  DESCRIPTION         
single-layer model mapping function approximating the JPL   DESCRIPTION         
extended slab model mapping function is adopted. The        DESCRIPTION         
mapping function is evaluated at geodetic satellite         DESCRIPTION         
elevation angles. For the computation of the ionospheric    DESCRIPTION         
pierce points, a spherical layer with a radius of 6821 km   DESCRIPTION         
is assumed, implying geocentric, not geodetic IONEX         DESCRIPTION         
latitudes.                                                  DESCRIPTION         
Instrumental biases with respect to each involved GNSS code DESCRIPTION         
observable are estimated as constant values for each        DESCRIPTION         
day. They are modeled with one set of bias parameters for   DESCRIPTION         
each satellite and each station in case of GPS and for each DESCRIPTION         
satellite-station link in case of GLONASS. The code bias    DESCRIPTION         
datum is defined by zero-mean conditions imposed on the     DESCRIPTION         
satellite bias estimates. In this file, just GPS C1W-C2W    DESCRIPTION         
satellite and station bias values are included. The         DESCRIPTION         
complete set of GNSS code bias results is provided in an    DESCRIPTION         
additional Bias-SINEX file as pseudo-absolute values        DESCRIPTION         
specific to each observable.                                DESCRIPTION         
Note: These GIM results correspond to the results for the   DESCRIPTION         
middle day of a 3-day combination analysis solving for 73   DESCRIPTION         
times 256, or 18688 VTEC parameters and 3 daily sets of     DESCRIPTION         
GNSS code bias parameters.                                  DESCRIPTION         
Contact address: code(at)aiub.unibe.ch                      DESCRIPTION         
Data archive:    ftp.aiub.unibe.ch/CODE/                    DESCRIPTION         
                 www.aiub.unibe.ch/download/CODE/           DESCRIPTION         
  2025     3    19     0     0     0                        EPOCH OF FIRST MAP  
  2025     3    20     0     0     0                        EPOCH OF LAST MAP   
  3600                                                      INTERVAL            
[...]
azgb badg bake barh bjfs bndy boav bogt bor1 braz brft brst COMMENT             
brux cags cas1 ccj2 cedu chpg chti chur ckis coco cord cpvg COMMENT             
cpxf cro1 daej darw dav1 dgar dhlg drao dubo faa1 fair flin COMMENT             
flrs frdn func ganp glps glsv gode gol2 gold gope gras graz COMMENT             
guam guat guug harb hers hert hlfx hnpt hob2 hofn holb hrao COMMENT             
hyde iddr ieng iisc impz ineg invk iqal irkj jog2 joz2 karr COMMENT             
kerg kir0 kiri kiru kit3 kokb kokv koug kour krgg lama laut COMMENT             
lmmf lpal lpgs mac1 madr mal2 mana mas1 mat1 mate maui maw1 COMMENT             
mcil mcm4 mdo1 medi mgue mizu mkea mnls mobs morp mqzg mro1 COMMENT             
mtka nano naur nico nist nium nklg nlib nnor nrc1 ntus nya1 COMMENT             
nyal onsa opmt ous2 pado parc park pdel penc pert pie1 pimo COMMENT             
pohn pol2 polv pots pove ptag ptbb ptvl qaq1 quin rabt ramo COMMENT             
reun reyk rgdg rio2 roth salu sant savo sch2 scor scrz sctb COMMENT             
scub seyg sfer sofi spt0 ssia sthl stjo stk2 str2 suth sutm COMMENT             
suwn sydn syog tash thtg thti thu2 tid1 tidb tlse tn22 tong COMMENT             
tow2 tro1 tskb twtf txes uclu ufpr ulab unb3 unbj unsa urum COMMENT             
usn7 usud vald vill vtsp wab1 wab2 wark wgtn whit will wind COMMENT             
wsrt wtza wtzr wtzs wtzz wuhn xmis yar2 yar3 yarr yell ykro COMMENT             
zeck zim2 zim3 zimm                                         COMMENT             
                                                            END OF HEADER       
[from data line 4719]
    12                                                      START OF TEC MAP    
  2025     3    19    11     0     0                        EPOCH OF CURRENT MAP
    87.5-180.0 180.0   5.0 450.0                            LAT/LON1/LON2/DLON/H
  165  168  170  172  175  177  180  183  185  188  191  193  196  198  200  202
  204  205  206  207  208  208  208  207  206  205  204  202  200  198  196  193
  190  187  184  180  177  173  170  166  163  160  156  153  150  148  145  143
  142  140  139  138  138  138  138  138  139  140  141  142  143  145  146  148
  150  151  153  155  157  159  161  163  165
    85.0-180.0 180.0   5.0 450.0                            LAT/LON1/LON2/DLON/H
  173  175  177  179  182  186  189  194  198  203  208  213  219  223  228  232
  236  239  242  244  245  245  245  245  243  242  239  237  233  230  226  222
  217  212  207  201  195  189  182  176  169  163  157  151  145  140  136  133
  130  128  127  127  128  130  132  135  138  141  145  149  152  155  158  161
  163  165  166  167  169  170  171  172  173
    82.5-180.0 180.0   5.0 450.0                            LAT/LON1/LON2/DLON/H
  189  187  185  185  186  188  191  195  200  206  213  220  228  235  241  248
  253  257  261  263  265  265  265  264  262  260  258  255  253  250  247  243
  240  236  231  226  220  214  206  198  190  181  173  165  157  150  145  140
  138  137  138  140  144  150  156  163  171  178  186  193  198  203  207  209
  210  210  208  206  203  199  196  192  189
    80.0-180.0 180.0   5.0 450.0                            LAT/LON1/LON2/DLON/H
  211  202  194  189  185  183  183  186  190  196  203  211  220  228  236  243
  249  254  258  260  261  261  260  258  256  255  253  252  251  252  252  253
  254  255  255  254  251  247  242  235  226  216  206  196  187  178  172  168
  166  167  171  177  186  196  208  221  234  246  258  268  276  281  284  285
  283  278  271  263  253  243  232  221  211
    77.5-180.0 180.0   5.0 450.0                            LAT/LON1/LON2/DLON/H
  233  217  203  191  181  175  171  170  172  176  182  189  197  205  213  220
  226  230  233  235  235  234  232  231  229  228  228  230  233  238  244  252
  260  269  276  282  286  288  286  281  273  264  253  241  231  222  215  212
  211  215  222  232  246  261  278  296  313  330  344  356  365  370  370  367
  361  351  337  322  305  287  268  250  233
    75.0-180.0 180.0   5.0 450.0                            LAT/LON1/LON2/DLON/H
  248  227  209  192  178  167  159  154  152  152  155  160  166  173  179  185
  190  193  195  196  196  194  193  192  192  192  195  200  207  217  229  244
  261  278  295  310  322  330  333  331  325  316  305  292  281  272  266  264
  266  272  282  296  313  331  351  372  392  409  424  435  442  443  440  432
  419  403  384  363  341  317  294  270  248
    72.5-180.0 180.0   5.0 450.0                            LAT/LON1/LON2/DLON/H
  251  230  210  192  176  163  151  143  136  133  132  133  136  140  144  148
  152  154  155  156  155  155  155  156  158  161  166  174  184  197  215  235
  259  284  309  333  353  367  376  377  373  365  353  340  329  321  316  316
  321  329  342  357  375  394  414  433  451  466  478  484  485  481  471  456
  437  416  393  369  345  320  296  273  251
    70.0-180.0 180.0   5.0 450.0                            LAT/LON1/LON2/DLON/H
  238  221  205  190  176  162  150  139  129  122  117  114  113  114  116  119
  121  123  124  125  126  128  131  135  139  145  153  161  173  187  206  229
  256  286  318  348  374  394  407  412  409  401  390  378  367  361  359  362
  369  380  393  408  423  439  454  468  480  489  493  492  484  471  452  430
  405  380  356  332  311  291  273  255  238
    67.5-180.0 180.0   5.0 450.0                            LAT/LON1/LON2/DLON/H
  210  202  193  184  174  164  153  142  131  121  112  106  103  102  103  104
  106  107  108  110  113  118  124  132  141  149  158  166  176  188  205  226
  253  285  318  352  382  407  423  430  429  422  411  400  392  388  390  397
  408  420  432  444  454  462  470  475  479  478  473  461  443  419  390  359
  329  302  279  260  246  235  226  218  210
    65.0-180.0 180.0   5.0 450.0                            LAT/LON1/LON2/DLON/H
  174  175  174  172  169  164  157  147  137  126  117  110  105  104  105  106
  108  109  110  113  117  125  135  146  158  169  178  185  191  199  210  227
  250  279  311  345  376  403  421  430  431  426  417  408  404  405  412  423
  437  449  459  466  468  468  465  461  455  444  429  407  378  343  304  266
  231  203  183  172  167  167  169  172  174
    62.5-180.0 180.0   5.0 450.0                            LAT/LON1/LON2/DLON/H
  139  147  152  156  158  159  156  151  143  134  125  119  116  116  119  122
  124  125  126  128  133  142  155  169  183  195  204  209  211  214  220  230
  247  271  299  329  359  385  405  416  420  418  412  408  408  414  426  442
  459  471  478  478  473  463  451  438  423  405  382  352  314  270  223  178
  140  113   97   93   97  107  119  130  139
    60.0-180.0 180.0   5.0 450.0                            LAT/LON1/LON2/DLON/H
  118  126  132  138  144  148  150  149  144  138  132  128  129  132  138  143
  146  147  147  148  153  162  175  190  205  217  225  229  230  229  231  237
  248  265  287  312  337  360  380  394  402  405  405  405  410  422  439  459
  478  490  494  488  475  458  439  420  400  378  351  316  273  223  172  123
   84   57   46   48   59   75   92  107  118
    57.5-180.0 180.0   5.0 450.0                            LAT/LON1/LON2/DLON/H
  116  119  121  123  128  133  137  139  138  136  133  133  138  146  155  163
  167  167  166  165  168  175  186  200  214  227  235  240  242  243  245  249
  258  269  283  300  318  336  355  372  385  394  401  407  417  433  454  477
  497  509  510  501  483  461  438  417  397  374  347  312  268  218  165  115
   76   52   44   49   64   82   98  109  116
    55.0-180.0 180.0   5.0 450.0                            LAT/LON1/LON2/DLON/H
  135  129  121  117  116  119  123  127  128  128  128  132  140  153  165  174
  179  178  175  172  173  178  187  197  209  221  231  239  247  254  262  271
  280  288  295  301  309  321  338  357  376  393  406  419  432  451  474  498
  519  530  529  517  498  475  452  432  414  394  370  339  298  250  200  153
  116   94   88   95  109  124  134  138  135
    52.5-180.0 180.0   5.0 450.0                            LAT/LON1/LON2/DLON/H
  170  152  135  122  114  112  113  116  118  119  121  127  137  151  165  175
  178  176  172  169  169  172  177  184  192  203  215  230  247  266  285  303
  317  325  325  321  318  321  334  354  380  404  424  441  457  476  499  522
  542  552  551  538  519  498  478  461  445  428  408  381  347  305  260  218
  184  164  159  165  176  185  188  183  170
    50.0-180.0 180.0   5.0 450.0                            LAT/LON1/LON2/DLON/H
  207  183  158  138  124  116  114  114  114  114  116  121  132  146  158  166
  166  163  158  157  158  160  163  165  170  180  197  220  248  281  315  345
  368  378  374  360  346  339  346  368  398  428  454  474  490  507  527  548
  565  574  572  560  544  526  509  493  478  462  444  421  392  358  320  283
  254  236  229  232  239  242  239  227  207
    47.5-180.0 180.0   5.0 450.0                            LAT/LON1/LON2/DLON/H
  234  210  185  162  144  133  126  123  121  119  118  122  130  140  149  152
  149  143  140  142  147  151  151  150  151  161  182  214  254  299  347  391
  424  439  434  414  390  375  377  397  430  465  494  514  528  541  557  574
  588  594  591  581  567  552  536  520  502  482  461  439  415  388  357  326
  299  281  273  272  274  273  267  254  234
    45.0-180.0 180.0   5.0 450.0                            LAT/LON1/LON2/DLON/H
  240  224  206  188  172  159  150  144  139  135  132  132  135  141  143  140
  132  125  125  133  143  149  148  143  142  153  178  216  264  319  377  433
  476  499  498  476  446  425  423  442  475  512  541  559  570  578  588  601
  611  614  610  599  587  573  558  537  511  483  455  431  409  386  361  334
  309  289  277  270  268  265  261  253  240
    42.5-180.0 180.0   5.0 450.0                            LAT/LON1/LON2/DLON/H
  224  222  217  208  198  188  179  172  166  160  154  151  151  150  147  137
  124  116  119  133  150  159  157  148  145  157  185  228  279  337  400  462
  515  548  554  537  509  486  482  500  532  567  593  608  614  617  623  631
  636  636  629  618  606  593  574  546  510  470  433  404  382  362  340  315
  289  265  246  233  226  222  222  224  224
    40.0-180.0 180.0   5.0 450.0                            LAT/LON1/LON2/DLON/H
  193  207  216  219  217  212  206  200  194  188  182  177  173  169  160  145
  128  120  126  146  168  178  174  163  159  172  204  247  296  350  410  474
  534  577  596  590  571  554  552  568  597  627  650  660  662  661  664  668
  670  666  657  644  631  616  593  557  510  459  414  380  356  338  317  292
  263  233  206  184  170  164  168  179  193
    37.5-180.0 180.0   5.0 450.0                            LAT/LON1/LON2/DLON/H
  163  186  206  219  226  226  224  220  217  213  208  204  199  193  181  164
  145  137  146  170  195  205  197  183  179  195  229  271  314  358  409  470
  534  589  624  635  631  625  628  644  668  693  709  715  715  713  714  717
  717  710  697  682  668  651  625  584  529  471  421  385  361  344  324  297
  264  226  189  156  132  121  125  140  163
    35.0-180.0 180.0   5.0 450.0                            LAT/LON1/LON2/DLON/H
  152  176  197  214  225  230  230  229  228  228  227  225  222  216  205  188
  171  164  175  201  226  233  221  204  200  220  257  297  332  364  404  459
  525  590  641  672  687  696  707  724  744  761  772  775  774  774  777  780
  779  771  756  739  723  705  678  636  581  523  474  441  419  403  383  356
  319  275  227  181  144  123  119  131  152
    32.5-180.0 180.0   5.0 450.0                            LAT/LON1/LON2/DLON/H
  176  188  201  214  223  228  229  228  228  231  234  236  235  233  226  213
  199  194  208  234  256  258  241  221  220  245  285  324  352  374  404  452
  518  591  656  706  742  767  787  805  820  830  836  839  841  844  850  856
  857  849  833  814  797  780  755  718  669  620  581  554  538  523  504  477
  440  392  336  277  225  188  169  167  176
    30.0-180.0 180.0   5.0 450.0                            LAT/LON1/LON2/DLON/H
  241  232  227  227  228  228  226  222  222  226  231  236  239  240  238  231
  223  222  237  261  280  277  255  234  236  266  312  352  378  394  419  464
  528  604  679  743  795  835  863  882  892  897  900  904  911  921  932  941
  944  937  921  902  886  870  851  823  788  755  730  714  702  689  672  648
  614  567  507  438  371  315  277  254  241
    27.5-180.0 180.0   5.0 450.0                            LAT/LON1/LON2/DLON/H
  342  308  280  261  250  242  232  221  216  218  224  229  233  237  239  240
  238  241  257  280  294  288  264  243  250  286  337  382  411  431  458  502
  565  639  715  787  848  897  932  951  958  959  961  969  982  997 1013 1026
 1031 1025 1011  992  977  964  951  935  917  903  895  888  880  867  851  833
  808  768  709  635  556  484  426  381  342
    25.0-180.0 180.0   5.0 450.0                            LAT/LON1/LON2/DLON/H
  463  405  355  318  294  275  255  234  219  215  219  222  223  226  231  237
  242  249  265  286  299  292  270  253  264  305  362  413  452  483  519  568
  628  696  767  836  899  951  988 1008 1013 1013 1016 1028 1047 1068 1086 1100
 1106 1101 1088 1070 1055 1045 1038 1033 1032 1036 1041 1039 1028 1011  996  986
  973  947  897  825  741  658  586  522  463
    22.5-180.0 180.0   5.0 450.0                            LAT/LON1/LON2/DLON/H
  578  508  443  394  359  330  298  265  238  226  223  220  216  214  218  227
  236  245  261  282  296  292  275  264  280  325  385  444  497  546  597  653
  710  769  828  887  944  994 1031 1051 1056 1057 1063 1080 1103 1126 1143 1155
 1159 1153 1140 1122 1107 1098 1095 1099 1110 1126 1136 1130 1109 1083 1066 1064
 1067 1059 1025  963  882  798  720  649  578
    20.0-180.0 180.0   5.0 450.0                            LAT/LON1/LON2/DLON/H
  666  596  530  476  436  401  359  313  274  251  240  230  216  206  207  215
  225  235  249  269  286  289  281  279  299  344  406  472  540  610  679  743
  798  845  890  935  981 1024 1059 1079 1087 1091 1101 1121 1145 1167 1180 1185
 1184 1175 1159 1141 1125 1116 1114 1122 1138 1156 1161 1142 1103 1062 1040 1045
 1065 1076 1062 1016  949  873  801  734  666
    17.5-180.0 180.0   5.0 450.0                            LAT/LON1/LON2/DLON/H
  713  657  600  551  513  476  428  372  322  289  269  250  227  208  201  207
  215  223  234  253  273  285  289  296  319  363  423  495  577  665  751  822
  873  911  942  973 1006 1041 1072 1094 1107 1116 1129 1150 1173 1190 1195 1191
 1180 1165 1146 1126 1110 1099 1097 1104 1118 1129 1119 1077 1013  954  925  935
  968  998 1004  980  931  872  815  764  713
    15.0-180.0 180.0   5.0 450.0                            LAT/LON1/LON2/DLON/H
  715  683  645  608  577  543  493  431  372  331  305  279  247  219  205  206
  212  215  221  237  260  281  297  314  340  380  436  510  601  703  799  874
  923  954  976  996 1018 1044 1072 1098 1117 1132 1148 1169 1188 1196 1191 1176
 1155 1132 1108 1087 1071 1061 1056 1058 1064 1061 1029  960  869  791  755  768
  809  852  876  872  845  807  770  742  715
    12.5-180.0 180.0   5.0 450.0                            LAT/LON1/LON2/DLON/H
  685  679  663  641  618  589  541  477  414  369  339  310  273  238  218  216
  218  216  215  226  250  279  305  330  358  395  446  518  612  720  820  894
  941  969  987 1002 1017 1037 1063 1093 1119 1140 1158 1176 1189 1190 1175 1149
 1118 1087 1059 1039 1025 1017 1012 1008 1003  982  927  831  717  624  582  595
  638  686  721  735  728  709  692  686  685
    10.0-180.0 180.0   5.0 450.0                            LAT/LON1/LON2/DLON/H
  644  659  660  649  634  609  565  503  441  395  364  334  296  259  238  233
  233  226  218  223  245  278  312  344  374  408  454  522  614  719  814  883
  927  956  978  994 1006 1021 1047 1081 1113 1139 1158 1172 1180 1174 1153 1120
 1082 1046 1017  999  991  988  984  976  961  924  848  732  603  504  461  471
  510  555  591  615  623  619  615  624  644
     7.5-180.0 180.0   5.0 450.0                            LAT/LON1/LON2/DLON/H
  613  640  649  642  627  604  565  507  447  403  375  348  312  278  258  255
  254  243  230  228  246  280  319  355  387  420  463  525  610  705  788  849
  891  925  954  974  985  998 1023 1061 1099 1128 1147 1158 1162 1153 1131 1096
 1057 1020  994  982  983  987  986  977  954  906  819  694  563  467  429  438
  467  498  528  554  569  571  571  585  613
     5.0-180.0 180.0   5.0 450.0                            LAT/LON1/LON2/DLON/H
  611  636  643  630  609  584  547  494  438  396  371  349  319  290  275  276
  277  266  248  240  254  286  326  365  400  434  474  531  606  686  754  803
  843  883  920  946  959  970  994 1034 1076 1106 1124 1132 1135 1129 1111 1083
 1049 1018  998  994 1005 1018 1022 1012  987  935  847  726  606  525  498  506
  521  533  548  569  584  584  579  586  611
     2.5-180.0 180.0   5.0 450.0                            LAT/LON1/LON2/DLON/H
  642  656  651  625  592  560  522  472  420  380  358  340  316  294  286  292
  297  287  268  257  266  295  335  375  413  448  488  540  603  667  719  758
  795  840  884  914  927  936  960 1000 1043 1073 1089 1096 1100 1101 1094 1079
 1057 1037 1026 1033 1052 1072 1079 1070 1046  999  920  815  718  660  648  656
  656  646  642  653  662  655  637  630  642
