ionex_files/COD0OPSFIN_20250980000_01D_01H_GIM.INX
     1.0            IONOSPHERE MAPS     GNSS                IONEX VERSION / TYPE
ADDNEQ2 V5.5        AIUB                12-APR-25 19:01     PGM / RUN BY / DATE 
CODE'S GLOBAL IONOSPHERE MAPS FOR DAY 098, 2025             COMMENT             
Global ionosphere maps (GIM) are generated on a daily basis DESCRIPTION         
at CODE using data from about 300 GNSS sites of the IGS and DESCRIPTION         
other institutions. The vertical total electron content     DESCRIPTION         
(VTEC) is modeled in a solar-geomagnetic reference frame    DESCRIPTION         
using a spherical harmonics expansion up to degree and      DESCRIPTION         
order 15. Piece-wise linear functions are used for          DESCRIPTION         
representation in the time domain. The time spacing of      DESCRIPTION         
their vertices is 1 hour, conforming with the epochs of the DESCRIPTION         
VTEC maps.                                                  DESCRIPTION         
To convert line-of-sight TEC into vertical TEC, a modified  DESCRIPTION         
single-layer model mapping function approximating the JPL   DESCRIPTION         
extended slab model mapping function is adopted. The        DESCRIPTION         
mapping function is evaluated at geodetic satellite         DESCRIPTION         
elevation angles. For the computation of the ionospheric    DESCRIPTION         
pierce points, a spherical layer with a radius of 6821 km   DESCRIPTION         
is assumed, implying geocentric, not geodetic IONEX         DESCRIPTION         
latitudes.                                                  DESCRIPTION         
Instrumental biases with respect to each involved GNSS code DESCRIPTION         
observable are estimated as constant values for each        DESCRIPTION         
day. They are modeled with one set of bias parameters for   DESCRIPTION         
each satellite and each station in case of GPS and for each DESCRIPTION         
satellite-station link in case of GLONASS. The code bias    DESCRIPTION         
datum is defined by zero-mean conditions imposed on the     DESCRIPTION         
satellite bias estimates. In this file, just GPS C1W-C2W    DESCRIPTION         
satellite and station bias values are included. The         DESCRIPTION         
complete set of GNSS code bias results is provided in an    DESCRIPTION         
additional Bias-SINEX file as pseudo-absolute values        DESCRIPTION         
specific to each observable.                                DESCRIPTION         
Note: These GIM results correspond to the results for the   DESCRIPTION         
middle day of a 3-day combination analysis solving for 73   DESCRIPTION         
times 256, or 18688 VTEC parameters and 3 daily sets of     DESCRIPTION         
GNSS code bias parameters.                                  DESCRIPTION         
Contact address: code(at)aiub.unibe.ch                      DESCRIPTION         
Data archive:    ftp.aiub.unibe.ch/CODE/                    DESCRIPTION         
                 www.aiub.unibe.ch/download/CODE/           DESCRIPTION         
  2025     4     8     0     0     0                        EPOCH OF FIRST MAP  
  2025     4     9     0     0     0                        EPOCH OF LAST MAP   
  3600                                                      INTERVAL            
[...]
badg bake barh bjfs bndy boav bogo bogt bor1 braz brft brst COMMENT             
brux cags cas1 ccj2 cedu chpg chti chur ckis coco cord cpvg COMMENT             
cpxf cro1 daej darw dav1 dgar dhlg drao dubo ebre faa1 fair COMMENT             
flin flrs frdn func ganp glps glsv gode gol2 gold gope gras COMMENT             
graz guam guug harb hers hert hlfx hnpt hob2 hofn holb hrao COMMENT             
hyde iddr ieng iisc impz ineg invk iqal irkj jog2 joz2 joze COMMENT             
karr kerg kir0 kiri kiru kit3 kokb kokv koug kour krgg lama COMMENT             
laut lmmf lpal lpgs m0se mac1 madr mal2 mana mas1 mat1 mate COMMENT             
maui maw1 mcil mcm4 mdo1 medi mgue mizu mkea mnls mobs morp COMMENT             
mqzg mro1 mtka nano naur nico nist nium nklg nlib nnor not1 COMMENT             
nrc1 ntus nya1 nyal onsa opmt ous2 pado parc park pdel penc COMMENT             
pert pie1 pimo pohn pol2 polv pots pove ptag ptbb ptvl qaq1 COMMENT             
quin rabt ramo reun reyk rgdg rio2 roth salu samo sant savo COMMENT             
sch2 scor scrz sctb scub seyg sfer spt0 ssia sthl stjo stk2 COMMENT             
str2 suth sutm sydn syog tash thtg thti thu2 tid1 tidb tlse COMMENT             
tn22 tong tro1 tskb twtf txes uclu ufpr unb3 unbj unsa urum COMMENT             
usn7 usud vald vill vtsp wab1 wab2 wark wgtn whit will wind COMMENT             
wsrt wtza wtzr wtzs wtzz wuhn xmis yar2 yar3 yarr yell ykro COMMENT             
zeck zim2 zim3 zimm                                         COMMENT             
                                                            END OF HEADER       
[from data line 2574]
     7                                                      START OF TEC MAP    
  2025     4     8     6     0     0                        EPOCH OF CURRENT MAP
    87.5-180.0 180.0   5.0 450.0                            LAT/LON1/LON2/DLON/H
  147  148  148  149  149  150  151  151  152  153  154  155  155  156  156  156
  156  156  156  155  155  154  153  152  150  149  147  145  144  142  140  139
  137  136  134  133  132  131  130  129  128  128  127  127  127  128  128  129
  129  130  131  132  133  134  135  137  138  139  140  141  142  143  143  144
  144  145  145  146  146  146  146  147  147
    85.0-180.0 180.0   5.0 450.0                            LAT/LON1/LON2/DLON/H
  155  154  153  153  154  155  156  158  161  163  166  169  171  173  175  177
  177  178  177  176  174  172  169  166  162  158  155  151  147  143  139  136
  133  130  128  126  124  122  121  120  120  120  120  120  121  122  124  126
  128  131  134  138  141  145  149  153  156  159  162  165  166  168  168  168
  168  167  165  164  162  160  158  156  155
    82.5-180.0 180.0   5.0 450.0                            LAT/LON1/LON2/DLON/H
  163  159  155  153  153  153  155  158  162  167  172  177  182  187  191  194
  195  196  195  194  190  186  180  174  168  161  154  147  141  136  131  128
  124  122  120  119  118  118  118  118  118  119  120  121  124  126  130  134
  139  144  151  158  165  173  181  189  196  203  209  213  216  218  218  216
  213  209  203  197  190  183  176  169  163
    80.0-180.0 180.0   5.0 450.0                            LAT/LON1/LON2/DLON/H
  174  164  156  151  148  147  148  152  157  163  171  178  185  192  198  203
  206  207  206  203  198  191  183  173  163  153  143  134  127  121  117  114
  113  113  114  115  117  119  121  123  125  127  130  132  136  140  145  152
  160  169  179  190  203  215  228  241  254  265  274  282  287  289  288  284
  277  268  257  243  229  214  200  186  174
    77.5-180.0 180.0   5.0 450.0                            LAT/LON1/LON2/DLON/H
  187  171  158  148  142  140  140  144  149  156  163  172  180  188  196  202
  206  208  207  204  197  188  177  164  151  138  125  115  107  102   99   99
  101  105  110  116  121  127  131  136  139  143  146  150  155  161  168  177
  188  200  214  230  246  264  282  300  317  333  347  357  364  367  366  359
  349  334  316  295  273  250  227  206  187
    75.0-180.0 180.0   5.0 450.0                            LAT/LON1/LON2/DLON/H
  200  178  161  149  140  136  135  137  141  147  154  161  169  177  184  191
  196  200  200  197  191  181  168  153  138  122  108   97   89   85   85   89
   95  103  112  122  131  139  146  152  156  161  166  171  177  185  194  206
  219  234  251  269  289  310  331  353  373  393  410  423  432  436  433  425
  411  392  368  341  312  282  252  225  200
    72.5-180.0 180.0   5.0 450.0                            LAT/LON1/LON2/DLON/H
  210  186  166  152  142  137  135  136  138  142  146  150  155  161  167  174
  181  186  189  188  184  175  162  146  129  113   98   87   80   78   81   87
   96  108  120  132  143  152  160  166  172  177  182  189  197  207  219  232
  248  265  283  302  322  344  365  387  409  430  449  464  474  478  476  466
  450  428  401  370  337  303  270  238  210
    70.0-180.0 180.0   5.0 450.0                            LAT/LON1/LON2/DLON/H
  216  191  171  156  146  141  139  138  139  140  141  141  142  145  149  156
  163  171  178  181  179  172  161  146  129  113   99   89   83   83   87   95
  106  118  131  143  154  163  170  176  181  186  193  201  211  223  238  253
  270  287  305  323  341  359  378  398  418  437  455  471  481  486  484  474
  457  434  407  376  343  309  276  245  216
    67.5-180.0 180.0   5.0 450.0                            LAT/LON1/LON2/DLON/H
  217  194  174  159  149  144  142  142  142  141  138  135  133  132  134  140
  149  159  169  176  178  174  165  152  137  122  109  100   96   96  101  108
  119  130  141  152  161  168  173  178  182  188  196  206  218  233  249  266
  283  300  315  330  343  356  369  383  399  415  431  446  456  461  459  449
  433  412  387  360  331  301  272  244  217
    65.0-180.0 180.0   5.0 450.0                            LAT/LON1/LON2/DLON/H
  217  194  174  159  148  143  141  141  142  140  137  132  127  124  125  130
  140  152  164  174  179  178  170  159  146  133  123  116  113  113  117  122
  130  138  147  154  161  165  169  173  177  184  193  205  220  236  252  269
  285  300  313  323  330  337  343  350  360  373  387  400  410  415  413  404
  390  371  351  330  308  286  264  240  217
    62.5-180.0 180.0   5.0 450.0                            LAT/LON1/LON2/DLON/H
  219  196  174  156  143  136  134  134  135  135  132  128  123  120  121  126
  135  148  161  172  178  177  171  161  150  140  133  129  127  126  128  130
  134  139  144  150  154  157  160  163  168  177  188  202  217  233  249  264
  278  290  300  306  309  310  310  312  317  326  339  351  361  366  363  355
  342  327  313  299  286  273  258  240  219
    60.0-180.0 180.0   5.0 450.0                            LAT/LON1/LON2/DLON/H
  229  204  179  155  138  127  122  122  123  124  123  122  120  119  120  125
  134  146  157  166  171  169  163  154  145  138  134  132  131  130  128  127
  128  130  134  139  143  146  149  153  160  170  183  198  214  228  241  253
  264  274  281  286  287  285  282  281  283  291  303  316  326  330  328  319
  307  295  286  280  276  272  264  250  229
    57.5-180.0 180.0   5.0 450.0                            LAT/LON1/LON2/DLON/H
  252  224  193  164  141  124  115  111  110  111  112  113  115  117  120  125
  132  140  148  154  155  151  144  136  129  125  125  125  124  122  118  114
  112  114  119  125  131  136  140  146  154  167  182  198  212  224  232  240
  247  255  263  269  272  272  269  268  271  279  291  305  316  320  316  306
  294  285  280  281  285  287  284  273  252
    55.0-180.0 180.0   5.0 450.0                            LAT/LON1/LON2/DLON/H
  288  258  223  189  161  139  123  113  106  103  102  104  108  114  118  123
  127  130  133  135  132  126  118  111  106  106  108  110  109  105   99   93
   92   95  104  114  123  130  136  143  154  169  186  202  215  222  226  228
  233  241  251  262  270  275  277  278  283  292  306  321  331  334  329  317
  305  296  295  300  310  317  318  309  288
    52.5-180.0 180.0   5.0 450.0                            LAT/LON1/LON2/DLON/H
  332  302  268  233  203  177  156  137  121  109  101  100  104  109  114  116
  117  115  114  111  107  100   93   87   85   87   91   94   93   87   79   73
   73   80   93  108  120  130  138  147  160  177  196  212  223  227  225  224
  226  235  250  268  284  297  304  310  316  327  341  355  364  365  357  344
  330  322  323  331  344  355  359  351  332
    50.0-180.0 180.0   5.0 450.0                            LAT/LON1/LON2/DLON/H
  376  351  322  293  265  240  215  188  160  135  116  106  104  107  109  108
  104   99   94   90   86   80   75   72   72   76   81   84   81   74   65   59
   62   73   90  109  124  135  144  154  170  189  211  228  238  239  235  230
  231  242  262  287  312  333  346  355  362  371  383  394  400  398  387  372
  358  350  351  361  375  388  394  391  376
    47.5-180.0 180.0   5.0 450.0                            LAT/LON1/LON2/DLON/H
  409  394  375  356  338  318  293  261  221  180  146  124  113  109  106  100
   92   85   80   77   75   73   72   72   76   81   86   86   81   71   61   57
   61   75   95  116  133  144  154  166  183  206  231  251  261  262  256  250
  251  264  288  319  351  378  395  404  410  414  420  425  426  420  407  391
  376  368  369  379  393  407  416  417  409
    45.0-180.0 180.0   5.0 450.0                            LAT/LON1/LON2/DLON/H
  427  422  416  409  403  393  373  339  291  238  189  152  130  118  108   98
   87   80   76   77   80   83   86   90   96  102  105  102   94   82   71   66
   71   86  106  126  143  154  165  180  201  228  256  279  292  295  290  285
  287  301  327  361  396  425  443  451  451  448  445  442  437  427  412  396
  382  374  374  381  393  407  419  426  427
    42.5-180.0 180.0   5.0 450.0                            LAT/LON1/LON2/DLON/H
  427  431  434  437  442  443  431  401  352  291  232  185  153  132  117  103
   92   87   88   93  100  107  114  122  130  136  137  130  118  103   90   85
   88  101  118  136  151  164  178  197  222  253  285  312  329  336  336  334
  337  350  375  408  443  472  488  492  485  473  460  449  438  426  411  396
  383  374  371  374  382  394  407  419  427
    40.0-180.0 180.0   5.0 450.0                            LAT/LON1/LON2/DLON/H
  417  423  428  434  443  451  448  427  383  324  263  212  175  150  132  117
  108  107  113  123  132  141  150  161  171  177  175  164  148  130  115  107
  108  115  127  141  156  172  191  216  248  283  317  347  369  382  388  391
  395  407  429  459  491  518  532  531  518  498  477  459  445  433  420  407
  395  384  376  372  373  381  393  406  417
    37.5-180.0 180.0   5.0 450.0                            LAT/LON1/LON2/DLON/H
  411  411  406  404  406  413  416  404  372  323  270  224  190  166  149  137
  132  137  147  159  168  175  185  198  210  216  212  198  178  157  141  129
  124  124  130  142  158  179  207  239  276  314  350  382  409  428  441  449
  456  467  486  513  542  566  579  577  561  537  512  491  477  468  460  450
  438  423  407  394  387  389  396  406  411
    35.0-180.0 180.0   5.0 450.0                            LAT/LON1/LON2/DLON/H
  428  412  388  364  348  343  343  338  319  287  250  217  193  176  164  157
  158  168  182  192  197  202  211  226  242  250  244  227  204  181  162  146
  135  128  128  138  158  187  224  264  305  343  379  412  442  468  489  503
  514  525  543  568  596  622  637  638  625  602  578  560  550  547  546  540
  527  507  482  458  441  434  434  435  428
    32.5-180.0 180.0   5.0 450.0                            LAT/LON1/LON2/DLON/H
  483  445  394  341  297  269  257  252  243  228  209  194  184  178  174  173
  179  192  207  214  214  215  224  244  265  275  269  250  224  199  178  158
  140  127  122  132  158  197  243  289  330  367  400  432  465  498  526  547
  563  578  598  625  657  688  710  720  715  699  682  671  669  675  680  678
  664  639  605  572  545  528  518  506  483
    30.0-180.0 180.0   5.0 450.0                            LAT/LON1/LON2/DLON/H
  583  523  445  362  286  229  196  181  175  170  167  167  172  176  179  182
  190  204  216  220  215  215  228  254  281  295  288  266  238  212  188  166
  143  124  117  129  162  209  261  309  349  382  410  441  477  515  550  578
  601  622  650  685  724  764  797  818  826  823  816  815  823  838  849  850
  836  807  768  728  693  668  649  624  583
    27.5-180.0 180.0   5.0 450.0                            LAT/LON1/LON2/DLON/H
  722  646  551  445  341  255  196  164  150  146  147  155  168  178  183  186
  191  202  210  209  204  207  228  265  299  314  305  279  248  220  196  171
  145  124  116  131  169  221  275  323  358  386  411  440  478  521  562  597
  628  660  699  745  795  844  888  922  944  955  961  971  988 1010 1026 1030
 1017  988  949  907  870  841  813  777  722
    25.0-180.0 180.0   5.0 450.0                            LAT/LON1/LON2/DLON/H
  883  802  703  589  472  364  281  227  197  181  175  178  187  195  196  191
  189  191  193  190  189  201  236  283  323  336  321  289  255  226  202  177
  150  128  120  137  178  231  284  327  358  381  404  434  474  521  567  609
  649  693  745  803  863  919  971 1015 1050 1073 1090 1109 1133 1159 1177 1183
 1173 1150 1117 1081 1048 1019  987  945  883
    22.5-180.0 180.0   5.0 450.0                            LAT/LON1/LON2/DLON/H
 1040  966  879  776  662  547  448  375  325  289  263  248  242  238  227  209
  192  182  177  174  181  208  259  316  357  364  339  298  260  231  208  184
  158  136  129  147  187  238  286  324  350  371  396  429  472  522  572  619
  668  724  788  856  920  978 1032 1081 1122 1154 1178 1203 1229 1255 1272 1279
 1275 1263 1245 1222 1199 1174 1143 1099 1040
    20.0-180.0 180.0   5.0 450.0                            LAT/LON1/LON2/DLON/H
 1163 1106 1043  968  873  768  667  585  519  461  408  366  336  312  282  247
  212  188  175  175  193  236  301  365  400  394  355  304  262  233  212  191
  166  145  139  156  193  239  282  314  340  364  394  431  478  530  582  634
  689  753  826  899  961 1013 1061 1107 1149 1182 1209 1235 1261 1282 1296 1302
 1307 1310 1312 1308 1299 1283 1256 1215 1163
    17.5-180.0 180.0   5.0 450.0                            LAT/LON1/LON2/DLON/H
 1231 1193 1160 1118 1055  973  887  810  740  667  589  518  460  413  365  311
  259  220  200  202  230  287  360  423  447  422  366  305  259  230  212  194
  173  153  146  161  194  235  273  304  333  364  402  446  496  549  603  656
  715  784  859  929  983 1022 1057 1092 1128 1158 1183 1207 1229 1245 1253 1259
 1271 1292 1315 1332 1338 1331 1309 1273 1231
    15.0-180.0 180.0   5.0 450.0                            LAT/LON1/LON2/DLON/H
 1235 1211 1200 1188 1156 1105 1046  993  936  863  771  677  596  530  467  399
  334  283  256  258  292  355  428  481  486  441  368  299  250  223  207  192
  174  155  148  160  189  227  263  297  333  375  421  472  524  578  632  686
  746  814  886  947  987 1009 1027 1048 1073 1095 1115 1135 1154 1165 1168 1171
 1190 1225 1267 1301 1319 1320 1303 1271 1235
    12.5-180.0 180.0   5.0 450.0                            LAT/LON1/LON2/DLON/H
 1182 1160 1156 1157 1146 1122 1098 1082 1057 1003  914  811  719  643  573  500
  429  372  339  337  369  428  491  526  509  444  358  284  236  211  197  184
  168  151  143  153  181  217  256  296  342  394  449  504  558  613  667  722
  779  843  906  955  979  985  986  994 1007 1019 1033 1051 1069 1077 1074 1075
 1095 1139 1192 1235 1259 1264 1249 1218 1182
    10.0-180.0 180.0   5.0 450.0                            LAT/LON1/LON2/DLON/H
 1094 1059 1041 1033 1023 1014 1022 1049 1071 1054  986  892  802  729  664  597
  529  472  435  427  448  491  534  546  507  427  337  263  218  195  183  171
  156  140  133  142  170  210  253  301  356  417  478  534  589  644  701  756
  811  867  920  956  968  962  954  953  955  959  967  985 1005 1015 1009 1005
 1023 1066 1119 1159 1180 1184 1169 1136 1094
     7.5-180.0 180.0   5.0 450.0                            LAT/LON1/LON2/DLON/H
  999  941  890  850  818  806  835  902  974 1005  974  903  829  771  723  671
  615  564  526  507  511  530  547  534  479  393  306  240  200  179  167  155
  141  127  120  131  162  205  254  309  371  436  498  554  608  666  725  782
  834  883  926  953  960  953  945  942  939  936  941  962  989 1003  997  986
  996 1029 1070 1096 1106 1103 1087 1052  999
     5.0-180.0 180.0   5.0 450.0                            LAT/LON1/LON2/DLON/H
  927  842  749  660  589  557  589  684  799  876  886  848  800  764  737  706
  669  628  591  561  544  536  525  491  428  347  272  219  186  166  152  139
  126  114  109  122  156  204  258  316  379  443  503  556  610  671  735  794
  844  887  924  949  960  962  965  968  966  960  965  991 1027 1048 1042 1025
 1021 1037 1055 1059 1049 1038 1023  990  927
     2.5-180.0 180.0   5.0 450.0                            LAT/LON1/LON2/DLON/H
  897  791  659  522  404  338  357  460  600  711  757  750  727  713  708  698
  680  652  618  579  541  507  473  427  365  298  242  203  177  157  140  127
  115  104  102  117  154  204  260  317  377  436  490  540  594  658  727  790
  839  879  913  942  965  986 1008 1025 1029 1024 1030 1062 1107 1136 1130 1105
 1086 1080 1071 1046 1015  996  986  961  897
