ionex_files/COD0OPSFIN_20250720000_01D_01H_GIM.INX
     1.0            IONOSPHERE MAPS     GNSS                IONEX VERSION / TYPE
ADDNEQ2 V5.5        AIUB                17-MAR-25 18:56     PGM / RUN BY / DATE 
CODE'S GLOBAL IONOSPHERE MAPS FOR DAY 072, 2025             COMMENT             
Global ionosphere maps (GIM) are generated on a daily basis DESCRIPTION         
at CODE using data from about 300 GNSS sites of the IGS and DESCRIPTION         
other institutions. The vertical total electron content     DESCRIPTION         
(VTEC) is modeled in a solar-geomagnetic reference frame    DESCRIPTION         
using a spherical harmonics expansion up to degree and      DESCRIPTION         
order 15. Piece-wise linear functions are used for          DESCRIPTION         
representation in the time domain. The time spacing of      DESCRIPTION         
their vertices is 1 hour, conforming with the epochs of the DESCRIPTION         
VTEC maps.                                                  DESCRIPTION         
To convert line-of-sight TEC into vertical TEC, a modified  DESCRIPTION         
single-layer model mapping function approximating the JPL   DESCRIPTION         
extended slab model mapping function is adopted. The        DESCRIPTION         
mapping function is evaluated at geodetic satellite         DESCRIPTION         
elevation angles. For the computation of the ionospheric    DESCRIPTION         
pierce points, a spherical layer with a radius of 6821 km   DESCRIPTION         
is assumed, implying geocentric, not geodetic IONEX         DESCRIPTION         
latitudes.                                                  DESCRIPTION         
Instrumental biases with respect to each involved GNSS code DESCRIPTION         
observable are estimated as constant values for each        DESCRIPTION         
day. They are modeled with one set of bias parameters for   DESCRIPTION         
each satellite and each station in case of GPS and for each DESCRIPTION         
satellite-station link in case of GLONASS. The code bias    DESCRIPTION         
datum is defined by zero-mean conditions imposed on the     DESCRIPTION         
satellite bias estimates. In this file, just GPS C1W-C2W    DESCRIPTION         
satellite and station bias values are included. The         DESCRIPTION         
complete set of GNSS code bias results is provided in an    DESCRIPTION         
additional Bias-SINEX file as pseudo-absolute values        DESCRIPTION         
specific to each observable.                                DESCRIPTION         
Note: These GIM results correspond to the results for the   DESCRIPTION         
middle day of a 3-day combination analysis solving for 73   DESCRIPTION         
times 256, or 18688 VTEC parameters and 3 daily sets of     DESCRIPTION         
GNSS code bias parameters.                                  DESCRIPTION         
Contact address: code(at)aiub.unibe.ch                      DESCRIPTION         
Data archive:    ftp.aiub.unibe.ch/CODE/                    DESCRIPTION         
                 www.aiub.unibe.ch/download/CODE/           DESCRIPTION         
  2025     3    13     0     0     0                        EPOCH OF FIRST MAP  
  2025     3    14     0     0     0                        EPOCH OF LAST MAP   
  3600                                                      INTERVAL            
[...]
abpo adis albh algo alic amu2 antc areg areq ascg aspa azgb COMMENT             
badg bake barh bjfs bndy boav bogo bogt bor1 braz brft brst COMMENT             
brux cags cas1 ccj2 cedu chpg chur ckis coco cord cpvg cpxf COMMENT             
cro1 daej darw dav1 dgar dhlg drao dubo ebre faa1 fair flin COMMENT             
flrs frdn func ganp glps glsv gode gol2 gold gope gras graz COMMENT             
guam guug harb hers hert hlfx hnpt hob2 hofn holb hrao iddr COMMENT             
ieng iisc impz ineg invk iqal irkj jog2 joz2 karr kerg kir0 COMMENT             
kiri kiru kit3 kokb kokv koug kour krgg lama laut lmmf lpal COMMENT             
lpgs mac1 madr mal2 mana mas1 mat1 mate maui maw1 mcm4 mdo1 COMMENT             
medi mgue mizu mkea mnls mobs monp morp mro1 mtka nano naur COMMENT             
nico nist nium nklg nlib nnor nrc1 ntus nya1 nyal onsa opmt COMMENT             
ous2 pado parc park pdel penc pert pie1 pimo pohn pol2 polv COMMENT             
pots pove ptag ptbb ptvl qaq1 quin rabt ramo reun reyk rgdg COMMENT             
rio2 roth salu samo sant savo sch2 scor scrz scub seyg sfer COMMENT             
spt0 ssia sthl stjo stk2 str2 suth sutm suwn sydn syog tash COMMENT             
thtg thti thu2 tid1 tidb tlse tn22 tong tow2 tro1 tskb twtf COMMENT             
txes uclu ufpr ulab unb3 unbj unsa urum usn7 usud vald vill COMMENT             
vtsp wab1 wab2 whit will wind wtza wtzr wtzs wtzz wuhn xmis COMMENT             
yar2 yar3 yarr yell ykro zeck zim2 zim3 zimm                COMMENT             
                                                            END OF HEADER       
[from data line 2145]
     6                                                      START OF TEC MAP    
  2025     3    13     5     0     0                        EPOCH OF CURRENT MAP
    87.5-180.0 180.0   5.0 450.0                            LAT/LON1/LON2/DLON/H
  122  122  123  124  125  126  128  130  132  134  136  138  141  143  145  147
  149  151  152  153  154  155  155  155  155  154  154  153  152  151  150  148
  147  146  144  143  142  140  139  138  137  136  135  135  134  134  133  133
  133  133  133  132  132  132  132  132  132  131  131  130  130  129  128  127
  127  126  125  124  123  123  122  122  122
    85.0-180.0 180.0   5.0 450.0                            LAT/LON1/LON2/DLON/H
  102  101  100  101  102  105  109  113  118  124  130  137  143  149  155  160
  165  169  172  174  175  175  175  174  172  170  167  164  160  157  153  150
  147  143  140  138  135  133  131  129  128  127  126  126  126  126  127  128
  129  131  133  135  137  139  141  142  143  144  144  144  143  141  139  136
  132  128  124  120  115  111  108  104  102
    82.5-180.0 180.0   5.0 450.0                            LAT/LON1/LON2/DLON/H
   86   80   76   75   76   79   85   92  101  111  122  133  144  155  165  173
  180  186  189  191  191  190  187  184  179  173  167  161  155  149  144  139
  134  130  127  124  121  119  117  116  115  114  114  115  116  118  120  123
  127  132  137  143  149  155  161  167  172  176  179  180  180  178  174  169
  162  153  144  133  123  112  102   93   86
    80.0-180.0 180.0   5.0 450.0                            LAT/LON1/LON2/DLON/H
   80   68   60   55   54   57   63   73   85   99  114  129  144  159  171  182
  190  196  199  200  198  193  187  180  171  162  153  144  136  129  123  118
  114  111  108  107  105  105  104  104  104  105  106  107  109  112  116  122
  128  136  144  154  165  177  188  200  211  220  228  233  235  235  231  224
  214  201  185  168  150  131  112   95   80
    77.5-180.0 180.0   5.0 450.0                            LAT/LON1/LON2/DLON/H
   92   72   57   47   43   44   51   61   75   91  109  127  144  160  174  185
  193  197  198  196  191  184  174  163  151  139  128  117  109  102   97   94
   92   92   92   93   94   96   97   99  101  102  104  107  110  113  118  124
  132  142  154  167  182  199  216  234  251  267  280  291  298  301  299  292
  281  264  244  221  195  168  141  115   92
    75.0-180.0 180.0   5.0 450.0                            LAT/LON1/LON2/DLON/H
  119   92   71   55   47   46   51   61   75   92  110  127  144  159  171  180
  186  188  187  183  175  165  152  139  125  111  100   90   83   78   76   76
   78   81   84   88   92   96   99  102  105  108  111  114  117  121  126  132
  140  150  163  178  196  216  237  260  282  304  324  340  352  360  362  358
  347  331  309  282  252  218  184  150  119
    72.5-180.0 180.0   5.0 450.0                            LAT/LON1/LON2/DLON/H
  158  124   96   76   64   60   63   72   85  100  116  131  144  155  164  169
  172  173  170  164  155  143  130  116  101   89   78   70   66   65   66   70
   75   81   87   93   98  103  108  112  116  120  123  127  131  135  139  144
  151  160  171  185  203  223  246  271  297  322  346  368  385  398  405  405
  399  386  367  340  309  273  234  195  158
    70.0-180.0 180.0   5.0 450.0                            LAT/LON1/LON2/DLON/H
  198  160  127  102   86   79   80   88  100  113  125  136  144  150  154  155
  156  154  150  144  136  125  113  100   88   77   69   65   63   65   70   76
   84   91   98  104  109  114  118  123  127  132  137  142  146  150  154  158
  163  169  177  189  203  221  243  267  292  319  344  368  389  406  419  425
  426  419  405  383  355  320  281  240  198
    67.5-180.0 180.0   5.0 450.0                            LAT/LON1/LON2/DLON/H
  233  192  154  125  105   96   96  102  113  124  133  140  143  144  143  141
  140  138  135  130  124  115  105   95   86   78   74   73   74   79   85   93
  100  107  112  117  120  123  127  130  135  141  147  153  159  164  168  171
  173  177  181  188  199  212  230  250  273  297  321  345  368  388  404  417
  424  425  419  405  383  354  317  276  233
    65.0-180.0 180.0   5.0 450.0                            LAT/LON1/LON2/DLON/H
  257  213  173  139  115  103  101  107  118  128  136  139  139  136  133  130
  128  127  125  123  119  114  107  100   94   90   88   89   93   98  104  111
  116  121  124  125  126  127  128  132  136  143  151  158  166  172  176  179
  181  183  184  188  193  202  214  229  247  267  288  310  332  352  371  388
  401  409  411  406  392  370  339  300  257
    62.5-180.0 180.0   5.0 450.0                            LAT/LON1/LON2/DLON/H
  271  226  181  143  114   99   95  100  111  121  129  132  131  127  124  122
  121  122  123  123  121  118  113  109  106  104  105  107  111  115  119  122
  125  126  126  125  123  122  123  126  131  138  146  155  164  172  178  183
  186  187  188  189  192  196  204  214  228  243  261  279  297  316  335  353
  369  382  390  392  386  371  346  312  271
    60.0-180.0 180.0   5.0 450.0                            LAT/LON1/LON2/DLON/H
  279  233  186  142  108   87   80   83   93  104  112  116  117  116  115  116
  119  122  125  126  126  123  119  116  115  115  117  119  120  121  122  121
  121  119  117  115  113  111  112  115  120  127  136  145  155  164  173  181
  188  192  196  197  199  202  207  214  225  237  251  265  281  296  312  329
  344  358  368  374  374  365  346  317  279
    57.5-180.0 180.0   5.0 450.0                            LAT/LON1/LON2/DLON/H
  289  245  196  148  107   80   66   65   71   80   89   95   99  102  106  111
  117  123  127  128  127  123  120  117  116  117  118  119  117  115  111  107
  104  101  100   98   97   97   99  102  108  115  123  132  141  152  164  177
  190  201  209  215  219  222  227  234  243  255  267  279  291  302  314  325
  336  347  355  361  363  359  346  323  289
    55.0-180.0 180.0   5.0 450.0                            LAT/LON1/LON2/DLON/H
  308  268  219  168  123   88   66   57   56   60   66   72   79   87   96  105
  114  120  124  124  121  116  112  109  108  109  109  107  103   96   89   83
   79   78   78   79   81   84   87   92   99  105  112  119  128  141  157  176
  197  216  232  243  251  257  263  272  282  294  307  318  327  334  340  345
  349  353  357  360  362  360  352  336  308
    52.5-180.0 180.0   5.0 450.0                            LAT/LON1/LON2/DLON/H
  337  304  260  210  161  119   89   68   57   51   50   54   62   72   84   96
  105  112  114  113  108  103   97   95   94   94   93   89   81   72   63   57
   54   55   59   64   69   75   81   88   95  101  107  113  121  135  156  183
  213  242  265  283  294  302  311  321  334  349  362  373  381  384  384  382
  378  375  372  370  369  369  366  357  337
    50.0-180.0 180.0   5.0 450.0                            LAT/LON1/LON2/DLON/H
  373  350  313  268  221  176  137  106   80   61   49   46   51   62   74   85
   93   97   98   96   91   85   81   79   78   78   76   70   60   50   41   36
   36   40   48   56   64   72   80   89   97  105  111  116  125  142  168  203
  241  278  309  330  344  353  363  374  389  405  420  431  436  436  431  423
  413  403  394  387  384  384  386  384  373
    47.5-180.0 180.0   5.0 450.0                            LAT/LON1/LON2/DLON/H
  407  395  369  333  292  248  206  165  126   91   66   54   53   59   68   74
   78   79   79   77   75   71   68   67   67   67   63   56   46   36   28   26
   30   38   48   57   66   74   83   94  106  116  124  132  143  163  195  236
  282  325  358  381  395  404  412  423  437  452  466  476  480  477  468  455
  441  427  415  406  401  401  405  409  407
    45.0-180.0 180.0   5.0 450.0                            LAT/LON1/LON2/DLON/H
  431  427  412  388  357  321  280  234  185  138  100   76   67   67   69   69
   66   64   64   65   65   65   65   65   66   65   60   52   43   34   29   31
   37   47   58   67   74   80   90  103  119  134  147  159  174  199  235  282
  332  376  410  432  443  449  454  462  472  485  496  503  504  498  486  472
  456  442  430  421  416  416  421  428  431
    42.5-180.0 180.0   5.0 450.0                            LAT/LON1/LON2/DLON/H
  439  438  430  417  398  374  342  298  245  189  142  110   94   86   80   71
   63   58   59   63   68   72   74   75   76   74   68   59   50   44   42   46
   55   65   75   81   84   88   97  113  134  157  177  195  216  245  286  335
  385  428  459  476  485  488  490  493  499  505  510  513  510  502  489  474
  460  448  439  433  429  428  431  436  439
    40.0-180.0 180.0   5.0 450.0                            LAT/LON1/LON2/DLON/H
  434  428  421  414  406  395  374  339  290  234  184  148  126  113  100   85
   71   65   68   76   84   90   93   95   95   91   84   75   66   62   63   68
   77   87   93   96   95   95  103  123  151  182  211  236  262  296  339  388
  435  473  499  513  520  522  523  524  523  522  520  517  511  502  489  475
  462  454  450  447  445  443  440  438  434
    37.5-180.0 180.0   5.0 450.0                            LAT/LON1/LON2/DLON/H
  426  408  392  383  380  378  371  348  308  260  214  180  159  143  127  108
   92   87   92  103  112  117  119  120  119  115  106   96   87   84   85   91
   98  105  109  108  104  102  110  133  168  207  244  276  307  344  387  433
  475  508  529  542  551  558  562  562  557  549  540  532  524  514  502  490
  479  474  473  474  473  468  458  444  426
    35.0-180.0 180.0   5.0 450.0                            LAT/LON1/LON2/DLON/H
  433  396  364  343  334  335  335  324  298  261  226  200  184  171  155  137
  123  120  127  138  145  147  147  147  146  141  130  118  109  105  105  109
  113  117  119  116  110  108  117  143  184  231  273  310  344  382  424  466
  502  529  549  566  583  599  612  616  611  598  585  573  564  556  547  535
  525  519  519  522  522  514  496  468  433
    32.5-180.0 180.0   5.0 450.0                            LAT/LON1/LON2/DLON/H
  472  415  361  319  296  287  286  281  266  243  220  205  197  190  179  166
  157  158  166  174  177  174  172  172  172  166  155  141  130  124  122  121
  121  122  123  121  116  114  125  154  199  250  296  334  369  406  446  485
  517  541  563  589  619  651  677  690  688  675  660  648  641  637  630  619
  607  597  594  595  595  586  563  524  472
    30.0-180.0 180.0   5.0 450.0                            LAT/LON1/LON2/DLON/H
  555  481  405  339  291  262  247  238  228  214  202  197  198  199  196  191
  189  194  201  205  201  195  192  194  196  192  179  163  150  141  135  129
  124  122  123  123  120  120  132  164  211  264  311  348  382  418  457  493
  523  549  578  616  664  714  756  780  784  775  762  753  752  753  750  739
  722  705  695  691  690  682  660  617  555
    27.5-180.0 180.0   5.0 450.0                            LAT/LON1/LON2/DLON/H
  679  598  507  418  341  283  244  220  203  192  186  186  192  199  204  208
  213  221  226  225  216  209  209  217  223  219  204  186  170  159  148  137
  127  122  123  125  125  126  139  171  220  272  318  353  385  421  459  496
  529  560  599  652  717  784  840  875  887  885  878  875  880  887  888  877
  855  830  810  800  798  795  779  741  679
    25.0-180.0 180.0   5.0 450.0                            LAT/LON1/LON2/DLON/H
  830  755  660  557  454  364  292  242  211  192  183  183  189  198  208  218
  228  236  239  233  224  221  229  244  254  249  232  209  192  179  165  149
  133  125  125  128  129  131  144  175  224  276  320  353  385  421  462  503
  540  580  630  697  776  854  918  961  981  986  986  991 1004 1018 1023 1012
  986  952  922  906  903  907  904  880  830
    22.5-180.0 180.0   5.0 450.0                            LAT/LON1/LON2/DLON/H
  982  925  841  736  617  498  394  313  259  226  207  199  199  205  215  227
  237  243  242  235  231  237  257  280  292  284  261  234  215  202  187  166
  146  133  131  133  133  133  144  176  224  276  320  353  385  424  470  517
  562  611  672  749  834  915  980 1023 1048 1059 1068 1081 1100 1120 1129 1120
 1091 1052 1014  992  989 1001 1013 1010  982
    20.0-180.0 180.0   5.0 450.0                            LAT/LON1/LON2/DLON/H
 1103 1074 1014  922  801  665  534  425  346  295  263  242  232  229  234  241
  246  247  242  239  244  266  298  328  337  321  290  259  239  226  212  189
  165  147  141  140  137  134  142  173  222  276  321  357  392  436  488  542
  595  652  721  801  885  959 1016 1054 1078 1094 1110 1130 1154 1177 1189 1183
 1156 1115 1073 1046 1043 1060 1086 1105 1103
    17.5-180.0 180.0   5.0 450.0                            LAT/LON1/LON2/DLON/H
 1169 1171 1144 1078  971  833  687  557  459  391  346  313  290  277  271  269
  264  257  250  253  273  311  355  385  386  358  315  280  260  250  237  214
  186  165  153  147  139  132  138  168  220  278  327  366  406  455  513  574
  634  697  769  848  923  983 1024 1051 1071 1090 1111 1136 1163 1187 1201 1198
 1175 1137 1096 1067 1060 1078 1111 1146 1169
    15.0-180.0 180.0   5.0 450.0                            LAT/LON1/LON2/DLON/H
 1168 1197 1203 1171 1091  967  822  684  576  499  445  404  371  347  330  315
  298  282  273  284  320  372  421  446  432  388  335  295  276  270  260  237
  207  181  165  154  141  130  134  164  220  282  336  380  424  478  542  607
  671  736  808  881  943  986 1009 1023 1037 1057 1082 1109 1137 1160 1174 1174
 1158 1127 1090 1059 1046 1057 1088 1129 1168
    12.5-180.0 180.0   5.0 450.0                            LAT/LON1/LON2/DLON/H
 1107 1151 1185 1188 1142 1044  914  783  676  600  546  503  466  435  408  380
  351  325  316  335  382  443  489  500  467  407  344  302  286  283  274  252
  221  193  173  158  142  128  131  163  221  288  348  396  443  500  566  633
  698  763  831  896  947  974  982  984  993 1012 1039 1069 1095 1116 1128 1130
 1121 1099 1068 1036 1015 1013 1031 1065 1107
    10.0-180.0 180.0   5.0 450.0                            LAT/LON1/LON2/DLON/H
 1010 1056 1106 1136 1122 1056  951  838  744  678  632  595  562  529  496  459
  420  387  377  401  453  512  547  537  485  411  344  303  289  287  279  258
  227  198  177  160  143  129  132  164  224  294  357  407  456  513  579  645
  709  771  835  894  936  953  953  950  956  976 1005 1035 1061 1078 1087 1090
 1086 1072 1047 1015  984  964  962  978 1010
     7.5-180.0 180.0   5.0 450.0                            LAT/LON1/LON2/DLON/H
  912  947  997 1041 1051 1015  938  849  774  724  692  668  644  617  584  543
  498  460  449  472  520  567  582  550  481  400  335  299  287  285  275  253
  223  195  175  160  144  131  134  166  225  296  359  410  457  513  576  640
  701  759  820  876  916  933  933  931  940  962  993 1024 1048 1063 1068 1069
 1067 1059 1039 1007  967  930  906  899  912
     5.0-180.0 180.0   5.0 450.0                            LAT/LON1/LON2/DLON/H
  847  862  899  940  961  944  892  827  772  739  723  714  703  687  660  621
  575  536  521  538  573  598  588  535  456  378  322  293  284  278  265  241
  212  187  169  157  144  133  136  165  222  290  352  401  446  498  559  620
  677  733  791  847  891  916  926  932  947  973 1006 1038 1063 1075 1076 1073
 1069 1064 1048 1016  971  923  882  854  847
     2.5-180.0 180.0   5.0 450.0                            LAT/LON1/LON2/DLON/H
  837  832  847  871  887  877  840  792  753  733  729  733  735  731  715  684
  643  604  585  588  602  601  566  497  417  350  309  290  280  269  250  225
  197  174  160  151  142  132  134  159  211  276  336  382  424  474  532  591
  646  698  755  814  866  903  927  947  971 1001 1036 1070 1095 1106 1104 1095
 1087 1081 1068 1039  995  944  897  860  837
