ionex_files/COD0OPSFIN_20251030000_01D_01H_GIM.INX
     1.0            IONOSPHERE MAPS     GNSS                IONEX VERSION / TYPE
ADDNEQ2 V5.5        AIUB                17-APR-25 19:05     PGM / RUN BY / DATE 
CODE'S GLOBAL IONOSPHERE MAPS FOR DAY 103, 2025             COMMENT             
Global ionosphere maps (GIM) are generated on a daily basis DESCRIPTION         
at CODE using data from about 300 GNSS sites of the IGS and DESCRIPTION         
other institutions. The vertical total electron content     DESCRIPTION         
(VTEC) is modeled in a solar-geomagnetic reference frame    DESCRIPTION         
using a spherical harmonics expansion up to degree and      DESCRIPTION         
order 15. Piece-wise linear functions are used for          DESCRIPTION         
representation in the time domain. The time spacing of      DESCRIPTION         
their vertices is 1 hour, conforming with the epochs of the DESCRIPTION         
VTEC maps.                                                  DESCRIPTION         
To convert line-of-sight TEC into vertical TEC, a modified  DESCRIPTION         
single-layer model mapping function approximating the JPL   DESCRIPTION         
extended slab model mapping function is adopted. The        DESCRIPTION         
mapping function is evaluated at geodetic satellite         DESCRIPTION         
elevation angles. For the computation of the ionospheric    DESCRIPTION         
pierce points, a spherical layer with a radius of 6821 km   DESCRIPTION         
is assumed, implying geocentric, not geodetic IONEX         DESCRIPTION         
latitudes.                                                  DESCRIPTION         
Instrumental biases with respect to each involved GNSS code DESCRIPTION         
observable are estimated as constant values for each        DESCRIPTION         
day. They are modeled with one set of bias parameters for   DESCRIPTION         
each satellite and each station in case of GPS and for each DESCRIPTION         
satellite-station link in case of GLONASS. The code bias    DESCRIPTION         
datum is defined by zero-mean conditions imposed on the     DESCRIPTION         
satellite bias estimates. In this file, just GPS C1W-C2W    DESCRIPTION         
satellite and station bias values are included. The         DESCRIPTION         
complete set of GNSS code bias results is provided in an    DESCRIPTION         
additional Bias-SINEX file as pseudo-absolute values        DESCRIPTION         
specific to each observable.                                DESCRIPTION         
Note: These GIM results correspond to the results for the   DESCRIPTION         
middle day of a 3-day combination analysis solving for 73   DESCRIPTION         
times 256, or 18688 VTEC parameters and 3 daily sets of     DESCRIPTION         
GNSS code bias parameters.                                  DESCRIPTION         
Contact address: code(at)aiub.unibe.ch                      DESCRIPTION         
Data archive:    ftp.aiub.unibe.ch/CODE/                    DESCRIPTION         
                 www.aiub.unibe.ch/download/CODE/           DESCRIPTION         
  2025     4    13     0     0     0                        EPOCH OF FIRST MAP  
  2025     4    14     0     0     0                        EPOCH OF LAST MAP   
  3600                                                      INTERVAL            
[...]
azgb badg bake bako barh bjfs bndy boav bogo bogt bor1 braz COMMENT             
brft brst brux cags cas1 ccj2 cedu chpg chti chur ckis coco COMMENT             
cord cpvg cpxf cro1 daej darw dav1 dgar dhlg drao dubo ebre COMMENT             
faa1 fair flin flrs frdn func ganp glps glsv gode gol2 gold COMMENT             
gope gras graz guam guug harb hers hert hlfx hnpt hob2 hofn COMMENT             
holb hrao hyde iddr ieng iisc impz ineg invk iqal irkj jog2 COMMENT             
joz2 joze karr kerg kir0 kiri kiru kit3 kokb kokv koug kour COMMENT             
krgg lama laut lmmf lpal lpgs m0se mac1 madr mal2 mana mas1 COMMENT             
mat1 mate maui maw1 mcil mcm4 mdo1 medi mgue mizu mkea mnls COMMENT             
mobs morp mqzg mro1 mtka nano naur nium nklg nlib nnor not1 COMMENT             
nrc1 ntus nya1 nyal onsa opmt ous2 pado parc park pdel penc COMMENT             
pert pie1 pimo pohn pol2 polv pots pove ptag ptbb ptvl qaq1 COMMENT             
quin rabt ramo reyk rgdg rio2 roth salu samo sant savo sch2 COMMENT             
scor scrz sctb scub seyg sfer spt0 ssia sthl stjo stk2 str2 COMMENT             
suth sutm suwn sydn syog tash thtg thti thu2 tid1 tidb tlse COMMENT             
tn22 tro1 tskb twtf txes uclu ufpr unb3 unbj unsa urum usn7 COMMENT             
usud vald vill vtsp wab1 wab2 wark wgtn whit will wind wsrt COMMENT             
wtza wtzr wtzs wtzz wuhn xmis yar2 yar3 yarr yell ykro zeck COMMENT             
zim2 zim3 zimm                                              COMMENT             
                                                            END OF HEADER       
[from data line 2145]
     6                                                      START OF TEC MAP    
  2025     4    13     5     0     0                        EPOCH OF CURRENT MAP
    87.5-180.0 180.0   5.0 450.0                            LAT/LON1/LON2/DLON/H
  168  168  168  168  169  169  170  171  172  173  174  175  177  178  179  180
  181  182  182  183  183  183  183  183  182  182  181  180  179  179  178  177
  176  175  174  173  172  171  170  169  169  168  168  167  167  167  167  167
  167  168  168  169  169  170  170  171  171  172  172  172  173  172  172  172
  172  171  171  170  170  169  169  168  168
    85.0-180.0 180.0   5.0 450.0                            LAT/LON1/LON2/DLON/H
  158  156  154  154  154  155  156  159  162  165  169  173  177  181  184  187
  190  192  193  194  194  193  192  191  189  187  185  183  180  178  175  173
  171  169  167  165  164  162  161  160  159  158  157  157  157  157  158  159
  161  163  165  168  171  174  177  180  183  186  188  189  190  190  189  188
  186  183  180  176  172  168  165  161  158
    82.5-180.0 180.0   5.0 450.0                            LAT/LON1/LON2/DLON/H
  150  143  138  134  133  133  136  140  145  152  159  167  174  181  188  193
  197  200  201  202  201  198  195  192  188  183  179  174  171  167  164  161
  159  157  156  155  153  152  151  150  149  148  147  147  147  148  149  152
  155  159  165  171  178  186  194  202  210  217  223  227  230  231  231  228
  223  216  208  199  189  178  168  159  150
    80.0-180.0 180.0   5.0 450.0                            LAT/LON1/LON2/DLON/H
  151  137  126  118  113  112  114  120  127  137  147  158  169  179  188  195
  201  204  205  204  201  196  191  184  177  170  163  157  153  149  146  144
  144  144  144  145  145  146  146  145  144  143  142  142  142  142  145  148
  153  160  169  180  192  205  220  234  249  262  274  284  290  294  294  290
  283  272  258  241  223  204  185  167  151
    77.5-180.0 180.0   5.0 450.0                            LAT/LON1/LON2/DLON/H
  165  143  125  112  103   99  100  105  113  124  136  150  163  175  185  194
  199  203  203  201  196  189  181  172  162  153  145  138  133  129  127  128
  129  132  135  139  142  144  146  147  146  145  144  143  143  144  146  151
  158  167  179  193  210  229  249  270  292  312  331  346  358  365  367  364
  354  340  321  298  273  245  217  190  165
    75.0-180.0 180.0   5.0 450.0                            LAT/LON1/LON2/DLON/H
  194  165  140  121  107   99   97  100  107  117  129  142  155  167  178  187
  193  197  197  195  189  182  172  162  151  141  131  124  118  115  115  116
  120  126  132  138  144  148  151  153  153  152  151  150  150  152  155  161
  169  180  193  210  229  251  276  301  328  354  378  399  416  427  432  430
  421  406  384  358  327  294  260  226  194
    72.5-180.0 180.0   5.0 450.0                            LAT/LON1/LON2/DLON/H
  231  198  168  143  124  112  106  105  108  115  124  135  146  157  167  175
  182  187  189  188  184  177  169  159  148  138  128  120  114  111  111  113
  118  124  132  140  148  153  157  160  160  160  159  159  161  164  169  176
  186  197  211  228  247  269  293  320  347  376  402  427  447  461  469  470
  463  450  430  404  374  340  304  267  231
    70.0-180.0 180.0   5.0 450.0                            LAT/LON1/LON2/DLON/H
  268  233  200  172  149  132  121  116  116  118  122  128  136  144  152  161
  169  176  181  183  182  178  172  164  155  145  136  128  121  117  115  116
  120  126  134  142  150  156  160  162  163  164  165  167  171  177  185  195
  206  218  231  245  260  278  298  320  344  370  396  420  441  457  466  470
  467  458  443  423  398  370  338  304  268
    67.5-180.0 180.0   5.0 450.0                            LAT/LON1/LON2/DLON/H
  294  260  227  196  170  150  136  128  123  121  120  121  124  129  136  145
  156  166  175  181  183  182  179  173  167  159  151  142  134  127  122  120
  122  126  132  140  147  153  157  159  160  162  165  170  178  189  201  214
  226  238  248  258  267  276  288  302  319  339  360  380  398  413  422  427
  428  425  418  407  393  375  352  325  294
    65.0-180.0 180.0   5.0 450.0                            LAT/LON1/LON2/DLON/H
  301  271  239  207  180  158  143  132  125  120  116  113  112  114  120  130
  143  157  170  179  184  186  184  181  176  170  163  154  145  135  126  120
  118  120  125  132  139  144  147  149  151  154  159  168  181  196  213  229
  243  254  261  264  266  266  268  272  279  290  304  318  331  342  349  354
  357  358  360  361  359  354  343  325  301
    62.5-180.0 180.0   5.0 450.0                            LAT/LON1/LON2/DLON/H
  288  262  231  200  173  152  137  127  121  115  109  104  100  100  106  118
  133  150  165  175  181  182  181  179  175  171  165  157  146  134  122  113
  108  108  112  118  125  131  134  136  138  143  151  164  181  201  221  239
  254  263  266  264  258  250  242  237  235  238  244  251  259  264  267  269
  272  277  286  296  307  314  314  306  288
    60.0-180.0 180.0   5.0 450.0                            LAT/LON1/LON2/DLON/H
  261  238  209  179  153  133  122  115  112  108  102   95   90   89   95  108
  125  143  158  167  171  169  166  163  160  158  153  146  135  121  107   96
   90   90   95  102  110  117  121  123  126  132  143  160  181  204  226  244
  257  264  264  257  246  232  218  206  199  196  197  199  202  202  201  199
  199  205  216  233  251  267  276  275  261
    57.5-180.0 180.0   5.0 450.0                            LAT/LON1/LON2/DLON/H
  232  210  183  154  130  114  106  104  104  102   97   90   84   82   87  100
  117  134  148  154  152  146  139  134  131  131  129  123  113  100   86   76
   70   71   78   88   98  106  111  114  119  127  140  160  183  208  229  246
  256  259  256  247  234  218  202  188  179  174  173  174  174  172  167  161
  158  161  171  189  210  230  242  243  232
    55.0-180.0 180.0   5.0 450.0                            LAT/LON1/LON2/DLON/H
  213  192  166  141  121  108  103  103  105  104  100   92   84   80   83   93
  108  123  133  135  128  117  106   99   97   98   99   96   88   77   65   56
   53   57   66   78   91  100  107  111  117  127  144  166  191  216  235  248
  254  253  247  238  225  211  197  185  177  174  176  179  181  178  172  163
  157  156  163  178  197  214  224  224  213
    52.5-180.0 180.0   5.0 450.0                            LAT/LON1/LON2/DLON/H
  212  193  172  152  136  127  123  123  123  119  112  101   90   82   81   87
   98  109  116  114  103   89   75   67   66   70   73   72   67   59   50   45
   45   51   62   76   89  100  108  114  122  135  154  180  207  231  248  256
  255  250  242  233  224  213  203  195  191  192  198  206  212  213  209  200
  192  188  192  201  214  225  230  225  212
    50.0-180.0 180.0   5.0 450.0                            LAT/LON1/LON2/DLON/H
  234  218  204  192  183  176  171  165  158  148  134  118  102   89   82   82
   87   94   98   94   83   68   55   49   50   55   60   62   58   52   47   45
   48   56   67   80   93  104  113  120  131  147  170  199  229  253  268  271
  266  256  245  237  230  224  219  214  213  217  227  241  253  260  261  256
  249  244  245  249  255  259  256  247  234
    47.5-180.0 180.0   5.0 450.0                            LAT/LON1/LON2/DLON/H
  271  262  258  257  255  250  240  225  207  186  163  140  118   99   85   78
   78   81   83   81   73   62   53   50   54   61   67   68   65   60   58   58
   62   69   78   89  100  110  119  129  142  162  190  224  257  283  297  297
  287  272  260  251  247  243  240  236  235  240  252  269  287  302  309  310
  308  305  305  307  308  305  296  283  271
    45.0-180.0 180.0   5.0 450.0                            LAT/LON1/LON2/DLON/H
  314  314  322  333  339  334  317  290  258  224  192  163  136  112   92   78
   72   73   76   78   76   71   68   71   78   87   92   91   86   81   80   81
   85   89   94   99  107  116  127  139  156  180  213  251  288  318  333  332
  319  301  286  277  272  269  264  258  254  255  266  284  305  326  340  348
  351  353  355  358  357  351  338  324  314
    42.5-180.0 180.0   5.0 450.0                            LAT/LON1/LON2/DLON/H
  353  361  380  402  414  407  382  343  297  253  214  180  151  125  102   84
   74   73   78   86   91   94   98  106  117  126  129  125  116  110  108  110
  112  112  111  111  114  123  135  151  172  200  236  279  321  354  372  373
  359  340  322  311  305  301  293  282  272  267  272  288  310  333  353  366
  374  381  387  394  395  389  374  360  353
    40.0-180.0 180.0   5.0 450.0                            LAT/LON1/LON2/DLON/H
  384  396  422  450  463  452  418  368  313  263  222  189  162  138  115   96
   84   83   91  104  116  125  135  148  162  172  172  163  150  141  138  139
  139  135  128  122  123  131  146  166  191  222  261  306  351  389  411  415
  403  384  365  352  345  339  329  314  298  286  284  295  315  338  358  374
  384  394  404  415  421  417  404  389  384
    37.5-180.0 180.0   5.0 450.0                            LAT/LON1/LON2/DLON/H
  410  421  446  471  479  460  416  359  301  252  215  188  168  149  131  114
  103  103  113  129  144  157  171  187  204  215  213  199  182  169  165  165
  163  156  145  136  135  143  161  185  214  247  287  332  378  418  445  454
  446  428  410  397  390  385  376  361  342  327  320  325  340  360  378  391
  399  408  420  435  446  445  433  416  410
    35.0-180.0 180.0   5.0 450.0                            LAT/LON1/LON2/DLON/H
  443  446  462  475  468  435  381  321  266  224  197  180  168  158  146  134
  127  129  140  155  170  184  199  218  238  250  247  230  209  193  187  187
  185  177  164  153  150  159  180  207  239  274  313  356  401  441  471  485
  482  469  454  444  441  441  438  430  416  402  394  395  406  420  432  439
  441  444  454  470  484  487  475  455  443
    32.5-180.0 180.0   5.0 450.0                            LAT/LON1/LON2/DLON/H
  499  490  489  480  451  397  331  269  222  192  177  170  166  164  160  155
  152  156  165  179  191  203  219  240  263  277  275  256  232  214  206  206
  205  197  185  173  169  178  200  230  265  300  337  376  417  457  489  507
  511  505  496  492  496  507  517  522  520  515  512  513  520  528  533  532
  525  519  523  536  551  556  543  520  499
    30.0-180.0 180.0   5.0 450.0                            LAT/LON1/LON2/DLON/H
  592  569  546  510  451  372  292  227  188  171  167  166  167  168  169  171
  173  177  186  196  205  216  233  257  284  300  298  278  252  232  224  224
  224  218  206  194  189  196  217  249  285  321  356  391  428  465  498  522
  533  535  535  540  556  581  609  633  650  660  666  670  675  679  678  669
  653  638  632  641  655  660  647  620  592
    27.5-180.0 180.0   5.0 450.0                            LAT/LON1/LON2/DLON/H
  724  691  648  584  492  385  287  218  184  176  177  178  175  174  176  180
  185  191  197  205  214  227  248  276  305  323  320  299  272  252  242  241
  241  236  226  214  206  209  227  258  296  334  369  401  434  469  503  531
  551  563  573  589  618  658  704  750  788  816  834  844  850  852  848  834
  812  788  776  778  789  794  783  756  724
    25.0-180.0 180.0   5.0 450.0                            LAT/LON1/LON2/DLON/H
  886  850  794  706  584  450  333  256  222  216  216  208  196  185  182  185
  190  195  200  208  221  241  269  302  333  348  343  320  292  271  260  257
  255  250  240  227  215  213  226  256  295  336  373  405  438  472  507  539
  567  590  611  639  679  732  794  857  914  958  987 1003 1011 1013 1010  997
  974  948  931  929  938  943  935  914  886
    22.5-180.0 180.0   5.0 450.0                            LAT/LON1/LON2/DLON/H
 1054 1024  965  862  720  564  430  342  302  290  281  260  230  205  192  189
  190  192  197  209  231  263  301  339  367  377  366  339  310  288  275  268
  263  257  246  231  214  205  214  242  283  328  369  406  440  476  513  550
  585  618  651  689  736  796  866  938 1006 1059 1096 1116 1127 1132 1133 1126
 1109 1087 1071 1068 1075 1082 1080 1071 1054
    20.0-180.0 180.0   5.0 450.0                            LAT/LON1/LON2/DLON/H
 1196 1181 1129 1024  874  707  562  463  412  388  365  327  280  238  211  198
  192  189  193  212  247  294  344  384  407  406  384  353  323  300  285  274
  264  254  242  224  203  189  193  221  265  315  362  405  444  483  523  564
  606  649  691  735  785  844  912  983 1050 1104 1141 1163 1176 1186 1195 1198
 1192 1180 1170 1170 1177 1186 1192 1196 1196
    17.5-180.0 180.0   5.0 450.0                            LAT/LON1/LON2/DLON/H
 1285 1288 1251 1156 1013  849  702  596  533  494  456  404  342  286  245  220
  203  193  197  222  271  333  392  432  444  428  394  357  326  305  288  272
  256  243  229  210  187  169  171  199  246  301  355  404  450  494  536  581
  629  680  729  776  823  874  931  990 1046 1091 1122 1141 1155 1171 1189 1205
 1213 1214 1214 1219 1227 1237 1248 1266 1285
    15.0-180.0 180.0   5.0 450.0                            LAT/LON1/LON2/DLON/H
 1303 1323 1302 1226 1102  957  821  715  642  589  539  480  412  348  298  260
  232  213  213  242  301  375  438  472  470  438  392  350  320  301  283  263
  242  225  210  192  169  152  155  184  233  292  350  407  459  507  552  598
  650  706  761  809  849  888  927  967 1003 1032 1051 1065 1081 1104 1131 1158
 1179 1192 1204 1214 1223 1231 1245 1271 1303
    12.5-180.0 180.0   5.0 450.0                            LAT/LON1/LON2/DLON/H
 1254 1281 1272 1217 1123 1010  898  800  722  661  607  549  486  423  368  322
  281  251  244  273  335  411  473  498  481  435  380  335  308  291  273  249
  225  206  192  176  156  142  147  178  229  289  350  411  468  519  564  611
  665  725  783  830  864  889  910  929  943  953  959  968  987 1016 1051 1085
 1113 1136 1155 1170 1177 1180 1190 1217 1254
    10.0-180.0 180.0   5.0 450.0                            LAT/LON1/LON2/DLON/H
 1159 1181 1176 1137 1076 1003  925  845  770  706  654  607  558  506  453  400
  350  309  292  313  369  438  490  503  475  420  362  318  293  279  261  235
  209  189  177  165  151  141  150  183  234  293  354  415  474  526  571  617
  671  733  793  840  869  885  893  895  890  883  878  885  908  943  983 1018
 1047 1072 1095 1111 1115 1110 1111 1128 1159
     7.5-180.0 180.0   5.0 450.0                            LAT/LON1/LON2/DLON/H
 1054 1060 1046 1016  984  953  914  858  791  730  685  655  626  590  544  490
  432  380  351  358  398  451  488  489  455  400  345  305  283  269  251  224
  197  179  170  162  152  147  160  194  243  299  356  416  474  525  568  612
  666  729  791  838  868  881  885  879  865  847  837  845  873  915  956  987
 1009 1029 1049 1063 1062 1048 1036 1040 1054
     5.0-180.0 180.0   5.0 450.0                            LAT/LON1/LON2/DLON/H
  978  960  927  896  884  890  888  858  803  747  712  698  690  669  631  578
  516  457  415  404  422  451  469  462  430  383  337  303  282  265  244  217
  191  174  168  163  157  155  169  203  249  301  355  411  467  516  557  598
  651  714  777  828  861  881  891  889  876  858  848  861  898  944  983 1004
 1012 1021 1035 1044 1038 1017  996  985  978
     2.5-180.0 180.0   5.0 450.0                            LAT/LON1/LON2/DLON/H
  961  920  863  820  817  847  876  868  824  773  745  743  748  739  707  656
  594  530  477  447  439  443  443  431  408  377  344  314  290  267  241  212
  187  173  169  165  160  158  172  203  247  295  345  398  451  498  537  577
  629  693  757  811  852  884  909  923  921  911  908  929  973 1023 1056 1064
 1055 1049 1054 1059 1051 1028 1004  985  961
