ionex_files/COD0OPSFIN_20250750000_01D_01H_GIM.INX
     1.0            IONOSPHERE MAPS     GNSS                IONEX VERSION / TYPE
ADDNEQ2 V5.5        AIUB                20-MAR-25 19:03     PGM / RUN BY / DATE 
CODE'S GLOBAL IONOSPHERE MAPS FOR DAY 075, 2025             COMMENT             
Global ionosphere maps (GIM) are generated on a daily basis DESCRIPTION         
at CODE using data from about 300 GNSS sites of the IGS and DESCRIPTION         
other institutions. The vertical total electron content     DESCRIPTION         
(VTEC) is modeled in a solar-geomagnetic reference frame    DESCRIPTION         
using a spherical harmonics expansion up to degree and      DESCRIPTION         
order 15. Piece-wise linear functions are used for          DESCRIPTION         
representation in the time domain. The time spacing of      DESCRIPTION         
their vertices is 1 hour, conforming with the epochs of the DESCRIPTION         
VTEC maps.                                                  DESCRIPTION         
To convert line-of-sight TEC into vertical TEC, a modified  DESCRIPTION         
single-layer model mapping function approximating the JPL   DESCRIPTION         
extended slab model mapping function is adopted. The        DESCRIPTION         
mapping function is evaluated at geodetic satellite         DESCRIPTION         
elevation angles. For the computation of the ionospheric    DESCRIPTION         
pierce points, a spherical layer with a radius of 6821 km   DESCRIPTION         
is assumed, implying geocentric, not geodetic IONEX         DESCRIPTION         
latitudes.                                                  DESCRIPTION         
Instrumental biases with respect to each involved GNSS code DESCRIPTION         
observable are estimated as constant values for each        DESCRIPTION         
day. They are modeled with one set of bias parameters for   DESCRIPTION         
each satellite and each station in case of GPS and for each DESCRIPTION         
satellite-station link in case of GLONASS. The code bias    DESCRIPTION         
datum is defined by zero-mean conditions imposed on the     DESCRIPTION         
satellite bias estimates. In this file, just GPS C1W-C2W    DESCRIPTION         
satellite and station bias values are included. The         DESCRIPTION         
complete set of GNSS code bias results is provided in an    DESCRIPTION         
additional Bias-SINEX file as pseudo-absolute values        DESCRIPTION         
specific to each observable.                                DESCRIPTION         
Note: These GIM results correspond to the results for the   DESCRIPTION         
middle day of a 3-day combination analysis solving for 73   DESCRIPTION         
times 256, or 18688 VTEC parameters and 3 daily sets of     DESCRIPTION         
GNSS code bias parameters.                                  DESCRIPTION         
Contact address: code(at)aiub.unibe.ch                      DESCRIPTION         
Data archive:    ftp.aiub.unibe.ch/CODE/                    DESCRIPTION         
                 www.aiub.unibe.ch/download/CODE/           DESCRIPTION         
  2025     3    16     0     0     0                        EPOCH OF FIRST MAP  
  2025     3    17     0     0     0                        EPOCH OF LAST MAP   
  3600                                                      INTERVAL            
[...]
azgb badg bake bako barh bjfs bndy boav bogo bogt bor1 braz COMMENT             
brft brst brux cags cas1 ccj2 cedu chpg chti chur ckis coco COMMENT             
cord cpvg cpxf cro1 daej darw dav1 dgar dhlg drao dubo faa1 COMMENT             
fair flin flrs frdn func ganp glps glsv gode gol2 gold gope COMMENT             
gras graz guam guug harb hers hert hlfx hnpt hob2 hofn holb COMMENT             
hrao hyde iddr ieng iisc impz ineg invk iqal irkj jog2 joz2 COMMENT             
karr kerg kir0 kiri kiru kit3 kokb kokv koug kour krgg lama COMMENT             
laut lmmf lpal lpgs mac1 madr mal2 mana mas1 mat1 mate maui COMMENT             
maw1 mcil mcm4 mdo1 medi mgue mizu mkea mnls mobs monp morp COMMENT             
mqzg mro1 mtka nano naur nico nist nium nklg nlib nnor nrc1 COMMENT             
ntus nya1 nyal onsa opmt ous2 pado parc park pdel penc pert COMMENT             
pie1 pimo pohn pol2 polv pots pove ptag ptbb ptvl qaq1 quin COMMENT             
rabt ramo reun reyk rgdg rio2 roth salu samo sant savo sch2 COMMENT             
scor scrz sctb seyg sfer sofi spt0 ssia sthl stjo stk2 str2 COMMENT             
suth sutm suwn sydn syog tash thtg thti thu2 tid1 tidb tlse COMMENT             
tn22 tong tow2 tro1 tskb twtf txes uclu ufpr ulab unb3 unbj COMMENT             
unsa urum usn7 usud vald vill vtsp wab1 wab2 whit will wind COMMENT             
wsrt wtza wtzr wtzs wtzz wuhn xmis yar2 yarr yell ykro zeck COMMENT             
zim2 zim3 zimm                                              COMMENT             
                                                            END OF HEADER       
[from data line 8580]
    21                                                      START OF TEC MAP    
  2025     3    16    20     0     0                        EPOCH OF CURRENT MAP
    87.5-180.0 180.0   5.0 450.0                            LAT/LON1/LON2/DLON/H
  310  314  318  322  326  330  335  340  345  350  355  359  364  368  372  376
  380  383  385  388  389  391  392  392  392  392  391  390  388  386  384  382
  379  376  373  369  366  362  358  355  351  347  343  339  335  332  328  324
  321  318  315  312  309  307  305  303  301  299  298  297  296  296  295  295
  296  296  297  299  300  302  305  307  310
    85.0-180.0 180.0   5.0 450.0                            LAT/LON1/LON2/DLON/H
  264  270  277  284  293  302  312  322  333  344  355  365  375  385  393  401
  408  413  418  421  424  425  426  425  424  422  420  417  413  409  405  400
  395  389  383  377  371  365  358  351  344  337  330  323  317  310  304  299
  293  288  284  279  276  272  269  266  263  260  258  256  254  252  251  250
  249  249  249  250  251  253  256  260  264
    82.5-180.0 180.0   5.0 450.0                            LAT/LON1/LON2/DLON/H
  216  222  230  240  251  265  280  296  313  331  349  366  382  396  409  420
  429  435  440  443  444  443  441  438  434  430  425  420  415  410  404  398
  392  386  379  372  364  356  348  339  330  321  312  303  295  287  280  273
  267  261  256  252  249  245  242  240  237  234  232  229  227  224  221  218
  216  213  211  209  208  208  209  212  216
    80.0-180.0 180.0   5.0 450.0                            LAT/LON1/LON2/DLON/H
  176  181  188  198  211  228  248  269  293  317  342  365  387  406  422  434
  444  449  452  451  448  443  437  430  423  415  408  401  395  390  384  379
  374  369  363  357  350  342  333  324  314  303  293  283  274  265  257  250
  245  240  236  233  231  229  227  225  224  222  220  217  215  212  208  204
  200  195  190  186  181  178  176  175  176
    77.5-180.0 180.0   5.0 450.0                            LAT/LON1/LON2/DLON/H
  155  156  160  169  183  201  223  249  278  308  339  368  394  416  434  447
  455  457  455  450  441  430  419  407  395  384  375  367  360  355  351  348
  345  342  339  335  330  324  316  307  297  287  276  266  256  247  239  233
  229  225  223  222  221  221  221  221  220  219  217  216  213  211  208  204
  199  194  188  181  175  168  162  157  155
    75.0-180.0 180.0   5.0 450.0                            LAT/LON1/LON2/DLON/H
  156  153  155  161  172  190  213  242  274  308  343  376  405  430  448  460
  465  463  456  445  430  414  396  379  363  349  337  327  320  316  313  312
  311  311  311  310  308  303  297  290  281  271  260  250  240  232  225  220
  217  215  215  216  217  218  219  219  218  218  217  216  214  213  212  210
  208  204  200  194  186  178  170  162  156
    72.5-180.0 180.0   5.0 450.0                            LAT/LON1/LON2/DLON/H
  179  173  171  174  183  198  220  248  281  316  353  388  419  445  463  474
  476  471  460  444  425  403  381  360  340  323  308  296  288  282  279  279
  280  282  283  284  284  282  277  271  263  254  244  235  225  218  212  208
  206  205  207  209  211  213  214  214  213  212  211  210  210  211  212  214
  216  217  216  214  209  203  195  186  179
    70.0-180.0 180.0   5.0 450.0                            LAT/LON1/LON2/DLON/H
  213  208  204  205  211  223  241  266  296  330  366  401  433  458  477  487
  489  483  470  452  431  407  383  359  337  316  298  283  272  264  259  257
  257  258  260  261  261  259  256  251  244  236  227  218  209  202  196  192
  191  192  194  196  199  201  201  200  199  196  194  194  195  197  202  208
  215  222  227  231  232  230  226  220  213
    67.5-180.0 180.0   5.0 450.0                            LAT/LON1/LON2/DLON/H
  247  244  243  243  247  255  269  288  313  343  376  409  440  466  486  498
  502  498  488  472  452  429  405  381  356  333  312  294  278  267  258  253
  249  247  246  244  242  239  235  229  223  216  208  199  191  184  177  173
  171  171  173  175  178  180  180  178  175  172  169  168  169  173  180  190
  201  213  224  234  242  247  249  249  247
    65.0-180.0 180.0   5.0 450.0                            LAT/LON1/LON2/DLON/H
  267  271  274  277  281  287  295  308  327  350  378  407  437  465  488  504
  514  516  511  501  486  467  444  420  395  371  347  326  307  292  279  269
  261  253  246  239  232  225  218  211  204  196  189  181  173  164  156  150
  146  144  145  147  150  151  151  149  146  142  139  137  138  142  149  160
  173  188  204  219  233  244  254  261  267
    62.5-180.0 180.0   5.0 450.0                            LAT/LON1/LON2/DLON/H
  266  279  290  298  305  309  314  321  332  348  369  395  424  453  480  504
  521  532  536  534  525  511  492  470  445  420  396  374  354  337  321  306
  292  278  263  248  234  221  209  199  190  182  175  167  158  147  137  127
  120  116  115  116  118  121  122  121  119  115  113  111  110  112  117  126
  137  152  168  186  203  220  236  252  266
    60.0-180.0 180.0   5.0 450.0                            LAT/LON1/LON2/DLON/H
  244  266  286  302  314  320  323  326  330  339  354  376  403  434  466  497
  524  544  558  564  562  553  537  517  494  471  448  428  410  394  378  360
  341  319  296  273  250  230  212  197  185  176  168  160  150  138  124  111
  100   92   89   90   92   96   98  100  100   99   97   95   93   92   92   95
  102  112  126  143  161  180  200  222  244
    57.5-180.0 180.0   5.0 450.0                            LAT/LON1/LON2/DLON/H
  210  240  268  293  310  321  325  325  326  329  339  357  382  414  450  487
  522  551  572  584  588  583  570  552  532  512  494  480  468  456  441  423
  399  371  340  308  278  250  226  207  192  180  172  163  152  139  123  106
   91   80   75   75   78   82   87   91   94   96   96   94   90   85   80   76
   76   80   89  102  118  137  158  182  210
    55.0-180.0 180.0   5.0 450.0                            LAT/LON1/LON2/DLON/H
  178  211  246  278  303  319  326  328  327  328  334  348  370  401  439  479
  517  551  577  593  600  597  586  571  554  539  528  522  518  512  501  482
  455  421  384  346  309  277  248  225  207  194  184  175  164  150  133  114
   96   83   76   75   79   84   91   98  104  108  110  109  103   93   82   71
   64   62   66   76   89  105  124  148  178
    52.5-180.0 180.0   5.0 450.0                            LAT/LON1/LON2/DLON/H
  161  195  233  270  300  322  334  340  341  343  347  357  375  402  437  476
  514  547  573  591  598  597  588  574  561  552  548  551  554  555  546  527
  496  458  416  375  336  302  272  247  227  212  202  193  183  170  153  133
  115  100   92   91   94  100  107  116  124  131  134  133  125  112   95   79
   67   62   64   72   83   96  113  134  161
    50.0-180.0 180.0   5.0 450.0                            LAT/LON1/LON2/DLON/H
  171  202  239  277  311  337  356  368  374  378  382  389  401  422  450  483
  515  544  567  582  590  589  582  570  560  555  558  566  575  578  570  547
  513  471  428  387  351  320  292  268  247  231  220  212  204  193  177  159
  141  127  118  116  118  123  130  139  148  156  161  159  150  134  114   96
   82   78   81   91  104  117  131  147  171
    47.5-180.0 180.0   5.0 450.0                            LAT/LON1/LON2/DLON/H
  208  235  268  305  339  369  393  411  425  433  438  442  449  462  480  502
  525  545  563  576  583  584  578  569  560  558  562  571  580  581  569  542
  503  460  418  382  353  328  305  283  263  247  235  227  221  212  199  184
  167  154  145  142  143  146  152  160  169  177  182  180  170  153  132  114
  103  102  112  128  147  163  176  190  208
    45.0-180.0 180.0   5.0 450.0                            LAT/LON1/LON2/DLON/H
  268  289  318  351  383  414  441  466  487  502  509  511  512  516  524  534
  545  556  567  578  587  590  586  578  569  564  565  570  573  567  549  516
  476  433  396  367  346  330  314  295  276  259  246  238  232  225  215  202
  188  175  166  162  160  162  166  173  182  190  194  191  180  163  144  129
  122  128  145  171  199  223  240  253  268
    42.5-180.0 180.0   5.0 450.0                            LAT/LON1/LON2/DLON/H
  336  355  379  408  437  466  496  525  552  572  583  584  581  578  576  576
  576  578  584  595  606  612  610  601  589  579  572  568  561  546  521  486
  446  408  378  358  346  337  325  309  289  270  255  245  238  232  223  212
  199  187  178  172  169  168  171  177  186  193  196  192  180  165  149  137
  136  147  173  209  247  281  305  322  336
    40.0-180.0 180.0   5.0 450.0                            LAT/LON1/LON2/DLON/H
  399  418  441  467  493  519  547  579  611  636  649  652  647  640  632  623
  615  610  614  625  640  649  648  637  619  601  584  569  552  530  503  470
  437  408  387  374  367  360  348  330  309  287  268  255  245  237  227  216
  203  192  182  175  170  168  170  176  184  191  193  187  175  160  147  140
  142  157  188  231  280  325  358  381  399
    37.5-180.0 180.0   5.0 450.0                            LAT/LON1/LON2/DLON/H
  446  469  493  518  541  565  591  623  656  685  701  706  702  694  685  672
  658  650  653  666  684  694  692  676  652  626  601  577  554  532  509  487
  467  451  439  430  421  409  390  367  340  314  291  273  258  246  233  221
  209  198  188  179  173  169  170  177  185  191  191  183  170  156  145  141
  144  158  189  236  291  346  390  421  446
    35.0-180.0 180.0   5.0 450.0                            LAT/LON1/LON2/DLON/H
  470  500  530  557  580  601  624  654  688  718  737  744  744  740  731  718
  703  692  695  710  728  737  730  710  682  652  623  597  576  561  553  549
  548  547  542  531  512  485  453  419  385  354  326  303  283  265  249  236
  224  214  205  196  188  183  182  188  195  200  197  185  170  156  147  143
  145  155  182  226  284  344  397  438  470
    32.5-180.0 180.0   5.0 450.0                            LAT/LON1/LON2/DLON/H
  476  514  550  583  608  629  650  678  710  740  761  772  777  777  773  761
  744  733  735  749  764  768  755  731  703  676  652  632  621  622  636  656
  676  687  684  664  627  579  528  480  438  402  372  345  320  299  280  266
  257  250  244  235  226  217  213  215  219  220  213  198  179  165  156  152
  150  154  172  210  266  329  387  435  476
    30.0-180.0 180.0   5.0 450.0                            LAT/LON1/LON2/DLON/H
  470  516  561  601  631  653  674  699  730  761  784  798  807  813  812  801
  784  770  769  778  786  782  763  738  717  701  689  683  689  712  750  794
  831  849  841  804  743  671  599  537  489  451  420  392  367  344  326  315
  310  309  307  301  288  275  264  259  257  252  239  218  197  181  172  167
  162  159  168  199  249  310  370  423  470
    27.5-180.0 180.0   5.0 450.0                            LAT/LON1/LON2/DLON/H
  464  516  569  617  653  679  702  727  758  789  814  832  845  854  855  843
  823  804  796  797  795  780  757  737  728  731  738  751  776  819  877  937
  981  996  975  917  832  736  646  575  524  488  460  436  413  394  381  376
  380  387  392  387  371  350  329  313  301  288  268  242  217  200  192  187
  180  172  175  199  243  300  358  412  464
    25.0-180.0 180.0   5.0 450.0                            LAT/LON1/LON2/DLON/H
  465  522  581  636  680  712  738  766  798  832  860  882  898  908  908  893
  867  840  823  812  797  772  747  736  747  772  801  831  871  928  995 1056
 1093 1093 1051  971  865  753  654  581  533  503  482  465  451  440  436  441
  455  472  483  480  461  430  396  366  342  319  293  263  235  218  211  208
  201  193  193  213  253  305  359  412  465
    22.5-180.0 180.0   5.0 450.0                            LAT/LON1/LON2/DLON/H
  477  537  600  661  713  752  783  815  851  889  923  949  967  978  976  956
  922  886  858  834  805  772  748  750  782  830  876  917  962 1019 1080 1126
 1140 1114 1047  947  829  712  616  550  512  491  479  473  471  473  480  496
  521  548  565  563  539  498  450  405  368  336  305  272  245  228  224  223
  220  215  218  239  277  325  374  424  477
    20.0-180.0 180.0   5.0 450.0                            LAT/LON1/LON2/DLON/H
  499  560  626  692  749  795  833  870  911  955  996 1028 1050 1061 1058 1034
  994  950  909  872  833  793  773  789  839  902  956  997 1036 1080 1120 1136
 1114 1053  961  849  730  622  540  490  465  455  454  460  471  487  506  533
  565  598  620  618  589  539  479  421  374  335  300  268  242  229  228  231
  233  234  244  269  309  354  400  447  499
    17.5-180.0 180.0   5.0 450.0                            LAT/LON1/LON2/DLON/H
  525  587  655  723  785  837  880  922  968 1019 1068 1108 1136 1151 1149 1126
 1084 1033  984  937  888  845  828  855  916  984 1034 1062 1083 1104 1112 1088
 1024  928  816  700  592  504  446  417  409  410  418  433  457  484  513  545
  581  615  636  633  600  543  476  410  356  314  280  251  229  220  223  231
  237  245  263  296  339  384  428  473  525
    15.0-180.0 180.0   5.0 450.0                            LAT/LON1/LON2/DLON/H
  550  613  682  752  816  872  918  962 1012 1069 1126 1174 1211 1234 1240 1224
 1186 1135 1081 1028  974  928  914  943 1005 1064 1097 1103 1100 1093 1067 1003
  901  776  652  543  455  394  364  358  364  373  386  407  438  473  506  537
  569  598  615  607  572  513  444  377  323  282  251  226  210  206  213  223
  233  246  272  312  360  407  450  496  550
    12.5-180.0 180.0   5.0 450.0                            LAT/LON1/LON2/DLON/H
  568  633  703  773  840  897  944  987 1036 1095 1158 1215 1261 1297 1317 1316
 1289 1245 1192 1137 1081 1035 1018 1042 1091 1130 1137 1117 1089 1059 1006  913
  783  642  519  424  361  327  322  336  352  364  376  397  429  464  493  517
  538  557  565  552  516  460  395  334  285  249  221  201  191  192  202  213
  224  240  270  317  369  418  463  511  568
    10.0-180.0 180.0   5.0 450.0                            LAT/LON1/LON2/DLON/H
  579  647  717  788  855  913  958  996 1040 1096 1160 1221 1277 1327 1367 1386
 1378 1346 1301 1250 1195 1148 1125 1135 1160 1170 1148 1105 1061 1018  953  846
  707  567  455  380  340  328  341  365  385  394  399  413  440  468  487  497
  503  507  504  486  450  400  346  296  256  226  202  185  178  182  193  204
  213  228  261  311  368  419  466  518  579
     7.5-180.0 180.0   5.0 450.0                            LAT/LON1/LON2/DLON/H
  584  655  726  797  865  923  964  994 1028 1075 1134 1195 1257 1320 1380 1423
 1436 1421 1388 1345 1295 1247 1215 1204 1201 1180 1133 1074 1026  986  926  826
  696  572  481  427  403  402  420  446  463  464  458  461  476  491  495  488
  478  467  453  429  394  352  311  275  245  221  200  183  175  179  190  199
  204  216  249  301  360  414  464  520  584
     5.0-180.0 180.0   5.0 450.0                            LAT/LON1/LON2/DLON/H
  589  661  733  805  874  932  969  990 1011 1044 1091 1146 1206 1277 1353 1417
 1451 1454 1435 1403 1362 1315 1272 1240 1209 1163 1099 1038  999  974  933  855
  751  655  589  553  535  533  545  563  572  563  545  533  532  531  519  497
  471  448  425  396  363  329  300  277  258  238  215  194  182  184  192  198
  199  208  239  291  352  409  463  521  589
     2.5-180.0 180.0   5.0 450.0                            LAT/LON1/LON2/DLON/H
  596  668  740  813  885  945  980  993 1001 1018 1049 1088 1139 1208 1292 1369
 1419 1437 1432 1414 1383 1340 1291 1241 1189 1127 1059 1006  985  984  970  921
  851  788  747  722  701  686  683  689  687  669  639  613  596  579  552  518
  484  454  425  393  360  332  312  300  288  270  244  216  197  192  197  199
  197  204  233  286  349  408  465  527  596
