ionex_files/COD0OPSFIN_20251010000_01D_01H_GIM.INX
     1.0            IONOSPHERE MAPS     GNSS                IONEX VERSION / TYPE
ADDNEQ2 V5.5        AIUB                15-APR-25 19:31     PGM / RUN BY / DATE 
CODE'S GLOBAL IONOSPHERE MAPS FOR DAY 101, 2025             COMMENT             
Global ionosphere maps (GIM) are generated on a daily basis DESCRIPTION         
at CODE using data from about 300 GNSS sites of the IGS and DESCRIPTION         
other institutions. The vertical total electron content     DESCRIPTION         
(VTEC) is modeled in a solar-geomagnetic reference frame    DESCRIPTION         
using a spherical harmonics expansion up to degree and      DESCRIPTION         
order 15. Piece-wise linear functions are used for          DESCRIPTION         
representation in the time domain. The time spacing of      DESCRIPTION         
their vertices is 1 hour, conforming with the epochs of the DESCRIPTION         
VTEC maps.                                                  DESCRIPTION         
To convert line-of-sight TEC into vertical TEC, a modified  DESCRIPTION         
single-layer model mapping function approximating the JPL   DESCRIPTION         
extended slab model mapping function is adopted. The        DESCRIPTION         
mapping function is evaluated at geodetic satellite         DESCRIPTION         
elevation angles. For the computation of the ionospheric    DESCRIPTION         
pierce points, a spherical layer with a radius of 6821 km   DESCRIPTION         
is assumed, implying geocentric, not geodetic IONEX         DESCRIPTION         
latitudes.                                                  DESCRIPTION         
Instrumental biases with respect to each involved GNSS code DESCRIPTION         
observable are estimated as constant values for each        DESCRIPTION         
day. They are modeled with one set of bias parameters for   DESCRIPTION         
each satellite and each station in case of GPS and for each DESCRIPTION         
satellite-station link in case of GLONASS. The code bias    DESCRIPTION         
datum is defined by zero-mean conditions imposed on the     DESCRIPTION         
satellite bias estimates. In this file, just GPS C1W-C2W    DESCRIPTION         
satellite and station bias values are included. The         DESCRIPTION         
complete set of GNSS code bias results is provided in an    DESCRIPTION         
additional Bias-SINEX file as pseudo-absolute values        DESCRIPTION         
specific to each observable.                                DESCRIPTION         
Note: These GIM results correspond to the results for the   DESCRIPTION         
middle day of a 3-day combination analysis solving for 73   DESCRIPTION         
times 256, or 18688 VTEC parameters and 3 daily sets of     DESCRIPTION         
GNSS code bias parameters.                                  DESCRIPTION         
Contact address: code(at)aiub.unibe.ch                      DESCRIPTION         
Data archive:    ftp.aiub.unibe.ch/CODE/                    DESCRIPTION         
                 www.aiub.unibe.ch/download/CODE/           DESCRIPTION         
  2025     4    11     0     0     0                        EPOCH OF FIRST MAP  
  2025     4    12     0     0     0                        EPOCH OF LAST MAP   
  3600                                                      INTERVAL            
[...]
abpo adis albh algo alic amu2 antc areg areq ascg aspa auck COMMENT             
azgb badg bake bako barh bjfs bndy boav bogo bogt bor1 braz COMMENT             
brft brst brux cas1 ccj2 cedu chpg chti chur ckis coco cord COMMENT             
cpvg cpxf cro1 daej darw dav1 dgar dhlg drao dubo ebre faa1 COMMENT             
fair flin flrs frdn func ganp glps glsv gode gol2 gold gope COMMENT             
gras graz guam guug harb hers hert hlfx hnpt hob2 hofn holb COMMENT             
hrao iddr ieng iisc impz ineg invk iqal irkj jog2 joz2 joze COMMENT             
karr kerg kir0 kiri kiru kit3 kokb kokv koug kour krgg lama COMMENT             
laut lmmf lpal lpgs m0se mac1 madr mal2 mana mas1 mat1 mate COMMENT             
maui maw1 mcm4 mdo1 medi mgue mizu mkea mnls mobs morp mqzg COMMENT             
mro1 mtka nano naur nium nklg nlib nnor not1 nrc1 ntus nya1 COMMENT             
nyal onsa opmt ous2 pado parc park pdel penc pert pie1 pimo COMMENT             
pohn pol2 polv pots pove ptbb ptvl qaq1 quin rabt ramo reyk COMMENT             
rgdg rio2 roth salu samo sant savo sch2 scor scrz sctb scub COMMENT             
seyg sfer spt0 ssia sthl stjo stk2 str2 suth sutm suwn sydn COMMENT             
syog tash thtg thti thu2 tid1 tidb tlse tn22 tro1 tskb twtf COMMENT             
txes uclu ufpr unb3 unbj unsa urum usn7 usud vald vill vtsp COMMENT             
wab1 wab2 wark wgtn whit will wind wsrt wtza wtzr wtzs wtzz COMMENT             
wuhn xmis yar2 yar3 yarr yell ykro zeck zim2 zim3 zimm      COMMENT             
                                                            END OF HEADER       
[from data line 6006]
    15                                                      START OF TEC MAP    
  2025     4    11    14     0     0                        EPOCH OF CURRENT MAP
    87.5-180.0 180.0   5.0 450.0                            LAT/LON1/LON2/DLON/H
  239  240  241  243  244  246  247  249  250  252  253  254  256  257  258  259
  260  260  261  261  261  261  260  260  259  258  257  256  255  254  252  251
  249  247  246  244  243  242  240  239  238  238  237  237  236  236  236  236
  237  237  237  237  238  238  238  238  238  238  238  238  237  237  237  237
  236  236  236  236  237  237  238  238  239
    85.0-180.0 180.0   5.0 450.0                            LAT/LON1/LON2/DLON/H
  211  213  216  219  222  225  229  233  237  240  244  247  250  253  255  257
  259  260  261  262  263  263  262  262  260  259  257  255  252  249  246  243
  239  235  231  228  224  221  218  216  214  213  213  213  214  216  218  220
  223  225  228  230  232  234  235  235  235  234  233  231  229  226  223  220
  217  215  213  211  210  209  209  210  211
    82.5-180.0 180.0   5.0 450.0                            LAT/LON1/LON2/DLON/H
  172  175  179  184  189  195  201  207  213  218  223  228  232  235  239  241
  244  246  248  249  251  252  252  253  253  252  250  248  246  242  238  233
  227  221  215  209  203  197  193  189  186  185  185  187  190  195  201  207
  214  222  229  235  241  245  247  248  248  245  241  236  229  222  214  206
  198  191  184  179  175  172  171  171  172
    80.0-180.0 180.0   5.0 450.0                            LAT/LON1/LON2/DLON/H
  133  136  141  148  155  163  170  178  185  191  196  201  205  208  211  214
  216  218  221  224  227  230  233  236  238  240  241  241  239  237  232  227
  221  213  205  196  188  180  173  167  163  161  162  165  171  180  190  202
  216  229  242  254  264  272  276  278  276  271  263  253  241  227  213  199
  184  171  159  149  141  136  132  132  133
    77.5-180.0 180.0   5.0 450.0                            LAT/LON1/LON2/DLON/H
  104  107  113  121  129  137  146  153  160  165  170  173  175  177  178  180
  182  184  188  192  197  203  210  216  223  228  233  236  237  236  234  229
  223  215  206  196  185  175  166  158  152  149  150  154  162  174  190  208
  227  247  267  284  298  309  315  316  313  305  293  278  261  241  221  200
  180  162  145  130  119  110  105  103  104
    75.0-180.0 180.0   5.0 450.0                            LAT/LON1/LON2/DLON/H
   92   95  101  108  116  125  132  139  144  147  149  150  150  149  149  149
  150  152  156  162  170  179  189  200  211  221  229  235  240  242  241  238
  233  226  217  207  196  184  173  164  156  152  152  156  166  180  199  221
  246  271  295  316  333  345  351  352  346  336  321  302  280  257  233  209
  186  164  145  127  113  102   95   92   92
    72.5-180.0 180.0   5.0 450.0                            LAT/LON1/LON2/DLON/H
   97  100  105  111  119  126  132  136  139  139  138  136  134  131  129  128
  128  131  135  142  152  164  177  192  206  219  230  239  245  249  250  249
  246  241  234  225  215  205  194  183  175  169  167  171  180  195  215  239
  265  292  318  340  357  368  373  371  363  350  333  313  290  267  243  220
  197  176  156  139  124  112  103   98   97
    70.0-180.0 180.0   5.0 450.0                            LAT/LON1/LON2/DLON/H
  115  116  120  125  131  137  141  143  143  141  137  134  129  126  123  121
  122  124  129  136  147  160  175  191  206  221  233  243  250  254  257  257
  256  253  249  244  237  229  220  211  202  196  193  194  202  215  233  256
  281  305  328  347  361  369  370  365  354  340  322  303  283  263  244  225
  207  190  174  159  145  132  123  117  115
    67.5-180.0 180.0   5.0 450.0                            LAT/LON1/LON2/DLON/H
  134  134  136  141  147  151  153  153  151  148  143  139  135  132  130  129
  130  132  136  144  154  166  180  195  210  224  235  243  250  254  256  257
  258  259  259  258  256  252  246  240  232  226  222  222  227  236  250  268
  287  306  323  336  343  345  341  332  320  305  289  272  257  242  230  219
  209  199  188  177  166  154  144  137  134
    65.0-180.0 180.0   5.0 450.0                            LAT/LON1/LON2/DLON/H
  144  143  146  150  155  160  162  161  158  155  151  148  146  146  146  147
  148  150  154  159  167  177  189  201  213  223  232  238  242  245  248  250
  253  256  260  264  267  268  267  265  260  255  251  249  250  255  264  274
  286  296  304  308  307  302  293  282  268  254  240  227  216  208  203  200
  198  196  192  186  177  167  157  149  144
    62.5-180.0 180.0   5.0 450.0                            LAT/LON1/LON2/DLON/H
  141  139  141  146  152  157  160  160  159  157  155  155  157  160  164  167
  169  171  174  177  181  187  195  203  210  217  222  225  228  231  234  238
  244  250  257  265  272  278  282  283  282  280  277  273  272  271  273  275
  278  279  277  272  264  253  241  228  215  202  190  180  173  169  168  171
  175  179  181  179  174  165  156  147  141
    60.0-180.0 180.0   5.0 450.0                            LAT/LON1/LON2/DLON/H
  124  121  123  129  136  142  147  149  150  151  153  158  164  171  177  183
  186  188  189  190  191  193  196  199  202  204  207  209  212  216  221  228
  236  244  254  264  274  283  291  296  299  299  297  294  289  285  280  275
  269  262  252  240  227  213  200  187  176  166  156  147  140  136  135  139
  145  152  158  160  157  149  140  130  124
    57.5-180.0 180.0   5.0 450.0                            LAT/LON1/LON2/DLON/H
   99   95   97  103  110  118  125  130  134  139  145  154  164  174  183  191
  195  197  196  195  194  192  192  191  190  189  190  192  197  204  214  224
  235  245  256  267  278  289  299  307  313  315  315  311  304  296  287  276
  265  252  238  223  207  194  182  173  165  157  148  138  128  120  115  114
  118  125  131  134  132  126  116  106   99
    55.0-180.0 180.0   5.0 450.0                            LAT/LON1/LON2/DLON/H
   77   72   72   76   83   92   99  107  114  123  133  145  158  171  182  190
  194  196  195  193  190  187  184  181  178  176  177  180  189  201  215  230
  243  255  266  276  287  298  309  319  326  330  330  326  318  307  295  281
  268  254  239  224  211  199  191  186  182  177  169  156  141  125  112  105
  103  106  110  112  111  105   96   86   77
    52.5-180.0 180.0   5.0 450.0                            LAT/LON1/LON2/DLON/H
   69   61   58   59   64   70   78   86   96  108  122  137  152  166  176  184
  188  189  188  186  183  181  178  175  172  170  171  177  189  206  225  244
  259  272  282  291  301  312  323  334  342  346  346  340  331  318  304  291
  279  267  256  244  234  226  222  220  220  217  208  193  173  150  129  113
  105  102  103  104  102   97   89   78   69
    50.0-180.0 180.0   5.0 450.0                            LAT/LON1/LON2/DLON/H
   79   69   62   58   58   61   66   74   85   99  115  132  149  162  173  179
  183  183  182  181  179  178  177  177  175  175  177  184  199  219  241  262
  279  291  300  309  320  331  343  353  360  364  362  355  343  329  316  304
  296  289  282  275  269  263  261  260  261  259  251  235  212  185  159  138
  124  116  113  112  111  106   99   90   79
    47.5-180.0 180.0   5.0 450.0                            LAT/LON1/LON2/DLON/H
  107   95   84   74   68   66   67   73   83   98  116  135  152  167  177  183
  185  185  183  181  181  182  185  187  189  190  192  200  215  235  259  280
  295  307  316  327  339  353  366  376  382  383  379  369  356  341  328  319
  316  314  313  309  304  297  293  290  289  286  278  264  244  218  193  171
  155  144  139  136  134  131  126  118  107
    45.0-180.0 180.0   5.0 450.0                            LAT/LON1/LON2/DLON/H
  146  133  118  104   92   84   80   82   90  105  124  145  165  181  192  198
  200  199  196  193  192  195  201  207  211  213  216  222  235  254  275  294
  308  318  328  341  358  376  392  403  407  406  398  385  370  354  342  336
  336  339  341  338  330  319  309  299  293  287  281  271  257  239  220  202
  188  178  171  167  165  164  161  155  146
    42.5-180.0 180.0   5.0 450.0                            LAT/LON1/LON2/DLON/H
  184  172  156  139  123  109  101   98  104  117  137  160  184  204  219  228
  230  228  222  217  214  218  225  234  241  243  243  247  256  272  290  306
  317  326  338  355  378  401  421  432  435  431  420  406  388  372  361  356
  358  363  364  358  345  327  307  289  274  264  258  254  250  243  234  224
  215  207  201  197  195  195  194  191  184
    40.0-180.0 180.0   5.0 450.0                            LAT/LON1/LON2/DLON/H
  212  202  188  171  153  136  124  118  120  131  150  176  205  233  254  268
  273  270  261  252  247  248  256  265  272  274  273  273  280  294  309  323
  332  341  354  375  403  432  454  466  468  461  449  434  416  399  388  383
  384  386  384  373  355  329  300  271  247  230  224  224  229  233  234  233
  230  226  221  217  215  215  217  217  212
    37.5-180.0 180.0   5.0 450.0                            LAT/LON1/LON2/DLON/H
  224  217  206  192  175  159  145  135  133  141  159  188  224  261  292  314
  323  320  309  297  288  286  290  299  304  305  303  302  309  323  339  353
  362  371  385  409  440  472  496  508  508  500  488  473  456  440  428  421
  418  416  408  392  369  339  304  268  235  211  200  202  212  222  229  233
  234  233  229  225  222  223  225  226  224
    35.0-180.0 180.0   5.0 450.0                            LAT/LON1/LON2/DLON/H
  220  216  209  199  187  173  159  148  142  145  161  192  235  283  326  357
  372  371  361  346  334  328  328  332  335  335  333  335  345  364  386  404
  416  426  440  464  495  527  549  559  557  549  539  527  513  497  483  473
  465  456  443  423  400  371  338  299  260  228  211  209  216  225  231  233
  234  233  230  225  221  220  221  222  220
    32.5-180.0 180.0   5.0 450.0                            LAT/LON1/LON2/DLON/H
  209  205  200  195  189  179  167  155  146  144  157  187  236  295  350  391
  413  416  408  395  382  372  367  366  366  365  366  375  394  423  455  481
  497  509  522  542  570  596  614  621  618  611  603  595  584  570  555  540
  526  511  493  473  455  436  411  377  335  296  269  258  256  255  251  244
  239  235  231  226  221  218  215  213  209
    30.0-180.0 180.0   5.0 450.0                            LAT/LON1/LON2/DLON/H
  200  193  189  186  184  178  170  159  147  140  147  176  228  295  361  411
  439  449  447  438  427  416  406  400  396  397  405  423  455  498  542  578
  601  614  625  639  659  678  690  692  688  682  678  675  667  654  637  618
  598  577  557  541  533  529  521  496  456  411  375  352  337  319  297  275
  259  250  244  238  232  225  217  209  200
    27.5-180.0 180.0   5.0 450.0                            LAT/LON1/LON2/DLON/H
  203  189  182  179  178  176  170  161  147  136  137  162  215  287  359  415
  450  466  472  471  466  456  443  432  428  433  450  482  528  584  640  686
  715  730  736  743  753  763  769  768  763  760  759  758  753  740  721  698
  673  649  628  616  621  636  647  637  602  554  510  476  446  411  370  330
  301  285  276  269  260  249  236  220  203
    25.0-180.0 180.0   5.0 450.0                            LAT/LON1/LON2/DLON/H
  222  200  186  179  176  174  171  164  150  135  130  150  200  273  348  407
  445  467  482  493  496  489  476  463  460  473  503  548  607  673  737  789
  823  837  840  839  840  843  844  841  837  835  836  837  833  819  797  770
  742  715  692  685  700  732  761  765  737  691  643  604  565  517  459  404
  363  340  328  319  308  293  273  248  222
    22.5-180.0 180.0   5.0 450.0                            LAT/LON1/LON2/DLON/H
  256  225  202  188  180  176  174  169  157  140  130  143  190  260  333  391
  429  456  480  501  514  512  500  490  494  518  561  619  686  755  821  875
  908  922  921  914  909  907  907  905  903  901  902  902  896  879  855  825
  795  764  738  730  749  790  831  847  827  784  741  705  667  615  550  486
  438  410  395  382  367  348  323  291  256
    20.0-180.0 180.0   5.0 450.0                            LAT/LON1/LON2/DLON/H
  297  258  227  205  190  181  178  175  166  149  136  145  186  251  319  373
  410  438  468  498  519  524  516  512  527  566  623  690  758  824  884  932
  962  973  970  960  952  951  952  954  954  952  951  947  937  917  889  857
  824  788  756  740  753  793  837  858  844  810  778  755  730  687  626  562
  513  483  464  447  427  404  375  338  297
    17.5-180.0 180.0   5.0 450.0                            LAT/LON1/LON2/DLON/H
  335  292  255  225  202  188  182  181  175  161  148  154  189  248  311  359
  392  420  453  489  515  525  524  531  560  615  685  756  819  873  921  959
  984  992  987  978  972  973  980  987  988  985  979  970  955  931  900  866
  829  787  743  712  710  737  775  795  786  762  746  745  743  720  673  618
  575  546  524  501  475  447  416  378  335
    15.0-180.0 180.0   5.0 450.0                            LAT/LON1/LON2/DLON/H
  360  317  277  243  214  193  184  184  182  172  161  166  198  252  308  352
  381  408  441  478  506  521  528  547  593  663  743  813  866  905  936  963
  981  988  983  976  974  981  994 1005 1007 1001  989  973  953  926  894  858
  817  767  708  657  631  639  663  676  670  657  661  685  711  713  687  648
  614  589  564  534  500  469  437  401  360
    12.5-180.0 180.0   5.0 450.0                            LAT/LON1/LON2/DLON/H
  367  328  290  254  220  195  183  183  185  180  172  178  208  258  311  352
  380  405  435  470  498  516  532  565  627  711  795  860  899  921  938  956
  970  976  973  968  971  983 1001 1013 1014 1003  985  964  941  913  880  843
  798  739  666  593  543  528  535  540  535  532  553  601  651  677  672  650
  628  607  580  542  501  465  435  403  367
    10.0-180.0 180.0   5.0 450.0                            LAT/LON1/LON2/DLON/H
  357  324  290  256  222  194  179  178  182  181  177  185  215  264  316  357
  386  411  439  470  496  516  542  588  663  755  838  894  919  928  936  950
  965  971  970  968  972  987 1006 1017 1015  998  974  950  926  899  868  831
  784  719  634  544  474  440  433  432  427  430  463  524  590  630  639  630
  618  602  573  529  481  442  413  386  357
     7.5-180.0 180.0   5.0 450.0                            LAT/LON1/LON2/DLON/H
  336  309  281  250  218  190  173  170  174  175  176  186  216  265  319  364
  397  424  451  478  503  527  561  618  701  793  871  914  928  930  937  955
  974  984  984  981  985  997 1013 1020 1012  990  963  937  915  892  865  830
  783  716  627  529  450  407  393  390  385  390  424  486  551  592  603  599
  593  581  553  505  452  410  382  360  336
     5.0-180.0 180.0   5.0 450.0                            LAT/LON1/LON2/DLON/H
  313  290  266  240  211  185  167  162  164  165  168  180  211  260  317  369
  409  441  468  494  519  548  589  653  738  824  889  920  925  927  943  971
  999 1014 1014 1008 1007 1013 1021 1021 1007  981  952  928  910  893  872  842
  799  736  651  558  483  443  433  431  427  429  454  501  549  574  574  566
  562  554  527  479  425  381  353  333  313
     2.5-180.0 180.0   5.0 450.0                            LAT/LON1/LON2/DLON/H
  296  274  252  229  205  181  163  155  154  154  156  169  200  250  311  369
  418  456  486  514  542  576  624  691  770  844  893  911  912  920  949  992
 1031 1050 1049 1038 1029 1026 1024 1016  997  969  941  921  909  899  885  862
  826  773  702  625  567  542  543  549  545  539  546  567  584  581  560  540
  532  527  505  460  407  363  335  315  296
