ionex_files/COD0OPSFIN_20250820000_01D_01H_GIM.INX
     1.0            IONOSPHERE MAPS     GNSS                IONEX VERSION / TYPE
ADDNEQ2 V5.5        AIUB                27-MAR-25 19:04     PGM / RUN BY / DATE 
CODE'S GLOBAL IONOSPHERE MAPS FOR DAY 082, 2025             COMMENT             
Global ionosphere maps (GIM) are generated on a daily basis DESCRIPTION         
at CODE using data from about 300 GNSS sites of the IGS and DESCRIPTION         
other institutions. The vertical total electron content     DESCRIPTION         
(VTEC) is modeled in a solar-geomagnetic reference frame    DESCRIPTION         
using a spherical harmonics expansion up to degree and      DESCRIPTION         
order 15. Piece-wise linear functions are used for          DESCRIPTION         
representation in the time domain. The time spacing of      DESCRIPTION         
their vertices is 1 hour, conforming with the epochs of the DESCRIPTION         
VTEC maps.                                                  DESCRIPTION         
To convert line-of-sight TEC into vertical TEC, a modified  DESCRIPTION         
single-layer model mapping function approximating the JPL   DESCRIPTION         
extended slab model mapping function is adopted. The        DESCRIPTION         
mapping function is evaluated at geodetic satellite         DESCRIPTION         
elevation angles. For the computation of the ionospheric    DESCRIPTION         
pierce points, a spherical layer with a radius of 6821 km   DESCRIPTION         
is assumed, implying geocentric, not geodetic IONEX         DESCRIPTION         
latitudes.                                                  DESCRIPTION         
Instrumental biases with respect to each involved GNSS code DESCRIPTION         
observable are estimated as constant values for each        DESCRIPTION         
day. They are modeled with one set of bias parameters for   DESCRIPTION         
each satellite and each station in case of GPS and for each DESCRIPTION         
satellite-station link in case of GLONASS. The code bias    DESCRIPTION         
datum is defined by zero-mean conditions imposed on the     DESCRIPTION         
satellite bias estimates. In this file, just GPS C1W-C2W    DESCRIPTION         
satellite and station bias values are included. The         DESCRIPTION         
complete set of GNSS code bias results is provided in an    DESCRIPTION         
additional Bias-SINEX file as pseudo-absolute values        DESCRIPTION         
specific to each observable.                                DESCRIPTION         
Note: These GIM results correspond to the results for the   DESCRIPTION         
middle day of a 3-day combination analysis solving for 73   DESCRIPTION         
times 256, or 18688 VTEC parameters and 3 daily sets of     DESCRIPTION         
GNSS code bias parameters.                                  DESCRIPTION         
Contact address: code(at)aiub.unibe.ch                      DESCRIPTION         
Data archive:    ftp.aiub.unibe.ch/CODE/                    DESCRIPTION         
                 www.aiub.unibe.ch/download/CODE/           DESCRIPTION         
  2025     3    23     0     0     0                        EPOCH OF FIRST MAP  
  2025     3    24     0     0     0                        EPOCH OF LAST MAP   
  3600                                                      INTERVAL            
[...]
azgb badg bake bako barh bjfs bndy boav bogo bogt bor1 braz COMMENT             
brft brst brux cags cas1 ccj2 cedu chpg chti ckis coco cord COMMENT             
cpvg cpxf cro1 daej darw dav1 dgar dhlg drao dubo faa1 fair COMMENT             
flin flrs frdn ganp glps glsv gode gol2 gold gope gras graz COMMENT             
guam guug harb hers hert hlfx hnpt hob2 hofn holb hrao iddr COMMENT             
ieng iisc impz ineg invk iqal irkj jog2 joz2 karr kerg kir0 COMMENT             
kiri kiru kit3 kokb kokv koug kour krgg lama laut lmmf lpal COMMENT             
lpgs mac1 madr mal2 mana mas1 mat1 mate maui maw1 mcil mcm4 COMMENT             
mdo1 medi mgue mizu mkea mnls mobs morp mqzg mro1 mtka nano COMMENT             
naur nico nist nium nklg nlib nnor nrc1 ntus nya1 nyal onsa COMMENT             
opmt ous2 pado parc park pdel penc pert pie1 pimo pohn pol2 COMMENT             
polv pots pove ptag ptbb ptvl qaq1 quin rabt ramo reun reyk COMMENT             
rgdg rio2 roth salu samo sant savo sch2 scor scrz sctb scub COMMENT             
seyg sfer sofi spt0 ssia sthl stjo stk2 str2 suth sutm suwn COMMENT             
sydn syog tash thtg thti thu2 tid1 tidb tlse tn22 tong tow2 COMMENT             
tro1 tskb twtf txes uclu ufpr ulab unb3 unbj unsa urum usn7 COMMENT             
usud vald vill vtsp wab1 wab2 wark wgtn whit will wind wsrt COMMENT             
wtza wtzr wtzs wtzz wuhn xmis yar2 yar3 yarr yell ykro zeck COMMENT             
zim2 zim3 zimm                                              COMMENT             
                                                            END OF HEADER       
[from data line 429]
     2                                                      START OF TEC MAP    
  2025     3    23     1     0     0                        EPOCH OF CURRENT MAP
    87.5-180.0 180.0   5.0 450.0                            LAT/LON1/LON2/DLON/H
  222  223  225  226  227  228  229  230  231  232  232  233  233  233  233  233
  232  231  230  228  226  224  222  219  216  214  211  208  205  202  199  196
  194  192  189  187  186  184  183  182  182  181  181  181  182  182  183  184
  185  187  188  190  191  193  195  196  198  200  202  203  205  207  208  210
  211  213  214  215  217  218  219  221  222
    85.0-180.0 180.0   5.0 450.0                            LAT/LON1/LON2/DLON/H
  217  219  221  223  225  228  230  233  236  239  242  244  247  249  250  250
  250  249  247  245  241  237  232  226  220  213  206  199  192  186  179  173
  167  163  158  154  151  149  147  146  145  145  146  147  149  151  153  156
  159  162  165  169  172  175  179  182  185  188  191  193  196  198  200  202
  204  206  207  209  211  212  214  215  217
    82.5-180.0 180.0   5.0 450.0                            LAT/LON1/LON2/DLON/H
  203  205  206  208  211  214  218  223  228  234  240  246  251  256  260  264
  265  266  264  262  257  250  242  233  223  212  200  189  178  167  157  148
  140  134  128  123  120  117  115  114  114  114  116  117  120  123  127  131
  135  140  145  150  155  160  164  169  172  176  179  182  185  187  190  192
  194  195  197  198  199  201  201  202  203
    80.0-180.0 180.0   5.0 450.0                            LAT/LON1/LON2/DLON/H
  194  193  193  193  195  197  201  206  213  221  229  238  247  256  264  270
  275  278  279  277  272  264  254  242  228  213  197  181  166  152  140  130
  121  114  109  105  102  100   98   98   97   97   98  100  103  106  110  115
  120  126  131  137  143  148  153  157  160  164  167  169  172  175  177  180
  183  186  189  191  193  194  194  194  194
    77.5-180.0 180.0   5.0 450.0                            LAT/LON1/LON2/DLON/H
  199  196  193  189  187  187  189  193  199  207  217  227  238  249  259  269
  277  283  287  288  285  279  268  254  238  219  199  180  162  146  133  123
  115  110  107  105  104  103  102  100   99   98   98   98   99  101  104  109
  114  120  125  131  136  141  144  147  150  152  154  156  158  161  165  170
  176  181  187  193  197  200  201  201  199
    75.0-180.0 180.0   5.0 450.0                            LAT/LON1/LON2/DLON/H
  224  219  211  203  196  191  189  190  194  200  208  218  227  237  248  258
  269  279  288  294  296  293  284  271  252  231  208  185  165  148  136  127
  122  121  121  122  123  123  122  120  117  114  111  109  108  108  110  113
  117  122  127  132  136  138  140  141  141  142  142  143  145  149  155  162
  172  183  194  205  215  222  226  227  224
    72.5-180.0 180.0   5.0 450.0                            LAT/LON1/LON2/DLON/H
  267  259  248  235  221  211  204  201  201  204  209  214  219  224  231  240
  251  264  279  292  302  305  301  290  271  248  222  197  175  158  146  140
  138  140  143  147  150  151  150  147  143  137  131  127  123  122  122  124
  127  131  135  138  140  140  140  138  136  134  133  133  135  140  147  158
  172  188  207  225  242  256  265  269  267
    70.0-180.0 180.0   5.0 450.0                            LAT/LON1/LON2/DLON/H
  316  308  294  275  256  240  229  222  220  220  220  219  216  213  212  215
  224  240  261  283  302  315  317  309  291  265  237  210  186  168  158  153
  154  158  164  169  173  174  173  170  164  157  150  144  139  137  136  137
  140  142  145  146  146  144  142  138  135  131  129  129  131  136  145  158
  175  196  220  245  270  292  308  316  316
    67.5-180.0 180.0   5.0 450.0                            LAT/LON1/LON2/DLON/H
  358  351  335  313  290  269  255  247  244  243  240  232  220  206  193  188
  193  210  236  267  296  318  327  322  304  277  247  218  193  176  166  163
  164  168  173  178  181  182  181  178  172  166  159  153  149  147  146  148
  149  151  152  152  150  147  143  139  136  133  132  132  135  141  151  164
  181  203  229  259  289  317  340  354  358
    65.0-180.0 180.0   5.0 450.0                            LAT/LON1/LON2/DLON/H
  380  376  360  337  311  288  272  266  265  265  262  250  230  204  180  165
  164  179  208  246  283  311  325  322  305  277  245  216  193  177  168  165
  164  165  167  168  169  169  169  167  164  160  156  152  150  149  149  151
  152  153  153  152  149  146  143  140  138  138  140  144  149  156  165  176
  191  210  233  261  292  323  351  371  380
    62.5-180.0 180.0   5.0 450.0                            LAT/LON1/LON2/DLON/H
  375  376  364  341  313  290  275  271  275  281  280  268  243  210  175  150
  141  153  182  222  262  293  308  306  287  259  229  203  183  171  164  160
  156  151  147  143  140  139  140  141  141  141  140  140  140  141  142  144
  145  146  146  144  142  140  139  139  141  146  153  161  171  180  189  198
  207  218  233  254  279  308  337  361  375
    60.0-180.0 180.0   5.0 450.0                            LAT/LON1/LON2/DLON/H
  349  355  347  327  300  276  262  261  271  284  290  282  257  220  179  147
  131  136  160  196  234  262  275  270  252  226  200  180  167  161  157  152
  143  132  120  110  104  102  104  108  112  115  118  121  123  124  126  128
  129  130  130  130  130  130  133  137  144  154  167  182  198  212  222  228
  231  232  235  243  258  279  305  330  349
    57.5-180.0 180.0   5.0 450.0                            LAT/LON1/LON2/DLON/H
  311  323  322  306  281  257  242  243  257  276  290  289  269  234  193  156
  134  131  146  172  200  221  228  221  203  182  163  152  149  151  151  145
  132  115   96   81   72   70   73   79   86   92   96  100  102  104  105  106
  107  108  110  112  115  120  127  136  148  163  182  204  226  246  261  267
  265  257  247  239  239  248  266  289  311
    55.0-180.0 180.0   5.0 450.0                            LAT/LON1/LON2/DLON/H
  277  296  302  292  269  244  227  226  241  264  283  290  278  250  213  178
  152  140  141  153  166  176  177  168  154  138  129  128  135  143  147  142
  126  104   82   65   55   54   58   64   71   76   81   83   84   84   84   84
   84   86   90   95  104  114  126  140  155  174  196  223  253  280  301  310
  308  294  274  252  235  229  236  254  277
    52.5-180.0 180.0   5.0 450.0                            LAT/LON1/LON2/DLON/H
  262  285  299  296  277  251  230  224  234  255  276  288  284  266  238  207
  180  159  146  140  139  138  134  126  117  109  107  113  126  140  146  141
  124  102   80   64   58   58   62   67   71   74   75   75   73   71   68   66
   66   69   76   86  100  117  134  151  168  188  211  241  276  310  338  354
  356  342  317  286  257  236  230  241  262
    50.0-180.0 180.0   5.0 450.0                            LAT/LON1/LON2/DLON/H
  273  299  319  323  309  283  258  245  246  260  277  289  291  282  265  241
  215  187  161  140  125  117  112  109  105  103  104  112  125  137  143  138
  123  104   87   78   77   80   84   86   86   84   81   78   73   67   61   58
   58   62   72   87  108  131  154  174  191  209  231  260  297  336  371  395
  403  395  373  341  305  273  255  256  273
    47.5-180.0 180.0   5.0 450.0                            LAT/LON1/LON2/DLON/H
  310  335  360  370  361  337  309  289  281  284  291  298  301  300  292  277
  253  221  186  155  133  123  123  126  127  126  123  124  128  134  136  131
  119  106   98   98  104  111  115  114  109  103   97   90   83   75   67   62
   61   67   79  100  126  157  185  209  226  241  259  285  320  361  400  429
  446  448  436  411  375  338  310  299  310
    45.0-180.0 180.0   5.0 450.0                            LAT/LON1/LON2/DLON/H
  367  387  412  426  422  401  374  351  335  326  322  319  319  321  320  312
  292  260  222  188  166  161  168  178  181  174  160  145  134  128  124  118
  110  105  107  117  131  142  145  142  134  126  119  112  103   94   84   78
   77   83   97  121  153  190  226  254  273  285  299  320  351  388  426  457
  481  495  498  486  459  422  386  365  367
    42.5-180.0 180.0   5.0 450.0                            LAT/LON1/LON2/DLON/H
  432  444  465  479  477  460  438  416  398  381  365  352  346  346  349  346
  331  302  268  238  224  227  242  256  255  237  205  171  142  124  113  106
  102  103  112  129  148  162  167  164  157  149  144  138  130  120  109  102
  100  105  120  146  183  228  271  306  329  342  353  369  393  423  454  482
  509  533  553  560  547  515  474  442  432
    40.0-180.0 180.0   5.0 450.0                            LAT/LON1/LON2/DLON/H
  500  499  511  519  515  502  486  471  456  437  414  392  379  376  379  379
  368  346  321  302  298  311  331  343  334  301  252  199  157  129  115  107
  104  106  117  135  155  171  178  178  175  172  170  167  159  148  137  129
  125  129  143  170  211  262  315  359  389  406  418  431  448  468  488  509
  534  567  602  629  633  609  566  523  500
    37.5-180.0 180.0   5.0 450.0                            LAT/LON1/LON2/DLON/H
  569  554  551  547  536  522  512  507  500  485  461  435  417  410  411  411
  404  390  376  370  377  396  414  419  400  354  292  231  184  156  143  135
  130  126  129  140  156  171  182  187  191  194  196  194  186  174  162  152
  148  150  163  189  233  290  352  406  447  472  488  500  512  522  531  542
  564  602  651  696  716  701  656  606  569
    35.0-180.0 180.0   5.0 450.0                            LAT/LON1/LON2/DLON/H
  644  614  595  574  549  527  519  523  527  520  499  474  454  445  443  441
  436  429  426  431  445  462  474  468  439  388  326  271  233  215  208  201
  189  173  160  155  160  172  185  198  209  217  220  217  207  193  180  169
  164  164  175  201  246  309  378  443  495  532  556  571  579  582  582  586
  606  648  708  768  801  793  749  691  644
    32.5-180.0 180.0   5.0 450.0                            LAT/LON1/LON2/DLON/H
  732  692  657  616  571  536  524  532  543  544  529  507  489  478  473  468
  463  460  464  474  487  497  497  482  450  406  360  326  311  311  314  307
  284  249  213  186  176  181  197  215  231  241  241  233  219  202  187  177
  171  170  180  206  252  317  392  466  529  578  612  633  642  642  638  641
  662  710  779  851  894  892  848  787  732
    30.0-180.0 180.0   5.0 450.0                            LAT/LON1/LON2/DLON/H
  841  796  749  690  623  570  546  550  563  566  555  537  521  509  500  490
  482  479  483  492  497  496  484  465  441  418  403  402  416  438  451  443
  406  349  287  236  209  206  222  243  260  266  258  242  222  202  186  176
  170  170  180  205  252  318  395  474  545  605  650  679  692  695  695  704
  733  789  868  947  998 1000  958  897  841
    27.5-180.0 180.0   5.0 450.0                            LAT/LON1/LON2/DLON/H
  969  927  877  805  719  646  605  597  602  601  588  570  553  539  525  509
  495  487  485  484  478  464  447  433  430  440  463  498  540  579  598  584
  534  457  372  301  258  248  260  281  293  289  270  243  216  194  179  170
  165  165  176  202  249  313  389  469  546  615  670  707  727  737  748  770
  812  881  968 1054 1109 1114 1076 1019  969
    25.0-180.0 180.0   5.0 450.0                            LAT/LON1/LON2/DLON/H
 1108 1078 1033  957  859  769  711  686  675  661  639  614  591  571  550  526
  504  487  474  459  440  419  406  410  437  483  541  604  662  707  724  703
  642  552  454  370  317  300  308  322  325  307  274  237  206  184  170  162
  158  159  171  198  244  306  378  456  535  610  673  718  746  767  792  832
  892  973 1068 1158 1215 1224 1192 1146 1108
    22.5-180.0 180.0   5.0 450.0                            LAT/LON1/LON2/DLON/H
 1240 1227 1196 1127 1029  931  859  816  786  753  714  676  642  611  580  548
  518  490  463  434  405  385  386  416  476  552  632  702  758  793  800  771
  706  615  516  431  375  353  354  360  350  318  272  227  195  175  164  156
  151  153  166  195  240  299  367  441  519  598  667  719  755  787  828  887
  963 1053 1152 1243 1303 1317 1294 1261 1240
    20.0-180.0 180.0   5.0 450.0                            LAT/LON1/LON2/DLON/H
 1345 1352 1341 1288 1201 1107 1030  974  925  871  814  759  709  664  621  581
  544  508  468  428  395  383  405  465  550  641  718  773  804  816  807  773
  713  634  548  473  422  398  392  386  363  319  264  216  186  170  161  153
  146  147  160  190  236  294  358  429  507  588  661  718  761  803  858  931
 1016 1110 1206 1294 1356 1376 1365 1347 1345
    17.5-180.0 180.0   5.0 450.0                            LAT/LON1/LON2/DLON/H
 1406 1432 1441 1411 1345 1266 1195 1134 1072 1003  930  858  791  730  676  631
  591  550  503  456  424  427  472  552  648  730  780  795  787  768  743  710
  665  610  549  493  451  427  414  398  364  311  253  207  181  170  162  152
  142  140  153  184  232  291  356  426  504  587  663  723  771  820  885  965
 1050 1137 1223 1304 1366 1394 1394 1391 1406
    15.0-180.0 180.0   5.0 450.0                            LAT/LON1/LON2/DLON/H
 1418 1457 1484 1476 1436 1381 1325 1267 1202 1126 1045  963  882  807  745  698
  661  622  573  525  500  516  576  663  746  795  797  759  706  660  628  606
  584  558  527  494  463  439  419  393  352  297  241  201  181  173  165  151
  137  132  143  176  228  292  361  436  516  599  676  738  790  844  913  992
 1068 1138 1206 1276 1336 1371 1383 1392 1418
    12.5-180.0 180.0   5.0 450.0                            LAT/LON1/LON2/DLON/H
 1388 1432 1469 1480 1465 1436 1400 1353 1291 1218 1139 1057  971  888  823  780
  751  719  675  632  614  637  697  769  817  815  758  669  582  523  497  495
  500  502  498  483  461  435  408  375  333  281  232  198  182  175  164  148
  130  122  132  167  224  297  377  458  542  626  701  763  817  875  944 1016
 1076 1122 1168 1222 1279 1320 1341 1358 1388
    10.0-180.0 180.0   5.0 450.0                            LAT/LON1/LON2/DLON/H
 1337 1377 1414 1435 1439 1433 1416 1381 1329 1266 1199 1127 1045  964  900  865
  848  828  794  758  743  762  805  841  839  778  669  545  446  396  393  416
  444  467  477  472  452  421  386  350  309  264  223  195  181  172  159  139
  120  111  122  159  223  307  400  492  579  661  733  793  848  908  976 1040
 1082 1105 1127 1166 1218 1262 1289 1308 1337
     7.5-180.0 180.0   5.0 450.0                            LAT/LON1/LON2/DLON/H
 1290 1319 1348 1369 1383 1392 1387 1360 1315 1266 1218 1164 1096 1023  966  940
  936  928  905  876  860  863  873  859  800  689  549  419  338  320  350  398
  440  467  476  468  440  401  358  320  285  249  216  190  174  162  146  127
  109  101  113  153  225  322  429  531  621  699  765  821  876  938 1007 1065
 1094 1099 1104 1129 1175 1219 1248 1267 1290
     5.0-180.0 180.0   5.0 450.0                            LAT/LON1/LON2/DLON/H
 1268 1284 1299 1313 1327 1340 1338 1312 1270 1230 1200 1168 1119 1059 1012  994
  997  999  984  959  937  917  883  817  709  570  429  326  289  319  385  450
  490  503  495  470  429  378  329  290  261  234  206  181  161  144  128  112
   99   95  109  152  230  338  457  567  659  731  789  841  895  960 1031 1088
 1114 1113 1110 1128 1167 1208 1236 1253 1268
     2.5-180.0 180.0   5.0 450.0                            LAT/LON1/LON2/DLON/H
 1282 1287 1288 1290 1298 1307 1300 1267 1219 1181 1163 1149 1120 1073 1033 1017
 1021 1023 1012  988  957  911  838  729  593  454  344  295  318  397  491  558
  578  561  523  473  414  352  297  260  237  217  193  166  141  122  108   98
   92   93  109  153  236  352  479  594  684  749  800  847  901  969 1044 1107
 1140 1146 1147 1164 1199 1235 1260 1274 1282
