ionex_files/COD0OPSFIN_20250890000_01D_01H_GIM.INX
     1.0            IONOSPHERE MAPS     GNSS                IONEX VERSION / TYPE
ADDNEQ2 V5.5        AIUB                03-APR-25 19:00     PGM / RUN BY / DATE 
CODE'S GLOBAL IONOSPHERE MAPS FOR DAY 089, 2025             COMMENT             
Global ionosphere maps (GIM) are generated on a daily basis DESCRIPTION         
at CODE using data from about 300 GNSS sites of the IGS and DESCRIPTION         
other institutions. The vertical total electron content     DESCRIPTION         
(VTEC) is modeled in a solar-geomagnetic reference frame    DESCRIPTION         
using a spherical harmonics expansion up to degree and      DESCRIPTION         
order 15. Piece-wise linear functions are used for          DESCRIPTION         
representation in the time domain. The time spacing of      DESCRIPTION         
their vertices is 1 hour, conforming with the epochs of the DESCRIPTION         
VTEC maps.                                                  DESCRIPTION         
To convert line-of-sight TEC into vertical TEC, a modified  DESCRIPTION         
single-layer model mapping function approximating the JPL   DESCRIPTION         
extended slab model mapping function is adopted. The        DESCRIPTION         
mapping function is evaluated at geodetic satellite         DESCRIPTION         
elevation angles. For the computation of the ionospheric    DESCRIPTION         
pierce points, a spherical layer with a radius of 6821 km   DESCRIPTION         
is assumed, implying geocentric, not geodetic IONEX         DESCRIPTION         
latitudes.                                                  DESCRIPTION         
Instrumental biases with respect to each involved GNSS code DESCRIPTION         
observable are estimated as constant values for each        DESCRIPTION         
day. They are modeled with one set of bias parameters for   DESCRIPTION         
each satellite and each station in case of GPS and for each DESCRIPTION         
satellite-station link in case of GLONASS. The code bias    DESCRIPTION         
datum is defined by zero-mean conditions imposed on the     DESCRIPTION         
satellite bias estimates. In this file, just GPS C1W-C2W    DESCRIPTION         
satellite and station bias values are included. The         DESCRIPTION         
complete set of GNSS code bias results is provided in an    DESCRIPTION         
additional Bias-SINEX file as pseudo-absolute values        DESCRIPTION         
specific to each observable.                                DESCRIPTION         
Note: These GIM results correspond to the results for the   DESCRIPTION         
middle day of a 3-day combination analysis solving for 73   DESCRIPTION         
times 256, or 18688 VTEC parameters and 3 daily sets of     DESCRIPTION         
GNSS code bias parameters.                                  DESCRIPTION         
Contact address: code(at)aiub.unibe.ch                      DESCRIPTION         
Data archive:    ftp.aiub.unibe.ch/CODE/                    DESCRIPTION         
                 www.aiub.unibe.ch/download/CODE/           DESCRIPTION         
  2025     3    30     0     0     0                        EPOCH OF FIRST MAP  
  2025     3    31     0     0     0                        EPOCH OF LAST MAP   
  3600                                                      INTERVAL            
[...]
azgb badg bake barh bjfs bndy boav bogo bogt bor1 braz brft COMMENT             
brst brux cags cas1 ccj2 cedu chpg chti chur ckis coco cord COMMENT             
cpvg cpxf cro1 daej darw dav1 dgar dhlg drao dubo ebre faa1 COMMENT             
fair flin flrs frdn func glps glsv gode gol2 gold gope gras COMMENT             
graz guam guug harb hers hert hlfx hnpt hob2 hofn holb hrao COMMENT             
iddr ieng iisc impz ineg invk iqal irkj jog2 joz2 karr kerg COMMENT             
kir0 kiri kiru kit3 kokb kokv koug kour krgg lama laut lmmf COMMENT             
lpal lpgs mac1 madr mal2 mana mas1 mat1 mate maui maw1 mcil COMMENT             
mcm4 mdo1 medi mgue mizu mkea mnls mobs morp mqzg mro1 mtka COMMENT             
nano naur nico nist nium nklg nlib nnor not1 nrc1 ntus nya1 COMMENT             
nyal onsa opmt ous2 pado parc park pdel penc pert pie1 pimo COMMENT             
pohn pol2 polv pots pove ptag ptbb ptvl qaq1 quin ramo reun COMMENT             
reyk rgdg rio2 roth salu samo sant savo sch2 scor scrz sctb COMMENT             
scub seyg sfer spt0 ssia sthl stjo stk2 str2 suth sutm suwn COMMENT             
sydn syog tash thtg thti thu2 tid1 tidb tlse tn22 tong tow2 COMMENT             
tro1 tskb twtf txes uclu ufpr ulab unb3 unbj unsa urum usn7 COMMENT             
usud vald vill vtsp wab1 wab2 whit will wind wsrt wtza wtzr COMMENT             
wtzs wtzz wuhn xmis yar2 yar3 yarr yell ykro zeck zim2 zim3 COMMENT             
zimm                                                        COMMENT             
                                                            END OF HEADER       
[from data line 6006]
    15                                                      START OF TEC MAP    
  2025     3    30    14     0     0                        EPOCH OF CURRENT MAP
    87.5-180.0 180.0   5.0 450.0                            LAT/LON1/LON2/DLON/H
  233  235  237  239  242  244  247  250  252  255  258  260  262  264  266  268
  270  271  272  273  273  274  274  274  274  273  273  272  271  270  268  267
  266  264  262  261  259  257  255  254  252  250  248  247  245  244  242  241
  239  238  237  235  234  233  232  231  230  229  228  227  226  226  225  225
  225  225  226  226  227  228  229  231  233
    85.0-180.0 180.0   5.0 450.0                            LAT/LON1/LON2/DLON/H
  206  210  215  220  225  231  237  243  249  255  260  266  270  275  278  282
  284  287  288  290  290  291  291  291  290  289  288  287  285  283  281  278
  276  273  270  267  264  261  258  255  252  250  247  245  243  241  240  238
  237  235  234  232  231  229  227  225  222  220  217  215  212  209  206  204
  202  200  199  199  199  200  201  203  206
    82.5-180.0 180.0   5.0 450.0                            LAT/LON1/LON2/DLON/H
  174  178  184  192  200  209  219  228  238  247  255  263  270  276  281  285
  288  290  292  293  294  294  295  295  295  294  294  293  292  291  289  287
  285  282  278  275  271  267  263  260  256  253  251  249  248  247  247  246
  246  246  246  245  244  242  240  237  233  229  224  218  212  206  200  193
  187  182  177  173  170  169  169  171  174
    80.0-180.0 180.0   5.0 450.0                            LAT/LON1/LON2/DLON/H
  141  146  152  161  171  182  195  208  220  232  243  252  260  267  272  275
  278  280  281  282  283  284  285  287  289  290  292  294  295  296  297  297
  295  293  291  287  283  279  275  271  267  264  262  262  262  263  264  266
  269  271  272  273  273  272  269  266  261  254  247  239  229  219  209  198
  187  176  166  157  150  144  141  140  141
    77.5-180.0 180.0   5.0 450.0                            LAT/LON1/LON2/DLON/H
  117  119  124  132  143  156  170  185  199  213  225  235  243  249  253  255
  257  258  259  260  262  265  268  272  276  281  286  291  296  301  304  307
  309  309  308  305  302  297  293  288  285  282  281  281  283  286  291  295
  300  304  308  310  310  310  307  302  297  289  280  270  258  245  231  217
  201  186  170  156  143  132  124  119  117
    75.0-180.0 180.0   5.0 450.0                            LAT/LON1/LON2/DLON/H
  106  104  106  113  123  135  149  164  178  192  204  213  221  226  229  230
  231  231  233  235  239  244  250  257  264  272  280  288  296  304  311  317
  322  325  326  325  323  319  314  310  306  304  304  305  309  314  320  327
  333  339  343  345  346  344  341  335  329  321  311  301  289  276  261  245
  228  209  190  170  152  136  122  112  106
    72.5-180.0 180.0   5.0 450.0                            LAT/LON1/LON2/DLON/H
  109  103  102  105  112  122  134  147  160  173  184  192  199  202  204  205
  206  207  209  214  221  229  238  248  257  267  277  286  295  305  314  323
  331  337  341  343  342  339  335  331  327  325  326  328  333  339  347  354
  360  366  369  370  368  365  359  353  345  337  329  320  311  300  288  274
  257  238  218  196  174  153  134  119  109
    70.0-180.0 180.0   5.0 450.0                            LAT/LON1/LON2/DLON/H
  122  113  108  108  111  118  126  136  146  157  166  174  179  183  184  185
  186  189  195  203  213  225  237  249  259  268  276  284  292  301  311  321
  332  341  349  353  354  353  350  347  344  343  344  347  352  358  364  370
  375  377  378  375  371  364  356  348  340  332  326  320  314  309  301  292
  279  264  244  223  199  176  155  136  122
    67.5-180.0 180.0   5.0 450.0                            LAT/LON1/LON2/DLON/H
  139  128  121  118  117  119  123  128  135  143  151  159  164  168  170  172
  176  181  190  203  217  233  247  259  268  274  277  280  285  291  300  312
  325  337  347  355  359  359  358  356  354  354  355  358  362  367  371  373
  374  372  368  361  353  343  332  322  313  306  301  298  297  296  294  291
  285  274  259  240  219  196  174  154  139
    65.0-180.0 180.0   5.0 450.0                            LAT/LON1/LON2/DLON/H
  150  140  133  128  125  123  122  122  125  131  139  147  154  159  163  167
  173  181  194  211  230  248  264  275  281  282  279  276  275  278  286  298
  312  327  341  351  357  359  360  359  359  360  361  364  366  367  367  364
  360  353  344  333  321  308  295  283  273  265  261  260  261  264  267  269
  268  264  254  240  223  203  183  165  150
    62.5-180.0 180.0   5.0 450.0                            LAT/LON1/LON2/DLON/H
  150  143  139  135  130  125  119  116  115  120  127  137  146  154  160  166
  174  186  203  223  244  265  281  290  293  289  281  273  267  267  274  286
  302  319  334  346  353  357  359  360  361  363  365  366  365  363  357  349
  339  327  315  301  286  271  257  243  232  224  219  216  217  220  224  229
  232  233  229  220  207  192  176  161  150
    60.0-180.0 180.0   5.0 450.0                            LAT/LON1/LON2/DLON/H
  138  135  135  134  131  123  115  107  105  108  117  129  141  151  159  167
  178  192  211  233  256  277  293  301  301  294  283  272  265  264  271  285
  303  320  336  347  354  358  361  363  365  368  370  369  366  358  348  334
  320  305  290  275  260  245  230  216  204  194  186  180  177  177  178  181
  185  188  188  185  177  166  154  144  138
    57.5-180.0 180.0   5.0 450.0                            LAT/LON1/LON2/DLON/H
  117  120  125  128  127  119  109   99   94   98  108  122  136  148  158  168
  181  197  217  240  263  283  297  305  305  298  288  278  273  275  284  300
  318  336  350  359  364  367  369  371  374  378  379  377  371  360  345  328
  311  295  280  266  251  237  223  209  196  184  172  162  153  145  141  139
  140  142  144  144  139  132  124  119  117
    55.0-180.0 180.0   5.0 450.0                            LAT/LON1/LON2/DLON/H
   96  103  112  120  122  116  104   93   87   91  103  118  133  146  157  169
  183  200  221  243  264  282  295  304  306  304  299  294  294  300  313  330
  349  365  376  382  384  385  385  387  390  393  394  391  382  369  351  333
  315  300  286  274  262  248  234  220  207  193  179  164  149  134  122  113
  109  108  109  110  108  103   98   94   96
    52.5-180.0 180.0   5.0 450.0                            LAT/LON1/LON2/DLON/H
   83   92  105  116  121  116  104   92   86   90  102  118  133  145  156  169
  184  204  225  245  263  278  291  302  309  314  316  319  325  337  353  372
  389  402  410  412  411  410  409  411  413  414  414  409  399  385  367  349
  333  320  308  297  285  272  258  243  229  215  200  183  164  144  125  110
  100   94   93   92   91   88   83   80   83
    50.0-180.0 180.0   5.0 450.0                            LAT/LON1/LON2/DLON/H
   84   92  106  120  126  123  111   99   93   97  109  123  136  147  157  170
  188  210  231  249  264  277  291  305  318  330  340  350  362  378  396  414
  429  439  443  444  442  440  440  439  439  438  435  429  419  406  390  374
  360  348  338  327  314  298  282  266  252  239  226  210  191  170  149  129
  114  104   98   96   95   91   86   82   84
    47.5-180.0 180.0   5.0 450.0                            LAT/LON1/LON2/DLON/H
  100  106  118  131  139  136  125  113  107  111  122  134  144  151  161  176
  197  220  242  259  272  284  298  316  335  353  368  382  397  413  431  447
  460  468  471  473  474  475  475  473  470  464  457  449  439  427  414  401
  389  378  367  354  337  317  297  279  265  253  243  232  218  201  182  163
  145  132  123  118  115  112  107  102  100
    45.0-180.0 180.0   5.0 450.0                            LAT/LON1/LON2/DLON/H
  128  130  138  149  156  153  142  131  126  130  139  149  156  161  170  187
  211  237  260  276  287  299  315  335  358  379  396  409  422  436  451  465
  476  485  492  499  508  514  517  514  505  493  480  468  458  448  437  426
  415  403  389  371  349  324  299  278  263  253  247  241  235  226  214  200
  183  168  155  148  145  142  138  132  128
    42.5-180.0 180.0   5.0 450.0                            LAT/LON1/LON2/DLON/H
  159  156  160  167  172  168  159  148  145  150  159  167  171  175  185  204
  231  259  283  299  310  322  339  362  385  405  418  427  435  446  458  470
  482  495  510  529  549  565  571  566  550  528  507  490  477  468  458  447
  435  421  403  380  352  321  292  268  251  241  237  236  237  238  236  228
  216  199  184  175  172  172  170  165  159
    40.0-180.0 180.0   5.0 450.0                            LAT/LON1/LON2/DLON/H
  184  177  176  179  181  177  168  160  159  166  176  184  188  193  205  226
  255  284  308  325  337  350  369  391  412  426  433  436  440  447  458  472
  488  509  538  572  607  633  643  634  609  576  544  520  503  491  480  468
  452  434  412  385  354  321  289  262  242  228  222  222  227  235  241  242
  234  218  201  190  187  190  194  191  184
    37.5-180.0 180.0   5.0 450.0                            LAT/LON1/LON2/DLON/H
  197  188  182  180  180  176  168  163  165  175  188  198  205  214  229  252
  281  310  334  351  364  379  398  417  433  440  441  440  444  453  467  486
  509  543  587  639  689  724  737  723  687  641  597  563  541  524  509  492
  473  451  426  398  367  335  303  275  249  229  215  211  214  224  235  240
  236  221  203  190  187  194  203  204  197
    35.0-180.0 180.0   5.0 450.0                            LAT/LON1/LON2/DLON/H
  197  185  174  170  168  164  158  156  161  175  192  207  220  234  254  280
  308  335  357  375  391  407  424  439  448  450  448  450  460  477  500  526
  560  607  667  735  797  840  852  831  784  725  669  625  594  571  549  527
  503  479  454  427  400  373  345  316  284  254  230  216  212  216  225  230
  227  213  193  179  176  186  198  203  197
    32.5-180.0 180.0   5.0 450.0                            LAT/LON1/LON2/DLON/H
  186  171  157  150  146  143  140  140  149  167  188  209  229  252  278  305
  332  356  377  397  415  431  444  454  458  459  462  474  498  531  566  603
  647  704  777  856  927  972  980  952  894  825  758  705  665  633  604  576
  548  523  500  478  459  439  417  387  350  309  273  247  231  225  225  224
  218  203  183  167  163  173  187  193  186
    30.0-180.0 180.0   5.0 450.0                            LAT/LON1/LON2/DLON/H
  171  153  136  126  122  120  119  122  133  153  177  204  233  265  298  327
  352  374  395  418  438  452  461  465  468  473  489  520  566  617  666  713
  763  827  906  990 1061 1103 1105 1069 1005  928  855  795  747  708  671  638
  608  584  564  547  535  524  508  479  436  387  342  306  280  261  246  235
  222  205  184  165  159  166  177  181  171
    27.5-180.0 180.0   5.0 450.0                            LAT/LON1/LON2/DLON/H
  160  137  117  106  102  101  102  106  118  138  164  195  231  272  311  343
  367  388  412  438  460  473  477  477  482  500  535  590  659  729  790  841
  892  956 1034 1114 1179 1212 1207 1166 1100 1022  948  884  832  786  744  707
  677  654  636  623  615  611  599  570  525  473  426  388  357  326  296  270
  249  228  205  184  173  173  178  176  160
    25.0-180.0 180.0   5.0 450.0                            LAT/LON1/LON2/DLON/H
  159  130  106   94   91   92   93   97  108  126  151  183  225  272  318  352
  377  400  428  459  483  493  493  493  507  541  600  679  767  850  915  964
 1010 1067 1136 1205 1257 1278 1266 1224 1161 1090 1021  959  905  855  811  774
  745  722  702  687  680  677  668  640  595  546  508  480  454  418  375  334
  301  275  250  226  208  199  193  182  159
    22.5-180.0 180.0   5.0 450.0                            LAT/LON1/LON2/DLON/H
  167  133  107   94   92   93   94   98  106  120  141  171  215  267  317  355
  383  410  444  480  506  514  512  516  543  597  678  774  873  958 1019 1059
 1094 1137 1192 1244 1279 1287 1270 1232 1180 1121 1062 1007  956  907  863  827
  800  775  749  726  712  706  697  670  629  591  571  566  557  525  474  419
  375  343  315  286  260  239  221  199  167
    20.0-180.0 180.0   5.0 450.0                            LAT/LON1/LON2/DLON/H
  184  146  118  106  104  105  105  107  112  121  136  162  204  258  311  353
  385  418  459  500  526  533  532  546  589  663  759  862  957 1032 1080 1106
 1126 1155 1192 1225 1242 1239 1219 1189 1152 1111 1067 1023  978  932  892  859
  833  803  766  728  703  691  680  655  622  600  607  634  651  632  579  514
  459  420  388  354  318  286  256  223  184
    17.5-180.0 180.0   5.0 450.0                            LAT/LON1/LON2/DLON/H
  205  165  137  124  122  123  122  121  123  127  136  157  195  248  302  348
  386  425  472  516  542  549  553  579  641  731  832  928 1006 1060 1089 1100
 1107 1122 1143 1158 1159 1146 1128 1109 1089 1067 1040 1008  972  932  897  869
  842  805  752  697  657  638  626  605  581  578  614  676  723  723  674  604
  541  495  456  415  370  328  289  248  205
    15.0-180.0 180.0   5.0 450.0                            LAT/LON1/LON2/DLON/H
  224  184  157  145  142  141  138  136  135  137  141  156  189  239  295  344
  387  432  481  526  551  560  572  614  692  791  887  963 1014 1042 1051 1050
 1049 1056 1064 1064 1052 1034 1019 1013 1010 1004  993  973  945  913  884  860
  832  785  717  643  590  567  557  542  528  542  602  693  769  787  746  675
  606  553  507  458  406  356  311  267  224
    12.5-180.0 180.0   5.0 450.0                            LAT/LON1/LON2/DLON/H
  237  201  176  164  159  155  150  147  146  146  148  159  188  235  291  343
  391  439  488  530  554  565  588  645  736  837  918  965  985  987  982  977
  977  982  983  974  953  933  923  927  936  943  942  932  912  887  863  843
  814  758  676  589  528  505  502  495  489  512  587  695  787  819  786  717
  647  588  535  478  420  366  320  278  237
    10.0-180.0 180.0   5.0 450.0                            LAT/LON1/LON2/DLON/H
  245  213  190  177  169  162  155  151  152  153  156  165  191  235  291  347
  398  447  494  531  552  567  601  672  770  864  924  942  933  917  909  910
  918  927  928  914  890  870  865  875  890  902  906  900  886  866  847  830
  799  739  647  554  494  478  485  488  487  510  583  691  784  820  792  728
  659  597  538  475  413  360  317  280  245
     7.5-180.0 180.0   5.0 450.0                            LAT/LON1/LON2/DLON/H
  248  222  200  185  174  162  153  149  151  157  162  172  196  239  296  355
  409  458  500  530  549  569  613  692  791  874  912  905  877  856  855  871
  894  912  915  900  877  860  858  870  884  894  895  889  876  859  844  829
  799  737  645  554  502  499  520  532  530  545  601  690  767  795  768  709
  645  584  522  456  394  344  307  277  248
     5.0-180.0 180.0   5.0 450.0                            LAT/LON1/LON2/DLON/H
  252  229  208  190  174  159  147  143  147  156  164  177  202  245  304  366
  423  470  507  533  550  575  626  708  802  870  889  867  835  822  837  873
  912  939  946  934  915  902  903  912  919  918  912  901  886  870  856  844
  817  759  673  592  555  568  601  619  613  611  640  694  742  752  721  669
  613  557  496  431  372  328  298  275  252
     2.5-180.0 180.0   5.0 450.0                            LAT/LON1/LON2/DLON/H
  258  236  215  195  175  156  142  137  142  152  164  179  206  251  311  377
  436  483  517  540  559  588  643  723  805  859  867  843  820  824  861  914
  965  998 1008 1000  987  980  982  985  981  967  949  930  911  893  880  870
  847  797  723  658  637  664  707  726  713  691  687  701  712  698  662  617
  571  523  467  407  355  319  296  277  258
