ionex_files/COD0OPSFIN_20251010000_01D_01H_GIM.INX
     1.0            IONOSPHERE MAPS     GNSS                IONEX VERSION / TYPE
ADDNEQ2 V5.5        AIUB                15-APR-25 19:31     PGM / RUN BY / DATE 
CODE'S GLOBAL IONOSPHERE MAPS FOR DAY 101, 2025             COMMENT             
Global ionosphere maps (GIM) are generated on a daily basis DESCRIPTION         
at CODE using data from about 300 GNSS sites of the IGS and DESCRIPTION         
other institutions. The vertical total electron content     DESCRIPTION         
(VTEC) is modeled in a solar-geomagnetic reference frame    DESCRIPTION         
using a spherical harmonics expansion up to degree and      DESCRIPTION         
order 15. Piece-wise linear functions are used for          DESCRIPTION         
representation in the time domain. The time spacing of      DESCRIPTION         
their vertices is 1 hour, conforming with the epochs of the DESCRIPTION         
VTEC maps.                                                  DESCRIPTION         
To convert line-of-sight TEC into vertical TEC, a modified  DESCRIPTION         
single-layer model mapping function approximating the JPL   DESCRIPTION         
extended slab model mapping function is adopted. The        DESCRIPTION         
mapping function is evaluated at geodetic satellite         DESCRIPTION         
elevation angles. For the computation of the ionospheric    DESCRIPTION         
pierce points, a spherical layer with a radius of 6821 km   DESCRIPTION         
is assumed, implying geocentric, not geodetic IONEX         DESCRIPTION         
latitudes.                                                  DESCRIPTION         
Instrumental biases with respect to each involved GNSS code DESCRIPTION         
observable are estimated as constant values for each        DESCRIPTION         
day. They are modeled with one set of bias parameters for   DESCRIPTION         
each satellite and each station in case of GPS and for each DESCRIPTION         
satellite-station link in case of GLONASS. The code bias    DESCRIPTION         
datum is defined by zero-mean conditions imposed on the     DESCRIPTION         
satellite bias estimates. In this file, just GPS C1W-C2W    DESCRIPTION         
satellite and station bias values are included. The         DESCRIPTION         
complete set of GNSS code bias results is provided in an    DESCRIPTION         
additional Bias-SINEX file as pseudo-absolute values        DESCRIPTION         
specific to each observable.                                DESCRIPTION         
Note: These GIM results correspond to the results for the   DESCRIPTION         
middle day of a 3-day combination analysis solving for 73   DESCRIPTION         
times 256, or 18688 VTEC parameters and 3 daily sets of     DESCRIPTION         
GNSS code bias parameters.                                  DESCRIPTION         
Contact address: code(at)aiub.unibe.ch                      DESCRIPTION         
Data archive:    ftp.aiub.unibe.ch/CODE/                    DESCRIPTION         
                 www.aiub.unibe.ch/download/CODE/           DESCRIPTION         
  2025     4    11     0     0     0                        EPOCH OF FIRST MAP  
  2025     4    12     0     0     0                        EPOCH OF LAST MAP   
  3600                                                      INTERVAL            
[...]
abpo adis albh algo alic amu2 antc areg areq ascg aspa auck COMMENT             
azgb badg bake bako barh bjfs bndy boav bogo bogt bor1 braz COMMENT             
brft brst brux cas1 ccj2 cedu chpg chti chur ckis coco cord COMMENT             
cpvg cpxf cro1 daej darw dav1 dgar dhlg drao dubo ebre faa1 COMMENT             
fair flin flrs frdn func ganp glps glsv gode gol2 gold gope COMMENT             
gras graz guam guug harb hers hert hlfx hnpt hob2 hofn holb COMMENT             
hrao iddr ieng iisc impz ineg invk iqal irkj jog2 joz2 joze COMMENT             
karr kerg kir0 kiri kiru kit3 kokb kokv koug kour krgg lama COMMENT             
laut lmmf lpal lpgs m0se mac1 madr mal2 mana mas1 mat1 mate COMMENT             
maui maw1 mcm4 mdo1 medi mgue mizu mkea mnls mobs morp mqzg COMMENT             
mro1 mtka nano naur nium nklg nlib nnor not1 nrc1 ntus nya1 COMMENT             
nyal onsa opmt ous2 pado parc park pdel penc pert pie1 pimo COMMENT             
pohn pol2 polv pots pove ptbb ptvl qaq1 quin rabt ramo reyk COMMENT             
rgdg rio2 roth salu samo sant savo sch2 scor scrz sctb scub COMMENT             
seyg sfer spt0 ssia sthl stjo stk2 str2 suth sutm suwn sydn COMMENT             
syog tash thtg thti thu2 tid1 tidb tlse tn22 tro1 tskb twtf COMMENT             
txes uclu ufpr unb3 unbj unsa urum usn7 usud vald vill vtsp COMMENT             
wab1 wab2 wark wgtn whit will wind wsrt wtza wtzr wtzs wtzz COMMENT             
wuhn xmis yar2 yar3 yarr yell ykro zeck zim2 zim3 zimm      COMMENT             
                                                            END OF HEADER       
[from data line 3432]
     9                                                      START OF TEC MAP    
  2025     4    11     8     0     0                        EPOCH OF CURRENT MAP
    87.5-180.0 180.0   5.0 450.0                            LAT/LON1/LON2/DLON/H
  163  164  166  168  170  173  175  179  182  185  189  192  196  199  202  206
  208  211  214  216  218  220  222  223  224  225  225  226  226  226  226  225
  225  224  223  223  222  220  219  218  217  215  214  212  210  209  207  205
  203  200  198  196  194  191  189  186  184  181  179  176  174  171  169  167
  166  164  163  162  161  161  161  162  163
    85.0-180.0 180.0   5.0 450.0                            LAT/LON1/LON2/DLON/H
  119  121  123  127  132  137  143  150  158  165  173  181  188  195  202  208
  214  219  223  227  230  232  234  235  235  235  235  235  234  234  233  232
  230  229  228  227  225  224  223  221  220  218  217  215  214  212  210  208
  206  204  201  198  195  192  188  183  179  174  169  163  158  152  147  142
  137  132  128  124  122  120  118  118  119
    82.5-180.0 180.0   5.0 450.0                            LAT/LON1/LON2/DLON/H
   81   82   84   88   93  101  110  120  131  143  154  166  178  188  198  207
  214  220  224  228  230  231  231  230  229  228  226  225  223  222  221  220
  219  218  217  217  216  215  215  214  214  213  213  213  213  213  214  214
  214  214  213  212  210  207  203  198  192  186  179  171  162  154  145  136
  127  118  110  103   96   90   86   83   81
    80.0-180.0 180.0   5.0 450.0                            LAT/LON1/LON2/DLON/H
   63   59   58   60   64   72   81   93  107  122  137  152  166  179  190  200
  208  213  217  218  218  217  214  211  208  205  202  200  198  197  196  197
  197  198  199  200  201  202  202  203  204  205  207  209  212  215  219  223
  228  232  235  237  238  238  236  232  226  219  211  202  192  181  169  158
  145  133  121  109   98   87   77   69   63
    77.5-180.0 180.0   5.0 450.0                            LAT/LON1/LON2/DLON/H
   72   61   54   51   51   56   64   76   90  106  123  139  155  169  181  190
  197  201  203  202  199  195  190  184  179  174  170  168  167  167  169  172
  175  178  182  185  188  191  193  196  198  200  204  208  214  221  229  238
  247  257  265  273  278  281  282  280  275  269  261  251  241  230  218  206
  193  179  164  148  132  116  100   85   72
    75.0-180.0 180.0   5.0 450.0                            LAT/LON1/LON2/DLON/H
  107   88   73   62   56   56   61   70   83   98  114  130  146  159  171  179
  185  188  187  184  179  172  164  157  150  145  141  140  140  143  147  152
  159  166  172  179  184  189  192  196  199  202  207  213  220  231  243  257
  272  287  301  313  323  329  332  332  329  323  316  307  298  289  280  270
  259  247  232  215  196  175  152  129  107
    72.5-180.0 180.0   5.0 450.0                            LAT/LON1/LON2/DLON/H
  162  133  108   89   76   70   69   75   84   97  111  125  139  151  161  169
  173  175  173  168  162  154  145  137  129  124  121  121  124  128  135  143
  152  162  171  180  188  194  200  204  207  211  216  223  233  245  260  278
  297  316  334  350  363  372  376  377  374  368  362  355  349  343  339  334
  329  321  310  295  275  250  222  192  162
    70.0-180.0 180.0   5.0 450.0                            LAT/LON1/LON2/DLON/H
  220  184  151  123  103   90   84   85   90   99  110  121  133  143  152  158
  162  163  162  157  150  142  133  125  119  115  113  114  118  125  133  143
  153  165  176  187  197  205  212  217  222  226  232  239  249  263  279  298
  319  340  360  378  391  400  404  404  400  394  388  383  380  379  380  382
  384  383  378  367  349  324  293  258  220
    67.5-180.0 180.0   5.0 450.0                            LAT/LON1/LON2/DLON/H
  269  227  187  154  127  109   99   95   96  101  108  117  125  133  141  147
  152  154  153  149  143  136  128  121  116  113  114  116  122  129  137  147
  158  169  181  193  205  215  224  232  238  244  250  258  269  282  298  316
  336  355  374  390  402  409  411  408  403  396  390  386  385  388  394  402
  410  417  419  414  401  378  348  310  269
    65.0-180.0 180.0   5.0 450.0                            LAT/LON1/LON2/DLON/H
  297  253  211  173  143  121  107  100   98   99  103  108  114  121  128  135
  140  143  144  141  137  131  124  119  116  115  117  121  128  135  143  151
  160  170  182  195  208  221  233  243  252  260  268  278  288  301  315  330
  346  361  375  386  394  397  397  392  385  377  371  367  367  372  380  391
  404  415  423  425  418  401  374  339  297
    62.5-180.0 180.0   5.0 450.0                            LAT/LON1/LON2/DLON/H
  303  262  220  181  149  124  107   97   92   91   92   95   99  105  113  120
  127  131  132  131  127  122  117  113  112  114  118  124  131  138  145  152
  159  167  177  190  204  220  235  248  261  272  284  296  307  319  330  341
  350  358  364  370  372  372  369  362  355  347  341  338  338  342  348  358
  369  382  393  400  400  391  371  341  303
    60.0-180.0 180.0   5.0 450.0                            LAT/LON1/LON2/DLON/H
  295  258  219  181  148  121  102   89   81   78   77   79   82   88   96  104
  111  116  117  115  111  106  103  101  102  105  112  120  129  137  143  148
  153  159  168  181  196  213  231  248  264  280  295  310  324  336  344  348
  350  350  349  347  345  342  337  331  324  318  314  312  311  311  312  316
  321  330  341  351  358  357  347  325  295
    57.5-180.0 180.0   5.0 450.0                            LAT/LON1/LON2/DLON/H
  283  253  218  182  149  120   97   81   70   64   62   63   66   72   80   88
   95   99   99   95   90   86   83   83   86   91  100  110  121  131  138  143
  147  151  159  171  187  206  225  245  264  284  303  322  338  350  356  355
  349  341  333  327  322  317  313  308  304  301  300  299  298  293  287  281
  277  278  285  297  309  316  316  304  283
    55.0-180.0 180.0   5.0 450.0                            LAT/LON1/LON2/DLON/H
  279  257  227  194  160  128  101   80   65   57   53   53   55   61   68   75
   81   83   80   75   68   63   62   63   68   75   85   97  110  123  132  139
  143  147  155  166  182  201  221  241  263  285  309  331  351  363  367  362
  350  337  324  314  309  305  302  300  300  301  304  306  304  296  282  265
  250  242  244  255  270  285  293  291  279
    52.5-180.0 180.0   5.0 450.0                            LAT/LON1/LON2/DLON/H
  289  274  250  220  186  151  118   92   72   60   54   52   53   57   62   68
   72   71   66   58   51   46   45   48   54   62   73   86  101  116  129  138
  144  149  157  168  183  201  221  241  264  289  315  341  363  376  379  371
  355  338  323  314  309  308  308  308  310  315  322  327  327  317  297  271
  247  231  228  237  255  274  288  294  289
    50.0-180.0 180.0   5.0 450.0                            LAT/LON1/LON2/DLON/H
  311  302  284  258  225  188  151  118   93   77   68   63   61   62   65   68
   70   68   61   51   43   38   40   44   51   58   67   79   94  112  128  141
  150  157  166  177  191  208  227  247  270  296  325  353  376  390  392  382
  365  347  333  326  324  325  326  327  329  336  345  354  356  347  326  296
  267  247  241  248  266  286  302  311  311
    47.5-180.0 180.0   5.0 450.0                            LAT/LON1/LON2/DLON/H
  335  330  319  299  270  234  194  156  126  105   92   83   78   74   74   76
   77   74   66   56   48   45   48   53   59   63   69   78   93  111  130  147
  159  169  179  190  204  220  238  259  283  312  342  372  395  408  408  398
  381  365  353  349  350  352  353  351  351  355  365  375  381  375  356  328
  300  281  274  281  296  313  326  334  335
    45.0-180.0 180.0   5.0 450.0                            LAT/LON1/LON2/DLON/H
  348  345  341  330  309  276  237  196  162  138  121  109   99   92   89   89
   91   90   83   74   67   65   68   73   77   77   78   82   94  112  133  152
  167  180  191  204  218  235  254  277  305  336  369  398  420  431  431  421
  406  392  383  382  384  386  383  377  370  369  375  385  392  390  377  356
  335  320  316  322  332  342  348  349  348
    42.5-180.0 180.0   5.0 450.0                            LAT/LON1/LON2/DLON/H
  339  337  339  338  328  304  268  229  194  167  149  135  122  111  106  106
  110  113  110  103   96   94   97  100  100   95   90   89   97  114  135  155
  173  188  202  216  232  250  273  301  334  370  405  434  454  463  463  454
  442  431  424  424  426  425  418  405  390  381  380  385  392  393  386  374
  362  356  355  359  363  362  356  347  339
    40.0-180.0 180.0   5.0 450.0                            LAT/LON1/LON2/DLON/H
  309  303  309  318  320  307  280  245  211  186  168  154  140  128  122  124
  132  139  141  137  131  128  128  128  123  113  102   96  101  115  136  157
  177  194  210  226  245  267  294  329  370  412  450  478  496  504  505  500
  492  484  479  477  477  473  461  442  420  401  391  388  390  390  388  385
  382  382  384  385  381  368  347  325  309
    37.5-180.0 180.0   5.0 450.0                            LAT/LON1/LON2/DLON/H
  265  253  258  273  286  285  268  240  212  190  176  164  152  141  136  140
  153  166  172  171  165  160  156  150  140  126  111  103  105  119  139  161
  182  200  219  238  259  286  320  362  411  460  500  528  545  554  558  559
  558  554  549  545  541  534  520  498  472  446  425  411  403  399  397  397
  399  403  405  402  388  364  330  294  265
    35.0-180.0 180.0   5.0 450.0                            LAT/LON1/LON2/DLON/H
  229  205  203  218  237  245  237  218  196  180  171  165  158  149  147  154
  170  187  198  199  193  185  176  166  151  133  117  109  113  127  148  171
  192  213  233  254  279  310  350  400  456  509  551  579  596  608  620  631
  638  639  635  629  623  615  602  583  556  527  497  471  451  437  429  426
  428  430  428  418  397  364  319  270  229
    32.5-180.0 180.0   5.0 450.0                            LAT/LON1/LON2/DLON/H
  219  180  165  172  189  201  200  187  172  162  160  161  159  156  156  165
  183  203  216  219  213  202  189  174  156  138  124  119  125  143  166  190
  213  234  255  279  306  341  385  440  500  555  598  625  645  663  686  710
  728  735  733  727  720  715  709  698  678  650  615  578  543  515  496  485
  479  474  465  449  422  384  333  274  219
    30.0-180.0 180.0   5.0 450.0                            LAT/LON1/LON2/DLON/H
  254  197  163  153  159  168  169  161  151  146  149  156  161  163  165  174
  190  210  224  229  224  212  196  178  159  142  132  133  145  167  194  221
  245  267  289  313  343  379  426  482  541  595  635  663  686  714  750  788
  818  834  836  831  828  830  835  837  830  807  771  726  678  636  603  579
  561  545  526  504  475  437  385  321  254
    27.5-180.0 180.0   5.0 450.0                            LAT/LON1/LON2/DLON/H
  335  261  205  173  163  162  160  152  143  141  146  158  168  173  175  182
  194  210  223  229  227  217  201  183  164  150  145  152  170  198  230  260
  286  308  330  355  385  423  469  522  577  626  662  690  718  756  804  856
  898  922  930  930  933  945  964  983  991  979  947  898  841  787  740  703
  671  643  615  588  560  526  478  412  335
    25.0-180.0 180.0   5.0 450.0                            LAT/LON1/LON2/DLON/H
  451  363  288  235  205  190  180  169  158  153  158  169  181  187  189  190
  196  205  215  222  224  219  207  190  173  163  162  174  198  231  268  302
  330  352  373  398  429  467  510  559  607  648  679  706  739  785  845  906
  955  986 1000 1007 1018 1042 1076 1112 1136 1137 1112 1066 1007  946  889  840
  797  758  723  694  669  641  598  534  451
    22.5-180.0 180.0   5.0 450.0                            LAT/LON1/LON2/DLON/H
  577  483  396  326  279  249  228  211  196  186  185  192  202  207  205  200
  197  198  204  212  219  220  214  201  187  179  181  195  222  259  300  338
  368  391  412  437  469  506  547  590  630  663  689  715  752  804  868  932
  983 1016 1035 1048 1068 1102 1148 1198 1236 1251 1238 1200 1146 1085 1025  969
  919  874  836  806  784  760  722  661  577
    20.0-180.0 180.0   5.0 450.0                            LAT/LON1/LON2/DLON/H
  684  593  505  430  371  329  299  274  252  235  225  225  228  229  223  212
  200  193  194  202  214  222  221  213  203  196  198  211  238  275  319  361
  394  418  440  466  500  538  577  615  648  674  697  722  760  814  876  934
  979 1009 1028 1046 1072 1112 1166 1224 1273 1301 1302 1279 1236 1182 1125 1069
 1018  973  934  904  882  859  822  763  684
    17.5-180.0 180.0   5.0 450.0                            LAT/LON1/LON2/DLON/H
  746  670  595  527  467  417  378  346  318  292  273  262  258  253  243  225
  206  192  188  195  210  223  228  225  216  210  209  219  241  277  322  366
  402  429  454  484  520  560  598  633  662  685  706  731  770  820  873  918
  950  969  984 1001 1029 1071 1126 1188 1243 1282 1298 1292 1266 1225 1176 1126
 1080 1038 1002  972  945  916  875  817  746
    15.0-180.0 180.0   5.0 450.0                            LAT/LON1/LON2/DLON/H
  755  700  651  602  551  500  455  416  382  350  321  301  288  277  262  240
  216  197  189  193  208  223  232  232  225  218  213  217  233  265  309  355
  396  427  456  490  530  573  613  647  675  698  718  745  782  825  866  893
  906  910  915  927  951  989 1041 1101 1158 1206 1237 1251 1244 1217 1179 1137
 1099 1065 1033 1000  964  922  872  814  755
    12.5-180.0 180.0   5.0 450.0                            LAT/LON1/LON2/DLON/H
  718  690  673  652  616  569  520  476  438  401  366  337  316  299  280  257
  231  208  196  197  208  223  233  234  229  220  211  208  216  242  284  333
  378  416  451  490  534  579  621  657  687  711  733  761  796  834  861  869
  863  851  843  845  860  890  935  989 1047 1100 1145 1176 1186 1174 1145 1112
 1083 1057 1028  991  943  886  823  764  718
    10.0-180.0 180.0   5.0 450.0                            LAT/LON1/LON2/DLON/H
  659  657  673  682  665  623  572  523  481  443  405  371  343  320  298  274
  248  224  209  205  211  222  230  232  227  218  206  197  198  217  256  306
  355  401  443  488  535  581  624  662  695  722  746  775  810  843  861  857
  836  810  790  780  784  804  839  887  942  998 1053 1097 1121 1118 1096 1069
 1047 1028 1001  959  899  827  753  692  659
     7.5-180.0 180.0   5.0 450.0                            LAT/LON1/LON2/DLON/H
  611  630  673  706  706  669  613  560  516  478  440  403  370  341  316  290
  265  242  225  216  216  220  225  227  223  215  201  187  182  196  231  281
  335  387  437  486  533  579  621  661  696  725  751  781  818  851  869  861
  835  802  773  753  746  756  783  824  875  931  989 1041 1071 1072 1051 1026
 1008  993  967  921  853  773  693  634  611
     5.0-180.0 180.0   5.0 450.0                            LAT/LON1/LON2/DLON/H
  603  633  691  739  747  712  653  594  548  511  475  437  399  364  333  306
  281  259  240  227  220  219  221  222  220  213  200  184  174  183  214  263
  320  378  432  483  529  572  613  652  687  716  742  773  812  853  878  880
  861  831  801  775  761  764  785  820  864  915  970 1021 1050 1048 1024  996
  979  966  941  894  826  747  672  618  603
     2.5-180.0 180.0   5.0 450.0                            LAT/LON1/LON2/DLON/H
  650  680  737  786  796  759  695  632  584  547  513  474  431  389  351  320
  294  271  251  234  223  217  217  218  218  213  201  185  173  178  205  252
  310  370  427  477  520  559  596  634  667  693  715  746  790  842  885  907
  907  892  868  844  829  829  847  876  910  950  996 1038 1059 1048 1016  984
  965  953  929  886  827  763  703  660  650
