ionex_files/COD0OPSFIN_20250800000_01D_01H_GIM.INX
     1.0            IONOSPHERE MAPS     GNSS                IONEX VERSION / TYPE
ADDNEQ2 V5.5        AIUB                25-MAR-25 19:08     PGM / RUN BY / DATE 
CODE'S GLOBAL IONOSPHERE MAPS FOR DAY 080, 2025             COMMENT             
Global ionosphere maps (GIM) are generated on a daily basis DESCRIPTION         
at CODE using data from about 300 GNSS sites of the IGS and DESCRIPTION         
other institutions. The vertical total electron content     DESCRIPTION         
(VTEC) is modeled in a solar-geomagnetic reference frame    DESCRIPTION         
using a spherical harmonics expansion up to degree and      DESCRIPTION         
order 15. Piece-wise linear functions are used for          DESCRIPTION         
representation in the time domain. The time spacing of      DESCRIPTION         
their vertices is 1 hour, conforming with the epochs of the DESCRIPTION         
VTEC maps.                                                  DESCRIPTION         
To convert line-of-sight TEC into vertical TEC, a modified  DESCRIPTION         
single-layer model mapping function approximating the JPL   DESCRIPTION         
extended slab model mapping function is adopted. The        DESCRIPTION         
mapping function is evaluated at geodetic satellite         DESCRIPTION         
elevation angles. For the computation of the ionospheric    DESCRIPTION         
pierce points, a spherical layer with a radius of 6821 km   DESCRIPTION         
is assumed, implying geocentric, not geodetic IONEX         DESCRIPTION         
latitudes.                                                  DESCRIPTION         
Instrumental biases with respect to each involved GNSS code DESCRIPTION         
observable are estimated as constant values for each        DESCRIPTION         
day. They are modeled with one set of bias parameters for   DESCRIPTION         
each satellite and each station in case of GPS and for each DESCRIPTION         
satellite-station link in case of GLONASS. The code bias    DESCRIPTION         
datum is defined by zero-mean conditions imposed on the     DESCRIPTION         
satellite bias estimates. In this file, just GPS C1W-C2W    DESCRIPTION         
satellite and station bias values are included. The         DESCRIPTION         
complete set of GNSS code bias results is provided in an    DESCRIPTION         
additional Bias-SINEX file as pseudo-absolute values        DESCRIPTION         
specific to each observable.                                DESCRIPTION         
Note: These GIM results correspond to the results for the   DESCRIPTION         
middle day of a 3-day combination analysis solving for 73   DESCRIPTION         
times 256, or 18688 VTEC parameters and 3 daily sets of     DESCRIPTION         
GNSS code bias parameters.                                  DESCRIPTION         
Contact address: code(at)aiub.unibe.ch                      DESCRIPTION         
Data archive:    ftp.aiub.unibe.ch/CODE/                    DESCRIPTION         
                 www.aiub.unibe.ch/download/CODE/           DESCRIPTION         
  2025     3    21     0     0     0                        EPOCH OF FIRST MAP  
  2025     3    22     0     0     0                        EPOCH OF LAST MAP   
  3600                                                      INTERVAL            
[...]
abpo albh algo alic amu2 antc areg areq ascg aspa auck azgb COMMENT             
badg bake barh bjfs bndy boav bogo bogt bor1 braz brft brst COMMENT             
brux cags cas1 ccj2 cedu chpg chti ckis coco cord cpvg cpxf COMMENT             
cro1 daej dav1 dgar dhlg drao dubo faa1 flin flrs frdn func COMMENT             
ganp glps glsv gode gol2 gold gope gras graz guam guug harb COMMENT             
hers hert hlfx hnpt hob2 hofn hrao hyde iddr ieng iisc impz COMMENT             
ineg invk iqal irkj jog2 joz2 karr kerg kir0 kiri kiru kit3 COMMENT             
kokb kokv koug kour krgg lama laut lmmf lpal lpgs mac1 madr COMMENT             
mal2 mana mas1 mat1 mate maui maw1 mcil mcm4 mdo1 medi mgue COMMENT             
mizu mkea mnls mobs morp mqzg mro1 mtka nano naur nico nist COMMENT             
nium nklg nlib nnor nrc1 ntus nya1 nyal onsa opmt ous2 pado COMMENT             
parc park pdel penc pert pie1 pimo pohn pol2 polv pots pove COMMENT             
ptag ptbb ptvl qaq1 quin rabt ramo reun reyk rgdg rio2 roth COMMENT             
salu samo sant savo sch2 scor scrz sctb scub seyg sfer sofi COMMENT             
spt0 ssia sthl stjo stk2 str2 suth sutm suwn sydn syog tash COMMENT             
thtg thti thu2 tid1 tidb tlse tn22 tong tow2 tro1 tskb twtf COMMENT             
txes uclu ufpr ulab unb3 unbj unsa urum usn7 usud vald vill COMMENT             
vtsp wab1 wab2 wark wgtn whit will wind wtza wtzr wtzs wtzz COMMENT             
wuhn xmis yar2 yar3 yarr yell ykro zeck zim2 zim3 zimm      COMMENT             
                                                            END OF HEADER       
[from data line 9009]
    22                                                      START OF TEC MAP    
  2025     3    21    21     0     0                        EPOCH OF CURRENT MAP
    87.5-180.0 180.0   5.0 450.0                            LAT/LON1/LON2/DLON/H
  109  108  106  104  102  101   99   97   96   94   93   91   90   89   87   86
   85   84   83   82   81   80   79   78   77   76   75   75   74   73   72   71
   71   70   70   70   70   70   70   71   71   72   74   75   77   78   81   83
   85   88   90   93   96   98  101  103  106  108  110  112  113  114  115  116
  116  116  116  116  115  114  112  111  109
    85.0-180.0 180.0   5.0 450.0                            LAT/LON1/LON2/DLON/H
  119  114  110  105  101   98   95   92   90   89   87   86   85   85   84   84
   83   83   83   83   82   82   81   81   80   79   78   77   75   73   71   70
   68   66   64   62   60   59   58   58   58   59   60   62   64   67   71   75
   80   84   90   95  101  106  112  117  123  127  132  136  139  142  143  144
  144  143  141  139  136  132  128  123  119
    82.5-180.0 180.0   5.0 450.0                            LAT/LON1/LON2/DLON/H
  113  105   97   91   85   81   78   77   76   77   78   79   81   82   84   85
   86   88   89   90   92   93   94   96   97   97   98   97   96   94   92   89
   85   82   78   74   70   66   63   61   60   59   59   60   62   65   69   73
   78   84   91   97  104  111  119  126  134  141  147  153  158  162  164  165
  165  163  159  154  147  140  131  122  113
    80.0-180.0 180.0   5.0 450.0                            LAT/LON1/LON2/DLON/H
   97   85   74   65   60   57   56   58   62   67   73   79   84   88   91   93
   95   97   99  101  104  108  112  117  122  126  130  132  133  133  131  127
  123  118  112  106   99   94   88   84   80   77   75   75   75   77   79   82
   86   91   96  101  107  113  119  126  134  141  148  156  162  168  172  174
  174  172  167  159  149  137  124  110   97
    77.5-180.0 180.0   5.0 450.0                            LAT/LON1/LON2/DLON/H
   80   64   50   41   36   36   40   48   59   71   83   94  102  108  110  111
  110  109  109  111  114  120  128  138  148  158  166  173  177  179  178  176
  171  165  158  150  143  135  128  121  116  111  107  104  103  102  102  103
  104  105  106  108  109  111  113  117  121  127  134  142  150  158  164  169
  172  171  166  158  146  132  115   97   80
    75.0-180.0 180.0   5.0 450.0                            LAT/LON1/LON2/DLON/H
   73   55   40   31   27   31   41   57   76   96  115  131  142  146  146  141
  133  125  119  117  119  126  137  152  168  184  198  209  217  222  222  220
  216  210  203  196  188  180  173  165  158  152  146  142  138  135  133  131
  129  126  123  118  113  108  104  101  100  102  107  114  123  134  144  153
  160  163  162  156  146  131  113   93   73
    72.5-180.0 180.0   5.0 450.0                            LAT/LON1/LON2/DLON/H
   89   70   55   45   43   49   65   88  115  144  171  191  203  205  198  183
  165  146  130  121  119  126  139  158  179  200  218  233  244  249  251  250
  246  241  235  229  223  217  210  203  196  189  182  176  171  167  163  159
  155  149  142  132  120  107   95   84   77   73   74   80   90  103  118  132
  145  154  159  159  153  143  127  109   89
    70.0-180.0 180.0   5.0 450.0                            LAT/LON1/LON2/DLON/H
  130  113   97   87   85   93  111  139  173  210  243  268  280  279  264  238
  207  175  147  129  122  126  139  160  183  206  227  242  253  258  259  258
  254  251  247  244  240  237  232  226  219  211  203  196  191  186  183  180
  176  169  159  145  128  109   89   72   57   49   46   50   60   75   93  112
  130  147  159  168  170  167  159  146  130
    67.5-180.0 180.0   5.0 450.0                            LAT/LON1/LON2/DLON/H
  191  178  164  153  148  154  172  201  239  281  320  349  364  360  339  304
  261  217  178  150  136  136  147  166  188  209  227  240  248  250  249  247
  244  241  240  239  239  237  235  230  223  215  206  199  193  190  188  188
  186  181  171  156  137  114   90   67   48   35   30   32   41   56   76   98
  121  143  163  180  193  201  204  200  191
    65.0-180.0 180.0   5.0 450.0                            LAT/LON1/LON2/DLON/H
  262  255  244  231  222  222  235  262  300  344  388  422  440  438  416  376
  326  274  228  193  173  167  172  186  202  218  229  236  238  237  233  229
  225  223  222  223  224  225  223  219  212  203  193  184  178  176  177  180
  183  181  175  162  143  120   95   71   50   36   29   30   38   52   71   92
  116  141  166  191  215  236  252  261  262
    62.5-180.0 180.0   5.0 450.0                            LAT/LON1/LON2/DLON/H
  326  328  320  306  292  285  290  310  345  389  436  475  500  504  486  450
  401  348  299  261  236  224  222  227  234  240  243  242  239  233  226  220
  214  210  208  208  208  209  207  202  194  183  171  161  154  153  157  163
  169  172  170  160  144  124  102   81   62   50   43   43   50   62   77   95
  116  140  167  197  229  261  291  313  326
    60.0-180.0 180.0   5.0 450.0                            LAT/LON1/LON2/DLON/H
  371  382  379  366  349  335  331  343  372  413  460  505  537  551  544  519
  479  433  389  351  323  306  296  291  287  282  276  268  260  251  242  234
  225  217  211  206  202  200  196  189  179  166  152  139  131  130  134  143
  152  158  158  153  141  126  109   94   81   72   67   68   73   81   92  105
  120  139  164  195  231  272  312  347  371
    57.5-180.0 180.0   5.0 450.0                            LAT/LON1/LON2/DLON/H
  390  410  413  403  386  368  359  364  385  421  467  514  553  579  587  577
  553  521  486  453  426  405  387  373  359  345  331  319  308  298  288  277
  263  249  235  223  212  204  197  188  176  161  145  130  120  117  120  129
  138  145  146  142  134  125  115  107  101   97   95   97  100  105  111  118
  127  140  159  187  224  267  314  357  390
    55.0-180.0 180.0   5.0 450.0                            LAT/LON1/LON2/DLON/H
  385  411  422  418  406  391  380  381  397  427  468  513  557  592  614  621
  616  600  579  554  529  506  484  462  442  422  405  391  380  371  359  344
  325  302  278  256  238  224  213  202  189  174  156  138  125  119  121  127
  134  138  138  134  128  123  120  119  119  120  121  122  124  126  128  131
  135  143  156  179  212  254  301  347  385
    52.5-180.0 180.0   5.0 450.0                            LAT/LON1/LON2/DLON/H
  365  395  412  418  416  410  406  409  421  445  479  518  559  597  629  651
  662  663  654  639  618  596  572  548  525  504  487  475  465  456  443  423
  395  363  329  298  272  252  238  227  215  200  182  163  147  138  136  139
  142  142  138  132  127  125  127  131  136  139  141  141  141  141  142  143
  146  151  160  178  205  241  283  326  365
    50.0-180.0 180.0   5.0 450.0                            LAT/LON1/LON2/DLON/H
  344  374  397  414  426  435  444  454  468  487  511  539  571  605  638  668
  691  704  706  698  682  663  641  620  599  581  566  555  546  535  518  491
  456  414  372  335  304  281  266  256  246  233  216  197  179  167  162  162
  162  158  149  140  134  133  138  145  151  154  154  152  150  149  151  154
  160  166  175  188  209  237  272  308  344
    47.5-180.0 180.0   5.0 450.0                            LAT/LON1/LON2/DLON/H
  334  362  390  417  444  471  497  520  540  555  569  583  600  622  649  678
  705  724  731  728  717  702  686  671  655  641  629  618  607  592  568  533
  490  442  397  357  326  304  289  281  273  264  249  231  212  199  192  190
  187  180  169  158  151  150  155  162  167  168  163  157  152  151  155  164
  175  187  199  212  228  250  276  305  334
    45.0-180.0 180.0   5.0 450.0                            LAT/LON1/LON2/DLON/H
  345  371  400  435  475  519  562  599  627  642  647  647  647  652  667  688
  711  730  738  737  729  719  709  701  692  681  668  654  637  614  582  540
  491  442  399  363  336  317  304  296  292  286  274  257  239  225  218  216
  213  206  193  181  174  173  177  182  184  180  171  160  151  149  156  172
  191  211  229  245  260  278  299  322  345
    42.5-180.0 180.0   5.0 450.0                            LAT/LON1/LON2/DLON/H
  380  403  432  470  518  573  630  679  715  733  733  721  705  694  693  703
  718  731  737  735  728  722  718  716  711  699  682  661  635  603  563  515
  465  421  385  360  340  324  312  304  300  296  288  274  257  243  236  235
  233  227  216  205  198  198  201  203  201  193  179  164  151  148  157  178
  206  235  260  280  299  318  339  359  380
    40.0-180.0 180.0   5.0 450.0                            LAT/LON1/LON2/DLON/H
  435  457  484  520  569  627  689  746  788  809  808  790  764  741  727  725
  731  738  739  734  726  722  722  722  717  701  675  644  609  570  525  476
  430  395  373  360  350  337  322  310  303  300  295  283  267  253  246  246
  246  241  232  224  219  220  221  221  215  204  188  169  154  149  159  184
  218  254  285  312  336  362  388  412  435
    37.5-180.0 180.0   5.0 450.0                            LAT/LON1/LON2/DLON/H
  500  525  549  581  623  676  734  790  833  857  859  842  814  786  765  755
  754  754  751  742  733  728  728  727  717  693  658  618  576  534  489  445
  408  386  380  380  377  364  343  322  310  305  301  292  277  262  254  252
  252  248  240  234  231  232  233  230  223  211  195  177  159  152  161  188
  227  267  303  335  367  401  438  472  500
    35.0-180.0 180.0   5.0 450.0                            LAT/LON1/LON2/DLON/H
  569  597  621  645  677  717  764  811  850  875  881  869  847  821  800  788
  783  780  774  762  750  742  740  734  717  684  640  595  553  515  477  443
  419  411  419  430  430  413  381  349  328  320  317  310  295  278  265  259
  255  249  241  235  234  235  234  229  221  212  200  183  166  156  164  193
  234  277  315  350  388  432  482  530  569
    32.5-180.0 180.0   5.0 450.0                            LAT/LON1/LON2/DLON/H
  631  667  691  710  731  756  786  819  848  870  879  876  863  846  830  819
  814  810  802  788  773  762  754  743  719  679  632  589  554  526  501  480
  469  474  492  508  507  482  438  393  362  350  347  341  326  305  287  274
  263  251  239  232  230  229  226  219  212  207  200  188  172  161  169  199
  242  287  326  362  403  457  519  581  631
    30.0-180.0 180.0   5.0 450.0                            LAT/LON1/LON2/DLON/H
  683  727  755  773  787  800  814  830  846  860  869  872  869  861  851  844
  840  836  828  812  794  778  766  751  723  683  640  605  584  571  561  553
  553  566  587  602  596  561  506  450  411  394  391  386  370  346  321  299
  280  260  242  230  225  222  214  205  198  197  197  189  175  165  175  208
  256  304  343  378  421  479  551  623  683
    27.5-180.0 180.0   5.0 450.0                            LAT/LON1/LON2/DLON/H
  726  776  810  833  848  856  860  862  865  868  872  875  877  875  869  863
  858  853  843  826  804  785  770  754  729  695  663  643  638  641  643  644
  650  664  682  690  676  634  573  510  465  446  442  439  423  396  365  336
  308  279  254  237  228  219  207  193  185  187  192  188  177  169  183  223
  278  331  371  405  446  506  581  659  726
    25.0-180.0 180.0   5.0 450.0                            LAT/LON1/LON2/DLON/H
  759  813  856  889  914  927  930  925  917  909  904  902  902  898  890  880
  870  860  847  827  802  781  766  753  736  714  698  695  704  716  724  728
  734  744  753  751  728  683  623  562  516  495  491  488  473  446  413  379
  346  312  281  258  243  229  210  191  180  183  189  188  178  173  193  242
  308  369  412  445  483  541  614  691  759
    22.5-180.0 180.0   5.0 450.0                            LAT/LON1/LON2/DLON/H
  787  842  892  939  980 1008 1020 1018 1006  989  973  961  952  940  923  901
  882  865  846  821  793  769  755  749  744  739  740  751  767  779  782  781
  782  784  781  767  739  698  647  595  554  533  528  525  512  487  455  423
  390  354  320  294  274  254  229  203  187  187  192  191  181  179  206  266
  343  413  462  495  531  584  652  723  787
    20.0-180.0 180.0   5.0 450.0                            LAT/LON1/LON2/DLON/H
  810  863  918  979 1038 1087 1116 1125 1118 1098 1074 1051 1029 1004  973  937
  905  878  852  822  788  761  748  749  756  767  782  799  812  813  802  790
  783  776  762  738  708  677  643  608  575  554  546  542  532  512  487  461
  434  402  369  341  318  293  261  229  207  201  203  199  188  188  220  289
  377  456  511  547  582  631  692  754  810
    17.5-180.0 180.0   5.0 450.0                            LAT/LON1/LON2/DLON/H
  831  878  934 1004 1079 1146 1195 1223 1228 1215 1190 1159 1127 1089 1043  993
  949  913  880  842  801  769  755  760  776  797  818  834  834  815  784  759
  745  732  710  678  649  631  621  605  582  560  547  541  534  521  505  490
  473  449  420  392  367  339  302  264  236  224  220  211  198  199  234  308
  403  489  550  590  626  673  729  783  831
    15.0-180.0 180.0   5.0 450.0                            LAT/LON1/LON2/DLON/H
  848  888  941 1012 1094 1173 1238 1284 1309 1311 1294 1264 1228 1182 1128 1069
 1017  975  937  894  845  804  783  786  804  828  848  855  836  792  742  705
  689  676  649  612  585  582  594  598  582  557  538  529  524  519  513  509
  503  488  465  439  412  382  344  302  269  251  240  226  211  210  245  319
  415  504  569  614  654  703  757  807  848
    12.5-180.0 180.0   5.0 450.0                            LAT/LON1/LON2/DLON/H
  862  896  941 1004 1080 1157 1229 1290 1335 1359 1360 1342 1312 1270 1215 1156
 1104 1064 1026  979  921  868  835  829  841  860  873  866  828  763  698  658
  645  637  609  568  543  552  582  600  588  557  530  518  515  516  518  522
  524  516  497  472  445  414  375  333  297  274  258  240  222  219  250  319
  410  497  564  614  661  715  773  823  862
    10.0-180.0 180.0   5.0 450.0                            LAT/LON1/LON2/DLON/H
  872  903  938  985 1042 1105 1170 1236 1299 1346 1371 1375 1362 1333 1290 1241
 1199 1167 1135 1087 1021  953  905  884  884  893  896  877  824  748  677  642
  641  641  615  570  542  556  596  621  608  569  534  519  518  521  526  533
  537  531  512  486  458  428  391  350  314  288  268  248  228  222  247  307
  389  471  538  593  647  709  774  831  872
     7.5-180.0 180.0   5.0 450.0                            LAT/LON1/LON2/DLON/H
  879  910  936  964  995 1029 1075 1135 1206 1273 1324 1354 1366 1360 1337 1307
 1282 1266 1244 1199 1127 1046  980  942  928  925  919  894  838  762  697  674
  687  698  673  622  588  600  640  664  644  597  555  538  539  542  544  545
  543  533  510  480  450  421  388  351  317  290  269  247  227  218  236  285
  356  432  499  558  619  689  765  831  879
     5.0-180.0 180.0   5.0 450.0                            LAT/LON1/LON2/DLON/H
  884  920  941  951  953  955  971 1014 1083 1161 1231 1286 1324 1344 1346 1339
 1335 1337 1330 1292 1218 1127 1047  994  966  954  945  922  874  809  760  753
  779  797  771  713  669  673  705  720  691  636  591  575  577  578  570  559
  544  522  491  456  424  396  368  336  306  280  258  237  216  206  218  258
  320  390  456  519  585  663  748  825  884
     2.5-180.0 180.0   5.0 450.0                            LAT/LON1/LON2/DLON/H
  886  932  955  955  934  905  890  908  963 1040 1119 1190 1249 1292 1316 1330
 1345 1366 1374 1346 1274 1179 1092 1030  995  980  973  960  928  883  852  857
  891  910  880  814  761  753  773  776  737  677  633  621  624  620  599  570
  538  502  461  420  386  359  336  310  284  261  239  219  199  188  196  230
  286  354  422  487  557  638  729  816  886
