ionex_files/COD0OPSFIN_20250720000_01D_01H_GIM.INX
     1.0            IONOSPHERE MAPS     GNSS                IONEX VERSION / TYPE
ADDNEQ2 V5.5        AIUB                17-MAR-25 18:56     PGM / RUN BY / DATE 
CODE'S GLOBAL IONOSPHERE MAPS FOR DAY 072, 2025             COMMENT             
Global ionosphere maps (GIM) are generated on a daily basis DESCRIPTION         
at CODE using data from about 300 GNSS sites of the IGS and DESCRIPTION         
other institutions. The vertical total electron content     DESCRIPTION         
(VTEC) is modeled in a solar-geomagnetic reference frame    DESCRIPTION         
using a spherical harmonics expansion up to degree and      DESCRIPTION         
order 15. Piece-wise linear functions are used for          DESCRIPTION         
representation in the time domain. The time spacing of      DESCRIPTION         
their vertices is 1 hour, conforming with the epochs of the DESCRIPTION         
VTEC maps.                                                  DESCRIPTION         
To convert line-of-sight TEC into vertical TEC, a modified  DESCRIPTION         
single-layer model mapping function approximating the JPL   DESCRIPTION         
extended slab model mapping function is adopted. The        DESCRIPTION         
mapping function is evaluated at geodetic satellite         DESCRIPTION         
elevation angles. For the computation of the ionospheric    DESCRIPTION         
pierce points, a spherical layer with a radius of 6821 km   DESCRIPTION         
is assumed, implying geocentric, not geodetic IONEX         DESCRIPTION         
latitudes.                                                  DESCRIPTION         
Instrumental biases with respect to each involved GNSS code DESCRIPTION         
observable are estimated as constant values for each        DESCRIPTION         
day. They are modeled with one set of bias parameters for   DESCRIPTION         
each satellite and each station in case of GPS and for each DESCRIPTION         
satellite-station link in case of GLONASS. The code bias    DESCRIPTION         
datum is defined by zero-mean conditions imposed on the     DESCRIPTION         
satellite bias estimates. In this file, just GPS C1W-C2W    DESCRIPTION         
satellite and station bias values are included. The         DESCRIPTION         
complete set of GNSS code bias results is provided in an    DESCRIPTION         
additional Bias-SINEX file as pseudo-absolute values        DESCRIPTION         
specific to each observable.                                DESCRIPTION         
Note: These GIM results correspond to the results for the   DESCRIPTION         
middle day of a 3-day combination analysis solving for 73   DESCRIPTION         
times 256, or 18688 VTEC parameters and 3 daily sets of     DESCRIPTION         
GNSS code bias parameters.                                  DESCRIPTION         
Contact address: code(at)aiub.unibe.ch                      DESCRIPTION         
Data archive:    ftp.aiub.unibe.ch/CODE/                    DESCRIPTION         
                 www.aiub.unibe.ch/download/CODE/           DESCRIPTION         
  2025     3    13     0     0     0                        EPOCH OF FIRST MAP  
  2025     3    14     0     0     0                        EPOCH OF LAST MAP   
  3600                                                      INTERVAL            
[...]
abpo adis albh algo alic amu2 antc areg areq ascg aspa azgb COMMENT             
badg bake barh bjfs bndy boav bogo bogt bor1 braz brft brst COMMENT             
brux cags cas1 ccj2 cedu chpg chur ckis coco cord cpvg cpxf COMMENT             
cro1 daej darw dav1 dgar dhlg drao dubo ebre faa1 fair flin COMMENT             
flrs frdn func ganp glps glsv gode gol2 gold gope gras graz COMMENT             
guam guug harb hers hert hlfx hnpt hob2 hofn holb hrao iddr COMMENT             
ieng iisc impz ineg invk iqal irkj jog2 joz2 karr kerg kir0 COMMENT             
kiri kiru kit3 kokb kokv koug kour krgg lama laut lmmf lpal COMMENT             
lpgs mac1 madr mal2 mana mas1 mat1 mate maui maw1 mcm4 mdo1 COMMENT             
medi mgue mizu mkea mnls mobs monp morp mro1 mtka nano naur COMMENT             
nico nist nium nklg nlib nnor nrc1 ntus nya1 nyal onsa opmt COMMENT             
ous2 pado parc park pdel penc pert pie1 pimo pohn pol2 polv COMMENT             
pots pove ptag ptbb ptvl qaq1 quin rabt ramo reun reyk rgdg COMMENT             
rio2 roth salu samo sant savo sch2 scor scrz scub seyg sfer COMMENT             
spt0 ssia sthl stjo stk2 str2 suth sutm suwn sydn syog tash COMMENT             
thtg thti thu2 tid1 tidb tlse tn22 tong tow2 tro1 tskb twtf COMMENT             
txes uclu ufpr ulab unb3 unbj unsa urum usn7 usud vald vill COMMENT             
vtsp wab1 wab2 whit will wind wtza wtzr wtzs wtzz wuhn xmis COMMENT             
yar2 yar3 yarr yell ykro zeck zim2 zim3 zimm                COMMENT             
                                                            END OF HEADER       
[from data line 429]
     2                                                      START OF TEC MAP    
  2025     3    13     1     0     0                        EPOCH OF CURRENT MAP
    87.5-180.0 180.0   5.0 450.0                            LAT/LON1/LON2/DLON/H
  111  114  117  120  123  125  128  131  134  137  139  142  144  146  148  149
  150  151  151  151  151  150  149  147  145  143  141  138  135  132  129  126
  123  120  117  113  110  107  105  102   99   97   95   93   91   89   88   86
   85   85   84   84   83   83   84   84   84   85   86   87   88   89   91   92
   94   96   98  100  102  104  106  109  111
    85.0-180.0 180.0   5.0 450.0                            LAT/LON1/LON2/DLON/H
  104  108  112  117  122  128  134  140  146  152  158  164  169  174  178  182
  185  186  187  187  186  184  181  177  172  167  161  155  149  142  136  129
  123  117  111  105  100   95   90   85   81   78   74   71   68   66   64   63
   61   61   60   60   61   62   63   64   66   67   69   71   73   75   78   80
   82   84   86   89   91   94   97  100  104
    82.5-180.0 180.0   5.0 450.0                            LAT/LON1/LON2/DLON/H
   99  103  107  112  118  125  132  141  150  159  168  178  187  195  202  208
  213  216  217  217  214  210  205  198  190  181  171  161  151  142  132  123
  115  107  100   93   87   81   76   72   67   64   60   57   54   52   50   48
   47   47   47   48   50   52   55   58   61   65   68   72   75   78   80   82
   84   86   88   89   90   92   94   96   99
    80.0-180.0 180.0   5.0 450.0                            LAT/LON1/LON2/DLON/H
  104  106  108  111  116  122  130  139  149  160  172  184  195  207  217  225
  231  236  237  236  232  226  218  207  195  183  170  157  144  132  121  111
  102   94   88   82   77   73   69   66   63   60   57   54   51   49   47   46
   45   45   46   48   51   55   60   65   71   77   82   88   92   96   99  101
  103  104  104  104  104  104  103  103  104
    77.5-180.0 180.0   5.0 450.0                            LAT/LON1/LON2/DLON/H
  125  123  123  123  125  129  134  141  150  160  171  183  196  208  220  230
  238  243  245  243  239  231  220  206  192  176  160  145  131  118  107   98
   91   85   80   77   74   73   71   70   68   67   65   63   61   58   56   55
   54   54   56   59   63   69   76   84   92  100  108  115  121  126  130  132
  134  134  134  133  132  130  128  127  125
    75.0-180.0 180.0   5.0 450.0                            LAT/LON1/LON2/DLON/H
  162  158  154  151  148  148  149  151  156  163  171  180  190  201  212  223
  231  238  241  240  235  226  214  199  182  165  148  132  119  107   98   90
   85   82   80   79   79   80   81   82   83   82   82   80   78   76   74   72
   71   71   73   76   81   89   97  107  118  128  138  146  153  159  163  166
  168  169  169  170  170  169  167  165  162
    72.5-180.0 180.0   5.0 450.0                            LAT/LON1/LON2/DLON/H
  210  205  199  192  185  180  175  172  171  171  173  176  181  188  196  205
  215  223  228  229  226  217  205  189  172  155  138  124  111  102   95   90
   87   86   86   88   90   92   95   97   99  100  100   99   98   96   93   91
   90   90   92   96  102  110  119  130  142  154  164  173  181  186  190  193
  195  198  201  205  208  211  213  212  210
    70.0-180.0 180.0   5.0 450.0                            LAT/LON1/LON2/DLON/H
  260  255  248  239  229  219  210  202  194  186  179  174  170  170  174  182
  192  202  210  215  214  208  197  182  165  149  134  121  111  104   99   96
   95   95   96   98  101  104  107  110  112  113  114  113  112  110  109  107
  107  107  109  113  119  126  136  147  159  171  181  189  196  200  203  206
  209  214  221  230  240  249  256  260  260
    67.5-180.0 180.0   5.0 450.0                            LAT/LON1/LON2/DLON/H
  301  299  291  281  269  257  246  234  221  207  190  174  161  152  150  156
  166  179  192  200  203  200  190  177  161  146  133  122  114  109  106  104
  104  104  104  105  107  110  112  115  117  118  118  118  117  116  115  115
  115  117  120  123  129  136  144  154  165  176  185  192  197  199  201  203
  207  214  225  240  257  273  287  297  301
    65.0-180.0 180.0   5.0 450.0                            LAT/LON1/LON2/DLON/H
  326  326  319  309  297  286  275  264  249  229  205  179  154  137  128  131
  142  158  175  187  194  193  185  173  158  144  133  123  117  113  111  109
  108  107  106  106  106  108  109  111  112  112  112  110  109  109  110  111
  114  117  121  125  130  136  143  151  160  169  177  182  185  186  187  188
  192  201  216  235  258  281  302  318  326
    62.5-180.0 180.0   5.0 450.0                            LAT/LON1/LON2/DLON/H
  332  334  328  319  309  300  294  286  273  252  222  187  153  126  112  111
  123  141  160  176  184  184  177  166  152  139  129  120  115  111  108  106
  104  101   99   98   98   99  100  101  101   99   97   95   93   93   95   99
  103  109  114  119  123  127  132  139  146  154  161  166  168  169  169  170
  174  183  199  221  248  276  301  321  332
    60.0-180.0 180.0   5.0 450.0                            LAT/LON1/LON2/DLON/H
  326  329  324  315  307  303  303  302  293  273  240  199  156  123  103  100
  110  128  148  162  170  169  163  152  140  128  118  110  105  100   97   94
   91   88   86   85   85   86   88   88   87   84   80   76   73   73   75   80
   87   95  101  107  111  114  117  122  129  137  144  150  154  155  156  158
  162  171  186  208  234  263  290  313  326
    57.5-180.0 180.0   5.0 450.0                            LAT/LON1/LON2/DLON/H
  316  321  316  308  302  302  308  314  312  295  261  215  167  128  104   98
  105  120  135  145  149  147  140  130  120  111  102   95   88   83   79   76
   73   71   70   71   73   75   77   78   76   72   66   60   56   54   57   62
   70   79   87   93   97  100  103  107  114  124  133  142  148  153  156  160
  166  174  186  204  226  252  279  302  316
    55.0-180.0 180.0   5.0 450.0                            LAT/LON1/LON2/DLON/H
  317  323  320  312  306  308  318  330  333  318  284  236  185  142  115  105
  107  114  121  123  121  116  109  103   96   90   83   77   70   65   60   58
   56   56   58   60   64   69   72   73   71   66   59   52   47   44   45   50
   57   66   75   82   87   90   94  100  109  120  133  146  156  165  173  180
  187  195  204  216  232  254  278  301  317
    52.5-180.0 180.0   5.0 450.0                            LAT/LON1/LON2/DLON/H
  336  346  345  337  330  332  342  355  360  346  311  261  208  164  135  120
  114  111  106   98   90   82   77   75   74   72   68   63   56   51   47   45
   46   48   52   57   63   69   73   74   72   68   61   54   49   45   45   47
   53   61   70   78   84   89   95  103  115  130  147  163  177  191  203  215
  225  233  239  246  256  272  294  317  336
    50.0-180.0 180.0   5.0 450.0                            LAT/LON1/LON2/DLON/H
  378  393  395  388  378  375  381  391  394  378  341  290  236  192  161  142
  127  111   93   75   60   52   50   54   59   63   62   58   52   46   43   43
   46   50   56   63   70   75   79   80   79   75   71   66   62   58   56   55
   58   64   72   81   90   98  107  118  134  152  172  191  208  225  242  258
  272  282  287  291  297  310  330  355  378
    47.5-180.0 180.0   5.0 450.0                            LAT/LON1/LON2/DLON/H
  439  459  465  458  444  435  433  436  433  412  372  319  266  223  192  168
  144  117   87   61   43   36   38   47   58   66   68   65   59   52   49   51
   55   62   69   76   82   86   89   89   88   87   86   84   83   80   76   73
   72   75   83   93  105  116  129  144  162  184  205  225  244  263  282  302
  320  333  340  345  350  362  383  411  439
    45.0-180.0 180.0   5.0 450.0                            LAT/LON1/LON2/DLON/H
  508  532  541  533  516  498  487  482  471  445  401  347  294  253  222  195
  165  129   93   64   46   40   46   58   72   82   85   82   75   68   64   66
   71   79   86   93   97   99  100   99   99  100  102  105  107  106  101   95
   91   92   98  111  125  141  157  175  196  219  241  260  278  297  318  340
  361  378  391  400  410  425  447  477  508
    42.5-180.0 180.0   5.0 450.0                            LAT/LON1/LON2/DLON/H
  575  598  608  599  577  552  532  519  502  472  425  370  319  280  251  223
  189  151  114   87   72   69   74   85   98  107  109  105   96   87   82   83
   89   97  104  110  114  114  112  110  110  113  119  125  130  130  126  118
  111  109  116  130  148  168  188  209  231  253  274  292  309  327  348  371
  395  417  436  454  472  492  516  545  575
    40.0-180.0 180.0   5.0 450.0                            LAT/LON1/LON2/DLON/H
  631  649  654  643  616  585  560  541  522  491  444  390  340  302  275  248
  216  181  150  130  119  116  118  123  129  135  135  128  116  104   98   98
  103  112  121  128  131  130  126  123  122  127  134  143  149  150  145  136
  127  124  131  148  170  194  217  239  262  283  303  320  336  355  376  400
  424  450  477  506  534  561  584  608  631
    37.5-180.0 180.0   5.0 450.0                            LAT/LON1/LON2/DLON/H
  674  681  680  664  633  598  568  549  532  504  460  407  357  320  294  271
  245  218  198  186  180  174  167  161  159  160  157  148  133  119  110  108
  114  124  136  145  151  150  145  140  139  143  150  157  161  161  156  146
  137  134  142  161  188  215  241  265  287  308  327  345  363  384  407  432
  457  485  519  559  598  630  651  664  674
    35.0-180.0 180.0   5.0 450.0                            LAT/LON1/LON2/DLON/H
  712  705  695  674  639  599  567  549  537  516  478  426  375  337  311  291
  273  257  248  245  240  227  208  191  182  179  175  165  148  131  120  118
  124  136  151  166  174  175  170  164  161  163  166  168  168  165  158  149
  140  138  147  170  200  231  260  285  308  329  349  370  393  420  449  475
  500  530  568  616  665  700  717  718  712
    32.5-180.0 180.0   5.0 450.0                            LAT/LON1/LON2/DLON/H
  754  736  718  693  654  609  572  554  547  535  503  452  398  355  327  310
  298  293  293  293  286  264  234  209  196  194  192  183  166  148  136  133
  140  154  173  191  204  206  201  193  188  185  183  178  170  162  154  146
  138  137  148  172  207  243  275  303  327  350  373  400  431  468  504  535
  560  589  630  683  736  774  785  774  754
    30.0-180.0 180.0   5.0 450.0                            LAT/LON1/LON2/DLON/H
  811  788  769  743  701  648  603  580  575  569  542  490  430  379  346  329
  321  320  323  323  309  279  242  215  206  210  214  208  193  177  166  164
  169  183  203  224  239  242  235  225  216  209  199  185  169  156  147  140
  135  134  146  172  210  251  288  320  348  374  403  437  479  528  574  610
  637  664  703  757  812  849  857  839  811
    27.5-180.0 180.0   5.0 450.0                            LAT/LON1/LON2/DLON/H
  889  872  860  839  794  731  671  637  628  624  598  543  474  413  371  350
  340  337  336  330  309  274  239  219  222  237  250  249  237  225  217  215
  218  228  245  264  278  279  269  255  243  230  213  191  168  150  141  136
  132  132  144  171  212  258  301  339  372  404  439  482  535  596  652  694
  723  748  784  834  886  922  930  913  889
    25.0-180.0 180.0   5.0 450.0                            LAT/LON1/LON2/DLON/H
  983  984  989  979  935  860  780  727  707  698  670  610  531  457  406  375
  358  347  336  320  295  263  238  234  253  282  302  306  300  293  290  289
  287  288  296  308  316  312  298  280  263  247  224  196  167  147  139  136
  134  134  144  171  215  266  316  360  400  438  480  532  596  665  729  777
  807  831  862  906  952  986  998  992  983
    22.5-180.0 180.0   5.0 450.0                            LAT/LON1/LON2/DLON/H
 1080 1107 1136 1143 1103 1019  918  841  803  786  753  687  598  513  450  409
  380  355  331  308  283  262  255  272  309  347  372  379  378  379  382  380
  370  358  351  351  349  338  319  296  276  257  231  199  168  148  142  142
  141  140  148  174  219  275  331  383  429  474  524  583  654  728  796  845
  878  901  928  963 1001 1032 1052 1064 1080
    20.0-180.0 180.0   5.0 450.0                            LAT/LON1/LON2/DLON/H
 1160 1216 1271 1298 1269 1179 1062  962  905  876  838  767  671  576  503  451
  408  369  335  309  293  291  307  343  389  429  451  458  462  473  482  478
  457  428  403  387  374  355  330  305  283  261  235  202  172  154  150  153
  152  149  154  179  225  285  347  405  457  508  564  629  703  778  843  892
  924  949  973  999 1027 1055 1084 1117 1160
    17.5-180.0 180.0   5.0 450.0                            LAT/LON1/LON2/DLON/H
 1204 1281 1358 1406 1392 1307 1182 1066  994  956  915  843  743  643  563  502
  448  399  359  340  341  361  397  443  487  517  528  531  541  560  575  568
  535  487  443  412  388  364  335  308  285  264  237  206  178  163  162  166
  165  160  162  185  232  294  361  423  479  535  595  665  739  810  868  911
  943  969  992 1010 1029 1053 1089 1139 1204
    15.0-180.0 180.0   5.0 450.0                            LAT/LON1/LON2/DLON/H
 1200 1285 1372 1436 1442 1375 1256 1137 1058 1017  977  907  810  710  628  561
  500  446  411  406  430  472  520  561  587  595  589  587  602  629  648  636
  590  526  467  424  393  366  337  310  288  266  241  211  186  173  174  178
  175  168  168  190  237  302  371  435  494  551  615  687  760  824  872  906
  936  965  988 1001 1011 1030 1069 1127 1200
    12.5-180.0 180.0   5.0 450.0                            LAT/LON1/LON2/DLON/H
 1149 1223 1304 1377 1407 1368 1271 1165 1092 1055 1021  959  869  774  693  625
  563  512  489  506  553  610  654  675  670  647  624  618  638  672  691  673
  616  540  472  424  391  364  339  315  293  272  246  217  194  182  183  185
  180  171  170  192  240  307  378  443  500  557  622  695  767  824  860  885
  912  943  968  979  983  996 1031 1085 1149
    10.0-180.0 180.0   5.0 450.0                            LAT/LON1/LON2/DLON/H
 1068 1112 1172 1246 1299 1296 1235 1155 1099 1074 1051  999  918  831  756  691
  632  590  583  622  687  746  772  759  716  664  628  623  650  687  702  675
  609  529  461  414  384  362  341  321  302  279  252  223  199  187  184  183
  177  167  167  190  240  309  382  447  501  555  618  692  763  815  842  858
  880  913  942  953  953  962  989 1028 1068
     7.5-180.0 180.0   5.0 450.0                            LAT/LON1/LON2/DLON/H
  981  983 1012 1078 1151 1187 1168 1122 1091 1083 1072 1031  960  882  813  753
  700  667  676  731  803  850  845  791  713  643  605  609  643  677  683  645
  575  498  437  398  375  359  344  328  310  286  256  225  199  184  178  173
  164  155  156  182  236  309  385  449  501  549  608  681  753  802  824  833
  852  885  917  931  932  938  957  976  981
     5.0-180.0 180.0   5.0 450.0                            LAT/LON1/LON2/DLON/H
  916  876  871  924 1011 1079 1099 1089 1083 1092 1093 1060  997  926  864  808
  759  733  750  808  872  894  852  762  662  591  568  588  627  653  642  592
  520  453  406  379  364  353  342  329  312  286  254  220  191  173  163  155
  145  136  141  170  229  307  387  453  501  542  596  666  739  789  810  816
  833  866  899  917  922  931  945  945  916
     2.5-180.0 180.0   5.0 450.0                            LAT/LON1/LON2/DLON/H
  895  824  791  831  922 1010 1058 1074 1089 1111 1118 1089 1029  964  906  854
  805  777  790  836  876  863  786  673  574  525  531  572  613  623  590  526
  456  402  372  358  350  341  332  320  303  276  242  206  175  155  142  131
  121  114  122  156  219  303  389  458  503  538  583  649  722  776  801  809
  825  856  889  910  922  939  956  947  895
