ionex_files/COD0OPSFIN_20250980000_01D_01H_GIM.INX
     1.0            IONOSPHERE MAPS     GNSS                IONEX VERSION / TYPE
ADDNEQ2 V5.5        AIUB                12-APR-25 19:01     PGM / RUN BY / DATE 
CODE'S GLOBAL IONOSPHERE MAPS FOR DAY 098, 2025             COMMENT             
Global ionosphere maps (GIM) are generated on a daily basis DESCRIPTION         
at CODE using data from about 300 GNSS sites of the IGS and DESCRIPTION         
other institutions. The vertical total electron content     DESCRIPTION         
(VTEC) is modeled in a solar-geomagnetic reference frame    DESCRIPTION         
using a spherical harmonics expansion up to degree and      DESCRIPTION         
order 15. Piece-wise linear functions are used for          DESCRIPTION         
representation in the time domain. The time spacing of      DESCRIPTION         
their vertices is 1 hour, conforming with the epochs of the DESCRIPTION         
VTEC maps.                                                  DESCRIPTION         
To convert line-of-sight TEC into vertical TEC, a modified  DESCRIPTION         
single-layer model mapping function approximating the JPL   DESCRIPTION         
extended slab model mapping function is adopted. The        DESCRIPTION         
mapping function is evaluated at geodetic satellite         DESCRIPTION         
elevation angles. For the computation of the ionospheric    DESCRIPTION         
pierce points, a spherical layer with a radius of 6821 km   DESCRIPTION         
is assumed, implying geocentric, not geodetic IONEX         DESCRIPTION         
latitudes.                                                  DESCRIPTION         
Instrumental biases with respect to each involved GNSS code DESCRIPTION         
observable are estimated as constant values for each        DESCRIPTION         
day. They are modeled with one set of bias parameters for   DESCRIPTION         
each satellite and each station in case of GPS and for each DESCRIPTION         
satellite-station link in case of GLONASS. The code bias    DESCRIPTION         
datum is defined by zero-mean conditions imposed on the     DESCRIPTION         
satellite bias estimates. In this file, just GPS C1W-C2W    DESCRIPTION         
satellite and station bias values are included. The         DESCRIPTION         
complete set of GNSS code bias results is provided in an    DESCRIPTION         
additional Bias-SINEX file as pseudo-absolute values        DESCRIPTION         
specific to each observable.                                DESCRIPTION         
Note: These GIM results correspond to the results for the   DESCRIPTION         
middle day of a 3-day combination analysis solving for 73   DESCRIPTION         
times 256, or 18688 VTEC parameters and 3 daily sets of     DESCRIPTION         
GNSS code bias parameters.                                  DESCRIPTION         
Contact address: code(at)aiub.unibe.ch                      DESCRIPTION         
Data archive:    ftp.aiub.unibe.ch/CODE/                    DESCRIPTION         
                 www.aiub.unibe.ch/download/CODE/           DESCRIPTION         
  2025     4     8     0     0     0                        EPOCH OF FIRST MAP  
  2025     4     9     0     0     0                        EPOCH OF LAST MAP   
  3600                                                      INTERVAL            
[...]
badg bake barh bjfs bndy boav bogo bogt bor1 braz brft brst COMMENT             
brux cags cas1 ccj2 cedu chpg chti chur ckis coco cord cpvg COMMENT             
cpxf cro1 daej darw dav1 dgar dhlg drao dubo ebre faa1 fair COMMENT             
flin flrs frdn func ganp glps glsv gode gol2 gold gope gras COMMENT             
graz guam guug harb hers hert hlfx hnpt hob2 hofn holb hrao COMMENT             
hyde iddr ieng iisc impz ineg invk iqal irkj jog2 joz2 joze COMMENT             
karr kerg kir0 kiri kiru kit3 kokb kokv koug kour krgg lama COMMENT             
laut lmmf lpal lpgs m0se mac1 madr mal2 mana mas1 mat1 mate COMMENT             
maui maw1 mcil mcm4 mdo1 medi mgue mizu mkea mnls mobs morp COMMENT             
mqzg mro1 mtka nano naur nico nist nium nklg nlib nnor not1 COMMENT             
nrc1 ntus nya1 nyal onsa opmt ous2 pado parc park pdel penc COMMENT             
pert pie1 pimo pohn pol2 polv pots pove ptag ptbb ptvl qaq1 COMMENT             
quin rabt ramo reun reyk rgdg rio2 roth salu samo sant savo COMMENT             
sch2 scor scrz sctb scub seyg sfer spt0 ssia sthl stjo stk2 COMMENT             
str2 suth sutm sydn syog tash thtg thti thu2 tid1 tidb tlse COMMENT             
tn22 tong tro1 tskb twtf txes uclu ufpr unb3 unbj unsa urum COMMENT             
usn7 usud vald vill vtsp wab1 wab2 wark wgtn whit will wind COMMENT             
wsrt wtza wtzr wtzs wtzz wuhn xmis yar2 yar3 yarr yell ykro COMMENT             
zeck zim2 zim3 zimm                                         COMMENT             
                                                            END OF HEADER       
[from data line 3861]
    10                                                      START OF TEC MAP    
  2025     4     8     9     0     0                        EPOCH OF CURRENT MAP
    87.5-180.0 180.0   5.0 450.0                            LAT/LON1/LON2/DLON/H
  159  161  163  165  168  171  174  178  181  185  188  192  196  199  203  206
  209  212  214  216  218  220  221  222  223  223  224  223  223  222  221  220
  219  218  216  215  213  211  209  207  205  203  201  199  196  194  192  190
  187  185  182  180  178  175  173  171  169  166  164  162  161  159  158  156
  155  155  154  154  155  155  156  157  159
    85.0-180.0 180.0   5.0 450.0                            LAT/LON1/LON2/DLON/H
  129  131  135  139  144  149  155  162  169  176  183  191  198  205  211  218
  223  228  233  237  240  242  244  245  245  245  244  243  241  239  237  235
  232  230  227  225  222  220  218  215  213  211  209  206  204  202  199  197
  194  191  188  185  182  178  174  171  166  162  158  154  149  145  141  138
  134  132  129  127  126  126  126  127  129
    82.5-180.0 180.0   5.0 450.0                            LAT/LON1/LON2/DLON/H
  110  111  114  118  124  130  137  146  154  163  173  182  191  200  209  217
  224  230  236  240  243  246  247  247  246  244  242  240  237  234  231  228
  225  223  221  219  218  217  217  216  216  216  216  216  216  216  216  215
  215  213  212  209  207  203  199  195  189  184  178  171  165  158  151  144
  137  131  125  120  116  113  111  110  110
    80.0-180.0 180.0   5.0 450.0                            LAT/LON1/LON2/DLON/H
  109  107  108  110  114  119  126  133  141  149  158  167  176  184  192  200
  207  213  218  222  225  227  227  226  224  221  218  214  211  208  205  203
  202  202  202  203  205  208  210  214  217  221  225  229  233  237  241  245
  247  249  251  251  250  248  244  240  235  228  221  213  204  195  186  176
  167  157  147  138  130  123  116  112  109
    77.5-180.0 180.0   5.0 450.0                            LAT/LON1/LON2/DLON/H
  126  121  118  117  118  120  124  128  133  138  143  148  153  159  164  169
  174  179  183  187  189  190  190  188  186  182  179  176  173  171  170  170
  172  175  179  184  190  197  204  212  220  228  236  245  254  263  271  280
  287  293  298  302  303  303  300  296  291  284  276  268  258  248  237  226
  214  202  190  177  165  153  142  133  126
    75.0-180.0 180.0   5.0 450.0                            LAT/LON1/LON2/DLON/H
  155  145  139  135  133  133  133  134  134  134  133  131  130  130  130  131
  133  136  139  142  145  146  146  145  143  141  138  136  134  134  136  139
  145  152  160  170  180  190  201  212  223  235  247  260  273  287  300  313
  326  336  345  351  354  355  353  349  343  336  327  319  310  300  290  279
  267  254  240  225  210  194  179  166  155
    72.5-180.0 180.0   5.0 450.0                            LAT/LON1/LON2/DLON/H
  183  171  162  157  153  151  149  147  143  137  129  121  112  105   99   96
   95   96   98  101  105  107  109  109  109  108  107  107  107  109  114  120
  129  139  151  163  176  189  202  214  227  240  255  270  286  303  321  338
  354  368  379  387  391  392  389  384  376  368  359  350  342  334  326  318
  308  297  284  268  251  233  215  198  183
    70.0-180.0 180.0   5.0 450.0                            LAT/LON1/LON2/DLON/H
  200  186  176  170  167  166  165  161  155  145  132  117  103   89   79   72
   68   68   71   75   79   83   87   90   92   93   94   96   98  102  108  117
  128  140  153  166  180  192  204  216  228  241  255  271  288  308  327  347
  366  383  395  404  407  406  401  392  382  372  362  354  347  342  337  333
  327  319  308  294  277  258  238  218  200
    67.5-180.0 180.0   5.0 450.0                            LAT/LON1/LON2/DLON/H
  199  183  173  168  167  168  170  169  163  153  138  121  102   85   72   64
   59   59   62   67   72   78   84   89   93   97  100  103  107  112  118  127
  138  150  163  176  187  198  207  216  226  237  249  263  280  299  320  341
  361  378  391  399  400  396  388  376  362  349  338  330  325  322  321  321
  320  316  308  297  281  262  240  218  199
    65.0-180.0 180.0   5.0 450.0                            LAT/LON1/LON2/DLON/H
  179  162  150  146  148  153  160  163  162  155  142  126  108   91   79   71
   68   69   72   77   83   89   95  101  108  113  118  122  126  130  136  145
  155  165  176  186  195  202  209  215  221  229  239  251  265  282  301  321
  340  357  369  376  375  369  357  342  325  311  299  291  287  287  288  291
  293  293  289  280  266  247  225  201  179
    62.5-180.0 180.0   5.0 450.0                            LAT/LON1/LON2/DLON/H
  151  131  117  112  115  124  134  143  148  147  139  127  114  102   93   89
   89   91   95   98  102  106  111  118  126  133  139  143  146  149  154  161
  169  179  188  195  201  206  210  214  219  224  231  239  249  262  278  295
  312  328  339  344  343  334  321  304  287  272  261  254  251  251  254  258
  262  263  262  255  243  224  201  176  151
    60.0-180.0 180.0   5.0 450.0                            LAT/LON1/LON2/DLON/H
  129  105   88   80   80   88  100  113  123  128  127  123  116  111  109  110
  113  117  120  120  120  121  124  130  138  146  152  156  158  160  164  170
  178  186  194  201  206  210  214  218  223  227  232  236  241  248  258  270
  285  299  309  315  313  306  293  277  262  249  240  235  233  233  235  237
  240  241  239  234  223  206  183  157  129
    57.5-180.0 180.0   5.0 450.0                            LAT/LON1/LON2/DLON/H
  128  101   79   64   59   62   71   83   95  104  109  111  112  114  119  125
  132  137  137  134  129  125  125  130  138  147  153  156  158  159  163  169
  179  188  197  205  211  217  224  231  239  245  248  248  247  246  249  255
  266  278  289  296  297  292  282  270  259  251  246  244  243  242  241  240
  238  236  233  229  220  205  184  157  128
    55.0-180.0 180.0   5.0 450.0                            LAT/LON1/LON2/DLON/H
  156  127  100   79   65   59   60   65   73   82   90   97  103  110  119  129
  139  144  142  135  125  116  113  117  126  136  142  145  146  148  153  163
  175  187  199  209  219  230  243  257  269  278  280  276  268  259  254  254
  261  272  284  293  298  297  292  286  280  278  278  279  280  278  273  265
  258  251  246  242  236  225  208  184  156
    52.5-180.0 180.0   5.0 450.0                            LAT/LON1/LON2/DLON/H
  208  181  153  127  105   88   76   70   69   72   78   85   93  102  112  123
  133  137  134  123  110   98   94   98  108  119  126  129  130  133  141  154
  171  187  203  217  233  251  272  294  313  325  327  320  304  287  273  267
  270  280  294  306  315  318  318  318  318  321  326  330  332  328  319  306
  293  282  275  271  267  261  250  232  208
    50.0-180.0 180.0   5.0 450.0                            LAT/LON1/LON2/DLON/H
  271  251  227  200  172  144  119   99   86   80   79   82   87   93  101  110
  118  121  117  106   91   79   75   81   92  104  111  114  116  121  133  151
  172  192  211  231  252  278  308  339  365  380  383  372  351  326  305  294
  294  303  317  332  343  350  353  355  359  365  373  379  380  376  364  348
  330  316  307  304  303  301  296  286  271
    47.5-180.0 180.0   5.0 450.0                            LAT/LON1/LON2/DLON/H
  324  315  299  278  250  217  182  149  123  106   96   92   91   90   92   96
  101  104  101   91   77   67   66   74   87   99  106  108  111  119  134  156
  180  203  225  248  276  310  348  386  418  437  439  426  401  372  347  331
  328  336  350  364  376  383  386  389  392  397  403  409  410  405  392  376
  358  343  333  329  329  330  330  329  324
    45.0-180.0 180.0   5.0 450.0                            LAT/LON1/LON2/DLON/H
  348  351  349  338  317  285  247  206  170  143  125  114  106   98   91   89
   91   94   93   86   77   71   72   83   97  108  114  115  117  127  146  170
  194  217  240  267  301  342  388  431  466  487  491  478  453  422  395  376
  371  376  387  400  409  413  413  411  409  409  411  413  412  407  397  383
  369  356  346  340  337  336  338  343  348
    42.5-180.0 180.0   5.0 450.0                            LAT/LON1/LON2/DLON/H
  332  346  357  360  352  329  295  254  214  182  159  143  129  114  101   93
   92   96   98   97   93   90   95  106  120  130  132  131  134  146  166  190
  212  233  255  284  324  372  423  470  506  528  534  524  503  475  448  429
  420  421  428  436  440  439  433  424  414  406  400  396  393  389  383  375
  366  358  348  338  327  319  316  321  332
    40.0-180.0 180.0   5.0 450.0                            LAT/LON1/LON2/DLON/H
  283  302  323  338  344  335  312  278  241  210  187  170  155  138  120  109
  106  111  118  122  122  123  129  140  151  157  156  154  157  169  190  211
  230  246  267  299  344  398  453  501  538  561  570  567  553  532  509  489
  477  473  474  476  474  467  454  437  419  401  386  375  368  365  364  365
  364  361  351  334  311  289  274  272  283
    37.5-180.0 180.0   5.0 450.0                            LAT/LON1/LON2/DLON/H
  220  236  259  281  298  303  294  273  245  219  201  189  177  161  144  132
  130  137  148  155  158  160  165  173  181  182  178  174  178  193  213  232
  245  257  277  312  363  422  480  528  563  588  604  611  608  597  578  558
  541  531  527  523  517  505  487  464  438  413  390  373  363  360  364  372
  380  381  370  344  305  265  233  218  220
    35.0-180.0 180.0   5.0 450.0                            LAT/LON1/LON2/DLON/H
  175  179  194  213  233  248  253  245  227  210  199  194  189  179  166  156
  156  166  178  187  191  192  195  199  202  199  193  189  196  212  233  249
  257  266  286  326  383  448  507  553  588  615  639  658  669  668  655  634
  614  599  590  583  575  562  542  517  489  460  433  411  398  395  402  415
  429  433  420  384  329  269  218  186  175
    32.5-180.0 180.0   5.0 450.0                            LAT/LON1/LON2/DLON/H
  175  163  160  165  178  195  207  209  200  189  185  187  190  188  181  176
  179  190  203  211  213  212  212  212  211  206  198  196  207  228  250  265
  270  277  299  344  408  476  536  581  616  648  681  713  737  745  736  715
  692  674  664  658  652  641  625  603  578  550  524  501  486  482  488  502
  517  522  505  461  394  318  250  202  175
    30.0-180.0 180.0   5.0 450.0                            LAT/LON1/LON2/DLON/H
  239  209  184  167  163  172  182  186  180  171  169  175  184  188  187  187
  192  204  215  221  220  216  214  213  210  203  196  198  214  241  267  283
  288  295  320  370  439  509  569  613  649  686  728  772  807  822  816  795
  771  754  748  747  747  742  732  717  700  680  659  639  624  616  617  627
  638  640  620  572  498  414  338  280  239
    27.5-180.0 180.0   5.0 450.0                            LAT/LON1/LON2/DLON/H
  367  323  277  235  208  199  199  196  185  171  164  169  178  186  189  191
  198  207  215  217  213  208  205  205  202  196  191  198  221  255  287  306
  313  323  351  405  475  546  604  648  686  729  779  831  872  891  887  867
  846  834  835  843  851  853  851  847  841  832  821  806  791  778  770  770
  772  768  746  697  626  545  471  413  367
    25.0-180.0 180.0   5.0 450.0                            LAT/LON1/LON2/DLON/H
  534  486  426  363  312  282  266  250  226  200  183  179  184  189  191  194
  199  205  208  204  197  193  193  196  196  191  189  201  230  272  311  336
  347  360  390  445  514  582  638  682  724  771  826  881  924  943  940  924
  909  908  920  938  953  962  966  971  976  981  980  972  957  938  920  905
  894  881  857  813  751  683  622  575  534
    22.5-180.0 180.0   5.0 450.0                            LAT/LON1/LON2/DLON/H
  703  664  602  527  459  410  376  343  303  262  231  214  208  206  203  203
  205  205  201  191  182  180  186  194  198  195  195  209  244  293  339  370
  386  402  434  486  551  614  667  712  757  808  864  917  955  973  971  961
  958  969  994 1021 1041 1052 1059 1068 1083 1098 1109 1107 1093 1067 1036 1006
  980  956  929  892  845  796  756  729  703
    20.0-180.0 180.0   5.0 450.0                            LAT/LON1/LON2/DLON/H
  833  812  761  689  616  555  507  459  405  349  303  272  254  241  231  225
  222  216  204  188  177  178  190  204  211  209  208  223  260  314  366  403
  425  444  476  524  582  639  689  736  784  836  888  934  965  979  980  979
  990 1016 1051 1083 1104 1112 1117 1126 1144 1167 1185 1189 1174 1143 1101 1055
 1014  979  948  918  886  857  840  836  833
    17.5-180.0 180.0   5.0 450.0                            LAT/LON1/LON2/DLON/H
  890  894  867  811  745  683  629  574  510  445  389  347  318  295  277  265
  256  244  224  201  186  189  207  226  234  229  225  238  276  332  388  430
  457  479  510  554  605  656  704  752  802  852  898  933  956  967  973  984
 1009 1047 1090 1123 1138 1139 1135 1139 1156 1181 1202 1208 1193 1158 1108 1052
  997  950  915  888  867  853  854  870  890
    15.0-180.0 180.0   5.0 450.0                            LAT/LON1/LON2/DLON/H
  863  892  894  864  817  766  716  660  596  529  470  424  389  359  335  318
  305  287  260  229  211  214  234  254  261  252  243  251  286  342  401  446
  477  502  533  573  619  666  713  763  813  859  895  921  936  946  959  983
 1020 1067 1111 1140 1146 1135 1120 1115 1126 1149 1170 1176 1161 1124 1071 1009
  945  888  845  816  797  790  798  825  863
    12.5-180.0 180.0   5.0 450.0                            LAT/LON1/LON2/DLON/H
  765  814  843  843  820  787  749  702  645  585  531  488  452  421  395  378
  363  341  307  269  245  245  264  283  285  271  255  257  289  343  402  449
  483  511  543  583  626  672  720  770  818  859  887  903  914  927  949  984
 1030 1080 1121 1141 1137 1114 1088 1073 1076 1093 1110 1114 1098 1063 1012  950
  883  818  765  728  704  691  694  720  765
    10.0-180.0 180.0   5.0 450.0                            LAT/LON1/LON2/DLON/H
  633  690  740  765  765  751  727  694  649  601  559  525  496  469  446  431
  417  394  356  312  281  276  290  304  301  280  258  256  285  336  392  440
  476  508  544  585  630  677  726  776  822  857  878  890  901  919  950  993
 1043 1090 1123 1133 1120 1089 1055 1032 1027 1037 1050 1051 1035 1003  958  903
  837  767  704  655  617  590  577  591  633
     7.5-180.0 180.0   5.0 450.0                            LAT/LON1/LON2/DLON/H
  511  567  625  664  680  680  669  648  617  582  552  530  511  492  476  465
  456  434  394  346  309  297  305  312  303  278  253  249  274  322  376  423
  462  498  539  584  633  682  732  781  824  854  872  884  900  926  965 1011
 1058 1098 1121 1123 1105 1072 1036 1008  998 1003 1012 1010  994  966  931  886
  827  756  684  620  567  521  488  482  511
     5.0-180.0 180.0   5.0 450.0                            LAT/LON1/LON2/DLON/H
  444  489  543  583  602  607  603  589  567  540  519  506  496  486  478  474
  469  451  412  363  322  304  305  306  292  266  241  238  263  308  359  405
  445  486  531  581  633  685  737  784  824  852  870  888  912  946  988 1033
 1073 1102 1115 1113 1097 1069 1037 1010  998 1001 1007 1004  987  964  938  905
  856  788  710  636  569  507  457  431  444
     2.5-180.0 180.0   5.0 450.0                            LAT/LON1/LON2/DLON/H
  455  486  527  556  566  565  558  545  523  496  476  465  461  457  454  454
  453  440  407  360  319  297  291  287  272  247  226  227  253  297  345  390
  431  474  523  577  631  685  735  781  819  847  871  896  929  969 1012 1051
 1080 1096 1103 1102 1094 1078 1055 1033 1023 1026 1032 1029 1012  991  972  952
  915  853  774  694  621  553  494  457  455
