ionex_files/COD0OPSFIN_20250890000_01D_01H_GIM.INX
     1.0            IONOSPHERE MAPS     GNSS                IONEX VERSION / TYPE
ADDNEQ2 V5.5        AIUB                03-APR-25 19:00     PGM / RUN BY / DATE 
CODE'S GLOBAL IONOSPHERE MAPS FOR DAY 089, 2025             COMMENT             
Global ionosphere maps (GIM) are generated on a daily basis DESCRIPTION         
at CODE using data from about 300 GNSS sites of the IGS and DESCRIPTION         
other institutions. The vertical total electron content     DESCRIPTION         
(VTEC) is modeled in a solar-geomagnetic reference frame    DESCRIPTION         
using a spherical harmonics expansion up to degree and      DESCRIPTION         
order 15. Piece-wise linear functions are used for          DESCRIPTION         
representation in the time domain. The time spacing of      DESCRIPTION         
their vertices is 1 hour, conforming with the epochs of the DESCRIPTION         
VTEC maps.                                                  DESCRIPTION         
To convert line-of-sight TEC into vertical TEC, a modified  DESCRIPTION         
single-layer model mapping function approximating the JPL   DESCRIPTION         
extended slab model mapping function is adopted. The        DESCRIPTION         
mapping function is evaluated at geodetic satellite         DESCRIPTION         
elevation angles. For the computation of the ionospheric    DESCRIPTION         
pierce points, a spherical layer with a radius of 6821 km   DESCRIPTION         
is assumed, implying geocentric, not geodetic IONEX         DESCRIPTION         
latitudes.                                                  DESCRIPTION         
Instrumental biases with respect to each involved GNSS code DESCRIPTION         
observable are estimated as constant values for each        DESCRIPTION         
day. They are modeled with one set of bias parameters for   DESCRIPTION         
each satellite and each station in case of GPS and for each DESCRIPTION         
satellite-station link in case of GLONASS. The code bias    DESCRIPTION         
datum is defined by zero-mean conditions imposed on the     DESCRIPTION         
satellite bias estimates. In this file, just GPS C1W-C2W    DESCRIPTION         
satellite and station bias values are included. The         DESCRIPTION         
complete set of GNSS code bias results is provided in an    DESCRIPTION         
additional Bias-SINEX file as pseudo-absolute values        DESCRIPTION         
specific to each observable.                                DESCRIPTION         
Note: These GIM results correspond to the results for the   DESCRIPTION         
middle day of a 3-day combination analysis solving for 73   DESCRIPTION         
times 256, or 18688 VTEC parameters and 3 daily sets of     DESCRIPTION         
GNSS code bias parameters.                                  DESCRIPTION         
Contact address: code(at)aiub.unibe.ch                      DESCRIPTION         
Data archive:    ftp.aiub.unibe.ch/CODE/                    DESCRIPTION         
                 www.aiub.unibe.ch/download/CODE/           DESCRIPTION         
  2025     3    30     0     0     0                        EPOCH OF FIRST MAP  
  2025     3    31     0     0     0                        EPOCH OF LAST MAP   
  3600                                                      INTERVAL            
[...]
azgb badg bake barh bjfs bndy boav bogo bogt bor1 braz brft COMMENT             
brst brux cags cas1 ccj2 cedu chpg chti chur ckis coco cord COMMENT             
cpvg cpxf cro1 daej darw dav1 dgar dhlg drao dubo ebre faa1 COMMENT             
fair flin flrs frdn func glps glsv gode gol2 gold gope gras COMMENT             
graz guam guug harb hers hert hlfx hnpt hob2 hofn holb hrao COMMENT             
iddr ieng iisc impz ineg invk iqal irkj jog2 joz2 karr kerg COMMENT             
kir0 kiri kiru kit3 kokb kokv koug kour krgg lama laut lmmf COMMENT             
lpal lpgs mac1 madr mal2 mana mas1 mat1 mate maui maw1 mcil COMMENT             
mcm4 mdo1 medi mgue mizu mkea mnls mobs morp mqzg mro1 mtka COMMENT             
nano naur nico nist nium nklg nlib nnor not1 nrc1 ntus nya1 COMMENT             
nyal onsa opmt ous2 pado parc park pdel penc pert pie1 pimo COMMENT             
pohn pol2 polv pots pove ptag ptbb ptvl qaq1 quin ramo reun COMMENT             
reyk rgdg rio2 roth salu samo sant savo sch2 scor scrz sctb COMMENT             
scub seyg sfer spt0 ssia sthl stjo stk2 str2 suth sutm suwn COMMENT             
sydn syog tash thtg thti thu2 tid1 tidb tlse tn22 tong tow2 COMMENT             
tro1 tskb twtf txes uclu ufpr ulab unb3 unbj unsa urum usn7 COMMENT             
usud vald vill vtsp wab1 wab2 whit will wind wsrt wtza wtzr COMMENT             
wtzs wtzz wuhn xmis yar2 yar3 yarr yell ykro zeck zim2 zim3 COMMENT             
zimm                                                        COMMENT             
                                                            END OF HEADER       
[from data line 1287]
     4                                                      START OF TEC MAP    
  2025     3    30     3     0     0                        EPOCH OF CURRENT MAP
    87.5-180.0 180.0   5.0 450.0                            LAT/LON1/LON2/DLON/H
  217  217  217  217  217  216  216  216  216  216  215  215  215  214  213  212
  211  210  209  208  206  204  203  201  199  197  195  194  192  190  189  187
  186  185  184  183  183  182  182  182  182  183  183  184  184  185  187  188
  189  191  192  194  196  198  200  202  204  205  207  209  210  212  213  214
  215  216  216  217  217  217  217  217  217
    85.0-180.0 180.0   5.0 450.0                            LAT/LON1/LON2/DLON/H
  231  229  227  226  226  225  225  226  226  227  228  229  229  229  229  228
  226  224  222  219  215  211  207  203  199  194  190  186  182  178  175  172
  170  168  166  165  165  164  164  165  165  166  167  168  170  171  174  176
  179  182  186  190  195  200  205  210  215  220  224  229  232  236  238  240
  241  241  241  240  238  237  235  233  231
    82.5-180.0 180.0   5.0 450.0                            LAT/LON1/LON2/DLON/H
  243  238  233  230  227  227  227  229  231  234  237  240  242  243  244  243
  241  238  234  229  223  216  209  202  195  187  180  174  168  162  158  154
  152  150  149  149  149  150  151  152  153  155  156  157  159  161  163  166
  170  175  180  187  195  203  213  222  232  242  252  261  268  274  279  282
  282  282  279  275  269  263  257  250  243
    80.0-180.0 180.0   5.0 450.0                            LAT/LON1/LON2/DLON/H
  258  246  236  229  224  223  224  227  231  237  243  248  251  254  254  253
  250  245  239  231  223  214  205  195  186  176  167  159  151  145  140  136
  134  133  134  135  138  140  143  146  148  150  151  152  153  154  155  157
  161  166  173  182  193  206  221  237  253  270  286  301  314  324  332  336
  338  335  330  322  311  299  285  271  258
    77.5-180.0 180.0   5.0 450.0                            LAT/LON1/LON2/DLON/H
  278  258  242  229  221  218  218  223  229  237  245  251  256  258  257  253
  247  240  232  223  213  203  193  183  173  163  154  145  137  130  125  121
  120  120  122  126  131  136  141  145  148  151  151  151  150  149  149  150
  153  158  166  177  192  209  229  251  274  298  321  342  361  376  388  395
  397  395  387  376  360  341  320  299  278
    75.0-180.0 180.0   5.0 450.0                            LAT/LON1/LON2/DLON/H
  304  277  253  235  222  216  216  221  228  238  246  252  255  254  249  241
  232  221  211  201  192  184  177  169  162  154  145  137  129  122  116  112
  111  112  115  120  126  133  140  145  150  152  152  151  149  147  145  145
  147  153  162  176  193  214  239  266  294  323  351  377  400  420  435  445
  449  448  440  427  409  387  360  332  304
    72.5-180.0 180.0   5.0 450.0                            LAT/LON1/LON2/DLON/H
  336  303  273  248  230  220  218  223  231  241  248  252  250  244  233  219
  205  192  181  172  166  163  160  158  154  150  144  137  129  121  115  110
  107  107  110  115  122  129  137  143  148  150  151  149  146  144  142  143
  147  154  166  182  202  226  252  281  311  342  371  399  424  445  462  474
  480  482  477  466  449  427  400  369  336
    70.0-180.0 180.0   5.0 450.0                            LAT/LON1/LON2/DLON/H
  369  333  298  267  245  231  227  230  238  247  253  253  246  232  214  194
  176  160  149  144  143  145  148  152  154  153  149  143  135  127  119  112
  107  105  106  110  116  122  129  135  140  143  143  143  141  141  142  146
  154  165  181  200  222  246  273  300  328  355  382  407  429  448  463  475
  484  488  488  483  472  455  432  403  369
    67.5-180.0 180.0   5.0 450.0                            LAT/LON1/LON2/DLON/H
  399  363  325  290  262  245  238  240  247  255  259  255  243  223  198  174
  152  136  127  125  129  136  145  153  158  160  157  152  143  133  123  114
  108  104  102  103  107  111  117  122  126  129  131  132  134  138  144  155
  169  187  208  231  254  278  301  323  345  365  385  402  418  431  442  452
  460  466  472  474  473  466  452  429  399
    65.0-180.0 180.0   5.0 450.0                            LAT/LON1/LON2/DLON/H
  419  387  349  311  279  257  248  249  256  264  266  259  243  219  191  164
  142  128  122  123  130  140  150  159  165  166  163  156  146  135  124  114
  106  100   97   95   96   98  101  105  108  112  115  120  126  136  150  168
  191  217  244  271  295  316  334  349  363  374  384  393  400  405  410  414
  419  426  435  445  454  458  455  443  419
    62.5-180.0 180.0   5.0 450.0                            LAT/LON1/LON2/DLON/H
  428  401  365  326  291  266  254  254  262  269  272  264  247  222  195  170
  151  139  136  139  145  154  162  167  169  167  161  152  141  130  119  109
  101   95   91   88   86   86   87   89   92   96  101  108  119  135  157  184
  216  250  283  313  338  356  369  376  381  384  386  386  385  383  380  378
  378  382  392  406  422  436  445  443  428
    60.0-180.0 180.0   5.0 450.0                            LAT/LON1/LON2/DLON/H
  425  405  373  335  298  271  257  256  263  271  274  267  251  229  207  188
  175  168  166  168  171  174  175  173  169  162  153  142  130  118  109  101
   95   90   86   83   81   79   78   79   81   85   91  101  116  137  165  200
  239  280  318  351  376  391  399  400  399  397  393  389  384  376  366  357
  351  350  357  370  389  409  425  431  425
    57.5-180.0 180.0   5.0 450.0                            LAT/LON1/LON2/DLON/H
  415  401  374  339  303  275  259  257  263  270  273  267  254  238  223  212
  207  204  204  202  198  192  185  176  165  154  141  128  116  105   97   92
   89   87   86   84   82   79   77   77   78   82   89  100  117  141  173  212
  256  301  343  377  401  415  419  419  415  412  409  405  399  389  376  362
  349  342  342  350  366  385  403  415  415
    55.0-180.0 180.0   5.0 450.0                            LAT/LON1/LON2/DLON/H
  403  394  373  344  311  283  267  262  265  270  270  264  254  244  238  236
  237  238  236  229  218  205  190  175  161  147  133  119  107   97   90   87
   87   89   90   91   89   87   85   83   84   87   94  105  122  147  180  220
  265  311  354  388  412  425  430  430  429  429  431  431  428  420  406  389
  372  359  352  353  361  374  389  399  403
    52.5-180.0 180.0   5.0 450.0                            LAT/LON1/LON2/DLON/H
  395  391  377  354  326  301  284  276  275  274  270  262  252  247  247  252
  257  259  254  243  227  209  191  175  160  147  134  120  108   97   91   89
   91   95   99  102  102  101   98   97   96   99  104  114  130  154  185  223
  266  311  352  386  410  424  431  436  440  447  456  463  465  459  447  430
  411  395  383  377  377  380  386  392  395
    50.0-180.0 180.0   5.0 450.0                            LAT/LON1/LON2/DLON/H
  397  395  388  373  352  330  313  302  295  287  275  262  251  247  250  258
  264  264  255  241  224  206  191  178  167  157  146  134  121  109  101   98
  100  105  111  115  117  117  115  113  111  113  117  126  140  161  189  224
  263  304  343  376  401  417  429  439  451  464  479  492  497  495  484  469
  452  436  425  416  409  403  399  398  397
    47.5-180.0 180.0   5.0 450.0                            LAT/LON1/LON2/DLON/H
  411  410  408  400  386  369  352  339  326  309  289  268  253  247  250  257
  259  255  244  230  216  204  195  188  182  176  168  156  142  128  117  111
  111  116  123  128  132  132  131  128  126  126  130  138  151  170  196  226
  261  298  333  365  391  411  428  444  461  480  498  512  519  517  507  494
  481  472  465  458  450  439  426  417  411
    45.0-180.0 180.0   5.0 450.0                            LAT/LON1/LON2/DLON/H
  438  435  435  432  423  409  394  379  361  338  310  282  261  252  252  253
  250  241  229  219  212  209  206  204  202  198  191  180  165  148  134  125
  123  126  133  139  143  145  144  141  139  138  141  149  163  181  205  232
  263  296  328  359  387  411  432  453  473  493  511  522  526  522  512  502
  495  493  496  498  494  483  466  449  438
    42.5-180.0 180.0   5.0 450.0                            LAT/LON1/LON2/DLON/H
  477  469  467  465  457  445  430  415  395  368  334  301  276  264  259  255
  245  233  223  219  221  225  226  224  219  214  207  196  182  165  150  139
  134  136  140  147  152  154  154  152  149  148  152  161  175  195  218  243
  271  301  331  361  391  418  444  466  487  505  519  525  524  516  506  499
  498  506  519  532  537  531  514  493  477
    40.0-180.0 180.0   5.0 450.0                            LAT/LON1/LON2/DLON/H
  529  514  506  498  486  470  455  439  421  393  358  322  296  282  274  264
  250  236  231  237  247  253  250  241  229  218  210  201  190  176  163  152
  146  145  148  153  158  162  163  161  159  158  162  172  188  209  233  258
  284  312  340  371  402  432  459  483  503  517  525  527  522  513  505  502
  508  522  543  566  582  584  572  550  529
    37.5-180.0 180.0   5.0 450.0                            LAT/LON1/LON2/DLON/H
  597  575  555  535  511  487  466  451  434  409  375  341  316  302  293  280
  264  254  256  270  284  286  273  250  226  210  201  197  192  185  177  169
  163  160  159  161  165  169  171  171  169  169  172  183  200  222  247  273
  298  325  352  382  415  447  476  500  518  530  536  536  533  529  528  532
  542  560  584  611  635  646  641  621  597
    35.0-180.0 180.0   5.0 450.0                            LAT/LON1/LON2/DLON/H
  687  657  623  586  544  504  474  455  439  417  385  354  331  319  311  299
  285  279  290  310  323  316  288  249  215  196  191  194  199  202  201  197
  191  184  178  175  175  178  180  181  180  179  183  192  209  231  256  283
  309  334  361  391  424  458  489  514  533  546  555  561  567  576  587  602
  617  634  654  678  704  722  725  711  687
    32.5-180.0 180.0   5.0 450.0                            LAT/LON1/LON2/DLON/H
  801  766  720  662  597  536  491  464  446  424  393  363  342  332  325  314
  303  303  321  344  352  334  291  242  206  191  194  208  223  235  241  241
  233  220  206  194  188  188  190  191  190  189  191  198  213  233  258  284
  311  337  364  394  428  463  497  525  547  567  585  604  627  654  685  714
  736  749  759  773  794  815  827  822  801
    30.0-180.0 180.0   5.0 450.0                            LAT/LON1/LON2/DLON/H
  940  906  851  775  686  601  536  496  470  443  409  375  352  341  333  322
  313  317  338  360  362  333  285  239  213  212  229  252  275  292  302  302
  290  269  243  220  205  198  198  198  197  194  194  198  209  227  250  277
  305  332  359  390  425  462  499  533  563  593  625  663  707  756  809  855
  884  895  892  892  903  924  945  953  940
    27.5-180.0 180.0   5.0 450.0                            LAT/LON1/LON2/DLON/H
 1096 1070 1013  925  816  708  621  563  524  487  443  401  371  355  342  327
  315  318  337  354  350  319  279  252  251  273  304  333  356  373  381  377
  358  325  285  248  221  207  202  200  197  193  189  190  197  212  234  261
  291  320  349  381  417  458  500  541  581  624  673  729  793  863  935  998
 1037 1047 1035 1020 1021 1041 1071 1094 1096
    25.0-180.0 180.0   5.0 450.0                            LAT/LON1/LON2/DLON/H
 1252 1241 1192 1102  982  855  748  671  615  564  507  452  411  385  363  338
  318  313  323  332  325  303  287  295  331  379  420  446  459  466  466  453
  424  379  325  274  235  211  200  195  190  183  177  175  179  191  213  242
  276  308  339  372  411  457  505  553  604  660  723  793  870  953 1036 1111
 1160 1174 1159 1138 1132 1153 1192 1231 1252
    22.5-180.0 180.0   5.0 450.0                            LAT/LON1/LON2/DLON/H
 1385 1395 1362 1282 1162 1027  906  812  741  674  603  535  482  443  408  370
  335  316  312  312  306  303  322  375  450  520  560  571  564  553  540  516
  477  420  355  292  243  211  194  184  175  167  159  155  157  168  192  225
  263  299  333  369  412  462  516  572  631  697  768  845  924 1006 1090 1168
 1225 1248 1241 1222 1218 1242 1290 1345 1385
    20.0-180.0 180.0   5.0 450.0                            LAT/LON1/LON2/DLON/H
 1471 1502 1492 1432 1326 1196 1070  968  885  808  727  650  586  537  488  435
  382  343  323  313  313  334  394  491  597  674  699  682  647  614  586  552
  505  441  369  300  245  207  185  170  158  147  139  134  136  149  175  213
  256  298  336  375  422  476  536  598  663  732  805  877  947 1015 1086 1158
 1219 1255 1264 1259 1263 1293 1348 1414 1471
    17.5-180.0 180.0   5.0 450.0                            LAT/LON1/LON2/DLON/H
 1490 1538 1552 1519 1439 1327 1210 1109 1024  944  862  783  717  662  605  538
  468  410  372  355  363  409  503  629  747  810  805  752  686  633  593  553
  501  436  365  297  241  202  176  158  143  130  121  117  121  136  166  209
  258  304  346  389  440  499  563  629  695  762  829  890  941  986 1033 1089
 1148 1197 1228 1245 1264 1300 1357 1425 1490
    15.0-180.0 180.0   5.0 450.0                            LAT/LON1/LON2/DLON/H
 1436 1490 1523 1521 1474 1392 1296 1208 1131 1058  984  914  854  803  744  671
  589  516  466  445  460  524  636  769  871  900  851  760  670  605  560  518
  468  408  344  284  234  198  172  152  135  120  110  106  112  131  165  213
  266  316  361  408  462  525  593  660  724  785  842  888  917  936  955  989
 1040 1099 1151 1191 1226 1265 1315 1374 1436
    12.5-180.0 180.0   5.0 450.0                            LAT/LON1/LON2/DLON/H
 1316 1364 1409 1433 1422 1376 1310 1244 1185 1128 1070 1017  973  933  883  813
  729  651  595  573  594  664  772  882  943  920  826  705  604  538  497  459
  414  363  312  266  227  197  173  153  135  118  107  104  111  132  169  220
  275  328  376  425  483  549  619  685  746  799  845  878  891  889  884  896
  934  995 1062 1121 1166 1202 1236 1273 1316
    10.0-180.0 180.0   5.0 450.0                            LAT/LON1/LON2/DLON/H
 1158 1187 1231 1274 1295 1286 1254 1214 1177 1140 1103 1069 1044 1023  989  933
  858  786  734  717  740  802  885  947  947  867  734  601  506  453  423  393
  355  314  277  246  221  199  180  162  142  124  111  106  114  136  175  226
  282  335  385  437  497  566  636  701  757  804  843  868  876  866  848  843
  867  923  994 1060 1106 1130 1139 1145 1158
     7.5-180.0 180.0   5.0 450.0                            LAT/LON1/LON2/DLON/H
  998 1000 1032 1082 1126 1148 1146 1132 1115 1097 1077 1059 1050 1047 1034  999
  945  889  851  843  866  910  949  949  882  753  600  476  405  377  362  338
  305  272  248  230  216  203  189  173  154  134  118  111  116  138  177  228
  283  335  386  439  502  571  642  706  758  801  837  866  882  880  866  854
  866  909  972 1032 1067 1072 1051 1021  998
     5.0-180.0 180.0   5.0 450.0                            LAT/LON1/LON2/DLON/H
  876  849  861  906  960 1002 1022 1027 1024 1015 1001  989  987  996 1002  991
  964  933  915  920  942  962  953  890  767  607  459  365  332  333  330  308
  275  246  228  218  212  205  196  182  163  141  122  112  116  137  174  224
  277  328  378  433  496  565  635  698  749  791  830  870  907  930  935  929
  933  960 1004 1045 1061 1042  993  931  876
     2.5-180.0 180.0   5.0 450.0                            LAT/LON1/LON2/DLON/H
  821  771  762  792  843  890  920  932  932  922  901  879  869  877  895  906
  906  902  909  928  949  947  896  786  629  467  348  300  308  332  334  308
  268  236  219  212  207  202  195  183  165  142  121  108  110  130  167  215
  266  315  365  420  482  550  618  680  731  775  822  878  943 1001 1036 1048
 1051 1061 1081 1096 1088 1047  979  898  821
