ionex_files/COD0OPSFIN_20250730000_01D_01H_GIM.INX
     1.0            IONOSPHERE MAPS     GNSS                IONEX VERSION / TYPE
ADDNEQ2 V5.5        AIUB                18-MAR-25 19:04     PGM / RUN BY / DATE 
CODE'S GLOBAL IONOSPHERE MAPS FOR DAY 073, 2025             COMMENT             
Global ionosphere maps (GIM) are generated on a daily basis DESCRIPTION         
at CODE using data from about 300 GNSS sites of the IGS and DESCRIPTION         
other institutions. The vertical total electron content     DESCRIPTION         
(VTEC) is modeled in a solar-geomagnetic reference frame    DESCRIPTION         
using a spherical harmonics expansion up to degree and      DESCRIPTION         
order 15. Piece-wise linear functions are used for          DESCRIPTION         
representation in the time domain. The time spacing of      DESCRIPTION         
their vertices is 1 hour, conforming with the epochs of the DESCRIPTION         
VTEC maps.                                                  DESCRIPTION         
To convert line-of-sight TEC into vertical TEC, a modified  DESCRIPTION         
single-layer model mapping function approximating the JPL   DESCRIPTION         
extended slab model mapping function is adopted. The        DESCRIPTION         
mapping function is evaluated at geodetic satellite         DESCRIPTION         
elevation angles. For the computation of the ionospheric    DESCRIPTION         
pierce points, a spherical layer with a radius of 6821 km   DESCRIPTION         
is assumed, implying geocentric, not geodetic IONEX         DESCRIPTION         
latitudes.                                                  DESCRIPTION         
Instrumental biases with respect to each involved GNSS code DESCRIPTION         
observable are estimated as constant values for each        DESCRIPTION         
day. They are modeled with one set of bias parameters for   DESCRIPTION         
each satellite and each station in case of GPS and for each DESCRIPTION         
satellite-station link in case of GLONASS. The code bias    DESCRIPTION         
datum is defined by zero-mean conditions imposed on the     DESCRIPTION         
satellite bias estimates. In this file, just GPS C1W-C2W    DESCRIPTION         
satellite and station bias values are included. The         DESCRIPTION         
complete set of GNSS code bias results is provided in an    DESCRIPTION         
additional Bias-SINEX file as pseudo-absolute values        DESCRIPTION         
specific to each observable.                                DESCRIPTION         
Note: These GIM results correspond to the results for the   DESCRIPTION         
middle day of a 3-day combination analysis solving for 73   DESCRIPTION         
times 256, or 18688 VTEC parameters and 3 daily sets of     DESCRIPTION         
GNSS code bias parameters.                                  DESCRIPTION         
Contact address: code(at)aiub.unibe.ch                      DESCRIPTION         
Data archive:    ftp.aiub.unibe.ch/CODE/                    DESCRIPTION         
                 www.aiub.unibe.ch/download/CODE/           DESCRIPTION         
  2025     3    14     0     0     0                        EPOCH OF FIRST MAP  
  2025     3    15     0     0     0                        EPOCH OF LAST MAP   
  3600                                                      INTERVAL            
[...]
azgb badg bake barh bjfs bndy boav bogo bogt bor1 braz brft COMMENT             
brst brux cags cas1 ccj2 cedu chpg chti chur ckis coco cord COMMENT             
cpvg cpxf cro1 daej darw dav1 dgar dhlg drao dubo ebre faa1 COMMENT             
fair flin flrs frdn func ganp glps glsv gode gol2 gold gope COMMENT             
gras graz guam guug harb hers hert hlfx hnpt hob2 hofn holb COMMENT             
hrao iddr ieng iisc impz ineg invk iqal irkj jog2 joz2 karr COMMENT             
kerg kir0 kiri kiru kit3 kokb kokv koug kour krgg lama laut COMMENT             
lmmf lpal lpgs mac1 madr mal2 mana mas1 mat1 mate maui maw1 COMMENT             
mcil mcm4 mdo1 medi mgue mizu mkea mnls mobs monp morp mqzg COMMENT             
mro1 mtka nano naur nico nist nium nklg nlib nnor nrc1 ntus COMMENT             
nya1 nyal onsa opmt ous2 pado parc park pdel penc pert pie1 COMMENT             
pimo pohn pol2 polv pots pove ptag ptbb ptvl qaq1 quin rabt COMMENT             
ramo reun reyk rgdg rio2 roth salu samo sant savo sch2 scor COMMENT             
scrz sctb scub seyg sfer spt0 ssia sthl stjo stk2 str2 suth COMMENT             
sutm suwn sydn syog tash thtg thti thu2 tid1 tidb tlse tn22 COMMENT             
tong tow2 tro1 tskb twtf txes uclu ufpr ulab unb3 unbj unsa COMMENT             
urum usn7 usud vald vill vtsp wab1 wab2 wark wgtn whit will COMMENT             
wind wtza wtzr wtzs wtzz wuhn xmis yar2 yar3 yarr yell ykro COMMENT             
zeck zim2 zim3 zimm                                         COMMENT             
                                                            END OF HEADER       
[from data line 858]
     3                                                      START OF TEC MAP    
  2025     3    14     2     0     0                        EPOCH OF CURRENT MAP
    87.5-180.0 180.0   5.0 450.0                            LAT/LON1/LON2/DLON/H
  164  165  166  167  169  170  172  173  174  176  177  178  179  179  180  180
  180  179  179  178  177  175  174  172  170  168  166  164  162  160  158  156
  155  153  152  151  150  149  148  147  147  147  146  146  146  146  147  147
  147  147  148  148  149  149  150  150  151  152  152  153  154  154  155  156
  157  157  158  159  160  161  162  163  164
    85.0-180.0 180.0   5.0 450.0                            LAT/LON1/LON2/DLON/H
  147  148  150  152  155  158  162  166  170  175  179  183  186  189  191  193
  193  192  191  188  185  180  176  170  165  159  154  148  143  139  135  131
  128  126  124  123  122  121  121  121  121  121  122  122  123  123  124  124
  125  126  126  127  128  129  131  132  133  135  136  138  139  140  141  142
  143  143  144  144  144  145  145  146  147
    82.5-180.0 180.0   5.0 450.0                            LAT/LON1/LON2/DLON/H
  126  125  126  127  130  134  140  147  155  164  172  181  189  196  201  204
  205  204  201  196  189  181  172  162  152  141  132  123  115  108  103   98
   95   93   92   92   93   94   95   96   98   99  100  101  101  102  102  102
  102  103  103  104  105  107  109  111  114  118  121  124  127  130  132  134
  135  135  135  134  133  131  129  127  126
    80.0-180.0 180.0   5.0 450.0                            LAT/LON1/LON2/DLON/H
  115  110  107  105  105  109  115  124  135  148  161  175  188  199  208  213
  216  215  210  202  191  178  164  149  134  120  107   96   86   79   73   70
   68   68   69   71   74   77   81   84   86   88   89   89   89   88   87   85
   83   82   81   81   83   85   88   92   97  103  110  116  123  129  134  138
  141  143  142  140  137  133  127  121  115
    77.5-180.0 180.0   5.0 450.0                            LAT/LON1/LON2/DLON/H
  128  117  107   99   94   93   97  105  117  132  150  167  184  199  211  219
  222  221  214  204  190  173  155  137  119  102   88   76   67   61   57   56
   57   59   63   68   73   78   83   87   89   91   91   90   88   84   80   76
   72   68   66   64   65   68   72   79   87   96  107  118  129  140  149  158
  164  168  170  169  165  158  150  139  128
    75.0-180.0 180.0   5.0 450.0                            LAT/LON1/LON2/DLON/H
  168  151  133  117  105   97   95  100  109  124  142  161  179  196  209  217
  221  219  213  201  186  167  148  128  110   94   81   71   64   61   61   62
   66   70   76   82   88   93   98  102  105  105  104  101   96   90   83   76
   69   63   59   57   58   61   66   75   86   99  114  129  145  160  175  188
  199  207  213  215  213  208  198  185  168
    72.5-180.0 180.0   5.0 450.0                            LAT/LON1/LON2/DLON/H
  231  208  184  160  139  122  113  110  115  125  140  156  172  187  199  207
  211  210  204  193  179  162  144  126  110   97   87   81   78   79   81   85
   89   94  100  105  111  116  120  123  125  124  121  116  109  101   92   83
   76   69   65   62   63   67   73   83   97  112  130  148  168  186  204  221
  236  249  260  267  270  269  261  249  231
    70.0-180.0 180.0   5.0 450.0                            LAT/LON1/LON2/DLON/H
  299  276  248  218  189  164  146  136  133  137  144  154  164  174  182  188
  191  192  189  183  172  159  145  130  118  108  103  101  102  106  110  114
  118  121  124  127  131  134  137  139  140  139  135  129  121  112  103   95
   88   83   80   79   81   85   93  103  117  134  152  172  192  212  230  248
  265  281  296  309  319  324  323  315  299
    67.5-180.0 180.0   5.0 450.0                            LAT/LON1/LON2/DLON/H
  356  336  308  275  241  210  186  169  159  155  154  155  156  157  159  162
  166  169  171  171  167  159  149  138  129  123  121  122  126  131  135  138
  139  139  138  137  138  140  142  144  144  143  139  133  126  118  112  107
  104  102  103  105  108  113  120  130  143  159  177  196  214  232  248  263
  278  294  311  328  344  358  366  366  356
    65.0-180.0 180.0   5.0 450.0                            LAT/LON1/LON2/DLON/H
  385  372  348  317  282  249  221  200  186  176  167  159  149  141  135  134
  138  146  154  161  163  160  153  144  137  132  132  135  140  145  148  147
  145  140  135  131  129  129  132  134  135  134  131  126  120  116  113  114
  116  121  127  133  138  143  150  158  169  183  198  215  231  244  256  266
  276  287  302  319  340  360  377  386  385
    62.5-180.0 180.0   5.0 450.0                            LAT/LON1/LON2/DLON/H
  382  377  361  334  302  271  243  223  208  195  181  165  146  128  115  111
  115  126  140  152  159  159  153  144  136  131  131  134  139  143  143  140
  133  125  116  110  107  107  110  114  116  116  114  110  106  105  107  114
  124  136  148  158  165  171  175  180  188  199  213  228  241  251  258  261
  264  268  277  291  310  333  356  373  382
    60.0-180.0 180.0   5.0 450.0                            LAT/LON1/LON2/DLON/H
  352  357  348  328  302  274  251  234  222  210  195  174  149  124  104   96
  100  113  130  145  154  153  146  135  125  118  117  120  125  128  127  122
  112  101   91   83   80   82   86   91   94   94   92   89   86   88   95  107
  125  144  162  177  186  190  192  194  198  207  220  234  248  257  260  259
  255  251  251  257  271  292  315  337  352
    57.5-180.0 180.0   5.0 450.0                            LAT/LON1/LON2/DLON/H
  315  325  323  310  290  267  248  236  229  222  210  188  159  129  105   93
   95  107  124  137  143  140  129  115  104   97   97  100  105  109  107  101
   92   80   70   63   61   63   68   73   76   76   73   69   67   70   80   98
  121  146  170  188  198  202  201  200  202  209  222  238  254  265  270  267
  259  249  241  238  243  256  275  296  315
    55.0-180.0 180.0   5.0 450.0                            LAT/LON1/LON2/DLON/H
  288  301  305  297  280  260  244  236  234  233  225  206  178  146  118  103
  100  108  119  126  127  118  105   90   79   75   77   84   90   95   95   90
   82   72   63   57   55   57   61   65   67   65   61   56   53   57   68   88
  116  146  174  195  206  209  206  203  204  211  226  245  265  282  291  292
  285  273  259  248  243  245  255  271  288
    52.5-180.0 180.0   5.0 450.0                            LAT/LON1/LON2/DLON/H
  289  302  308  303  288  268  250  242  242  245  242  228  203  171  142  122
  113  112  114  113  106   93   79   66   60   61   68   78   87   94   95   92
   87   79   73   68   66   67   69   70   70   66   59   53   49   52   63   84
  113  146  177  201  214  218  216  212  213  221  237  260  285  307  324  332
  330  321  308  293  280  271  270  277  289
    50.0-180.0 180.0   5.0 450.0                            LAT/LON1/LON2/DLON/H
  324  334  341  337  320  296  273  260  257  261  262  253  232  203  173  148
  131  119  110   99   86   71   59   53   53   60   73   86   98  105  108  107
  104  100   95   91   88   87   86   85   82   76   68   61   57   58   68   88
  117  151  184  211  227  234  234  233  236  246  263  287  315  343  366  382
  388  386  378  364  348  332  321  318  324
    47.5-180.0 180.0   5.0 450.0                            LAT/LON1/LON2/DLON/H
  386  392  398  393  373  342  311  288  280  280  282  277  261  235  205  177
  151  129  110   91   75   62   55   55   62   75   91  106  117  123  126  126
  125  124  121  118  114  110  107  104   99   93   85   78   74   74   83  100
  127  161  196  227  248  260  265  269  276  288  305  328  355  385  412  433
  447  454  454  447  434  416  398  387  386
    45.0-180.0 180.0   5.0 450.0                            LAT/LON1/LON2/DLON/H
  458  461  465  458  435  397  356  323  305  300  301  298  286  265  236  205
  174  144  118   97   82   73   71   76   87  100  115  128  136  139  140  139
  140  141  142  139  135  130  126  123  118  113  106  100   97   97  103  118
  143  177  214  249  276  294  307  318  330  344  361  380  404  430  457  480
  497  510  519  522  517  502  482  465  458
    42.5-180.0 180.0   5.0 450.0                            LAT/LON1/LON2/DLON/H
  524  522  523  515  488  445  395  353  327  316  315  313  306  288  262  231
  197  166  139  121  110  107  108  113  120  129  138  145  148  146  143  142
  144  148  151  151  148  144  141  139  137  133  128  124  121  121  126  138
  161  195  234  273  305  331  351  371  390  408  423  438  456  477  500  519
  534  548  563  576  582  575  557  537  524
    40.0-180.0 180.0   5.0 450.0                            LAT/LON1/LON2/DLON/H
  572  563  559  548  518  472  419  371  339  325  322  322  318  305  282  253
  222  193  172  161  158  159  159  157  154  152  151  152  150  145  139  137
  141  147  153  156  155  153  153  155  155  153  149  146  143  143  146  155
  176  210  252  294  331  362  390  418  445  467  483  495  508  525  541  554
  562  571  586  607  624  626  613  590  572
    37.5-180.0 180.0   5.0 450.0                            LAT/LON1/LON2/DLON/H
  603  585  573  555  523  475  422  374  342  326  323  325  324  315  296  271
  244  224  213  212  216  218  212  198  180  165  156  152  148  143  137  135
  140  150  158  162  163  164  167  171  174  172  167  162  159  158  158  166
  185  220  264  308  347  381  413  448  483  512  531  544  557  572  586  592
  590  589  600  623  649  661  652  628  603
    35.0-180.0 180.0   5.0 450.0                            LAT/LON1/LON2/DLON/H
  630  601  577  549  511  462  411  367  337  323  321  325  327  320  304  282
  262  251  251  260  269  269  254  226  195  171  159  157  158  157  153  153
  159  169  179  183  183  183  187  192  193  189  181  174  169  165  163  168
  187  221  267  313  351  384  417  457  499  536  562  581  600  622  639  642
  631  619  621  643  673  692  687  662  630
    32.5-180.0 180.0   5.0 450.0                            LAT/LON1/LON2/DLON/H
  674  634  595  554  505  453  403  363  336  324  324  328  330  324  308  288
  272  268  277  292  303  299  276  239  202  179  175  184  195  202  204  205
  211  220  225  224  219  214  215  217  214  205  192  180  172  165  161  163
  180  216  263  309  344  373  404  445  494  540  576  607  639  674  702  709
  694  673  666  684  717  741  739  713  674
    30.0-180.0 180.0   5.0 450.0                            LAT/LON1/LON2/DLON/H
  755  705  652  594  532  472  419  379  352  339  337  340  339  328  309  287
  272  271  282  298  308  301  276  241  212  202  216  244  272  290  297  298
  301  303  300  288  271  256  247  242  233  218  199  183  171  162  154  154
  170  206  255  300  332  354  381  422  475  530  580  626  676  729  774  792
  780  754  743  758  791  819  822  797  755
    27.5-180.0 180.0   5.0 450.0                            LAT/LON1/LON2/DLON/H
  879  827  764  691  613  539  478  431  398  378  369  365  357  338  311  284
  265  260  267  279  286  280  262  243  237  254  293  344  388  415  425  424
  419  411  393  365  331  300  279  264  247  226  203  184  170  159  148  144
  159  196  246  292  320  337  358  397  454  519  581  644  712  785  848  881
  878  857  846  861  897  929  937  918  879
    25.0-180.0 180.0   5.0 450.0                            LAT/LON1/LON2/DLON/H
 1039  993  928  844  751  663  587  525  478  445  423  407  387  358  320  283
  256  243  241  246  251  252  253  262  289  339  406  475  530  561  570  562
  546  523  488  441  386  337  301  276  254  230  205  186  173  159  144  137
  150  189  242  289  316  330  347  384  444  516  590  666  750  838  916  964
  974  963  958  979 1018 1056 1074 1067 1039
    22.5-180.0 180.0   5.0 450.0                            LAT/LON1/LON2/DLON/H
 1208 1178 1120 1035  934  832  739  659  592  539  499  467  433  390  341  294
  258  234  222  219  225  241  268  312  375  454  539  616  672  699  701  684
  655  616  563  496  424  358  310  278  253  230  209  192  180  164  146  134
  145  186  242  293  323  336  353  390  452  530  613  698  789  884  969 1026
 1048 1050 1058 1087 1132 1177 1206 1217 1208
    20.0-180.0 180.0   5.0 450.0                            LAT/LON1/LON2/DLON/H
 1351 1344 1303 1227 1127 1019  913  814  726  651  592  543  493  437  379  326
  283  251  231  224  236  270  325  400  489  583  670  739  782  798  789  761
  720  667  600  520  435  359  304  270  248  230  215  204  192  174  151  135
  145  187  248  304  339  357  376  415  479  561  649  738  829  920 1001 1058
 1088 1103 1123 1161 1212 1263 1305 1335 1351
    17.5-180.0 180.0   5.0 450.0                            LAT/LON1/LON2/DLON/H
 1432 1451 1434 1377 1290 1187 1078  967  862  770  694  630  567  503  440  386
  342  307  285  281  302  353  428  520  615  702  770  814  835  835  815  779
  729  667  593  509  421  343  289  258  243  234  227  220  209  187  158  138
  146  190  255  318  360  385  410  453  520  603  693  781  865  943 1010 1059
 1089 1113 1143 1187 1241 1295 1345 1392 1432
    15.0-180.0 180.0   5.0 450.0                            LAT/LON1/LON2/DLON/H
 1433 1474 1481 1450 1387 1302 1202 1091  981  880  795  722  652  584  523  474
  436  407  390  395  428  490  570  655  731  786  816  824  819  804  778  738
  685  621  549  470  389  319  272  250  244  244  244  239  225  198  163  139
  146  192  261  329  379  414  447  495  564  647  736  820  893  953 1000 1034
 1060 1087 1122 1167 1217 1268 1321 1377 1433
    12.5-180.0 180.0   5.0 450.0                            LAT/LON1/LON2/DLON/H
 1358 1408 1434 1430 1398 1342 1264 1169 1067  971  887  813  742  676  623  584
  558  541  537  555  599  661  725  779  810  814  796  768  742  720  696  658
  606  546  483  418  354  299  264  251  254  261  263  257  238  204  163  135
  143  191  263  335  392  435  477  530  599  682  768  847  909  952  980  999
 1018 1043 1076 1116 1156 1197 1242 1298 1358
    10.0-180.0 180.0   5.0 450.0                            LAT/LON1/LON2/DLON/H
 1231 1277 1310 1327 1327 1308 1263 1195 1115 1036  965  898  833  774  730  703
  691  688  700  733  782  831  862  862  832  780  718  664  629  613  598  568
  521  468  418  372  329  291  268  263  271  280  280  268  241  200  155  127
  136  186  259  332  393  444  494  551  619  697  780  854  910  942  958  968
  982 1004 1032 1060 1085 1110 1140 1182 1231
     7.5-180.0 180.0   5.0 450.0                            LAT/LON1/LON2/DLON/H
 1095 1122 1149 1178 1205 1221 1213 1179 1130 1078 1027  974  917  866  830  813
  809  819  845  890  937  963  945  883  792  691  602  542  518  519  520  500
  457  410  372  345  321  298  283  282  289  294  288  268  233  186  139  114
  127  179  251  323  385  441  496  556  621  693  769  841  895  927  942  953
  969  991 1011 1026 1034 1040 1051 1070 1095
     5.0-180.0 180.0   5.0 450.0                            LAT/LON1/LON2/DLON/H
  995  992 1001 1030 1075 1118 1142 1142 1125 1103 1076 1038  990  944  911  894
  891  903  937  986 1026 1021  954  835  697  572  483  441  444  470  488  473
  430  383  353  339  328  314  301  297  299  296  281  252  211  163  118   98
  116  171  242  311  372  429  487  547  606  670  739  808  867  907  935  960
  986 1011 1027 1030 1024 1015 1007 1001  995
     2.5-180.0 180.0   5.0 450.0                            LAT/LON1/LON2/DLON/H
  963  928  914  933  982 1040 1085 1108 1119 1122 1115 1090 1048 1001  963  935
  919  922  952  999 1026  992  884  728  572  454  394  391  430  481  507  490
  439  386  357  348  342  327  311  299  293  281  257  221  179  133   96   83
  107  164  234  300  358  415  474  531  584  637  697  764  829  885  935  982
 1027 1061 1076 1073 1060 1044 1025  999  963
