ionex_files/COD0OPSFIN_20250960000_01D_01H_GIM.INX
     1.0            IONOSPHERE MAPS     GNSS                IONEX VERSION / TYPE
ADDNEQ2 V5.5        AIUB                10-APR-25 19:04     PGM / RUN BY / DATE 
CODE'S GLOBAL IONOSPHERE MAPS FOR DAY 096, 2025             COMMENT             
Global ionosphere maps (GIM) are generated on a daily basis DESCRIPTION         
at CODE using data from about 300 GNSS sites of the IGS and DESCRIPTION         
other institutions. The vertical total electron content     DESCRIPTION         
(VTEC) is modeled in a solar-geomagnetic reference frame    DESCRIPTION         
using a spherical harmonics expansion up to degree and      DESCRIPTION         
order 15. Piece-wise linear functions are used for          DESCRIPTION         
representation in the time domain. The time spacing of      DESCRIPTION         
their vertices is 1 hour, conforming with the epochs of the DESCRIPTION         
VTEC maps.                                                  DESCRIPTION         
To convert line-of-sight TEC into vertical TEC, a modified  DESCRIPTION         
single-layer model mapping function approximating the JPL   DESCRIPTION         
extended slab model mapping function is adopted. The        DESCRIPTION         
mapping function is evaluated at geodetic satellite         DESCRIPTION         
elevation angles. For the computation of the ionospheric    DESCRIPTION         
pierce points, a spherical layer with a radius of 6821 km   DESCRIPTION         
is assumed, implying geocentric, not geodetic IONEX         DESCRIPTION         
latitudes.                                                  DESCRIPTION         
Instrumental biases with respect to each involved GNSS code DESCRIPTION         
observable are estimated as constant values for each        DESCRIPTION         
day. They are modeled with one set of bias parameters for   DESCRIPTION         
each satellite and each station in case of GPS and for each DESCRIPTION         
satellite-station link in case of GLONASS. The code bias    DESCRIPTION         
datum is defined by zero-mean conditions imposed on the     DESCRIPTION         
satellite bias estimates. In this file, just GPS C1W-C2W    DESCRIPTION         
satellite and station bias values are included. The         DESCRIPTION         
complete set of GNSS code bias results is provided in an    DESCRIPTION         
additional Bias-SINEX file as pseudo-absolute values        DESCRIPTION         
specific to each observable.                                DESCRIPTION         
Note: These GIM results correspond to the results for the   DESCRIPTION         
middle day of a 3-day combination analysis solving for 73   DESCRIPTION         
times 256, or 18688 VTEC parameters and 3 daily sets of     DESCRIPTION         
GNSS code bias parameters.                                  DESCRIPTION         
Contact address: code(at)aiub.unibe.ch                      DESCRIPTION         
Data archive:    ftp.aiub.unibe.ch/CODE/                    DESCRIPTION         
                 www.aiub.unibe.ch/download/CODE/           DESCRIPTION         
  2025     4     6     0     0     0                        EPOCH OF FIRST MAP  
  2025     4     7     0     0     0                        EPOCH OF LAST MAP   
  3600                                                      INTERVAL            
[...]
abpo adis albh algo alic amu2 antc areg areq ascg aspa auck COMMENT             
azgb badg bake barh bjfs bndy boav bogt bor1 braz brft brst COMMENT             
brux cas1 ccj2 cedu chpg chti chur ckis coco cord cpvg cpxf COMMENT             
cro1 daej darw dav1 dgar dhlg drao dubo ebre faa1 fair flin COMMENT             
flrs frdn func ganp glps glsv gode gol2 gold gope gras graz COMMENT             
guam guug harb hers hert hlfx hnpt hob2 hofn holb hrao iddr COMMENT             
ieng iisc impz ineg invk iqal irkj jog2 joz2 karr kerg kir0 COMMENT             
kiri kiru kit3 kokb kokv koug kour krgg lama laut lmmf lpal COMMENT             
lpgs m0se mac1 madr mal2 mana mas1 mat1 mate maui maw1 mcm4 COMMENT             
mdo1 medi mgue mizu mkea mnls mobs morp mro1 mtka nano naur COMMENT             
nico nist nium nklg nlib nnor not1 nrc1 ntus nya1 nyal onsa COMMENT             
opmt ous2 pado parc park pdel penc pert pie1 pimo pohn pol2 COMMENT             
polv pots pove ptag ptbb ptvl qaq1 quin rabt ramo reun reyk COMMENT             
rgdg rio2 roth samo sant savo sch2 scor scrz scub seyg sfer COMMENT             
spt0 ssia sthl stjo stk2 str2 suth sutm suwn sydn syog tash COMMENT             
thtg thti thu2 tid1 tidb tlse tn22 tong tro1 tskb twtf txes COMMENT             
uclu ufpr ulab unb3 unbj unsa urum usn7 usud vald vill vtsp COMMENT             
wab1 wab2 whit will wind wsrt wtza wtzr wtzs wtzz wuhn xmis COMMENT             
yar2 yar3 yarr yell ykro zeck zim2 zim3 zimm                COMMENT             
                                                            END OF HEADER       
[from data line 6006]
    15                                                      START OF TEC MAP    
  2025     4     6    14     0     0                        EPOCH OF CURRENT MAP
    87.5-180.0 180.0   5.0 450.0                            LAT/LON1/LON2/DLON/H
  162  163  164  165  166  168  169  171  172  174  175  176  178  179  180  180
  181  182  182  182  182  182  182  182  181  181  180  179  178  178  177  176
  175  174  173  172  172  171  170  170  169  169  169  169  168  168  168  168
  169  169  169  169  169  168  168  168  167  167  166  165  165  164  163  163
  162  161  161  161  161  161  161  161  162
    85.0-180.0 180.0   5.0 450.0                            LAT/LON1/LON2/DLON/H
  137  139  141  144  148  151  155  159  164  167  171  174  177  180  182  183
  184  185  185  185  185  184  183  182  181  180  179  177  176  174  172  170
  168  166  165  163  161  160  158  157  157  157  157  158  159  160  162  164
  166  168  170  172  173  174  174  173  172  171  168  166  162  159  155  151
  148  144  141  139  137  136  136  136  137
    82.5-180.0 180.0   5.0 450.0                            LAT/LON1/LON2/DLON/H
  104  106  110  115  121  128  135  142  149  155  161  166  170  173  176  177
  177  177  177  176  175  174  174  173  172  171  170  169  168  166  165  162
  160  157  154  152  149  146  144  142  142  142  143  145  148  152  157  162
  168  174  180  185  190  193  195  195  193  190  185  179  172  164  155  147
  138  129  122  115  110  106  104  103  104
    80.0-180.0 180.0   5.0 450.0                            LAT/LON1/LON2/DLON/H
   72   74   79   85   93  102  112  122  131  140  147  153  158  160  161  161
  160  159  157  156  155  155  155  156  157  158  159  160  161  161  160  158
  156  153  149  145  141  137  133  130  128  128  129  133  138  145  154  164
  176  187  199  209  218  225  229  230  228  224  216  206  194  181  167  152
  137  123  110   98   89   81   75   73   72
    77.5-180.0 180.0   5.0 450.0                            LAT/LON1/LON2/DLON/H
   53   53   57   63   72   82   93  104  115  124  132  138  141  142  142  139
  137  133  131  129  129  131  133  137  142  147  151  155  158  160  161  160
  158  154  150  145  140  134  129  124  121  120  121  124  131  141  154  169
  186  204  221  237  251  262  268  271  269  263  253  239  224  206  187  168
  148  130  112   96   82   71   62   56   53
    75.0-180.0 180.0   5.0 450.0                            LAT/LON1/LON2/DLON/H
   54   51   51   55   62   71   82   93  103  112  119  123  125  124  121  117
  112  108  105  104  106  110  117  125  134  143  152  158  163  167  168  167
  165  161  156  151  144  138  131  125  120  118  117  121  128  139  155  174
  195  218  241  262  279  293  302  305  302  295  283  267  249  229  209  188
  168  148  129  112   95   81   69   60   54
    72.5-180.0 180.0   5.0 450.0                            LAT/LON1/LON2/DLON/H
   74   67   64   64   67   73   81   89   97  104  109  112  112  109  104   99
   93   88   86   88   92  101  112  125  138  151  161  170  175  178  178  176
  173  169  164  158  152  146  139  132  126  122  120  122  129  140  156  177
  200  226  251  274  294  309  317  320  316  307  293  277  259  241  223  206
  189  173  157  141  126  111   97   84   74
    70.0-180.0 180.0   5.0 450.0                            LAT/LON1/LON2/DLON/H
  109   98   90   85   84   85   88   93   97  101  104  105  104  100   95   89
   84   80   80   84   93  105  121  137  153  167  178  186  189  189  187  183
  178  174  169  165  160  155  149  143  137  132  129  129  134  143  158  177
  200  225  249  272  290  303  309  309  303  292  278  263  247  233  221  211
  202  194  185  175  163  150  136  122  109
    67.5-180.0 180.0   5.0 450.0                            LAT/LON1/LON2/DLON/H
  144  131  120  111  106  102  101  101  101  102  103  103  101   99   95   90
   87   85   87   94  106  121  139  158  175  188  196  200  200  197  191  185
  180  175  171  169  167  164  161  157  151  146  142  141  143  149  160  176
  195  215  236  253  267  276  278  274  265  253  238  225  213  205  200  199
  201  202  203  201  195  186  173  159  144
    65.0-180.0 180.0   5.0 450.0                            LAT/LON1/LON2/DLON/H
  168  154  142  132  124  118  113  109  106  104  103  102  102  102  101   99
   98   99  103  112  126  143  162  179  194  204  209  209  205  199  191  185
  179  175  174  174  174  175  174  172  168  164  159  156  156  159  166  176
  188  202  215  226  234  236  234  226  214  200  185  173  164  161  163  171
  181  192  202  208  209  204  195  182  168
    62.5-180.0 180.0   5.0 450.0                            LAT/LON1/LON2/DLON/H
  169  157  147  138  131  125  119  113  107  103  101  102  104  107  109  111
  113  116  123  133  147  163  180  195  205  211  211  208  202  196  190  185
  182  181  181  183  186  189  190  190  188  184  180  176  174  174  176  180
  186  191  196  200  200  197  190  179  165  150  135  123  115  115  120  132
  148  165  180  192  197  197  191  181  169
    60.0-180.0 180.0   5.0 450.0                            LAT/LON1/LON2/DLON/H
  147  139  132  128  124  121  116  110  104   99   97   99  104  111  117  122
  126  131  138  149  162  176  189  199  205  205  203  199  195  192  191  192
  193  195  198  202  205  208  211  211  210  207  203  200  197  194  193  192
  190  189  186  183  178  171  161  149  134  118  103   90   82   80   84   95
  110  126  143  155  163  166  163  156  147
    57.5-180.0 180.0   5.0 450.0                            LAT/LON1/LON2/DLON/H
  108  103  101  102  104  105  104  101   95   91   91   95  103  112  121  128
  134  140  147  157  168  179  188  193  193  191  187  185  187  192  200  209
  216  222  226  230  232  234  235  235  234  232  229  226  223  220  216  211
  205  198  191  183  175  166  156  145  131  116  100   85   74   67   66   70
   79   90  101  111  117  120  118  113  108
    55.0-180.0 180.0   5.0 450.0                            LAT/LON1/LON2/DLON/H
   64   62   63   68   76   83   87   87   85   83   84   91  100  111  121  129
  135  141  148  157  166  174  179  180  178  174  172  175  185  200  218  235
  249  257  262  264  264  263  263  262  260  258  256  254  251  248  244  237
  229  219  210  201  192  185  177  167  156  141  125  108   93   80   71   67
   65   67   69   72   74   75   73   68   64
    52.5-180.0 180.0   5.0 450.0                            LAT/LON1/LON2/DLON/H
   32   29   30   38   49   61   70   74   76   77   81   89  100  112  121  128
  133  138  145  153  161  167  170  169  165  162  164  173  191  216  243  267
  284  294  298  297  295  293  290  288  286  284  282  281  279  277  273  266
  257  248  239  231  225  220  215  207  197  184  167  149  131  114   99   86
   75   66   59   54   50   47   42   37   32
    50.0-180.0 180.0   5.0 450.0                            LAT/LON1/LON2/DLON/H
   22   16   14   19   31   45   58   66   71   76   82   93  105  116  124  129
  133  138  144  151  159  164  167  166  164  163  169  184  208  238  269  296
  314  323  326  325  322  319  316  313  310  308  307  306  306  304  300  294
  286  278  271  266  263  260  256  250  240  227  210  192  173  156  139  122
  105   89   74   62   53   46   39   31   22
    47.5-180.0 180.0   5.0 450.0                            LAT/LON1/LON2/DLON/H
   40   28   19   19   28   41   55   66   74   82   91  104  117  128  135  138
  141  145  151  159  166  171  175  176  177  180  189  206  231  261  291  315
  331  339  343  343  342  341  339  337  335  333  332  331  330  327  323  317
  310  304  299  296  294  292  287  279  268  253  236  220  205  192  179  165
  148  130  111   95   83   73   64   53   40
    45.0-180.0 180.0   5.0 450.0                            LAT/LON1/LON2/DLON/H
   81   62   46   38   40   50   63   75   84   94  107  122  138  149  155  158
  160  165  171  179  185  191  196  200  205  211  222  237  258  282  304  322
  335  344  351  357  362  365  366  364  362  359  357  355  353  349  343  336
  328  322  319  316  314  309  301  288  272  254  238  224  216  211  208  203
  192  177  160  143  131  121  111   98   81
    42.5-180.0 180.0   5.0 450.0                            LAT/LON1/LON2/DLON/H
  133  109   86   70   65   69   79   89   99  110  126  144  163  177  184  189
  193  199  206  213  218  222  228  235  244  252  262  272  285  298  310  321
  333  347  363  379  392  400  402  399  395  391  388  384  379  372  363  353
  343  335  330  327  322  313  298  278  256  235  217  207  206  212  221  228
  227  219  206  193  182  174  165  152  133
    40.0-180.0 180.0   5.0 450.0                            LAT/LON1/LON2/DLON/H
  181  156  129  107   95   94   99  107  115  126  144  166  189  207  219  228
  236  245  253  258  260  263  268  276  286  296  303  307  309  311  315  323
  339  364  394  424  446  456  456  449  440  433  426  419  411  401  388  374
  360  349  341  335  326  311  290  264  235  209  190  182  187  202  221  238
  246  245  238  229  222  217  211  200  181
    37.5-180.0 180.0   5.0 450.0                            LAT/LON1/LON2/DLON/H
  214  192  165  141  125  119  120  123  128  138  157  182  210  235  254  270
  284  297  306  309  308  307  310  318  328  337  341  339  335  329  329  341
  368  411  460  505  533  541  533  517  500  486  475  465  454  440  424  405
  387  372  360  351  339  320  295  263  230  200  179  171  177  194  218  239
  251  254  251  246  242  239  236  229  214
    35.0-180.0 180.0   5.0 450.0                            LAT/LON1/LON2/DLON/H
  226  210  188  166  149  140  136  135  136  144  161  189  223  255  283  307
  329  347  358  360  356  351  350  356  365  372  375  372  365  360  364  387
  434  499  570  627  657  656  634  603  573  551  535  522  508  493  474  452
  430  411  397  386  373  354  327  294  260  229  205  193  194  207  225  241
  249  250  247  243  241  240  239  235  226
    32.5-180.0 180.0   5.0 450.0                            LAT/LON1/LON2/DLON/H
  220  211  197  181  165  155  148  142  139  142  158  187  225  265  302  336
  365  388  402  404  399  391  388  390  396  403  407  408  407  410  427  468
  538  628  717  782  806  791  749  700  657  626  604  588  573  557  537  515
  492  472  457  447  436  420  396  366  335  304  278  259  250  250  253  255
  252  244  237  231  227  225  224  223  220
    30.0-180.0 180.0   5.0 450.0                            LAT/LON1/LON2/DLON/H
  203  203  197  187  175  164  155  146  138  137  149  177  218  264  310  351
  387  415  432  438  434  427  422  421  425  432  442  452  464  482  517  580
  673  783  884  948  961  926  864  797  743  704  678  659  643  628  611  591
  569  550  538  532  526  514  497  474  449  422  393  367  344  326  309  290
  268  248  233  222  215  209  204  203  203
    27.5-180.0 180.0   5.0 450.0                            LAT/LON1/LON2/DLON/H
  189  193  195  191  182  171  160  148  137  131  139  164  206  256  308  355
  396  427  448  459  461  457  453  450  453  464  483  508  537  573  626  707
  817  939 1042 1099 1094 1040  960  882  820  778  749  728  713  700  688  672
  654  639  631  629  628  623  613  599  581  559  531  497  461  424  386  346
  306  272  247  231  218  205  193  188  189
    25.0-180.0 180.0   5.0 450.0                            LAT/LON1/LON2/DLON/H
  186  191  197  197  190  179  167  153  139  130  132  154  194  247  302  352
  394  427  452  469  478  482  481  480  485  502  534  577  623  675  740  831
  946 1068 1163 1203 1181 1111 1022  942  882  841  812  791  776  767  759  748
  735  725  721  723  726  725  720  713  703  687  660  622  577  527  473  416
  362  318  286  264  245  223  202  188  186
    22.5-180.0 180.0   5.0 450.0                            LAT/LON1/LON2/DLON/H
  198  201  207  208  201  189  175  161  146  135  134  151  189  241  297  347
  389  421  447  470  489  502  507  510  520  547  595  654  715  775  842  931
 1039 1146 1222 1243 1204 1128 1043  972  923  890  864  843  828  821  817  812
  802  795  793  796  799  798  793  789  785  774  751  713  665  611  551  490
  431  383  348  322  296  264  231  207  198
    20.0-180.0 180.0   5.0 450.0                            LAT/LON1/LON2/DLON/H
  225  222  225  224  215  201  186  172  159  147  144  158  193  243  299  348
  386  415  441  468  495  517  529  538  556  596  660  734  803  862  921  994
 1081 1165 1216 1215 1167 1094 1025  976  946  925  904  883  868  862  860  857
  849  840  836  835  833  826  816  811  808  802  783  750  708  659  607  553
  500  457  423  395  362  321  277  242  225
    17.5-180.0 180.0   5.0 450.0                            LAT/LON1/LON2/DLON/H
  258  248  246  241  229  213  197  185  174  164  161  173  206  255  310  358
  392  416  439  468  499  526  545  561  591  646  725  809  879  928  968 1017
 1077 1131 1155 1137 1086 1028  984  964  957  950  935  915  898  891  889  884
  872  859  848  839  826  808  789  777  773  768  755  730  699  665  631  595
  559  527  498  469  430  381  328  284  258
    15.0-180.0 180.0   5.0 450.0                            LAT/LON1/LON2/DLON/H
  288  272  264  254  240  221  206  195  188  182  181  193  225  274  330  377
  408  428  447  472  504  533  556  580  621  691  783  873  937  970  987 1008
 1040 1066 1067 1038  993  956  942  951  967  973  962  941  923  914  908  898
  879  856  835  814  789  757  726  706  697  692  683  667  649  635  624  613
  599  582  560  530  486  431  372  321  288
    12.5-180.0 180.0   5.0 450.0                            LAT/LON1/LON2/DLON/H
  309  287  274  260  243  224  208  200  197  196  198  211  244  295  354  404
  435  451  464  484  511  538  563  593  645  728  830  921  976  991  986  985
  994 1000  987  955  921  907  921  954  986  998  989  968  948  935  925  907
  878  844  810  777  740  697  656  626  612  605  597  587  581  584  596  609
  617  614  599  567  520  460  399  346  309
    10.0-180.0 180.0   5.0 450.0                            LAT/LON1/LON2/DLON/H
  319  292  274  256  238  218  204  198  199  201  206  222  257  313  377  431
  465  481  490  503  523  545  569  603  663  755  861  950  996  998  979  965
  963  960  943  917  897  903  936  982 1018 1031 1020  996  975  960  944  919
  880  834  790  748  704  654  607  572  552  541  531  522  521  534  560  591
  615  623  612  578  527  466  407  356  319
     7.5-180.0 180.0   5.0 450.0                            LAT/LON1/LON2/DLON/H
  318  289  265  245  225  207  194  190  192  198  205  223  260  320  391  453
  494  512  519  527  539  555  576  612  676  772  878  962 1001  998  976  962
  961  962  952  937  932  950  990 1034 1063 1068 1051 1026 1003  987  967  936
  889  836  786  742  697  649  603  567  543  526  509  494  490  503  532  568
  599  612  601  565  512  454  399  354  318
     5.0-180.0 180.0   5.0 450.0                            LAT/LON1/LON2/DLON/H
  312  280  253  230  210  193  181  178  181  186  194  213  252  317  394  465
  513  537  547  552  560  570  588  623  686  778  879  958  995  995  982  980
  991 1005 1009 1009 1015 1037 1070 1100 1113 1103 1079 1051 1028 1011  991  957
  908  853  804  764  727  689  650  616  590  566  539  514  497  499  518  548
  575  587  574  537  485  431  384  346  312
     2.5-180.0 180.0   5.0 450.0                            LAT/LON1/LON2/DLON/H
  306  273  242  216  196  180  170  166  168  172  178  196  236  303  385  463
  520  552  567  574  581  590  605  636  693  777  868  941  981  992  995 1011
 1041 1071 1093 1107 1121 1139 1157 1164 1154 1128 1095 1064 1041 1025 1006  974
  928  879  837  808  785  762  735  707  679  648  610  569  536  518  518  531
  547  553  538  502  454  407  370  338  306
