ionex_files/COD0OPSFIN_20250930000_01D_01H_GIM.INX
     1.0            IONOSPHERE MAPS     GNSS                IONEX VERSION / TYPE
ADDNEQ2 V5.5        AIUB                07-APR-25 19:09     PGM / RUN BY / DATE 
CODE'S GLOBAL IONOSPHERE MAPS FOR DAY 093, 2025             COMMENT             
Global ionosphere maps (GIM) are generated on a daily basis DESCRIPTION         
at CODE using data from about 300 GNSS sites of the IGS and DESCRIPTION         
other institutions. The vertical total electron content     DESCRIPTION         
(VTEC) is modeled in a solar-geomagnetic reference frame    DESCRIPTION         
using a spherical harmonics expansion up to degree and      DESCRIPTION         
order 15. Piece-wise linear functions are used for          DESCRIPTION         
representation in the time domain. The time spacing of      DESCRIPTION         
their vertices is 1 hour, conforming with the epochs of the DESCRIPTION         
VTEC maps.                                                  DESCRIPTION         
To convert line-of-sight TEC into vertical TEC, a modified  DESCRIPTION         
single-layer model mapping function approximating the JPL   DESCRIPTION         
extended slab model mapping function is adopted. The        DESCRIPTION         
mapping function is evaluated at geodetic satellite         DESCRIPTION         
elevation angles. For the computation of the ionospheric    DESCRIPTION         
pierce points, a spherical layer with a radius of 6821 km   DESCRIPTION         
is assumed, implying geocentric, not geodetic IONEX         DESCRIPTION         
latitudes.                                                  DESCRIPTION         
Instrumental biases with respect to each involved GNSS code DESCRIPTION         
observable are estimated as constant values for each        DESCRIPTION         
day. They are modeled with one set of bias parameters for   DESCRIPTION         
each satellite and each station in case of GPS and for each DESCRIPTION         
satellite-station link in case of GLONASS. The code bias    DESCRIPTION         
datum is defined by zero-mean conditions imposed on the     DESCRIPTION         
satellite bias estimates. In this file, just GPS C1W-C2W    DESCRIPTION         
satellite and station bias values are included. The         DESCRIPTION         
complete set of GNSS code bias results is provided in an    DESCRIPTION         
additional Bias-SINEX file as pseudo-absolute values        DESCRIPTION         
specific to each observable.                                DESCRIPTION         
Note: These GIM results correspond to the results for the   DESCRIPTION         
middle day of a 3-day combination analysis solving for 73   DESCRIPTION         
times 256, or 18688 VTEC parameters and 3 daily sets of     DESCRIPTION         
GNSS code bias parameters.                                  DESCRIPTION         
Contact address: code(at)aiub.unibe.ch                      DESCRIPTION         
Data archive:    ftp.aiub.unibe.ch/CODE/                    DESCRIPTION         
                 www.aiub.unibe.ch/download/CODE/           DESCRIPTION         
  2025     4     3     0     0     0                        EPOCH OF FIRST MAP  
  2025     4     4     0     0     0                        EPOCH OF LAST MAP   
  3600                                                      INTERVAL            
[...]
abpo adis albh alic amu2 areg areq ascg aspa auck azgb badg COMMENT             
bake bjfs bndy boav bogo bogt bor1 braz brft brst brux cags COMMENT             
cas1 ccj2 cedu chpg chti chur ckis coco cord cpvg cpxf cro1 COMMENT             
daej darw dav1 dgar dhlg drao dubo ebre faa1 fair flin flrs COMMENT             
frdn func ganp glps glsv gode gol2 gold gope gras graz guam COMMENT             
guug harb hers hert hlfx hnpt hob2 hofn holb hrao iddr ieng COMMENT             
iisc impz ineg invk iqal irkj jog2 joz2 karr kerg kir0 kiri COMMENT             
kiru kit3 kokb kokv koug kour krgg lama laut lmmf lpal lpgs COMMENT             
m0se mac1 madr mal2 mana mas1 mat1 mate maui maw1 mcm4 mdo1 COMMENT             
medi mgue mizu mkea mnls mobs morp mqzg mro1 mtka nano naur COMMENT             
nico nist nium nklg nlib nnor not1 nrc1 ntus nya1 nyal onsa COMMENT             
opmt ous2 pado parc park pdel penc pert pie1 pimo pohn pol2 COMMENT             
polv pots pove ptag ptbb ptvl qaq1 quin rabt ramo reun reyk COMMENT             
rgdg rio2 roth salu samo sant savo sch2 scor scrz sctb scub COMMENT             
seyg sfer spt0 ssia sthl stjo stk2 str2 suth sutm suwn sydn COMMENT             
syog tash thtg thti thu2 tid1 tidb tlse tn22 tong tow2 tro1 COMMENT             
tskb twtf txes uclu ufpr ulab unb3 unbj unsa urum usn7 usud COMMENT             
vald vill vtsp wab1 wab2 whit will wind wsrt wtza wtzr wtzs COMMENT             
wtzz wuhn xmis yar2 yar3 yarr yell ykro zeck zim2 zim3 zimm COMMENT             
                                                            END OF HEADER       
[from data line 5148]
    13                                                      START OF TEC MAP    
  2025     4     3    12     0     0                        EPOCH OF CURRENT MAP
    87.5-180.0 180.0   5.0 450.0                            LAT/LON1/LON2/DLON/H
  246  247  248  248  249  250  251  251  251  251  251  251  251  250  250  249
  248  247  246  244  243  241  240  238  236  235  233  231  230  228  226  224
  223  221  220  218  217  215  214  213  212  212  211  211  211  211  211  211
  212  213  214  215  217  218  220  221  223  225  226  228  230  231  233  234
  236  237  238  240  241  242  243  245  246
    85.0-180.0 180.0   5.0 450.0                            LAT/LON1/LON2/DLON/H
  238  240  242  244  246  248  249  251  252  253  253  253  253  252  251  249
  247  245  243  240  238  236  233  231  229  226  224  222  220  218  216  214
  211  209  206  204  201  198  196  193  191  189  187  186  186  186  187  188
  190  192  195  198  202  205  209  213  216  219  222  224  226  228  229  230
  231  232  233  233  234  235  236  237  238
    82.5-180.0 180.0   5.0 450.0                            LAT/LON1/LON2/DLON/H
  211  213  216  219  222  226  230  233  236  238  239  240  240  238  237  234
  231  228  225  222  219  217  215  213  212  211  211  211  211  210  210  209
  208  206  204  201  198  194  190  186  182  178  175  172  171  171  172  175
  178  183  188  194  200  207  213  219  224  227  230  232  232  232  230  228
  225  222  219  216  213  212  211  211  211
    80.0-180.0 180.0   5.0 450.0                            LAT/LON1/LON2/DLON/H
  169  171  174  178  184  190  196  202  207  211  213  215  214  213  211  208
  204  200  197  194  191  190  189  190  191  193  197  200  204  208  212  215
  217  218  217  216  212  208  203  197  190  185  179  175  173  173  174  178
  183  191  199  209  219  228  237  244  250  254  256  255  252  247  240  231
  222  212  202  193  184  178  173  170  169
    77.5-180.0 180.0   5.0 450.0                            LAT/LON1/LON2/DLON/H
  123  123  126  132  139  148  156  164  172  177  181  183  183  182  179  176
  172  168  165  162  161  161  163  166  171  178  185  194  203  212  221  229
  236  241  244  244  243  239  233  226  218  210  203  197  194  193  195  200
  208  218  230  243  255  268  278  287  293  296  295  291  283  272  258  242
  225  206  188  171  155  142  132  126  123
    75.0-180.0 180.0   5.0 450.0                            LAT/LON1/LON2/DLON/H
   84   82   85   91  100  110  120  130  138  145  150  152  153  151  149  146
  142  139  137  135  136  138  143  149  158  168  179  192  206  220  234  247
  259  268  276  280  281  279  274  267  258  249  241  235  231  230  233  239
  249  261  275  289  304  317  328  337  341  342  339  330  318  302  282  259
  234  208  182  157  135  116  101   90   84
    72.5-180.0 180.0   5.0 450.0                            LAT/LON1/LON2/DLON/H
   63   60   61   67   75   85   95  104  113  119  123  126  127  126  125  122
  120  118  118  119  121  126  133  141  152  164  178  193  210  227  244  262
  278  292  304  313  318  319  317  311  304  295  287  281  277  277  280  287
  297  310  324  339  352  364  374  380  382  380  373  362  346  326  302  275
  246  216  186  157  130  106   87   72   63
    70.0-180.0 180.0   5.0 450.0                            LAT/LON1/LON2/DLON/H
   65   59   59   62   68   76   83   91   97  101  105  107  108  108  108  108
  108  108  110  113  117  124  132  142  153  165  179  194  211  229  248  268
  288  306  322  336  345  351  353  351  347  340  334  329  325  325  328  335
  344  355  367  379  389  397  402  403  402  396  387  373  356  335  311  285
  256  227  197  168  140  115   93   77   65
    67.5-180.0 180.0   5.0 450.0                            LAT/LON1/LON2/DLON/H
   86   78   74   74   77   81   84   87   90   91   92   93   95   97   99  101
  103  106  110  114  120  128  136  146  156  167  179  192  207  224  243  264
  286  307  327  345  360  370  377  381  381  379  376  372  370  369  371  375
  382  389  396  401  405  406  405  401  395  386  374  360  343  324  303  281
  257  234  209  185  161  138  117   99   86
    65.0-180.0 180.0   5.0 450.0                            LAT/LON1/LON2/DLON/H
  116  106  100   96   95   94   92   90   87   85   84   84   86   89   94   99
  103  108  113  119  125  133  140  149  157  165  174  184  197  212  231  252
  276  299  322  344  362  378  391  401  407  410  410  409  407  405  404  404
  405  406  406  404  400  393  385  375  364  352  339  324  308  292  276  261
  246  231  216  200  183  165  147  130  116
    62.5-180.0 180.0   5.0 450.0                            LAT/LON1/LON2/DLON/H
  143  132  123  117  112  107  101   94   86   80   76   75   78   83   90   97
  104  110  116  121  127  134  140  147  153  158  164  172  183  198  217  240
  265  290  315  339  361  381  399  414  427  435  439  439  436  431  426  420
  415  409  401  391  379  366  351  336  322  307  293  278  263  249  237  228
  221  217  212  207  198  187  172  157  143
    60.0-180.0 180.0   5.0 450.0                            LAT/LON1/LON2/DLON/H
  157  145  136  129  122  115  105   95   84   74   68   67   70   76   85   94
  102  109  114  119  124  129  134  139  143  147  151  158  169  186  208  234
  261  289  314  339  362  384  406  427  445  459  466  467  462  452  441  428
  416  403  389  372  354  336  317  299  283  267  252  236  221  207  196  190
  189  192  196  199  199  194  184  171  157
    57.5-180.0 180.0   5.0 450.0                            LAT/LON1/LON2/DLON/H
  153  142  133  127  121  114  104   92   80   69   62   60   63   69   78   88
   97  104  109  113  117  120  124  127  130  133  138  146  160  181  208  239
  271  300  327  350  372  395  418  443  465  483  492  493  485  470  452  433
  415  397  378  358  337  316  296  278  262  247  230  213  195  178  165  158
  158  163  172  181  186  185  177  166  153
    55.0-180.0 180.0   5.0 450.0                            LAT/LON1/LON2/DLON/H
  133  123  116  113  110  106   99   89   77   66   59   56   58   64   72   82
   91   98  103  106  109  111  114  116  119  122  128  140  158  186  220  258
  294  327  353  375  395  415  438  464  488  509  520  520  509  489  465  440
  417  397  377  357  337  316  298  282  267  252  236  216  195  173  154  141
  136  139  147  156  162  163  156  145  133
    52.5-180.0 180.0   5.0 450.0                            LAT/LON1/LON2/DLON/H
  106   97   93   94   97   97   94   88   79   70   63   59   59   62   69   77
   86   93   99  103  105  106  108  110  113  117  125  139  163  197  239  284
  327  363  390  410  427  444  465  489  514  535  547  546  532  508  480  452
  428  407  390  372  354  337  321  307  295  282  265  244  218  190  164  144
  132  127  129  135  139  137  130  118  106
    50.0-180.0 180.0   5.0 450.0                            LAT/LON1/LON2/DLON/H
   83   75   74   79   87   92   95   93   88   82   75   70   67   67   70   76
   85   93  100  104  107  108  109  111  114  119  128  144  172  211  259  311
  359  399  429  450  465  479  497  518  541  561  573  571  555  529  498  469
  446  428  414  400  386  371  357  345  334  322  306  283  255  224  193  166
  145  132  126  124  123  119  109   95   83
    47.5-180.0 180.0   5.0 450.0                            LAT/LON1/LON2/DLON/H
   73   66   67   75   86   96  103  106  105  102   96   89   82   78   77   81
   89   98  107  113  116  117  117  118  121  126  135  151  180  220  272  328
  382  428  463  487  504  517  532  549  568  586  596  594  578  551  519  491
  470  455  445  434  422  407  393  381  370  358  342  320  292  261  229  199
  172  152  138  129  123  115  102   87   73
    45.0-180.0 180.0   5.0 450.0                            LAT/LON1/LON2/DLON/H
   83   75   76   85   97  108  117  124  127  127  122  114  104   95   91   92
   99  109  119  126  129  130  129  130  133  137  144  158  183  222  274  332
  390  443  486  519  542  559  572  585  599  612  620  617  602  575  545  517
  498  486  478  468  454  437  419  404  390  376  360  339  314  287  259  231
  205  181  162  148  138  128  114   97   83
    42.5-180.0 180.0   5.0 450.0                            LAT/LON1/LON2/DLON/H
  109  100   99  107  117  127  136  143  149  151  148  140  128  116  108  107
  112  122  132  140  144  144  143  144  146  149  153  162  182  216  263  321
  384  445  500  547  583  608  623  632  640  647  652  648  632  606  576  549
  530  518  509  497  479  456  432  410  391  373  355  335  314  294  274  254
  232  209  190  175  164  154  140  124  109
    40.0-180.0 180.0   5.0 450.0                            LAT/LON1/LON2/DLON/H
  144  134  132  135  142  147  153  160  167  171  170  162  151  138  129  125
  128  136  146  153  157  156  155  156  158  161  162  166  178  205  247  303
  369  440  511  577  631  668  688  696  698  699  699  692  676  649  618  590
  569  555  542  524  499  468  436  406  380  357  335  315  297  282  272  261
  247  230  213  200  192  185  174  159  144
    37.5-180.0 180.0   5.0 450.0                            LAT/LON1/LON2/DLON/H
  179  168  164  164  164  164  165  169  176  182  183  179  170  159  150  144
  144  149  157  164  167  166  166  168  171  173  173  172  178  197  234  288
  358  440  529  617  692  745  774  782  779  774  768  758  739  709  675  643
  618  599  581  557  524  486  445  408  374  345  318  294  275  263  258  254
  248  237  225  216  213  211  205  193  179
    35.0-180.0 180.0   5.0 450.0                            LAT/LON1/LON2/DLON/H
  204  194  188  185  181  175  170  171  176  183  187  187  183  176  169  162
  158  159  165  171  175  176  177  181  187  190  189  186  188  203  236  290
  363  456  562  671  768  839  877  888  883  873  862  847  823  789  749  712
  682  658  635  605  567  523  477  434  394  359  326  295  269  253  246  244
  242  235  226  221  222  225  224  215  204
    32.5-180.0 180.0   5.0 450.0                            LAT/LON1/LON2/DLON/H
  214  207  202  198  190  179  169  166  169  176  182  187  189  188  184  176
  169  167  171  178  184  187  191  198  207  214  215  212  214  229  263  317
  395  495  615  741  856  941  989 1005 1001  989  974  955  925  884  838  796
  762  734  707  675  635  590  542  496  453  413  373  334  297  269  252  244
  238  230  221  217  219  225  228  223  214
    30.0-180.0 180.0   5.0 450.0                            LAT/LON1/LON2/DLON/H
  213  208  206  202  193  180  167  160  160  166  173  181  189  195  195  187
  177  172  175  185  195  203  211  223  236  247  251  253  259  279  316  373
  454  559  686  821  945 1039 1095 1117 1117 1106 1091 1068 1032  985  933  887
  852  825  799  768  730  688  642  597  552  509  464  416  366  321  288  265
  249  233  219  211  212  217  221  218  213
    27.5-180.0 180.0   5.0 450.0                            LAT/LON1/LON2/DLON/H
  205  204  205  204  195  181  166  157  154  156  162  172  186  197  200  193
  181  174  180  194  211  225  238  254  272  288  298  307  322  350  393  455
  536  640  765  898 1022 1117 1177 1205 1211 1206 1193 1168 1128 1076 1022  976
  944  920  899  873  842  805  764  720  676  632  586  533  473  411  358  317
  285  257  233  216  209  210  211  209  205
    25.0-180.0 180.0   5.0 450.0                            LAT/LON1/LON2/DLON/H
  203  203  206  207  201  187  171  159  153  151  154  163  179  194  200  193
  181  175  184  205  229  251  270  290  313  334  352  370  396  434  485  550
  629  727  841  961 1072 1160 1218 1250 1264 1268 1260 1237 1196 1142 1089 1048
 1023 1007  993  974  951  921  884  842  798  756  713  662  597  525  455  397
  349  307  270  241  223  215  211  207  203
    22.5-180.0 180.0   5.0 450.0                            LAT/LON1/LON2/DLON/H
  214  213  216  217  211  198  183  169  158  151  149  156  171  187  195  189
  177  174  188  216  249  277  302  326  353  380  406  435  473  521  579  645
  719  805  901  999 1088 1160 1211 1245 1267 1279 1279 1260 1222 1171 1123 1090
 1075 1070 1064 1052 1034 1010  975  932  887  848  813  772  714  641  565  496
  436  383  334  292  262  243  231  221  214
    20.0-180.0 180.0   5.0 450.0                            LAT/LON1/LON2/DLON/H
  245  239  237  234  227  214  198  182  167  155  148  151  164  178  185  180
  171  171  190  225  265  300  329  357  387  420  455  495  543  599  662  726
  793  865  938 1009 1070 1119 1159 1192 1219 1240 1247 1235 1202 1157 1118 1097
 1094 1097 1097 1089 1075 1052 1016  969  921  884  861  837  797  737  665  596
  534  476  419  367  326  297  275  258  245
    17.5-180.0 180.0   5.0 450.0                            LAT/LON1/LON2/DLON/H
  295  279  267  257  244  229  212  194  176  160  149  148  156  168  174  171
  164  169  192  232  276  315  347  378  412  451  494  544  600  662  725  785
  844  901  952  995 1027 1053 1078 1107 1137 1162 1175 1169 1143 1108 1080 1070
 1077 1087 1089 1080 1064 1039  999  945  891  857  846  844  829  792  739  682
  627  572  515  459  411  373  343  317  295
    15.0-180.0 180.0   5.0 450.0                            LAT/LON1/LON2/DLON/H
  358  328  303  280  260  240  221  201  181  162  149  145  150  159  164  162
  159  167  193  234  280  321  355  388  425  470  522  579  641  704  764  820
  871  915  949  969  976  982  994 1015 1042 1067 1082 1080 1063 1037 1020 1020
 1033 1046 1045 1031 1010  980  934  873  812  777  777  796  809  800  773  738
  700  657  606  552  503  462  426  391  358
    12.5-180.0 180.0   5.0 450.0                            LAT/LON1/LON2/DLON/H
  424  379  337  300  269  244  221  199  178  160  147  143  146  152  156  156
  157  168  194  235  280  321  355  389  430  480  539  602  667  727  782  831
  877  915  939  945  937  929  930  944  964  982  994  994  983  967  958  964
  980  989  982  961  933  899  849  782  715  677  682  715  750  768  767  757
  741  716  678  633  590  550  511  469  424
    10.0-180.0 180.0   5.0 450.0                            LAT/LON1/LON2/DLON/H
  483  423  365  313  272  239  213  190  169  153  144  141  143  148  152  155
  159  172  197  235  278  318  353  388  430  484  548  615  679  735  783  828
  872  910  933  935  923  911  907  913  923  930  933  932  925  915  912  921
  934  937  921  893  862  827  777  709  639  597  598  635  679  712  731  743
  749  742  720  689  655  622  584  538  483
     7.5-180.0 180.0   5.0 450.0                            LAT/LON1/LON2/DLON/H
  526  454  383  319  268  230  201  176  156  143  138  139  141  145  151  157
  165  178  202  237  278  318  352  387  430  486  553  621  683  734  776  817
  862  906  936  945  940  933  931  932  930  923  914  908  902  896  895  902
  910  906  884  852  821  791  749  686  617  569  561  586  622  654  681  706
  726  734  728  711  690  666  634  587  526
     5.0-180.0 180.0   5.0 450.0                            LAT/LON1/LON2/DLON/H
  546  470  390  319  263  221  189  163  144  134  133  136  140  144  150  159
  170  185  207  240  281  322  358  392  433  489  556  623  682  727  765  805
  854  906  948  971  981  987  993  993  980  958  937  924  917  912  910  913
  915  907  882  851  826  807  779  729  667  614  590  589  600  614  631  656
  683  700  703  698  690  678  654  610  546
     2.5-180.0 180.0   5.0 450.0                            LAT/LON1/LON2/DLON/H
  545  469  389  317  260  217  183  156  136  128  129  134  138  142  149  160
  173  188  211  245  289  333  370  403  441  493  557  622  677  719  754  795
  848  908  962 1002 1031 1056 1073 1075 1055 1021  989  969  959  953  948  946
  945  935  914  890  877  874  863  832  780  726  681  648  621  600  595  608
  629  647  654  656  658  656  641  605  545
