ionex_files/COD0OPSFIN_20250850000_01D_01H_GIM.INX
     1.0            IONOSPHERE MAPS     GNSS                IONEX VERSION / TYPE
ADDNEQ2 V5.5        AIUB                30-MAR-25 18:56     PGM / RUN BY / DATE 
CODE'S GLOBAL IONOSPHERE MAPS FOR DAY 085, 2025             COMMENT             
Global ionosphere maps (GIM) are generated on a daily basis DESCRIPTION         
at CODE using data from about 300 GNSS sites of the IGS and DESCRIPTION         
other institutions. The vertical total electron content     DESCRIPTION         
(VTEC) is modeled in a solar-geomagnetic reference frame    DESCRIPTION         
using a spherical harmonics expansion up to degree and      DESCRIPTION         
order 15. Piece-wise linear functions are used for          DESCRIPTION         
representation in the time domain. The time spacing of      DESCRIPTION         
their vertices is 1 hour, conforming with the epochs of the DESCRIPTION         
VTEC maps.                                                  DESCRIPTION         
To convert line-of-sight TEC into vertical TEC, a modified  DESCRIPTION         
single-layer model mapping function approximating the JPL   DESCRIPTION         
extended slab model mapping function is adopted. The        DESCRIPTION         
mapping function is evaluated at geodetic satellite         DESCRIPTION         
elevation angles. For the computation of the ionospheric    DESCRIPTION         
pierce points, a spherical layer with a radius of 6821 km   DESCRIPTION         
is assumed, implying geocentric, not geodetic IONEX         DESCRIPTION         
latitudes.                                                  DESCRIPTION         
Instrumental biases with respect to each involved GNSS code DESCRIPTION         
observable are estimated as constant values for each        DESCRIPTION         
day. They are modeled with one set of bias parameters for   DESCRIPTION         
each satellite and each station in case of GPS and for each DESCRIPTION         
satellite-station link in case of GLONASS. The code bias    DESCRIPTION         
datum is defined by zero-mean conditions imposed on the     DESCRIPTION         
satellite bias estimates. In this file, just GPS C1W-C2W    DESCRIPTION         
satellite and station bias values are included. The         DESCRIPTION         
complete set of GNSS code bias results is provided in an    DESCRIPTION         
additional Bias-SINEX file as pseudo-absolute values        DESCRIPTION         
specific to each observable.                                DESCRIPTION         
Note: These GIM results correspond to the results for the   DESCRIPTION         
middle day of a 3-day combination analysis solving for 73   DESCRIPTION         
times 256, or 18688 VTEC parameters and 3 daily sets of     DESCRIPTION         
GNSS code bias parameters.                                  DESCRIPTION         
Contact address: code(at)aiub.unibe.ch                      DESCRIPTION         
Data archive:    ftp.aiub.unibe.ch/CODE/                    DESCRIPTION         
                 www.aiub.unibe.ch/download/CODE/           DESCRIPTION         
  2025     3    26     0     0     0                        EPOCH OF FIRST MAP  
  2025     3    27     0     0     0                        EPOCH OF LAST MAP   
  3600                                                      INTERVAL            
[...]
abpo adis albh algo alic amu2 antc areg areq ascg aspa auck COMMENT             
azgb badg bake barh bjfs bndy boav bogo bogt bor1 braz brft COMMENT             
brst brux cags cas1 ccj2 cedu chpg chti chur ckis coco cord COMMENT             
cpvg cpxf cro1 daej darw dav1 dgar dhlg drao dubo ebre faa1 COMMENT             
fair flin flrs frdn func ganp glps glsv gode gol2 gold gope COMMENT             
gras graz guam guug harb hers hert hlfx hnpt hob2 hofn holb COMMENT             
hrao hyde iddr ieng iisc impz ineg invk iqal irkj jog2 joz2 COMMENT             
karr kerg kir0 kiri kiru kit3 kokb kokv koug kour krgg lama COMMENT             
laut lmmf lpal lpgs mac1 madr mana mas1 mat1 mate maui maw1 COMMENT             
mcil mcm4 mdo1 medi mgue mizu mkea mnls mobs morp mqzg mro1 COMMENT             
mtka nano naur nico nist nium nklg nlib nnor nrc1 ntus nya1 COMMENT             
nyal onsa opmt ous2 pado parc park penc pert pie1 pimo pohn COMMENT             
pol2 pots pove ptag ptbb ptvl qaq1 quin rabt ramo reun reyk COMMENT             
rgdg rio2 roth salu samo sant savo sch2 scor scrz sctb scub COMMENT             
seyg sfer spt0 ssia sthl stjo stk2 str2 suth sutm suwn sydn COMMENT             
syog tash thtg thti thu2 tid1 tidb tlse tn22 tong tow2 tro1 COMMENT             
tskb twtf txes uclu ufpr ulab unb3 unbj unsa urum usn7 usud COMMENT             
vald vill vtsp wab1 wab2 whit will wind wsrt wtza wtzr wtzs COMMENT             
wtzz wuhn xmis yar2 yarr yell ykro zeck zim2 zim3 zimm      COMMENT             
                                                            END OF HEADER       
[from data line 9438]
    23                                                      START OF TEC MAP    
  2025     3    26    22     0     0                        EPOCH OF CURRENT MAP
    87.5-180.0 180.0   5.0 450.0                            LAT/LON1/LON2/DLON/H
  229  230  230  230  230  230  230  230  229  229  228  227  226  225  224  222
  220  219  217  214  212  210  207  205  203  200  198  196  193  191  190  188
  187  185  184  184  183  183  183  183  184  185  186  187  189  190  192  194
  196  199  201  203  205  207  210  212  214  215  217  219  220  222  223  224
  225  226  226  227  228  228  229  229  229
    85.0-180.0 180.0   5.0 450.0                            LAT/LON1/LON2/DLON/H
  227  228  230  231  232  234  235  236  237  238  239  239  238  237  236  234
  231  229  225  221  217  213  208  203  198  193  188  183  179  174  170  167
  163  161  158  157  155  155  155  155  156  158  160  163  166  169  173  177
  181  185  190  194  198  202  206  209  213  215  218  219  221  222  223  224
  224  224  225  225  225  225  226  227  227
    82.5-180.0 180.0   5.0 450.0                            LAT/LON1/LON2/DLON/H
  205  207  210  214  218  222  227  231  236  240  243  245  247  248  247  246
  243  240  236  232  226  221  214  208  201  195  188  181  175  168  162  157
  152  148  144  141  139  138  137  137  138  139  142  144  148  152  156  161
  166  172  177  183  188  193  197  201  204  207  208  209  209  209  208  207
  206  205  203  202  202  202  202  203  205
    80.0-180.0 180.0   5.0 450.0                            LAT/LON1/LON2/DLON/H
  169  173  178  185  192  201  210  219  228  236  243  248  253  255  256  256
  254  251  247  242  237  231  225  218  211  204  197  190  182  175  168  161
  155  150  145  142  139  136  135  134  134  134  134  136  138  140  144  148
  152  157  162  167  172  177  181  184  186  187  187  186  184  182  179  176
  173  170  167  165  164  163  164  166  169
    77.5-180.0 180.0   5.0 450.0                            LAT/LON1/LON2/DLON/H
  132  138  146  155  166  179  192  206  219  232  242  251  257  261  263  262
  260  257  253  249  244  239  234  229  224  218  212  205  197  190  182  175
  168  163  158  153  150  148  145  144  142  140  138  136  135  134  135  136
  138  141  144  148  151  154  156  157  157  156  154  151  148  144  140  136
  132  129  126  124  124  124  125  128  132
    75.0-180.0 180.0   5.0 450.0                            LAT/LON1/LON2/DLON/H
  110  117  126  137  150  165  182  199  217  233  246  257  264  268  268  266
  262  258  253  249  245  242  239  236  233  229  225  219  212  205  197  189
  182  176  171  167  165  163  161  158  155  151  147  141  136  131  128  125
  124  124  124  125  126  127  127  125  123  120  116  112  108  103   99   96
   94   92   92   92   94   97  100  105  110
    72.5-180.0 180.0   5.0 450.0                            LAT/LON1/LON2/DLON/H
  110  118  126  137  150  166  184  204  224  243  258  269  275  277  274  269
  262  254  247  242  238  236  235  234  234  232  229  224  218  211  202  194
  186  179  175  172  171  170  170  168  165  160  154  145  137  128  120  114
  110  107  105  104  103  100   97   94   89   84   80   75   72   69   67   67
   67   70   74   79   85   91   97  104  110
    70.0-180.0 180.0   5.0 450.0                            LAT/LON1/LON2/DLON/H
  134  140  146  154  165  180  199  219  241  261  277  288  293  291  284  274
  262  250  240  232  227  224  223  223  223  222  220  217  210  202  193  183
  174  167  163  161  162  164  166  167  165  160  153  143  132  121  112  104
   98   93   90   87   83   79   73   67   61   56   52   49   48   48   50   53
   58   65   74   85   96  107  118  126  134
    67.5-180.0 180.0   5.0 450.0                            LAT/LON1/LON2/DLON/H
  171  175  178  183  190  202  219  240  262  283  301  311  314  310  299  284
  267  251  236  224  215  209  206  204  202  201  199  196  190  182  172  161
  150  142  137  136  138  142  147  151  151  148  142  133  122  111  101   94
   88   85   81   78   73   66   58   50   44   39   37   37   40   44   50   57
   66   77   90  105  122  138  152  163  171
    65.0-180.0 180.0   5.0 450.0                            LAT/LON1/LON2/DLON/H
  208  210  210  210  213  221  236  257  280  303  322  334  337  331  318  300
  279  259  240  223  209  198  189  183  178  175  172  169  164  156  146  134
  123  113  107  105  108  113  119  125  128  128  123  116  107   98   91   86
   83   81   79   76   71   63   53   45   38   35   36   41   48   57   65   74
   84   96  111  129  149  169  187  200  208
    62.5-180.0 180.0   5.0 450.0                            LAT/LON1/LON2/DLON/H
  230  231  228  224  224  229  242  263  288  313  335  349  354  350  337  319
  297  275  253  232  213  195  180  167  157  151  147  145  142  137  128  117
  104   93   85   82   83   87   94  100  104  105  103   98   92   87   83   81
   82   83   84   82   76   67   57   48   42   42   47   57   69   80   90   99
  106  115  128  145  165  187  207  222  230
    60.0-180.0 180.0   5.0 450.0                            LAT/LON1/LON2/DLON/H
  230  231  227  221  218  222  234  254  280  308  333  351  361  361  352  337
  317  295  273  250  227  205  183  164  149  140  135  135  135  133  127  118
  105   93   83   77   76   78   81   85   88   89   88   85   82   80   79   81
   85   89   92   91   86   77   66   57   52   55   64   78   94  108  117  122
  125  127  134  147  165  185  205  221  230
    57.5-180.0 180.0   5.0 450.0                            LAT/LON1/LON2/DLON/H
  207  209  206  201  198  202  213  233  259  288  316  338  353  359  357  347
  332  314  294  273  250  226  201  178  159  148  144  145  149  151  148  140
  128  116  105   97   92   90   90   90   89   88   86   83   81   80   81   85
   91   97  101  101   97   88   78   69   65   69   82   99  118  132  140  140
  136  131  130  136  148  166  184  199  207
    55.0-180.0 180.0   5.0 450.0                            LAT/LON1/LON2/DLON/H
  174  177  176  174  174  178  189  207  231  259  287  313  333  345  350  347
  338  325  310  294  276  255  233  210  190  178  174  177  183  187  185  178
  167  155  145  136  130  125  120  115  109  104   98   94   91   90   91   94
   99  104  109  110  107   99   89   81   78   83   96  115  135  149  154  151
  141  130  123  121  128  140  153  166  174
    52.5-180.0 180.0   5.0 450.0                            LAT/LON1/LON2/DLON/H
  145  148  151  153  156  163  173  187  207  230  256  282  305  323  333  336
  332  324  315  307  299  289  274  257  240  228  223  225  229  232  228  220
  209  199  190  183  178  172  164  155  145  134  125  118  112  108  106  106
  109  112  116  117  116  110  102   94   90   95  107  125  144  157  162  158
  147  134  123  118  119  124  132  139  145
    50.0-180.0 180.0   5.0 450.0                            LAT/LON1/LON2/DLON/H
  137  140  144  151  159  166  175  184  196  212  232  255  278  299  313  319
  317  312  310  312  318  322  321  313  300  289  282  279  278  274  265  253
  241  232  227  225  223  219  211  200  187  174  161  149  139  131  125  122
  120  121  123  125  125  122  116  109  104  106  115  131  147  161  167  166
  160  151  144  139  136  136  136  136  137
    47.5-180.0 180.0   5.0 450.0                            LAT/LON1/LON2/DLON/H
  162  161  166  175  186  195  201  204  206  213  224  242  263  284  299  305
  302  296  297  309  330  352  367  370  363  351  339  329  318  303  286  268
  254  247  246  249  253  254  250  241  229  214  198  183  169  157  147  140
  135  132  133  136  138  139  135  129  122  120  125  136  151  165  175  182
  185  188  189  190  188  183  176  168  162
    45.0-180.0 180.0   5.0 450.0                            LAT/LON1/LON2/DLON/H
  222  215  217  227  239  247  250  246  239  235  238  249  268  288  302  304
  296  287  288  306  340  379  409  421  417  403  385  366  344  318  291  268
  252  247  249  257  265  272  274  270  261  247  231  214  198  183  170  160
  152  148  148  152  157  161  160  153  145  138  138  145  158  174  191  208
  226  244  259  269  272  266  253  236  222
    42.5-180.0 180.0   5.0 450.0                            LAT/LON1/LON2/DLON/H
  311  296  292  299  309  315  314  304  290  278  273  278  294  313  327  326
  311  294  291  311  353  403  443  461  457  439  415  389  358  325  292  266
  251  247  250  258  267  276  283  285  281  270  255  238  221  205  192  181
  173  168  168  173  181  188  189  182  171  160  156  161  174  193  217  246
  278  312  343  365  375  371  356  333  311
    40.0-180.0 180.0   5.0 450.0                            LAT/LON1/LON2/DLON/H
  416  393  381  381  386  388  383  369  351  333  323  326  341  361  375  372
  352  326  314  330  373  426  468  485  478  457  430  401  369  336  305  283
  272  269  269  269  272  277  285  291  291  284  271  255  239  224  212  202
  196  192  193  199  209  217  218  210  197  183  178  183  198  221  252  290
  335  383  427  461  480  482  469  445  416
    37.5-180.0 180.0   5.0 450.0                            LAT/LON1/LON2/DLON/H
  525  496  475  465  462  458  449  433  413  395  383  384  400  423  441  439
  415  382  360  367  404  451  486  496  483  459  434  411  388  366  348  338
  336  334  324  309  295  288  290  296  298  293  282  267  253  240  230  223
  219  217  219  225  235  243  243  233  217  202  197  205  225  254  291  336
  388  444  496  539  568  580  575  555  525
    35.0-180.0 180.0   5.0 450.0                            LAT/LON1/LON2/DLON/H
  628  596  567  546  533  522  509  492  474  456  445  446  463  491  515  518
  494  454  423  418  442  476  497  496  476  453  437  429  425  424  428  440
  451  449  426  386  346  319  308  307  307  301  290  278  266  256  248  242
  239  238  240  246  254  260  258  245  227  212  210  224  251  287  328  375
  429  486  540  589  627  652  662  653  628
    32.5-180.0 180.0   5.0 450.0                            LAT/LON1/LON2/DLON/H
  719  690  656  626  603  583  565  548  532  517  506  506  523  554  584  593
  573  531  492  475  483  499  505  491  467  450  448  462  483  509  542  580
  607  605  564  495  423  370  342  330  323  314  302  291  281  273  265  259
  255  253  254  257  263  266  260  244  223  209  211  233  269  312  357  404
  454  506  558  607  654  695  723  732  719
    30.0-180.0 180.0   5.0 450.0                            LAT/LON1/LON2/DLON/H
  799  779  745  709  677  650  627  609  594  580  568  564  578  607  640  655
  640  599  555  527  520  520  510  487  464  456  473  509  555  608  670  732
  775  772  714  616  513  434  389  365  349  334  320  310  302  293  283  272
  264  259  257  257  259  258  249  229  207  193  200  230  275  325  373  419
  464  509  554  603  656  713  763  795  799
    27.5-180.0 180.0   5.0 450.0                            LAT/LON1/LON2/DLON/H
  869  863  836  800  763  729  702  683  669  654  638  626  629  651  681  698
  686  648  602  567  549  536  517  492  473  478  511  565  629  700  780  861
  915  911  838  717  592  496  439  406  382  361  345  336  330  319  302  283
  267  256  249  246  244  239  227  206  183  170  180  215  268  325  378  423
  464  502  542  588  647  718  789  844  869
    25.0-180.0 180.0   5.0 450.0                            LAT/LON1/LON2/DLON/H
  931  942  927  897  861  826  796  776  761  744  721  697  685  692  711  723
  712  677  631  592  568  549  529  508  499  516  559  619  686  760  844  930
  988  981  900  769  637  539  482  447  418  392  375  368  363  349  323  293
  266  246  234  226  221  215  202  182  159  146  156  194  252  315  372  420
  460  496  532  578  640  721  809  885  931
    22.5-180.0 180.0   5.0 450.0                            LAT/LON1/LON2/DLON/H
  982 1011 1012  994  966  934  905  885  870  851  821  783  752  739  741  742
  727  692  647  608  581  563  549  538  541  565  609  661  713  770  840  916
  968  959  878  754  634  552  509  482  454  426  410  405  399  380  344  301
  262  234  215  204  197  190  180  163  142  129  137  173  231  298  362  415
  459  497  536  583  647  732  829  919  982
    20.0-180.0 180.0   5.0 450.0                            LAT/LON1/LON2/DLON/H
 1016 1060 1078 1077 1062 1040 1017  999  987  968  934  885  836  801  782  768
  745  708  663  623  596  583  578  580  594  619  652  681  703  727  766  819
  856  845  774  672  583  535  518  507  486  460  444  441  435  411  364  308
  258  222  199  184  176  171  165  155  139  126  129  158  213  282  351  411
  463  510  556  606  670  753  849  943 1016
    17.5-180.0 180.0   5.0 450.0                            LAT/LON1/LON2/DLON/H
 1028 1081 1114 1131 1134 1126 1113 1103 1096 1082 1049  996  935  882  843  814
  781  740  694  652  624  614  618  632  651  670  683  679  662  643  643  663
  681  668  615  548  503  499  517  527  514  490  475  472  464  434  379  314
  255  214  187  171  162  159  161  160  151  139  135  155  204  271  343  411
  474  533  589  644  705  780  866  954 1028
    15.0-180.0 180.0   5.0 450.0                            LAT/LON1/LON2/DLON/H
 1015 1070 1113 1146 1167 1176 1176 1177 1180 1175 1151 1103 1041  979  927  885
  845  801  751  704  671  660  668  688  706  712  699  662  606  548  508  495
  493  478  447  419  423  464  516  545  539  517  499  493  481  446  386  315
  253  210  183  166  157  157  166  176  176  165  156  165  204  268  342  416
  488  558  625  686  744  806  875  948 1015
    12.5-180.0 180.0   5.0 450.0                            LAT/LON1/LON2/DLON/H
  982 1030 1075 1118 1155 1180 1196 1210 1224 1234 1225 1191 1138 1079 1025  979
  937  892  839  784  740  720  725  742  753  743  706  642  559  474  406  366
  347  332  321  329  374  450  525  565  562  536  514  500  482  443  380  310
  251  210  184  168  159  162  178  198  208  200  184  184  214  273  346  423
  500  579  656  722  776  824  875  929  982
    10.0-180.0 180.0   5.0 450.0                            LAT/LON1/LON2/DLON/H
  939  975 1015 1060 1105 1143 1173 1198 1225 1249 1259 1247 1213 1168 1122 1082
 1046 1004  949  885  827  792  785  791  789  763  710  634  544  452  374  320
  290  276  279  310  379  471  551  589  581  547  515  491  464  421  361  297
  244  209  188  173  166  171  192  221  238  233  214  206  229  283  354  429
  507  590  672  742  793  831  866  902  939
     7.5-180.0 180.0   5.0 450.0                            LAT/LON1/LON2/DLON/H
  902  924  951  990 1036 1082 1120 1153 1188 1223 1251 1262 1254 1231 1203 1178
 1153 1120 1067  995  921  867  842  832  816  779  721  651  574  498  429  377
  343  329  336  374  442  526  591  613  591  545  500  464  428  383  329  275
  233  206  190  180  174  180  204  237  259  257  237  225  244  295  363  434
  508  589  672  744  794  827  854  879  902
     5.0-180.0 180.0   5.0 450.0                            LAT/LON1/LON2/DLON/H
  888  896  907  933  974 1019 1060 1096 1132 1173 1213 1243 1258 1260 1253 1247
 1239 1219 1173 1098 1011  938  893  866  838  796  746  696  652  609  566  527
  496  479  480  504  550  601  633  628  586  527  470  421  377  332  286  245
  215  197  188  182  180  187  210  243  267  267  248  236  255  306  371  436
  503  577  657  729  781  818  847  871  888
     2.5-180.0 180.0   5.0 450.0                            LAT/LON1/LON2/DLON/H
  904  905  901  910  940  981 1020 1051 1082 1119 1161 1202 1234 1255 1267 1278
 1288 1284 1249 1177 1084  998  936  896  859  821  786  767  762  761  751  731
  707  684  668  664  669  673  661  622  562  492  425  367  317  275  239  211
  191  181  178  179  180  188  209  239  261  262  245  237  260  313  377  437
  495  560  634  703  760  807  849  885  904
