ionex_files/COD0OPSFIN_20250990000_01D_01H_GIM.INX
     1.0            IONOSPHERE MAPS     GNSS                IONEX VERSION / TYPE
ADDNEQ2 V5.5        AIUB                13-APR-25 19:04     PGM / RUN BY / DATE 
CODE'S GLOBAL IONOSPHERE MAPS FOR DAY 099, 2025             COMMENT             
Global ionosphere maps (GIM) are generated on a daily basis DESCRIPTION         
at CODE using data from about 300 GNSS sites of the IGS and DESCRIPTION         
other institutions. The vertical total electron content     DESCRIPTION         
(VTEC) is modeled in a solar-geomagnetic reference frame    DESCRIPTION         
using a spherical harmonics expansion up to degree and      DESCRIPTION         
order 15. Piece-wise linear functions are used for          DESCRIPTION         
representation in the time domain. The time spacing of      DESCRIPTION         
their vertices is 1 hour, conforming with the epochs of the DESCRIPTION         
VTEC maps.                                                  DESCRIPTION         
To convert line-of-sight TEC into vertical TEC, a modified  DESCRIPTION         
single-layer model mapping function approximating the JPL   DESCRIPTION         
extended slab model mapping function is adopted. The        DESCRIPTION         
mapping function is evaluated at geodetic satellite         DESCRIPTION         
elevation angles. For the computation of the ionospheric    DESCRIPTION         
pierce points, a spherical layer with a radius of 6821 km   DESCRIPTION         
is assumed, implying geocentric, not geodetic IONEX         DESCRIPTION         
latitudes.                                                  DESCRIPTION         
Instrumental biases with respect to each involved GNSS code DESCRIPTION         
observable are estimated as constant values for each        DESCRIPTION         
day. They are modeled with one set of bias parameters for   DESCRIPTION         
each satellite and each station in case of GPS and for each DESCRIPTION         
satellite-station link in case of GLONASS. The code bias    DESCRIPTION         
datum is defined by zero-mean conditions imposed on the     DESCRIPTION         
satellite bias estimates. In this file, just GPS C1W-C2W    DESCRIPTION         
satellite and station bias values are included. The         DESCRIPTION         
complete set of GNSS code bias results is provided in an    DESCRIPTION         
additional Bias-SINEX file as pseudo-absolute values        DESCRIPTION         
specific to each observable.                                DESCRIPTION         
Note: These GIM results correspond to the results for the   DESCRIPTION         
middle day of a 3-day combination analysis solving for 73   DESCRIPTION         
times 256, or 18688 VTEC parameters and 3 daily sets of     DESCRIPTION         
GNSS code bias parameters.                                  DESCRIPTION         
Contact address: code(at)aiub.unibe.ch                      DESCRIPTION         
Data archive:    ftp.aiub.unibe.ch/CODE/                    DESCRIPTION         
                 www.aiub.unibe.ch/download/CODE/           DESCRIPTION         
  2025     4     9     0     0     0                        EPOCH OF FIRST MAP  
  2025     4    10     0     0     0                        EPOCH OF LAST MAP   
  3600                                                      INTERVAL            
[...]
azgb badg bake barh bjfs bndy boav bogo bogt bor1 braz brft COMMENT             
brst brux cags cas1 ccj2 cedu chpg chti chur ckis coco cord COMMENT             
cpvg cpxf cro1 daej darw dav1 dgar dhlg drao dubo ebre faa1 COMMENT             
fair flin flrs frdn func ganp glps glsv gode gol2 gold gope COMMENT             
gras graz guam guug harb hers hert hnpt hob2 hofn holb hrao COMMENT             
iddr ieng iisc impz ineg invk iqal irkj jog2 joz2 joze karr COMMENT             
kerg kir0 kiri kiru kit3 kokb kokv koug kour krgg lama laut COMMENT             
lmmf lpal lpgs m0se mac1 madr mal2 mana mas1 mat1 mate maui COMMENT             
maw1 mcil mcm4 mdo1 medi mgue mizu mkea mnls mobs morp mqzg COMMENT             
mro1 mtka nano naur nico nium nklg nlib nnor not1 nrc1 ntus COMMENT             
nya1 nyal onsa opmt ous2 pado parc park pdel penc pert pie1 COMMENT             
pimo pohn pol2 polv pots pove ptag ptbb ptvl qaq1 quin rabt COMMENT             
ramo reun reyk rgdg rio2 roth salu samo sant savo sch2 scor COMMENT             
scrz sctb scub seyg sfer spt0 ssia sthl stjo stk2 str2 suth COMMENT             
sutm suwn sydn syog tash thtg thti thu2 tid1 tidb tlse tn22 COMMENT             
tong tro1 tskb twtf txes uclu ufpr unb3 unbj unsa urum usn7 COMMENT             
usud vald vill vtsp wab1 wab2 wark wgtn whit will wind wsrt COMMENT             
wtza wtzr wtzs wtzz wuhn xmis yar2 yar3 yarr yell ykro zeck COMMENT             
zim2 zim3 zimm                                              COMMENT             
                                                            END OF HEADER       
[from data line 4290]
    11                                                      START OF TEC MAP    
  2025     4     9    10     0     0                        EPOCH OF CURRENT MAP
    87.5-180.0 180.0   5.0 450.0                            LAT/LON1/LON2/DLON/H
  207  210  214  218  221  225  229  232  236  239  242  246  248  251  254  256
  258  260  262  263  264  265  266  266  266  265  265  264  263  262  260  258
  256  253  251  248  245  242  238  235  231  227  223  219  215  211  207  203
  200  196  193  190  187  185  183  181  180  179  178  178  179  179  180  182
  184  186  188  191  194  197  200  203  207
    85.0-180.0 180.0   5.0 450.0                            LAT/LON1/LON2/DLON/H
  193  199  204  210  216  222  227  233  238  243  248  253  258  262  266  270
  273  276  278  280  282  283  284  284  284  283  283  282  280  279  277  274
  272  269  265  261  257  253  248  242  236  230  223  216  208  201  193  186
  178  171  165  159  153  149  145  142  139  138  138  138  139  141  144  148
  151  156  160  165  171  176  182  187  193
    82.5-180.0 180.0   5.0 450.0                            LAT/LON1/LON2/DLON/H
  190  195  200  205  211  216  221  226  231  236  241  245  250  254  258  261
  264  267  269  271  273  274  274  275  275  274  274  273  272  271  271  270
  268  267  265  263  261  257  253  248  242  235  228  219  210  201  191  181
  171  161  152  144  136  130  125  121  119  118  118  120  123  127  132  137
  143  149  155  161  167  173  178  184  190
    80.0-180.0 180.0   5.0 450.0                            LAT/LON1/LON2/DLON/H
  198  200  202  204  206  209  211  213  216  218  220  223  225  227  230  232
  234  236  237  239  240  241  241  241  241  241  241  241  242  243  244  246
  248  251  253  255  256  257  256  254  250  245  239  231  222  212  202  191
  181  170  160  150  142  135  129  126  124  125  127  131  136  142  149  156
  163  169  175  180  185  189  192  195  198
    77.5-180.0 180.0   5.0 450.0                            LAT/LON1/LON2/DLON/H
  213  211  209  206  204  202  200  198  196  195  193  191  190  189  189  188
  189  189  190  191  192  192  193  194  194  194  195  196  198  202  206  212
  218  226  234  241  248  254  258  259  259  257  253  247  240  233  224  215
  206  196  187  178  170  163  158  156  155  157  162  168  175  183  191  199
  206  211  215  217  218  218  217  215  213
    75.0-180.0 180.0   5.0 450.0                            LAT/LON1/LON2/DLON/H
  230  223  217  210  204  198  192  186  179  173  166  160  154  149  144  141
  139  138  138  139  140  141  143  145  146  148  149  152  156  161  168  178
  189  202  216  229  242  252  260  266  268  268  267  264  260  256  251  246
  241  235  228  222  215  209  205  203  204  207  212  220  229  238  246  252
  257  260  260  258  254  249  243  237  230
    72.5-180.0 180.0   5.0 450.0                            LAT/LON1/LON2/DLON/H
  239  230  222  214  206  198  189  180  170  159  148  137  126  116  107  101
   96   94   93   94   97  100  103  107  110  113  116  120  125  132  142  154
  169  187  206  224  241  256  266  273  277  277  277  276  275  276  277  278
  279  278  276  272  267  262  258  255  256  259  265  273  281  289  295  299
  300  298  293  286  278  268  258  248  239
    70.0-180.0 180.0   5.0 450.0                            LAT/LON1/LON2/DLON/H
  234  227  220  214  208  200  192  182  170  157  142  127  112   98   85   75
   69   65   64   66   70   74   80   86   91   96  101  106  112  120  131  145
  163  184  207  229  249  265  276  282  284  283  281  281  283  288  296  304
  312  318  320  319  315  310  305  302  301  303  307  313  319  323  324  323
  318  310  300  289  276  264  253  243  234
    67.5-180.0 180.0   5.0 450.0                            LAT/LON1/LON2/DLON/H
  214  211  209  208  206  203  197  189  178  165  149  131  114   96   81   69
   60   56   55   57   62   68   75   83   90   97  104  110  117  125  136  151
  170  193  217  241  262  278  288  291  289  284  281  280  284  294  308  324
  338  350  356  357  353  346  339  334  331  330  332  334  334  333  327  318
  306  292  277  261  247  235  226  218  214
    65.0-180.0 180.0   5.0 450.0                            LAT/LON1/LON2/DLON/H
  181  185  190  195  199  201  201  196  188  177  162  145  127  109   93   79
   70   65   63   65   70   76   84   92  101  110  117  125  132  141  152  167
  186  209  233  258  278  292  299  299  293  284  278  277  283  297  316  338
  358  373  382  383  378  369  359  351  345  342  340  337  331  321  307  289
  269  249  229  212  198  188  182  180  181
    62.5-180.0 180.0   5.0 450.0                            LAT/LON1/LON2/DLON/H
  144  153  164  175  185  193  197  198  194  187  176  162  146  129  113  100
   91   86   84   85   88   93   99  107  116  125  134  143  151  160  171  186
  204  225  249  272  291  304  308  304  296  285  278  278  286  304  327  353
  376  392  400  400  392  380  368  358  351  346  341  333  320  301  278  251
  223  197  175  157  145  138  136  138  144
    60.0-180.0 180.0   5.0 450.0                            LAT/LON1/LON2/DLON/H
  113  124  138  152  165  176  184  189  191  189  184  174  162  148  135  124
  116  111  109  108  109  111  114  119  126  135  145  155  166  176  188  202
  219  239  261  282  298  309  311  307  298  289  284  287  300  320  346  373
  396  411  417  413  402  388  375  365  358  352  345  333  315  289  257  222
  188  158  134  117  106  101  101  105  113
    57.5-180.0 180.0   5.0 450.0                            LAT/LON1/LON2/DLON/H
   95  104  116  129  141  152  162  169  175  179  180  176  169  160  150  142
  135  132  129  127  125  123  122  124  129  137  148  159  171  184  197  212
  229  248  268  285  299  307  308  305  300  297  298  308  325  350  377  403
  423  434  435  427  414  399  386  378  373  369  363  349  327  296  258  218
  180  148  123  107   97   92   89   91   95
    55.0-180.0 180.0   5.0 450.0                            LAT/LON1/LON2/DLON/H
   95   96  102  110  118  126  134  142  150  158  165  167  165  160  154  149
  145  143  140  137  133  128  123  122  125  131  142  155  169  185  201  219
  237  255  271  285  294  299  301  301  302  307  319  337  362  390  417  441
  456  462  459  447  432  417  406  400  399  399  396  384  361  328  288  246
  207  175  151  135  124  114  106   99   95
    52.5-180.0 180.0   5.0 450.0                            LAT/LON1/LON2/DLON/H
  110  101   98   99  101  104  107  113  121  132  142  149  152  151  148  145
  143  142  140  136  131  124  118  115  116  122  133  146  163  181  202  223
  244  262  277  286  290  291  291  294  303  319  342  371  404  435  462  482
  493  494  486  472  456  441  433  430  433  438  438  430  411  381  343  303
  265  234  211  194  179  163  144  126  110
    50.0-180.0 180.0   5.0 450.0                            LAT/LON1/LON2/DLON/H
  134  114  103   97   93   90   88   89   96  107  120  130  135  136  135  133
  132  132  130  126  121  115  110  108  110  115  125  138  156  177  202  229
  254  275  288  293  291  287  284  289  303  329  364  404  443  477  503  520
  527  525  515  500  483  469  461  461  466  474  479  476  463  439  408  373
  339  310  287  267  247  222  193  162  134
    47.5-180.0 180.0   5.0 450.0                            LAT/LON1/LON2/DLON/H
  157  130  114  105   97   88   80   77   81   91  104  114  120  122  121  120
  119  117  115  111  108  105  103  104  108  114  123  135  152  176  205  238
  269  294  307  309  302  292  285  288  306  339  383  431  475  511  536  550
  555  552  542  527  510  495  485  483  488  497  505  507  502  488  466  438
  409  381  356  333  307  274  235  194  157
    45.0-180.0 180.0   5.0 450.0                            LAT/LON1/LON2/DLON/H
  171  143  127  118  110   99   87   79   80   88  100  109  114  115  113  111
  108  105  100   96   95   95   99  105  112  120  128  138  153  177  211  250
  288  318  335  336  326  310  298  298  315  351  399  452  499  536  559  572
  576  574  566  552  534  515  501  494  495  502  510  517  520  515  503  483
  457  429  401  372  341  303  258  212  171
    42.5-180.0 180.0   5.0 450.0                            LAT/LON1/LON2/DLON/H
  173  149  138  135  130  119  105   94   92   98  108  116  119  119  116  113
  107  100   92   87   86   90   99  110  121  130  137  145  158  182  218  263
  308  345  366  371  360  342  325  320  335  370  419  473  521  556  578  590
  596  595  589  576  555  532  511  497  491  493  500  508  515  519  515  500
  476  445  411  377  342  302  257  211  173
    40.0-180.0 180.0   5.0 450.0                            LAT/LON1/LON2/DLON/H
  165  149  147  151  151  143  129  117  114  119  128  134  135  133  130  125
  118  107   95   86   85   91  103  118  132  142  149  154  165  188  226  275
  326  369  398  408  402  386  367  359  369  401  449  502  549  583  604  615
  622  624  619  605  582  553  525  503  491  486  488  493  501  508  509  498
  472  435  393  353  314  275  235  195  165
    37.5-180.0 180.0   5.0 450.0                            LAT/LON1/LON2/DLON/H
  154  147  153  164  170  165  152  141  139  144  152  157  157  155  152  147
  138  124  108   96   92   97  109  125  140  152  158  163  173  196  235  286
  341  390  425  445  448  438  423  414  422  452  498  550  595  627  647  658
  665  668  664  649  624  591  557  530  512  501  495  493  496  502  503  491
  461  415  364  316  276  240  206  175  154
    35.0-180.0 180.0   5.0 450.0                            LAT/LON1/LON2/DLON/H
  150  149  159  174  184  181  171  162  161  168  176  180  179  177  176  173
  164  148  130  115  108  109  118  131  145  157  164  171  182  206  246  298
  354  405  447  477  493  495  488  483  492  523  570  623  668  698  716  726
  733  735  730  715  688  654  621  593  573  557  542  529  521  519  515  499
  462  408  347  292  248  215  188  165  150
    32.5-180.0 180.0   5.0 450.0                            LAT/LON1/LON2/DLON/H
  163  161  170  183  193  192  184  177  178  185  193  197  197  196  196  196
  189  174  156  139  128  125  128  135  146  158  169  179  195  222  264  315
  369  419  464  504  534  552  558  561  577  612  663  719  766  797  813  822
  826  826  820  804  779  750  722  700  682  663  639  612  589  574  560  537
  493  431  361  299  252  220  196  177  163
    30.0-180.0 180.0   5.0 450.0                            LAT/LON1/LON2/DLON/H
  198  188  188  195  200  199  191  186  188  195  203  207  206  206  208  210
  207  195  179  163  151  143  138  139  147  159  174  191  213  246  290  340
  389  435  481  528  572  606  627  643  667  711  770  831  881  913  929  935
  936  933  925  911  893  872  856  845  834  814  780  738  697  666  640  609
  559  491  416  348  298  263  238  216  198
    27.5-180.0 180.0   5.0 450.0                            LAT/LON1/LON2/DLON/H
  253  229  215  211  210  207  200  194  194  200  207  208  207  206  209  213
  213  206  195  182  170  159  149  144  149  163  183  209  240  279  327  375
  418  457  500  551  607  655  691  719  755  809  876  944  997 1029 1045 1049
 1047 1041 1033 1023 1013 1007 1005 1008 1005  986  945  888  829  782  744  705
  652  583  506  436  382  342  311  281  253
    25.0-180.0 180.0   5.0 450.0                            LAT/LON1/LON2/DLON/H
  321  282  252  236  228  223  215  207  203  205  207  206  202  200  202  207
  209  206  200  192  183  170  157  150  154  172  199  233  273  320  371  418
  456  488  525  577  639  699  746  786  831  893  967 1038 1092 1125 1139 1142
 1138 1131 1123 1120 1121 1129 1143 1159 1164 1147 1100 1032  959  898  849  804
  751  685  613  545  489  443  404  363  321
    22.5-180.0 180.0   5.0 450.0                            LAT/LON1/LON2/DLON/H
  393  339  296  269  257  250  242  230  219  213  209  204  198  193  192  195
  198  199  197  193  186  175  163  157  164  187  222  263  310  363  417  464
  498  524  557  607  672  737  791  836  887  953 1028 1098 1149 1179 1193 1195
 1191 1183 1179 1182 1195 1216 1242 1267 1277 1261 1212 1137 1057  987  931  882
  831  773  711  650  596  547  499  448  393
    20.0-180.0 180.0   5.0 450.0                            LAT/LON1/LON2/DLON/H
  460  396  343  310  296  291  283  266  247  230  218  208  198  190  185  185
  187  189  189  187  182  173  164  163  178  208  249  295  346  402  458  506
  539  562  591  638  702  768  823  870  921  984 1054 1115 1158 1183 1195 1198
 1194 1189 1188 1198 1219 1249 1281 1308 1320 1304 1255 1182 1102 1030  971  920
  872  824  777  729  681  632  580  523  460
    17.5-180.0 180.0   5.0 450.0                            LAT/LON1/LON2/DLON/H
  515  448  391  357  345  344  336  315  285  257  236  221  208  196  188  184
  183  183  182  178  172  165  161  169  193  231  277  325  376  431  487  536
  571  595  624  669  730  792  845  888  933  987 1044 1091 1121 1137 1146 1151
 1150 1146 1149 1164 1191 1223 1255 1278 1286 1269 1225 1160 1088 1021  962  911
  866  830  799  768  731  687  637  580  515
    15.0-180.0 180.0   5.0 450.0                            LAT/LON1/LON2/DLON/H
  558  494  439  406  399  403  397  371  332  293  264  244  228  214  203  196
  193  189  183  173  162  154  157  174  208  254  303  350  397  447  501  551
  590  619  649  694  751  809  856  892  928  968 1008 1036 1051 1058 1064 1069
 1071 1070 1075 1093 1121 1151 1176 1191 1191 1174 1137 1086 1029  972  917  864
  822  794  780  767  745  711  668  617  558
    12.5-180.0 180.0   5.0 450.0                            LAT/LON1/LON2/DLON/H
  593  536  485  456  453  461  457  428  381  333  297  273  256  241  229  222
  217  209  195  175  156  146  153  179  222  274  324  367  407  449  499  549
  593  629  664  709  763  816  858  888  914  939  961  970  969  968  972  978
  982  982  988 1006 1033 1057 1073 1077 1070 1052 1025  991  952  908  857  803
  760  738  736  740  734  713  682  642  593
    10.0-180.0 180.0   5.0 450.0                            LAT/LON1/LON2/DLON/H
  625  577  530  503  501  511  508  477  426  372  331  305  287  273  262  257
  252  241  219  189  159  145  153  186  235  291  340  378  410  443  486  536
  585  627  668  713  765  814  852  878  897  911  918  913  901  894  897  905
  908  909  915  933  957  975  982  976  963  947  929  911  890  858  811  755
  708  688  694  710  716  708  690  663  625
     7.5-180.0 180.0   5.0 450.0                            LAT/LON1/LON2/DLON/H
  661  619  574  545  541  549  544  513  460  405  362  334  315  302  294  292
  290  279  251  210  172  151  159  195  248  305  352  386  409  434  470  518
  570  618  662  707  756  803  840  866  883  892  891  880  865  858  862  870
  874  873  879  897  919  935  936  925  909  895  885  878  869  847  802  743
  691  668  675  696  710  711  703  688  661
     5.0-180.0 180.0   5.0 450.0                            LAT/LON1/LON2/DLON/H
  701  662  615  580  568  570  562  531  480  427  385  356  336  323  318  321
  323  313  282  236  191  166  173  208  262  317  362  391  409  428  458  503
  556  606  651  695  740  785  825  854  874  885  887  879  870  869  877  885
  888  887  893  912  937  953  954  943  928  916  909  907  902  883  839  778
  721  692  694  712  726  730  729  721  701
     2.5-180.0 180.0   5.0 450.0                            LAT/LON1/LON2/DLON/H
  740  701  650  606  583  574  561  530  484  436  397  367  345  331  328  334
  341  335  306  259  211  185  190  224  274  326  368  396  412  428  454  497
  548  598  640  679  720  764  806  842  869  890  901  907  912  921  935  945
  947  946  954  978 1008 1029 1034 1027 1016 1005  996  989  980  957  913  851
  792  757  749  756  762  763  762  758  740
