ionex_files/COD0OPSFIN_20250950000_01D_01H_GIM.INX
     1.0            IONOSPHERE MAPS     GNSS                IONEX VERSION / TYPE
ADDNEQ2 V5.5        AIUB                09-APR-25 19:02     PGM / RUN BY / DATE 
CODE'S GLOBAL IONOSPHERE MAPS FOR DAY 095, 2025             COMMENT             
Global ionosphere maps (GIM) are generated on a daily basis DESCRIPTION         
at CODE using data from about 300 GNSS sites of the IGS and DESCRIPTION         
other institutions. The vertical total electron content     DESCRIPTION         
(VTEC) is modeled in a solar-geomagnetic reference frame    DESCRIPTION         
using a spherical harmonics expansion up to degree and      DESCRIPTION         
order 15. Piece-wise linear functions are used for          DESCRIPTION         
representation in the time domain. The time spacing of      DESCRIPTION         
their vertices is 1 hour, conforming with the epochs of the DESCRIPTION         
VTEC maps.                                                  DESCRIPTION         
To convert line-of-sight TEC into vertical TEC, a modified  DESCRIPTION         
single-layer model mapping function approximating the JPL   DESCRIPTION         
extended slab model mapping function is adopted. The        DESCRIPTION         
mapping function is evaluated at geodetic satellite         DESCRIPTION         
elevation angles. For the computation of the ionospheric    DESCRIPTION         
pierce points, a spherical layer with a radius of 6821 km   DESCRIPTION         
is assumed, implying geocentric, not geodetic IONEX         DESCRIPTION         
latitudes.                                                  DESCRIPTION         
Instrumental biases with respect to each involved GNSS code DESCRIPTION         
observable are estimated as constant values for each        DESCRIPTION         
day. They are modeled with one set of bias parameters for   DESCRIPTION         
each satellite and each station in case of GPS and for each DESCRIPTION         
satellite-station link in case of GLONASS. The code bias    DESCRIPTION         
datum is defined by zero-mean conditions imposed on the     DESCRIPTION         
satellite bias estimates. In this file, just GPS C1W-C2W    DESCRIPTION         
satellite and station bias values are included. The         DESCRIPTION         
complete set of GNSS code bias results is provided in an    DESCRIPTION         
additional Bias-SINEX file as pseudo-absolute values        DESCRIPTION         
specific to each observable.                                DESCRIPTION         
Note: These GIM results correspond to the results for the   DESCRIPTION         
middle day of a 3-day combination analysis solving for 73   DESCRIPTION         
times 256, or 18688 VTEC parameters and 3 daily sets of     DESCRIPTION         
GNSS code bias parameters.                                  DESCRIPTION         
Contact address: code(at)aiub.unibe.ch                      DESCRIPTION         
Data archive:    ftp.aiub.unibe.ch/CODE/                    DESCRIPTION         
                 www.aiub.unibe.ch/download/CODE/           DESCRIPTION         
  2025     4     5     0     0     0                        EPOCH OF FIRST MAP  
  2025     4     6     0     0     0                        EPOCH OF LAST MAP   
  3600                                                      INTERVAL            
[...]
azgb badg bake bako barh bjfs bndy boav bogo bogt bor1 braz COMMENT             
brft brst brux cas1 ccj2 cedu chpg chti chur ckis coco cord COMMENT             
cpvg cpxf cro1 daej darw dav1 dgar dhlg drao dubo ebre faa1 COMMENT             
fair flin flrs frdn func ganp glps glsv gode gol2 gold gope COMMENT             
gras graz guam guug harb hers hert hlfx hnpt hob2 hofn holb COMMENT             
hrao iddr ieng iisc ineg invk iqal irkj jog2 joz2 karr kerg COMMENT             
kir0 kiri kiru kit3 kokb kokv koug kour krgg lama laut lmmf COMMENT             
lpal lpgs m0se mac1 madr mal2 mana mas1 mat1 mate maui maw1 COMMENT             
mcm4 mdo1 medi mgue mizu mkea mnls mobs morp mqzg mro1 mtka COMMENT             
nano naur nico nist nium nklg nlib nnor not1 nrc1 ntus nya1 COMMENT             
nyal onsa opmt ous2 pado parc park pdel penc pert pie1 pimo COMMENT             
pohn pol2 polv pots pove ptag ptbb ptvl qaq1 quin rabt ramo COMMENT             
reun reyk rgdg rio2 roth salu samo sant savo sch2 scor scrz COMMENT             
sctb scub seyg sfer spt0 ssia sthl stjo stk2 str2 suth sutm COMMENT             
suwn sydn syog tash thtg thti thu2 tid1 tidb tlse tn22 tong COMMENT             
tow2 tro1 tskb twtf txes uclu ufpr ulab unb3 unbj unsa urum COMMENT             
usn7 usud vald vill vtsp wab1 wab2 whit will wind wsrt wtza COMMENT             
wtzr wtzs wtzz wuhn xmis yar2 yar3 yarr yell ykro zeck zim2 COMMENT             
zim3 zimm                                                   COMMENT             
                                                            END OF HEADER       
[from data line 6864]
    17                                                      START OF TEC MAP    
  2025     4     5    16     0     0                        EPOCH OF CURRENT MAP
    87.5-180.0 180.0   5.0 450.0                            LAT/LON1/LON2/DLON/H
  120  121  122  124  125  127  129  131  133  136  138  140  142  144  146  147
  149  150  151  152  153  154  154  155  155  155  155  155  154  154  154  153
  153  152  151  150  150  149  148  147  147  146  145  144  144  143  142  141
  141  140  139  138  137  136  135  133  132  131  129  128  126  125  123  122
  121  120  119  119  118  118  118  119  120
    85.0-180.0 180.0   5.0 450.0                            LAT/LON1/LON2/DLON/H
   87   90   93   97  101  106  111  117  122  127  133  137  142  146  149  152
  155  157  158  160  161  161  161  161  161  161  161  160  159  158  157  156
  155  154  152  151  150  148  147  146  145  144  144  143  143  143  143  143
  143  143  143  143  142  141  140  138  135  132  128  124  120  115  110  106
  101   97   93   90   88   86   86   86   87
    82.5-180.0 180.0   5.0 450.0                            LAT/LON1/LON2/DLON/H
   50   53   58   65   72   81   90   99  109  117  125  132  138  144  148  151
  153  155  157  157  158  158  158  158  158  158  157  157  156  155  155  154
  152  151  149  148  146  144  143  141  140  139  139  139  140  142  144  147
  149  153  155  158  160  160  160  158  155  150  144  137  129  119  109   99
   89   79   70   62   56   52   49   48   50
    80.0-180.0 180.0   5.0 450.0                            LAT/LON1/LON2/DLON/H
   16   20   26   35   46   58   71   84   96  107  117  125  131  136  139  142
  143  144  145  145  145  146  146  147  147  148  149  149  150  150  150  150
  149  148  147  145  143  141  139  136  135  133  133  134  136  140  145  151
  158  165  173  180  186  190  192  192  190  184  176  166  153  139  123  107
   90   74   58   45   33   24   18   16   16
    77.5-180.0 180.0   5.0 450.0                            LAT/LON1/LON2/DLON/H
    0    0    6   16   29   43   59   74   87   99  109  116  121  124  125  126
  126  126  126  127  128  130  132  134  137  139  141  143  145  146  148  148
  149  148  148  146  144  141  138  135  132  130  129  130  133  138  145  155
  166  179  191  204  214  223  229  231  230  225  216  204  188  170  150  128
  106   84   63   44   27   13    3    0    0
    75.0-180.0 180.0   5.0 450.0                            LAT/LON1/LON2/DLON/H
    0    0    3   13   26   41   57   72   85   95  103  108  109  109  108  107
  106  106  108  110  114  119  123  128  132  136  140  142  145  147  148  149
  150  151  150  149  147  144  141  137  132  129  127  126  129  135  144  157
  172  188  206  223  238  250  259  263  263  259  250  237  221  202  180  157
  132  108   84   62   41   24   10    1    0
    72.5-180.0 180.0   5.0 450.0                            LAT/LON1/LON2/DLON/H
   19   16   19   26   37   51   65   78   89   97  101  102  100   96   93   90
   90   92   96  102  110  118  126  133  139  143  147  149  150  151  151  152
  152  153  153  152  151  148  145  140  135  130  126  124  126  131  141  155
  172  191  211  230  247  261  271  276  277  273  266  254  239  222  203  182
  160  138  116   94   73   55   39   27   19
    70.0-180.0 180.0   5.0 450.0                            LAT/LON1/LON2/DLON/H
   57   50   48   51   59   69   80   91   99  103  104  100   95   89   84   81
   82   87   96  107  120  132  142  150  156  159  160  160  158  156  155  153
  153  152  152  152  152  150  148  143  138  132  127  123  123  127  136  149
  166  184  204  223  239  251  260  264  264  261  254  245  234  221  208  193
  179  163  148  131  115   98   82   68   57
    67.5-180.0 180.0   5.0 450.0                            LAT/LON1/LON2/DLON/H
  101   90   83   81   83   89   97  105  110  112  109  103   96   88   83   82
   86   95  109  125  141  156  167  175  178  178  176  171  167  162  157  153
  151  149  149  149  150  150  149  146  141  135  129  124  122  124  130  141
  154  170  186  201  213  221  225  227  225  221  216  210  203  196  190  184
  179  174  169  162  153  142  129  114  101
    65.0-180.0 180.0   5.0 450.0                            LAT/LON1/LON2/DLON/H
  137  123  111  104  102  105  110  115  119  120  117  110  102   95   91   93
  100  113  130  150  168  183  193  198  198  194  187  180  172  165  159  153
  149  146  145  145  146  148  148  147  144  139  133  127  123  122  125  132
  142  152  162  170  176  177  176  173  169  165  161  158  155  153  153  155
  159  165  171  175  177  173  165  152  137
    62.5-180.0 180.0   5.0 450.0                            LAT/LON1/LON2/DLON/H
  158  141  126  115  110  110  113  119  123  125  124  119  113  108  107  110
  120  136  155  175  193  206  213  213  208  200  191  183  175  168  162  156
  150  146  144  144  145  148  149  150  148  144  139  133  128  125  125  127
  131  135  138  139  137  132  125  119  113  109  106  105  104  105  108  113
  123  136  151  167  178  184  182  172  158
    60.0-180.0 180.0   5.0 450.0                            LAT/LON1/LON2/DLON/H
  158  141  124  111  104  104  108  115  122  127  129  128  125  124  125  130
  141  156  175  193  208  217  219  215  207  197  188  181  176  173  170  165
  161  156  152  151  151  152  154  155  155  152  148  143  138  133  130  128
  126  124  121  115  106   96   86   77   72   69   68   68   68   68   68   72
   81   96  116  138  158  172  176  171  158
    57.5-180.0 180.0   5.0 450.0                            LAT/LON1/LON2/DLON/H
  140  125  109   96   90   91   97  106  117  125  131  135  136  137  141  147
  157  170  185  199  209  214  213  206  196  186  181  179  181  184  185  184
  181  176  171  167  165  164  165  165  165  164  162  158  153  147  142  136
  130  123  115  105   92   79   68   60   57   57   59   60   59   55   49   45
   48   58   76  100  124  143  152  151  140
    55.0-180.0 180.0   5.0 450.0                            LAT/LON1/LON2/DLON/H
  114  102   88   78   75   78   87   99  112  123  132  139  143  147  151  157
  165  174  184  192  199  200  197  190  181  176  176  182  192  202  209  211
  210  205  198  192  187  183  180  179  179  179  179  177  173  168  160  152
  143  133  123  111   98   86   77   72   72   75   80   83   80   71   57   43
   34   34   45   64   88  108  120  122  114
    52.5-180.0 180.0   5.0 450.0                            LAT/LON1/LON2/DLON/H
   90   81   72   66   67   73   84   98  112  124  133  140  146  150  155  160
  165  169  174  178  181  182  180  176  173  174  181  195  211  226  237  242
  241  237  230  222  213  206  200  196  196  197  199  199  197  192  184  173
  163  152  142  131  121  113  107  105  109  116  124  128  125  112   91   66
   45   33   33   44   62   79   92   95   90
    50.0-180.0 180.0   5.0 450.0                            LAT/LON1/LON2/DLON/H
   77   71   67   67   72   81   94  108  120  130  136  141  145  149  155  159
  162  162  161  161  164  167  170  173  178  186  200  218  237  253  264  269
  269  265  258  250  239  229  220  215  214  216  221  224  224  219  209  198
  186  176  168  161  156  151  149  150  155  164  173  179  177  164  140  110
   80   56   45   46   55   67   76   79   77
    47.5-180.0 180.0   5.0 450.0                            LAT/LON1/LON2/DLON/H
   78   76   76   81   91  103  117  128  137  142  143  142  143  147  153  159
  160  158  154  152  155  164  175  187  199  214  231  250  266  278  285  287
  286  284  280  273  263  250  239  233  232  237  245  251  252  246  235  222
  209  200  195  193  192  192  192  192  196  202  211  218  219  211  190  161
  128   99   79   70   70   74   79   80   78
    45.0-180.0 180.0   5.0 450.0                            LAT/LON1/LON2/DLON/H
   93   93   96  105  118  133  146  156  160  159  154  147  145  148  157  165
  169  165  158  156  161  176  196  216  236  254  271  286  295  297  296  294
  294  296  297  293  284  271  259  252  253  261  271  279  280  273  259  243
  230  221  219  221  224  226  225  222  220  220  225  232  238  238  227  205
  177  149  126  110  102   99   97   95   93
    42.5-180.0 180.0   5.0 450.0                            LAT/LON1/LON2/DLON/H
  115  115  120  131  146  161  175  183  185  179  169  158  153  158  171  185
  192  188  180  177  184  204  231  259  283  302  315  321  319  310  300  295
  298  307  315  317  309  295  282  276  278  288  300  309  309  299  282  262
  247  238  237  242  247  249  245  236  224  216  214  221  231  240  241  232
  216  195  174  156  143  133  125  119  115
    40.0-180.0 180.0   5.0 450.0                            LAT/LON1/LON2/DLON/H
  138  136  140  150  164  180  194  203  206  199  187  175  171  180  200  221
  232  230  220  215  224  246  277  308  333  350  357  354  341  322  306  301
  311  330  347  353  346  330  314  307  310  321  334  342  339  324  303  280
  261  252  252  257  263  263  254  237  216  198  190  194  208  224  236  240
  236  226  212  196  181  167  154  144  138
    37.5-180.0 180.0   5.0 450.0                            LAT/LON1/LON2/DLON/H
  156  151  151  157  169  184  199  212  219  217  209  200  200  215  243  272
  288  287  276  268  275  298  328  358  380  393  396  386  365  341  325  327
  348  379  405  414  404  382  360  349  351  361  373  377  370  351  324  297
  277  267  267  272  276  273  260  237  209  184  171  173  187  206  223  234
  239  239  234  224  210  193  178  165  156
    35.0-180.0 180.0   5.0 450.0                            LAT/LON1/LON2/DLON/H
  167  158  153  154  161  174  192  210  225  232  233  233  240  263  299  334
  355  355  342  331  335  353  380  405  423  433  432  420  400  379  370  384
  420  464  497  505  487  454  422  404  401  408  416  415  402  378  347  319
  298  288  287  291  294  289  273  247  217  191  177  178  190  205  218  227
  234  240  242  238  226  210  193  179  167
    32.5-180.0 180.0   5.0 450.0                            LAT/LON1/LON2/DLON/H
  176  164  153  147  148  159  179  203  228  248  261  272  289  319  361  402
  425  426  411  398  397  411  431  450  463  471  472  466  453  442  448  479
  531  586  622  625  594  545  499  469  458  459  461  454  436  407  374  345
  326  318  318  321  322  315  300  277  250  230  221  225  234  239  237  233
  231  236  242  242  233  218  202  188  176
    30.0-180.0 180.0   5.0 450.0                            LAT/LON1/LON2/DLON/H
  188  174  159  146  142  151  172  202  236  267  293  316  342  379  425  467
  490  491  476  462  460  468  482  494  505  515  523  528  529  535  559  607
  674  736  770  762  714  648  585  542  520  512  506  493  469  436  403  377
  362  359  361  364  363  357  344  327  311  303  306  317  322  313  290  262
  244  240  244  246  239  225  210  198  188
    27.5-180.0 180.0   5.0 450.0                            LAT/LON1/LON2/DLON/H
  208  197  179  163  155  161  182  215  255  296  332  364  397  437  482  522
  544  545  533  522  520  526  534  543  554  570  589  609  627  652  693  756
  831  894  921  898  834  750  671  615  582  565  550  530  501  467  436  415
  407  410  416  420  418  411  401  392  390  399  420  441  445  422  374  319
  277  259  257  256  249  235  223  215  208
    25.0-180.0 180.0   5.0 450.0                            LAT/LON1/LON2/DLON/H
  239  233  218  201  191  197  217  251  292  336  377  414  449  488  529  563
  583  585  578  573  576  583  590  599  614  639  671  706  740  780  834  904
  979 1035 1050 1014  936  839  749  682  640  614  592  565  532  498  471  457
  457  468  479  483  480  472  464  463  474  501  539  573  580  546  477  395
  330  296  285  280  269  254  243  240  239
    22.5-180.0 180.0   5.0 450.0                            LAT/LON1/LON2/DLON/H
  279  280  271  257  250  256  277  308  346  387  426  463  497  531  565  591
  607  611  612  617  627  639  649  662  685  720  765  811  856  905  962 1030
 1094 1137 1138 1092 1007  906  813  742  694  660  631  598  563  530  507  501
  511  529  544  548  542  532  524  528  548  587  640  686  699  661  577  477
  395  348  328  316  300  281  271  272  279
    20.0-180.0 180.0   5.0 450.0                            LAT/LON1/LON2/DLON/H
  320  329  328  321  320  330  351  379  411  444  477  509  538  566  590  608
  620  627  638  654  674  693  709  730  763  809  861  913  960 1008 1060 1115
 1162 1187 1175 1124 1042  947  860  791  742  704  669  632  594  563  545  547
  565  589  606  609  599  584  574  577  600  644  704  758  777  741  655  549
  460  406  379  361  338  315  302  307  320
    17.5-180.0 180.0   5.0 450.0                            LAT/LON1/LON2/DLON/H
  355  370  377  378  384  401  424  450  475  500  525  549  572  593  609  620
  628  639  659  686  717  743  767  798  841  895  950  999 1040 1079 1118 1154
 1179 1185 1163 1114 1044  966  893  833  787  747  707  667  628  599  586  593
  617  644  661  661  646  626  612  611  628  668  724  778  800  771  694  596
  512  459  430  407  378  348  332  337  355
    15.0-180.0 180.0   5.0 450.0                            LAT/LON1/LON2/DLON/H
  375  394  405  414  427  450  478  505  527  545  562  581  599  614  625  631
  638  652  680  717  755  788  820  860  912  970 1022 1061 1090 1113 1135 1150
 1154 1144 1118 1078 1026  970  916  870  829  790  747  703  664  636  628  640
  666  693  707  701  681  657  639  632  639  665  707  750  772  752  691  611
  542  497  471  446  413  378  357  359  375
    12.5-180.0 180.0   5.0 450.0                            LAT/LON1/LON2/DLON/H
  381  396  408  419  437  466  500  531  555  571  586  602  618  632  641  646
  653  671  705  748  791  828  866  913  970 1028 1072 1096 1108 1115 1120 1118
 1106 1086 1061 1034 1003  970  936  903  869  831  786  740  700  675  670  685
  711  734  741  729  704  679  660  649  645  651  669  693  706  693  652  596
  548  517  497  473  438  400  374  370  381
    10.0-180.0 180.0   5.0 450.0                            LAT/LON1/LON2/DLON/H
  374  381  387  395  413  444  484  522  553  575  593  611  630  648  660  667
  677  698  735  781  825  864  904  954 1013 1066 1098 1107 1103 1096 1089 1077
 1057 1034 1015 1000  987  972  954  932  904  867  821  773  734  712  710  727
  750  766  764  744  717  694  680  670  657  643  634  631  629  617  592  560
  534  519  507  487  455  416  386  373  374
     7.5-180.0 180.0   5.0 450.0                            LAT/LON1/LON2/DLON/H
  363  358  353  354  365  393  435  482  524  558  585  611  636  661  679  692
  706  731  769  815  859  896  936  985 1041 1086 1105 1100 1083 1068 1056 1043
 1024 1006  994  989  986  980  970  954  929  892  845  797  759  741  744  760
  779  786  774  747  720  704  699  696  681  652  617  586  563  545  530  517
  509  506  502  489  463  428  396  375  363
     5.0-180.0 180.0   5.0 450.0                            LAT/LON1/LON2/DLON/H
  357  338  322  310  310  330  369  422  478  526  566  602  637  670  698  719
  739  767  806  852  893  928  964 1009 1058 1093 1101 1084 1060 1042 1034 1026
 1016 1006 1002 1001  998  990  978  962  938  901  854  807  772  758  764  781
  794  791  769  736  710  704  714  723  713  676  623  568  523  495  481  477
  480  486  488  482  465  438  408  380  357
     2.5-180.0 180.0   5.0 450.0                            LAT/LON1/LON2/DLON/H
  362  333  306  282  268  274  306  361  427  490  544  590  634  676  714  744
  770  801  842  887  927  959  990 1028 1068 1093 1092 1069 1042 1027 1024 1027
 1029 1030 1030 1026 1013  994  972  951  926  890  845  800  768  758  766  781
  788  776  745  708  686  690  715  739  740  707  645  575  513  471  452  449
  454  462  468  469  463  447  422  391  362
