ionex_files/COD0OPSFIN_20250940000_01D_01H_GIM.INX
     1.0            IONOSPHERE MAPS     GNSS                IONEX VERSION / TYPE
ADDNEQ2 V5.5        AIUB                08-APR-25 19:15     PGM / RUN BY / DATE 
CODE'S GLOBAL IONOSPHERE MAPS FOR DAY 094, 2025             COMMENT             
Global ionosphere maps (GIM) are generated on a daily basis DESCRIPTION         
at CODE using data from about 300 GNSS sites of the IGS and DESCRIPTION         
other institutions. The vertical total electron content     DESCRIPTION         
(VTEC) is modeled in a solar-geomagnetic reference frame    DESCRIPTION         
using a spherical harmonics expansion up to degree and      DESCRIPTION         
order 15. Piece-wise linear functions are used for          DESCRIPTION         
representation in the time domain. The time spacing of      DESCRIPTION         
their vertices is 1 hour, conforming with the epochs of the DESCRIPTION         
VTEC maps.                                                  DESCRIPTION         
To convert line-of-sight TEC into vertical TEC, a modified  DESCRIPTION         
single-layer model mapping function approximating the JPL   DESCRIPTION         
extended slab model mapping function is adopted. The        DESCRIPTION         
mapping function is evaluated at geodetic satellite         DESCRIPTION         
elevation angles. For the computation of the ionospheric    DESCRIPTION         
pierce points, a spherical layer with a radius of 6821 km   DESCRIPTION         
is assumed, implying geocentric, not geodetic IONEX         DESCRIPTION         
latitudes.                                                  DESCRIPTION         
Instrumental biases with respect to each involved GNSS code DESCRIPTION         
observable are estimated as constant values for each        DESCRIPTION         
day. They are modeled with one set of bias parameters for   DESCRIPTION         
each satellite and each station in case of GPS and for each DESCRIPTION         
satellite-station link in case of GLONASS. The code bias    DESCRIPTION         
datum is defined by zero-mean conditions imposed on the     DESCRIPTION         
satellite bias estimates. In this file, just GPS C1W-C2W    DESCRIPTION         
satellite and station bias values are included. The         DESCRIPTION         
complete set of GNSS code bias results is provided in an    DESCRIPTION         
additional Bias-SINEX file as pseudo-absolute values        DESCRIPTION         
specific to each observable.                                DESCRIPTION         
Note: These GIM results correspond to the results for the   DESCRIPTION         
middle day of a 3-day combination analysis solving for 73   DESCRIPTION         
times 256, or 18688 VTEC parameters and 3 daily sets of     DESCRIPTION         
GNSS code bias parameters.                                  DESCRIPTION         
Contact address: code(at)aiub.unibe.ch                      DESCRIPTION         
Data archive:    ftp.aiub.unibe.ch/CODE/                    DESCRIPTION         
                 www.aiub.unibe.ch/download/CODE/           DESCRIPTION         
  2025     4     4     0     0     0                        EPOCH OF FIRST MAP  
  2025     4     5     0     0     0                        EPOCH OF LAST MAP   
  3600                                                      INTERVAL            
[...]
azgb badg bake barh bjfs bndy boav bogo bogt bor1 braz brft COMMENT             
brst brux cags cas1 ccj2 cedu chpg chti chur ckis coco cord COMMENT             
cpvg cpxf cro1 daej darw dav1 dgar dhlg drao dubo ebre faa1 COMMENT             
fair flin flrs frdn func ganp glps glsv gode gol2 gold gope COMMENT             
gras graz guam guug harb hers hert hlfx hnpt hob2 hofn holb COMMENT             
hrao iddr ieng iisc impz ineg invk iqal jog2 joz2 karr kerg COMMENT             
kir0 kiri kiru kit3 kokb kokv koug kour krgg lama laut lmmf COMMENT             
lpal lpgs m0se mac1 madr mal2 mana mas1 mat1 mate maui maw1 COMMENT             
mcm4 mdo1 medi mgue mizu mkea mnls mobs morp mqzg mro1 mtka COMMENT             
nano naur nico nist nium nklg nlib nnor not1 nrc1 ntus nya1 COMMENT             
nyal onsa opmt ous2 pado parc park pdel penc pert pie1 pimo COMMENT             
pohn pol2 polv pots pove ptag ptbb ptvl qaq1 quin rabt ramo COMMENT             
reun reyk rgdg rio2 roth salu samo sant savo sch2 scor scrz COMMENT             
sctb scub seyg sfer spt0 ssia sthl stjo stk2 str2 suth sutm COMMENT             
suwn sydn syog tash thtg thti thu2 tid1 tidb tlse tn22 tong COMMENT             
tow2 tro1 tskb twtf txes uclu ulab unb3 unbj unsa urum usn7 COMMENT             
usud vald vill vtsp wab1 wab2 wark wgtn whit will wind wsrt COMMENT             
wtza wtzr wtzs wtzz wuhn xmis yar2 yar3 yarr yell ykro zeck COMMENT             
zim2 zim3 zimm                                              COMMENT             
                                                            END OF HEADER       
[from data line 9438]
    23                                                      START OF TEC MAP    
  2025     4     4    22     0     0                        EPOCH OF CURRENT MAP
    87.5-180.0 180.0   5.0 450.0                            LAT/LON1/LON2/DLON/H
  135  135  136  136  137  138  138  139  140  141  141  142  143  143  144  144
  144  145  144  144  144  143  143  142  141  140  139  138  137  136  135  135
  134  133  132  131  131  130  130  130  129  129  129  129  129  129  129  129
  129  130  130  130  130  130  130  130  131  131  131  131  131  132  132  132
  132  132  133  133  133  133  134  134  135
    85.0-180.0 180.0   5.0 450.0                            LAT/LON1/LON2/DLON/H
  122  123  124  125  127  129  132  135  137  140  143  146  149  152  154  156
  157  158  158  158  158  156  155  153  150  148  145  142  138  135  132  130
  127  125  123  122  121  120  120  119  119  119  119  119  119  119  119  119
  119  118  118  118  118  118  118  118  118  119  119  119  120  120  120  121
  121  121  121  121  121  121  121  121  122
    82.5-180.0 180.0   5.0 450.0                            LAT/LON1/LON2/DLON/H
  102  103  104  107  110  115  120  126  132  138  145  151  158  163  168  173
  176  179  180  181  180  179  176  173  168  163  157  151  145  139  133  128
  123  119  116  114  113  112  112  112  112  112  112  112  111  110  108  106
  104  102  100   99   97   96   96   96   96   97   98   99  100  101  102  103
  104  104  104  103  103  102  101  101  102
    80.0-180.0 180.0   5.0 450.0                            LAT/LON1/LON2/DLON/H
   81   81   83   87   92   99  107  117  127  138  149  160  170  179  187  194
  199  204  207  209  209  208  206  202  196  188  180  170  160  150  140  131
  124  118  114  111  110  110  110  111  112  112  111  109  107  103   98   93
   88   82   77   72   68   66   64   63   64   66   68   71   75   78   81   83
   85   86   86   86   85   83   82   81   81
    77.5-180.0 180.0   5.0 450.0                            LAT/LON1/LON2/DLON/H
   66   66   68   73   80   89  101  114  129  144  159  173  186  197  207  215
  221  227  231  235  238  239  238  234  229  220  209  197  182  168  154  141
  131  123  117  114  113  114  115  117  118  118  116  112  107   99   91   81
   71   60   51   42   36   31   28   27   28   32   36   42   49   55   61   67
   71   74   75   75   74   72   70   68   66
    75.0-180.0 180.0   5.0 450.0                            LAT/LON1/LON2/DLON/H
   66   65   66   71   78   90  104  121  140  159  177  193  206  217  225  231
  236  241  246  251  256  261  263  263  259  252  240  224  207  188  170  153
  140  129  123  120  120  122  124  127  128  127  124  118  109   98   85   71
   56   42   28   16    6    0    0    0    0    2    9   18   28   38   48   57
   65   71   74   76   76   74   71   68   66
    72.5-180.0 180.0   5.0 450.0                            LAT/LON1/LON2/DLON/H
   81   79   79   82   90  103  119  139  160  181  201  217  229  236  239  240
  241  242  245  251  259  267  275  279  279  273  262  245  225  203  181  162
  146  134  127  125  125  128  132  135  136  135  130  122  111   98   82   65
   47   30   14    0    0    0    0    0    0    0    0    5   19   32   46   59
   70   79   86   90   91   90   88   84   81
    70.0-180.0 180.0   5.0 450.0                            LAT/LON1/LON2/DLON/H
  108  105  104  106  113  124  141  162  185  208  228  243  251  252  249  242
  234  229  229  234  243  255  268  277  280  277  267  250  229  205  182  161
  144  132  126  124  125  129  133  136  137  134  129  120  109   95   79   63
   46   29   12    0    0    0    0    0    0    0    0    7   22   38   55   71
   85   97  107  113  117  117  116  112  108
    67.5-180.0 180.0   5.0 450.0                            LAT/LON1/LON2/DLON/H
  141  137  135  135  139  149  165  186  209  233  252  266  270  266  254  238
  221  208  202  204  214  228  243  255  261  260  251  235  215  192  170  150
  134  123  117  116  118  122  126  128  127  124  118  110  100   89   77   64
   51   37   23   10    0    0    0    0    0    0    8   21   37   54   72   89
  105  120  131  140  146  148  148  145  141
    65.0-180.0 180.0   5.0 450.0                            LAT/LON1/LON2/DLON/H
  170  166  162  161  163  171  184  204  226  250  269  282  285  276  258  234
  209  188  175  173  180  193  207  220  226  225  216  202  184  164  146  130
  117  108  104  103  105  108  110  111  109  105  100   93   87   81   75   69
   61   52   43   33   24   17   13   12   15   21   31   44   59   75   93  110
  127  141  154  163  170  174  175  173  170
    62.5-180.0 180.0   5.0 450.0                            LAT/LON1/LON2/DLON/H
  187  183  180  178  179  184  195  212  232  255  275  289  292  282  262  234
  203  177  159  151  154  162  173  181  183  180  171  158  144  130  118  108
   99   93   90   89   90   91   91   90   87   82   78   74   72   72   74   74
   74   70   65   58   51   45   41   40   42   48   56   67   81   96  112  128
  143  157  169  178  185  189  190  189  187
    60.0-180.0 180.0   5.0 450.0                            LAT/LON1/LON2/DLON/H
  188  186  185  184  185  189  197  210  228  249  269  284  290  285  267  241
  210  182  161  149  145  147  151  151  147  138  127  116  107  101   96   92
   88   84   81   78   77   77   76   73   68   63   59   58   61   66   74   81
   85   86   84   78   72   67   63   63   65   70   77   86   98  112  126  140
  153  165  175  182  187  190  191  190  188
    57.5-180.0 180.0   5.0 450.0                            LAT/LON1/LON2/DLON/H
  178  178  180  182  186  190  195  204  218  235  254  271  282  284  274  255
  230  204  183  169  160  155  150  141  128  112   98   88   84   85   88   90
   89   85   80   76   72   70   68   64   59   54   51   51   56   65   76   87
   94   97   94   89   83   77   75   75   77   82   89   97  108  120  133  145
  156  166  173  178  181  182  180  179  178
    55.0-180.0 180.0   5.0 450.0                            LAT/LON1/LON2/DLON/H
  163  166  172  179  187  193  197  202  209  220  236  254  270  280  281  273
  258  240  222  208  197  187  174  157  135  113   95   85   84   90   97  102
  102   96   88   81   76   74   71   68   64   59   55   56   61   70   82   92
   99  100   96   89   82   77   75   77   80   86   92  100  110  121  133  144
  154  162  169  172  173  172  168  165  163
    52.5-180.0 180.0   5.0 450.0                            LAT/LON1/LON2/DLON/H
  156  160  169  182  195  204  208  209  209  213  223  238  257  275  288  292
  290  281  270  259  249  237  220  198  170  143  121  108  107  114  122  126
  122  113  102   93   88   86   85   84   80   76   72   71   75   81   90   97
  101   99   92   83   75   70   70   73   78   84   91   98  108  118  130  141
  150  159  166  171  172  169  164  158  156
    50.0-180.0 180.0   5.0 450.0                            LAT/LON1/LON2/DLON/H
  164  168  180  197  214  227  232  230  223  218  220  230  248  271  293  309
  318  320  317  312  305  296  280  257  228  196  170  153  147  149  152  151
  143  130  116  107  103  104  106  107  105  102   97   95   94   96   99  102
  101   96   87   76   68   64   65   70   77   84   90   97  105  116  127  138
  149  160  170  178  183  182  176  168  164
    47.5-180.0 180.0   5.0 450.0                            LAT/LON1/LON2/DLON/H
  193  195  206  225  245  261  267  262  251  238  231  234  248  272  298  322
  339  349  354  356  356  353  343  324  296  263  231  206  192  184  179  170
  156  140  126  119  119  123  128  132  131  129  125  120  116  112  109  107
  103   96   87   76   68   66   69   76   83   89   94   99  107  116  128  140
  153  167  182  197  208  211  207  199  193
    45.0-180.0 180.0   5.0 450.0                            LAT/LON1/LON2/DLON/H
  242  240  248  265  284  299  306  301  287  269  255  251  260  280  306  332
  353  369  379  388  395  399  397  385  361  327  289  255  228  208  191  174
  156  139  129  126  132  140  148  152  153  152  149  143  135  127  119  113
  108  103   95   87   81   80   84   92   98  103  105  108  113  123  135  149
  164  182  203  226  245  256  257  250  242
    42.5-180.0 180.0   5.0 450.0                            LAT/LON1/LON2/DLON/H
  305  299  301  310  323  335  341  338  325  307  289  279  282  297  319  342
  363  380  393  406  418  429  435  430  409  375  331  287  247  214  187  163
  144  130  126  131  142  154  162  166  167  167  166  161  152  140  129  122
  119  117  113  108  104  105  110  117  121  122  121  121  126  136  149  165
  183  204  231  261  289  309  317  313  305
    40.0-180.0 180.0   5.0 450.0                            LAT/LON1/LON2/DLON/H
  373  364  359  357  360  364  367  366  358  344  327  316  315  323  338  356
  373  387  401  414  428  442  452  451  433  398  351  299  249  206  171  145
  127  121  125  137  153  165  171  172  172  175  177  175  166  153  140  134
  134  137  137  135  133  134  139  144  146  144  139  137  141  153  171  190
  210  234  263  298  333  362  378  380  373
    37.5-180.0 180.0   5.0 450.0                            LAT/LON1/LON2/DLON/H
  440  430  417  403  392  385  384  385  384  377  366  357  354  357  365  375
  386  396  407  417  428  439  448  447  431  397  350  295  241  194  157  132
  120  120  131  149  167  177  179  176  174  179  186  188  181  167  155  150
  154  160  164  164  161  162  164  167  166  161  154  151  157  174  197  222
  245  270  298  334  373  408  433  442  440
    35.0-180.0 180.0   5.0 450.0                            LAT/LON1/LON2/DLON/H
  501  494  476  451  424  404  396  399  405  407  405  401  398  397  398  400
  404  410  417  421  424  426  428  424  409  380  337  287  237  193  159  139
  133  138  153  171  186  192  188  181  178  185  197  204  199  187  175  172
  177  185  189  186  182  179  179  179  177  170  162  161  171  195  227  259
  287  311  336  368  407  446  478  496  501
    32.5-180.0 180.0   5.0 450.0                            LAT/LON1/LON2/DLON/H
  557  557  538  504  464  430  415  417  429  440  446  447  446  442  436  430
  429  431  432  428  419  409  401  393  380  359  329  292  253  218  192  177
  174  180  192  205  214  213  204  194  191  200  216  226  224  213  201  199
  204  210  208  200  190  182  180  179  175  168  163  165  182  215  258  301
  335  358  377  402  436  477  514  543  557
    30.0-180.0 180.0   5.0 450.0                            LAT/LON1/LON2/DLON/H
  612  621  607  570  520  475  452  453  468  485  496  501  501  493  480  467
  460  458  455  441  418  393  374  364  358  351  339  321  298  276  258  248
  244  244  246  247  247  241  229  217  215  227  245  258  257  245  234  231
  233  232  222  204  186  174  169  167  165  160  158  166  191  234  289  343
  384  408  422  439  467  506  548  586  612
    27.5-180.0 180.0   5.0 450.0                            LAT/LON1/LON2/DLON/H
  668  689  685  650  596  544  515  514  530  549  562  568  566  554  533  512
  500  494  485  461  424  386  360  352  358  369  378  380  374  364  352  343
  334  322  308  294  284  274  263  254  254  266  284  296  294  283  272  267
  264  254  232  202  175  158  152  151  151  150  153  167  198  251  317  383
  433  459  469  480  503  540  586  631  668
    25.0-180.0 180.0   5.0 450.0                            LAT/LON1/LON2/DLON/H
  728  761  769  743  691  637  605  603  618  636  647  652  647  628  599  570
  552  542  527  492  442  394  367  367  388  418  446  465  470  466  456  444
  427  401  369  341  323  313  307  303  305  315  330  337  333  321  311  305
  296  275  240  198  163  143  137  138  141  145  152  170  207  266  342  417
  475  506  517  525  546  583  631  681  728
    22.5-180.0 180.0   5.0 450.0                            LAT/LON1/LON2/DLON/H
  789  832  853  840  795  745  715  712  727  742  751  753  744  721  684  647
  623  608  585  541  480  427  403  415  452  497  537  560  566  559  546  530
  505  468  423  383  362  358  361  362  365  370  377  377  368  355  346  340
  326  296  249  197  157  135  130  134  141  147  158  178  218  280  361  443
  508  546  561  573  596  635  684  737  789
    20.0-180.0 180.0   5.0 450.0                            LAT/LON1/LON2/DLON/H
  845  895  928  928  895  853  828  829  844  858  865  866  858  832  790  747
  717  697  667  612  543  488  471  496  544  595  632  646  639  620  600  581
  556  515  464  423  405  410  422  429  429  426  420  410  395  381  374  369
  352  314  259  202  159  138  135  142  151  160  171  192  230  292  373  459
  530  574  598  618  649  692  742  793  845
    17.5-180.0 180.0   5.0 450.0                            LAT/LON1/LON2/DLON/H
  891  942  983  995  976  945  928  935  954  969  977  982  978  955  914  869
  836  811  775  711  635  580  569  602  652  695  713  703  671  633  606  590
  573  541  497  462  453  469  490  499  492  476  456  433  411  395  390  386
  369  328  269  210  169  151  152  161  171  180  189  207  242  300  379  465
  539  590  624  656  698  748  797  843  891
    15.0-180.0 180.0   5.0 450.0                            LAT/LON1/LON2/DLON/H
  920  968 1013 1035 1027 1008 1002 1017 1041 1060 1073 1085 1092 1080 1045 1004
  972  947  906  836  754  697  689  720  760  780  765  717  653  595  564  560
  563  552  526  506  511  537  563  567  548  517  481  445  414  396  392  390
  374  333  276  220  183  170  175  186  196  203  208  221  251  305  380  463
  538  596  640  685  738  794  841  880  920
    12.5-180.0 180.0   5.0 450.0                            LAT/LON1/LON2/DLON/H
  932  974 1019 1047 1049 1040 1043 1067 1096 1120 1140 1163 1185 1189 1169 1137
 1113 1090 1048  974  888  828  814  833  849  834  777  688  592  519  491  507
  539  558  558  558  577  610  633  628  594  545  493  445  406  385  380  379
  365  327  276  228  198  191  199  212  221  223  223  230  256  306  377  458
  532  594  647  703  766  827  872  902  932
    10.0-180.0 180.0   5.0 450.0                            LAT/LON1/LON2/DLON/H
  932  967 1010 1040 1048 1047 1059 1088 1121 1147 1172 1206 1245 1268 1265 1249
 1236 1221 1182 1108 1019  952  926  922  906  850  751  628  509  430  414  455
  520  572  598  617  646  680  695  674  622  557  492  434  389  363  357  356
  343  311  267  229  208  206  218  231  239  237  231  233  256  304  373  452
  526  590  649  712  782  845  888  911  932
     7.5-180.0 180.0   5.0 450.0                            LAT/LON1/LON2/DLON/H
  930  960  999 1029 1040 1045 1062 1094 1125 1148 1172 1212 1263 1304 1320 1320
 1319 1315 1284 1214 1124 1049 1005  974  922  829  700  557  432  360  362  429
  522  599  646  678  709  736  737  698  630  551  477  413  364  335  326  323
  311  284  251  224  211  214  228  243  249  243  232  230  251  300  371  449
  523  588  650  717  789  853  894  914  930
     5.0-180.0 180.0   5.0 450.0                            LAT/LON1/LON2/DLON/H
  937  965 1001 1029 1041 1049 1070 1100 1125 1137 1151 1188 1245 1296 1325 1337
 1348 1354 1333 1270 1182 1100 1038  980  899  783  642  502  390  337  358  443
  551  640  694  727  753  767  750  694  612  527  450  385  335  304  291  285
  274  252  229  212  207  214  229  244  250  241  226  222  244  297  370  450
  524  590  653  720  792  856  898  920  937
     2.5-180.0 180.0   5.0 450.0                            LAT/LON1/LON2/DLON/H
  960  990 1023 1048 1060 1072 1095 1122 1134 1129 1127 1151 1201 1253 1285 1301
 1317 1330 1317 1264 1181 1096 1021  944  846  726  598  483  402  375  413  502
  605  685  730  753  766  763  728  658  570  484  411  351  303  272  257  249
  237  220  205  197  197  206  221  237  243  234  217  213  238  295  373  455
  530  596  658  724  794  859  907  936  960
