ionex_files/COD0OPSFIN_20250920000_01D_01H_GIM.INX
     1.0            IONOSPHERE MAPS     GNSS                IONEX VERSION / TYPE
ADDNEQ2 V5.5        AIUB                06-APR-25 19:50     PGM / RUN BY / DATE 
CODE'S GLOBAL IONOSPHERE MAPS FOR DAY 092, 2025             COMMENT             
Global ionosphere maps (GIM) are generated on a daily basis DESCRIPTION         
at CODE using data from about 300 GNSS sites of the IGS and DESCRIPTION         
other institutions. The vertical total electron content     DESCRIPTION         
(VTEC) is modeled in a solar-geomagnetic reference frame    DESCRIPTION         
using a spherical harmonics expansion up to degree and      DESCRIPTION         
order 15. Piece-wise linear functions are used for          DESCRIPTION         
representation in the time domain. The time spacing of      DESCRIPTION         
their vertices is 1 hour, conforming with the epochs of the DESCRIPTION         
VTEC maps.                                                  DESCRIPTION         
To convert line-of-sight TEC into vertical TEC, a modified  DESCRIPTION         
single-layer model mapping function approximating the JPL   DESCRIPTION         
extended slab model mapping function is adopted. The        DESCRIPTION         
mapping function is evaluated at geodetic satellite         DESCRIPTION         
elevation angles. For the computation of the ionospheric    DESCRIPTION         
pierce points, a spherical layer with a radius of 6821 km   DESCRIPTION         
is assumed, implying geocentric, not geodetic IONEX         DESCRIPTION         
latitudes.                                                  DESCRIPTION         
Instrumental biases with respect to each involved GNSS code DESCRIPTION         
observable are estimated as constant values for each        DESCRIPTION         
day. They are modeled with one set of bias parameters for   DESCRIPTION         
each satellite and each station in case of GPS and for each DESCRIPTION         
satellite-station link in case of GLONASS. The code bias    DESCRIPTION         
datum is defined by zero-mean conditions imposed on the     DESCRIPTION         
satellite bias estimates. In this file, just GPS C1W-C2W    DESCRIPTION         
satellite and station bias values are included. The         DESCRIPTION         
complete set of GNSS code bias results is provided in an    DESCRIPTION         
additional Bias-SINEX file as pseudo-absolute values        DESCRIPTION         
specific to each observable.                                DESCRIPTION         
Note: These GIM results correspond to the results for the   DESCRIPTION         
middle day of a 3-day combination analysis solving for 73   DESCRIPTION         
times 256, or 18688 VTEC parameters and 3 daily sets of     DESCRIPTION         
GNSS code bias parameters.                                  DESCRIPTION         
Contact address: code(at)aiub.unibe.ch                      DESCRIPTION         
Data archive:    ftp.aiub.unibe.ch/CODE/                    DESCRIPTION         
                 www.aiub.unibe.ch/download/CODE/           DESCRIPTION         
  2025     4     2     0     0     0                        EPOCH OF FIRST MAP  
  2025     4     3     0     0     0                        EPOCH OF LAST MAP   
  3600                                                      INTERVAL            
[...]
abpo adis albh algo alic amu2 areg areq ascg aspa auck azgb COMMENT             
badg bake barh bjfs bndy boav bogo bogt bor1 braz brft brst COMMENT             
brux cags cas1 ccj2 cedu chpg chti chur ckis coco cord cpvg COMMENT             
cpxf cro1 daej darw dav1 dgar dhlg drao dubo faa1 fair flin COMMENT             
flrs frdn func ganp glps glsv gode gol2 gold gope gras graz COMMENT             
guam guug harb hers hert hlfx hnpt hob2 hofn holb hrao iddr COMMENT             
ieng iisc impz ineg invk iqal irkj jog2 joz2 karr kerg kir0 COMMENT             
kiri kiru kit3 kokb kokv koug kour krgg lama laut lmmf lpal COMMENT             
lpgs m0se mac1 madr mal2 mana mas1 mat1 mate maui maw1 mcil COMMENT             
mcm4 mdo1 medi mgue mizu mkea mnls mobs morp mqzg mro1 mtka COMMENT             
nano naur nico nist nium nklg nlib nnor not1 nrc1 ntus nya1 COMMENT             
nyal onsa opmt pado park pdel penc pert pie1 pimo pohn pol2 COMMENT             
polv pots pove ptag ptbb ptvl qaq1 quin rabt ramo reun reyk COMMENT             
rgdg rio2 roth salu samo sant savo sch2 scor scrz sctb scub COMMENT             
seyg sfer spt0 ssia sthl stjo stk2 str2 suth sutm suwn sydn COMMENT             
syog tash thtg thti thu2 tid1 tidb tlse tn22 tong tow2 tro1 COMMENT             
tskb twtf txes uclu ufpr ulab unb3 unbj unsa urum usn7 usud COMMENT             
vald vill vtsp wab1 wab2 whit will wind wsrt wtza wtzr wtzs COMMENT             
wtzz wuhn xmis yar2 yar3 yarr yell ykro zeck zim2 zim3 zimm COMMENT             
                                                            END OF HEADER       
[from data line 5148]
    13                                                      START OF TEC MAP    
  2025     4     2    12     0     0                        EPOCH OF CURRENT MAP
    87.5-180.0 180.0   5.0 450.0                            LAT/LON1/LON2/DLON/H
  180  181  182  183  184  186  187  189  191  193  195  197  199  201  203  204
  205  206  207  208  208  208  208  207  206  206  205  203  202  201  199  198
  197  195  194  193  192  191  190  189  188  187  187  187  186  186  186  186
  187  187  187  187  187  187  187  187  187  187  186  186  185  184  183  183
  182  181  181  180  180  179  179  180  180
    85.0-180.0 180.0   5.0 450.0                            LAT/LON1/LON2/DLON/H
  157  158  159  161  164  168  172  177  183  189  194  200  205  210  215  219
  222  224  226  227  227  226  225  223  220  218  214  211  208  204  201  197
  194  191  188  186  183  181  180  179  178  177  177  178  178  180  181  183
  185  187  190  192  194  196  197  198  199  198  197  196  193  190  187  183
  179  175  171  168  164  162  159  158  157
    82.5-180.0 180.0   5.0 450.0                            LAT/LON1/LON2/DLON/H
  131  130  130  132  137  142  150  158  167  177  187  197  207  215  223  230
  235  238  241  241  241  239  236  232  227  222  217  211  206  201  196  191
  187  183  180  177  175  173  171  169  168  168  168  169  171  174  177  182
  187  193  199  206  212  217  222  226  228  229  228  225  221  215  208  199
  190  180  171  162  153  145  139  134  131
    80.0-180.0 180.0   5.0 450.0                            LAT/LON1/LON2/DLON/H
  110  106  104  105  109  116  124  135  147  161  174  188  201  213  223  232
  238  242  245  245  243  240  236  230  224  218  211  205  199  193  189  185
  182  179  177  175  174  172  171  169  168  166  166  166  168  171  176  183
  192  202  213  225  237  248  258  266  272  275  275  271  265  256  244  230
  215  199  183  167  152  139  127  117  110
    77.5-180.0 180.0   5.0 450.0                            LAT/LON1/LON2/DLON/H
  103   95   90   88   90   95  103  114  127  142  157  173  187  201  212  222
  229  233  235  235  233  230  225  219  212  206  200  194  189  185  183  181
  181  182  183  184  185  185  184  182  179  176  174  172  172  174  178  186
  197  211  227  245  264  282  298  312  322  328  329  325  317  305  289  270
  250  228  207  185  165  146  129  115  103
    75.0-180.0 180.0   5.0 450.0                            LAT/LON1/LON2/DLON/H
  114  102   92   87   85   87   92  100  111  125  139  154  168  181  192  201
  207  211  213  213  211  208  205  200  195  191  186  183  180  179  180  183
  187  192  198  203  207  210  210  208  204  198  192  186  182  182  184  192
  204  220  240  263  288  312  334  353  367  376  378  374  364  350  331  309
  285  260  235  211  188  166  147  129  114
    72.5-180.0 180.0   5.0 450.0                            LAT/LON1/LON2/DLON/H
  139  124  111  101   95   91   92   96  103  112  123  134  146  157  166  173
  178  181  182  183  182  181  180  179  177  175  174  173  173  176  180  187
  196  206  217  228  236  242  244  242  237  229  219  209  201  196  196  202
  213  230  252  278  306  334  359  382  398  408  410  406  394  377  356  333
  308  283  259  236  214  194  174  156  139
    70.0-180.0 180.0   5.0 450.0                            LAT/LON1/LON2/DLON/H
  169  153  138  125  115  107  102  100  102  105  111  118  126  133  139  143
  146  148  149  150  152  154  156  159  161  163  164  165  168  173  180  190
  204  219  236  251  264  273  278  277  272  263  251  238  227  219  216  219
  228  243  265  290  317  345  371  393  409  418  419  412  398  379  356  333
  310  288  268  250  234  218  202  186  169
    67.5-180.0 180.0   5.0 450.0                            LAT/LON1/LON2/DLON/H
  194  179  164  150  136  125  116  110  106  104  105  107  110  113  116  118
  119  119  120  122  125  130  136  143  149  153  156  159  162  167  177  190
  207  226  247  267  284  297  305  307  303  295  283  271  259  250  245  246
  252  264  281  302  325  348  370  388  401  406  403  392  375  353  330  307
  286  269  256  246  238  229  219  208  194
    65.0-180.0 180.0   5.0 450.0                            LAT/LON1/LON2/DLON/H
  204  192  178  165  152  140  129  120  112  106  103  101  100  100  101  101
  100   99   99  101  106  113  122  132  140  146  149  151  154  159  169  184
  204  226  249  272  291  307  319  325  325  321  314  305  296  289  285  285
  289  295  305  318  332  347  361  372  379  378  370  355  334  309  283  261
  243  231  225  223  223  222  219  213  204
    62.5-180.0 180.0   5.0 450.0                            LAT/LON1/LON2/DLON/H
  195  186  176  165  155  145  135  125  117  109  102   98   95   94   93   93
   92   90   89   91   96  104  114  125  134  140  142  143  144  149  160  177
  198  222  245  268  288  306  320  331  338  341  341  339  336  335  334  335
  336  337  339  340  343  347  351  353  353  346  333  313  288  260  232  208
  192  183  182  187  193  199  202  200  195
    60.0-180.0 180.0   5.0 450.0                            LAT/LON1/LON2/DLON/H
  172  166  159  152  145  139  133  125  117  109  102   96   93   92   92   92
   92   90   89   90   94  102  112  123  132  136  137  136  137  142  155  174
  197  220  242  261  279  296  312  328  342  354  364  371  378  384  389  392
  392  387  379  369  360  352  346  340  333  322  305  282  253  222  191  166
  148  141  142  150  160  169  175  175  172
    57.5-180.0 180.0   5.0 450.0                            LAT/LON1/LON2/DLON/H
  145  140  135  132  130  128  125  121  114  107  100   95   92   92   94   96
   97   97   95   95   98  105  114  125  133  137  137  136  137  146  162  184
  208  229  246  259  271  284  301  322  344  365  384  401  417  432  443  450
  448  439  423  403  383  365  351  339  328  314  295  271  241  208  175  147
  127  118  118  125  135  144  149  149  145
    55.0-180.0 180.0   5.0 450.0                            LAT/LON1/LON2/DLON/H
  128  122  118  117  117  119  119  117  112  106   99   94   91   92   95   99
  103  104  104  104  106  112  120  130  139  144  145  146  152  165  186  213
  238  256  265  268  270  278  295  320  348  377  404  429  452  474  491  500
  499  486  464  437  410  386  367  352  339  324  306  283  254  221  188  158
  135  122  119  123  129  135  136  133  128
    52.5-180.0 180.0   5.0 450.0                            LAT/LON1/LON2/DLON/H
  129  121  117  116  117  119  120  118  114  108  101   95   91   91   95  101
  106  110  112  113  116  121  129  140  151  159  164  171  183  203  231  262
  287  301  301  292  283  284  299  327  361  396  427  455  482  507  527  539
  537  523  497  467  437  411  391  375  362  349  333  312  286  256  225  194
  169  153  145  143  146  147  144  137  129
    50.0-180.0 180.0   5.0 450.0                            LAT/LON1/LON2/DLON/H
  151  142  137  134  134  134  133  130  125  118  110  102   95   93   95  100
  107  114  119  122  125  131  141  154  168  182  195  210  230  258  292  327
  352  361  351  330  310  305  318  349  387  423  454  481  506  530  551  563
  561  545  519  489  460  436  417  402  390  377  363  346  325  300  272  243
  218  198  186  181  179  176  171  162  151
    47.5-180.0 180.0   5.0 450.0                            LAT/LON1/LON2/DLON/H
  189  180  174  170  167  163  158  152  145  137  127  116  106   99   97  100
  107  115  123  130  136  144  155  171  191  212  234  258  286  321  361  399
  424  428  410  380  352  342  355  388  427  462  488  508  527  546  564  574
  572  556  531  504  479  458  441  426  412  398  384  370  354  335  313  289
  265  245  230  222  217  214  208  199  189
    45.0-180.0 180.0   5.0 450.0                            LAT/LON1/LON2/DLON/H
  231  224  219  214  207  199  190  180  171  163  152  140  126  113  106  104
  109  118  129  140  149  159  172  191  216  245  276  309  344  385  428  467
  492  495  474  439  408  396  411  444  482  512  530  539  548  561  573  580
  575  559  536  513  493  476  460  442  424  406  390  376  364  351  336  317
  296  276  261  251  247  246  243  238  231
    42.5-180.0 180.0   5.0 450.0                            LAT/LON1/LON2/DLON/H
  263  260  257  252  244  232  220  208  199  191  182  169  153  136  122  115
  117  126  139  153  166  178  192  213  242  277  315  355  395  438  482  522
  550  556  539  507  477  468  484  517  552  574  580  577  575  579  585  587
  579  563  542  523  507  491  473  450  425  400  380  365  354  346  336  323
  305  286  270  261  258  260  263  264  263
    40.0-180.0 180.0   5.0 450.0                            LAT/LON1/LON2/DLON/H
  275  277  277  273  265  252  238  227  220  215  210  199  184  165  147  135
  132  140  155  172  188  201  215  236  267  306  349  392  434  476  519  560
  593  609  603  582  560  555  572  604  632  644  638  622  609  605  606  603
  592  575  556  539  525  508  485  455  422  390  364  346  335  329  322  311
  295  275  258  249  248  255  264  271  275
    37.5-180.0 180.0   5.0 450.0                            LAT/LON1/LON2/DLON/H
  268  272  274  271  264  252  239  231  228  229  229  224  213  196  177  162
  155  161  176  196  214  227  241  261  291  330  374  418  459  498  539  583
  626  657  669  665  655  656  672  699  718  719  701  674  654  643  639  633
  619  601  583  568  553  533  504  467  427  390  361  340  326  317  308  296
  278  257  237  225  225  235  248  260  268
    35.0-180.0 180.0   5.0 450.0                            LAT/LON1/LON2/DLON/H
  249  252  252  250  243  233  223  218  220  227  235  239  235  224  207  191
  182  186  201  222  242  256  269  287  315  352  394  436  474  510  551  599
  654  704  740  756  759  764  777  795  804  794  765  732  706  692  685  676
  662  643  626  611  595  571  537  496  454  416  386  363  345  330  315  297
  274  247  223  207  205  215  229  241  249
    32.5-180.0 180.0   5.0 450.0                            LAT/LON1/LON2/DLON/H
  233  230  226  220  212  203  195  193  199  212  228  240  246  243  232  218
  209  211  226  249  270  285  298  315  341  375  414  451  486  521  563  617
  684  755  814  850  865  870  877  884  882  862  827  790  762  748  740  731
  716  699  684  670  652  625  589  548  509  477  452  429  407  382  357  329
  297  264  233  212  206  211  222  230  233
    30.0-180.0 180.0   5.0 450.0                            LAT/LON1/LON2/DLON/H
  235  224  211  199  187  176  167  166  173  189  209  229  244  251  247  237
  229  231  247  270  294  312  327  345  370  402  437  471  504  540  584  644
  723  811  888  939  960  963  961  957  946  919  882  845  818  805  798  789
  777  763  751  738  721  694  659  624  594  573  556  537  510  475  437  397
  356  315  278  252  239  238  242  242  235
    27.5-180.0 180.0   5.0 450.0                            LAT/LON1/LON2/DLON/H
  266  244  221  201  183  166  153  148  153  168  188  211  232  247  251  246
  240  243  259  285  311  333  353  376  404  435  467  499  533  571  618  684
  769  867  955 1013 1035 1032 1020 1007  990  962  926  892  869  857  851  845
  836  827  820  810  795  770  741  714  697  690  684  670  640  596  545  494
  445  399  359  328  309  300  294  284  266
    25.0-180.0 180.0   5.0 450.0                            LAT/LON1/LON2/DLON/H
  326  294  263  234  208  183  163  150  149  157  173  194  216  235  245  244
  241  245  263  292  321  348  374  405  439  473  505  536  572  615  667  734
  819  916 1003 1059 1076 1066 1046 1029 1012  989  959  931  912  902  896  892
  888  885  883  877  865  845  823  805  800  806  811  803  772  722  662  602
  549  503  463  430  406  389  373  353  326
    22.5-180.0 180.0   5.0 450.0                            LAT/LON1/LON2/DLON/H
  402  367  332  297  263  230  199  176  164  164  171  185  203  221  232  234
  233  240  260  291  324  356  391  431  474  513  546  580  620  668  723  787
  864  950 1027 1073 1081 1063 1040 1025 1015 1002  982  961  945  936  931  929
  930  932  934  932  923  908  891  880  882  895  908  905  876  824  760  699
  647  605  569  539  512  487  463  435  402
    20.0-180.0 180.0   5.0 450.0                            LAT/LON1/LON2/DLON/H
  478  445  412  377  339  297  256  222  200  189  185  188  197  209  218  221
  221  230  253  286  322  359  401  451  504  550  587  624  669  722  778  835
  898  966 1024 1055 1052 1029 1008 1002 1005 1005  998  985  972  962  956  956
  960  966  971  970  963  950  934  923  924  937  952  952  927  879  819  762
  718  685  658  632  604  574  543  511  478
    17.5-180.0 180.0   5.0 450.0                            LAT/LON1/LON2/DLON/H
  534  509  485  455  417  371  322  279  248  227  214  205  202  204  208  208
  209  220  245  281  319  359  406  465  527  580  623  663  712  769  824  872
  917  962  999 1013 1000  976  963  969  989 1005 1010 1004  992  981  974  974
  980  987  991  989  981  966  946  928  919  922  932  934  916  878  829  783
  750  729  713  694  666  631  594  561  534
    15.0-180.0 180.0   5.0 450.0                            LAT/LON1/LON2/DLON/H
  555  544  533  513  480  434  381  333  296  271  250  230  215  207  203  201
  201  213  240  278  318  358  408  472  541  601  649  693  745  804  856  894
  921  946  963  962  944  922  919  940  976 1007 1021 1020 1009  996  988  987
  992  998  998  992  978  957  929  896  870  857  857  859  851  828  796  765
  745  736  730  717  689  649  608  575  555
    12.5-180.0 180.0   5.0 450.0                            LAT/LON1/LON2/DLON/H
  541  542  545  538  513  470  417  369  334  308  284  258  232  214  204  199
  199  211  240  280  320  360  409  474  547  613  665  713  766  824  873  902
  917  926  929  920  900  884  890  924  971 1012 1032 1033 1022 1008  997  995
  999 1000  994  981  960  931  891  841  794  762  751  754  757  751  737  722
  713  714  716  708  679  634  587  554  541
    10.0-180.0 180.0   5.0 450.0                            LAT/LON1/LON2/DLON/H
  502  511  525  527  510  472  425  381  350  330  308  279  248  224  210  203
  202  214  243  284  326  365  411  474  549  618  674  724  777  833  877  901
  909  912  910  900  882  871  885  925  977 1020 1041 1041 1029 1013 1001  998
  999  996  983  962  934  897  846  782  717  669  648  652  666  677  680  677
  676  681  687  680  650  600  547  511  502
     7.5-180.0 180.0   5.0 450.0                            LAT/LON1/LON2/DLON/H
  455  466  483  490  477  445  403  366  344  332  316  290  258  231  216  209
  208  219  248  290  333  372  416  475  547  618  678  729  781  832  873  895
  904  909  912  906  893  886  902  941  989 1027 1043 1040 1026 1009  997  994
  993  985  968  941  908  867  810  737  663  607  581  587  609  633  648  651
  651  654  659  653  623  568  508  467  455
     5.0-180.0 180.0   5.0 450.0                            LAT/LON1/LON2/DLON/H
  421  426  438  442  429  399  362  332  318  316  309  288  259  234  221  215
  214  223  250  294  341  381  422  477  546  618  679  731  780  827  864  887
  903  918  930  933  926  922  934  965 1001 1027 1035 1027 1010  993  982  979
  977  969  949  922  889  849  793  723  651  596  572  579  606  636  654  656
  650  645  647  641  611  555  490  441  421
     2.5-180.0 180.0   5.0 450.0                            LAT/LON1/LON2/DLON/H
  416  407  407  401  383  352  317  291  284  289  290  276  252  233  223  220
  218  224  250  295  346  390  430  480  546  617  680  732  777  817  851  878
  903  931  956  968  967  962  967  985 1005 1016 1013  999  980  964  954  952
  952  946  930  906  880  846  801  745  687  643  625  633  658  684  697  691
  672  657  653  648  623  570  502  446  416
