ionex_files/COD0OPSFIN_20250900000_01D_01H_GIM.INX
     1.0            IONOSPHERE MAPS     GNSS                IONEX VERSION / TYPE
ADDNEQ2 V5.5        AIUB                04-APR-25 19:04     PGM / RUN BY / DATE 
CODE'S GLOBAL IONOSPHERE MAPS FOR DAY 090, 2025             COMMENT             
Global ionosphere maps (GIM) are generated on a daily basis DESCRIPTION         
at CODE using data from about 300 GNSS sites of the IGS and DESCRIPTION         
other institutions. The vertical total electron content     DESCRIPTION         
(VTEC) is modeled in a solar-geomagnetic reference frame    DESCRIPTION         
using a spherical harmonics expansion up to degree and      DESCRIPTION         
order 15. Piece-wise linear functions are used for          DESCRIPTION         
representation in the time domain. The time spacing of      DESCRIPTION         
their vertices is 1 hour, conforming with the epochs of the DESCRIPTION         
VTEC maps.                                                  DESCRIPTION         
To convert line-of-sight TEC into vertical TEC, a modified  DESCRIPTION         
single-layer model mapping function approximating the JPL   DESCRIPTION         
extended slab model mapping function is adopted. The        DESCRIPTION         
mapping function is evaluated at geodetic satellite         DESCRIPTION         
elevation angles. For the computation of the ionospheric    DESCRIPTION         
pierce points, a spherical layer with a radius of 6821 km   DESCRIPTION         
is assumed, implying geocentric, not geodetic IONEX         DESCRIPTION         
latitudes.                                                  DESCRIPTION         
Instrumental biases with respect to each involved GNSS code DESCRIPTION         
observable are estimated as constant values for each        DESCRIPTION         
day. They are modeled with one set of bias parameters for   DESCRIPTION         
each satellite and each station in case of GPS and for each DESCRIPTION         
satellite-station link in case of GLONASS. The code bias    DESCRIPTION         
datum is defined by zero-mean conditions imposed on the     DESCRIPTION         
satellite bias estimates. In this file, just GPS C1W-C2W    DESCRIPTION         
satellite and station bias values are included. The         DESCRIPTION         
complete set of GNSS code bias results is provided in an    DESCRIPTION         
additional Bias-SINEX file as pseudo-absolute values        DESCRIPTION         
specific to each observable.                                DESCRIPTION         
Note: These GIM results correspond to the results for the   DESCRIPTION         
middle day of a 3-day combination analysis solving for 73   DESCRIPTION         
times 256, or 18688 VTEC parameters and 3 daily sets of     DESCRIPTION         
GNSS code bias parameters.                                  DESCRIPTION         
Contact address: code(at)aiub.unibe.ch                      DESCRIPTION         
Data archive:    ftp.aiub.unibe.ch/CODE/                    DESCRIPTION         
                 www.aiub.unibe.ch/download/CODE/           DESCRIPTION         
  2025     3    31     0     0     0                        EPOCH OF FIRST MAP  
  2025     4     1     0     0     0                        EPOCH OF LAST MAP   
  3600                                                      INTERVAL            
[...]
abpo adis albh algo alic amu2 antc areg areq ascg aspa auck COMMENT             
azgb badg bake barh bjfs bndy boav bogo bogt bor1 braz brft COMMENT             
brst brux cas1 ccj2 cedu chpg chti chur ckis coco cord cpvg COMMENT             
cpxf cro1 daej darw dav1 dgar dhlg drao dubo ebre faa1 fair COMMENT             
flin flrs func glps glsv gode gol2 gold gope gras graz guam COMMENT             
guug harb hers hert hlfx hnpt hob2 hofn holb hrao iddr ieng COMMENT             
iisc impz ineg invk iqal irkj jog2 joz2 karr kerg kir0 kiri COMMENT             
kiru kit3 kokb kokv koug kour krgg lama laut lmmf lpal lpgs COMMENT             
mac1 madr mal2 mana mas1 mat1 mate maui maw1 mcil mcm4 mdo1 COMMENT             
medi mgue mizu mkea mnls mobs morp mqzg mro1 mtka nano naur COMMENT             
nico nist nium nklg nlib nnor not1 nrc1 ntus nya1 nyal onsa COMMENT             
opmt ous2 pado parc park pdel penc pert pie1 pimo pohn pol2 COMMENT             
polv pots pove ptag ptbb ptvl qaq1 quin rabt ramo reun reyk COMMENT             
rgdg rio2 roth salu samo sant savo sch2 scor scrz scub seyg COMMENT             
sfer spt0 ssia sthl stjo stk2 str2 suth sutm suwn sydn syog COMMENT             
tash thtg thti thu2 tid1 tidb tlse tn22 tong tow2 tro1 tskb COMMENT             
twtf txes uclu ufpr ulab unsa urum usn7 usud vald vill vtsp COMMENT             
wab1 wab2 whit will wind wsrt wtza wtzr wtzs wtzz wuhn xmis COMMENT             
yar2 yar3 yarr yell ykro zeck zim2 zim3 zimm                COMMENT             
                                                            END OF HEADER       
[from data line 429]
     2                                                      START OF TEC MAP    
  2025     3    31     1     0     0                        EPOCH OF CURRENT MAP
    87.5-180.0 180.0   5.0 450.0                            LAT/LON1/LON2/DLON/H
  258  260  262  264  266  268  270  272  274  275  277  278  279  280  281  281
  281  281  280  279  278  277  275  273  271  269  267  265  263  261  259  256
  254  252  251  249  247  246  244  243  242  241  240  240  239  238  238  238
  238  238  238  238  238  238  238  239  239  240  241  241  242  243  244  245
  246  247  249  250  251  253  255  257  258
    85.0-180.0 180.0   5.0 450.0                            LAT/LON1/LON2/DLON/H
  243  247  250  254  259  263  268  272  277  281  286  289  292  295  296  297
  297  296  294  292  289  285  280  276  271  266  261  256  251  246  241  237
  233  230  227  224  221  219  217  216  215  214  213  212  212  212  212  212
  212  212  213  213  214  215  215  216  217  218  219  220  221  222  223  225
  226  228  229  231  233  235  237  240  243
    82.5-180.0 180.0   5.0 450.0                            LAT/LON1/LON2/DLON/H
  223  227  231  236  242  248  256  263  272  279  287  294  299  304  306  308
  307  305  301  296  290  283  275  267  259  250  242  234  227  220  214  208
  204  199  196  193  190  188  187  186  185  184  184  184  184  184  184  185
  186  187  188  189  190  192  193  194  196  198  199  201  203  205  207  208
  210  211  213  214  215  217  218  221  223
    80.0-180.0 180.0   5.0 450.0                            LAT/LON1/LON2/DLON/H
  209  211  213  217  223  230  239  249  261  272  283  293  301  307  311  312
  310  306  300  291  282  271  260  248  237  226  216  207  198  191  184  178
  173  170  166  164  162  161  160  159  158  158  158  158  158  158  159  160
  161  162  164  166  168  171  173  176  179  182  185  188  192  195  199  202
  205  207  208  209  209  209  209  209  209
    77.5-180.0 180.0   5.0 450.0                            LAT/LON1/LON2/DLON/H
  210  207  206  206  209  215  224  236  249  263  276  289  299  306  310  309
  306  299  289  278  265  251  238  224  212  200  190  180  172  165  159  154
  150  147  145  143  142  141  140  140  139  138  137  136  136  136  136  137
  139  141  144  147  151  154  158  162  167  172  177  183  190  196  203  209
  214  219  222  223  222  221  218  214  210
    75.0-180.0 180.0   5.0 450.0                            LAT/LON1/LON2/DLON/H
  230  222  214  209  207  209  216  226  240  255  270  284  295  301  304  301
  294  284  272  257  242  227  213  200  188  178  169  161  155  149  145  141
  138  135  133  132  131  130  129  128  127  125  123  121  119  118  117  119
  121  124  129  134  139  144  150  155  161  168  176  185  195  206  217  228
  237  245  251  254  254  251  246  239  230
    72.5-180.0 180.0   5.0 450.0                            LAT/LON1/LON2/DLON/H
  265  251  237  225  217  214  216  224  236  251  267  280  290  295  295  289
  279  266  251  235  220  205  193  181  172  164  158  152  148  144  141  137
  134  131  129  128  126  125  124  123  120  117  114  110  106  103  102  104
  107  113  120  128  135  142  149  156  163  171  181  192  206  221  237  252
  267  279  288  294  296  294  287  278  265
    70.0-180.0 180.0   5.0 450.0                            LAT/LON1/LON2/DLON/H
  306  288  269  251  236  226  224  228  238  252  266  279  287  289  285  276
  264  248  232  217  203  191  180  172  165  160  156  152  149  146  143  139
  135  131  128  125  123  121  120  119  116  112  107  101   96   92   90   92
   98  106  117  128  139  149  157  164  171  179  190  203  220  238  258  277
  295  310  322  331  335  335  331  321  306
    67.5-180.0 180.0   5.0 450.0                            LAT/LON1/LON2/DLON/H
  342  323  301  277  257  242  234  235  243  255  269  279  285  285  278  266
  252  236  221  208  196  187  179  172  167  163  160  157  154  151  146  141
  135  129  124  119  117  115  114  113  111  108  102   95   88   83   81   84
   92  104  120  136  150  162  171  178  184  191  202  216  234  254  275  295
  314  330  343  354  361  364  362  355  342
    65.0-180.0 180.0   5.0 450.0                            LAT/LON1/LON2/DLON/H
  363  346  324  299  274  255  244  243  249  260  272  281  285  283  274  261
  247  233  221  211  202  195  188  181  175  170  166  162  158  154  148  141
  133  124  116  111  107  105  105  106  105  103   98   91   83   77   75   79
   90  106  126  147  165  180  189  196  200  207  216  230  248  268  288  307
  322  335  346  356  365  372  375  372  363
    62.5-180.0 180.0   5.0 450.0                            LAT/LON1/LON2/DLON/H
  368  356  336  311  286  265  252  248  253  263  274  283  286  282  274  262
  251  240  232  225  219  212  204  195  186  178  170  165  159  154  146  138
  128  117  108  101   96   95   96   98  100   99   95   89   81   75   72   77
   89  109  133  159  181  198  209  215  219  223  232  246  263  282  299  312
  322  329  334  341  349  359  368  371  368
    60.0-180.0 180.0   5.0 450.0                            LAT/LON1/LON2/DLON/H
  362  355  339  317  293  272  258  253  256  266  276  284  286  283  277  268
  261  255  251  247  242  234  222  209  195  183  173  165  159  153  145  135
  124  112  102   94   90   89   90   94   97   98   96   91   83   77   74   78
   91  113  140  169  196  215  228  234  237  241  250  263  280  297  310  318
  319  318  316  318  325  337  349  359  362
    57.5-180.0 180.0   5.0 450.0                            LAT/LON1/LON2/DLON/H
  356  354  343  324  302  282  268  261  263  269  278  284  286  285  281  277
  275  274  273  270  264  253  238  220  202  187  175  167  161  155  147  137
  125  113  103   96   91   90   91   95   98  101  100   97   90   83   79   82
   95  116  145  177  206  229  243  251  255  261  270  284  301  316  326  328
  322  313  304  302  307  320  335  349  356
    55.0-180.0 180.0   5.0 450.0                            LAT/LON1/LON2/DLON/H
  363  364  355  340  321  303  288  279  276  278  282  286  287  287  286  286
  288  291  292  289  281  267  248  227  207  191  180  173  168  163  155  144
  132  121  112  106  102  101  101  103  105  108  109  107  101   95   90   91
  100  120  148  180  212  238  256  267  274  281  293  308  325  340  348  346
  336  322  310  305  310  323  339  354  363
    52.5-180.0 180.0   5.0 450.0                            LAT/LON1/LON2/DLON/H
  392  392  385  373  358  341  324  311  301  295  292  291  290  290  291  294
  299  303  303  298  287  271  251  231  212  198  190  186  183  178  169  157
  144  133  126  122  120  118  117  116  117  118  120  120  116  110  104  103
  109  125  151  182  215  244  266  282  293  303  317  334  352  367  375  372
  361  348  337  334  341  354  370  384  392
    50.0-180.0 180.0   5.0 450.0                            LAT/LON1/LON2/DLON/H
  442  440  434  425  412  396  378  358  339  323  310  301  296  295  296  301
  306  309  307  299  286  269  251  234  220  211  206  205  202  196  184  169
  155  145  140  139  139  138  135  132  130  131  133  134  133  128  122  118
  120  132  154  184  218  250  277  297  312  326  341  359  378  394  403  403
  396  388  384  387  399  414  429  438  442
    47.5-180.0 180.0   5.0 450.0                            LAT/LON1/LON2/DLON/H
  507  501  495  489  480  466  444  417  388  360  336  319  308  304  304  307
  311  311  305  294  280  265  251  240  231  226  225  224  221  211  195  176
  159  150  148  151  155  155  151  147  143  143  146  149  149  146  140  135
  134  142  160  188  222  257  288  313  332  348  364  382  401  418  429  434
  435  435  441  454  473  491  504  508  507
    45.0-180.0 180.0   5.0 450.0                            LAT/LON1/LON2/DLON/H
  573  564  559  555  550  538  515  481  442  402  369  343  327  319  316  316
  317  313  303  290  276  265  256  250  245  242  240  238  232  218  198  175
  157  148  150  157  164  166  164  159  155  156  159  164  166  164  158  152
  149  154  169  195  229  266  300  329  350  367  382  399  417  434  449  460
  469  481  498  522  548  569  580  580  573
    42.5-180.0 180.0   5.0 450.0                            LAT/LON1/LON2/DLON/H
  628  618  613  612  611  601  577  539  493  445  404  373  353  340  334  331
  327  320  307  293  280  273  268  265  259  252  246  241  232  216  193  169
  152  145  150  160  169  173  172  169  167  168  173  178  180  179  174  168
  164  167  179  204  238  276  313  342  364  380  394  409  426  444  463  480
  498  519  545  578  610  633  643  639  628
    40.0-180.0 180.0   5.0 450.0                            LAT/LON1/LON2/DLON/H
  666  655  651  653  653  645  622  583  534  483  439  406  383  368  358  351
  345  335  321  306  295  289  286  280  268  254  242  233  224  209  190  170
  156  153  159  169  177  181  181  179  180  183  188  192  193  191  186  180
  176  178  190  213  247  286  322  352  373  388  400  413  429  449  472  496
  520  548  580  617  652  677  685  679  666
    37.5-180.0 180.0   5.0 450.0                            LAT/LON1/LON2/DLON/H
  688  678  674  675  675  668  647  611  563  514  472  440  418  401  388  378
  369  358  344  329  317  311  305  292  272  249  231  221  217  211  201  190
  183  184  190  196  198  198  195  194  196  200  204  206  204  199  192  186
  183  186  197  221  254  292  328  356  375  389  400  413  431  455  483  513
  543  573  607  644  678  701  709  701  688
    35.0-180.0 180.0   5.0 450.0                            LAT/LON1/LON2/DLON/H
  707  696  690  687  682  673  655  624  584  540  503  475  454  437  422  409
  398  387  371  354  340  331  320  300  271  241  222  218  225  234  239  242
  245  250  251  248  239  228  220  217  218  221  222  219  212  203  194  187
  184  187  200  223  256  293  327  353  372  385  398  414  435  464  500  537
  571  602  634  667  698  719  725  718  707
    32.5-180.0 180.0   5.0 450.0                            LAT/LON1/LON2/DLON/H
  736  726  715  702  688  675  658  635  603  567  536  513  494  475  457  441
  428  414  396  375  357  343  328  303  271  242  229  239  263  291  314  331
  344  350  343  325  298  272  254  246  243  242  239  230  217  202  190  182
  179  183  195  218  251  287  320  346  365  382  399  419  447  483  527  572
  611  643  671  700  727  745  751  746  736
    30.0-180.0 180.0   5.0 450.0                            LAT/LON1/LON2/DLON/H
  790  779  761  736  709  687  672  656  633  604  576  555  537  516  493  472
  454  435  412  385  362  345  330  308  282  263  267  295  338  383  421  450
  469  472  454  416  369  325  294  277  268  261  251  236  217  198  182  172
  168  172  184  208  240  277  309  336  359  381  405  433  468  512  565  618
  663  697  724  750  775  792  799  796  790
    27.5-180.0 180.0   5.0 450.0                            LAT/LON1/LON2/DLON/H
  872  861  836  797  755  725  710  701  683  657  629  606  585  561  532  503
  477  450  417  383  356  341  333  324  314  316  340  388  447  502  547  579
  597  592  560  503  436  375  332  305  288  274  257  236  213  190  172  160
  155  157  169  192  225  262  297  328  357  387  421  456  498  549  610  672
  724  762  790  817  843  862  872  874  872
    25.0-180.0 180.0   5.0 450.0                            LAT/LON1/LON2/DLON/H
  974  966  937  885  830  793  779  774  760  731  698  668  642  611  574  536
  499  460  416  374  347  340  348  361  376  401  446  508  572  625  663  688
  697  682  636  563  480  408  356  321  297  276  254  230  205  181  161  148
  141  141  151  174  208  248  287  323  361  402  445  488  535  590  657  726
  784  826  859  891  922  946  961  970  974
    22.5-180.0 180.0   5.0 450.0                            LAT/LON1/LON2/DLON/H
 1077 1076 1047  990  928  887  875  874  859  824  780  741  706  669  624  575
  525  473  419  372  349  357  387  426  466  512  570  633  687  722  740  748
  743  716  659  577  489  414  360  322  294  268  242  218  194  171  152  137
  128  126  135  157  193  236  281  325  372  423  476  525  574  631  699  771
  832  879  917  956  995 1027 1048 1064 1077
    20.0-180.0 180.0   5.0 450.0                            LAT/LON1/LON2/DLON/H
 1157 1167 1146 1092 1030  992  985  987  970  926  869  819  777  734  683  625
  563  500  438  392  378  405  459  520  577  631  685  732  760  765  755  740
  719  683  621  539  456  389  341  307  278  251  226  204  184  164  146  130
  119  115  122  144  182  229  279  331  388  449  508  561  610  664  730  800
  861  909  950  995 1042 1082 1110 1134 1157
    17.5-180.0 180.0   5.0 450.0                            LAT/LON1/LON2/DLON/H
 1194 1219 1213 1171 1119 1089 1090 1097 1077 1023  955  896  850  805  751  687
  618  548  484  443  445  491  563  635  692  734  764  779  770  738  698  662
  629  588  529  457  389  339  305  280  256  231  209  191  176  160  143  127
  114  107  113  135  175  226  282  341  405  473  538  592  639  689  749  812
  868  911  952 1000 1052 1096 1130 1160 1194
    15.0-180.0 180.0   5.0 450.0                            LAT/LON1/LON2/DLON/H
 1180 1221 1234 1212 1177 1161 1173 1185 1164 1103 1028  965  919  876  824  759
  688  618  559  531  549  610  689  753  787  795  784  755  706  643  581  533
  496  457  408  353  306  277  262  249  233  213  196  183  172  159  144  126
  111  103  108  131  173  228  288  352  420  492  559  614  658  703  756  810
  856  890  925  970 1022 1067 1102 1136 1180
    12.5-180.0 180.0   5.0 450.0                            LAT/LON1/LON2/DLON/H
 1123 1178 1211 1211 1196 1198 1221 1238 1217 1154 1077 1016  975  940  894  835
  769  704  657  645  679  747  815  850  841  798  735  661  579  499  434  389
  358  328  291  255  230  222  223  223  214  201  189  180  172  161  145  127
  110  101  106  130  174  232  295  361  430  502  570  624  667  709  755  801
  835  857  881  919  965 1006 1037 1073 1123
    10.0-180.0 180.0   5.0 450.0                            LAT/LON1/LON2/DLON/H
 1045 1108 1156 1176 1182 1200 1233 1254 1234 1173 1100 1045 1013  988  953  904
  847  793  760  765  809  872  914  904  838  736  623  515  420  345  296  270
  256  238  213  191  182  188  200  207  205  197  188  182  175  164  147  126
  108   99  105  131  177  236  300  366  433  503  569  624  668  709  752  791
  816  828  841  867  903  935  961  993 1045
     7.5-180.0 180.0   5.0 450.0                            LAT/LON1/LON2/DLON/H
  975 1038 1094 1128 1150 1180 1219 1241 1223 1166 1100 1055 1032 1018  993  955
  908  867  847  863  910  957  962  899  775  622  475  354  269  221  207  213
  219  212  194  178  174  183  195  204  204  199  192  185  177  164  146  124
  105   96  104  132  179  239  302  366  430  496  559  615  662  707  751  789
  810  816  820  836  861  884  901  927  975
     5.0-180.0 180.0   5.0 450.0                            LAT/LON1/LON2/DLON/H
  941  996 1049 1088 1118 1154 1194 1214 1196 1144 1087 1049 1034 1026 1010  980
  942  908  896  915  954  977  942  831  663  481  326  219  167  164  196  235
  259  257  237  216  206  205  208  210  207  202  194  185  174  160  141  119
  100   92  101  132  180  239  301  361  421  482  543  600  653  703  753  795
  821  829  831  840  857  872  883  902  941
     2.5-180.0 180.0   5.0 450.0                            LAT/LON1/LON2/DLON/H
  958  999 1040 1074 1106 1142 1177 1191 1170 1122 1071 1038 1024 1018 1004  978
  941  907  891  904  927  924  855  713  528  348  215  147  144  192  266  331
  363  355  324  289  263  244  229  218  210  201  191  179  166  152  134  112
   93   86   98  130  178  235  295  352  408  465  524  583  641  698  755  807
  845  864  873  882  896  908  917  930  958
