ionex_files/COD0OPSFIN_20250900000_01D_01H_GIM.INX
     1.0            IONOSPHERE MAPS     GNSS                IONEX VERSION / TYPE
ADDNEQ2 V5.5        AIUB                04-APR-25 19:04     PGM / RUN BY / DATE 
CODE'S GLOBAL IONOSPHERE MAPS FOR DAY 090, 2025             COMMENT             
Global ionosphere maps (GIM) are generated on a daily basis DESCRIPTION         
at CODE using data from about 300 GNSS sites of the IGS and DESCRIPTION         
other institutions. The vertical total electron content     DESCRIPTION         
(VTEC) is modeled in a solar-geomagnetic reference frame    DESCRIPTION         
using a spherical harmonics expansion up to degree and      DESCRIPTION         
order 15. Piece-wise linear functions are used for          DESCRIPTION         
representation in the time domain. The time spacing of      DESCRIPTION         
their vertices is 1 hour, conforming with the epochs of the DESCRIPTION         
VTEC maps.                                                  DESCRIPTION         
To convert line-of-sight TEC into vertical TEC, a modified  DESCRIPTION         
single-layer model mapping function approximating the JPL   DESCRIPTION         
extended slab model mapping function is adopted. The        DESCRIPTION         
mapping function is evaluated at geodetic satellite         DESCRIPTION         
elevation angles. For the computation of the ionospheric    DESCRIPTION         
pierce points, a spherical layer with a radius of 6821 km   DESCRIPTION         
is assumed, implying geocentric, not geodetic IONEX         DESCRIPTION         
latitudes.                                                  DESCRIPTION         
Instrumental biases with respect to each involved GNSS code DESCRIPTION         
observable are estimated as constant values for each        DESCRIPTION         
day. They are modeled with one set of bias parameters for   DESCRIPTION         
each satellite and each station in case of GPS and for each DESCRIPTION         
satellite-station link in case of GLONASS. The code bias    DESCRIPTION         
datum is defined by zero-mean conditions imposed on the     DESCRIPTION         
satellite bias estimates. In this file, just GPS C1W-C2W    DESCRIPTION         
satellite and station bias values are included. The         DESCRIPTION         
complete set of GNSS code bias results is provided in an    DESCRIPTION         
additional Bias-SINEX file as pseudo-absolute values        DESCRIPTION         
specific to each observable.                                DESCRIPTION         
Note: These GIM results correspond to the results for the   DESCRIPTION         
middle day of a 3-day combination analysis solving for 73   DESCRIPTION         
times 256, or 18688 VTEC parameters and 3 daily sets of     DESCRIPTION         
GNSS code bias parameters.                                  DESCRIPTION         
Contact address: code(at)aiub.unibe.ch                      DESCRIPTION         
Data archive:    ftp.aiub.unibe.ch/CODE/                    DESCRIPTION         
                 www.aiub.unibe.ch/download/CODE/           DESCRIPTION         
  2025     3    31     0     0     0                        EPOCH OF FIRST MAP  
  2025     4     1     0     0     0                        EPOCH OF LAST MAP   
  3600                                                      INTERVAL            
[...]
abpo adis albh algo alic amu2 antc areg areq ascg aspa auck COMMENT             
azgb badg bake barh bjfs bndy boav bogo bogt bor1 braz brft COMMENT             
brst brux cas1 ccj2 cedu chpg chti chur ckis coco cord cpvg COMMENT             
cpxf cro1 daej darw dav1 dgar dhlg drao dubo ebre faa1 fair COMMENT             
flin flrs func glps glsv gode gol2 gold gope gras graz guam COMMENT             
guug harb hers hert hlfx hnpt hob2 hofn holb hrao iddr ieng COMMENT             
iisc impz ineg invk iqal irkj jog2 joz2 karr kerg kir0 kiri COMMENT             
kiru kit3 kokb kokv koug kour krgg lama laut lmmf lpal lpgs COMMENT             
mac1 madr mal2 mana mas1 mat1 mate maui maw1 mcil mcm4 mdo1 COMMENT             
medi mgue mizu mkea mnls mobs morp mqzg mro1 mtka nano naur COMMENT             
nico nist nium nklg nlib nnor not1 nrc1 ntus nya1 nyal onsa COMMENT             
opmt ous2 pado parc park pdel penc pert pie1 pimo pohn pol2 COMMENT             
polv pots pove ptag ptbb ptvl qaq1 quin rabt ramo reun reyk COMMENT             
rgdg rio2 roth salu samo sant savo sch2 scor scrz scub seyg COMMENT             
sfer spt0 ssia sthl stjo stk2 str2 suth sutm suwn sydn syog COMMENT             
tash thtg thti thu2 tid1 tidb tlse tn22 tong tow2 tro1 tskb COMMENT             
twtf txes uclu ufpr ulab unsa urum usn7 usud vald vill vtsp COMMENT             
wab1 wab2 whit will wind wsrt wtza wtzr wtzs wtzz wuhn xmis COMMENT             
yar2 yar3 yarr yell ykro zeck zim2 zim3 zimm                COMMENT             
                                                            END OF HEADER       
[from data line 6006]
    15                                                      START OF TEC MAP    
  2025     3    31    14     0     0                        EPOCH OF CURRENT MAP
    87.5-180.0 180.0   5.0 450.0                            LAT/LON1/LON2/DLON/H
  166  167  169  170  172  174  176  178  180  182  184  186  189  191  193  194
  196  198  199  201  202  203  204  204  205  205  206  206  206  206  205  205
  204  203  202  201  200  199  197  196  194  193  191  189  188  186  184  183
  181  180  178  177  176  174  173  172  171  170  168  167  167  166  165  164
  164  163  163  163  163  164  164  165  166
    85.0-180.0 180.0   5.0 450.0                            LAT/LON1/LON2/DLON/H
  145  147  149  152  155  159  163  168  172  177  181  186  190  194  197  200
  203  206  208  210  212  214  215  216  218  219  220  221  221  222  222  221
  221  220  218  217  215  212  210  207  204  201  198  196  193  191  188  186
  185  183  181  180  179  177  176  174  173  171  169  166  164  161  158  156
  153  150  148  146  145  144  144  144  145
    82.5-180.0 180.0   5.0 450.0                            LAT/LON1/LON2/DLON/H
  125  126  128  131  136  141  147  154  161  167  174  180  185  190  194  198
  201  203  205  207  209  211  213  215  217  220  223  225  228  231  233  234
  235  235  235  233  231  228  225  221  217  213  210  206  203  201  199  198
  198  198  198  199  199  200  200  199  198  196  193  189  185  179  173  166
  160  153  146  140  135  131  127  125  125
    80.0-180.0 180.0   5.0 450.0                            LAT/LON1/LON2/DLON/H
  109  108  109  112  116  122  130  138  146  154  162  169  175  180  184  187
  189  190  191  192  193  195  198  201  206  211  216  223  229  235  241  245
  249  252  253  253  251  248  244  240  235  231  226  223  220  219  219  220
  222  226  230  234  238  242  245  246  247  245  242  236  229  220  210  198
  186  173  160  148  137  127  119  113  109
    77.5-180.0 180.0   5.0 450.0                            LAT/LON1/LON2/DLON/H
  102   97   95   96  100  106  113  121  130  139  147  155  161  165  168  170
  171  171  171  171  173  175  178  184  190  198  208  218  228  239  249  257
  265  270  274  275  274  271  268  263  258  253  249  246  244  245  247  251
  257  264  272  281  289  297  303  307  309  308  304  298  288  276  261  244
  226  207  187  168  151  135  121  110  102
    75.0-180.0 180.0   5.0 450.0                            LAT/LON1/LON2/DLON/H
  105   96   91   89   91   95  100  108  116  124  132  139  145  149  152  153
  153  153  153  154  155  159  164  172  181  192  204  218  232  246  260  272
  282  290  295  298  298  296  292  287  282  278  275  273  273  276  280  287
  296  307  318  330  341  352  360  366  369  369  364  356  345  329  311  290
  268  244  219  195  172  151  133  117  105
    72.5-180.0 180.0   5.0 450.0                            LAT/LON1/LON2/DLON/H
  115  104   96   91   90   91   94   99  106  112  119  126  131  136  138  140
  141  142  144  146  150  156  164  173  185  198  212  227  243  259  274  288
  300  309  315  319  319  318  314  310  307  304  302  302  304  309  315  324
  334  346  358  371  383  393  402  408  410  409  403  394  380  364  344  321
  296  271  244  218  193  170  148  130  115
    70.0-180.0 180.0   5.0 450.0                            LAT/LON1/LON2/DLON/H
  128  116  107  101   97   95   95   96  100  104  110  116  121  126  130  134
  138  142  147  153  160  169  180  192  204  218  232  246  261  277  291  305
  317  326  332  335  336  334  332  330  328  327  328  330  334  340  347  355
  364  375  385  395  404  411  417  420  419  415  408  397  382  364  344  323
  299  275  251  227  203  181  160  143  128
    67.5-180.0 180.0   5.0 450.0                            LAT/LON1/LON2/DLON/H
  136  126  119  113  107  103  100   98   98  100  104  109  115  122  129  136
  143  151  161  172  184  197  210  224  236  249  260  272  285  297  310  322
  332  340  345  347  347  346  345  344  345  347  350  355  360  366  371  377
  383  388  393  398  401  402  402  399  394  387  376  362  346  329  310  290
  271  252  233  214  195  178  162  148  136
    65.0-180.0 180.0   5.0 450.0                            LAT/LON1/LON2/DLON/H
  134  130  126  122  118  113  107  102  100   99  102  107  114  122  131  142
  154  167  183  199  216  233  248  262  274  284  293  301  309  319  329  338
  347  354  357  358  357  355  354  355  358  363  369  375  381  384  387  388
  388  387  385  382  377  371  363  354  344  331  317  300  283  264  247  231
  216  203  191  180  169  158  149  141  134
    62.5-180.0 180.0   5.0 450.0                            LAT/LON1/LON2/DLON/H
  122  123  125  126  124  119  113  107  102  100  102  107  114  124  136  150
  166  185  205  227  248  267  285  299  310  317  323  328  333  340  348  358
  366  371  373  372  368  365  364  365  370  377  385  392  395  396  394  390
  384  376  367  356  343  329  314  299  284  267  249  229  209  190  173  159
  148  141  136  132  129  125  123  121  122
    60.0-180.0 180.0   5.0 450.0                            LAT/LON1/LON2/DLON/H
  101  109  116  122  123  121  115  109  104  102  103  108  116  127  140  157
  177  200  225  250  273  295  313  327  338  344  348  351  356  363  372  382
  391  396  397  393  387  381  378  379  384  392  400  405  406  403  396  387
  375  362  347  330  311  291  271  252  233  213  193  171  148  127  108   94
   86   83   83   85   87   89   91   95  101
    57.5-180.0 180.0   5.0 450.0                            LAT/LON1/LON2/DLON/H
   79   90  102  112  117  117  113  108  104  103  106  111  119  129  143  162
  184  211  239  266  291  313  331  346  357  364  369  373  380  389  401  413
  424  431  431  425  416  407  401  399  403  409  415  418  415  407  396  382
  367  351  334  314  291  268  246  224  205  185  164  141  117   93   72   56
   47   45   47   52   56   60   65   70   79
    55.0-180.0 180.0   5.0 450.0                            LAT/LON1/LON2/DLON/H
   64   75   88  100  108  110  108  105  104  105  109  114  121  131  144  164
  189  218  248  276  301  323  342  358  371  381  389  397  407  420  436  452
  466  473  473  466  454  441  431  426  426  429  432  431  424  413  398  382
  366  350  333  313  290  266  243  222  204  186  168  146  121   95   71   52
   41   37   39   43   47   50   53   57   64
    52.5-180.0 180.0   5.0 450.0                            LAT/LON1/LON2/DLON/H
   63   71   81   92  100  103  103  103  104  108  114  120  126  133  145  165
  192  224  256  285  309  330  349  367  384  399  412  424  438  455  474  494
  510  519  519  512  498  482  468  458  454  452  451  446  436  421  404  388
  373  360  345  326  304  280  258  239  223  210  196  177  154  128  102   80
   66   59   58   60   62   62   61   60   63
    50.0-180.0 180.0   5.0 450.0                            LAT/LON1/LON2/DLON/H
   78   79   84   91   97   99  100  102  107  115  122  128  132  137  148  168
  198  232  266  296  319  340  360  381  403  423  441  456  473  492  513  533
  550  560  562  555  542  525  508  493  483  477  471  463  450  433  416  401
  388  377  364  347  325  302  280  262  249  240  231  217  199  175  150  126
  109   99   95   95   95   92   87   82   78
    47.5-180.0 180.0   5.0 450.0                            LAT/LON1/LON2/DLON/H
  106  100   98   99  101  101  102  106  114  124  134  140  142  145  155  176
  208  246  282  312  335  355  377  402  429  453  474  491  507  525  545  564
  580  591  595  592  582  566  548  529  514  502  492  481  467  450  433  419
  408  398  385  368  345  320  296  278  266  259  254  246  234  216  194  172
  153  141  135  134  134  132  125  116  106
    45.0-180.0 180.0   5.0 450.0                            LAT/LON1/LON2/DLON/H
  140  128  120  115  112  110  110  115  125  137  149  155  156  158  167  189
  224  264  303  333  356  376  400  428  459  486  507  522  536  551  567  584
  598  609  617  621  618  606  588  565  544  527  513  501  487  471  455  441
  429  417  401  381  355  327  300  278  263  256  253  250  244  234  218  200
  182  169  163  163  166  167  163  153  140
    42.5-180.0 180.0   5.0 450.0                            LAT/LON1/LON2/DLON/H
  170  156  143  134  128  124  123  128  138  152  165  172  173  175  185  208
  245  287  327  358  380  401  426  456  489  515  534  545  555  567  580  594
  607  620  634  646  653  648  630  604  576  553  535  522  509  495  479  464
  448  431  410  385  356  324  293  265  245  232  227  227  227  224  216  204
  189  177  171  173  180  187  189  182  170
    40.0-180.0 180.0   5.0 450.0                            LAT/LON1/LON2/DLON/H
  190  177  163  153  145  139  138  143  153  167  180  189  192  196  208  232
  269  312  352  382  404  424  450  481  512  536  550  557  565  575  588  602
  616  632  654  678  695  696  679  648  613  582  561  546  534  521  506  488
  467  443  416  386  354  320  285  252  223  202  191  189  193  196  196  189
  178  166  161  164  175  188  198  198  190
    37.5-180.0 180.0   5.0 450.0                            LAT/LON1/LON2/DLON/H
  196  187  176  167  159  155  153  157  166  179  192  203  211  219  234  260
  296  337  374  403  424  443  467  496  524  544  553  559  567  582  601  619
  637  659  690  724  750  756  738  700  656  618  591  573  561  549  534  513
  486  456  424  392  361  329  294  257  219  188  168  161  164  171  176  174
  164  153  145  147  158  176  191  199  196
    35.0-180.0 180.0   5.0 450.0                            LAT/LON1/LON2/DLON/H
  193  189  181  175  171  168  167  169  175  186  199  213  226  241  261  288
  322  359  393  419  438  456  477  502  525  540  547  555  571  596  626  654
  679  709  747  790  823  830  808  762  709  661  627  606  593  580  564  541
  512  478  445  416  391  366  335  297  252  211  181  166  166  173  179  179
  170  155  143  139  146  161  178  190  193
    32.5-180.0 180.0   5.0 450.0                            LAT/LON1/LON2/DLON/H
  186  186  182  180  178  178  177  177  180  187  200  217  238  261  287  315
  346  378  408  432  449  464  481  499  517  528  537  552  582  625  671  712
  747  784  828  875  909  914  884  830  767  712  671  645  628  614  598  576
  546  513  484  463  449  436  415  379  332  284  245  223  216  220  224  222
  211  193  172  157  153  159  171  181  186
    30.0-180.0 180.0   5.0 450.0                            LAT/LON1/LON2/DLON/H
  185  185  184  184  185  185  184  182  181  184  196  216  244  276  309  339
  367  395  421  443  458  470  481  493  506  517  531  559  607  671  736  791
  834  876  922  969  998  996  959  897  828  767  720  688  667  651  636  616
  591  564  543  533  533  535  526  497  453  402  360  332  320  317  316  311
  296  272  243  214  192  181  180  183  185
    27.5-180.0 180.0   5.0 450.0                            LAT/LON1/LON2/DLON/H
  196  193  192  192  193  193  190  185  180  179  188  210  244  285  325  358
  385  410  434  455  469  477  482  489  499  513  537  581  649  732  813  879
  927  970 1014 1054 1075 1063 1019  953  883  821  771  734  708  690  677  662
  645  627  615  616  629  645  648  629  591  545  504  476  461  452  446  435
  417  388  349  305  263  230  210  200  196
    25.0-180.0 180.0   5.0 450.0                            LAT/LON1/LON2/DLON/H
  220  212  207  204  203  202  197  189  180  176  182  203  241  288  334  371
  399  424  448  470  484  489  489  491  501  522  558  618  702  800  890  960
 1008 1047 1084 1113 1123 1102 1053  990  926  868  820  780  750  730  718  710
  701  692  688  696  717  740  752  743  715  679  648  626  611  599  587  571
  550  519  474  418  356  301  260  234  220
    22.5-180.0 180.0   5.0 450.0                            LAT/LON1/LON2/DLON/H
  253  239  229  222  217  213  206  196  185  176  179  198  236  286  336  378
  409  436  463  488  502  504  500  502  515  545  594  666  761  863  953 1018
 1060 1091 1117 1134 1131 1102 1056 1002  952  905  862  822  790  768  758  755
  753  749  748  755  774  797  812  810  794  773  756  745  736  725  709  690
  668  637  591  527  452  378  318  277  253
    20.0-180.0 180.0   5.0 450.0                            LAT/LON1/LON2/DLON/H
  288  269  254  243  233  225  216  205  193  183  182  196  231  280  333  379
  415  447  479  506  521  521  516  519  539  579  639  719  814  911  991 1044
 1074 1094 1108 1112 1098 1067 1027  991  960  930  896  859  825  802  792  792
  792  788  781  779  786  799  810  812  807  803  804  809  809  800  783  763
  742  714  672  609  528  444  372  320  288
    17.5-180.0 180.0   5.0 450.0                            LAT/LON1/LON2/DLON/H
  317  294  276  260  247  236  226  216  205  195  191  199  227  273  326  376
  418  456  492  522  537  537  533  540  569  620  687  769  856  938 1000 1036
 1053 1061 1064 1057 1035 1006  979  963  954  943  921  889  855  831  819  817
  815  804  784  763  750  746  748  751  755  766  785  805  817  813  797  776
  757  735  700  644  567  483  407  352  317
    15.0-180.0 180.0   5.0 450.0                            LAT/LON1/LON2/DLON/H
  332  309  289  272  256  244  234  226  218  210  204  207  227  266  318  370
  418  462  502  534  550  550  548  562  601  661  733  809  883  945  986 1006
 1010 1009 1003  987  963  938  926  931  944  949  937  911  879  853  839  831
  821  797  759  715  678  655  646  647  659  682  714  746  767  768  753  732
  714  697  672  628  564  489  419  366  332
    12.5-180.0 180.0   5.0 450.0                            LAT/LON1/LON2/DLON/H
  332  311  292  274  257  245  236  232  228  224  218  216  228  261  310  365
  417  466  509  542  557  558  561  583  631  698  771  838  896  938  962  968
  966  960  949  928  902  885  888  910  938  953  948  925  896  869  850  836
  815  777  720  654  595  556  538  538  554  583  622  660  684  687  673  651
  631  617  601  572  525  466  409  363  332
    10.0-180.0 180.0   5.0 450.0                            LAT/LON1/LON2/DLON/H
  322  302  284  266  251  238  231  230  232  233  229  224  231  258  304  361
  418  469  514  546  561  564  573  603  659  730  800  858  900  927  940  943
  940  935  922  899  874  863  877  910  943  960  955  933  905  879  856  834
  803  753  682  601  530  482  461  462  479  509  546  581  602  604  587  562
  539  524  513  497  469  428  385  349  322
     7.5-180.0 180.0   5.0 450.0                            LAT/LON1/LON2/DLON/H
  308  288  270  253  238  226  220  221  227  233  232  228  232  256  301  360
  419  473  517  548  564  571  585  623  685  757  822  871  902  922  934  941
  946  945  933  910  886  880  899  933  962  970  958  935  908  882  857  831
  794  738  661  577  504  459  443  448  465  489  517  541  553  547  526  495
  465  445  435  429  416  392  362  332  308
     5.0-180.0 180.0   5.0 450.0                            LAT/LON1/LON2/DLON/H
  298  276  256  238  222  210  203  205  213  223  227  226  230  254  301  361
  423  477  520  551  569  580  601  645  710  780  840  881  907  927  946  966
  983  990  980  957  935  931  950  976  990  982  958  929  903  879  855  828
  792  738  667  591  530  497  492  503  519  534  547  555  552  537  508  471
  433  405  391  388  384  372  350  324  298
     2.5-180.0 180.0   5.0 450.0                            LAT/LON1/LON2/DLON/H
  298  270  246  226  208  194  185  185  194  206  213  217  225  252  302  364
  427  481  524  556  577  594  621  668  733  800  854  890  915  941  973 1008
 1039 1054 1047 1025 1003 1000 1013 1026 1020  990  950  915  889  868  849  827
  797  754  698  640  600  586  595  613  627  632  629  619  600  573  537  494
  448  411  389  383  382  375  356  328  298
