ionex_files/COD0OPSFIN_20250760000_01D_01H_GIM.INX
     1.0            IONOSPHERE MAPS     GNSS                IONEX VERSION / TYPE
ADDNEQ2 V5.5        AIUB                21-MAR-25 19:06     PGM / RUN BY / DATE 
CODE'S GLOBAL IONOSPHERE MAPS FOR DAY 076, 2025             COMMENT             
Global ionosphere maps (GIM) are generated on a daily basis DESCRIPTION         
at CODE using data from about 300 GNSS sites of the IGS and DESCRIPTION         
other institutions. The vertical total electron content     DESCRIPTION         
(VTEC) is modeled in a solar-geomagnetic reference frame    DESCRIPTION         
using a spherical harmonics expansion up to degree and      DESCRIPTION         
order 15. Piece-wise linear functions are used for          DESCRIPTION         
representation in the time domain. The time spacing of      DESCRIPTION         
their vertices is 1 hour, conforming with the epochs of the DESCRIPTION         
VTEC maps.                                                  DESCRIPTION         
To convert line-of-sight TEC into vertical TEC, a modified  DESCRIPTION         
single-layer model mapping function approximating the JPL   DESCRIPTION         
extended slab model mapping function is adopted. The        DESCRIPTION         
mapping function is evaluated at geodetic satellite         DESCRIPTION         
elevation angles. For the computation of the ionospheric    DESCRIPTION         
pierce points, a spherical layer with a radius of 6821 km   DESCRIPTION         
is assumed, implying geocentric, not geodetic IONEX         DESCRIPTION         
latitudes.                                                  DESCRIPTION         
Instrumental biases with respect to each involved GNSS code DESCRIPTION         
observable are estimated as constant values for each        DESCRIPTION         
day. They are modeled with one set of bias parameters for   DESCRIPTION         
each satellite and each station in case of GPS and for each DESCRIPTION         
satellite-station link in case of GLONASS. The code bias    DESCRIPTION         
datum is defined by zero-mean conditions imposed on the     DESCRIPTION         
satellite bias estimates. In this file, just GPS C1W-C2W    DESCRIPTION         
satellite and station bias values are included. The         DESCRIPTION         
complete set of GNSS code bias results is provided in an    DESCRIPTION         
additional Bias-SINEX file as pseudo-absolute values        DESCRIPTION         
specific to each observable.                                DESCRIPTION         
Note: These GIM results correspond to the results for the   DESCRIPTION         
middle day of a 3-day combination analysis solving for 73   DESCRIPTION         
times 256, or 18688 VTEC parameters and 3 daily sets of     DESCRIPTION         
GNSS code bias parameters.                                  DESCRIPTION         
Contact address: code(at)aiub.unibe.ch                      DESCRIPTION         
Data archive:    ftp.aiub.unibe.ch/CODE/                    DESCRIPTION         
                 www.aiub.unibe.ch/download/CODE/           DESCRIPTION         
  2025     3    17     0     0     0                        EPOCH OF FIRST MAP  
  2025     3    18     0     0     0                        EPOCH OF LAST MAP   
  3600                                                      INTERVAL            
[...]
azgb badg bake barh bjfs bndy boav bogo bogt bor1 braz brft COMMENT             
brst brux cags cas1 ccj2 cedu chpg chti chur ckis coco cord COMMENT             
cpvg cpxf cro1 daej darw dav1 dgar dhlg drao dubo ebre faa1 COMMENT             
fair flin flrs frdn func ganp glps glsv gode gol2 gold gope COMMENT             
gras graz guam guug harb hers hert hlfx hnpt hob2 hofn holb COMMENT             
hrao iddr ieng iisc impz ineg invk iqal irkj jog2 joz2 karr COMMENT             
kerg kir0 kiri kiru kit3 kokb kokv koug kour krgg lama laut COMMENT             
lmmf lpal lpgs mac1 madr mal2 mana mas1 mat1 mate maui maw1 COMMENT             
mcil mcm4 mdo1 medi mgue mizu mkea mnls mobs monp morp mqzg COMMENT             
mro1 mtka nano naur nico nist nium nklg nlib nnor nrc1 ntus COMMENT             
nya1 nyal onsa opmt ous2 pado parc park pdel penc pert pie1 COMMENT             
pimo pohn pol2 polv pots pove ptag ptbb ptvl qaq1 quin rabt COMMENT             
ramo reun reyk rgdg rio2 roth salu samo sant savo sch2 scor COMMENT             
scrz sctb scub seyg sfer sofi spt0 ssia sthl stjo stk2 str2 COMMENT             
suth sutm suwn sydn syog tash thtg thti thu2 tid1 tidb tlse COMMENT             
tn22 tong tow2 tro1 tskb twtf txes uclu ufpr ulab unb3 unbj COMMENT             
unsa urum usn7 usud vald vill vtsp wab1 wab2 whit will wind COMMENT             
wsrt wtza wtzr wtzs wtzz wuhn xmis yar2 yarr yell ykro zeck COMMENT             
zim2 zim3 zimm                                              COMMENT             
                                                            END OF HEADER       
[from data line 7722]
    19                                                      START OF TEC MAP    
  2025     3    17    18     0     0                        EPOCH OF CURRENT MAP
    87.5-180.0 180.0   5.0 450.0                            LAT/LON1/LON2/DLON/H
  306  307  309  311  313  314  316  318  319  321  322  323  324  325  326  327
  327  327  328  328  327  327  327  326  325  324  323  322  321  319  318  317
  315  314  312  311  309  308  306  305  303  302  301  300  299  298  297  296
  295  294  294  293  293  292  292  292  292  292  292  292  292  293  294  294
  295  296  297  298  300  301  302  304  306
    85.0-180.0 180.0   5.0 450.0                            LAT/LON1/LON2/DLON/H
  278  282  285  289  293  297  300  304  307  310  313  315  318  320  321  322
  323  324  324  324  324  323  322  321  319  317  315  313  311  308  306  303
  300  297  294  292  289  286  284  282  279  277  275  274  272  271  269  268
  267  266  265  264  264  263  262  261  261  260  259  259  259  259  259  259
  260  261  263  265  267  269  272  275  278
    82.5-180.0 180.0   5.0 450.0                            LAT/LON1/LON2/DLON/H
  239  245  250  256  261  267  273  278  283  288  292  295  299  301  304  305
  307  308  309  309  308  308  307  305  303  301  298  295  292  288  284  281
  277  273  269  266  262  259  256  253  251  248  247  245  244  242  242  241
  240  240  239  238  237  235  234  232  230  228  226  224  222  221  219  219
  218  219  220  221  224  227  230  235  239
    80.0-180.0 180.0   5.0 450.0                            LAT/LON1/LON2/DLON/H
  198  205  212  220  227  234  241  248  254  260  265  269  273  277  279  282
  284  286  287  288  289  289  288  287  285  282  279  275  271  266  261  257
  252  248  244  240  236  233  230  227  224  223  221  220  220  220  220  220
  221  221  220  220  218  216  214  211  207  203  198  194  190  186  182  180
  178  177  177  178  180  183  187  192  198
    77.5-180.0 180.0   5.0 450.0                            LAT/LON1/LON2/DLON/H
  166  173  182  190  199  207  215  222  229  235  240  245  249  252  256  259
  262  265  269  271  274  275  276  275  273  270  265  260  254  249  243  237
  232  227  223  219  216  213  210  207  205  204  203  203  204  205  207  209
  211  212  213  212  211  208  204  199  193  187  180  173  166  160  154  150
  146  144  143  143  145  148  153  159  166
    75.0-180.0 180.0   5.0 450.0                            LAT/LON1/LON2/DLON/H
  149  157  166  175  184  192  200  207  213  219  224  228  231  235  239  243
  248  253  259  265  270  274  277  277  274  270  264  256  248  240  232  225
  219  215  211  207  204  202  199  197  195  194  194  195  196  199  202  206
  209  212  213  213  211  208  203  196  188  179  170  161  153  145  138  132
  128  125  123  124  125  129  134  141  149
    72.5-180.0 180.0   5.0 450.0                            LAT/LON1/LON2/DLON/H
  150  159  168  177  185  193  199  205  210  214  218  221  224  228  232  237
  244  253  262  272  281  288  293  294  291  285  276  265  253  242  232  223
  217  212  208  205  202  200  198  195  193  192  191  192  194  197  202  206
  210  214  216  216  213  209  202  194  185  175  164  155  146  139  132  127
  123  121  120  121  123  128  134  141  150
    70.0-180.0 180.0   5.0 450.0                            LAT/LON1/LON2/DLON/H
  165  175  184  192  199  205  209  213  217  220  222  225  227  231  235  242
  251  263  277  291  304  315  321  323  319  310  298  283  268  254  241  232
  224  219  216  213  211  208  204  201  197  194  192  192  193  196  200  204
  208  211  213  212  209  204  197  188  178  168  158  150  143  137  133  131
  129  128  129  131  134  140  147  155  165
    67.5-180.0 180.0   5.0 450.0                            LAT/LON1/LON2/DLON/H
  186  196  206  213  219  223  225  227  229  232  234  236  239  242  247  255
  266  281  298  316  333  347  355  357  352  341  326  309  291  275  261  251
  244  239  235  232  229  224  219  213  207  201  196  193  191  192  193  196
  198  199  200  198  195  189  182  173  164  155  148  142  138  136  136  137
  138  140  143  146  150  156  165  175  186
    65.0-180.0 180.0   5.0 450.0                            LAT/LON1/LON2/DLON/H
  200  213  223  231  236  238  240  241  244  247  250  253  256  260  266  274
  287  303  323  343  362  377  386  387  382  370  354  336  319  303  291  282
  276  271  267  262  256  249  241  231  221  211  203  195  190  186  183  181
  180  179  177  174  170  164  158  151  144  138  133  130  130  132  135  140
  145  149  153  156  161  167  176  187  200
    62.5-180.0 180.0   5.0 450.0                            LAT/LON1/LON2/DLON/H
  201  216  229  238  244  247  249  252  257  262  268  274  279  283  289  298
  310  327  346  366  385  398  406  407  401  390  376  362  349  339  331  326
  321  316  310  303  293  282  269  255  241  227  214  202  191  182  173  166
  160  154  149  145  140  136  131  126  122  119  116  116  119  124  130  138
  145  151  154  156  159  164  173  186  201
    60.0-180.0 180.0   5.0 450.0                            LAT/LON1/LON2/DLON/H
  183  202  219  232  241  248  254  261  270  281  291  300  307  313  319  327
  338  353  369  385  399  409  413  413  408  400  393  387  383  381  380  379
  377  371  362  351  336  320  303  285  268  250  233  216  200  184  170  157
  145  135  127  120  116  112  110  108  106  105  105  106  109  114  122  130
  138  143  145  144  144  146  153  166  183
    57.5-180.0 180.0   5.0 450.0                            LAT/LON1/LON2/DLON/H
  152  175  197  217  232  244  256  271  287  304  320  333  343  350  357  364
  373  383  393  402  409  412  411  408  405  403  405  410  418  427  435  439
  438  431  418  401  381  361  340  319  299  279  259  239  218  197  177  159
  142  128  117  109  105  103  103  103  104  104  103  103  104  108  113  120
  126  129  128  123  118  116  120  133  152
    55.0-180.0 180.0   5.0 450.0                            LAT/LON1/LON2/DLON/H
  116  143  172  199  222  243  264  287  312  337  360  377  389  398  405  411
  417  422  424  424  420  414  407  402  401  406  418  436  456  475  490  498
  496  486  469  447  423  398  375  353  332  312  290  268  245  221  197  175
  155  138  126  117  113  112  113  116  117  117  115  112  109  107  109  112
  115  115  111  102   91   84   84   95  116
    52.5-180.0 180.0   5.0 450.0                            LAT/LON1/LON2/DLON/H
   86  117  152  187  220  251  283  316  350  382  410  430  445  455  463  469
  472  472  466  455  440  425  411  404  405  416  437  465  494  521  539  547
  544  530  508  482  455  429  405  383  363  343  321  298  274  250  225  202
  181  164  151  142  138  138  140  143  145  144  139  132  123  115  111  110
  110  107  100   87   72   60   56   64   86
    50.0-180.0 180.0   5.0 450.0                            LAT/LON1/LON2/DLON/H
   71  104  145  188  231  272  314  357  399  437  468  491  507  518  527  534
  537  532  519  499  475  452  433  423  425  440  466  498  531  559  576  581
  574  557  532  504  476  450  427  406  386  366  345  323  300  276  254  232
  213  197  185  177  173  173  174  177  179  177  170  159  145  131  121  115
  113  109  101   87   69   52   44   50   71
    47.5-180.0 180.0   5.0 450.0                            LAT/LON1/LON2/DLON/H
   75  110  155  204  255  306  356  406  454  495  528  552  569  582  593  602
  605  599  582  556  527  498  476  464  465  480  505  535  565  587  598  598
  587  568  543  516  489  465  442  422  401  380  358  335  314  293  274  257
  242  229  219  212  207  206  207  209  210  208  200  187  170  152  137  129
  125  122  115  102   84   65   54   56   75
    45.0-180.0 180.0   5.0 450.0                            LAT/LON1/LON2/DLON/H
   97  130  177  231  287  344  401  456  506  549  582  606  623  639  653  665
  671  666  648  622  591  562  539  526  524  533  552  574  594  606  609  603
  590  572  551  528  504  480  457  434  409  384  359  336  315  297  282  269
  258  249  241  235  230  228  227  228  230  229  223  210  192  173  157  147
  143  142  139  130  114   95   82   80   97
    42.5-180.0 180.0   5.0 450.0                            LAT/LON1/LON2/DLON/H
  126  157  204  260  319  380  439  495  546  589  621  646  666  684  702  718
  727  725  711  688  662  636  615  600  593  595  603  613  620  621  617  608
  598  587  573  555  533  508  480  450  418  386  355  328  307  290  278  269
  262  255  250  244  239  235  233  234  236  237  233  224  209  191  176  167
  164  166  168  163  151  134  118  114  126
    40.0-180.0 180.0   5.0 450.0                            LAT/LON1/LON2/DLON/H
  155  183  227  282  342  403  462  517  567  609  642  669  692  714  736  755
  768  771  763  748  729  711  693  677  664  655  652  651  648  642  636  631
  630  630  625  611  589  558  521  480  437  394  356  324  299  282  271  263
  257  252  248  242  237  232  229  229  231  234  234  229  218  204  192  184
  184  188  194  194  186  170  154  146  155
    37.5-180.0 180.0   5.0 450.0                            LAT/LON1/LON2/DLON/H
  174  198  240  293  351  410  466  519  567  609  645  677  705  732  757  778
  794  801  800  794  786  776  762  744  725  708  696  689  683  679  679  687
  702  715  719  707  679  637  586  530  473  419  373  335  307  286  272  262
  256  251  247  241  235  228  224  223  225  229  232  230  223  213  203  198
  199  205  213  216  210  196  179  168  174
    35.0-180.0 180.0   5.0 450.0                            LAT/LON1/LON2/DLON/H
  179  201  240  290  346  401  453  503  549  592  634  673  709  741  768  791
  807  818  823  826  827  824  814  794  770  749  736  730  732  739  757  785
  818  846  856  841  801  743  673  600  530  467  414  372  339  314  294  280
  272  266  261  255  247  239  233  229  230  232  234  234  229  221  213  209
  210  216  223  226  221  206  188  176  179
    32.5-180.0 180.0   5.0 450.0                            LAT/LON1/LON2/DLON/H
  172  194  231  279  331  382  431  477  523  569  617  666  711  748  777  798
  813  825  835  844  851  853  844  824  798  778  771  779  797  827  868  920
  974 1014 1024  998  941  862  773  683  602  535  481  438  401  370  344  325
  313  307  302  295  286  275  264  257  254  252  250  247  240  232  224  219
  219  223  227  228  219  202  183  170  172
    30.0-180.0 180.0   5.0 450.0                            LAT/LON1/LON2/DLON/H
  161  184  221  267  315  362  408  452  498  547  603  661  715  757  787  806
  820  832  843  854  862  865  855  836  813  801  808  835  878  934 1002 1078
 1148 1192 1196 1154 1076  976  868  766  679  613  563  524  487  451  419  395
  382  377  373  366  353  338  322  309  299  292  284  274  262  250  239  232
  229  229  229  224  211  191  170  157  161
    27.5-180.0 180.0   5.0 450.0                            LAT/LON1/LON2/DLON/H
  153  179  218  263  308  352  395  438  483  536  597  663  725  772  802  819
  832  842  852  860  865  865  855  838  823  824  850  900  968 1048 1139 1231
 1309 1350 1340 1279 1180 1061  939  830  744  685  646  615  581  543  506  481
  470  468  467  459  443  421  398  378  362  348  333  315  296  277  261  250
  244  239  234  223  204  180  157  146  153
    25.0-180.0 180.0   5.0 450.0                            LAT/LON1/LON2/DLON/H
  155  185  227  271  314  355  397  439  484  537  601  672  739  790  822  840
  852  862  869  870  868  863  853  842  838  855  899  968 1054 1151 1254 1351
 1425 1454 1426 1346 1231 1100  971  860  780  734  710  691  664  626  589  565
  559  564  567  560  538  508  477  450  429  411  390  366  339  312  290  274
  264  255  245  227  203  175  152  143  155
    22.5-180.0 180.0   5.0 450.0                            LAT/LON1/LON2/DLON/H
  168  204  249  294  335  375  415  457  500  550  613  686  756  810  844  865
  881  892  895  889  877  866  858  856  866  897  954 1033 1125 1224 1324 1414
 1473 1483 1436 1342 1219 1086  958  851  779  746  739  734  714  680  646  628
  630  644  653  645  618  580  541  509  487  468  447  419  386  352  323  303
  288  276  261  240  211  181  158  151  168
    20.0-180.0 180.0   5.0 450.0                            LAT/LON1/LON2/DLON/H
  190  231  279  324  365  404  445  485  526  572  630  700  770  827  865  893
  916  931  932  918  897  882  878  887  909  951 1012 1087 1170 1255 1338 1408
 1445 1433 1371 1272 1152 1026  905  805  742  720  727  734  723  695  667  658
  670  693  706  697  665  620  575  542  523  509  492  466  431  392  358  332
  315  300  282  258  227  196  173  169  190
    17.5-180.0 180.0   5.0 450.0                            LAT/LON1/LON2/DLON/H
  213  257  309  356  396  436  477  518  556  596  648  713  781  839  883  920
  954  976  978  958  930  912  915  935  968 1012 1066 1124 1183 1242 1297 1340
 1352 1321 1251 1157 1051  942  833  739  680  664  678  694  691  671  652  652
  674  702  718  707  670  620  575  545  533  530  522  502  468  428  389  360
  338  321  302  277  247  215  192  190  213
    15.0-180.0 180.0   5.0 450.0                            LAT/LON1/LON2/DLON/H
  230  276  330  379  421  462  506  547  584  619  664  724  789  848  899  946
  992 1024 1030 1007  975  958  967  996 1035 1074 1110 1141 1167 1193 1217 1232
 1223 1180 1111 1031  949  861  765  675  615  597  612  631  633  622  613  622
  650  679  693  678  639  588  545  523  522  531  536  524  495  455  414  381
  356  337  317  293  264  233  210  207  230
    12.5-180.0 180.0   5.0 450.0                            LAT/LON1/LON2/DLON/H
  235  281  337  390  435  479  525  570  607  640  681  736  799  858  913  970
 1028 1072 1084 1062 1030 1015 1030 1065 1102 1128 1140 1139 1132 1126 1124 1118
 1095 1049  990  932  877  811  726  636  568  543  551  568  574  571  572  588
  616  640  646  627  586  539  503  491  502  524  539  535  511  472  430  393
  366  345  325  302  276  246  221  215  235
    10.0-180.0 180.0   5.0 450.0                            LAT/LON1/LON2/DLON/H
  229  273  331  387  437  485  536  585  626  661  701  754  815  874  931  994
 1062 1116 1136 1120 1090 1079 1096 1130 1159 1168 1155 1125 1091 1064 1046 1030
 1004  963  920  887  856  809  731  637  559  521  519  531  539  543  553  572
  594  607  601  575  536  496  470  469  489  519  539  540  517  479  436  398
  368  344  324  304  280  251  225  213  229
     7.5-180.0 180.0   5.0 450.0                            LAT/LON1/LON2/DLON/H
  215  256  317  378  433  485  541  596  644  685  729  783  842  899  955 1019
 1092 1155 1184 1175 1151 1142 1158 1186 1201 1191 1156 1107 1059 1025 1005  992
  972  943  918  905  894  858  782  683  595  544  530  535  544  555  572  591
  603  599  578  545  508  478  464  471  496  525  544  541  517  479  435  396
  363  338  318  300  279  251  222  204  215
     5.0-180.0 180.0   5.0 450.0                            LAT/LON1/LON2/DLON/H
  200  240  303  370  430  486  547  609  666  715  766  823  882  936  987 1047
 1119 1186 1223 1223 1205 1198 1210 1226 1225 1197 1148 1092 1045 1019 1011 1010
 1002  988  977  977  975  942  866  763  668  609  586  585  594  611  633  649
  647  624  587  548  516  496  491  502  525  547  555  543  513  472  428  388
  355  328  308  293  275  249  217  195  200
     2.5-180.0 180.0   5.0 450.0                            LAT/LON1/LON2/DLON/H
  193  233  299  370  435  495  560  628  693  751  810  872  931  980 1023 1074
 1140 1207 1249 1259 1249 1242 1246 1248 1231 1191 1136 1086 1053 1044 1056 1072
 1079 1076 1073 1077 1072 1036  957  855  762  702  674  668  677  698  723  734
  719  677  627  584  556  544  545  556  571  579  571  545  506  462  418  378
  345  318  299  286  271  248  216  190  193
