ionex_files/COD0OPSFIN_20250970000_01D_01H_GIM.INX
     1.0            IONOSPHERE MAPS     GNSS                IONEX VERSION / TYPE
ADDNEQ2 V5.5        AIUB                11-APR-25 20:16     PGM / RUN BY / DATE 
CODE'S GLOBAL IONOSPHERE MAPS FOR DAY 097, 2025             COMMENT             
Global ionosphere maps (GIM) are generated on a daily basis DESCRIPTION         
at CODE using data from about 300 GNSS sites of the IGS and DESCRIPTION         
other institutions. The vertical total electron content     DESCRIPTION         
(VTEC) is modeled in a solar-geomagnetic reference frame    DESCRIPTION         
using a spherical harmonics expansion up to degree and      DESCRIPTION         
order 15. Piece-wise linear functions are used for          DESCRIPTION         
representation in the time domain. The time spacing of      DESCRIPTION         
their vertices is 1 hour, conforming with the epochs of the DESCRIPTION         
VTEC maps.                                                  DESCRIPTION         
To convert line-of-sight TEC into vertical TEC, a modified  DESCRIPTION         
single-layer model mapping function approximating the JPL   DESCRIPTION         
extended slab model mapping function is adopted. The        DESCRIPTION         
mapping function is evaluated at geodetic satellite         DESCRIPTION         
elevation angles. For the computation of the ionospheric    DESCRIPTION         
pierce points, a spherical layer with a radius of 6821 km   DESCRIPTION         
is assumed, implying geocentric, not geodetic IONEX         DESCRIPTION         
latitudes.                                                  DESCRIPTION         
Instrumental biases with respect to each involved GNSS code DESCRIPTION         
observable are estimated as constant values for each        DESCRIPTION         
day. They are modeled with one set of bias parameters for   DESCRIPTION         
each satellite and each station in case of GPS and for each DESCRIPTION         
satellite-station link in case of GLONASS. The code bias    DESCRIPTION         
datum is defined by zero-mean conditions imposed on the     DESCRIPTION         
satellite bias estimates. In this file, just GPS C1W-C2W    DESCRIPTION         
satellite and station bias values are included. The         DESCRIPTION         
complete set of GNSS code bias results is provided in an    DESCRIPTION         
additional Bias-SINEX file as pseudo-absolute values        DESCRIPTION         
specific to each observable.                                DESCRIPTION         
Note: These GIM results correspond to the results for the   DESCRIPTION         
middle day of a 3-day combination analysis solving for 73   DESCRIPTION         
times 256, or 18688 VTEC parameters and 3 daily sets of     DESCRIPTION         
GNSS code bias parameters.                                  DESCRIPTION         
Contact address: code(at)aiub.unibe.ch                      DESCRIPTION         
Data archive:    ftp.aiub.unibe.ch/CODE/                    DESCRIPTION         
                 www.aiub.unibe.ch/download/CODE/           DESCRIPTION         
  2025     4     7     0     0     0                        EPOCH OF FIRST MAP  
  2025     4     8     0     0     0                        EPOCH OF LAST MAP   
  3600                                                      INTERVAL            
[...]
azgb badg bake barh bjfs bndy boav bogo bogt bor1 braz brft COMMENT             
brst brux cags cas1 ccj2 cedu chpg chti chur ckis coco cord COMMENT             
cpvg cpxf cro1 daej darw dav1 dgar dhlg drao dubo ebre faa1 COMMENT             
fair flin frdn func ganp glps glsv gode gol2 gold gope gras COMMENT             
graz guam guug harb hers hert hlfx hnpt hob2 hofn holb hrao COMMENT             
iddr ieng iisc impz ineg invk iqal irkj jog2 joz2 joze karr COMMENT             
kerg kir0 kiri kiru kit3 kokb kokv koug kour krgg lama laut COMMENT             
lmmf lpal lpgs m0se mac1 madr mal2 mana mas1 mat1 mate maui COMMENT             
maw1 mcil mcm4 mdo1 medi mgue mizu mkea mnls mobs morp mqzg COMMENT             
mro1 mtka nano naur nico nist nium nklg nlib nnor not1 nrc1 COMMENT             
ntus nya1 nyal onsa opmt ous2 pado parc park pdel penc pert COMMENT             
pie1 pimo pohn pol2 polv pots pove ptag ptbb ptvl qaq1 quin COMMENT             
rabt ramo reun reyk rgdg rio2 roth salu samo sant savo sch2 COMMENT             
scor scrz scub seyg sfer spt0 ssia sthl stjo stk2 str2 suth COMMENT             
sutm suwn sydn syog tash thtg thti thu2 tid1 tidb tlse tn22 COMMENT             
tong tro1 tskb twtf txes uclu ufpr ulab unb3 unbj unsa urum COMMENT             
usn7 usud vald vill vtsp wab1 wab2 whit will wind wsrt wtza COMMENT             
wtzr wtzs wtzz wuhn xmis yar2 yar3 yarr yell ykro zeck zim2 COMMENT             
zim3 zimm                                                   COMMENT             
                                                            END OF HEADER       
[from data line 3432]
     9                                                      START OF TEC MAP    
  2025     4     7     8     0     0                        EPOCH OF CURRENT MAP
    87.5-180.0 180.0   5.0 450.0                            LAT/LON1/LON2/DLON/H
  164  164  165  166  167  169  171  173  175  178  181  183  186  189  192  194
  197  200  202  204  206  208  210  212  213  214  215  216  217  217  218  218
  218  218  218  218  217  217  216  215  214  213  212  211  209  207  206  204
  202  200  198  196  193  191  189  186  184  182  180  178  175  174  172  170
  168  167  166  165  164  164  163  163  164
    85.0-180.0 180.0   5.0 450.0                            LAT/LON1/LON2/DLON/H
  136  136  136  138  139  142  145  149  154  159  164  170  176  181  187  192
  197  202  206  210  213  216  218  220  221  222  223  223  224  224  224  224
  225  225  225  225  225  225  224  224  223  222  221  220  218  216  214  212
  209  207  204  200  197  193  190  186  182  179  175  171  167  164  160  157
  153  150  147  144  142  140  138  137  136
    82.5-180.0 180.0   5.0 450.0                            LAT/LON1/LON2/DLON/H
  123  120  118  117  117  119  123  127  133  140  147  155  163  172  179  187
  193  199  204  207  210  212  213  213  213  212  212  211  210  210  210  210
  211  212  214  215  217  218  220  221  222  222  223  223  222  222  220  219
  217  215  213  210  207  204  201  197  194  190  186  182  178  174  170  165
  161  156  151  146  141  136  131  127  123
    80.0-180.0 180.0   5.0 450.0                            LAT/LON1/LON2/DLON/H
  131  123  115  110  106  105  106  110  115  122  131  140  150  159  168  176
  183  189  193  195  196  196  195  192  190  187  184  182  180  179  180  181
  183  186  189  193  197  201  205  209  212  215  218  220  222  223  224  225
  225  225  225  225  224  223  222  220  218  216  214  211  209  206  203  199
  195  190  184  177  169  160  151  141  131
    77.5-180.0 180.0   5.0 450.0                            LAT/LON1/LON2/DLON/H
  161  145  130  117  108  101   99   99  103  109  117  126  136  145  154  162
  168  172  175  176  175  172  168  163  158  152  148  145  143  142  143  146
  150  155  161  167  174  181  188  194  199  204  209  213  217  220  224  228
  232  236  239  243  246  248  250  251  252  252  252  253  253  253  252  251
  250  246  240  232  222  209  194  178  161
    75.0-180.0 180.0   5.0 450.0                            LAT/LON1/LON2/DLON/H
  203  178  155  134  118  106   99   96   98  102  108  116  124  131  139  145
  149  152  154  153  150  145  139  133  126  120  114  111  109  110  112  117
  123  130  138  147  156  165  173  180  187  193  198  204  209  214  221  228
  236  244  253  261  269  275  281  285  288  290  293  295  298  301  304  307
  309  309  305  298  287  271  251  228  203
    72.5-180.0 180.0   5.0 450.0                            LAT/LON1/LON2/DLON/H
  245  212  180  153  130  113  103   98   97  100  104  109  114  119  123  127
  130  132  132  131  127  122  116  109  102   96   92   89   89   91   96  102
  109  118  127  136  146  155  164  171  178  183  188  193  199  206  214  225
  237  250  263  277  289  299  308  314  318  321  324  327  331  336  343  349
  355  359  360  355  345  328  305  276  245
    70.0-180.0 180.0   5.0 450.0                            LAT/LON1/LON2/DLON/H
  271  233  195  163  136  117  105  100   99  100  103  105  107  108  109  111
  112  113  114  113  110  106  101   95   90   85   83   83   85   89   95  102
  109  118  127  136  145  153  161  168  173  177  180  184  189  196  206  219
  234  252  270  288  303  317  327  333  337  339  339  341  343  348  355  364
  373  382  387  386  378  362  338  307  271
    67.5-180.0 180.0   5.0 450.0                            LAT/LON1/LON2/DLON/H
  274  233  194  158  130  111  101   97   98  100  102  102  101   99   97   96
   97   99  100  101  100   98   95   91   88   86   86   89   93   99  105  112
  120  127  134  142  149  156  162  167  171  173  175  177  181  188  198  213
  231  252  273  294  312  326  336  341  342  340  337  334  332  334  339  347
  357  368  376  380  377  365  343  312  274
    65.0-180.0 180.0   5.0 450.0                            LAT/LON1/LON2/DLON/H
  256  216  176  140  113   95   87   87   91   96   99   98   95   90   87   85
   86   88   92   94   96   95   94   92   91   92   95   99  105  112  119  126
  132  137  143  148  154  160  165  168  171  171  172  172  175  182  193  209
  229  252  275  297  315  329  337  339  336  330  321  312  305  301  301  305
  312  323  333  340  342  335  318  291  256
    62.5-180.0 180.0   5.0 450.0                            LAT/LON1/LON2/DLON/H
  225  189  151  116   89   73   68   71   78   86   90   91   87   82   78   76
   77   81   86   90   92   93   92   92   93   95  100  106  114  121  128  134
  139  143  147  151  156  161  166  169  171  171  170  171  174  181  194  211
  232  256  279  300  317  328  333  332  325  314  301  287  274  263  255  253
  255  262  271  280  286  285  275  255  225
    60.0-180.0 180.0   5.0 450.0                            LAT/LON1/LON2/DLON/H
  198  168  133   99   72   54   48   52   61   71   78   79   77   73   70   69
   72   76   81   85   87   87   87   87   88   92   97  104  112  120  126  132
  137  141  145  149  155  160  165  169  171  171  171  172  176  185  200  219
  242  265  288  306  320  328  329  325  316  302  287  269  252  235  221  210
  205  205  211  220  229  235  232  221  198
    57.5-180.0 180.0   5.0 450.0                            LAT/LON1/LON2/DLON/H
  190  166  135  102   72   50   39   39   46   55   63   66   66   64   62   64
   67   72   76   78   78   77   75   75   76   80   85   92   99  107  114  120
  126  132  138  144  151  157  163  168  171  172  173  176  182  194  212  234
  258  281  302  318  328  332  331  324  313  300  284  267  248  229  210  192
  179  172  173  179  190  200  206  203  190
    55.0-180.0 180.0   5.0 450.0                            LAT/LON1/LON2/DLON/H
  207  192  166  133   98   69   48   39   39   44   51   55   56   56   57   60
   64   68   70   69   66   62   60   58   60   63   68   74   80   88   96  104
  113  122  131  140  148  156  162  168  171  174  176  181  191  206  228  253
  279  303  322  335  342  343  339  331  320  307  294  280  264  246  225  204
  186  173  167  170  180  193  205  211  207
    52.5-180.0 180.0   5.0 450.0                            LAT/LON1/LON2/DLON/H
  247  241  221  190  152  113   80   58   47   45   46   49   51   53   55   58
   62   64   63   59   54   49   45   44   44   47   51   56   62   69   79   91
  103  117  129  140  150  157  164  169  174  177  182  189  201  220  245  274
  302  326  345  356  361  360  354  345  334  323  312  302  291  278  260  240
  219  203  193  192  200  213  229  242  247
    50.0-180.0 180.0   5.0 450.0                            LAT/LON1/LON2/DLON/H
  294  298  287  261  222  176  132   95   71   58   54   53   53   55   57   59
   61   61   58   53   46   40   37   36   36   38   41   45   51   59   71   86
  102  119  134  147  156  163  169  174  179  184  190  199  213  235  263  295
  325  350  369  379  383  382  375  365  352  341  332  325  320  312  300  284
  266  249  238  235  238  249  265  281  294
    47.5-180.0 180.0   5.0 450.0                            LAT/LON1/LON2/DLON/H
  329  342  343  327  293  245  193  145  109   85   73   67   64   64   64   64
   64   62   58   52   46   42   39   38   39   40   41   45   51   61   75   93
  112  131  146  158  165  171  176  182  188  195  202  213  228  252  281  315
  346  373  393  404  409  408  400  388  373  358  347  340  337  335  329  319
  307  294  284  279  279  284  295  311  329
    45.0-180.0 180.0   5.0 450.0                            LAT/LON1/LON2/DLON/H
  334  355  369  367  344  302  248  195  150  119  100   89   83   79   76   74
   71   68   64   60   57   55   53   53   52   51   51   54   62   75   91  111
  131  149  162  171  176  179  184  192  201  211  221  233  249  272  302  336
  369  397  418  432  439  439  431  415  395  374  357  346  341  340  338  333
  327  321  315  310  305  302  305  316  334
    42.5-180.0 180.0   5.0 450.0                            LAT/LON1/LON2/DLON/H
  303  327  352  366  359  329  283  231  186  152  129  116  107  100   93   87
   82   79   78   78   78   78   77   75   71   68   67   70   80   95  114  134
  153  168  177  182  184  187  194  205  220  235  249  262  278  300  330  364
  398  428  451  467  477  478  470  452  425  396  369  349  337  331  328  326
  325  325  324  320  311  299  289  289  303
    40.0-180.0 180.0   5.0 450.0                            LAT/LON1/LON2/DLON/H
  244  264  295  322  331  318  285  244  204  173  153  140  131  122  112  103
   97   95   97  102  106  108  106  100   92   84   82   86   98  117  138  158
  174  184  189  190  190  194  205  223  245  266  284  300  317  340  369  404
  439  471  497  516  528  531  524  504  473  435  397  365  341  326  316  310
  310  313  316  314  301  280  257  242  244
    37.5-180.0 180.0   5.0 450.0                            LAT/LON1/LON2/DLON/H
  179  187  214  247  269  272  255  228  199  177  164  156  150  142  131  121
  114  114  120  129  137  139  133  122  108   96   92   97  112  134  157  177
  190  196  196  194  195  203  221  246  276  305  328  348  367  391  423  460
  498  533  562  584  599  604  598  579  547  504  457  412  374  344  322  307
  302  304  309  308  294  265  227  194  179
    35.0-180.0 180.0   5.0 450.0                            LAT/LON1/LON2/DLON/H
  138  126  139  165  191  205  202  190  175  165  161  161  161  157  148  138
  132  134  143  155  164  164  154  137  117  101   94  100  118  143  169  189
  201  204  202  200  204  218  243  277  315  349  378  402  426  455  492  534
  577  617  650  675  691  699  697  683  654  612  560  505  453  407  369  341
  325  322  326  326  311  276  227  175  138
    32.5-180.0 180.0   5.0 450.0                            LAT/LON1/LON2/DLON/H
  148  109   98  107  126  140  145  143  140  141  147  156  164  167  163  155
  150  152  162  175  183  180  166  144  119  100   92   98  117  145  174  196
  208  211  210  212  221  243  276  316  358  397  430  460  491  528  573  623
  674  720  757  785  803  814  818  812  793  757  706  646  583  523  469  425
  397  386  386  386  371  335  276  208  148
    30.0-180.0 180.0   5.0 450.0                            LAT/LON1/LON2/DLON/H
  222  155  114   98   98  104  107  109  111  117  130  146  161  171  173  169
  165  167  176  187  192  187  169  144  118   97   88   93  112  142  174  200
  216  222  225  233  250  279  318  362  406  446  483  518  558  605  660  719
  778  831  874  904  925  940  951  958  952  928  884  824  755  685  619  563
  522  501  495  493  481  445  383  304  222
    27.5-180.0 180.0   5.0 450.0                            LAT/LON1/LON2/DLON/H
  354  263  193  148  125  114  108  104  104  109  121  138  157  173  181  181
  179  179  185  192  193  185  166  141  116   97   86   89  107  137  172  203
  226  239  249  264  289  324  367  412  455  494  532  573  622  680  745  812
  878  936  983 1016 1039 1059 1079 1100 1111 1102 1068 1013  944  872  800  737
  687  657  645  641  630  597  536  450  354
    25.0-180.0 180.0   5.0 450.0                            LAT/LON1/LON2/DLON/H
  517  413  322  254  209  178  157  142  132  127  130  141  158  176  188  192
  190  188  189  191  189  178  161  140  119  102   91   90  104  133  171  208
  238  260  279  302  334  374  419  462  501  538  577  623  680  746  818  890
  958 1018 1066 1101 1127 1151 1181 1215 1243 1249 1227 1179 1117 1049  981  919
  867  831  814  806  794  763  706  620  517
    22.5-180.0 180.0   5.0 450.0                            LAT/LON1/LON2/DLON/H
  675  569  472  394  334  289  253  223  198  177  164  161  169  184  197  203
  200  195  191  189  183  172  157  142  127  113  101   96  105  131  170  213
  252  282  310  340  378  422  466  507  543  578  618  668  730  800  873  942
 1006 1062 1108 1143 1171 1200 1238 1284 1324 1342 1330 1292 1240 1184 1129 1075
 1027  991  969  956  939  909  854  774  675
    20.0-180.0 180.0   5.0 450.0                            LAT/LON1/LON2/DLON/H
  787  694  608  536  477  426  380  337  295  256  223  201  193  199  209  214
  211  203  195  188  180  170  158  149  139  128  115  105  108  130  169  217
  262  301  336  373  415  460  503  542  578  613  655  708  771  840  907  966
 1017 1062 1100 1133 1161 1194 1238 1290 1338 1363 1358 1330 1292 1254 1217 1179
 1142 1109 1084 1062 1037 1001  947  874  787
    17.5-180.0 180.0   5.0 450.0                            LAT/LON1/LON2/DLON/H
  827  760  700  650  606  562  514  462  408  353  300  257  231  223  226  228
  223  213  202  192  182  172  164  158  153  143  128  114  111  128  166  216
  267  312  353  394  438  483  526  566  603  643  688  742  803  865  920  962
  994 1020 1045 1071 1099 1133 1180 1235 1285 1312 1311 1292 1270 1253 1238 1219
 1194 1167 1139 1109 1070 1022  964  897  827
    15.0-180.0 180.0   5.0 450.0                            LAT/LON1/LON2/DLON/H
  792  755  732  717  700  672  630  577  517  452  384  322  278  254  247  244
  236  224  211  200  190  181  173  169  164  155  138  120  112  125  160  210
  264  313  358  402  446  491  534  577  620  666  716  771  827  879  918  939
  946  949  958  975  999 1033 1078 1131 1178 1203 1205 1196 1191 1195 1202 1200
 1188 1166 1136 1094 1039  974  906  844  792
    12.5-180.0 180.0   5.0 450.0                            LAT/LON1/LON2/DLON/H
  701  694  709  733  748  742  711  663  603  536  462  389  329  290  271  260
  249  236  222  211  201  191  184  178  171  160  142  123  112  120  152  201
  255  307  354  398  442  485  529  575  626  681  736  791  841  882  906  906
  890  870  861  867  886  917  958 1005 1046 1068 1073 1074 1086 1110 1134 1145
 1140 1121 1087 1035  962  878  798  736  701
    10.0-180.0 180.0   5.0 450.0                            LAT/LON1/LON2/DLON/H
  591  608  655  712  756  770  751  709  656  595  524  448  379  327  295  276
  260  245  231  221  212  202  192  183  174  161  142  123  111  117  145  191
  245  298  346  389  430  471  514  564  623  685  745  798  843  876  889  876
  842  805  781  777  791  816  851  890  923  943  953  966  993 1032 1066 1083
 1079 1058 1020  958  871  771  678  614  591
     7.5-180.0 180.0   5.0 450.0                            LAT/LON1/LON2/DLON/H
  505  536  603  682  743  769  757  721  676  625  565  494  422  362  319  290
  268  250  236  226  219  210  198  186  173  158  141  123  111  116  141  185
  238  291  339  380  417  453  494  546  610  677  739  790  832  862  873  857
  817  771  739  730  740  760  786  816  842  861  877  902  943  990 1027 1040
 1030 1004  961  893  798  687  587  522  505
     5.0-180.0 180.0   5.0 450.0                            LAT/LON1/LON2/DLON/H
  478  514  586  669  734  760  746  711  672  633  586  526  456  391  339  301
  272  250  234  225  219  212  200  186  171  155  140  124  115  119  143  184
  236  289  336  375  407  437  473  523  588  656  716  764  804  838  857  851
  820  779  749  742  750  766  784  803  823  843  867  902  950  999 1029 1031
 1010  976  929  860  764  654  555  492  478
     2.5-180.0 180.0   5.0 450.0                            LAT/LON1/LON2/DLON/H
  526  558  622  695  749  764  741  699  660  629  595  546  482  415  357  310
  273  245  226  216  212  208  198  184  169  155  142  129  121  125  148  189
  241  293  339  375  401  423  453  498  559  623  678  722  763  805  841  856
  846  824  809  811  824  836  846  856  871  892  922  962 1011 1053 1069 1054
 1019  977  928  864  777  678  590  536  526
