ionex_files/COD0OPSFIN_20250920000_01D_01H_GIM.INX
     1.0            IONOSPHERE MAPS     GNSS                IONEX VERSION / TYPE
ADDNEQ2 V5.5        AIUB                06-APR-25 19:50     PGM / RUN BY / DATE 
CODE'S GLOBAL IONOSPHERE MAPS FOR DAY 092, 2025             COMMENT             
Global ionosphere maps (GIM) are generated on a daily basis DESCRIPTION         
at CODE using data from about 300 GNSS sites of the IGS and DESCRIPTION         
other institutions. The vertical total electron content     DESCRIPTION         
(VTEC) is modeled in a solar-geomagnetic reference frame    DESCRIPTION         
using a spherical harmonics expansion up to degree and      DESCRIPTION         
order 15. Piece-wise linear functions are used for          DESCRIPTION         
representation in the time domain. The time spacing of      DESCRIPTION         
their vertices is 1 hour, conforming with the epochs of the DESCRIPTION         
VTEC maps.                                                  DESCRIPTION         
To convert line-of-sight TEC into vertical TEC, a modified  DESCRIPTION         
single-layer model mapping function approximating the JPL   DESCRIPTION         
extended slab model mapping function is adopted. The        DESCRIPTION         
mapping function is evaluated at geodetic satellite         DESCRIPTION         
elevation angles. For the computation of the ionospheric    DESCRIPTION         
pierce points, a spherical layer with a radius of 6821 km   DESCRIPTION         
is assumed, implying geocentric, not geodetic IONEX         DESCRIPTION         
latitudes.                                                  DESCRIPTION         
Instrumental biases with respect to each involved GNSS code DESCRIPTION         
observable are estimated as constant values for each        DESCRIPTION         
day. They are modeled with one set of bias parameters for   DESCRIPTION         
each satellite and each station in case of GPS and for each DESCRIPTION         
satellite-station link in case of GLONASS. The code bias    DESCRIPTION         
datum is defined by zero-mean conditions imposed on the     DESCRIPTION         
satellite bias estimates. In this file, just GPS C1W-C2W    DESCRIPTION         
satellite and station bias values are included. The         DESCRIPTION         
complete set of GNSS code bias results is provided in an    DESCRIPTION         
additional Bias-SINEX file as pseudo-absolute values        DESCRIPTION         
specific to each observable.                                DESCRIPTION         
Note: These GIM results correspond to the results for the   DESCRIPTION         
middle day of a 3-day combination analysis solving for 73   DESCRIPTION         
times 256, or 18688 VTEC parameters and 3 daily sets of     DESCRIPTION         
GNSS code bias parameters.                                  DESCRIPTION         
Contact address: code(at)aiub.unibe.ch                      DESCRIPTION         
Data archive:    ftp.aiub.unibe.ch/CODE/                    DESCRIPTION         
                 www.aiub.unibe.ch/download/CODE/           DESCRIPTION         
  2025     4     2     0     0     0                        EPOCH OF FIRST MAP  
  2025     4     3     0     0     0                        EPOCH OF LAST MAP   
  3600                                                      INTERVAL            
[...]
abpo adis albh algo alic amu2 areg areq ascg aspa auck azgb COMMENT             
badg bake barh bjfs bndy boav bogo bogt bor1 braz brft brst COMMENT             
brux cags cas1 ccj2 cedu chpg chti chur ckis coco cord cpvg COMMENT             
cpxf cro1 daej darw dav1 dgar dhlg drao dubo faa1 fair flin COMMENT             
flrs frdn func ganp glps glsv gode gol2 gold gope gras graz COMMENT             
guam guug harb hers hert hlfx hnpt hob2 hofn holb hrao iddr COMMENT             
ieng iisc impz ineg invk iqal irkj jog2 joz2 karr kerg kir0 COMMENT             
kiri kiru kit3 kokb kokv koug kour krgg lama laut lmmf lpal COMMENT             
lpgs m0se mac1 madr mal2 mana mas1 mat1 mate maui maw1 mcil COMMENT             
mcm4 mdo1 medi mgue mizu mkea mnls mobs morp mqzg mro1 mtka COMMENT             
nano naur nico nist nium nklg nlib nnor not1 nrc1 ntus nya1 COMMENT             
nyal onsa opmt pado park pdel penc pert pie1 pimo pohn pol2 COMMENT             
polv pots pove ptag ptbb ptvl qaq1 quin rabt ramo reun reyk COMMENT             
rgdg rio2 roth salu samo sant savo sch2 scor scrz sctb scub COMMENT             
seyg sfer spt0 ssia sthl stjo stk2 str2 suth sutm suwn sydn COMMENT             
syog tash thtg thti thu2 tid1 tidb tlse tn22 tong tow2 tro1 COMMENT             
tskb twtf txes uclu ufpr ulab unb3 unbj unsa urum usn7 usud COMMENT             
vald vill vtsp wab1 wab2 whit will wind wsrt wtza wtzr wtzs COMMENT             
wtzz wuhn xmis yar2 yar3 yarr yell ykro zeck zim2 zim3 zimm COMMENT             
                                                            END OF HEADER       
[from data line 2145]
     6                                                      START OF TEC MAP    
  2025     4     2     5     0     0                        EPOCH OF CURRENT MAP
    87.5-180.0 180.0   5.0 450.0                            LAT/LON1/LON2/DLON/H
  247  247  246  246  245  245  245  245  245  245  245  245  245  245  245  245
  244  244  243  242  241  240  238  237  235  234  233  231  230  229  228  227
  226  225  225  225  225  225  225  226  226  227  228  229  231  232  233  235
  236  238  240  241  243  244  246  247  248  249  250  250  251  251  251  251
  251  251  251  250  250  249  248  248  247
    85.0-180.0 180.0   5.0 450.0                            LAT/LON1/LON2/DLON/H
  243  240  238  237  236  236  236  237  239  241  243  245  247  249  250  251
  251  250  249  247  244  241  237  233  228  224  219  215  211  208  205  202
  200  199  198  198  198  199  201  202  204  207  209  212  215  219  222  226
  230  234  238  242  246  250  253  257  260  262  265  266  267  268  267  267
  265  263  261  258  255  252  249  246  243
    82.5-180.0 180.0   5.0 450.0                            LAT/LON1/LON2/DLON/H
  235  228  223  219  216  216  217  219  223  228  234  240  247  252  257  260
  261  261  259  255  249  242  234  225  216  207  198  191  184  178  173  170
  168  166  166  167  169  171  174  177  181  185  189  194  199  204  210  216
  222  229  236  243  250  257  264  270  276  281  286  289  291  292  292  290
  287  283  278  272  265  257  250  242  235
    80.0-180.0 180.0   5.0 450.0                            LAT/LON1/LON2/DLON/H
  230  217  207  198  192  189  189  193  200  209  219  231  243  253  262  268
  271  271  268  261  252  240  227  212  198  184  171  160  150  143  138  135
  134  134  136  139  143  147  152  157  162  167  173  179  185  191  198  206
  215  224  234  244  254  265  276  286  295  304  311  317  321  323  323  321
  317  311  304  294  283  270  257  243  230
    77.5-180.0 180.0   5.0 450.0                            LAT/LON1/LON2/DLON/H
  235  215  198  182  171  164  162  165  173  185  200  217  234  249  263  272
  277  277  272  262  249  232  214  194  175  157  141  127  117  110  106  105
  106  109  114  119  125  132  138  144  150  156  162  168  175  182  190  199
  210  221  234  247  261  275  289  303  316  327  337  345  351  354  355  354
  350  343  334  322  309  292  274  255  235
    75.0-180.0 180.0   5.0 450.0                            LAT/LON1/LON2/DLON/H
  253  227  202  179  160  147  140  141  148  161  179  199  220  240  256  267
  273  273  267  255  239  218  196  174  152  132  115  101   92   87   85   87
   90   96  103  111  118  125  132  139  145  151  157  163  170  178  188  198
  210  224  239  254  271  288  305  321  336  349  360  369  376  380  381  380
  377  371  363  352  338  321  301  278  253
    72.5-180.0 180.0   5.0 450.0                            LAT/LON1/LON2/DLON/H
  283  253  221  191  164  143  130  126  130  142  160  181  203  223  240  253
  259  258  251  239  221  200  177  154  132  113   98   87   81   78   80   83
   89   97  105  112  120  127  133  139  145  151  157  164  172  181  192  205
  219  234  251  268  287  305  323  339  354  368  378  386  392  395  395  394
  391  387  381  374  364  350  333  310  283
    70.0-180.0 180.0   5.0 450.0                            LAT/LON1/LON2/DLON/H
  319  288  253  217  183  154  134  124  123  131  146  164  184  203  218  229
  235  234  227  215  198  179  158  138  120  105   94   88   85   85   89   94
  100  107  114  120  126  132  137  142  147  153  161  169  180  191  205  220
  236  253  271  290  308  326  342  358  371  382  391  396  398  398  396  393
  389  386  384  382  379  373  362  344  319
    67.5-180.0 180.0   5.0 450.0                            LAT/LON1/LON2/DLON/H
  354  326  290  251  211  176  150  134  128  130  139  152  167  181  193  201
  205  204  198  188  175  159  143  129  117  108  102  100  101  104  107  112
  117  121  125  129  133  136  140  144  150  157  167  178  192  208  225  243
  262  281  299  317  334  350  364  376  386  394  399  400  399  394  388  381
  375  371  371  374  379  382  381  373  354
    65.0-180.0 180.0   5.0 450.0                            LAT/LON1/LON2/DLON/H
  380  358  325  285  243  204  173  152  141  138  141  148  155  163  170  174
  176  176  172  164  155  144  134  126  120  118  118  120  123  126  128  130
  132  132  133  134  135  136  139  144  151  161  174  190  208  228  249  271
  293  313  332  349  363  375  385  393  400  404  405  404  399  391  379  367
  356  349  348  354  365  378  388  390  380
    62.5-180.0 180.0   5.0 450.0                            LAT/LON1/LON2/DLON/H
  394  378  350  312  270  231  199  176  161  154  151  150  151  152  153  154
  155  155  153  148  142  136  131  128  128  130  134  139  142  144  144  142
  139  136  133  131  131  133  136  143  152  165  181  201  224  249  276  302
  326  348  367  382  393  401  406  410  413  414  414  412  406  395  379  361
  344  331  326  330  344  363  382  394  394
    60.0-180.0 180.0   5.0 450.0                            LAT/LON1/LON2/DLON/H
  393  385  362  328  290  253  223  200  184  173  166  159  153  149  146  145
  145  146  145  142  138  134  131  131  135  140  147  152  155  154  149  143
  136  130  126  124  124  127  132  141  153  168  188  211  239  269  300  331
  358  382  400  413  422  426  427  428  428  428  429  427  422  412  395  373
  349  328  315  313  324  345  368  386  393
    57.5-180.0 180.0   5.0 450.0                            LAT/LON1/LON2/DLON/H
  384  381  363  335  302  270  244  223  208  195  184  172  162  154  149  147
  147  148  148  145  141  136  134  134  139  145  152  157  157  153  145  135
  125  118  114  114  117  122  131  141  155  172  193  219  250  284  320  356
  387  413  432  444  450  451  450  448  447  447  449  451  449  442  427  403
  374  345  322  311  315  331  353  373  384
    55.0-180.0 180.0   5.0 450.0                            LAT/LON1/LON2/DLON/H
  371  371  358  336  310  285  264  246  232  217  203  188  175  165  159  157
  158  159  158  155  149  142  137  136  139  145  150  153  151  144  133  121
  111  105  103  106  113  122  133  146  160  177  199  225  258  296  336  376
  412  440  460  473  478  479  476  473  471  471  475  480  483  480  469  447
  416  381  349  328  321  327  343  360  371
    52.5-180.0 180.0   5.0 450.0                            LAT/LON1/LON2/DLON/H
  361  361  353  338  320  303  287  272  257  240  223  205  190  178  172  170
  172  173  172  168  159  150  142  138  139  142  145  146  141  132  121  109
  100   96   98  105  116  128  141  154  168  184  204  230  263  304  349  394
  433  465  488  502  508  510  508  504  501  501  504  509  515  517  511  493
  464  428  391  360  342  337  342  353  361
    50.0-180.0 180.0   5.0 450.0                            LAT/LON1/LON2/DLON/H
  357  357  353  346  337  327  316  302  285  264  243  222  205  192  186  184
  185  187  186  180  171  160  149  143  140  140  141  139  133  123  112  102
   96   95  101  111  125  139  153  167  179  193  211  235  269  312  361  410
  454  489  514  530  539  544  544  541  537  534  533  536  541  544  542  530
  506  474  437  402  374  358  352  354  357
    47.5-180.0 180.0   5.0 450.0                            LAT/LON1/LON2/DLON/H
  361  361  362  362  361  358  350  335  314  289  263  239  220  206  198  195
  195  196  196  192  184  173  162  153  148  144  142  137  130  120  111  103
  100  103  111  124  138  153  167  181  193  205  220  243  277  322  375  429
  476  513  540  558  571  579  582  581  576  569  563  558  557  557  556  549
  533  509  477  443  411  387  371  363  361
    45.0-180.0 180.0   5.0 450.0                            LAT/LON1/LON2/DLON/H
  373  372  377  384  390  392  385  368  342  311  282  256  236  220  210  204
  202  204  206  205  199  190  180  171  163  156  150  142  133  124  117  112
  112  117  126  138  152  166  181  195  208  221  235  257  290  337  393  449
  499  536  564  584  600  613  621  623  618  607  593  578  567  560  556  552
  544  530  508  480  449  420  396  380  373
    42.5-180.0 180.0   5.0 450.0                            LAT/LON1/LON2/DLON/H
  393  391  397  408  418  422  414  393  362  327  296  271  251  235  222  213
  210  213  217  221  219  214  205  196  186  176  165  153  142  133  127  125
  127  133  140  150  162  176  192  209  225  239  255  277  310  358  415  472
  521  557  583  604  624  642  656  663  660  647  627  603  581  563  553  550
  548  544  533  514  487  457  427  405  393
    40.0-180.0 180.0   5.0 450.0                            LAT/LON1/LON2/DLON/H
  422  416  420  430  440  442  430  404  368  332  303  282  266  251  236  225
  222  226  234  241  244  241  234  225  214  201  186  170  155  145  140  139
  141  146  151  158  167  181  199  220  242  261  279  302  335  383  439  495
  540  573  597  619  642  666  687  701  704  695  673  643  610  583  566  560
  561  564  563  553  532  501  468  440  422
    37.5-180.0 180.0   5.0 450.0                            LAT/LON1/LON2/DLON/H
  465  452  449  452  454  448  429  397  358  323  300  286  277  266  252  242
  239  245  256  266  270  269  263  255  244  229  209  189  170  157  151  150
  152  155  157  160  167  181  202  230  258  284  306  330  363  408  462  514
  555  584  606  628  656  686  716  740  753  752  735  705  669  635  611  601
  601  608  613  609  592  562  525  491  465
    35.0-180.0 180.0   5.0 450.0                            LAT/LON1/LON2/DLON/H
  529  504  487  476  464  445  415  375  334  302  286  282  282  277  268  260
  260  268  281  291  295  292  287  280  271  256  235  210  187  170  161  159
  160  160  159  159  164  178  203  237  273  306  332  357  388  430  480  527
  563  589  610  635  668  706  745  781  809  822  817  794  760  725  699  684
  682  687  693  692  676  645  604  563  529
    32.5-180.0 180.0   5.0 450.0                            LAT/LON1/LON2/DLON/H
  617  578  544  513  480  443  399  350  305  277  268  273  281  283  279  276
  280  291  304  312  312  307  302  299  294  282  262  234  206  185  172  168
  167  164  160  157  160  175  203  242  285  323  353  379  407  446  491  533
  566  591  614  645  685  731  781  830  874  906  917  907  880  850  825  809
  803  805  808  805  788  755  710  661  617
    30.0-180.0 180.0   5.0 450.0                            LAT/LON1/LON2/DLON/H
  730  677  624  571  516  459  398  339  289  260  255  265  277  283  284  285
  293  306  317  322  318  311  309  311  314  309  291  262  230  204  187  180
  176  171  164  158  159  173  202  244  292  335  367  393  419  454  495  534
  566  593  623  661  710  765  824  886  947  997 1026 1029 1013  991  972  959
  952  950  949  942  923  887  839  784  730
    27.5-180.0 180.0   5.0 450.0                            LAT/LON1/LON2/DLON/H
  863  799  730  657  582  506  431  360  304  270  261  267  277  281  282  285
  295  309  318  319  313  308  311  322  335  338  324  295  259  228  207  197
  191  183  173  164  162  173  201  243  292  338  373  399  424  455  493  532
  567  600  638  687  745  808  874  946 1020 1085 1127 1141 1135 1122 1113 1107
 1103 1099 1095 1087 1066 1030  980  923  863
    25.0-180.0 180.0   5.0 450.0                            LAT/LON1/LON2/DLON/H
  999  931  853  768  680  593  508  428  362  318  297  291  288  283  278  279
  288  300  308  307  304  304  316  338  361  372  362  332  293  257  232  219
  211  201  187  174  168  175  199  239  287  333  370  398  422  453  490  531
  570  612  661  721  787  855  924 1001 1083 1156 1204 1221 1219 1214 1216 1221
 1224 1224 1222 1214 1196 1163 1115 1060  999
    22.5-180.0 180.0   5.0 450.0                            LAT/LON1/LON2/DLON/H
 1120 1054  977  892  803  715  627  543  469  412  372  344  320  298  281  275
  279  286  292  294  298  309  333  365  396  411  402  369  326  286  259  244
  234  221  204  186  175  176  195  230  276  323  363  393  419  449  488  531
  578  629  689  759  829  896  963 1038 1119 1192 1237 1250 1246 1245 1257 1275
 1290 1299 1304 1303 1291 1264 1224 1175 1120
    20.0-180.0 180.0   5.0 450.0                            LAT/LON1/LON2/DLON/H
 1203 1148 1081 1007  930  852  773  691  612  542  483  430  380  335  302  284
  278  279  284  292  307  332  367  407  440  453  439  402  354  311  282  266
  254  239  219  196  179  175  188  218  262  310  353  387  415  447  488  535
  588  648  717  791  862  922  980 1045 1118 1182 1217 1219 1208 1208 1228 1261
 1290 1312 1327 1336 1334 1317 1287 1249 1203
    17.5-180.0 180.0   5.0 450.0                            LAT/LON1/LON2/DLON/H
 1233 1192 1143 1088 1034  977  915  843  767  690  614  539  465  399  348  316
  298  291  294  309  338  377  421  462  489  493  469  424  372  326  296  280
  267  251  227  201  179  170  177  204  246  297  344  382  414  448  490  541
  599  664  738  812  876  924  965 1013 1071 1122 1143 1132 1113 1112 1141 1186
 1230 1265 1292 1312 1321 1315 1295 1267 1233
    15.0-180.0 180.0   5.0 450.0                            LAT/LON1/LON2/DLON/H
 1206 1178 1146 1116 1088 1059 1020  966  899  825  743  654  565  485  421  377
  347  331  332  353  393  441  488  522  535  523  485  431  374  328  298  282
  269  251  226  198  173  160  165  189  232  285  337  379  414  449  492  544
  605  673  746  815  867  898  917  944  983 1018 1027 1007  984  986 1023 1079
 1135 1180 1216 1244 1261 1262 1249 1230 1206
    12.5-180.0 180.0   5.0 450.0                            LAT/LON1/LON2/DLON/H
 1130 1109 1091 1080 1077 1073 1057 1025  976  915  840  754  663  581  515  464
  425  401  398  421  464  514  555  575  569  537  485  422  362  317  288  272
  259  241  216  187  162  148  151  175  219  275  331  377  413  449  491  544
  605  672  741  801  838  849  845  849  868  890  892  873  855  865  911  976
 1038 1087 1126 1156 1174 1177 1167 1150 1130
    10.0-180.0 180.0   5.0 450.0                            LAT/LON1/LON2/DLON/H
 1028 1005  990  989  999 1012 1014 1001  974  935  882  814  739  670  613  565
  523  491  482  500  539  580  606  606  580  531  467  399  340  296  269  252
  239  222  199  171  147  133  137  163  208  267  325  372  409  444  485  537
  597  661  724  774  798  790  765  748  750  764  769  761  759  785  842  912
  973 1018 1050 1074 1086 1085 1071 1051 1028
     7.5-180.0 180.0   5.0 450.0                            LAT/LON1/LON2/DLON/H
  929  896  873  866  874  888  897  896  890  879  856  819  775  733  697  661
  621  585  567  575  599  621  626  606  564  504  436  369  313  272  246  229
  215  199  178  154  132  120  125  151  199  258  316  364  399  433  473  524
  582  643  701  743  757  738  698  666  657  669  686  700  723  769  838  909
  963  996 1013 1022 1022 1011  990  961  929
     5.0-180.0 180.0   5.0 450.0                            LAT/LON1/LON2/DLON/H
  862  814  772  746  736  735  734  735  743  756  766  767  761  755  748  731
  700  663  636  627  629  626  608  572  522  462  398  338  288  251  225  206
  191  176  159  138  119  108  114  142  189  247  304  349  384  416  456  507
  564  623  677  716  729  707  664  626  613  630  662  703  755  824  902  970
 1011 1025 1022 1012  996  974  945  907  862
     2.5-180.0 180.0   5.0 450.0                            LAT/LON1/LON2/DLON/H
  848  784  719  666  626  594  570  559  570  600  637  671  701  731  756  761
  742  707  672  646  623  593  555  510  463  413  362  313  271  238  211  189
  171  157  144  127  110   99  105  132  179  235  289  331  364  397  438  489
  546  603  657  700  720  708  674  641  633  657  706  771  849  935 1017 1077
 1102 1095 1071 1040 1010  979  945  903  848
