ionex_files/COD0OPSFIN_20250930000_01D_01H_GIM.INX
     1.0            IONOSPHERE MAPS     GNSS                IONEX VERSION / TYPE
ADDNEQ2 V5.5        AIUB                07-APR-25 19:09     PGM / RUN BY / DATE 
CODE'S GLOBAL IONOSPHERE MAPS FOR DAY 093, 2025             COMMENT             
Global ionosphere maps (GIM) are generated on a daily basis DESCRIPTION         
at CODE using data from about 300 GNSS sites of the IGS and DESCRIPTION         
other institutions. The vertical total electron content     DESCRIPTION         
(VTEC) is modeled in a solar-geomagnetic reference frame    DESCRIPTION         
using a spherical harmonics expansion up to degree and      DESCRIPTION         
order 15. Piece-wise linear functions are used for          DESCRIPTION         
representation in the time domain. The time spacing of      DESCRIPTION         
their vertices is 1 hour, conforming with the epochs of the DESCRIPTION         
VTEC maps.                                                  DESCRIPTION         
To convert line-of-sight TEC into vertical TEC, a modified  DESCRIPTION         
single-layer model mapping function approximating the JPL   DESCRIPTION         
extended slab model mapping function is adopted. The        DESCRIPTION         
mapping function is evaluated at geodetic satellite         DESCRIPTION         
elevation angles. For the computation of the ionospheric    DESCRIPTION         
pierce points, a spherical layer with a radius of 6821 km   DESCRIPTION         
is assumed, implying geocentric, not geodetic IONEX         DESCRIPTION         
latitudes.                                                  DESCRIPTION         
Instrumental biases with respect to each involved GNSS code DESCRIPTION         
observable are estimated as constant values for each        DESCRIPTION         
day. They are modeled with one set of bias parameters for   DESCRIPTION         
each satellite and each station in case of GPS and for each DESCRIPTION         
satellite-station link in case of GLONASS. The code bias    DESCRIPTION         
datum is defined by zero-mean conditions imposed on the     DESCRIPTION         
satellite bias estimates. In this file, just GPS C1W-C2W    DESCRIPTION         
satellite and station bias values are included. The         DESCRIPTION         
complete set of GNSS code bias results is provided in an    DESCRIPTION         
additional Bias-SINEX file as pseudo-absolute values        DESCRIPTION         
specific to each observable.                                DESCRIPTION         
Note: These GIM results correspond to the results for the   DESCRIPTION         
middle day of a 3-day combination analysis solving for 73   DESCRIPTION         
times 256, or 18688 VTEC parameters and 3 daily sets of     DESCRIPTION         
GNSS code bias parameters.                                  DESCRIPTION         
Contact address: code(at)aiub.unibe.ch                      DESCRIPTION         
Data archive:    ftp.aiub.unibe.ch/CODE/                    DESCRIPTION         
                 www.aiub.unibe.ch/download/CODE/           DESCRIPTION         
  2025     4     3     0     0     0                        EPOCH OF FIRST MAP  
  2025     4     4     0     0     0                        EPOCH OF LAST MAP   
  3600                                                      INTERVAL            
[...]
abpo adis albh alic amu2 areg areq ascg aspa auck azgb badg COMMENT             
bake bjfs bndy boav bogo bogt bor1 braz brft brst brux cags COMMENT             
cas1 ccj2 cedu chpg chti chur ckis coco cord cpvg cpxf cro1 COMMENT             
daej darw dav1 dgar dhlg drao dubo ebre faa1 fair flin flrs COMMENT             
frdn func ganp glps glsv gode gol2 gold gope gras graz guam COMMENT             
guug harb hers hert hlfx hnpt hob2 hofn holb hrao iddr ieng COMMENT             
iisc impz ineg invk iqal irkj jog2 joz2 karr kerg kir0 kiri COMMENT             
kiru kit3 kokb kokv koug kour krgg lama laut lmmf lpal lpgs COMMENT             
m0se mac1 madr mal2 mana mas1 mat1 mate maui maw1 mcm4 mdo1 COMMENT             
medi mgue mizu mkea mnls mobs morp mqzg mro1 mtka nano naur COMMENT             
nico nist nium nklg nlib nnor not1 nrc1 ntus nya1 nyal onsa COMMENT             
opmt ous2 pado parc park pdel penc pert pie1 pimo pohn pol2 COMMENT             
polv pots pove ptag ptbb ptvl qaq1 quin rabt ramo reun reyk COMMENT             
rgdg rio2 roth salu samo sant savo sch2 scor scrz sctb scub COMMENT             
seyg sfer spt0 ssia sthl stjo stk2 str2 suth sutm suwn sydn COMMENT             
syog tash thtg thti thu2 tid1 tidb tlse tn22 tong tow2 tro1 COMMENT             
tskb twtf txes uclu ufpr ulab unb3 unbj unsa urum usn7 usud COMMENT             
vald vill vtsp wab1 wab2 whit will wind wsrt wtza wtzr wtzs COMMENT             
wtzz wuhn xmis yar2 yar3 yarr yell ykro zeck zim2 zim3 zimm COMMENT             
                                                            END OF HEADER       
     1                                                      START OF TEC MAP    
  2025     4     3     0     0     0                        EPOCH OF CURRENT MAP
    87.5-180.0 180.0   5.0 450.0                            LAT/LON1/LON2/DLON/H
  211  212  213  214  215  216  216  217  218  218  219  219  219  219  219  219
  219  218  217  217  216  215  213  212  211  209  208  206  205  203  201  200
  199  197  196  195  194  193  192  191  190  190  189  189  189  188  188  188
  188  189  189  189  190  190  191  192  192  193  194  195  196  197  198  200
  201  202  203  205  206  207  208  209  211
    85.0-180.0 180.0   5.0 450.0                            LAT/LON1/LON2/DLON/H
  197  199  201  203  205  207  209  211  212  214  215  217  218  218  219  219
  219  218  217  216  214  212  210  207  204  201  198  194  191  187  184  181
  178  175  173  170  168  167  165  164  163  162  162  161  161  160  160  160
  160  160  160  160  160  161  162  163  164  165  167  169  170  172  175  177
  179  181  184  186  188  190  193  195  197
    82.5-180.0 180.0   5.0 450.0                            LAT/LON1/LON2/DLON/H
  173  176  178  181  184  187  190  193  196  199  202  204  207  208  210  211
  211  211  210  209  207  205  202  199  195  190  185  180  175  169  164  159
  155  151  147  144  142  140  138  137  136  135  134  133  133  132  131  129
  128  127  126  125  125  124  124  125  126  128  130  133  136  139  143  146
  150  153  157  160  163  166  168  171  173
    80.0-180.0 180.0   5.0 450.0                            LAT/LON1/LON2/DLON/H
  149  151  153  156  159  163  167  171  176  180  184  188  191  194  196  197
  198  199  199  199  198  197  194  191  187  182  176  169  163  155  148  142
  136  131  126  123  120  118  117  116  115  114  113  112  110  108  105  102
   99   96   93   90   88   86   85   85   86   88   91   95  100  105  111  116
  122  127  132  136  139  142  145  147  149
    77.5-180.0 180.0   5.0 450.0                            LAT/LON1/LON2/DLON/H
  133  134  135  137  140  144  149  155  160  165  170  174  177  178  180  181
  182  183  184  185  187  187  187  185  182  178  172  165  157  149  140  132
  125  119  114  110  107  106  105  104  103  102  101   99   96   92   87   82
   77   71   66   61   57   53   51   50   51   54   58   64   71   80   88   97
  106  113  120  125  128  131  132  133  133
    75.0-180.0 180.0   5.0 450.0                            LAT/LON1/LON2/DLON/H
  134  132  131  131  134  138  143  150  156  161  165  168  168  168  166  164
  163  164  165  168  172  175  178  180  179  177  172  165  157  148  139  130
  121  114  109  105  103  102  101  101  101   99   97   94   90   84   78   71
   64   56   49   43   37   33   30   29   30   34   40   48   58   70   83   96
  108  118  127  133  136  138  137  136  134
    72.5-180.0 180.0   5.0 450.0                            LAT/LON1/LON2/DLON/H
  152  147  143  141  142  146  151  158  165  171  174  174  170  164  157  150
  145  143  144  148  154  161  167  172  175  175  172  166  159  149  140  130
  121  114  109  105  103  102  103  103  103  101   99   95   89   83   75   67
   59   51   44   38   33   29   27   26   28   33   41   51   65   81   97  114
  130  143  154  161  164  164  162  157  152
    70.0-180.0 180.0   5.0 450.0                            LAT/LON1/LON2/DLON/H
  183  175  167  163  161  164  170  178  186  192  194  191  182  169  155  141
  130  124  123  127  134  143  152  160  165  167  166  162  156  147  138  129
  120  113  107  104  103  103  104  105  105  104  101   97   91   84   77   69
   62   56   51   47   44   42   42   43   46   52   61   73   89  108  128  148
  167  183  195  202  205  203  199  192  183
    67.5-180.0 180.0   5.0 450.0                            LAT/LON1/LON2/DLON/H
  218  207  196  188  184  185  191  201  211  218  220  215  202  182  161  140
  123  112  108  111  117  126  135  143  149  152  153  151  146  139  131  122
  114  107  102   99   98   99  101  103  104  104  102   98   92   86   79   73
   68   66   65   65   67   69   72   75   79   85   94  107  124  144  167  189
  209  226  238  245  247  245  238  229  218
    65.0-180.0 180.0   5.0 450.0                            LAT/LON1/LON2/DLON/H
  248  235  221  210  202  201  206  217  230  241  245  240  225  202  174  147
  126  111  104  103  107  112  118  124  128  131  132  132  129  124  118  110
  103   96   92   90   90   92   95   98  101  101  100   97   92   86   81   77
   76   77   81   87   95  102  109  114  120  125  133  145  161  181  203  225
  245  261  272  278  279  276  269  259  248
    62.5-180.0 180.0   5.0 450.0                            LAT/LON1/LON2/DLON/H
  264  251  236  222  210  206  209  221  237  253  262  260  247  223  194  165
  141  124  115  110  108  108  107  106  106  107  109  110  110  108  103   97
   91   85   81   79   81   84   88   93   96   98   98   95   92   87   83   81
   82   87   96  107  121  134  145  153  159  164  169  178  190  207  227  247
  265  279  287  291  290  287  281  274  264
    60.0-180.0 180.0   5.0 450.0                            LAT/LON1/LON2/DLON/H
  264  254  240  224  209  200  200  211  230  250  266  270  262  243  218  191
  169  153  141  133  124  115  105   96   91   89   91   94   96   96   94   89
   83   77   74   73   74   79   84   90   95   98   99   97   94   90   87   85
   88   94  106  122  140  158  174  185  191  194  196  199  207  219  235  251
  265  275  280  281  279  276  273  270  264
    57.5-180.0 180.0   5.0 450.0                            LAT/LON1/LON2/DLON/H
  252  247  237  221  203  190  186  194  212  236  258  271  271  260  242  222
  205  192  181  169  153  134  115   98   87   83   84   89   93   95   94   90
   84   78   75   74   76   80   87   94  100  104  106  105  101   97   94   92
   93  100  111  129  150  172  192  206  213  214  212  210  212  218  228  239
  249  254  255  253  250  249  249  251  252
    55.0-180.0 180.0   5.0 450.0                            LAT/LON1/LON2/DLON/H
  235  239  234  221  203  186  176  179  195  219  244  264  273  272  264  254
  245  237  227  212  191  165  137  114   99   93   95  100  105  108  106  102
   96   90   86   84   86   91   98  105  112  117  119  118  115  111  106  102
  102  105  115  131  153  178  201  218  226  226  221  215  210  210  214  220
  224  225  223  218  214  214  219  227  235
    52.5-180.0 180.0   5.0 450.0                            LAT/LON1/LON2/DLON/H
  223  236  240  233  217  198  183  179  188  208  233  256  272  280  282  282
  281  279  271  256  231  200  169  143  127  120  121  126  130  131  128  122
  115  109  105  103  104  108  114  122  129  135  138  137  134  130  124  119
  115  114  119  132  153  179  205  225  236  237  230  220  211  206  204  205
  204  202  197  190  186  186  194  207  223
    50.0-180.0 180.0   5.0 450.0                            LAT/LON1/LON2/DLON/H
  223  243  256  259  249  232  214  203  202  213  232  253  272  286  296  304
  310  312  307  292  268  237  206  181  165  158  158  159  160  157  152  145
  138  132  128  125  124  126  132  139  148  154  158  159  157  154  148  142
  135  129  129  136  154  180  208  232  247  251  245  234  223  214  208  205
  201  196  189  182  176  176  185  201  223
    47.5-180.0 180.0   5.0 450.0                            LAT/LON1/LON2/DLON/H
  236  262  284  297  297  286  268  251  239  238  246  261  278  294  308  320
  329  333  331  318  296  269  243  222  207  200  195  191  186  179  171  164
  158  154  150  146  143  143  147  154  164  172  178  180  181  179  175  169
  160  150  144  146  159  184  214  242  262  271  270  262  251  242  234  228
  222  216  208  199  192  190  197  212  236
    45.0-180.0 180.0   5.0 450.0                            LAT/LON1/LON2/DLON/H
  261  288  317  340  352  351  337  317  296  280  275  280  292  306  320  331
  340  344  343  333  316  296  275  258  245  234  224  212  201  190  181  175
  172  171  168  163  158  155  157  165  175  186  194  200  203  204  203  198
  188  175  164  160  169  191  223  255  282  297  303  301  295  288  282  276
  269  262  254  244  234  228  229  240  261
    42.5-180.0 180.0   5.0 450.0                            LAT/LON1/LON2/DLON/H
  294  317  348  378  402  413  408  389  361  333  315  309  313  323  333  341
  347  350  349  342  330  316  301  286  271  255  237  219  202  189  182  180
  183  185  184  179  171  165  165  172  184  198  209  218  223  227  228  225
  215  200  184  176  181  201  233  269  301  325  339  346  349  349  346  342
  337  330  320  309  296  284  277  280  294
    40.0-180.0 180.0   5.0 450.0                            LAT/LON1/LON2/DLON/H
  331  346  372  405  437  460  466  452  422  386  357  341  339  344  350  354
  356  356  355  350  341  330  317  301  282  260  235  212  195  184  182  187
  195  203  204  197  186  176  174  181  195  211  225  235  242  247  249  246
  236  220  202  189  190  208  239  277  315  346  371  389  403  413  418  418
  415  408  398  384  367  349  334  327  331
    37.5-180.0 180.0   5.0 450.0                            LAT/LON1/LON2/DLON/H
  370  375  392  420  455  486  503  498  470  430  394  372  365  367  370  371
  369  368  366  361  351  339  323  303  279  251  224  203  190  187  192  204
  219  231  233  225  209  196  191  198  213  230  245  255  261  264  264  260
  248  231  211  196  194  208  238  277  318  357  392  422  449  470  484  492
  492  487  476  459  438  415  393  377  370
    35.0-180.0 180.0   5.0 450.0                            LAT/LON1/LON2/DLON/H
  416  408  412  430  461  495  521  524  502  463  424  399  390  391  392  391
  388  386  383  375  361  342  319  294  267  240  217  205  203  211  225  244
  262  276  278  266  247  229  222  227  242  259  272  279  280  278  273  265
  250  231  210  194  189  200  227  266  310  355  398  440  479  512  537  553
  558  556  545  527  503  478  453  432  416
    32.5-180.0 180.0   5.0 450.0                            LAT/LON1/LON2/DLON/H
  471  455  445  449  469  500  529  540  525  489  450  423  414  414  415  413
  410  407  403  391  368  340  310  281  256  237  227  231  245  266  287  308
  326  338  337  322  298  277  267  271  284  298  306  307  301  290  277  262
  243  222  200  183  176  185  210  247  293  342  392  443  491  535  570  594
  607  609  600  583  560  536  513  491  471
    30.0-180.0 180.0   5.0 450.0                            LAT/LON1/LON2/DLON/H
  542  521  500  489  495  517  545  560  550  518  479  451  440  439  438  434
  431  428  421  402  370  332  298  273  258  255  265  289  321  351  375  392
  405  411  405  386  358  333  321  323  333  343  345  338  322  301  278  254
  231  208  186  168  160  166  189  226  273  325  380  436  491  541  584  617
  637  645  641  628  611  593  576  560  542
    27.5-180.0 180.0   5.0 450.0                            LAT/LON1/LON2/DLON/H
  628  609  584  562  553  564  586  602  594  563  522  490  474  467  461  454
  447  442  430  404  364  322  291  278  283  302  334  378  421  456  475  483
  485  482  470  446  415  389  376  376  383  388  383  367  341  309  276  245
  218  193  171  154  145  149  170  207  257  312  370  427  484  537  584  622
  650  666  670  666  658  651  645  639  628
    25.0-180.0 180.0   5.0 450.0                            LAT/LON1/LON2/DLON/H
  725  714  692  666  648  648  663  675  668  635  589  549  523  506  490  473
  459  448  430  397  353  315  298  307  336  378  429  483  530  559  567  560
  549  536  517  489  458  433  421  421  426  426  415  390  355  314  274  238
  208  184  163  146  136  139  159  198  251  309  368  424  478  529  576  618
  651  676  692  700  706  712  719  725  725
    22.5-180.0 180.0   5.0 450.0                            LAT/LON1/LON2/DLON/H
  823  825  813  792  772  766  774  783  773  737  684  633  593  561  529  497
  470  450  425  388  347  322  328  365  418  476  533  585  622  637  627  604
  579  557  534  507  478  456  447  448  453  450  435  405  363  317  272  235
  206  183  163  146  135  136  158  200  258  320  379  431  478  524  567  609
  647  681  709  733  754  774  794  812  823
    20.0-180.0 180.0   5.0 450.0                            LAT/LON1/LON2/DLON/H
  909  923  928  920  908  902  907  914  903  863  803  740  685  634  582  531
  488  455  423  387  357  353  388  451  521  580  625  658  674  667  639  602
  569  543  520  495  471  455  452  457  462  458  441  409  365  317  273  237
  211  190  171  153  141  142  166  213  276  342  400  447  487  524  562  602
  641  682  722  762  800  834  864  888  909
    17.5-180.0 180.0   5.0 450.0                            LAT/LON1/LON2/DLON/H
  970  995 1017 1029 1030 1032 1040 1048 1038  998  933  861  793  726  654  583
  522  477  440  408  394  415  477  559  629  670  684  683  670  641  600  556
  521  497  478  460  444  437  440  448  455  453  436  404  361  315  274  244
  222  204  185  166  151  152  178  231  300  370  426  468  500  530  562  597
  637  681  732  786  839  885  920  946  970
    15.0-180.0 180.0   5.0 450.0                            LAT/LON1/LON2/DLON/H
 1001 1032 1068 1100 1120 1133 1149 1163 1158 1122 1059  984  908  828  742  654
  578  523  484  461  464  509  589  672  723  725  693  650  608  564  519  479
  452  436  426  417  411  413  421  432  439  438  423  394  354  312  277  252
  235  219  199  178  161  163  191  249  323  394  449  486  512  537  565  597
  634  679  736  801  866  921  957  979 1001
    12.5-180.0 180.0   5.0 450.0                            LAT/LON1/LON2/DLON/H
 1003 1033 1078 1126 1163 1190 1215 1238 1243 1216 1161 1091 1016  933  838  741
  657  598  562  548  567  624  706  771  782  731  648  566  504  458  422  397
  384  382  383  384  388  397  408  418  423  420  407  381  345  308  278  260
  247  231  209  185  167  169  201  262  338  410  462  494  517  540  567  597
  631  674  732  804  878  938  973  989 1003
    10.0-180.0 180.0   5.0 450.0                            LAT/LON1/LON2/DLON/H
  986 1010 1057 1113 1161 1200 1234 1265 1281 1269 1227 1169 1103 1026  934  837
  753  696  666  662  687  743  807  834  791  684  556  450  385  354  340  338
  344  355  366  375  387  401  411  415  412  405  392  368  335  302  278  263
  252  235  211  185  167  170  204  266  343  411  459  488  511  536  566  596
  627  667  722  795  874  938  972  981  986
     7.5-180.0 180.0   5.0 450.0                            LAT/LON1/LON2/DLON/H
  964  979 1021 1077 1130 1173 1212 1250 1277 1278 1253 1212 1161 1096 1015  928
  854  806  785  784  805  842  869  844  745  592  438  332  287  286  303  326
  349  369  385  399  415  429  433  425  410  395  378  355  324  294  272  260
  249  230  204  176  159  165  200  262  336  400  443  469  493  523  558  592
  622  657  706  776  855  923  960  966  964
     5.0-180.0 180.0   5.0 450.0                            LAT/LON1/LON2/DLON/H
  951  959  992 1041 1089 1130 1170 1209 1242 1254 1244 1220 1186 1138 1073 1002
  944  910  895  892  896  899  876  796  650  472  323  245  241  280  329  370
  402  423  438  452  466  476  470  446  415  387  364  340  310  282  262  250
  237  217  189  162  147  155  192  252  321  379  417  441  467  503  545  584
  614  645  688  750  827  898  942  954  951
     2.5-180.0 180.0   5.0 450.0                            LAT/LON1/LON2/DLON/H
  953  961  986 1024 1063 1096 1129 1165 1196 1214 1214 1202 1182 1149 1101 1049
 1010  990  979  965  941  900  824  697  526  354  240  216  266  345  416  465
  492  504  510  518  528  530  511  470  420  379  348  321  292  265  245  233
  220  197  169  145  134  144  180  237  300  352  386  410  438  479  528  571
  605  632  668  722  794  868  923  948  953
