ionex_files/COD0OPSFIN_20250770000_01D_01H_GIM.INX
     1.0            IONOSPHERE MAPS     GNSS                IONEX VERSION / TYPE
ADDNEQ2 V5.5        AIUB                22-MAR-25 19:01     PGM / RUN BY / DATE 
CODE'S GLOBAL IONOSPHERE MAPS FOR DAY 077, 2025             COMMENT             
Global ionosphere maps (GIM) are generated on a daily basis DESCRIPTION         
at CODE using data from about 300 GNSS sites of the IGS and DESCRIPTION         
other institutions. The vertical total electron content     DESCRIPTION         
(VTEC) is modeled in a solar-geomagnetic reference frame    DESCRIPTION         
using a spherical harmonics expansion up to degree and      DESCRIPTION         
order 15. Piece-wise linear functions are used for          DESCRIPTION         
representation in the time domain. The time spacing of      DESCRIPTION         
their vertices is 1 hour, conforming with the epochs of the DESCRIPTION         
VTEC maps.                                                  DESCRIPTION         
To convert line-of-sight TEC into vertical TEC, a modified  DESCRIPTION         
single-layer model mapping function approximating the JPL   DESCRIPTION         
extended slab model mapping function is adopted. The        DESCRIPTION         
mapping function is evaluated at geodetic satellite         DESCRIPTION         
elevation angles. For the computation of the ionospheric    DESCRIPTION         
pierce points, a spherical layer with a radius of 6821 km   DESCRIPTION         
is assumed, implying geocentric, not geodetic IONEX         DESCRIPTION         
latitudes.                                                  DESCRIPTION         
Instrumental biases with respect to each involved GNSS code DESCRIPTION         
observable are estimated as constant values for each        DESCRIPTION         
day. They are modeled with one set of bias parameters for   DESCRIPTION         
each satellite and each station in case of GPS and for each DESCRIPTION         
satellite-station link in case of GLONASS. The code bias    DESCRIPTION         
datum is defined by zero-mean conditions imposed on the     DESCRIPTION         
satellite bias estimates. In this file, just GPS C1W-C2W    DESCRIPTION         
satellite and station bias values are included. The         DESCRIPTION         
complete set of GNSS code bias results is provided in an    DESCRIPTION         
additional Bias-SINEX file as pseudo-absolute values        DESCRIPTION         
specific to each observable.                                DESCRIPTION         
Note: These GIM results correspond to the results for the   DESCRIPTION         
middle day of a 3-day combination analysis solving for 73   DESCRIPTION         
times 256, or 18688 VTEC parameters and 3 daily sets of     DESCRIPTION         
GNSS code bias parameters.                                  DESCRIPTION         
Contact address: code(at)aiub.unibe.ch                      DESCRIPTION         
Data archive:    ftp.aiub.unibe.ch/CODE/                    DESCRIPTION         
                 www.aiub.unibe.ch/download/CODE/           DESCRIPTION         
  2025     3    18     0     0     0                        EPOCH OF FIRST MAP  
  2025     3    19     0     0     0                        EPOCH OF LAST MAP   
  3600                                                      INTERVAL            
[...]
azgb badg bake barh bjfs bndy boav bogt bor1 braz brft brst COMMENT             
brux cags cas1 ccj2 cedu chpg chti chur ckis coco cord cpvg COMMENT             
cpxf cro1 daej darw dav1 dgar dhlg drao dubo faa1 fair flin COMMENT             
flrs frdn func ganp glps glsv gode gol2 gold gope gras graz COMMENT             
guam guug harb hers hert hlfx hnpt hob2 hofn holb hrao iddr COMMENT             
ieng iisc impz ineg invk iqal irkj jog2 joz2 karr kerg kir0 COMMENT             
kiri kiru kit3 kokb kokv koug kour krgg lama laut lmmf lpal COMMENT             
lpgs mac1 madr mal2 mana mas1 mat1 mate maui maw1 mcil mcm4 COMMENT             
mdo1 medi mgue mizu mkea mnls mobs monp morp mqzg mro1 mtka COMMENT             
nano naur nico nist nium nklg nlib nnor nrc1 ntus nya1 nyal COMMENT             
onsa opmt ous2 pado parc park pdel penc pert pie1 pimo pohn COMMENT             
pol2 polv pots pove ptag ptbb ptvl qaq1 quin rabt ramo reun COMMENT             
reyk rgdg rio2 roth salu samo sant savo sch2 scor scrz sctb COMMENT             
scub seyg sfer sofi spt0 ssia sthl stjo stk2 str2 suth sutm COMMENT             
suwn sydn syog tash thtg thti thu2 tid1 tidb tlse tn22 tong COMMENT             
tow2 tro1 tskb twtf txes uclu ufpr ulab unb3 unbj unsa urum COMMENT             
usn7 usud vald vill vtsp wab1 wab2 whit will wind wsrt wtza COMMENT             
wtzr wtzs wtzz wuhn xmis yar2 yar3 yarr yell ykro zeck zim2 COMMENT             
zim3 zimm                                                   COMMENT             
                                                            END OF HEADER       
[from data line 6006]
    15                                                      START OF TEC MAP    
  2025     3    18    14     0     0                        EPOCH OF CURRENT MAP
    87.5-180.0 180.0   5.0 450.0                            LAT/LON1/LON2/DLON/H
  271  273  276  279  282  285  288  292  295  298  302  305  308  311  313  316
  318  321  323  324  326  327  328  329  330  330  330  330  330  329  328  327
  326  324  322  320  318  316  313  310  308  305  302  299  296  294  291  288
  286  283  281  279  277  275  273  271  269  267  266  265  264  263  262  261
  261  261  262  262  264  265  266  268  271
    85.0-180.0 180.0   5.0 450.0                            LAT/LON1/LON2/DLON/H
  221  226  232  238  244  251  258  265  272  278  285  290  296  300  305  309
  312  316  319  321  324  326  328  330  332  333  334  335  335  334  333  332
  329  326  323  319  314  309  304  299  294  288  283  278  274  269  265  262
  258  255  252  249  247  244  241  238  235  232  229  226  222  219  216  214
  212  210  209  209  210  211  214  217  221
    82.5-180.0 180.0   5.0 450.0                            LAT/LON1/LON2/DLON/H
  165  172  180  190  200  211  221  231  241  250  258  265  271  275  279  282
  285  288  290  293  296  299  303  307  311  314  318  320  323  324  324  323
  321  317  312  307  300  293  285  277  269  261  254  247  242  237  234  231
  229  228  227  227  226  225  223  221  218  213  208  202  196  189  182  175
  169  163  159  156  154  154  156  160  165
    80.0-180.0 180.0   5.0 450.0                            LAT/LON1/LON2/DLON/H
  115  123  134  146  159  173  186  199  211  221  229  235  239  242  243  243
  243  243  244  246  250  254  260  267  275  282  290  297  302  306  309  309
  308  304  299  292  283  273  263  252  241  232  223  215  210  206  205  205
  207  210  214  218  222  225  226  226  223  218  211  203  192  181  169  156
  144  133  124  116  111  108  107  110  115
    77.5-180.0 180.0   5.0 450.0                            LAT/LON1/LON2/DLON/H
   84   91  102  115  130  146  162  176  188  198  205  208  209  207  204  200
  196  193  192  193  197  204  214  225  238  251  264  275  285  292  297  299
  298  295  289  280  270  259  246  233  220  209  199  191  186  184  185  190
  197  206  216  226  236  244  249  251  250  245  237  225  211  196  179  162
  145  129  114  101   91   84   80   80   84
    75.0-180.0 180.0   5.0 450.0                            LAT/LON1/LON2/DLON/H
   78   83   92  105  120  136  151  165  176  185  189  189  185  179  171  162
  154  148  146  147  154  164  179  196  214  233  250  266  279  288  294  297
  296  292  286  276  265  252  239  225  212  199  189  181  177  176  180  188
  200  214  230  247  262  274  283  288  287  282  273  259  244  226  206  187
  167  148  130  114   99   88   80   77   78
    72.5-180.0 180.0   5.0 450.0                            LAT/LON1/LON2/DLON/H
   96   98  104  114  127  141  154  166  175  180  181  178  171  161  149  136
  125  118  116  119  129  144  164  187  211  235  256  274  288  298  303  305
  303  298  290  280  269  256  243  230  217  206  196  189  185  185  190  200
  214  231  251  271  289  304  315  320  319  313  303  289  273  256  238  219
  201  183  166  149  132  118  107   99   96
    70.0-180.0 180.0   5.0 450.0                            LAT/LON1/LON2/DLON/H
  130  128  130  137  146  156  166  174  179  181  179  174  165  153  139  125
  114  107  106  113  127  148  173  201  230  256  279  297  311  319  322  322
  318  311  302  291  280  268  256  245  235  226  218  212  208  208  212  221
  234  250  270  289  307  321  331  334  331  324  313  299  285  271  258  245
  233  221  208  193  178  163  149  137  130
    67.5-180.0 180.0   5.0 450.0                            LAT/LON1/LON2/DLON/H
  167  161  160  163  168  174  179  182  183  181  177  171  163  152  140  128
  119  114  116  126  145  170  200  232  263  291  313  330  342  348  349  346
  340  331  321  309  297  286  276  268  261  256  251  246  243  241  241  245
  254  266  280  295  309  319  324  324  318  308  296  283  272  263  257  253
  250  247  241  233  221  207  191  178  167
    65.0-180.0 180.0   5.0 450.0                            LAT/LON1/LON2/DLON/H
  193  185  182  182  184  186  186  183  180  175  171  167  162  155  148  140
  134  132  138  151  173  202  235  268  300  327  349  364  375  380  381  378
  371  361  348  334  320  308  299  293  290  288  287  285  282  277  272  270
  270  274  281  288  295  299  298  292  282  270  257  245  237  233  233  238
  245  251  255  254  247  235  220  205  193
    62.5-180.0 180.0   5.0 450.0                            LAT/LON1/LON2/DLON/H
  198  190  187  188  188  187  182  175  167  161  158  157  157  158  157  154
  153  155  163  179  203  233  266  300  330  356  377  393  405  413  417  417
  412  402  386  368  350  334  322  316  316  319  322  323  320  312  302  292
  283  277  274  273  272  268  261  250  237  222  209  198  191  190  195  205
  219  233  245  250  248  239  225  210  198
    60.0-180.0 180.0   5.0 450.0                            LAT/LON1/LON2/DLON/H
  180  174  174  176  177  175  167  157  146  139  138  142  150  158  164  167
  170  175  185  202  226  256  289  320  349  375  396  415  432  446  457  463
  462  453  435  412  386  362  345  337  337  342  350  355  353  344  329  312
  294  279  267  258  249  240  228  214  199  184  171  160  154  152  156  167
  182  199  215  224  226  219  206  192  180
    57.5-180.0 180.0   5.0 450.0                            LAT/LON1/LON2/DLON/H
  147  143  146  152  155  153  145  132  121  114  116  126  140  155  167  176
  182  189  200  218  242  270  300  330  358  384  408  432  456  480  500  515
  520  512  492  463  428  394  368  354  352  360  371  379  380  372  354  331
  307  285  267  253  239  226  211  196  182  169  157  147  139  133  132  136
  147  161  176  186  189  183  171  157  147
    55.0-180.0 180.0   5.0 450.0                            LAT/LON1/LON2/DLON/H
  110  108  114  123  129  129  121  109   97   92   98  112  131  150  167  179
  188  197  209  227  251  278  307  335  362  389  418  448  480  513  544  566
  577  573  551  516  472  428  393  371  365  372  386  398  403  396  378  353
  325  300  279  261  246  231  216  203  191  181  173  164  153  142  131  125
  125  132  141  149  151  145  133  119  110
    52.5-180.0 180.0   5.0 450.0                            LAT/LON1/LON2/DLON/H
   81   80   87   98  107  109  103   92   82   80   88  105  126  148  165  179
  189  201  215  235  259  286  314  343  371  400  433  468  507  546  582  610
  625  624  603  565  516  464  419  390  379  384  399  415  423  418  401  377
  349  323  301  283  268  253  239  228  220  215  211  205  193  175  155  136
  123  119  121  125  125  118  105   91   81
    50.0-180.0 180.0   5.0 450.0                            LAT/LON1/LON2/DLON/H
   71   69   75   86   96   99   95   86   79   80   90  108  128  148  165  178
  190  204  222  245  272  301  330  360  390  422  457  495  534  573  609  638
  655  657  640  605  555  499  449  414  398  401  415  432  442  440  426  403
  376  351  330  313  297  282  269  259  255  255  256  254  243  222  193  164
  139  124  119  118  116  109   96   82   71
    47.5-180.0 180.0   5.0 450.0                            LAT/LON1/LON2/DLON/H
   83   78   81   89   98  101   98   92   89   93  104  120  138  153  167  180
  194  212  235  263  294  326  358  389  421  454  490  525  560  592  620  645
  663  670  661  633  589  537  486  447  427  425  437  453  464  464  451  430
  405  380  359  341  323  307  293  283  279  283  289  292  285  264  233  198
  166  143  132  127  125  119  108   94   83
    45.0-180.0 180.0   5.0 450.0                            LAT/LON1/LON2/DLON/H
  111  103  102  106  111  113  111  108  108  114  126  140  153  163  174  186
  204  227  256  290  327  362  395  427  460  493  526  556  580  600  617  635
  653  667  670  656  624  579  532  492  468  461  468  480  489  489  477  457
  431  406  382  360  340  320  302  289  284  287  296  304  303  288  260  225
  192  167  152  146  144  141  134  123  111
    42.5-180.0 180.0   5.0 450.0                            LAT/LON1/LON2/DLON/H
  147  137  131  130  130  130  128  126  130  139  151  162  170  177  186  200
  222  251  286  326  366  404  438  469  500  530  559  581  594  600  606  618
  638  662  681  684  667  632  590  550  522  509  509  515  520  518  505  484
  457  428  399  372  346  321  298  280  271  271  279  289  294  287  267  239
  210  186  172  166  166  166  164  157  147
    40.0-180.0 180.0   5.0 450.0                            LAT/LON1/LON2/DLON/H
  179  169  160  153  149  146  143  143  148  159  171  181  188  194  204  222
  248  282  323  367  410  448  479  506  532  559  583  598  603  600  599  611
  639  677  712  731  727  702  663  622  589  569  559  557  557  551  537  514
  485  452  417  384  352  322  295  272  255  248  250  259  266  266  256  238
  218  199  187  181  181  185  188  187  179
    37.5-180.0 180.0   5.0 450.0                            LAT/LON1/LON2/DLON/H
  201  191  179  169  162  156  152  152  159  171  184  194  203  212  228  252
  283  321  364  409  452  488  513  533  552  574  595  610  614  611  614  634
  675  729  779  811  814  790  751  706  667  637  618  607  600  591  576  553
  522  485  446  407  372  341  312  285  261  243  235  236  241  244  242  233
  221  208  197  190  189  194  201  205  201
    35.0-180.0 180.0   5.0 450.0                            LAT/LON1/LON2/DLON/H
  210  201  187  175  166  159  154  153  159  171  186  200  214  231  256  287
  323  362  405  450  491  522  539  549  560  578  600  621  635  645  663  701
  759  829  890  925  926  897  849  797  750  711  683  663  651  639  625  604
  574  537  496  456  422  394  368  341  311  281  258  245  241  241  240  237
  231  221  210  199  194  196  204  211  210
    32.5-180.0 180.0   5.0 450.0                            LAT/LON1/LON2/DLON/H
  209  199  184  172  163  156  150  147  151  163  179  198  220  249  285  324
  364  403  444  487  525  550  558  557  560  577  606  641  675  709  752  813
  892  973 1037 1066 1055 1012  952  890  834  787  750  724  708  697  686  670
  645  612  574  538  509  489  471  448  415  374  335  304  285  275  268  264
  258  249  234  216  203  199  204  211  209
    30.0-180.0 180.0   5.0 450.0                            LAT/LON1/LON2/DLON/H
  206  193  176  163  156  150  143  137  139  149  166  191  223  264  312  360
  402  439  478  519  555  574  573  563  561  580  622  678  738  802  874  960
 1054 1142 1201 1215 1184 1122 1048  976  914  861  819  788  770  761  756  748
  732  708  677  648  629  619  613  598  565  516  462  414  377  351  333  320
  310  296  276  250  226  212  210  211  206
    27.5-180.0 180.0   5.0 450.0                            LAT/LON1/LON2/DLON/H
  208  188  168  155  150  146  138  130  127  134  152  181  222  275  335  389
  432  467  504  544  579  595  588  573  571  598  656  734  822  914 1011 1115
 1219 1303 1349 1343 1292 1212 1126 1049  984  930  886  853  835  829  830  831
  826  812  791  770  759  761  767  762  733  681  618  556  504  463  430  404
  384  364  336  300  265  240  227  220  208
    25.0-180.0 180.0   5.0 450.0                            LAT/LON1/LON2/DLON/H
  218  191  166  153  149  147  139  129  122  125  141  171  219  281  348  407
  450  484  521  562  598  614  606  591  595  635  710  809  917 1028 1140 1250
 1349 1422 1450 1425 1357 1267 1178 1103 1043  991  948  916  898  894  901  910
  913  908  893  877  871  880  895  900  879  831  766  700  641  588  541  502
  471  442  407  364  318  282  258  240  218
    22.5-180.0 180.0   5.0 450.0                            LAT/LON1/LON2/DLON/H
  237  201  172  157  155  155  148  135  124  123  135  164  213  279  351  413
  457  491  529  574  613  630  626  618  635  690  781  892 1010 1125 1234 1334
 1418 1471 1481 1444 1370 1282 1201 1138 1088 1044 1004  973  955  952  960  972
  978  975  960  941  932  941  960  974  963  925  870  811  754  699  645  595
  553  516  476  427  375  330  296  268  237
    20.0-180.0 180.0   5.0 450.0                            LAT/LON1/LON2/DLON/H
  259  217  184  168  166  168  161  147  134  129  136  161  207  273  345  408
  453  490  532  581  623  643  645  651  685  758  860  974 1085 1187 1277 1353
 1411 1442 1439 1399 1332 1259 1198 1154 1121 1087 1052 1021 1003  998 1002 1009
 1011 1000  976  944  922  921  938  957  958  936  900  860  819  773  720  664
  615  572  528  478  423  374  334  298  259
    17.5-180.0 180.0   5.0 450.0                            LAT/LON1/LON2/DLON/H
  279  234  198  181  180  182  176  163  149  141  144  162  202  263  333  396
  444  486  533  586  630  652  663  685  740  829  936 1041 1132 1206 1264 1307
 1334 1346 1337 1306 1260 1213 1179 1159 1144 1121 1091 1060 1039 1028 1024 1020
 1008  981  936  882  838  820  829  851  864  862  851  839  824  797  753  698
  645  598  554  504  451  402  361  322  279
    15.0-180.0 180.0   5.0 450.0                            LAT/LON1/LON2/DLON/H
  292  247  212  194  193  194  189  177  165  157  156  167  199  254  321  384
  435  483  537  592  634  658  677  717  793  895 1000 1085 1146 1185 1206 1214
 1215 1213 1208 1196 1178 1162 1156 1160 1160 1147 1119 1088 1063 1045 1029 1009
  976  926  854  772  700  662  661  683  708  726  742  761  777  774  745  696
  642  594  550  504  456  411  372  334  292
    12.5-180.0 180.0   5.0 450.0                            LAT/LON1/LON2/DLON/H
  298  256  222  205  201  200  195  186  178  173  171  177  202  250  313  377
  433  488  547  602  641  664  690  746  839  949 1044 1105 1132 1136 1124 1106
 1090 1085 1092 1104 1114 1125 1142 1161 1172 1163 1137 1104 1075 1051 1024  987
  932  856  756  645  548  490  480  503  538  574  612  657  700  722  709  668
  616  567  524  483  441  402  369  336  298
    10.0-180.0 180.0   5.0 450.0                            LAT/LON1/LON2/DLON/H
  300  263  231  212  204  199  193  186  184  185  185  190  210  253  314  379
  441  502  565  618  652  672  704  772  877  987 1067 1102 1100 1077 1046 1015
  996  998 1022 1057 1088 1115 1142 1166 1179 1171 1143 1109 1079 1051 1017  967
  895  797  675  542  427  357  343  368  410  456  507  567  627  665  665  631
  581  532  491  454  418  387  360  333  300
     7.5-180.0 180.0   5.0 450.0                            LAT/LON1/LON2/DLON/H
  305  272  241  219  205  193  184  180  184  192  197  204  223  265  325  391
  458  524  589  641  670  688  722  798  907 1011 1072 1084 1061 1028  994  968
  958  975 1017 1067 1107 1134 1156 1173 1181 1168 1139 1104 1075 1049 1014  960
  880  772  639  497  377  306  294  324  368  414  463  523  585  627  632  602
  553  505  466  433  403  377  355  333  305
     5.0-180.0 180.0   5.0 450.0                            LAT/LON1/LON2/DLON/H
  318  286  255  228  206  186  172  169  178  193  206  217  240  282  343  411
  480  550  616  667  694  711  749  827  932 1022 1065 1059 1029 1000  980  972
  982 1018 1073 1128 1161 1173 1175 1177 1173 1154 1122 1089 1065 1045 1018  970
  895  791  662  528  417  358  355  389  431  466  499  542  589  621  622  591
  544  498  461  432  406  384  365  344  318
     2.5-180.0 180.0   5.0 450.0                            LAT/LON1/LON2/DLON/H
  342  309  275  242  210  181  161  157  170  191  210  228  256  302  364  432
  501  572  639  691  720  741  781  858  952 1025 1050 1035 1009  998 1003 1021
 1053 1105 1166 1214 1228 1213 1188 1168 1152 1127 1094 1064 1046 1037 1025  995
  937  851  741  628  540  501  513  550  583  598  604  615  634  646  635  601
  555  512  480  454  431  410  390  369  342
