ionex_files/COD0OPSFIN_20250790000_01D_01H_GIM.INX
     1.0            IONOSPHERE MAPS     GNSS                IONEX VERSION / TYPE
ADDNEQ2 V5.5        AIUB                24-MAR-25 19:02     PGM / RUN BY / DATE 
CODE'S GLOBAL IONOSPHERE MAPS FOR DAY 079, 2025             COMMENT             
Global ionosphere maps (GIM) are generated on a daily basis DESCRIPTION         
at CODE using data from about 300 GNSS sites of the IGS and DESCRIPTION         
other institutions. The vertical total electron content     DESCRIPTION         
(VTEC) is modeled in a solar-geomagnetic reference frame    DESCRIPTION         
using a spherical harmonics expansion up to degree and      DESCRIPTION         
order 15. Piece-wise linear functions are used for          DESCRIPTION         
representation in the time domain. The time spacing of      DESCRIPTION         
their vertices is 1 hour, conforming with the epochs of the DESCRIPTION         
VTEC maps.                                                  DESCRIPTION         
To convert line-of-sight TEC into vertical TEC, a modified  DESCRIPTION         
single-layer model mapping function approximating the JPL   DESCRIPTION         
extended slab model mapping function is adopted. The        DESCRIPTION         
mapping function is evaluated at geodetic satellite         DESCRIPTION         
elevation angles. For the computation of the ionospheric    DESCRIPTION         
pierce points, a spherical layer with a radius of 6821 km   DESCRIPTION         
is assumed, implying geocentric, not geodetic IONEX         DESCRIPTION         
latitudes.                                                  DESCRIPTION         
Instrumental biases with respect to each involved GNSS code DESCRIPTION         
observable are estimated as constant values for each        DESCRIPTION         
day. They are modeled with one set of bias parameters for   DESCRIPTION         
each satellite and each station in case of GPS and for each DESCRIPTION         
satellite-station link in case of GLONASS. The code bias    DESCRIPTION         
datum is defined by zero-mean conditions imposed on the     DESCRIPTION         
satellite bias estimates. In this file, just GPS C1W-C2W    DESCRIPTION         
satellite and station bias values are included. The         DESCRIPTION         
complete set of GNSS code bias results is provided in an    DESCRIPTION         
additional Bias-SINEX file as pseudo-absolute values        DESCRIPTION         
specific to each observable.                                DESCRIPTION         
Note: These GIM results correspond to the results for the   DESCRIPTION         
middle day of a 3-day combination analysis solving for 73   DESCRIPTION         
times 256, or 18688 VTEC parameters and 3 daily sets of     DESCRIPTION         
GNSS code bias parameters.                                  DESCRIPTION         
Contact address: code(at)aiub.unibe.ch                      DESCRIPTION         
Data archive:    ftp.aiub.unibe.ch/CODE/                    DESCRIPTION         
                 www.aiub.unibe.ch/download/CODE/           DESCRIPTION         
  2025     3    20     0     0     0                        EPOCH OF FIRST MAP  
  2025     3    21     0     0     0                        EPOCH OF LAST MAP   
  3600                                                      INTERVAL            
[...]
abpo albh algo alic amu2 antc areg areq ascg aspa auck azgb COMMENT             
badg bake barh bjfs bndy boav bogt bor1 braz brft brst brux COMMENT             
cags cas1 ccj2 cedu chpg chti ckis coco cord cpvg cpxf cro1 COMMENT             
daej darw dav1 dgar dhlg drao dubo faa1 fair flin flrs frdn COMMENT             
func ganp glps glsv gode gol2 gold gope gras graz guam guat COMMENT             
guug harb hers hert hlfx hnpt hob2 hofn hrao hyde iddr ieng COMMENT             
iisc impz ineg invk iqal irkj jog2 joz2 karr kerg kir0 kiri COMMENT             
kiru kit3 kokb kokv koug kour krgg lama laut lmmf lpal lpgs COMMENT             
mac1 madr mal2 mana mas1 mat1 mate maui maw1 mcm4 mdo1 medi COMMENT             
mgue mizu mkea mnls mobs morp mqzg mro1 mtka nano naur nico COMMENT             
nist nium nklg nlib nnor nrc1 ntus nya1 nyal onsa opmt ous2 COMMENT             
pado parc park pdel penc pert pie1 pimo pohn pol2 polv pots COMMENT             
pove ptag ptbb ptvl qaq1 quin rabt ramo reun reyk rgdg rio2 COMMENT             
roth salu sant savo sch2 scor scrz sctb scub seyg sfer sofi COMMENT             
spt0 ssia sthl stjo stk2 str2 suth sutm suwn sydn syog tash COMMENT             
thtg thti thu2 tid1 tidb tlse tn22 tong tow2 tro1 tskb twtf COMMENT             
txes uclu ufpr ulab unb3 unbj unsa urum usn7 usud vald vill COMMENT             
vtsp wab1 wab2 wark wgtn whit will wind wsrt wtza wtzr wtzs COMMENT             
wtzz wuhn xmis yar2 yar3 yarr yell ykro zeck zim2 zim3 zimm COMMENT             
                                                            END OF HEADER       
[from data line 6435]
    16                                                      START OF TEC MAP    
  2025     3    20    15     0     0                        EPOCH OF CURRENT MAP
    87.5-180.0 180.0   5.0 450.0                            LAT/LON1/LON2/DLON/H
  258  260  261  263  265  267  270  273  276  279  282  285  288  291  294  297
  300  303  306  308  310  312  314  315  316  317  317  318  318  317  317  316
  316  315  313  312  311  309  308  306  304  302  301  299  297  295  294  292
  290  288  286  285  283  281  279  277  275  273  271  269  267  265  263  262
  260  259  258  258  257  257  257  258  258
    85.0-180.0 180.0   5.0 450.0                            LAT/LON1/LON2/DLON/H
  215  217  220  223  228  232  238  244  250  257  264  271  278  284  291  297
  303  308  313  318  322  325  328  330  332  333  334  334  334  333  331  330
  327  325  322  319  316  313  310  307  304  301  299  296  294  292  291  289
  288  286  285  283  281  279  276  273  269  265  261  257  252  247  242  237
  232  227  224  220  218  216  215  215  215
    82.5-180.0 180.0   5.0 450.0                            LAT/LON1/LON2/DLON/H
  171  173  176  181  187  194  202  211  221  231  241  251  261  271  280  289
  297  304  311  317  322  326  330  333  336  337  338  338  338  337  335  332
  329  326  322  317  313  308  304  300  296  293  291  289  288  287  287  288
  289  290  291  291  291  290  288  285  281  275  269  261  252  243  233  223
  213  204  196  188  182  177  173  172  171
    80.0-180.0 180.0   5.0 450.0                            LAT/LON1/LON2/DLON/H
  136  137  140  145  152  160  170  181  193  205  218  230  242  253  264  274
  283  292  299  306  312  317  321  325  328  330  332  333  333  333  331  329
  325  321  317  312  306  301  296  291  287  284  282  282  282  284  287  291
  296  301  306  310  314  316  316  314  310  303  294  283  270  256  241  225
  210  195  181  169  158  149  143  138  136
    77.5-180.0 180.0   5.0 450.0                            LAT/LON1/LON2/DLON/H
  119  118  120  124  131  140  150  162  174  187  200  213  225  237  248  258
  267  276  283  290  296  301  306  310  314  317  320  322  324  324  324  322
  320  316  312  307  301  296  291  286  282  279  278  279  281  285  291  299
  307  317  326  335  343  349  352  352  348  341  330  316  299  280  261  240
  220  201  182  166  151  139  130  123  119
    75.0-180.0 180.0   5.0 450.0                            LAT/LON1/LON2/DLON/H
  122  119  120  123  129  136  145  156  167  178  190  202  213  224  235  245
  254  262  269  276  282  287  292  296  300  304  308  311  313  315  315  315
  314  312  309  305  300  295  291  286  283  281  281  282  285  291  298  307
  319  331  344  357  369  378  384  386  383  375  363  347  327  306  283  260
  238  216  196  178  161  147  136  127  122
    72.5-180.0 180.0   5.0 450.0                            LAT/LON1/LON2/DLON/H
  141  137  136  137  141  147  154  162  171  180  189  198  208  218  228  238
  247  255  263  269  275  280  284  289  293  296  299  302  304  306  307  308
  308  308  307  304  302  298  295  292  290  289  289  290  293  298  304  313
  324  337  351  366  380  391  399  403  400  393  379  362  341  319  296  274
  252  232  214  197  182  169  157  148  141
    70.0-180.0 180.0   5.0 450.0                            LAT/LON1/LON2/DLON/H
  166  161  159  160  162  166  171  176  181  187  193  200  208  217  227  237
  247  257  265  272  278  283  287  290  293  296  297  298  298  299  300  301
  302  303  304  304  304  303  302  301  300  300  300  301  301  303  306  311
  318  328  341  355  369  381  390  394  391  383  369  351  331  309  289  270
  253  239  226  215  203  192  182  173  166
    67.5-180.0 180.0   5.0 450.0                            LAT/LON1/LON2/DLON/H
  184  180  177  178  180  183  186  189  191  194  197  201  208  217  229  241
  253  264  274  282  289  294  298  301  303  303  301  298  295  293  291  292
  294  297  300  304  306  308  309  311  311  312  312  311  308  305  302  300
  301  305  313  323  335  346  354  357  354  345  331  312  293  273  257  244
  235  229  224  220  214  208  200  191  184
    65.0-180.0 180.0   5.0 450.0                            LAT/LON1/LON2/DLON/H
  186  182  180  181  184  188  191  193  194  195  196  199  206  216  229  245
  260  275  287  298  306  312  316  319  318  316  310  303  295  288  284  283
  286  290  297  303  308  313  316  319  321  322  322  319  313  304  293  283
  276  272  273  278  286  294  300  302  297  287  271  253  234  217  205  198
  197  199  204  207  208  206  200  193  186
    62.5-180.0 180.0   5.0 450.0                            LAT/LON1/LON2/DLON/H
  167  162  162  165  170  176  181  185  186  186  187  191  198  211  227  246
  266  284  300  313  323  330  336  339  338  333  324  312  299  288  280  278
  280  287  296  305  313  319  324  327  330  331  330  325  315  301  284  266
  251  239  233  233  236  240  243  242  235  223  207  188  169  154  145  142
  147  157  168  178  184  185  181  174  167
    60.0-180.0 180.0   5.0 450.0                            LAT/LON1/LON2/DLON/H
  130  125  125  130  138  148  156  163  167  169  172  178  187  202  222  245
  269  292  311  326  338  348  356  360  360  355  344  328  310  295  284  280
  283  291  302  314  323  330  334  337  339  340  338  332  320  302  280  256
  235  217  206  200  198  198  197  193  185  172  155  136  117  102   93   92
   99  112  127  140  149  151  146  138  130
    57.5-180.0 180.0   5.0 450.0                            LAT/LON1/LON2/DLON/H
   87   80   80   85   96  108  121  132  141  148  155  163  175  193  216  243
  271  298  320  337  352  364  375  382  385  381  369  351  331  312  299  294
  296  306  318  330  340  346  349  350  350  350  347  340  328  309  285  259
  235  214  199  190  183  179  174  167  158  145  129  111   92   76   65   62
   66   77   91  105  113  114  108   97   87
    55.0-180.0 180.0   5.0 450.0                            LAT/LON1/LON2/DLON/H
   51   42   39   44   55   69   85  101  116  130  142  154  169  188  213  243
  275  304  329  348  365  380  394  407  414  412  402  384  362  342  327  320
  321  329  342  354  363  367  368  367  364  362  359  352  340  323  300  276
  252  232  217  204  195  186  178  169  158  147  134  118  101   84   69   60
   58   63   72   82   87   86   77   64   51
    52.5-180.0 180.0   5.0 450.0                            LAT/LON1/LON2/DLON/H
   34   22   16   18   27   41   58   77   98  119  138  154  171  191  217  249
  283  315  342  363  381  399  417  435  446  449  441  425  403  382  365  355
  354  360  370  381  389  392  391  387  382  377  373  367  357  343  324  303
  283  266  251  238  225  213  201  190  181  172  164  153  138  121  102   86
   76   73   75   79   81   77   66   51   34
    50.0-180.0 180.0   5.0 450.0                            LAT/LON1/LON2/DLON/H
   43   28   18   16   20   30   46   67   93  120  145  166  184  204  230  263
  299  333  360  382  401  422  445  467  483  489  484  470  449  428  409  395
  389  390  397  407  415  418  415  409  401  395  390  384  376  365  350  334
  318  304  290  276  262  246  231  219  211  207  204  200  191  175  154  132
  114  102   96   95   94   89   78   61   43
    47.5-180.0 180.0   5.0 450.0                            LAT/LON1/LON2/DLON/H
   75   58   46   38   36   40   51   72  101  133  164  188  207  226  251  284
  322  357  385  407  427  449  475  501  520  529  526  513  494  472  451  433
  421  416  420  429  438  443  441  433  423  414  407  401  395  385  373  360
  347  334  322  307  291  273  256  242  235  236  240  242  239  227  206  182
  158  140  129  124  122  118  108   93   75
    45.0-180.0 180.0   5.0 450.0                            LAT/LON1/LON2/DLON/H
  121  105   90   78   69   66   71   88  117  154  189  216  235  253  277  311
  350  386  414  435  455  478  506  534  555  564  562  550  531  509  486  463
  446  437  439  449  461  469  468  460  447  436  427  419  412  402  390  377
  364  351  338  323  305  286  267  252  246  248  257  266  269  262  244  221
  196  175  161  155  154  153  148  137  121
    42.5-180.0 180.0   5.0 450.0                            LAT/LON1/LON2/DLON/H
  167  153  138  124  111  101   98  110  137  175  213  243  263  281  305  340
  380  416  443  463  482  506  535  563  582  590  586  574  556  535  511  486
  466  456  459  473  490  502  503  493  478  463  451  440  430  417  402  386
  370  354  340  325  307  288  268  251  243  245  254  266  273  272  260  240
  219  199  186  180  181  184  185  179  167
    40.0-180.0 180.0   5.0 450.0                            LAT/LON1/LON2/DLON/H
  201  190  178  164  149  134  125  130  154  192  232  264  286  305  331  368
  409  445  470  487  505  529  557  583  600  604  598  586  570  552  530  508
  490  484  492  513  536  551  552  540  520  500  483  468  453  435  415  393
  372  354  339  326  311  293  272  252  239  236  242  252  260  261  255  242
  226  210  199  194  196  203  208  208  201
    37.5-180.0 180.0   5.0 450.0                            LAT/LON1/LON2/DLON/H
  216  209  200  190  176  159  145  144  164  200  241  276  301  323  353  393
  435  470  492  506  522  545  572  595  607  607  600  589  578  565  551  537
  528  532  550  579  607  624  622  603  577  551  529  509  488  465  438  411
  386  366  353  344  334  319  297  272  251  239  237  241  246  247  244  237
  226  215  204  199  200  208  216  219  216
    35.0-180.0 180.0   5.0 450.0                            LAT/LON1/LON2/DLON/H
  212  207  202  197  188  172  156  150  165  199  240  278  308  335  370  414
  457  491  509  521  535  557  582  600  608  605  598  592  588  585  583  583
  591  610  641  679  710  723  714  686  651  618  590  566  541  512  481  449
  423  405  398  397  394  383  359  327  295  272  260  256  254  251  247  242
  235  225  213  203  200  203  210  214  212
    32.5-180.0 180.0   5.0 450.0                            LAT/LON1/LON2/DLON/H
  197  192  190  190  186  175  159  150  160  191  233  275  310  344  385  432
  476  508  524  534  547  568  589  603  607  604  602  603  610  620  634  654
  683  721  766  810  840  844  823  784  739  700  668  640  612  580  546  514
  490  479  482  491  497  488  461  420  378  345  324  311  301  291  282  274
  266  253  235  217  204  200  200  200  197
    30.0-180.0 180.0   5.0 450.0                            LAT/LON1/LON2/DLON/H
  181  174  172  176  178  171  158  148  154  182  225  269  311  351  398  448
  493  523  537  547  562  582  600  609  611  611  617  631  651  676  709  750
  801  858  915  960  983  975  939  887  834  791  757  728  698  665  631  602
  584  583  598  620  633  625  592  543  493  454  429  411  394  375  357  342
  327  307  279  249  223  207  198  190  181
    27.5-180.0 180.0   5.0 450.0                            LAT/LON1/LON2/DLON/H
  175  162  158  164  170  168  158  148  152  177  219  267  313  360  410  462
  507  536  552  564  581  601  616  622  623  631  650  678  713  753  803  864
  934 1005 1067 1109 1119 1095 1044  982  925  881  848  820  790  758  726  700
  689  698  725  758  777  766  726  670  617  581  560  544  525  498  469  442
  416  385  345  300  260  230  210  192  175
    25.0-180.0 180.0   5.0 450.0                            LAT/LON1/LON2/DLON/H
  184  164  155  159  167  169  162  153  155  178  219  269  319  370  423  475
  519  549  568  586  607  628  640  643  647  665  700  745  793  844  906  981
 1063 1141 1201 1231 1225 1185 1122 1055  999  960  931  905  877  845  814  789
  782  797  833  872  892  877  830  771  722  697  690  686  670  638  598  558
  519  475  422  365  311  269  237  209  184
    22.5-180.0 180.0   5.0 450.0                            LAT/LON1/LON2/DLON/H
  205  178  165  165  173  176  171  163  164  185  225  275  329  381  435  486
  529  561  585  610  637  660  671  673  682  713  764  824  882  939 1006 1085
 1170 1244 1293 1307 1283 1230 1161 1096 1048 1018  996  974  946  914  879  851
  839  853  890  930  947  925  873  815  779  774  790  804  798  765  717  665
  613  559  497  430  368  316  275  238  205
    20.0-180.0 180.0   5.0 450.0                            LAT/LON1/LON2/DLON/H
  232  200  182  179  183  186  181  175  176  195  233  284  338  392  443  492
  535  570  601  635  669  695  705  709  725  769  835  906  969 1025 1088 1163
 1239 1300 1331 1326 1288 1227 1160 1105 1070 1052 1038 1020  992  955  912  871
  846  848  877  910  920  892  838  789  772  794  838  874  880  850  798  737
  677  616  550  481  416  360  313  271  232
    17.5-180.0 180.0   5.0 450.0                            LAT/LON1/LON2/DLON/H
  255  222  201  194  194  194  190  184  186  204  241  292  346  399  449  496
  539  578  617  659  700  729  741  748  773  828  906  983 1043 1092 1144 1206
 1266 1306 1316 1293 1245 1185 1128 1088 1069 1064 1058 1041 1011  967  911  849
  799  780  791  812  814  783  733  699  705  755  825  881  899  874  821  757
  694  633  570  505  443  388  340  296  255
    15.0-180.0 180.0   5.0 450.0                            LAT/LON1/LON2/DLON/H
  267  235  215  205  200  197  192  188  191  209  245  296  351  404  453  499
  543  586  631  680  727  760  776  789  822  887  971 1047 1100 1135 1172 1215
 1254 1272 1262 1226 1176 1123 1080 1059 1057 1062 1061 1045 1011  958  884  795
  714  664  653  660  655  625  586  570  600  673  761  830  855  834  784  722
  662  606  551  497  444  396  350  306  267
    12.5-180.0 180.0   5.0 450.0                            LAT/LON1/LON2/DLON/H
  265  238  219  208  199  192  186  182  187  207  244  296  352  406  456  503
  550  597  647  701  751  788  809  829  870  941 1025 1094 1134 1154 1174 1199
 1218 1216 1191 1149 1104 1064 1040 1035 1045 1057 1057 1038 1001  939  847  731
  617  535  500  495  487  465  441  445  494  581  673  741  765  746  699  643
  590  545  503  462  422  382  342  302  265
    10.0-180.0 180.0   5.0 450.0                            LAT/LON1/LON2/DLON/H
  254  231  216  204  192  180  172  170  177  199  239  292  352  409  461  512
  562  614  667  721  773  814  842  870  917  989 1066 1123 1148 1155 1160 1170
 1174 1159 1127 1088 1054 1031 1023 1030 1046 1059 1055 1033  992  924  819  681
  538  431  377  364  360  349  343  365  425  511  593  646  658  636  592  544
  501  467  439  413  387  357  322  286  254
     7.5-180.0 180.0   5.0 450.0                            LAT/LON1/LON2/DLON/H
  241  222  210  197  181  165  155  154  164  189  232  289  352  413  471  526
  582  637  691  745  797  841  876  912  962 1029 1094 1136 1147 1142 1139 1141
 1137 1117 1088 1060 1041 1034 1037 1050 1065 1071 1061 1034  992  924  815  665
  506  383  320  307  311  315  325  359  420  491  547  574  567  537  495  454
  420  396  380  367  352  331  302  269  241
     5.0-180.0 180.0   5.0 450.0                            LAT/LON1/LON2/DLON/H
  235  218  207  193  173  153  140  140  153  182  228  288  355  421  484  546
  608  666  720  771  822  869  911  952 1002 1059 1109 1135 1134 1124 1119 1120
 1116 1100 1080 1068 1065 1070 1079 1090 1098 1094 1074 1043 1004  942  839  692
  533  409  348  341  357  375  397  435  485  530  552  544  515  474  432  396
  369  351  342  337  330  316  291  261  235
     2.5-180.0 180.0   5.0 450.0                            LAT/LON1/LON2/DLON/H
  242  226  214  198  174  149  134  133  148  180  229  292  362  432  500  568
  635  697  750  800  849  898  945  990 1035 1079 1112 1122 1114 1103 1101 1107
 1109 1103 1097 1101 1113 1125 1134 1138 1134 1118 1089 1056 1021  972  885  755
  611  501  453  458  485  512  539  571  603  616  601  561  509  459  416  383
  357  341  333  331  328  317  295  267  242
