ionex_files/COD0OPSFIN_20251000000_01D_01H_GIM.INX
     1.0            IONOSPHERE MAPS     GNSS                IONEX VERSION / TYPE
ADDNEQ2 V5.5        AIUB                14-APR-25 19:00     PGM / RUN BY / DATE 
CODE'S GLOBAL IONOSPHERE MAPS FOR DAY 100, 2025             COMMENT             
Global ionosphere maps (GIM) are generated on a daily basis DESCRIPTION         
at CODE using data from about 300 GNSS sites of the IGS and DESCRIPTION         
other institutions. The vertical total electron content     DESCRIPTION         
(VTEC) is modeled in a solar-geomagnetic reference frame    DESCRIPTION         
using a spherical harmonics expansion up to degree and      DESCRIPTION         
order 15. Piece-wise linear functions are used for          DESCRIPTION         
representation in the time domain. The time spacing of      DESCRIPTION         
their vertices is 1 hour, conforming with the epochs of the DESCRIPTION         
VTEC maps.                                                  DESCRIPTION         
To convert line-of-sight TEC into vertical TEC, a modified  DESCRIPTION         
single-layer model mapping function approximating the JPL   DESCRIPTION         
extended slab model mapping function is adopted. The        DESCRIPTION         
mapping function is evaluated at geodetic satellite         DESCRIPTION         
elevation angles. For the computation of the ionospheric    DESCRIPTION         
pierce points, a spherical layer with a radius of 6821 km   DESCRIPTION         
is assumed, implying geocentric, not geodetic IONEX         DESCRIPTION         
latitudes.                                                  DESCRIPTION         
Instrumental biases with respect to each involved GNSS code DESCRIPTION         
observable are estimated as constant values for each        DESCRIPTION         
day. They are modeled with one set of bias parameters for   DESCRIPTION         
each satellite and each station in case of GPS and for each DESCRIPTION         
satellite-station link in case of GLONASS. The code bias    DESCRIPTION         
datum is defined by zero-mean conditions imposed on the     DESCRIPTION         
satellite bias estimates. In this file, just GPS C1W-C2W    DESCRIPTION         
satellite and station bias values are included. The         DESCRIPTION         
complete set of GNSS code bias results is provided in an    DESCRIPTION         
additional Bias-SINEX file as pseudo-absolute values        DESCRIPTION         
specific to each observable.                                DESCRIPTION         
Note: These GIM results correspond to the results for the   DESCRIPTION         
middle day of a 3-day combination analysis solving for 73   DESCRIPTION         
times 256, or 18688 VTEC parameters and 3 daily sets of     DESCRIPTION         
GNSS code bias parameters.                                  DESCRIPTION         
Contact address: code(at)aiub.unibe.ch                      DESCRIPTION         
Data archive:    ftp.aiub.unibe.ch/CODE/                    DESCRIPTION         
                 www.aiub.unibe.ch/download/CODE/           DESCRIPTION         
  2025     4    10     0     0     0                        EPOCH OF FIRST MAP  
  2025     4    11     0     0     0                        EPOCH OF LAST MAP   
  3600                                                      INTERVAL            
[...]
abpo adis albh algo alic amu2 areg areq ascg aspa auck azgb COMMENT             
badg bake barh bjfs bndy boav bogo bogt bor1 braz brft brst COMMENT             
brux cags cas1 ccj2 cedu chpg chti chur ckis coco cord cpvg COMMENT             
cpxf cro1 daej darw dav1 dgar dhlg drao dubo ebre faa1 fair COMMENT             
flin flrs frdn func ganp glps glsv gode gol2 gold gope gras COMMENT             
graz guam guug harb hers hert hlfx hnpt hob2 hofn holb hrao COMMENT             
iddr ieng iisc impz ineg invk iqal irkj jog2 joz2 joze karr COMMENT             
kerg kir0 kiri kiru kit3 kokb kokv koug kour krgg lama laut COMMENT             
lmmf lpal lpgs m0se mac1 madr mal2 mana mas1 mat1 mate maui COMMENT             
maw1 mcm4 mdo1 medi mgue mizu mkea mnls mobs morp mqzg mro1 COMMENT             
mtka nano naur nico nium nklg nlib nnor not1 nrc1 ntus nya1 COMMENT             
nyal onsa opmt ous2 pado park pdel penc pert pie1 pimo pohn COMMENT             
pol2 polv pots pove ptbb ptvl qaq1 quin rabt ramo reyk rgdg COMMENT             
rio2 roth salu samo sant savo sch2 scor scrz sctb scub seyg COMMENT             
sfer spt0 ssia sthl stjo stk2 str2 suth sutm suwn sydn syog COMMENT             
tash thtg thti thu2 tid1 tidb tlse tn22 tro1 tskb twtf txes COMMENT             
uclu ufpr unb3 unbj unsa urum usn7 usud vald vill vtsp wab1 COMMENT             
wab2 wark whit will wind wsrt wtza wtzr wtzs wtzz wuhn xmis COMMENT             
yar2 yarr yell ykro zeck zim2 zim3 zimm                     COMMENT             
                                                            END OF HEADER       
[from data line 5148]
    13                                                      START OF TEC MAP    
  2025     4    10    12     0     0                        EPOCH OF CURRENT MAP
    87.5-180.0 180.0   5.0 450.0                            LAT/LON1/LON2/DLON/H
  105  106  107  109  110  112  115  117  120  122  125  128  131  134  137  139
  142  144  146  148  150  152  153  155  155  156  157  157  157  157  156  156
  155  154  153  152  150  149  147  146  144  142  140  138  137  135  133  131
  130  128  126  125  123  122  120  118  117  115  114  112  111  109  108  107
  106  105  104  104  103  103  103  104  105
    85.0-180.0 180.0   5.0 450.0                            LAT/LON1/LON2/DLON/H
   85   86   87   90   93   97  101  106  111  117  123  129  135  140  146  151
  156  160  164  168  171  173  176  177  179  180  180  181  181  180  180  179
  177  175  173  171  168  166  163  159  156  153  150  147  145  143  141  139
  137  136  135  134  133  132  130  129  127  125  122  119  116  113  109  105
  102   98   95   92   89   87   85   85   85
    82.5-180.0 180.0   5.0 450.0                            LAT/LON1/LON2/DLON/H
   76   75   75   77   80   85   90   97  105  113  121  129  137  145  152  159
  165  170  175  178  182  184  187  188  190  191  192  193  194  194  194  194
  193  191  189  187  183  180  176  172  168  163  160  157  154  153  152  152
  153  155  157  159  161  163  165  166  165  164  161  157  152  146  139  132
  124  116  108  100   93   87   82   78   76
    80.0-180.0 180.0   5.0 450.0                            LAT/LON1/LON2/DLON/H
   83   79   76   76   77   81   86   93  101  110  120  129  138  147  155  162
  167  172  176  179  181  183  184  186  188  190  192  194  197  199  201  203
  204  204  203  201  199  195  191  186  181  176  171  168  166  166  168  171
  176  183  191  199  208  215  222  227  229  230  228  223  216  207  197  185
  172  159  145  132  120  109   99   90   83
    77.5-180.0 180.0   5.0 450.0                            LAT/LON1/LON2/DLON/H
  108   98   92   87   85   86   90   95  102  111  120  129  138  147  154  159
  164  167  169  170  171  172  173  175  178  181  185  190  195  200  205  210
  214  217  219  219  217  214  209  204  198  192  187  184  182  184  188  195
  206  219  233  249  264  279  292  301  308  311  309  304  295  284  269  253
  236  218  200  182  164  148  133  119  108
    75.0-180.0 180.0   5.0 450.0                            LAT/LON1/LON2/DLON/H
  143  129  118  109  103  101  101  103  108  115  122  130  138  145  150  155
  157  158  159  159  159  159  160  163  167  172  179  186  195  203  212  220
  227  233  237  239  239  237  233  227  221  214  208  205  203  206  212  223
  237  256  276  298  320  341  359  373  382  386  385  379  368  354  337  318
  298  277  256  235  214  195  176  158  143
    72.5-180.0 180.0   5.0 450.0                            LAT/LON1/LON2/DLON/H
  177  160  146  134  125  119  115  115  117  121  127  132  138  143  147  150
  151  151  150  149  149  150  152  157  163  170  180  190  200  211  222  233
  243  251  257  262  263  262  259  254  247  241  235  230  229  232  239  251
  268  289  312  338  363  387  407  423  433  436  434  426  413  397  378  358
  336  315  294  273  253  233  213  194  177
    70.0-180.0 180.0   5.0 450.0                            LAT/LON1/LON2/DLON/H
  196  179  165  152  142  134  129  126  126  128  131  135  139  143  145  147
  147  146  145  144  145  147  152  158  167  177  188  200  212  224  237  249
  260  269  277  283  286  286  284  280  275  269  264  260  259  261  268  279
  294  313  336  359  383  405  424  437  445  446  441  431  416  398  378  357
  337  318  300  282  265  247  230  213  196
    67.5-180.0 180.0   5.0 450.0                            LAT/LON1/LON2/DLON/H
  189  177  165  155  146  140  135  132  131  131  133  136  139  142  144  146
  146  146  145  145  147  151  158  167  178  189  202  214  226  238  251  263
  274  284  293  299  303  305  305  303  300  296  293  291  291  293  297  305
  315  328  344  360  377  392  404  412  415  412  404  390  373  354  334  315
  297  281  267  254  241  229  216  202  189
    65.0-180.0 180.0   5.0 450.0                            LAT/LON1/LON2/DLON/H
  155  148  142  137  134  131  130  129  129  130  131  134  137  140  143  146
  147  148  149  150  153  159  167  177  189  201  214  225  237  248  260  272
  283  294  303  310  315  317  319  319  320  320  321  322  323  325  327  329
  332  335  339  343  348  352  355  355  352  345  333  318  299  279  259  240
  224  211  201  192  185  177  170  162  155
    62.5-180.0 180.0   5.0 450.0                            LAT/LON1/LON2/DLON/H
   99   98   99  101  105  109  113  116  119  121  123  126  130  135  140  145
  148  151  153  155  159  165  174  184  196  208  219  229  239  250  261  274
  287  298  308  316  321  324  327  330  334  339  345  350  354  356  355  352
  345  336  326  315  306  298  291  284  275  265  252  235  216  195  175  156
  141  129  120  114  110  106  103  100   99
    60.0-180.0 180.0   5.0 450.0                            LAT/LON1/LON2/DLON/H
   37   41   48   57   67   77   86   94  101  105  110  114  119  126  133  141
  148  153  156  158  162  167  175  184  195  205  214  223  232  243  256  271
  287  301  312  320  325  329  333  338  345  354  364  374  381  385  382  374
  358  337  313  288  265  246  230  218  207  196  184  168  150  130  109   89
   71   58   48   42   38   35   34   35   37
    57.5-180.0 180.0   5.0 450.0                            LAT/LON1/LON2/DLON/H
    0    0    5   17   30   45   58   70   79   86   92   97  104  112  123  133
  143  151  156  158  161  164  170  177  186  194  202  210  220  232  248  267
  287  304  318  328  333  336  340  346  355  367  381  394  405  410  407  395
  373  342  306  270  237  210  190  176  167  158  149  137  121  101   79   57
   36   19    6    0    0    0    0    0    0
    55.0-180.0 180.0   5.0 450.0                            LAT/LON1/LON2/DLON/H
    0    0    0    0    7   21   35   48   59   68   74   80   87   97  109  123
  136  147  153  155  156  158  161  167  174  182  189  197  208  223  243  266
  291  313  330  341  347  350  353  359  368  381  397  412  424  431  429  415
  389  352  309  266  228  199  179  168  162  159  154  146  133  115   93   69
   45   23    6    0    0    0    0    0    0
    52.5-180.0 180.0   5.0 450.0                            LAT/LON1/LON2/DLON/H
    0    0    0    0    5   15   26   37   47   56   62   67   73   82   94  110
  126  140  148  151  151  151  153  158  165  173  181  191  204  221  245  272
  300  326  346  360  368  371  375  380  389  401  415  429  442  449  448  434
  407  367  322  277  239  212  197  191  190  191  191  187  178  162  141  116
   90   66   46   31   19   11    4    0    0
    50.0-180.0 180.0   5.0 450.0                            LAT/LON1/LON2/DLON/H
   50   42   34   29   27   28   32   39   47   54   58   60   64   70   82   98
  116  132  143  147  147  146  148  154  163  173  184  196  211  230  256  285
  315  343  367  383  393  400  404  410  417  426  437  448  458  465  464  450
  423  384  340  297  264  243  233  232  234  238  240  239  233  221  201  178
  152  128  109   94   83   75   67   59   50
    47.5-180.0 180.0   5.0 450.0                            LAT/LON1/LON2/DLON/H
  123  109   94   79   66   58   55   57   60   64   65   64   63   65   74   89
  108  126  138  144  145  146  149  158  170  184  198  212  229  249  274  303
  332  361  386  406  421  432  440  447  454  460  465  471  476  480  478  465
  439  402  359  321  293  278  273  274  277  278  279  278  274  265  250  230
  208  188  172  161  154  149  143  134  123
    45.0-180.0 180.0   5.0 450.0                            LAT/LON1/LON2/DLON/H
  191  175  154  133  112   97   88   84   84   85   83   77   71   68   72   85
  103  122  136  144  147  149  156  168  184  202  219  236  254  274  297  322
  349  376  403  427  448  465  478  489  496  500  500  499  499  498  494  480
  455  418  378  343  319  308  305  304  301  297  292  289  286  280  270  255
  239  224  214  209  208  208  207  202  191
    42.5-180.0 180.0   5.0 450.0                            LAT/LON1/LON2/DLON/H
  233  219  199  176  153  134  122  116  114  112  107   98   88   79   78   87
  103  121  137  147  152  157  166  181  201  222  243  262  281  300  319  340
  363  388  416  444  472  497  517  532  541  544  540  533  526  521  514  499
  473  437  397  364  342  331  325  317  304  290  277  270  266  263  258  248
  237  228  223  223  228  235  240  240  233
    40.0-180.0 180.0   5.0 450.0                            LAT/LON1/LON2/DLON/H
  239  231  216  196  177  161  150  145  142  139  132  121  108   96   91   95
  109  126  142  153  160  167  178  195  217  240  263  284  303  322  339  357
  376  400  429  462  496  528  555  576  587  589  583  571  560  551  541  526
  499  462  423  389  366  351  338  320  296  269  249  236  232  230  227  220
  212  206  203  206  214  224  234  240  239
    37.5-180.0 180.0   5.0 450.0                            LAT/LON1/LON2/DLON/H
  213  211  203  192  180  171  166  163  162  159  153  142  129  116  109  110
  120  136  152  164  172  180  192  209  230  253  275  298  320  340  358  375
  394  417  447  484  523  561  593  617  631  634  627  614  600  589  578  563
  537  501  462  427  401  381  359  330  294  259  231  216  210  207  203  196
  187  178  173  173  179  188  199  208  213
    35.0-180.0 180.0   5.0 450.0                            LAT/LON1/LON2/DLON/H
  170  173  172  170  167  166  168  170  171  169  164  155  145  135  128  128
  137  151  167  180  190  198  209  224  241  261  283  306  332  357  380  401
  422  446  479  517  559  599  633  658  674  678  671  658  644  634  625  612
  589  557  521  488  460  434  404  365  322  282  253  236  229  223  215  202
  187  172  159  151  148  151  157  164  170
    32.5-180.0 180.0   5.0 450.0                            LAT/LON1/LON2/DLON/H
  137  139  141  143  147  153  160  166  169  168  164  159  154  149  146  147
  155  169  186  201  213  222  231  242  254  270  289  315  346  379  411  439
  465  493  526  564  605  643  675  699  714  718  713  703  692  685  680  672
  657  633  604  576  549  519  484  441  396  357  330  315  306  295  279  258
  233  208  185  164  149  140  135  135  137
    30.0-180.0 180.0   5.0 450.0                            LAT/LON1/LON2/DLON/H
  135  130  129  131  135  142  150  157  160  159  156  154  155  157  160  165
  174  189  208  226  241  252  260  267  274  285  302  330  368  411  454  492
  525  555  588  624  660  693  721  741  754  758  754  747  740  738  739  740
  735  723  707  688  665  636  599  556  515  482  461  450  439  422  396  364
  330  296  262  229  200  176  157  143  135
    27.5-180.0 180.0   5.0 450.0                            LAT/LON1/LON2/DLON/H
  178  162  152  145  142  143  147  151  151  147  143  144  150  160  169  178
  189  207  229  252  273  288  296  301  303  310  327  358  403  456  510  558
  597  630  660  691  721  747  769  784  793  796  794  789  787  790  798  807
  814  818  818  812  797  771  736  697  663  639  625  616  603  579  545  506
  465  425  385  345  304  265  231  201  178
    25.0-180.0 180.0   5.0 450.0                            LAT/LON1/LON2/DLON/H
  265  234  210  191  174  162  156  152  147  139  132  133  142  157  172  184
  199  219  246  276  303  324  336  341  342  347  365  400  451  513  576  631
  674  706  732  757  780  800  816  827  832  834  832  830  832  839  852  868
  887  906  921  929  923  903  871  838  810  793  784  776  759  730  691  649
  609  570  532  490  444  396  347  303  265
    22.5-180.0 180.0   5.0 450.0                            LAT/LON1/LON2/DLON/H
  376  333  296  261  227  199  179  166  154  140  129  127  136  153  170  185
  201  224  256  293  329  358  375  383  386  393  414  453  509  576  644  702
  746  775  795  814  831  848  860  868  871  871  869  869  873  882  897  917
  943  972 1001 1020 1021 1005  977  946  922  906  897  886  867  836  797  759
  726  698  669  634  591  539  482  426  376
    20.0-180.0 180.0   5.0 450.0                            LAT/LON1/LON2/DLON/H
  483  433  387  340  291  246  212  189  171  153  136  129  135  149  166  181
  198  222  257  301  345  382  408  421  429  441  467  510  570  639  707  764
  804  828  842  856  871  886  897  904  906  906  904  905  910  919  933  952
  978 1011 1044 1068 1073 1058 1030  999  972  951  935  918  896  868  836  809
  790  777  765  744  710  661  603  541  483
    17.5-180.0 180.0   5.0 450.0                            LAT/LON1/LON2/DLON/H
  560  510  462  409  350  293  248  218  196  174  154  141  140  150  163  175
  191  215  252  299  350  396  430  451  467  486  518  565  626  693  757  809
  843  861  872  883  897  914  926  934  936  936  935  937  942  950  959  972
  991 1019 1049 1070 1073 1056 1025  988  953  920  891  866  843  822  802  790
  788  793  799  796  775  735  679  617  560
    15.0-180.0 180.0   5.0 450.0                            LAT/LON1/LON2/DLON/H
  588  544  502  452  390  327  278  245  223  200  177  159  153  156  164  172
  185  207  243  292  346  398  440  471  495  522  560  612  672  735  793  838
  865  879  887  898  914  932  947  955  958  958  959  962  967  974  978  981
  989 1004 1022 1033 1028 1006  970  926  877  828  783  750  729  719  715  718
  731  751  773  784  777  746  697  640  588
    12.5-180.0 180.0   5.0 450.0                            LAT/LON1/LON2/DLON/H
  565  532  502  460  402  342  293  263  244  224  201  181  170  167  170  174
  182  202  235  282  337  393  442  480  513  548  592  647  706  764  815  852
  875  886  894  907  925  944  958  965  968  969  972  977  985  991  991  986
  979  977  978  975  961  933  892  841  778  711  651  612  598  601  612  627
  648  675  704  725  727  703  660  609  565
    10.0-180.0 180.0   5.0 450.0                            LAT/LON1/LON2/DLON/H
  508  486  467  437  389  335  292  268  255  240  221  201  188  182  180  181
  187  203  232  275  329  386  439  485  525  567  615  671  728  782  827  859
  879  890  900  916  935  952  961  965  966  968  973  982  993 1001 1001  990
  972  954  938  921  897  866  824  768  696  615  545  504  498  515  537  556
  575  599  626  648  652  632  591  544  508
     7.5-180.0 180.0   5.0 450.0                            LAT/LON1/LON2/DLON/H
  444  429  418  397  358  313  278  261  254  245  231  215  204  198  194  193
  197  211  236  275  325  382  438  489  535  581  633  688  743  793  834  864
  883  896  909  927  944  955  956  953  950  954  962  974  989 1003 1007  997
  975  946  918  890  863  833  795  741  665  578  504  467  471  499  525  539
  546  556  572  587  588  565  523  477  444
     5.0-180.0 180.0   5.0 450.0                            LAT/LON1/LON2/DLON/H
  404  387  378  359  325  286  258  246  244  241  232  222  214  210  208  206
  211  223  246  281  328  384  442  497  547  596  648  701  753  800  839  868
  888  903  919  937  950  952  942  930  924  927  938  954  975  996 1009 1007
  989  959  927  897  871  849  821  775  704  618  548  519  534  567  589  590
  576  566  566  569  561  533  487  439  404
     2.5-180.0 180.0   5.0 450.0                            LAT/LON1/LON2/DLON/H
  408  383  366  342  306  268  242  233  232  230  225  220  218  218  217  217
  223  236  259  292  336  391  451  509  562  611  661  712  760  805  843  872
  892  908  924  940  948  939  919  898  889  893  905  924  949  978 1003 1016
 1010  989  962  938  921  911  898  866  805  730  669  650  671  703  715  696
  659  628  611  603  586  551  501  448  408
