ionex_files/COD0OPSFIN_20250860000_01D_01H_GIM.INX
     1.0            IONOSPHERE MAPS     GNSS                IONEX VERSION / TYPE
ADDNEQ2 V5.5        AIUB                31-MAR-25 19:01     PGM / RUN BY / DATE 
CODE'S GLOBAL IONOSPHERE MAPS FOR DAY 086, 2025             COMMENT             
Global ionosphere maps (GIM) are generated on a daily basis DESCRIPTION         
at CODE using data from about 300 GNSS sites of the IGS and DESCRIPTION         
other institutions. The vertical total electron content     DESCRIPTION         
(VTEC) is modeled in a solar-geomagnetic reference frame    DESCRIPTION         
using a spherical harmonics expansion up to degree and      DESCRIPTION         
order 15. Piece-wise linear functions are used for          DESCRIPTION         
representation in the time domain. The time spacing of      DESCRIPTION         
their vertices is 1 hour, conforming with the epochs of the DESCRIPTION         
VTEC maps.                                                  DESCRIPTION         
To convert line-of-sight TEC into vertical TEC, a modified  DESCRIPTION         
single-layer model mapping function approximating the JPL   DESCRIPTION         
extended slab model mapping function is adopted. The        DESCRIPTION         
mapping function is evaluated at geodetic satellite         DESCRIPTION         
elevation angles. For the computation of the ionospheric    DESCRIPTION         
pierce points, a spherical layer with a radius of 6821 km   DESCRIPTION         
is assumed, implying geocentric, not geodetic IONEX         DESCRIPTION         
latitudes.                                                  DESCRIPTION         
Instrumental biases with respect to each involved GNSS code DESCRIPTION         
observable are estimated as constant values for each        DESCRIPTION         
day. They are modeled with one set of bias parameters for   DESCRIPTION         
each satellite and each station in case of GPS and for each DESCRIPTION         
satellite-station link in case of GLONASS. The code bias    DESCRIPTION         
datum is defined by zero-mean conditions imposed on the     DESCRIPTION         
satellite bias estimates. In this file, just GPS C1W-C2W    DESCRIPTION         
satellite and station bias values are included. The         DESCRIPTION         
complete set of GNSS code bias results is provided in an    DESCRIPTION         
additional Bias-SINEX file as pseudo-absolute values        DESCRIPTION         
specific to each observable.                                DESCRIPTION         
Note: These GIM results correspond to the results for the   DESCRIPTION         
middle day of a 3-day combination analysis solving for 73   DESCRIPTION         
times 256, or 18688 VTEC parameters and 3 daily sets of     DESCRIPTION         
GNSS code bias parameters.                                  DESCRIPTION         
Contact address: code(at)aiub.unibe.ch                      DESCRIPTION         
Data archive:    ftp.aiub.unibe.ch/CODE/                    DESCRIPTION         
                 www.aiub.unibe.ch/download/CODE/           DESCRIPTION         
  2025     3    27     0     0     0                        EPOCH OF FIRST MAP  
  2025     3    28     0     0     0                        EPOCH OF LAST MAP   
  3600                                                      INTERVAL            
[...]
abpo adis albh algo alic amu2 areg areq ascg aspa auck azgb COMMENT             
badg bake barh bjfs bndy boav bogo bogt bor1 braz brft brst COMMENT             
brux cas1 ccj2 cedu chpg chti chur ckis coco cord cpvg cpxf COMMENT             
cro1 daej darw dav1 dgar dhlg drao dubo ebre faa1 fair flin COMMENT             
flrs frdn func ganp glps glsv gode gol2 gold gope gras graz COMMENT             
guam guug harb hers hert hlfx hnpt hob2 hofn holb hrao hyde COMMENT             
iddr ieng iisc impz ineg invk iqal irkj jog2 joz2 karr kerg COMMENT             
kir0 kiri kiru kit3 kokb kokv koug kour krgg lama laut lmmf COMMENT             
lpal lpgs mac1 madr mal2 mana mas1 mat1 mate maui maw1 mcm4 COMMENT             
mdo1 medi mgue mizu mkea mnls mobs morp mqzg mro1 mtka nano COMMENT             
naur nico nist nium nklg nlib nnor nrc1 ntus nya1 nyal onsa COMMENT             
opmt ous2 pado park penc pert pie1 pimo pohn pol2 pots pove COMMENT             
ptbb ptvl qaq1 quin rabt ramo reun reyk rgdg rio2 roth salu COMMENT             
samo sant savo sch2 scor scrz sctb scub seyg sfer spt0 ssia COMMENT             
sthl stjo stk2 str2 suth sutm suwn sydn syog tash thtg thti COMMENT             
thu2 tid1 tidb tlse tn22 tong tow2 tro1 tskb twtf txes uclu COMMENT             
ufpr ulab unb3 unbj unsa urum usn7 usud vald vill vtsp wab1 COMMENT             
wab2 wark wgtn whit will wind wsrt wtza wtzr wtzs wtzz wuhn COMMENT             
xmis yar2 yar3 yarr yell ykro zeck zim2 zim3 zimm           COMMENT             
                                                            END OF HEADER       
[from data line 5577]
    14                                                      START OF TEC MAP    
  2025     3    27    13     0     0                        EPOCH OF CURRENT MAP
    87.5-180.0 180.0   5.0 450.0                            LAT/LON1/LON2/DLON/H
  159  159  160  161  162  163  165  166  168  169  171  172  174  175  177  178
  179  180  181  182  183  183  184  184  184  184  184  183  183  183  182  181
  181  180  179  179  178  177  176  176  175  175  174  174  173  173  173  172
  172  172  171  171  170  170  169  168  167  167  166  165  164  163  162  161
  160  160  159  158  158  158  158  158  159
    85.0-180.0 180.0   5.0 450.0                            LAT/LON1/LON2/DLON/H
  140  141  142  145  147  150  154  157  161  165  169  172  176  179  182  185
  188  190  192  194  195  196  196  197  197  196  196  195  194  193  191  190
  188  186  184  182  181  179  178  177  176  175  175  175  175  176  177  177
  178  179  180  180  180  179  179  177  176  174  171  168  165  162  159  155
  152  149  146  144  142  140  139  139  140
    82.5-180.0 180.0   5.0 450.0                            LAT/LON1/LON2/DLON/H
  117  118  121  124  129  134  139  145  151  157  163  169  174  179  184  188
  192  195  198  200  202  204  205  205  205  205  205  204  203  201  199  197
  195  192  189  186  184  181  179  177  176  176  176  177  179  182  185  188
  191  194  197  199  201  201  201  200  197  193  189  183  177  170  163  156
  148  141  135  129  124  120  118  117  117
    80.0-180.0 180.0   5.0 450.0                            LAT/LON1/LON2/DLON/H
   94   95   99  103  109  116  124  132  140  147  155  162  168  174  179  184
  189  193  197  200  202  204  206  207  208  209  209  209  208  207  206  204
  202  200  196  193  189  186  182  180  178  178  179  181  185  190  196  203
  209  216  221  226  230  231  232  230  226  221  215  206  197  186  175  163
  151  140  129  118  110  103   98   95   94
    77.5-180.0 180.0   5.0 450.0                            LAT/LON1/LON2/DLON/H
   77   77   81   87   94  102  111  120  129  136  144  151  157  163  168  174
  179  184  188  192  195  198  201  203  205  207  208  209  210  211  212  212
  211  209  206  203  199  194  190  186  183  182  183  187  192  200  209  219
  229  238  247  254  258  261  261  259  255  249  241  231  220  207  192  177
  162  146  130  116  103   92   84   79   77
    75.0-180.0 180.0   5.0 450.0                            LAT/LON1/LON2/DLON/H
   68   68   71   77   85   94  103  112  120  126  132  138  143  148  153  159
  164  170  175  180  185  189  192  195  198  200  203  206  209  211  214  217
  218  219  218  215  211  206  200  195  191  189  189  193  200  210  221  233
  246  257  267  274  279  281  281  278  273  267  259  249  238  225  211  195
  178  160  141  123  106   92   80   72   68
    72.5-180.0 180.0   5.0 450.0                            LAT/LON1/LON2/DLON/H
   70   68   70   76   84   93  102  109  115  119  122  125  128  132  137  143
  149  156  163  169  174  179  183  187  190  193  196  200  204  208  213  218
  222  226  228  227  224  219  213  206  200  197  196  200  207  218  230  243
  256  267  276  281  284  284  282  278  273  267  261  254  245  236  225  211
  196  179  160  140  121  103   88   77   70
    70.0-180.0 180.0   5.0 450.0                            LAT/LON1/LON2/DLON/H
   80   76   77   82   89   98  105  110  113  114  114  115  116  119  124  130
  138  146  153  160  166  172  176  180  184  187  190  193  197  201  207  214
  221  228  234  237  236  232  226  218  211  206  204  207  214  224  236  248
  258  267  272  273  272  268  263  258  253  248  244  241  238  235  230  222
  212  199  182  163  143  123  104   90   80
    67.5-180.0 180.0   5.0 450.0                            LAT/LON1/LON2/DLON/H
   95   88   86   90   97  104  110  113  114  112  109  107  106  109  114  122
  131  140  149  157  163  169  174  178  182  185  187  188  190  193  198  205
  215  226  235  242  245  243  237  230  222  216  214  216  221  230  239  247
  254  257  256  253  246  238  230  223  217  214  213  215  217  220  223  223
  220  214  203  187  168  147  126  108   95
    65.0-180.0 180.0   5.0 450.0                            LAT/LON1/LON2/DLON/H
  110   99   95   97  102  108  113  114  113  109  104  100  100  103  110  119
  130  140  149  157  163  169  175  180  184  187  188  188  186  186  189  196
  207  220  234  245  252  253  249  241  234  228  225  227  231  236  242  245
  246  243  236  227  216  204  192  184  178  175  177  181  187  195  204  212
  217  219  215  206  190  170  148  127  110
    62.5-180.0 180.0   5.0 450.0                            LAT/LON1/LON2/DLON/H
  121  107  100   99  103  108  111  111  109  104   98   95   96  100  109  120
  132  143  152  160  166  172  178  185  190  194  195  192  188  184  184  189
  200  216  234  249  260  263  261  254  247  242  240  242  244  247  247  245
  239  230  219  206  191  177  164  154  148  145  146  150  157  166  177  190
  202  212  216  214  204  186  164  141  121
    60.0-180.0 180.0   5.0 450.0                            LAT/LON1/LON2/DLON/H
  128  111  101   98   99  102  104  103  100   95   91   89   92   99  110  123
  136  148  157  164  170  176  183  191  199  204  205  202  195  188  185  189
  201  219  240  259  271  276  275  269  263  260  259  261  262  262  257  249
  239  226  212  197  182  168  156  145  138  133  131  131  133  139  148  161
  177  193  205  211  207  194  174  150  128
    57.5-180.0 180.0   5.0 450.0                            LAT/LON1/LON2/DLON/H
  131  112  100   94   93   93   93   92   89   85   82   83   87   97  110  125
  139  152  161  168  174  181  190  200  209  216  218  214  207  199  195  199
  212  232  255  276  289  294  292  286  281  279  281  284  284  281  272  260
  246  232  219  206  194  182  170  160  151  144  137  130  124  122  125  134
  149  167  185  198  201  193  176  153  131
    55.0-180.0 180.0   5.0 450.0                            LAT/LON1/LON2/DLON/H
  131  113  101   94   90   87   84   81   77   74   73   76   82   93  108  125
  141  155  166  174  182  190  199  210  220  228  230  228  221  214  212  218
  233  256  281  302  315  317  312  305  300  299  303  307  307  302  290  276
  261  249  239  231  223  214  204  194  183  172  160  146  131  119  113  114
  125  142  163  179  188  185  172  152  131
    52.5-180.0 180.0   5.0 450.0                            LAT/LON1/LON2/DLON/H
  132  118  107  100   94   87   81   75   70   68   68   71   78   89  104  122
  140  157  171  183  194  204  214  224  232  238  240  239  234  230  232  242
  263  289  316  336  346  344  335  325  318  318  323  328  328  321  308  293
  280  272  268  265  261  254  244  233  222  208  192  173  151  131  115  109
  113  126  144  162  173  174  165  149  132
    50.0-180.0 180.0   5.0 450.0                            LAT/LON1/LON2/DLON/H
  135  126  120  114  107   98   87   78   71   68   67   70   75   85  100  118
  139  160  180  198  213  226  236  242  246  248  247  244  242  243  250  267
  294  325  354  373  380  374  360  345  336  335  339  344  344  336  323  309
  300  297  298  299  297  289  278  266  253  239  222  201  177  153  133  120
  117  123  136  150  160  163  157  146  135
    47.5-180.0 180.0   5.0 450.0                            LAT/LON1/LON2/DLON/H
  138  137  138  136  130  119  104   91   82   77   75   75   77   84   97  115
  139  165  192  217  240  256  265  266  262  256  250  245  243  248  263  287
  321  357  389  409  414  405  387  368  355  350  352  355  353  345  333  323
  317  319  323  326  321  310  295  279  266  253  238  221  201  179  160  145
  137  136  141  148  154  154  150  143  138
    45.0-180.0 180.0   5.0 450.0                            LAT/LON1/LON2/DLON/H
  142  148  156  161  157  145  128  113  102   95   91   86   84   87   97  116
  142  173  208  242  272  292  300  295  282  266  252  242  240  247  267  299
  340  383  419  442  448  438  418  396  379  369  366  365  361  352  341  333
  332  336  341  341  331  313  292  273  259  248  238  228  216  203  191  179
  168  160  156  155  154  151  146  142  142
    42.5-180.0 180.0   5.0 450.0                            LAT/LON1/LON2/DLON/H
  144  156  171  181  181  170  153  137  126  119  112  104   97   95  103  121
  150  185  226  269  306  330  337  327  305  279  256  240  234  242  265  302
  350  400  443  471  482  475  457  435  413  397  386  378  371  361  352  346
  346  351  354  349  332  306  279  256  241  232  226  223  221  220  217  212
  202  190  178  169  161  152  145  141  144
    40.0-180.0 180.0   5.0 450.0                            LAT/LON1/LON2/DLON/H
  145  159  178  193  196  188  172  158  149  143  136  125  113  108  114  132
  162  201  246  295  339  367  374  359  330  296  266  244  234  239  262  303
  356  413  464  501  520  522  509  488  462  439  419  403  391  381  372  368
  368  372  371  360  337  304  272  246  229  219  214  214  218  227  235  237
  231  217  201  186  173  160  149  142  145
    37.5-180.0 180.0   5.0 450.0                            LAT/LON1/LON2/DLON/H
  147  158  176  193  199  194  181  170  165  162  156  144  130  123  129  148
  178  218  266  318  367  399  406  389  357  320  286  260  245  246  266  308
  365  429  489  537  568  580  576  558  530  498  469  445  429  417  409  405
  405  406  402  387  360  325  290  262  242  227  217  212  216  228  243  251
  248  235  219  203  189  175  160  149  147
    35.0-180.0 180.0   5.0 450.0                            LAT/LON1/LON2/DLON/H
  154  157  170  184  191  188  179  172  171  173  170  159  145  139  145  166
  196  235  283  337  388  422  430  414  384  349  317  290  272  269  286  327
  387  457  526  585  628  652  658  644  615  576  538  508  487  475  468  463
  461  460  455  440  414  381  347  317  292  269  247  230  224  230  243  253
  252  242  230  219  210  198  182  164  154
    32.5-180.0 180.0   5.0 450.0                            LAT/LON1/LON2/DLON/H
  172  163  165  174  179  175  168  164  167  174  175  167  155  151  161  183
  213  251  296  350  402  437  447  434  409  383  359  337  319  312  327  367
  429  504  580  648  701  736  750  741  711  668  623  588  566  555  548  543
  538  536  532  523  504  477  446  414  382  347  308  272  248  241  244  249
  247  241  236  235  236  230  214  192  172
    30.0-180.0 180.0   5.0 450.0                            LAT/LON1/LON2/DLON/H
  202  180  171  170  170  165  156  152  157  166  171  167  159  158  172  197
  228  263  307  359  411  446  456  447  431  419  409  397  383  377  390  430
  494  572  653  726  785  826  845  839  810  765  717  681  659  649  644  637
  631  629  630  629  620  601  573  539  499  450  394  339  294  267  254  248
  242  238  242  254  268  271  258  232  202
    27.5-180.0 180.0   5.0 450.0                            LAT/LON1/LON2/DLON/H
  246  213  192  181  174  164  152  144  147  156  163  161  156  159  177  205
  237  271  314  366  417  451  461  456  451  455  463  466  461  458  473  514
  579  658  739  812  871  912  932  928  900  856  810  775  756  749  744  736
  729  728  735  744  745  731  703  664  616  558  491  421  360  313  282  261
  248  244  255  279  305  318  310  283  246
    25.0-180.0 180.0   5.0 450.0                            LAT/LON1/LON2/DLON/H
  299  259  229  209  195  180  161  147  143  148  155  154  151  157  177  207
  240  275  319  372  423  456  464  462  468  490  518  538  544  549  569  612
  677  754  830  897  950  986 1003  999  974  933  891  860  846  842  837  828
  818  819  831  847  853  840  807  761  706  646  578  506  437  378  331  296
  274  268  283  313  347  368  364  338  299
    22.5-180.0 180.0   5.0 450.0                            LAT/LON1/LON2/DLON/H
  354  312  277  252  233  213  188  164  150  149  152  151  148  153  173  204
  239  276  322  379  431  462  469  469  485  523  571  607  627  641  667  713
  777  848  915  972 1014 1041 1053 1047 1025  989  953  928  918  916  911  899
  888  887  901  919  924  904  860  803  746  692  638  580  518  458  402  357
  325  315  327  358  392  414  414  391  354
    20.0-180.0 180.0   5.0 450.0                            LAT/LON1/LON2/DLON/H
  401  363  327  301  280  258  227  194  170  161  159  155  149  151  169  200
  235  275  326  387  442  472  476  477  502  555  619  670  702  726  759  806
  866  929  985 1029 1058 1075 1080 1073 1054 1024  994  973  966  965  958  944
  929  925  935  948  944  910  850  783  727  689  662  633  593  543  489  439
  401  384  389  411  436  453  452  433  401
    17.5-180.0 180.0   5.0 450.0                            LAT/LON1/LON2/DLON/H
  434  402  369  344  326  304  272  233  200  183  177  169  159  156  170  198
  233  276  332  399  457  486  489  491  522  587  663  726  767  798  835  883
  937  989 1033 1064 1082 1089 1089 1082 1067 1043 1017  999  991  988  979  962
  943  933  935  936  916  864  787  710  660  645  653  663  655  626  582  534
  494  469  462  469  477  481  475  459  434
    15.0-180.0 180.0   5.0 450.0                            LAT/LON1/LON2/DLON/H
  450  424  395  373  358  342  312  271  234  213  203  192  178  169  177  201
  236  282  343  414  475  504  506  511  548  620  704  773  818  854  893  938
  985 1026 1058 1080 1090 1092 1090 1084 1072 1053 1029 1010  998  991  979  959
  936  919  910  896  858  787  695  613  572  582  626  675  701  698  669  629
  590  559  539  525  512  498  484  469  450
    12.5-180.0 180.0   5.0 450.0                            LAT/LON1/LON2/DLON/H
  451  428  401  380  370  361  338  301  265  244  234  222  204  190  192  213
  248  295  358  432  495  526  530  538  580  658  744  812  858  893  931  971
 1009 1040 1065 1082 1090 1092 1091 1088 1079 1062 1038 1014  996  984  969  947
  922  899  878  849  796  712  613  531  500  530  603  680  734  751  739  710
  675  641  609  576  541  508  483  467  451
    10.0-180.0 180.0   5.0 450.0                            LAT/LON1/LON2/DLON/H
  445  421  391  369  361  358  345  316  286  269  263  253  234  217  215  234
  267  315  380  455  519  551  558  571  618  698  783  846  887  918  952  986
 1016 1039 1059 1076 1088 1094 1097 1099 1094 1077 1049 1019  994  975  959  938
  914  888  859  820  759  671  574  498  477  518  602  691  755  784  783  765
  737  703  663  615  563  515  480  461  445
     7.5-180.0 180.0   5.0 450.0                            LAT/LON1/LON2/DLON/H
  441  412  375  346  336  338  333  315  295  286  286  281  264  245  242  260
  294  342  406  480  543  578  590  609  661  741  819  875  907  932  960  988
 1010 1028 1048 1070 1089 1102 1112 1118 1115 1097 1066 1028  996  974  957  941
  921  897  866  825  765  686  600  536  521  561  637  714  769  795  798  788
  767  736  694  640  580  524  483  460  441
     5.0-180.0 180.0   5.0 450.0                            LAT/LON1/LON2/DLON/H
  448  411  364  324  308  310  311  302  291  291  299  300  287  271  269  288
  324  372  435  506  569  606  624  650  705  782  852  897  920  938  960  981
  998 1014 1037 1065 1093 1114 1130 1139 1138 1120 1085 1043 1005  980  966  957
  947  929  903  868  819  758  692  643  629  655  704  749  776  785  784  777
  764  739  700  649  591  536  496  471  448
     2.5-180.0 180.0   5.0 450.0                            LAT/LON1/LON2/DLON/H
  469  426  368  316  290  286  287  283  280  287  302  310  301  289  291  313
  351  400  461  530  592  632  657  690  746  818  878  912  927  939  955  971
  984  999 1026 1061 1096 1123 1143 1155 1155 1137 1100 1055 1016  991  981  982
  983  977  962  939  908  869  827  793  776  779  788  788  775  757  745  739
  730  712  682  642  595  551  518  495  469
