ionex_files/COD0OPSFIN_20250890000_01D_01H_GIM.INX
     1.0            IONOSPHERE MAPS     GNSS                IONEX VERSION / TYPE
ADDNEQ2 V5.5        AIUB                03-APR-25 19:00     PGM / RUN BY / DATE 
CODE'S GLOBAL IONOSPHERE MAPS FOR DAY 089, 2025             COMMENT             
Global ionosphere maps (GIM) are generated on a daily basis DESCRIPTION         
at CODE using data from about 300 GNSS sites of the IGS and DESCRIPTION         
other institutions. The vertical total electron content     DESCRIPTION         
(VTEC) is modeled in a solar-geomagnetic reference frame    DESCRIPTION         
using a spherical harmonics expansion up to degree and      DESCRIPTION         
order 15. Piece-wise linear functions are used for          DESCRIPTION         
representation in the time domain. The time spacing of      DESCRIPTION         
their vertices is 1 hour, conforming with the epochs of the DESCRIPTION         
VTEC maps.                                                  DESCRIPTION         
To convert line-of-sight TEC into vertical TEC, a modified  DESCRIPTION         
single-layer model mapping function approximating the JPL   DESCRIPTION         
extended slab model mapping function is adopted. The        DESCRIPTION         
mapping function is evaluated at geodetic satellite         DESCRIPTION         
elevation angles. For the computation of the ionospheric    DESCRIPTION         
pierce points, a spherical layer with a radius of 6821 km   DESCRIPTION         
is assumed, implying geocentric, not geodetic IONEX         DESCRIPTION         
latitudes.                                                  DESCRIPTION         
Instrumental biases with respect to each involved GNSS code DESCRIPTION         
observable are estimated as constant values for each        DESCRIPTION         
day. They are modeled with one set of bias parameters for   DESCRIPTION         
each satellite and each station in case of GPS and for each DESCRIPTION         
satellite-station link in case of GLONASS. The code bias    DESCRIPTION         
datum is defined by zero-mean conditions imposed on the     DESCRIPTION         
satellite bias estimates. In this file, just GPS C1W-C2W    DESCRIPTION         
satellite and station bias values are included. The         DESCRIPTION         
complete set of GNSS code bias results is provided in an    DESCRIPTION         
additional Bias-SINEX file as pseudo-absolute values        DESCRIPTION         
specific to each observable.                                DESCRIPTION         
Note: These GIM results correspond to the results for the   DESCRIPTION         
middle day of a 3-day combination analysis solving for 73   DESCRIPTION         
times 256, or 18688 VTEC parameters and 3 daily sets of     DESCRIPTION         
GNSS code bias parameters.                                  DESCRIPTION         
Contact address: code(at)aiub.unibe.ch                      DESCRIPTION         
Data archive:    ftp.aiub.unibe.ch/CODE/                    DESCRIPTION         
                 www.aiub.unibe.ch/download/CODE/           DESCRIPTION         
  2025     3    30     0     0     0                        EPOCH OF FIRST MAP  
  2025     3    31     0     0     0                        EPOCH OF LAST MAP   
  3600                                                      INTERVAL            
[...]
azgb badg bake barh bjfs bndy boav bogo bogt bor1 braz brft COMMENT             
brst brux cags cas1 ccj2 cedu chpg chti chur ckis coco cord COMMENT             
cpvg cpxf cro1 daej darw dav1 dgar dhlg drao dubo ebre faa1 COMMENT             
fair flin flrs frdn func glps glsv gode gol2 gold gope gras COMMENT             
graz guam guug harb hers hert hlfx hnpt hob2 hofn holb hrao COMMENT             
iddr ieng iisc impz ineg invk iqal irkj jog2 joz2 karr kerg COMMENT             
kir0 kiri kiru kit3 kokb kokv koug kour krgg lama laut lmmf COMMENT             
lpal lpgs mac1 madr mal2 mana mas1 mat1 mate maui maw1 mcil COMMENT             
mcm4 mdo1 medi mgue mizu mkea mnls mobs morp mqzg mro1 mtka COMMENT             
nano naur nico nist nium nklg nlib nnor not1 nrc1 ntus nya1 COMMENT             
nyal onsa opmt ous2 pado parc park pdel penc pert pie1 pimo COMMENT             
pohn pol2 polv pots pove ptag ptbb ptvl qaq1 quin ramo reun COMMENT             
reyk rgdg rio2 roth salu samo sant savo sch2 scor scrz sctb COMMENT             
scub seyg sfer spt0 ssia sthl stjo stk2 str2 suth sutm suwn COMMENT             
sydn syog tash thtg thti thu2 tid1 tidb tlse tn22 tong tow2 COMMENT             
tro1 tskb twtf txes uclu ufpr ulab unb3 unbj unsa urum usn7 COMMENT             
usud vald vill vtsp wab1 wab2 whit will wind wsrt wtza wtzr COMMENT             
wtzs wtzz wuhn xmis yar2 yar3 yarr yell ykro zeck zim2 zim3 COMMENT             
zimm                                                        COMMENT             
                                                            END OF HEADER       
[from data line 7293]
    18                                                      START OF TEC MAP    
  2025     3    30    17     0     0                        EPOCH OF CURRENT MAP
    87.5-180.0 180.0   5.0 450.0                            LAT/LON1/LON2/DLON/H
  307  308  309  310  312  313  315  316  318  319  321  322  323  324  324  325
  325  325  325  324  323  322  321  320  318  317  315  313  311  310  308  306
  304  302  301  299  298  297  296  296  295  295  295  295  295  295  296  296
  297  298  298  299  299  300  300  301  301  301  302  302  302  302  302  302
  302  302  303  303  303  304  305  306  307
    85.0-180.0 180.0   5.0 450.0                            LAT/LON1/LON2/DLON/H
  276  278  281  285  288  292  297  301  305  310  314  317  320  323  325  327
  328  329  329  328  326  325  322  319  316  312  308  304  300  295  291  286
  282  278  275  272  269  267  266  265  265  265  266  267  269  271  274  277
  279  282  284  287  289  290  291  291  291  291  289  288  286  284  282  280
  278  276  274  273  273  273  273  274  276
    82.5-180.0 180.0   5.0 450.0                            LAT/LON1/LON2/DLON/H
  228  231  236  241  248  255  262  270  278  286  293  300  306  311  315  319
  321  322  322  322  321  318  315  312  307  302  297  291  284  278  271  265
  258  252  247  242  238  235  234  233  233  234  237  240  244  249  254  260
  266  272  277  281  285  287  288  288  286  283  280  275  269  263  257  250
  244  239  234  230  227  226  225  226  228
    80.0-180.0 180.0   5.0 450.0                            LAT/LON1/LON2/DLON/H
  174  177  183  190  199  209  220  231  243  254  265  274  283  290  296  300
  304  306  307  308  307  306  303  300  296  291  285  279  272  264  256  249
  241  234  227  221  217  213  211  210  210  212  216  220  227  234  242  251
  260  268  276  282  287  290  291  290  286  280  272  263  252  241  230  219
  209  199  191  183  178  174  172  172  174
    77.5-180.0 180.0   5.0 450.0                            LAT/LON1/LON2/DLON/H
  128  131  137  145  155  167  180  194  208  222  234  246  256  264  271  277
  281  285  287  289  291  291  291  290  288  284  280  274  267  260  252  244
  236  228  221  215  210  206  204  203  203  205  208  213  220  228  237  248
  259  269  279  287  293  296  296  293  286  276  264  250  235  220  204  190
  176  164  154  144  137  132  128  127  128
    75.0-180.0 180.0   5.0 450.0                            LAT/LON1/LON2/DLON/H
  102  104  108  115  125  137  151  166  181  196  210  222  233  241  248  254
  259  264  269  273  277  281  284  286  286  285  282  278  272  265  258  251
  243  236  230  225  220  217  214  213  212  213  215  218  223  229  238  247
  258  270  280  289  295  298  297  291  281  267  251  234  216  198  181  166
  152  140  130  122  115  109  105  103  102
    72.5-180.0 180.0   5.0 450.0                            LAT/LON1/LON2/DLON/H
  101  100  102  107  114  124  137  152  167  182  196  208  218  226  232  238
  244  251  258  265  273  280  287  291  294  295  293  290  285  279  272  265
  259  254  249  245  242  240  238  236  234  233  231  230  231  233  238  244
  253  263  274  282  288  290  287  279  266  249  231  211  192  174  159  147
  137  129  123  119  114  110  106  103  101
    70.0-180.0 180.0   5.0 450.0                            LAT/LON1/LON2/DLON/H
  121  118  116  117  121  128  139  152  166  179  192  203  212  220  226  232
  239  248  258  268  280  290  300  307  311  312  310  306  301  295  288  283
  278  274  272  270  269  268  267  265  262  257  251  245  239  234  233  234
  239  247  255  263  268  268  264  254  239  220  200  180  163  148  138  131
  129  129  130  131  131  131  128  125  121
    67.5-180.0 180.0   5.0 450.0                            LAT/LON1/LON2/DLON/H
  153  147  142  139  140  143  151  161  173  186  197  207  215  222  228  236
  245  256  269  283  297  310  321  328  332  332  329  323  316  309  303  299
  295  294  293  293  294  294  294  292  287  280  269  257  243  231  222  217
  217  220  226  232  236  235  230  218  202  183  163  145  130  121  117  119
  124  133  142  150  157  160  160  157  153
    65.0-180.0 180.0   5.0 450.0                            LAT/LON1/LON2/DLON/H
  182  175  169  163  160  161  166  174  185  196  206  215  222  229  237  246
  258  273  289  305  321  335  345  352  353  351  345  337  328  320  315  311
  309  309  310  311  313  314  314  312  307  297  283  264  244  224  207  196
  190  189  192  196  198  197  191  179  163  144  126  111  100   96   98  107
  120  136  152  166  177  185  187  186  182
    62.5-180.0 180.0   5.0 450.0                            LAT/LON1/LON2/DLON/H
  197  191  185  179  176  175  179  186  195  205  214  222  230  238  248  260
  275  293  311  329  345  358  367  371  370  365  357  347  337  329  324  321
  321  322  323  325  326  327  327  325  319  308  291  268  243  217  194  177
  166  162  161  163  164  162  155  144  129  113   97   85   78   78   85   98
  115  134  153  170  184  194  199  200  197
    60.0-180.0 180.0   5.0 450.0                            LAT/LON1/LON2/DLON/H
  191  189  186  183  181  182  186  193  202  211  219  227  235  245  257  273
  293  313  332  350  364  374  381  383  381  375  366  356  346  338  334  333
  334  336  336  336  335  334  333  331  326  315  297  272  244  215  189  168
  154  147  143  142  141  138  132  122  109   96   83   74   70   72   80   93
  109  127  144  160  173  183  189  192  191
    57.5-180.0 180.0   5.0 450.0                            LAT/LON1/LON2/DLON/H
  168  170  172  174  177  181  188  196  206  215  223  230  238  249  265  285
  307  329  349  364  374  382  386  388  387  383  376  367  358  352  349  350
  352  353  352  349  345  341  339  336  331  321  303  279  250  221  194  173
  158  148  142  138  135  130  124  116  107   97   88   82   79   80   86   95
  106  117  129  139  148  155  160  164  168
    55.0-180.0 180.0   5.0 450.0                            LAT/LON1/LON2/DLON/H
  134  141  149  158  168  178  189  200  211  220  228  234  241  254  272  295
  320  343  360  371  377  381  385  389  392  393  389  383  377  372  370  372
  374  374  371  365  357  351  347  344  339  329  313  289  262  234  210  190
  176  165  157  150  144  138  133  127  121  116  110  106  103  102  103  106
  108  111  113  115  118  120  123  128  134
    52.5-180.0 180.0   5.0 450.0                            LAT/LON1/LON2/DLON/H
  101  113  128  144  161  178  194  209  222  231  237  241  248  260  280  306
  333  355  369  376  377  379  383  391  400  407  410  407  402  398  396  397
  398  397  392  383  373  364  358  355  350  340  324  301  276  251  230  214
  201  191  181  172  163  156  151  148  146  145  142  140  137  133  129  125
  119  112  105   99   94   91   91   94  101
    50.0-180.0 180.0   5.0 450.0                            LAT/LON1/LON2/DLON/H
   82   96  115  138  161  185  206  225  240  250  255  257  261  273  294  321
  348  369  380  382  380  380  387  400  416  429  437  436  431  425  421  420
  420  418  412  402  391  381  375  370  364  352  334  311  286  264  247  235
  225  216  205  194  184  176  173  172  174  175  175  174  171  166  159  149
  137  123  110   98   88   80   75   76   82
    47.5-180.0 180.0   5.0 450.0                            LAT/LON1/LON2/DLON/H
   82   95  116  142  172  200  227  250  267  278  281  281  283  294  314  341
  369  388  397  396  392  392  401  418  440  457  467  466  459  449  442  438
  437  435  429  420  410  401  394  388  378  362  340  314  289  268  254  245
  238  231  221  210  199  192  190  191  195  198  200  200  197  192  185  173
  159  144  128  114  101   90   82   78   82
    45.0-180.0 180.0   5.0 450.0                            LAT/LON1/LON2/DLON/H
  100  109  129  157  189  222  252  279  299  311  315  314  314  323  342  368
  395  414  422  420  416  417  428  447  470  488  495  492  481  467  456  451
  449  448  445  439  431  423  416  406  392  370  341  311  283  263  250  243
  238  232  224  215  206  200  199  201  206  209  211  211  211  208  203  194
  183  169  156  144  132  120  109  101  100
    42.5-180.0 180.0   5.0 450.0                            LAT/LON1/LON2/DLON/H
  128  132  149  176  209  243  277  307  331  347  353  353  352  359  376  401
  426  445  453  453  452  454  465  483  502  515  518  510  495  479  467  461
  461  463  465  463  457  450  441  427  406  376  340  304  274  252  239  232
  227  223  218  212  207  203  203  205  208  209  210  210  211  212  211  208
  202  195  187  179  171  161  147  135  128
    40.0-180.0 180.0   5.0 450.0                            LAT/LON1/LON2/DLON/H
  157  155  168  192  224  260  295  329  358  379  390  393  394  401  415  437
  460  478  489  493  495  499  507  519  530  536  533  521  506  491  481  479
  484  491  497  499  496  487  474  453  423  385  343  303  271  248  233  223
  217  214  212  211  210  209  209  208  208  206  204  203  204  208  212  215
  215  214  212  210  206  198  185  169  157
    37.5-180.0 180.0   5.0 450.0                            LAT/LON1/LON2/DLON/H
  176  170  178  200  231  266  303  341  376  405  424  433  437  444  456  474
  494  512  526  535  540  544  548  551  553  550  542  531  519  512  510  516
  528  542  553  556  551  538  517  488  449  404  358  317  286  264  246  232
  222  219  220  224  227  227  225  221  215  208  202  199  200  206  213  219
  223  226  228  229  228  222  210  192  176
    35.0-180.0 180.0   5.0 450.0                            LAT/LON1/LON2/DLON/H
  179  170  176  196  226  261  300  342  384  422  450  468  478  486  496  510
  525  543  559  573  581  583  581  575  568  561  553  548  548  553  564  581
  602  622  636  639  628  606  574  535  488  438  392  356  330  309  290  270
  254  248  252  259  265  265  259  250  238  227  217  211  210  213  219  225
  229  231  232  233  232  227  215  197  179
    32.5-180.0 180.0   5.0 450.0                            LAT/LON1/LON2/DLON/H
  167  157  162  182  213  249  289  335  384  431  470  497  514  526  535  544
  555  570  588  605  614  613  604  592  582  576  577  585  600  622  648  677
  706  732  746  744  723  688  644  594  541  490  448  420  403  387  366  340
  317  307  311  320  326  324  313  298  282  267  254  244  239  237  237  237
  236  232  228  224  220  214  202  185  167
    30.0-180.0 180.0   5.0 450.0                            LAT/LON1/LON2/DLON/H
  145  137  143  165  197  234  276  324  379  434  482  519  544  561  570  576
  584  596  614  631  638  633  620  607  601  606  622  648  682  720  759  797
  833  860  871  860  827  777  720  661  605  556  522  506  499  489  467  434
  404  389  391  401  405  399  382  362  343  326  312  300  289  279  270  260
  249  236  223  210  199  189  177  161  145
    27.5-180.0 180.0   5.0 450.0                            LAT/LON1/LON2/DLON/H
  122  116  125  150  185  223  266  316  373  434  489  534  567  589  602  607
  613  624  640  654  658  648  634  627  635  658  694  740  790  840  886  928
  964  989  994  972  925  861  793  728  671  627  602  596  600  596  573  535
  498  479  479  487  488  477  456  433  414  399  385  371  354  334  312  290
  268  245  221  198  179  164  151  136  122
    25.0-180.0 180.0   5.0 450.0                            LAT/LON1/LON2/DLON/H
  106  102  114  143  180  221  264  313  370  432  491  541  581  610  629  638
  645  656  671  681  680  667  657  662  689  735  792  853  913  966 1011 1049
 1079 1097 1094 1061 1001  927  852  786  731  691  672  674  684  684  660  618
  578  556  555  561  560  545  522  499  482  471  459  444  421  391  357  323
  292  260  228  196  168  148  132  118  106
    22.5-180.0 180.0   5.0 450.0                            LAT/LON1/LON2/DLON/H
  101   99  114  145  186  228  269  316  370  430  489  541  587  624  650  667
  680  694  709  717  711  698  695  716  765  833  907  975 1032 1078 1113 1139
 1159 1167 1154 1112 1043  963  888  825  773  736  718  720  730  729  705  662
  622  602  602  608  606  590  568  549  537  530  522  505  477  439  395  353
  315  279  242  205  171  146  127  113  101
    20.0-180.0 180.0   5.0 450.0                            LAT/LON1/LON2/DLON/H
  109  106  122  155  198  241  282  325  374  429  484  536  585  629  666  695
  718  740  758  765  758  747  753  791  860  943 1021 1084 1130 1159 1175 1185
 1191 1188 1167 1118 1047  968  898  841  793  754  730  723  725  720  695  656
  622  607  612  620  619  606  589  577  571  568  561  543  511  467  418  372
  332  297  261  222  186  158  137  121  109
    17.5-180.0 180.0   5.0 450.0                            LAT/LON1/LON2/DLON/H
  124  120  134  169  214  257  296  336  380  429  479  528  578  628  677  720
  757  790  814  824  820  815  832  883  962 1047 1118 1164 1188 1195 1192 1184
 1176 1164 1137 1087 1018  947  887  838  792  746  708  683  671  658  634  602
  579  575  587  601  604  597  588  584  584  583  574  553  518  471  420  374
  338  308  277  242  207  178  156  138  124
    15.0-180.0 180.0   5.0 450.0                            LAT/LON1/LON2/DLON/H
  140  133  146  180  225  270  309  347  388  431  476  521  570  626  685  742
  794  840  873  890  893  896  922  980 1057 1130 1180 1201 1200 1186 1166 1145
 1128 1110 1080 1032  971  912  864  823  777  720  661  614  583  561  539  519
  512  522  543  563  572  574  575  578  581  578  564  538  499  451  402  361
  331  309  286  257  226  198  176  157  140
    12.5-180.0 180.0   5.0 450.0                            LAT/LON1/LON2/DLON/H
  151  141  151  184  230  277  318  356  396  437  478  520  567  625  691  760
  826  883  928  954  967  981 1013 1068 1132 1179 1198 1190 1167 1140 1112 1088
 1067 1047 1019  977  927  881  846  810  760  688  608  537  487  456  439  435
  446  471  501  525  541  551  561  570  573  563  540  506  464  417  372  336
  314  299  284  262  236  212  191  170  151
    10.0-180.0 180.0   5.0 450.0                            LAT/LON1/LON2/DLON/H
  154  141  149  181  228  277  321  363  405  448  489  528  573  631  700  775
  849  915  969 1006 1030 1055 1090 1135 1174 1188 1173 1139 1104 1075 1052 1033
 1016  999  974  940  902  869  843  810  753  667  567  476  411  376  367  380
  408  445  480  506  525  541  558  569  568  549  514  471  424  378  337  307
  290  281  271  255  234  214  195  174  154
     7.5-180.0 180.0   5.0 450.0                            LAT/LON1/LON2/DLON/H
  148  135  141  171  219  272  322  369  417  465  509  549  591  645  712  788
  863  932  991 1036 1072 1105 1140 1170 1179 1158 1114 1065 1030 1012 1005 1000
  992  980  960  934  906  885  864  830  764  666  553  451  379  345  346  374
  417  460  494  516  533  551  570  580  572  542  496  443  392  347  309  283
  268  259  251  238  221  205  188  169  148
     5.0-180.0 180.0   5.0 450.0                            LAT/LON1/LON2/DLON/H
  139  126  131  161  210  267  322  377  433  488  537  579  620  669  730  798
  868  933  990 1039 1083 1123 1156 1169 1151 1102 1039  989  967  972  987 1000
 1002  995  979  959  940  925  906  867  794  690  574  470  401  373  385  425
  475  517  542  553  561  576  592  599  584  544  489  430  375  330  294  268
  252  241  230  217  202  188  174  158  139
     2.5-180.0 180.0   5.0 450.0                            LAT/LON1/LON2/DLON/H
  129  118  124  155  205  266  327  388  451  513  569  615  655  698  750  808
  866  920  969 1016 1064 1108 1137 1137 1099 1034  969  932  934  965 1003 1030
 1040 1034 1020 1004  991  979  959  914  836  732  622  529  470  452  473  519
  568  600  609  602  598  604  615  616  595  550  491  430  375  329  293  267
  246  230  214  198  183  170  159  145  129
