ionex_files/COD0OPSFIN_20251020000_01D_01H_GIM.INX
     1.0            IONOSPHERE MAPS     GNSS                IONEX VERSION / TYPE
ADDNEQ2 V5.5        AIUB                16-APR-25 19:03     PGM / RUN BY / DATE 
CODE'S GLOBAL IONOSPHERE MAPS FOR DAY 102, 2025             COMMENT             
Global ionosphere maps (GIM) are generated on a daily basis DESCRIPTION         
at CODE using data from about 300 GNSS sites of the IGS and DESCRIPTION         
other institutions. The vertical total electron content     DESCRIPTION         
(VTEC) is modeled in a solar-geomagnetic reference frame    DESCRIPTION         
using a spherical harmonics expansion up to degree and      DESCRIPTION         
order 15. Piece-wise linear functions are used for          DESCRIPTION         
representation in the time domain. The time spacing of      DESCRIPTION         
their vertices is 1 hour, conforming with the epochs of the DESCRIPTION         
VTEC maps.                                                  DESCRIPTION         
To convert line-of-sight TEC into vertical TEC, a modified  DESCRIPTION         
single-layer model mapping function approximating the JPL   DESCRIPTION         
extended slab model mapping function is adopted. The        DESCRIPTION         
mapping function is evaluated at geodetic satellite         DESCRIPTION         
elevation angles. For the computation of the ionospheric    DESCRIPTION         
pierce points, a spherical layer with a radius of 6821 km   DESCRIPTION         
is assumed, implying geocentric, not geodetic IONEX         DESCRIPTION         
latitudes.                                                  DESCRIPTION         
Instrumental biases with respect to each involved GNSS code DESCRIPTION         
observable are estimated as constant values for each        DESCRIPTION         
day. They are modeled with one set of bias parameters for   DESCRIPTION         
each satellite and each station in case of GPS and for each DESCRIPTION         
satellite-station link in case of GLONASS. The code bias    DESCRIPTION         
datum is defined by zero-mean conditions imposed on the     DESCRIPTION         
satellite bias estimates. In this file, just GPS C1W-C2W    DESCRIPTION         
satellite and station bias values are included. The         DESCRIPTION         
complete set of GNSS code bias results is provided in an    DESCRIPTION         
additional Bias-SINEX file as pseudo-absolute values        DESCRIPTION         
specific to each observable.                                DESCRIPTION         
Note: These GIM results correspond to the results for the   DESCRIPTION         
middle day of a 3-day combination analysis solving for 73   DESCRIPTION         
times 256, or 18688 VTEC parameters and 3 daily sets of     DESCRIPTION         
GNSS code bias parameters.                                  DESCRIPTION         
Contact address: code(at)aiub.unibe.ch                      DESCRIPTION         
Data archive:    ftp.aiub.unibe.ch/CODE/                    DESCRIPTION         
                 www.aiub.unibe.ch/download/CODE/           DESCRIPTION         
  2025     4    12     0     0     0                        EPOCH OF FIRST MAP  
  2025     4    13     0     0     0                        EPOCH OF LAST MAP   
  3600                                                      INTERVAL            
[...]
abpo adis albh algo alic amu2 antc areg areq ascg aspa auck COMMENT             
azgb badg bake bako barh bjfs bndy boav bogo bogt bor1 braz COMMENT             
brft brst brux cas1 ccj2 cedu chpg chti chur ckis coco cord COMMENT             
cpvg cpxf cro1 daej darw dav1 dgar dhlg drao dubo ebre faa1 COMMENT             
fair flin flrs frdn func ganp glps glsv gode gol2 gold gope COMMENT             
gras graz guam guug harb hers hert hlfx hnpt hob2 hofn holb COMMENT             
hrao hyde iddr ieng iisc impz ineg invk iqal irkj jog2 joz2 COMMENT             
joze karr kerg kir0 kiri kiru kit3 kokb kokv koug kour krgg COMMENT             
lama laut lmmf lpal lpgs m0se mac1 madr mal2 mana mas1 mat1 COMMENT             
mate maui maw1 mcil mcm4 mdo1 medi mgue mizu mkea mnls mobs COMMENT             
morp mqzg mro1 mtka nano naur nium nklg nlib nnor not1 nrc1 COMMENT             
ntus nya1 nyal onsa opmt ous2 pado parc park pdel penc pert COMMENT             
pie1 pimo pohn pol2 polv pots pove ptbb ptvl qaq1 quin rabt COMMENT             
ramo reyk rgdg rio2 roth salu samo sant savo sch2 scor scrz COMMENT             
sctb scub seyg sfer spt0 ssia sthl stjo stk2 str2 suth sutm COMMENT             
suwn sydn syog tash thtg thti thu2 tid1 tidb tlse tn22 tro1 COMMENT             
tskb txes uclu ufpr unb3 unbj unsa urum usn7 usud vald vill COMMENT             
vtsp wab1 wab2 wgtn whit will wsrt wtza wtzr wtzs wtzz wuhn COMMENT             
xmis yar2 yar3 yarr yell ykro zeck zim2 zim3 zimm           COMMENT             
                                                            END OF HEADER       
[from data line 858]
     3                                                      START OF TEC MAP    
  2025     4    12     2     0     0                        EPOCH OF CURRENT MAP
    87.5-180.0 180.0   5.0 450.0                            LAT/LON1/LON2/DLON/H
  218  219  219  219  220  220  220  220  220  219  219  219  218  217  216  215
  213  212  210  208  206  203  200  198  195  192  189  186  183  180  177  174
  172  170  168  166  164  163  162  161  161  160  161  161  162  163  164  166
  168  170  172  175  177  180  183  185  188  191  194  197  199  202  204  206
  208  210  212  213  215  216  217  217  218
    85.0-180.0 180.0   5.0 450.0                            LAT/LON1/LON2/DLON/H
  223  222  221  221  221  221  221  221  222  223  224  225  225  226  226  225
  224  222  219  216  212  207  202  196  190  184  178  171  165  159  153  147
  142  138  133  130  127  124  122  121  120  120  121  122  123  125  128  131
  135  139  144  149  154  160  166  172  178  184  190  196  201  206  211  214
  217  220  222  223  224  224  224  223  223
    82.5-180.0 180.0   5.0 450.0                            LAT/LON1/LON2/DLON/H
  216  212  208  204  202  201  201  202  204  207  211  215  219  223  225  227
  227  226  224  220  215  208  201  192  183  174  165  155  146  137  129  122
  115  109  104   99   96   93   90   89   88   88   88   90   91   94   97  101
  106  111  117  124  132  140  149  158  167  177  186  195  203  211  218  223
  227  230  231  231  230  228  224  220  216
    80.0-180.0 180.0   5.0 450.0                            LAT/LON1/LON2/DLON/H
  208  198  188  180  173  169  168  169  172  178  185  193  201  209  215  220
  223  224  222  219  213  205  196  186  175  163  152  141  131  121  112  104
   97   91   86   82   79   76   74   73   72   71   72   72   74   76   78   81
   85   91   97  104  112  122  133  144  156  169  181  194  205  216  226  234
  239  243  244  243  240  234  226  217  208
    77.5-180.0 180.0   5.0 450.0                            LAT/LON1/LON2/DLON/H
  210  193  177  161  149  139  134  133  136  143  153  164  176  188  198  206
  211  213  213  209  204  196  187  177  165  154  143  132  122  113  105   98
   92   87   83   80   78   76   74   73   72   72   72   72   72   73   74   75
   78   81   86   92   99  109  120  132  146  160  176  191  206  221  234  245
  254  260  263  262  258  250  240  226  210
    75.0-180.0 180.0   5.0 450.0                            LAT/LON1/LON2/DLON/H
  233  210  186  162  142  125  114  108  109  115  125  138  151  164  175  184
  191  194  195  193  189  183  176  167  158  148  139  130  122  115  108  103
   99   96   93   90   89   87   86   86   85   85   85   85   84   84   83   82
   82   83   85   89   94  102  112  124  138  154  171  188  206  223  240  255
  267  278  284  287  286  280  268  253  233
    72.5-180.0 180.0   5.0 450.0                            LAT/LON1/LON2/DLON/H
  277  250  221  190  160  135  116  104  100  102  109  119  131  142  151  159
  165  168  170  170  169  167  164  159  153  147  140  134  128  123  119  115
  112  110  107  105  104  102  102  102  102  103  103  104  104  103  101   98
   96   94   94   95   98  104  112  123  136  151  167  185  204  223  242  260
  277  292  305  314  319  318  311  297  277
    70.0-180.0 180.0   5.0 450.0                            LAT/LON1/LON2/DLON/H
  335  309  277  241  204  171  143  124  112  108  109  114  119  125  129  133
  136  139  142  146  149  152  154  154  152  149  145  141  137  133  130  127
  125  122  119  117  114  113  112  112  114  116  119  121  123  122  121  118
  114  111  109  108  109  113  119  128  139  153  168  185  203  221  241  260
  280  300  318  335  348  357  358  351  335
    67.5-180.0 180.0   5.0 450.0                            LAT/LON1/LON2/DLON/H
  393  373  343  305  263  224  189  162  144  132  125  122  119  116  112  110
  109  111  116  123  131  139  146  151  153  152  150  146  143  139  136  133
  130  127  123  119  115  113  112  113  116  121  126  132  136  138  137  135
  132  128  125  124  124  127  132  140  149  160  173  187  203  220  237  255
  275  296  319  342  365  384  398  401  393
    65.0-180.0 180.0   5.0 450.0                            LAT/LON1/LON2/DLON/H
  436  425  400  364  322  280  242  211  186  168  153  140  127  115  103   93
   88   89   95  105  118  131  142  149  152  152  149  145  141  137  134  130
  126  122  117  111  107  103  102  104  109  116  125  133  140  145  146  145
  143  140  138  138  139  143  148  155  163  172  182  194  207  220  234  248
  265  283  306  333  363  392  417  433  436
    62.5-180.0 180.0   5.0 450.0                            LAT/LON1/LON2/DLON/H
  453  452  434  404  366  326  288  256  230  207  186  165  143  121  101   86
   77   76   83   95  111  126  138  145  148  146  142  136  131  127  123  120
  115  110  104   98   93   89   88   90   96  105  116  127  137  144  147  147
  146  145  145  147  151  157  164  171  178  186  195  205  215  225  234  244
  253  266  285  310  341  377  411  438  453
    60.0-180.0 180.0   5.0 450.0                            LAT/LON1/LON2/DLON/H
  440  448  439  416  385  351  319  291  266  242  217  190  162  133  108   88
   77   75   80   92  107  121  131  137  137  133  127  122  117  113  110  107
  103   98   92   86   81   78   76   78   85   94  106  118  129  137  141  142
  142  143  145  151  158  168  177  185  193  201  209  218  227  235  242  245
  248  252  262  281  309  345  383  417  440
    57.5-180.0 180.0   5.0 450.0                            LAT/LON1/LON2/DLON/H
  406  419  417  402  380  355  332  311  291  269  243  213  180  148  120   99
   87   83   86   94  105  114  121  123  121  116  110  106  103  102  100   98
   95   91   86   82   78   75   73   75   80   88   99  111  121  128  132  134
  134  137  142  150  162  175  188  198  207  215  223  233  243  251  256  256
  252  248  248  257  277  308  344  379  406
    55.0-180.0 180.0   5.0 450.0                            LAT/LON1/LON2/DLON/H
  366  380  382  374  360  345  332  320  307  289  263  232  198  165  138  118
  104   97   96   97  101  105  108  107  104  100   97   96   97   99   99   98
   95   92   89   87   85   83   82   82   84   90   99  108  116  122  125  126
  127  131  138  150  165  182  198  210  220  229  238  248  260  270  276  276
  268  258  250  250  260  282  311  341  366
    52.5-180.0 180.0   5.0 450.0                            LAT/LON1/LON2/DLON/H
  339  350  353  348  341  335  331  328  321  305  280  248  214  184  159  140
  127  116  108  101   97   95   95   94   93   92   94   97  103  107  109  108
  105  102  100  100  100  100   99   97   97  100  105  111  116  121  123  124
  126  131  140  154  172  192  210  225  235  244  253  265  279  292  301  302
  296  284  272  265  267  279  298  320  339
    50.0-180.0 180.0   5.0 450.0                            LAT/LON1/LON2/DLON/H
  340  346  347  343  339  338  341  343  339  324  299  266  232  204  182  166
  152  137  121  107   96   90   89   90   93   98  104  112  120  125  127  124
  120  116  115  117  120  121  120  117  114  113  115  119  122  126  128  130
  133  139  149  165  185  207  228  244  256  264  273  284  298  314  326  332
  330  322  312  303  301  305  315  328  340
    47.5-180.0 180.0   5.0 450.0                            LAT/LON1/LON2/DLON/H
  373  375  373  369  365  365  368  371  367  351  323  287  253  226  207  193
  179  160  138  117  101   95   96  102  111  119  128  136  144  147  146  141
  134  129  129  133  138  141  139  135  130  127  127  129  133  136  139  143
  149  156  167  184  205  230  253  271  283  291  298  307  321  337  352  363
  368  367  363  359  357  358  362  368  373
    45.0-180.0 180.0   5.0 450.0                            LAT/LON1/LON2/DLON/H
  435  436  432  426  419  415  414  413  405  385  353  315  279  252  235  222
  207  186  161  136  120  116  121  132  144  153  160  165  168  167  162  153
  144  139  140  145  152  155  154  148  143  139  139  142  145  150  156  163
  171  180  192  209  232  258  283  304  317  325  330  337  347  361  378  393
  405  414  420  424  426  429  431  433  435
    42.5-180.0 180.0   5.0 450.0                            LAT/LON1/LON2/DLON/H
  515  517  514  506  493  480  470  461  448  423  388  347  309  281  264  252
  238  217  192  169  155  154  163  177  188  193  194  191  186  179  170  160
  150  145  147  153  161  165  163  157  152  149  150  154  159  166  174  183
  194  206  219  237  260  288  316  339  355  363  367  371  379  390  406  424
  443  460  476  489  499  505  508  511  515
    40.0-180.0 180.0   5.0 450.0                            LAT/LON1/LON2/DLON/H
  598  605  605  593  572  547  525  507  487  460  423  381  342  312  295  283
  271  254  233  214  205  207  217  228  234  231  222  209  196  184  173  163
  156  153  156  163  171  174  171  166  160  159  162  168  174  181  190  202
  215  229  243  262  286  316  347  373  391  402  406  410  415  425  440  460
  483  507  530  551  566  577  583  590  598
    37.5-180.0 180.0   5.0 450.0                            LAT/LON1/LON2/DLON/H
  675  688  690  675  644  605  569  541  516  489  454  413  374  343  324  313
  304  293  279  267  262  264  271  276  273  260  241  220  201  188  178  172
  169  169  174  180  186  188  184  177  172  172  176  182  188  194  202  214
  229  245  260  280  306  338  371  399  421  435  443  448  454  465  482  504
  530  558  585  609  628  641  651  661  675
    35.0-180.0 180.0   5.0 450.0                            LAT/LON1/LON2/DLON/H
  743  760  763  744  701  647  597  559  533  508  478  441  403  371  351  340
  334  329  324  318  315  315  315  311  299  279  254  230  211  199  194  193
  195  199  203  208  211  210  204  196  190  190  194  199  201  203  209  220
  235  252  269  291  319  352  385  415  439  457  471  482  493  509  531  559
  588  617  645  670  689  702  713  725  743
    32.5-180.0 180.0   5.0 450.0                            LAT/LON1/LON2/DLON/H
  808  825  826  798  743  674  612  567  540  520  496  465  429  396  373  360
  357  357  358  357  354  349  341  329  311  290  267  248  234  228  228  232
  238  242  245  246  245  241  233  223  215  212  214  216  214  210  210  218
  233  251  271  295  324  357  390  420  445  468  489  508  528  554  586  622
  657  688  715  738  755  767  777  789  808
    30.0-180.0 180.0   5.0 450.0                            LAT/LON1/LON2/DLON/H
  878  891  885  848  780  698  625  576  549  534  517  490  455  420  392  375
  370  371  375  376  371  361  347  332  316  302  291  284  280  279  281  286
  291  294  293  289  284  277  267  254  243  236  234  232  224  213  207  211
  225  245  268  295  325  358  388  415  442  469  498  527  558  596  641  689
  732  766  793  815  833  844  852  862  878
    27.5-180.0 180.0   5.0 450.0                            LAT/LON1/LON2/DLON/H
  960  965  950  902  823  732  653  600  574  562  548  523  487  448  413  388
  375  371  372  372  367  356  342  331  325  327  333  341  346  347  346  345
  345  342  335  326  317  309  299  284  269  258  251  244  231  214  201  202
  216  239  266  295  327  358  384  408  434  465  501  540  582  633  692  753
  805  844  873  898  920  935  943  951  960
    25.0-180.0 180.0   5.0 450.0                            LAT/LON1/LON2/DLON/H
 1055 1050 1024  968  883  789  707  654  627  614  598  571  531  486  442  404
  378  363  356  354  351  345  340  340  351  371  396  416  425  420  408  395
  384  374  362  349  338  331  321  307  288  273  262  252  234  212  195  193
  209  235  266  298  331  360  383  403  428  462  505  551  602  663  735  807
  868  913  947  979 1009 1032 1045 1051 1055
    22.5-180.0 180.0   5.0 450.0                            LAT/LON1/LON2/DLON/H
 1151 1139 1106 1046  962  872  794  742  713  694  673  640  594  541  486  433
  389  357  340  336  340  347  358  375  401  436  471  495  498  479  448  418
  396  381  366  353  343  337  331  317  298  279  266  253  233  208  189  187
  205  235  270  306  339  367  388  406  431  468  515  566  622  689  767  846
  913  962 1002 1043 1085 1121 1143 1152 1151
    20.0-180.0 180.0   5.0 450.0                            LAT/LON1/LON2/DLON/H
 1230 1216 1182 1127 1053  975  907  858  826  801  771  730  677  617  551  483
  418  367  339  336  353  380  410  442  477  514  545  559  545  504  451  405
  376  360  348  338  331  330  327  316  297  277  262  249  229  203  183  182
  203  238  277  315  351  379  400  418  445  486  536  589  645  711  790  870
  937  987 1030 1080 1135 1185 1217 1231 1230
    17.5-180.0 180.0   5.0 450.0                            LAT/LON1/LON2/DLON/H
 1273 1262 1236 1195 1141 1083 1029  987  953  922  884  835  777  711  637  556
  473  405  367  370  404  454  502  540  569  590  599  589  550  485  413  357
  327  319  317  314  312  315  316  308  289  269  254  242  223  198  178  179
  203  242  284  325  363  394  418  439  470  515  567  619  672  734  807  881
  942  988 1031 1084 1148 1208 1250 1271 1273
    15.0-180.0 180.0   5.0 450.0                            LAT/LON1/LON2/DLON/H
 1266 1264 1253 1235 1209 1177 1142 1107 1074 1039  996  944  883  816  739  650
  555  475  434  445  498  567  624  654  659  645  617  572  506  423  341  286
  267  274  288  295  297  300  303  297  280  259  245  234  217  192  173  176
  202  244  288  331  372  408  438  466  503  551  605  656  704  759  824  887
  937  973 1009 1059 1123 1186 1233 1258 1266
    12.5-180.0 180.0   5.0 450.0                            LAT/LON1/LON2/DLON/H
 1209 1218 1228 1238 1244 1241 1226 1200 1169 1134 1092 1041  982  918  843  754
  655  572  533  556  625  704  757  763  726  663  588  509  422  332  255  213
  215  244  276  291  294  295  296  289  272  252  238  227  211  187  168  171
  199  242  287  332  377  420  458  494  536  588  642  692  737  786  842  894
  931  955  980 1019 1073 1128 1170 1196 1209
    10.0-180.0 180.0   5.0 450.0                            LAT/LON1/LON2/DLON/H
 1117 1137 1167 1206 1245 1269 1270 1252 1224 1194 1157 1112 1059 1001  933  851
  758  680  651  684  763  840  874  841  753  637  519  413  320  239  182  164
  192  244  290  310  309  301  296  287  269  249  233  222  205  181  161  164
  192  235  281  328  376  426  473  518  564  617  672  721  766  812  862  905
  933  946  958  982 1018 1055 1083 1102 1117
     7.5-180.0 180.0   5.0 450.0                            LAT/LON1/LON2/DLON/H
 1019 1045 1092 1155 1219 1264 1276 1262 1238 1214 1187 1150 1103 1051  992  923
  844  780  763  806  883  947  948  871  733  572  425  310  228  173  146  158
  209  277  330  348  336  317  302  288  269  247  229  216  198  173  154  156
  183  226  272  319  372  428  483  533  582  634  688  738  785  833  881  921
  945  953  957  966  980  992 1000 1007 1019
     5.0-180.0 180.0   5.0 450.0                            LAT/LON1/LON2/DLON/H
  948  974 1028 1105 1186 1241 1256 1241 1218 1201 1184 1154 1109 1060 1010  954
  894  849  846  892  961  999  963  845  670  485  332  231  177  157  164  200
  265  337  386  393  366  332  307  288  266  242  223  207  189  165  146  147
  174  215  261  310  365  427  486  539  587  636  687  738  790  843  895  938
  965  977  981  980  976  965  953  944  948
     2.5-180.0 180.0   5.0 450.0                            LAT/LON1/LON2/DLON/H
  932  950 1000 1080 1164 1219 1229 1207 1182 1170 1159 1131 1083 1030  983  940
  899  873  882  927  978  986  917  771  583  402  269  200  185  202  235  282
  344  405  438  428  385  337  302  279  257  232  210  194  176  154  137  139
  165  206  252  302  359  422  483  536  580  623  670  723  780  840  898  947
  985 1010 1024 1025 1012  987  960  938  932
