ionex_files/COD0OPSFIN_20250720000_01D_01H_GIM.INX
     1.0            IONOSPHERE MAPS     GNSS                IONEX VERSION / TYPE
ADDNEQ2 V5.5        AIUB                17-MAR-25 18:56     PGM / RUN BY / DATE 
CODE'S GLOBAL IONOSPHERE MAPS FOR DAY 072, 2025             COMMENT             
Global ionosphere maps (GIM) are generated on a daily basis DESCRIPTION         
at CODE using data from about 300 GNSS sites of the IGS and DESCRIPTION         
other institutions. The vertical total electron content     DESCRIPTION         
(VTEC) is modeled in a solar-geomagnetic reference frame    DESCRIPTION         
using a spherical harmonics expansion up to degree and      DESCRIPTION         
order 15. Piece-wise linear functions are used for          DESCRIPTION         
representation in the time domain. The time spacing of      DESCRIPTION         
their vertices is 1 hour, conforming with the epochs of the DESCRIPTION         
VTEC maps.                                                  DESCRIPTION         
To convert line-of-sight TEC into vertical TEC, a modified  DESCRIPTION         
single-layer model mapping function approximating the JPL   DESCRIPTION         
extended slab model mapping function is adopted. The        DESCRIPTION         
mapping function is evaluated at geodetic satellite         DESCRIPTION         
elevation angles. For the computation of the ionospheric    DESCRIPTION         
pierce points, a spherical layer with a radius of 6821 km   DESCRIPTION         
is assumed, implying geocentric, not geodetic IONEX         DESCRIPTION         
latitudes.                                                  DESCRIPTION         
Instrumental biases with respect to each involved GNSS code DESCRIPTION         
observable are estimated as constant values for each        DESCRIPTION         
day. They are modeled with one set of bias parameters for   DESCRIPTION         
each satellite and each station in case of GPS and for each DESCRIPTION         
satellite-station link in case of GLONASS. The code bias    DESCRIPTION         
datum is defined by zero-mean conditions imposed on the     DESCRIPTION         
satellite bias estimates. In this file, just GPS C1W-C2W    DESCRIPTION         
satellite and station bias values are included. The         DESCRIPTION         
complete set of GNSS code bias results is provided in an    DESCRIPTION         
additional Bias-SINEX file as pseudo-absolute values        DESCRIPTION         
specific to each observable.                                DESCRIPTION         
Note: These GIM results correspond to the results for the   DESCRIPTION         
middle day of a 3-day combination analysis solving for 73   DESCRIPTION         
times 256, or 18688 VTEC parameters and 3 daily sets of     DESCRIPTION         
GNSS code bias parameters.                                  DESCRIPTION         
Contact address: code(at)aiub.unibe.ch                      DESCRIPTION         
Data archive:    ftp.aiub.unibe.ch/CODE/                    DESCRIPTION         
                 www.aiub.unibe.ch/download/CODE/           DESCRIPTION         
  2025     3    13     0     0     0                        EPOCH OF FIRST MAP  
  2025     3    14     0     0     0                        EPOCH OF LAST MAP   
  3600                                                      INTERVAL            
[...]
abpo adis albh algo alic amu2 antc areg areq ascg aspa azgb COMMENT             
badg bake barh bjfs bndy boav bogo bogt bor1 braz brft brst COMMENT             
brux cags cas1 ccj2 cedu chpg chur ckis coco cord cpvg cpxf COMMENT             
cro1 daej darw dav1 dgar dhlg drao dubo ebre faa1 fair flin COMMENT             
flrs frdn func ganp glps glsv gode gol2 gold gope gras graz COMMENT             
guam guug harb hers hert hlfx hnpt hob2 hofn holb hrao iddr COMMENT             
ieng iisc impz ineg invk iqal irkj jog2 joz2 karr kerg kir0 COMMENT             
kiri kiru kit3 kokb kokv koug kour krgg lama laut lmmf lpal COMMENT             
lpgs mac1 madr mal2 mana mas1 mat1 mate maui maw1 mcm4 mdo1 COMMENT             
medi mgue mizu mkea mnls mobs monp morp mro1 mtka nano naur COMMENT             
nico nist nium nklg nlib nnor nrc1 ntus nya1 nyal onsa opmt COMMENT             
ous2 pado parc park pdel penc pert pie1 pimo pohn pol2 polv COMMENT             
pots pove ptag ptbb ptvl qaq1 quin rabt ramo reun reyk rgdg COMMENT             
rio2 roth salu samo sant savo sch2 scor scrz scub seyg sfer COMMENT             
spt0 ssia sthl stjo stk2 str2 suth sutm suwn sydn syog tash COMMENT             
thtg thti thu2 tid1 tidb tlse tn22 tong tow2 tro1 tskb twtf COMMENT             
txes uclu ufpr ulab unb3 unbj unsa urum usn7 usud vald vill COMMENT             
vtsp wab1 wab2 whit will wind wtza wtzr wtzs wtzz wuhn xmis COMMENT             
yar2 yar3 yarr yell ykro zeck zim2 zim3 zimm                COMMENT             
                                                            END OF HEADER       
[from data line 4290]
    11                                                      START OF TEC MAP    
  2025     3    13    10     0     0                        EPOCH OF CURRENT MAP
    87.5-180.0 180.0   5.0 450.0                            LAT/LON1/LON2/DLON/H
  117  120  122  125  127  130  133  136  139  141  144  147  149  152  154  156
  157  159  160  161  161  161  161  161  160  159  158  157  155  154  152  150
  147  145  143  140  138  135  132  130  127  125  122  120  117  115  113  111
  109  107  106  105  103  102  102  101  101  101  101  101  101  102  102  103
  104  105  106  108  110  111  113  115  117
    85.0-180.0 180.0   5.0 450.0                            LAT/LON1/LON2/DLON/H
  110  112  116  119  123  128  132  137  143  148  154  159  164  169  173  177
  181  183  185  186  187  187  186  184  182  180  177  174  171  167  164  160
  157  153  149  146  142  138  134  131  127  123  119  115  112  108  105  102
   99   96   94   92   91   90   90   89   90   90   91   92   93   94   95   96
   97   98   99  101  102  104  105  107  110
    82.5-180.0 180.0   5.0 450.0                            LAT/LON1/LON2/DLON/H
  111  112  113  115  118  122  127  133  139  146  154  161  168  175  181  187
  191  194  196  197  196  195  192  189  185  181  176  172  167  163  159  156
  152  149  147  144  142  139  136  134  130  127  123  120  116  112  108  105
  102   99   97   96   96   97   98  100  102  105  107  110  112  114  116  117
  117  117  117  116  115  113  112  111  111
    80.0-180.0 180.0   5.0 450.0                            LAT/LON1/LON2/DLON/H
  124  120  116  115  114  116  119  123  129  136  144  152  160  168  175  181
  185  188  189  188  186  183  178  173  167  161  156  151  146  143  140  138
  138  138  138  139  140  141  142  142  141  140  138  135  132  128  124  121
  119  117  117  117  119  122  127  132  138  144  150  155  159  163  165  166
  165  162  159  154  148  142  136  130  124
    77.5-180.0 180.0   5.0 450.0                            LAT/LON1/LON2/DLON/H
  147  136  127  120  116  113  112  114  117  123  129  136  143  151  157  162
  165  167  166  164  160  155  148  141  135  128  123  119  116  114  114  116
  119  124  129  135  141  147  152  157  159  161  161  159  157  154  151  148
  146  146  147  150  155  162  170  180  190  200  209  218  224  229  231  231
  228  223  215  206  195  183  170  158  147
    75.0-180.0 180.0   5.0 450.0                            LAT/LON1/LON2/DLON/H
  171  156  143  131  122  116  111  109  109  110  113  118  123  128  132  136
  137  137  135  131  125  119  112  105   99   94   90   88   88   90   93   99
  106  115  126  136  148  158  168  176  183  186  188  188  186  184  181  179
  178  179  183  188  197  207  220  233  247  260  273  283  290  295  297  295
  289  281  269  255  239  222  205  188  171
    72.5-180.0 180.0   5.0 450.0                            LAT/LON1/LON2/DLON/H
  187  170  156  143  132  123  116  110  106  104  103  103  104  106  108  109
  109  107  103   98   92   86   80   75   71   69   68   70   73   78   84   93
  104  116  130  144  159  174  187  198  206  212  215  215  214  211  209  208
  208  211  216  225  236  250  265  281  297  312  324  334  340  343  341  336
  328  316  301  284  265  245  225  205  187
    70.0-180.0 180.0   5.0 450.0                            LAT/LON1/LON2/DLON/H
  186  172  159  149  140  132  125  117  110  104   99   95   93   91   90   89
   87   84   79   74   68   63   60   58   58   60   64   69   75   82   90  100
  112  126  140  157  173  189  204  216  226  232  235  236  234  232  231  230
  232  237  244  255  268  284  300  316  332  345  355  361  362  359  353  343
  330  314  297  278  259  239  220  202  186
    67.5-180.0 180.0   5.0 450.0                            LAT/LON1/LON2/DLON/H
  163  155  149  145  141  137  132  126  118  110  102   95   89   85   82   79
   75   71   67   62   58   55   55   58   63   69   76   84   91   99  107  116
  127  140  154  169  186  202  216  229  238  245  248  248  247  246  245  247
  251  257  267  279  292  307  322  336  348  357  361  360  354  343  328  312
  293  274  256  237  220  203  187  174  163
    65.0-180.0 180.0   5.0 450.0                            LAT/LON1/LON2/DLON/H
  122  121  123  127  131  134  134  130  124  116  107   98   91   86   82   78
   74   70   66   62   60   60   64   71   79   89   99  107  114  120  126  133
  142  153  165  179  194  209  223  235  244  250  253  254  254  254  256  260
  267  276  287  298  311  323  335  344  351  353  349  339  323  302  279  254
  229  207  188  171  156  144  133  126  122
    62.5-180.0 180.0   5.0 450.0                            LAT/LON1/LON2/DLON/H
   73   79   88   99  110  120  126  127  124  118  110  102   96   91   87   84
   81   78   74   71   70   73   79   89  101  112  122  129  133  137  140  144
  151  160  171  184  197  211  224  236  245  251  255  257  260  263  269  277
  287  297  309  319  329  337  343  347  347  343  331  313  287  256  222  189
  159  134  114   99   88   80   75   72   73
    60.0-180.0 180.0   5.0 450.0                            LAT/LON1/LON2/DLON/H
   33   41   54   69   84   98  108  113  114  112  107  102   98   95   93   91
   90   87   85   83   83   86   94  105  118  129  137  140  141  141  142  145
  152  161  173  185  198  211  224  236  246  253  259  265  271  279  289  301
  314  326  337  345  350  353  353  352  347  337  320  295  262  222  179  139
  103   76   57   45   37   32   30   30   33
    57.5-180.0 180.0   5.0 450.0                            LAT/LON1/LON2/DLON/H
   16   22   33   47   62   76   87   94   97   98   98   97   95   95   95   96
   96   95   93   91   92   95  103  114  126  135  139  138  135  132  133  138
  147  160  174  188  201  214  227  240  251  262  271  281  291  304  319  334
  350  362  371  376  376  373  368  362  354  342  324  297  260  215  166  120
   81   52   34   24   19   16   15   14   16
    55.0-180.0 180.0   5.0 450.0                            LAT/LON1/LON2/DLON/H
   29   30   34   42   52   61   69   74   78   81   84   86   88   90   92   94
   96   97   96   94   94   96  103  113  123  129  130  125  119  115  118  128
  143  162  180  196  210  224  238  252  266  280  293  307  322  339  357  375
  391  403  409  409  404  396  387  378  370  360  345  319  283  237  185  136
   95   66   49   41   39   37   35   32   29
    52.5-180.0 180.0   5.0 450.0                            LAT/LON1/LON2/DLON/H
   70   64   61   61   62   63   63   63   63   66   70   74   78   81   83   87
   90   93   93   91   90   91   96  104  113  117  115  108  101   98  105  123
  147  173  196  215  229  243  257  272  289  307  324  342  361  380  400  418
  432  441  443  439  430  418  406  397  391  385  375  356  324  279  229  179
  137  108   93   88   87   87   84   78   70
    50.0-180.0 180.0   5.0 450.0                            LAT/LON1/LON2/DLON/H
  127  117  108  100   92   83   74   65   60   60   63   66   69   71   73   76
   81   85   86   84   81   81   84   92  100  105  103   95   89   89  103  128
  162  196  224  244  258  270  284  301  320  340  361  381  402  421  440  455
  465  469  467  459  447  434  422  414  410  409  405  393  366  326  278  229
  189  161  147  144  146  147  144  137  127
    47.5-180.0 180.0   5.0 450.0                            LAT/LON1/LON2/DLON/H
  181  171  160  150  136  120  101   83   71   65   65   66   66   65   64   66
   71   76   78   76   72   70   73   81   91   98   98   93   89   94  113  147
  188  228  259  280  293  303  316  334  355  377  399  420  440  457  471  481
  485  483  476  466  454  442  431  424  422  424  424  417  395  360  315  269
  230  203  190  188  191  194  194  190  181
    45.0-180.0 180.0   5.0 450.0                            LAT/LON1/LON2/DLON/H
  214  209  203  195  183  163  138  113   94   82   78   75   70   65   61   61
   65   71   74   71   66   63   65   75   88   99  104  103  103  112  136  175
  221  265  298  317  329  338  351  369  391  414  436  455  472  485  493  495
  492  484  474  464  454  445  436  430  427  427  427  420  401  369  327  284
  247  221  207  204  207  213  217  217  214
    42.5-180.0 180.0   5.0 450.0                            LAT/LON1/LON2/DLON/H
  215  219  222  223  218  201  176  147  123  107   98   91   83   73   65   63
   66   72   74   71   65   60   62   74   91  108  119  124  128  139  165  206
  254  299  332  351  362  371  385  404  426  449  469  485  497  505  507  502
  492  479  468  459  454  449  444  436  429  423  417  406  385  353  314  274
  240  213  197  190  191  197  204  211  215
    40.0-180.0 180.0   5.0 450.0                            LAT/LON1/LON2/DLON/H
  187  198  212  225  230  222  202  174  149  132  121  112  100   87   76   72
   75   80   81   76   68   62   64   77   98  121  139  150  157  170  196  234
  281  324  357  378  390  402  418  439  461  482  499  512  521  524  521  511
  497  481  470  464  465  466  462  452  437  421  405  386  360  328  291  254
  222  195  174  160  155  158  166  176  187
    37.5-180.0 180.0   5.0 450.0                            LAT/LON1/LON2/DLON/H
  142  156  177  199  216  220  208  187  165  150  141  132  119  105   93   89
   90   93   91   85   75   67   68   82  106  134  159  175  186  199  222  257
  299  340  374  397  415  433  453  476  499  517  531  541  547  549  544  534
  518  503  493  491  497  502  500  487  463  435  406  378  347  314  279  246
  216  187  160  138  123  118  122  130  142
    35.0-180.0 180.0   5.0 450.0                            LAT/LON1/LON2/DLON/H
  102  111  130  156  181  195  193  181  166  157  152  146  135  122  112  108
  108  108  104   95   83   75   75   88  113  145  174  196  211  225  245  274
  312  351  386  415  441  467  493  519  541  557  568  576  582  586  585  578
  566  554  546  547  556  564  563  545  513  474  435  399  366  333  301  272
  245  215  182  149  121  105   99   98  102
    32.5-180.0 180.0   5.0 450.0                            LAT/LON1/LON2/DLON/H
   90   84   90  110  136  156  163  159  154  152  153  152  145  136  129  126
  126  123  116  105   93   84   84   95  119  151  184  212  233  249  267  292
  326  363  401  438  473  508  541  570  590  603  612  620  630  639  646  648
  643  636  631  633  641  650  646  625  587  541  498  461  428  398  372  347
  323  292  253  210  170  140  119  103   90
    30.0-180.0 180.0   5.0 450.0                            LAT/LON1/LON2/DLON/H
  120   91   76   81   98  116  127  130  133  140  147  151  148  143  140  140
  140  135  125  113  103   95   94  102  123  154  190  225  254  275  295  319
  349  386  427  471  515  558  598  627  646  656  663  674  689  707  725  738
  743  742  738  738  744  748  742  718  678  632  591  559  533  510  489  469
  446  416  373  322  272  228  191  156  120
    27.5-180.0 180.0   5.0 450.0                            LAT/LON1/LON2/DLON/H
  195  139   99   80   81   90   99  106  114  127  139  146  146  144  145  147
  147  141  130  119  112  107  107  112  128  157  196  239  277  309  335  360
  389  425  469  517  568  618  661  691  707  714  720  733  755  783  813  837
  852  857  853  849  848  847  837  811  772  733  702  681  667  652  635  617
  595  565  522  468  412  358  307  253  195
    25.0-180.0 180.0   5.0 450.0                            LAT/LON1/LON2/DLON/H
  301  223  157  114   94   89   91   96  106  121  134  140  140  140  142  147
  147  140  130  123  120  120  121  124  136  162  204  255  307  351  386  416
  445  481  525  576  630  683  726  755  768  772  777  793  821  858  897  931
  954  962  958  948  939  931  916  890  856  826  810  805  804  797  782  762
  738  707  666  616  560  503  444  377  301
    22.5-180.0 180.0   5.0 450.0                            LAT/LON1/LON2/DLON/H
  415  324  241  177  138  117  108  108  116  128  138  140  136  133  135  140
  140  134  126  124  128  133  136  138  146  171  216  276  341  400  446  481
  513  548  591  640  694  746  789  815  824  826  831  849  881  923  967 1005
 1032 1042 1036 1021 1005  990  971  945  916  898  897  909  920  917  898  870
  840  809  772  730  682  629  570  499  415
    20.0-180.0 180.0   5.0 450.0                            LAT/LON1/LON2/DLON/H
  511  421  332  258  204  170  150  143  145  151  154  147  135  126  126  129
  129  124  119  122  133  144  150  152  159  183  231  299  376  448  506  548
  582  617  657  703  753  802  841  865  872  872  876  896  929  971 1014 1051
 1077 1087 1080 1062 1041 1022 1000  974  950  941  952  976  993  988  960  919
  879  844  814  783  748  707  656  591  511
    17.5-180.0 180.0   5.0 450.0                            LAT/LON1/LON2/DLON/H
  571  495  414  340  280  237  209  194  188  186  180  163  141  124  118  118
  117  113  111  119  135  152  161  164  171  196  247  321  407  489  555  604
  641  675  713  755  800  844  880  902  909  908  912  931  963 1001 1038 1069
 1090 1098 1090 1073 1052 1032 1009  983  962  957  974 1001 1017 1003  960  902
  848  809  785  767  748  722  685  636  571
    15.0-180.0 180.0   5.0 450.0                            LAT/LON1/LON2/DLON/H
  590  536  474  410  353  308  275  253  240  229  213  186  155  128  115  110
  108  104  105  116  136  156  167  172  181  208  261  338  428  515  586  639
  680  716  753  791  831  870  903  926  933  934  938  956  984 1015 1042 1063
 1078 1084 1078 1065 1049 1031 1010  984  962  956  971  994 1000  971  908  831
  762  718  699  694  690  680  660  631  590
    12.5-180.0 180.0   5.0 450.0                            LAT/LON1/LON2/DLON/H
  576  550  511  464  415  373  338  311  291  272  248  214  175  140  119  109
  104   99  101  113  135  156  170  178  190  218  271  348  437  523  596  651
  694  734  772  809  844  879  912  936  947  950  955  971  995 1018 1035 1047
 1056 1060 1059 1053 1044 1032 1014  988  963  953  959  970  960  913  831  735
  654  605  589  594  602  605  600  591  576
    10.0-180.0 180.0   5.0 450.0                            LAT/LON1/LON2/DLON/H
  551  549  533  502  464  426  391  360  334  310  282  244  200  160  132  117
  107  101  102  114  135  156  170  181  196  227  279  352  435  516  585  640
  687  731  772  809  842  874  907  935  952  959  965  979  999 1016 1026 1031
 1037 1043 1047 1049 1048 1043 1028 1002  975  957  952  947  919  854  756  649
  559  507  493  503  518  529  536  544  551
     7.5-180.0 180.0   5.0 450.0                            LAT/LON1/LON2/DLON/H
  538  554  554  535  504  469  434  399  368  341  311  274  230  186  154  133
  119  111  110  119  138  157  173  186  204  236  286  352  427  499  562  615
  665  714  759  797  828  859  893  925  948  960  968  981  998 1012 1020 1024
 1031 1040 1050 1058 1063 1063 1051 1027  997  974  958  938  895  817  711  599
  507  454  441  453  471  485  498  516  538
     5.0-180.0 180.0   5.0 450.0                            LAT/LON1/LON2/DLON/H
  557  581  586  572  543  508  470  430  394  364  336  302  260  216  180  156
  139  127  123  130  146  164  180  194  214  246  293  352  417  480  535  586
  636  689  738  776  806  836  871  908  937  954  965  977  992 1006 1017 1027
 1040 1054 1067 1077 1083 1083 1072 1050 1022  997  975  946  894  812  707  599
  512  462  449  459  475  489  503  527  557
     2.5-180.0 180.0   5.0 450.0                            LAT/LON1/LON2/DLON/H
  610  634  638  620  588  548  504  457  415  383  357  328  290  247  210  182
  163  148  142  146  160  177  193  208  228  258  301  353  410  464  512  559
  610  664  714  752  779  808  844  886  920  941  953  964  978  995 1013 1033
 1055 1074 1087 1092 1093 1089 1077 1057 1033 1012  992  962  910  833  738  643
  568  523  510  517  529  539  554  579  610
