ionex_files/COD0OPSFIN_20251000000_01D_01H_GIM.INX
     1.0            IONOSPHERE MAPS     GNSS                IONEX VERSION / TYPE
ADDNEQ2 V5.5        AIUB                14-APR-25 19:00     PGM / RUN BY / DATE 
CODE'S GLOBAL IONOSPHERE MAPS FOR DAY 100, 2025             COMMENT             
Global ionosphere maps (GIM) are generated on a daily basis DESCRIPTION         
at CODE using data from about 300 GNSS sites of the IGS and DESCRIPTION         
other institutions. The vertical total electron content     DESCRIPTION         
(VTEC) is modeled in a solar-geomagnetic reference frame    DESCRIPTION         
using a spherical harmonics expansion up to degree and      DESCRIPTION         
order 15. Piece-wise linear functions are used for          DESCRIPTION         
representation in the time domain. The time spacing of      DESCRIPTION         
their vertices is 1 hour, conforming with the epochs of the DESCRIPTION         
VTEC maps.                                                  DESCRIPTION         
To convert line-of-sight TEC into vertical TEC, a modified  DESCRIPTION         
single-layer model mapping function approximating the JPL   DESCRIPTION         
extended slab model mapping function is adopted. The        DESCRIPTION         
mapping function is evaluated at geodetic satellite         DESCRIPTION         
elevation angles. For the computation of the ionospheric    DESCRIPTION         
pierce points, a spherical layer with a radius of 6821 km   DESCRIPTION         
is assumed, implying geocentric, not geodetic IONEX         DESCRIPTION         
latitudes.                                                  DESCRIPTION         
Instrumental biases with respect to each involved GNSS code DESCRIPTION         
observable are estimated as constant values for each        DESCRIPTION         
day. They are modeled with one set of bias parameters for   DESCRIPTION         
each satellite and each station in case of GPS and for each DESCRIPTION         
satellite-station link in case of GLONASS. The code bias    DESCRIPTION         
datum is defined by zero-mean conditions imposed on the     DESCRIPTION         
satellite bias estimates. In this file, just GPS C1W-C2W    DESCRIPTION         
satellite and station bias values are included. The         DESCRIPTION         
complete set of GNSS code bias results is provided in an    DESCRIPTION         
additional Bias-SINEX file as pseudo-absolute values        DESCRIPTION         
specific to each observable.                                DESCRIPTION         
Note: These GIM results correspond to the results for the   DESCRIPTION         
middle day of a 3-day combination analysis solving for 73   DESCRIPTION         
times 256, or 18688 VTEC parameters and 3 daily sets of     DESCRIPTION         
GNSS code bias parameters.                                  DESCRIPTION         
Contact address: code(at)aiub.unibe.ch                      DESCRIPTION         
Data archive:    ftp.aiub.unibe.ch/CODE/                    DESCRIPTION         
                 www.aiub.unibe.ch/download/CODE/           DESCRIPTION         
  2025     4    10     0     0     0                        EPOCH OF FIRST MAP  
  2025     4    11     0     0     0                        EPOCH OF LAST MAP   
  3600                                                      INTERVAL            
[...]
abpo adis albh algo alic amu2 areg areq ascg aspa auck azgb COMMENT             
badg bake barh bjfs bndy boav bogo bogt bor1 braz brft brst COMMENT             
brux cags cas1 ccj2 cedu chpg chti chur ckis coco cord cpvg COMMENT             
cpxf cro1 daej darw dav1 dgar dhlg drao dubo ebre faa1 fair COMMENT             
flin flrs frdn func ganp glps glsv gode gol2 gold gope gras COMMENT             
graz guam guug harb hers hert hlfx hnpt hob2 hofn holb hrao COMMENT             
iddr ieng iisc impz ineg invk iqal irkj jog2 joz2 joze karr COMMENT             
kerg kir0 kiri kiru kit3 kokb kokv koug kour krgg lama laut COMMENT             
lmmf lpal lpgs m0se mac1 madr mal2 mana mas1 mat1 mate maui COMMENT             
maw1 mcm4 mdo1 medi mgue mizu mkea mnls mobs morp mqzg mro1 COMMENT             
mtka nano naur nico nium nklg nlib nnor not1 nrc1 ntus nya1 COMMENT             
nyal onsa opmt ous2 pado park pdel penc pert pie1 pimo pohn COMMENT             
pol2 polv pots pove ptbb ptvl qaq1 quin rabt ramo reyk rgdg COMMENT             
rio2 roth salu samo sant savo sch2 scor scrz sctb scub seyg COMMENT             
sfer spt0 ssia sthl stjo stk2 str2 suth sutm suwn sydn syog COMMENT             
tash thtg thti thu2 tid1 tidb tlse tn22 tro1 tskb twtf txes COMMENT             
uclu ufpr unb3 unbj unsa urum usn7 usud vald vill vtsp wab1 COMMENT             
wab2 wark whit will wind wsrt wtza wtzr wtzs wtzz wuhn xmis COMMENT             
yar2 yarr yell ykro zeck zim2 zim3 zimm                     COMMENT             
                                                            END OF HEADER       
     1                                                      START OF TEC MAP    
  2025     4    10     0     0     0                        EPOCH OF CURRENT MAP
    87.5-180.0 180.0   5.0 450.0                            LAT/LON1/LON2/DLON/H
  168  168  168  168  168  168  168  168  168  167  167  166  166  165  164  163
  162  161  159  158  156  154  153  151  149  147  145  144  142  141  139  138
  137  136  135  135  134  134  134  134  135  135  136  136  137  138  139  141
  142  143  145  146  148  149  151  153  154  156  157  158  160  161  162  163
  164  165  165  166  166  167  167  167  168
    85.0-180.0 180.0   5.0 450.0                            LAT/LON1/LON2/DLON/H
  174  174  174  174  174  174  175  176  176  177  178  178  178  178  177  176
  174  172  169  166  163  159  155  151  147  143  139  135  131  128  125  123
  121  119  118  117  116  116  116  116  117  118  119  120  122  124  126  128
  131  133  136  139  142  145  148  151  154  157  160  162  165  167  169  171
  172  173  174  174  174  174  174  174  174
    82.5-180.0 180.0   5.0 450.0                            LAT/LON1/LON2/DLON/H
  175  174  173  172  172  173  175  177  180  183  186  189  192  193  194  193
  191  188  184  179  174  167  161  154  148  141  136  130  125  121  117  114
  111  109  108  106  106  106  106  106  107  108  109  110  111  113  115  117
  120  123  126  129  133  137  142  146  151  155  159  164  167  171  174  177
  178  180  181  181  180  179  178  177  175
    80.0-180.0 180.0   5.0 450.0                            LAT/LON1/LON2/DLON/H
  177  173  170  168  167  168  170  175  180  187  193  200  205  209  212  212
  210  206  200  193  186  177  168  160  152  144  137  131  126  122  118  115
  113  111  110  109  108  108  107  107  107  107  107  107  108  108  108  109
  110  112  115  118  122  127  132  137  143  149  155  160  166  171  176  180
  184  187  189  189  189  187  185  181  177
    77.5-180.0 180.0   5.0 450.0                            LAT/LON1/LON2/DLON/H
  188  181  174  168  164  164  166  172  180  190  200  210  219  225  229  229
  226  221  213  204  194  184  174  165  157  151  145  140  137  133  131  129
  127  125  124  123  122  121  120  119  118  117  115  113  111  108  106  104
  103  103  104  106  110  114  119  125  132  139  146  153  160  167  175  182
  188  194  199  202  204  203  200  195  188
    75.0-180.0 180.0   5.0 450.0                            LAT/LON1/LON2/DLON/H
  212  201  189  178  170  167  167  173  182  195  208  221  232  239  242  241
  237  229  219  207  196  186  176  169  163  160  157  155  154  153  152  151
  149  148  146  144  142  141  139  136  134  131  127  123  118  113  108  103
  100   97   96   96   99  102  108  114  121  128  135  143  151  160  169  180
  190  201  211  219  225  227  226  220  212
    72.5-180.0 180.0   5.0 450.0                            LAT/LON1/LON2/DLON/H
  247  233  217  201  187  179  177  181  191  204  218  232  243  249  250  246
  238  227  215  202  190  181  174  170  168  168  170  172  174  175  175  174
  172  170  167  164  161  158  154  151  148  144  139  133  127  120  112  105
   99   94   91   90   92   95  100  107  113  120  127  134  142  151  161  174
  188  205  221  237  250  258  260  257  247
    70.0-180.0 180.0   5.0 450.0                            LAT/LON1/LON2/DLON/H
  287  272  253  232  214  201  195  197  205  218  231  243  251  254  251  243
  232  218  204  190  179  171  167  167  169  174  180  185  190  192  193  191
  188  183  178  174  169  165  161  157  153  149  144  139  132  125  116  108
  100   94   90   89   90   94   99  106  112  119  124  129  135  142  151  165
  182  203  226  249  270  286  295  296  287
    67.5-180.0 180.0   5.0 450.0                            LAT/LON1/LON2/DLON/H
  322  309  288  265  244  228  220  220  226  236  246  254  257  254  247  235
  221  205  191  178  168  161  159  161  166  174  182  190  195  197  197  193
  188  182  175  169  163  158  154  151  148  145  141  137  132  126  119  110
  103   96   92   91   93   98  104  112  118  124  127  130  133  136  143  155
  171  194  221  251  279  304  320  326  322
    65.0-180.0 180.0   5.0 450.0                            LAT/LON1/LON2/DLON/H
  341  332  315  294  273  257  248  246  249  256  261  263  260  251  239  225
  210  196  182  171  161  155  153  154  159  167  175  182  186  187  185  180
  173  165  157  150  145  140  136  134  132  131  130  129  126  123  117  111
  104   98   95   95   99  105  113  122  129  134  136  137  137  137  139  147
  160  181  208  240  273  303  327  340  341
    62.5-180.0 180.0   5.0 450.0                            LAT/LON1/LON2/DLON/H
  340  338  328  312  296  283  275  273  274  276  275  270  260  247  232  218
  205  194  184  174  165  157  151  148  149  153  158  163  166  165  161  154
  146  138  131  124  119  116  113  111  111  112  113  115  116  115  112  108
  102   98   97   99  104  113  123  133  141  146  148  148  146  143  142  144
  152  166  189  218  251  284  312  331  340
    60.0-180.0 180.0   5.0 450.0                            LAT/LON1/LON2/DLON/H
  320  327  326  320  312  305  300  298  297  294  287  275  259  241  226  215
  208  203  197  189  179  166  154  145  139  138  138  140  140  137  132  125
  117  110  104   99   96   93   92   91   92   94   97  101  104  106  105  102
   98   95   96   99  107  118  130  142  151  156  160  160  159  156  152  149
  150  156  170  192  220  251  280  304  320
    57.5-180.0 180.0   5.0 450.0                            LAT/LON1/LON2/DLON/H
  290  306  317  322  324  324  324  322  318  309  296  277  256  237  224  218
  218  220  220  213  200  182  163  146  134  126  122  120  118  115  109  103
   96   90   86   83   81   80   79   79   80   83   87   91   95   98   97   95
   92   90   92   98  109  122  136  148  157  163  167  170  171  170  167  161
  156  154  159  171  191  216  243  268  290
    55.0-180.0 180.0   5.0 450.0                            LAT/LON1/LON2/DLON/H
  264  288  309  326  337  344  347  344  336  322  302  278  254  235  225  225
  233  241  245  239  223  201  177  155  137  124  116  112  108  105  101   95
   89   84   81   80   79   79   79   78   79   82   85   89   93   94   93   90
   86   85   88   96  109  125  140  153  161  166  170  175  180  184  183  178
  170  162  159  162  173  191  214  239  264
    52.5-180.0 180.0   5.0 450.0                            LAT/LON1/LON2/DLON/H
  255  284  313  338  357  368  371  366  353  333  307  279  253  234  228  233
  245  258  264  258  242  219  194  171  152  137  127  120  116  113  109  104
   98   93   90   88   88   88   87   87   88   90   93   96   98   97   94   89
   84   82   85   95  111  130  147  159  164  167  169  175  183  192  197  195
  188  178  171  169  174  186  205  228  255
    50.0-180.0 180.0   5.0 450.0                            LAT/LON1/LON2/DLON/H
  269  300  333  362  385  397  398  388  369  343  313  281  254  236  231  238
  252  265  271  267  253  233  214  195  179  165  153  145  139  136  131  125
  118  111  106  103  102  101  101  101  103  105  108  110  110  107  101   94
   88   84   87   98  117  139  159  170  172  169  167  171  182  195  204  207
  204  197  192  191  196  206  222  243  269
    47.5-180.0 180.0   5.0 450.0                            LAT/LON1/LON2/DLON/H
  307  337  369  398  419  428  424  409  384  353  320  287  259  241  235  239
  250  261  265  262  254  244  236  227  217  204  190  178  170  165  160  152
  142  132  124  119  116  114  114  115  118  122  126  128  127  122  115  106
   98   92   94  106  128  154  176  187  186  177  169  169  177  191  204  212
  214  214  217  223  234  247  263  282  307
    45.0-180.0 180.0   5.0 450.0                            LAT/LON1/LON2/DLON/H
  362  387  415  438  454  457  449  428  399  365  330  296  268  249  239  238
  243  247  250  249  249  253  259  263  259  246  228  211  199  191  184  174
  161  148  137  129  125  123  123  125  131  137  143  146  145  141  133  124
  114  106  106  117  141  171  198  211  207  193  177  170  174  186  200  210
  218  227  240  259  280  301  320  339  362
    42.5-180.0 180.0   5.0 450.0                            LAT/LON1/LON2/DLON/H
  423  444  463  478  485  483  469  446  415  379  343  310  282  260  246  237
  233  232  232  236  246  264  284  298  297  281  256  232  216  207  199  187
  172  156  143  135  130  128  128  132  140  150  158  163  163  160  154  145
  134  123  119  128  153  187  219  236  232  214  193  180  178  185  195  205
  217  234  259  292  326  357  382  403  423
    40.0-180.0 180.0   5.0 450.0                            LAT/LON1/LON2/DLON/H
  484  499  510  515  513  504  488  465  434  398  362  328  300  275  255  239
  229  223  223  231  250  278  307  325  323  300  267  237  219  210  202  191
  175  159  147  139  135  133  134  140  149  160  171  177  179  177  173  166
  155  140  131  136  160  198  236  258  258  240  216  199  191  193  198  206
  218  241  276  321  367  407  439  464  484
    37.5-180.0 180.0   5.0 450.0                            LAT/LON1/LON2/DLON/H
  541  555  558  552  541  528  513  492  463  426  387  351  321  293  269  248
  233  226  227  240  263  295  325  340  330  299  259  228  211  206  201  191
  177  163  154  150  148  147  147  152  161  173  183  189  192  192  190  185
  173  155  139  138  160  200  243  272  278  265  244  226  217  214  214  218
  230  255  297  349  403  451  490  519  541
    35.0-180.0 180.0   5.0 450.0                            LAT/LON1/LON2/DLON/H
  602  617  616  602  583  566  553  536  508  468  423  381  345  315  287  263
  248  243  248  263  285  311  333  338  319  282  241  214  205  207  207  199
  187  178  173  173  173  172  172  175  182  191  199  202  203  203  203  199
  186  165  143  135  152  192  239  275  291  287  274  261  254  249  246  247
  258  285  328  382  439  491  536  573  602
    32.5-180.0 180.0   5.0 450.0                            LAT/LON1/LON2/DLON/H
  675  698  697  677  652  634  623  609  579  531  474  420  376  340  308  284
  271  271  280  294  309  323  329  321  295  257  224  209  213  225  229  223
  213  207  208  211  212  210  208  209  213  218  220  218  215  212  211  207
  194  170  142  128  139  177  226  269  294  302  302  300  299  297  295  296
  307  333  376  429  484  537  588  635  675
    30.0-180.0 180.0   5.0 450.0                            LAT/LON1/LON2/DLON/H
  769  805  811  791  762  742  733  719  683  621  546  475  417  371  334  308
  298  303  316  326  329  325  315  296  268  239  222  226  246  267  273  265
  255  251  255  261  261  257  252  251  252  251  247  239  229  221  217  212
  198  172  141  120  126  161  210  257  292  314  329  341  349  354  355  359
  373  401  443  493  544  597  653  713  769
    27.5-180.0 180.0   5.0 450.0                            LAT/LON1/LON2/DLON/H
  886  942  960  943  914  893  884  867  821  740  642  548  472  413  367  336
  325  332  346  350  340  319  295  272  252  240  246  271  306  331  334  321
  307  304  309  313  311  303  297  295  294  289  278  262  245  231  222  214
  199  173  140  117  118  148  195  245  287  322  353  380  400  412  420  430
  451  483  526  573  621  673  735  810  886
    25.0-180.0 180.0   5.0 450.0                            LAT/LON1/LON2/DLON/H
 1018 1096 1131 1124 1098 1078 1068 1046  987  886  763  645  548  470  409  367
  350  355  365  363  341  307  278  261  258  269  298  340  382  405  400  377
  358  353  358  359  352  341  334  333  332  324  308  286  263  243  227  215
  200  175  144  120  118  143  187  237  286  332  377  417  447  467  482  501
  530  569  616  663  710  762  830  920 1018
    22.5-180.0 180.0   5.0 450.0                            LAT/LON1/LON2/DLON/H
 1144 1244 1299 1306 1288 1273 1263 1236 1166 1048  903  764  645  547  466  406
  376  372  376  367  337  301  276  273  291  324  368  418  457  469  451  419
  395  390  394  391  378  365  359  361  361  352  333  308  281  255  233  217
  201  178  151  129  126  147  187  237  290  346  401  451  488  515  537  564
  602  649  701  751  799  852  926 1028 1144
    20.0-180.0 180.0   5.0 450.0                            LAT/LON1/LON2/DLON/H
 1240 1356 1430 1454 1450 1443 1438 1411 1335 1208 1052  898  762  644  540  458
  409  391  386  371  340  309  297  313  350  395  441  482  506  503  472  433
  409  407  411  406  389  374  371  377  379  370  350  324  296  267  240  218
  201  182  160  141  138  156  194  244  301  363  426  481  522  553  581  616
  661  715  772  826  876  931 1006 1112 1240
    17.5-180.0 180.0   5.0 450.0                            LAT/LON1/LON2/DLON/H
 1283 1406 1493 1535 1548 1555 1559 1539 1468 1345 1191 1035  891  757  632  527
  456  423  407  389  361  340  345  378  424  466  495  513  514  493  454  417
  400  405  414  409  391  375  375  384  387  376  356  332  307  277  246  219
  200  184  166  151  149  167  204  255  315  382  448  505  548  582  614  654
  704  761  822  879  931  983 1054 1156 1283
    15.0-180.0 180.0   5.0 450.0                            LAT/LON1/LON2/DLON/H
 1261 1378 1470 1525 1557 1582 1601 1595 1541 1437 1301 1158 1017  876  736  613
  524  475  450  429  407  398  416  456  496  516  513  496  472  439  403  377
  376  395  412  410  392  378  380  389  389  374  352  331  310  283  249  218
  196  181  167  155  153  172  211  265  329  398  466  522  566  602  639  683
  734  791  851  908  958 1005 1063 1149 1261
    12.5-180.0 180.0   5.0 450.0                            LAT/LON1/LON2/DLON/H
 1182 1277 1361 1423 1471 1514 1551 1564 1537 1466 1365 1249 1123  987  843  712
  613  553  520  497  478  476  497  530  548  532  488  435  391  358  337  333
  353  388  415  418  404  393  395  399  391  367  340  322  307  284  249  214
  189  173  160  149  149  169  211  270  338  409  475  530  575  616  658  705
  756  808  863  917  962  999 1039 1099 1182
    10.0-180.0 180.0   5.0 450.0                            LAT/LON1/LON2/DLON/H
 1071 1130 1193 1250 1306 1363 1416 1451 1455 1425 1369 1292 1194 1073  939  813
  714  652  614  586  566  561  573  585  569  510  425  345  295  277  282  306
  348  397  433  442  432  423  422  418  395  358  324  307  298  279  245  206
  178  160  147  136  135  157  203  267  339  410  473  527  575  622  673  724
  773  819  866  913  952  978  998 1025 1071
     7.5-180.0 180.0   5.0 450.0                            LAT/LON1/LON2/DLON/H
  962  979 1008 1048 1101 1163 1225 1276 1309 1323 1315 1281 1217 1123 1011  903
  817  758  718  684  654  636  626  608  553  457  344  255  217  227  264  314
  372  428  466  478  472  465  460  443  403  349  306  288  285  271  237  196
  164  144  130  117  116  139  189  258  332  401  460  513  564  621  681  739
  787  828  868  908  941  959  962  958  962
     5.0-180.0 180.0   5.0 450.0                            LAT/LON1/LON2/DLON/H
  895  867  856  869  906  960 1019 1076 1129 1178 1213 1221 1192 1129 1048  970
  906  857  815  771  726  685  647  595  509  391  272  197  188  232  299  366
  425  475  508  519  515  509  498  469  411  340  287  268  268  258  226  183
  149  128  113   98   96  119  172  244  318  382  437  488  544  610  682  747
  797  835  871  908  940  958  952  928  895
     2.5-180.0 180.0   5.0 450.0                            LAT/LON1/LON2/DLON/H
  896  831  779  757  769  803  845  892  951 1022 1088 1128 1129 1097 1050 1005
  968  932  888  831  766  701  634  555  453  336  238  196  226  302  386  451
  495  525  543  548  545  539  524  484  412  328  268  247  248  242  211  170
  136  115   99   84   81  104  157  228  298  357  406  455  516  591  671  744
  798  838  875  914  954  981  982  952  896
