ionex_files/COD0OPSFIN_20250790000_01D_01H_GIM.INX
     1.0            IONOSPHERE MAPS     GNSS                IONEX VERSION / TYPE
ADDNEQ2 V5.5        AIUB                24-MAR-25 19:02     PGM / RUN BY / DATE 
CODE'S GLOBAL IONOSPHERE MAPS FOR DAY 079, 2025             COMMENT             
Global ionosphere maps (GIM) are generated on a daily basis DESCRIPTION         
at CODE using data from about 300 GNSS sites of the IGS and DESCRIPTION         
other institutions. The vertical total electron content     DESCRIPTION         
(VTEC) is modeled in a solar-geomagnetic reference frame    DESCRIPTION         
using a spherical harmonics expansion up to degree and      DESCRIPTION         
order 15. Piece-wise linear functions are used for          DESCRIPTION         
representation in the time domain. The time spacing of      DESCRIPTION         
their vertices is 1 hour, conforming with the epochs of the DESCRIPTION         
VTEC maps.                                                  DESCRIPTION         
To convert line-of-sight TEC into vertical TEC, a modified  DESCRIPTION         
single-layer model mapping function approximating the JPL   DESCRIPTION         
extended slab model mapping function is adopted. The        DESCRIPTION         
mapping function is evaluated at geodetic satellite         DESCRIPTION         
elevation angles. For the computation of the ionospheric    DESCRIPTION         
pierce points, a spherical layer with a radius of 6821 km   DESCRIPTION         
is assumed, implying geocentric, not geodetic IONEX         DESCRIPTION         
latitudes.                                                  DESCRIPTION         
Instrumental biases with respect to each involved GNSS code DESCRIPTION         
observable are estimated as constant values for each        DESCRIPTION         
day. They are modeled with one set of bias parameters for   DESCRIPTION         
each satellite and each station in case of GPS and for each DESCRIPTION         
satellite-station link in case of GLONASS. The code bias    DESCRIPTION         
datum is defined by zero-mean conditions imposed on the     DESCRIPTION         
satellite bias estimates. In this file, just GPS C1W-C2W    DESCRIPTION         
satellite and station bias values are included. The         DESCRIPTION         
complete set of GNSS code bias results is provided in an    DESCRIPTION         
additional Bias-SINEX file as pseudo-absolute values        DESCRIPTION         
specific to each observable.                                DESCRIPTION         
Note: These GIM results correspond to the results for the   DESCRIPTION         
middle day of a 3-day combination analysis solving for 73   DESCRIPTION         
times 256, or 18688 VTEC parameters and 3 daily sets of     DESCRIPTION         
GNSS code bias parameters.                                  DESCRIPTION         
Contact address: code(at)aiub.unibe.ch                      DESCRIPTION         
Data archive:    ftp.aiub.unibe.ch/CODE/                    DESCRIPTION         
                 www.aiub.unibe.ch/download/CODE/           DESCRIPTION         
  2025     3    20     0     0     0                        EPOCH OF FIRST MAP  
  2025     3    21     0     0     0                        EPOCH OF LAST MAP   
  3600                                                      INTERVAL            
[...]
abpo albh algo alic amu2 antc areg areq ascg aspa auck azgb COMMENT             
badg bake barh bjfs bndy boav bogt bor1 braz brft brst brux COMMENT             
cags cas1 ccj2 cedu chpg chti ckis coco cord cpvg cpxf cro1 COMMENT             
daej darw dav1 dgar dhlg drao dubo faa1 fair flin flrs frdn COMMENT             
func ganp glps glsv gode gol2 gold gope gras graz guam guat COMMENT             
guug harb hers hert hlfx hnpt hob2 hofn hrao hyde iddr ieng COMMENT             
iisc impz ineg invk iqal irkj jog2 joz2 karr kerg kir0 kiri COMMENT             
kiru kit3 kokb kokv koug kour krgg lama laut lmmf lpal lpgs COMMENT             
mac1 madr mal2 mana mas1 mat1 mate maui maw1 mcm4 mdo1 medi COMMENT             
mgue mizu mkea mnls mobs morp mqzg mro1 mtka nano naur nico COMMENT             
nist nium nklg nlib nnor nrc1 ntus nya1 nyal onsa opmt ous2 COMMENT             
pado parc park pdel penc pert pie1 pimo pohn pol2 polv pots COMMENT             
pove ptag ptbb ptvl qaq1 quin rabt ramo reun reyk rgdg rio2 COMMENT             
roth salu sant savo sch2 scor scrz sctb scub seyg sfer sofi COMMENT             
spt0 ssia sthl stjo stk2 str2 suth sutm suwn sydn syog tash COMMENT             
thtg thti thu2 tid1 tidb tlse tn22 tong tow2 tro1 tskb twtf COMMENT             
txes uclu ufpr ulab unb3 unbj unsa urum usn7 usud vald vill COMMENT             
vtsp wab1 wab2 wark wgtn whit will wind wsrt wtza wtzr wtzs COMMENT             
wtzz wuhn xmis yar2 yar3 yarr yell ykro zeck zim2 zim3 zimm COMMENT             
                                                            END OF HEADER       
[from data line 3003]
     8                                                      START OF TEC MAP    
  2025     3    20     7     0     0                        EPOCH OF CURRENT MAP
    87.5-180.0 180.0   5.0 450.0                            LAT/LON1/LON2/DLON/H
  233  232  232  232  231  232  232  232  232  233  233  233  233  233  233  233
  233  232  231  230  229  228  227  226  224  223  222  221  220  219  218  218
  217  217  217  218  218  219  220  222  223  225  226  228  230  232  234  235
  237  239  241  242  243  244  245  246  246  246  246  245  245  244  243  242
  241  240  238  237  236  235  234  233  233
    85.0-180.0 180.0   5.0 450.0                            LAT/LON1/LON2/DLON/H
  219  217  217  217  218  219  221  223  226  229  231  234  236  237  238  239
  238  237  235  232  229  226  222  217  213  209  205  201  198  195  193  192
  191  191  191  193  194  197  200  204  208  212  217  222  228  233  239  244
  249  254  259  263  267  270  272  274  274  274  273  271  269  265  261  257
  252  247  242  237  232  228  224  221  219
    82.5-180.0 180.0   5.0 450.0                            LAT/LON1/LON2/DLON/H
  198  194  192  192  194  197  201  207  213  219  225  231  236  240  243  244
  244  242  238  233  227  220  212  204  196  188  181  175  169  165  162  160
  159  160  162  165  169  174  180  187  194  203  211  220  230  239  249  259
  269  278  287  295  303  309  314  318  320  320  319  315  310  303  294  285
  274  263  252  240  230  220  211  204  198
    80.0-180.0 180.0   5.0 450.0                            LAT/LON1/LON2/DLON/H
  180  172  167  165  166  170  176  185  194  204  215  224  232  239  243  245
  245  242  236  228  219  209  197  186  174  163  154  146  139  134  132  131
  132  134  138  144  150  158  167  177  188  199  211  224  237  250  264  278
  293  307  321  335  347  358  367  375  379  381  380  376  368  358  345  329
  312  293  274  255  237  219  204  191  180
    77.5-180.0 180.0   5.0 450.0                            LAT/LON1/LON2/DLON/H
  174  160  151  145  144  147  153  163  174  187  200  213  223  232  237  240
  239  235  228  218  207  194  180  166  153  141  130  122  116  112  111  112
  115  120  127  135  144  154  165  177  190  203  217  232  248  265  282  299
  318  336  355  374  392  408  423  435  444  449  450  446  438  425  407  387
  363  338  312  285  259  234  211  191  174
    75.0-180.0 180.0   5.0 450.0                            LAT/LON1/LON2/DLON/H
  185  165  149  139  133  133  137  146  157  171  185  199  210  219  225  228
  227  222  214  204  191  178  164  150  137  125  116  110  106  104  105  109
  114  121  130  139  149  161  173  186  199  214  229  245  262  280  298  318
  339  361  383  406  429  451  472  489  503  513  516  514  506  492  472  448
  421  391  359  327  295  265  236  209  185
    72.5-180.0 180.0   5.0 450.0                            LAT/LON1/LON2/DLON/H
  213  187  164  147  136  130  131  137  147  159  172  185  196  204  209  211
  209  204  197  188  177  165  152  141  130  121  115  111  109  110  114  119
  126  134  143  153  164  175  186  199  212  226  242  258  275  293  312  333
  354  378  402  428  454  480  505  528  546  559  567  567  560  546  526  500
  471  440  407  373  339  306  273  242  213
    70.0-180.0 180.0   5.0 450.0                            LAT/LON1/LON2/DLON/H
  251  219  190  166  148  137  133  135  142  153  164  174  183  188  191  191
  189  185  179  172  164  156  147  139  132  127  124  122  123  126  131  137
  144  153  162  171  180  189  200  211  224  238  253  269  286  304  322  342
  363  386  411  437  464  492  519  544  566  582  592  594  589  576  556  532
  504  474  444  412  381  349  317  284  251
    67.5-180.0 180.0   5.0 450.0                            LAT/LON1/LON2/DLON/H
  288  253  219  188  164  147  138  137  142  150  159  167  172  175  174  173
  170  166  163  159  155  150  146  142  139  137  137  137  139  143  147  153
  160  168  176  184  191  200  209  219  232  246  261  277  294  311  329  348
  368  389  412  436  462  489  516  541  563  580  591  594  589  577  559  536
  511  486  461  435  410  383  354  322  288
    65.0-180.0 180.0   5.0 450.0                            LAT/LON1/LON2/DLON/H
  316  279  240  204  175  153  141  138  141  148  156  161  164  163  160  156
  152  150  149  148  147  146  145  145  145  145  146  147  149  151  154  159
  166  173  181  188  195  202  211  222  235  250  266  283  300  317  335  353
  371  391  412  434  456  479  502  524  544  559  569  571  566  554  536  516
  495  474  456  438  421  401  378  349  316
    62.5-180.0 180.0   5.0 450.0                            LAT/LON1/LON2/DLON/H
  329  291  250  211  177  152  138  133  137  144  151  156  156  153  147  142
  138  136  137  139  141  142  142  142  143  144  146  146  146  146  147  151
  157  165  174  183  190  198  208  220  234  252  270  289  307  324  342  360
  378  398  417  437  455  473  490  506  520  532  538  538  530  517  500  481
  462  446  433  423  414  402  385  361  329
    60.0-180.0 180.0   5.0 450.0                            LAT/LON1/LON2/DLON/H
  329  292  250  209  172  145  129  124  127  135  143  148  148  143  136  130
  126  126  128  131  133  134  133  132  132  133  133  132  129  126  125  129
  136  147  160  171  181  190  202  216  234  254  276  296  315  333  352  371
  392  413  434  451  466  478  488  496  504  510  511  508  498  483  464  445
  427  413  404  399  395  389  377  358  329
    57.5-180.0 180.0   5.0 450.0                            LAT/LON1/LON2/DLON/H
  323  288  248  206  168  138  120  113  115  123  131  137  138  133  126  119
  116  117  121  125  126  123  119  115  113  112  111  108  103   98   95   99
  110  126  143  159  172  183  196  214  235  260  285  307  327  346  365  388
  413  439  462  480  492  499  502  503  504  504  501  493  480  462  442  421
  402  388  380  376  374  371  364  348  323
    55.0-180.0 180.0   5.0 450.0                            LAT/LON1/LON2/DLON/H
  319  289  251  211  173  142  120  109  106  111  118  124  125  122  115  109
  107  110  115  119  118  112  103   95   90   88   87   83   76   69   66   72
   87  108  131  151  167  180  195  215  241  270  298  322  343  362  383  409
  440  472  500  521  532  535  532  527  522  517  510  499  484  463  440  417
  396  380  369  363  360  358  352  340  319
    52.5-180.0 180.0   5.0 450.0                            LAT/LON1/LON2/DLON/H
  324  300  268  232  196  164  137  118  108  105  108  112  114  111  106  101
  100  105  112  117  114  104   90   78   71   69   69   65   57   49   46   54
   73  101  129  152  169  183  199  222  252  285  317  342  362  381  404  434
  470  509  543  567  579  579  573  563  554  545  536  523  506  484  458  433
  409  390  375  364  358  355  350  341  324
    50.0-180.0 180.0   5.0 450.0                            LAT/LON1/LON2/DLON/H
  340  323  299  270  238  206  175  147  125  111  105  105  106  104   99   95
   95  102  111  118  115  102   85   70   62   62   63   61   53   44   41   50
   74  105  137  163  179  192  208  233  267  305  340  366  386  404  427  459
  500  544  583  610  623  622  613  601  590  580  569  555  537  514  488  460
  435  412  394  379  369  363  357  351  340
    47.5-180.0 180.0   5.0 450.0                            LAT/LON1/LON2/DLON/H
  360  350  335  316  291  262  228  193  159  131  114  107  105  103   98   93
   94  102  114  124  123  109   90   74   67   69   73   73   66   56   52   62
   87  121  154  180  195  206  222  249  288  330  367  395  414  430  452  485
  528  573  614  642  656  655  645  633  620  610  599  586  567  543  516  489
  463  440  420  402  388  378  371  366  360
    45.0-180.0 180.0   5.0 450.0                            LAT/LON1/LON2/DLON/H
  374  370  364  355  340  318  287  247  203  163  134  119  113  110  104   98
   97  106  122  135  137  125  106   90   85   90   97   99   91   80   75   84
  108  142  176  200  214  224  241  271  314  360  400  428  446  461  481  512
  552  596  635  662  675  675  666  653  641  630  619  605  586  562  535  509
  486  464  445  427  410  396  385  379  374
    42.5-180.0 180.0   5.0 450.0                            LAT/LON1/LON2/DLON/H
  376  373  373  372  368  356  333  295  247  199  161  139  130  125  118  110
  107  116  134  152  157  147  130  115  113  120  129  131  123  110  103  109
  132  164  196  220  234  246  266  300  346  396  437  466  483  496  514  541
  576  614  648  672  685  685  677  664  652  640  629  614  594  570  544  520
  500  484  468  451  431  411  394  382  376
    40.0-180.0 180.0   5.0 450.0                            LAT/LON1/LON2/DLON/H
  361  355  355  358  363  363  352  324  280  231  189  163  152  147  139  129
  124  132  151  171  180  172  157  145  144  153  163  164  155  140  130  133
  152  182  213  238  256  273  298  336  385  437  479  508  525  537  553  575
  603  633  660  682  694  696  690  677  663  649  635  618  597  573  549  528
  513  503  492  477  454  426  398  375  361
    37.5-180.0 180.0   5.0 450.0                            LAT/LON1/LON2/DLON/H
  338  322  315  316  323  332  335  323  292  250  210  185  174  171  164  153
  146  152  171  191  201  196  182  172  174  184  193  192  180  163  151  152
  167  194  226  255  280  304  336  378  430  481  523  551  569  582  596  614
  635  658  680  701  715  721  717  704  687  669  651  632  610  586  564  547
  537  533  528  513  485  446  403  366  338
    35.0-180.0 180.0   5.0 450.0                            LAT/LON1/LON2/DLON/H
  324  293  273  263  264  275  289  293  280  252  221  200  193  193  190  180
  172  175  192  211  219  213  201  194  198  208  215  211  198  180  167  165
  177  202  235  271  305  339  378  424  476  526  566  594  613  628  643  659
  676  695  716  738  758  770  769  755  735  712  691  670  648  625  605  592
  587  588  586  571  536  483  423  367  324
    32.5-180.0 180.0   5.0 450.0                            LAT/LON1/LON2/DLON/H
  340  294  257  227  210  212  228  246  252  240  220  207  205  210  211  204
  197  198  211  226  231  223  212  208  215  227  232  225  210  193  180  176
  185  208  244  287  331  375  420  469  519  565  603  631  653  672  691  709
  726  745  768  797  826  845  849  836  812  786  761  740  719  700  683  673
  671  675  675  657  614  547  470  398  340
    30.0-180.0 180.0   5.0 450.0                            LAT/LON1/LON2/DLON/H
  404  347  293  238  193  172  179  201  220  223  215  208  211  221  228  225
  218  218  227  237  237  227  217  217  229  242  246  237  221  205  193  187
  193  215  253  303  356  407  457  505  552  595  632  661  687  713  737  760
  781  804  835  874  913  941  950  939  914  886  862  842  825  810  797  790
  789  794  793  772  721  643  554  471  404
    27.5-180.0 180.0   5.0 450.0                            LAT/LON1/LON2/DLON/H
  523  464  397  317  238  184  168  181  203  215  213  210  216  229  239  239
  235  234  239  243  239  227  219  225  242  258  261  251  235  220  208  202
  205  224  263  317  376  432  481  528  572  613  650  683  715  747  779  808
  836  868  909  957 1006 1042 1056 1048 1026 1001  980  964  953  944  936  930
  930  932  929  905  849  766  672  589  523
    25.0-180.0 180.0   5.0 450.0                            LAT/LON1/LON2/DLON/H
  688  638  568  468  355  262  212  206  219  229  227  222  225  237  248  251
  247  245  248  248  239  227  222  235  259  279  282  270  253  238  227  219
  218  234  272  328  388  444  491  534  577  618  659  698  737  776  815  851
  887  927  976 1032 1087 1128 1146 1144 1129 1111 1097 1088 1084 1080 1076 1072
 1070 1069 1063 1038  983  902  814  741  688
    22.5-180.0 180.0   5.0 450.0                            LAT/LON1/LON2/DLON/H
  874  843  781  672  533  404  318  282  277  276  265  252  247  253  262  264
  260  256  256  254  244  232  233  252  282  305  307  293  274  259  247  235
  230  242  278  332  391  443  486  527  570  616  663  709  755  801  845  887
  929  974 1027 1085 1139 1180 1202 1206 1202 1196 1193 1192 1194 1195 1195 1191
 1185 1181 1173 1149 1100 1029  957  904  874
    20.0-180.0 180.0   5.0 450.0                            LAT/LON1/LON2/DLON/H
 1044 1039  995  890  740  587  471  406  377  356  331  304  287  284  286  283
  276  271  269  266  257  248  253  278  312  335  335  318  296  279  263  247
  237  246  279  330  384  431  471  511  558  610  666  721  774  823  871  915
  959 1004 1054 1106 1154 1190 1213 1226 1235 1244 1253 1260 1265 1270 1270 1265
 1257 1249 1240 1221 1183 1128 1076 1047 1044
    17.5-180.0 180.0   5.0 450.0                            LAT/LON1/LON2/DLON/H
 1163 1182 1162 1076  935  778  646  559  506  464  420  377  347  332  325  316
  303  294  291  288  281  275  283  311  346  367  363  340  314  292  272  251
  237  243  274  322  371  414  453  495  547  609  674  736  794  846  893  936
  977 1018 1059 1098 1133 1161 1183 1205 1229 1254 1273 1285 1291 1295 1295 1288
 1276 1265 1256 1244 1220 1183 1151 1143 1163
    15.0-180.0 180.0   5.0 450.0                            LAT/LON1/LON2/DLON/H
 1206 1241 1244 1188 1075  937  811  715  646  586  525  467  423  397  380  363
  345  331  326  323  318  314  323  349  380  395  385  356  324  296  271  246
  230  235  265  310  357  398  437  484  544  614  687  755  816  868  913  952
  987 1018 1046 1070 1089 1107 1128 1158 1196 1234 1262 1274 1277 1277 1275 1266
 1251 1237 1229 1224 1213 1191 1172 1175 1206
    12.5-180.0 180.0   5.0 450.0                            LAT/LON1/LON2/DLON/H
 1168 1205 1225 1203 1135 1038  938  852  777  705  632  563  509  474  449  425
  401  382  373  370  365  361  366  387  410  417  400  364  326  292  261  233
  216  223  255  300  346  388  430  483  550  626  703  775  836  887  930  964
  992 1013 1027 1036 1043 1054 1074 1111 1159 1205 1235 1244 1240 1233 1227 1217
 1200 1184 1177 1178 1175 1161 1145 1144 1168
    10.0-180.0 180.0   5.0 450.0                            LAT/LON1/LON2/DLON/H
 1068 1089 1115 1125 1109 1068 1013  950  883  808  729  655  595  555  525  496
  467  443  430  423  415  407  407  419  432  430  405  364  320  281  246  217
  202  212  247  294  341  385  432  490  561  639  718  789  850  900  941  973
  995 1007 1013 1014 1015 1023 1045 1086 1138 1186 1212 1213 1200 1187 1177 1166
 1149 1132 1126 1130 1130 1115 1089 1068 1068
     7.5-180.0 180.0   5.0 450.0                            LAT/LON1/LON2/DLON/H
  940  931  950  985 1019 1039 1036 1008  956  887  808  733  673  630  598  568
  535  506  487  474  461  447  438  440  442  431  401  356  309  267  230  201
  190  205  244  292  341  387  438  499  571  648  723  792  852  903  944  976
  996 1007 1011 1013 1019 1032 1058 1099 1149 1191 1208 1199 1176 1157 1146 1136
 1120 1104 1098 1100 1098 1075 1029  977  940
     5.0-180.0 180.0   5.0 450.0                            LAT/LON1/LON2/DLON/H
  825  780  782  830  903  977 1023 1031  999  939  866  793  734  692  660  629
  595  562  535  514  493  471  454  446  439  422  389  344  296  253  216  190
  184  204  245  295  343  390  443  504  573  644  714  779  839  893  938  973
  997 1012 1023 1037 1056 1081 1112 1151 1193 1223 1228 1208 1177 1155 1145 1138
 1126 1112 1104 1104 1095 1059  991  904  825
     2.5-180.0 180.0   5.0 450.0                            LAT/LON1/LON2/DLON/H
  760  681  662  709  806  915  999 1034 1020  971  904  835  777  735  703  672
  636  599  565  534  505  475  451  435  423  404  371  328  283  240  205  183
  182  207  249  297  343  389  440  499  562  626  688  750  811  869  920  961
  992 1017 1044 1077 1117 1157 1195 1229 1258 1273 1265 1235 1201 1178 1171 1170
 1163 1152 1144 1139 1123 1075  988  874  760
