ionex_files/COD0OPSFIN_20250960000_01D_01H_GIM.INX
     1.0            IONOSPHERE MAPS     GNSS                IONEX VERSION / TYPE
ADDNEQ2 V5.5        AIUB                10-APR-25 19:04     PGM / RUN BY / DATE 
CODE'S GLOBAL IONOSPHERE MAPS FOR DAY 096, 2025             COMMENT             
Global ionosphere maps (GIM) are generated on a daily basis DESCRIPTION         
at CODE using data from about 300 GNSS sites of the IGS and DESCRIPTION         
other institutions. The vertical total electron content     DESCRIPTION         
(VTEC) is modeled in a solar-geomagnetic reference frame    DESCRIPTION         
using a spherical harmonics expansion up to degree and      DESCRIPTION         
order 15. Piece-wise linear functions are used for          DESCRIPTION         
representation in the time domain. The time spacing of      DESCRIPTION         
their vertices is 1 hour, conforming with the epochs of the DESCRIPTION         
VTEC maps.                                                  DESCRIPTION         
To convert line-of-sight TEC into vertical TEC, a modified  DESCRIPTION         
single-layer model mapping function approximating the JPL   DESCRIPTION         
extended slab model mapping function is adopted. The        DESCRIPTION         
mapping function is evaluated at geodetic satellite         DESCRIPTION         
elevation angles. For the computation of the ionospheric    DESCRIPTION         
pierce points, a spherical layer with a radius of 6821 km   DESCRIPTION         
is assumed, implying geocentric, not geodetic IONEX         DESCRIPTION         
latitudes.                                                  DESCRIPTION         
Instrumental biases with respect to each involved GNSS code DESCRIPTION         
observable are estimated as constant values for each        DESCRIPTION         
day. They are modeled with one set of bias parameters for   DESCRIPTION         
each satellite and each station in case of GPS and for each DESCRIPTION         
satellite-station link in case of GLONASS. The code bias    DESCRIPTION         
datum is defined by zero-mean conditions imposed on the     DESCRIPTION         
satellite bias estimates. In this file, just GPS C1W-C2W    DESCRIPTION         
satellite and station bias values are included. The         DESCRIPTION         
complete set of GNSS code bias results is provided in an    DESCRIPTION         
additional Bias-SINEX file as pseudo-absolute values        DESCRIPTION         
specific to each observable.                                DESCRIPTION         
Note: These GIM results correspond to the results for the   DESCRIPTION         
middle day of a 3-day combination analysis solving for 73   DESCRIPTION         
times 256, or 18688 VTEC parameters and 3 daily sets of     DESCRIPTION         
GNSS code bias parameters.                                  DESCRIPTION         
Contact address: code(at)aiub.unibe.ch                      DESCRIPTION         
Data archive:    ftp.aiub.unibe.ch/CODE/                    DESCRIPTION         
                 www.aiub.unibe.ch/download/CODE/           DESCRIPTION         
  2025     4     6     0     0     0                        EPOCH OF FIRST MAP  
  2025     4     7     0     0     0                        EPOCH OF LAST MAP   
  3600                                                      INTERVAL            
[...]
abpo adis albh algo alic amu2 antc areg areq ascg aspa auck COMMENT             
azgb badg bake barh bjfs bndy boav bogt bor1 braz brft brst COMMENT             
brux cas1 ccj2 cedu chpg chti chur ckis coco cord cpvg cpxf COMMENT             
cro1 daej darw dav1 dgar dhlg drao dubo ebre faa1 fair flin COMMENT             
flrs frdn func ganp glps glsv gode gol2 gold gope gras graz COMMENT             
guam guug harb hers hert hlfx hnpt hob2 hofn holb hrao iddr COMMENT             
ieng iisc impz ineg invk iqal irkj jog2 joz2 karr kerg kir0 COMMENT             
kiri kiru kit3 kokb kokv koug kour krgg lama laut lmmf lpal COMMENT             
lpgs m0se mac1 madr mal2 mana mas1 mat1 mate maui maw1 mcm4 COMMENT             
mdo1 medi mgue mizu mkea mnls mobs morp mro1 mtka nano naur COMMENT             
nico nist nium nklg nlib nnor not1 nrc1 ntus nya1 nyal onsa COMMENT             
opmt ous2 pado parc park pdel penc pert pie1 pimo pohn pol2 COMMENT             
polv pots pove ptag ptbb ptvl qaq1 quin rabt ramo reun reyk COMMENT             
rgdg rio2 roth samo sant savo sch2 scor scrz scub seyg sfer COMMENT             
spt0 ssia sthl stjo stk2 str2 suth sutm suwn sydn syog tash COMMENT             
thtg thti thu2 tid1 tidb tlse tn22 tong tro1 tskb twtf txes COMMENT             
uclu ufpr ulab unb3 unbj unsa urum usn7 usud vald vill vtsp COMMENT             
wab1 wab2 whit will wind wsrt wtza wtzr wtzs wtzz wuhn xmis COMMENT             
yar2 yar3 yarr yell ykro zeck zim2 zim3 zimm                COMMENT             
                                                            END OF HEADER       
[from data line 2574]
     7                                                      START OF TEC MAP    
  2025     4     6     6     0     0                        EPOCH OF CURRENT MAP
    87.5-180.0 180.0   5.0 450.0                            LAT/LON1/LON2/DLON/H
   80   80   80   80   81   82   83   85   86   88   90   92   94   95   97   99
  101  102  104  105  106  107  108  108  109  109  109  109  109  109  109  109
  109  109  109  109  109  109  109  109  109  109  109  109  110  110  110  110
  110  109  109  109  108  107  107  106  104  103  101  100   98   96   94   92
   90   89   87   85   84   82   81   81   80
    85.0-180.0 180.0   5.0 450.0                            LAT/LON1/LON2/DLON/H
   60   59   59   59   61   64   67   71   76   80   85   90   95  100  104  108
  111  114  116  118  119  120  120  120  119  119  118  117  115  114  113  112
  112  111  111  110  111  111  112  112  113  114  116  117  119  121  122  124
  126  127  129  130  131  131  131  130  128  126  124  120  116  111  106  101
   95   89   84   78   73   69   65   62   60
    82.5-180.0 180.0   5.0 450.0                            LAT/LON1/LON2/DLON/H
   45   42   41   42   45   49   55   62   70   78   86   94  102  109  115  120
  124  127  129  130  130  130  128  126  124  121  118  115  113  110  108  106
  105  105  105  105  106  107  109  111  113  116  119  123  127  131  135  140
  144  149  154  158  162  166  168  170  170  169  166  162  156  149  140  130
  120  109   97   86   75   66   57   50   45
    80.0-180.0 180.0   5.0 450.0                            LAT/LON1/LON2/DLON/H
   45   38   35   35   38   44   52   61   71   82   92  102  111  118  125  129
  133  135  136  135  134  131  128  124  120  115  110  106  102   99   96   95
   94   94   95   97   99  102  105  109  113  118  122  128  133  140  147  154
  162  171  180  189  197  205  212  218  222  224  223  220  214  206  194  181
  166  149  131  114   97   81   66   54   45
    77.5-180.0 180.0   5.0 450.0                            LAT/LON1/LON2/DLON/H
   63   52   45   43   45   51   59   69   80   92  103  112  120  126  130  133
  134  134  133  131  128  124  120  115  109  103   97   92   88   84   82   82
   83   84   87   91   96  100  105  110  116  121  127  133  140  148  156  166
  177  189  202  215  229  242  254  265  274  281  284  284  280  272  260  245
  227  206  184  161  137  115   95   77   63
    75.0-180.0 180.0   5.0 450.0                            LAT/LON1/LON2/DLON/H
   98   82   71   65   64   68   76   85   96  107  115  122  126  129  129  128
  126  124  122  119  116  112  108  103   97   91   85   80   76   73   72   73
   75   80   85   91   97  103  110  116  122  128  133  140  146  154  164  174
  187  201  216  232  250  267  284  300  314  326  334  339  339  334  324  309
  291  269  245  219  192  166  141  118   98
    72.5-180.0 180.0   5.0 450.0                            LAT/LON1/LON2/DLON/H
  145  123  107   96   90   91   96  104  114  122  128  131  130  127  122  117
  112  108  106  104  103  101   98   94   89   84   78   73   69   68   68   70
   75   81   88   95  103  111  118  124  130  136  141  146  152  160  168  179
  191  205  221  239  257  276  296  315  333  349  362  371  375  375  369  358
  343  324  302  277  251  223  196  169  145
    70.0-180.0 180.0   5.0 450.0                            LAT/LON1/LON2/DLON/H
  193  166  143  125  114  110  113  119  127  133  136  135  130  122  112  104
   97   93   91   92   93   94   94   92   88   83   78   73   70   68   70   73
   79   86   94  103  111  119  126  133  139  143  148  152  157  163  171  180
  192  205  219  235  251  269  288  307  326  344  360  373  382  386  385  380
  370  356  340  321  299  275  248  221  193
    67.5-180.0 180.0   5.0 450.0                            LAT/LON1/LON2/DLON/H
  232  201  171  146  128  119  117  122  130  136  138  135  127  115  103   92
   85   82   83   86   91   94   96   96   93   89   83   78   75   73   74   78
   84   92  100  109  117  125  132  138  144  148  152  156  160  165  172  180
  190  200  212  224  236  250  264  280  297  315  332  346  358  366  370  369
  365  359  350  340  326  309  288  262  232
    65.0-180.0 180.0   5.0 450.0                            LAT/LON1/LON2/DLON/H
  256  222  186  153  127  112  108  111  119  127  131  128  120  109   96   86
   81   80   83   89   96  101  104  104  101   96   90   84   79   77   78   81
   87   95  103  110  118  125  132  139  144  149  153  156  160  165  171  179
  187  196  204  211  218  225  234  244  257  271  286  301  313  323  329  332
  333  333  332  331  327  320  307  285  256
    62.5-180.0 180.0   5.0 450.0                            LAT/LON1/LON2/DLON/H
  265  229  189  149  116   95   86   89   98  108  115  115  111  102   93   86
   84   86   91   98  104  109  111  110  107  101   94   87   81   77   77   80
   85   92  100  107  114  121  128  135  141  146  150  154  158  164  171  179
  187  194  199  202  203  205  207  211  219  228  240  252  263  272  278  282
  284  287  292  299  305  308  304  290  265
    60.0-180.0 180.0   5.0 450.0                            LAT/LON1/LON2/DLON/H
  262  230  188  144  105   77   63   63   71   83   93   98   98   95   92   90
   91   95  101  106  110  113  113  111  107  101   93   85   77   72   70   73
   78   86   93  100  106  113  120  128  136  142  147  151  156  163  171  180
  189  196  200  200  198  196  193  193  195  200  207  216  224  230  233  234
  235  238  244  255  268  280  286  281  262
    57.5-180.0 180.0   5.0 450.0                            LAT/LON1/LON2/DLON/H
  258  233  194  149  106   72   52   46   50   59   70   79   84   87   90   93
   97  103  107  110  110  108  106  103   99   94   87   78   69   62   60   62
   69   77   85   92   98  105  113  122  131  138  144  149  155  163  174  186
  197  205  208  208  206  202  199  196  194  195  198  203  207  209  209  206
  202  201  205  215  230  248  262  267  258
    55.0-180.0 180.0   5.0 450.0                            LAT/LON1/LON2/DLON/H
  261  247  217  176  132   93   64   48   43   46   53   62   70   78   86   93
   99  104  106  104  100   95   90   87   86   84   78   70   60   52   49   52
   59   69   79   87   94  101  110  119  129  137  144  150  157  168  183  198
  211  220  225  226  226  225  223  221  218  215  214  214  215  214  210  203
  195  188  186  191  204  224  244  259  261
    52.5-180.0 180.0   5.0 450.0                            LAT/LON1/LON2/DLON/H
  276  276  259  227  186  144  107   78   59   49   47   51   59   69   78   87
   93   96   96   91   83   75   70   69   71   73   71   63   53   45   41   45
   54   66   78   87   94  101  110  121  131  140  147  155  165  180  199  217
  233  243  248  252  256  259  262  262  258  253  248  245  242  239  233  224
  213  201  193  192  200  217  239  262  276
    50.0-180.0 180.0   5.0 450.0                            LAT/LON1/LON2/DLON/H
  303  318  316  297  263  221  176  133   97   70   54   50   54   62   71   77
   81   82   80   73   64   56   52   54   60   66   67   62   52   43   39   44
   54   68   81   91   99  106  115  125  136  146  155  165  180  200  224  247
  263  272  277  283  291  300  308  310  306  298  288  281  276  272  268  260
  249  237  225  218  219  230  251  278  303
    47.5-180.0 180.0   5.0 450.0                            LAT/LON1/LON2/DLON/H
  335  362  375  370  346  307  258  203  150  106   75   60   57   61   66   68
   69   68   66   61   53   47   44   49   58   67   70   65   56   47   44   48
   60   74   88   99  106  113  122  133  145  156  168  182  202  229  259  285
  302  308  311  316  328  343  354  358  351  338  323  312  305  303  301  297
  291  281  271  261  256  260  276  303  335
    45.0-180.0 180.0   5.0 450.0                            LAT/LON1/LON2/DLON/H
  363  396  420  427  413  380  331  270  206  148  104   80   70   69   68   65
   62   60   61   60   57   53   52   57   65   74   77   73   64   56   53   57
   67   81   94  105  113  121  130  142  156  170  185  204  232  267  304  333
  348  350  349  353  366  384  398  399  388  368  347  332  324  323  324  325
  325  323  318  311  303  301  310  331  363
    42.5-180.0 180.0   5.0 450.0                            LAT/LON1/LON2/DLON/H
  380  411  437  450  444  419  375  316  249  184  134  104   91   85   79   72
   66   66   71   78   80   79   77   79   83   88   88   83   75   67   64   67
   75   86   98  109  118  127  139  153  170  188  208  234  269  312  355  386
  399  396  390  393  407  427  439  437  418  391  365  346  337  335  337  340
  346  352  356  356  351  344  344  356  380
    40.0-180.0 180.0   5.0 450.0                            LAT/LON1/LON2/DLON/H
  385  404  422  432  429  411  377  328  267  206  157  128  115  108  100   89
   82   85   98  112  121  122  117  112  109  106  100   93   85   79   77   77
   80   87   97  108  121  133  148  167  189  212  237  269  310  360  409  441
  452  445  436  439  455  476  487  479  454  420  389  368  356  351  349  350
  355  366  380  391  392  384  376  374  385
    37.5-180.0 180.0   5.0 450.0                            LAT/LON1/LON2/DLON/H
  384  383  383  380  372  358  335  301  256  207  167  145  136  132  124  113
  108  116  135  157  171  173  165  153  140  127  114  103   96   92   90   87
   85   86   93  106  123  141  161  185  213  242  272  308  354  409  460  494
  503  495  487  494  515  539  549  537  507  470  438  415  401  389  378  367
  365  374  394  414  425  421  406  391  384
    35.0-180.0 180.0   5.0 450.0                            LAT/LON1/LON2/DLON/H
  389  365  341  317  294  278  264  247  222  191  165  152  150  151  147  139
  137  149  174  202  220  223  213  196  174  152  131  116  109  107  105   99
   90   85   90  105  127  152  179  209  243  277  312  350  398  453  505  540
  550  546  544  560  590  620  632  620  591  556  525  503  485  465  438  409
  389  388  406  434  455  457  441  415  389
    32.5-180.0 180.0   5.0 450.0                            LAT/LON1/LON2/DLON/H
  417  372  321  270  226  200  190  187  180  167  155  151  155  161  162  158
  160  176  204  234  255  262  255  236  211  182  154  135  127  126  124  115
  101   91   93  110  138  170  203  239  278  317  354  392  437  490  542  577
  592  595  606  636  680  720  738  732  709  681  657  637  615  584  538  486
  441  421  430  460  489  500  487  457  417
    30.0-180.0 180.0   5.0 450.0                            LAT/LON1/LON2/DLON/H
  479  419  346  268  199  156  141  145  152  152  149  149  155  164  167  168
  174  191  218  248  272  285  286  274  250  217  185  162  153  152  150  139
  121  106  106  124  156  193  232  272  315  356  394  430  471  520  569  606
  627  643  670  719  779  830  859  863  853  838  824  807  782  739  676  599
  528  483  476  501  535  556  551  524  479
    27.5-180.0 180.0   5.0 450.0                            LAT/LON1/LON2/DLON/H
  576  512  426  326  234  170  143  145  156  162  159  157  159  164  168  171
  178  193  216  243  270  293  308  309  292  260  224  197  185  184  183  171
  150  132  130  148  182  221  262  305  350  392  429  462  499  543  590  630
  659  688  734  800  875  939  979  998 1004 1006 1002  988  960  910  834  739
  644  575  549  564  599  627  635  617  576
    25.0-180.0 180.0   5.0 450.0                            LAT/LON1/LON2/DLON/H
  700  642  554  443  333  249  206  198  205  207  198  186  177  173  174  176
  181  190  206  229  260  296  328  344  335  305  267  236  222  220  219  209
  189  169  164  180  211  250  291  333  378  421  457  487  520  562  608  651
  688  731  792  872  956 1027 1077 1110 1135 1153 1159 1149 1119 1066  987  885
  777  690  646  647  678  712  731  728  700
    22.5-180.0 180.0   5.0 450.0                            LAT/LON1/LON2/DLON/H
  831  788  708  598  479  381  322  300  296  290  271  245  221  205  197  194
  195  198  205  223  257  304  352  381  379  349  308  275  258  255  256  248
  231  212  204  214  241  275  313  354  398  441  476  506  538  579  626  673
  718  771  841  926 1011 1081 1135 1179 1220 1252 1265 1256 1227 1179 1108 1014
  907  813  756  744  766  801  830  842  831
    20.0-180.0 180.0   5.0 450.0                            LAT/LON1/LON2/DLON/H
  945  919  854  755  640  537  467  433  418  403  375  336  297  267  250  241
  235  230  228  241  276  331  388  422  419  386  340  304  286  283  286  283
  271  253  242  245  265  294  329  367  410  452  488  520  554  597  647  698
  749  806  877  957 1032 1092 1141 1191 1241 1282 1299 1291 1266 1230 1178 1105
 1014  926  865  842  853  883  917  941  945
    17.5-180.0 180.0   5.0 450.0                            LAT/LON1/LON2/DLON/H
 1022 1008  959  877  777  681  610  569  548  528  496  452  404  364  338  322
  310  298  289  296  329  384  437  464  450  407  357  319  302  301  306  309
  302  287  272  269  281  305  337  374  415  457  495  531  569  617  672  727
  781  837  901  966 1021 1062 1099 1145 1198 1241 1259 1253 1236 1217 1192 1149
 1086 1016  959  929  928  949  980 1009 1022
    15.0-180.0 180.0   5.0 450.0                            LAT/LON1/LON2/DLON/H
 1050 1039 1001  938  860  782  721  682  661  644  617  577  530  488  457  437
  420  403  388  389  415  459  497  502  468  411  355  319  304  305  314  321
  320  308  291  282  288  309  340  376  417  459  500  541  585  638  697  756
  810  863  914  958  987 1004 1023 1058 1106 1146 1163 1161 1155 1157 1161 1151
 1120 1074 1028  995  983  993 1015 1039 1050
    12.5-180.0 180.0   5.0 450.0                            LAT/LON1/LON2/DLON/H
 1032 1012  975  928  876  824  781  752  738  730  717  691  656  620  591  570
  552  532  514  508  522  546  556  530  470  396  337  305  296  300  310  320
  323  314  296  283  287  308  340  378  419  462  505  550  599  657  720  781
  835  882  920  943  947  940  939  960  996 1029 1044 1048 1057 1079 1107 1125
 1123 1101 1069 1036 1016 1012 1022 1033 1032
    10.0-180.0 180.0   5.0 450.0                            LAT/LON1/LON2/DLON/H
  986  948  902  864  835  812  792  777  772  776  779  775  760  739  718  700
  682  662  642  629  626  624  601  541  454  368  310  286  283  289  298  308
  313  305  288  275  279  303  339  380  422  465  510  558  610  671  736  798
  852  894  922  931  917  893  877  883  905  928  942  954  978 1017 1059 1091
 1107 1103 1083 1054 1026 1012 1010 1007  986
     7.5-180.0 180.0   5.0 450.0                            LAT/LON1/LON2/DLON/H
  937  876  816  778  768  770  771  768  769  780  798  815  823  821  812  799
  784  765  743  722  702  672  617  529  425  335  284  269  273  279  283  289
  292  285  270  259  268  297  338  381  424  468  514  562  615  675  740  803
  858  900  925  929  911  881  859  855  864  876  889  911  948  995 1038 1068
 1086 1091 1079 1052 1022 1002  993  977  937
     5.0-180.0 180.0   5.0 450.0                            LAT/LON1/LON2/DLON/H
  910  830  754  713  713  733  748  750  748  755  777  808  835  851  854  847
  834  816  792  762  726  675  598  496  388  306  267  263  270  272  268  266
  265  258  245  239  253  288  333  379  424  468  513  560  610  667  731  795
  853  899  930  941  932  912  895  888  886  889  902  932  979 1024 1053 1066
 1070 1071 1062 1037 1007  989  981  962  910
     2.5-180.0 180.0   5.0 450.0                            LAT/LON1/LON2/DLON/H
  922  835  748  702  706  734  754  750  732  721  732  761  798  826  837  834
  821  802  775  738  690  626  543  445  353  289  266  270  276  270  255  243
  236  227  217  217  236  275  323  371  417  461  506  550  597  649  710  775
  837  892  934  961  974  977  977  975  969  964  975 1011 1059 1094 1098 1080
 1061 1050 1038 1015  989  978  981  972  922
