ionex_files/COD0OPSFIN_20250940000_01D_01H_GIM.INX
     1.0            IONOSPHERE MAPS     GNSS                IONEX VERSION / TYPE
ADDNEQ2 V5.5        AIUB                08-APR-25 19:15     PGM / RUN BY / DATE 
CODE'S GLOBAL IONOSPHERE MAPS FOR DAY 094, 2025             COMMENT             
Global ionosphere maps (GIM) are generated on a daily basis DESCRIPTION         
at CODE using data from about 300 GNSS sites of the IGS and DESCRIPTION         
other institutions. The vertical total electron content     DESCRIPTION         
(VTEC) is modeled in a solar-geomagnetic reference frame    DESCRIPTION         
using a spherical harmonics expansion up to degree and      DESCRIPTION         
order 15. Piece-wise linear functions are used for          DESCRIPTION         
representation in the time domain. The time spacing of      DESCRIPTION         
their vertices is 1 hour, conforming with the epochs of the DESCRIPTION         
VTEC maps.                                                  DESCRIPTION         
To convert line-of-sight TEC into vertical TEC, a modified  DESCRIPTION         
single-layer model mapping function approximating the JPL   DESCRIPTION         
extended slab model mapping function is adopted. The        DESCRIPTION         
mapping function is evaluated at geodetic satellite         DESCRIPTION         
elevation angles. For the computation of the ionospheric    DESCRIPTION         
pierce points, a spherical layer with a radius of 6821 km   DESCRIPTION         
is assumed, implying geocentric, not geodetic IONEX         DESCRIPTION         
latitudes.                                                  DESCRIPTION         
Instrumental biases with respect to each involved GNSS code DESCRIPTION         
observable are estimated as constant values for each        DESCRIPTION         
day. They are modeled with one set of bias parameters for   DESCRIPTION         
each satellite and each station in case of GPS and for each DESCRIPTION         
satellite-station link in case of GLONASS. The code bias    DESCRIPTION         
datum is defined by zero-mean conditions imposed on the     DESCRIPTION         
satellite bias estimates. In this file, just GPS C1W-C2W    DESCRIPTION         
satellite and station bias values are included. The         DESCRIPTION         
complete set of GNSS code bias results is provided in an    DESCRIPTION         
additional Bias-SINEX file as pseudo-absolute values        DESCRIPTION         
specific to each observable.                                DESCRIPTION         
Note: These GIM results correspond to the results for the   DESCRIPTION         
middle day of a 3-day combination analysis solving for 73   DESCRIPTION         
times 256, or 18688 VTEC parameters and 3 daily sets of     DESCRIPTION         
GNSS code bias parameters.                                  DESCRIPTION         
Contact address: code(at)aiub.unibe.ch                      DESCRIPTION         
Data archive:    ftp.aiub.unibe.ch/CODE/                    DESCRIPTION         
                 www.aiub.unibe.ch/download/CODE/           DESCRIPTION         
  2025     4     4     0     0     0                        EPOCH OF FIRST MAP  
  2025     4     5     0     0     0                        EPOCH OF LAST MAP   
  3600                                                      INTERVAL            
[...]
azgb badg bake barh bjfs bndy boav bogo bogt bor1 braz brft COMMENT             
brst brux cags cas1 ccj2 cedu chpg chti chur ckis coco cord COMMENT             
cpvg cpxf cro1 daej darw dav1 dgar dhlg drao dubo ebre faa1 COMMENT             
fair flin flrs frdn func ganp glps glsv gode gol2 gold gope COMMENT             
gras graz guam guug harb hers hert hlfx hnpt hob2 hofn holb COMMENT             
hrao iddr ieng iisc impz ineg invk iqal jog2 joz2 karr kerg COMMENT             
kir0 kiri kiru kit3 kokb kokv koug kour krgg lama laut lmmf COMMENT             
lpal lpgs m0se mac1 madr mal2 mana mas1 mat1 mate maui maw1 COMMENT             
mcm4 mdo1 medi mgue mizu mkea mnls mobs morp mqzg mro1 mtka COMMENT             
nano naur nico nist nium nklg nlib nnor not1 nrc1 ntus nya1 COMMENT             
nyal onsa opmt ous2 pado parc park pdel penc pert pie1 pimo COMMENT             
pohn pol2 polv pots pove ptag ptbb ptvl qaq1 quin rabt ramo COMMENT             
reun reyk rgdg rio2 roth salu samo sant savo sch2 scor scrz COMMENT             
sctb scub seyg sfer spt0 ssia sthl stjo stk2 str2 suth sutm COMMENT             
suwn sydn syog tash thtg thti thu2 tid1 tidb tlse tn22 tong COMMENT             
tow2 tro1 tskb twtf txes uclu ulab unb3 unbj unsa urum usn7 COMMENT             
usud vald vill vtsp wab1 wab2 wark wgtn whit will wind wsrt COMMENT             
wtza wtzr wtzs wtzz wuhn xmis yar2 yar3 yarr yell ykro zeck COMMENT             
zim2 zim3 zimm                                              COMMENT             
                                                            END OF HEADER       
[from data line 7293]
    18                                                      START OF TEC MAP    
  2025     4     4    17     0     0                        EPOCH OF CURRENT MAP
    87.5-180.0 180.0   5.0 450.0                            LAT/LON1/LON2/DLON/H
  114  115  117  119  121  123  125  127  130  132  134  137  139  141  143  145
  147  149  150  152  153  154  155  156  156  156  156  156  155  155  154  152
  151  149  147  145  143  141  139  137  135  132  130  128  126  124  122  121
  119  117  116  114  113  112  111  110  109  108  108  107  107  106  106  106
  107  107  107  108  109  110  111  112  114
    85.0-180.0 180.0   5.0 450.0                            LAT/LON1/LON2/DLON/H
   99  101  104  107  110  113  117  121  125  129  133  137  141  146  150  154
  158  161  165  168  171  174  176  178  180  181  181  181  180  178  176  174
  170  167  163  159  155  151  147  143  139  135  131  128  125  123  120  118
  116  114  112  110  108  107  105  104  102  101   99   98   96   95   94   93
   93   92   92   92   93   94   95   97   99
    82.5-180.0 180.0   5.0 450.0                            LAT/LON1/LON2/DLON/H
   85   87   89   93   97  101  105  110  115  120  125  130  135  140  145  150
  156  161  166  172  177  182  186  190  193  196  197  198  197  196  193  189
  185  180  174  168  163  157  151  146  142  138  135  132  130  129  127  126
  125  125  124  122  121  119  117  115  113  111  108  105  102   99   96   93
   91   88   86   84   83   82   82   83   85
    80.0-180.0 180.0   5.0 450.0                            LAT/LON1/LON2/DLON/H
   74   75   77   80   84   88   92   97  102  106  111  116  120  125  130  136
  142  148  155  162  169  176  183  189  195  199  203  205  205  204  202  197
  192  186  179  171  164  158  152  148  144  142  141  141  142  143  145  147
  149  150  150  150  149  148  146  143  140  136  132  128  123  117  112  106
  100   95   89   84   80   77   75   74   74
    77.5-180.0 180.0   5.0 450.0                            LAT/LON1/LON2/DLON/H
   68   68   69   72   75   79   83   87   91   94   98  101  104  108  112  117
  122  129  136  144  152  161  170  178  186  192  198  201  203  203  200  196
  190  183  175  167  160  153  148  145  144  145  148  152  158  163  169  175
  179  183  185  186  186  184  182  178  174  169  164  158  151  144  136  127
  118  109  101   92   84   78   73   69   68
    75.0-180.0 180.0   5.0 450.0                            LAT/LON1/LON2/DLON/H
   68   67   68   70   73   77   80   83   86   88   89   91   92   94   97  101
  106  112  119  127  136  145  154  163  171  179  185  189  191  192  190  186
  180  173  165  156  149  144  140  139  141  145  152  161  171  181  191  200
  207  212  216  217  216  215  211  207  203  197  191  185  177  169  160  150
  139  128  116  105   94   84   77   71   68
    72.5-180.0 180.0   5.0 450.0                            LAT/LON1/LON2/DLON/H
   75   74   75   77   80   84   86   88   89   89   88   88   88   89   91   95
  100  106  113  121  129  137  144  151  158  164  169  172  174  174  173  169
  164  157  150  142  136  131  128  129  133  140  150  162  176  189  201  212
  221  226  230  231  229  227  223  218  214  208  203  197  191  183  175  166
  155  143  130  118  106   95   86   79   75
    70.0-180.0 180.0   5.0 450.0                            LAT/LON1/LON2/DLON/H
   88   87   89   92   95   97   99   99   99   97   95   93   93   93   96  101
  107  115  122  130  136  142  146  149  152  154  155  156  156  155  154  151
  147  141  135  129  123  119  117  118  122  130  140  153  167  181  193  204
  212  217  219  219  217  213  209  205  200  196  193  189  185  180  175  168
  160  150  139  127  116  105   97   91   88
    67.5-180.0 180.0   5.0 450.0                            LAT/LON1/LON2/DLON/H
  103  104  107  110  113  115  115  114  112  109  106  104  104  106  111  118
  127  137  146  154  159  161  161  159  156  153  149  145  142  140  138  136
  134  130  126  122  117  113  110  110  112  116  124  134  145  156  166  175
  181  184  184  183  180  176  172  168  165  163  161  160  158  157  156  154
  150  145  138  130  121  113  107  104  103
    65.0-180.0 180.0   5.0 450.0                            LAT/LON1/LON2/DLON/H
  115  119  123  128  130  131  129  127  123  120  117  116  117  121  129  140
  154  167  179  188  193  193  189  182  173  163  154  145  138  134  131  130
  130  129  128  125  121  117  112  108  105  105  106  110  115  121  127  131
  134  135  134  131  127  124  120  118  117  116  116  117  119  121  124  126
  128  128  127  124  120  116  113  113  115
    62.5-180.0 180.0   5.0 450.0                            LAT/LON1/LON2/DLON/H
  121  128  134  139  141  140  137  134  130  127  126  126  128  135  146  161
  179  197  213  225  231  231  225  215  202  187  173  159  148  141  137  137
  139  141  143  141  138  132  125  116  108  100   94   90   88   87   87   87
   87   85   82   79   75   72   70   69   69   70   72   74   76   80   86   92
   98  104  108  110  111  111  112  115  121
    60.0-180.0 180.0   5.0 450.0                            LAT/LON1/LON2/DLON/H
  118  128  136  141  142  140  136  133  131  130  131  133  137  145  158  176
  198  221  241  256  265  267  263  254  241  224  206  188  173  163  159  159
  162  166  169  169  165  158  148  136  122  108   94   82   72   65   60   56
   53   50   46   42   39   37   36   37   38   40   41   43   45   48   54   61
   70   78   86   92   95   99  103  110  118
    57.5-180.0 180.0   5.0 450.0                            LAT/LON1/LON2/DLON/H
  107  119  129  135  135  132  128  126  127  131  134  138  143  151  165  184
  208  234  258  277  291  298  300  296  286  271  252  232  213  200  194  193
  196  201  203  203  199  191  179  165  148  129  110   92   76   63   54   48
   43   39   35   31   28   27   27   29   31   34   35   35   34   35   37   42
   50   59   67   74   79   83   88   96  107
    55.0-180.0 180.0   5.0 450.0                            LAT/LON1/LON2/DLON/H
   91  104  116  122  123  120  117  118  124  132  139  145  150  156  169  187
  212  239  265  288  307  322  333  338  336  325  307  285  263  247  238  236
  237  240  240  238  232  224  213  199  183  163  141  119  100   84   73   65
   60   56   52   48   44   43   43   46   50   54   55   53   49   45   42   43
   46   52   58   62   65   67   72   80   91
    52.5-180.0 180.0   5.0 450.0                            LAT/LON1/LON2/DLON/H
   75   89  102  110  111  109  109  114  124  138  149  156  159  164  173  190
  214  240  266  292  317  341  363  380  387  382  365  341  316  296  284  279
  278  277  274  268  261  253  244  234  220  202  181  159  138  121  109  101
   96   92   88   83   79   77   78   82   88   93   95   92   86   77   69   63
   60   60   61   60   59   58   58   64   75
    50.0-180.0 180.0   5.0 450.0                            LAT/LON1/LON2/DLON/H
   64   78   92  102  106  106  109  118  133  151  164  170  172  175  183  198
  219  244  269  295  325  358  391  419  436  435  419  393  364  341  326  319
  314  309  301  291  281  274  268  263  255  241  222  200  179  162  149  142
  137  133  129  123  118  116  117  123  131  139  143  142  135  123  110   98
   89   82   77   71   64   58   54   55   64
    47.5-180.0 180.0   5.0 450.0                            LAT/LON1/LON2/DLON/H
   63   76   92  104  111  115  120  132  151  170  183  188  188  190  198  213
  233  255  277  303  336  375  418  455  477  479  462  431  399  374  358  349
  343  333  320  306  294  288  286  285  282  272  256  234  212  194  181  174
  169  165  160  154  149  147  149  157  168  180  188  189  183  171  156  140
  126  114  103   93   82   70   61   57   63
    45.0-180.0 180.0   5.0 450.0                            LAT/LON1/LON2/DLON/H
   72   84  101  117  128  135  143  157  177  194  204  206  204  207  219  237
  257  276  295  318  352  396  444  485  509  509  487  453  418  392  377  370
  363  352  336  319  305  299  299  301  301  293  276  253  230  210  196  188
  183  179  174  169  164  163  167  176  190  205  217  223  220  210  195  179
  163  148  135  122  108   93   79   71   72
    42.5-180.0 180.0   5.0 450.0                            LAT/LON1/LON2/DLON/H
   90   99  117  137  152  164  175  190  206  219  223  220  218  225  243  266
  288  305  320  341  374  418  467  507  527  522  495  457  421  397  387  384
  381  371  355  337  322  315  314  315  313  303  284  258  232  210  195  185
  180  176  172  169  167  168  172  182  197  214  229  238  239  233  222  208
  193  179  166  153  139  123  106   94   90
    40.0-180.0 180.0   5.0 450.0                            LAT/LON1/LON2/DLON/H
  113  119  137  160  181  197  210  224  236  242  238  229  228  241  268  299
  324  339  350  368  399  440  484  518  531  519  487  448  415  398  395  399
  402  397  384  367  352  342  336  333  325  309  285  255  226  203  187  177
  172  168  167  167  168  171  176  184  197  212  227  238  242  240  234  225
  214  203  192  182  170  155  137  120  113
    37.5-180.0 180.0   5.0 450.0                            LAT/LON1/LON2/DLON/H
  134  137  155  181  207  228  244  256  264  261  249  235  235  257  294  334
  361  374  382  397  424  460  495  519  522  504  471  436  411  403  409  422
  433  435  429  416  400  385  372  359  343  319  290  257  227  205  190  181
  176  174  174  178  184  188  191  195  201  211  222  232  237  238  236  232
  226  219  211  204  195  183  165  146  134
    35.0-180.0 180.0   5.0 450.0                            LAT/LON1/LON2/DLON/H
  151  150  167  197  227  253  271  283  286  277  258  242  245  275  323  369
  397  409  414  426  448  476  500  511  507  487  459  434  421  424  441  462
  480  490  491  482  466  445  421  397  371  341  308  276  250  231  221  214
  210  208  211  219  227  232  231  226  223  223  228  233  237  238  238  237
  234  230  225  220  213  203  186  166  151
    32.5-180.0 180.0   5.0 450.0                            LAT/LON1/LON2/DLON/H
  162  159  175  206  241  270  291  303  305  293  271  254  261  299  355  405
  433  442  445  455  473  491  502  502  492  477  461  452  454  470  494  520
  544  561  569  564  546  517  482  446  412  379  348  321  302  292  288  285
  282  280  284  294  304  307  299  284  268  257  253  252  252  250  249  248
  246  242  236  230  223  214  199  179  162
    30.0-180.0 180.0   5.0 450.0                            LAT/LON1/LON2/DLON/H
  168  164  179  212  249  281  303  317  321  310  290  277  289  333  393  444
  470  476  478  487  499  507  505  497  488  484  487  497  516  542  570  597
  622  643  656  654  633  595  548  504  466  435  410  393  385  385  389  390
  386  383  386  396  407  407  392  365  336  314  301  295  289  282  276  271
  266  259  249  238  228  219  205  186  168
    27.5-180.0 180.0   5.0 450.0                            LAT/LON1/LON2/DLON/H
  174  170  185  218  256  289  312  328  335  330  317  310  329  377  438  487
  509  514  517  525  532  528  515  503  502  515  540  572  605  637  664  687
  708  729  743  742  716  670  614  564  527  502  487  482  486  497  507  510
  505  499  499  509  519  516  494  457  417  387  369  359  348  335  321  309
  297  284  266  248  232  220  207  190  174
    25.0-180.0 180.0   5.0 450.0                            LAT/LON1/LON2/DLON/H
  182  180  196  230  267  298  320  337  350  354  351  354  379  429  488  532
  552  557  563  571  572  559  538  526  538  572  620  669  712  745  766  779
  793  810  824  820  790  736  675  623  590  573  569  574  587  604  618  620
  612  601  598  607  617  613  587  544  499  465  446  434  421  401  379  357
  337  316  290  262  239  223  210  195  182
    22.5-180.0 180.0   5.0 450.0                            LAT/LON1/LON2/DLON/H
  196  197  215  248  285  313  331  348  365  380  389  402  432  482  537  578
  597  605  615  624  620  599  573  568  595  650  716  777  823  851  862  864
  868  880  891  884  849  791  727  677  649  639  641  650  666  683  696  695
  681  666  660  668  681  680  655  612  567  534  518  509  494  469  438  408
  379  350  317  281  250  230  217  206  196
    20.0-180.0 180.0   5.0 450.0                            LAT/LON1/LON2/DLON/H
  216  219  239  273  308  333  347  361  382  406  427  449  483  531  582  619
  640  655  671  682  674  646  621  625  670  741  818  880  922  940  941  932
  927  933  940  931  894  834  772  725  701  693  693  698  708  719  724  718
  700  680  674  684  702  707  690  653  613  586  575  568  554  526  488  450
  415  382  344  303  267  243  230  222  216
    17.5-180.0 180.0   5.0 450.0                            LAT/LON1/LON2/DLON/H
  239  244  265  300  335  357  367  378  401  431  461  491  526  571  618  654
  679  702  726  738  726  696  676  693  753  834  911  966  996 1004  995  978
  967  969  974  964  927  870  812  769  744  731  721  713  708  706  702  690
  669  649  644  658  683  699  693  667  636  616  609  605  589  558  517  474
  437  403  365  324  286  261  248  242  239
    15.0-180.0 180.0   5.0 450.0                            LAT/LON1/LON2/DLON/H
  262  267  288  324  360  382  389  398  421  455  491  525  560  602  644  681
  712  744  774  788  773  744  732  763  834  917  984 1024 1039 1037 1022 1002
  990  990  994  985  952  901  850  810  781  755  727  699  674  657  644  628
  609  592  591  610  642  669  676  663  643  628  621  614  596  562  519  476
  440  410  377  340  305  281  269  264  262
    12.5-180.0 180.0   5.0 450.0                            LAT/LON1/LON2/DLON/H
  281  284  303  340  379  403  413  421  444  479  518  552  587  624  664  703
  740  779  813  826  811  786  785  829  906  982 1032 1052 1053 1044 1028 1009
  998  999 1004  998  972  931  888  850  813  770  720  669  626  596  577  563
  549  539  543  566  603  638  657  656  643  628  616  601  576  539  495  455
  425  401  377  348  320  300  289  284  281
    10.0-180.0 180.0   5.0 450.0                            LAT/LON1/LON2/DLON/H
  293  292  308  345  387  419  434  446  469  505  543  577  610  645  684  723
  764  807  841  853  839  821  832  886  962 1025 1054 1054 1043 1032 1020 1006
  998 1000 1007 1005  987  958  924  887  840  779  709  641  585  549  531  524
  521  520  528  550  587  624  649  655  644  625  602  573  537  495  453  418
  394  379  365  347  328  314  306  300  293
     7.5-180.0 180.0   5.0 450.0                            LAT/LON1/LON2/DLON/H
  301  294  305  339  386  426  452  471  497  532  569  602  634  669  708  748
  789  831  863  873  860  850  871  930 1001 1047 1055 1039 1023 1014 1008 1000
  995  997 1004 1005  996  978  953  917  862  789  706  629  570  537  528  534
  544  552  560  576  604  635  659  664  652  624  585  539  490  443  404  374
  357  349  345  338  329  322  318  311  301
     5.0-180.0 180.0   5.0 450.0                            LAT/LON1/LON2/DLON/H
  305  293  297  328  377  427  465  495  526  561  596  628  661  699  739  778
  818  856  883  890  881  878  906  964 1024 1053 1044 1020 1004 1001 1001  997
  991  991  995  997  994  986  969  935  876  798  714  641  590  568  573  595
  619  633  636  639  650  667  681  680  661  622  567  505  444  393  356  333
  321  319  321  322  323  324  324  319  305
     2.5-180.0 180.0   5.0 450.0                            LAT/LON1/LON2/DLON/H
  310  294  291  316  366  423  474  515  552  588  621  654  690  732  776  815
  851  883  906  912  906  909  939  991 1036 1049 1031 1006  996  999 1003  998
  989  983  981  980  979  977  966  935  879  805  731  673  639  634  656  692
  726  741  734  718  706  702  700  690  662  613  547  474  406  354  320  301
  293  292  297  304  313  321  327  324  310
