ionex_files/COD0OPSFIN_20250760000_01D_01H_GIM.INX
     1.0            IONOSPHERE MAPS     GNSS                IONEX VERSION / TYPE
ADDNEQ2 V5.5        AIUB                21-MAR-25 19:06     PGM / RUN BY / DATE 
CODE'S GLOBAL IONOSPHERE MAPS FOR DAY 076, 2025             COMMENT             
Global ionosphere maps (GIM) are generated on a daily basis DESCRIPTION         
at CODE using data from about 300 GNSS sites of the IGS and DESCRIPTION         
other institutions. The vertical total electron content     DESCRIPTION         
(VTEC) is modeled in a solar-geomagnetic reference frame    DESCRIPTION         
using a spherical harmonics expansion up to degree and      DESCRIPTION         
order 15. Piece-wise linear functions are used for          DESCRIPTION         
representation in the time domain. The time spacing of      DESCRIPTION         
their vertices is 1 hour, conforming with the epochs of the DESCRIPTION         
VTEC maps.                                                  DESCRIPTION         
To convert line-of-sight TEC into vertical TEC, a modified  DESCRIPTION         
single-layer model mapping function approximating the JPL   DESCRIPTION         
extended slab model mapping function is adopted. The        DESCRIPTION         
mapping function is evaluated at geodetic satellite         DESCRIPTION         
elevation angles. For the computation of the ionospheric    DESCRIPTION         
pierce points, a spherical layer with a radius of 6821 km   DESCRIPTION         
is assumed, implying geocentric, not geodetic IONEX         DESCRIPTION         
latitudes.                                                  DESCRIPTION         
Instrumental biases with respect to each involved GNSS code DESCRIPTION         
observable are estimated as constant values for each        DESCRIPTION         
day. They are modeled with one set of bias parameters for   DESCRIPTION         
each satellite and each station in case of GPS and for each DESCRIPTION         
satellite-station link in case of GLONASS. The code bias    DESCRIPTION         
datum is defined by zero-mean conditions imposed on the     DESCRIPTION         
satellite bias estimates. In this file, just GPS C1W-C2W    DESCRIPTION         
satellite and station bias values are included. The         DESCRIPTION         
complete set of GNSS code bias results is provided in an    DESCRIPTION         
additional Bias-SINEX file as pseudo-absolute values        DESCRIPTION         
specific to each observable.                                DESCRIPTION         
Note: These GIM results correspond to the results for the   DESCRIPTION         
middle day of a 3-day combination analysis solving for 73   DESCRIPTION         
times 256, or 18688 VTEC parameters and 3 daily sets of     DESCRIPTION         
GNSS code bias parameters.                                  DESCRIPTION         
Contact address: code(at)aiub.unibe.ch                      DESCRIPTION         
Data archive:    ftp.aiub.unibe.ch/CODE/                    DESCRIPTION         
                 www.aiub.unibe.ch/download/CODE/           DESCRIPTION         
  2025     3    17     0     0     0                        EPOCH OF FIRST MAP  
  2025     3    18     0     0     0                        EPOCH OF LAST MAP   
  3600                                                      INTERVAL            
[...]
azgb badg bake barh bjfs bndy boav bogo bogt bor1 braz brft COMMENT             
brst brux cags cas1 ccj2 cedu chpg chti chur ckis coco cord COMMENT             
cpvg cpxf cro1 daej darw dav1 dgar dhlg drao dubo ebre faa1 COMMENT             
fair flin flrs frdn func ganp glps glsv gode gol2 gold gope COMMENT             
gras graz guam guug harb hers hert hlfx hnpt hob2 hofn holb COMMENT             
hrao iddr ieng iisc impz ineg invk iqal irkj jog2 joz2 karr COMMENT             
kerg kir0 kiri kiru kit3 kokb kokv koug kour krgg lama laut COMMENT             
lmmf lpal lpgs mac1 madr mal2 mana mas1 mat1 mate maui maw1 COMMENT             
mcil mcm4 mdo1 medi mgue mizu mkea mnls mobs monp morp mqzg COMMENT             
mro1 mtka nano naur nico nist nium nklg nlib nnor nrc1 ntus COMMENT             
nya1 nyal onsa opmt ous2 pado parc park pdel penc pert pie1 COMMENT             
pimo pohn pol2 polv pots pove ptag ptbb ptvl qaq1 quin rabt COMMENT             
ramo reun reyk rgdg rio2 roth salu samo sant savo sch2 scor COMMENT             
scrz sctb scub seyg sfer sofi spt0 ssia sthl stjo stk2 str2 COMMENT             
suth sutm suwn sydn syog tash thtg thti thu2 tid1 tidb tlse COMMENT             
tn22 tong tow2 tro1 tskb twtf txes uclu ufpr ulab unb3 unbj COMMENT             
unsa urum usn7 usud vald vill vtsp wab1 wab2 whit will wind COMMENT             
wsrt wtza wtzr wtzs wtzz wuhn xmis yar2 yarr yell ykro zeck COMMENT             
zim2 zim3 zimm                                              COMMENT             
                                                            END OF HEADER       
[from data line 1287]
     4                                                      START OF TEC MAP    
  2025     3    17     3     0     0                        EPOCH OF CURRENT MAP
    87.5-180.0 180.0   5.0 450.0                            LAT/LON1/LON2/DLON/H
  310  310  309  309  308  307  307  306  305  304  304  303  301  300  299  297
  295  293  291  288  286  283  280  277  274  271  268  265  263  260  258  256
  254  252  251  250  249  249  249  249  250  251  252  253  255  257  259  262
  264  267  270  273  276  279  282  286  289  292  295  297  300  302  304  306
  307  308  309  310  310  310  310  310  310
    85.0-180.0 180.0   5.0 450.0                            LAT/LON1/LON2/DLON/H
  319  316  313  311  309  308  308  307  307  308  308  309  309  309  308  307
  305  302  299  294  289  284  277  271  264  257  250  243  237  231  226  221
  217  214  212  210  209  209  209  210  212  213  216  219  222  225  230  234
  239  245  251  257  264  271  278  285  292  299  306  312  317  322  326  328
  330  331  331  330  329  327  324  321  319
    82.5-180.0 180.0   5.0 450.0                            LAT/LON1/LON2/DLON/H
  316  308  301  295  291  289  288  289  292  295  299  304  308  311  314  315
  314  312  308  302  295  286  276  266  254  243  232  221  211  202  195  188
  184  180  178  177  177  177  179  181  183  186  189  192  195  199  203  208
  214  221  228  237  247  258  269  281  293  305  317  328  338  346  352  357
  359  359  357  353  347  340  332  324  316
    80.0-180.0 180.0   5.0 450.0                            LAT/LON1/LON2/DLON/H
  312  296  282  271  263  258  256  258  263  271  280  289  298  307  313  318
  319  318  315  308  299  288  275  261  247  232  217  203  191  180  171  164
  160  157  156  157  159  162  165  168  171  174  177  179  180  182  185  188
  192  197  205  214  226  240  255  272  290  309  327  344  360  373  383  390
  394  393  390  382  372  359  344  328  312
    77.5-180.0 180.0   5.0 450.0                            LAT/LON1/LON2/DLON/H
  320  295  273  253  239  229  225  226  233  243  255  269  283  295  305  312
  315  316  313  307  298  287  273  258  242  226  210  195  181  170  160  154
  150  149  150  153  157  162  167  172  175  178  179  179  178  177  176  175
  176  179  184  193  205  221  239  261  284  308  333  357  379  398  413  425
  431  433  429  420  407  389  368  344  320
    75.0-180.0 180.0   5.0 450.0                            LAT/LON1/LON2/DLON/H
  348  316  284  256  233  216  207  206  211  221  234  249  264  277  287  295
  299  300  299  295  288  280  269  257  243  228  213  198  185  173  164  158
  155  155  157  161  167  174  180  185  189  191  191  189  185  181  176  172
  169  169  171  178  189  205  225  249  276  305  334  364  391  415  436  453
  464  470  469  463  450  432  408  379  348
    72.5-180.0 180.0   5.0 450.0                            LAT/LON1/LON2/DLON/H
  399  361  323  286  254  229  212  205  205  212  223  235  246  256  263  268
  270  271  272  271  270  267  263  256  247  236  224  212  200  189  179  173
  169  168  170  174  180  186  192  197  201  202  202  199  195  189  183  177
  172  169  170  174  184  198  218  242  270  300  332  363  393  421  445  466
  483  495  502  502  496  482  461  433  399
    70.0-180.0 180.0   5.0 450.0                            LAT/LON1/LON2/DLON/H
  463  425  382  339  299  265  240  225  219  220  224  230  234  236  235  234
  233  234  236  240  246  251  254  255  253  248  240  230  219  208  198  190
  185  181  181  183  186  191  196  200  203  205  205  204  201  197  193  188
  184  182  181  185  192  205  222  244  269  297  326  355  384  411  437  461
  482  501  517  527  531  528  515  494  463
    67.5-180.0 180.0   5.0 450.0                            LAT/LON1/LON2/DLON/H
  525  491  450  403  357  316  284  261  248  241  238  234  229  220  210  201
  196  195  199  209  221  234  245  252  256  255  251  243  234  223  213  203
  194  187  183  181  181  183  186  189  191  194  196  198  199  201  201  202
  203  204  205  209  216  225  239  256  276  298  320  343  366  389  413  436
  461  485  509  531  547  557  558  547  525
    65.0-180.0 180.0   5.0 450.0                            LAT/LON1/LON2/DLON/H
  567  542  506  461  413  368  330  302  282  270  259  247  231  212  193  176
  166  164  170  183  200  218  233  245  251  253  251  245  237  227  216  205
  194  183  175  169  165  164  164  165  168  171  176  182  189  197  206  215
  224  231  238  244  250  258  267  278  290  303  317  331  345  361  379  400
  424  452  481  510  538  560  575  577  567
    62.5-180.0 180.0   5.0 450.0                            LAT/LON1/LON2/DLON/H
  576  563  536  496  451  405  366  335  313  296  280  262  239  212  186  164
  151  148  155  169  188  206  221  231  236  237  236  232  226  218  209  197
  184  171  160  150  143  139  137  138  140  144  151  160  173  189  206  225
  243  259  272  283  291  297  303  308  312  316  319  322  327  335  346  363
  384  411  441  473  505  535  559  574  576
    60.0-180.0 180.0   5.0 450.0                            LAT/LON1/LON2/DLON/H
  549  548  532  502  463  421  383  353  330  313  297  276  249  219  190  166
  152  149  155  168  184  197  207  211  212  210  209  207  204  200  194  184
  171  158  144  133  124  118  115  115  116  120  128  139  155  176  201  229
  257  282  303  320  332  339  342  342  339  334  328  322  319  319  325  337
  355  377  403  430  460  489  516  537  549
    57.5-180.0 180.0   5.0 450.0                            LAT/LON1/LON2/DLON/H
  496  505  500  481  451  415  381  354  334  319  304  284  259  230  202  180
  167  164  169  177  186  192  192  189  184  179  177  178  180  181  178  172
  161  149  135  123  114  108  105  104  105  108  114  124  141  164  194  228
  264  299  328  352  369  378  381  378  370  359  345  333  324  320  323  333
  346  363  380  398  416  436  458  479  496
    55.0-180.0 180.0   5.0 450.0                            LAT/LON1/LON2/DLON/H
  435  450  455  447  426  398  369  345  329  317  304  287  265  241  217  200
  189  186  188  191  192  189  181  171  161  155  153  157  163  169  171  168
  160  149  136  126  117  112  109  108  108  109  112  119  133  156  187  225
  267  309  347  378  400  414  419  415  405  389  372  355  344  339  342  351
  363  375  383  387  390  394  403  418  435
    52.5-180.0 180.0   5.0 450.0                            LAT/LON1/LON2/DLON/H
  388  404  417  417  404  382  357  336  322  312  302  288  269  250  232  220
  212  208  206  202  197  188  176  163  152  146  146  152  161  169  174  173
  167  158  148  139  132  128  126  125  124  122  122  125  135  154  184  224
  270  317  361  399  427  446  455  453  443  426  406  388  377  373  379  390
  402  411  412  404  391  378  371  375  388
    50.0-180.0 180.0   5.0 450.0                            LAT/LON1/LON2/DLON/H
  370  385  401  407  399  379  356  336  323  313  303  289  273  257  244  235
  229  223  217  210  202  193  182  172  163  160  161  167  175  183  186  185
  180  172  164  158  153  151  150  149  147  144  140  139  144  160  188  228
  276  326  375  417  451  476  489  491  483  467  447  430  419  417  424  438
  452  461  460  446  423  395  374  365  370
    47.5-180.0 180.0   5.0 450.0                            LAT/LON1/LON2/DLON/H
  391  401  415  422  415  396  372  351  337  326  313  297  279  264  254  247
  240  232  223  215  210  205  202  198  195  194  195  198  201  203  202  199
  193  187  181  177  174  174  174  174  171  167  162  158  160  173  200  240
  288  340  391  436  474  503  522  529  524  510  492  475  464  463  470  485
  502  514  516  503  478  444  413  394  391
    45.0-180.0 180.0   5.0 450.0                            LAT/LON1/LON2/DLON/H
  445  448  457  460  450  428  401  378  363  350  334  314  291  274  263  255
  247  238  228  223  224  229  235  239  240  239  237  234  229  222  215  208
  201  196  192  191  191  193  194  194  192  188  183  179  181  193  220  260
  308  360  410  455  494  527  550  563  563  553  537  521  509  506  511  524
  542  558  567  563  544  515  481  456  445
    42.5-180.0 180.0   5.0 450.0                            LAT/LON1/LON2/DLON/H
  520  514  515  511  493  464  433  409  394  382  363  337  309  287  274  265
  256  246  239  240  250  264  277  285  287  283  276  264  249  234  221  210
  204  200  199  200  203  207  210  211  209  206  202  199  203  217  245  285
  333  382  428  471  509  543  571  590  596  591  578  564  552  545  545  553
  568  587  605  615  611  592  565  537  520
    40.0-180.0 180.0   5.0 450.0                            LAT/LON1/LON2/DLON/H
  600  586  576  560  532  493  457  432  421  412  393  363  330  303  288  279
  270  262  260  269  288  308  321  326  322  312  298  280  259  238  222  211
  206  204  205  209  214  220  224  225  224  222  219  218  223  240  269  310
  357  402  443  480  515  550  582  606  619  620  613  601  590  581  575  577
  587  606  632  656  669  666  648  622  600
    37.5-180.0 180.0   5.0 450.0                            LAT/LON1/LON2/DLON/H
  675  652  631  602  560  509  466  442  436  434  418  387  349  319  303  295
  290  287  293  310  333  352  358  350  336  320  302  283  261  242  228  220
  218  217  219  222  228  235  240  241  239  236  233  233  240  258  289  329
  373  413  448  478  510  545  580  610  630  638  638  633  625  617  608  603
  608  625  655  690  718  730  723  701  675
    35.0-180.0 180.0   5.0 450.0                            LAT/LON1/LON2/DLON/H
  743  714  682  640  581  516  463  438  438  444  434  403  363  332  317  313
  312  315  329  354  378  389  379  354  328  309  295  282  269  257  251  250
  250  249  247  247  250  256  259  259  255  250  245  244  250  268  298  337
  377  413  441  466  495  530  568  603  630  645  654  658  659  656  649  643
  643  658  687  726  763  786  788  770  743
    32.5-180.0 180.0   5.0 450.0                            LAT/LON1/LON2/DLON/H
  811  779  741  687  612  528  461  431  435  448  442  412  371  340  327  326
  329  339  359  389  411  409  381  341  308  293  292  295  297  298  303  309
  310  304  293  284  281  282  282  279  271  262  253  248  251  266  293  330
  367  399  424  446  473  509  551  590  622  645  662  678  691  700  702  700
  701  713  739  777  815  842  850  837  811
    30.0-180.0 180.0   5.0 450.0                            LAT/LON1/LON2/DLON/H
  892  864  825  762  670  566  480  440  442  456  452  420  377  346  334  334
  337  348  372  404  423  411  370  321  292  292  313  337  357  373  387  397
  395  379  354  330  315  308  302  294  282  267  254  244  242  253  276  309
  345  376  401  424  453  491  535  578  614  642  668  696  724  749  765  774
  781  794  816  847  881  907  918  911  892
    27.5-180.0 180.0   5.0 450.0                            LAT/LON1/LON2/DLON/H
  995  979  945  879  773  647  539  482  475  484  475  437  390  357  344  339
  336  341  363  395  413  398  355  313  301  326  373  419  452  476  495  505
  495  465  420  377  346  327  314  299  282  262  244  230  224  230  250  281
  317  350  380  408  442  483  529  573  611  643  676  714  757  799  832  856
  874  891  910  934  961  985 1000 1002  995
    25.0-180.0 180.0   5.0 450.0                            LAT/LON1/LON2/DLON/H
 1120 1123 1103 1039  924  778  648  571  548  545  524  477  424  387  367  352
  333  323  336  366  389  383  354  334  351  407  477  535  572  594  608  611
  591  543  479  416  367  334  311  290  268  245  225  208  200  203  221  252
  290  330  367  405  445  490  538  583  620  653  690  736  791  847  896  935
  965  989 1009 1028 1049 1072 1092 1109 1120
    22.5-180.0 180.0   5.0 450.0                            LAT/LON1/LON2/DLON/H
 1253 1279 1279 1225 1108  950  801  704  664  644  608  549  488  446  418  386
  343  309  307  335  367  381  382  397  450  533  615  669  692  699  700  692
  660  598  517  437  373  327  294  267  242  218  197  181  172  176  195  228
  271  319  368  416  465  514  563  607  642  675  713  764  825  889  948  997
 1038 1069 1093 1110 1129 1154 1184 1218 1253
    20.0-180.0 180.0   5.0 450.0                            LAT/LON1/LON2/DLON/H
 1366 1418 1441 1404 1294 1133  975  866  810  774  722  652  587  542  506  455
  383  320  298  322  368  410  449  504  588  685  760  792  785  764  746  726
  686  617  527  438  363  308  268  236  209  186  167  153  148  155  177  215
  265  323  383  442  498  551  600  643  677  708  746  797  859  924  984 1036
 1081 1117 1144 1164 1185 1215 1257 1309 1366
    17.5-180.0 180.0   5.0 450.0                            LAT/LON1/LON2/DLON/H
 1431 1504 1549 1534 1440 1291 1138 1028  965  918  855  778  713  672  633  565
  466  373  330  349  409  480  555  642  743  834  881  872  824  771  733  703
  662  595  509  421  345  286  242  208  180  158  141  130  129  142  170  214
  271  337  407  474  537  593  643  685  719  750  787  836  894  953 1005 1051
 1091 1127 1156 1179 1204 1240 1291 1356 1431
    15.0-180.0 180.0   5.0 450.0                            LAT/LON1/LON2/DLON/H
 1423 1507 1570 1578 1511 1387 1255 1158 1100 1050  983  907  850  820  786  711
  593  477  415  428  496  588  686  788  883  945  947  887  797  715  663  631
  596  542  471  395  326  270  226  192  164  142  126  117  120  139  174  223
  286  358  434  507  573  631  683  726  761  793  829  876  929  978 1017 1048
 1077 1106 1132 1156 1182 1220 1273 1342 1423
    12.5-180.0 180.0   5.0 450.0                            LAT/LON1/LON2/DLON/H
 1335 1417 1490 1521 1487 1400 1303 1232 1189 1146 1082 1014  973  962  943  873
  750  622  549  554  622  718  819  910  976  991  938  831  709  611  554  528
  506  473  425  370  316  269  229  196  168  144  124  114  119  142  183  238
  304  378  456  531  598  659  713  759  797  831  868  913  961 1000 1025 1040
 1053 1069 1087 1106 1130 1162 1207 1264 1335
    10.0-180.0 180.0   5.0 450.0                            LAT/LON1/LON2/DLON/H
 1186 1252 1325 1374 1374 1330 1275 1239 1219 1187 1132 1077 1054 1066 1070 1019
  908  785  710  708  765  847  925  982 1000  959  857  718  583  487  439  423
  418  406  384  354  320  285  252  220  190  161  135  120  123  149  194  252
  319  393  469  542  610  672  730  781  824  861  899  943  987 1021 1037 1038
 1035 1035 1042 1051 1065 1084 1108 1140 1186
     7.5-180.0 180.0   5.0 450.0                            LAT/LON1/LON2/DLON/H
 1013 1051 1114 1175 1206 1203 1190 1188 1190 1172 1126 1081 1074 1106 1136 1113
 1031  929  863  856  893  943  980  987  948  857  723  577  455  379  349  346
  353  358  357  350  335  313  287  258  224  187  152  129  128  154  201  261
  328  398  470  540  607  672  734  791  838  878  916  960 1005 1039 1053 1048
 1035 1024 1017 1014 1014 1013 1008 1003 1013
     5.0-180.0 180.0   5.0 450.0                            LAT/LON1/LON2/DLON/H
  865  870  916  980 1032 1060 1080 1105 1123 1112 1069 1027 1025 1070 1120 1129
 1084 1018  971  961  973  983  970  923  836  713  573  448  362  320  310  314
  323  334  347  355  354  342  323  295  258  212  167  135  130  155  203  264
  329  396  463  529  595  661  728  790  841  881  920  964 1012 1052 1073 1072
 1059 1041 1025 1011  997  975  940  897  865
     2.5-180.0 180.0   5.0 450.0                            LAT/LON1/LON2/DLON/H
  789  761  786  845  905  950  987 1023 1045 1032  983  932  921  961 1019 1054
 1050 1024 1004  995  984  955  897  809  693  564  447  366  330  325  329  329
  327  332  345  359  366  361  345  318  278  226  172  134  126  150  199  261
  325  388  450  513  577  646  716  781  833  873  909  952 1004 1054 1090 1104
 1100 1085 1065 1046 1023  988  931  856  789
