ionex_data/COD0OPSFIN_20230300000_01D_01H_GIM.INX
     1.0            IONOSPHERE MAPS     GNSS                IONEX VERSION / TYPE
ADDNEQ2 V5.5        AIUB                03-FEB-23 21:11     PGM / RUN BY / DATE 
CODE'S GLOBAL IONOSPHERE MAPS FOR DAY 030, 2023             COMMENT             
Global ionosphere maps (GIM) are generated on a daily basis DESCRIPTION         
at CODE using data from about 300 GNSS sites of the IGS and DESCRIPTION         
other institutions. The vertical total electron content     DESCRIPTION         
(VTEC) is modeled in a solar-geomagnetic reference frame    DESCRIPTION         
using a spherical harmonics expansion up to degree and      DESCRIPTION         
order 15. Piece-wise linear functions are used for          DESCRIPTION         
representation in the time domain. The time spacing of      DESCRIPTION         
their vertices is 1 hour, conforming with the epochs of the DESCRIPTION         
VTEC maps.                                                  DESCRIPTION         
To convert line-of-sight TEC into vertical TEC, a modified  DESCRIPTION         
single-layer model mapping function approximating the JPL   DESCRIPTION         
extended slab model mapping function is adopted. The        DESCRIPTION         
mapping function is evaluated at geodetic satellite         DESCRIPTION         
elevation angles. For the computation of the ionospheric    DESCRIPTION         
pierce points, a spherical layer with a radius of 6821 km   DESCRIPTION         
is assumed, implying geocentric, not geodetic IONEX         DESCRIPTION         
latitudes.                                                  DESCRIPTION         
Instrumental biases with respect to each involved GNSS code DESCRIPTION         
observable are estimated as constant values for each        DESCRIPTION         
day. They are modeled with one set of bias parameters for   DESCRIPTION         
each satellite and each station in case of GPS and for each DESCRIPTION         
satellite-station link in case of GLONASS. The code bias    DESCRIPTION         
datum is defined by zero-mean conditions imposed on the     DESCRIPTION         
satellite bias estimates. In this file, just GPS C1W-C2W    DESCRIPTION         
satellite and station bias values are included. The         DESCRIPTION         
complete set of GNSS code bias results is provided in an    DESCRIPTION         
additional Bias-SINEX file as pseudo-absolute values        DESCRIPTION         
specific to each observable.                                DESCRIPTION         
Note: These GIM results correspond to the results for the   DESCRIPTION         
middle day of a 3-day combination analysis solving for 73   DESCRIPTION         
times 256, or 18688 VTEC parameters and 3 daily sets of     DESCRIPTION         
GNSS code bias parameters.                                  DESCRIPTION         
Contact address: code(at)aiub.unibe.ch                      DESCRIPTION         
Data archive:    ftp.aiub.unibe.ch/CODE/                    DESCRIPTION         
                 www.aiub.unibe.ch/download/CODE/           DESCRIPTION         
  2023     1    30     0     0     0                        EPOCH OF FIRST MAP  
  2023     1    31     0     0     0                        EPOCH OF LAST MAP   
  3600                                                      INTERVAL            
[...]
brst brux bshm cags cas1 ccj2 cedu chpg chpi chti chur ckis COMMENT             
cnmr coco cord cpvg cpxf crar cro1 daej darw dav1 dgar dhlg COMMENT             
drao dubo ebre faa1 fair flrs frdn ftna func ganp glps gode COMMENT             
godz gol2 gold gope gras graz guam guug harb hers hert hlfx COMMENT             
hob2 hofn holb hrao hyde iddr ieng iisc ineg invk iqal irkj COMMENT             
isba jog2 joz2 joze karr kerg kir0 kiri kiru kit3 kokb kokv COMMENT             
koug kour krgg laut lmmf lpal lpgs m0se mac1 madr mal2 mana COMMENT             
mas1 mat1 mate maw1 mcm4 mdo1 mdvj medi mets mgue mizu mkea COMMENT             
mnls mobs monp morp mqzg mro1 mtka nano nico nist nium nklg COMMENT             
nlib nnor not1 nrc1 nrmd ntus nya1 nyal ohi2 onsa opmt ous2 COMMENT             
pado parc park pdel penc pert pie1 pimo pohn pol2 polv pots COMMENT             
pove prds ptbb ptvl qaq1 quin ramo reun reyk rgdg rio2 riop COMMENT             
roth salu samo sant savo sch2 scor scrz sctb scub seyg sofi COMMENT             
spt0 ssia sthl stjo stk2 str2 suth sutm suwn sydn syog tabl COMMENT             
tabv tash thtg thti thu2 tid1 tidb tlse tn22 tong tow2 tro1 COMMENT             
tsea tskb twtf txes uclu ufpr ulab unb3 unbj unsa urum usn7 COMMENT             
usud vald vill voim vtsp wab1 wab2 wark wes2 wgtn whit will COMMENT             
wind wsrt wtza wtzl wtzr wtzs wtzz wuhn xmis yar2 yar3 yarr COMMENT             
yell ykro zamb zeck zim2 zim3 zimm                          COMMENT             
                                                            END OF HEADER       
[from data line 429]
     2                                                      START OF TEC MAP    
  2023     1    30     1     0     0                        EPOCH OF CURRENT MAP
    87.5-180.0 180.0   5.0 450.0                            LAT/LON1/LON2/DLON/H
   93   93   92   92   92   91   91   90   89   89   88   87   87   86   85   84
   84   83   82   81   81   80   79   79   78   77   77   76   76   75   75   75
   74   74   74   74   74   74   74   74   74   74   74   75   75   75   76   76
   77   78   78   79   80   81   81   82   83   84   85   86   87   88   89   89
   90   91   91   92   92   92   93   93   93
    85.0-180.0 180.0   5.0 450.0                            LAT/LON1/LON2/DLON/H
  108  108  107  106  105  104  102  101   99   98   96   95   93   91   90   88
   87   85   84   83   81   80   79   78   77   76   75   74   73   72   71   71
   70   69   69   68   68   68   68   68   68   68   69   69   69   70   71   71
   72   73   74   75   77   78   80   82   84   86   89   91   94   96   98  100
  102  104  106  107  108  108  109  109  108
    82.5-180.0 180.0   5.0 450.0                            LAT/LON1/LON2/DLON/H
  129  128  126  124  122  119  117  114  112  109  106  103  101   98   95   92
   90   88   86   84   83   81   80   79   78   76   75   74   72   71   70   68
   67   66   65   64   64   64   64   63   64   64   64   64   65   65   65   66
   66   67   68   70   71   73   76   79   82   86   91   95  100  105  110  114
  118  122  125  127  129  130  130  130  129
    80.0-180.0 180.0   5.0 450.0                            LAT/LON1/LON2/DLON/H
  154  152  148  145  141  138  134  130  127  123  118  114  109  104  100   95
   92   88   86   84   82   81   81   80   79   78   77   75   73   71   69   67
   65   64   62   61   61   60   60   60   60   60   60   60   60   60   60   60
   60   60   60   61   62   64   67   71   76   82   89   97  105  113  122  130
  137  144  149  154  156  158  158  156  154
    77.5-180.0 180.0   5.0 450.0                            LAT/LON1/LON2/DLON/H
  183  178  172  167  162  157  153  148  144  139  133  126  119  111  103   96
   90   85   81   80   79   79   80   81   81   81   79   78   75   72   69   67
   64   62   60   59   58   57   57   57   57   57   57   57   57   56   55   54
   52   51   50   50   50   52   55   60   67   75   84   96  108  120  133  146
  158  168  177  183  188  189  189  186  183
    75.0-180.0 180.0   5.0 450.0                            LAT/LON1/LON2/DLON/H
  210  203  195  187  181  175  171  166  162  156  149  140  128  116  104   92
   83   76   72   71   72   74   77   80   82   82   81   79   76   72   69   65
   62   59   57   56   55   54   54   54   54   54   54   54   53   52   50   48
   45   42   40   38   37   38   41   47   55   65   77   92  108  126  144  161
  178  192  205  214  220  222  221  217  210
    72.5-180.0 180.0   5.0 450.0                            LAT/LON1/LON2/DLON/H
  235  224  213  203  195  189  185  182  179  174  166  154  138  121  103   86
   72   63   59   59   62   67   73   78   81   82   81   78   75   70   66   62
   59   56   54   52   51   51   50   50   50   51   51   51   50   48   46   43
   39   35   31   28   26   26   29   35   44   56   71   88  108  129  151  173
  194  213  228  240  248  251  249  244  235
    70.0-180.0 180.0   5.0 450.0                            LAT/LON1/LON2/DLON/H
  253  240  226  213  203  197  195  194  193  190  182  168  148  125  101   79
   61   50   45   47   52   61   69   75   79   80   78   74   69   64   60   56
   53   51   49   48   47   46   45   45   45   46   46   46   46   45   42   39
   35   30   25   21   18   18   20   26   36   49   66   86  108  131  156  180
  204  226  244  259  268  272  271  264  253
    67.5-180.0 180.0   5.0 450.0                            LAT/LON1/LON2/DLON/H
  264  249  233  218  206  199  198  200  202  202  195  181  158  131  102   75
   53   40   36   39   47   57   66   72   75   74   71   66   60   55   51   48
   47   45   44   43   42   40   39   39   39   40   40   41   41   41   40   37
   33   28   23   18   14   14   17   23   34   48   66   87  109  133  158  183
  207  230  250  265  276  282  282  275  264
    65.0-180.0 180.0   5.0 450.0                            LAT/LON1/LON2/DLON/H
  269  254  237  220  206  198  196  200  206  208  204  191  168  138  106   76
   53   39   35   39   47   57   65   69   69   66   60   54   48   44   41   40
   40   39   39   38   36   35   33   32   32   33   34   36   37   38   37   36
   33   28   23   18   15   14   18   25   37   53   71   92  114  137  159  182
  204  225  244  260  272  279  282  278  269
    62.5-180.0 180.0   5.0 450.0                            LAT/LON1/LON2/DLON/H
  269  259  242  224  207  196  193  197  204  210  209  198  176  146  114   85
   62   49   45   48   55   62   66   66   63   56   49   42   36   33   33   33
   34   35   35   34   32   30   28   27   27   28   30   31   33   35   36   35
   33   30   25   21   18   18   22   31   44   61   81  101  121  141  161  179
  197  214  230  244  256  266  273  274  269
    60.0-180.0 180.0   5.0 450.0                            LAT/LON1/LON2/DLON/H
  270  266  254  236  216  200  192  193  200  206  208  200  181  155  126  100
   80   68   64   65   67   69   67   63   55   47   38   32   28   27   28   30
   33   34   34   33   31   29   27   26   26   26   28   29   31   33   35   35
   34   32   29   25   22   22   27   38   53   72   92  113  131  148  163  177
  190  201  213  224  235  247  258  267  270
    57.5-180.0 180.0   5.0 450.0                            LAT/LON1/LON2/DLON/H
  274  279  273  257  235  213  199  193  196  201  204  198  184  164  140  119
  103   92   87   83   80   75   68   58   49   40   33   29   27   28   30   33
   35   36   36   35   33   32   30   30   29   29   30   31   32   33   34   35
   36   35   32   29   26   27   33   45   62   83  105  126  143  157  168  177
  185  191  197  204  213  226  243  260  274
    55.0-180.0 180.0   5.0 450.0                            LAT/LON1/LON2/DLON/H
  280  296  299  287  263  236  214  201  197  198  199  195  185  170  153  138
  125  116  108   99   89   78   66   55   45   39   35   33   34   36   38   40
   41   41   41   40   40   39   39   39   39   38   37   37   36   36   36   37
   38   38   36   33   31   31   38   51   71   94  118  139  156  168  176  181
  185  187  189  192  198  210  230  256  280
    52.5-180.0 180.0   5.0 450.0                            LAT/LON1/LON2/DLON/H
  288  314  326  319  296  266  237  216  204  199  196  191  184  174  163  152
  143  133  121  108   93   77   63   53   47   45   45   47   48   49   49   49
   48   47   47   48   50   51   53   53   53   51   49   47   44   42   41   41
   43   43   42   40   37   37   44   58   80  105  131  153  169  179  185  189
  191  191  190  189  192  203  224  254  288
    50.0-180.0 180.0   5.0 450.0                            LAT/LON1/LON2/DLON/H
  292  326  345  345  325  295  263  236  218  206  198  191  184  176  169  161
  152  140  126  109   91   74   62   55   54   58   62   65   66   64   61   57
   55   53   54   57   61   65   68   70   69   67   64   61   56   52   49   49
   50   52   51   49   46   45   52   67   90  117  144  166  181  191  196  199
  201  202  201  198  197  204  224  255  292
    47.5-180.0 180.0   5.0 450.0                            LAT/LON1/LON2/DLON/H
  290  325  349  354  341  315  285  257  235  218  206  195  187  180  173  164
  153  139  123  105   87   73   65   64   68   75   82   84   82   76   69   63
   58   57   59   65   73   79   84   85   85   83   80   76   71   65   61   60
   61   63   63   61   58   57   63   78  102  130  158  180  194  202  206  210
  214  217  217  215  212  214  228  254  290
    45.0-180.0 180.0   5.0 450.0                            LAT/LON1/LON2/DLON/H
  279  309  331  341  335  317  295  273  252  234  218  206  196  187  177  165
  150  134  117  102   88   79   75   78   85   94   99   98   91   82   71   63
   59   58   63   72   82   91   96   98   97   96   94   91   86   80   75   73
   74   76   77   75   72   71   77   93  116  145  172  193  207  213  217  220
  225  231  235  235  232  230  235  252  279
    42.5-180.0 180.0   5.0 450.0                            LAT/LON1/LON2/DLON/H
  261  279  296  306  307  301  291  279  264  248  233  220  209  199  185  168
  148  130  116  106   99   94   93   96  102  107  108  103   92   80   69   61
   58   60   67   78   89   99  104  105  104  104  105  104  101   95   89   87
   87   89   90   89   86   86   93  108  132  160  186  206  219  224  226  229
  234  243  252  256  254  249  245  249  261
    40.0-180.0 180.0   5.0 450.0                            LAT/LON1/LON2/DLON/H
  244  246  251  258  265  270  274  273  268  257  245  235  226  214  198  175
  152  134  125  121  120  118  115  113  113  112  108   98   86   74   66   62
   62   66   73   84   95  103  107  107  106  108  111  113  112  108  102   98
   98   99  100   99   97   99  107  123  147  173  198  217  229  234  235  237
  242  252  264  274  276  270  259  249  244
    37.5-180.0 180.0   5.0 450.0                            LAT/LON1/LON2/DLON/H
  238  223  215  216  224  238  252  262  264  260  253  247  242  233  214  189
  164  148  144  147  149  145  134  123  114  107   98   88   78   71   69   71
   75   79   85   93  101  107  108  107  106  108  114  119  120  116  109  105
  103  104  104  103  103  106  117  135  158  183  206  225  238  244  246  247
  250  259  274  289  298  295  280  258  238
    35.0-180.0 180.0   5.0 450.0                            LAT/LON1/LON2/DLON/H
  254  226  207  200  205  221  240  254  260  258  254  255  256  250  233  206
  182  169  170  177  178  167  145  123  106   94   86   80   76   78   86   95
  101  103  105  107  110  112  110  107  105  109  115  121  123  118  111  105
  103  102  101  100  101  107  121  141  165  188  210  229  244  255  260  261
  262  270  285  305  322  325  312  286  254
    32.5-180.0 180.0   5.0 450.0                            LAT/LON1/LON2/DLON/H
  303  269  242  228  228  239  254  263  263  258  254  258  265  264  249  224
  201  192  197  203  198  176  143  111   91   82   80   82   90  103  120  135
  141  140  133  127  124  120  116  111  108  111  117  121  121  116  107  100
   96   94   91   90   92  102  120  143  167  189  209  229  249  266  278  282
  283  288  303  327  351  364  359  336  303
    30.0-180.0 180.0   5.0 450.0                            LAT/LON1/LON2/DLON/H
  384  355  328  310  303  304  306  302  287  270  260  262  270  273  261  238
  218  210  214  216  201  168  127   94   78   79   89  104  123  147  172  189
  194  184  168  153  142  134  127  120  116  116  119  121  117  109  100   91
   86   82   78   76   80   94  116  142  167  187  207  228  254  280  301  312
  315  318  331  357  389  413  420  408  384
    27.5-180.0 180.0   5.0 450.0                            LAT/LON1/LON2/DLON/H
  491  477  459  443  430  418  402  376  340  303  279  273  278  279  268  247
  227  218  217  210  186  146  105   80   80   97  122  148  176  206  234  251
  250  232  206  182  164  152  143  135  130  126  124  120  112  101   91   82
   75   69   63   61   67   85  112  142  168  188  207  231  262  298  330  350
  357  360  373  399  436  470  492  498  491
    25.0-180.0 180.0   5.0 450.0                            LAT/LON1/LON2/DLON/H
  610  617  616  608  592  569  535  486  425  365  321  300  294  289  274  250
  229  216  206  189  158  118   88   83  105  142  180  213  242  272  297  308
  300  273  239  209  187  172  162  154  146  138  129  119  107   94   83   74
   67   59   52   49   57   80  112  147  175  195  214  239  276  321  364  393
  407  413  424  450  489  532  567  593  610
    22.5-180.0 180.0   5.0 450.0                            LAT/LON1/LON2/DLON/H
  718  751  771  775  762  734  687  620  538  456  390  349  326  307  283  255
  228  207  187  162  130  101   93  115  162  215  258  287  309  329  346  350
  334  301  264  231  207  192  181  172  162  150  135  119  103   90   79   70
   63   54   46   44   54   81  118  157  188  210  230  257  297  349  400  439
  460  469  481  506  544  589  635  678  718
    20.0-180.0 180.0   5.0 450.0                            LAT/LON1/LON2/DLON/H
  796  850  891  910  906  880  831  757  664  567  483  421  377  341  304  267
  232  202  174  144  118  110  131  182  249  308  343  356  361  367  372  367
  346  311  275  244  222  207  196  187  175  158  138  118  101   88   78   71
   63   54   45   44   57   88  130  174  208  232  254  283  325  380  436  482
  509  523  536  558  592  635  684  738  796
    17.5-180.0 180.0   5.0 450.0                            LAT/LON1/LON2/DLON/H
  829  896  951  983  991  977  938  873  783  684  589  510  446  391  341  294
  251  213  178  150  139  156  207  282  357  406  419  406  387  375  368  356
  333  303  272  248  230  216  205  195  181  162  139  116   99   88   81   74
   66   57   49   49   65  100  147  194  232  260  284  315  358  413  470  517
  548  566  580  599  628  663  708  763  829
    15.0-180.0 180.0   5.0 450.0                            LAT/LON1/LON2/DLON/H
  814  880  938  978  999 1003  986  943  873  785  692  605  526  456  394  339
  291  247  211  191  199  242  317  401  466  489  468  423  380  352  337  323
  302  279  259  244  231  218  207  196  181  160  135  113   98   89   84   78
   70   60   53   56   76  115  165  215  256  287  315  348  391  444  497  543
  574  593  608  625  646  672  705  752  814
    12.5-180.0 180.0   5.0 450.0                            LAT/LON1/LON2/DLON/H
  757  810  858  897  927  951  964  954  916  853  774  689  606  528  460  401
  351  307  275  267  294  358  443  520  557  541  480  404  342  306  289  277
  262  249  241  235  227  215  202  190  175  154  130  109   96   91   87   81
   72   62   57   63   87  129  181  232  275  309  340  375  419  468  516  556
  584  603  619  634  648  662  681  711  757
    10.0-180.0 180.0   5.0 450.0                            LAT/LON1/LON2/DLON/H
  677  706  733  761  793  834  876  904  903  873  818  748  670  594  528  473
  426  388  364  369  412  484  563  613  610  548  451  354  285  251  239  232
  225  221  223  225  220  208  193  180  166  146  123  105   95   91   88   81
   71   62   60   69   96  140  194  245  287  322  355  393  436  482  524  557
  581  597  612  627  637  642  645  656  677
     7.5-180.0 180.0   5.0 450.0                            LAT/LON1/LON2/DLON/H
  599  597  597  605  631  682  746  804  839  844  818  770  708  643  587  542
  505  476  462  478  528  595  651  661  611  510  389  287  226  205  204  204
  202  204  212  218  213  199  183  170  157  139  119  102   94   91   87   79
   68   61   61   74  103  149  202  252  292  325  358  397  441  484  521  548
  566  580  595  609  618  618  611  603  599
     5.0-180.0 180.0   5.0 450.0                            LAT/LON1/LON2/DLON/H
  545  516  486  469  482  531  605  682  742  775  778  754  714  668  628  598
  574  555  552  573  618  667  687  653  562  435  311  222  184  183  194  200
  199  201  208  214  207  191  174  162  151  136  118  103   96   92   86   77
   66   60   63   79  110  156  208  254  290  319  351  390  433  475  509  532
  546  557  571  587  599  600  590  570  545
     2.5-180.0 180.0   5.0 450.0                            LAT/LON1/LON2/DLON/H
  531  483  429  390  385  421  489  568  637  686  710  710  691  666  645  631
  621  613  615  634  665  685  666  592  475  344  237  180  173  195  216  222
  216  211  213  213  203  184  167  157  150  138  122  108  100   96   88   77
   67   63   68   85  117  162  212  255  285  309  336  373  416  458  490  511
  523  534  548  567  585  593  587  567  531
