ionex_data/COD0OPSFIN_20230340000_01D_01H_GIM.INX
     1.0            IONOSPHERE MAPS     GNSS                IONEX VERSION / TYPE
ADDNEQ2 V5.5        AIUB                07-FEB-23 21:22     PGM / RUN BY / DATE 
CODE'S GLOBAL IONOSPHERE MAPS FOR DAY 034, 2023             COMMENT             
Global ionosphere maps (GIM) are generated on a daily basis DESCRIPTION         
at CODE using data from about 300 GNSS sites of the IGS and DESCRIPTION         
other institutions. The vertical total electron content     DESCRIPTION         
(VTEC) is modeled in a solar-geomagnetic reference frame    DESCRIPTION         
using a spherical harmonics expansion up to degree and      DESCRIPTION         
order 15. Piece-wise linear functions are used for          DESCRIPTION         
representation in the time domain. The time spacing of      DESCRIPTION         
their vertices is 1 hour, conforming with the epochs of the DESCRIPTION         
VTEC maps.                                                  DESCRIPTION         
To convert line-of-sight TEC into vertical TEC, a modified  DESCRIPTION         
single-layer model mapping function approximating the JPL   DESCRIPTION         
extended slab model mapping function is adopted. The        DESCRIPTION         
mapping function is evaluated at geodetic satellite         DESCRIPTION         
elevation angles. For the computation of the ionospheric    DESCRIPTION         
pierce points, a spherical layer with a radius of 6821 km   DESCRIPTION         
is assumed, implying geocentric, not geodetic IONEX         DESCRIPTION         
latitudes.                                                  DESCRIPTION         
Instrumental biases with respect to each involved GNSS code DESCRIPTION         
observable are estimated as constant values for each        DESCRIPTION         
day. They are modeled with one set of bias parameters for   DESCRIPTION         
each satellite and each station in case of GPS and for each DESCRIPTION         
satellite-station link in case of GLONASS. The code bias    DESCRIPTION         
datum is defined by zero-mean conditions imposed on the     DESCRIPTION         
satellite bias estimates. In this file, just GPS C1W-C2W    DESCRIPTION         
satellite and station bias values are included. The         DESCRIPTION         
complete set of GNSS code bias results is provided in an    DESCRIPTION         
additional Bias-SINEX file as pseudo-absolute values        DESCRIPTION         
specific to each observable.                                DESCRIPTION         
Note: These GIM results correspond to the results for the   DESCRIPTION         
middle day of a 3-day combination analysis solving for 73   DESCRIPTION         
times 256, or 18688 VTEC parameters and 3 daily sets of     DESCRIPTION         
GNSS code bias parameters.                                  DESCRIPTION         
Contact address: code(at)aiub.unibe.ch                      DESCRIPTION         
Data archive:    ftp.aiub.unibe.ch/CODE/                    DESCRIPTION         
                 www.aiub.unibe.ch/download/CODE/           DESCRIPTION         
  2023     2     3     0     0     0                        EPOCH OF FIRST MAP  
  2023     2     4     0     0     0                        EPOCH OF LAST MAP   
  3600                                                      INTERVAL            
[...]
bshm cags cas1 cedu chpg chpi chti chur ckis coco cord cpvg COMMENT             
cpxf crar cro1 daej darw dav1 dgar dhlg drao dubo ebre faa1 COMMENT             
fair flrs frdn ftna func ganp glps gode godz gol2 gold gope COMMENT             
gras graz guam guug harb hers hert hlfx hob2 hofn holb hrao COMMENT             
hyde iddr ieng iisc ineg invk iqal isba jog2 joz2 joze karr COMMENT             
kerg kir0 kiri kiru kit3 kokb kokv koug kour krgg laut lmmf COMMENT             
lpal lpgs m0se mac1 madr mal2 mana mas1 mat1 mate maw1 mcm4 COMMENT             
mdo1 mdvj medi mets mgue mizu mkea mnls mobs monp morp mqzg COMMENT             
mro1 mtka nano nico nist nium nklg nlib nnor not1 nrc1 nrmd COMMENT             
ntus nya1 nyal ohi2 onsa opmt ous2 pado park pdel penc pert COMMENT             
pie1 pimo pohn pol2 polv pots pove prds ptbb ptvl qaq1 quin COMMENT             
ramo reun reyk rgdg rio2 riop roth salu samo sant savo sch2 COMMENT             
scor scrz sctb scub seyg smst sofi spt0 ssia sthl stjo str2 COMMENT             
suth sutm suwn sydn syog tabl tabv tash thtg thti thu2 tid1 COMMENT             
tidb tlse tn22 tong tow2 tro1 tsea tskb twtf txes uclu ufpr COMMENT             
ulab unb3 unbj unsa urum usn7 usud vald vill voim vtsp wab1 COMMENT             
wab2 wark wes2 wgtn whit will wind wsrt wtza wtzl wtzr wtzs COMMENT             
wtzz wuhn xmis yar2 yar3 yarr yell ykro zamb zeck zim2 zim3 COMMENT             
zimm                                                        COMMENT             
                                                            END OF HEADER       
[from data line 3432]
     9                                                      START OF TEC MAP    
  2023     2     3     8     0     0                        EPOCH OF CURRENT MAP
    87.5-180.0 180.0   5.0 450.0                            LAT/LON1/LON2/DLON/H
   34   33   33   33   33   33   33   33   33   34   34   35   36   36   37   38
   39   39   40   41   42   43   43   44   45   46   46   47   48   48   49   49
   50   50   51   51   51   52   52   52   52   52   52   53   53   53   52   52
   52   52   51   51   51   50   49   49   48   47   46   45   44   43   42   41
   40   39   38   37   36   36   35   34   34
    85.0-180.0 180.0   5.0 450.0                            LAT/LON1/LON2/DLON/H
   30   29   28   28   27   28   28   28   29   30   31   33   34   36   37   39
   40   42   43   45   46   47   49   50   51   52   54   55   56   57   57   58
   59   60   61   61   62   63   63   64   65   65   66   67   67   68   68   68
   69   69   69   69   69   68   67   67   65   64   62   61   59   56   54   51
   49   46   43   41   38   36   34   32   30
    82.5-180.0 180.0   5.0 450.0                            LAT/LON1/LON2/DLON/H
   32   30   28   27   26   26   27   27   29   30   32   34   36   38   40   42
   44   45   47   49   51   52   54   55   57   58   59   61   62   63   64   66
   67   68   69   70   72   73   74   76   77   79   80   82   84   86   87   89
   91   92   93   94   95   95   95   95   94   92   90   88   85   81   77   73
   68   63   58   53   48   43   39   36   32
    80.0-180.0 180.0   5.0 450.0                            LAT/LON1/LON2/DLON/H
   39   35   32   30   28   28   28   29   31   33   35   37   39   41   43   45
   47   49   50   52   54   56   57   59   60   62   63   64   66   67   68   70
   71   73   74   76   78   80   83   86   88   92   95   99  102  106  110  114
  117  120  123  126  128  129  130  131  131  130  128  125  121  116  110  104
   96   89   81   73   65   57   51   45   39
    77.5-180.0 180.0   5.0 450.0                            LAT/LON1/LON2/DLON/H
   50   44   39   35   33   32   32   33   34   36   38   40   42   44   46   48
   49   51   52   54   56   58   59   61   62   64   65   66   67   68   69   70
   72   73   75   78   81   84   88   93   98  103  109  116  122  128  135  140
  146  151  156  160  163  166  168  170  170  170  168  165  161  155  148  139
  130  119  108   97   86   76   66   58   50
    75.0-180.0 180.0   5.0 450.0                            LAT/LON1/LON2/DLON/H
   63   55   48   43   40   38   37   38   39   40   42   44   45   47   48   49
   50   52   54   56   58   60   62   63   65   66   66   67   67   67   67   68
   69   71   73   76   80   85   91   97  105  114  123  132  142  151  160  168
  176  182  187  192  196  199  202  204  205  206  205  203  198  192  183  173
  161  148  134  121  108   95   83   72   63
    72.5-180.0 180.0   5.0 450.0                            LAT/LON1/LON2/DLON/H
   75   66   57   51   46   43   42   42   43   44   46   47   47   48   49   50
   51   53   55   58   60   63   66   68   69   70   69   69   67   66   65   64
   64   65   67   71   76   83   91  100  111  123  136  149  162  174  186  196
  204  210  215  219  222  224  226  229  230  231  231  229  225  219  209  198
  184  169  154  139  124  110   98   86   75
    70.0-180.0 180.0   5.0 450.0                            LAT/LON1/LON2/DLON/H
   85   75   65   58   52   48   46   45   46   47   48   48   49   49   49   50
   51   53   57   60   64   68   72   74   75   75   74   72   68   65   62   59
   58   58   61   65   72   80   91  103  117  133  149  166  182  197  210  221
  229  234  237  239  239  239  239  240  242  243  244  243  239  233  223  210
  195  179  163  147  133  119  107   96   85
    67.5-180.0 180.0   5.0 450.0                            LAT/LON1/LON2/DLON/H
   91   81   71   62   55   50   47   47   47   49   49   49   49   48   48   49
   51   54   58   63   68   73   77   80   82   81   79   75   70   64   59   54
   52   52   54   60   68   79   92  107  124  143  163  182  201  218  232  243
  250  253  253  251  247  244  241  240  241  242  243  243  241  234  224  210
  194  177  160  145  131  120  110  101   91
    65.0-180.0 180.0   5.0 450.0                            LAT/LON1/LON2/DLON/H
   93   84   73   63   55   49   46   46   47   49   50   50   49   48   48   49
   51   55   59   65   70   76   81   84   86   86   83   78   71   63   55   50
   46   46   49   56   67   80   96  114  134  155  177  198  218  236  250  260
  265  266  262  256  249  242  236  233  232  233  235  236  234  228  218  203
  184  165  148  133  122  113  107  101   93
    62.5-180.0 180.0   5.0 450.0                            LAT/LON1/LON2/DLON/H
   92   84   74   63   53   47   44   44   46   48   49   49   48   47   46   48
   50   54   59   64   69   74   79   83   85   85   83   77   69   60   52   45
   42   42   47   57   70   86  104  125  146  169  191  213  233  250  263  272
  275  274  268  259  249  239  231  225  223  224  226  228  227  221  210  193
  173  151  132  117  107  102   99   97   92
    60.0-180.0 180.0   5.0 450.0                            LAT/LON1/LON2/DLON/H
   89   83   73   62   51   44   41   42   44   46   47   47   46   45   45   46
   49   53   56   60   64   68   72   76   79   80   78   73   65   57   48   42
   39   41   49   61   77   96  117  139  161  183  205  225  244  259  271  279
  281  279  272  263  251  240  230  223  220  219  221  224  223  219  207  189
  166  141  118  102   92   89   90   91   89
    57.5-180.0 180.0   5.0 450.0                            LAT/LON1/LON2/DLON/H
   87   82   73   62   51   44   41   41   43   45   46   45   44   43   43   45
   48   50   52   54   55   58   61   65   69   70   70   66   59   52   44   40
   39   44   54   69   88  110  133  155  177  198  217  235  251  264  275  282
  284  283  277  269  259  248  238  230  225  224  224  226  227  223  212  193
  167  139  112   93   82   79   82   86   87
    55.0-180.0 180.0   5.0 450.0                            LAT/LON1/LON2/DLON/H
   86   84   76   66   55   48   44   43   44   44   44   43   41   41   42   44
   46   48   48   47   46   47   49   53   57   59   59   57   52   46   41   39
   41   49   62   80  102  126  150  173  193  211  227  241  254  265  275  282
  285  286  283  278  271  263  255  246  240  235  234  234  235  232  222  204
  177  146  116   92   78   74   78   83   86
    52.5-180.0 180.0   5.0 450.0                            LAT/LON1/LON2/DLON/H
   88   87   82   73   64   57   52   49   48   46   45   42   40   40   41   43
   45   46   45   42   40   39   40   44   47   50   51   49   46   43   40   41
   45   56   72   94  118  143  167  189  207  222  234  245  255  264  273  281
  286  289  290  289  287  282  275  267  258  250  245  242  241  239  232  216
  191  159  126   99   81   75   77   83   88
    50.0-180.0 180.0   5.0 450.0                            LAT/LON1/LON2/DLON/H
   91   92   90   84   78   71   65   60   56   52   48   44   41   40   42   44
   46   46   44   41   38   38   39   42   45   47   46   45   43   41   41   44
   52   65   84  108  134  159  183  203  219  231  239  247  254  263  272  281
  288  293  297  300  301  300  296  287  275  263  252  245  241  239  234  223
  202  172  139  109   88   79   80   85   91
    47.5-180.0 180.0   5.0 450.0                            LAT/LON1/LON2/DLON/H
   93   97   98   97   93   88   82   74   67   60   54   49   45   44   45   47
   49   49   48   46   45   45   47   49   51   50   48   45   42   42   44   49
   60   75   97  122  149  174  197  215  228  237  243  248  254  263  273  283
  291  297  302  307  312  314  311  302  287  270  253  239  231  227  225  218
  204  180  149  119   97   85   83   87   93
    45.0-180.0 180.0   5.0 450.0                            LAT/LON1/LON2/DLON/H
   93   98  103  106  107  105   99   90   80   71   64   58   54   51   51   53
   54   55   56   56   57   60   63   65   64   60   54   48   45   45   48   56
   68   86  109  135  163  188  209  224  235  242  246  250  256  265  277  288
  296  301  306  311  317  321  320  311  295  273  250  230  215  207  205  202
  194  178  153  126  103   89   85   88   93
    42.5-180.0 180.0   5.0 450.0                            LAT/LON1/LON2/DLON/H
   89   95  102  109  115  116  111  103   92   83   76   70   65   62   61   61
   62   64   66   70   75   81   85   86   81   73   63   55   50   50   53   62
   75   95  120  148  176  200  219  232  241  246  249  252  260  271  284  295
  302  305  307  312  319  326  327  320  303  280  253  226  203  188  181  180
  178  168  150  127  106   92   86   86   89
    40.0-180.0 180.0   5.0 450.0                            LAT/LON1/LON2/DLON/H
   83   87   94  105  114  119  117  109  101   93   87   83   79   75   73   71
   72   74   78   85   94  102  107  106   99   87   73   63   56   55   59   67
   82  104  131  161  189  212  229  240  247  250  253  257  266  279  293  305
  310  310  310  315  324  334  339  335  322  301  273  241  209  184  169  164
  163  158  146  127  108   93   85   82   83
    37.5-180.0 180.0   5.0 450.0                            LAT/LON1/LON2/DLON/H
   75   75   81   92  103  111  112  108  103   98   96   94   92   88   85   82
   82   84   90   99  110  120  124  122  112   97   82   70   62   61   64   72
   88  112  142  174  203  225  239  248  253  256  259  264  274  289  305  317
  321  319  318  324  337  353  364  367  362  347  323  289  249  211  183  168
  163  158  148  131  113   97   87   80   75
    35.0-180.0 180.0   5.0 450.0                            LAT/LON1/LON2/DLON/H
   72   65   66   74   85   95   99   99   97   98  100  102  101   99   96   93
   92   94  101  111  123  132  134  130  118  103   88   76   68   66   68   76
   93  119  153  188  217  238  250  257  262  264  267  273  284  301  319  332
  336  334  335  345  366  390  410  423  428  425  409  377  330  278  234  205
  189  179  166  147  127  108   94   82   72
    32.5-180.0 180.0   5.0 450.0                            LAT/LON1/LON2/DLON/H
   76   62   55   57   65   74   80   83   86   92   98  103  105  105  103  101
  101  103  110  120  130  136  136  130  118  103   90   80   74   72   73   81
   98  127  164  201  232  251  262  268  272  275  279  286  298  316  335  350
  356  357  363  381  412  447  477  501  519  530  527  501  450  386  324  277
  247  226  205  180  154  131  111   93   76
    30.0-180.0 180.0   5.0 450.0                            LAT/LON1/LON2/DLON/H
   93   71   55   49   51   57   62   66   73   81   91   98  102  105  106  106
  107  110  115  124  132  135  132  123  112  100   90   84   80   78   78   86
  104  135  175  215  246  265  274  280  285  290  296  303  316  335  356  373
  383  389  402  431  474  520  561  596  626  653  664  646  595  522  444  380
  334  299  267  232  197  166  140  117   93
    27.5-180.0 180.0   5.0 450.0                            LAT/LON1/LON2/DLON/H
  125   96   71   55   49   49   51   55   61   71   81   89   95  100  104  108
  110  113  118  125  129  129  123  114  104   96   90   87   85   84   84   92
  111  145  187  228  259  278  287  294  302  310  317  326  339  359  383  403
  417  429  451  491  544  600  650  692  733  772  796  788  740  662  575  498
  438  390  344  298  253  213  182  154  125
    25.0-180.0 180.0   5.0 450.0                            LAT/LON1/LON2/DLON/H
  170  137  105   79   64   57   53   54   57   65   73   79   85   92   99  106
  110  114  118  123  125  122  114  104   97   92   90   90   90   89   91   99
  120  155  199  240  271  290  301  311  322  334  345  356  370  391  416  439
  458  476  505  551  612  674  727  772  819  865  899  899  857  780  691  609
  541  483  428  370  315  268  232  201  170
    22.5-180.0 180.0   5.0 450.0                            LAT/LON1/LON2/DLON/H
  225  191  154  121   97   81   72   66   65   67   70   73   77   84   93  101
  107  111  115  119  120  115  106   98   93   91   91   92   93   94   97  107
  129  166  210  252  283  303  317  331  347  364  379  392  408  429  455  481
  503  525  557  605  667  728  778  822  867  915  952  957  920  851  768  691
  624  564  502  438  376  323  284  254  225
    20.0-180.0 180.0   5.0 450.0                            LAT/LON1/LON2/DLON/H
  281  250  212  174  143  121  104   92   84   80   78   75   75   79   88   97
  103  107  110  114  114  109  102   95   92   92   92   93   95   97  102  114
  138  176  221  262  294  317  336  355  376  398  417  434  450  471  498  525
  549  571  601  646  701  754  796  831  869  911  944  949  918  860  793  729
  673  617  557  492  427  372  333  306  281
    17.5-180.0 180.0   5.0 450.0                            LAT/LON1/LON2/DLON/H
  332  306  270  231  196  168  146  128  114  104   95   87   82   82   87   94
   99  102  105  108  109  106  100   96   95   94   93   93   95   98  105  120
  147  186  230  272  306  333  357  381  408  434  457  476  493  514  540  567
  591  611  635  669  711  751  780  803  829  859  881  881  854  810  764  722
  682  638  585  524  462  409  372  350  332
    15.0-180.0 180.0   5.0 450.0                            LAT/LON1/LON2/DLON/H
  370  351  320  281  245  215  190  168  150  135  121  108   97   92   93   96
   98   98  100  103  104  103  101   99   98   97   94   92   93   98  107  125
  154  195  240  282  318  349  379  408  438  467  493  514  532  552  576  602
  625  641  656  676  702  725  738  747  759  774  781  771  747  718  696  679
  659  630  588  535  479  430  397  381  370
    12.5-180.0 180.0   5.0 450.0                            LAT/LON1/LON2/DLON/H
  392  379  352  316  282  253  228  205  184  167  152  136  120  109  104  102
  100   98   97   99  101  102  102  102  102   99   94   90   90   96  108  129
  160  202  248  292  330  366  400  433  465  495  522  544  562  580  602  626
  647  659  666  673  682  688  688  684  682  680  671  651  627  614  614  620
  619  603  572  530  482  438  409  397  392
    10.0-180.0 180.0   5.0 450.0                            LAT/LON1/LON2/DLON/H
  397  388  365  333  302  277  255  233  212  196  181  164  146  130  120  113
  107  101   98   99  100  102  103  104  104  100   93   88   89   96  109  132
  165  209  255  300  342  382  419  452  483  511  538  561  578  594  614  637
  657  667  668  666  663  657  645  632  619  604  581  551  529  528  547  572
  583  575  551  516  475  436  408  398  397
     7.5-180.0 180.0   5.0 450.0                            LAT/LON1/LON2/DLON/H
  387  381  361  332  306  285  267  248  230  216  204  190  171  152  137  126
  117  109  103  101  102  103  104  105  104  100   93   88   89   96  111  134
  169  214  261  307  351  393  431  463  490  516  541  564  581  595  612  634
  655  666  667  662  653  641  625  607  589  566  534  499  478  487  519  553
  568  559  535  504  467  429  401  389  387
     5.0-180.0 180.0   5.0 450.0                            LAT/LON1/LON2/DLON/H
  370  363  344  320  298  283  269  254  239  228  219  207  190  170  153  140
  129  119  112  108  106  105  105  105  104  100   94   90   92   99  113  137
  172  217  265  311  355  397  434  463  485  507  532  554  571  583  598  620
  643  659  664  664  659  648  633  615  597  574  540  505  489  504  542  575
  583  566  535  502  464  425  392  375  370
     2.5-180.0 180.0   5.0 450.0                            LAT/LON1/LON2/DLON/H
  350  341  325  304  287  277  267  254  240  231  226  217  201  182  165  152
  141  131  122  116  112  109  107  106  104  101   97   95   97  104  116  139
  175  220  267  311  354  394  428  452  470  489  513  536  552  564  578  600
  626  647  662  672  677  675  665  653  641  623  595  566  555  574  610  635
  628  595  553  512  470  425  385  360  350
