ionex_data/COD0OPSFIN_20230430000_01D_01H_GIM.INX
     1.0            IONOSPHERE MAPS     GNSS                IONEX VERSION / TYPE
ADDNEQ2 V5.5        AIUB                16-FEB-23 21:28     PGM / RUN BY / DATE 
CODE'S GLOBAL IONOSPHERE MAPS FOR DAY 043, 2023             COMMENT             
Global ionosphere maps (GIM) are generated on a daily basis DESCRIPTION         
at CODE using data from about 300 GNSS sites of the IGS and DESCRIPTION         
other institutions. The vertical total electron content     DESCRIPTION         
(VTEC) is modeled in a solar-geomagnetic reference frame    DESCRIPTION         
using a spherical harmonics expansion up to degree and      DESCRIPTION         
order 15. Piece-wise linear functions are used for          DESCRIPTION         
representation in the time domain. The time spacing of      DESCRIPTION         
their vertices is 1 hour, conforming with the epochs of the DESCRIPTION         
VTEC maps.                                                  DESCRIPTION         
To convert line-of-sight TEC into vertical TEC, a modified  DESCRIPTION         
single-layer model mapping function approximating the JPL   DESCRIPTION         
extended slab model mapping function is adopted. The        DESCRIPTION         
mapping function is evaluated at geodetic satellite         DESCRIPTION         
elevation angles. For the computation of the ionospheric    DESCRIPTION         
pierce points, a spherical layer with a radius of 6821 km   DESCRIPTION         
is assumed, implying geocentric, not geodetic IONEX         DESCRIPTION         
latitudes.                                                  DESCRIPTION         
Instrumental biases with respect to each involved GNSS code DESCRIPTION         
observable are estimated as constant values for each        DESCRIPTION         
day. They are modeled with one set of bias parameters for   DESCRIPTION         
each satellite and each station in case of GPS and for each DESCRIPTION         
satellite-station link in case of GLONASS. The code bias    DESCRIPTION         
datum is defined by zero-mean conditions imposed on the     DESCRIPTION         
satellite bias estimates. In this file, just GPS C1W-C2W    DESCRIPTION         
satellite and station bias values are included. The         DESCRIPTION         
complete set of GNSS code bias results is provided in an    DESCRIPTION         
additional Bias-SINEX file as pseudo-absolute values        DESCRIPTION         
specific to each observable.                                DESCRIPTION         
Note: These GIM results correspond to the results for the   DESCRIPTION         
middle day of a 3-day combination analysis solving for 73   DESCRIPTION         
times 256, or 18688 VTEC parameters and 3 daily sets of     DESCRIPTION         
GNSS code bias parameters.                                  DESCRIPTION         
Contact address: code(at)aiub.unibe.ch                      DESCRIPTION         
Data archive:    ftp.aiub.unibe.ch/CODE/                    DESCRIPTION         
                 www.aiub.unibe.ch/download/CODE/           DESCRIPTION         
  2023     2    12     0     0     0                        EPOCH OF FIRST MAP  
  2023     2    13     0     0     0                        EPOCH OF LAST MAP   
  3600                                                      INTERVAL            
[...]
brux bshm cags cas1 ccj2 cedu chpg chpi chti chur ckis coco COMMENT             
cord cpvg cpxf crar cro1 daej darw dav1 dhlg drao dubo ebre COMMENT             
faa1 fair flrs frdn ftna func ganp glps glsv gode godz gol2 COMMENT             
gold gope gras graz guam guug harb hers hert hlfx hob2 hofn COMMENT             
holb hrao hyde iddr ieng iisc ineg invk iqal irkj isba jog2 COMMENT             
joz2 joze karr kerg kir0 kiri kiru kit3 kokb kokv kouc koug COMMENT             
kour krgg laut lmmf lpal lpgs m0se mac1 madr mal2 mana mas1 COMMENT             
mat1 mate maw1 mcm4 mdo1 mdvj medi mets mgue mizu mkea mnls COMMENT             
mobs monp morp mqzg mro1 mtka nano nico nist nium nklg nlib COMMENT             
nnor not1 nrc1 nrmd ntus nya1 nyal ohi2 onsa opmt ous2 pado COMMENT             
parc park pdel penc pert pie1 pimo pohn pol2 polv pots pove COMMENT             
prds ptag ptbb ptvl qaq1 quin ramo reun reyk rgdg rio2 riop COMMENT             
salu samo sant savo sch2 scor scrz sctb scub seyg smst sofi COMMENT             
spt0 ssia sthl stjo stk2 str2 suth sutm suwn sydn syog tabl COMMENT             
tabv tash thtg thti thu2 tid1 tidb tlse tn22 tong tow2 tro1 COMMENT             
tsea tskb tuva twtf txes uclu ufpr ulab unb3 unbj unsa urum COMMENT             
usn7 usud vald vill voim vtsp wab1 wab2 wark wes2 wgtn whit COMMENT             
will wsrt wtza wtzl wtzr wtzs wtzz wuhn xmis yar2 yar3 yarr COMMENT             
ykro zamb zeck zim2 zim3 zimm                               COMMENT             
                                                            END OF HEADER       
[from data line 5148]
    13                                                      START OF TEC MAP    
  2023     2    12    12     0     0                        EPOCH OF CURRENT MAP
    87.5-180.0 180.0   5.0 450.0                            LAT/LON1/LON2/DLON/H
  162  161  161  160  159  157  156  155  153  152  150  148  147  145  144  143
  141  140  139  138  137  137  136  136  135  135  135  134  134  134  134  133
  133  132  132  131  130  130  129  128  127  126  126  125  125  124  124  125
  125  126  127  128  129  131  133  135  137  140  142  145  147  149  152  154
  156  157  159  160  161  161  162  162  162
    85.0-180.0 180.0   5.0 450.0                            LAT/LON1/LON2/DLON/H
  187  184  181  178  174  171  167  162  158  154  150  146  142  139  135  132
  130  128  127  126  125  125  126  126  128  129  131  133  135  136  138  139
  140  140  140  139  137  135  133  130  127  124  120  117  114  112  110  108
  108  108  110  112  115  119  124  129  135  141  148  154  160  166  172  177
  181  184  187  189  190  190  190  188  187
    82.5-180.0 180.0   5.0 450.0                            LAT/LON1/LON2/DLON/H
  207  202  196  189  183  176  169  161  154  148  141  134  128  123  117  113
  109  106  104  103  104  105  108  111  116  121  127  133  139  145  150  155
  159  162  164  164  163  160  156  151  145  139  131  124  117  111  105  101
   98   97   98  101  106  112  120  129  140  150  161  172  183  192  201  208
  214  218  220  222  221  219  216  212  207
    80.0-180.0 180.0   5.0 450.0                            LAT/LON1/LON2/DLON/H
  218  210  200  191  181  172  163  154  145  136  128  119  111  104   96   90
   85   81   78   77   78   81   86   93  101  111  122  133  145  157  168  179
  188  195  201  204  204  203  198  192  183  173  162  151  139  128  119  111
  105  102  101  104  109  117  128  140  154  169  184  199  212  224  234  242
  247  250  251  250  246  241  235  227  218
    77.5-180.0 180.0   5.0 450.0                            LAT/LON1/LON2/DLON/H
  217  206  194  183  173  163  153  144  135  125  116  107   98   89   80   72
   65   59   56   54   56   60   67   76   88  102  118  135  153  171  189  206
  221  234  244  251  255  256  253  246  237  225  211  196  181  166  153  141
  131  125  122  123  128  136  148  162  177  194  211  227  241  254  263  269
  272  272  270  265  258  249  239  228  217
    75.0-180.0 180.0   5.0 450.0                            LAT/LON1/LON2/DLON/H
  203  192  180  170  160  151  143  135  127  119  111  102   92   83   73   63
   55   48   43   41   42   47   55   67   82  100  119  141  163  186  209  232
  253  271  287  299  308  312  311  307  298  286  272  256  238  221  205  190
  177  168  161  159  161  167  177  189  204  219  235  249  261  271  277  279
  278  275  269  260  250  239  228  215  203
    72.5-180.0 180.0   5.0 450.0                            LAT/LON1/LON2/DLON/H
  181  171  162  154  147  141  135  130  125  119  113  105   97   87   77   67
   57   49   43   40   41   46   56   69   85  105  126  150  175  201  227  253
  279  302  323  341  354  362  365  363  357  347  334  319  302  285  267  250
  235  222  212  205  202  203  207  215  225  236  247  256  263  267  267  264
  259  252  243  233  223  213  202  191  181
    70.0-180.0 180.0   5.0 450.0                            LAT/LON1/LON2/DLON/H
  155  149  143  139  135  133  130  128  126  123  119  114  107   99   89   79
   69   60   54   50   51   57   67   81   98  117  139  162  186  213  240  268
  297  324  349  371  388  400  407  409  407  400  390  377  362  346  330  313
  296  280  265  253  243  236  232  232  234  238  242  243  243  239  232  224
  214  204  195  186  179  173  167  161  155
    67.5-180.0 180.0   5.0 450.0                            LAT/LON1/LON2/DLON/H
  129  127  126  125  124  125  126  127  128  127  126  123  118  112  104   95
   86   77   70   67   69   75   86  100  117  135  154  175  197  221  247  276
  306  336  364  388  409  424  435  440  441  438  432  422  411  398  383  367
  349  331  312  293  275  259  246  236  229  224  219  213  204  192  178  164
  150  139  132  128  127  128  129  129  129
    65.0-180.0 180.0   5.0 450.0                            LAT/LON1/LON2/DLON/H
  107  109  110  111  113  115  119  122  125  127  127  127  125  121  116  109
  100   92   86   83   86   93  105  120  136  153  169  185  204  225  250  278
  309  340  370  397  419  436  449  457  461  461  458  452  444  434  421  406
  389  369  346  320  294  269  247  228  212  199  186  172  156  137  117   97
   81   71   67   70   77   87   96  103  107
    62.5-180.0 180.0   5.0 450.0                            LAT/LON1/LON2/DLON/H
   92   94   95   96   98  102  106  111  115  118  120  122  122  121  119  114
  108  101   95   94   97  106  120  136  152  167  180  193  207  225  248  277
  309  341  373  400  423  441  455  464  471  473  473  469  463  454  443  430
  413  391  366  336  303  270  239  212  190  171  154  135  114   90   65   42
   24   15   15   25   41   58   74   85   92
    60.0-180.0 180.0   5.0 450.0                            LAT/LON1/LON2/DLON/H
   83   83   81   79   80   83   88   94   99  103  106  108  110  112  112  110
  105  100   95   95  100  111  127  145  162  176  186  196  207  224  247  276
  310  344  376  403  425  443  457  468  476  480  481  478  472  463  453  440
  423  402  375  342  305  267  231  199  172  151  132  113   90   64   36   11
    0    0    0    2   23   46   65   78   83
    57.5-180.0 180.0   5.0 450.0                            LAT/LON1/LON2/DLON/H
   81   75   68   62   60   62   68   74   80   84   87   90   93   96   98   98
   96   91   88   88   94  108  127  147  166  180  190  198  208  224  248  280
  315  351  382  408  429  445  459  472  482  488  489  485  478  467  456  443
  427  407  380  347  308  268  228  194  167  146  129  112   91   66   38   11
    0    0    0    4   28   52   71   80   81
    55.0-180.0 180.0   5.0 450.0                            LAT/LON1/LON2/DLON/H
   83   71   57   46   41   43   48   56   62   66   69   72   76   79   82   84
   82   79   76   77   85  101  122  146  167  183  193  202  212  230  256  289
  326  362  392  416  434  450  464  479  491  500  501  496  486  473  459  445
  430  411  386  354  317  276  236  202  175  156  142  130  114   93   66   39
   18    8   11   27   49   71   86   90   83
    52.5-180.0 180.0   5.0 450.0                            LAT/LON1/LON2/DLON/H
   89   70   50   36   29   30   36   43   50   55   58   61   63   67   70   72
   71   69   67   68   77   95  119  146  170  189  201  211  223  241  268  303
  340  375  403  425  441  455  471  488  505  515  518  511  498  482  466  451
  436  419  397  368  333  294  255  220  193  176  165  158  148  131  108   83
   61   48   48   60   78   94  104  101   89
    50.0-180.0 180.0   5.0 450.0                            LAT/LON1/LON2/DLON/H
   95   73   51   35   27   27   33   41   48   54   57   59   60   62   64   66
   67   65   64   66   75   94  121  151  178  200  215  226  239  258  285  318
  353  386  412  431  446  460  478  498  518  533  536  529  513  495  477  461
  447  431  411  386  355  318  279  242  214  195  186  181  176  164  146  124
  103   88   85   91  103  114  118  111   95
    47.5-180.0 180.0   5.0 450.0                            LAT/LON1/LON2/DLON/H
  100   79   59   44   36   35   40   48   55   61   64   66   66   67   68   70
   71   70   69   72   81  101  129  162  193  217  235  248  260  278  301  331
  362  392  416  433  448  463  482  506  530  547  552  545  528  509  490  474
  460  445  427  405  376  341  301  262  229  206  194  189  185  178  165  147
  129  114  107  109  116  122  123  116  100
    45.0-180.0 180.0   5.0 450.0                            LAT/LON1/LON2/DLON/H
  102   87   72   60   54   52   55   60   67   73   77   79   79   78   79   80
   82   83   83   85   95  114  144  178  211  238  257  270  282  295  313  337
  363  390  413  432  448  465  486  512  539  557  563  556  539  520  502  487
  473  458  441  420  394  359  318  274  234  204  185  176  172  168  159  147
  132  119  111  109  113  117  118  113  102
    42.5-180.0 180.0   5.0 450.0                            LAT/LON1/LON2/DLON/H
  102   95   88   80   75   73   73   75   79   85   91   94   95   94   94   95
   98  100  100  103  112  131  161  196  231  259  279  290  298  306  318  335
  357  383  409  432  452  471  494  520  546  565  571  563  547  530  514  499
  484  468  451  430  405  371  329  281  233  194  167  152  144  140  135  128
  118  108  100   96   98  102  105  106  102
    40.0-180.0 180.0   5.0 450.0                            LAT/LON1/LON2/DLON/H
  100  102  101   99   95   91   87   86   88   93  101  106  108  108  109  111
  115  117  118  119  128  147  177  213  248  276  294  304  308  311  317  328
  348  376  408  439  465  487  510  535  559  576  580  571  556  540  526  513
  497  479  459  438  414  382  339  289  237  191  157  134  121  115  111  107
  101   93   85   81   80   84   90   96  100
    37.5-180.0 180.0   5.0 450.0                            LAT/LON1/LON2/DLON/H
   98  105  110  111  108  103   96   90   90   95  104  113  117  119  121  124
  129  131  131  132  139  158  189  225  260  287  303  309  310  310  313  324
  346  379  420  460  494  520  541  563  584  597  598  588  572  557  545  532
  515  494  473  452  429  400  360  311  260  213  175  146  128  117  111  107
  102   94   85   77   73   75   81   89   98
    35.0-180.0 180.0   5.0 450.0                            LAT/LON1/LON2/DLON/H
   99  106  112  114  112  106   97   89   86   91  102  114  121  125  129  133
  138  140  138  138  145  165  196  233  267  291  304  308  309  310  316  331
  358  400  452  502  543  571  591  609  626  636  634  621  603  588  577  564
  546  523  500  480  461  436  403  361  316  274  238  208  184  167  156  148
  139  127  113   98   88   83   85   91   99
    32.5-180.0 180.0   5.0 450.0                            LAT/LON1/LON2/DLON/H
  105  106  108  109  107  102   93   84   80   85   97  111  121  127  132  137
  142  142  139  138  146  168  201  238  271  292  302  306  310  318  333  358
  394  446  506  565  611  640  658  673  687  695  691  675  655  638  626  613
  595  572  549  532  517  499  475  444  411  380  352  325  299  275  255  238
  221  200  176  151  130  115  107  104  105
    30.0-180.0 180.0   5.0 450.0                            LAT/LON1/LON2/DLON/H
  118  109  103  100   98   95   88   81   77   81   94  108  119  127  132  138
  141  140  135  134  145  170  206  244  275  293  302  308  319  341  371  410
  457  516  582  645  693  721  737  750  764  772  767  749  725  706  693  680
  663  642  622  609  600  590  575  557  540  524  508  486  459  429  400  371
  342  308  270  232  197  168  146  130  118
    27.5-180.0 180.0   5.0 450.0                            LAT/LON1/LON2/DLON/H
  139  118  102   94   91   91   88   83   79   83   94  108  118  125  130  136
  138  135  130  131  146  175  214  252  281  298  308  319  343  381  431  486
  544  606  672  732  777  803  817  832  848  859  855  835  809  786  772  760
  746  729  714  707  703  700  694  687  683  682  677  663  637  601  563  523
  479  431  380  328  279  235  198  166  139
    25.0-180.0 180.0   5.0 450.0                            LAT/LON1/LON2/DLON/H
  168  135  110   95   92   94   95   93   89   91   99  110  118  123  127  132
  133  130  126  131  151  186  227  265  293  310  322  343  381  439  510  580
  645  705  762  814  852  874  889  905  926  942  940  920  892  868  852  842
  833  822  815  812  814  814  812  811  814  821  825  816  791  753  708  658
  604  545  482  419  359  304  253  208  168
    22.5-180.0 180.0   5.0 450.0                            LAT/LON1/LON2/DLON/H
  202  160  128  109  104  108  111  110  106  104  109  115  119  121  123  126
  128  125  125  135  162  201  243  280  308  327  346  378  431  509  597  679
  745  797  841  879  908  926  941  962  988 1008 1010  991  962  936  921  915
  911  908  907  909  912  912  908  904  906  912  915  907  883  844  798  746
  687  623  555  487  422  361  303  250  202
    20.0-180.0 180.0   5.0 450.0                            LAT/LON1/LON2/DLON/H
  236  192  157  135  128  130  134  131  124  119  119  120  119  117  118  120
  122  122  126  144  177  219  262  297  324  349  378  421  488  580  680  768
  830  869  897  921  940  955  971  995 1026 1049 1053 1035 1006  981  968  966
  968  972  976  980  982  977  965  950  938  931  925  912  887  851  809  762
  708  648  583  519  457  397  340  285  236
    17.5-180.0 180.0   5.0 450.0                            LAT/LON1/LON2/DLON/H
  267  227  193  170  160  159  159  153  142  132  126  123  118  113  111  114
  117  121  130  155  194  239  279  312  341  373  413  468  544  642  746  832
  887  913  925  936  948  961  979 1006 1037 1061 1064 1047 1020  998  988  989
  996 1004 1011 1015 1013 1000  975  941  907  877  852  828  801  771  739  705
  665  617  565  512  460  409  359  311  267
    15.0-180.0 180.0   5.0 450.0                            LAT/LON1/LON2/DLON/H
  292  260  231  208  195  189  183  171  155  140  130  123  114  107  105  109
  114  121  136  167  211  257  294  324  357  398  450  513  593  689  787  865
  909  923  925  928  937  952  971  998 1027 1047 1048 1032 1007  988  980  984
  994 1004 1011 1012 1003  981  942  887  825  765  716  677  648  626  609  594
  575  547  513  476  440  402  364  326  292
    12.5-180.0 180.0   5.0 450.0                            LAT/LON1/LON2/DLON/H
  309  286  264  243  227  216  203  184  162  143  130  120  111  103  101  106
  113  123  143  179  227  272  306  334  371  422  485  553  630  715  800  865
  899  906  903  906  917  935  957  981 1004 1017 1014  998  976  960  955  959
  969  979  982  978  964  935  884  809  719  630  555  503  471  458  459  465
  468  462  448  429  408  385  359  333  309
    10.0-180.0 180.0   5.0 450.0                            LAT/LON1/LON2/DLON/H
  319  304  287  269  251  235  216  192  165  143  129  118  109  102  101  107
  115  127  150  190  241  285  316  345  386  447  517  587  653  721  787  838
  864  870  871  879  897  919  942  963  978  983  975  959  941  928  923  926
  933  939  939  930  912  880  823  735  624  510  416  353  321  318  334  359
  382  395  396  391  382  369  352  334  319
     7.5-180.0 180.0   5.0 450.0                            LAT/LON1/LON2/DLON/H
  323  312  300  284  266  247  224  196  167  144  129  120  111  105  106  113
  121  133  158  201  253  297  328  357  404  472  547  613  666  713  758  795
  817  827  837  856  882  909  933  949  957  954  943  928  913  902  895  895
  898  900  895  884  867  836  780  689  568  442  337  270  242  246  274  312
  348  370  379  380  375  366  351  336  323
     5.0-180.0 180.0   5.0 450.0                            LAT/LON1/LON2/DLON/H
  325  313  302  288  271  252  229  200  171  148  134  126  119  114  116  122
  130  141  166  210  264  310  342  375  425  497  573  631  669  696  722  748
  769  788  810  840  873  904  928  941  944  937  924  911  900  889  880  875
  874  872  866  855  841  818  771  686  568  443  340  278  256  266  299  341
  378  400  406  402  393  380  361  341  325
     2.5-180.0 180.0   5.0 450.0                            LAT/LON1/LON2/DLON/H
  327  309  296  284  269  252  232  206  179  158  145  137  131  127  129  134
  140  150  174  219  274  324  360  397  450  522  593  642  665  676  689  708
  732  760  793  831  869  901  924  936  937  929  919  910  902  891  878  868
  863  861  855  847  840  828  796  726  622  511  422  372  359  373  404  440
  468  478  471  454  434  410  381  352  327
