ionex_data/COD0OPSFIN_20230280000_01D_01H_GIM.INX
     1.0            IONOSPHERE MAPS     GNSS                IONEX VERSION / TYPE
ADDNEQ2 V5.5        AIUB                01-FEB-23 21:35     PGM / RUN BY / DATE 
CODE'S GLOBAL IONOSPHERE MAPS FOR DAY 028, 2023             COMMENT             
Global ionosphere maps (GIM) are generated on a daily basis DESCRIPTION         
at CODE using data from about 300 GNSS sites of the IGS and DESCRIPTION         
other institutions. The vertical total electron content     DESCRIPTION         
(VTEC) is modeled in a solar-geomagnetic reference frame    DESCRIPTION         
using a spherical harmonics expansion up to degree and      DESCRIPTION         
order 15. Piece-wise linear functions are used for          DESCRIPTION         
representation in the time domain. The time spacing of      DESCRIPTION         
their vertices is 1 hour, conforming with the epochs of the DESCRIPTION         
VTEC maps.                                                  DESCRIPTION         
To convert line-of-sight TEC into vertical TEC, a modified  DESCRIPTION         
single-layer model mapping function approximating the JPL   DESCRIPTION         
extended slab model mapping function is adopted. The        DESCRIPTION         
mapping function is evaluated at geodetic satellite         DESCRIPTION         
elevation angles. For the computation of the ionospheric    DESCRIPTION         
pierce points, a spherical layer with a radius of 6821 km   DESCRIPTION         
is assumed, implying geocentric, not geodetic IONEX         DESCRIPTION         
latitudes.                                                  DESCRIPTION         
Instrumental biases with respect to each involved GNSS code DESCRIPTION         
observable are estimated as constant values for each        DESCRIPTION         
day. They are modeled with one set of bias parameters for   DESCRIPTION         
each satellite and each station in case of GPS and for each DESCRIPTION         
satellite-station link in case of GLONASS. The code bias    DESCRIPTION         
datum is defined by zero-mean conditions imposed on the     DESCRIPTION         
satellite bias estimates. In this file, just GPS C1W-C2W    DESCRIPTION         
satellite and station bias values are included. The         DESCRIPTION         
complete set of GNSS code bias results is provided in an    DESCRIPTION         
additional Bias-SINEX file as pseudo-absolute values        DESCRIPTION         
specific to each observable.                                DESCRIPTION         
Note: These GIM results correspond to the results for the   DESCRIPTION         
middle day of a 3-day combination analysis solving for 73   DESCRIPTION         
times 256, or 18688 VTEC parameters and 3 daily sets of     DESCRIPTION         
GNSS code bias parameters.                                  DESCRIPTION         
Contact address: code(at)aiub.unibe.ch                      DESCRIPTION         
Data archive:    ftp.aiub.unibe.ch/CODE/                    DESCRIPTION         
                 www.aiub.unibe.ch/download/CODE/           DESCRIPTION         
  2023     1    28     0     0     0                        EPOCH OF FIRST MAP  
  2023     1    29     0     0     0                        EPOCH OF LAST MAP   
  3600                                                      INTERVAL            
[...]
azgb badg bake bako barh bndy boav bogo bogt bor1 braz brst COMMENT             
brux bshm cas1 ccj2 cedu chpg chpi chti chur ckis cnmr coco COMMENT             
cord cpxf crar cro1 daej darw dav1 dgar dhlg drao dubo ebre COMMENT             
faa1 fair flrs frdn ftna func ganp glps gode godz gol2 gold COMMENT             
gope gras graz guam guug harb hers hert hlfx hob2 hofn holb COMMENT             
hrao hyde iddr ieng iisc ineg invk iqal isba jog2 joz2 joze COMMENT             
karr kerg kir0 kiri kiru kit3 kokb kokv koug kour krgg laut COMMENT             
lmmf lpal lpgs m0se mac1 madr mal2 mana mas1 mat1 mate maw1 COMMENT             
mcm4 mdo1 medi mets mgue mizu mkea mnls mobs monp morp mqzg COMMENT             
mro1 mtka nano nico nist nium nklg nlib nnor not1 nrc1 nrmd COMMENT             
ntus nya1 nyal ohi2 onsa opmt ous2 pado parc park pdel penc COMMENT             
pert pie1 pimo pohn pol2 polv pots pove prds ptbb ptvl qaq1 COMMENT             
quin ramo reun reyk rgdg rio2 riop salu samo sant savo sch2 COMMENT             
scor scrz sctb scub seyg sofi spt0 ssia sthl stjo stk2 str2 COMMENT             
suth sutm suwn sydn syog tabl tabv tash thtg thti thu2 tid1 COMMENT             
tidb tlse tn22 tong tow2 tro1 tsea tskb twtf txes uclu ufpr COMMENT             
ulab unb3 unbj unsa urum usn7 usud vald vill voim vtsp wab1 COMMENT             
wab2 wark wes2 wgtn whit will wind wsrt wtza wtzl wtzr wtzs COMMENT             
wuhn xmis yar2 yar3 yarr yell ykro zamb zeck zim2 zim3 zimm COMMENT             
                                                            END OF HEADER       
[from data line 429]
     2                                                      START OF TEC MAP    
  2023     1    28     1     0     0                        EPOCH OF CURRENT MAP
    87.5-180.0 180.0   5.0 450.0                            LAT/LON1/LON2/DLON/H
  164  165  165  166  166  166  166  166  165  165  164  163  162  161  159  158
  156  154  152  150  148  146  143  141  139  136  134  131  129  127  125  123
  121  119  118  116  115  114  113  113  112  112  112  112  113  113  114  115
  116  117  119  121  122  124  126  129  131  133  136  138  141  143  146  148
  150  152  155  156  158  160  161  163  164
    85.0-180.0 180.0   5.0 450.0                            LAT/LON1/LON2/DLON/H
  182  183  184  184  184  184  183  183  182  180  179  178  176  174  172  169
  166  164  160  157  153  149  145  140  135  131  126  121  117  112  108  105
  101   98   96   93   92   90   89   88   88   88   88   88   88   89   90   92
   93   95   97  100  103  106  110  114  118  123  128  133  138  144  149  154
  158  163  167  171  174  177  179  181  182
    82.5-180.0 180.0   5.0 450.0                            LAT/LON1/LON2/DLON/H
  197  197  196  196  194  193  191  189  187  185  183  181  179  177  175  173
  170  167  164  160  155  150  145  139  132  126  119  112  105   99   93   88
   84   80   77   75   74   73   72   72   72   72   72   72   73   73   73   74
   75   76   78   80   84   87   92   98  104  111  118  126  135  143  151  159
  166  173  179  184  188  192  194  196  197
    80.0-180.0 180.0   5.0 450.0                            LAT/LON1/LON2/DLON/H
  209  207  205  202  198  195  191  187  184  180  177  174  172  170  168  167
  165  163  161  158  155  150  144  138  130  122  114  105   97   89   82   77
   72   69   66   65   65   65   66   67   67   68   68   68   67   67   65   64
   63   62   62   63   66   69   74   81   89   98  108  119  130  142  153  164
  174  183  191  198  203  206  208  209  209
    77.5-180.0 180.0   5.0 450.0                            LAT/LON1/LON2/DLON/H
  221  218  213  207  201  195  188  182  176  170  165  160  157  154  152  151
  151  151  151  151  150  147  143  137  130  121  112  102   92   84   77   71
   67   64   63   63   65   67   69   71   73   74   74   73   71   68   65   61
   57   54   51   50   50   53   58   65   74   85   98  112  126  141  156  170
  183  195  205  213  219  222  224  223  221
    75.0-180.0 180.0   5.0 450.0                            LAT/LON1/LON2/DLON/H
  236  231  224  216  207  198  189  180  170  161  153  145  138  133  129  128
  129  131  135  138  141  142  141  137  130  122  112  102   92   83   76   71
   67   66   66   68   71   74   77   81   83   85   85   83   80   75   69   62
   55   49   43   40   38   40   44   52   62   75   90  107  125  143  160  177
  193  207  219  228  235  239  241  239  236
    72.5-180.0 180.0   5.0 450.0                            LAT/LON1/LON2/DLON/H
  253  247  239  229  219  208  197  185  172  160  146  133  121  112  105  102
  102  107  113  121  129  134  136  135  130  123  114  104   94   86   79   75
   72   72   72   75   78   82   86   89   92   94   94   91   87   81   73   64
   55   46   39   33   31   31   36   43   55   69   86  105  125  145  165  184
  201  217  231  242  250  256  258  257  253
    70.0-180.0 180.0   5.0 450.0                            LAT/LON1/LON2/DLON/H
  272  266  258  248  236  225  212  199  184  168  150  131  112   96   84   77
   76   81   91  102  114  124  129  131  128  122  113  104   96   89   83   80
   78   77   77   79   81   85   88   92   95   96   96   94   89   83   74   65
   55   45   37   30   27   27   32   40   53   69   87  107  128  149  169  188
  207  224  239  252  262  270  274  275  272
    67.5-180.0 180.0   5.0 450.0                            LAT/LON1/LON2/DLON/H
  290  285  277  268  256  245  232  219  203  185  163  139  114   91   72   60
   56   60   71   85  100  112  121  123  122  116  109  101   95   89   85   83
   80   79   78   77   78   80   82   85   87   89   89   88   84   78   71   62
   53   43   35   29   26   27   32   41   55   72   91  112  132  153  172  191
  209  226  242  257  269  280  287  290  290
    65.0-180.0 180.0   5.0 450.0                            LAT/LON1/LON2/DLON/H
  304  301  295  285  274  263  252  240  226  207  184  156  126   97   72   55
   47   49   59   73   88  101  109  112  110  105   99   93   89   86   84   82
   79   76   72   69   67   67   68   70   72   75   75   75   72   68   63   56
   49   41   35   29   27   29   34   45   60   78   97  118  138  157  175  192
  209  225  241  257  272  285  296  302  304
    62.5-180.0 180.0   5.0 450.0                            LAT/LON1/LON2/DLON/H
  315  314  307  298  286  276  266  256  244  228  206  178  146  113   84   63
   51   49   56   68   80   91   97   98   94   90   85   81   80   80   80   78
   74   69   63   57   52   50   50   52   55   57   59   59   58   55   52   48
   43   39   34   30   29   31   38   49   65   84  105  125  145  163  179  194
  208  222  238  254  271  287  301  310  315
    60.0-180.0 180.0   5.0 450.0                            LAT/LON1/LON2/DLON/H
  322  322  316  305  292  281  272  264  256  244  226  200  169  137  106   83
   68   62   63   69   77   82   83   81   77   72   69   69   71   73   74   73
   68   61   52   44   38   35   36   38   41   44   45   45   44   43   42   40
   39   36   34   31   30   32   40   52   69   89  111  133  153  170  184  197
  209  222  236  253  270  288  304  316  322
    57.5-180.0 180.0   5.0 450.0                            LAT/LON1/LON2/DLON/H
  327  328  321  308  294  280  271  264  259  251  238  217  191  162  134  111
   93   83   78   76   76   75   71   66   61   57   57   60   64   69   71   69
   63   54   44   36   30   29   30   33   36   38   38   37   35   34   34   35
   36   36   34   32   31   33   40   54   72   94  118  141  162  179  193  204
  215  226  239  255  272  290  307  320  327
    55.0-180.0 180.0   5.0 450.0                            LAT/LON1/LON2/DLON/H
  332  333  325  311  294  278  267  261  257  253  244  229  209  186  163  141
  123  108   96   86   78   70   62   55   50   49   51   57   64   70   72   69
   62   52   42   35   32   33   36   41   43   44   42   38   34   32   32   34
   36   38   37   34   32   34   41   55   75  100  126  151  173  191  205  216
  226  236  248  262  278  295  311  324  332
    52.5-180.0 180.0   5.0 450.0                            LAT/LON1/LON2/DLON/H
  337  337  330  316  297  280  267  260  256  252  246  235  220  204  187  170
  151  132  113   96   80   68   58   51   49   50   56   64   71   76   77   72
   64   55   47   43   44   48   54   59   61   59   53   46   39   35   35   37
   41   43   42   39   36   36   43   59   81  108  136  163  187  206  220  231
  241  250  261  274  288  303  317  329  337
    50.0-180.0 180.0   5.0 450.0                            LAT/LON1/LON2/DLON/H
  339  340  334  321  304  286  273  265  260  256  249  239  228  217  205  191
  173  151  127  104   85   71   62   58   58   63   70   77   83   85   83   76
   68   61   57   58   63   70   78   83   83   79   70   59   50   44   42   44
   48   50   49   45   42   42   49   66   90  119  150  179  204  223  237  248
  256  265  276  287  300  312  323  332  339
    47.5-180.0 180.0   5.0 450.0                            LAT/LON1/LON2/DLON/H
  337  339  335  326  311  296  285  278  272  266  256  245  234  226  217  205
  187  163  137  112   93   80   74   74   77   83   89   94   96   93   87   79
   72   68   68   73   82   93  102  106  105   98   87   75   63   55   53   55
   58   61   59   55   50   51   60   78  105  136  167  197  221  240  254  263
  271  279  289  300  311  319  327  333  337
    45.0-180.0 180.0   5.0 450.0                            LAT/LON1/LON2/DLON/H
  331  332  331  325  315  305  298  294  291  283  270  255  242  233  225  213
  195  170  144  121  105   97   95   97  101  106  109  109  104   97   87   78
   73   72   76   85   98  110  119  123  121  113  102   89   77   68   65   66
   70   71   70   65   62   64   75   95  124  155  187  215  239  257  269  276
  282  288  298  309  319  325  328  329  331
    42.5-180.0 180.0   5.0 450.0                            LAT/LON1/LON2/DLON/H
  321  321  320  316  311  306  306  308  309  302  288  270  253  241  231  218
  200  176  152  134  124  121  122  124  126  126  123  117  106   93   81   73
   70   73   80   92  105  117  126  130  127  121  111  100   89   81   77   78
   80   81   79   75   73   77   91  114  144  176  206  232  254  270  280  286
  290  295  305  317  326  330  328  324  321
    40.0-180.0 180.0   5.0 450.0                            LAT/LON1/LON2/DLON/H
  316  311  307  303  299  297  302  312  319  317  305  286  267  252  239  224
  205  183  164  152  148  149  149  148  144  138  129  116  101   85   73   67
   67   72   81   92  104  116  124  127  126  122  116  108  100   93   89   88
   89   89   86   83   83   90  107  133  163  193  221  245  265  280  290  295
  298  303  313  326  337  340  334  325  316
    37.5-180.0 180.0   5.0 450.0                            LAT/LON1/LON2/DLON/H
  325  313  304  294  284  281  287  302  317  323  316  300  282  265  250  234
  214  194  180  175  175  175  172  163  152  140  126  111   93   78   69   66
   69   75   82   90   99  109  116  120  121  120  117  114  108  102   98   95
   94   92   90   87   89   99  119  147  177  206  230  251  271  288  300  308
  312  318  330  345  358  362  354  339  325
    35.0-180.0 180.0   5.0 450.0                            LAT/LON1/LON2/DLON/H
  359  341  323  302  280  267  268  283  303  316  318  309  295  280  265  246
  227  209  199  196  197  194  183  167  149  133  120  106   91   80   75   76
   82   86   89   91   96  103  109  114  116  118  119  119  115  110  104   99
   95   92   88   87   91  103  126  155  186  212  234  253  273  294  313  327
  336  346  361  380  396  402  394  378  359
    32.5-180.0 180.0   5.0 450.0                            LAT/LON1/LON2/DLON/H
  427  406  378  343  303  272  259  266  285  304  314  313  306  295  280  262
  242  225  216  213  210  201  182  158  138  125  117  110  103   97   98  103
  109  110  105  101  100  104  110  114  117  119  122  123  120  114  106   99
   93   88   84   83   88  103  128  159  189  214  233  251  274  302  331  356
  374  390  409  433  454  465  461  446  427
    30.0-180.0 180.0   5.0 450.0                            LAT/LON1/LON2/DLON/H
  532  512  478  428  368  313  278  268  278  295  309  316  316  309  296  278
  257  239  227  220  210  193  168  143  126  123  127  132  133  135  140  148
  152  147  135  122  115  116  120  123  124  125  126  126  122  115  105   96
   88   82   77   76   84  101  127  159  189  214  232  250  277  314  356  394
  423  448  473  502  529  547  551  544  532
    27.5-180.0 180.0   5.0 450.0                            LAT/LON1/LON2/DLON/H
  664  652  620  560  481  401  339  305  297  303  315  324  328  324  312  292
  269  248  230  215  198  174  148  128  123  135  155  174  184  191  198  206
  207  196  175  154  142  140  141  141  138  134  131  127  121  112  101   91
   82   75   70   70   79   98  126  160  191  216  235  255  286  332  386  438
  480  514  546  580  613  639  655  663  664
    25.0-180.0 180.0   5.0 450.0                            LAT/LON1/LON2/DLON/H
  804  810  786  726  636  535  448  386  353  341  341  345  346  341  327  306
  279  252  226  203  179  153  132  124  136  166  203  233  250  258  264  269
  266  248  221  194  177  171  169  163  154  143  134  126  116  105   94   84
   76   69   65   66   76   97  128  163  197  225  246  268  303  356  420  484
  537  578  616  654  692  727  756  783  804
    22.5-180.0 180.0   5.0 450.0                            LAT/LON1/LON2/DLON/H
  928  957  951  900  810  701  595  509  449  413  394  384  375  363  345  320
  290  256  221  190  163  142  132  140  170  216  265  301  318  323  325  326
  318  297  265  234  214  204  197  185  168  150  134  122  109   96   86   77
   71   65   62   65   77  100  133  171  209  241  265  291  329  385  455  524
  583  629  669  709  750  793  836  883  928
    20.0-180.0 180.0   5.0 450.0                            LAT/LON1/LON2/DLON/H
 1010 1062 1079 1048  972  868  758  657  575  514  471  442  418  394  369  339
  304  265  224  188  162  151  156  180  224  279  330  364  376  374  370  366
  356  333  300  268  246  232  219  200  176  152  132  115  100   87   77   71
   67   63   62   67   82  107  143  184  227  263  293  321  361  417  485  554
  611  657  696  735  777  824  878  942 1010
    17.5-180.0 180.0   5.0 450.0                            LAT/LON1/LON2/DLON/H
 1030 1102 1141 1135 1085 1003  905  803  709  629  565  514  472  434  400  366
  330  287  243  207  188  189  209  245  292  343  386  409  411  401  391  384
  373  352  321  290  267  250  232  206  177  150  127  109   93   79   71   67
   65   63   63   71   88  117  155  200  247  288  323  355  395  448  509  569
  619  658  693  728  768  814  873  947 1030
    15.0-180.0 180.0   5.0 450.0                            LAT/LON1/LON2/DLON/H
  983 1064 1119 1138 1121 1074 1004  918  826  737  659  591  531  480  438  404
  368  328  285  253  243  257  287  324  362  396  419  426  416  399  385  378
  370  353  327  299  276  255  232  203  172  145  123  105   88   75   68   65
   64   64   66   76   96  127  168  216  265  312  351  387  427  474  524  570
  607  636  663  693  727  768  823  897  983
    12.5-180.0 180.0   5.0 450.0                            LAT/LON1/LON2/DLON/H
  880  954 1014 1052 1069 1062 1031  975  900  817  735  658  587  527  483  451
  421  386  349  325  325  348  379  405  420  426  424  412  392  372  359  355
  352  341  321  297  274  250  223  192  163  140  121  105   89   75   68   65
   65   65   68   80  103  137  180  229  280  328  371  410  451  493  531  561
  582  598  618  643  669  701  744  805  880
    10.0-180.0 180.0   5.0 450.0                            LAT/LON1/LON2/DLON/H
  746  799  849  895  937  971  983  965  918  853  780  704  631  570  528  503
  484  458  430  413  420  445  468  472  456  428  399  373  349  332  324  325
  328  323  308  287  263  237  208  179  154  137  124  110   94   80   71   68
   67   67   71   84  110  145  189  238  288  336  380  422  464  503  532  547
  552  559  573  592  613  632  658  696  746
     7.5-180.0 180.0   5.0 450.0                            LAT/LON1/LON2/DLON/H
  616  635  662  702  759  824  874  894  880  841  787  723  658  603  570  556
  548  534  514  503  512  531  537  512  462  403  354  320  301  292  292  299
  306  305  294  274  250  222  193  167  149  139  132  120  103   88   77   72
   70   69   73   88  115  152  196  243  290  335  378  421  466  504  528  533
  528  528  540  559  575  584  590  600  616
     5.0-180.0 180.0   5.0 450.0                            LAT/LON1/LON2/DLON/H
  523  505  499  522  580  660  736  786  802  791  762  717  667  624  603  602
  606  600  586  577  581  587  570  518  438  358  301  271  262  265  274  285
  293  293  282  262  236  208  180  159  149  146  142  132  115   98   86   79
   74   72   77   93  120  158  201  245  287  327  366  410  457  499  522  524
  516  515  530  553  569  571  560  543  523
     2.5-180.0 180.0   5.0 450.0                            LAT/LON1/LON2/DLON/H
  494  441  402  400  446  527  612  676  712  725  718  695  662  634  625  635
  648  648  634  620  613  602  564  489  394  308  256  239  246  260  275  286
  291  287  274  252  226  197  173  157  153  155  154  144  127  110   96   87
   80   77   82   98  126  163  204  245  282  316  350  392  442  488  515  520
  516  521  544  575  597  598  579  543  494
