ionex_data/COD0OPSFIN_20230210000_01D_01H_GIM.INX
     1.0            IONOSPHERE MAPS     GNSS                IONEX VERSION / TYPE
ADDNEQ2 V5.5        AIUB                25-JAN-23 21:32     PGM / RUN BY / DATE 
CODE'S GLOBAL IONOSPHERE MAPS FOR DAY 021, 2023             COMMENT             
Global ionosphere maps (GIM) are generated on a daily basis DESCRIPTION         
at CODE using data from about 300 GNSS sites of the IGS and DESCRIPTION         
other institutions. The vertical total electron content     DESCRIPTION         
(VTEC) is modeled in a solar-geomagnetic reference frame    DESCRIPTION         
using a spherical harmonics expansion up to degree and      DESCRIPTION         
order 15. Piece-wise linear functions are used for          DESCRIPTION         
representation in the time domain. The time spacing of      DESCRIPTION         
their vertices is 1 hour, conforming with the epochs of the DESCRIPTION         
VTEC maps.                                                  DESCRIPTION         
To convert line-of-sight TEC into vertical TEC, a modified  DESCRIPTION         
single-layer model mapping function approximating the JPL   DESCRIPTION         
extended slab model mapping function is adopted. The        DESCRIPTION         
mapping function is evaluated at geodetic satellite         DESCRIPTION         
elevation angles. For the computation of the ionospheric    DESCRIPTION         
pierce points, a spherical layer with a radius of 6821 km   DESCRIPTION         
is assumed, implying geocentric, not geodetic IONEX         DESCRIPTION         
latitudes.                                                  DESCRIPTION         
Instrumental biases with respect to each involved GNSS code DESCRIPTION         
observable are estimated as constant values for each        DESCRIPTION         
day. They are modeled with one set of bias parameters for   DESCRIPTION         
each satellite and each station in case of GPS and for each DESCRIPTION         
satellite-station link in case of GLONASS. The code bias    DESCRIPTION         
datum is defined by zero-mean conditions imposed on the     DESCRIPTION         
satellite bias estimates. In this file, just GPS C1W-C2W    DESCRIPTION         
satellite and station bias values are included. The         DESCRIPTION         
complete set of GNSS code bias results is provided in an    DESCRIPTION         
additional Bias-SINEX file as pseudo-absolute values        DESCRIPTION         
specific to each observable.                                DESCRIPTION         
Note: These GIM results correspond to the results for the   DESCRIPTION         
middle day of a 3-day combination analysis solving for 73   DESCRIPTION         
times 256, or 18688 VTEC parameters and 3 daily sets of     DESCRIPTION         
GNSS code bias parameters.                                  DESCRIPTION         
Contact address: code(at)aiub.unibe.ch                      DESCRIPTION         
Data archive:    ftp.aiub.unibe.ch/CODE/                    DESCRIPTION         
                 www.aiub.unibe.ch/download/CODE/           DESCRIPTION         
  2023     1    21     0     0     0                        EPOCH OF FIRST MAP  
  2023     1    22     0     0     0                        EPOCH OF LAST MAP   
  3600                                                      INTERVAL            
[...]
badg bake bako barh bjfs bndy boav bogo bogt bor1 brst brux COMMENT             
bshm cas1 ccj2 cedu chpg chpi chti chur ckis cnmr coco cord COMMENT             
cpxf crar cro1 daej darw dav1 dgar dhlg drao dubo ebre faa1 COMMENT             
fair flrs frdn ftna func ganp glps gode godz gol2 gold gope COMMENT             
gras graz guam guug harb hers hert hlfx hob2 hofn holb hrao COMMENT             
hyde iddr ieng iisc ineg invk iqal isba jog2 joz2 joze karr COMMENT             
kerg kir0 kiru kit3 kokb kokv koug kour krgg laut lmmf lpal COMMENT             
lpgs m0se mac1 madr mal2 mana mas1 mat1 mate maw1 mcm4 mdo1 COMMENT             
mdvj medi mets mgue mizu mkea mnls mobs monp morp mqzg mro1 COMMENT             
mtka nano nico nist nium nklg nlib nnor not1 nrc1 nrmd ntus COMMENT             
nya1 nyal ohi2 onsa opmt ous2 pado parc park pdel penc pert COMMENT             
pie1 pimo pohn pol2 polv pots pove prds ptag ptbb ptvl qaq1 COMMENT             
quin ramo reun reyk rgdg rio2 riop salu samo sant savo sch2 COMMENT             
scor scrz sctb scub seyg sofi spt0 ssia sthl stjo stk2 str2 COMMENT             
suth sutm sydn syog tabl tabv tash thtg thti thu2 tid1 tidb COMMENT             
tlse tn22 tong tow2 tro1 tsea tskb tuva twtf txes uclu ufpr COMMENT             
ulab unb3 unbj unsa urum usn7 usud vald vill voim vtsp wab1 COMMENT             
wab2 wark wes2 wgtn whit will wind wsrt wtza wtzl wtzr wtzs COMMENT             
wuhn xmis yar2 yar3 yarr yell ykro zamb zeck zim2 zim3 zimm COMMENT             
                                                            END OF HEADER       
[from data line 6006]
    15                                                      START OF TEC MAP    
  2023     1    21    14     0     0                        EPOCH OF CURRENT MAP
    87.5-180.0 180.0   5.0 450.0                            LAT/LON1/LON2/DLON/H
  127  128  130  131  132  133  135  136  137  138  139  140  141  141  142  142
  142  142  142  141  141  140  139  138  137  135  134  132  131  129  127  126
  124  122  121  120  118  117  116  115  114  114  113  113  113  113  113  114
  114  115  115  116  116  117  118  118  119  119  119  120  120  120  121  121
  122  122  122  123  124  124  125  126  127
    85.0-180.0 180.0   5.0 450.0                            LAT/LON1/LON2/DLON/H
  111  114  116  119  122  126  129  132  136  138  141  144  146  147  148  149
  150  150  149  148  147  146  144  142  139  137  134  131  127  124  120  117
  113  110  106  103  100   97   95   93   92   91   91   92   92   94   95   98
  100  102  105  107  110  112  113  114  115  115  115  115  114  113  112  110
  109  108  107  107  107  107  108  110  111
    82.5-180.0 180.0   5.0 450.0                            LAT/LON1/LON2/DLON/H
   86   89   93   98  103  109  115  120  126  131  135  139  142  145  147  148
  149  149  148  148  147  145  143  141  138  135  132  128  124  119  114  109
  104   98   93   88   83   79   75   72   70   69   69   70   72   75   79   84
   90   96  102  108  113  117  121  123  124  123  121  119  115  110  105  100
   96   91   87   84   82   82   82   83   86
    80.0-180.0 180.0   5.0 450.0                            LAT/LON1/LON2/DLON/H
   58   62   68   74   81   89   97  104  111  118  123  128  132  135  137  138
  139  139  140  140  140  139  139  138  137  135  133  130  126  121  116  109
  103   96   89   82   75   69   63   58   55   53   52   54   57   62   69   77
   86   97  107  117  126  134  140  144  145  143  139  133  125  115  105   95
   85   76   69   62   58   55   54   55   58
    77.5-180.0 180.0   5.0 450.0                            LAT/LON1/LON2/DLON/H
   38   42   48   55   63   72   80   89   96  103  109  114  117  120  122  123
  124  125  126  128  130  132  135  137  139  141  141  140  138  134  129  122
  115  107   99   90   81   73   65   59   53   49   47   48   51   56   64   75
   88  103  118  133  147  158  167  172  173  171  164  154  141  127  111   96
   82   69   57   48   41   37   35   35   38
    75.0-180.0 180.0   5.0 450.0                            LAT/LON1/LON2/DLON/H
   31   35   40   46   54   62   70   77   84   91   96  100  102  104  106  107
  108  109  112  116  122  128  136  143  150  156  160  162  162  160  155  149
  141  133  123  113  103   93   84   75   67   60   56   54   55   59   67   78
   93  110  129  148  167  182  194  200  202  197  188  174  158  139  120  102
   84   69   56   46   38   32   30   29   31
    72.5-180.0 180.0   5.0 450.0                            LAT/LON1/LON2/DLON/H
   40   42   46   50   56   61   67   73   78   82   86   89   91   92   92   93
   94   97  102  109  119  130  144  157  170  182  190  196  198  196  192  186
  178  169  159  148  137  126  116  105   95   85   77   72   69   69   74   84
   97  115  135  157  178  196  210  218  219  213  202  186  167  146  126  108
   91   77   65   56   49   44   41   40   40
    70.0-180.0 180.0   5.0 450.0                            LAT/LON1/LON2/DLON/H
   61   61   62   64   66   69   71   74   77   79   81   82   83   84   84   84
   86   90   97  107  122  139  158  179  198  215  227  236  239  239  235  228
  220  210  200  190  179  168  156  144  132  120  109   99   91   86   85   90
   99  114  133  154  176  195  209  217  218  211  198  181  161  142  124  109
   97   88   81   76   72   68   65   62   61
    67.5-180.0 180.0   5.0 450.0                            LAT/LON1/LON2/DLON/H
   86   84   82   81   80   79   79   79   78   79   79   79   80   80   80   81
   84   89   97  111  129  152  177  204  228  250  266  276  281  280  276  269
  260  251  241  231  221  211  199  187  174  161  146  132  119  107   99   96
   98  107  121  138  158  176  189  196  196  188  174  157  139  123  111  103
   99   98   98   99   98   96   93   89   86
    65.0-180.0 180.0   5.0 450.0                            LAT/LON1/LON2/DLON/H
  106  101   98   95   92   89   86   83   80   79   78   78   79   79   80   82
   85   91  101  117  139  166  196  227  257  281  300  311  315  314  309  303
  295  286  278  269  260  250  239  227  215  201  185  168  149  131  115  103
   96   96  102  114  129  143  154  159  157  148  134  118  103   92   87   88
   94  102  111  117  120  119  116  111  106
    62.5-180.0 180.0   5.0 450.0                            LAT/LON1/LON2/DLON/H
  112  107  103   99   96   92   88   84   80   78   77   77   78   79   81   83
   87   95  107  124  148  178  211  246  278  305  324  335  339  338  333  327
  320  314  307  299  291  282  272  261  250  236  221  202  181  158  135  114
   97   87   84   88   97  106  114  116  112  102   88   74   62   57   59   69
   83  100  115  125  130  130  125  119  112
    60.0-180.0 180.0   5.0 450.0                            LAT/LON1/LON2/DLON/H
  102   97   94   93   91   89   85   81   77   75   74   75   76   77   80   83
   89   98  112  131  156  186  221  257  290  318  337  348  351  349  345  341
  337  333  328  322  314  305  296  286  277  265  252  234  212  186  158  130
  105   85   73   69   71   75   78   78   73   62   49   36   28   27   35   50
   71   92  111  123  127  125  118  110  102
    57.5-180.0 180.0   5.0 450.0                            LAT/LON1/LON2/DLON/H
   80   76   76   77   79   79   78   75   72   70   70   70   71   73   76   81
   89  101  116  137  162  193  227  263  296  323  341  350  352  350  348  346
  346  345  342  337  329  320  311  303  295  287  276  261  240  214  184  152
  121   94   74   63   58   57   57   55   48   39   27   16   10   11   21   38
   60   82  100  111  113  108   98   88   80
    55.0-180.0 180.0   5.0 450.0                            LAT/LON1/LON2/DLON/H
   52   50   52   58   63   67   68   68   67   66   66   66   66   67   70   77
   88  104  122  144  170  200  232  266  297  322  338  346  346  344  343  344
  347  349  349  345  337  328  320  313  307  302  294  282  264  240  211  177
  144  113   88   71   61   56   52   49   43   35   26   18   13   14   23   38
   56   75   89   95   93   84   72   60   52
    52.5-180.0 180.0   5.0 450.0                            LAT/LON1/LON2/DLON/H
   29   28   33   41   50   57   61   63   64   65   65   63   62   61   64   73
   88  109  132  156  182  210  240  270  299  321  335  339  338  334  333  336
  341  347  349  346  339  330  323  317  314  311  306  297  282  261  235  203
  170  138  111   91   77   68   62   58   53   48   43   38   35   35   39   48
   60   71   79   81   75   63   49   37   29
    50.0-180.0 180.0   5.0 450.0                            LAT/LON1/LON2/DLON/H
   18   17   23   33   44   53   59   63   65   67   67   64   60   57   60   71
   92  118  146  174  199  224  251  278  304  323  333  335  330  323  321  323
  330  338  342  341  336  329  323  320  319  318  314  306  293  275  252  224
  194  163  136  115   99   87   79   73   71   70   69   68   66   64   63   65
   69   72   74   72   64   52   38   26   18
    47.5-180.0 180.0   5.0 450.0                            LAT/LON1/LON2/DLON/H
   23   22   27   37   47   56   63   68   71   74   74   69   62   57   60   74
  100  133  166  196  221  244  267  290  312  329  336  334  324  314  307  308
  315  324  331  333  330  326  324  324  325  324  319  310  297  281  261  237
  210  182  157  136  118  104   93   86   84   87   92   95   95   92   86   81
   78   76   73   69   63   53   41   30   23
    45.0-180.0 180.0   5.0 450.0                            LAT/LON1/LON2/DLON/H
   43   40   43   50   59   66   72   77   81   84   83   78   69   62   64   82
  113  152  191  222  246  265  285  305  324  338  342  336  322  307  296  293
  299  309  319  325  327  327  330  334  336  334  326  313  297  281  262  241
  217  192  169  149  130  113   98   89   87   93  102  109  112  108  100   91
   83   78   75   72   70   65   58   49   43
    42.5-180.0 180.0   5.0 450.0                            LAT/LON1/LON2/DLON/H
   70   66   66   70   75   80   84   87   90   93   93   87   77   69   73   94
  131  175  216  248  270  286  302  320  337  348  350  341  323  303  288  282
  287  300  314  325  332  338  345  352  355  350  337  318  298  278  259  239
  217  195  174  155  136  116   96   83   79   85   97  107  111  108  100   90
   82   77   76   78   80   82   80   75   70
    40.0-180.0 180.0   5.0 450.0                            LAT/LON1/LON2/DLON/H
   95   90   87   89   92   94   95   96   98  101  101   96   86   79   84  109
  151  198  240  271  289  303  317  332  346  356  356  346  327  306  288  281
  287  303  323  340  354  365  375  383  386  377  357  331  304  280  259  238
  217  197  179  162  142  119   95   76   68   72   83   93   97   94   88   81
   75   73   76   82   91   98  101  100   95
    37.5-180.0 180.0   5.0 450.0                            LAT/LON1/LON2/DLON/H
  111  106  103  102  104  104  103  102  102  104  105  100   92   88   97  126
  171  220  261  288  304  315  326  340  352  360  360  351  335  315  299  294
  304  326  353  378  397  411  422  430  430  417  390  356  322  293  269  247
  227  209  194  179  161  136  107   83   69   67   73   79   81   78   73   70
   70   72   77   86   97  107  114  115  111
    35.0-180.0 180.0   5.0 450.0                            LAT/LON1/LON2/DLON/H
  115  111  108  108  109  110  107  103  102  103  104  101   96   95  108  141
  189  239  278  301  313  322  333  345  355  360  360  355  346  334  325  326
  343  373  409  440  463  478  487  492  488  469  437  396  356  322  296  275
  256  240  229  218  203  178  146  116   96   87   84   82   76   71   68   69
   73   78   83   90   99  108  115  118  115
    32.5-180.0 180.0   5.0 450.0                            LAT/LON1/LON2/DLON/H
  108  106  105  106  109  110  107  102   98   98  100   99   96   99  117  155
  206  256  292  311  320  328  338  348  355  358  359  361  362  363  366  378
  404  443  487  524  549  561  565  565  556  533  496  450  406  370  344  324
  308  296  290  284  273  250  218  184  158  140  126  112   97   87   84   88
   94   98   98   98  100  104  108  109  108
    30.0-180.0 180.0   5.0 450.0                            LAT/LON1/LON2/DLON/H
   96   96   97  101  106  108  105   99   94   93   94   95   95  102  125  167
  221  271  304  321  328  335  345  353  357  357  360  369  385  402  420  445
  481  529  580  620  643  650  648  641  627  602  563  515  469  433  409  393
  382  376  374  374  368  349  318  284  253  228  202  175  148  131  126  130
  135  135  127  116  106   99   97   96   96
    27.5-180.0 180.0   5.0 450.0                            LAT/LON1/LON2/DLON/H
   86   88   92   97  104  107  105   98   92   90   91   92   94  104  131  178
  235  286  318  333  340  347  356  362  362  359  364  382  413  448  482  520
  565  619  673  714  733  733  724  711  695  669  631  584  539  505  485  474
  469  468  471  475  473  458  431  399  368  337  302  263  225  200  191  193
  195  188  169  144  119  101   90   86   86
    25.0-180.0 180.0   5.0 450.0                            LAT/LON1/LON2/DLON/H
   86   89   93   99  105  108  106  100   93   90   90   91   94  106  137  188
  249  302  336  351  357  364  372  375  371  366  373  401  445  496  545  593
  644  700  752  789  803  797  782  766  750  727  693  649  607  577  561  556
  556  559  563  568  567  556  534  506  478  446  406  359  314  282  270  269
  265  249  219  181  143  113   94   86   86
    22.5-180.0 180.0   5.0 450.0                            LAT/LON1/LON2/DLON/H
   98  100  103  107  111  114  111  104   97   93   92   93   96  111  145  200
  264  321  357  373  378  384  389  391  385  380  390  425  480  543  602  655
  706  758  805  835  842  832  814  799  786  770  742  704  666  639  627  626
  628  630  631  631  627  617  600  579  556  528  490  441  394  360  345  340
  331  308  269  221  174  135  110   99   98
    20.0-180.0 180.0   5.0 450.0                            LAT/LON1/LON2/DLON/H
  120  121  121  122  122  122  118  110  103   98   97   97  101  117  154  212
  281  342  381  398  402  405  407  407  402  399  413  453  515  585  648  700
  746  788  824  845  847  835  819  809  803  794  775  744  711  686  675  674
  673  668  659  648  637  625  611  597  583  563  531  489  446  415  400  392
  379  352  310  259  207  165  136  123  120
    17.5-180.0 180.0   5.0 450.0                            LAT/LON1/LON2/DLON/H
  146  144  142  138  135  131  125  116  108  103  102  102  108  125  165  227
  299  364  407  425  426  424  423  422  420  423  443  486  549  618  679  725
  761  790  812  823  822  812  802  799  802  802  791  768  739  715  702  696
  686  668  642  615  593  576  563  556  550  541  521  491  459  435  423  415
  400  372  332  285  236  194  165  150  146
    15.0-180.0 180.0   5.0 450.0                            LAT/LON1/LON2/DLON/H
  168  164  158  151  144  138  129  119  110  104  103  106  114  135  177  242
  318  386  432  450  449  440  435  436  441  452  477  521  580  643  696  734
  757  771  779  781  778  773  773  779  790  798  795  778  752  728  710  694
  671  634  587  540  504  481  469  466  468  469  464  449  432  419  411  404
  390  366  333  295  254  217  189  174  168
    12.5-180.0 180.0   5.0 450.0                            LAT/LON1/LON2/DLON/H
  179  173  165  156  148  140  130  118  107  101  101  106  118  144  191  258
  335  407  455  474  468  454  445  449  463  484  515  556  607  660  703  731
  743  744  740  734  732  735  745  760  776  789  791  779  756  730  705  678
  638  580  511  445  396  367  355  354  360  369  376  379  377  375  373  367
  355  337  315  288  258  227  202  187  179
    10.0-180.0 180.0   5.0 450.0                            LAT/LON1/LON2/DLON/H
  177  169  160  152  144  136  125  112  100   93   94  103  121  153  204  273
  352  424  475  494  486  467  456  463  487  519  553  590  631  671  705  725
  729  721  708  698  699  711  730  751  769  781  785  776  756  729  698  659
  603  526  438  357  300  269  256  255  260  272  287  302  314  321  322  317
  308  297  285  271  250  225  203  186  177
     7.5-180.0 180.0   5.0 450.0                            LAT/LON1/LON2/DLON/H
  162  153  144  138  133  126  116  102   90   83   85   97  121  161  217  288
  366  439  492  513  504  482  470  482  515  555  591  621  650  679  705  721
  722  710  694  684  689  709  736  758  773  780  781  774  756  729  693  646
  579  490  391  303  245  216  205  201  200  206  222  243  263  275  277  272
  264  259  256  250  236  214  192  174  162
     5.0-180.0 180.0   5.0 450.0                            LAT/LON1/LON2/DLON/H
  141  130  122  119  117  114  105   92   79   73   75   91  122  169  230  302
  378  450  505  530  523  502  491  506  545  589  624  646  663  683  705  722
  726  717  702  695  705  731  761  781  788  786  781  772  757  732  696  647
  577  485  385  301  249  228  220  211  199  194  202  222  242  254  253  245
  237  235  237  235  223  201  176  156  141
     2.5-180.0 180.0   5.0 450.0                            LAT/LON1/LON2/DLON/H
  121  109  102  100  102  102   95   83   71   65   68   87  123  176  242  314
  388  459  516  545  545  527  518  535  576  620  649  662  670  684  706  729
  740  737  727  725  740  770  799  813  809  795  781  770  757  736  706  662
  598  514  424  353  315  306  302  287  261  239  233  243  257  263  257  244
  235  234  237  233  218  192  163  139  121
