ionex_data/COD0OPSFIN_20230200000_01D_01H_GIM.INX
     1.0            IONOSPHERE MAPS     GNSS                IONEX VERSION / TYPE
ADDNEQ2 V5.5        AIUB                24-JAN-23 21:20     PGM / RUN BY / DATE 
CODE'S GLOBAL IONOSPHERE MAPS FOR DAY 020, 2023             COMMENT             
Global ionosphere maps (GIM) are generated on a daily basis DESCRIPTION         
at CODE using data from about 300 GNSS sites of the IGS and DESCRIPTION         
other institutions. The vertical total electron content     DESCRIPTION         
(VTEC) is modeled in a solar-geomagnetic reference frame    DESCRIPTION         
using a spherical harmonics expansion up to degree and      DESCRIPTION         
order 15. Piece-wise linear functions are used for          DESCRIPTION         
representation in the time domain. The time spacing of      DESCRIPTION         
their vertices is 1 hour, conforming with the epochs of the DESCRIPTION         
VTEC maps.                                                  DESCRIPTION         
To convert line-of-sight TEC into vertical TEC, a modified  DESCRIPTION         
single-layer model mapping function approximating the JPL   DESCRIPTION         
extended slab model mapping function is adopted. The        DESCRIPTION         
mapping function is evaluated at geodetic satellite         DESCRIPTION         
elevation angles. For the computation of the ionospheric    DESCRIPTION         
pierce points, a spherical layer with a radius of 6821 km   DESCRIPTION         
is assumed, implying geocentric, not geodetic IONEX         DESCRIPTION         
latitudes.                                                  DESCRIPTION         
Instrumental biases with respect to each involved GNSS code DESCRIPTION         
observable are estimated as constant values for each        DESCRIPTION         
day. They are modeled with one set of bias parameters for   DESCRIPTION         
each satellite and each station in case of GPS and for each DESCRIPTION         
satellite-station link in case of GLONASS. The code bias    DESCRIPTION         
datum is defined by zero-mean conditions imposed on the     DESCRIPTION         
satellite bias estimates. In this file, just GPS C1W-C2W    DESCRIPTION         
satellite and station bias values are included. The         DESCRIPTION         
complete set of GNSS code bias results is provided in an    DESCRIPTION         
additional Bias-SINEX file as pseudo-absolute values        DESCRIPTION         
specific to each observable.                                DESCRIPTION         
Note: These GIM results correspond to the results for the   DESCRIPTION         
middle day of a 3-day combination analysis solving for 73   DESCRIPTION         
times 256, or 18688 VTEC parameters and 3 daily sets of     DESCRIPTION         
GNSS code bias parameters.                                  DESCRIPTION         
Contact address: code(at)aiub.unibe.ch                      DESCRIPTION         
Data archive:    ftp.aiub.unibe.ch/CODE/                    DESCRIPTION         
                 www.aiub.unibe.ch/download/CODE/           DESCRIPTION         
  2023     1    20     0     0     0                        EPOCH OF FIRST MAP  
  2023     1    21     0     0     0                        EPOCH OF LAST MAP   
  3600                                                      INTERVAL            
[...]
bake barh bndy boav bogo bogt bor1 braz brst brux bshm cas1 COMMENT             
ccj2 cedu chpg chpi chti chur ckis cnmr coco cord cpvg cpxf COMMENT             
crar cro1 daej darw dav1 dgar dhlg drao dubo ebre faa1 fair COMMENT             
flrs frdn ftna func ganp glps gode godz gol2 gold gope gras COMMENT             
graz guam guug harb hers hert hlfx hob2 hofn holb hrao hyde COMMENT             
iddr ieng iisc ineg invk iqal isba jog2 joz2 joze karr kerg COMMENT             
kir0 kiru kit3 kokb kokv koug kour krgg laut lmmf lpal lpgs COMMENT             
m0se mac1 madr mal2 mana mas1 mat1 mate maw1 mcm4 mdo1 mdvj COMMENT             
medi mets mgue mizu mkea mnls mobs monp morp mqzg mro1 mtka COMMENT             
nano nico nist nium nklg nlib nnor not1 nrc1 nrmd ntus nya1 COMMENT             
nyal ohi2 onsa opmt ous2 pado park pdel penc pert pie1 pimo COMMENT             
pohn pol2 polv pots pove prds ptag ptbb ptvl qaq1 quin ramo COMMENT             
reun reyk rgdg rio2 riop salu samo sant savo sch2 scor scrz COMMENT             
sctb scub seyg sofi spt0 ssia sthl stjo stk2 str2 suth sutm COMMENT             
sydn syog tabl tabv tash thtg thti thu2 tid1 tidb tlse tn22 COMMENT             
tong tow2 tro1 tsea tskb tuva twtf txes uclu ufpr ulab unb3 COMMENT             
unbj unsa urum usn7 usud vald vill voim vtsp wab1 wab2 wark COMMENT             
wes2 wgtn whit will wind wsrt wtza wtzl wtzr wtzs wuhn xmis COMMENT             
yar2 yar3 yarr yell ykro zamb zeck zim2 zim3 zimm           COMMENT             
                                                            END OF HEADER       
[from data line 9438]
    23                                                      START OF TEC MAP    
  2023     1    20    22     0     0                        EPOCH OF CURRENT MAP
    87.5-180.0 180.0   5.0 450.0                            LAT/LON1/LON2/DLON/H
  185  186  188  190  192  193  195  196  198  199  200  201  202  202  202  203
  203  203  202  202  201  201  200  199  198  198  197  195  194  193  192  191
  190  189  187  186  185  184  183  181  180  179  178  177  176  175  174  173
  173  172  172  171  171  171  170  170  170  171  171  171  172  172  173  174
  174  175  176  178  179  180  182  183  185
    85.0-180.0 180.0   5.0 450.0                            LAT/LON1/LON2/DLON/H
  169  172  176  180  184  188  192  195  199  202  204  206  207  208  209  208
  208  206  205  203  201  199  198  196  194  192  191  189  188  186  185  184
  182  181  179  177  175  173  171  169  167  165  163  161  159  157  155  154
  153  152  151  150  150  149  149  149  149  149  149  149  149  149  150  150
  151  152  154  155  157  160  162  165  169
    82.5-180.0 180.0   5.0 450.0                            LAT/LON1/LON2/DLON/H
  144  149  155  162  169  176  183  189  195  201  205  208  209  210  209  207
  204  200  196  192  188  184  180  178  175  174  173  172  172  171  171  171
  171  170  169  167  165  163  160  157  154  151  147  144  141  139  137  135
  133  132  131  131  130  130  129  129  129  128  127  127  126  126  125  125
  125  125  126  128  129  132  135  139  144
    80.0-180.0 180.0   5.0 450.0                            LAT/LON1/LON2/DLON/H
  117  124  132  141  151  162  172  183  192  200  206  210  211  210  207  201
  194  186  178  169  162  156  151  147  145  145  145  147  149  152  155  157
  159  160  160  159  158  156  152  149  144  140  135  131  127  124  121  119
  117  116  116  116  115  115  114  114  113  111  110  108  106  104  103  101
  100  100  100  100  102  104  107  112  117
    77.5-180.0 180.0   5.0 450.0                            LAT/LON1/LON2/DLON/H
   98  105  115  126  138  152  167  181  194  205  213  218  218  215  207  196
  183  169  155  141  130  120  114  110  110  111  115  119  125  131  137  143
  147  150  152  153  153  151  147  143  138  133  127  122  117  113  110  107
  106  106  106  106  106  106  105  103  101   99   96   93   90   87   85   83
   81   80   80   81   82   84   87   92   98
    75.0-180.0 180.0   5.0 450.0                            LAT/LON1/LON2/DLON/H
   94  101  111  123  137  153  171  189  205  220  230  235  234  227  214  197
  177  155  134  114   99   87   79   76   76   80   86   94  103  112  120  128
  134  140  143  145  146  145  142  138  133  127  121  115  110  105  102  100
  100  100  100  101  101  101   99   97   93   89   85   81   77   74   71   70
   69   70   71   73   76   79   83   88   94
    72.5-180.0 180.0   5.0 450.0                            LAT/LON1/LON2/DLON/H
  108  116  125  137  151  168  187  208  228  245  257  263  260  250  231  207
  179  150  122   97   78   63   54   51   52   57   65   74   84   94  103  111
  118  124  129  132  133  133  132  129  125  120  114  109  103   99   96   95
   95   97   98   99   99   98   96   92   87   81   75   70   66   63   62   62
   64   68   73   79   85   90   96  102  108
    70.0-180.0 180.0   5.0 450.0                            LAT/LON1/LON2/DLON/H
  141  148  157  167  179  196  215  237  259  279  293  299  296  283  260  230
  195  160  126   97   74   57   47   43   43   47   54   62   71   79   86   93
   98  103  107  110  112  114  115  115  113  109  105  100   96   92   90   90
   91   93   95   97   97   95   91   86   79   72   65   59   55   53   54   58
   64   73   83   94  105  115  125  133  141
    67.5-180.0 180.0   5.0 450.0                            LAT/LON1/LON2/DLON/H
  185  193  200  208  218  232  250  271  294  316  332  340  337  323  297  263
  224  185  148  116   91   72   60   52   50   50   53   58   62   67   70   73
   75   77   79   81   84   88   91   94   95   94   92   89   86   83   82   83
   85   87   90   91   91   88   84   77   70   62   55   49   46   45   49   55
   66   79   95  112  130  147  162  175  185
    65.0-180.0 180.0   5.0 450.0                            LAT/LON1/LON2/DLON/H
  230  240  247  253  260  270  285  305  327  350  369  379  378  365  339  304
  264  224  186  153  127  106   90   78   69   64   61   60   60   59   58   56
   53   51   50   51   54   59   64   69   73   76   76   75   73   72   72   73
   75   78   81   82   81   78   73   67   59   51   45   40   38   39   44   53
   67   84  105  129  153  177  198  216  230
    62.5-180.0 180.0   5.0 450.0                            LAT/LON1/LON2/DLON/H
  268  282  290  295  299  305  316  332  353  376  397  411  413  403  380  347
  310  271  235  203  176  152  131  112   96   83   74   67   62   58   53   46
   39   33   28   27   28   33   40   47   54   58   60   60   60   60   60   62
   64   66   68   69   68   65   60   55   48   42   37   34   33   35   41   51
   66   86  110  138  168  198  226  250  268
    60.0-180.0 180.0   5.0 450.0                            LAT/LON1/LON2/DLON/H
  294  311  322  327  329  332  339  351  370  392  414  431  438  432  414  386
  354  319  287  257  229  202  175  148  124  104   88   78   70   64   56   47
   37   27   19   14   14   18   25   33   40   46   49   50   50   49   50   51
   53   54   55   55   54   51   48   44   40   36   33   31   31   34   39   48
   63   84  110  140  174  208  241  270  294
    57.5-180.0 180.0   5.0 450.0                            LAT/LON1/LON2/DLON/H
  306  327  341  348  351  351  355  363  379  399  421  440  451  450  438  417
  390  361  333  305  277  247  214  180  148  122  103   91   83   77   69   59
   47   35   24   17   15   17   22   30   36   41   44   45   44   44   44   45
   45   46   45   44   43   41   39   37   35   34   33   33   33   35   39   47
   61   80  106  138  173  210  245  278  306
    55.0-180.0 180.0   5.0 450.0                            LAT/LON1/LON2/DLON/H
  308  333  351  362  366  367  367  373  384  402  422  441  454  458  451  436
  414  390  365  340  312  280  242  203  167  137  117  106  100   94   87   77
   64   51   40   31   27   28   31   37   42   46   48   48   47   46   45   45
   44   43   42   40   38   36   36   36   36   37   38   38   38   39   42   48
   60   78  104  136  171  208  244  278  308
    52.5-180.0 180.0   5.0 450.0                            LAT/LON1/LON2/DLON/H
  308  335  358  373  380  382  382  385  392  406  422  439  453  459  456  444
  426  405  382  359  332  299  260  219  181  151  132  122  117  111  103   93
   80   68   57   50   45   45   47   51   55   57   58   57   56   54   54   53
   51   49   46   43   41   40   40   41   43   44   45   45   45   45   47   52
   63   81  107  139  174  209  244  277  308
    50.0-180.0 180.0   5.0 450.0                            LAT/LON1/LON2/DLON/H
  311  340  366  386  397  402  402  403  407  416  427  439  450  456  455  444
  427  406  385  363  338  307  270  230  193  165  148  138  130  122  110   98
   85   76   68   63   61   61   63   66   69   71   72   72   71   69   69   68
   66   63   59   55   52   50   51   52   53   53   53   52   51   50   52   58
   70   90  117  150  185  219  250  281  311
    47.5-180.0 180.0   5.0 450.0                            LAT/LON1/LON2/DLON/H
  321  351  379  403  419  426  428  429  430  433  438  444  451  455  453  442
  423  400  378  358  336  310  277  241  207  181  163  150  137  121  103   87
   75   69   67   67   68   70   73   77   81   84   87   88   88   88   88   87
   86   82   78   73   69   66   66   66   65   63   60   57   55   55   58   65
   80  103  134  169  205  237  266  293  321
    45.0-180.0 180.0   5.0 450.0                            LAT/LON1/LON2/DLON/H
  338  368  398  424  443  453  457  458  457  456  454  454  455  457  453  441
  419  394  370  351  335  314  287  255  224  197  176  156  134  108   82   63
   53   52   56   61   66   70   75   80   87   93   99  103  106  107  108  108
  107  104   99   93   88   84   82   79   76   71   66   61   58   59   63   74
   92  119  154  192  229  261  287  312  338
    42.5-180.0 180.0   5.0 450.0                            LAT/LON1/LON2/DLON/H
  358  388  419  446  466  476  482  483  482  477  470  464  462  462  458  444
  420  392  367  351  339  325  303  273  241  211  184  156  124   89   58   38
   31   36   46   56   62   67   72   79   88   98  107  115  121  124  126  127
  126  124  118  111  104   99   94   90   84   77   69   63   60   62   69   83
  105  136  173  214  253  285  311  333  358
    40.0-180.0 180.0   5.0 450.0                            LAT/LON1/LON2/DLON/H
  377  406  437  463  481  491  497  499  499  493  482  472  468  467  465  452
  428  398  375  361  354  343  323  292  255  219  185  151  113   76   46   30
   31   42   55   65   69   71   73   79   89  100  112  124  132  137  140  141
  140  138  132  124  115  107  100   94   87   79   71   64   61   65   75   93
  118  150  188  230  270  303  329  352  377
    37.5-180.0 180.0   5.0 450.0                            LAT/LON1/LON2/DLON/H
  390  419  448  472  487  494  498  502  502  497  485  474  469  471  471  462
  440  413  392  381  376  367  343  306  262  220  182  146  113   83   65   62
   72   88  100  103   99   91   87   87   93  104  117  130  140  146  147  147
  147  144  138  129  118  107   99   93   86   79   71   65   63   68   82  102
  129  162  199  239  278  313  340  365  390
    35.0-180.0 180.0   5.0 450.0                            LAT/LON1/LON2/DLON/H
  396  424  451  472  482  486  488  492  495  490  479  468  464  469  475  471
  454  432  415  407  402  389  358  312  260  214  177  151  134  126  131  147
  169  187  191  180  159  136  119  109  107  112  122  135  144  149  149  148
  146  144  137  126  113  100   91   86   81   76   71   66   66   73   89  112
  140  172  206  242  280  315  344  370  396
    32.5-180.0 180.0   5.0 450.0                            LAT/LON1/LON2/DLON/H
  399  425  449  465  472  473  473  477  482  479  469  459  456  463  473  475
  465  449  437  431  425  404  364  309  251  206  179  174  186  212  249  289
  322  335  324  291  247  204  169  145  130  125  130  139  147  149  147  143
  140  137  130  118  103   89   80   76   74   73   71   69   69   78   96  122
  152  182  212  244  279  314  346  373  399
    30.0-180.0 180.0   5.0 450.0                            LAT/LON1/LON2/DLON/H
  403  426  446  460  465  464  464  469  474  474  464  453  448  455  466  471
  467  459  453  448  437  408  359  298  242  206  198  221  271  338  410  473
  511  513  479  419  349  285  231  190  160  143  138  142  147  147  142  136
  132  128  121  108   91   77   68   66   68   70   72   71   73   83  103  133
  166  196  223  252  284  319  351  379  403
    27.5-180.0 180.0   5.0 450.0                            LAT/LON1/LON2/DLON/H
  415  433  450  463  469  469  471  477  484  484  474  459  450  451  457  462
  461  459  457  452  436  400  347  289  243  224  241  296  383  487  590  668
  703  687  625  537  443  359  290  234  190  160  146  145  148  145  138  129
  124  120  112   99   82   68   60   59   64   69   73   74   76   87  110  145
  183  216  242  268  299  334  368  394  415
    25.0-180.0 180.0   5.0 450.0                            LAT/LON1/LON2/DLON/H
  440  453  467  481  490  497  503  511  519  518  506  486  468  457  453  451
  450  450  451  445  424  385  335  290  263  268  310  392  506  636  755  835
  857  816  727  614  502  407  330  265  212  172  152  147  148  145  135  125
  118  114  107   94   78   65   58   58   63   70   75   76   79   90  117  157
  202  240  269  296  328  364  398  423  440
    22.5-180.0 180.0   5.0 450.0                            LAT/LON1/LON2/DLON/H
  477  486  498  515  532  547  560  572  580  578  563  536  507  480  460  446
  440  439  440  432  407  370  333  310  311  340  401  495  618  752  868  935
  935  868  754  625  507  412  337  274  218  176  153  148  150  147  137  125
  117  112  105   94   80   68   62   62   66   72   77   78   81   94  124  171
  223  268  303  333  368  407  442  465  477
    20.0-180.0 180.0   5.0 450.0                            LAT/LON1/LON2/DLON/H
  525  530  542  564  589  614  635  652  661  659  641  608  566  523  484  455
  439  434  432  421  396  366  349  355  386  436  502  589  696  810  902  943
  915  825  697  565  453  370  309  256  208  170  151  150  155  154  143  130
  121  115  109   98   86   77   73   71   73   76   79   80   84   98  132  185
  245  297  339  375  414  457  493  516  525
    17.5-180.0 180.0   5.0 450.0                            LAT/LON1/LON2/DLON/H
  575  580  593  619  653  687  716  737  749  748  729  693  642  584  528  483
  456  444  437  423  399  381  386  423  480  541  597  655  722  795  848  855
  802  696  566  443  350  289  250  218  185  159  149  154  164  165  154  140
  129  122  115  106   96   90   86   83   81   80   81   82   87  105  143  200
  265  324  372  414  458  504  543  566  575
    15.0-180.0 180.0   5.0 450.0                            LAT/LON1/LON2/DLON/H
  620  628  644  674  713  754  788  813  827  829  813  778  724  657  588  531
  494  475  462  444  423  417  444  506  581  639  668  679  690  708  717  692
  621  513  394  292  225  192  180  171  159  149  150  164  178  181  170  154
  141  132  124  115  107  103  100   95   89   84   83   85   93  114  155  216
  283  346  398  445  493  542  583  609  620
    12.5-180.0 180.0   5.0 450.0                            LAT/LON1/LON2/DLON/H
  654  667  687  719  760  801  838  865  882  888  879  850  800  733  661  597
  554  528  510  489  470  473  515  593  671  713  703  657  607  571  539  493
  420  324  227  152  113  107  120  135  142  148  161  181  199  202  191  173
  157  146  136  126  119  115  112  106   97   89   86   88  100  125  170  231
  298  361  414  464  514  564  607  637  654
    10.0-180.0 180.0   5.0 450.0                            LAT/LON1/LON2/DLON/H
  672  693  717  749  786  825  859  886  906  918  919  901  861  802  735  674
  629  599  577  553  535  542  590  668  737  752  698  598  494  415  359  310
  250  180  113   65   49   63   93  124  146  164  184  207  224  227  214  194
  176  162  150  139  131  126  123  115  105   94   89   93  108  138  185  245
  309  369  422  471  520  569  613  647  672
     7.5-180.0 180.0   5.0 450.0                            LAT/LON1/LON2/DLON/H
  676  706  734  763  794  825  854  879  901  920  930  925  900  857  803  750
  709  679  654  629  610  616  658  723  769  753  660  519  380  279  221  188
  158  121   83   58   55   76  112  149  177  199  220  240  254  253  238  217
  198  182  168  155  144  137  132  124  112  101   94   98  116  149  198  257
  317  372  422  469  515  560  603  642  676
     5.0-180.0 180.0   5.0 450.0                            LAT/LON1/LON2/DLON/H
  667  706  739  764  787  809  832  855  879  902  920  927  918  892  856  817
  783  755  731  706  685  684  710  751  770  725  606  444  294  196  158  157
  164  162  149  136  134  150  179  211  235  251  265  278  284  279  262  240
  222  206  191  175  160  149  140  132  120  109  101  104  123  159  209  266
  321  371  418  462  503  543  583  625  667
     2.5-180.0 180.0   5.0 450.0                            LAT/LON1/LON2/DLON/H
  651  698  735  759  775  790  807  828  853  879  902  916  918  909  890  866
  841  817  796  773  751  739  744  757  748  684  556  397  260  186  181  220
  265  292  294  281  269  269  282  299  310  314  314  315  312  302  284  264
  246  232  217  199  180  163  151  141  130  119  110  111  129  167  217  271
  322  368  411  452  488  522  557  601  651
