ionex_data/COD0OPSFIN_20230420000_01D_01H_GIM.INX
     1.0            IONOSPHERE MAPS     GNSS                IONEX VERSION / TYPE
ADDNEQ2 V5.5        AIUB                15-FEB-23 21:29     PGM / RUN BY / DATE 
CODE'S GLOBAL IONOSPHERE MAPS FOR DAY 042, 2023             COMMENT             
Global ionosphere maps (GIM) are generated on a daily basis DESCRIPTION         
at CODE using data from about 300 GNSS sites of the IGS and DESCRIPTION         
other institutions. The vertical total electron content     DESCRIPTION         
(VTEC) is modeled in a solar-geomagnetic reference frame    DESCRIPTION         
using a spherical harmonics expansion up to degree and      DESCRIPTION         
order 15. Piece-wise linear functions are used for          DESCRIPTION         
representation in the time domain. The time spacing of      DESCRIPTION         
their vertices is 1 hour, conforming with the epochs of the DESCRIPTION         
VTEC maps.                                                  DESCRIPTION         
To convert line-of-sight TEC into vertical TEC, a modified  DESCRIPTION         
single-layer model mapping function approximating the JPL   DESCRIPTION         
extended slab model mapping function is adopted. The        DESCRIPTION         
mapping function is evaluated at geodetic satellite         DESCRIPTION         
elevation angles. For the computation of the ionospheric    DESCRIPTION         
pierce points, a spherical layer with a radius of 6821 km   DESCRIPTION         
is assumed, implying geocentric, not geodetic IONEX         DESCRIPTION         
latitudes.                                                  DESCRIPTION         
Instrumental biases with respect to each involved GNSS code DESCRIPTION         
observable are estimated as constant values for each        DESCRIPTION         
day. They are modeled with one set of bias parameters for   DESCRIPTION         
each satellite and each station in case of GPS and for each DESCRIPTION         
satellite-station link in case of GLONASS. The code bias    DESCRIPTION         
datum is defined by zero-mean conditions imposed on the     DESCRIPTION         
satellite bias estimates. In this file, just GPS C1W-C2W    DESCRIPTION         
satellite and station bias values are included. The         DESCRIPTION         
complete set of GNSS code bias results is provided in an    DESCRIPTION         
additional Bias-SINEX file as pseudo-absolute values        DESCRIPTION         
specific to each observable.                                DESCRIPTION         
Note: These GIM results correspond to the results for the   DESCRIPTION         
middle day of a 3-day combination analysis solving for 73   DESCRIPTION         
times 256, or 18688 VTEC parameters and 3 daily sets of     DESCRIPTION         
GNSS code bias parameters.                                  DESCRIPTION         
Contact address: code(at)aiub.unibe.ch                      DESCRIPTION         
Data archive:    ftp.aiub.unibe.ch/CODE/                    DESCRIPTION         
                 www.aiub.unibe.ch/download/CODE/           DESCRIPTION         
  2023     2    11     0     0     0                        EPOCH OF FIRST MAP  
  2023     2    12     0     0     0                        EPOCH OF LAST MAP   
  3600                                                      INTERVAL            
[...]
brst brux bshm cags cas1 ccj2 cedu chpg chpi chti chur coco COMMENT             
cord cpvg cpxf crar cro1 daej darw dav1 dhlg drao dubo ebre COMMENT             
faa1 fair flrs frdn ftna func ganp glps glsv gode godz gol2 COMMENT             
gold gope gras graz guam guug harb hers hert hlfx hob2 hofn COMMENT             
holb hrao hyde iddr ieng iisc ineg invk iqal isba jog2 joz2 COMMENT             
joze karr kerg kir0 kiri kiru kit3 kokb kokv kouc koug kour COMMENT             
krgg laut lmmf lpal lpgs m0se mac1 madr mal2 mana mas1 mat1 COMMENT             
mate maw1 mcm4 mdo1 mdvj medi mets mgue mizu mkea mnls mobs COMMENT             
monp morp mqzg mro1 mtka nano nico nist nium nklg nlib nnor COMMENT             
not1 nrc1 nrmd ntus nya1 nyal ohi2 onsa opmt ous2 pado parc COMMENT             
park pdel penc pert pie1 pimo pohn pol2 polv pots pove prds COMMENT             
ptag ptbb ptvl qaq1 quin ramo reun reyk rgdg rio2 riop salu COMMENT             
samo sant savo sch2 scor scrz sctb scub seyg smst sofi spt0 COMMENT             
ssia sthl stjo stk2 str2 suth sutm suwn sydn syog tabl tabv COMMENT             
tash thtg thti thu2 tid1 tidb tlse tn22 tong tow2 tro1 tsea COMMENT             
tskb tuva twtf txes uclu ufpr ulab unb3 unbj unsa urum usn7 COMMENT             
usud vald vill voim vtsp wab1 wab2 wark wes2 wgtn whit will COMMENT             
wsrt wtza wtzl wtzr wtzs wtzz wuhn xmis yar2 yar3 yarr ykro COMMENT             
zamb zeck zim2 zim3 zimm                                    COMMENT             
                                                            END OF HEADER       
[from data line 6435]
    16                                                      START OF TEC MAP    
  2023     2    11    15     0     0                        EPOCH OF CURRENT MAP
    87.5-180.0 180.0   5.0 450.0                            LAT/LON1/LON2/DLON/H
  192  192  193  193  194  195  195  196  197  197  198  198  199  199  200  200
  200  201  201  201  201  200  200  200  199  199  198  197  197  196  195  194
  193  192  191  190  189  188  187  186  186  185  185  185  185  185  185  186
  186  187  187  188  189  189  190  190  191  191  191  192  192  192  192  192
  192  191  191  191  191  191  192  192  192
    85.0-180.0 180.0   5.0 450.0                            LAT/LON1/LON2/DLON/H
  169  170  171  172  173  175  177  179  181  182  184  186  187  188  189  190
  191  191  192  192  193  193  193  193  193  192  192  191  190  188  186  184
  182  179  176  174  171  168  166  164  162  161  160  160  161  162  164  166
  168  171  174  177  179  182  184  185  186  187  187  186  185  184  182  180
  178  176  174  173  171  170  169  169  169
    82.5-180.0 180.0   5.0 450.0                            LAT/LON1/LON2/DLON/H
  134  135  136  138  141  145  148  152  155  158  161  163  165  166  167  168
  169  170  171  172  173  175  176  178  180  181  182  183  183  182  180  177
  174  170  165  159  154  149  144  139  136  133  132  132  134  137  141  146
  152  158  164  171  177  182  186  189  191  191  190  188  184  180  175  169
  163  157  151  146  142  138  136  134  134
    80.0-180.0 180.0   5.0 450.0                            LAT/LON1/LON2/DLON/H
   95   96   98  102  107  112  117  122  127  131  134  136  138  139  139  139
  139  140  142  144  147  151  156  161  166  171  176  180  182  183  182  180
  176  170  163  155  146  137  129  122  115  111  109  109  111  116  123  131
  141  152  163  174  183  192  198  203  205  204  202  197  190  181  172  161
  150  139  128  119  111  104   99   96   95
    77.5-180.0 180.0   5.0 450.0                            LAT/LON1/LON2/DLON/H
   64   65   68   73   79   86   92   99  104  109  112  113  114  113  112  111
  111  111  113  117  123  130  139  148  158  168  178  186  192  196  197  195
  191  184  175  164  152  140  128  117  108  101   97   97   99  105  114  126
  139  154  169  183  196  207  216  221  223  222  217  210  200  187  173  158
  143  127  112   99   87   77   70   66   64
    75.0-180.0 180.0   5.0 450.0                            LAT/LON1/LON2/DLON/H
   48   49   53   58   65   73   80   87   92   96   99   99   98   96   94   92
   91   92   95  101  110  121  134  148  163  178  192  203  213  219  223  222
  218  211  200  187  172  157  142  128  116  107  101   98  100  106  116  128
  143  160  177  194  208  221  229  235  236  233  227  218  207  192  177  160
  142  124  107   91   77   65   56   51   48
    72.5-180.0 180.0   5.0 450.0                            LAT/LON1/LON2/DLON/H
   51   51   55   61   67   75   82   88   92   95   96   96   94   91   88   86
   86   88   93  102  114  129  146  164  182  200  217  231  242  250  255  255
  252  244  233  219  202  185  168  152  138  126  118  114  114  117  125  136
  150  165  182  198  211  222  230  234  234  230  223  214  203  190  176  160
  144  127  111   95   80   68   59   53   51
    70.0-180.0 180.0   5.0 450.0                            LAT/LON1/LON2/DLON/H
   67   68   71   77   83   89   94   99  101  103  103  102  100   97   95   95
   96  101  109  121  136  154  174  194  213  232  248  263  274  282  287  288
  285  278  267  253  236  219  201  184  170  157  147  139  135  134  137  143
  153  164  177  189  200  207  212  213  210  206  199  192  183  174  165  155
  144  132  119  106   93   83   74   69   67
    67.5-180.0 180.0   5.0 450.0                            LAT/LON1/LON2/DLON/H
   88   89   93   98  103  108  111  113  114  114  113  112  111  110  111  113
  118  126  138  153  171  191  212  231  250  266  280  291  301  309  314  316
  314  308  299  285  270  253  236  220  205  192  180  170  160  153  149  148
  150  155  161  168  173  176  176  173  168  162  156  151  147  145  142  140
  137  131  125  116  108   99   93   89   88
    65.0-180.0 180.0   5.0 450.0                            LAT/LON1/LON2/DLON/H
  103  106  111  116  120  123  124  123  122  121  120  120  122  124  128  135
  144  157  173  191  211  231  251  268  282  294  304  312  320  327  333  337
  338  335  327  315  300  284  269  254  241  228  215  201  186  171  158  148
  141  138  138  138  138  135  130  123  116  108  103  101  102  105  110  116
  120  123  123  120  115  109  105  103  103
    62.5-180.0 180.0   5.0 450.0                            LAT/LON1/LON2/DLON/H
  105  110  116  122  126  128  127  125  122  120  120  122  127  133  142  154
  168  186  205  226  247  266  282  295  304  311  317  322  329  338  347  355
  359  359  354  343  329  313  298  284  272  260  247  230  209  187  165  146
  131  121  114  109  104   96   87   77   67   59   54   53   57   65   75   87
   98  106  111  112  110  107  104  103  105
    60.0-180.0 180.0   5.0 450.0                            LAT/LON1/LON2/DLON/H
   92   98  105  113  118  120  119  116  112  111  112  117  125  135  149  166
  185  207  230  252  272  288  300  308  313  316  319  324  333  345  359  372
  382  385  382  371  356  340  324  311  300  289  275  256  232  203  174  147
  125  110   99   90   82   72   60   48   37   28   22   22   26   34   46   60
   73   85   93   96   95   93   90   90   92
    57.5-180.0 180.0   5.0 450.0                            LAT/LON1/LON2/DLON/H
   68   74   82   91   97  101  100   98   95   95   98  106  117  131  149  170
  195  220  246  268  286  299  306  309  310  312  315  323  335  352  372  392
  407  415  413  402  385  366  348  334  323  313  300  280  254  221  187  155
  129  111   98   88   78   68   55   43   31   23   17   15   17   23   32   43
   55   66   73   77   76   72   68   66   68
    55.0-180.0 180.0   5.0 450.0                            LAT/LON1/LON2/DLON/H
   42   47   54   64   72   76   77   76   75   77   83   93  106  124  145  170
  198  228  255  277  293  301  304  304  303  306  312  324  342  364  390  414
  434  445  444  433  414  392  372  356  344  335  322  304  277  243  206  172
  145  125  113  103   93   83   71   60   51   43   38   34   32   33   35   41
   48   56   61   62   59   54   47   43   42
    52.5-180.0 180.0   5.0 450.0                            LAT/LON1/LON2/DLON/H
   25   26   32   40   49   54   57   58   59   64   72   84   99  118  141  169
  201  234  263  285  297  302  301  300  300  306  317  333  354  380  408  435
  457  469  470  460  440  417  394  376  363  354  343  326  300  267  231  197
  170  151  138  129  119  109   99   91   84   80   76   71   66   60   55   53
   54   57   59   58   53   46   37   29   25
    50.0-180.0 180.0   5.0 450.0                            LAT/LON1/LON2/DLON/H
   24   21   23   29   36   42   45   48   51   58   69   82   99  118  142  173
  208  243  274  296  307  308  306  304  308  317  332  350  372  396  422  447
  468  482  485  477  460  438  415  396  381  371  360  346  323  293  258  225
  198  179  167  156  146  135  126  120  118  118  117  113  105   94   83   75
   70   68   68   65   60   52   42   31   24
    47.5-180.0 180.0   5.0 450.0                            LAT/LON1/LON2/DLON/H
   39   32   30   33   37   42   45   48   53   61   74   89  106  126  150  182
  220  259  292  314  324  324  321  321  328  340  356  373  390  407  426  445
  463  477  484  482  472  455  434  414  398  386  375  362  342  315  283  251
  224  204  189  176  162  149  140  136  137  142  146  144  136  124  110   98
   90   85   83   81   77   70   60   49   39
    45.0-180.0 180.0   5.0 450.0                            LAT/LON1/LON2/DLON/H
   67   57   52   50   52   54   55   57   62   72   86  103  121  140  165  198
  239  280  315  338  348  349  347  349  358  372  386  397  405  410  418  429
  443  457  470  477  477  468  453  434  415  400  387  375  357  333  302  271
  243  221  203  186  167  150  138  134  138  146  153  155  150  140  127  115
  106  101   99   98   96   93   87   77   67
    42.5-180.0 180.0   5.0 450.0                            LAT/LON1/LON2/DLON/H
   97   87   80   76   75   74   72   71   74   85  101  120  139  159  185  219
  261  304  341  365  375  377  378  383  393  406  415  416  412  405  401  404
  415  431  450  468  481  484  476  458  436  415  399  385  369  346  317  285
  257  233  212  191  167  145  129  122  124  132  141  145  145  139  130  121
  115  111  109  109  110  111  110  105   97
    40.0-180.0 180.0   5.0 450.0                            LAT/LON1/LON2/DLON/H
  119  112  105  101   98   94   89   84   85   96  114  136  157  180  207  242
  284  327  363  388  400  405  408  414  425  434  436  428  412  395  385  385
  396  416  442  470  495  509  507  490  464  436  414  397  381  359  331  300
  272  249  227  203  177  150  128  115  112  114  120  124  126  126  123  120
  116  113  111  111  113  118  122  123  119
    37.5-180.0 180.0   5.0 450.0                            LAT/LON1/LON2/DLON/H
  126  124  120  117  114  109  100   92   91  101  121  147  173  199  229  264
  306  346  381  405  418  425  431  438  447  451  447  432  411  392  383  387
  403  429  460  495  528  550  553  535  503  468  439  418  400  379  352  324
  299  280  262  240  213  183  155  134  119  111  107  107  109  112  115  116
  116  113  108  105  105  110  118  125  126
    35.0-180.0 180.0   5.0 450.0                            LAT/LON1/LON2/DLON/H
  117  119  119  119  119  114  104   93   89   99  122  153  184  216  249  286
  325  361  392  414  428  437  444  451  456  457  449  433  416  406  409  427
  453  484  517  553  587  610  614  594  556  513  477  452  433  413  389  366
  348  337  327  312  288  257  224  191  163  139  121  110  107  111  117  122
  122  117  108   98   93   94  102  111  117
    32.5-180.0 180.0   5.0 450.0                            LAT/LON1/LON2/DLON/H
   97  101  105  109  112  109   99   87   81   92  118  153  192  230  268  306
  342  373  399  418  432  442  449  453  455  454  447  438  435  445  471  509
  549  585  615  644  670  689  689  665  622  573  532  503  484  466  446  430
  422  423  426  421  403  373  334  292  248  206  170  145  134  133  139  144
  143  135  119  100   85   79   82   89   97
    30.0-180.0 180.0   5.0 450.0                            LAT/LON1/LON2/DLON/H
   74   78   83   90   97   98   89   76   71   82  111  152  198  243  287  327
  360  385  405  421  435  444  448  448  447  447  448  454  473  511  568  630
  685  722  743  757  769  776  770  742  696  645  601  572  553  537  523  514
  517  531  547  553  542  514  472  421  365  306  253  213  190  182  184  186
  182  170  147  119   92   74   68   69   74
    27.5-180.0 180.0   5.0 450.0                            LAT/LON1/LON2/DLON/H
   59   59   63   70   80   83   77   66   61   73  105  151  203  256  305  347
  378  399  414  428  441  448  447  442  439  443  457  484  530  600  687  773
  839  873  880  874  867  860  846  816  771  722  680  653  636  622  611  608
  619  643  669  683  677  650  608  553  489  420  355  302  269  253  247  245
  237  221  193  156  119   88   69   61   59
    25.0-180.0 180.0   5.0 450.0                            LAT/LON1/LON2/DLON/H
   59   52   51   57   66   72   69   60   56   70  104  153  210  268  323  367
  397  415  429  442  454  457  450  440  436  448  478  528  601  699  810  913
  984 1011 1002  975  948  926  906  877  838  795  760  736  721  708  697  695
  708  735  763  778  773  749  708  655  592  522  453  396  355  331  319  310
  299  280  249  208  162  120   89   70   59
    22.5-180.0 180.0   5.0 450.0                            LAT/LON1/LON2/DLON/H
   76   61   53   54   61   67   66   59   58   73  107  158  218  280  339  385
  416  434  448  463  474  473  459  443  441  463  511  582  676  792  916 1024
 1093 1110 1085 1040  997  965  942  918  888  857  830  811  797  782  767  758
  764  782  803  812  804  779  744  699  646  587  526  472  431  402  384  370
  355  335  304  262  212  164  125   96   76
    20.0-180.0 180.0   5.0 450.0                            LAT/LON1/LON2/DLON/H
  107   85   69   63   66   71   70   65   65   81  116  167  227  291  352  400
  432  453  472  490  501  495  473  453  454  489  553  639  744  865  987 1089
 1147 1153 1116 1061 1009  973  952  936  919  900  883  869  854  833  808  785
  772  772  775  770  755  731  703  674  640  601  559  518  482  453  430  412
  395  374  345  306  258  209  166  133  107
    17.5-180.0 180.0   5.0 450.0                            LAT/LON1/LON2/DLON/H
  143  117   96   83   80   81   79   75   77   93  128  178  238  301  361  410
  445  471  496  519  530  519  490  467  474  521  598  693  797  908 1015 1100
 1143 1139 1098 1042  991  957  941  934  929  923  914  903  885  856  815  770
  732  704  681  659  636  613  597  587  579  567  550  528  503  477  453  431
  411  390  364  329  286  242  203  170  143
    15.0-180.0 180.0   5.0 450.0                            LAT/LON1/LON2/DLON/H
  176  151  126  107   98   95   92   87   89  106  142  191  249  310  368  416
  454  486  519  548  559  542  508  484  499  558  644  739  832  921 1003 1065
 1093 1083 1046  998  956  929  919  921  925  927  924  914  891  851  793  724
  655  595  546  506  477  460  457  468  485  503  512  511  498  477  453  429
  406  383  358  327  293  257  226  200  176
    12.5-180.0 180.0   5.0 450.0                            LAT/LON1/LON2/DLON/H
  201  179  154  132  118  110  104   98  101  119  155  205  261  319  374  422
  462  501  541  575  585  564  526  505  528  596  686  774  848  911  964 1003
 1018 1009  983  951  922  904  900  905  915  921  919  906  878  828  753  661
  564  475  403  352  323  315  328  357  396  435  467  483  481  465  441  415
  389  362  335  308  280  254  234  218  201
    10.0-180.0 180.0   5.0 450.0                            LAT/LON1/LON2/DLON/H
  216  199  175  152  134  123  114  107  109  129  168  219  276  332  384  430
  473  517  564  600  609  584  545  528  560  634  724  799  852  889  916  936
  945  942  933  920  906  895  892  897  905  909  905  889  855  798  713  605
  488  379  294  240  219  225  252  293  343  395  437  463  467  453  431  403
  374  342  311  283  259  242  231  225  216
     7.5-180.0 180.0   5.0 450.0                            LAT/LON1/LON2/DLON/H
  223  210  189  165  146  133  121  113  115  137  179  234  293  348  399  444
  490  539  589  627  634  606  568  557  595  673  756  817  850  866  876  886
  895  904  912  917  914  906  899  898  900  899  890  869  833  774  688  575
  450  334  248  203  197  220  258  303  351  400  441  465  468  455  432  405
  374  338  301  269  246  233  228  227  223
     5.0-180.0 180.0   5.0 450.0                            LAT/LON1/LON2/DLON/H
  229  216  195  172  153  139  126  117  119  143  189  250  312  369  419  465
  513  565  617  655  659  632  597  592  634  710  784  830  847  851  854  863
  879  900  924  941  944  933  919  907  901  892  877  853  817  764  685  581
  463  355  280  251  265  304  348  387  421  453  479  493  489  473  451  427
  396  358  317  281  255  241  235  234  229
     2.5-180.0 180.0   5.0 450.0                            LAT/LON1/LON2/DLON/H
  238  220  197  174  156  143  130  120  122  148  199  265  332  391  442  489
  540  595  648  683  687  661  631  632  675  744  806  838  846  845  852  868
  893  926  959  980  982  964  939  918  903  887  867  841  809  767  705  621
  523  434  380  372  406  456  500  524  535  540  543  539  524  504  484  465
  440  404  362  323  292  273  260  250  238
