ionex_data/COD0OPSFIN_20230250000_01D_01H_GIM.INX
     1.0            IONOSPHERE MAPS     GNSS                IONEX VERSION / TYPE
ADDNEQ2 V5.5        AIUB                29-JAN-23 21:24     PGM / RUN BY / DATE 
CODE'S GLOBAL IONOSPHERE MAPS FOR DAY 025, 2023             COMMENT             
Global ionosphere maps (GIM) are generated on a daily basis DESCRIPTION         
at CODE using data from about 300 GNSS sites of the IGS and DESCRIPTION         
other institutions. The vertical total electron content     DESCRIPTION         
(VTEC) is modeled in a solar-geomagnetic reference frame    DESCRIPTION         
using a spherical harmonics expansion up to degree and      DESCRIPTION         
order 15. Piece-wise linear functions are used for          DESCRIPTION         
representation in the time domain. The time spacing of      DESCRIPTION         
their vertices is 1 hour, conforming with the epochs of the DESCRIPTION         
VTEC maps.                                                  DESCRIPTION         
To convert line-of-sight TEC into vertical TEC, a modified  DESCRIPTION         
single-layer model mapping function approximating the JPL   DESCRIPTION         
extended slab model mapping function is adopted. The        DESCRIPTION         
mapping function is evaluated at geodetic satellite         DESCRIPTION         
elevation angles. For the computation of the ionospheric    DESCRIPTION         
pierce points, a spherical layer with a radius of 6821 km   DESCRIPTION         
is assumed, implying geocentric, not geodetic IONEX         DESCRIPTION         
latitudes.                                                  DESCRIPTION         
Instrumental biases with respect to each involved GNSS code DESCRIPTION         
observable are estimated as constant values for each        DESCRIPTION         
day. They are modeled with one set of bias parameters for   DESCRIPTION         
each satellite and each station in case of GPS and for each DESCRIPTION         
satellite-station link in case of GLONASS. The code bias    DESCRIPTION         
datum is defined by zero-mean conditions imposed on the     DESCRIPTION         
satellite bias estimates. In this file, just GPS C1W-C2W    DESCRIPTION         
satellite and station bias values are included. The         DESCRIPTION         
complete set of GNSS code bias results is provided in an    DESCRIPTION         
additional Bias-SINEX file as pseudo-absolute values        DESCRIPTION         
specific to each observable.                                DESCRIPTION         
Note: These GIM results correspond to the results for the   DESCRIPTION         
middle day of a 3-day combination analysis solving for 73   DESCRIPTION         
times 256, or 18688 VTEC parameters and 3 daily sets of     DESCRIPTION         
GNSS code bias parameters.                                  DESCRIPTION         
Contact address: code(at)aiub.unibe.ch                      DESCRIPTION         
Data archive:    ftp.aiub.unibe.ch/CODE/                    DESCRIPTION         
                 www.aiub.unibe.ch/download/CODE/           DESCRIPTION         
  2023     1    25     0     0     0                        EPOCH OF FIRST MAP  
  2023     1    26     0     0     0                        EPOCH OF LAST MAP   
  3600                                                      INTERVAL            
[...]
brst brux bshm cas1 ccj2 cedu chpg chpi chti chur ckis cnmr COMMENT             
coco cord cpxf crar cro1 daej darw dav1 dgar dhlg drao dubo COMMENT             
ebre faa1 fair flin flrs frdn ftna func ganp glps gode godz COMMENT             
gol2 gold gope gras graz guam guug harb hers hert hlfx hob2 COMMENT             
hofn holb hrao hyde iddr ieng iisc ineg invk iqal irkj isba COMMENT             
jog2 joz2 joze karr kerg kir0 kiru kit3 kokb kokv koug kour COMMENT             
krgg laut lmmf lpal lpgs m0se mac1 madr mal2 mana mas1 mat1 COMMENT             
mate maw1 mcm4 mdo1 mdvj medi mets mgue mizu mkea mnls mobs COMMENT             
monp morp mqzg mro1 mtka nano nico nist nium nklg nlib nnor COMMENT             
not1 nrc1 nrmd ntus nya1 nyal ohi2 onsa opmt ous2 pado parc COMMENT             
park pdel penc pert pie1 pimo pohn pol2 polv pots pove prds COMMENT             
ptbb ptvl qaq1 quin ramo reun reyk rgdg rio2 riop salu samo COMMENT             
sant savo sch2 scor scrz sctb scub seyg sofi spt0 ssia sthl COMMENT             
stjo stk2 str2 suth sutm sydn syog tabl tabv tash thtg thti COMMENT             
thu2 tid1 tidb tlse tn22 tong tow2 tro1 tsea tskb tuva twtf COMMENT             
txes uclu ufpr ulab unb3 unbj unsa urum usn7 usud vald vill COMMENT             
voim vtsp wab1 wab2 wark wes2 wgtn whit will wind wsrt wtza COMMENT             
wtzl wtzr wtzs wuhn xmis yar2 yar3 yarr yell ykro zamb zeck COMMENT             
zim2 zim3 zimm                                              COMMENT             
                                                            END OF HEADER       
[from data line 4719]
    12                                                      START OF TEC MAP    
  2023     1    25    11     0     0                        EPOCH OF CURRENT MAP
    87.5-180.0 180.0   5.0 450.0                            LAT/LON1/LON2/DLON/H
   98  100  101  102  103  104  105  106  106  106  106  106  106  106  105  104
  103  102  101  100   99   97   96   94   92   90   89   87   85   83   81   79
   77   74   72   70   68   66   64   62   61   59   57   56   55   54   53   53
   53   53   53   54   55   56   58   59   61   63   66   68   70   73   75   78
   81   83   85   88   90   92   94   96   98
    85.0-180.0 180.0   5.0 450.0                            LAT/LON1/LON2/DLON/H
  113  115  117  119  120  121  122  123  123  123  123  122  122  121  119  118
  116  114  112  109  107  104  102   99   97   95   92   90   88   85   83   80
   78   75   72   69   65   62   58   54   51   47   43   40   37   34   32   31
   30   30   31   32   34   37   40   44   48   53   58   63   68   73   78   82
   87   91   95   99  102  105  108  111  113
    82.5-180.0 180.0   5.0 450.0                            LAT/LON1/LON2/DLON/H
  122  123  124  125  126  127  127  128  128  127  127  126  125  123  121  119
  116  113  110  107  103  100   97   94   92   90   89   88   87   86   86   85
   84   83   81   79   76   72   68   63   57   52   46   40   35   30   26   23
   21   21   22   24   27   32   37   43   50   57   64   72   78   85   91   96
  101  105  109  112  115  117  119  120  122
    80.0-180.0 180.0   5.0 450.0                            LAT/LON1/LON2/DLON/H
  122  122  121  121  121  121  121  121  121  121  120  119  117  115  113  110
  106  102   98   94   90   86   83   80   78   78   78   79   82   85   88   92
   95   98  100  100  100   98   95   90   83   76   68   60   53   45   39   35
   32   31   32   35   39   45   53   61   70   78   87   95  102  108  114  118
  121  123  124  125  125  124  123  123  122
    77.5-180.0 180.0   5.0 450.0                            LAT/LON1/LON2/DLON/H
  115  112  110  109  108  107  107  107  107  106  106  105  103  101   99   96
   92   87   82   77   72   67   63   61   60   61   63   68   74   81   90   99
  108  117  124  130  134  135  134  131  126  118  109  100   90   80   72   66
   62   61   62   65   70   78   86   95  104  113  121  128  133  137  140  141
  141  139  136  133  129  125  121  118  115
    75.0-180.0 180.0   5.0 450.0                            LAT/LON1/LON2/DLON/H
  102   98   95   93   92   91   91   90   90   90   89   89   88   86   84   82
   78   73   68   62   56   51   46   43   42   44   49   56   66   78   92  106
  122  136  150  162  171  177  180  180  177  170  162  151  140  130  120  112
  108  105  106  110  115  122  129  137  145  151  157  160  162  163  161  158
  154  148  141  134  126  119  112  107  102
    72.5-180.0 180.0   5.0 450.0                            LAT/LON1/LON2/DLON/H
   86   82   80   78   77   77   77   77   76   76   76   75   75   74   73   72
   69   65   60   54   47   41   36   32   31   33   39   48   61   76   94  113
  133  153  172  189  204  216  224  228  227  224  216  207  195  184  174  165
  159  157  157  159  163  168  173  177  181  183  183  182  179  175  169  162
  154  145  135  125  116  107   99   92   86
    70.0-180.0 180.0   5.0 450.0                            LAT/LON1/LON2/DLON/H
   71   68   67   67   67   68   68   68   68   67   66   66   66   67   67   67
   66   63   59   53   46   40   34   30   28   30   36   46   60   77   97  119
  142  165  188  209  228  245  257  266  270  269  265  256  246  234  224  215
  208  205  203  204  205  206  206  205  201  197  191  183  175  167  157  148
  138  128  118  108   99   90   82   76   71
    67.5-180.0 180.0   5.0 450.0                            LAT/LON1/LON2/DLON/H
   58   57   58   59   62   64   65   65   64   63   62   61   62   63   65   67
   67   66   63   58   52   45   39   34   32   34   40   50   63   81  101  123
  147  172  196  219  241  261  278  290  299  302  300  294  285  273  262  253
  246  241  238  236  233  229  222  213  202  189  176  163  151  139  128  118
  109  101   93   85   78   71   66   61   58
    65.0-180.0 180.0   5.0 450.0                            LAT/LON1/LON2/DLON/H
   48   48   50   54   58   61   64   65   64   62   60   59   59   61   64   67
   70   70   68   64   59   52   46   42   41   42   47   57   70   86  106  128
  151  174  198  221  244  266  285  301  314  321  322  318  309  298  286  276
  268  262  257  252  245  234  220  203  184  164  145  127  112   99   88   80
   74   69   65   62   58   55   51   49   48
    62.5-180.0 180.0   5.0 450.0                            LAT/LON1/LON2/DLON/H
   40   40   43   47   53   58   62   63   63   61   58   56   56   59   62   67
   70   72   71   67   63   57   53   49   48   50   56   65   77   93  112  132
  154  176  198  220  242  263  284  303  318  328  331  329  321  309  297  286
  276  269  263  254  243  226  205  181  155  129  106   86   70   58   49   44
   41   41   42   43   44   43   42   41   40
    60.0-180.0 180.0   5.0 450.0                            LAT/LON1/LON2/DLON/H
   35   34   36   39   45   51   56   59   60   58   56   54   53   55   58   63
   66   68   68   65   61   57   54   52   53   56   62   72   84  100  119  139
  159  179  199  219  239  259  280  300  317  329  334  332  324  312  298  286
  276  267  259  249  233  212  186  156  126   98   73   53   38   28   22   19
   20   24   29   34   38   39   39   37   35
    57.5-180.0 180.0   5.0 450.0                            LAT/LON1/LON2/DLON/H
   34   30   29   31   35   42   48   53   55   55   53   51   49   50   53   56
   59   60   60   58   55   52   51   51   53   58   66   77   91  108  128  148
  168  187  206  223  241  259  278  298  315  328  334  333  324  311  296  283
  272  263  253  242  224  201  172  140  108   80   57   39   27   18   14   13
   15   21   28   36   41   43   42   39   34
    55.0-180.0 180.0   5.0 450.0                            LAT/LON1/LON2/DLON/H
   37   30   25   24   27   32   40   46   51   52   51   49   48   47   48   50
   51   52   50   49   47   45   46   47   52   58   68   82   98  118  138  160
  181  200  218  233  248  264  281  299  317  330  336  335  326  312  296  281
  270  260  251  238  221  197  168  136  106   81   61   47   37   30   25   24
   26   31   38   46   51   53   51   45   37
    52.5-180.0 180.0   5.0 450.0                            LAT/LON1/LON2/DLON/H
   45   35   27   22   23   28   35   43   49   53   53   52   50   48   47   46
   46   45   43   42   40   40   41   45   51   59   72   88  107  129  151  174
  196  216  233  248  261  274  289  305  321  334  341  339  330  316  299  284
  272  262  252  241  224  202  175  146  120   98   83   72   64   57   51   47
   46   48   53   60   64   65   62   55   45
    50.0-180.0 180.0   5.0 450.0                            LAT/LON1/LON2/DLON/H
   56   45   36   30   28   31   37   45   53   59   61   60   57   54   50   48
   46   44   42   41   40   40   42   46   53   63   78   97  119  142  165  188
  210  231  249  264  276  287  299  313  327  339  345  344  335  321  306  291
  278  267  258  247  232  212  189  164  142  125  113  104   97   88   79   70
   65   64   66   70   74   75   72   66   56
    47.5-180.0 180.0   5.0 450.0                            LAT/LON1/LON2/DLON/H
   68   60   52   46   43   44   49   56   64   70   74   73   70   65   60   55
   52   49   48   47   47   48   50   53   60   72   89  110  133  157  179  200
  221  242  261  277  289  299  309  320  332  343  348  347  339  327  313  298
  285  273  263  253  240  223  203  182  163  149  139  131  122  111   98   86
   77   72   72   74   77   79   78   75   68
    45.0-180.0 180.0   5.0 450.0                            LAT/LON1/LON2/DLON/H
   79   76   71   67   65   64   67   72   79   86   90   90   86   80   73   67
   63   61   60   61   61   62   63   66   72   85  104  126  150  171  190  208
  227  248  269  287  300  309  317  326  335  344  348  347  340  330  317  304
  291  278  266  256  245  231  214  195  177  163  152  143  132  118  103   88
   77   70   67   68   71   74   78   79   79
    42.5-180.0 180.0   5.0 450.0                            LAT/LON1/LON2/DLON/H
   84   87   89   89   88   87   88   91   96  101  105  106  102   96   88   81
   77   75   76   77   78   78   78   80   86  100  120  144  166  184  198  211
  227  249  272  294  310  319  325  331  338  344  346  345  339  330  320  309
  295  281  267  256  247  236  221  202  184  167  154  141  127  112   95   81
   70   62   58   56   58   64   71   78   84
    40.0-180.0 180.0   5.0 450.0                            LAT/LON1/LON2/DLON/H
   81   91   99  104  106  106  105  106  108  113  117  118  116  110  102   95
   91   90   91   94   95   94   92   93  100  114  136  160  181  195  203  211
  226  249  277  304  323  333  338  340  344  347  348  345  339  332  325  315
  302  287  272  260  251  242  229  210  188  168  150  134  118  102   86   73
   64   56   51   47   46   51   59   70   81
    37.5-180.0 180.0   5.0 450.0                            LAT/LON1/LON2/DLON/H
   72   85   98  107  113  114  113  112  113  116  121  124  124  120  113  106
  102  101  103  105  106  104  101  102  110  126  149  174  192  202  205  211
  227  254  289  322  345  356  359  358  359  359  358  354  348  342  337  330
  318  302  286  275  267  260  248  228  204  180  158  139  120  104   90   80
   73   65   56   48   42   42   49   59   72
    35.0-180.0 180.0   5.0 450.0                            LAT/LON1/LON2/DLON/H
   59   71   84   96  105  109  108  107  107  110  116  122  127  126  121  115
  110  108  110  111  111  108  105  106  115  134  159  183  200  208  210  216
  236  270  313  353  380  392  392  389  387  386  383  378  371  366  363  359
  350  336  320  310  304  299  288  269  244  217  192  171  152  135  123  115
  108   98   84   67   53   45   45   50   59
    32.5-180.0 180.0   5.0 450.0                            LAT/LON1/LON2/DLON/H
   48   53   63   74   85   90   92   91   92   96  104  114  123  128  126  120
  114  112  112  112  109  105  102  105  117  139  165  190  207  214  219  230
  258  302  353  399  429  441  438  432  428  427  425  420  413  409  408  407
  402  391  378  370  366  364  356  340  316  289  264  242  222  205  192  182
  173  158  136  109   84   65   53   48   48
    30.0-180.0 180.0   5.0 450.0                            LAT/LON1/LON2/DLON/H
   43   38   40   47   57   64   68   70   72   77   87  101  116  126  128  123
  116  112  111  109  104   99   97  103  118  142  171  196  215  225  235  256
  294  348  408  458  489  499  494  485  481  482  483  481  475  470  471  474
  474  468  459  453  453  454  451  438  419  396  373  351  330  309  293  278
  262  240  208  170  133  101   76   57   43
    27.5-180.0 180.0   5.0 450.0                            LAT/LON1/LON2/DLON/H
   50   31   23   24   30   38   44   48   51   57   69   87  107  122  128  124
  117  112  109  105   99   93   93  101  120  147  177  204  225  242  262  294
  344  407  471  523  553  560  551  541  538  544  551  553  549  546  548  554
  560  559  554  551  554  558  560  554  541  525  506  484  460  434  410  387
  361  329  288  241  193  150  112   78   50
    25.0-180.0 180.0   5.0 450.0                            LAT/LON1/LON2/DLON/H
   70   38   19   11   13   19   26   32   36   42   53   73   97  116  125  123
  117  111  107  102   95   90   92  103  125  154  185  215  240  265  296  341
  401  469  533  583  609  613  602  591  591  603  618  627  627  625  628  636
  646  650  649  649  653  660  666  667  662  653  637  616  587  554  519  485
  449  408  360  307  254  203  156  111   70
    22.5-180.0 180.0   5.0 450.0                            LAT/LON1/LON2/DLON/H
  101   60   30   15   10   13   20   26   30   34   43   61   86  109  120  120
  115  111  107  102   95   91   95  110  134  165  197  229  260  293  336  391
  457  525  585  629  651  652  640  629  632  651  676  693  698  696  698  707
  719  726  727  727  731  740  749  756  758  754  741  718  684  642  596  550
  505  458  408  356  303  252  201  150  101
    20.0-180.0 180.0   5.0 450.0                            LAT/LON1/LON2/DLON/H
  137   92   57   34   24   22   27   32   34   34   38   52   76   99  112  114
  111  109  107  104   98   96  102  120  147  179  212  247  283  325  376  438
  504  567  619  654  671  671  660  651  657  683  716  741  750  748  748  756
  767  774  775  774  776  783  792  802  808  806  793  766  726  676  621  566
  515  467  422  377  332  287  239  188  137
    17.5-180.0 180.0   5.0 450.0                            LAT/LON1/LON2/DLON/H
  173  129   92   66   50   44   45   48   47   41   39   47   66   88  101  104
  104  105  107  106  102  102  112  133  161  194  230  267  308  355  412  475
  538  591  631  657  671  672  664  658  667  697  737  767  778  775  772  776
  784  789  788  783  781  784  791  799  805  801  784  751  705  649  588  530
  478  435  399  367  335  301  263  219  173
    15.0-180.0 180.0   5.0 450.0                            LAT/LON1/LON2/DLON/H
  201  163  129  102   83   73   70   70   65   54   44   45   58   76   87   91
   94   99  105  107  106  109  122  146  177  211  248  287  332  382  440  500
  554  595  623  642  656  661  658  655  666  698  739  771  782  777  770  768
  772  772  768  759  752  748  749  753  753  743  719  680  630  571  510  453
  405  371  348  331  315  296  270  238  201
    12.5-180.0 180.0   5.0 450.0                            LAT/LON1/LON2/DLON/H
  217  188  160  135  114  101   96   93   84   68   52   46   53   65   74   78
   82   91  100  105  107  114  132  160  193  228  266  308  353  403  457  511
  555  584  602  617  633  646  650  651  662  691  729  758  766  758  747  742
  740  736  727  715  702  692  686  680  672  652  620  575  522  466  410  359
  319  295  285  283  281  275  262  242  217
    10.0-180.0 180.0   5.0 450.0                            LAT/LON1/LON2/DLON/H
  220  201  180  158  139  124  117  111  100   82   63   51   52   58   62   65
   71   82   94  101  106  118  141  172  208  246  285  326  370  416  464  510
  544  564  576  590  612  634  647  652  662  686  716  738  740  729  716  708
  703  696  684  669  653  637  622  607  587  558  517  468  417  366  318  276
  245  229  229  236  244  247  244  235  220
     7.5-180.0 180.0   5.0 450.0                            LAT/LON1/LON2/DLON/H
  214  202  187  169  152  138  130  123  112   94   74   60   55   56   56   57
   63   74   86   95  103  120  148  185  224  263  303  343  384  423  463  500
  528  543  553  571  600  631  652  662  671  687  707  717  713  699  687  680
  674  666  653  638  621  601  579  555  526  489  443  392  344  301  263  229
  205  195  198  207  217  222  224  221  214
     5.0-180.0 180.0   5.0 450.0                            LAT/LON1/LON2/DLON/H
  203  194  183  169  155  143  135  128  118  103   86   72   64   60   56   54
   58   68   79   88  100  122  157  199  241  281  320  358  392  424  457  488
  513  528  540  562  598  638  666  680  687  696  704  703  691  677  669  666
  664  656  646  634  618  596  570  540  507  466  418  369  326  291  261  234
  212  201  201  205  208  210  210  208  203
     2.5-180.0 180.0   5.0 450.0                            LAT/LON1/LON2/DLON/H
  194  184  173  162  151  142  134  128  121  110   97   86   77   69   60   55
   57   64   73   82   96  124  165  213  258  298  335  369  397  421  447  475
  501  520  537  565  605  650  683  701  709  712  709  697  679  666  664  670
  673  670  663  656  644  624  596  565  532  494  450  406  368  339  314  290
  267  250  239  231  222  214  208  201  194
