ionex_data/COD0OPSFIN_20230280000_01D_01H_GIM.INX
     1.0            IONOSPHERE MAPS     GNSS                IONEX VERSION / TYPE
ADDNEQ2 V5.5        AIUB                01-FEB-23 21:35     PGM / RUN BY / DATE 
CODE'S GLOBAL IONOSPHERE MAPS FOR DAY 028, 2023             COMMENT             
Global ionosphere maps (GIM) are generated on a daily basis DESCRIPTION         
at CODE using data from about 300 GNSS sites of the IGS and DESCRIPTION         
other institutions. The vertical total electron content     DESCRIPTION         
(VTEC) is modeled in a solar-geomagnetic reference frame    DESCRIPTION         
using a spherical harmonics expansion up to degree and      DESCRIPTION         
order 15. Piece-wise linear functions are used for          DESCRIPTION         
representation in the time domain. The time spacing of      DESCRIPTION         
their vertices is 1 hour, conforming with the epochs of the DESCRIPTION         
VTEC maps.                                                  DESCRIPTION         
To convert line-of-sight TEC into vertical TEC, a modified  DESCRIPTION         
single-layer model mapping function approximating the JPL   DESCRIPTION         
extended slab model mapping function is adopted. The        DESCRIPTION         
mapping function is evaluated at geodetic satellite         DESCRIPTION         
elevation angles. For the computation of the ionospheric    DESCRIPTION         
pierce points, a spherical layer with a radius of 6821 km   DESCRIPTION         
is assumed, implying geocentric, not geodetic IONEX         DESCRIPTION         
latitudes.                                                  DESCRIPTION         
Instrumental biases with respect to each involved GNSS code DESCRIPTION         
observable are estimated as constant values for each        DESCRIPTION         
day. They are modeled with one set of bias parameters for   DESCRIPTION         
each satellite and each station in case of GPS and for each DESCRIPTION         
satellite-station link in case of GLONASS. The code bias    DESCRIPTION         
datum is defined by zero-mean conditions imposed on the     DESCRIPTION         
satellite bias estimates. In this file, just GPS C1W-C2W    DESCRIPTION         
satellite and station bias values are included. The         DESCRIPTION         
complete set of GNSS code bias results is provided in an    DESCRIPTION         
additional Bias-SINEX file as pseudo-absolute values        DESCRIPTION         
specific to each observable.                                DESCRIPTION         
Note: These GIM results correspond to the results for the   DESCRIPTION         
middle day of a 3-day combination analysis solving for 73   DESCRIPTION         
times 256, or 18688 VTEC parameters and 3 daily sets of     DESCRIPTION         
GNSS code bias parameters.                                  DESCRIPTION         
Contact address: code(at)aiub.unibe.ch                      DESCRIPTION         
Data archive:    ftp.aiub.unibe.ch/CODE/                    DESCRIPTION         
                 www.aiub.unibe.ch/download/CODE/           DESCRIPTION         
  2023     1    28     0     0     0                        EPOCH OF FIRST MAP  
  2023     1    29     0     0     0                        EPOCH OF LAST MAP   
  3600                                                      INTERVAL            
[...]
azgb badg bake bako barh bndy boav bogo bogt bor1 braz brst COMMENT             
brux bshm cas1 ccj2 cedu chpg chpi chti chur ckis cnmr coco COMMENT             
cord cpxf crar cro1 daej darw dav1 dgar dhlg drao dubo ebre COMMENT             
faa1 fair flrs frdn ftna func ganp glps gode godz gol2 gold COMMENT             
gope gras graz guam guug harb hers hert hlfx hob2 hofn holb COMMENT             
hrao hyde iddr ieng iisc ineg invk iqal isba jog2 joz2 joze COMMENT             
karr kerg kir0 kiri kiru kit3 kokb kokv koug kour krgg laut COMMENT             
lmmf lpal lpgs m0se mac1 madr mal2 mana mas1 mat1 mate maw1 COMMENT             
mcm4 mdo1 medi mets mgue mizu mkea mnls mobs monp morp mqzg COMMENT             
mro1 mtka nano nico nist nium nklg nlib nnor not1 nrc1 nrmd COMMENT             
ntus nya1 nyal ohi2 onsa opmt ous2 pado parc park pdel penc COMMENT             
pert pie1 pimo pohn pol2 polv pots pove prds ptbb ptvl qaq1 COMMENT             
quin ramo reun reyk rgdg rio2 riop salu samo sant savo sch2 COMMENT             
scor scrz sctb scub seyg sofi spt0 ssia sthl stjo stk2 str2 COMMENT             
suth sutm suwn sydn syog tabl tabv tash thtg thti thu2 tid1 COMMENT             
tidb tlse tn22 tong tow2 tro1 tsea tskb twtf txes uclu ufpr COMMENT             
ulab unb3 unbj unsa urum usn7 usud vald vill voim vtsp wab1 COMMENT             
wab2 wark wes2 wgtn whit will wind wsrt wtza wtzl wtzr wtzs COMMENT             
wuhn xmis yar2 yar3 yarr yell ykro zamb zeck zim2 zim3 zimm COMMENT             
                                                            END OF HEADER       
[from data line 4290]
    11                                                      START OF TEC MAP    
  2023     1    28    10     0     0                        EPOCH OF CURRENT MAP
    87.5-180.0 180.0   5.0 450.0                            LAT/LON1/LON2/DLON/H
   47   49   50   52   54   55   57   58   60   61   63   64   66   67   68   69
   70   71   71   72   72   73   73   73   73   73   73   72   72   71   71   70
   69   68   66   65   64   62   61   59   57   55   54   52   50   48   46   45
   43   41   40   39   37   36   36   35   34   34   34   34   34   35   35   36
   37   38   39   40   41   42   44   45   47
    85.0-180.0 180.0   5.0 450.0                            LAT/LON1/LON2/DLON/H
   45   48   50   53   56   58   61   64   66   69   71   73   75   77   78   80
   81   82   83   84   85   85   86   86   87   87   87   86   86   86   85   84
   83   82   80   79   77   74   72   69   66   63   60   56   53   49   46   42
   39   36   33   31   29   27   25   24   24   23   23   23   24   25   26   27
   28   30   32   34   36   38   40   43   45
    82.5-180.0 180.0   5.0 450.0                            LAT/LON1/LON2/DLON/H
   48   50   53   56   59   62   65   67   70   73   75   77   79   81   82   83
   85   86   86   87   88   89   90   90   91   91   92   92   93   93   93   94
   94   93   93   92   91   89   87   84   81   78   74   70   65   60   56   51
   47   43   39   36   34   31   30   29   28   28   28   28   29   30   31   32
   33   35   36   38   39   41   43   45   48
    80.0-180.0 180.0   5.0 450.0                            LAT/LON1/LON2/DLON/H
   53   55   56   59   61   64   66   69   71   74   75   77   78   79   80   80
   81   81   82   82   83   84   85   86   87   88   89   91   92   93   95   97
   99  100  102  104  105  105  105  104  102  100   96   92   88   83   78   73
   69   65   61   58   55   53   52   51   51   51   51   52   52   53   53   53
   53   53   53   53   52   52   52   53   53
    77.5-180.0 180.0   5.0 450.0                            LAT/LON1/LON2/DLON/H
   61   60   60   61   62   64   66   69   70   72   73   74   74   73   73   72
   72   72   72   73   74   75   76   78   79   80   82   83   85   88   91   94
   99  103  108  113  118  122  125  127  128  127  126  123  120  116  112  108
  104  101   98   95   93   92   91   91   91   91   91   90   90   90   89   87
   85   82   79   76   72   69   65   63   61
    75.0-180.0 180.0   5.0 450.0                            LAT/LON1/LON2/DLON/H
   68   65   63   62   63   64   65   67   68   69   69   69   68   66   65   63
   62   62   63   63   65   66   68   70   71   72   73   75   77   80   84   89
   95  103  111  120  130  138  146  152  156  159  160  159  158  156  154  151
  149  147  145  144  143  142  141  140  140  139  138  136  134  132  129  125
  120  114  108  101   93   86   79   73   68
    72.5-180.0 180.0   5.0 450.0                            LAT/LON1/LON2/DLON/H
   74   68   65   63   62   63   64   66   66   67   66   64   62   60   57   55
   54   54   55   57   59   61   64   65   66   67   67   68   69   71   76   82
   90  101  113  127  140  154  166  176  185  191  195  197  198  198  198  198
  197  197  196  196  195  194  192  191  188  185  182  178  173  168  162  156
  148  140  131  121  110  100   90   81   74
    70.0-180.0 180.0   5.0 450.0                            LAT/LON1/LON2/DLON/H
   76   70   65   63   62   62   63   64   65   64   63   61   58   55   52   50
   49   50   52   54   58   61   63   65   66   65   64   63   63   65   69   76
   86   99  115  132  150  168  185  199  211  220  227  232  235  238  240  242
  243  244  244  243  242  239  235  231  225  219  212  204  196  188  179  171
  161  151  141  130  118  106   95   85   76
    67.5-180.0 180.0   5.0 450.0                            LAT/LON1/LON2/DLON/H
   75   69   65   62   61   62   62   63   63   63   61   58   55   52   49   48
   48   49   52   55   59   63   66   67   67   65   63   61   60   61   65   73
   85  100  118  139  160  182  201  219  234  245  254  261  267  271  276  279
  281  282  282  279  275  270  263  254  245  234  223  211  198  187  175  165
  154  145  134  124  113  103   92   83   75
    65.0-180.0 180.0   5.0 450.0                            LAT/LON1/LON2/DLON/H
   71   67   64   62   61   61   61   62   61   60   58   56   53   50   48   47
   47   49   53   57   62   66   68   69   67   64   61   58   57   58   64   73
   86  103  123  146  170  193  216  235  251  264  275  283  291  298  304  308
  310  310  306  300  292  283  272  259  246  231  214  198  181  165  151  139
  129  120  113  105   98   90   83   77   71
    62.5-180.0 180.0   5.0 450.0                            LAT/LON1/LON2/DLON/H
   66   65   63   62   61   61   60   60   59   57   55   53   50   48   47   46
   48   50   54   58   62   65   67   67   64   60   56   53   53   57   64   76
   91  110  131  155  179  204  227  247  264  278  289  299  309  317  324  329
  330  326  319  308  294  280  265  249  232  214  194  173  152  133  116  102
   92   85   81   77   75   72   70   68   66
    60.0-180.0 180.0   5.0 450.0                            LAT/LON1/LON2/DLON/H
   61   63   63   63   62   60   59   57   56   54   52   49   47   46   45   46
   47   50   53   56   60   62   62   60   57   52   48   47   49   56   67   82
   99  119  141  164  189  213  235  255  273  287  299  310  321  331  340  344
  343  335  322  305  286  268  250  232  214  194  172  148  124  101   81   66
   56   50   48   49   51   53   56   59   61
    57.5-180.0 180.0   5.0 450.0                            LAT/LON1/LON2/DLON/H
   58   62   64   64   63   60   58   56   54   52   49   47   45   44   44   45
   47   49   51   53   55   56   55   52   47   42   38   39   45   56   71   90
  110  131  153  175  198  220  242  261  278  292  305  317  330  342  351  355
  351  339  320  298  274  252  233  217  200  181  160  135  108   82   59   41
   29   24   24   27   32   38   45   52   58
    55.0-180.0 180.0   5.0 450.0                            LAT/LON1/LON2/DLON/H
   56   62   65   66   64   61   58   56   54   52   49   47   45   44   44   45
   46   48   49   51   51   51   48   44   38   33   30   33   42   57   77  100
  123  145  166  187  208  228  248  266  282  296  309  322  336  350  360  364
  357  342  318  291  264  241  223  209  196  181  162  138  110   82   56   35
   21   14   13   17   23   31   40   49   56
    52.5-180.0 180.0   5.0 450.0                            LAT/LON1/LON2/DLON/H
   58   64   67   68   66   63   61   59   57   56   53   51   48   46   46   46
   48   50   51   51   51   49   46   40   33   28   26   31   43   62   86  111
  136  160  181  200  219  237  254  271  285  299  312  325  340  355  366  369
  361  343  316  287  259  237  222  212  204  194  179  158  131  101   72   48
   31   21   18   20   25   33   41   50   58
    50.0-180.0 180.0   5.0 450.0                            LAT/LON1/LON2/DLON/H
   61   66   70   70   69   67   66   65   65   64   62   59   55   52   51   51
   53   55   57   57   57   54   50   43   36   30   29   35   49   70   96  123
  150  174  195  214  231  247  262  277  290  302  314  327  341  356  367  370
  362  343  316  287  260  241  229  223  219  214  203  186  161  132  101   74
   54   41   35   34   37   41   47   54   61
    47.5-180.0 180.0   5.0 450.0                            LAT/LON1/LON2/DLON/H
   64   69   72   73   73   72   72   73   75   75   74   71   66   62   59   59
   61   65   68   69   69   67   61   54   46   40   39   46   61   82  108  135
  162  187  209  229  246  260  273  286  297  307  316  327  340  353  363  366
  358  341  316  289  266  249  239  235  234  232  225  211  190  162  132  104
   81   65   57   53   52   54   56   60   64
    45.0-180.0 180.0   5.0 450.0                            LAT/LON1/LON2/DLON/H
   67   71   74   76   77   78   80   82   85   88   88   85   80   75   71   71
   73   78   83   86   86   83   77   69   60   55   55   62   77   97  121  146
  172  198  223  245  263  277  288  298  306  313  320  327  336  346  354  357
  351  337  316  293  273  258  249  245  243  241  236  225  207  183  154  126
  102   85   75   69   67   65   65   65   67
    42.5-180.0 180.0   5.0 450.0                            LAT/LON1/LON2/DLON/H
   69   71   75   78   81   83   86   90   94   99  101  100   96   90   86   84
   87   93  100  105  106  102   94   85   76   71   72   81   95  113  133  154
  179  207  235  261  282  296  306  313  319  323  326  329  333  339  345  348
  344  333  318  300  283  269  257  249  242  238  232  223  209  188  162  135
  112   95   85   79   75   72   70   68   69
    40.0-180.0 180.0   5.0 450.0                            LAT/LON1/LON2/DLON/H
   68   70   74   79   83   87   90   94   99  106  111  114  112  107  101   98
  101  108  116  122  122  117  108   97   88   85   88   99  114  129  145  162
  184  213  247  278  303  319  328  333  336  338  337  336  335  338  342  344
  343  337  326  313  298  282  266  251  239  228  220  211  199  181  158  134
  112   96   86   80   77   74   71   69   68
    37.5-180.0 180.0   5.0 450.0                            LAT/LON1/LON2/DLON/H
   66   68   73   79   84   87   90   93   98  107  117  124  126  122  116  112
  114  121  129  135  134  127  115  103   94   93  101  114  131  145  156  168
  188  219  257  295  325  343  352  356  358  358  355  351  349  349  352  355
  356  354  347  336  321  304  283  261  241  225  212  201  188  172  152  130
  110   94   83   78   75   73   70   67   66
    35.0-180.0 180.0   5.0 450.0                            LAT/LON1/LON2/DLON/H
   64   65   70   77   82   85   86   88   93  103  117  130  136  135  129  124
  124  129  137  141  138  128  115  102   94   96  108  126  145  159  167  175
  193  225  268  313  347  368  378  382  384  384  382  379  376  376  380  386
  389  390  385  375  360  339  315  289  264  242  223  208  194  177  158  138
  117   99   86   79   75   72   69   66   64
    32.5-180.0 180.0   5.0 450.0                            LAT/LON1/LON2/DLON/H
   64   64   68   74   79   82   81   80   84   96  113  131  143  145  139  133
  130  134  139  141  135  123  108   95   90   94  110  133  156  172  179  185
  201  234  281  330  370  394  405  410  414  416  417  417  418  422  430  438
  445  446  442  431  415  394  370  343  316  291  267  247  227  209  189  168
  145  124  105   91   83   77   72   68   64
    30.0-180.0 180.0   5.0 450.0                            LAT/LON1/LON2/DLON/H
   69   66   67   72   76   78   76   74   76   88  108  129  145  149  145  137
  133  134  136  135  127  114   99   87   83   91  110  138  166  185  194  199
  214  246  295  348  391  418  432  440  446  453  459  465  472  483  496  509
  518  520  515  502  485  466  446  424  401  375  348  321  295  272  250  227
  201  173  146  123  106   94   85   76   69
    27.5-180.0 180.0   5.0 450.0                            LAT/LON1/LON2/DLON/H
   81   73   70   72   75   77   75   71   72   83  102  124  142  148  145  138
  132  130  130  126  116  103   89   79   78   88  110  142  175  200  212  219
  232  263  312  366  412  442  460  470  481  492  503  516  532  550  569  587
  598  601  594  580  563  549  537  526  510  487  457  424  391  362  337  313
  283  248  209  174  145  124  107   93   81
    25.0-180.0 180.0   5.0 450.0                            LAT/LON1/LON2/DLON/H
  101   86   78   76   79   80   79   76   75   82   98  118  135  142  140  133
  128  125  122  116  106   93   82   76   77   88  112  147  184  215  233  242
  256  285  332  385  432  465  486  500  514  529  546  565  588  613  638  659
  672  674  665  650  637  629  629  631  626  608  577  538  498  465  438  412
  380  338  289  240  198  166  141  119  101
    22.5-180.0 180.0   5.0 450.0                            LAT/LON1/LON2/DLON/H
  127  106   92   86   87   89   90   87   85   88   98  112  124  130  129  125
  122  118  114  107   98   88   80   77   80   92  116  152  194  231  255  269
  283  310  353  403  450  485  509  527  544  562  582  606  633  663  690  711
  723  724  715  701  691  692  705  719  725  713  682  639  595  559  531  507
  475  429  372  313  259  217  182  153  127
    20.0-180.0 180.0   5.0 450.0                            LAT/LON1/LON2/DLON/H
  158  131  111  102  101  104  106  105  102  100  102  107  112  115  116  115
  115  113  108  101   93   86   83   82   87   99  123  159  204  246  277  296
  311  336  374  420  465  502  529  551  569  588  608  633  662  690  715  734
  743  742  733  721  716  725  747  772  786  779  750  706  661  624  599  578
  549  504  444  379  318  267  226  190  158
    17.5-180.0 180.0   5.0 450.0                            LAT/LON1/LON2/DLON/H
  189  158  135  122  119  122  127  127  123  116  110  105  102  101  102  106
  109  109  105   99   93   89   89   91   96  108  132  168  215  261  297  320
  338  359  392  434  476  514  545  569  588  606  625  647  672  694  712  723
  727  724  715  706  706  721  749  779  796  791  765  724  681  648  628  612
  589  549  492  427  365  311  265  225  189
    15.0-180.0 180.0   5.0 450.0                            LAT/LON1/LON2/DLON/H
  216  184  158  143  138  141  147  149  144  134  120  107   96   91   93  100
  107  109  106  100   96   96   97  100  106  118  142  179  226  274  314  340
  359  378  406  442  482  520  553  580  600  616  632  649  667  679  686  686
  683  677  668  662  665  683  711  739  754  750  727  692  657  630  615  606
  590  557  508  450  392  341  295  254  216
    12.5-180.0 180.0   5.0 450.0                            LAT/LON1/LON2/DLON/H
  236  205  179  162  155  157  163  166  162  150  133  113   97   88   90  100
  109  112  109  105  103  103  105  108  114  128  153  191  238  286  326  354
  373  391  414  446  482  520  555  584  605  620  633  645  653  654  647  635
  623  613  605  602  608  625  648  668  677  670  651  625  599  580  570  565
  555  531  493  446  398  353  311  272  236
    10.0-180.0 180.0   5.0 450.0                            LAT/LON1/LON2/DLON/H
  245  217  194  177  168  168  172  175  173  163  145  124  105   95   96  106
  116  119  116  112  111  112  113  114  120  137  165  205  251  296  334  361
  380  397  417  444  477  514  551  582  605  620  631  639  640  630  610  586
  566  553  545  544  551  565  580  589  587  577  562  546  531  519  512  508
  500  483  455  420  384  348  312  277  245
     7.5-180.0 180.0   5.0 450.0                            LAT/LON1/LON2/DLON/H
  244  221  202  186  175  171  172  175  175  169  156  138  120  109  111  119
  127  128  123  119  118  120  119  119  126  145  178  219  263  303  336  362
  380  397  415  438  468  503  541  575  601  618  630  636  632  615  586  555
  529  513  506  507  514  525  531  527  514  499  489  482  476  469  461  453
  443  427  406  382  357  330  301  271  244
     5.0-180.0 180.0   5.0 450.0                            LAT/LON1/LON2/DLON/H
  235  217  202  187  175  167  165  167  169  168  162  151  137  129  130  136
  141  138  131  125  125  125  124  123  130  153  190  233  273  308  335  358
  376  393  410  430  456  490  528  565  594  616  631  639  635  616  584  549
  522  505  500  503  511  519  518  503  481  462  454  454  453  446  433  417
  400  381  362  345  327  307  282  257  235
     2.5-180.0 180.0   5.0 450.0                            LAT/LON1/LON2/DLON/H
  222  209  197  184  170  158  153  152  156  161  164  161  154  148  149  153
  153  146  136  129  128  129  126  125  135  161  202  245  281  309  331  351
  370  388  405  423  446  477  515  553  587  613  633  646  646  631  603  572
  546  532  528  534  545  553  549  528  499  477  468  469  469  458  436  409
  381  354  333  317  303  285  264  241  222
