ionex_data/COD0OPSFIN_20230240000_01D_01H_GIM.INX
     1.0            IONOSPHERE MAPS     GNSS                IONEX VERSION / TYPE
ADDNEQ2 V5.5        AIUB                28-JAN-23 21:12     PGM / RUN BY / DATE 
CODE'S GLOBAL IONOSPHERE MAPS FOR DAY 024, 2023             COMMENT             
Global ionosphere maps (GIM) are generated on a daily basis DESCRIPTION         
at CODE using data from about 300 GNSS sites of the IGS and DESCRIPTION         
other institutions. The vertical total electron content     DESCRIPTION         
(VTEC) is modeled in a solar-geomagnetic reference frame    DESCRIPTION         
using a spherical harmonics expansion up to degree and      DESCRIPTION         
order 15. Piece-wise linear functions are used for          DESCRIPTION         
representation in the time domain. The time spacing of      DESCRIPTION         
their vertices is 1 hour, conforming with the epochs of the DESCRIPTION         
VTEC maps.                                                  DESCRIPTION         
To convert line-of-sight TEC into vertical TEC, a modified  DESCRIPTION         
single-layer model mapping function approximating the JPL   DESCRIPTION         
extended slab model mapping function is adopted. The        DESCRIPTION         
mapping function is evaluated at geodetic satellite         DESCRIPTION         
elevation angles. For the computation of the ionospheric    DESCRIPTION         
pierce points, a spherical layer with a radius of 6821 km   DESCRIPTION         
is assumed, implying geocentric, not geodetic IONEX         DESCRIPTION         
latitudes.                                                  DESCRIPTION         
Instrumental biases with respect to each involved GNSS code DESCRIPTION         
observable are estimated as constant values for each        DESCRIPTION         
day. They are modeled with one set of bias parameters for   DESCRIPTION         
each satellite and each station in case of GPS and for each DESCRIPTION         
satellite-station link in case of GLONASS. The code bias    DESCRIPTION         
datum is defined by zero-mean conditions imposed on the     DESCRIPTION         
satellite bias estimates. In this file, just GPS C1W-C2W    DESCRIPTION         
satellite and station bias values are included. The         DESCRIPTION         
complete set of GNSS code bias results is provided in an    DESCRIPTION         
additional Bias-SINEX file as pseudo-absolute values        DESCRIPTION         
specific to each observable.                                DESCRIPTION         
Note: These GIM results correspond to the results for the   DESCRIPTION         
middle day of a 3-day combination analysis solving for 73   DESCRIPTION         
times 256, or 18688 VTEC parameters and 3 daily sets of     DESCRIPTION         
GNSS code bias parameters.                                  DESCRIPTION         
Contact address: code(at)aiub.unibe.ch                      DESCRIPTION         
Data archive:    ftp.aiub.unibe.ch/CODE/                    DESCRIPTION         
                 www.aiub.unibe.ch/download/CODE/           DESCRIPTION         
  2023     1    24     0     0     0                        EPOCH OF FIRST MAP  
  2023     1    25     0     0     0                        EPOCH OF LAST MAP   
  3600                                                      INTERVAL            
[...]
brst brux bshm cas1 ccj2 cedu chpg chpi chti chur ckis cnmr COMMENT             
coco cord cpxf crar cro1 daej darw dav1 dgar dhlg drao dubo COMMENT             
ebre faa1 fair flrs frdn ftna func ganp glps gode godz gol2 COMMENT             
gold gope gras graz guam guug harb hers hert hlfx hob2 hofn COMMENT             
holb hrao hyde iddr ieng iisc ineg invk iqal irkj isba jog2 COMMENT             
joz2 joze karr kerg kir0 kiru kit3 kokb kokv koug kour krgg COMMENT             
laut lmmf lpal lpgs m0se mac1 madr mal2 mana mas1 mat1 mate COMMENT             
maw1 mcm4 mdo1 mdvj medi mets mgue mizu mkea mnls mobs monp COMMENT             
morp mqzg mro1 mtka nano nico nist nium nklg nlib nnor not1 COMMENT             
nrc1 nrmd ntus nya1 nyal ohi2 onsa opmt ous2 pado parc park COMMENT             
pdel penc pert pie1 pimo pohn pol2 polv pots pove prds ptbb COMMENT             
ptvl qaq1 quin ramo reun reyk rgdg rio2 riop salu samo sant COMMENT             
savo sch2 scor scrz sctb scub seyg sofi spt0 ssia sthl stk2 COMMENT             
str2 suth sutm sydn syog tabl tabv tash thtg thti thu2 tid1 COMMENT             
tidb tlse tn22 tong tow2 tro1 tsea tskb tuva twtf txes uclu COMMENT             
ufpr ulab unb3 unbj unsa urum usn7 usud vald vill voim vtsp COMMENT             
wab1 wab2 wark wes2 wgtn whit will wind wsrt wtza wtzl wtzr COMMENT             
wtzs wuhn xmis yar2 yar3 yarr yell ykro zamb zeck zim2 zim3 COMMENT             
zimm                                                        COMMENT             
                                                            END OF HEADER       
[from data line 8580]
    21                                                      START OF TEC MAP    
  2023     1    24    20     0     0                        EPOCH OF CURRENT MAP
    87.5-180.0 180.0   5.0 450.0                            LAT/LON1/LON2/DLON/H
  111  111  110  110  110  110  110  110  110  110  111  111  111  111  111  111
  111  112  112  111  111  111  111  111  111  111  111  110  110  110  110  110
  110  110  111  111  111  112  112  112  113  114  114  115  115  116  117  117
  118  118  119  119  119  120  120  120  120  119  119  119  118  118  117  116
  116  115  114  114  113  112  112  111  111
    85.0-180.0 180.0   5.0 450.0                            LAT/LON1/LON2/DLON/H
   96   96   96   96   97   98   99  100  101  102  104  105  106  107  108  108
  108  109  108  108  108  107  106  105  104  103  103  102  101  100   99   99
   99   99   99   99   99  100  101  101  103  104  105  106  108  110  111  113
  114  116  117  119  120  120  121  121  121  120  119  118  117  115  113  111
  109  107  105  103  101  100   98   97   96
    82.5-180.0 180.0   5.0 450.0                            LAT/LON1/LON2/DLON/H
   76   76   77   78   80   83   86   89   93   96   99  102  104  107  108  109
  110  110  109  108  107  106  104  102   99   97   95   93   90   89   87   86
   85   85   84   84   85   85   86   87   89   90   92   94   96   98  101  103
  106  109  111  114  116  117  118  119  119  118  116  114  112  109  106  102
   98   94   90   87   84   81   79   77   76
    80.0-180.0 180.0   5.0 450.0                            LAT/LON1/LON2/DLON/H
   57   58   60   63   67   72   78   84   90   96  101  106  110  113  115  117
  117  117  116  114  112  110  106  103   99   95   90   86   83   79   77   75
   73   72   72   72   72   73   73   74   75   76   78   79   82   84   87   91
   95   98  102  105  108  111  112  113  113  112  110  107  104  100   95   90
   85   79   74   69   65   61   59   57   57
    77.5-180.0 180.0   5.0 450.0                            LAT/LON1/LON2/DLON/H
   44   46   50   55   62   70   79   88   97  106  113  120  125  128  131  132
  132  131  129  127  124  121  117  111  106   99   93   86   80   75   70   67
   65   64   64   64   64   64   65   65   65   65   65   66   68   71   74   78
   82   87   91   95   99  102  103  104  104  103  100   97   93   88   83   78
   72   66   61   55   51   47   45   44   44
    75.0-180.0 180.0   5.0 450.0                            LAT/LON1/LON2/DLON/H
   42   46   52   59   68   79   91  103  115  126  135  143  148  152  153  154
  153  151  150  147  145  141  136  129  122  112  102   92   83   74   68   63
   60   59   59   60   60   61   60   60   58   57   56   56   57   59   62   66
   70   75   80   85   88   91   92   93   92   90   87   84   80   76   71   67
   62   57   53   48   45   42   41   41   42
    72.5-180.0 180.0   5.0 450.0                            LAT/LON1/LON2/DLON/H
   52   57   65   74   85   98  112  127  141  154  165  174  179  182  182  181
  179  177  176  174  172  169  164  157  147  134  120  105   91   78   68   62
   58   57   57   58   59   59   59   57   54   52   49   48   48   50   53   57
   61   66   71   75   78   79   80   79   78   75   72   69   66   63   60   58
   55   53   51   49   47   47   47   49   52
    70.0-180.0 180.0   5.0 450.0                            LAT/LON1/LON2/DLON/H
   70   77   85   96  108  123  139  155  171  186  198  207  213  215  214  212
  209  207  206  206  205  204  199  191  178  162  143  122  102   85   71   62
   56   55   55   57   58   58   57   54   50   46   43   42   41   43   46   50
   54   59   63   66   68   68   67   65   62   59   56   54   52   51   51   51
   52   53   53   54   56   58   61   65   70
    67.5-180.0 180.0   5.0 450.0                            LAT/LON1/LON2/DLON/H
   90   98  108  119  132  147  164  181  199  216  229  240  246  248  246  243
  240  238  238  240  241  241  237  228  213  192  167  141  115   93   75   63
   56   53   53   54   55   54   52   49   44   40   37   35   36   38   41   45
   49   53   56   57   58   56   54   51   48   44   42   40   40   41   44   47
   50   54   57   61   65   70   76   82   90
    65.0-180.0 180.0   5.0 450.0                            LAT/LON1/LON2/DLON/H
  105  116  127  139  152  167  184  202  220  238  254  266  274  278  277  275
  272  271  271  274  276  277  273  262  244  220  191  160  130  103   82   67
   58   53   52   51   51   49   46   41   37   33   30   30   31   34   37   41
   45   47   48   49   48   45   43   39   35   32   30   30   31   34   38   43
   48   53   59   64   70   77   85   95  105
    62.5-180.0 180.0   5.0 450.0                            LAT/LON1/LON2/DLON/H
  112  125  138  152  165  180  196  214  233  252  270  286  297  303  306  305
  304  303  304  306  308  307  302  289  269  242  211  177  145  117   94   77
   65   58   53   50   47   43   38   34   29   26   25   26   28   31   35   38
   40   41   41   40   38   36   33   30   28   25   24   25   27   31   36   41
   46   51   55   61   67   76   86   98  112
    60.0-180.0 180.0   5.0 450.0                            LAT/LON1/LON2/DLON/H
  110  127  143  158  172  187  203  221  240  260  280  298  313  324  330  333
  334  334  334  334  333  330  321  306  284  256  225  193  162  135  112   94
   79   68   59   52   46   40   34   29   25   24   24   26   29   31   34   35
   35   34   33   32   30   29   28   27   26   25   25   26   28   32   36   40
   44   46   48   51   57   66   78   93  110
    57.5-180.0 180.0   5.0 450.0                            LAT/LON1/LON2/DLON/H
  103  123  143  161  178  194  210  228  246  265  286  306  324  340  351  358
  362  362  361  357  352  343  330  313  290  263  234  206  180  157  136  117
   99   84   70   59   49   41   35   31   28   27   28   31   33   35   35   34
   32   30   28   27   27   27   28   30   31   31   32   33   34   37   40   42
   42   41   39   39   42   51   64   82  103
    55.0-180.0 180.0   5.0 450.0                            LAT/LON1/LON2/DLON/H
   96  120  144  166  187  206  223  240  257  275  294  314  334  353  369  380
  386  387  383  375  364  349  332  311  288  264  241  219  199  180  162  142
  122  102   84   69   57   49   43   39   38   38   40   42   43   42   40   36
   32   29   27   27   28   31   35   38   41   43   44   45   45   46   46   46
   42   37   32   28   29   37   52   72   96
    52.5-180.0 180.0   5.0 450.0                            LAT/LON1/LON2/DLON/H
   95  123  151  178  203  226  247  264  280  294  309  326  345  365  383  397
  405  406  400  388  371  351  329  306  284  264  245  230  216  202  185  164
  141  117   95   78   67   60   56   54   54   55   56   57   56   52   47   42
   37   34   33   34   37   41   47   52   56   59   59   59   58   57   55   52
   46   38   29   23   23   30   46   69   95
    50.0-180.0 180.0   5.0 450.0                            LAT/LON1/LON2/DLON/H
  105  135  166  197  228  256  281  301  314  324  333  344  359  376  394  409
  419  420  412  397  376  351  326  303  282  265  250  239  228  215  198  176
  149  123  100   84   76   72   71   71   72   73   74   73   70   64   57   51
   47   45   45   47   51   56   62   68   72   75   75   74   71   69   65   61
   53   43   33   26   26   34   52   76  105
    47.5-180.0 180.0   5.0 450.0                            LAT/LON1/LON2/DLON/H
  124  155  188  222  258  293  324  346  358  364  366  369  376  388  403  416
  426  427  420  403  380  354  328  305  286  270  256  244  231  216  197  172
  143  116   96   84   81   82   84   87   88   89   90   88   83   76   68   63
   60   60   62   66   69   74   79   84   87   89   88   86   82   79   75   70
   62   53   43   37   38   49   68   94  124
    45.0-180.0 180.0   5.0 450.0                            LAT/LON1/LON2/DLON/H
  149  180  213  249  289  330  366  392  405  407  403  398  397  401  409  419
  427  430  424  409  386  361  337  315  296  279  261  244  225  205  181  153
  125  100   85   80   84   90   95   98   99  100  100   98   92   85   78   75
   75   78   82   85   88   90   93   96   98   99   97   94   90   86   82   78
   72   63   55   52   56   70   92  120  149
    42.5-180.0 180.0   5.0 450.0                            LAT/LON1/LON2/DLON/H
  175  204  235  272  315  360  400  430  445  445  437  426  417  413  415  420
  426  429  426  414  395  372  351  331  311  290  266  239  211  183  155  127
  101   82   75   78   88   98  104  105  104  104  104  102   98   92   87   86
   89   94   99  101  102  101  101  102  103  103  101   98   94   90   87   84
   79   73   67   66   74   92  117  146  175
    40.0-180.0 180.0   5.0 450.0                            LAT/LON1/LON2/DLON/H
  197  224  252  288  330  377  421  453  470  472  463  449  436  425  420  420
  424  428  428  421  405  386  367  348  328  301  268  231  194  161  131  106
   85   75   76   87  102  113  115  112  107  105  105  105  101   96   93   95
  100  106  110  110  108  105  104  103  103  102  101   98   94   91   89   87
   84   79   75   76   87  109  138  168  197
    37.5-180.0 180.0   5.0 450.0                            LAT/LON1/LON2/DLON/H
  211  236  263  295  336  382  425  459  478  483  477  465  450  436  426  421
  424  429  432  428  416  399  381  363  341  310  270  225  183  148  122  104
   92   90  100  116  132  139  134  123  113  109  109  109  107  102  100  102
  107  112  113  111  106  103  100   99   98   98   97   95   92   90   89   88
   86   81   77   80   93  118  150  182  211
    35.0-180.0 180.0   5.0 450.0                            LAT/LON1/LON2/DLON/H
  218  243  269  299  336  379  419  451  472  480  480  472  460  446  433  426
  427  433  437  435  424  407  389  371  348  315  272  226  186  158  141  133
  132  139  153  170  182  181  166  145  128  120  119  120  117  112  108  109
  111  112  109  104   98   95   93   93   93   93   92   90   88   88   88   88
   85   80   75   77   92  119  153  188  218
    32.5-180.0 180.0   5.0 450.0                            LAT/LON1/LON2/DLON/H
  222  250  275  304  339  376  411  440  460  472  477  476  469  457  444  435
  434  439  444  440  427  408  389  370  348  318  279  241  211  196  194  199
  208  219  234  247  250  237  210  178  154  142  140  140  135  128  121  117
  115  110  102   94   88   86   87   88   88   88   87   86   85   85   87   88
   85   79   72   73   87  115  152  190  222
    30.0-180.0 180.0   5.0 450.0                            LAT/LON1/LON2/DLON/H
  229  260  289  319  351  384  413  437  455  468  478  484  482  473  460  449
  446  449  450  443  425  402  380  363  345  322  295  272  260  264  279  296
  311  323  333  337  328  302  263  221  191  175  171  168  160  149  139  130
  122  110   97   85   80   80   84   87   88   87   85   83   83   84   87   89
   87   79   71   70   84  113  152  192  229
    27.5-180.0 180.0   5.0 450.0                            LAT/LON1/LON2/DLON/H
  242  279  313  347  380  410  435  455  470  483  495  503  504  496  481  468
  461  459  455  441  418  390  368  354  344  334  324  320  331  355  385  410
  425  432  432  423  401  363  314  266  231  213  206  200  189  175  161  147
  133  116   97   83   78   82   87   91   91   88   85   83   82   83   88   92
   91   83   74   73   86  116  157  201  242
    25.0-180.0 180.0   5.0 450.0                            LAT/LON1/LON2/DLON/H
  264  307  349  389  427  458  482  500  513  524  535  542  541  530  512  494
  481  471  459  437  408  378  358  350  351  356  365  384  415  455  494  520
  528  523  510  488  454  407  353  304  268  248  238  228  215  199  184  168
  150  128  106   91   86   91   98  100   98   93   88   84   82   85   90   96
   97   90   82   82   97  128  171  218  264
    22.5-180.0 180.0   5.0 450.0                            LAT/LON1/LON2/DLON/H
  293  343  393  441  486  524  552  571  584  594  602  604  597  579  553  527
  505  486  464  434  400  372  357  359  373  393  419  455  500  549  587  604
  599  579  550  516  474  424  371  324  290  270  258  246  233  218  204  190
  172  148  124  108  103  107  113  113  108  101   93   88   85   87   94  101
  103   99   94   96  114  147  192  242  293
    20.0-180.0 180.0   5.0 450.0                            LAT/LON1/LON2/DLON/H
  324  380  438  496  550  598  635  661  677  687  690  685  669  641  605  569
  536  505  473  436  401  376  371  384  410  443  480  525  575  621  648  649
  626  588  546  503  458  410  363  323  294  275  261  249  238  228  219  209
  194  172  149  132  126  127  129  127  119  109  100   93   90   91   97  105
  109  107  106  112  134  171  218  270  324
    17.5-180.0 180.0   5.0 450.0                            LAT/LON1/LON2/DLON/H
  353  412  476  543  608  668  717  752  775  787  787  776  750  712  666  620
  576  534  491  448  414  396  402  427  463  502  543  587  631  663  671  650
  607  555  503  456  412  370  333  303  280  263  249  237  230  227  226  223
  213  195  174  158  149  147  145  139  129  118  108  101   96   96  101  107
  111  112  114  126  153  193  243  296  353
    15.0-180.0 180.0   5.0 450.0                            LAT/LON1/LON2/DLON/H
  374  436  503  575  650  720  782  829  860  876  876  861  830  785  732  678
  625  573  522  476  443  433  450  485  526  565  600  634  662  674  659  616
  556  494  438  391  352  319  293  273  256  240  226  216  214  219  227  231
  227  215  197  181  170  163  157  148  137  127  118  110  104  102  104  108
  110  112  118  135  167  211  262  317  374
    12.5-180.0 180.0   5.0 450.0                            LAT/LON1/LON2/DLON/H
  387  448  516  591  670  748  818  874  913  934  938  924  893  849  796  740
  683  625  568  519  489  486  511  551  591  624  647  664  673  662  625  565
  495  428  374  332  298  274  258  247  235  219  204  196  199  211  225  235
  236  228  214  198  185  174  165  155  144  135  127  120  113  109  108  107
  107  108  117  138  175  222  275  329  387
    10.0-180.0 180.0   5.0 450.0                            LAT/LON1/LON2/DLON/H
  392  452  518  590  669  748  821  881  924  949  957  950  927  892  848  799
  745  687  629  579  550  551  577  617  651  672  680  680  669  640  588  519
  446  383  335  298  271  253  244  238  228  211  194  187  193  209  226  237
  240  235  223  208  193  180  169  159  151  144  138  131  124  118  113  108
  104  104  114  139  178  228  281  335  392
     7.5-180.0 180.0   5.0 450.0                            LAT/LON1/LON2/DLON/H
  393  451  513  580  652  725  793  849  890  916  930  932  924  907  881  847
  804  753  698  649  620  619  643  675  700  707  700  685  661  623  565  496
  429  375  335  304  281  266  260  256  245  226  207  198  204  219  234  243
  244  239  228  213  197  183  172  164  159  153  148  142  135  128  120  112
  104  102  113  140  181  231  284  338  393
     5.0-180.0 180.0   5.0 450.0                            LAT/LON1/LON2/DLON/H
  395  451  508  568  629  690  745  788  820  842  859  872  883  889  889  878
  854  815  768  722  692  686  700  721  733  728  710  686  658  619  567  506
  451  408  376  350  328  313  307  302  289  267  244  233  236  246  253  254
  250  242  231  216  199  184  175  170  166  162  157  151  146  140  131  120
  110  107  118  146  187  236  288  341  395
     2.5-180.0 180.0   5.0 450.0                            LAT/LON1/LON2/DLON/H
  401  455  508  560  609  653  690  716  733  746  761  783  812  843  871  888
  887  866  829  788  756  743  745  753  751  736  713  688  664  634  594  548
  506  474  449  424  401  384  375  368  353  328  302  287  285  286  283  273
  261  249  235  219  202  188  180  176  174  169  164  159  157  153  146  134
  123  119  131  159  199  245  295  347  401
