ionex_data/COD0OPSFIN_20230340000_01D_01H_GIM.INX
     1.0            IONOSPHERE MAPS     GNSS                IONEX VERSION / TYPE
ADDNEQ2 V5.5        AIUB                07-FEB-23 21:22     PGM / RUN BY / DATE 
CODE'S GLOBAL IONOSPHERE MAPS FOR DAY 034, 2023             COMMENT             
Global ionosphere maps (GIM) are generated on a daily basis DESCRIPTION         
at CODE using data from about 300 GNSS sites of the IGS and DESCRIPTION         
other institutions. The vertical total electron content     DESCRIPTION         
(VTEC) is modeled in a solar-geomagnetic reference frame    DESCRIPTION         
using a spherical harmonics expansion up to degree and      DESCRIPTION         
order 15. Piece-wise linear functions are used for          DESCRIPTION         
representation in the time domain. The time spacing of      DESCRIPTION         
their vertices is 1 hour, conforming with the epochs of the DESCRIPTION         
VTEC maps.                                                  DESCRIPTION         
To convert line-of-sight TEC into vertical TEC, a modified  DESCRIPTION         
single-layer model mapping function approximating the JPL   DESCRIPTION         
extended slab model mapping function is adopted. The        DESCRIPTION         
mapping function is evaluated at geodetic satellite         DESCRIPTION         
elevation angles. For the computation of the ionospheric    DESCRIPTION         
pierce points, a spherical layer with a radius of 6821 km   DESCRIPTION         
is assumed, implying geocentric, not geodetic IONEX         DESCRIPTION         
latitudes.                                                  DESCRIPTION         
Instrumental biases with respect to each involved GNSS code DESCRIPTION         
observable are estimated as constant values for each        DESCRIPTION         
day. They are modeled with one set of bias parameters for   DESCRIPTION         
each satellite and each station in case of GPS and for each DESCRIPTION         
satellite-station link in case of GLONASS. The code bias    DESCRIPTION         
datum is defined by zero-mean conditions imposed on the     DESCRIPTION         
satellite bias estimates. In this file, just GPS C1W-C2W    DESCRIPTION         
satellite and station bias values are included. The         DESCRIPTION         
complete set of GNSS code bias results is provided in an    DESCRIPTION         
additional Bias-SINEX file as pseudo-absolute values        DESCRIPTION         
specific to each observable.                                DESCRIPTION         
Note: These GIM results correspond to the results for the   DESCRIPTION         
middle day of a 3-day combination analysis solving for 73   DESCRIPTION         
times 256, or 18688 VTEC parameters and 3 daily sets of     DESCRIPTION         
GNSS code bias parameters.                                  DESCRIPTION         
Contact address: code(at)aiub.unibe.ch                      DESCRIPTION         
Data archive:    ftp.aiub.unibe.ch/CODE/                    DESCRIPTION         
                 www.aiub.unibe.ch/download/CODE/           DESCRIPTION         
  2023     2     3     0     0     0                        EPOCH OF FIRST MAP  
  2023     2     4     0     0     0                        EPOCH OF LAST MAP   
  3600                                                      INTERVAL            
[...]
bshm cags cas1 cedu chpg chpi chti chur ckis coco cord cpvg COMMENT             
cpxf crar cro1 daej darw dav1 dgar dhlg drao dubo ebre faa1 COMMENT             
fair flrs frdn ftna func ganp glps gode godz gol2 gold gope COMMENT             
gras graz guam guug harb hers hert hlfx hob2 hofn holb hrao COMMENT             
hyde iddr ieng iisc ineg invk iqal isba jog2 joz2 joze karr COMMENT             
kerg kir0 kiri kiru kit3 kokb kokv koug kour krgg laut lmmf COMMENT             
lpal lpgs m0se mac1 madr mal2 mana mas1 mat1 mate maw1 mcm4 COMMENT             
mdo1 mdvj medi mets mgue mizu mkea mnls mobs monp morp mqzg COMMENT             
mro1 mtka nano nico nist nium nklg nlib nnor not1 nrc1 nrmd COMMENT             
ntus nya1 nyal ohi2 onsa opmt ous2 pado park pdel penc pert COMMENT             
pie1 pimo pohn pol2 polv pots pove prds ptbb ptvl qaq1 quin COMMENT             
ramo reun reyk rgdg rio2 riop roth salu samo sant savo sch2 COMMENT             
scor scrz sctb scub seyg smst sofi spt0 ssia sthl stjo str2 COMMENT             
suth sutm suwn sydn syog tabl tabv tash thtg thti thu2 tid1 COMMENT             
tidb tlse tn22 tong tow2 tro1 tsea tskb twtf txes uclu ufpr COMMENT             
ulab unb3 unbj unsa urum usn7 usud vald vill voim vtsp wab1 COMMENT             
wab2 wark wes2 wgtn whit will wind wsrt wtza wtzl wtzr wtzs COMMENT             
wtzz wuhn xmis yar2 yar3 yarr yell ykro zamb zeck zim2 zim3 COMMENT             
zimm                                                        COMMENT             
                                                            END OF HEADER       
[from data line 3003]
     8                                                      START OF TEC MAP    
  2023     2     3     7     0     0                        EPOCH OF CURRENT MAP
    87.5-180.0 180.0   5.0 450.0                            LAT/LON1/LON2/DLON/H
   62   61   60   59   58   57   57   56   56   55   55   55   54   54   54   54
   55   55   55   55   56   56   57   57   58   59   59   60   61   61   62   63
   64   65   65   66   67   68   69   70   70   71   72   73   73   74   74   75
   76   76   76   77   77   77   77   77   77   76   76   75   75   74   73   72
   71   70   69   68   67   65   64   63   62
    85.0-180.0 180.0   5.0 450.0                            LAT/LON1/LON2/DLON/H
   62   59   57   55   53   52   50   49   49   48   48   47   47   47   47   47
   47   48   48   49   49   50   51   52   53   55   56   57   59   60   62   63
   65   66   68   69   70   72   73   75   76   78   79   81   83   84   86   88
   89   91   92   93   94   95   95   95   95   95   94   93   92   90   88   86
   84   81   78   76   73   70   67   64   62
    82.5-180.0 180.0   5.0 450.0                            LAT/LON1/LON2/DLON/H
   64   59   56   52   50   48   46   45   44   43   43   43   42   42   42   42
   42   43   43   43   44   45   46   47   49   51   53   55   57   59   61   64
   66   67   69   71   73   74   76   78   80   83   86   88   92   95   99  102
  105  109  112  114  117  119  120  121  121  121  120  119  117  114  111  108
  103   99   94   89   84   78   73   68   64
    80.0-180.0 180.0   5.0 450.0                            LAT/LON1/LON2/DLON/H
   68   61   56   51   48   45   43   42   42   41   41   41   41   41   40   40
   40   39   39   39   40   40   41   43   45   47   50   53   56   58   61   64
   66   68   70   72   73   75   77   79   82   86   90   95  101  107  113  119
  125  131  136  141  145  148  150  151  152  152  151  149  147  144  140  135
  129  122  115  107   99   91   83   75   68
    77.5-180.0 180.0   5.0 450.0                            LAT/LON1/LON2/DLON/H
   74   65   58   52   48   45   43   42   42   42   42   42   42   42   42   41
   40   39   38   38   38   38   39   40   43   45   48   52   55   59   62   65
   67   69   70   71   72   73   75   78   82   87   93  101  110  120  130  140
  149  158  165  171  176  180  182  183  184  183  182  181  178  175  170  164
  157  149  139  128  117  106   94   84   74
    75.0-180.0 180.0   5.0 450.0                            LAT/LON1/LON2/DLON/H
   81   70   61   54   49   46   44   44   44   45   46   46   46   46   45   44
   43   41   40   40   39   40   40   42   44   47   50   54   57   61   64   66
   67   68   68   68   68   69   70   74   79   86   96  107  120  135  149  163
  176  187  196  203  208  211  212  212  211  210  209  207  205  202  197  192
  184  174  163  150  136  122  107   93   81
    72.5-180.0 180.0   5.0 450.0                            LAT/LON1/LON2/DLON/H
   88   75   65   57   52   48   47   47   48   49   50   51   51   50   49   48
   47   46   46   45   45   46   47   48   50   53   56   59   62   65   67   68
   68   67   65   63   62   62   64   68   75   86   99  115  132  151  170  188
  203  216  226  233  236  237  235  233  230  227  225  224  222  221  217  212
  205  195  183  168  152  135  119  103   88
    70.0-180.0 180.0   5.0 450.0                            LAT/LON1/LON2/DLON/H
   94   81   69   61   55   52   50   51   52   53   54   55   54   54   53   53
   52   52   53   54   54   55   57   59   61   63   66   68   70   71   71   70
   67   64   60   57   55   54   57   63   73   87  104  124  146  169  191  212
  229  243  252  256  257  254  249  243  238  233  231  230  230  229  228  224
  218  208  196  180  163  145  127  110   94
    67.5-180.0 180.0   5.0 450.0                            LAT/LON1/LON2/DLON/H
   99   85   73   64   58   54   53   53   55   56   57   57   56   56   55   56
   56   58   60   62   64   66   68   70   72   74   76   77   78   77   74   71
   66   60   55   50   47   48   52   61   74   91  112  136  161  187  211  232
  250  263  270  271  268  262  253  244  236  230  227  227  228  230  231  229
  223  214  201  186  168  150  132  115   99
    65.0-180.0 180.0   5.0 450.0                            LAT/LON1/LON2/DLON/H
  102   89   77   67   60   56   54   54   55   56   57   56   56   55   55   56
   59   62   65   68   71   73   76   78   80   82   84   84   83   80   76   70
   63   55   48   43   41   43   50   62   79  100  125  151  177  203  227  247
  263  274  278  277  271  261  250  239  229  223  220  220  223  227  229  229
  224  214  201  185  167  150  133  117  102
    62.5-180.0 180.0   5.0 450.0                            LAT/LON1/LON2/DLON/H
  103   91   80   69   61   56   53   52   53   54   54   54   53   52   53   55
   58   62   66   70   72   75   77   80   83   85   86   86   84   80   74   66
   57   49   41   37   37   42   52   69   89  114  140  166  192  216  238  255
  268  276  278  275  268  257  245  233  224  218  215  217  221  226  229  229
  223  213  198  181  163  146  130  116  103
    60.0-180.0 180.0   5.0 450.0                            LAT/LON1/LON2/DLON/H
  104   93   82   71   62   55   50   49   49   50   50   49   49   48   49   52
   56   60   64   67   68   70   72   74   78   81   83   83   80   75   68   60
   51   43   36   34   36   44   59   79  103  130  156  182  205  226  243  257
  267  272  273  270  263  254  244  234  226  221  219  222  226  231  234  232
  226  213  196  177  157  140  126  114  104
    57.5-180.0 180.0   5.0 450.0                            LAT/LON1/LON2/DLON/H
  104   95   85   74   63   54   49   46   46   46   46   45   44   44   46   49
   53   57   59   60   60   59   61   63   67   71   74   74   72   67   60   53
   45   38   34   33   39   51   69   93  119  146  172  195  215  231  244  255
  262  266  267  265  262  256  250  243  237  234  233  235  239  242  244  241
  232  217  197  175  153  136  122  112  104
    55.0-180.0 180.0   5.0 450.0                            LAT/LON1/LON2/DLON/H
  105   98   89   78   66   57   50   46   44   43   43   41   40   41   43   46
   50   53   53   52   49   47   48   50   55   59   63   64   62   57   52   46
   40   36   34   37   46   61   82  107  135  161  185  205  221  233  244  252
  257  261  264  265  266  265  263  261  257  255  253  253  255  257  256  252
  242  224  202  176  152  133  119  111  105
    52.5-180.0 180.0   5.0 450.0                            LAT/LON1/LON2/DLON/H
  106  102   95   85   74   63   55   50   47   45   43   40   39   39   42   45
   49   51   50   46   42   38   38   41   46   51   54   54   52   49   45   41
   38   37   39   44   55   73   96  122  149  173  194  210  223  234  243  251
  257  262  267  272  276  281  283  283  281  278  274  271  269  267  265  260
  249  232  208  180  153  132  117  110  106
    50.0-180.0 180.0   5.0 450.0                            LAT/LON1/LON2/DLON/H
  107  105  101   94   85   75   67   60   55   51   47   43   41   41   43   46
   50   51   49   45   40   36   36   39   44   49   50   50   47   44   41   40
   40   42   46   54   68   87  110  135  160  181  199  212  224  235  245  255
  262  269  276  284  292  299  304  305  302  296  289  282  275  269  265  259
  250  235  212  184  155  132  116  109  107
    47.5-180.0 180.0   5.0 450.0                            LAT/LON1/LON2/DLON/H
  107  108  108  104   98   90   83   75   68   61   55   50   46   45   46   49
   53   54   53   49   45   43   44   48   52   55   55   51   47   43   41   42
   44   49   56   66   81  101  124  148  170  187  201  213  224  237  251  263
  273  282  290  299  308  317  321  321  316  307  295  283  271  261  253  247
  241  230  211  185  156  131  115  107  107
    45.0-180.0 180.0   5.0 450.0                            LAT/LON1/LON2/DLON/H
  105  108  111  112  110  106  100   93   84   76   67   60   55   52   52   55
   58   60   60   58   57   57   61   65   69   69   65   58   51   46   45   47
   51   57   66   78   95  116  139  161  179  193  203  214  226  242  259  275
  287  297  304  313  323  330  333  330  322  310  295  279  262  246  234  227
  224  218  205  183  155  130  112  105  105
    42.5-180.0 180.0   5.0 450.0                            LAT/LON1/LON2/DLON/H
  101  105  110  114  117  117  114  108   99   90   81   73   66   62   61   62
   65   67   69   71   73   77   83   88   91   88   80   69   60   53   52   54
   58   65   75   90  109  132  155  175  190  200  208  217  231  249  270  288
  301  310  317  325  333  340  341  335  325  312  297  279  258  236  217  207
  204  203  195  178  153  128  110  101  101
    40.0-180.0 180.0   5.0 450.0                            LAT/LON1/LON2/DLON/H
   96   98  103  109  115  119  120  116  110  101   93   86   79   74   71   71
   73   76   80   85   90   97  105  111  112  106   95   81   69   62   59   61
   65   71   82   99  121  147  172  192  204  211  216  224  238  258  280  299
  312  319  325  333  342  349  350  344  334  324  312  296  273  244  217  199
  193  192  189  176  154  129  109   98   96
    37.5-180.0 180.0   5.0 450.0                            LAT/LON1/LON2/DLON/H
   92   90   92   97  104  111  115  115  112  107  102   97   91   86   82   81
   82   86   91   97  105  114  123  128  128  120  106   91   78   70   67   67
   70   75   86  106  132  162  189  209  220  224  227  234  248  268  290  308
  319  325  331  341  353  363  367  364  359  357  354  345  322  286  247  216
  201  196  193  182  161  136  114   99   92
    35.0-180.0 180.0   5.0 450.0                            LAT/LON1/LON2/DLON/H
   92   83   78   79   85   93  100  104  104  104  105  104  101   97   93   91
   92   95  101  107  116  125  133  138  136  126  112   96   84   76   74   73
   73   77   88  110  141  176  206  227  237  240  243  249  262  280  300  315
  324  329  337  352  371  388  399  403  408  418  429  429  409  366  313  267
  237  224  216  203  181  153  127  107   92
    32.5-180.0 180.0   5.0 450.0                            LAT/LON1/LON2/DLON/H
  101   82   69   63   65   71   79   85   90   95  101  105  106  104  101  100
  101  104  109  114  121  129  136  139  135  126  112   98   87   81   79   77
   76   77   89  113  148  187  220  242  253  257  260  266  278  295  311  323
  330  337  350  372  401  428  448  463  481  506  533  546  530  482  416  351
  305  278  261  242  216  184  152  125  101
    30.0-180.0 180.0   5.0 450.0                            LAT/LON1/LON2/DLON/H
  121   92   69   55   50   53   59   66   73   83   93  102  106  107  106  107
  108  111  114  118  123  128  132  133  129  120  108   96   88   85   83   81
   78   78   89  115  154  196  231  255  267  272  277  286  298  313  326  336
  344  354  373  404  443  481  512  539  570  611  654  680  669  618  541  461
  397  355  326  299  266  228  190  154  121
    27.5-180.0 180.0   5.0 450.0                            LAT/LON1/LON2/DLON/H
  154  116   84   62   50   47   49   53   61   72   85   96  102  105  106  109
  112  115  117  119  121  124  125  124  120  113  103   94   89   87   87   85
   81   80   91  118  159  203  239  263  277  286  296  308  322  336  348  358
  368  384  409  449  496  543  583  620  662  715  771  806  802  751  667  577
  500  445  404  368  328  284  239  195  154
    25.0-180.0 180.0   5.0 450.0                            LAT/LON1/LON2/DLON/H
  198  154  116   88   70   61   56   56   60   69   80   89   95   99  102  107
  112  116  117  118  119  119  118  116  113  107   99   93   90   90   91   89
   85   83   94  122  164  208  245  269  285  299  315  333  350  365  378  390
  405  425  457  501  553  604  649  691  739  798  859  900  900  853  771  679
  597  534  485  441  394  345  294  245  198
    22.5-180.0 180.0   5.0 450.0                            LAT/LON1/LON2/DLON/H
  249  203  164  134  111   95   84   77   74   77   83   88   90   92   96  101
  108  112  114  115  116  115  114  112  109  104   98   93   92   93   95   93
   89   88  100  128  169  213  249  275  293  312  335  360  382  400  415  431
  450  476  510  554  605  655  699  739  786  843  901  941  943  903  830  747
  670  607  555  506  456  404  350  298  249
    20.0-180.0 180.0   5.0 450.0                            LAT/LON1/LON2/DLON/H
  301  259  222  193  169  148  131  116  106  100   98   95   91   89   90   95
  101  106  109  111  113  114  114  112  110  106  101   96   95   96   98   97
   94   94  106  135  176  220  256  282  304  329  359  390  417  438  456  476
  500  529  562  602  645  687  724  758  796  842  889  921  923  892  836  770
  708  653  604  556  507  455  401  349  301
    17.5-180.0 180.0   5.0 450.0                            LAT/LON1/LON2/DLON/H
  349  312  282  256  233  211  189  168  150  136  124  112  101   93   90   92
   96   99  103  107  112  115  116  116  114  110  105  100   98   99  101  100
   97   99  113  143  185  228  265  293  319  348  384  421  452  475  496  519
  546  576  605  636  669  699  725  747  770  799  828  847  847  826  791  750
  709  668  628  586  541  492  442  392  349
    15.0-180.0 180.0   5.0 450.0                            LAT/LON1/LON2/DLON/H
  386  357  334  314  294  271  248  224  201  181  161  141  122  108   99   96
   95   96   99  105  112  117  120  120  119  115  110  104  102  102  103  102
  100  103  119  151  195  240  278  309  337  371  411  450  483  507  528  554
  582  610  634  656  676  694  707  715  722  730  739  742  737  726  713  699
  682  658  629  596  558  516  469  425  386
    12.5-180.0 180.0   5.0 450.0                            LAT/LON1/LON2/DLON/H
  411  387  370  355  339  319  297  273  250  226  202  177  153  133  119  108
  102   99  100  106  114  121  124  124  123  119  113  107  104  104  104  102
  101  106  125  160  205  253  293  327  358  394  435  475  507  530  550  575
  603  629  647  660  671  679  682  678  668  657  646  634  624  622  628  639
  643  636  617  593  562  526  485  444  411
    10.0-180.0 180.0   5.0 450.0                            LAT/LON1/LON2/DLON/H
  422  401  388  377  363  347  328  308  287  265  241  215  190  167  147  131
  117  109  108  113  119  125  127  127  124  120  113  108  106  105  104  102
  101  108  130  168  216  265  308  344  377  413  454  492  521  541  559  582
  608  631  646  655  662  666  663  650  629  603  577  554  541  544  565  593
  612  615  604  584  560  529  491  453  422
     7.5-180.0 180.0   5.0 450.0                            LAT/LON1/LON2/DLON/H
  422  402  389  378  365  352  339  325  309  292  271  250  227  204  182  160
  141  128  123  124  128  129  129  126  123  118  112  108  107  107  105  101
  100  110  134  175  224  275  320  357  390  425  463  498  524  541  557  577
  601  622  636  646  655  661  658  643  616  583  551  523  509  517  544  580
  604  610  599  580  558  528  492  454  422
     5.0-180.0 180.0   5.0 450.0                            LAT/LON1/LON2/DLON/H
  417  393  378  365  352  341  332  324  315  304  290  275  258  239  216  191
  168  152  143  140  138  135  130  125  120  114  109  107  107  108  105  101
  100  112  139  180  230  281  326  362  394  427  462  494  518  533  546  564
  585  606  623  639  656  670  672  659  633  603  573  549  538  546  574  607
  627  627  610  587  561  529  491  450  417
     2.5-180.0 180.0   5.0 450.0                            LAT/LON1/LON2/DLON/H
  409  383  364  348  334  323  317  313  309  303  296  289  279  264  244  219
  195  177  166  158  150  141  132  124  117  111  107  106  108  109  106  101
  101  115  143  185  233  282  324  358  388  418  451  482  505  520  532  549
  569  590  611  636  664  689  699  693  675  655  637  623  618  625  646  668
  677  665  638  605  571  534  491  446  409
