ionex_data/COD0OPSFIN_20230240000_01D_01H_GIM.INX
     1.0            IONOSPHERE MAPS     GNSS                IONEX VERSION / TYPE
ADDNEQ2 V5.5        AIUB                28-JAN-23 21:12     PGM / RUN BY / DATE 
CODE'S GLOBAL IONOSPHERE MAPS FOR DAY 024, 2023             COMMENT             
Global ionosphere maps (GIM) are generated on a daily basis DESCRIPTION         
at CODE using data from about 300 GNSS sites of the IGS and DESCRIPTION         
other institutions. The vertical total electron content     DESCRIPTION         
(VTEC) is modeled in a solar-geomagnetic reference frame    DESCRIPTION         
using a spherical harmonics expansion up to degree and      DESCRIPTION         
order 15. Piece-wise linear functions are used for          DESCRIPTION         
representation in the time domain. The time spacing of      DESCRIPTION         
their vertices is 1 hour, conforming with the epochs of the DESCRIPTION         
VTEC maps.                                                  DESCRIPTION         
To convert line-of-sight TEC into vertical TEC, a modified  DESCRIPTION         
single-layer model mapping function approximating the JPL   DESCRIPTION         
extended slab model mapping function is adopted. The        DESCRIPTION         
mapping function is evaluated at geodetic satellite         DESCRIPTION         
elevation angles. For the computation of the ionospheric    DESCRIPTION         
pierce points, a spherical layer with a radius of 6821 km   DESCRIPTION         
is assumed, implying geocentric, not geodetic IONEX         DESCRIPTION         
latitudes.                                                  DESCRIPTION         
Instrumental biases with respect to each involved GNSS code DESCRIPTION         
observable are estimated as constant values for each        DESCRIPTION         
day. They are modeled with one set of bias parameters for   DESCRIPTION         
each satellite and each station in case of GPS and for each DESCRIPTION         
satellite-station link in case of GLONASS. The code bias    DESCRIPTION         
datum is defined by zero-mean conditions imposed on the     DESCRIPTION         
satellite bias estimates. In this file, just GPS C1W-C2W    DESCRIPTION         
satellite and station bias values are included. The         DESCRIPTION         
complete set of GNSS code bias results is provided in an    DESCRIPTION         
additional Bias-SINEX file as pseudo-absolute values        DESCRIPTION         
specific to each observable.                                DESCRIPTION         
Note: These GIM results correspond to the results for the   DESCRIPTION         
middle day of a 3-day combination analysis solving for 73   DESCRIPTION         
times 256, or 18688 VTEC parameters and 3 daily sets of     DESCRIPTION         
GNSS code bias parameters.                                  DESCRIPTION         
Contact address: code(at)aiub.unibe.ch                      DESCRIPTION         
Data archive:    ftp.aiub.unibe.ch/CODE/                    DESCRIPTION         
                 www.aiub.unibe.ch/download/CODE/           DESCRIPTION         
  2023     1    24     0     0     0                        EPOCH OF FIRST MAP  
  2023     1    25     0     0     0                        EPOCH OF LAST MAP   
  3600                                                      INTERVAL            
[...]
brst brux bshm cas1 ccj2 cedu chpg chpi chti chur ckis cnmr COMMENT             
coco cord cpxf crar cro1 daej darw dav1 dgar dhlg drao dubo COMMENT             
ebre faa1 fair flrs frdn ftna func ganp glps gode godz gol2 COMMENT             
gold gope gras graz guam guug harb hers hert hlfx hob2 hofn COMMENT             
holb hrao hyde iddr ieng iisc ineg invk iqal irkj isba jog2 COMMENT             
joz2 joze karr kerg kir0 kiru kit3 kokb kokv koug kour krgg COMMENT             
laut lmmf lpal lpgs m0se mac1 madr mal2 mana mas1 mat1 mate COMMENT             
maw1 mcm4 mdo1 mdvj medi mets mgue mizu mkea mnls mobs monp COMMENT             
morp mqzg mro1 mtka nano nico nist nium nklg nlib nnor not1 COMMENT             
nrc1 nrmd ntus nya1 nyal ohi2 onsa opmt ous2 pado parc park COMMENT             
pdel penc pert pie1 pimo pohn pol2 polv pots pove prds ptbb COMMENT             
ptvl qaq1 quin ramo reun reyk rgdg rio2 riop salu samo sant COMMENT             
savo sch2 scor scrz sctb scub seyg sofi spt0 ssia sthl stk2 COMMENT             
str2 suth sutm sydn syog tabl tabv tash thtg thti thu2 tid1 COMMENT             
tidb tlse tn22 tong tow2 tro1 tsea tskb tuva twtf txes uclu COMMENT             
ufpr ulab unb3 unbj unsa urum usn7 usud vald vill voim vtsp COMMENT             
wab1 wab2 wark wes2 wgtn whit will wind wsrt wtza wtzl wtzr COMMENT             
wtzs wuhn xmis yar2 yar3 yarr yell ykro zamb zeck zim2 zim3 COMMENT             
zimm                                                        COMMENT             
                                                            END OF HEADER       
[from data line 9867]
    24                                                      START OF TEC MAP    
  2023     1    24    23     0     0                        EPOCH OF CURRENT MAP
    87.5-180.0 180.0   5.0 450.0                            LAT/LON1/LON2/DLON/H
  102  103  104  105  106  106  107  108  108  109  109  109  109  110  110  109
  109  109  109  108  108  108  108  107  107  107  107  107  106  106  106  106
  106  106  106  106  106  106  105  105  105  105  105  104  104  103  103  103
  102  102  101  100  100   99   99   98   98   97   97   96   96   96   96   96
   97   97   97   98   99   99  100  101  102
    85.0-180.0 180.0   5.0 450.0                            LAT/LON1/LON2/DLON/H
  100  103  106  108  110  113  114  116  117  118  118  118  117  117  116  114
  113  111  110  108  107  105  104  103  102  102  102  101  101  101  102  102
  102  103  103  103  103  104  104  104  104  104  103  103  103  102  102  101
  100   99   98   96   95   93   92   90   88   87   85   84   83   83   83   83
   84   85   86   88   90   92   95   98  100
    82.5-180.0 180.0   5.0 450.0                            LAT/LON1/LON2/DLON/H
  103  108  113  118  122  125  128  131  132  133  133  132  130  127  124  120
  116  112  108  104  100   97   95   93   92   91   91   91   92   93   94   95
   96   96   97   98   98   99   99   99   99   99   99   99   99   99   99   98
   97   96   95   93   90   88   85   82   79   76   73   71   69   68   68   69
   71   73   76   80   84   88   93   98  103
    80.0-180.0 180.0   5.0 450.0                            LAT/LON1/LON2/DLON/H
  114  121  128  134  140  145  149  152  154  154  153  151  147  142  135  128
  120  112  104   98   92   87   83   81   79   79   79   80   82   83   85   87
   88   89   90   91   91   92   92   92   92   92   92   92   92   93   93   94
   94   93   92   90   87   84   79   75   70   65   61   58   56   55   56   58
   61   66   71   78   85   92  100  107  114
    77.5-180.0 180.0   5.0 450.0                            LAT/LON1/LON2/DLON/H
  134  142  150  157  163  169  174  177  180  180  179  175  168  160  150  138
  126  114  102   92   83   76   72   69   68   68   70   72   74   76   78   80
   82   83   84   84   84   84   83   82   82   81   81   82   83   84   85   87
   88   89   88   87   84   80   75   69   63   56   51   47   45   45   47   52
   58   67   76   86   96  107  116  126  134
    75.0-180.0 180.0   5.0 450.0                            LAT/LON1/LON2/DLON/H
  161  169  176  182  188  194  199  203  206  207  205  201  192  181  167  152
  135  119  103   90   79   71   65   63   62   63   65   67   70   72   74   75
   76   77   77   77   76   75   74   72   71   70   70   70   71   73   75   78
   81   83   84   83   81   77   71   63   55   48   41   37   36   38   43   52
   63   76   91  105  119  131  143  153  161
    72.5-180.0 180.0   5.0 450.0                            LAT/LON1/LON2/DLON/H
  191  197  202  206  211  216  221  226  230  232  231  226  217  204  188  169
  149  128  110   94   81   72   67   64   64   65   66   68   69   70   70   71
   70   70   69   68   67   66   64   62   61   59   58   58   59   61   64   68
   72   75   77   78   76   72   65   57   48   40   33   29   30   35   44   58
   75   94  113  131  148  162  174  184  191
    70.0-180.0 180.0   5.0 450.0                            LAT/LON1/LON2/DLON/H
  218  221  224  227  230  233  238  243  248  251  251  248  239  226  209  188
  166  144  124  106   93   83   77   74   72   72   72   71   70   68   66   64
   62   61   59   58   57   56   54   53   51   50   49   48   49   50   53   57
   61   65   68   69   68   64   58   49   40   32   25   23   26   34   49   68
   90  114  137  159  178  193  204  212  218
    67.5-180.0 180.0   5.0 450.0                            LAT/LON1/LON2/DLON/H
  237  240  241  242  243  246  249  254  259  264  266  264  258  246  229  209
  187  165  144  126  112  101   94   89   85   83   79   75   70   65   60   55
   52   49   47   46   45   45   44   43   43   42   41   41   41   41   43   46
   49   53   56   58   58   55   49   41   32   24   19   19   24   36   55   78
  105  132  159  182  201  215  226  233  237
    65.0-180.0 180.0   5.0 450.0                            LAT/LON1/LON2/DLON/H
  248  251  253  254  255  256  258  261  266  271  275  275  270  261  247  229
  209  189  169  151  136  123  113  106   99   92   85   77   68   60   52   45
   40   37   35   34   33   34   34   35   35   36   36   36   35   35   35   36
   38   41   44   46   46   44   39   33   26   19   16   17   25   40   61   88
  117  146  173  195  213  226  236  243  248
    62.5-180.0 180.0   5.0 450.0                            LAT/LON1/LON2/DLON/H
  252  259  264  267  268  267  267  268  271  275  279  280  278  272  261  248
  232  214  196  178  161  146  132  120  109   98   87   76   64   54   44   37
   31   28   26   25   24   25   26   28   30   32   34   34   33   32   30   29
   29   30   32   34   35   34   32   27   22   18   17   20   29   45   68   95
  124  153  178  198  213  225  235  244  252
    60.0-180.0 180.0   5.0 450.0                            LAT/LON1/LON2/DLON/H
  253  267  278  285  286  284  280  278  278  279  282  283  282  279  272  263
  252  239  223  205  185  166  147  129  114   99   85   72   60   50   41   34
   29   26   23   22   21   21   22   25   28   32   34   36   35   33   29   26
   24   23   25   26   28   29   28   26   24   22   22   27   37   53   75  101
  129  154  176  193  205  216  227  239  253
    57.5-180.0 180.0   5.0 450.0                            LAT/LON1/LON2/DLON/H
  259  280  298  308  311  307  299  292  288  286  286  286  285  283  280  276
  270  260  246  227  204  180  156  133  114   97   83   71   60   51   44   39
   35   32   29   26   24   23   24   26   30   35   39   41   40   37   32   27
   24   22   23   25   27   29   31   31   31   31   33   38   47   63   83  106
  131  153  172  185  196  206  220  237  259
    55.0-180.0 180.0   5.0 450.0                            LAT/LON1/LON2/DLON/H
  271  300  323  337  339  333  322  310  302  297  294  292  290  289  288  287
  284  277  264  243  218  189  160  134  112   96   83   73   65   59   54   50
   47   44   41   38   35   32   32   34   38   42   47   49   48   45   39   33
   29   28   29   31   34   37   39   41   42   44   47   52   60   73   91  112
  134  154  170  182  192  204  220  243  271
    52.5-180.0 180.0   5.0 450.0                            LAT/LON1/LON2/DLON/H
  291  324  350  364  365  356  342  329  319  312  308  303  299  297  296  296
  294  289  276  254  226  194  163  135  114   99   88   81   76   71   68   65
   62   59   56   52   49   46   46   47   50   54   58   60   59   55   49   44
   40   40   41   45   48   51   53   55   57   59   61   66   73   84  100  119
  140  159  175  188  200  214  233  259  291
    50.0-180.0 180.0   5.0 450.0                            LAT/LON1/LON2/DLON/H
  315  346  370  382  381  369  355  342  334  329  325  319  313  308  306  305
  302  296  282  261  232  200  168  141  121  108  100   94   90   85   81   77
   73   69   66   64   62   61   62   63   66   69   72   73   71   67   61   57
   55   56   59   63   67   69   70   71   72   73   75   78   85   95  109  128
  148  169  188  204  219  236  257  284  315
    47.5-180.0 180.0   5.0 450.0                            LAT/LON1/LON2/DLON/H
  337  361  378  385  380  368  355  347  345  345  343  339  331  324  319  314
  309  300  286  265  238  208  179  154  135  123  116  109  102   94   86   79
   74   70   68   68   71   74   77   80   82   84   86   86   83   79   74   71
   71   74   78   83   86   87   86   85   84   83   84   87   94  104  119  138
  160  183  206  227  247  266  287  311  337
    45.0-180.0 180.0   5.0 450.0                            LAT/LON1/LON2/DLON/H
  350  363  370  369  361  350  343  343  349  357  361  359  352  343  334  325
  315  302  287  269  246  221  194  171  153  140  130  120  108   95   82   71
   64   60   61   66   73   82   89   93   96   97   98   97   95   91   86   84
   85   90   95  100  103  102   99   95   91   89   89   93  100  113  129  149
  172  198  226  253  277  299  318  335  350
    42.5-180.0 180.0   5.0 450.0                            LAT/LON1/LON2/DLON/H
  354  353  349  341  331  324  324  333  350  366  376  377  371  362  350  337
  321  305  290  274  257  236  213  190  170  154  139  124  106   87   70   56
   48   46   50   59   72   86   96  103  106  107  107  107  105  101   96   95
   96  101  107  111  113  110  105   99   93   89   89   94  105  120  139  160
  184  212  242  274  303  327  343  351  354
    40.0-180.0 180.0   5.0 450.0                            LAT/LON1/LON2/DLON/H
  351  338  325  313  305  302  309  327  351  373  387  391  387  379  366  349
  329  310  295  283  271  253  230  204  179  158  139  119   98   76   57   43
   37   38   45   57   73   89  101  108  111  112  113  114  113  109  104  102
  103  107  111  114  115  112  105   98   90   85   86   94  109  128  150  171
  195  222  253  288  321  346  359  360  351
    37.5-180.0 180.0   5.0 450.0                            LAT/LON1/LON2/DLON/H
  351  332  315  305  300  302  314  335  361  383  397  401  398  392  380  361
  338  317  303  295  286  268  241  208  177  152  131  110   90   70   55   47
   45   49   58   70   84   97  107  112  114  115  118  120  120  116  110  106
  105  106  108  110  109  106  100   92   84   80   83   94  114  137  161  183
  204  228  259  294  330  357  370  366  351
    35.0-180.0 180.0   5.0 450.0                            LAT/LON1/LON2/DLON/H
  366  349  337  333  335  342  353  370  388  403  409  408  405  400  390  372
  349  328  316  309  299  277  242  202  165  139  120  106   94   83   78   79
   84   91   97  103  110  115  118  118  117  118  122  127  127  123  115  108
  103  101  100   99   98   96   91   85   78   75   80   96  120  148  174  195
  213  233  261  296  334  366  382  380  366
    32.5-180.0 180.0   5.0 450.0                            LAT/LON1/LON2/DLON/H
  406  401  403  412  423  431  435  438  439  437  428  418  410  405  397  382
  361  342  332  325  310  279  234  186  149  127  118  117  119  124  133  145
  157  165  165  160  152  145  137  129  124  124  130  135  136  130  119  109
  100   94   89   86   85   84   82   77   72   71   79   99  129  161  189  209
  224  240  265  300  341  378  403  411  406
    30.0-180.0 180.0   5.0 450.0                            LAT/LON1/LON2/DLON/H
  478  492  515  542  563  569  560  541  517  489  460  435  419  410  403  390
  373  358  350  339  316  274  220  170  137  127  136  153  174  196  219  242
  259  263  253  232  207  183  162  146  137  136  141  147  146  137  123  109
   97   87   79   75   73   74   74   71   68   70   82  106  140  175  204  223
  237  251  275  311  356  402  439  463  478
    27.5-180.0 180.0   5.0 450.0                            LAT/LON1/LON2/DLON/H
  575  616  663  710  741  743  716  670  616  560  507  464  434  419  409  398
  385  375  367  351  318  265  206  161  142  151  181  218  256  292  326  354
  371  369  346  307  264  224  192  169  155  152  157  161  157  145  127  110
   96   83   73   67   65   66   68   68   67   71   86  114  152  189  219  239
  253  269  294  333  383  438  491  536  575
    25.0-180.0 180.0   5.0 450.0                            LAT/LON1/LON2/DLON/H
  684  752  824  890  930  927  883  811  729  646  570  507  462  435  419  406
  396  390  381  359  316  256  200  169  172  204  254  307  356  398  433  460
  470  458  421  366  309  259  220  192  176  171  174  175  168  151  131  112
   97   84   72   64   62   63   65   66   67   74   92  124  164  204  235  256
  273  294  323  365  420  485  553  620  684
    22.5-180.0 180.0   5.0 450.0                            LAT/LON1/LON2/DLON/H
  785  875  968 1050 1097 1092 1034  942  839  738  645  566  505  463  435  417
  407  403  392  363  312  251  207  199  229  284  348  407  455  492  518  534
  533  509  460  395  331  279  240  213  197  190  189  187  175  155  133  115
  100   88   76   67   63   63   65   65   67   77   99  135  178  219  251  274
  296  323  359  405  464  535  615  699  785
    20.0-180.0 180.0   5.0 450.0                            LAT/LON1/LON2/DLON/H
  857  959 1063 1155 1209 1204 1142 1043  932  825  725  635  560  502  460  433
  419  413  399  364  308  255  231  253  309  380  446  498  532  552  560  557
  542  507  452  386  325  279  249  227  212  204  200  194  179  157  135  118
  106   95   83   73   68   66   66   65   69   81  107  145  191  233  267  293
  320  354  396  445  504  577  664  759  857
    17.5-180.0 180.0   5.0 450.0                            LAT/LON1/LON2/DLON/H
  884  985 1088 1181 1240 1243 1188 1097  994  894  799  709  625  552  493  453
  433  422  404  363  309  268  272  323  401  476  529  559  568  563  547  525
  496  455  401  342  294  263  246  233  220  210  204  195  179  157  137  123
  113  103   92   82   75   71   68   66   70   85  114  156  204  248  283  311
  342  382  429  479  535  605  690  785  884
    15.0-180.0 180.0   5.0 450.0                            LAT/LON1/LON2/DLON/H
  860  946 1035 1121 1183 1199 1163 1094 1015  937  859  777  692  608  535  481
  450  433  408  365  315  293  324  400  488  551  577  575  553  521  483  445
  408  368  323  279  250  239  237  233  223  211  202  193  177  157  140  129
  122  113  102   91   82   76   71   68   74   91  122  166  217  263  299  328
  361  404  453  502  552  612  688  774  860
    12.5-180.0 180.0   5.0 450.0                            LAT/LON1/LON2/DLON/H
  795  853  915  985 1047 1079 1072 1037  993  947  896  831  753  665  581  515
  473  447  417  372  330  327  382  473  555  591  580  540  490  438  386  340
  304  273  243  219  210  218  230  232  222  208  198  190  177  160  146  138
  133  124  111   99   90   82   75   72   79   97  130  176  228  276  314  343
  377  420  468  512  553  602  664  732  795
    10.0-180.0 180.0   5.0 450.0                            LAT/LON1/LON2/DLON/H
  706  728  755  801  859  908  933  938  934  925  904  864  800  717  629  553
  502  468  432  388  356  370  439  531  592  590  536  463  395  335  283  242
  216  201  189  184  192  212  232  236  224  207  197  192  183  170  158  151
  145  135  122  109   99   90   82   79   86  106  139  184  237  288  326  356
  388  429  473  511  543  579  626  673  706
     7.5-180.0 180.0   5.0 450.0                            LAT/LON1/LON2/DLON/H
  619  603  591  608  657  719  775  818  851  876  886  872  828  758  674  596
  538  497  459  417  393  418  491  569  597  551  459  365  293  243  204  180
  172  175  181  189  206  230  250  250  232  213  204  202  198  187  177  169
  161  148  133  119  109   99   91   88   96  115  147  191  244  296  336  365
  395  432  472  504  529  555  588  614  619
     5.0-180.0 180.0   5.0 450.0                            LAT/LON1/LON2/DLON/H
  556  507  459  446  481  550  628  700  762  813  847  857  836  785  712  638
  579  535  496  458  442  470  536  589  577  490  370  271  213  186  174  173
  186  208  226  238  253  271  282  274  250  229  221  223  221  212  200  190
  178  163  145  131  121  111  102   99  106  125  155  196  248  300  342  371
  398  431  467  496  516  537  562  574  556
     2.5-180.0 180.0   5.0 450.0                            LAT/LON1/LON2/DLON/H
  533  464  388  349  367  433  521  608  686  750  798  826  827  798  743  678
  623  580  543  510  498  525  574  596  545  427  295  208  178  184  201  225
  257  290  312  320  323  327  324  306  276  254  248  252  251  240  225  211
  196  178  159  145  135  124  114  109  116  134  161  200  249  302  344  374
  398  429  462  490  510  531  554  563  533
