ionex_data/COD0OPSFIN_20230340000_01D_01H_GIM.INX
     1.0            IONOSPHERE MAPS     GNSS                IONEX VERSION / TYPE
ADDNEQ2 V5.5        AIUB                07-FEB-23 21:22     PGM / RUN BY / DATE 
CODE'S GLOBAL IONOSPHERE MAPS FOR DAY 034, 2023             COMMENT             
Global ionosphere maps (GIM) are generated on a daily basis DESCRIPTION         
at CODE using data from about 300 GNSS sites of the IGS and DESCRIPTION         
other institutions. The vertical total electron content     DESCRIPTION         
(VTEC) is modeled in a solar-geomagnetic reference frame    DESCRIPTION         
using a spherical harmonics expansion up to degree and      DESCRIPTION         
order 15. Piece-wise linear functions are used for          DESCRIPTION         
representation in the time domain. The time spacing of      DESCRIPTION         
their vertices is 1 hour, conforming with the epochs of the DESCRIPTION         
VTEC maps.                                                  DESCRIPTION         
To convert line-of-sight TEC into vertical TEC, a modified  DESCRIPTION         
single-layer model mapping function approximating the JPL   DESCRIPTION         
extended slab model mapping function is adopted. The        DESCRIPTION         
mapping function is evaluated at geodetic satellite         DESCRIPTION         
elevation angles. For the computation of the ionospheric    DESCRIPTION         
pierce points, a spherical layer with a radius of 6821 km   DESCRIPTION         
is assumed, implying geocentric, not geodetic IONEX         DESCRIPTION         
latitudes.                                                  DESCRIPTION         
Instrumental biases with respect to each involved GNSS code DESCRIPTION         
observable are estimated as constant values for each        DESCRIPTION         
day. They are modeled with one set of bias parameters for   DESCRIPTION         
each satellite and each station in case of GPS and for each DESCRIPTION         
satellite-station link in case of GLONASS. The code bias    DESCRIPTION         
datum is defined by zero-mean conditions imposed on the     DESCRIPTION         
satellite bias estimates. In this file, just GPS C1W-C2W    DESCRIPTION         
satellite and station bias values are included. The         DESCRIPTION         
complete set of GNSS code bias results is provided in an    DESCRIPTION         
additional Bias-SINEX file as pseudo-absolute values        DESCRIPTION         
specific to each observable.                                DESCRIPTION         
Note: These GIM results correspond to the results for the   DESCRIPTION         
middle day of a 3-day combination analysis solving for 73   DESCRIPTION         
times 256, or 18688 VTEC parameters and 3 daily sets of     DESCRIPTION         
GNSS code bias parameters.                                  DESCRIPTION         
Contact address: code(at)aiub.unibe.ch                      DESCRIPTION         
Data archive:    ftp.aiub.unibe.ch/CODE/                    DESCRIPTION         
                 www.aiub.unibe.ch/download/CODE/           DESCRIPTION         
  2023     2     3     0     0     0                        EPOCH OF FIRST MAP  
  2023     2     4     0     0     0                        EPOCH OF LAST MAP   
  3600                                                      INTERVAL            
[...]
bshm cags cas1 cedu chpg chpi chti chur ckis coco cord cpvg COMMENT             
cpxf crar cro1 daej darw dav1 dgar dhlg drao dubo ebre faa1 COMMENT             
fair flrs frdn ftna func ganp glps gode godz gol2 gold gope COMMENT             
gras graz guam guug harb hers hert hlfx hob2 hofn holb hrao COMMENT             
hyde iddr ieng iisc ineg invk iqal isba jog2 joz2 joze karr COMMENT             
kerg kir0 kiri kiru kit3 kokb kokv koug kour krgg laut lmmf COMMENT             
lpal lpgs m0se mac1 madr mal2 mana mas1 mat1 mate maw1 mcm4 COMMENT             
mdo1 mdvj medi mets mgue mizu mkea mnls mobs monp morp mqzg COMMENT             
mro1 mtka nano nico nist nium nklg nlib nnor not1 nrc1 nrmd COMMENT             
ntus nya1 nyal ohi2 onsa opmt ous2 pado park pdel penc pert COMMENT             
pie1 pimo pohn pol2 polv pots pove prds ptbb ptvl qaq1 quin COMMENT             
ramo reun reyk rgdg rio2 riop roth salu samo sant savo sch2 COMMENT             
scor scrz sctb scub seyg smst sofi spt0 ssia sthl stjo str2 COMMENT             
suth sutm suwn sydn syog tabl tabv tash thtg thti thu2 tid1 COMMENT             
tidb tlse tn22 tong tow2 tro1 tsea tskb twtf txes uclu ufpr COMMENT             
ulab unb3 unbj unsa urum usn7 usud vald vill voim vtsp wab1 COMMENT             
wab2 wark wes2 wgtn whit will wind wsrt wtza wtzl wtzr wtzs COMMENT             
wtzz wuhn xmis yar2 yar3 yarr yell ykro zamb zeck zim2 zim3 COMMENT             
zimm                                                        COMMENT             
                                                            END OF HEADER       
[from data line 1287]
     4                                                      START OF TEC MAP    
  2023     2     3     3     0     0                        EPOCH OF CURRENT MAP
    87.5-180.0 180.0   5.0 450.0                            LAT/LON1/LON2/DLON/H
  112  112  111  110  108  107  106  104  103  101   99   98   96   94   92   90
   88   86   83   81   79   77   74   72   70   68   65   63   61   60   58   56
   55   54   53   53   52   52   52   53   53   54   55   57   59   61   63   65
   68   71   73   76   79   83   86   89   92   95   98  100  103  105  107  109
  110  111  112  113  113  113  113  113  112
    85.0-180.0 180.0   5.0 450.0                            LAT/LON1/LON2/DLON/H
  140  137  134  131  128  125  122  119  117  114  112  110  107  105  103  100
   97   94   91   88   84   80   76   72   67   63   59   54   50   46   43   40
   37   34   32   31   30   29   29   30   31   32   34   37   40   44   48   52
   57   63   69   75   82   88   95  102  109  115  121  127  132  137  141  144
  146  148  148  148  148  147  145  142  140
    82.5-180.0 180.0   5.0 450.0                            LAT/LON1/LON2/DLON/H
  161  155  149  143  138  133  128  125  122  120  118  116  115  113  112  110
  108  105  102   98   93   88   83   77   71   65   59   53   47   41   36   32
   28   25   22   20   19   18   18   19   20   22   24   27   31   35   40   46
   53   60   68   77   87   97  108  118  129  139  149  158  166  173  178  183
  185  187  186  185  182  178  173  167  161
    80.0-180.0 180.0   5.0 450.0                            LAT/LON1/LON2/DLON/H
  176  166  156  146  138  131  126  121  119  117  116  116  116  116  117  116
  115  114  111  108  103   98   92   85   78   71   63   56   50   43   38   33
   29   26   24   22   21   21   21   22   23   24   26   29   32   36   41   47
   54   62   72   83   94  107  120  134  148  162  175  187  198  207  215  220
  223  223  222  218  212  205  196  186  176
    77.5-180.0 180.0   5.0 450.0                            LAT/LON1/LON2/DLON/H
  186  172  158  146  135  126  119  114  111  109  109  110  112  114  116  117
  118  117  116  113  110  105   99   92   85   78   70   63   57   51   46   42
   39   36   35   35   35   35   36   36   37   38   39   41   43   46   50   55
   61   69   79   90  102  116  131  147  163  179  195  210  223  234  243  250
  253  253  250  245  236  226  213  200  186
    75.0-180.0 180.0   5.0 450.0                            LAT/LON1/LON2/DLON/H
  194  177  161  146  133  122  113  107  103  101  101  102  104  107  109  111
  112  113  113  111  109  106  101   96   90   84   78   72   66   61   57   55
   53   52   52   53   54   55   56   57   57   58   58   58   59   60   62   66
   71   78   87   98  110  124  139  156  173  190  206  222  237  250  260  267
  271  272  269  262  253  241  226  210  194
    72.5-180.0 180.0   5.0 450.0                            LAT/LON1/LON2/DLON/H
  202  185  168  151  137  124  114  106  101   97   95   95   95   96   97   99
  100  101  101  102  101  100   98   95   92   88   84   80   76   73   70   69
   68   69   70   71   73   74   75   76   76   76   75   74   73   73   74   77
   81   87   95  105  117  130  144  160  175  192  208  224  238  252  263  271
  276  278  276  270  262  250  236  220  202
    70.0-180.0 180.0   5.0 450.0                            LAT/LON1/LON2/DLON/H
  213  197  180  164  149  135  123  113  105   99   94   90   87   85   84   83
   83   83   85   86   88   90   91   91   91   90   88   86   85   83   81   81
   81   81   82   83   85   86   87   87   87   86   85   83   82   81   82   84
   88   94  102  112  122  134  147  160  173  187  201  216  229  242  254  263
  269  273  273  270  263  254  242  229  213
    67.5-180.0 180.0   5.0 450.0                            LAT/LON1/LON2/DLON/H
  226  212  198  183  167  153  139  126  115  105   96   89   81   75   71   67
   65   65   67   70   73   77   81   84   87   89   90   90   89   89   88   87
   86   86   86   87   87   88   88   88   87   86   85   83   82   82   83   86
   91   98  106  116  126  137  147  157  168  179  191  203  215  227  238  248
  256  262  264  264  261  256  248  238  226
    65.0-180.0 180.0   5.0 450.0                            LAT/LON1/LON2/DLON/H
  239  229  217  203  188  173  158  143  128  115  102   90   79   69   61   55
   52   51   52   56   60   66   71   77   82   86   88   89   90   89   87   86
   84   82   81   80   79   79   78   78   77   76   76   75   74   74   76   81
   87   96  107  117  128  138  147  155  163  171  180  190  201  212  224  235
  244  251  256  259  259  256  252  246  239
    62.5-180.0 180.0   5.0 450.0                            LAT/LON1/LON2/DLON/H
  249  243  233  221  207  191  175  157  140  124  107   92   79   67   57   50
   46   44   45   48   52   58   64   70   75   80   83   85   85   83   81   78
   75   72   69   67   65   63   62   61   61   61   61   61   61   62   65   71
   80   91  104  117  129  139  147  154  160  167  174  183  194  205  218  229
  240  248  254  257  259  258  257  254  249
    60.0-180.0 180.0   5.0 450.0                            LAT/LON1/LON2/DLON/H
  257  252  245  234  221  205  187  168  148  129  111   94   80   67   58   51
   47   46   46   48   50   54   59   64   68   72   75   76   76   74   71   67
   62   58   55   51   49   47   45   45   45   46   47   48   48   50   53   60
   71   84  100  115  129  140  149  156  163  170  177  186  197  210  223  235
  247  255  261  263  264  263  262  260  257
    57.5-180.0 180.0   5.0 450.0                            LAT/LON1/LON2/DLON/H
  260  256  250  240  228  212  193  173  152  131  112   94   80   70   62   57
   55   53   53   52   53   54   56   59   62   64   66   67   66   63   59   55
   50   46   42   40   37   35   33   33   34   36   38   39   39   40   44   51
   63   79   97  115  131  144  155  164  172  181  190  200  212  226  240  253
  265  273  276  277  274  270  267  263  260
    55.0-180.0 180.0   5.0 450.0                            LAT/LON1/LON2/DLON/H
  260  255  249  241  230  214  196  175  153  130  110   93   80   72   67   65
   64   63   61   59   57   56   55   55   56   57   58   58   56   53   50   46
   42   39   37   35   34   32   31   30   31   34   36   37   37   37   40   47
   60   78   98  118  136  152  165  177  189  200  211  223  236  249  264  277
  288  295  297  294  287  279  271  265  260
    52.5-180.0 180.0   5.0 450.0                            LAT/LON1/LON2/DLON/H
  256  251  245  239  229  216  199  178  155  131  109   91   79   72   70   70
   71   70   68   65   61   57   55   54   53   53   53   52   51   48   45   42
   39   38   39   39   39   38   37   36   37   39   42   43   42   41   43   50
   64   84  106  127  147  165  181  197  211  225  238  250  262  275  288  301
  311  316  316  310  299  286  274  264  256
    50.0-180.0 180.0   5.0 450.0                            LAT/LON1/LON2/DLON/H
  252  245  240  235  229  220  205  186  161  135  110   91   78   72   71   72
   73   73   71   67   63   59   57   55   55   54   53   52   50   47   45   43
   43   44   47   51   52   52   50   49   49   51   53   54   53   51   53   60
   75   96  119  142  163  182  201  220  238  254  267  277  286  296  306  315
  324  328  326  319  306  291  276  262  252
    47.5-180.0 180.0   5.0 450.0                            LAT/LON1/LON2/DLON/H
  248  239  233  231  229  224  215  197  173  145  117   94   79   71   69   70
   71   71   70   67   64   62   62   62   62   61   59   57   54   51   49   49
   50   54   60   65   69   69   67   64   63   64   67   68   66   64   66   75
   91  114  138  161  182  203  224  245  265  281  293  299  304  308  312  318
  323  326  326  320  308  293  276  261  248
    45.0-180.0 180.0   5.0 450.0                            LAT/LON1/LON2/DLON/H
  246  233  226  224  226  228  224  211  188  159  128  102   83   73   68   67
   68   68   68   68   68   70   72   74   74   73   70   66   61   58   56   56
   59   64   72   80   85   85   82   78   76   77   79   80   79   78   81   91
  110  134  158  181  202  223  246  269  289  304  312  314  313  310  309  309
  311  313  315  313  306  295  279  262  246
    42.5-180.0 180.0   5.0 450.0                            LAT/LON1/LON2/DLON/H
  249  231  219  215  218  225  228  221  202  174  142  113   92   78   71   67
   66   67   70   73   78   83   87   91   92   89   84   77   71   65   63   63
   66   72   81   90   96   97   93   88   85   86   89   91   90   90   94  106
  127  152  177  199  220  241  264  287  307  320  325  323  316  308  301  296
  294  296  301  305  306  300  288  269  249
    40.0-180.0 180.0   5.0 450.0                            LAT/LON1/LON2/DLON/H
  261  234  212  202  204  213  222  222  209  185  155  126  104   89   79   73
   71   73   79   87   95  103  108  111  111  106   99   89   80   73   69   68
   71   77   86   95  102  103  100   95   92   93   96   98   98   99  104  118
  140  166  191  212  231  252  275  298  317  328  331  328  320  310  299  289
  284  286  295  306  316  317  308  288  261
    37.5-180.0 180.0   5.0 450.0                            LAT/LON1/LON2/DLON/H
  286  246  212  191  186  193  205  211  206  188  163  138  118  103   92   86
   83   87   96  108  119  127  130  131  128  121  112  100   90   81   76   74
   75   80   87   96  103  105  103   99   97   98  101  103  104  104  111  125
  148  174  197  217  235  256  279  302  320  331  335  334  331  324  313  302
  294  295  307  325  343  351  344  321  286
    35.0-180.0 180.0   5.0 450.0                            LAT/LON1/LON2/DLON/H
  328  275  225  188  170  171  181  191  192  182  165  146  130  118  109  103
  101  106  118  133  144  150  150  146  140  132  122  111  101   92   86   83
   82   84   89   96  103  105  104  102  101  103  106  108  107  108  114  129
  151  176  198  216  234  254  277  300  318  331  340  349  356  357  352  341
  332  332  346  369  392  405  399  373  328
    32.5-180.0 180.0   5.0 450.0                            LAT/LON1/LON2/DLON/H
  391  325  258  204  169  157  160  169  174  170  160  149  139  131  125  120
  119  126  140  155  166  167  162  153  144  137  130  123  115  108  102   97
   94   92   94   98  103  106  106  106  106  108  110  111  110  110  116  130
  151  174  195  213  230  250  273  296  316  334  353  375  397  413  415  407
  398  397  411  436  462  478  473  443  391
    30.0-180.0 180.0   5.0 450.0                            LAT/LON1/LON2/DLON/H
  472  399  319  248  195  165  154  156  159  159  154  148  143  140  136  133
  133  139  153  168  176  174  163  151  142  138  138  137  135  132  126  120
  113  108  105  105  106  108  109  110  112  113  114  113  111  110  116  130
  150  172  192  210  227  248  272  296  320  345  376  415  455  486  498  495
  485  483  496  520  546  562  558  528  472
    27.5-180.0 180.0   5.0 450.0                            LAT/LON1/LON2/DLON/H
  567  494  409  326  255  205  175  163  159  156  152  147  145  144  143  139
  138  142  154  167  173  168  155  141  136  139  147  156  162  162  158  150
  140  129  120  115  113  113  114  115  116  116  115  112  109  110  116  130
  150  172  193  212  231  252  278  305  334  368  412  466  523  567  589  589
  579  575  585  607  631  647  645  619  567
    25.0-180.0 180.0   5.0 450.0                            LAT/LON1/LON2/DLON/H
  663  601  522  435  351  280  229  198  181  170  160  152  148  147  145  140
  135  136  144  155  159  153  140  130  130  142  161  180  193  198  195  185
  170  153  139  128  122  120  119  118  117  115  111  107  105  107  115  132
  153  177  200  221  242  267  294  325  360  402  457  523  591  644  670  672
  662  656  663  680  702  718  721  703  663
    22.5-180.0 180.0   5.0 450.0                            LAT/LON1/LON2/DLON/H
  748  705  642  562  473  386  314  261  226  202  182  167  157  153  149  141
  132  126  129  137  141  138  129  124  131  152  180  207  226  234  231  218
  199  177  157  142  132  126  122  119  115  110  103   98   96  101  114  134
  159  186  213  238  263  290  322  357  397  446  507  579  650  703  728  728
  717  710  713  727  745  762  772  769  748
    20.0-180.0 180.0   5.0 450.0                            LAT/LON1/LON2/DLON/H
  806  790  751  687  602  506  417  344  292  253  221  195  178  169  162  151
  136  124  121  126  132  132  129  130  144  171  204  235  256  265  260  244
  221  195  172  153  140  131  124  117  110  101   91   85   84   93  111  136
  166  198  231  261  290  321  357  397  442  494  556  625  689  735  754  750
  736  727  728  738  754  773  791  804  806
    17.5-180.0 180.0   5.0 450.0                            LAT/LON1/LON2/DLON/H
  828  838  827  787  714  619  520  433  366  314  271  235  211  199  191  178
  160  142  134  136  142  146  148  154  171  198  230  259  278  284  277  259
  233  205  180  160  146  134  125  114  103   91   79   71   72   84  106  137
  173  212  250  285  319  355  395  439  487  539  595  654  705  738  746  735
  719  709  709  717  731  751  777  805  828
    15.0-180.0 180.0   5.0 450.0                            LAT/LON1/LON2/DLON/H
  809  841  857  842  789  704  604  512  437  378  327  286  258  244  238  227
  208  188  175  174  180  185  189  196  210  232  256  277  289  290  280  260
  233  206  182  163  150  138  126  113   98   83   69   59   61   75  103  139
  181  225  268  309  347  387  431  479  527  574  620  663  697  714  711  694
  677  667  666  672  685  706  735  771  809
    12.5-180.0 180.0   5.0 450.0                            LAT/LON1/LON2/DLON/H
  757  800  834  843  813  745  655  566  492  432  381  339  312  302  301  296
  281  262  248  244  246  248  249  250  256  267  278  286  288  283  270  250
  225  200  180  165  154  142  129  114   98   81   65   54   55   71  101  141
  188  236  283  328  370  413  460  510  556  595  627  653  670  674  662  643
  626  617  617  623  633  652  680  715  757
    10.0-180.0 180.0   5.0 450.0                            LAT/LON1/LON2/DLON/H
  685  726  768  795  787  740  666  590  524  471  426  389  367  364  372  376
  370  356  342  335  331  326  317  309  302  298  294  288  279  267  253  234
  213  193  177  168  159  149  135  119  102   85   69   57   56   72  104  146
  195  246  295  341  385  431  480  528  569  598  616  628  634  630  616  598
  584  579  580  585  594  607  627  652  685
     7.5-180.0 180.0   5.0 450.0                            LAT/LON1/LON2/DLON/H
  614  641  679  714  724  699  646  587  535  494  458  429  416  421  438  453
  458  452  442  432  419  402  381  359  340  322  304  285  266  249  234  219
  202  188  178  173  167  157  143  127  112   97   81   68   66   80  112  155
  205  255  304  350  395  440  488  533  566  585  593  597  599  596  587  575
  567  566  570  575  580  586  593  600  614
     5.0-180.0 180.0   5.0 450.0                            LAT/LON1/LON2/DLON/H
  563  568  594  628  649  642  610  569  533  504  479  458  451  462  486  511
  526  530  525  512  491  461  426  392  362  334  307  280  255  235  221  209
  197  188  183  180  176  166  152  137  125  112   98   86   82   95  126  169
  217  265  311  355  398  442  487  525  551  562  564  567  574  581  583  582
  581  585  592  597  599  597  588  574  563
     2.5-180.0 180.0   5.0 450.0                            LAT/LON1/LON2/DLON/H
  549  530  538  565  590  595  578  552  529  510  492  476  470  482  507  536
  559  571  571  557  528  487  442  400  366  336  307  277  250  229  216  206
  199  194  191  189  185  174  159  146  137  128  117  106  102  115  144  186
  231  276  318  357  397  437  477  509  527  533  536  546  566  588  605  615
  623  632  642  648  647  638  616  583  549
