ionex_data/COD0OPSFIN_20230300000_01D_01H_GIM.INX
     1.0            IONOSPHERE MAPS     GNSS                IONEX VERSION / TYPE
ADDNEQ2 V5.5        AIUB                03-FEB-23 21:11     PGM / RUN BY / DATE 
CODE'S GLOBAL IONOSPHERE MAPS FOR DAY 030, 2023             COMMENT             
Global ionosphere maps (GIM) are generated on a daily basis DESCRIPTION         
at CODE using data from about 300 GNSS sites of the IGS and DESCRIPTION         
other institutions. The vertical total electron content     DESCRIPTION         
(VTEC) is modeled in a solar-geomagnetic reference frame    DESCRIPTION         
using a spherical harmonics expansion up to degree and      DESCRIPTION         
order 15. Piece-wise linear functions are used for          DESCRIPTION         
representation in the time domain. The time spacing of      DESCRIPTION         
their vertices is 1 hour, conforming with the epochs of the DESCRIPTION         
VTEC maps.                                                  DESCRIPTION         
To convert line-of-sight TEC into vertical TEC, a modified  DESCRIPTION         
single-layer model mapping function approximating the JPL   DESCRIPTION         
extended slab model mapping function is adopted. The        DESCRIPTION         
mapping function is evaluated at geodetic satellite         DESCRIPTION         
elevation angles. For the computation of the ionospheric    DESCRIPTION         
pierce points, a spherical layer with a radius of 6821 km   DESCRIPTION         
is assumed, implying geocentric, not geodetic IONEX         DESCRIPTION         
latitudes.                                                  DESCRIPTION         
Instrumental biases with respect to each involved GNSS code DESCRIPTION         
observable are estimated as constant values for each        DESCRIPTION         
day. They are modeled with one set of bias parameters for   DESCRIPTION         
each satellite and each station in case of GPS and for each DESCRIPTION         
satellite-station link in case of GLONASS. The code bias    DESCRIPTION         
datum is defined by zero-mean conditions imposed on the     DESCRIPTION         
satellite bias estimates. In this file, just GPS C1W-C2W    DESCRIPTION         
satellite and station bias values are included. The         DESCRIPTION         
complete set of GNSS code bias results is provided in an    DESCRIPTION         
additional Bias-SINEX file as pseudo-absolute values        DESCRIPTION         
specific to each observable.                                DESCRIPTION         
Note: These GIM results correspond to the results for the   DESCRIPTION         
middle day of a 3-day combination analysis solving for 73   DESCRIPTION         
times 256, or 18688 VTEC parameters and 3 daily sets of     DESCRIPTION         
GNSS code bias parameters.                                  DESCRIPTION         
Contact address: code(at)aiub.unibe.ch                      DESCRIPTION         
Data archive:    ftp.aiub.unibe.ch/CODE/                    DESCRIPTION         
                 www.aiub.unibe.ch/download/CODE/           DESCRIPTION         
  2023     1    30     0     0     0                        EPOCH OF FIRST MAP  
  2023     1    31     0     0     0                        EPOCH OF LAST MAP   
  3600                                                      INTERVAL            
[...]
brst brux bshm cags cas1 ccj2 cedu chpg chpi chti chur ckis COMMENT             
cnmr coco cord cpvg cpxf crar cro1 daej darw dav1 dgar dhlg COMMENT             
drao dubo ebre faa1 fair flrs frdn ftna func ganp glps gode COMMENT             
godz gol2 gold gope gras graz guam guug harb hers hert hlfx COMMENT             
hob2 hofn holb hrao hyde iddr ieng iisc ineg invk iqal irkj COMMENT             
isba jog2 joz2 joze karr kerg kir0 kiri kiru kit3 kokb kokv COMMENT             
koug kour krgg laut lmmf lpal lpgs m0se mac1 madr mal2 mana COMMENT             
mas1 mat1 mate maw1 mcm4 mdo1 mdvj medi mets mgue mizu mkea COMMENT             
mnls mobs monp morp mqzg mro1 mtka nano nico nist nium nklg COMMENT             
nlib nnor not1 nrc1 nrmd ntus nya1 nyal ohi2 onsa opmt ous2 COMMENT             
pado parc park pdel penc pert pie1 pimo pohn pol2 polv pots COMMENT             
pove prds ptbb ptvl qaq1 quin ramo reun reyk rgdg rio2 riop COMMENT             
roth salu samo sant savo sch2 scor scrz sctb scub seyg sofi COMMENT             
spt0 ssia sthl stjo stk2 str2 suth sutm suwn sydn syog tabl COMMENT             
tabv tash thtg thti thu2 tid1 tidb tlse tn22 tong tow2 tro1 COMMENT             
tsea tskb twtf txes uclu ufpr ulab unb3 unbj unsa urum usn7 COMMENT             
usud vald vill voim vtsp wab1 wab2 wark wes2 wgtn whit will COMMENT             
wind wsrt wtza wtzl wtzr wtzs wtzz wuhn xmis yar2 yar3 yarr COMMENT             
yell ykro zamb zeck zim2 zim3 zimm                          COMMENT             
                                                            END OF HEADER       
[from data line 6864]
    17                                                      START OF TEC MAP    
  2023     1    30    16     0     0                        EPOCH OF CURRENT MAP
    87.5-180.0 180.0   5.0 450.0                            LAT/LON1/LON2/DLON/H
  139  140  141  141  142  143  143  144  144  145  145  145  145  145  145  145
  145  144  144  143  143  142  141  140  140  139  138  137  137  136  135  135
  134  133  133  132  132  132  131  131  131  131  131  131  131  132  132  132
  132  133  133  133  133  134  134  134  134  134  134  134  134  135  135  135
  135  135  136  136  137  137  138  139  139
    85.0-180.0 180.0   5.0 450.0                            LAT/LON1/LON2/DLON/H
  122  124  126  128  130  132  134  136  138  139  140  140  141  141  141  140
  139  138  137  136  134  133  131  130  128  127  125  124  123  121  120  118
  117  116  115  114  113  112  111  111  111  111  111  112  113  114  115  116
  117  118  119  120  121  121  121  121  120  120  119  118  117  116  116  115
  115  114  115  115  116  117  118  120  122
    82.5-180.0 180.0   5.0 450.0                            LAT/LON1/LON2/DLON/H
   95   99  102  106  110  114  118  121  124  127  129  130  131  131  131  130
  129  127  126  124  122  119  118  116  114  112  111  109  108  106  104  102
  100   98   96   94   92   90   89   87   87   87   87   89   90   93   95   98
  101  104  106  108  109  110  109  108  106  104  101   98   95   92   89   86
   85   84   83   83   85   86   89   92   95
    80.0-180.0 180.0   5.0 450.0                            LAT/LON1/LON2/DLON/H
   65   71   76   81   87   93   98  103  108  112  115  118  120  120  120  119
  118  116  114  111  109  107  106  104  103  102  101  100   99   98   96   94
   91   88   85   81   77   73   69   66   64   64   64   65   68   72   77   82
   87   92   97  100  102  103  102  100   96   91   85   79   73   67   61   56
   53   50   49   49   51   53   57   61   65
    77.5-180.0 180.0   5.0 450.0                            LAT/LON1/LON2/DLON/H
   42   48   54   60   66   72   78   85   91   96  102  106  109  111  112  112
  111  109  107  105  104  102  102  101  102  102  102  102  102  101  100   97
   94   90   84   78   72   65   59   53   49   46   46   47   50   56   62   70
   78   86   93   98  102  103  102   98   92   84   75   66   56   46   38   31
   26   23   21   22   24   27   32   37   42
    75.0-180.0 180.0   5.0 450.0                            LAT/LON1/LON2/DLON/H
   30   35   40   45   50   55   61   68   75   82   89   96  101  105  108  109
  110  110  109  109  109  109  110  111  113  114  116  117  117  117  115  112
  108  102   95   86   77   68   58   49   42   38   35   36   39   46   54   64
   74   85   94  101  106  107  105  101   93   83   71   59   46   34   24   16
   10    7    6    7   10   15   20   25   30
    72.5-180.0 180.0   5.0 450.0                            LAT/LON1/LON2/DLON/H
   33   36   38   40   42   45   49   55   62   70   79   88   96  103  109  113
  116  118  120  123  125  128  131  134  137  139  140  141  141  139  137  133
  128  121  112  102   91   78   66   55   45   38   34   33   36   42   50   61
   73   85   95  104  109  111  109  104   95   84   71   57   44   31   20   12
    7    4    4    7   12   17   23   28   33
    70.0-180.0 180.0   5.0 450.0                            LAT/LON1/LON2/DLON/H
   46   47   46   44   42   40   41   44   51   60   70   82   93  104  113  120
  127  133  139  145  151  157  162  166  168  170  170  169  166  163  159  154
  148  140  131  120  107   93   79   66   54   45   39   36   38   42   50   60
   72   83   93  102  107  109  107  102   94   84   72   59   46   34   25   17
   13   12   14   19   25   31   38   43   46
    67.5-180.0 180.0   5.0 450.0                            LAT/LON1/LON2/DLON/H
   64   63   59   53   46   40   37   37   42   51   62   76   90  104  117  129
  140  151  161  171  181  189  196  200  202  201  198  194  189  183  177  170
  163  155  145  134  121  107   93   79   66   56   48   44   43   45   50   58
   67   76   84   91   96   97   96   92   86   78   69   59   49   40   33   28
   25   26   29   35   42   49   56   62   64
    65.0-180.0 180.0   5.0 450.0                            LAT/LON1/LON2/DLON/H
   79   78   73   64   54   44   36   33   35   43   55   70   86  103  120  136
  152  167  182  196  209  219  226  230  230  227  220  212  204  195  187  179
  172  163  153  142  130  116  103   90   77   67   58   52   48   47   49   52
   57   63   68   72   75   76   76   74   70   66   61   56   50   45   41   38
   37   38   42   48   55   63   71   77   79
    62.5-180.0 180.0   5.0 450.0                            LAT/LON1/LON2/DLON/H
   86   86   82   73   61   49   38   32   32   38   49   64   82  101  121  141
  160  180  198  215  230  241  248  251  249  243  233  223  211  201  191  183
  175  166  156  145  134  121  109   97   86   76   67   60   54   49   46   45
   45   46   47   48   49   49   49   49   49   50   50   49   49   47   46   45
   45   46   49   53   59   67   75   82   86
    60.0-180.0 180.0   5.0 450.0                            LAT/LON1/LON2/DLON/H
   82   85   84   78   67   55   43   35   33   36   46   60   78   99  121  144
  167  189  210  228  243  253  259  260  256  248  238  227  215  204  194  186
  177  168  158  147  135  123  111  101   92   83   75   66   58   50   43   37
   33   30   28   26   25   24   24   26   29   32   37   41   44   47   48   48
   48   47   48   49   53   59   67   75   82
    57.5-180.0 180.0   5.0 450.0                            LAT/LON1/LON2/DLON/H
   69   77   80   78   72   61   50   42   38   40   48   61   78   99  123  148
  173  197  218  235  247  255  258  258  254  247  238  228  218  209  200  192
  183  173  162  149  137  124  114  105   97   90   82   73   63   52   42   33
   26   20   16   12    9    7    7    9   14   20   27   34   40   45   47   48
   47   44   42   40   41   44   51   60   69
    55.0-180.0 180.0   5.0 450.0                            LAT/LON1/LON2/DLON/H
   53   65   73   77   75   68   60   52   49   50   56   68   84  104  129  155
  181  205  224  238  246  250  251  250  247  243  237  231  224  218  211  203
  194  183  170  156  142  129  119  110  104   97   89   80   69   56   44   34
   26   20   15   10    6    4    3    5   10   16   24   31   38   43   46   46
   44   40   35   31   28   29   34   42   53
    52.5-180.0 180.0   5.0 450.0                            LAT/LON1/LON2/DLON/H
   41   54   66   74   77   75   70   65   63   64   70   80   95  115  140  167
  193  216  231  240  243  243  242  241  240  240  239  238  235  230  224  217
  208  196  182  167  152  139  128  120  113  107   99   89   77   64   52   42
   34   29   25   21   17   14   12   13   16   22   28   34   39   44   46   46
   44   39   33   26   22   20   23   30   41
    50.0-180.0 180.0   5.0 450.0                            LAT/LON1/LON2/DLON/H
   38   50   63   73   79   81   80   78   78   81   87   96  110  130  155  183
  209  229  240  244  243  239  237  236  238  242  245  247  246  242  237  229
  219  207  193  179  165  153  143  134  127  119  110  100   87   74   62   53
   48   45   43   40   36   32   29   29   31   34   38   41   44   46   48   48
   46   42   36   30   25   23   23   28   38
    47.5-180.0 180.0   5.0 450.0                            LAT/LON1/LON2/DLON/H
   44   53   64   74   81   85   87   89   92   98  105  115  128  148  173  200
  225  243  251  251  247  241  238  239  243  248  252  254  253  248  241  233
  223  212  200  188  178  168  159  151  142  133  122  110   97   84   73   66
   63   62   61   59   56   51   48   47   47   48   49   49   50   50   51   52
   51   49   45   42   39   36   36   39   44
    45.0-180.0 180.0   5.0 450.0                            LAT/LON1/LON2/DLON/H
   59   63   69   76   82   86   89   94  102  112  122  132  145  164  189  216
  240  256  263  261  256  250  248  249  252  255  258  256  252  244  235  226
  217  208  200  193  187  183  177  169  158  146  133  119  105   92   82   76
   74   75   75   73   69   64   60   59   58   58   57   55   54   53   54   55
   56   57   57   57   57   57   57   57   59
    42.5-180.0 180.0   5.0 450.0                            LAT/LON1/LON2/DLON/H
   76   75   76   78   81   83   87   95  107  121  135  147  160  178  202  228
  251  266  272  272  269  266  264  263  263  261  258  251  242  231  221  212
  204  198  195  193  194  195  192  185  172  157  141  125  111   98   88   82
   81   81   81   78   73   67   63   62   61   61   59   57   55   54   55   57
   60   63   66   70   74   78   79   78   76
    40.0-180.0 180.0   5.0 450.0                            LAT/LON1/LON2/DLON/H
   90   85   81   79   77   77   80   90  106  126  143  158  171  188  210  235
  257  272  280  283  284  284  282  278  272  263  252  239  226  214  205  198
  194  191  191  195  200  206  206  199  184  165  147  129  114  102   92   86
   85   84   82   76   69   62   58   57   57   57   55   53   52   52   54   58
   62   65   70   77   84   91   95   94   90
    37.5-180.0 180.0   5.0 450.0                            LAT/LON1/LON2/DLON/H
   95   88   82   77   72   69   71   82  102  126  149  166  180  195  215  238
  258  273  284  293  299  302  299  290  276  259  242  226  214  205  201  200
  199  199  199  203  211  219  221  212  195  173  152  134  119  107   99   93
   91   89   84   75   65   57   52   50   50   50   49   47   47   49   53   58
   62   66   70   77   85   94  100  100   95
    35.0-180.0 180.0   5.0 450.0                            LAT/LON1/LON2/DLON/H
   91   84   78   72   66   60   61   72   96  126  153  173  188  202  220  239
  258  274  287  301  311  316  311  296  275  253  235  222  215  216  221  228
  231  230  228  227  232  238  239  229  209  184  161  143  130  120  113  109
  107  104   97   85   72   61   54   51   49   48   46   44   45   48   54   60
   65   67   69   72   78   86   93   94   91
    32.5-180.0 180.0   5.0 450.0                            LAT/LON1/LON2/DLON/H
   78   74   70   66   60   53   52   64   90  125  158  182  198  211  227  244
  260  275  291  307  320  323  314  294  271  250  237  234  241  255  274  290
  297  292  281  271  268  268  265  253  230  203  179  161  150  143  139  138
  138  136  128  114   99   85   74   67   62   56   51   48   48   53   60   68
   73   73   70   67   68   73   78   80   78
    30.0-180.0 180.0   5.0 450.0                            LAT/LON1/LON2/DLON/H
   63   62   61   60   55   49   47   59   87  126  163  191  210  224  238  252
  266  280  296  313  324  323  310  288  268  256  256  269  294  326  359  383
  391  381  358  334  319  310  302  286  260  232  208  192  183  179  179  182
  186  186  178  164  147  130  115  102   90   78   68   62   61   65   74   83
   88   87   79   69   62   60   62   63   63
    27.5-180.0 180.0   5.0 450.0                            LAT/LON1/LON2/DLON/H
   50   51   54   55   53   47   45   56   86  127  169  201  223  239  253  266
  278  290  304  317  322  316  300  281  271  276  296  329  372  419  464  495
  502  484  448  409  380  363  349  329  302  273  249  234  227  225  229  236
  245  248  243  230  212  192  173  153  133  113   97   86   82   86   95  106
  111  108   96   79   64   55   51   50   50
    25.0-180.0 180.0   5.0 450.0                            LAT/LON1/LON2/DLON/H
   44   45   50   54   53   48   45   56   86  129  174  210  236  255  270  283
  293  304  314  320  317  304  287  278  286  314  356  407  464  521  571  604
  608  583  536  485  446  420  402  380  353  324  300  285  278  277  282  293
  306  312  310  298  280  259  236  209  181  155  133  117  110  112  121  132
  139  135  121   99   76   59   50   46   44
    22.5-180.0 180.0   5.0 450.0                            LAT/LON1/LON2/DLON/H
   47   46   50   54   55   51   48   58   87  130  177  216  246  269  286  300
  311  319  324  322  310  291  278  284  316  367  429  493  553  610  658  688
  689  658  606  550  505  475  455  434  407  379  356  339  329  325  330  342
  355  363  362  351  335  314  288  257  224  193  168  149  140  139  146  157
  164  162  147  122   95   74   59   51   47
    20.0-180.0 180.0   5.0 450.0                            LAT/LON1/LON2/DLON/H
   57   53   53   57   57   54   51   60   88  130  177  218  252  279  300  316
  327  334  335  325  305  283  277  302  359  433  507  572  625  670  707  729
  727  697  647  593  549  522  503  484  459  432  408  388  372  363  363  371
  381  388  386  376  362  342  316  285  251  220  194  176  165  162  167  176
  183  181  167  144  117   93   76   65   57
    17.5-180.0 180.0   5.0 450.0                            LAT/LON1/LON2/DLON/H
   71   63   59   59   59   56   55   65   91  131  176  218  254  285  310  329
  342  349  347  332  305  283  288  334  413  502  579  632  666  691  710  722
  718  694  654  610  576  554  540  524  502  476  451  426  403  385  375  375
  379  380  374  365  352  336  313  284  255  228  207  192  181  177  180  186
  191  189  177  157  134  112   95   82   71
    15.0-180.0 180.0   5.0 450.0                            LAT/LON1/LON2/DLON/H
   86   73   64   61   60   59   60   71   96  133  175  217  255  290  318  339
  355  364  362  344  315  296  314  378  473  568  634  666  673  672  672  674
  671  658  634  607  585  572  563  551  532  508  480  450  418  388  367  356
  349  342  331  320  311  299  281  259  237  219  207  197  188  184  183  186
  187  184  174  159  142  126  112   99   86
    12.5-180.0 180.0   5.0 450.0                            LAT/LON1/LON2/DLON/H
   97   81   69   62   60   61   67   80  105  140  180  220  259  295  326  350
  369  382  382  365  338  325  354  431  533  621  668  672  650  625  609  605
  606  605  599  590  582  578  574  565  548  525  496  461  420  379  346  322
  303  286  270  258  251  244  232  218  206  200  197  194  188  183  180  179
  176  170  161  151  141  132  123  111   97
    10.0-180.0 180.0   5.0 450.0                            LAT/LON1/LON2/DLON/H
  104   87   71   62   60   65   75   93  120  154  191  229  269  307  339  365
  387  404  410  397  375  369  406  488  585  657  678  655  610  569  544  539
  546  558  567  572  575  576  575  567  553  532  503  463  415  365  320  285
  257  232  211  200  196  193  187  179  177  181  187  189  186  181  176  170
  162  153  144  139  135  132  127  118  104
     7.5-180.0 180.0   5.0 450.0                            LAT/LON1/LON2/DLON/H
  108   91   74   63   62   69   85  109  140  174  210  247  287  325  357  384
  409  432  444  439  424  425  465  542  625  674  670  626  569  524  501  499
  512  533  552  564  570  572  571  564  552  533  505  464  412  355  303  261
  226  197  176  166  166  166  163  160  163  174  185  190  187  181  174  166
  154  141  131  128  129  130  129  122  108
     5.0-180.0 180.0   5.0 450.0                            LAT/LON1/LON2/DLON/H
  112   96   79   67   65   75   96  126  162  198  235  272  312  350  382  410
  436  464  484  487  480  486  523  589  650  673  648  594  540  505  492  499
  517  540  560  571  573  571  566  560  549  533  508  469  416  357  303  259
  224  196  178  173  176  178  176  172  176  188  199  202  197  189  181  171
  156  140  129  126  128  131  130  124  112
     2.5-180.0 180.0   5.0 450.0                            LAT/LON1/LON2/DLON/H
  119  104   87   75   71   82  107  142  183  223  261  300  340  379  411  437
  466  497  524  536  536  544  575  622  658  658  621  570  532  518  523  539
  559  578  589  590  582  572  564  557  549  537  516  481  431  375  324  283
  254  233  223  223  230  232  226  218  217  224  230  228  217  206  197  186
  171  154  141  137  137  138  136  129  119
