ionex_data/COD0OPSFIN_20230200000_01D_01H_GIM.INX
     1.0            IONOSPHERE MAPS     GNSS                IONEX VERSION / TYPE
ADDNEQ2 V5.5        AIUB                24-JAN-23 21:20     PGM / RUN BY / DATE 
CODE'S GLOBAL IONOSPHERE MAPS FOR DAY 020, 2023             COMMENT             
Global ionosphere maps (GIM) are generated on a daily basis DESCRIPTION         
at CODE using data from about 300 GNSS sites of the IGS and DESCRIPTION         
other institutions. The vertical total electron content     DESCRIPTION         
(VTEC) is modeled in a solar-geomagnetic reference frame    DESCRIPTION         
using a spherical harmonics expansion up to degree and      DESCRIPTION         
order 15. Piece-wise linear functions are used for          DESCRIPTION         
representation in the time domain. The time spacing of      DESCRIPTION         
their vertices is 1 hour, conforming with the epochs of the DESCRIPTION         
VTEC maps.                                                  DESCRIPTION         
To convert line-of-sight TEC into vertical TEC, a modified  DESCRIPTION         
single-layer model mapping function approximating the JPL   DESCRIPTION         
extended slab model mapping function is adopted. The        DESCRIPTION         
mapping function is evaluated at geodetic satellite         DESCRIPTION         
elevation angles. For the computation of the ionospheric    DESCRIPTION         
pierce points, a spherical layer with a radius of 6821 km   DESCRIPTION         
is assumed, implying geocentric, not geodetic IONEX         DESCRIPTION         
latitudes.                                                  DESCRIPTION         
Instrumental biases with respect to each involved GNSS code DESCRIPTION         
observable are estimated as constant values for each        DESCRIPTION         
day. They are modeled with one set of bias parameters for   DESCRIPTION         
each satellite and each station in case of GPS and for each DESCRIPTION         
satellite-station link in case of GLONASS. The code bias    DESCRIPTION         
datum is defined by zero-mean conditions imposed on the     DESCRIPTION         
satellite bias estimates. In this file, just GPS C1W-C2W    DESCRIPTION         
satellite and station bias values are included. The         DESCRIPTION         
complete set of GNSS code bias results is provided in an    DESCRIPTION         
additional Bias-SINEX file as pseudo-absolute values        DESCRIPTION         
specific to each observable.                                DESCRIPTION         
Note: These GIM results correspond to the results for the   DESCRIPTION         
middle day of a 3-day combination analysis solving for 73   DESCRIPTION         
times 256, or 18688 VTEC parameters and 3 daily sets of     DESCRIPTION         
GNSS code bias parameters.                                  DESCRIPTION         
Contact address: code(at)aiub.unibe.ch                      DESCRIPTION         
Data archive:    ftp.aiub.unibe.ch/CODE/                    DESCRIPTION         
                 www.aiub.unibe.ch/download/CODE/           DESCRIPTION         
  2023     1    20     0     0     0                        EPOCH OF FIRST MAP  
  2023     1    21     0     0     0                        EPOCH OF LAST MAP   
  3600                                                      INTERVAL            
[...]
bake barh bndy boav bogo bogt bor1 braz brst brux bshm cas1 COMMENT             
ccj2 cedu chpg chpi chti chur ckis cnmr coco cord cpvg cpxf COMMENT             
crar cro1 daej darw dav1 dgar dhlg drao dubo ebre faa1 fair COMMENT             
flrs frdn ftna func ganp glps gode godz gol2 gold gope gras COMMENT             
graz guam guug harb hers hert hlfx hob2 hofn holb hrao hyde COMMENT             
iddr ieng iisc ineg invk iqal isba jog2 joz2 joze karr kerg COMMENT             
kir0 kiru kit3 kokb kokv koug kour krgg laut lmmf lpal lpgs COMMENT             
m0se mac1 madr mal2 mana mas1 mat1 mate maw1 mcm4 mdo1 mdvj COMMENT             
medi mets mgue mizu mkea mnls mobs monp morp mqzg mro1 mtka COMMENT             
nano nico nist nium nklg nlib nnor not1 nrc1 nrmd ntus nya1 COMMENT             
nyal ohi2 onsa opmt ous2 pado park pdel penc pert pie1 pimo COMMENT             
pohn pol2 polv pots pove prds ptag ptbb ptvl qaq1 quin ramo COMMENT             
reun reyk rgdg rio2 riop salu samo sant savo sch2 scor scrz COMMENT             
sctb scub seyg sofi spt0 ssia sthl stjo stk2 str2 suth sutm COMMENT             
sydn syog tabl tabv tash thtg thti thu2 tid1 tidb tlse tn22 COMMENT             
tong tow2 tro1 tsea tskb tuva twtf txes uclu ufpr ulab unb3 COMMENT             
unbj unsa urum usn7 usud vald vill voim vtsp wab1 wab2 wark COMMENT             
wes2 wgtn whit will wind wsrt wtza wtzl wtzr wtzs wuhn xmis COMMENT             
yar2 yar3 yarr yell ykro zamb zeck zim2 zim3 zimm           COMMENT             
                                                            END OF HEADER       
[from data line 9009]
    22                                                      START OF TEC MAP    
  2023     1    20    21     0     0                        EPOCH OF CURRENT MAP
    87.5-180.0 180.0   5.0 450.0                            LAT/LON1/LON2/DLON/H
  199  200  202  203  205  206  207  208  209  210  211  211  211  211  211  211
  210  210  209  208  207  206  204  203  202  200  199  197  196  195  194  192
  191  190  189  188  187  186  185  185  184  183  183  182  182  182  182  181
  181  181  181  182  182  182  182  183  183  184  184  185  186  186  187  188
  189  190  191  192  194  195  196  198  199
    85.0-180.0 180.0   5.0 450.0                            LAT/LON1/LON2/DLON/H
  184  187  191  194  198  201  205  208  211  214  216  217  218  218  218  217
  215  213  210  208  204  201  198  195  192  189  186  184  182  180  178  177
  175  174  173  172  170  169  168  167  166  165  164  163  163  162  162  161
  161  161  161  162  162  162  163  163  164  164  165  165  166  167  167  168
  169  170  171  173  174  176  179  181  184
    82.5-180.0 180.0   5.0 450.0                            LAT/LON1/LON2/DLON/H
  156  161  166  172  178  185  192  199  205  211  215  219  221  221  220  218
  214  209  204  198  192  186  180  175  170  166  163  161  160  159  158  157
  157  157  156  156  155  154  153  151  150  148  147  145  144  143  142  142
  142  142  142  142  143  143  144  144  144  144  144  144  143  143  143  142
  142  142  143  144  145  147  149  152  156
    80.0-180.0 180.0   5.0 450.0                            LAT/LON1/LON2/DLON/H
  122  127  134  142  151  161  172  184  194  204  212  219  222  223  222  217
  210  202  192  181  171  161  153  146  140  136  134  133  134  135  137  139
  141  142  143  144  144  143  142  140  138  136  133  131  129  128  127  126
  126  126  126  126  127  127  127  127  127  126  125  123  122  120  118  116
  115  113  112  112  112  113  115  118  122
    77.5-180.0 180.0   5.0 450.0                            LAT/LON1/LON2/DLON/H
   91   96  103  112  124  137  152  168  184  199  212  222  228  229  226  219
  208  195  180  164  148  135  123  114  108  104  104  105  108  113  118  123
  127  131  134  136  136  136  134  132  130  127  124  121  119  117  115  114
  114  114  114  115  115  115  115  114  112  110  108  105  102   99   96   93
   91   88   86   85   84   84   85   87   91
    75.0-180.0 180.0   5.0 450.0                            LAT/LON1/LON2/DLON/H
   73   78   84   93  106  121  139  159  180  200  218  231  240  242  238  228
  213  194  173  151  131  113   98   87   80   78   78   82   88   95  102  109
  116  121  125  127  128  128  127  125  123  120  117  114  112  109  108  107
  107  107  107  107  107  107  106  104  101   98   94   90   86   82   79   76
   73   71   70   69   68   68   69   70   73
    72.5-180.0 180.0   5.0 450.0                            LAT/LON1/LON2/DLON/H
   75   79   84   92  104  119  138  161  185  210  233  251  262  265  260  248
  228  204  178  151  126  104   86   73   65   62   63   67   73   81   89   97
  103  108  112  114  116  116  115  115  113  111  110  107  105  104  102  101
  101  101  102  102  101  100   98   95   91   86   81   77   73   69   66   64
   63   63   64   65   67   69   71   73   75
    70.0-180.0 180.0   5.0 450.0                            LAT/LON1/LON2/DLON/H
   97  101  106  112  121  134  153  176  203  231  257  279  293  297  292  277
  255  227  196  166  137  112   92   76   65   60   58   60   65   71   77   83
   88   91   93   94   95   96   97   97   98   99   99   98   98   97   96   95
   95   95   96   96   95   93   90   86   81   76   70   65   62   59   58   58
   59   62   66   71   77   83   88   93   97
    67.5-180.0 180.0   5.0 450.0                            LAT/LON1/LON2/DLON/H
  133  140  144  149  155  165  181  203  230  259  288  313  329  335  331  315
  291  262  230  197  167  139  116   97   82   71   65   63   63   65   68   70
   70   70   69   69   68   70   72   75   78   82   84   86   87   87   87   87
   87   87   87   87   86   84   80   76   70   65   60   55   53   51   52   54
   58   64   71   81   92  103  115  125  133
    65.0-180.0 180.0   5.0 450.0                            LAT/LON1/LON2/DLON/H
  173  184  192  196  200  207  219  238  263  292  322  348  366  375  371  357
  334  305  274  242  211  182  155  132  111   94   81   72   67   64   62   59
   55   51   46   43   41   42   45   51   57   63   68   72   74   75   75   75
   75   75   75   75   74   72   69   64   59   54   50   47   46   46   48   52
   57   64   74   87  103  121  140  158  173
    62.5-180.0 180.0   5.0 450.0                            LAT/LON1/LON2/DLON/H
  207  226  238  244  248  253  261  276  298  325  354  380  400  409  408  396
  376  350  322  292  262  233  203  174  146  122  102   87   77   69   63   56
   47   38   30   24   20   21   25   31   39   47   53   58   61   62   62   62
   62   62   62   61   61   59   56   52   48   45   42   41   41   43   45   49
   54   61   71   85  105  130  156  183  207
    60.0-180.0 180.0   5.0 450.0                            LAT/LON1/LON2/DLON/H
  228  255  274  285  291  295  301  313  330  353  379  404  424  435  437  429
  412  391  366  340  312  282  250  216  182  151  126  106   93   82   73   63
   51   38   26   17   12   11   15   21   29   37   43   47   49   50   50   49
   49   48   48   48   48   47   45   42   40   38   37   37   39   41   44   46
   49   53   61   75   97  125  159  195  228
    57.5-180.0 180.0   5.0 450.0                            LAT/LON1/LON2/DLON/H
  234  269  296  314  324  330  335  344  358  376  398  420  438  451  455  450
  438  421  401  378  352  322  288  250  212  177  149  128  113  102   92   80
   65   49   35   24   17   16   18   23   30   35   40   42   43   43   42   41
   40   40   39   39   39   38   37   36   35   34   35   36   39   41   43   43
   43   43   48   59   81  111  150  193  234
    55.0-180.0 180.0   5.0 450.0                            LAT/LON1/LON2/DLON/H
  229  271  306  330  346  356  363  371  381  394  410  427  443  455  462  461
  453  439  421  401  377  348  313  274  235  199  171  151  137  127  115  101
   85   67   52   40   34   31   33   36   40   43   45   45   44   43   41   40
   39   38   38   37   37   36   36   35   35   36   37   39   41   43   44   42
   38   35   36   45   64   96  136  183  229
    52.5-180.0 180.0   5.0 450.0                            LAT/LON1/LON2/DLON/H
  222  267  306  337  360  376  386  394  401  409  418  429  441  453  460  462
  456  444  428  408  386  358  326  288  250  216  190  173  160  149  136  119
  100   82   68   58   52   51   52   54   56   56   56   54   52   50   49   48
   47   46   45   44   42   41   41   41   41   41   42   43   45   46   45   42
   37   31   30   37   56   86  127  173  222
    50.0-180.0 180.0   5.0 450.0                            LAT/LON1/LON2/DLON/H
  219  265  306  341  370  392  408  417  422  424  425  430  437  447  455  458
  453  441  424  404  383  358  329  296  262  231  208  192  178  164  146  124
  103   86   74   67   65   66   68   70   71   71   70   68   67   65   64   64
   63   62   61   58   56   53   52   51   51   50   50   49   49   49   48   44
   39   34   34   42   61   90  129  173  219
    47.5-180.0 180.0   5.0 450.0                            LAT/LON1/LON2/DLON/H
  227  269  309  347  381  409  429  440  444  440  435  432  434  442  450  453
  448  434  415  395  375  354  330  301  272  245  223  204  186  164  139  112
   89   74   66   66   69   73   77   80   82   84   84   84   84   85   85   85
   85   84   82   78   74   70   67   65   64   61   59   56   54   53   52   49
   45   43   46   58   80  110  146  186  227
    45.0-180.0 180.0   5.0 450.0                            LAT/LON1/LON2/DLON/H
  246  282  320  358  395  427  451  464  466  459  447  437  435  440  448  451
  445  429  408  387  369  353  333  310  284  257  233  208  181  150  116   85
   63   52   52   57   65   71   77   82   87   92   96  100  103  105  107  108
  108  106  103   99   93   87   83   80   76   72   67   62   59   57   56   54
   53   56   64   82  109  141  176  211  246
    42.5-180.0 180.0   5.0 450.0                            LAT/LON1/LON2/DLON/H
  272  302  336  372  410  444  471  486  487  477  460  446  439  443  450  454
  447  430  408  388  372  359  344  323  297  268  237  204  167  126   86   55
   39   37   44   55   64   70   75   81   88   97  105  113  119  124  127  128
  127  125  121  116  109  102   96   91   86   81   74   68   63   61   60   60
   62   68   83  108  140  176  211  242  272
    40.0-180.0 180.0   5.0 450.0                            LAT/LON1/LON2/DLON/H
  298  323  353  388  425  459  486  501  502  491  472  454  446  448  456  460
  454  437  416  398  385  375  361  339  309  274  235  194  149  104   66   43
   38   48   64   77   82   82   81   84   91  101  112  123  132  139  142  142
  140  137  132  127  119  111  104   98   92   86   78   71   66   64   64   65
   68   78   98  128  166  206  242  272  298
    37.5-180.0 180.0   5.0 450.0                            LAT/LON1/LON2/DLON/H
  318  341  369  401  435  467  492  507  509  498  479  462  453  454  462  467
  462  448  430  415  405  396  380  354  317  275  230  184  139  100   74   68
   82  107  129  138  131  117  104   99  101  110  120  131  141  148  151  149
  145  140  135  129  122  113  105   99   93   86   78   72   68   67   68   69
   73   83  105  139  182  225  263  293  318
    35.0-180.0 180.0   5.0 450.0                            LAT/LON1/LON2/DLON/H
  329  353  379  408  439  467  489  503  506  498  483  467  459  460  467  472
  469  459  446  435  427  416  396  363  319  272  226  184  150  128  125  146
  184  224  248  245  219  182  150  131  124  126  131  139  146  152  153  150
  143  137  131  125  118  110  101   94   88   82   76   70   69   70   71   72
   75   85  107  142  186  231  272  303  329
    32.5-180.0 180.0   5.0 450.0                            LAT/LON1/LON2/DLON/H
  333  358  383  410  437  461  480  492  497  494  484  472  465  465  470  474
  472  466  458  451  443  429  403  363  316  270  231  204  191  197  227  280
  343  394  412  390  337  273  217  179  159  149  146  146  149  153  153  147
  139  130  123  117  110  102   94   87   81   76   70   67   68   71   74   75
   76   85  105  139  182  228  270  305  333
    30.0-180.0 180.0   5.0 450.0                            LAT/LON1/LON2/DLON/H
  335  361  386  410  433  453  469  481  489  492  488  481  475  472  472  472
  470  466  463  458  449  431  399  357  313  276  254  250  266  306  371  454
  537  592  598  550  466  372  293  236  201  177  162  153  151  152  151  145
  135  124  116  110  102   94   86   80   74   69   64   62   65   71   75   77
   79   87  106  138  179  223  266  304  335
    27.5-180.0 180.0   5.0 450.0                            LAT/LON1/LON2/DLON/H
  342  369  392  413  433  450  465  478  490  498  501  498  492  485  478  471
  465  462  459  455  443  421  387  349  316  297  299  324  372  444  537  641
  732  781  767  691  577  458  359  289  240  204  176  159  152  152  152  147
  136  124  113  105   97   89   81   75   70   64   60   58   62   70   76   79
   84   94  114  144  182  225  268  308  342
    25.0-180.0 180.0   5.0 450.0                            LAT/LON1/LON2/DLON/H
  359  386  407  425  442  458  474  490  507  521  529  530  523  509  492  475
  463  455  451  444  429  405  375  348  334  340  369  422  495  587  694  802
  887  918  879  776  640  506  398  321  266  222  187  163  153  155  158  155
  144  130  117  107   97   88   81   76   70   64   58   56   60   68   76   82
   91  106  130  161  198  239  283  324  359
    22.5-180.0 180.0   5.0 450.0                            LAT/LON1/LON2/DLON/H
  391  417  435  450  466  483  501  522  543  562  575  578  569  548  520  491
  469  454  444  432  414  391  372  363  373  405  459  531  615  710  810  902
  964  969  904  782  635  499  396  324  272  228  190  165  156  161  168  169
  159  144  128  114  103   93   86   81   76   69   61   57   60   68   77   86
  100  123  154  189  226  267  311  354  391
    20.0-180.0 180.0   5.0 450.0                            LAT/LON1/LON2/DLON/H
  433  458  473  487  503  523  546  572  597  620  636  640  629  602  564  524
  490  465  447  428  408  390  386  400  436  490  559  635  713  789  860  918
  945  919  833  701  558  436  351  295  255  219  187  166  161  171  183  187
  179  163  144  127  113  102   96   92   87   78   68   62   63   70   78   90
  111  143  183  223  263  304  350  396  433
    17.5-180.0 180.0   5.0 450.0                            LAT/LON1/LON2/DLON/H
  481  506  520  533  551  575  603  633  662  687  705  710  699  669  624  573
  529  495  467  441  419  410  422  459  516  584  655  719  771  810  836  847
  833  778  679  552  427  331  273  242  222  201  181  168  170  184  200  208
  201  183  162  142  126  114  108  105  100   91   79   71   70   74   81   94
  121  162  211  258  302  345  393  442  481
    15.0-180.0 180.0   5.0 450.0                            LAT/LON1/LON2/DLON/H
  526  552  568  582  603  631  663  696  727  753  772  780  771  741  694  638
  587  545  508  476  453  452  480  535  604  674  732  770  783  773  747  709
  657  582  483  372  274  211  184  181  184  182  177  175  183  200  218  227
  221  203  180  157  139  127  121  119  114  104   92   82   78   80   85   99
  129  178  235  288  335  381  432  484  526
    12.5-180.0 180.0   5.0 450.0                            LAT/LON1/LON2/DLON/H
  560  591  610  627  651  682  717  751  781  807  828  839  835  811  767  712
  659  612  570  532  509  514  553  617  687  745  779  783  753  694  619  541
  463  382  293  207  142  111  113  133  156  172  181  189  201  219  236  244
  238  219  195  172  152  139  133  130  126  117  103   93   88   87   91  104
  136  189  251  309  359  406  459  514  560
    10.0-180.0 180.0   5.0 450.0                            LAT/LON1/LON2/DLON/H
  580  616  641  663  690  722  756  788  816  842  864  880  884  869  834  787
  737  690  645  605  581  589  631  694  752  788  793  762  694  598  489  387
  301  227  160  103   67   61   82  116  151  179  198  212  225  239  252  257
  251  233  209  185  165  151  143  139  135  126  113  102   97   95   97  109
  142  196  260  320  370  418  472  530  580
     7.5-180.0 180.0   5.0 450.0                            LAT/LON1/LON2/DLON/H
  584  626  658  686  715  746  776  804  830  854  877  899  913  910  888  852
  811  769  726  685  660  666  703  753  790  800  777  720  630  514  392  287
  211  158  118   88   73   79  105  142  178  209  231  245  254  261  267  269
  261  245  223  200  179  163  152  146  140  131  119  109  104  102  103  115
  147  201  265  323  372  419  472  530  584
     5.0-180.0 180.0   5.0 450.0                            LAT/LON1/LON2/DLON/H
  575  623  662  695  726  754  780  803  825  847  872  899  922  932  924  902
  872  839  801  762  735  734  758  788  801  785  742  674  580  467  353  264
  212  187  175  164  159  165  184  209  236  260  278  286  287  284  283  280
  272  257  238  216  195  176  161  151  144  134  123  113  108  106  108  121
  153  206  267  323  368  411  461  519  575
     2.5-180.0 180.0   5.0 450.0                            LAT/LON1/LON2/DLON/H
  557  609  655  694  726  752  772  791  809  830  856  887  917  938  942  932
  915  893  863  826  797  786  793  800  789  755  704  641  562  469  380  319
  297  301  311  312  306  300  301  307  316  327  333  331  321  309  300  294
  286  273  256  236  215  192  172  157  147  137  126  116  110  109  113  129
  162  213  270  322  363  401  446  500  557
