ionex_data/COD0OPSFIN_20230430000_01D_01H_GIM.INX
     1.0            IONOSPHERE MAPS     GNSS                IONEX VERSION / TYPE
ADDNEQ2 V5.5        AIUB                16-FEB-23 21:28     PGM / RUN BY / DATE 
CODE'S GLOBAL IONOSPHERE MAPS FOR DAY 043, 2023             COMMENT             
Global ionosphere maps (GIM) are generated on a daily basis DESCRIPTION         
at CODE using data from about 300 GNSS sites of the IGS and DESCRIPTION         
other institutions. The vertical total electron content     DESCRIPTION         
(VTEC) is modeled in a solar-geomagnetic reference frame    DESCRIPTION         
using a spherical harmonics expansion up to degree and      DESCRIPTION         
order 15. Piece-wise linear functions are used for          DESCRIPTION         
representation in the time domain. The time spacing of      DESCRIPTION         
their vertices is 1 hour, conforming with the epochs of the DESCRIPTION         
VTEC maps.                                                  DESCRIPTION         
To convert line-of-sight TEC into vertical TEC, a modified  DESCRIPTION         
single-layer model mapping function approximating the JPL   DESCRIPTION         
extended slab model mapping function is adopted. The        DESCRIPTION         
mapping function is evaluated at geodetic satellite         DESCRIPTION         
elevation angles. For the computation of the ionospheric    DESCRIPTION         
pierce points, a spherical layer with a radius of 6821 km   DESCRIPTION         
is assumed, implying geocentric, not geodetic IONEX         DESCRIPTION         
latitudes.                                                  DESCRIPTION         
Instrumental biases with respect to each involved GNSS code DESCRIPTION         
observable are estimated as constant values for each        DESCRIPTION         
day. They are modeled with one set of bias parameters for   DESCRIPTION         
each satellite and each station in case of GPS and for each DESCRIPTION         
satellite-station link in case of GLONASS. The code bias    DESCRIPTION         
datum is defined by zero-mean conditions imposed on the     DESCRIPTION         
satellite bias estimates. In this file, just GPS C1W-C2W    DESCRIPTION         
satellite and station bias values are included. The         DESCRIPTION         
complete set of GNSS code bias results is provided in an    DESCRIPTION         
additional Bias-SINEX file as pseudo-absolute values        DESCRIPTION         
specific to each observable.                                DESCRIPTION         
Note: These GIM results correspond to the results for the   DESCRIPTION         
middle day of a 3-day combination analysis solving for 73   DESCRIPTION         
times 256, or 18688 VTEC parameters and 3 daily sets of     DESCRIPTION         
GNSS code bias parameters.                                  DESCRIPTION         
Contact address: code(at)aiub.unibe.ch                      DESCRIPTION         
Data archive:    ftp.aiub.unibe.ch/CODE/                    DESCRIPTION         
                 www.aiub.unibe.ch/download/CODE/           DESCRIPTION         
  2023     2    12     0     0     0                        EPOCH OF FIRST MAP  
  2023     2    13     0     0     0                        EPOCH OF LAST MAP   
  3600                                                      INTERVAL            
[...]
brux bshm cags cas1 ccj2 cedu chpg chpi chti chur ckis coco COMMENT             
cord cpvg cpxf crar cro1 daej darw dav1 dhlg drao dubo ebre COMMENT             
faa1 fair flrs frdn ftna func ganp glps glsv gode godz gol2 COMMENT             
gold gope gras graz guam guug harb hers hert hlfx hob2 hofn COMMENT             
holb hrao hyde iddr ieng iisc ineg invk iqal irkj isba jog2 COMMENT             
joz2 joze karr kerg kir0 kiri kiru kit3 kokb kokv kouc koug COMMENT             
kour krgg laut lmmf lpal lpgs m0se mac1 madr mal2 mana mas1 COMMENT             
mat1 mate maw1 mcm4 mdo1 mdvj medi mets mgue mizu mkea mnls COMMENT             
mobs monp morp mqzg mro1 mtka nano nico nist nium nklg nlib COMMENT             
nnor not1 nrc1 nrmd ntus nya1 nyal ohi2 onsa opmt ous2 pado COMMENT             
parc park pdel penc pert pie1 pimo pohn pol2 polv pots pove COMMENT             
prds ptag ptbb ptvl qaq1 quin ramo reun reyk rgdg rio2 riop COMMENT             
salu samo sant savo sch2 scor scrz sctb scub seyg smst sofi COMMENT             
spt0 ssia sthl stjo stk2 str2 suth sutm suwn sydn syog tabl COMMENT             
tabv tash thtg thti thu2 tid1 tidb tlse tn22 tong tow2 tro1 COMMENT             
tsea tskb tuva twtf txes uclu ufpr ulab unb3 unbj unsa urum COMMENT             
usn7 usud vald vill voim vtsp wab1 wab2 wark wes2 wgtn whit COMMENT             
will wsrt wtza wtzl wtzr wtzs wtzz wuhn xmis yar2 yar3 yarr COMMENT             
ykro zamb zeck zim2 zim3 zimm                               COMMENT             
                                                            END OF HEADER       
     1                                                      START OF TEC MAP    
  2023     2    12     0     0     0                        EPOCH OF CURRENT MAP
    87.5-180.0 180.0   5.0 450.0                            LAT/LON1/LON2/DLON/H
  148  151  153  155  157  159  161  162  164  165  167  168  168  169  169  169
  169  168  167  166  165  163  162  160  158  156  154  152  149  147  145  142
  140  138  136  134  133  131  130  128  127  126  125  124  124  123  123  123
  122  122  122  123  123  123  124  124  125  125  126  127  128  129  130  132
  133  135  137  138  140  142  144  146  148
    85.0-180.0 180.0   5.0 450.0                            LAT/LON1/LON2/DLON/H
  155  159  164  168  173  177  181  185  189  192  195  197  199  200  200  200
  199  198  196  193  190  187  183  178  174  169  164  159  154  150  145  140
  136  132  128  125  122  119  117  115  114  112  112  111  111  111  111  111
  112  112  113  113  113  114  114  114  115  116  116  117  119  120  122  124
  126  129  132  135  139  142  146  150  155
    82.5-180.0 180.0   5.0 450.0                            LAT/LON1/LON2/DLON/H
  165  171  178  184  191  197  204  210  216  221  225  228  230  231  231  230
  228  225  221  217  212  206  200  194  187  180  173  165  158  150  143  136
  130  124  119  115  111  108  105  104  103  102  102  103  104  105  106  108
  109  110  111  112  112  112  112  112  112  112  113  113  115  116  119  121
  125  129  133  137  142  148  153  159  165
    80.0-180.0 180.0   5.0 450.0                            LAT/LON1/LON2/DLON/H
  184  191  198  205  213  220  228  236  243  249  254  257  259  259  257  254
  249  244  238  232  225  218  211  203  195  187  178  169  160  151  142  133
  126  118  112  107  103  100   97   96   96   96   98   99  102  104  107  109
  112  114  115  116  116  116  115  114  113  113  113  114  115  118  122  126
  132  138  144  151  158  164  171  177  184
    77.5-180.0 180.0   5.0 450.0                            LAT/LON1/LON2/DLON/H
  215  221  226  232  239  247  255  263  271  278  282  284  283  280  275  268
  259  251  242  234  227  220  213  206  199  191  182  172  162  152  141  132
  123  115  108  103   99   96   94   93   93   94   96   99  102  105  109  113
  116  119  121  122  121  120  119  117  115  114  114  115  119  124  131  139
  149  159  169  179  188  196  203  210  215
    75.0-180.0 180.0   5.0 450.0                            LAT/LON1/LON2/DLON/H
  259  261  263  266  270  276  283  291  299  305  308  308  303  295  284  271
  257  244  233  224  217  212  208  203  198  191  183  173  163  152  141  130
  121  113  106  101   97   94   93   92   93   94   96   98  102  106  110  114
  118  122  124  125  124  122  119  116  114  113  113  117  123  132  144  158
  174  190  205  220  232  242  250  255  259
    72.5-180.0 180.0   5.0 450.0                            LAT/LON1/LON2/DLON/H
  310  308  305  303  303  306  311  318  326  331  333  330  320  305  286  265
  245  227  214  205  200  198  197  196  194  189  182  172  161  149  137  127
  117  109  103   99   96   94   93   93   93   94   95   97   99  103  107  111
  116  119  122  122  121  119  115  111  108  107  110  116  126  140  158  180
  202  226  248  268  285  297  305  309  310
    70.0-180.0 180.0   5.0 450.0                            LAT/LON1/LON2/DLON/H
  361  356  348  340  335  333  336  342  350  355  356  350  335  313  286  257
  230  207  191  183  181  182  186  189  188  185  177  167  155  142  130  119
  110  103   98   94   92   91   90   91   91   91   91   92   93   95   98  102
  107  110  113  113  112  109  104  100   97   98  102  112  127  147  172  199
  229  259  288  314  335  350  360  363  361
    67.5-180.0 180.0   5.0 450.0                            LAT/LON1/LON2/DLON/H
  405  397  385  373  363  357  357  362  369  375  376  368  350  322  288  251
  218  192  174  167  167  172  178  182  183  178  169  157  144  130  118  108
   99   93   88   85   84   83   84   84   85   85   84   83   83   83   85   88
   92   95   98   98   97   93   88   84   83   86   93  107  127  152  181  214
  249  284  317  347  372  391  403  407  405
    65.0-180.0 180.0   5.0 450.0                            LAT/LON1/LON2/DLON/H
  434  427  415  400  386  376  372  375  383  390  392  384  364  333  295  254
  217  189  171  164  165  170  176  179  177  169  158  144  129  116  105   96
   88   83   78   75   73   72   73   74   75   76   75   73   70   68   68   70
   73   77   79   79   77   74   69   67   68   73   85  103  126  155  187  223
  259  295  330  361  389  410  425  433  434
    62.5-180.0 180.0   5.0 450.0                            LAT/LON1/LON2/DLON/H
  446  444  436  421  405  392  385  385  391  399  402  396  378  347  309  268
  231  202  184  177  176  179  181  179  172  160  145  130  116  104   95   88
   82   76   70   66   62   60   61   63   65   66   65   62   58   54   52   52
   54   57   60   60   58   54   51   50   54   64   80  101  128  158  191  225
  260  293  326  356  383  406  425  439  446
    60.0-180.0 180.0   5.0 450.0                            LAT/LON1/LON2/DLON/H
  444  452  451  441  425  409  397  393  396  403  408  404  389  362  328  292
  258  232  215  205  200  196  190  181  167  151  135  120  108   99   93   88
   83   77   70   62   55   51   51   52   55   57   57   54   48   42   38   37
   39   41   44   44   42   38   36   38   45   60   80  105  134  164  194  225
  254  282  309  335  360  384  407  428  444
    57.5-180.0 180.0   5.0 450.0                            LAT/LON1/LON2/DLON/H
  435  454  463  460  448  430  414  404  402  406  409  407  396  377  350  322
  296  274  257  243  231  217  202  184  165  146  130  117  109  105  103  100
   95   88   77   66   56   49   47   48   51   54   54   50   44   36   31   28
   29   32   34   34   32   29   28   32   44   63   87  116  145  173  200  225
  248  269  289  309  331  355  381  409  435
    55.0-180.0 180.0   5.0 450.0                            LAT/LON1/LON2/DLON/H
  427  457  477  483  475  457  438  422  413  410  410  407  400  388  372  354
  336  319  302  283  262  238  213  188  165  147  134  125  122  121  121  120
  114  105   92   78   65   55   51   51   53   56   57   53   46   37   30   27
   28   30   33   33   31   29   29   36   51   74  102  132  161  187  209  229
  246  261  275  290  308  330  358  392  427
    52.5-180.0 180.0   5.0 450.0                            LAT/LON1/LON2/DLON/H
  424  463  492  507  505  490  468  447  431  421  414  408  402  396  389  382
  372  359  342  318  288  255  223  194  172  156  147  143  142  142  142  140
  133  122  108   93   80   69   63   61   62   64   64   61   54   45   37   34
   34   38   41   42   40   38   39   47   65   91  122  153  181  205  223  238
  251  262  274  286  301  321  349  384  424
    50.0-180.0 180.0   5.0 450.0                            LAT/LON1/LON2/DLON/H
  430  471  505  526  531  520  501  478  457  439  424  412  405  402  402  402
  398  388  369  341  306  268  232  204  184  173  167  164  163  161  158  152
  144  132  120  108   97   88   81   77   77   77   76   73   66   57   50   47
   48   53   57   58   57   55   57   66   86  114  146  177  204  225  241  253
  263  274  285  298  314  333  358  391  430
    47.5-180.0 180.0   5.0 450.0                            LAT/LON1/LON2/DLON/H
  442  478  511  535  545  541  528  509  487  464  441  423  412  409  411  413
  412  402  383  353  317  278  244  218  202  193  188  184  178  170  161  150
  139  130  121  116  111  106  101   96   93   91   89   86   81   74   68   65
   67   72   77   80   79   78   80   89  110  139  171  203  228  247  260  270
  280  292  307  324  343  362  384  410  442
    45.0-180.0 180.0   5.0 450.0                            LAT/LON1/LON2/DLON/H
  454  478  504  526  540  545  542  532  515  491  464  440  425  418  418  419
  416  405  386  358  324  290  259  237  223  214  205  194  180  164  148  133
  121  114  113  116  120  122  119  114  108  104  102  100   97   91   87   85
   87   93   99  103  103  102  103  113  133  162  196  226  251  267  278  287
  297  311  331  356  380  402  419  435  454
    42.5-180.0 180.0   5.0 450.0                            LAT/LON1/LON2/DLON/H
  463  471  485  501  516  529  537  540  533  515  489  462  443  433  429  424
  415  402  384  361  335  306  280  259  243  229  213  193  170  147  127  110
   98   94   99  111  124  133  134  128  120  115  113  113  112  109  105  104
  106  111  118  123  124  123  124  133  153  183  217  248  271  286  295  301
  310  325  350  382  415  440  454  460  463
    40.0-180.0 180.0   5.0 450.0                            LAT/LON1/LON2/DLON/H
  468  460  459  467  480  497  516  532  538  529  508  484  465  453  443  431
  416  400  385  370  352  330  305  280  257  235  210  182  155  130  111   95
   85   83   92  109  128  142  145  139  130  124  123  124  125  124  122  120
  122  126  131  136  138  138  139  148  168  198  233  265  289  303  309  313
  318  333  360  399  440  471  484  480  468
    37.5-180.0 180.0   5.0 450.0                            LAT/LON1/LON2/DLON/H
  475  454  442  440  447  463  487  513  530  532  519  501  486  475  463  444
  423  405  395  389  378  359  330  297  264  232  201  171  147  129  118  108
  100   97  103  118  138  152  155  148  138  133  133  135  138  137  135  133
  132  134  138  143  145  145  146  154  175  208  246  280  305  318  323  323
  324  335  362  405  454  492  506  497  475
    35.0-180.0 180.0   5.0 450.0                            LAT/LON1/LON2/DLON/H
  494  469  451  442  440  447  467  494  517  525  520  510  503  497  485  462
  437  420  415  416  409  387  351  307  264  226  195  173  162  160  163  163
  155  145  140  146  157  166  166  158  148  143  143  146  148  148  145  141
  138  137  139  142  144  143  144  154  177  214  256  293  320  333  337  334
  332  338  363  407  461  506  525  517  494
    32.5-180.0 180.0   5.0 450.0                            LAT/LON1/LON2/DLON/H
  534  517  504  491  479  472  477  494  511  518  517  514  515  516  506  484
  458  442  442  447  439  410  363  309  261  226  206  201  212  233  254  263
  253  230  207  193  189  187  181  170  160  156  156  158  158  156  152  147
  141  137  136  137  137  136  137  148  175  217  264  306  334  349  354  352
  348  351  372  415  472  522  549  550  534
    30.0-180.0 180.0   5.0 450.0                            LAT/LON1/LON2/DLON/H
  604  606  608  600  579  553  534  527  527  524  518  517  523  530  525  504
  480  468  470  474  461  422  365  308  265  244  244  264  300  345  383  397
  381  341  294  255  231  214  200  186  176  172  172  170  167  162  156  151
  143  136  131  129  128  126  127  140  171  220  274  320  351  369  377  379
  378  380  398  439  496  551  587  602  604
    27.5-180.0 180.0   5.0 450.0                            LAT/LON1/LON2/DLON/H
  703  734  760  764  739  692  644  607  580  556  537  528  533  542  539  522
  501  491  493  492  470  421  361  310  284  286  313  359  418  480  528  542
  515  456  384  321  276  245  223  206  196  192  189  183  175  166  160  154
  146  136  128  123  119  117  118  133  170  225  286  337  372  393  407  417
  424  430  448  485  540  598  643  675  703
    25.0-180.0 180.0   5.0 450.0                            LAT/LON1/LON2/DLON/H
  819  883  940  963  939  876  801  732  674  624  582  558  553  556  552  535
  517  508  507  497  465  412  358  325  326  358  410  475  545  611  657  665
  627  551  460  377  316  274  247  229  219  213  206  195  182  171  165  160
  151  139  127  119  114  110  113  131  173  234  301  357  396  422  445  466
  484  499  518  553  604  662  715  764  819
    22.5-180.0 180.0   5.0 450.0                            LAT/LON1/LON2/DLON/H
  935 1029 1116 1162 1146 1076  982  889  804  726  659  613  589  578  566  547
  528  518  511  492  453  403  366  362  394  452  521  589  653  707  739  735
  687  602  503  412  344  299  270  253  242  234  222  206  188  176  171  167
  158  144  130  119  112  109  113  135  181  248  320  381  425  457  489  522
  553  578  602  634  680  735  792  856  935
    20.0-180.0 180.0   5.0 450.0                            LAT/LON1/LON2/DLON/H
 1026 1141 1251 1318 1316 1252 1155 1051  951  854  764  693  645  613  587  561
  540  526  511  484  443  406  394  422  483  556  623  675  713  740  750  734
  683  601  507  422  358  317  292  276  265  253  237  216  195  183  179  176
  167  151  134  122  115  113  119  145  195  265  341  407  456  496  536  580
  622  656  684  715  755  805  862  933 1026
    17.5-180.0 180.0   5.0 450.0                            LAT/LON1/LON2/DLON/H
 1075 1195 1315 1395 1411 1364 1281 1186 1089  987  884  791  718  663  619  582
  556  536  515  483  447  429  446  502  579  649  695  711  708  698  684  660
  617  552  478  410  360  330  311  299  287  271  250  225  203  192  188  185
  175  157  139  127  120  120  131  160  212  284  362  432  488  536  583  634
  683  723  752  780  815  858  911  980 1075
    15.0-180.0 180.0   5.0 450.0                            LAT/LON1/LON2/DLON/H
 1071 1177 1289 1373 1403 1383 1330 1264 1189 1099  997  894  802  725  663  615
  582  557  531  499  474  477  519  591  665  711  715  684  635  589  558  535
  511  475  430  388  359  342  331  321  307  288  262  235  213  202  198  194
  181  162  144  132  127  131  146  179  233  304  381  454  517  572  625  679
  728  768  796  821  850  886  930  989 1071
    12.5-180.0 180.0   5.0 450.0                            LAT/LON1/LON2/DLON/H
 1018 1094 1179 1251 1292 1300 1288 1265 1228 1168 1083  983  883  792  716  659
  621  592  564  536  525  546  603  672  720  723  677  596  509  440  404  396
  400  399  387  372  362  357  352  343  326  303  274  247  225  214  209  200
  185  165  148  138  135  143  163  200  255  322  397  471  540  602  657  708
  752  787  812  832  856  886  920  962 1018
    10.0-180.0 180.0   5.0 450.0                            LAT/LON1/LON2/DLON/H
  934  966 1010 1058 1099 1133 1162 1188 1199 1179 1125 1043  949  855  773  712
  671  641  614  594  594  627  681  726  731  681  586  469  362  290  266  284
  320  352  369  374  376  377  375  364  344  317  287  260  240  227  218  205
  186  166  152  144  145  156  181  223  277  339  407  480  553  619  675  720
  755  782  802  819  840  865  890  911  934
     7.5-180.0 180.0   5.0 450.0                            LAT/LON1/LON2/DLON/H
  844  829  825  838  870  918  982 1051 1107 1132 1117 1064  988  904  827  767
  727  698  676  663  671  701  735  740  692  592  462  333  233  181  184  233
  299  354  386  398  402  403  397  383  359  330  300  274  255  240  226  208
  187  169  158  153  155  169  199  245  298  353  412  480  553  623  677  714
  740  759  774  790  810  834  852  855  844
     5.0-180.0 180.0   5.0 450.0                            LAT/LON1/LON2/DLON/H
  777  721  670  646  658  708  790  888  979 1042 1065 1047  999  934  870  817
  781  757  739  732  739  755  753  707  607  473  336  225  158  145  184  260
  344  407  437  442  436  427  414  395  369  340  312  289  270  253  234  211
  190  175  167  165  168  183  216  265  317  365  413  472  543  611  663  694
  712  726  740  758  780  806  822  814  777
     2.5-180.0 180.0   5.0 450.0                            LAT/LON1/LON2/DLON/H
  752  671  586  528  516  554  635  740  848  935  988 1003  985  945  898  857
  827  807  793  787  786  775  729  633  496  353  239  174  161  195  267  359
  444  495  506  490  466  443  421  397  370  345  322  301  283  263  240  215
  195  184  181  180  181  195  230  282  334  374  411  459  522  587  635  661
  677  691  709  731  758  789  810  802  752
