ionex_data/COD0OPSFIN_20230200000_01D_01H_GIM.INX
     1.0            IONOSPHERE MAPS     GNSS                IONEX VERSION / TYPE
ADDNEQ2 V5.5        AIUB                24-JAN-23 21:20     PGM / RUN BY / DATE 
CODE'S GLOBAL IONOSPHERE MAPS FOR DAY 020, 2023             COMMENT             
Global ionosphere maps (GIM) are generated on a daily basis DESCRIPTION         
at CODE using data from about 300 GNSS sites of the IGS and DESCRIPTION         
other institutions. The vertical total electron content     DESCRIPTION         
(VTEC) is modeled in a solar-geomagnetic reference frame    DESCRIPTION         
using a spherical harmonics expansion up to degree and      DESCRIPTION         
order 15. Piece-wise linear functions are used for          DESCRIPTION         
representation in the time domain. The time spacing of      DESCRIPTION         
their vertices is 1 hour, conforming with the epochs of the DESCRIPTION         
VTEC maps.                                                  DESCRIPTION         
To convert line-of-sight TEC into vertical TEC, a modified  DESCRIPTION         
single-layer model mapping function approximating the JPL   DESCRIPTION         
extended slab model mapping function is adopted. The        DESCRIPTION         
mapping function is evaluated at geodetic satellite         DESCRIPTION         
elevation angles. For the computation of the ionospheric    DESCRIPTION         
pierce points, a spherical layer with a radius of 6821 km   DESCRIPTION         
is assumed, implying geocentric, not geodetic IONEX         DESCRIPTION         
latitudes.                                                  DESCRIPTION         
Instrumental biases with respect to each involved GNSS code DESCRIPTION         
observable are estimated as constant values for each        DESCRIPTION         
day. They are modeled with one set of bias parameters for   DESCRIPTION         
each satellite and each station in case of GPS and for each DESCRIPTION         
satellite-station link in case of GLONASS. The code bias    DESCRIPTION         
datum is defined by zero-mean conditions imposed on the     DESCRIPTION         
satellite bias estimates. In this file, just GPS C1W-C2W    DESCRIPTION         
satellite and station bias values are included. The         DESCRIPTION         
complete set of GNSS code bias results is provided in an    DESCRIPTION         
additional Bias-SINEX file as pseudo-absolute values        DESCRIPTION         
specific to each observable.                                DESCRIPTION         
Note: These GIM results correspond to the results for the   DESCRIPTION         
middle day of a 3-day combination analysis solving for 73   DESCRIPTION         
times 256, or 18688 VTEC parameters and 3 daily sets of     DESCRIPTION         
GNSS code bias parameters.                                  DESCRIPTION         
Contact address: code(at)aiub.unibe.ch                      DESCRIPTION         
Data archive:    ftp.aiub.unibe.ch/CODE/                    DESCRIPTION         
                 www.aiub.unibe.ch/download/CODE/           DESCRIPTION         
  2023     1    20     0     0     0                        EPOCH OF FIRST MAP  
  2023     1    21     0     0     0                        EPOCH OF LAST MAP   
  3600                                                      INTERVAL            
[...]
bake barh bndy boav bogo bogt bor1 braz brst brux bshm cas1 COMMENT             
ccj2 cedu chpg chpi chti chur ckis cnmr coco cord cpvg cpxf COMMENT             
crar cro1 daej darw dav1 dgar dhlg drao dubo ebre faa1 fair COMMENT             
flrs frdn ftna func ganp glps gode godz gol2 gold gope gras COMMENT             
graz guam guug harb hers hert hlfx hob2 hofn holb hrao hyde COMMENT             
iddr ieng iisc ineg invk iqal isba jog2 joz2 joze karr kerg COMMENT             
kir0 kiru kit3 kokb kokv koug kour krgg laut lmmf lpal lpgs COMMENT             
m0se mac1 madr mal2 mana mas1 mat1 mate maw1 mcm4 mdo1 mdvj COMMENT             
medi mets mgue mizu mkea mnls mobs monp morp mqzg mro1 mtka COMMENT             
nano nico nist nium nklg nlib nnor not1 nrc1 nrmd ntus nya1 COMMENT             
nyal ohi2 onsa opmt ous2 pado park pdel penc pert pie1 pimo COMMENT             
pohn pol2 polv pots pove prds ptag ptbb ptvl qaq1 quin ramo COMMENT             
reun reyk rgdg rio2 riop salu samo sant savo sch2 scor scrz COMMENT             
sctb scub seyg sofi spt0 ssia sthl stjo stk2 str2 suth sutm COMMENT             
sydn syog tabl tabv tash thtg thti thu2 tid1 tidb tlse tn22 COMMENT             
tong tow2 tro1 tsea tskb tuva twtf txes uclu ufpr ulab unb3 COMMENT             
unbj unsa urum usn7 usud vald vill voim vtsp wab1 wab2 wark COMMENT             
wes2 wgtn whit will wind wsrt wtza wtzl wtzr wtzs wuhn xmis COMMENT             
yar2 yar3 yarr yell ykro zamb zeck zim2 zim3 zimm           COMMENT             
                                                            END OF HEADER       
[from data line 4290]
    11                                                      START OF TEC MAP    
  2023     1    20    10     0     0                        EPOCH OF CURRENT MAP
    87.5-180.0 180.0   5.0 450.0                            LAT/LON1/LON2/DLON/H
   33   34   35   36   38   39   41   42   44   45   47   48   49   51   52   53
   54   55   55   56   56   56   57   57   56   56   56   56   55   54   54   53
   52   51   50   49   48   47   46   45   44   43   41   40   39   38   37   36
   35   34   33   32   31   30   29   29   28   28   27   27   27   27   27   27
   27   28   28   28   29   30   31   32   33
    85.0-180.0 180.0   5.0 450.0                            LAT/LON1/LON2/DLON/H
   29   31   33   35   37   40   43   46   49   52   55   58   60   63   65   67
   68   70   71   71   72   72   72   71   71   70   69   68   67   66   65   64
   63   62   61   60   59   57   56   54   53   51   49   48   46   44   42   40
   39   37   36   34   33   32   31   30   29   28   28   27   27   27   26   26
   26   26   26   26   26   26   27   28   29
    82.5-180.0 180.0   5.0 450.0                            LAT/LON1/LON2/DLON/H
   30   31   32   34   37   40   44   48   52   56   61   65   69   72   75   77
   79   80   81   81   81   80   80   78   77   76   75   74   73   72   71   71
   70   70   70   70   70   69   69   68   67   66   65   63   62   60   58   56
   54   53   51   50   48   47   46   46   45   45   44   44   44   43   42   41
   40   38   37   35   33   32   31   30   30
    80.0-180.0 180.0   5.0 450.0                            LAT/LON1/LON2/DLON/H
   35   33   33   34   36   39   43   48   53   58   64   68   73   76   79   82
   83   84   84   84   82   81   79   77   75   73   71   70   70   70   70   71
   73   75   77   79   81   83   85   86   87   87   87   87   86   86   85   83
   82   81   79   78   77   76   76   76   76   76   76   77   77   76   75   73
   70   66   62   57   52   47   42   38   35
    77.5-180.0 180.0   5.0 450.0                            LAT/LON1/LON2/DLON/H
   43   38   35   35   36   38   42   47   52   58   63   68   72   75   78   80
   81   81   81   79   77   75   72   69   66   64   62   61   61   62   65   68
   72   77   83   88   94   99  103  107  110  113  115  117  118  119  120  120
  119  118  117  116  115  114  114  114  115  116  118  119  120  120  118  115
  111  105   97   88   78   68   59   50   43
    75.0-180.0 180.0   5.0 450.0                            LAT/LON1/LON2/DLON/H
   53   45   39   37   36   39   42   46   51   56   60   64   67   69   71   73
   73   74   73   71   69   66   63   59   56   53   51   50   51   53   57   64
   71   80   89   98  107  116  124  131  137  142  147  151  154  157  160  161
  162  162  161  159  157  156  155  154  155  156  158  160  162  163  162  158
  153  144  134  121  107   92   78   65   53
    72.5-180.0 180.0   5.0 450.0                            LAT/LON1/LON2/DLON/H
   62   51   44   40   39   40   43   47   51   54   56   58   59   61   62   63
   64   65   65   64   62   59   56   52   48   45   42   41   43   46   52   60
   71   83   96  110  123  135  146  155  164  171  178  185  190  196  200  203
  205  205  203  201  197  193  190  188  187  187  189  191  193  194  193  190
  184  174  162  147  130  112   94   77   62
    70.0-180.0 180.0   5.0 450.0                            LAT/LON1/LON2/DLON/H
   68   56   47   43   42   43   46   49   51   52   52   52   52   52   52   54
   56   58   59   59   59   57   54   51   47   43   40   38   39   43   50   60
   74   90  106  123  140  155  168  180  191  200  209  217  224  231  236  241
  243  243  240  235  229  222  215  209  205  203  202  203  204  204  203  200
  194  185  173  158  140  121  102   84   68
    67.5-180.0 180.0   5.0 450.0                            LAT/LON1/LON2/DLON/H
   69   57   48   44   44   46   49   51   52   52   50   47   45   44   45   47
   50   54   57   59   59   59   57   54   50   46   42   40   40   44   52   64
   80   99  119  139  159  176  192  206  218  228  237  246  254  261  267  271
  273  272  267  259  249  238  226  216  208  202  198  195  193  191  189  185
  180  172  163  150  135  119  101   84   69
    65.0-180.0 180.0   5.0 450.0                            LAT/LON1/LON2/DLON/H
   65   54   47   43   43   46   49   52   52   51   47   43   40   39   40   44
   49   54   58   61   63   63   62   60   57   52   48   45   44   48   56   70
   88  110  134  157  179  199  216  231  244  255  265  273  280  286  291  294
  295  291  284  273  259  243  227  213  200  189  180  172  165  158  153  147
  142  137  132  125  116  104   91   78   65
    62.5-180.0 180.0   5.0 450.0                            LAT/LON1/LON2/DLON/H
   58   49   42   39   40   42   46   50   51   49   45   40   37   37   39   44
   50   56   61   64   66   66   66   65   63   59   54   50   49   52   62   78
   99  124  150  176  200  221  240  257  271  282  292  299  304  308  311  311
  309  303  293  279  261  242  223  204  187  172  157  143  129  116  105   97
   92   89   88   88   86   82   76   67   58
    60.0-180.0 180.0   5.0 450.0                            LAT/LON1/LON2/DLON/H
   51   43   37   33   33   36   40   44   46   45   42   39   36   37   40   46
   53   59   63   65   66   67   68   68   66   62   57   53   52   56   67   86
  111  139  167  195  220  243  263  281  296  309  318  324  327  328  327  325
  320  312  299  282  261  240  218  198  179  159  140  119   98   78   61   48
   41   39   43   49   55   59   60   57   51
    57.5-180.0 180.0   5.0 450.0                            LAT/LON1/LON2/DLON/H
   47   41   34   28   26   27   31   36   40   42   41   38   37   38   43   49
   56   61   63   64   64   65   66   67   66   62   57   53   52   58   72   95
  123  154  185  214  239  261  282  302  319  334  344  349  350  348  344  339
  331  320  305  285  263  241  219  198  178  158  135  110   82   55   31   13
    3    1    7   18   31   42   48   50   47
    55.0-180.0 180.0   5.0 450.0                            LAT/LON1/LON2/DLON/H
   49   44   36   28   23   22   24   29   35   39   40   40   39   41   46   52
   58   61   62   61   60   61   62   64   64   60   55   51   51   60   77  104
  136  170  202  231  255  276  297  318  338  355  367  372  372  368  362  354
  345  332  315  294  271  247  226  207  188  168  144  116   85   53   24    1
    0    0    0    3   19   34   44   50   49
    52.5-180.0 180.0   5.0 450.0                            LAT/LON1/LON2/DLON/H
   57   53   45   35   27   23   23   27   33   39   42   44   44   45   49   54
   58   60   60   58   57   58   61   63   62   58   52   48   50   62   83  114
  149  185  218  245  267  287  307  328  350  369  383  390  390  386  379  372
  362  348  330  308  283  259  238  221  204  186  163  136  104   70   39   13
    0    0    0    5   20   36   48   55   57
    50.0-180.0 180.0   5.0 450.0                            LAT/LON1/LON2/DLON/H
   69   67   60   51   41   33   30   32   38   44   49   51   51   51   52   56
   59   60   59   58   58   61   65   67   64   58   51   48   52   66   91  125
  162  199  231  257  276  293  311  332  355  376  392  400  402  399  394  389
  381  368  349  325  299  273  252  235  220  203  184  159  130   99   69   43
   24   14   13   20   31   44   56   65   69
    47.5-180.0 180.0   5.0 450.0                            LAT/LON1/LON2/DLON/H
   80   83   81   74   63   53   46   45   49   55   60   62   60   58   57   58
   60   61   61   62   66   71   76   77   72   63   55   52   59   76  102  137
  174  210  241  265  282  296  312  332  354  375  392  401  405  405  405  404
  399  389  370  344  314  287  263  245  229  214  197  177  153  128  103   79
   60   47   41   41   46   55   65   74   80
    45.0-180.0 180.0   5.0 450.0                            LAT/LON1/LON2/DLON/H
   88   97  101   99   91   80   70   64   65   69   74   75   73   68   65   64
   65   66   69   73   79   87   92   91   84   72   63   62   71   90  117  149
  184  218  248  271  288  301  315  332  352  371  385  394  399  404  408  413
  413  405  387  360  328  297  270  248  229  213  197  182  165  148  128  109
   91   76   65   60   59   62   69   78   88
    42.5-180.0 180.0   5.0 450.0                            LAT/LON1/LON2/DLON/H
   90  105  117  122  119  108   96   86   82   84   88   90   87   81   76   73
   74   76   80   87   97  106  112  108   98   84   76   78   90  110  134  161
  191  222  252  277  295  310  323  337  353  366  376  382  388  395  405  415
  421  416  399  372  338  304  274  247  224  204  188  175  164  153  140  125
  109   93   80   70   64   63   66   76   90
    40.0-180.0 180.0   5.0 450.0                            LAT/LON1/LON2/DLON/H
   84  103  122  135  138  131  118  104   97   97  101  103  102   96   90   87
   87   90   95  104  114  125  129  123  110   96   90   97  113  133  153  173
  196  224  255  284  308  326  340  352  362  368  370  371  375  384  397  412
  422  421  407  381  348  314  280  249  220  194  175  163  155  148  139  127
  113   98   85   73   64   59   60   69   84
    37.5-180.0 180.0   5.0 450.0                            LAT/LON1/LON2/DLON/H
   75   95  118  137  146  143  131  115  105  103  108  113  114  111  106  104
  104  106  110  118  128  137  139  131  117  105  104  117  138  158  173  185
  201  226  260  295  327  351  368  378  382  380  373  367  367  375  390  408
  421  423  413  391  363  331  297  262  228  196  172  158  150  143  134  122
  108   95   84   73   63   57   55   61   75
    35.0-180.0 180.0   5.0 450.0                            LAT/LON1/LON2/DLON/H
   68   84  105  127  141  143  133  117  105  102  108  117  122  123  122  120
  120  121  123  127  134  140  140  131  118  110  116  136  162  183  193  197
  208  232  270  314  354  385  406  416  415  405  389  375  369  375  390  408
  422  428  422  408  387  362  332  296  258  221  192  173  161  151  137  122
  107   96   87   79   71   64   59   60   68
    32.5-180.0 180.0   5.0 450.0                            LAT/LON1/LON2/DLON/H
   71   77   91  110  127  133  126  111   99   95  102  114  125  131  133  133
  133  132  130  130  132  135  133  124  113  110  124  152  184  205  212  213
  220  245  288  340  388  426  451  462  458  441  418  397  387  389  402  418
  432  440  441  436  426  410  387  354  315  275  242  219  201  183  162  140
  123  112  107  102   96   88   79   73   71
    30.0-180.0 180.0   5.0 450.0                            LAT/LON1/LON2/DLON/H
   90   82   84   95  110  119  115  103   90   86   93  108  122  132  137  140
  140  136  130  125  123  123  120  112  105  108  129  164  201  224  231  231
  239  268  316  373  427  470  498  510  506  486  458  433  420  420  429  443
  455  465  472  477  479  475  461  434  396  356  322  296  272  245  215  185
  164  154  150  148  142  132  119  104   90
    27.5-180.0 180.0   5.0 450.0                            LAT/LON1/LON2/DLON/H
  126  102   89   90  100  109  109   98   85   80   86  100  115  127  135  139
  139  134  125  116  111  109  106  101   98  106  133  173  213  239  249  253
  266  300  352  413  468  511  541  555  552  534  506  481  467  466  473  483
  493  505  518  532  546  552  547  526  493  456  424  397  369  335  295  258
  233  222  218  214  206  193  175  152  126
    25.0-180.0 180.0   5.0 450.0                            LAT/LON1/LON2/DLON/H
  176  139  112  101  104  111  113  104   91   82   84   95  108  118  126  130
  130  125  115  104   99   97   96   94   95  108  137  179  220  250  267  279
  300  340  395  455  507  547  575  591  592  579  555  534  523  523  529  537
  545  557  574  596  617  632  633  618  590  559  531  507  478  438  392  350
  322  309  302  293  280  263  241  212  176
    22.5-180.0 180.0   5.0 450.0                            LAT/LON1/LON2/DLON/H
  233  188  151  129  125  130  132  124  110   98   94   97  104  109  114  117
  117  112  103   94   90   91   93   94   99  114  143  184  226  259  284  306
  338  385  441  496  541  575  600  617  624  617  602  587  581  585  592  598
  604  616  635  660  686  704  708  697  674  648  627  607  580  539  490  446
  417  400  387  371  351  329  304  273  233
    20.0-180.0 180.0   5.0 450.0                            LAT/LON1/LON2/DLON/H
  286  241  200  172  162  164  164  157  143  127  116  110  107  104  104  104
  104  101   94   89   89   93   98  102  109  125  153  191  231  268  300  335
  377  428  483  533  569  594  615  633  646  648  642  636  637  645  653  659
  664  675  694  718  743  759  762  752  732  712  698  683  659  620  572  529
  499  479  459  432  403  377  352  324  286
    17.5-180.0 180.0   5.0 450.0                            LAT/LON1/LON2/DLON/H
  325  287  249  221  208  206  206  199  185  166  148  132  119  108  100   97
   96   93   90   89   94  102  110  116  124  141  167  201  239  277  318  362
  411  466  519  561  589  606  623  643  661  673  676  677  684  696  706  712
  716  725  742  763  782  793  792  779  761  745  736  726  705  668  623  582
  553  529  500  464  427  398  376  354  325
    15.0-180.0 180.0   5.0 450.0                            LAT/LON1/LON2/DLON/H
  341  316  287  264  251  248  247  241  228  208  186  163  140  121  107   99
   96   94   93   96  104  115  124  131  141  158  184  215  251  290  335  385
  439  494  543  579  601  614  629  650  674  693  704  711  722  735  746  751
  753  760  774  790  802  805  798  782  763  750  743  736  717  681  638  599
  570  542  506  461  418  388  372  359  341
    12.5-180.0 180.0   5.0 450.0                            LAT/LON1/LON2/DLON/H
  334  322  306  292  282  278  278  274  264  246  222  195  167  143  124  113
  107  104  103  108  119  130  138  145  157  177  204  235  268  307  353  404
  458  509  554  587  607  619  635  659  689  714  729  738  749  761  770  773
  774  779  789  800  805  801  787  768  750  737  731  722  701  664  621  583
  552  519  476  426  381  354  343  340  334
    10.0-180.0 180.0   5.0 450.0                            LAT/LON1/LON2/DLON/H
  307  307  304  299  294  291  291  290  284  271  250  223  195  169  149  136
  127  121  119  124  133  143  149  155  169  194  225  258  290  327  370  418
  467  513  554  586  608  623  643  672  706  735  751  759  766  775  780  780
  779  781  788  795  796  787  770  750  731  719  711  698  671  630  583  542
  508  470  423  372  329  306  301  304  307
     7.5-180.0 180.0   5.0 450.0                            LAT/LON1/LON2/DLON/H
  270  277  283  286  284  283  284  286  286  278  263  241  217  194  177  164
  153  144  139  140  147  152  155  160  176  208  246  282  314  347  385  427
  468  507  544  577  604  626  652  687  725  756  772  777  778  779  779  775
  771  772  778  783  781  770  753  734  717  706  695  677  643  594  541  494
  453  411  362  313  277  260  258  263  270
     5.0-180.0 180.0   5.0 450.0                            LAT/LON1/LON2/DLON/H
  234  242  252  258  259  258  259  264  268  267  258  244  227  212  200  190
  179  166  157  155  157  159  157  161  181  219  264  304  336  365  397  431
  463  494  528  563  597  628  661  701  744  777  791  790  784  778  772  764
  756  756  761  767  766  756  740  725  712  703  691  667  625  567  506  451
  404  357  309  267  239  228  227  229  234
     2.5-180.0 180.0   5.0 450.0                            LAT/LON1/LON2/DLON/H
  210  212  220  227  227  225  225  231  238  242  239  232  223  217  212  207
  198  184  172  166  165  162  157  160  183  226  278  321  352  378  404  430
  455  479  510  547  587  626  666  712  759  792  804  799  786  774  762  750
  740  738  744  751  752  744  732  721  714  709  698  671  622  557  487  425
  372  322  277  244  226  220  218  213  210
