ionex_data/COD0OPSFIN_20230280000_01D_01H_GIM.INX
     1.0            IONOSPHERE MAPS     GNSS                IONEX VERSION / TYPE
ADDNEQ2 V5.5        AIUB                01-FEB-23 21:35     PGM / RUN BY / DATE 
CODE'S GLOBAL IONOSPHERE MAPS FOR DAY 028, 2023             COMMENT             
Global ionosphere maps (GIM) are generated on a daily basis DESCRIPTION         
at CODE using data from about 300 GNSS sites of the IGS and DESCRIPTION         
other institutions. The vertical total electron content     DESCRIPTION         
(VTEC) is modeled in a solar-geomagnetic reference frame    DESCRIPTION         
using a spherical harmonics expansion up to degree and      DESCRIPTION         
order 15. Piece-wise linear functions are used for          DESCRIPTION         
representation in the time domain. The time spacing of      DESCRIPTION         
their vertices is 1 hour, conforming with the epochs of the DESCRIPTION         
VTEC maps.                                                  DESCRIPTION         
To convert line-of-sight TEC into vertical TEC, a modified  DESCRIPTION         
single-layer model mapping function approximating the JPL   DESCRIPTION         
extended slab model mapping function is adopted. The        DESCRIPTION         
mapping function is evaluated at geodetic satellite         DESCRIPTION         
elevation angles. For the computation of the ionospheric    DESCRIPTION         
pierce points, a spherical layer with a radius of 6821 km   DESCRIPTION         
is assumed, implying geocentric, not geodetic IONEX         DESCRIPTION         
latitudes.                                                  DESCRIPTION         
Instrumental biases with respect to each involved GNSS code DESCRIPTION         
observable are estimated as constant values for each        DESCRIPTION         
day. They are modeled with one set of bias parameters for   DESCRIPTION         
each satellite and each station in case of GPS and for each DESCRIPTION         
satellite-station link in case of GLONASS. The code bias    DESCRIPTION         
datum is defined by zero-mean conditions imposed on the     DESCRIPTION         
satellite bias estimates. In this file, just GPS C1W-C2W    DESCRIPTION         
satellite and station bias values are included. The         DESCRIPTION         
complete set of GNSS code bias results is provided in an    DESCRIPTION         
additional Bias-SINEX file as pseudo-absolute values        DESCRIPTION         
specific to each observable.                                DESCRIPTION         
Note: These GIM results correspond to the results for the   DESCRIPTION         
middle day of a 3-day combination analysis solving for 73   DESCRIPTION         
times 256, or 18688 VTEC parameters and 3 daily sets of     DESCRIPTION         
GNSS code bias parameters.                                  DESCRIPTION         
Contact address: code(at)aiub.unibe.ch                      DESCRIPTION         
Data archive:    ftp.aiub.unibe.ch/CODE/                    DESCRIPTION         
                 www.aiub.unibe.ch/download/CODE/           DESCRIPTION         
  2023     1    28     0     0     0                        EPOCH OF FIRST MAP  
  2023     1    29     0     0     0                        EPOCH OF LAST MAP   
  3600                                                      INTERVAL            
[...]
azgb badg bake bako barh bndy boav bogo bogt bor1 braz brst COMMENT             
brux bshm cas1 ccj2 cedu chpg chpi chti chur ckis cnmr coco COMMENT             
cord cpxf crar cro1 daej darw dav1 dgar dhlg drao dubo ebre COMMENT             
faa1 fair flrs frdn ftna func ganp glps gode godz gol2 gold COMMENT             
gope gras graz guam guug harb hers hert hlfx hob2 hofn holb COMMENT             
hrao hyde iddr ieng iisc ineg invk iqal isba jog2 joz2 joze COMMENT             
karr kerg kir0 kiri kiru kit3 kokb kokv koug kour krgg laut COMMENT             
lmmf lpal lpgs m0se mac1 madr mal2 mana mas1 mat1 mate maw1 COMMENT             
mcm4 mdo1 medi mets mgue mizu mkea mnls mobs monp morp mqzg COMMENT             
mro1 mtka nano nico nist nium nklg nlib nnor not1 nrc1 nrmd COMMENT             
ntus nya1 nyal ohi2 onsa opmt ous2 pado parc park pdel penc COMMENT             
pert pie1 pimo pohn pol2 polv pots pove prds ptbb ptvl qaq1 COMMENT             
quin ramo reun reyk rgdg rio2 riop salu samo sant savo sch2 COMMENT             
scor scrz sctb scub seyg sofi spt0 ssia sthl stjo stk2 str2 COMMENT             
suth sutm suwn sydn syog tabl tabv tash thtg thti thu2 tid1 COMMENT             
tidb tlse tn22 tong tow2 tro1 tsea tskb twtf txes uclu ufpr COMMENT             
ulab unb3 unbj unsa urum usn7 usud vald vill voim vtsp wab1 COMMENT             
wab2 wark wes2 wgtn whit will wind wsrt wtza wtzl wtzr wtzs COMMENT             
wuhn xmis yar2 yar3 yarr yell ykro zamb zeck zim2 zim3 zimm COMMENT             
                                                            END OF HEADER       
[from data line 1716]
     5                                                      START OF TEC MAP    
  2023     1    28     4     0     0                        EPOCH OF CURRENT MAP
    87.5-180.0 180.0   5.0 450.0                            LAT/LON1/LON2/DLON/H
  123  121  119  117  115  114  112  110  109  108  106  105  104  103  102  101
  101  100   99   98   97   97   96   95   95   94   94   93   93   93   92   92
   93   93   93   94   94   95   96   97   98  100  101  103  105  107  109  111
  113  115  117  119  122  124  126  127  129  131  132  133  133  134  134  134
  133  133  132  131  129  128  126  124  123
    85.0-180.0 180.0   5.0 450.0                            LAT/LON1/LON2/DLON/H
  131  126  121  117  113  110  107  104  102  101  100   99   98   98   97   97
   96   96   95   94   93   92   90   89   87   86   84   83   81   80   80   79
   79   79   79   79   80   81   82   84   86   88   90   93   96  100  104  108
  113  118  123  128  134  139  144  150  154  158  162  164  166  167  167  167
  165  163  159  155  151  146  141  136  131
    82.5-180.0 180.0   5.0 450.0                            LAT/LON1/LON2/DLON/H
  135  126  118  110  104   99   95   93   91   91   91   92   93   94   95   96
   97   97   97   96   94   92   90   87   84   81   78   75   73   71   69   69
   68   68   69   69   70   72   73   75   76   78   81   84   87   91   96  102
  109  116  125  134  143  153  163  172  181  189  196  201  205  207  207  205
  202  197  191  183  174  165  155  145  135
    80.0-180.0 180.0   5.0 450.0                            LAT/LON1/LON2/DLON/H
  137  123  110  100   91   85   81   79   78   79   82   85   88   91   95   97
  100  101  101  100   98   95   91   87   82   77   73   69   65   63   61   61
   61   62   63   65   67   69   71   72   73   74   76   77   79   83   87   94
  102  111  123  135  149  164  178  192  206  218  229  237  243  246  247  245
  240  233  223  211  198  183  167  152  137
    77.5-180.0 180.0   5.0 450.0                            LAT/LON1/LON2/DLON/H
  140  121  104   91   80   72   68   66   67   69   73   78   83   89   94   98
  101  104  104  104  101   98   93   87   81   74   68   63   59   56   55   55
   57   59   62   66   69   72   75   76   76   76   75   75   75   76   79   85
   93  104  118  134  152  170  189  208  225  241  255  266  274  279  281  279
  274  265  253  238  220  201  181  160  140
    75.0-180.0 180.0   5.0 450.0                            LAT/LON1/LON2/DLON/H
  147  124  104   87   74   65   60   59   60   63   67   73   79   84   90   95
   99  103  104  104  102   99   93   86   79   72   65   59   54   52   51   52
   55   59   64   70   75   79   82   84   83   82   79   75   73   72   73   78
   86   98  114  132  153  175  197  218  238  255  270  283  292  298  301  301
  297  289  277  261  242  220  196  172  147
    72.5-180.0 180.0   5.0 450.0                            LAT/LON1/LON2/DLON/H
  161  135  112   92   77   66   61   58   59   61   65   69   73   78   83   88
   92   96   99  101  100   97   92   85   78   70   63   57   53   50   50   52
   55   60   66   73   79   84   88   90   90   87   82   77   72   69   69   74
   82   96  113  134  156  179  202  223  242  259  273  285  294  301  306  308
  307  303  294  281  263  241  216  189  161
    70.0-180.0 180.0   5.0 450.0                            LAT/LON1/LON2/DLON/H
  183  154  127  104   87   75   68   64   63   64   65   66   67   70   73   77
   81   86   91   94   95   93   90   84   77   70   64   59   55   53   53   54
   57   61   67   73   79   84   89   91   91   88   83   77   72   68   68   73
   83   98  117  140  163  186  207  226  242  255  265  274  282  289  295  301
  305  306  303  296  282  264  240  212  183
    67.5-180.0 180.0   5.0 450.0                            LAT/LON1/LON2/DLON/H
  209  178  148  123  102   88   78   73   70   68   67   64   62   61   62   65
   70   76   81   86   89   89   87   82   77   72   67   63   61   59   59   59
   60   61   64   68   72   77   81   84   85   83   80   75   70   68   69   76
   88  105  127  150  174  195  214  228  239  246  251  256  261  268  276  285
  294  302  307  307  301  287  266  239  209
    65.0-180.0 180.0   5.0 450.0                            LAT/LON1/LON2/DLON/H
  237  204  172  143  119  101   89   82   77   73   69   64   59   55   54   56
   60   67   74   80   83   84   83   80   77   73   71   69   68   68   67   65
   63   61   59   59   60   63   67   70   73   73   71   68   66   66   71   80
   96  116  139  164  187  207  221  231  236  238  238  239  241  247  256  268
  282  297  309  316  317  309  292  268  237
    62.5-180.0 180.0   5.0 450.0                            LAT/LON1/LON2/DLON/H
  264  230  195  163  134  113   97   87   81   75   70   64   57   53   51   52
   57   64   70   76   79   80   79   76   74   73   73   74   76   76   75   72
   67   60   54   50   47   48   50   54   57   59   59   59   60   64   72   85
  104  127  152  178  200  218  229  235  236  234  231  229  230  235  244  258
  274  293  310  324  330  328  316  294  264
    60.0-180.0 180.0   5.0 450.0                            LAT/LON1/LON2/DLON/H
  286  253  217  181  149  122  102   89   80   75   69   64   58   54   53   54
   59   65   71   74   75   75   73   71   70   71   74   77   81   82   82   78
   70   61   51   43   37   35   36   39   43   46   48   51   55   62   73   90
  111  137  163  189  211  227  237  240  240  237  234  232  233  238  246  259
  275  294  312  329  339  341  332  314  286
    57.5-180.0 180.0   5.0 450.0                            LAT/LON1/LON2/DLON/H
  301  271  236  199  163  132  107   89   78   71   67   64   60   58   59   61
   66   71   74   74   72   68   65   64   65   68   72   78   82   85   85   81
   73   63   52   42   35   31   31   32   35   38   41   45   51   60   74   93
  117  144  171  196  218  233  243  247  248  248  247  249  252  256  263  272
  284  298  314  329  340  344  339  324  301
    55.0-180.0 180.0   5.0 450.0                            LAT/LON1/LON2/DLON/H
  308  284  254  219  181  145  114   90   75   68   64   63   63   64   66   70
   74   77   77   73   67   61   58   57   60   65   70   76   81   84   85   82
   75   67   57   49   42   38   36   36   37   38   40   43   50   61   77   97
  122  149  176  201  223  239  249  256  260  263  268  273  279  284  289  292
  297  304  314  324  332  336  334  324  308
    52.5-180.0 180.0   5.0 450.0                            LAT/LON1/LON2/DLON/H
  304  291  270  241  205  165  128   98   77   67   63   64   66   68   72   77
   80   81   78   71   62   55   52   54   58   64   70   76   79   81   81   79
   76   71   66   61   58   55   52   50   47   45   45   47   53   65   82  104
  129  156  182  207  228  245  257  266  273  281  290  299  308  313  314  312
  309  307  308  311  314  317  316  312  304
    50.0-180.0 180.0   5.0 450.0                            LAT/LON1/LON2/DLON/H
  291  290  282  263  232  193  151  114   87   72   66   66   68   71   75   80
   83   82   77   68   59   53   52   56   63   70   75   77   78   77   76   75
   74   74   75   77   78   77   75   70   65   59   55   56   61   73   90  113
  139  166  192  216  237  254  267  277  286  295  306  318  328  333  331  324
  313  304  296  292  290  289  288  290  291
    47.5-180.0 180.0   5.0 450.0                            LAT/LON1/LON2/DLON/H
  269  281  287  282  260  224  180  138  105   84   74   71   71   73   76   79
   82   82   77   69   61   57   59   66   75   82   85   83   79   75   71   69
   70   75   82   90   97  100   98   92   84   75   69   67   72   84  103  127
  154  181  207  230  251  268  281  290  297  305  314  325  334  338  334  324
  309  295  282  272  264  258  256  260  269
    45.0-180.0 180.0   5.0 450.0                            LAT/LON1/LON2/DLON/H
  242  262  282  291  282  253  211  167  128  102   87   80   77   75   76   78
   82   83   81   76   71   71   76   85   94   99   99   93   84   74   67   63
   65   73   85  100  111  118  117  111  101   91   83   80   85   98  119  145
  173  201  227  251  271  287  299  305  307  309  313  319  325  327  323  314
  300  286  272  259  245  233  226  228  242
    42.5-180.0 180.0   5.0 450.0                            LAT/LON1/LON2/DLON/H
  214  237  265  286  290  272  236  193  153  123  104   92   85   80   78   80
   84   89   92   92   91   94  101  110  117  119  114  104   91   77   66   59
   60   69   85  103  118  127  128  122  113  103   95   92   98  112  135  164
  195  224  250  273  293  308  318  320  316  310  305  305  307  309  307  302
  294  286  275  262  244  224  208  203  214
    40.0-180.0 180.0   5.0 450.0                            LAT/LON1/LON2/DLON/H
  193  211  238  265  279  273  248  212  174  143  121  107   97   89   85   86
   92  101  110  116  120  125  131  137  139  137  128  115   99   83   69   60
   59   67   82  101  117  127  129  125  118  110  104  103  110  126  151  182
  215  245  271  293  312  327  335  334  325  312  300  294  293  294  297  300
  302  304  301  290  268  240  212  194  193
    37.5-180.0 180.0   5.0 450.0                            LAT/LON1/LON2/DLON/H
  191  192  209  233  252  257  244  217  185  157  136  122  111  102   96   97
  105  119  133  145  152  157  160  160  157  148  136  122  107   92   77   67
   63   69   82   99  113  122  124  123  119  114  111  112  120  137  164  196
  230  260  285  306  325  340  349  348  337  321  306  296  294  297  306  319
  335  349  355  348  324  287  245  210  191
    35.0-180.0 180.0   5.0 450.0                            LAT/LON1/LON2/DLON/H
  214  191  188  200  216  227  224  209  186  163  145  134  124  116  110  110
  120  136  155  171  181  184  182  176  166  153  139  126  114  102   91   81
   77   80   89  100  110  115  117  117  116  116  116  119  128  145  172  205
  238  267  290  310  329  346  359  362  355  341  328  321  320  328  344  368
  396  422  438  435  410  366  311  257  214
    32.5-180.0 180.0   5.0 450.0                            LAT/LON1/LON2/DLON/H
  271  219  188  178  183  193  197  191  177  161  148  140  134  128  123  122
  131  148  169  187  197  199  193  181  166  151  137  128  121  116  110  104
  100  100  104  108  111  111  110  111  114  117  120  124  133  150  176  208
  239  265  286  304  324  345  365  376  379  375  371  370  376  389  412  445
  483  518  541  542  517  469  406  336  271
    30.0-180.0 180.0   5.0 450.0                            LAT/LON1/LON2/DLON/H
  359  281  219  181  166  168  173  173  165  153  145  142  140  137  132  129
  135  149  169  186  197  198  191  177  161  146  135  130  130  132  133  133
  131  130  128  125  119  112  108  109  113  117  122  127  136  153  177  206
  234  257  275  293  315  342  371  394  411  421  431  441  455  474  502  540
  583  624  651  654  632  586  521  442  359
    27.5-180.0 180.0   5.0 450.0                            LAT/LON1/LON2/DLON/H
  473  375  285  217  178  165  164  163  156  147  141  141  142  141  136  130
  130  139  154  169  180  183  178  168  156  145  138  138  143  152  160  165
  167  165  158  147  132  119  111  109  113  117  122  127  137  154  177  203
  228  248  264  283  309  343  381  417  448  474  499  523  545  569  598  636
  681  722  749  754  737  699  641  564  473
    25.0-180.0 180.0   5.0 450.0                            LAT/LON1/LON2/DLON/H
  596  490  380  286  222  189  176  169  159  148  141  141  145  145  139  129
  122  122  130  142  153  159  161  160  156  152  151  154  162  174  188  198
  203  200  189  171  149  129  116  112  112  115  119  125  137  155  178  202
  224  242  259  280  311  352  398  444  487  527  565  599  628  654  681  716
  757  794  818  826  816  790  748  684  596
    22.5-180.0 180.0   5.0 450.0                            LAT/LON1/LON2/DLON/H
  710  608  490  379  293  240  212  194  177  161  152  150  153  154  147  134
  119  109  108  115  126  139  150  159  167  172  174  178  185  198  214  227
  234  230  215  191  163  138  122  113  111  110  113  121  136  158  181  205
  225  244  264  290  326  373  424  475  523  571  616  657  689  713  736  764
  797  828  848  857  856  847  826  783  710
    20.0-180.0 180.0   5.0 450.0                            LAT/LON1/LON2/DLON/H
  797  709  596  478  379  310  266  237  212  191  177  172  174  174  167  152
  131  113  103  104  115  132  152  173  191  203  208  209  212  221  235  248
  254  248  230  202  171  144  125  113  106  103  104  115  135  161  188  212
  233  254  279  311  354  405  457  507  554  600  646  686  717  736  752  772
  797  820  837  847  855  863  865  847  797
    17.5-180.0 180.0   5.0 450.0                            LAT/LON1/LON2/DLON/H
  841  776  678  566  463  385  330  292  260  235  217  209  209  210  206  191
  168  144  126  121  130  149  174  202  226  242  247  243  238  241  250  259
  262  252  232  203  172  145  125  110  100   93   94  108  134  166  196  222
  246  271  302  342  391  443  493  536  574  612  651  686  710  723  732  744
  761  778  791  803  818  840  861  867  841
    15.0-180.0 180.0   5.0 450.0                            LAT/LON1/LON2/DLON/H
  839  798  722  626  530  450  391  348  315  288  269  259  259  262  263  254
  233  205  182  171  176  193  217  244  269  283  284  273  260  255  257  260
  257  244  222  195  167  142  122  106   92   83   85  103  135  172  206  234
  261  291  329  376  429  481  526  559  585  609  635  660  677  684  687  693
  704  717  728  741  761  790  822  844  839
    12.5-180.0 180.0   5.0 450.0                            LAT/LON1/LON2/DLON/H
  798  777  724  649  568  496  441  399  368  344  325  316  316  325  333  333
  318  291  265  250  249  259  275  294  311  319  314  296  276  262  257  253
  244  227  205  181  158  137  118  101   85   76   79  101  137  178  214  245
  274  309  353  405  460  511  550  573  586  596  609  623  632  634  635  638
  647  657  668  681  701  730  763  790  798
    10.0-180.0 180.0   5.0 450.0                            LAT/LON1/LON2/DLON/H
  734  726  693  641  579  521  474  439  414  394  379  370  372  386  404  415
  409  387  362  344  337  337  339  342  345  344  331  308  283  264  252  242
  227  206  185  167  150  133  115   98   82   73   78  102  141  184  221  252
  284  322  370  424  478  526  561  578  582  582  585  589  592  593  594  599
  608  619  629  641  657  678  702  724  734
     7.5-180.0 180.0   5.0 450.0                            LAT/LON1/LON2/DLON/H
  669  664  645  612  569  527  493  468  449  434  420  412  415  433  460  482
  486  471  449  432  421  410  395  379  366  354  336  310  283  261  245  230
  210  189  170  157  146  132  115   98   83   76   83  108  147  189  225  256
  288  328  376  429  481  527  559  575  578  574  571  570  572  574  579  589
  601  613  624  632  641  649  658  665  669
     5.0-180.0 180.0   5.0 450.0                            LAT/LON1/LON2/DLON/H
  622  614  601  581  554  527  505  488  474  460  445  433  434  454  487  517
  530  522  506  493  481  462  433  399  372  351  331  305  279  257  240  221
  199  178  163  155  147  135  118  101   87   83   92  118  154  193  227  256
  288  327  374  423  470  513  547  568  576  576  574  574  576  583  596  612
  630  645  654  659  658  651  641  630  622
     2.5-180.0 180.0   5.0 450.0                            LAT/LON1/LON2/DLON/H
  606  592  579  564  548  532  519  507  494  475  452  432  426  443  477  510
  527  526  518  511  504  483  445  400  363  339  319  298  275  254  237  217
  195  174  163  159  153  141  122  105   94   93  105  129  162  197  227  255
  286  323  366  409  451  491  528  559  579  589  594  597  604  618  639  664
  688  705  714  713  702  681  654  628  606
