ionex_data/COD0OPSFIN_20230210000_01D_01H_GIM.INX
     1.0            IONOSPHERE MAPS     GNSS                IONEX VERSION / TYPE
ADDNEQ2 V5.5        AIUB                25-JAN-23 21:32     PGM / RUN BY / DATE 
CODE'S GLOBAL IONOSPHERE MAPS FOR DAY 021, 2023             COMMENT             
Global ionosphere maps (GIM) are generated on a daily basis DESCRIPTION         
at CODE using data from about 300 GNSS sites of the IGS and DESCRIPTION         
other institutions. The vertical total electron content     DESCRIPTION         
(VTEC) is modeled in a solar-geomagnetic reference frame    DESCRIPTION         
using a spherical harmonics expansion up to degree and      DESCRIPTION         
order 15. Piece-wise linear functions are used for          DESCRIPTION         
representation in the time domain. The time spacing of      DESCRIPTION         
their vertices is 1 hour, conforming with the epochs of the DESCRIPTION         
VTEC maps.                                                  DESCRIPTION         
To convert line-of-sight TEC into vertical TEC, a modified  DESCRIPTION         
single-layer model mapping function approximating the JPL   DESCRIPTION         
extended slab model mapping function is adopted. The        DESCRIPTION         
mapping function is evaluated at geodetic satellite         DESCRIPTION         
elevation angles. For the computation of the ionospheric    DESCRIPTION         
pierce points, a spherical layer with a radius of 6821 km   DESCRIPTION         
is assumed, implying geocentric, not geodetic IONEX         DESCRIPTION         
latitudes.                                                  DESCRIPTION         
Instrumental biases with respect to each involved GNSS code DESCRIPTION         
observable are estimated as constant values for each        DESCRIPTION         
day. They are modeled with one set of bias parameters for   DESCRIPTION         
each satellite and each station in case of GPS and for each DESCRIPTION         
satellite-station link in case of GLONASS. The code bias    DESCRIPTION         
datum is defined by zero-mean conditions imposed on the     DESCRIPTION         
satellite bias estimates. In this file, just GPS C1W-C2W    DESCRIPTION         
satellite and station bias values are included. The         DESCRIPTION         
complete set of GNSS code bias results is provided in an    DESCRIPTION         
additional Bias-SINEX file as pseudo-absolute values        DESCRIPTION         
specific to each observable.                                DESCRIPTION         
Note: These GIM results correspond to the results for the   DESCRIPTION         
middle day of a 3-day combination analysis solving for 73   DESCRIPTION         
times 256, or 18688 VTEC parameters and 3 daily sets of     DESCRIPTION         
GNSS code bias parameters.                                  DESCRIPTION         
Contact address: code(at)aiub.unibe.ch                      DESCRIPTION         
Data archive:    ftp.aiub.unibe.ch/CODE/                    DESCRIPTION         
                 www.aiub.unibe.ch/download/CODE/           DESCRIPTION         
  2023     1    21     0     0     0                        EPOCH OF FIRST MAP  
  2023     1    22     0     0     0                        EPOCH OF LAST MAP   
  3600                                                      INTERVAL            
[...]
badg bake bako barh bjfs bndy boav bogo bogt bor1 brst brux COMMENT             
bshm cas1 ccj2 cedu chpg chpi chti chur ckis cnmr coco cord COMMENT             
cpxf crar cro1 daej darw dav1 dgar dhlg drao dubo ebre faa1 COMMENT             
fair flrs frdn ftna func ganp glps gode godz gol2 gold gope COMMENT             
gras graz guam guug harb hers hert hlfx hob2 hofn holb hrao COMMENT             
hyde iddr ieng iisc ineg invk iqal isba jog2 joz2 joze karr COMMENT             
kerg kir0 kiru kit3 kokb kokv koug kour krgg laut lmmf lpal COMMENT             
lpgs m0se mac1 madr mal2 mana mas1 mat1 mate maw1 mcm4 mdo1 COMMENT             
mdvj medi mets mgue mizu mkea mnls mobs monp morp mqzg mro1 COMMENT             
mtka nano nico nist nium nklg nlib nnor not1 nrc1 nrmd ntus COMMENT             
nya1 nyal ohi2 onsa opmt ous2 pado parc park pdel penc pert COMMENT             
pie1 pimo pohn pol2 polv pots pove prds ptag ptbb ptvl qaq1 COMMENT             
quin ramo reun reyk rgdg rio2 riop salu samo sant savo sch2 COMMENT             
scor scrz sctb scub seyg sofi spt0 ssia sthl stjo stk2 str2 COMMENT             
suth sutm sydn syog tabl tabv tash thtg thti thu2 tid1 tidb COMMENT             
tlse tn22 tong tow2 tro1 tsea tskb tuva twtf txes uclu ufpr COMMENT             
ulab unb3 unbj unsa urum usn7 usud vald vill voim vtsp wab1 COMMENT             
wab2 wark wes2 wgtn whit will wind wsrt wtza wtzl wtzr wtzs COMMENT             
wuhn xmis yar2 yar3 yarr yell ykro zamb zeck zim2 zim3 zimm COMMENT             
                                                            END OF HEADER       
[from data line 3861]
    10                                                      START OF TEC MAP    
  2023     1    21     9     0     0                        EPOCH OF CURRENT MAP
    87.5-180.0 180.0   5.0 450.0                            LAT/LON1/LON2/DLON/H
   59   60   61   63   64   65   66   67   69   70   71   72   73   74   75   76
   77   78   79   79   80   81   81   81   82   82   82   82   82   82   82   81
   81   80   79   79   78   77   76   74   73   72   71   69   68   67   65   64
   63   61   60   59   58   57   56   55   55   54   54   53   53   53   53   53
   53   54   54   55   56   56   57   58   59
    85.0-180.0 180.0   5.0 450.0                            LAT/LON1/LON2/DLON/H
   63   65   67   68   70   72   74   75   77   79   80   81   83   84   85   87
   88   89   90   91   92   93   94   95   96   96   97   97   98   98   98   98
   97   97   96   95   94   93   91   90   88   86   84   82   80   78   76   74
   72   69   67   66   64   62   60   59   58   57   56   55   55   55   55   55
   55   56   56   57   58   59   61   62   63
    82.5-180.0 180.0   5.0 450.0                            LAT/LON1/LON2/DLON/H
   76   77   78   80   81   82   84   85   87   88   89   89   90   90   91   91
   92   92   93   94   95   97   98  100  101  103  104  106  107  108  108  109
  109  109  109  109  109  108  108  107  106  105  104  102  101   99   98   96
   94   92   90   88   86   85   83   81   80   79   78   77   76   75   75   75
   74   74   74   74   74   75   75   76   76
    80.0-180.0 180.0   5.0 450.0                            LAT/LON1/LON2/DLON/H
   95   94   94   93   94   94   94   95   95   95   94   94   92   91   90   89
   88   87   87   88   89   91   93   95   98  100  103  105  107  109  111  112
  114  115  116  118  119  120  122  123  124  126  127  128  129  129  129  130
  129  129  128  127  126  125  124  122  121  119  118  117  115  114  113  111
  110  108  106  104  102  100   98   97   95
    77.5-180.0 180.0   5.0 450.0                            LAT/LON1/LON2/DLON/H
  115  111  108  106  104  103  102  102  101   99   97   94   91   87   84   80
   78   76   75   76   77   79   82   86   89   93   96   99  101  104  106  108
  110  113  116  119  123  127  132  137  141  146  151  156  160  165  168  171
  174  176  177  178  178  178  177  176  174  172  171  169  166  164  161  158
  154  150  146  141  136  130  125  120  115
    75.0-180.0 180.0   5.0 450.0                            LAT/LON1/LON2/DLON/H
  131  123  117  113  110  108  107  105  104  101   98   93   88   82   76   70
   66   63   62   63   65   68   72   77   81   85   88   91   93   95   96   99
  101  105  110  116  123  131  139  148  157  166  176  185  194  202  209  216
  222  226  230  232  233  234  233  232  230  228  225  222  218  213  209  203
  197  191  184  176  167  158  149  139  131
    72.5-180.0 180.0   5.0 450.0                            LAT/LON1/LON2/DLON/H
  139  128  120  114  110  108  107  106  105  102   98   92   84   77   69   63
   58   55   54   55   58   63   68   73   78   82   84   86   86   86   86   88
   91   96  102  111  121  133  145  158  172  186  199  212  225  238  249  258
  267  273  278  281  283  283  283  281  278  275  270  265  258  251  243  236
  227  219  209  199  188  176  163  151  139
    70.0-180.0 180.0   5.0 450.0                            LAT/LON1/LON2/DLON/H
  137  125  116  109  106  105  105  105  104  102   97   91   83   75   67   60
   55   53   53   56   61   67   73   79   83   86   87   86   83   81   79   79
   82   88   97  108  122  138  154  171  189  206  222  239  255  270  283  295
  304  311  316  319  320  319  317  314  310  304  297  288  279  268  257  246
  235  225  215  204  193  180  166  151  137
    67.5-180.0 180.0   5.0 450.0                            LAT/LON1/LON2/DLON/H
  128  116  107  101   99   99  101  103  103  102   98   91   83   75   68   63
   60   59   61   66   71   78   85   91   95   96   94   91   85   80   76   75
   78   85   97  112  130  149  169  189  209  228  247  265  282  298  312  323
  332  338  341  342  340  337  332  327  321  313  304  291  277  261  245  231
  218  207  198  189  179  168  155  142  128
    65.0-180.0 180.0   5.0 450.0                            LAT/LON1/LON2/DLON/H
  114  104   97   93   92   94   97  100  102  101   97   91   85   78   73   70
   69   71   75   80   86   93  100  105  108  107  104   97   89   82   76   75
   79   89  104  123  144  167  190  212  233  253  273  291  308  323  336  346
  353  356  355  352  346  339  332  324  316  306  293  277  257  236  215  196
  181  170  162  157  151  144  135  125  114
    62.5-180.0 180.0   5.0 450.0                            LAT/LON1/LON2/DLON/H
   98   92   87   85   86   90   94   98   99   99   96   91   85   81   78   78
   80   84   89   94  100  105  111  115  117  115  110  102   93   84   79   79
   85   98  117  140  165  190  215  239  260  281  300  317  333  347  358  365
  369  368  363  355  344  332  321  311  301  290  275  255  231  203  176  152
  134  123  117  116  115  114  110  105   98
    60.0-180.0 180.0   5.0 450.0                            LAT/LON1/LON2/DLON/H
   84   82   81   81   83   87   91   94   96   95   92   88   84   81   82   85
   89   94   99  103  106  110  114  117  117  115  109  101   92   85   81   84
   94  111  134  160  188  216  242  266  288  309  328  344  359  370  379  383
  384  380  371  357  341  325  309  297  286  274  258  237  208  175  141  112
   90   78   75   76   81   84   86   86   84
    57.5-180.0 180.0   5.0 450.0                            LAT/LON1/LON2/DLON/H
   74   76   78   80   82   85   88   90   90   89   86   83   80   80   83   88
   93   98  102  103  104  105  107  108  109  106  101   94   86   82   82   89
  103  125  151  181  211  239  266  291  313  335  354  370  384  394  400  402
  400  394  382  365  345  323  304  288  277  266  251  229  198  161  122   88
   63   49   45   49   55   62   67   71   74
    55.0-180.0 180.0   5.0 450.0                            LAT/LON1/LON2/DLON/H
   68   73   78   81   82   83   84   85   85   83   81   78   76   77   81   86
   92   96   98   97   94   93   93   93   93   91   86   81   76   75   80   92
  111  136  166  197  228  258  285  310  333  355  376  393  406  415  419  420
  418  411  399  381  357  331  308  290  277  267  255  234  204  164  122   85
   57   41   36   38   44   50   56   62   68
    52.5-180.0 180.0   5.0 450.0                            LAT/LON1/LON2/DLON/H
   64   72   78   81   82   81   80   80   80   79   77   75   73   74   77   83
   87   90   89   85   81   78   76   76   75   73   69   65   64   67   77   94
  117  145  176  208  240  269  296  321  346  370  393  412  425  432  435  436
  434  429  419  401  377  348  320  299  285  276  267  249  221  183  140  101
   72   54   47   45   47   49   52   57   64
    50.0-180.0 180.0   5.0 450.0                            LAT/LON1/LON2/DLON/H
   62   70   77   81   81   80   78   77   77   78   78   76   74   74   75   79
   82   82   80   75   70   66   64   63   62   58   54   51   52   59   73   94
  120  150  182  214  245  273  301  327  354  380  405  425  438  443  445  444
  444  443  437  423  399  368  337  311  295  286  279  265  241  207  167  130
  101   83   72   66   61   56   54   56   62
    47.5-180.0 180.0   5.0 450.0                            LAT/LON1/LON2/DLON/H
   59   67   75   80   80   78   77   77   79   82   83   82   79   77   76   77
   78   78   75   70   66   62   61   60   57   52   45   42   44   54   71   95
  123  152  183  214  245  275  303  330  359  388  414  434  445  448  447  445
  446  448  448  439  418  387  352  322  301  291  284  274  255  225  191  158
  133  115  103   92   80   68   59   56   59
    45.0-180.0 180.0   5.0 450.0                            LAT/LON1/LON2/DLON/H
   57   64   72   78   80   79   79   81   85   90   93   92   89   85   81   79
   78   78   76   73   71   69   69   67   62   54   45   39   41   53   73   97
  125  153  182  213  245  276  306  335  366  396  423  442  450  448  443  438
  439  445  450  447  430  401  364  328  302  287  279  270  255  232  204  178
  158  143  131  117   99   80   64   56   57
    42.5-180.0 180.0   5.0 450.0                            LAT/LON1/LON2/DLON/H
   55   60   69   76   80   82   84   88   94  100  104  105  101   95   89   85
   84   84   84   84   84   85   85   82   74   63   51   43   45   57   77  102
  128  154  182  213  246  280  313  346  378  409  434  450  454  448  437  429
  430  437  447  449  438  411  373  333  300  278  266  257  244  226  205  185
  170  159  148  133  113   89   69   57   55
    40.0-180.0 180.0   5.0 450.0                            LAT/LON1/LON2/DLON/H
   56   60   68   77   84   89   93   98  105  111  116  116  113  106  100   95
   93   94   97  100  103  104  104  100   90   77   62   53   53   65   86  110
  133  157  183  214  251  290  328  364  398  428  451  463  462  451  436  425
  424  432  444  451  445  422  385  342  303  273  254  241  229  215  199  184
  174  165  156  142  122   98   75   60   56
    37.5-180.0 180.0   5.0 450.0                            LAT/LON1/LON2/DLON/H
   63   64   71   80   89   97  104  109  114  119  123  124  122  116  110  105
  105  107  112  117  120  122  120  115  104   89   74   64   65   77   97  120
  142  162  187  220  261  305  349  389  424  454  475  483  478  463  446  434
  431  439  452  463  462  444  410  365  321  284  257  238  224  210  198  186
  176  169  160  148  130  108   86   70   63
    35.0-180.0 180.0   5.0 450.0                            LAT/LON1/LON2/DLON/H
   78   75   79   87   98  108  115  119  120  122  125  127  127  123  119  115
  116  120  125  130  133  133  129  122  112   98   84   75   76   90  111  133
  153  172  196  230  275  324  373  418  456  485  504  510  502  487  471  461
  459  466  480  492  496  484  454  410  363  319  284  259  242  228  216  203
  191  180  169  158  143  125  105   88   78
    32.5-180.0 180.0   5.0 450.0                            LAT/LON1/LON2/DLON/H
  103   95   94   99  108  118  125  126  123  121  121  124  127  127  125  123
  125  129  134  138  138  134  128  120  111  101   90   84   87  102  124  148
  168  186  210  245  292  346  399  447  488  519  537  542  535  523  513  507
  509  517  530  543  551  545  521  481  432  384  344  313  292  276  263  247
  229  210  193  180  167  152  135  117  103
    30.0-180.0 180.0   5.0 450.0                            LAT/LON1/LON2/DLON/H
  137  123  115  115  121  129  133  130  122  116  115  119  124  127  128  128
  130  134  138  139  135  128  119  112  105   99   93   89   95  112  138  164
  186  205  229  264  312  367  423  474  518  551  570  577  574  569  567  570
  577  587  600  614  625  624  606  571  525  476  432  397  373  357  342  322
  295  264  238  219  205  192  175  156  137
    27.5-180.0 180.0   5.0 450.0                            LAT/LON1/LON2/DLON/H
  179  158  143  135  135  139  140  133  121  111  109  113  120  126  128  130
  132  135  136  134  127  117  107  100   96   95   92   92  100  120  150  181
  207  229  253  288  334  388  444  497  543  579  602  612  616  620  628  641
  654  667  680  694  707  711  699  670  629  582  538  502  477  460  445  421
  384  341  302  275  257  243  225  203  179
    25.0-180.0 180.0   5.0 450.0                            LAT/LON1/LON2/DLON/H
  226  199  176  160  152  150  147  137  122  110  106  111  119  125  127  129
  131  132  132  128  119  107   96   90   89   91   91   93  102  126  160  198
  230  256  283  315  358  408  461  514  562  602  630  646  656  668  687  708
  728  742  755  769  783  790  783  761  727  685  644  609  585  570  556  529
  485  430  378  341  318  300  279  254  226
    22.5-180.0 180.0   5.0 450.0                            LAT/LON1/LON2/DLON/H
  272  241  212  188  172  164  157  145  129  115  111  114  121  125  126  127
  128  129  127  122  112  100   90   85   87   89   91   93  103  129  169  214
  254  286  315  347  385  428  477  528  577  621  653  675  691  711  735  762
  784  799  810  823  837  846  843  827  801  768  732  699  677  666  654  628
  579  515  454  408  379  356  331  302  272
    20.0-180.0 180.0   5.0 450.0                            LAT/LON1/LON2/DLON/H
  313  281  248  218  195  181  170  157  141  128  122  124  126  127  126  125
  125  125  124  119  111  101   92   89   90   92   92   92  103  132  177  229
  277  316  349  380  413  450  492  539  589  636  673  700  721  743  769  795
  815  827  836  846  858  867  868  858  841  817  788  759  740  731  723  698
  649  581  514  464  429  402  374  344  313
    17.5-180.0 180.0   5.0 450.0                            LAT/LON1/LON2/DLON/H
  343  314  281  247  219  200  187  175  160  147  140  138  136  132  127  124
  123  123  122  119  114  107  101   98   98   98   94   93  104  135  185  242
  297  343  380  411  441  472  508  551  600  649  690  720  743  765  787  806
  819  824  828  835  845  853  856  852  844  829  807  782  764  756  751  730
  683  616  549  497  462  432  402  372  343
    15.0-180.0 180.0   5.0 450.0                            LAT/LON1/LON2/DLON/H
  360  336  306  272  241  219  206  195  182  170  161  154  147  138  130  125
  124  124  124  123  121  118  114  111  109  105   99   96  108  141  193  254
  313  364  405  439  466  493  523  563  611  660  703  736  760  778  791  800
  801  797  794  797  804  811  815  817  817  811  795  773  754  746  742  723
  679  615  552  504  471  443  413  384  360
    12.5-180.0 180.0   5.0 450.0                            LAT/LON1/LON2/DLON/H
  360  343  319  288  258  236  224  215  203  191  180  170  158  145  135  129
  128  128  129  130  131  131  129  125  120  113  104  102  115  149  202  263
  323  377  422  458  486  510  537  574  620  670  714  749  772  784  788  784
  773  759  749  746  751  757  763  770  776  776  765  743  723  712  705  687
  644  585  528  486  458  432  404  379  360
    10.0-180.0 180.0   5.0 450.0                            LAT/LON1/LON2/DLON/H
  344  335  318  292  266  247  237  229  219  207  194  182  167  152  141  136
  135  135  136  138  141  143  142  137  130  120  111  110  125  161  212  270
  328  382  430  468  497  521  547  583  627  676  721  757  779  788  784  769
  748  726  710  703  705  712  720  730  739  743  733  711  687  672  660  638
  595  537  485  450  428  406  380  358  344
     7.5-180.0 180.0   5.0 450.0                            LAT/LON1/LON2/DLON/H
  316  312  302  283  262  248  241  236  227  215  202  189  174  160  150  146
  145  145  145  147  151  153  152  147  137  127  118  120  139  175  223  276
  329  381  428  468  499  524  551  587  631  678  723  760  784  791  783  763
  737  711  692  683  685  692  702  714  723  725  714  690  663  643  626  597
  548  488  437  406  388  369  345  325  316
     5.0-180.0 180.0   5.0 450.0                            LAT/LON1/LON2/DLON/H
  280  278  274  261  247  239  236  233  225  213  202  190  178  167  160  157
  157  156  156  158  161  164  161  154  143  133  127  133  155  191  235  281
  327  375  421  461  493  520  549  586  629  675  720  758  783  793  786  768
  746  723  705  697  699  709  721  731  735  731  715  689  661  638  614  576
  519  452  398  366  349  331  308  288  280
     2.5-180.0 180.0   5.0 450.0                            LAT/LON1/LON2/DLON/H
  243  241  239  231  223  221  222  220  214  204  195  188  180  173  169  169
  169  168  168  169  173  175  171  162  149  139  136  146  171  207  246  285
  326  369  413  451  483  511  543  581  624  669  712  751  779  793  793  785
  773  760  749  744  749  761  773  779  774  759  735  706  680  657  629  583
  515  439  377  340  318  298  274  253  243
