ionex_data/COD0OPSFIN_20230240000_01D_01H_GIM.INX
     1.0            IONOSPHERE MAPS     GNSS                IONEX VERSION / TYPE
ADDNEQ2 V5.5        AIUB                28-JAN-23 21:12     PGM / RUN BY / DATE 
CODE'S GLOBAL IONOSPHERE MAPS FOR DAY 024, 2023             COMMENT             
Global ionosphere maps (GIM) are generated on a daily basis DESCRIPTION         
at CODE using data from about 300 GNSS sites of the IGS and DESCRIPTION         
other institutions. The vertical total electron content     DESCRIPTION         
(VTEC) is modeled in a solar-geomagnetic reference frame    DESCRIPTION         
using a spherical harmonics expansion up to degree and      DESCRIPTION         
order 15. Piece-wise linear functions are used for          DESCRIPTION         
representation in the time domain. The time spacing of      DESCRIPTION         
their vertices is 1 hour, conforming with the epochs of the DESCRIPTION         
VTEC maps.                                                  DESCRIPTION         
To convert line-of-sight TEC into vertical TEC, a modified  DESCRIPTION         
single-layer model mapping function approximating the JPL   DESCRIPTION         
extended slab model mapping function is adopted. The        DESCRIPTION         
mapping function is evaluated at geodetic satellite         DESCRIPTION         
elevation angles. For the computation of the ionospheric    DESCRIPTION         
pierce points, a spherical layer with a radius of 6821 km   DESCRIPTION         
is assumed, implying geocentric, not geodetic IONEX         DESCRIPTION         
latitudes.                                                  DESCRIPTION         
Instrumental biases with respect to each involved GNSS code DESCRIPTION         
observable are estimated as constant values for each        DESCRIPTION         
day. They are modeled with one set of bias parameters for   DESCRIPTION         
each satellite and each station in case of GPS and for each DESCRIPTION         
satellite-station link in case of GLONASS. The code bias    DESCRIPTION         
datum is defined by zero-mean conditions imposed on the     DESCRIPTION         
satellite bias estimates. In this file, just GPS C1W-C2W    DESCRIPTION         
satellite and station bias values are included. The         DESCRIPTION         
complete set of GNSS code bias results is provided in an    DESCRIPTION         
additional Bias-SINEX file as pseudo-absolute values        DESCRIPTION         
specific to each observable.                                DESCRIPTION         
Note: These GIM results correspond to the results for the   DESCRIPTION         
middle day of a 3-day combination analysis solving for 73   DESCRIPTION         
times 256, or 18688 VTEC parameters and 3 daily sets of     DESCRIPTION         
GNSS code bias parameters.                                  DESCRIPTION         
Contact address: code(at)aiub.unibe.ch                      DESCRIPTION         
Data archive:    ftp.aiub.unibe.ch/CODE/                    DESCRIPTION         
                 www.aiub.unibe.ch/download/CODE/           DESCRIPTION         
  2023     1    24     0     0     0                        EPOCH OF FIRST MAP  
  2023     1    25     0     0     0                        EPOCH OF LAST MAP   
  3600                                                      INTERVAL            
[...]
brst brux bshm cas1 ccj2 cedu chpg chpi chti chur ckis cnmr COMMENT             
coco cord cpxf crar cro1 daej darw dav1 dgar dhlg drao dubo COMMENT             
ebre faa1 fair flrs frdn ftna func ganp glps gode godz gol2 COMMENT             
gold gope gras graz guam guug harb hers hert hlfx hob2 hofn COMMENT             
holb hrao hyde iddr ieng iisc ineg invk iqal irkj isba jog2 COMMENT             
joz2 joze karr kerg kir0 kiru kit3 kokb kokv koug kour krgg COMMENT             
laut lmmf lpal lpgs m0se mac1 madr mal2 mana mas1 mat1 mate COMMENT             
maw1 mcm4 mdo1 mdvj medi mets mgue mizu mkea mnls mobs monp COMMENT             
morp mqzg mro1 mtka nano nico nist nium nklg nlib nnor not1 COMMENT             
nrc1 nrmd ntus nya1 nyal ohi2 onsa opmt ous2 pado parc park COMMENT             
pdel penc pert pie1 pimo pohn pol2 polv pots pove prds ptbb COMMENT             
ptvl qaq1 quin ramo reun reyk rgdg rio2 riop salu samo sant COMMENT             
savo sch2 scor scrz sctb scub seyg sofi spt0 ssia sthl stk2 COMMENT             
str2 suth sutm sydn syog tabl tabv tash thtg thti thu2 tid1 COMMENT             
tidb tlse tn22 tong tow2 tro1 tsea tskb tuva twtf txes uclu COMMENT             
ufpr ulab unb3 unbj unsa urum usn7 usud vald vill voim vtsp COMMENT             
wab1 wab2 wark wes2 wgtn whit will wind wsrt wtza wtzl wtzr COMMENT             
wtzs wuhn xmis yar2 yar3 yarr yell ykro zamb zeck zim2 zim3 COMMENT             
zimm                                                        COMMENT             
                                                            END OF HEADER       
[from data line 4719]
    12                                                      START OF TEC MAP    
  2023     1    24    11     0     0                        EPOCH OF CURRENT MAP
    87.5-180.0 180.0   5.0 450.0                            LAT/LON1/LON2/DLON/H
   59   61   63   65   67   68   70   72   73   75   76   77   78   78   79   79
   79   79   79   79   78   78   77   76   75   74   72   71   69   67   65   64
   62   60   57   55   53   51   49   47   45   43   41   39   37   35   34   33
   32   31   30   30   30   30   30   30   31   32   33   34   36   37   39   41
   42   44   46   48   50   52   55   57   59
    85.0-180.0 180.0   5.0 450.0                            LAT/LON1/LON2/DLON/H
   62   65   69   72   75   78   81   83   86   88   90   92   94   95   96   96
   96   96   96   95   94   93   92   90   88   87   85   82   80   78   76   73
   70   68   65   62   58   55   51   48   44   40   36   33   29   26   23   20
   18   16   15   14   14   15   16   17   19   21   23   25   28   31   33   36
   39   42   45   48   50   53   56   59   62
    82.5-180.0 180.0   5.0 450.0                            LAT/LON1/LON2/DLON/H
   63   66   69   72   75   79   82   85   89   91   94   96   98  100  101  101
  101  101  100   99   98   96   95   93   91   90   88   86   85   84   82   81
   80   78   76   74   72   69   65   62   57   52   48   42   37   33   28   24
   21   19   17   16   16   18   19   22   25   28   32   35   38   41   44   47
   49   51   52   54   56   57   59   61   63
    80.0-180.0 180.0   5.0 450.0                            LAT/LON1/LON2/DLON/H
   62   62   64   66   69   72   75   78   81   84   87   89   91   93   94   94
   94   93   93   91   90   88   87   85   84   83   83   83   83   84   85   87
   89   91   92   93   94   93   92   89   86   81   76   71   65   59   53   48
   44   41   39   39   39   41   45   49   53   58   62   66   69   71   72   73
   72   71   69   67   65   63   62   61   62
    77.5-180.0 180.0   5.0 450.0                            LAT/LON1/LON2/DLON/H
   58   56   56   57   58   60   63   66   68   71   73   75   77   78   79   79
   79   79   78   77   75   74   73   72   71   71   72   74   77   81   85   91
   97  104  110  116  121  125  127  128  127  124  120  114  108  102   95   90
   85   81   79   79   80   83   88   93   98  104  109  112  114  114  113  110
  105   99   92   85   77   71   65   61   58
    75.0-180.0 180.0   5.0 450.0                            LAT/LON1/LON2/DLON/H
   55   51   49   48   48   50   51   53   55   56   57   59   60   61   61   62
   62   62   62   62   61   60   59   58   58   59   61   64   69   76   84   94
  105  116  128  139  150  159  166  170  173  173  171  166  161  155  148  142
  137  133  130  130  131  135  140  145  151  156  161  163  163  160  155  148
  138  126  114  102   90   79   69   61   55
    72.5-180.0 180.0   5.0 450.0                            LAT/LON1/LON2/DLON/H
   54   49   45   44   43   44   44   44   45   45   45   45   45   46   47   48
   49   50   51   51   51   50   50   50   50   51   54   58   64   72   83   96
  110  127  143  160  176  190  202  211  217  220  220  218  214  208  202  196
  190  185  182  181  182  184  188  193  197  202  204  204  201  196  187  175
  162  146  130  114   98   84   72   62   54
    70.0-180.0 180.0   5.0 450.0                            LAT/LON1/LON2/DLON/H
   55   50   46   45   44   44   43   42   41   39   38   37   37   37   39   41
   43   45   46   47   48   48   48   48   48   49   52   55   62   71   82   97
  115  134  155  176  196  214  230  243  253  259  261  261  258  254  248  241
  235  229  225  222  220  221  222  224  226  227  226  224  218  209  198  184
  168  151  134  117  101   86   74   63   55
    67.5-180.0 180.0   5.0 450.0                            LAT/LON1/LON2/DLON/H
   58   54   51   49   49   48   47   45   43   39   36   34   34   35   37   40
   43   45   47   49   49   50   51   51   51   52   54   57   63   71   84   99
  118  140  163  186  209  231  250  265  277  286  290  291  289  285  279  273
  265  258  252  246  241  238  235  233  230  227  222  216  207  196  183  168
  154  138  124  110   97   85   74   65   58
    65.0-180.0 180.0   5.0 450.0                            LAT/LON1/LON2/DLON/H
   61   57   55   54   54   54   53   51   47   42   38   36   35   37   39   43
   46   49   51   52   53   54   54   55   55   56   58   61   66   74   87  103
  122  144  168  193  217  240  261  279  293  302  307  308  306  302  295  288
  279  270  261  253  244  236  228  221  213  204  194  183  172  159  146  133
  122  112  103   95   87   80   73   67   61
    62.5-180.0 180.0   5.0 450.0                            LAT/LON1/LON2/DLON/H
   63   59   56   56   56   57   56   54   50   45   41   38   38   40   43   47
   50   52   53   54   54   54   55   56   57   59   61   64   70   79   92  108
  127  149  173  198  222  247  269  288  302  312  317  317  314  307  299  290
  279  268  257  245  234  221  208  195  181  167  153  138  124  110   98   88
   81   78   76   76   76   75   72   68   63
    60.0-180.0 180.0   5.0 450.0                            LAT/LON1/LON2/DLON/H
   63   58   54   52   53   54   54   53   49   45   41   39   39   41   45   49
   51   52   52   51   50   50   51   53   55   58   62   67   75   85   99  116
  135  157  179  203  228  252  276  296  311  321  325  323  317  308  297  285
  272  259  246  232  218  202  186  168  150  131  112   94   78   64   53   46
   44   47   53   60   67   71   71   68   63
    57.5-180.0 180.0   5.0 450.0                            LAT/LON1/LON2/DLON/H
   63   55   48   45   44   46   47   47   45   42   39   38   38   41   45   48
   49   49   47   44   42   41   42   45   50   55   61   69   80   93  109  127
  147  167  188  211  234  259  284  306  323  333  335  331  321  309  295  281
  266  251  236  222  206  189  170  150  129  107   86   66   49   34   24   19
   20   27   39   52   64   71   73   70   63
    55.0-180.0 180.0   5.0 450.0                            LAT/LON1/LON2/DLON/H
   65   53   43   37   35   36   38   39   39   38   36   36   37   40   42   44
   44   42   39   36   33   32   33   37   43   51   61   72   86  103  122  141
  161  180  199  219  242  267  294  319  338  348  349  343  331  316  299  282
  266  249  234  219  203  187  168  147  125  103   82   62   44   30   19   14
   16   24   37   52   67   76   79   74   65
    52.5-180.0 180.0   5.0 450.0                            LAT/LON1/LON2/DLON/H
   70   56   43   34   30   30   31   34   35   36   37   37   39   40   41   41
   40   37   34   30   27   26   28   32   40   50   63   78   96  115  136  157
  176  193  209  227  248  274  303  331  352  364  365  358  344  328  310  292
  274  256  240  226  211  196  178  159  138  118   98   80   63   49   37   30
   29   35   46   61   75   84   87   81   70
    50.0-180.0 180.0   5.0 450.0                            LAT/LON1/LON2/DLON/H
   79   65   50   39   33   31   32   34   37   40   43   45   46   45   44   41
   38   36   33   31   29   28   30   34   43   55   70   88  108  129  150  171
  189  204  217  233  253  279  310  339  363  376  378  371  358  342  326  308
  289  271  254  239  226  212  196  178  160  143  127  111   97   82   69   59
   53   54   60   71   83   92   95   91   79
    47.5-180.0 180.0   5.0 450.0                            LAT/LON1/LON2/DLON/H
   91   79   66   54   46   42   41   43   47   52   56   59   59   57   52   47
   43   41   40   40   40   39   40   44   52   65   82  101  122  142  163  182
  198  212  224  237  256  281  312  343  367  381  384  378  368  356  342  326
  308  289  271  255  241  227  212  196  181  167  154  143  130  117  102   89
   78   73   73   79   87   96  101   99   91
    45.0-180.0 180.0   5.0 450.0                            LAT/LON1/LON2/DLON/H
  103   96   87   77   68   62   59   60   64   70   76   80   80   75   67   59
   54   52   54   56   57   57   56   60   68   81   99  118  136  154  171  188
  203  217  229  243  260  284  313  342  365  379  383  379  373  366  357  345
  328  308  288  269  253  237  221  205  190  179  170  162  152  140  125  110
   96   84   78   78   84   92  100  104  103
    42.5-180.0 180.0   5.0 450.0                            LAT/LON1/LON2/DLON/H
  109  110  107  100   93   85   81   81   85   92  100  105  104   97   86   76
   69   68   72   76   78   77   76   78   86  100  117  135  150  163  176  190
  206  222  238  254  272  293  318  342  362  374  377  376  374  373  369  361
  346  325  302  280  260  240  221  202  187  177  170  163  156  146  132  117
  101   86   75   70   72   81   93  103  109
    40.0-180.0 180.0   5.0 450.0                            LAT/LON1/LON2/DLON/H
  108  117  120  119  114  107  102  101  105  113  122  128  128  120  107   94
   86   85   89   95   97   96   94   95  103  117  135  151  162  170  178  190
  209  232  256  278  298  316  334  352  366  374  377  377  378  381  382  377
  364  342  317  292  267  242  217  195  177  164  157  151  145  137  127  115
  100   83   69   59   58   66   79   95  108
    37.5-180.0 180.0   5.0 450.0                            LAT/LON1/LON2/DLON/H
   99  114  123  127  125  121  116  115  119  128  138  145  146  139  126  112
  103  100  104  109  111  109  107  108  117  132  150  165  173  176  180  193
  217  251  287  318  341  357  368  378  386  390  391  391  393  398  401  399
  386  365  339  311  282  252  222  194  171  156  145  138  132  126  120  112
  101   85   68   54   48   53   65   82   99
    35.0-180.0 180.0   5.0 450.0                            LAT/LON1/LON2/DLON/H
   86  101  114  121  124  123  121  122  126  134  144  153  156  151  140  126
  115  111  113  116  117  115  113  116  126  144  163  178  185  186  189  203
  236  283  333  376  404  417  422  425  426  427  427  426  426  430  433  430
  418  398  372  344  314  281  246  213  186  165  151  141  133  129  128  125
  118  103   84   65   53   50   57   70   86
    32.5-180.0 180.0   5.0 450.0                            LAT/LON1/LON2/DLON/H
   73   84   96  106  112  115  117  120  124  131  141  150  155  154  146  133
  123  117  116  116  116  114  114  119  132  152  174  192  200  202  206  226
  268  328  393  448  481  493  493  489  488  488  487  485  482  481  480  476
  465  447  424  398  368  335  299  263  232  207  187  173  164  161  163  166
  161  147  124   99   78   66   62   65   73
    30.0-180.0 180.0   5.0 450.0                            LAT/LON1/LON2/DLON/H
   69   70   77   85   94  101  107  112  117  122  129  138  146  148  144  135
  125  117  113  111  110  110  112  121  137  160  185  207  220  227  236  261
  312  384  462  525  563  574  570  564  563  566  568  565  558  550  543  536
  525  510  492  470  445  414  379  344  311  282  258  240  229  228  233  237
  233  216  189  157  126  102   84   73   69
    27.5-180.0 180.0   5.0 450.0                            LAT/LON1/LON2/DLON/H
   77   66   64   69   77   87   96  103  107  110  114  121  130  136  137  131
  122  114  108  105  103  105  111  124  143  168  197  225  246  260  277  309
  366  445  529  598  638  648  643  636  639  648  655  654  643  629  616  606
  596  584  571  555  535  510  480  447  416  385  358  337  325  324  331  335
  328  306  271  232  193  157  125   97   77
    25.0-180.0 180.0   5.0 450.0                            LAT/LON1/LON2/DLON/H
  101   76   64   63   68   78   89   98  101  100  100  104  113  121  125  123
  116  109  103   99   98  103  114  130  150  177  210  245  275  300  325  363
  424  503  588  656  694  703  697  694  703  720  735  736  724  705  689  677
  668  660  651  640  625  606  582  556  527  498  469  446  434  435  441  441
  428  398  357  312  266  222  178  136  101
    22.5-180.0 180.0   5.0 450.0                            LAT/LON1/LON2/DLON/H
  137  102   80   71   72   79   90   99  101   97   92   92   98  107  112  112
  108  103   99   95   96  104  119  138  161  188  224  266  307  343  377  418
  477  552  629  691  725  732  727  727  742  768  791  798  787  768  750  739
  733  727  720  711  700  685  668  648  624  596  567  545  534  536  541  536
  514  475  428  380  332  284  233  182  137
    20.0-180.0 180.0   5.0 450.0                            LAT/LON1/LON2/DLON/H
  178  137  109   93   88   91  100  107  108  101   91   87   90   97  101  102
  101   99   97   95   98  109  127  149  172  201  239  286  337  383  424  467
  521  584  649  701  729  734  730  733  753  785  815  828  822  806  792  784
  780  775  768  757  746  734  721  707  688  662  634  611  603  607  609  598
  566  520  469  421  376  331  280  228  178
    17.5-180.0 180.0   5.0 450.0                            LAT/LON1/LON2/DLON/H
  215  175  144  124  113  111  116  122  121  111   99   91   89   92   93   94
   94   96   97   98  102  115  136  160  184  213  253  306  363  417  462  504
  550  601  650  690  712  716  713  717  738  772  806  824  825  817  810  807
  806  800  789  774  758  745  735  725  708  684  655  634  627  632  632  614
  574  521  470  426  389  352  309  262  215
    15.0-180.0 180.0   5.0 450.0                            LAT/LON1/LON2/DLON/H
  241  207  179  156  141  134  135  139  137  127  113  102   96   93   90   88
   90   95   99  102  107  120  143  170  196  226  268  323  384  441  488  527
  565  602  638  666  684  689  687  691  709  741  773  794  802  803  805  809
  810  802  785  764  742  726  714  705  689  664  633  611  605  609  608  584
  538  482  432  397  371  345  314  278  241
    12.5-180.0 180.0   5.0 450.0                            LAT/LON1/LON2/DLON/H
  250  227  204  183  166  155  153  154  152  143  129  117  108  100   92   87
   89   96  103  106  111  124  148  178  207  240  283  338  399  455  500  536
  566  593  618  640  657  666  668  670  682  705  732  753  766  776  786  795
  797  787  765  738  711  689  675  663  645  616  582  557  548  551  547  519
  469  414  369  342  327  314  296  274  250
    10.0-180.0 180.0   5.0 450.0                            LAT/LON1/LON2/DLON/H
  243  231  217  200  183  171  166  166  164  156  145  133  122  110   98   91
   92  100  108  111  114  127  152  185  219  256  300  353  409  460  502  534
  560  580  600  620  641  658  665  666  670  681  699  716  731  746  762  774
  776  764  740  710  681  655  636  620  598  564  524  492  479  478  470  440
  390  337  299  280  273  269  263  254  243
     7.5-180.0 180.0   5.0 450.0                            LAT/LON1/LON2/DLON/H
  226  224  217  205  191  179  173  172  170  165  156  147  136  122  107   97
   98  106  113  115  117  130  157  193  233  274  319  368  416  459  495  525
  549  568  587  611  640  667  683  685  681  681  687  697  710  725  741  753
  754  742  721  695  667  641  618  597  569  529  482  442  422  414  402  370
  323  275  243  229  227  227  227  227  226
     5.0-180.0 180.0   5.0 450.0                            LAT/LON1/LON2/DLON/H
  208  210  209  202  191  181  175  173  171  167  162  155  146  132  117  106
  106  113  118  119  121  134  163  204  249  294  339  382  420  454  484  512
  538  560  582  613  653  692  718  723  715  706  701  702  709  719  731  738
  737  727  714  698  679  655  631  604  571  525  471  423  394  379  362  330
  285  244  216  204  201  201  201  204  208
     2.5-180.0 180.0   5.0 450.0                            LAT/LON1/LON2/DLON/H
  197  199  198  194  188  180  175  171  168  165  161  157  150  139  126  115
  114  119  123  123  126  141  173  218  267  314  357  393  422  446  471  500
  529  556  583  621  672  724  760  772  764  749  736  729  726  728  730  730
  726  722  721  720  714  697  673  643  605  555  496  441  403  379  358  326
  287  251  227  214  206  200  196  195  197
