ionex_data/COD0OPSFIN_20230210000_01D_01H_GIM.INX
     1.0            IONOSPHERE MAPS     GNSS                IONEX VERSION / TYPE
ADDNEQ2 V5.5        AIUB                25-JAN-23 21:32     PGM / RUN BY / DATE 
CODE'S GLOBAL IONOSPHERE MAPS FOR DAY 021, 2023             COMMENT             
Global ionosphere maps (GIM) are generated on a daily basis DESCRIPTION         
at CODE using data from about 300 GNSS sites of the IGS and DESCRIPTION         
other institutions. The vertical total electron content     DESCRIPTION         
(VTEC) is modeled in a solar-geomagnetic reference frame    DESCRIPTION         
using a spherical harmonics expansion up to degree and      DESCRIPTION         
order 15. Piece-wise linear functions are used for          DESCRIPTION         
representation in the time domain. The time spacing of      DESCRIPTION         
their vertices is 1 hour, conforming with the epochs of the DESCRIPTION         
VTEC maps.                                                  DESCRIPTION         
To convert line-of-sight TEC into vertical TEC, a modified  DESCRIPTION         
single-layer model mapping function approximating the JPL   DESCRIPTION         
extended slab model mapping function is adopted. The        DESCRIPTION         
mapping function is evaluated at geodetic satellite         DESCRIPTION         
elevation angles. For the computation of the ionospheric    DESCRIPTION         
pierce points, a spherical layer with a radius of 6821 km   DESCRIPTION         
is assumed, implying geocentric, not geodetic IONEX         DESCRIPTION         
latitudes.                                                  DESCRIPTION         
Instrumental biases with respect to each involved GNSS code DESCRIPTION         
observable are estimated as constant values for each        DESCRIPTION         
day. They are modeled with one set of bias parameters for   DESCRIPTION         
each satellite and each station in case of GPS and for each DESCRIPTION         
satellite-station link in case of GLONASS. The code bias    DESCRIPTION         
datum is defined by zero-mean conditions imposed on the     DESCRIPTION         
satellite bias estimates. In this file, just GPS C1W-C2W    DESCRIPTION         
satellite and station bias values are included. The         DESCRIPTION         
complete set of GNSS code bias results is provided in an    DESCRIPTION         
additional Bias-SINEX file as pseudo-absolute values        DESCRIPTION         
specific to each observable.                                DESCRIPTION         
Note: These GIM results correspond to the results for the   DESCRIPTION         
middle day of a 3-day combination analysis solving for 73   DESCRIPTION         
times 256, or 18688 VTEC parameters and 3 daily sets of     DESCRIPTION         
GNSS code bias parameters.                                  DESCRIPTION         
Contact address: code(at)aiub.unibe.ch                      DESCRIPTION         
Data archive:    ftp.aiub.unibe.ch/CODE/                    DESCRIPTION         
                 www.aiub.unibe.ch/download/CODE/           DESCRIPTION         
  2023     1    21     0     0     0                        EPOCH OF FIRST MAP  
  2023     1    22     0     0     0                        EPOCH OF LAST MAP   
  3600                                                      INTERVAL            
[...]
badg bake bako barh bjfs bndy boav bogo bogt bor1 brst brux COMMENT             
bshm cas1 ccj2 cedu chpg chpi chti chur ckis cnmr coco cord COMMENT             
cpxf crar cro1 daej darw dav1 dgar dhlg drao dubo ebre faa1 COMMENT             
fair flrs frdn ftna func ganp glps gode godz gol2 gold gope COMMENT             
gras graz guam guug harb hers hert hlfx hob2 hofn holb hrao COMMENT             
hyde iddr ieng iisc ineg invk iqal isba jog2 joz2 joze karr COMMENT             
kerg kir0 kiru kit3 kokb kokv koug kour krgg laut lmmf lpal COMMENT             
lpgs m0se mac1 madr mal2 mana mas1 mat1 mate maw1 mcm4 mdo1 COMMENT             
mdvj medi mets mgue mizu mkea mnls mobs monp morp mqzg mro1 COMMENT             
mtka nano nico nist nium nklg nlib nnor not1 nrc1 nrmd ntus COMMENT             
nya1 nyal ohi2 onsa opmt ous2 pado parc park pdel penc pert COMMENT             
pie1 pimo pohn pol2 polv pots pove prds ptag ptbb ptvl qaq1 COMMENT             
quin ramo reun reyk rgdg rio2 riop salu samo sant savo sch2 COMMENT             
scor scrz sctb scub seyg sofi spt0 ssia sthl stjo stk2 str2 COMMENT             
suth sutm sydn syog tabl tabv tash thtg thti thu2 tid1 tidb COMMENT             
tlse tn22 tong tow2 tro1 tsea tskb tuva twtf txes uclu ufpr COMMENT             
ulab unb3 unbj unsa urum usn7 usud vald vill voim vtsp wab1 COMMENT             
wab2 wark wes2 wgtn whit will wind wsrt wtza wtzl wtzr wtzs COMMENT             
wuhn xmis yar2 yar3 yarr yell ykro zamb zeck zim2 zim3 zimm COMMENT             
                                                            END OF HEADER       
[from data line 3003]
     8                                                      START OF TEC MAP    
  2023     1    21     7     0     0                        EPOCH OF CURRENT MAP
    87.5-180.0 180.0   5.0 450.0                            LAT/LON1/LON2/DLON/H
   96   95   95   95   95   95   95   95   95   95   95   95   96   96   96   96
   96   96   95   95   95   95   94   94   94   94   94   93   93   93   93   93
   94   94   94   94   95   95   96   96   97   97   98   99  100  100  101  102
  102  103  104  104  105  105  105  105  105  105  105  105  104  103  103  102
  101  100  100   99   98   97   97   96   96
    85.0-180.0 180.0   5.0 450.0                            LAT/LON1/LON2/DLON/H
   93   92   91   91   92   92   93   94   95   97   98   99   99  100  100  100
   99   98   97   96   95   94   92   91   90   89   89   88   88   88   88   88
   88   89   90   91   91   93   94   95   97   98  100  102  104  107  109  112
  114  117  119  121  123  125  126  127  127  127  126  125  124  121  119  116
  113  110  107  104  101   99   96   94   93
    82.5-180.0 180.0   5.0 450.0                            LAT/LON1/LON2/DLON/H
   91   88   87   87   87   89   92   94   97  100  103  105  106  107  107  106
  104  101   99   96   92   89   86   84   82   80   79   79   79   79   80   81
   82   84   85   87   89   90   92   94   97   99  103  106  110  115  120  125
  131  137  142  147  152  156  160  162  164  164  163  161  158  154  150  144
  138  131  124  117  110  104   99   94   91
    80.0-180.0 180.0   5.0 450.0                            LAT/LON1/LON2/DLON/H
   91   86   83   82   83   86   90   95  100  105  109  113  115  115  114  112
  108  103   97   91   86   80   76   72   69   67   67   67   68   70   73   75
   78   81   83   86   88   90   92   95   98  101  106  111  117  125  133  142
  152  162  172  181  190  198  204  209  212  214  213  211  207  201  194  185
  174  163  151  139  128  116  106   98   91
    77.5-180.0 180.0   5.0 450.0                            LAT/LON1/LON2/DLON/H
   96   88   82   80   81   84   89   96  103  110  116  120  123  123  121  116
  110  102   94   85   77   70   64   59   56   55   56   58   61   64   69   73
   77   81   85   88   90   92   94   96   99  104  109  116  125  135  148  161
  176  191  206  220  233  244  254  261  266  269  269  267  262  255  245  233
  220  204  188  170  153  136  121  107   96
    75.0-180.0 180.0   5.0 450.0                            LAT/LON1/LON2/DLON/H
  107   94   86   81   80   83   89   96  105  113  121  126  129  129  125  119
  111  101   91   80   71   62   56   52   49   50   52   55   60   65   71   77
   82   86   90   92   94   96   97   99  102  106  112  121  133  147  163  181
  201  221  240  258  275  289  300  309  315  319  319  317  313  305  295  282
  266  247  227  206  184  162  141  123  107
    72.5-180.0 180.0   5.0 450.0                            LAT/LON1/LON2/DLON/H
  121  105   93   85   82   83   88   96  105  114  123  129  132  131  128  121
  112  101   90   79   69   62   56   54   53   55   58   63   68   74   80   85
   90   93   96   97   98   99   99  101  104  109  116  127  141  158  178  201
  225  249  272  293  311  326  337  346  351  354  355  353  349  342  332  319
  302  283  261  237  213  188  163  141  121
    70.0-180.0 180.0   5.0 450.0                            LAT/LON1/LON2/DLON/H
  135  117  102   91   85   84   88   95  103  113  121  127  130  130  127  120
  112  102   92   83   75   70   67   66   67   70   74   79   84   89   93   96
   99  100  100  100   99   99  100  102  105  112  121  134  150  170  194  220
  248  275  300  322  339  352  361  366  369  370  369  367  364  358  349  337
  321  302  281  257  232  207  181  157  135
    67.5-180.0 180.0   5.0 450.0                            LAT/LON1/LON2/DLON/H
  145  126  109   97   89   85   87   92   99  107  115  121  124  125  123  118
  112  104   97   91   87   85   85   86   89   93   97  100  103  105  106  106
  105  103  100   98   96   96   97  101  107  116  128  143  162  184  210  239
  268  297  322  343  357  366  370  370  369  366  363  360  357  351  343  332
  318  301  281  259  236  213  190  167  145
    65.0-180.0 180.0   5.0 450.0                            LAT/LON1/LON2/DLON/H
  147  129  113  100   90   85   84   87   93   99  106  111  115  116  116  114
  110  107  103  101  100  101  104  108  112  116  119  120  120  118  115  111
  106  100   94   90   88   88   92   99  109  122  138  156  177  200  227  257
  287  315  339  358  368  372  370  364  356  349  343  339  334  328  320  309
  295  279  261  242  222  203  184  166  147
    62.5-180.0 180.0   5.0 450.0                            LAT/LON1/LON2/DLON/H
  140  126  112   99   89   83   80   81   85   90   95   99  102  105  107  107
  107  107  107  108  110  114  118  124  128  131  132  131  128  123  116  108
  100   91   83   78   76   79   86   99  115  133  153  174  196  220  247  275
  304  331  354  369  376  374  366  354  341  330  320  313  307  299  289  277
  261  244  226  209  194  180  167  154  140
    60.0-180.0 180.0   5.0 450.0                            LAT/LON1/LON2/DLON/H
  125  116  104   93   84   78   75   75   77   80   83   86   89   93   96   99
  102  105  107  109  113  117  123  128  132  134  133  129  124  117  109   99
   89   79   70   65   64   70   83  102  125  150  175  199  222  245  268  294
  321  346  366  380  383  378  366  349  332  317  305  294  285  274  261  245
  226  206  187  171  158  148  141  134  125
    57.5-180.0 180.0   5.0 450.0                            LAT/LON1/LON2/DLON/H
  108  102   94   85   77   72   69   69   71   73   74   75   77   81   85   91
   95   99  102  104  107  111  115  120  122  123  120  115  109  102   94   85
   75   66   58   54   56   66   84  110  140  172  202  229  252  273  293  315
  338  360  379  390  392  385  371  352  333  316  302  289  276  262  244  223
  200  176  155  137  125  118  114  111  108
    55.0-180.0 180.0   5.0 450.0                            LAT/LON1/LON2/DLON/H
   92   89   83   76   69   65   64   65   67   68   68   68   68   71   76   82
   87   91   93   94   94   96   99  101  103  102   98   93   87   82   76   70
   63   56   50   48   54   68   91  123  160  199  234  264  287  305  321  337
  355  374  390  400  402  395  381  363  345  327  311  297  281  263  242  216
  189  162  137  118  104   96   94   93   92
    52.5-180.0 180.0   5.0 450.0                            LAT/LON1/LON2/DLON/H
   84   81   76   69   64   61   61   64   67   68   67   65   64   65   69   75
   80   83   83   81   79   78   78   80   80   78   74   69   64   61   59   57
   54   51   48   50   59   77  105  142  184  227  267  299  322  337  349  360
  372  386  399  408  410  405  393  378  361  344  328  312  294  274  250  223
  194  165  139  117  101   91   86   85   84
    50.0-180.0 180.0   5.0 450.0                            LAT/LON1/LON2/DLON/H
   85   81   75   68   62   60   61   66   70   72   70   67   65   64   67   71
   74   76   74   70   66   63   61   61   61   58   54   49   46   46   47   49
   50   51   52   58   71   93  124  163  208  255  297  331  355  368  376  382
  388  396  405  411  413  409  401  388  374  358  342  325  307  286  263  236
  209  181  156  133  115  102   93   89   85
    47.5-180.0 180.0   5.0 450.0                            LAT/LON1/LON2/DLON/H
   96   89   81   72   65   62   65   71   76   79   78   75   70   68   68   70
   72   72   70   65   59   55   53   53   52   49   44   39   37   38   41   46
   50   54   60   70   87  111  144  184  229  277  321  357  382  395  401  402
  402  404  406  409  409  407  401  391  379  364  347  329  311  291  270  248
  225  203  181  160  141  125  112  103   96
    45.0-180.0 180.0   5.0 450.0                            LAT/LON1/LON2/DLON/H
  113  103   92   81   72   69   71   77   85   89   89   86   81   76   73   72
   73   73   71   67   61   57   56   56   56   53   47   40   37   37   41   47
   53   59   67   81  102  129  163  202  245  291  335  373  400  416  421  420
  415  411  406  403  401  398  394  386  374  359  341  322  305  287  269  252
  235  220  205  189  171  153  137  124  113
    42.5-180.0 180.0   5.0 450.0                            LAT/LON1/LON2/DLON/H
  131  119  106   94   83   78   79   85   93   99  101   98   93   87   82   78
   78   78   78   75   72   69   68   70   70   67   59   50   44   43   45   50
   55   61   72   90  114  144  178  215  255  297  340  379  410  429  438  437
  429  419  409  400  395  391  387  380  367  349  330  310  292  277  262  248
  236  227  219  209  195  178  160  144  131
    40.0-180.0 180.0   5.0 450.0                            LAT/LON1/LON2/DLON/H
  145  132  120  106   94   87   87   92  100  106  110  110  106  100   92   87
   85   87   88   89   87   85   86   89   90   86   77   65   55   51   51   53
   56   61   73   93  122  155  189  223  259  298  338  378  413  438  451  454
  447  434  420  407  399  395  391  383  369  348  326  305  287  271  256  243
  232  225  222  218  209  194  176  159  145
    37.5-180.0 180.0   5.0 450.0                            LAT/LON1/LON2/DLON/H
  153  141  129  117  105   97   95   98  104  111  117  119  117  111  103   97
   94   97  101  103  103  102  103  106  107  103   92   78   66   59   56   55
   55   59   70   93  125  161  197  229  261  295  333  374  412  444  465  474
  471  460  445  432  424  420  417  409  393  370  345  322  303  285  267  247
  230  220  217  217  212  200  184  167  153
    35.0-180.0 180.0   5.0 450.0                            LAT/LON1/LON2/DLON/H
  155  144  134  124  113  106  102  103  106  112  118  123  125  121  113  106
  104  107  113  117  117  115  115  118  119  114  103   87   73   64   60   57
   55   56   66   90  126  166  203  236  265  295  330  371  413  452  482  500
  504  498  487  478  473  473  472  465  448  423  397  373  352  331  305  274
  245  224  216  214  211  201  185  169  155
    32.5-180.0 180.0   5.0 450.0                            LAT/LON1/LON2/DLON/H
  155  145  136  129  121  114  110  108  108  110  116  123  127  125  120  114
  112  116  123  127  126  122  120  121  121  117  105   89   76   68   64   60
   55   54   64   89  127  171  212  246  274  302  335  375  420  465  504  532
  547  550  547  545  547  553  556  551  536  511  484  460  438  412  377  331
  285  249  228  220  215  204  188  170  155
    30.0-180.0 180.0   5.0 450.0                            LAT/LON1/LON2/DLON/H
  159  147  140  134  129  125  121  116  111  109  112  118  124  126  123  118
  118  123  129  132  129  122  118  117  116  112  101   87   75   70   67   63
   58   56   65   91  132  180  225  262  291  318  349  389  436  486  533  571
  596  610  618  626  637  650  659  659  646  624  599  576  554  524  480  420
  356  301  266  247  235  219  199  177  159
    27.5-180.0 180.0   5.0 450.0                            LAT/LON1/LON2/DLON/H
  173  158  149  144  142  140  137  130  120  112  110  114  119  123  122  120
  121  126  131  132  127  118  111  109  107  103   93   82   74   71   71   69
   63   61   70   98  142  193  243  284  315  343  374  413  461  515  568  613
  648  672  690  708  728  748  763  768  761  743  722  701  680  649  600  531
  453  382  331  299  276  252  225  196  173
    25.0-180.0 180.0   5.0 450.0                            LAT/LON1/LON2/DLON/H
  201  179  167  162  161  162  160  152  138  124  115  113  115  119  120  120
  122  127  131  130  123  113  105  101   99   94   86   78   74   75   76   75
   70   69   80  109  156  211  265  310  345  376  408  447  495  549  604  654
  694  726  752  777  803  828  848  859  858  846  829  812  793  765  718  648
  564  484  420  375  340  305  267  231  201
    22.5-180.0 180.0   5.0 450.0                            LAT/LON1/LON2/DLON/H
  241  213  196  189  189  192  191  183  166  146  130  121  117  118  118  119
  122  125  128  126  119  109  101   97   94   90   83   78   77   80   82   81
   77   77   91  123  173  231  288  337  377  411  444  484  531  584  639  688
  729  763  793  821  848  874  896  911  916  911  899  886  872  850  812  751
  672  592  522  466  419  372  324  279  241
    20.0-180.0 180.0   5.0 450.0                            LAT/LON1/LON2/DLON/H
  291  257  235  224  224  228  230  222  205  181  159  141  130  124  121  121
  122  124  125  123  116  109  103   99   96   91   85   82   82   86   87   84
   80   83  101  137  189  249  309  361  405  442  479  519  566  616  666  711
  749  780  807  831  855  877  899  917  928  928  921  911  901  890  866  823
  761  690  621  559  502  444  388  335  291
    17.5-180.0 180.0   5.0 450.0                            LAT/LON1/LON2/DLON/H
  343  305  278  264  263  267  271  266  250  227  200  175  154  140  131  127
  125  125  124  121  117  112  109  106  103   97   91   88   90   92   91   85
   81   86  109  149  204  264  324  378  425  466  506  548  593  640  684  721
  751  775  794  810  826  842  860  879  894  899  895  887  882  881  876  856
  817  763  701  638  574  510  448  391  343
    15.0-180.0 180.0   5.0 450.0                            LAT/LON1/LON2/DLON/H
  390  350  320  303  300  305  310  309  297  277  250  220  191  167  151  140
  134  129  126  123  120  119  118  117  113  106   99   96   97   97   92   83
   78   86  114  158  214  274  333  387  436  480  523  567  611  653  689  718
  739  753  762  768  774  782  796  815  832  840  836  829  827  835  847  851
  836  802  752  692  625  558  494  438  390
    12.5-180.0 180.0   5.0 450.0                            LAT/LON1/LON2/DLON/H
  423  384  354  335  330  334  341  343  339  325  302  271  236  204  179  161
  148  139  133  129  127  128  129  128  123  115  107  103  102   99   91   79
   74   86  117  164  220  277  334  387  437  484  529  575  618  655  684  705
  717  722  723  720  717  720  731  748  765  773  768  760  760  774  798  819
  825  808  769  714  648  582  521  468  423
    10.0-180.0 180.0   5.0 450.0                            LAT/LON1/LON2/DLON/H
  439  403  373  354  348  351  358  364  367  363  347  319  283  245  212  187
  168  154  145  139  137  137  139  138  132  122  112  106  104  100   89   76
   72   87  121  169  222  276  329  381  431  480  528  574  615  649  672  687
  694  694  689  682  676  677  687  704  719  724  717  706  706  722  750  779
  794  787  757  706  644  581  526  479  439
     7.5-180.0 180.0   5.0 450.0                            LAT/LON1/LON2/DLON/H
  437  404  375  356  350  352  358  366  376  382  377  357  323  284  246  215
  191  173  161  154  149  148  148  146  139  127  115  107  104   98   87   76
   75   92  128  174  224  273  322  372  422  472  522  568  607  637  658  670
  676  677  673  667  664  669  683  700  712  711  699  687  684  697  721  745
  758  752  723  676  618  561  512  473  437
     5.0-180.0 180.0   5.0 450.0                            LAT/LON1/LON2/DLON/H
  420  389  361  343  336  337  341  350  364  378  384  375  348  312  274  240
  213  194  180  171  164  159  155  151  143  130  116  107  102   97   88   80
   83  103  139  181  225  269  315  364  414  465  515  560  598  625  644  658
  668  674  677  680  687  703  724  742  749  740  723  708  704  711  723  732
  730  714  681  635  581  530  487  452  420
     2.5-180.0 180.0   5.0 450.0                            LAT/LON1/LON2/DLON/H
  394  362  334  317  310  309  311  318  333  352  368  370  354  325  291  258
  231  212  199  189  179  170  162  156  146  132  117  106  100   96   91   88
   96  119  153  191  228  267  311  359  411  462  511  555  590  616  635  653
  671  687  702  717  740  770  801  821  820  803  779  763  758  758  754  740
  715  682  642  594  543  497  458  426  394
