ionex_data/COD0OPSFIN_20230340000_01D_01H_GIM.INX
     1.0            IONOSPHERE MAPS     GNSS                IONEX VERSION / TYPE
ADDNEQ2 V5.5        AIUB                07-FEB-23 21:22     PGM / RUN BY / DATE 
CODE'S GLOBAL IONOSPHERE MAPS FOR DAY 034, 2023             COMMENT             
Global ionosphere maps (GIM) are generated on a daily basis DESCRIPTION         
at CODE using data from about 300 GNSS sites of the IGS and DESCRIPTION         
other institutions. The vertical total electron content     DESCRIPTION         
(VTEC) is modeled in a solar-geomagnetic reference frame    DESCRIPTION         
using a spherical harmonics expansion up to degree and      DESCRIPTION         
order 15. Piece-wise linear functions are used for          DESCRIPTION         
representation in the time domain. The time spacing of      DESCRIPTION         
their vertices is 1 hour, conforming with the epochs of the DESCRIPTION         
VTEC maps.                                                  DESCRIPTION         
To convert line-of-sight TEC into vertical TEC, a modified  DESCRIPTION         
single-layer model mapping function approximating the JPL   DESCRIPTION         
extended slab model mapping function is adopted. The        DESCRIPTION         
mapping function is evaluated at geodetic satellite         DESCRIPTION         
elevation angles. For the computation of the ionospheric    DESCRIPTION         
pierce points, a spherical layer with a radius of 6821 km   DESCRIPTION         
is assumed, implying geocentric, not geodetic IONEX         DESCRIPTION         
latitudes.                                                  DESCRIPTION         
Instrumental biases with respect to each involved GNSS code DESCRIPTION         
observable are estimated as constant values for each        DESCRIPTION         
day. They are modeled with one set of bias parameters for   DESCRIPTION         
each satellite and each station in case of GPS and for each DESCRIPTION         
satellite-station link in case of GLONASS. The code bias    DESCRIPTION         
datum is defined by zero-mean conditions imposed on the     DESCRIPTION         
satellite bias estimates. In this file, just GPS C1W-C2W    DESCRIPTION         
satellite and station bias values are included. The         DESCRIPTION         
complete set of GNSS code bias results is provided in an    DESCRIPTION         
additional Bias-SINEX file as pseudo-absolute values        DESCRIPTION         
specific to each observable.                                DESCRIPTION         
Note: These GIM results correspond to the results for the   DESCRIPTION         
middle day of a 3-day combination analysis solving for 73   DESCRIPTION         
times 256, or 18688 VTEC parameters and 3 daily sets of     DESCRIPTION         
GNSS code bias parameters.                                  DESCRIPTION         
Contact address: code(at)aiub.unibe.ch                      DESCRIPTION         
Data archive:    ftp.aiub.unibe.ch/CODE/                    DESCRIPTION         
                 www.aiub.unibe.ch/download/CODE/           DESCRIPTION         
  2023     2     3     0     0     0                        EPOCH OF FIRST MAP  
  2023     2     4     0     0     0                        EPOCH OF LAST MAP   
  3600                                                      INTERVAL            
[...]
bshm cags cas1 cedu chpg chpi chti chur ckis coco cord cpvg COMMENT             
cpxf crar cro1 daej darw dav1 dgar dhlg drao dubo ebre faa1 COMMENT             
fair flrs frdn ftna func ganp glps gode godz gol2 gold gope COMMENT             
gras graz guam guug harb hers hert hlfx hob2 hofn holb hrao COMMENT             
hyde iddr ieng iisc ineg invk iqal isba jog2 joz2 joze karr COMMENT             
kerg kir0 kiri kiru kit3 kokb kokv koug kour krgg laut lmmf COMMENT             
lpal lpgs m0se mac1 madr mal2 mana mas1 mat1 mate maw1 mcm4 COMMENT             
mdo1 mdvj medi mets mgue mizu mkea mnls mobs monp morp mqzg COMMENT             
mro1 mtka nano nico nist nium nklg nlib nnor not1 nrc1 nrmd COMMENT             
ntus nya1 nyal ohi2 onsa opmt ous2 pado park pdel penc pert COMMENT             
pie1 pimo pohn pol2 polv pots pove prds ptbb ptvl qaq1 quin COMMENT             
ramo reun reyk rgdg rio2 riop roth salu samo sant savo sch2 COMMENT             
scor scrz sctb scub seyg smst sofi spt0 ssia sthl stjo str2 COMMENT             
suth sutm suwn sydn syog tabl tabv tash thtg thti thu2 tid1 COMMENT             
tidb tlse tn22 tong tow2 tro1 tsea tskb twtf txes uclu ufpr COMMENT             
ulab unb3 unbj unsa urum usn7 usud vald vill voim vtsp wab1 COMMENT             
wab2 wark wes2 wgtn whit will wind wsrt wtza wtzl wtzr wtzs COMMENT             
wtzz wuhn xmis yar2 yar3 yarr yell ykro zamb zeck zim2 zim3 COMMENT             
zimm                                                        COMMENT             
                                                            END OF HEADER       
[from data line 6864]
    17                                                      START OF TEC MAP    
  2023     2     3    16     0     0                        EPOCH OF CURRENT MAP
    87.5-180.0 180.0   5.0 450.0                            LAT/LON1/LON2/DLON/H
   79   80   80   81   82   84   85   86   88   90   92   93   95   97   99  101
  104  106  108  110  112  114  116  118  121  123  124  126  128  130  131  133
  134  135  135  136  137  137  137  137  136  135  135  133  132  131  129  127
  125  123  120  118  115  113  110  107  104  101   99   96   93   91   89   87
   85   83   82   81   80   79   79   79   79
    85.0-180.0 180.0   5.0 450.0                            LAT/LON1/LON2/DLON/H
   51   53   55   57   60   62   65   68   71   74   77   79   82   85   87   90
   93   96   99  102  105  108  112  115  119  123  126  130  133  137  140  142
  145  147  149  150  151  152  152  153  152  152  151  149  148  146  144  141
  138  134  131  127  122  117  112  107  101   95   90   84   79   74   69   64
   60   57   54   52   51   50   50   50   51
    82.5-180.0 180.0   5.0 450.0                            LAT/LON1/LON2/DLON/H
   34   37   40   44   48   52   56   60   63   66   69   71   73   75   76   78
   79   81   84   87   90   94   98  103  108  113  118  123  128  133  137  141
  144  147  149  151  153  154  154  155  155  155  154  154  154  153  152  150
  148  146  143  139  134  129  122  116  108  100   92   84   76   68   61   54
   48   43   38   35   33   32   32   32   34
    80.0-180.0 180.0   5.0 450.0                            LAT/LON1/LON2/DLON/H
   33   36   41   45   50   55   60   64   67   69   70   70   70   69   68   67
   67   67   68   71   74   78   83   89   95  102  108  114  119  125  129  133
  136  139  140  142  142  143  143  143  143  144  145  147  148  150  153  155
  156  157  157  155  152  148  143  136  129  120  111  102   92   82   73   64
   56   48   42   37   33   31   30   31   33
    77.5-180.0 180.0   5.0 450.0                            LAT/LON1/LON2/DLON/H
   47   50   54   59   64   70   74   78   80   80   79   77   73   69   65   62
   59   58   58   61   65   70   77   84   91   98  105  111  116  120  123  126
  127  128  128  128  126  125  124  123  123  123  126  129  134  140  147  154
  161  166  171  174  175  174  171  166  160  152  144  135  125  115  105   95
   85   75   67   59   54   49   47   46   47
    75.0-180.0 180.0   5.0 450.0                            LAT/LON1/LON2/DLON/H
   72   73   76   80   85   90   94   96   97   96   93   88   82   76   69   64
   60   59   60   65   71   79   88   97  105  112  118  122  125  127  127  126
  125  123  120  116  112  108  104  101   99   99  101  106  114  124  136  148
  161  172  182  190  195  198  198  196  192  187  181  174  167  158  149  139
  129  119  108   98   89   82   77   73   72
    72.5-180.0 180.0   5.0 450.0                            LAT/LON1/LON2/DLON/H
  100   98   99  101  105  108  111  113  113  111  107  101   94   86   79   74
   71   72   77   85   96  108  120  131  140  147  150  151  150  147  143  138
  132  126  120  113  106   98   91   84   80   77   79   84   93  106  121  138
  156  172  186  197  205  210  213  214  214  212  210  208  204  200  194  186
  177  166  154  142  130  120  111  104  100
    70.0-180.0 180.0   5.0 450.0                            LAT/LON1/LON2/DLON/H
  122  117  115  116  117  119  121  122  122  120  116  111  104   98   93   90
   91   96  106  120  137  154  171  184  194  198  199  195  188  180  170  160
  150  141  131  121  111  100   89   79   71   65   64   67   76   89  106  125
  145  163  178  190  199  205  209  211  214  216  219  222  224  225  223  220
  213  203  191  178  164  150  138  129  122
    67.5-180.0 180.0   5.0 450.0                            LAT/LON1/LON2/DLON/H
  130  124  120  119  118  119  120  120  120  119  118  115  111  108  107  109
  115  126  143  164  187  211  231  246  256  258  254  246  234  220  205  191
  177  164  152  139  127  114  100   87   74   65   59   59   64   76   91  109
  128  144  158  167  174  178  181  184  188  193  201  209  217  224  228  228
  225  217  207  193  179  164  150  139  130
    65.0-180.0 180.0   5.0 450.0                            LAT/LON1/LON2/DLON/H
  124  117  113  110  108  108  107  107  108  109  110  112  113  116  120  128
  140  158  181  208  238  265  289  305  313  313  306  294  278  261  243  225
  208  193  178  164  150  136  121  105   89   76   65   60   61   68   79   93
  107  119  127  132  134  134  134  136  140  148  159  171  183  195  203  208
  208  203  195  183  169  156  143  132  124
    62.5-180.0 180.0   5.0 450.0                            LAT/LON1/LON2/DLON/H
  104   99   96   93   91   89   87   87   88   91   96  103  111  120  131  144
  162  185  213  245  278  309  333  349  356  354  345  331  314  296  277  258
  240  222  205  190  176  161  146  129  112   95   80   70   65   66   71   79
   87   92   93   92   87   83   79   79   83   91  103  117  132  145  156  163
  166  164  158  149  138  127  118  110  104
    60.0-180.0 180.0   5.0 450.0                            LAT/LON1/LON2/DLON/H
   77   76   75   74   71   69   66   65   67   72   81   92  107  122  140  159
  181  207  237  270  304  334  357  371  377  374  365  353  338  322  305  287
  267  248  229  212  197  183  169  153  136  118  100   85   75   69   68   69
   70   68   64   56   46   38   31   30   32   39   50   63   76   89   99  106
  109  109  105  100   93   87   82   79   77
    57.5-180.0 180.0   5.0 450.0                            LAT/LON1/LON2/DLON/H
   51   54   56   57   56   53   50   48   50   56   68   84  104  126  148  172
  196  223  252  283  314  340  360  372  375  372  366  358  349  339  326  309
  289  267  245  226  211  198  186  173  158  140  121  103   88   77   70   65
   61   54   45   33   21   10    3    0    2    7   14   23   32   41   48   52
   54   54   52   49   47   46   46   48   51
    55.0-180.0 180.0   5.0 450.0                            LAT/LON1/LON2/DLON/H
   34   41   46   49   49   47   44   41   43   50   63   83  107  133  159  185
  210  234  260  286  311  333  348  356  358  356  354  352  350  346  337  323
  302  277  253  232  216  204  195  185  173  158  139  120  102   88   77   68
   60   51   40   28   16    6    0    0    0    1    5    8   11   13   15   15
   14   12   11   10   11   15   20   27   34
    52.5-180.0 180.0   5.0 450.0                            LAT/LON1/LON2/DLON/H
   30   39   46   51   52   51   48   46   47   54   68   89  115  144  173  200
  223  245  265  285  304  319  329  334  335  335  336  339  343  345  341  327
  306  279  252  230  213  203  197  191  182  170  153  134  116   99   86   76
   67   58   49   39   29   22   19   18   19   20   20   18   15   11    7    2
    0    0    0    0    0    2   11   20   30
    50.0-180.0 180.0   5.0 450.0                            LAT/LON1/LON2/DLON/H
   38   47   55   61   64   64   63   61   62   69   82  103  130  160  190  216
  237  255  270  284  296  307  313  316  316  317  320  326  334  338  335  322
  300  273  246  223  208  200  196  193  187  177  163  145  127  110   96   86
   78   72   65   59   53   50   50   52   53   54   51   46   38   30   21   12
    4    0    0    0    0    7   18   28   38
    47.5-180.0 180.0   5.0 450.0                            LAT/LON1/LON2/DLON/H
   56   63   70   76   80   81   81   81   84   90  103  123  149  178  207  232
  251  265  276  285  294  301  306  308  308  308  311  316  322  325  320  307
  286  261  236  216  204  198  196  194  190  181  169  153  135  118  105   95
   89   85   82   79   77   77   79   82   85   85   82   76   68   58   48   38
   28   19   14   13   18   27   37   47   56
    45.0-180.0 180.0   5.0 450.0                            LAT/LON1/LON2/DLON/H
   76   81   86   90   95   98  100  102  106  114  127  145  168  195  222  245
  263  274  282  290  297  304  310  312  312  311  310  310  310  306  298  284
  265  245  227  214  206  203  201  199  194  185  173  158  141  125  111  102
   97   95   94   93   92   92   94   97  100  101  100   96   90   83   76   67
   57   48   41   39   43   52   61   70   76
    42.5-180.0 180.0   5.0 450.0                            LAT/LON1/LON2/DLON/H
   91   94   96  100  104  108  112  117  125  135  148  165  185  209  234  255
  271  281  288  296  304  313  321  325  326  322  316  307  297  285  271  257
  243  231  222  218  217  216  214  209  201  191  179  164  147  130  116  107
  102  101  100   98   95   92   91   91   93   95   96   97   96   95   93   89
   81   72   65   62   65   73   81   88   91
    40.0-180.0 180.0   5.0 450.0                            LAT/LON1/LON2/DLON/H
   98   98   99  102  105  109  114  123  135  149  164  181  199  220  242  261
  275  285  293  301  312  324  335  342  342  336  323  306  286  265  248  235
  227  225  228  233  237  238  234  225  213  200  186  171  155  138  123  113
  108  105  103   98   91   83   76   72   71   72   76   81   86   92   97   98
   95   87   80   76   78   84   92   96   98
    37.5-180.0 180.0   5.0 450.0                            LAT/LON1/LON2/DLON/H
   94   93   94   96   98  101  107  119  136  155  174  192  210  228  247  264
  277  286  295  305  318  332  345  354  356  348  331  307  280  255  236  227
  227  234  246  258  267  268  260  247  230  214  198  183  167  150  135  124
  119  116  112  104   92   77   64   53   47   46   50   58   68   79   89   96
   97   93   85   80   80   85   90   93   94
    35.0-180.0 180.0   5.0 450.0                            LAT/LON1/LON2/DLON/H
   81   80   81   83   84   86   93  107  129  155  179  200  218  235  252  267
  278  287  296  307  320  335  349  358  361  354  337  312  285  261  247  243
  250  265  281  296  304  302  291  273  252  233  216  201  186  170  156  147
  142  139  134  125  109   90   71   53   41   36   37   43   53   67   80   91
   96   93   86   78   76   77   81   82   81
    32.5-180.0 180.0   5.0 450.0                            LAT/LON1/LON2/DLON/H
   65   64   65   67   68   68   74   90  117  149  180  206  226  244  260  273
  283  290  298  308  320  332  344  353  357  354  343  325  306  291  285  289
  302  318  333  343  346  340  325  303  280  259  242  228  214  201  189  182
  180  180  177  168  153  132  109   87   68   56   50   51   58   68   81   93
   99   98   89   79   72   70   69   68   65
    30.0-180.0 180.0   5.0 450.0                            LAT/LON1/LON2/DLON/H
   51   49   50   52   52   51   56   73  104  142  180  212  236  256  271  283
  292  298  304  311  319  326  334  342  348  352  352  348  344  344  352  365
  381  393  400  399  392  380  361  338  314  293  276  264  252  241  233  230
  233  237  238  234  223  205  182  156  132  112   98   90   88   91   99  109
  115  114  103   89   77   69   63   57   51
    27.5-180.0 180.0   5.0 450.0                            LAT/LON1/LON2/DLON/H
   45   39   39   41   41   38   42   59   93  137  181  218  247  270  287  299
  306  311  314  317  318  319  322  328  339  352  367  382  399  418  441  462
  478  482  474  458  440  421  401  379  356  336  320  307  297  288  284  285
  292  301  309  311  307  295  276  251  223  196  173  155  142  136  136  141
  145  143  130  112   94   79   67   55   45
    25.0-180.0 180.0   5.0 450.0                            LAT/LON1/LON2/DLON/H
   47   37   35   36   34   31   34   52   88  135  183  225  258  284  304  317
  324  327  328  326  320  315  313  319  335  359  390  425  463  502  538  566
  579  572  548  517  488  464  445  427  406  387  370  356  346  338  334  338
  348  361  373  382  386  384  371  349  320  289  259  232  210  194  186  185
  186  181  166  144  121  101   82   64   47
    22.5-180.0 180.0   5.0 450.0                            LAT/LON1/LON2/DLON/H
   59   44   37   36   33   30   33   51   88  137  187  232  269  298  320  335
  343  345  344  337  326  316  312  320  342  376  421  473  528  582  628  659
  668  651  614  570  533  509  494  480  463  443  424  407  393  382  377  379
  388  400  414  428  439  445  440  424  397  365  333  303  275  252  237  230
  227  220  204  180  155  130  106   82   59
    20.0-180.0 180.0   5.0 450.0                            LAT/LON1/LON2/DLON/H
   77   56   45   41   37   33   37   56   93  142  193  238  277  309  334  350
  360  363  359  349  335  323  321  333  361  404  458  520  584  644  694  726
  731  708  664  614  576  554  545  537  522  501  478  455  435  417  405  400
  402  410  420  434  448  460  462  452  431  404  375  347  320  295  277  265
  259  250  234  211  185  159  133  104   77
    17.5-180.0 180.0   5.0 450.0                            LAT/LON1/LON2/DLON/H
   96   72   57   49   43   40   44   65  103  150  199  244  283  317  344  363
  374  378  374  363  348  338  340  359  392  439  496  558  622  680  727  756
  761  737  694  646  612  597  595  592  578  554  525  495  466  439  416  399
  389  386  388  397  410  423  430  426  412  394  375  356  335  314  296  282
  273  263  248  227  205  182  156  127   96
    15.0-180.0 180.0   5.0 450.0                            LAT/LON1/LON2/DLON/H
  114   88   69   58   51   47   53   76  114  161  208  251  289  323  351  373
  386  392  388  378  366  361  371  396  433  479  531  586  639  687  726  752
  757  740  705  667  641  635  639  638  624  597  561  523  485  446  410  379
  354  337  328  328  336  346  354  354  349  342  336  330  321  308  292  278
  267  256  244  228  211  193  171  144  114
    12.5-180.0 180.0   5.0 450.0                            LAT/LON1/LON2/DLON/H
  127  101   82   68   58   54   62   87  127  173  218  259  296  330  359  383
  399  406  404  396  388  392  410  441  480  521  562  602  639  672  699  720
  730  724  702  677  662  663  671  671  655  624  584  539  492  443  394  348
  309  278  258  249  250  254  259  262  264  269  276  285  288  284  273  260
  247  236  225  215  205  193  177  154  127
    10.0-180.0 180.0   5.0 450.0                            LAT/LON1/LON2/DLON/H
  134  112   93   77   65   61   71   98  140  187  232  271  307  341  371  396
  414  424  424  419  418  430  456  492  528  559  586  609  628  644  660  678
  694  700  693  681  675  679  687  686  667  634  591  544  492  436  377  320
  270  231  204  189  183  180  180  182  189  202  221  241  255  258  251  238
  223  211  202  197  192  186  174  156  134
     7.5-180.0 180.0   5.0 450.0                            LAT/LON1/LON2/DLON/H
  137  120  102   85   71   67   78  109  153  202  247  287  324  357  388  414
  435  447  450  449  455  474  506  542  572  591  604  611  615  618  626  642
  663  680  684  681  678  682  686  681  661  628  587  540  488  430  367  306
  253  213  187  172  162  154  148  146  154  172  196  221  239  246  240  225
  207  193  185  182  181  177  168  154  137
     5.0-180.0 180.0   5.0 450.0                            LAT/LON1/LON2/DLON/H
  140  126  111   94   78   73   86  119  167  218  265  307  344  378  410  438
  461  475  482  485  497  522  557  589  609  616  616  613  609  605  608  624
  649  672  682  680  675  673  671  661  640  609  573  533  485  430  371  314
  267  235  218  210  203  192  179  172  177  194  216  238  253  257  248  230
  209  192  183  180  178  173  165  153  140
     2.5-180.0 180.0   5.0 450.0                            LAT/LON1/LON2/DLON/H
  144  133  120  102   85   80   94  130  180  234  283  327  366  403  435  465
  489  506  515  524  541  569  603  628  637  633  624  617  612  609  613  630
  657  679  686  679  665  653  643  630  610  586  557  525  486  439  389  343
  311  295  296  301  301  289  271  258  257  268  283  295  299  294  279  256
  231  210  199  193  188  180  167  155  144
