ionex_data/COD0OPSFIN_20230280000_01D_01H_GIM.INX
     1.0            IONOSPHERE MAPS     GNSS                IONEX VERSION / TYPE
ADDNEQ2 V5.5        AIUB                01-FEB-23 21:35     PGM / RUN BY / DATE 
CODE'S GLOBAL IONOSPHERE MAPS FOR DAY 028, 2023             COMMENT             
Global ionosphere maps (GIM) are generated on a daily basis DESCRIPTION         
at CODE using data from about 300 GNSS sites of the IGS and DESCRIPTION         
other institutions. The vertical total electron content     DESCRIPTION         
(VTEC) is modeled in a solar-geomagnetic reference frame    DESCRIPTION         
using a spherical harmonics expansion up to degree and      DESCRIPTION         
order 15. Piece-wise linear functions are used for          DESCRIPTION         
representation in the time domain. The time spacing of      DESCRIPTION         
their vertices is 1 hour, conforming with the epochs of the DESCRIPTION         
VTEC maps.                                                  DESCRIPTION         
To convert line-of-sight TEC into vertical TEC, a modified  DESCRIPTION         
single-layer model mapping function approximating the JPL   DESCRIPTION         
extended slab model mapping function is adopted. The        DESCRIPTION         
mapping function is evaluated at geodetic satellite         DESCRIPTION         
elevation angles. For the computation of the ionospheric    DESCRIPTION         
pierce points, a spherical layer with a radius of 6821 km   DESCRIPTION         
is assumed, implying geocentric, not geodetic IONEX         DESCRIPTION         
latitudes.                                                  DESCRIPTION         
Instrumental biases with respect to each involved GNSS code DESCRIPTION         
observable are estimated as constant values for each        DESCRIPTION         
day. They are modeled with one set of bias parameters for   DESCRIPTION         
each satellite and each station in case of GPS and for each DESCRIPTION         
satellite-station link in case of GLONASS. The code bias    DESCRIPTION         
datum is defined by zero-mean conditions imposed on the     DESCRIPTION         
satellite bias estimates. In this file, just GPS C1W-C2W    DESCRIPTION         
satellite and station bias values are included. The         DESCRIPTION         
complete set of GNSS code bias results is provided in an    DESCRIPTION         
additional Bias-SINEX file as pseudo-absolute values        DESCRIPTION         
specific to each observable.                                DESCRIPTION         
Note: These GIM results correspond to the results for the   DESCRIPTION         
middle day of a 3-day combination analysis solving for 73   DESCRIPTION         
times 256, or 18688 VTEC parameters and 3 daily sets of     DESCRIPTION         
GNSS code bias parameters.                                  DESCRIPTION         
Contact address: code(at)aiub.unibe.ch                      DESCRIPTION         
Data archive:    ftp.aiub.unibe.ch/CODE/                    DESCRIPTION         
                 www.aiub.unibe.ch/download/CODE/           DESCRIPTION         
  2023     1    28     0     0     0                        EPOCH OF FIRST MAP  
  2023     1    29     0     0     0                        EPOCH OF LAST MAP   
  3600                                                      INTERVAL            
[...]
azgb badg bake bako barh bndy boav bogo bogt bor1 braz brst COMMENT             
brux bshm cas1 ccj2 cedu chpg chpi chti chur ckis cnmr coco COMMENT             
cord cpxf crar cro1 daej darw dav1 dgar dhlg drao dubo ebre COMMENT             
faa1 fair flrs frdn ftna func ganp glps gode godz gol2 gold COMMENT             
gope gras graz guam guug harb hers hert hlfx hob2 hofn holb COMMENT             
hrao hyde iddr ieng iisc ineg invk iqal isba jog2 joz2 joze COMMENT             
karr kerg kir0 kiri kiru kit3 kokb kokv koug kour krgg laut COMMENT             
lmmf lpal lpgs m0se mac1 madr mal2 mana mas1 mat1 mate maw1 COMMENT             
mcm4 mdo1 medi mets mgue mizu mkea mnls mobs monp morp mqzg COMMENT             
mro1 mtka nano nico nist nium nklg nlib nnor not1 nrc1 nrmd COMMENT             
ntus nya1 nyal ohi2 onsa opmt ous2 pado parc park pdel penc COMMENT             
pert pie1 pimo pohn pol2 polv pots pove prds ptbb ptvl qaq1 COMMENT             
quin ramo reun reyk rgdg rio2 riop salu samo sant savo sch2 COMMENT             
scor scrz sctb scub seyg sofi spt0 ssia sthl stjo stk2 str2 COMMENT             
suth sutm suwn sydn syog tabl tabv tash thtg thti thu2 tid1 COMMENT             
tidb tlse tn22 tong tow2 tro1 tsea tskb twtf txes uclu ufpr COMMENT             
ulab unb3 unbj unsa urum usn7 usud vald vill voim vtsp wab1 COMMENT             
wab2 wark wes2 wgtn whit will wind wsrt wtza wtzl wtzr wtzs COMMENT             
wuhn xmis yar2 yar3 yarr yell ykro zamb zeck zim2 zim3 zimm COMMENT             
                                                            END OF HEADER       
[from data line 8580]
    21                                                      START OF TEC MAP    
  2023     1    28    20     0     0                        EPOCH OF CURRENT MAP
    87.5-180.0 180.0   5.0 450.0                            LAT/LON1/LON2/DLON/H
  137  139  140  142  143  145  147  149  150  152  154  155  156  158  159  159
  160  160  161  161  161  160  160  159  159  158  157  156  155  154  153  152
  151  150  149  149  148  147  146  146  145  145  144  144  143  143  142  142
  141  141  141  140  140  139  138  138  137  137  136  135  135  134  134  134
  133  133  133  134  134  135  135  136  137
    85.0-180.0 180.0   5.0 450.0                            LAT/LON1/LON2/DLON/H
  115  118  122  125  130  134  139  144  149  153  158  161  165  168  170  171
  172  173  172  171  170  168  166  164  162  159  157  155  152  150  148  146
  145  143  142  140  139  138  137  137  136  136  136  136  136  136  136  137
  137  137  137  136  136  135  134  132  130  129  126  124  122  120  118  116
  114  112  111  111  110  111  112  113  115
    82.5-180.0 180.0   5.0 450.0                            LAT/LON1/LON2/DLON/H
   87   91   96  102  109  117  126  135  144  152  160  168  174  178  181  183
  183  182  180  177  173  169  164  160  155  151  147  144  141  139  136  134
  133  131  130  128  127  127  126  126  126  126  127  128  129  130  132  134
  135  136  137  138  137  136  135  132  129  126  121  117  112  107  103   98
   94   90   87   84   83   82   83   84   87
    80.0-180.0 180.0   5.0 450.0                            LAT/LON1/LON2/DLON/H
   59   63   69   77   87   98  111  124  138  151  163  174  183  189  193  194
  192  189  183  177  169  161  154  146  140  135  130  127  124  122  121  120
  119  118  118  117  116  116  115  115  116  116  118  120  123  126  129  133
  136  139  142  143  143  142  140  137  132  126  120  113  106   98   91   84
   78   72   67   62   59   57   56   57   59
    77.5-180.0 180.0   5.0 450.0                            LAT/LON1/LON2/DLON/H
   41   44   49   57   68   81   97  114  132  151  168  182  194  202  206  205
  201  193  183  172  160  148  137  127  120  114  109  107  105  105  105  106
  107  108  108  108  108  108  107  107  107  109  111  114  118  123  128  134
  139  144  148  150  151  150  146  142  135  128  119  110  101   92   83   75
   68   61   55   50   46   42   40   40   41
    75.0-180.0 180.0   5.0 450.0                            LAT/LON1/LON2/DLON/H
   37   37   41   47   57   71   88  108  131  153  175  193  208  217  220  218
  210  198  183  166  150  134  120  108  100   93   89   88   88   89   91   94
   96   99  100  101  102  101  101  100  101  102  104  108  113  119  127  134
  141  148  152  155  155  153  149  143  135  125  115  105   95   86   78   71
   64   59   55   50   47   43   40   38   37
    72.5-180.0 180.0   5.0 450.0                            LAT/LON1/LON2/DLON/H
   49   47   47   50   58   70   87  109  133  160  185  208  225  236  239  234
  223  207  187  165  144  125  109   96   86   80   76   74   74   76   79   82
   85   88   91   93   94   94   93   93   93   94   96  101  107  114  123  131
  140  146  151  153  153  150  144  136  126  116  105   95   86   78   72   68
   65   64   62   61   60   58   55   52   49
    70.0-180.0 180.0   5.0 450.0                            LAT/LON1/LON2/DLON/H
   73   69   66   66   70   79   94  115  141  170  199  225  245  257  261  255
  241  221  198  173  149  128  110   96   85   77   72   69   67   66   67   69
   72   75   78   80   82   82   82   82   82   83   86   91   97  105  114  123
  131  138  142  143  141  136  129  120  109   98   88   79   71   67   64   64
   66   70   74   77   79   80   79   76   73
    67.5-180.0 180.0   5.0 450.0                            LAT/LON1/LON2/DLON/H
  101   97   93   90   91   97  110  129  154  184  215  244  267  281  286  280
  265  243  218  192  167  144  126  110   98   88   79   71   65   60   57   56
   56   58   60   63   65   66   67   67   68   69   72   77   84   92  100  109
  116  121  123  122  119  113  105   95   85   75   66   59   54   52   54   58
   65   73   82   90   97  101  104  103  101
    65.0-180.0 180.0   5.0 450.0                            LAT/LON1/LON2/DLON/H
  124  123  121  118  118  122  131  148  172  201  232  262  288  305  311  307
  293  272  247  221  196  174  155  138  123  109   96   82   70   59   50   44
   41   40   41   43   46   48   49   50   51   53   57   62   68   74   82   88
   93   96   96   94   90   83   75   67   58   50   43   38   36   36   41   48
   58   70   82   93  104  113  119  123  124
    62.5-180.0 180.0   5.0 450.0                            LAT/LON1/LON2/DLON/H
  136  141  144  145  146  149  157  171  192  218  248  279  305  325  334  333
  322  303  281  257  233  212  192  174  156  138  119  100   81   63   49   37
   30   26   25   27   29   31   32   34   36   38   42   46   51   56   60   64
   67   67   66   63   58   52   46   40   34   29   25   22   21   23   28   36
   47   59   72   84   97  108  119  128  136
    60.0-180.0 180.0   5.0 450.0                            LAT/LON1/LON2/DLON/H
  133  147  158  167  173  178  186  197  214  237  263  292  318  339  352  354
  348  334  315  294  273  252  232  212  191  169  145  121   98   75   56   40
   29   22   19   18   19   20   22   23   25   28   30   33   36   39   40   41
   41   40   38   34   30   27   23   21   19   17   15   13   13   14   18   25
   34   43   54   65   76   89  103  118  133
    57.5-180.0 180.0   5.0 450.0                            LAT/LON1/LON2/DLON/H
  120  143  164  182  196  206  216  226  239  256  277  300  325  346  362  369
  367  358  344  326  307  288  267  245  222  197  171  145  119   95   74   55
   41   30   24   21   20   20   20   21   22   24   26   28   28   28   26   25
   23   21   18   15   13   11   11   13   15   16   16   15   13   13   14   17
   22   28   33   40   48   60   76   96  120
    55.0-180.0 180.0   5.0 450.0                            LAT/LON1/LON2/DLON/H
  101  134  165  193  215  232  245  255  265  275  289  307  327  348  365  375
  378  374  363  350  333  315  294  270  245  219  193  168  144  122  100   80
   64   51   41   35   32   29   28   28   28   29   31   31   29   26   22   18
   15   13   11   10    9   10   12   17   22   26   27   25   22   18   16   15
   16   16   17   18   22   31   47   71  101
    52.5-180.0 180.0   5.0 450.0                            LAT/LON1/LON2/DLON/H
   87  126  165  200  231  255  273  285  292  296  302  313  327  345  362  375
  381  380  373  362  348  331  310  286  260  235  211  190  170  150  130  110
   92   76   65   56   50   46   43   41   41   41   42   41   38   33   28   23
   21   20   19   19   19   20   24   31   38   43   45   42   36   30   24   20
   17   14   10    6    6   12   27   53   87
    50.0-180.0 180.0   5.0 450.0                            LAT/LON1/LON2/DLON/H
   84  124  167  207  244  275  298  313  319  319  318  321  329  343  358  371
  377  378  374  366  355  339  319  295  270  246  225  207  191  174  155  136
  116   99   86   76   69   64   59   57   56   57   58   57   53   48   43   39
   39   39   40   40   40   40   44   49   57   62   63   60   52   43   35   30
   25   20   15    9    5    9   23   49   84
    47.5-180.0 180.0   5.0 450.0                            LAT/LON1/LON2/DLON/H
   94  133  173  214  253  289  318  337  345  344  337  333  336  345  357  367
  373  373  370  365  357  344  326  303  278  254  235  219  204  188  170  150
  129  111   98   89   83   78   73   70   69   70   73   73   71   67   64   62
   64   67   68   68   65   63   64   67   73   78   78   74   66   56   48   42
   38   34   29   23   20   24   37   61   94
    45.0-180.0 180.0   5.0 450.0                            LAT/LON1/LON2/DLON/H
  115  149  184  220  258  297  331  356  368  367  359  351  349  353  361  368
  371  370  367  364  360  351  335  313  287  262  241  224  208  190  169  147
  126  108   97   92   89   86   82   79   78   80   83   86   87   86   85   86
   91   95   97   95   89   83   79   80   83   87   87   82   74   65   58   53
   51   50   48   45   45   50   64   86  115
    42.5-180.0 180.0   5.0 450.0                            LAT/LON1/LON2/DLON/H
  142  168  196  225  259  297  335  367  385  388  382  373  369  370  374  377
  375  372  369  368  367  362  349  327  299  271  246  224  202  179  155  130
  109   94   88   88   90   90   87   83   81   83   88   94   98   99  102  106
  113  118  119  114  105   95   87   84   86   88   88   84   77   70   64   61
   61   63   65   67   71   81   96  117  142
    40.0-180.0 180.0   5.0 450.0                            LAT/LON1/LON2/DLON/H
  167  187  206  227  255  291  332  369  394  404  402  396  393  393  394  393
  387  381  377  378  381  379  367  344  313  281  249  220  192  163  134  108
   88   78   78   85   93   96   93   87   82   83   89   97  103  107  112  118
  126  131  130  122  110   97   87   82   82   83   84   81   77   71   67   65
   66   69   74   81   91  105  124  145  167
    37.5-180.0 180.0   5.0 450.0                            LAT/LON1/LON2/DLON/H
  184  199  212  226  249  282  323  364  396  413  418  417  417  418  417  413
  405  396  392  393  397  397  385  360  327  289  252  217  183  150  120   95
   79   75   82   95  107  111  106   95   87   85   89   97  104  109  115  122
  128  131  128  119  106   93   83   77   76   77   78   77   74   70   67   65
   65   68   74   84   99  118  141  164  184
    35.0-180.0 180.0   5.0 450.0                            LAT/LON1/LON2/DLON/H
  190  205  215  226  244  273  313  355  391  414  427  433  437  440  440  435
  426  415  409  409  412  410  397  371  335  296  257  221  186  154  126  105
   95   98  110  128  140  142  132  115  100   93   95  100  105  109  114  119
  123  123  118  107   95   85   78   74   73   74   76   76   74   71   67   63
   60   61   66   77   95  119  144  170  190
    32.5-180.0 180.0   5.0 450.0                            LAT/LON1/LON2/DLON/H
  189  206  218  228  244  270  306  346  383  411  430  442  451  457  459  455
  445  433  424  420  419  414  399  372  337  301  266  236  208  183  162  149
  145  153  168  185  194  190  171  146  124  112  109  111  112  113  113  115
  115  112  104   94   85   80   77   77   77   78   79   79   78   75   70   63
   56   52   54   65   84  109  138  165  189
    30.0-180.0 180.0   5.0 450.0                            LAT/LON1/LON2/DLON/H
  185  207  224  238  255  277  308  343  377  407  430  447  460  469  472  469
  461  448  435  425  416  405  388  364  334  306  284  266  252  240  231  226
  228  237  250  261  262  248  220  187  159  142  135  132  128  123  118  115
  111  103   93   85   81   81   84   87   88   89   89   88   87   83   76   66
   55   47   46   54   72   98  128  158  185
    27.5-180.0 180.0   5.0 450.0                            LAT/LON1/LON2/DLON/H
  184  213  238  259  278  298  323  351  380  408  432  452  468  478  482  481
  473  459  440  420  403  386  369  350  331  317  311  313  318  322  325  327
  332  338  344  344  332  306  269  230  199  180  170  162  152  141  132  124
  115  104   92   85   86   91   98  103  105  104  103  102   99   94   85   73
   60   49   44   51   68   93  122  153  184
    25.0-180.0 180.0   5.0 450.0                            LAT/LON1/LON2/DLON/H
  192  228  261  289  312  332  352  372  395  419  442  464  479  489  494  493
  486  469  442  412  384  363  349  338  333  337  351  374  397  417  429  435
  437  435  428  413  387  350  307  266  236  219  208  197  183  167  153  141
  129  115  103   97   99  108  117  121  122  120  118  115  112  106   97   84
   70   58   53   59   75   98  127  158  192
    22.5-180.0 180.0   5.0 450.0                            LAT/LON1/LON2/DLON/H
  211  251  292  328  356  376  392  407  423  444  466  487  502  510  514  513
  504  482  447  405  369  347  338  340  350  370  402  441  480  508  524  527
  521  506  484  453  414  369  323  286  262  250  242  231  214  196  179  166
  151  136  123  117  119  127  134  136  135  132  129  126  122  116  107   96
   83   73   69   76   93  116  143  175  211
    20.0-180.0 180.0   5.0 450.0                            LAT/LON1/LON2/DLON/H
  238  282  328  369  402  424  440  452  465  483  504  524  539  546  548  545
  534  506  461  410  368  347  347  361  385  417  460  508  552  582  593  586
  567  537  499  455  406  356  314  285  271  268  265  256  239  221  205  192
  177  161  147  140  140  144  145  143  139  135  133  131  127  122  115  106
   96   89   89   99  118  143  170  201  238
    17.5-180.0 180.0   5.0 450.0                            LAT/LON1/LON2/DLON/H
  269  315  363  408  444  470  488  501  514  532  554  575  590  597  597  592
  577  544  491  432  388  372  382  407  439  476  519  565  604  625  624  603
  568  524  474  420  366  318  283  266  264  270  274  268  254  238  225  214
  201  185  171  162  157  154  148  140  133  129  129  129  127  124  119  112
  106  103  107  122  144  171  200  231  269
    15.0-180.0 180.0   5.0 450.0                            LAT/LON1/LON2/DLON/H
  298  344  393  439  478  508  530  548  565  585  609  633  650  658  659  653
  635  596  538  476  434  424  443  475  508  539  573  606  630  635  617  581
  533  478  420  362  310  269  244  239  247  261  268  266  256  245  237  228
  217  203  188  177  167  155  142  128  119  117  119  122  123  122  118  114
  111  111  119  138  165  196  227  260  298
    12.5-180.0 180.0   5.0 450.0                            LAT/LON1/LON2/DLON/H
  321  366  414  459  499  533  562  586  609  633  660  687  709  721  724  719
  700  660  601  540  502  498  522  554  581  599  615  628  632  619  584  535
  477  417  358  303  257  226  212  217  231  247  255  255  249  244  240  234
  224  211  197  183  169  151  131  113  103  102  107  114  117  118  116  113
  111  113  124  146  177  211  245  281  321
    10.0-180.0 180.0   5.0 450.0                            LAT/LON1/LON2/DLON/H
  333  379  426  470  510  547  581  612  640  668  697  728  755  773  782  780
  763  726  671  616  583  584  607  633  647  647  642  634  619  589  543  486
  426  368  313  266  229  208  204  214  228  239  244  242  240  239  239  234
  224  211  197  183  166  145  121  101   91   92   99  108  114  117  115  112
  109  111  123  147  181  217  254  292  333
     7.5-180.0 180.0   5.0 450.0                            LAT/LON1/LON2/DLON/H
  338  385  431  474  513  551  590  626  657  685  715  747  779  804  819  823
  813  783  737  692  666  667  684  698  695  678  654  630  601  562  512  456
  401  350  303  265  239  227  230  239  247  248  243  238  237  239  240  234
  222  207  194  181  164  142  118   99   89   91  100  110  118  120  118  113
  109  110  121  145  179  216  255  295  338
     5.0-180.0 180.0   5.0 450.0                            LAT/LON1/LON2/DLON/H
  337  385  433  475  513  551  591  629  660  685  711  742  775  806  829  841
  839  821  789  756  737  735  741  739  720  688  655  623  591  553  508  460
  414  373  336  306  288  284  289  293  290  276  260  248  246  250  249  239
  223  206  193  181  167  147  125  108  100  102  111  121  129  131  128  121
  114  113  123  145  177  213  252  292  337
     2.5-180.0 180.0   5.0 450.0                            LAT/LON1/LON2/DLON/H
  334  385  434  478  515  552  591  626  654  673  691  716  748  782  811  831
  839  834  819  800  785  778  770  752  721  683  649  622  597  568  535  500
  466  433  403  379  367  367  371  369  352  324  295  277  273  275  270  254
  232  211  198  188  177  161  144  130  123  125  132  141  148  149  144  134
  126  123  131  151  180  214  249  289  334
