ionex_data/COD0OPSFIN_20230250000_01D_01H_GIM.INX
     1.0            IONOSPHERE MAPS     GNSS                IONEX VERSION / TYPE
ADDNEQ2 V5.5        AIUB                29-JAN-23 21:24     PGM / RUN BY / DATE 
CODE'S GLOBAL IONOSPHERE MAPS FOR DAY 025, 2023             COMMENT             
Global ionosphere maps (GIM) are generated on a daily basis DESCRIPTION         
at CODE using data from about 300 GNSS sites of the IGS and DESCRIPTION         
other institutions. The vertical total electron content     DESCRIPTION         
(VTEC) is modeled in a solar-geomagnetic reference frame    DESCRIPTION         
using a spherical harmonics expansion up to degree and      DESCRIPTION         
order 15. Piece-wise linear functions are used for          DESCRIPTION         
representation in the time domain. The time spacing of      DESCRIPTION         
their vertices is 1 hour, conforming with the epochs of the DESCRIPTION         
VTEC maps.                                                  DESCRIPTION         
To convert line-of-sight TEC into vertical TEC, a modified  DESCRIPTION         
single-layer model mapping function approximating the JPL   DESCRIPTION         
extended slab model mapping function is adopted. The        DESCRIPTION         
mapping function is evaluated at geodetic satellite         DESCRIPTION         
elevation angles. For the computation of the ionospheric    DESCRIPTION         
pierce points, a spherical layer with a radius of 6821 km   DESCRIPTION         
is assumed, implying geocentric, not geodetic IONEX         DESCRIPTION         
latitudes.                                                  DESCRIPTION         
Instrumental biases with respect to each involved GNSS code DESCRIPTION         
observable are estimated as constant values for each        DESCRIPTION         
day. They are modeled with one set of bias parameters for   DESCRIPTION         
each satellite and each station in case of GPS and for each DESCRIPTION         
satellite-station link in case of GLONASS. The code bias    DESCRIPTION         
datum is defined by zero-mean conditions imposed on the     DESCRIPTION         
satellite bias estimates. In this file, just GPS C1W-C2W    DESCRIPTION         
satellite and station bias values are included. The         DESCRIPTION         
complete set of GNSS code bias results is provided in an    DESCRIPTION         
additional Bias-SINEX file as pseudo-absolute values        DESCRIPTION         
specific to each observable.                                DESCRIPTION         
Note: These GIM results correspond to the results for the   DESCRIPTION         
middle day of a 3-day combination analysis solving for 73   DESCRIPTION         
times 256, or 18688 VTEC parameters and 3 daily sets of     DESCRIPTION         
GNSS code bias parameters.                                  DESCRIPTION         
Contact address: code(at)aiub.unibe.ch                      DESCRIPTION         
Data archive:    ftp.aiub.unibe.ch/CODE/                    DESCRIPTION         
                 www.aiub.unibe.ch/download/CODE/           DESCRIPTION         
  2023     1    25     0     0     0                        EPOCH OF FIRST MAP  
  2023     1    26     0     0     0                        EPOCH OF LAST MAP   
  3600                                                      INTERVAL            
[...]
brst brux bshm cas1 ccj2 cedu chpg chpi chti chur ckis cnmr COMMENT             
coco cord cpxf crar cro1 daej darw dav1 dgar dhlg drao dubo COMMENT             
ebre faa1 fair flin flrs frdn ftna func ganp glps gode godz COMMENT             
gol2 gold gope gras graz guam guug harb hers hert hlfx hob2 COMMENT             
hofn holb hrao hyde iddr ieng iisc ineg invk iqal irkj isba COMMENT             
jog2 joz2 joze karr kerg kir0 kiru kit3 kokb kokv koug kour COMMENT             
krgg laut lmmf lpal lpgs m0se mac1 madr mal2 mana mas1 mat1 COMMENT             
mate maw1 mcm4 mdo1 mdvj medi mets mgue mizu mkea mnls mobs COMMENT             
monp morp mqzg mro1 mtka nano nico nist nium nklg nlib nnor COMMENT             
not1 nrc1 nrmd ntus nya1 nyal ohi2 onsa opmt ous2 pado parc COMMENT             
park pdel penc pert pie1 pimo pohn pol2 polv pots pove prds COMMENT             
ptbb ptvl qaq1 quin ramo reun reyk rgdg rio2 riop salu samo COMMENT             
sant savo sch2 scor scrz sctb scub seyg sofi spt0 ssia sthl COMMENT             
stjo stk2 str2 suth sutm sydn syog tabl tabv tash thtg thti COMMENT             
thu2 tid1 tidb tlse tn22 tong tow2 tro1 tsea tskb tuva twtf COMMENT             
txes uclu ufpr ulab unb3 unbj unsa urum usn7 usud vald vill COMMENT             
voim vtsp wab1 wab2 wark wes2 wgtn whit will wind wsrt wtza COMMENT             
wtzl wtzr wtzs wuhn xmis yar2 yar3 yarr yell ykro zamb zeck COMMENT             
zim2 zim3 zimm                                              COMMENT             
                                                            END OF HEADER       
[from data line 2145]
     6                                                      START OF TEC MAP    
  2023     1    25     5     0     0                        EPOCH OF CURRENT MAP
    87.5-180.0 180.0   5.0 450.0                            LAT/LON1/LON2/DLON/H
   70   69   68   67   67   66   66   66   66   66   66   66   66   67   67   67
   68   68   69   69   69   70   70   70   70   71   71   71   71   71   71   71
   71   71   71   72   72   72   72   72   73   73   73   74   74   75   75   76
   76   77   77   78   78   79   79   80   80   80   80   80   80   79   79   78
   77   77   76   75   74   73   72   71   70
    85.0-180.0 180.0   5.0 450.0                            LAT/LON1/LON2/DLON/H
   71   68   65   63   62   61   60   60   60   61   62   63   64   66   67   69
   70   71   72   73   74   74   74   74   74   74   74   74   73   73   73   73
   73   72   72   72   72   72   72   72   73   73   74   75   76   77   78   80
   82   84   86   89   91   93   95   97   99  100  101  101  101  101  100   98
   96   93   91   87   84   81   77   74   71
    82.5-180.0 180.0   5.0 450.0                            LAT/LON1/LON2/DLON/H
   75   69   64   59   56   54   53   53   54   56   58   61   65   68   71   74
   76   78   79   80   80   80   79   78   77   76   75   74   74   73   73   72
   72   72   72   72   72   71   71   71   71   71   72   73   75   77   80   83
   88   92   97  103  108  113  118  123  127  131  133  135  136  135  134  131
  127  122  117  110  104   96   89   82   75
    80.0-180.0 180.0   5.0 450.0                            LAT/LON1/LON2/DLON/H
   84   73   64   56   51   47   46   46   48   51   56   61   66   72   76   81
   84   86   87   87   87   85   83   80   78   75   73   71   70   69   69   69
   69   70   70   70   70   69   69   68   67   67   68   69   71   75   79   86
   93  101  110  119  129  138  147  156  163  169  174  178  179  179  178  174
  169  162  153  143  132  120  107   95   84
    77.5-180.0 180.0   5.0 450.0                            LAT/LON1/LON2/DLON/H
   97   81   67   56   48   42   40   40   43   47   54   61   68   75   82   87
   91   94   94   94   91   88   84   79   75   70   67   64   63   62   62   63
   65   66   67   67   67   66   65   63   62   61   61   62   65   70   78   87
   98  111  125  139  153  166  179  191  201  210  217  222  225  226  224  220
  214  205  193  180  165  148  131  114   97
    75.0-180.0 180.0   5.0 450.0                            LAT/LON1/LON2/DLON/H
  113   92   74   59   48   40   36   36   39   44   52   60   69   77   84   90
   95   98   98   97   93   88   83   76   70   64   60   57   55   55   56   57
   60   62   63   64   64   63   60   57   55   53   52   54   58   66   76   90
  106  123  142  160  178  196  211  225  237  247  255  261  264  266  264  260
  254  244  231  216  198  178  156  134  113
    72.5-180.0 180.0   5.0 450.0                            LAT/LON1/LON2/DLON/H
  130  106   84   66   51   41   36   35   37   43   50   58   66   75   82   89
   94   97   97   96   92   87   80   73   66   59   54   51   49   49   50   53
   55   58   60   61   60   58   54   50   46   43   42   45   51   62   76   94
  115  138  161  183  204  223  239  253  265  274  281  287  290  292  291  287
  281  271  258  243  224  203  179  154  130
    70.0-180.0 180.0   5.0 450.0                            LAT/LON1/LON2/DLON/H
  144  119   95   74   58   46   39   36   38   42   47   54   61   69   76   82
   87   90   92   91   88   83   77   70   63   56   52   48   47   47   48   50
   52   55   56   56   55   52   47   42   37   34   34   37   46   60   79  102
  127  154  180  205  227  245  260  272  281  288  293  297  300  300  299  296
  290  282  271  256  239  218  195  170  144
    67.5-180.0 180.0   5.0 450.0                            LAT/LON1/LON2/DLON/H
  155  129  105   83   65   52   44   40   39   42   45   50   54   60   65   71
   76   81   83   84   82   78   73   67   61   56   52   49   48   48   48   49
   51   52   52   51   49   45   40   35   30   27   27   33   44   62   85  112
  141  171  199  224  245  261  272  280  286  289  292  294  295  294  293  289
  284  276  267  255  240  223  203  180  155
    65.0-180.0 180.0   5.0 450.0                            LAT/LON1/LON2/DLON/H
  160  137  113   91   72   58   48   43   42   42   43   45   47   50   54   59
   64   69   73   75   74   71   67   63   59   56   54   53   52   51   51   50
   50   49   48   46   43   39   34   29   24   23   25   32   47   67   94  124
  156  187  215  238  256  268  276  279  281  282  282  282  282  281  278  273
  267  260  251  241  230  217  201  182  160
    62.5-180.0 180.0   5.0 450.0                            LAT/LON1/LON2/DLON/H
  161  140  118   96   77   62   52   46   43   42   41   41   41   42   44   48
   54   60   64   67   66   64   61   58   56   56   56   56   56   55   53   51
   48   46   43   40   37   34   30   25   22   22   26   36   53   76  105  137
  170  200  227  247  261  269  273  273  272  271  271  271  270  268  264  257
  249  239  230  222  213  204  193  179  161
    60.0-180.0 180.0   5.0 450.0                            LAT/LON1/LON2/DLON/H
  160  142  121  100   80   64   53   46   43   41   40   38   37   37   38   42
   48   54   58   60   60   57   54   52   52   54   56   58   59   58   55   51
   47   43   39   37   34   31   29   26   24   25   31   43   62   88  118  150
  182  211  235  251  262  267  267  266  264  264  265  266  267  265  259  250
  238  225  213  203  196  190  183  173  160
    57.5-180.0 180.0   5.0 450.0                            LAT/LON1/LON2/DLON/H
  159  143  125  104   83   66   53   46   42   40   39   38   36   36   37   41
   47   52   56   57   55   51   47   46   47   51   55   58   59   58   54   49
   44   40   38   36   34   33   31   30   29   32   39   53   73  100  132  164
  194  220  240  254  261  264  264  262  261  263  266  271  274  273  267  255
  238  221  205  193  185  180  176  169  159
    55.0-180.0 180.0   5.0 450.0                            LAT/LON1/LON2/DLON/H
  160  147  130  110   88   69   55   45   41   39   39   39   39   39   41   44
   50   55   58   57   53   48   43   41   44   48   54   57   58   56   52   47
   43   40   39   39   39   39   38   38   37   40   48   63   85  114  146  177
  206  229  246  257  263  265  265  264  265  268  275  283  289  290  284  270
  250  228  208  192  182  177  173  168  160
    52.5-180.0 180.0   5.0 450.0                            LAT/LON1/LON2/DLON/H
  165  154  139  119   98   77   60   48   42   41   42   43   44   45   47   50
   55   59   61   60   55   48   43   42   44   49   54   57   56   53   49   45
   42   42   43   45   48   49   49   48   47   49   57   73   97  128  161  192
  219  240  255  264  270  272  272  272  273  278  286  296  305  308  303  289
  267  242  219  201  188  181  176  172  165
    50.0-180.0 180.0   5.0 450.0                            LAT/LON1/LON2/DLON/H
  173  164  150  133  112   90   70   56   48   46   48   50   52   53   54   56
   59   63   66   65   60   54   49   48   50   55   58   58   56   51   46   43
   43   46   50   55   59   62   62   60   58   59   67   84  110  142  177  209
  235  254  268  276  282  284  285  284  284  286  292  302  312  317  314  301
  281  256  233  214  200  191  184  179  173
    47.5-180.0 180.0   5.0 450.0                            LAT/LON1/LON2/DLON/H
  180  173  163  148  130  108   87   70   60   56   57   61   63   63   61   61
   63   67   70   71   69   65   62   61   63   66   66   63   57   49   44   42
   45   51   58   66   72   76   76   73   70   70   77   95  123  158  194  227
  253  271  283  292  298  301  301  298  293  289  291  297  305  311  310  301
  284  264  244  226  213  202  194  187  180
    45.0-180.0 180.0   5.0 450.0                            LAT/LON1/LON2/DLON/H
  185  179  172  162  147  128  107   89   76   71   71   74   75   73   69   66
   66   69   75   80   81   81   80   80   81   81   77   70   60   50   44   43
   48   56   66   76   84   89   89   86   82   82   89  108  138  175  213  246
  271  288  300  308  315  319  318  310  299  288  282  281  286  291  291  286
  275  261  247  235  224  214  203  193  185
    42.5-180.0 180.0   5.0 450.0                            LAT/LON1/LON2/DLON/H
  187  180  176  170  160  145  126  108   95   88   88   90   90   86   79   72
   69   73   82   90   97  100  101  101  100   97   90   79   65   53   46   46
   51   61   72   84   93   99  100   98   95   95  104  124  155  193  230  262
  286  302  314  323  331  336  334  323  306  287  272  265  263  265  266  263
  257  251  246  241  234  224  211  198  187
    40.0-180.0 180.0   5.0 450.0                            LAT/LON1/LON2/DLON/H
  187  176  171  168  163  153  139  124  111  105  104  105  105  100   90   80
   76   81   91  104  114  120  121  120  118  112  102   88   72   59   51   49
   54   64   75   87   97  105  108  108  107  109  120  142  173  209  244  274
  295  311  323  334  345  351  350  339  319  296  275  261  254  251  249  246
  244  244  246  248  247  238  222  203  187
    37.5-180.0 180.0   5.0 450.0                            LAT/LON1/LON2/DLON/H
  188  170  160  155  153  149  141  130  121  116  116  119  119  114  103   92
   88   92  105  120  132  137  138  135  130  122  110   95   80   66   58   55
   58   65   74   85   96  105  111  114  117  123  137  160  190  223  254  279
  298  313  327  341  356  367  370  363  347  324  303  286  274  266  258  252
  249  251  258  266  267  258  238  213  188
    35.0-180.0 180.0   5.0 450.0                            LAT/LON1/LON2/DLON/H
  196  166  146  136  133  132  130  126  121  119  121  126  129  126  117  107
  102  108  121  136  147  151  148  142  135  126  115  102   88   76   68   63
   63   66   72   81   91  101  110  116  124  135  153  177  205  234  258  278
  295  310  327  347  368  386  398  401  394  381  365  350  336  322  307  293
  284  284  291  300  303  293  268  233  196
    32.5-180.0 180.0   5.0 450.0                            LAT/LON1/LON2/DLON/H
  218  173  139  118  109  108  110  111  111  112  118  126  133  135  129  121
  118  124  137  150  158  158  151  142  133  125  117  108   98   89   81   74
   69   67   69   75   84   94  104  114  126  144  166  191  217  240  258  273
  288  307  330  357  385  413  437  455  464  467  464  456  442  423  399  375
  356  348  351  357  358  344  313  268  218
    30.0-180.0 180.0   5.0 450.0                            LAT/LON1/LON2/DLON/H
  258  196  145  109   90   85   88   92   96  100  108  119  131  137  136  131
  130  136  148  158  162  157  147  136  127  122  118  115  110  104   97   87
   77   70   67   70   77   85   95  107  124  147  174  201  225  242  255  268
  285  309  340  375  412  450  488  523  552  575  589  592  582  559  526  491
  460  441  435  435  430  412  375  321  258
    27.5-180.0 180.0   5.0 450.0                            LAT/LON1/LON2/DLON/H
  316  239  171  118   86   73   73   78   82   87   96  109  124  134  137  135
  136  141  151  158  158  150  138  128  121  120  121  123  124  121  114  102
   87   74   67   67   71   77   85   97  117  145  177  207  229  244  254  267
  289  321  361  404  449  496  546  597  647  690  721  736  731  707  668  622
  581  551  534  525  514  491  449  389  316
    25.0-180.0 180.0   5.0 450.0                            LAT/LON1/LON2/DLON/H
  386  300  218  151  105   82   75   76   79   82   89  102  117  128  133  132
  133  137  144  149  147  139  129  121  119  122  128  134  138  138  130  116
   97   81   70   67   68   70   75   86  108  140  177  209  233  247  258  276
  305  347  396  446  496  548  605  667  731  790  836  862  863  839  797  746
  697  659  632  614  597  570  527  465  386
    22.5-180.0 180.0   5.0 450.0                            LAT/LON1/LON2/DLON/H
  462  374  285  207  149  115  100   95   93   92   95  104  116  126  128  127
  125  127  131  134  132  127  122  120  123  130  139  147  153  153  144  128
  107   88   76   71   69   67   67   76   99  134  175  211  237  254  270  295
  334  385  441  495  546  598  655  721  791  857  911  944  950  929  888  838
  788  746  714  689  667  639  598  539  462
    20.0-180.0 180.0   5.0 450.0                            LAT/LON1/LON2/DLON/H
  532  449  361  279  215  172  149  137  129  122  120  123  129  133  131  125
  119  116  117  119  120  120  123  128  136  145  154  161  165  164  154  137
  115   95   83   77   73   68   64   70   93  131  175  215  245  266  289  323
  371  431  491  545  592  638  689  748  813  877  931  965  975  959  924  881
  837  798  766  738  714  688  653  601  532
    17.5-180.0 180.0   5.0 450.0                            LAT/LON1/LON2/DLON/H
  588  516  436  357  291  244  214  196  183  172  164  161  161  157  148  134
  122  114  112  113  117  124  133  144  155  164  170  173  174  170  159  141
  120  101   91   86   81   72   65   69   92  131  178  221  255  283  314  357
  413  477  538  588  627  661  700  745  796  848  894  925  937  927  903  872
  841  811  783  757  734  712  684  644  588
    15.0-180.0 180.0   5.0 450.0                            LAT/LON1/LON2/DLON/H
  623  565  498  429  367  319  287  265  249  236  225  218  211  200  183  162
  143  129  123  123  129  140  155  169  181  186  187  184  179  172  160  143
  123  107   98   95   89   79   70   73   96  137  185  231  269  302  341  390
  451  516  573  616  644  667  689  716  747  780  812  837  850  848  836  820
  805  790  771  749  729  712  693  665  623
    12.5-180.0 180.0   5.0 450.0                            LAT/LON1/LON2/DLON/H
  636  594  541  483  429  385  353  331  316  303  293  284  274  258  236  210
  185  166  154  152  158  171  186  200  208  208  202  192  182  171  159  142
  125  112  106  104   98   86   76   80  104  146  195  242  282  320  364  418
  479  541  591  625  644  655  663  672  681  694  711  729  741  746  747  747
  749  749  740  725  709  696  684  666  636
    10.0-180.0 180.0   5.0 450.0                            LAT/LON1/LON2/DLON/H
  634  602  561  515  470  430  402  383  372  364  358  351  341  324  300  272
  245  222  206  200  203  212  224  233  234  227  214  198  183  170  157  143
  127  117  113  111  105   92   83   88  114  157  206  252  293  334  380  434
  493  548  591  617  630  634  633  627  619  614  618  629  643  654  664  677
  694  706  708  699  687  676  667  655  634
     7.5-180.0 180.0   5.0 450.0                            LAT/LON1/LON2/DLON/H
  624  597  564  525  487  453  428  414  408  407  407  405  399  386  365  339
  313  289  270  259  255  258  261  262  255  242  223  202  184  170  158  145
  132  123  119  117  109   96   87   94  123  167  215  259  300  342  388  440
  493  540  575  597  607  611  608  596  579  563  559  567  581  596  612  633
  658  679  689  684  673  662  653  642  624
     5.0-180.0 180.0   5.0 450.0                            LAT/LON1/LON2/DLON/H
  614  588  556  521  486  454  432  421  420  425  432  436  436  429  416  397
  375  352  332  316  306  299  292  282  269  250  228  206  187  173  161  149
  138  130  125  120  110   97   89   99  129  174  220  263  302  343  387  435
  481  521  550  570  584  595  598  590  573  556  549  557  572  588  604  625
  652  678  691  688  676  662  649  634  614
     2.5-180.0 180.0   5.0 450.0                            LAT/LON1/LON2/DLON/H
  612  583  549  513  476  444  421  411  412  420  430  439  445  445  440  430
  415  398  379  360  343  326  309  292  272  252  230  209  190  177  166  156
  145  137  130  122  109   94   88  100  133  177  222  262  299  339  381  424
  464  498  524  546  567  589  606  611  603  592  590  600  615  628  639  654
  678  701  714  710  695  677  658  637  612
