ionex_data/COD0OPSFIN_20230210000_01D_01H_GIM.INX
     1.0            IONOSPHERE MAPS     GNSS                IONEX VERSION / TYPE
ADDNEQ2 V5.5        AIUB                25-JAN-23 21:32     PGM / RUN BY / DATE 
CODE'S GLOBAL IONOSPHERE MAPS FOR DAY 021, 2023             COMMENT             
Global ionosphere maps (GIM) are generated on a daily basis DESCRIPTION         
at CODE using data from about 300 GNSS sites of the IGS and DESCRIPTION         
other institutions. The vertical total electron content     DESCRIPTION         
(VTEC) is modeled in a solar-geomagnetic reference frame    DESCRIPTION         
using a spherical harmonics expansion up to degree and      DESCRIPTION         
order 15. Piece-wise linear functions are used for          DESCRIPTION         
representation in the time domain. The time spacing of      DESCRIPTION         
their vertices is 1 hour, conforming with the epochs of the DESCRIPTION         
VTEC maps.                                                  DESCRIPTION         
To convert line-of-sight TEC into vertical TEC, a modified  DESCRIPTION         
single-layer model mapping function approximating the JPL   DESCRIPTION         
extended slab model mapping function is adopted. The        DESCRIPTION         
mapping function is evaluated at geodetic satellite         DESCRIPTION         
elevation angles. For the computation of the ionospheric    DESCRIPTION         
pierce points, a spherical layer with a radius of 6821 km   DESCRIPTION         
is assumed, implying geocentric, not geodetic IONEX         DESCRIPTION         
latitudes.                                                  DESCRIPTION         
Instrumental biases with respect to each involved GNSS code DESCRIPTION         
observable are estimated as constant values for each        DESCRIPTION         
day. They are modeled with one set of bias parameters for   DESCRIPTION         
each satellite and each station in case of GPS and for each DESCRIPTION         
satellite-station link in case of GLONASS. The code bias    DESCRIPTION         
datum is defined by zero-mean conditions imposed on the     DESCRIPTION         
satellite bias estimates. In this file, just GPS C1W-C2W    DESCRIPTION         
satellite and station bias values are included. The         DESCRIPTION         
complete set of GNSS code bias results is provided in an    DESCRIPTION         
additional Bias-SINEX file as pseudo-absolute values        DESCRIPTION         
specific to each observable.                                DESCRIPTION         
Note: These GIM results correspond to the results for the   DESCRIPTION         
middle day of a 3-day combination analysis solving for 73   DESCRIPTION         
times 256, or 18688 VTEC parameters and 3 daily sets of     DESCRIPTION         
GNSS code bias parameters.                                  DESCRIPTION         
Contact address: code(at)aiub.unibe.ch                      DESCRIPTION         
Data archive:    ftp.aiub.unibe.ch/CODE/                    DESCRIPTION         
                 www.aiub.unibe.ch/download/CODE/           DESCRIPTION         
  2023     1    21     0     0     0                        EPOCH OF FIRST MAP  
  2023     1    22     0     0     0                        EPOCH OF LAST MAP   
  3600                                                      INTERVAL            
[...]
badg bake bako barh bjfs bndy boav bogo bogt bor1 brst brux COMMENT             
bshm cas1 ccj2 cedu chpg chpi chti chur ckis cnmr coco cord COMMENT             
cpxf crar cro1 daej darw dav1 dgar dhlg drao dubo ebre faa1 COMMENT             
fair flrs frdn ftna func ganp glps gode godz gol2 gold gope COMMENT             
gras graz guam guug harb hers hert hlfx hob2 hofn holb hrao COMMENT             
hyde iddr ieng iisc ineg invk iqal isba jog2 joz2 joze karr COMMENT             
kerg kir0 kiru kit3 kokb kokv koug kour krgg laut lmmf lpal COMMENT             
lpgs m0se mac1 madr mal2 mana mas1 mat1 mate maw1 mcm4 mdo1 COMMENT             
mdvj medi mets mgue mizu mkea mnls mobs monp morp mqzg mro1 COMMENT             
mtka nano nico nist nium nklg nlib nnor not1 nrc1 nrmd ntus COMMENT             
nya1 nyal ohi2 onsa opmt ous2 pado parc park pdel penc pert COMMENT             
pie1 pimo pohn pol2 polv pots pove prds ptag ptbb ptvl qaq1 COMMENT             
quin ramo reun reyk rgdg rio2 riop salu samo sant savo sch2 COMMENT             
scor scrz sctb scub seyg sofi spt0 ssia sthl stjo stk2 str2 COMMENT             
suth sutm sydn syog tabl tabv tash thtg thti thu2 tid1 tidb COMMENT             
tlse tn22 tong tow2 tro1 tsea tskb tuva twtf txes uclu ufpr COMMENT             
ulab unb3 unbj unsa urum usn7 usud vald vill voim vtsp wab1 COMMENT             
wab2 wark wes2 wgtn whit will wind wsrt wtza wtzl wtzr wtzs COMMENT             
wuhn xmis yar2 yar3 yarr yell ykro zamb zeck zim2 zim3 zimm COMMENT             
                                                            END OF HEADER       
[from data line 6435]
    16                                                      START OF TEC MAP    
  2023     1    21    15     0     0                        EPOCH OF CURRENT MAP
    87.5-180.0 180.0   5.0 450.0                            LAT/LON1/LON2/DLON/H
  167  169  171  174  176  178  180  182  184  186  188  190  192  193  195  196
  197  197  198  198  198  198  197  197  196  195  193  192  191  189  187  186
  184  182  181  179  177  176  174  173  172  170  169  168  167  166  165  164
  163  163  162  161  161  160  159  159  158  158  157  157  157  157  157  157
  158  158  159  160  161  162  164  166  167
    85.0-180.0 180.0   5.0 450.0                            LAT/LON1/LON2/DLON/H
  139  142  147  151  155  160  165  169  174  178  183  187  190  193  196  199
  201  202  203  204  203  203  202  200  198  195  192  189  185  181  178  174
  170  166  163  160  157  154  152  150  148  147  146  145  145  144  144  143
  143  143  142  141  140  139  138  136  134  132  131  129  127  126  125  124
  124  124  124  126  127  129  132  135  139
    82.5-180.0 180.0   5.0 450.0                            LAT/LON1/LON2/DLON/H
  103  108  114  120  127  133  140  146  153  159  165  171  176  181  186  190
  193  196  197  198  199  198  197  194  191  187  182  177  171  165  159  153
  146  141  135  131  127  123  120  119  117  117  117  118  119  121  123  125
  126  127  128  128  128  126  124  121  117  113  109  105  100   97   93   90
   88   87   87   88   89   91   95   99  103
    80.0-180.0 180.0   5.0 450.0                            LAT/LON1/LON2/DLON/H
   72   77   83   90   97  104  111  118  126  133  140  147  154  160  166  171
  176  180  184  187  188  189  188  186  183  178  172  165  157  149  140  131
  123  115  108  102   96   92   89   88   87   88   90   93   96  101  106  111
  116  121  124  126  126  125  122  118  112  106   98   91   84   77   71   66
   62   59   57   57   58   60   63   67   72
    77.5-180.0 180.0   5.0 450.0                            LAT/LON1/LON2/DLON/H
   53   57   62   67   73   79   86   92   99  106  113  120  127  134  141  148
  155  161  167  173  178  181  183  184  182  177  171  163  153  143  131  120
  109   99   90   82   75   70   67   65   64   65   68   73   79   87   95  105
  114  122  129  134  136  136  133  127  120  111  100   90   80   71   62   56
   50   46   44   43   43   44   46   49   53
    75.0-180.0 180.0   5.0 450.0                            LAT/LON1/LON2/DLON/H
   50   52   55   57   61   65   69   73   78   84   90   96  102  109  117  125
  134  144  153  163  173  181  188  192  193  191  185  177  166  153  139  124
  111   98   87   77   69   63   58   55   53   54   56   61   68   78   90  103
  116  128  139  147  152  153  150  144  134  123  111   99   88   77   69   62
   56   52   50   48   47   47   48   49   50
    72.5-180.0 180.0   5.0 450.0                            LAT/LON1/LON2/DLON/H
   63   62   61   60   61   61   62   64   67   70   74   79   85   91   99  108
  118  131  145  160  175  190  203  213  219  220  216  208  196  181  164  147
  130  115  102   90   81   73   66   61   57   54   54   57   64   73   86  102
  118  134  148  159  166  168  165  158  148  136  124  112  101   92   85   80
   76   74   72   70   69   67   66   64   63
    70.0-180.0 180.0   5.0 450.0                            LAT/LON1/LON2/DLON/H
   83   79   75   72   69   67   65   65   65   66   68   71   75   81   88   97
  109  124  142  162  184  206  227  244  256  262  261  254  241  224  205  185
  165  147  132  119  107   98   89   81   73   66   62   61   64   71   83   99
  116  134  150  163  171  173  170  163  153  141  129  119  111  106  103  102
  102  103  102  101   99   96   92   88   83
    67.5-180.0 180.0   5.0 450.0                            LAT/LON1/LON2/DLON/H
  103   97   91   85   81   77   73   71   69   69   69   70   73   77   84   93
  106  123  144  169  198  227  255  280  298  310  313  307  295  277  255  232
  210  190  172  157  144  133  122  110   99   87   77   70   68   71   79   93
  109  126  142  154  162  164  160  153  143  132  123  116  113  113  116  120
  125  128  130  129  126  121  116  109  103
    65.0-180.0 180.0   5.0 450.0                            LAT/LON1/LON2/DLON/H
  112  105   99   94   89   85   81   78   75   74   73   74   75   78   84   93
  106  125  149  178  211  247  282  313  338  354  361  359  348  330  307  283
  259  236  216  199  185  172  159  145  130  114   99   86   77   73   76   85
   97  111  124  134  140  140  136  128  119  110  104  101  103  109  118  127
  136  142  145  145  141  135  127  119  112
    62.5-180.0 180.0   5.0 450.0                            LAT/LON1/LON2/DLON/H
  107  101   97   93   90   87   84   81   79   78   77   77   78   80   86   95
  109  129  155  187  224  263  303  339  368  389  400  400  392  376  355  330
  305  280  258  239  223  209  196  181  164  145  125  106   91   81   77   79
   86   94  102  108  110  108  103   95   87   80   77   78   84   94  107  121
  132  141  144  143  138  130  122  114  107
    60.0-180.0 180.0   5.0 450.0                            LAT/LON1/LON2/DLON/H
   88   85   84   83   82   81   80   80   79   78   78   77   78   81   87   98
  114  135  163  197  235  277  318  356  387  410  424  428  422  410  392  369
  344  319  295  273  256  241  228  213  196  176  154  132  112   96   85   80
   79   80   82   83   81   77   71   63   56   51   50   54   62   75   89  104
  116  124  127  124  117  109  100   93   88
    57.5-180.0 180.0   5.0 450.0                            LAT/LON1/LON2/DLON/H
   62   62   64   66   69   71   72   74   74   74   74   74   76   80   89  102
  121  146  175  210  248  289  329  365  396  419  433  439  437  429  415  396
  373  348  322  299  280  265  253  240  226  207  185  162  138  118  101   89
   81   75   71   67   62   56   49   42   36   33   33   37   45   57   70   83
   93   99  100   96   88   78   70   64   62
    55.0-180.0 180.0   5.0 450.0                            LAT/LON1/LON2/DLON/H
   37   40   45   50   55   60   63   66   68   69   69   69   72   78   90  108
  133  161  194  229  266  304  340  372  398  418  430  436  437  434  425  410
  390  366  341  316  296  282  271  261  250  236  216  194  169  146  125  107
   93   81   72   63   55   48   42   37   32   30   30   33   39   47   56   65
   72   75   73   67   58   49   42   37   37
    52.5-180.0 180.0   5.0 450.0                            LAT/LON1/LON2/DLON/H
   23   27   34   41   47   52   57   61   63   65   65   65   68   78   94  119
  150  184  220  256  291  324  355  380  400  414  422  425  426  425  420  410
  394  373  349  325  305  291  283  277  270  260  244  224  200  175  152  130
  112   96   82   71   62   55   50   46   44   42   42   43   45   49   53   56
   58   57   54   47   39   30   24   21   23
    50.0-180.0 180.0   5.0 450.0                            LAT/LON1/LON2/DLON/H
   23   28   35   42   48   53   58   62   64   64   64   64   69   81  103  135
  172  213  252  288  321  350  375  394  406  412  413  411  409  406  403  397
  386  369  348  327  309  297  291  288  285  278  266  248  226  201  176  153
  132  114   98   85   76   69   65   63   63   63   62   62   61   60   59   57
   55   52   47   41   34   27   23   21   23
    47.5-180.0 180.0   5.0 450.0                            LAT/LON1/LON2/DLON/H
   39   43   49   54   59   63   67   69   70   69   68   69   75   90  117  155
  200  245  287  324  354  379  398  411  417  415  408  399  389  382  377  373
  366  355  341  325  311  302  298  298  297  292  281  265  243  218  193  169
  148  129  113  100   90   83   79   79   80   82   83   82   80   76   71   66
   61   57   53   49   44   40   37   37   39
    45.0-180.0 180.0   5.0 450.0                            LAT/LON1/LON2/DLON/H
   63   66   70   74   78   80   81   82   81   79   77   78   86  105  136  180
  229  278  321  356  384  406  422  430  431  423  409  390  372  357  348  343
  341  338  333  325  317  311  309  309  307  302  291  273  251  226  200  177
  156  138  123  109   98   90   86   86   88   91   94   96   94   91   85   78
   72   68   66   65   64   63   62   62   63
    42.5-180.0 180.0   5.0 450.0                            LAT/LON1/LON2/DLON/H
   89   90   93   96   98   99   98   96   93   90   88   90  100  123  158  205
  257  306  348  381  406  426  439  446  445  434  414  388  360  336  320  314
  318  325  331  333  332  330  328  326  322  313  298  278  253  226  200  177
  158  143  128  114  100   89   83   82   84   89   94   98  100   98   93   87
   82   80   80   83   85   87   87   88   89
    40.0-180.0 180.0   5.0 450.0                            LAT/LON1/LON2/DLON/H
  106  107  109  112  115  115  113  108  103   98   97  102  116  143  181  230
  281  328  366  395  417  434  447  455  454  443  421  390  356  323  302  296
  306  325  344  357  363  363  360  355  345  330  309  284  255  225  198  177
  161  148  135  119  102   88   78   74   75   79   85   91   96   97   95   91
   88   88   90   95   99  103  105  106  106
    37.5-180.0 180.0   5.0 450.0                            LAT/LON1/LON2/DLON/H
  112  112  115  119  124  125  122  115  107  102  102  111  130  161  203  252
  300  343  376  399  417  432  445  453  455  447  428  398  361  325  301  297
  315  347  379  403  414  414  408  397  381  359  331  299  265  233  205  186
  174  165  153  136  116   97   83   75   72   73   77   83   89   92   93   91
   90   90   93   98  103  108  110  111  112
    35.0-180.0 180.0   5.0 450.0                            LAT/LON1/LON2/DLON/H
  105  106  110  117  124  127  124  115  105   99  102  115  141  178  223  271
  316  353  379  396  410  422  434  443  448  445  433  409  376  342  321  324
  353  397  441  472  485  483  472  455  432  403  368  330  291  256  229  213
  206  201  192  175  152  129  111   98   90   85   83   84   87   90   92   91
   90   91   92   95   98  101  103  104  105
    32.5-180.0 180.0   5.0 450.0                            LAT/LON1/LON2/DLON/H
   91   93   98  107  117  122  120  110   99   92   97  116  149  192  241  289
  331  362  381  393  401  409  418  427  434  437  435  423  401  377  365  378
  419  476  529  562  572  565  549  526  498  462  422  379  337  301  275  263
  261  262  257  241  217  192  171  154  139  124  111  103  100   99   99   98
   96   94   92   91   90   90   91   91   91
    30.0-180.0 180.0   5.0 450.0                            LAT/LON1/LON2/DLON/H
   79   80   86   96  107  115  113  103   91   84   92  116  155  204  257  306
  346  373  387  393  396  400  405  411  417  426  435  438  433  425  428  455
  509  576  633  664  667  653  630  603  571  532  489  443  400  365  342  335
  339  346  345  331  308  283  262  241  218  192  165  144  131  124  120  117
  113  107  100   92   85   81   80   79   79
    27.5-180.0 180.0   5.0 450.0                            LAT/LON1/LON2/DLON/H
   76   76   80   89  101  108  107   97   85   79   88  116  161  217  274  325
  364  389  399  401  399  398  397  398  403  415  435  455  470  482  502  545
  611  683  740  763  757  734  706  677  645  606  561  516  475  442  423  420
  429  441  443  432  412  390  370  347  317  279  239  204  180  165  156  150
  142  133  120  105   91   82   78   77   76
    25.0-180.0 180.0   5.0 450.0                            LAT/LON1/LON2/DLON/H
   86   83   84   90  100  107  105   96   84   79   90  121  170  230  291  345
  385  410  419  417  411  403  397  392  394  409  437  473  508  540  578  635
  709  783  833  846  828  797  766  738  708  672  630  588  549  520  504  503
  515  528  533  524  507  489  471  449  415  368  316  270  237  216  203  193
  183  170  152  130  110   97   91   88   86
    22.5-180.0 180.0   5.0 450.0                            LAT/LON1/LON2/DLON/H
  108  103   99  101  106  110  107   98   88   85   97  130  182  245  309  366
  409  434  443  438  427  415  403  394  394  410  444  492  543  592  645  711
  788  858  898  899  870  833  803  779  754  723  686  648  614  587  572  571
  580  590  592  584  569  555  541  521  486  435  378  328  291  267  252  241
  229  213  190  164  139  122  115  112  108
    20.0-180.0 180.0   5.0 450.0                            LAT/LON1/LON2/DLON/H
  137  130  122  117  117  116  111  103   96   96  110  145  197  262  328  388
  433  460  468  461  445  428  413  403  403  420  458  514  575  635  696  764
  838  898  926  915  879  840  813  796  778  753  722  690  660  635  618  610
  610  611  606  594  579  568  558  542  510  462  409  362  329  308  294  282
  270  253  228  199  172  153  145  142  137
    17.5-180.0 180.0   5.0 450.0                            LAT/LON1/LON2/DLON/H
  165  156  145  135  127  121  115  108  104  108  126  162  215  280  347  408
  455  484  492  481  461  440  425  417  420  440  480  538  602  665  726  790
  853  901  916  896  857  822  802  792  781  762  738  711  685  660  636  616
  600  586  568  549  532  522  516  504  479  441  400  366  344  330  320  310
  298  281  257  227  199  181  173  170  165
    15.0-180.0 180.0   5.0 450.0                            LAT/LON1/LON2/DLON/H
  184  174  160  147  134  123  114  108  109  119  142  180  234  299  365  427
  476  505  512  498  473  450  436  435  445  469  510  565  626  684  739  792
  840  872  876  852  817  790  778  775  770  757  737  716  692  664  630  594
  557  522  489  460  439  428  424  417  402  379  357  342  335  332  328  320
  308  292  270  242  216  199  191  188  184
    12.5-180.0 180.0   5.0 450.0                            LAT/LON1/LON2/DLON/H
  187  178  164  149  132  117  106  103  109  125  154  197  252  317  383  444
  493  523  530  513  484  458  449  456  476  506  546  595  648  696  739  777
  808  825  820  798  771  755  753  756  754  744  729  711  688  655  610  554
  495  438  389  350  325  313  309  306  301  296  295  301  311  319  319  312
  301  287  267  243  220  203  195  192  187
    10.0-180.0 180.0   5.0 450.0                            LAT/LON1/LON2/DLON/H
  176  167  154  139  122  105   93   91  103  126  162  210  269  334  399  459
  508  540  546  528  496  470  465  482  513  548  587  628  669  706  735  757
  771  775  766  750  736  733  739  744  743  734  721  705  682  644  587  515
  435  360  296  251  224  211  207  207  211  220  237  261  284  299  301  294
  282  270  253  233  213  196  187  182  176
     7.5-180.0 180.0   5.0 450.0                            LAT/LON1/LON2/DLON/H
  154  145  134  121  105   88   76   76   92  122  166  221  285  351  414  472
  521  555  565  548  515  490  489  514  553  593  628  660  690  715  732  740
  741  736  727  720  721  731  742  747  743  733  721  706  682  639  574  490
  397  309  240  194  169  157  153  153  160  178  207  240  268  283  283  273
  261  249  236  220  201  184  171  162  154
     5.0-180.0 180.0   5.0 450.0                            LAT/LON1/LON2/DLON/H
  129  119  109   99   85   70   59   61   80  117  167  230  298  366  429  485
  534  571  586  574  544  521  522  552  596  636  667  689  709  725  734  734
  726  715  710  715  730  750  763  765  756  743  730  715  690  646  578  490
  393  304  237  198  180  172  167  165  171  189  218  250  273  281  274  259
  245  234  224  210  192  173  156  141  129
     2.5-180.0 180.0   5.0 450.0                            LAT/LON1/LON2/DLON/H
  111   98   88   80   69   56   47   51   72  112  169  238  311  380  441  495
  545  586  609  606  582  561  564  594  637  674  697  711  723  734  741  738
  726  714  714  730  757  783  797  793  779  762  747  731  705  662  598  516
  426  347  292  267  261  259  254  246  245  255  274  293  302  296  279  258
  242  233  224  212  193  171  148  128  111
