ionex_data/COD0OPSFIN_20230300000_01D_01H_GIM.INX
     1.0            IONOSPHERE MAPS     GNSS                IONEX VERSION / TYPE
ADDNEQ2 V5.5        AIUB                03-FEB-23 21:11     PGM / RUN BY / DATE 
CODE'S GLOBAL IONOSPHERE MAPS FOR DAY 030, 2023             COMMENT             
Global ionosphere maps (GIM) are generated on a daily basis DESCRIPTION         
at CODE using data from about 300 GNSS sites of the IGS and DESCRIPTION         
other institutions. The vertical total electron content     DESCRIPTION         
(VTEC) is modeled in a solar-geomagnetic reference frame    DESCRIPTION         
using a spherical harmonics expansion up to degree and      DESCRIPTION         
order 15. Piece-wise linear functions are used for          DESCRIPTION         
representation in the time domain. The time spacing of      DESCRIPTION         
their vertices is 1 hour, conforming with the epochs of the DESCRIPTION         
VTEC maps.                                                  DESCRIPTION         
To convert line-of-sight TEC into vertical TEC, a modified  DESCRIPTION         
single-layer model mapping function approximating the JPL   DESCRIPTION         
extended slab model mapping function is adopted. The        DESCRIPTION         
mapping function is evaluated at geodetic satellite         DESCRIPTION         
elevation angles. For the computation of the ionospheric    DESCRIPTION         
pierce points, a spherical layer with a radius of 6821 km   DESCRIPTION         
is assumed, implying geocentric, not geodetic IONEX         DESCRIPTION         
latitudes.                                                  DESCRIPTION         
Instrumental biases with respect to each involved GNSS code DESCRIPTION         
observable are estimated as constant values for each        DESCRIPTION         
day. They are modeled with one set of bias parameters for   DESCRIPTION         
each satellite and each station in case of GPS and for each DESCRIPTION         
satellite-station link in case of GLONASS. The code bias    DESCRIPTION         
datum is defined by zero-mean conditions imposed on the     DESCRIPTION         
satellite bias estimates. In this file, just GPS C1W-C2W    DESCRIPTION         
satellite and station bias values are included. The         DESCRIPTION         
complete set of GNSS code bias results is provided in an    DESCRIPTION         
additional Bias-SINEX file as pseudo-absolute values        DESCRIPTION         
specific to each observable.                                DESCRIPTION         
Note: These GIM results correspond to the results for the   DESCRIPTION         
middle day of a 3-day combination analysis solving for 73   DESCRIPTION         
times 256, or 18688 VTEC parameters and 3 daily sets of     DESCRIPTION         
GNSS code bias parameters.                                  DESCRIPTION         
Contact address: code(at)aiub.unibe.ch                      DESCRIPTION         
Data archive:    ftp.aiub.unibe.ch/CODE/                    DESCRIPTION         
                 www.aiub.unibe.ch/download/CODE/           DESCRIPTION         
  2023     1    30     0     0     0                        EPOCH OF FIRST MAP  
  2023     1    31     0     0     0                        EPOCH OF LAST MAP   
  3600                                                      INTERVAL            
[...]
brst brux bshm cags cas1 ccj2 cedu chpg chpi chti chur ckis COMMENT             
cnmr coco cord cpvg cpxf crar cro1 daej darw dav1 dgar dhlg COMMENT             
drao dubo ebre faa1 fair flrs frdn ftna func ganp glps gode COMMENT             
godz gol2 gold gope gras graz guam guug harb hers hert hlfx COMMENT             
hob2 hofn holb hrao hyde iddr ieng iisc ineg invk iqal irkj COMMENT             
isba jog2 joz2 joze karr kerg kir0 kiri kiru kit3 kokb kokv COMMENT             
koug kour krgg laut lmmf lpal lpgs m0se mac1 madr mal2 mana COMMENT             
mas1 mat1 mate maw1 mcm4 mdo1 mdvj medi mets mgue mizu mkea COMMENT             
mnls mobs monp morp mqzg mro1 mtka nano nico nist nium nklg COMMENT             
nlib nnor not1 nrc1 nrmd ntus nya1 nyal ohi2 onsa opmt ous2 COMMENT             
pado parc park pdel penc pert pie1 pimo pohn pol2 polv pots COMMENT             
pove prds ptbb ptvl qaq1 quin ramo reun reyk rgdg rio2 riop COMMENT             
roth salu samo sant savo sch2 scor scrz sctb scub seyg sofi COMMENT             
spt0 ssia sthl stjo stk2 str2 suth sutm suwn sydn syog tabl COMMENT             
tabv tash thtg thti thu2 tid1 tidb tlse tn22 tong tow2 tro1 COMMENT             
tsea tskb twtf txes uclu ufpr ulab unb3 unbj unsa urum usn7 COMMENT             
usud vald vill voim vtsp wab1 wab2 wark wes2 wgtn whit will COMMENT             
wind wsrt wtza wtzl wtzr wtzs wtzz wuhn xmis yar2 yar3 yarr COMMENT             
yell ykro zamb zeck zim2 zim3 zimm                          COMMENT             
                                                            END OF HEADER       
[from data line 1716]
     5                                                      START OF TEC MAP    
  2023     1    30     4     0     0                        EPOCH OF CURRENT MAP
    87.5-180.0 180.0   5.0 450.0                            LAT/LON1/LON2/DLON/H
   63   61   59   58   56   55   54   53   52   51   51   51   50   50   50   51
   51   51   51   51   52   52   52   52   52   53   53   53   53   54   54   54
   55   55   56   56   57   58   59   60   60   61   63   64   65   66   67   69
   70   71   73   74   75   76   77   78   79   79   80   80   79   79   78   78
   76   75   74   72   70   68   67   65   63
    85.0-180.0 180.0   5.0 450.0                            LAT/LON1/LON2/DLON/H
   66   61   56   52   48   46   43   42   41   41   42   43   44   46   47   49
   50   51   52   53   53   54   54   54   53   53   52   52   52   52   51   51
   52   52   52   53   54   55   56   57   59   60   62   64   66   68   71   74
   77   80   84   87   91   95   98  102  105  107  109  111  111  111  110  109
  106  103   98   94   89   83   77   72   66
    82.5-180.0 180.0   5.0 450.0                            LAT/LON1/LON2/DLON/H
   73   62   53   45   39   35   32   30   31   32   35   38   42   46   50   54
   57   59   61   62   62   62   61   60   58   56   54   53   51   50   49   49
   49   49   50   51   52   53   54   55   56   58   59   61   63   66   69   73
   78   83   89   96  103  111  118  126  133  140  146  150  153  155  155  153
  149  143  136  127  117  106   95   84   73
    80.0-180.0 180.0   5.0 450.0                            LAT/LON1/LON2/DLON/H
   85   69   54   41   32   25   21   20   22   26   31   38   45   52   58   64
   68   72   74   74   74   72   69   66   63   59   56   53   50   48   47   47
   47   47   48   50   51   52   53   54   55   55   56   56   58   60   63   67
   73   80   88   98  109  121  134  147  160  172  182  192  199  204  206  205
  200  193  183  170  155  139  121  103   85
    77.5-180.0 180.0   5.0 450.0                            LAT/LON1/LON2/DLON/H
  105   82   61   44   30   21   16   15   18   23   31   40   49   58   66   73
   78   81   83   83   82   79   75   70   65   60   55   51   48   46   45   45
   46   47   49   51   52   54   54   54   54   53   52   51   51   51   53   58
   64   72   83   96  110  127  144  162  180  198  214  228  240  249  255  256
  253  246  234  219  200  178  154  130  105
    75.0-180.0 180.0   5.0 450.0                            LAT/LON1/LON2/DLON/H
  132  104   77   55   37   24   18   16   19   25   33   43   52   62   70   76
   81   84   85   84   83   79   75   70   65   59   54   50   47   45   44   45
   46   48   50   52   54   55   56   55   53   50   47   45   43   42   44   48
   55   65   77   92  110  129  150  171  193  215  235  254  270  283  292  296
  296  290  280  264  243  219  191  162  132
    72.5-180.0 180.0   5.0 450.0                            LAT/LON1/LON2/DLON/H
  164  131  100   73   52   36   27   23   25   30   38   46   53   60   66   71
   74   76   77   77   76   73   70   66   62   58   54   50   48   46   45   46
   47   49   51   53   55   55   55   53   50   46   42   39   36   35   37   42
   50   62   76   93  112  132  154  177  200  222  244  265  283  298  310  318
  321  318  311  297  279  255  227  196  164
    70.0-180.0 180.0   5.0 450.0                            LAT/LON1/LON2/DLON/H
  194  160  127   97   72   54   42   36   36   38   43   48   51   54   56   57
   59   60   61   62   63   63   62   61   59   56   54   52   50   49   48   48
   49   49   50   51   52   51   50   48   44   40   36   33   31   31   35   43
   53   67   83  101  120  140  160  181  201  222  242  261  278  294  307  316
  322  324  321  313  299  280  255  226  194
    67.5-180.0 180.0   5.0 450.0                            LAT/LON1/LON2/DLON/H
  219  187  153  122   94   73   58   50   47   47   48   49   48   45   43   41
   40   41   43   46   49   52   54   55   56   55   54   53   52   51   50   49
   49   48   47   46   45   44   42   39   36   33   29   27   28   31   39   50
   64   81   99  117  135  153  169  185  200  215  231  246  260  273  285  295
  303  308  310  308  301  289  271  247  219
    65.0-180.0 180.0   5.0 450.0                            LAT/LON1/LON2/DLON/H
  234  205  174  142  112   89   72   62   57   55   53   49   44   37   30   26
   24   25   29   34   39   44   48   51   53   54   54   53   53   51   50   48
   46   44   41   39   36   34   32   30   27   25   24   24   27   34   46   62
   81  101  121  139  155  169  180  190  199  207  217  226  235  245  254  262
  270  277  282  285  286  282  272  256  234
    62.5-180.0 180.0   5.0 450.0                            LAT/LON1/LON2/DLON/H
  238  215  186  155  125   99   80   69   63   60   56   50   41   32   24   18
   17   19   24   30   36   41   45   48   50   50   51   50   50   48   47   45
   42   38   35   31   27   25   23   21   20   20   20   22   28   39   55   75
   98  122  144  162  175  185  191  195  198  201  205  209  214  219  224  229
  235  241  247  254  259  262  261  253  238
    60.0-180.0 180.0   5.0 450.0                            LAT/LON1/LON2/DLON/H
  234  217  192  161  131  104   83   71   65   61   57   50   41   32   24   20
   20   24   30   35   40   43   45   46   46   46   45   44   43   42   41   39
   37   34   30   26   22   20   18   18   18   19   20   23   31   44   63   87
  114  140  163  180  191  197  199  199  198  198  199  200  202  203  204  206
  208  211  215  222  229  237  242  242  234
    57.5-180.0 180.0   5.0 450.0                            LAT/LON1/LON2/DLON/H
  225  214  193  165  134  106   84   70   63   60   57   51   44   36   30   29
   32   37   43   47   48   47   46   44   42   40   39   37   36   35   34   34
   33   32   29   26   23   21   21   22   23   23   24   27   35   48   68   95
  123  151  174  190  200  204  204  202  201  200  201  202  203  202  201  199
  196  195  195  198  205  213  222  227  225
    55.0-180.0 180.0   5.0 450.0                            LAT/LON1/LON2/DLON/H
  216  211  195  169  139  110   86   71   63   59   56   52   47   42   40   42
   47   54   58   59   56   51   46   42   39   37   35   33   30   29   30   31
   33   34   34   33   31   31   31   33   34   34   33   34   39   51   71   98
  127  155  177  193  201  205  205  205  205  208  211  213  215  214  212  207
  202  196  191  188  190  196  205  213  216
    52.5-180.0 180.0   5.0 450.0                            LAT/LON1/LON2/DLON/H
  210  209  199  178  150  121   96   78   67   61   57   53   49   47   48   53
   61   67   70   68   61   53   46   42   40   39   37   34   31   29   30   33
   37   41   44   45   45   45   47   48   49   48   45   42   44   54   72   98
  127  154  176  190  199  203  205  208  212  218  225  230  233  234  231  226
  218  209  200  191  186  187  194  203  210
    50.0-180.0 180.0   5.0 450.0                            LAT/LON1/LON2/DLON/H
  205  210  205  191  168  141  115   94   79   68   61   56   52   50   53   59
   67   73   74   70   61   52   47   45   47   48   47   43   38   34   34   38
   44   51   56   59   61   62   64   66   66   64   58   52   51   58   75   99
  127  153  173  188  197  203  208  214  222  232  240  247  251  251  249  244
  237  227  215  202  191  186  189  196  205
    47.5-180.0 180.0   5.0 450.0                            LAT/LON1/LON2/DLON/H
  201  209  211  204  188  166  142  118   98   82   70   61   55   52   54   60
   67   72   72   66   58   52   50   53   60   64   64   59   52   45   43   46
   52   60   67   72   76   78   80   82   83   79   72   64   60   65   81  104
  131  155  175  189  199  207  216  225  235  245  254  260  262  260  257  254
  249  241  229  214  200  189  187  192  201
    45.0-180.0 180.0   5.0 450.0                            LAT/LON1/LON2/DLON/H
  195  203  210  211  205  191  170  147  123  101   83   69   59   54   53   57
   62   66   66   63   57   55   57   66   77   85   86   79   68   58   52   53
   58   66   74   81   85   89   92   95   96   93   85   76   72   76   91  115
  140  163  181  196  207  218  229  239  249  258  264  266  264  259  254  251
  249  245  237  223  207  193  187  188  195
    42.5-180.0 180.0   5.0 450.0                            LAT/LON1/LON2/DLON/H
  185  191  199  206  209  206  193  172  147  121   98   80   67   58   55   55
   58   62   65   65   64   65   71   83   96  105  105   96   83   69   61   58
   62   69   77   84   90   94   98  102  105  103   97   89   85   91  106  130
  154  176  193  207  221  234  246  257  265  270  271  268  260  249  241  238
  240  241  238  228  213  198  188  183  185
    40.0-180.0 180.0   5.0 450.0                            LAT/LON1/LON2/DLON/H
  176  173  177  186  198  204  202  187  164  137  112   92   77   67   61   59
   61   67   73   78   81   84   90  100  111  119  117  107   92   77   67   62
   63   68   76   84   91   96  100  105  110  111  108  102  100  107  123  147
  170  189  205  220  236  252  265  274  279  281  278  270  257  242  231  227
  230  236  238  233  222  207  194  183  176
    37.5-180.0 180.0   5.0 450.0                            LAT/LON1/LON2/DLON/H
  174  158  151  156  170  186  193  186  168  144  121  102   89   79   73   70
   73   81   92  102  107  109  110  114  119  122  119  108   94   81   71   66
   66   69   76   84   91   96  101  106  113  117  116  113  113  121  139  162
  183  200  215  231  249  267  282  290  293  293  289  279  265  247  234  229
  233  242  248  247  240  228  212  194  174
    35.0-180.0 180.0   5.0 450.0                            LAT/LON1/LON2/DLON/H
  191  156  132  125  136  155  169  170  158  140  122  108   99   92   87   86
   90  103  119  133  139  135  127  120  117  115  110  102   92   84   79   76
   75   76   81   87   93   97  101  106  114  119  121  121  123  132  150  172
  191  206  220  237  258  279  295  304  307  308  307  302  291  276  262  257
  261  270  277  280  276  266  250  224  191
    32.5-180.0 180.0   5.0 450.0                            LAT/LON1/LON2/DLON/H
  235  181  135  110  109  124  140  145  139  126  115  108  105  103  101  101
  109  125  146  163  166  155  135  117  106  101   97   93   90   91   93   94
   94   93   94   98  101  102  103  106  113  119  123  124  128  138  156  176
  192  205  219  238  263  287  306  317  323  330  337  342  339  331  321  316
  319  327  334  337  335  329  313  282  235
    30.0-180.0 180.0   5.0 450.0                            LAT/LON1/LON2/DLON/H
  312  241  173  126  107  109  119  122  118  109  103  103  105  107  109  112
  121  140  164  181  181  162  133  106   91   86   87   90   97  107  118  125
  124  120  117  116  114  110  106  106  110  116  120  122  128  139  156  175
  189  201  216  238  267  295  317  332  344  359  378  397  408  409  406  404
  406  411  415  417  417  414  400  367  312
    27.5-180.0 180.0   5.0 450.0                            LAT/LON1/LON2/DLON/H
  417  336  251  182  142  125  120  115  106   97   94   96  102  107  110  114
  124  142  166  182  179  156  121   93   80   81   90  101  117  136  155  166
  165  157  147  138  129  119  108  103  104  109  113  117  124  137  154  172
  186  200  217  243  276  308  333  352  371  396  428  462  487  501  506  508
  510  512  512  512  513  513  505  475  417
    25.0-180.0 180.0   5.0 450.0                            LAT/LON1/LON2/DLON/H
  539  458  364  279  217  179  153  133  114  100   94   96  102  107  109  111
  118  132  152  166  162  138  106   84   81   93  112  131  152  177  201  214
  211  196  178  161  143  125  109   98   96   98  103  108  118  134  153  172
  188  205  227  257  293  328  357  380  405  439  483  529  567  591  603  609
  612  612  610  608  609  613  612  591  539
    22.5-180.0 180.0   5.0 450.0                            LAT/LON1/LON2/DLON/H
  657  587  497  405  327  267  220  180  147  124  112  110  112  113  113  110
  110  117  130  140  137  118   97   88  101  127  154  177  200  225  249  259
  252  230  203  178  153  128  105   91   85   86   91  100  114  134  157  178
  198  220  247  282  322  359  389  416  445  484  534  587  633  663  680  689
  693  694  692  689  690  697  703  695  657
    20.0-180.0 180.0   5.0 450.0                            LAT/LON1/LON2/DLON/H
  750  700  624  537  453  378  312  253  205  171  152  143  139  136  131  122
  113  109  113  118  117  109  102  112  142  180  213  235  253  272  290  295
  281  252  218  185  154  125   99   82   75   75   81   93  113  138  165  191
  217  245  278  318  359  396  428  455  486  527  577  630  675  707  725  734
  740  743  742  740  741  749  762  768  750
    17.5-180.0 180.0   5.0 450.0                            LAT/LON1/LON2/DLON/H
  799  775  722  651  571  490  412  339  280  237  211  196  187  180  171  157
  138  122  115  116  118  120  129  155  199  246  279  294  300  309  316  313
  291  256  218  182  149  118   91   74   66   66   74   90  116  147  179  209
  240  275  315  357  398  435  466  494  524  561  605  652  692  718  733  740
  747  753  756  756  757  764  780  796  799
    15.0-180.0 180.0   5.0 450.0                            LAT/LON1/LON2/DLON/H
  797  797  772  723  657  581  501  423  358  312  282  265  254  246  235  217
  191  164  147  143  148  158  178  215  266  312  338  341  334  328  323  310
  282  244  205  171  139  110   85   69   62   63   72   92  122  158  194  228
  264  305  349  392  432  467  497  524  552  583  618  654  684  702  710  714
  721  730  738  741  740  743  756  778  797
    12.5-180.0 180.0   5.0 450.0                            LAT/LON1/LON2/DLON/H
  749  767  766  742  697  635  562  488  426  381  354  338  330  325  318  300
  270  235  210  201  207  221  246  283  329  367  381  369  347  328  311  289
  256  218  183  155  129  104   83   69   63   64   74   97  131  170  207  243
  283  327  374  416  453  486  515  542  567  592  617  642  661  670  671  670
  675  687  700  705  701  697  703  723  749
    10.0-180.0 180.0   5.0 450.0                            LAT/LON1/LON2/DLON/H
  674  699  713  709  686  644  586  525  471  434  414  404  402  404  403  390
  361  323  294  282  287  300  319  346  378  400  398  374  340  311  285  257
  221  187  159  139  121  103   86   74   68   69   80  104  140  179  216  252
  292  338  385  425  459  489  518  545  569  588  606  623  634  637  632  627
  630  643  658  665  659  646  640  650  674
     7.5-180.0 180.0   5.0 450.0                            LAT/LON1/LON2/DLON/H
  596  616  633  642  637  615  577  531  490  463  451  449  455  465  474  470
  446  411  381  369  371  378  384  394  405  407  391  357  318  284  253  221
  186  157  139  129  119  106   92   82   76   76   86  111  146  184  219  252
  291  337  381  418  448  476  507  536  559  577  591  605  615  615  608  600
  601  613  629  636  627  607  589  584  596
     5.0-180.0 180.0   5.0 450.0                            LAT/LON1/LON2/DLON/H
  541  546  556  566  572  566  546  515  486  468  463  467  478  496  513  518
  503  475  450  439  439  437  429  417  406  391  364  327  289  255  224  191
  159  135  126  125  122  112   99   89   82   82   92  115  149  185  216  247
  283  326  367  400  427  454  486  517  542  561  578  595  609  613  608  600
  599  609  623  630  619  594  566  547  541
     2.5-180.0 180.0   5.0 450.0                            LAT/LON1/LON2/DLON/H
  527  512  506  508  516  520  511  492  470  456  452  456  468  488  511  523
  517  498  481  475  474  465  443  415  387  360  329  295  261  232  204  172
  142  124  121  126  127  118  104   93   86   85   95  118  150  183  211  238
  272  312  349  378  402  430  463  496  524  547  570  595  618  631  631  625
  623  630  641  646  636  612  581  551  527
