ionex_data/COD0OPSFIN_20230200000_01D_01H_GIM.INX
     1.0            IONOSPHERE MAPS     GNSS                IONEX VERSION / TYPE
ADDNEQ2 V5.5        AIUB                24-JAN-23 21:20     PGM / RUN BY / DATE 
CODE'S GLOBAL IONOSPHERE MAPS FOR DAY 020, 2023             COMMENT             
Global ionosphere maps (GIM) are generated on a daily basis DESCRIPTION         
at CODE using data from about 300 GNSS sites of the IGS and DESCRIPTION         
other institutions. The vertical total electron content     DESCRIPTION         
(VTEC) is modeled in a solar-geomagnetic reference frame    DESCRIPTION         
using a spherical harmonics expansion up to degree and      DESCRIPTION         
order 15. Piece-wise linear functions are used for          DESCRIPTION         
representation in the time domain. The time spacing of      DESCRIPTION         
their vertices is 1 hour, conforming with the epochs of the DESCRIPTION         
VTEC maps.                                                  DESCRIPTION         
To convert line-of-sight TEC into vertical TEC, a modified  DESCRIPTION         
single-layer model mapping function approximating the JPL   DESCRIPTION         
extended slab model mapping function is adopted. The        DESCRIPTION         
mapping function is evaluated at geodetic satellite         DESCRIPTION         
elevation angles. For the computation of the ionospheric    DESCRIPTION         
pierce points, a spherical layer with a radius of 6821 km   DESCRIPTION         
is assumed, implying geocentric, not geodetic IONEX         DESCRIPTION         
latitudes.                                                  DESCRIPTION         
Instrumental biases with respect to each involved GNSS code DESCRIPTION         
observable are estimated as constant values for each        DESCRIPTION         
day. They are modeled with one set of bias parameters for   DESCRIPTION         
each satellite and each station in case of GPS and for each DESCRIPTION         
satellite-station link in case of GLONASS. The code bias    DESCRIPTION         
datum is defined by zero-mean conditions imposed on the     DESCRIPTION         
satellite bias estimates. In this file, just GPS C1W-C2W    DESCRIPTION         
satellite and station bias values are included. The         DESCRIPTION         
complete set of GNSS code bias results is provided in an    DESCRIPTION         
additional Bias-SINEX file as pseudo-absolute values        DESCRIPTION         
specific to each observable.                                DESCRIPTION         
Note: These GIM results correspond to the results for the   DESCRIPTION         
middle day of a 3-day combination analysis solving for 73   DESCRIPTION         
times 256, or 18688 VTEC parameters and 3 daily sets of     DESCRIPTION         
GNSS code bias parameters.                                  DESCRIPTION         
Contact address: code(at)aiub.unibe.ch                      DESCRIPTION         
Data archive:    ftp.aiub.unibe.ch/CODE/                    DESCRIPTION         
                 www.aiub.unibe.ch/download/CODE/           DESCRIPTION         
  2023     1    20     0     0     0                        EPOCH OF FIRST MAP  
  2023     1    21     0     0     0                        EPOCH OF LAST MAP   
  3600                                                      INTERVAL            
[...]
bake barh bndy boav bogo bogt bor1 braz brst brux bshm cas1 COMMENT             
ccj2 cedu chpg chpi chti chur ckis cnmr coco cord cpvg cpxf COMMENT             
crar cro1 daej darw dav1 dgar dhlg drao dubo ebre faa1 fair COMMENT             
flrs frdn ftna func ganp glps gode godz gol2 gold gope gras COMMENT             
graz guam guug harb hers hert hlfx hob2 hofn holb hrao hyde COMMENT             
iddr ieng iisc ineg invk iqal isba jog2 joz2 joze karr kerg COMMENT             
kir0 kiru kit3 kokb kokv koug kour krgg laut lmmf lpal lpgs COMMENT             
m0se mac1 madr mal2 mana mas1 mat1 mate maw1 mcm4 mdo1 mdvj COMMENT             
medi mets mgue mizu mkea mnls mobs monp morp mqzg mro1 mtka COMMENT             
nano nico nist nium nklg nlib nnor not1 nrc1 nrmd ntus nya1 COMMENT             
nyal ohi2 onsa opmt ous2 pado park pdel penc pert pie1 pimo COMMENT             
pohn pol2 polv pots pove prds ptag ptbb ptvl qaq1 quin ramo COMMENT             
reun reyk rgdg rio2 riop salu samo sant savo sch2 scor scrz COMMENT             
sctb scub seyg sofi spt0 ssia sthl stjo stk2 str2 suth sutm COMMENT             
sydn syog tabl tabv tash thtg thti thu2 tid1 tidb tlse tn22 COMMENT             
tong tow2 tro1 tsea tskb tuva twtf txes uclu ufpr ulab unb3 COMMENT             
unbj unsa urum usn7 usud vald vill voim vtsp wab1 wab2 wark COMMENT             
wes2 wgtn whit will wind wsrt wtza wtzl wtzr wtzs wuhn xmis COMMENT             
yar2 yar3 yarr yell ykro zamb zeck zim2 zim3 zimm           COMMENT             
                                                            END OF HEADER       
     1                                                      START OF TEC MAP    
  2023     1    20     0     0     0                        EPOCH OF CURRENT MAP
    87.5-180.0 180.0   5.0 450.0                            LAT/LON1/LON2/DLON/H
  153  155  157  159  161  163  165  167  169  171  172  174  175  176  177  178
  178  178  178  178  178  178  177  176  175  174  173  172  170  168  167  165
  163  161  159  157  156  154  152  150  148  146  145  143  142  140  139  138
  136  135  134  134  133  132  132  132  132  132  132  133  133  134  135  136
  138  139  141  142  144  146  148  150  153
    85.0-180.0 180.0   5.0 450.0                            LAT/LON1/LON2/DLON/H
  145  149  153  158  162  166  169  173  176  179  182  184  186  188  189  190
  190  191  191  190  190  189  187  186  184  182  179  177  174  171  168  164
  161  158  154  151  147  144  141  138  135  132  129  127  125  122  120  118
  117  115  113  112  110  109  108  107  107  107  107  107  108  109  111  113
  116  118  122  125  129  133  137  141  145
    82.5-180.0 180.0   5.0 450.0                            LAT/LON1/LON2/DLON/H
  140  145  151  156  162  167  171  176  180  183  186  188  190  191  191  192
  191  191  190  190  189  187  186  184  182  179  177  173  170  166  162  157
  153  148  143  139  134  130  126  123  119  117  114  112  109  107  105  103
  101   99   97   95   93   91   89   87   86   85   85   85   86   88   90   94
   97  102  106  111  117  122  128  134  140
    80.0-180.0 180.0   5.0 450.0                            LAT/LON1/LON2/DLON/H
  142  148  154  160  165  170  175  179  182  185  186  187  187  186  184  183
  181  179  177  176  175  174  173  172  170  169  166  163  160  156  151  146
  141  136  131  126  121  116  112  108  105  103  101   99   98   97   96   95
   93   91   89   86   83   79   76   73   71   69   69   69   71   73   77   82
   88   94  101  108  115  122  129  136  142
    77.5-180.0 180.0   5.0 450.0                            LAT/LON1/LON2/DLON/H
  156  162  167  172  176  180  183  186  188  188  188  185  181  177  171  166
  160  156  153  151  150  151  151  152  153  153  152  150  147  144  140  135
  130  125  120  114  109  105  100   97   94   93   92   92   92   92   93   93
   92   90   87   83   79   74   69   65   62   60   59   60   63   68   74   81
   90   99  108  117  126  135  143  150  156
    75.0-180.0 180.0   5.0 450.0                            LAT/LON1/LON2/DLON/H
  182  186  189  192  194  196  198  199  199  198  194  187  179  168  157  146
  136  128  123  121  121  124  127  131  134  137  137  137  135  132  128  124
  120  115  110  105  101   96   92   89   87   86   86   87   89   92   94   95
   95   93   90   85   79   72   66   61   57   55   55   58   63   71   80   90
  102  115  127  140  151  161  170  177  182
    72.5-180.0 180.0   5.0 450.0                            LAT/LON1/LON2/DLON/H
  216  218  219  218  218  218  218  218  217  214  207  197  182  165  147  129
  114  102   95   92   94   99  106  113  119  123  125  125  123  120  117  113
  110  106  102   98   94   90   86   83   81   81   82   84   88   92   96   99
   99   97   93   87   79   71   63   57   54   53   55   61   69   80   93  107
  122  138  154  169  183  195  205  212  216
    70.0-180.0 180.0   5.0 450.0                            LAT/LON1/LON2/DLON/H
  253  253  250  247  244  242  241  241  240  236  228  214  195  172  147  122
  100   84   74   72   75   83   93  102  110  114  116  115  112  108  104  101
   98   95   93   90   87   84   80   78   76   75   77   81   86   91   96  100
  101   99   94   86   76   67   58   53   50   52   58   67   78   93  108  125
  143  162  181  199  216  230  242  249  253
    67.5-180.0 180.0   5.0 450.0                            LAT/LON1/LON2/DLON/H
  286  285  280  273  267  263  262  262  263  260  253  239  217  189  158  127
  100   79   68   65   69   79   90  100  107  110  109  105  100   94   89   85
   83   81   80   79   77   75   72   70   68   68   70   74   80   87   93   97
   98   95   89   80   69   58   50   46   46   51   60   73   89  106  123  142
  161  180  201  222  241  259  273  282  286
    65.0-180.0 180.0   5.0 450.0                            LAT/LON1/LON2/DLON/H
  311  310  303  294  286  280  278  280  282  283  278  265  244  215  181  146
  115   91   77   72   76   85   96  105  110  110  105   97   87   79   72   67
   65   64   64   64   63   62   61   59   58   58   61   65   71   78   84   89
   89   86   79   68   57   46   39   37   40   49   63   80   98  117  135  153
  171  190  211  233  256  277  294  306  311
    62.5-180.0 180.0   5.0 450.0                            LAT/LON1/LON2/DLON/H
  328  328  321  310  299  291  288  290  295  299  298  289  271  244  211  176
  143  117  100   93   94  101  109  114  115  110  100   88   76   65   56   51
   48   47   47   47   47   47   47   46   46   47   50   55   60   67   73   76
   76   72   65   54   42   33   27   27   34   47   65   85  106  125  142  158
  174  191  211  234  258  283  304  320  328
    60.0-180.0 180.0   5.0 450.0                            LAT/LON1/LON2/DLON/H
  338  341  335  324  311  300  295  296  301  307  309  306  293  272  243  211
  180  152  133  121  118  120  123  124  120  110   97   82   68   56   47   40
   36   34   32   32   33   33   34   35   36   38   41   45   50   55   60   62
   62   58   50   40   30   21   18   21   30   47   67   89  111  130  146  159
  173  188  206  229  254  281  306  326  338
    57.5-180.0 180.0   5.0 450.0                            LAT/LON1/LON2/DLON/H
  345  352  349  339  325  312  303  300  303  308  312  313  307  294  273  247
  219  191  168  152  142  138  135  131  123  111   96   81   67   55   46   39
   33   29   26   24   24   24   26   28   30   33   36   39   43   46   49   50
   49   46   40   31   23   16   14   19   30   48   70   93  114  133  147  159
  171  184  202  224  250  278  306  329  345
    55.0-180.0 180.0   5.0 450.0                            LAT/LON1/LON2/DLON/H
  353  364  365  358  345  330  317  309  306  307  309  312  312  307  296  278
  254  227  200  178  162  152  145  137  127  114   99   86   74   64   56   48
   41   34   28   25   23   24   26   28   31   34   37   40   41   43   43   43
   42   40   36   30   24   19   19   23   35   52   73   96  117  135  149  161
  173  187  204  226  252  280  308  334  353
    52.5-180.0 180.0   5.0 450.0                            LAT/LON1/LON2/DLON/H
  362  377  383  381  371  356  340  326  315  309  306  307  310  313  310  299
  280  253  224  197  176  162  152  143  133  120  108   96   87   80   73   66
   57   47   39   34   32   32   34   37   40   43   46   47   47   46   44   43
   42   42   40   37   34   31   30   34   44   59   78   99  120  137  153  167
  181  197  216  238  263  289  315  340  362
    50.0-180.0 180.0   5.0 450.0                            LAT/LON1/LON2/DLON/H
  369  387  400  405  401  389  372  353  335  319  309  305  308  314  316  311
  295  268  237  208  185  170  161  152  143  132  120  110  103   97   92   84
   74   64   55   50   48   49   50   52   55   57   60   60   59   56   52   50
   50   51   52   52   51   49   48   50   56   68   85  104  124  142  159  176
  194  214  236  259  281  304  326  347  369
    47.5-180.0 180.0   5.0 450.0                            LAT/LON1/LON2/DLON/H
  370  391  410  422  427  421  407  387  363  339  321  310  309  314  318  315
  299  273  243  214  194  181  174  168  159  147  134  123  115  110  104   96
   86   77   70   67   67   68   70   71   73   75   77   78   76   71   66   63
   63   65   68   71   71   69   67   66   69   78   93  111  130  149  168  187
  209  233  258  282  303  320  335  352  370
    45.0-180.0 180.0   5.0 450.0                            LAT/LON1/LON2/DLON/H
  364  384  407  428  441  445  437  420  395  367  342  325  319  319  320  314
  298  273  245  221  205  197  194  188  177  162  145  130  119  111  105   97
   88   81   78   79   83   87   89   89   90   92   95   96   95   90   84   80
   79   81   86   89   90   88   83   80   81   89  103  121  140  159  178  199
  223  250  278  303  322  333  341  350  364
    42.5-180.0 180.0   5.0 450.0                            LAT/LON1/LON2/DLON/H
  350  368  393  419  440  452  454  443  423  397  370  349  336  330  324  313
  295  271  248  231  222  220  218  210  195  173  150  129  113  102   94   86
   80   77   79   86   94  101  104  103  103  106  110  114  113  108  102   96
   95   96   99  102  103   99   94   89   89   98  113  133  153  171  189  209
  234  262  292  317  334  341  341  342  350
    40.0-180.0 180.0   5.0 450.0                            LAT/LON1/LON2/DLON/H
  336  348  371  398  424  443  453  452  440  421  398  377  361  348  334  316
  295  274  257  248  246  246  242  229  206  176  146  119  100   87   78   72
   68   68   75   86   99  109  112  111  111  115  122  128  129  124  117  110
  107  106  107  108  107  102   96   91   93  105  125  148  169  186  201  218
  240  269  299  324  340  344  340  334  336
    37.5-180.0 180.0   5.0 450.0                            LAT/LON1/LON2/DLON/H
  331  338  355  378  402  422  437  445  443  433  419  403  387  369  348  325
  301  284  274  271  272  270  259  237  206  170  136  108   89   78   70   65
   62   64   72   86  101  112  115  115  115  120  129  137  140  136  128  119
  113  109  107  105  102   97   90   87   93  110  137  165  187  202  213  227
  247  274  304  330  347  351  344  335  331
    35.0-180.0 180.0   5.0 450.0                            LAT/LON1/LON2/DLON/H
  350  351  359  373  389  404  418  428  433  433  429  422  410  391  365  338
  315  301  297  297  296  285  263  231  194  157  126  105   93   87   83   79
   76   75   80   91  104  113  116  115  116  122  133  143  146  142  133  123
  114  106  101   96   91   85   79   79   90  115  149  182  206  219  228  239
  259  286  316  344  363  370  366  357  350
    32.5-180.0 180.0   5.0 450.0                            LAT/LON1/LON2/DLON/H
  404  400  400  401  402  405  410  415  421  426  430  431  425  409  382  354
  332  323  322  321  311  288  254  213  175  144  126  120  121  125  127  123
  116  108  104  107  112  117  118  116  117  124  135  145  148  143  132  121
  109   99   90   82   76   70   66   69   87  119  161  199  225  238  246  258
  280  310  343  374  397  411  414  410  404
    30.0-180.0 180.0   5.0 450.0                            LAT/LON1/LON2/DLON/H
  496  492  484  472  457  442  431  423  419  420  426  433  434  421  397  370
  352  345  344  337  315  278  233  191  159  144  146  161  181  197  204  199
  184  164  146  134  129  127  124  120  121  127  137  145  146  139  128  115
  102   89   77   68   62   57   55   62   86  126  174  217  244  257  268  286
  316  353  391  426  454  476  490  495  496
    27.5-180.0 180.0   5.0 450.0                            LAT/LON1/LON2/DLON/H
  618  618  608  586  557  524  493  464  441  428  427  434  438  429  408  384
  369  364  360  343  308  261  213  177  160  167  193  232  270  297  306  297
  271  235  199  171  152  142  135  130  129  132  139  144  143  134  121  108
   94   80   67   57   51   48   49   60   89  136  189  235  263  278  294  323
  366  413  458  497  531  562  588  607  618
    25.0-180.0 180.0   5.0 450.0                            LAT/LON1/LON2/DLON/H
  754  763  756  731  694  648  597  544  496  460  443  442  444  436  417  395
  382  377  367  341  298  248  208  187  191  219  267  324  375  408  415  398
  359  308  255  210  179  162  152  145  141  141  144  144  139  129  115  102
   88   73   60   51   46   45   49   64   98  150  207  254  283  300  325  367
  425  485  537  580  618  657  695  730  754
    22.5-180.0 180.0   5.0 450.0                            LAT/LON1/LON2/DLON/H
  878  900  902  883  846  795  732  660  584  521  480  464  458  447  427  406
  393  384  368  335  292  252  230  232  256  301  360  424  477  507  508  479
  429  366  300  244  204  183  171  164  158  153  150  145  137  125  111   98
   84   70   58   50   47   48   55   74  113  169  229  276  304  325  358  414
  487  559  616  659  699  742  791  839  878
    20.0-180.0 180.0   5.0 450.0                            LAT/LON1/LON2/DLON/H
  965 1000 1015 1009  984  941  877  792  695  605  540  504  486  467  443  419
  403  389  368  336  303  285  290  316  354  401  456  511  554  573  561  523
  465  395  325  265  223  201  192  185  176  166  157  148  137  124  111   98
   85   72   60   54   52   56   66   89  132  191  253  299  327  351  391  459
  543  622  680  721  757  802  857  915  965
    17.5-180.0 180.0   5.0 450.0                            LAT/LON1/LON2/DLON/H
  997 1042 1071 1083 1078 1053 1001  917  810  701  614  560  527  499  468  438
  417  399  376  351  338  350  387  432  472  504  535  566  588  589  564  517
  457  391  326  271  234  216  211  205  195  180  165  152  139  126  113  100
   88   76   66   61   60   65   79  107  154  216  278  324  352  378  423  497
  586  665  719  753  783  824  879  940  997
    15.0-180.0 180.0   5.0 450.0                            LAT/LON1/LON2/DLON/H
  969 1017 1056 1086 1105 1107 1078 1009  905  790  692  624  579  541  502  467
  439  418  398  387  400  446  510  564  588  587  578  574  570  552  516  467
  413  359  308  265  238  228  227  224  212  193  173  157  144  131  118  105
   93   83   74   70   70   76   93  125  176  241  303  349  377  404  451  525
  611  683  728  752  773  807  856  913  969
    12.5-180.0 180.0   5.0 450.0                            LAT/LON1/LON2/DLON/H
  889  932  974 1018 1060 1090 1091 1049  963  856  758  686  635  591  546  505
  473  451  438  444  485  559  639  686  678  631  575  534  505  473  432  387
  347  312  280  255  240  238  242  241  227  203  180  162  149  138  125  111
  100   91   85   80   80   87  106  143  198  263  325  370  399  427  474  543
  619  679  711  723  735  760  799  844  889
    10.0-180.0 180.0   5.0 450.0                            LAT/LON1/LON2/DLON/H
  781  810  847  896  954 1009 1040 1029  972  886  802  735  686  640  593  551
  519  499  495  519  581  672  751  774  722  623  524  454  410  375  338  304
  281  268  258  249  245  249  256  255  239  212  186  167  155  144  131  118
  108  101   96   92   91   98  120  160  217  282  341  386  416  446  490  551
  613  658  676  680  684  701  726  754  781
     7.5-180.0 180.0   5.0 450.0                            LAT/LON1/LON2/DLON/H
  675  684  707  752  815  885  941  960  934  878  816  765  724  683  640  601
  572  558  564  600  674  764  824  807  707  563  435  354  313  287  262  243
  238  246  254  257  258  263  270  266  247  218  190  172  161  151  139  126
  117  113  110  106  104  110  133  176  233  295  351  394  426  458  501  552
  601  631  639  637  639  650  663  671  675
     5.0-180.0 180.0   5.0 450.0                            LAT/LON1/LON2/DLON/H
  600  586  592  624  682  754  822  863  867  841  805  772  745  715  681  650
  628  621  635  677  747  818  842  779  636  465  330  260  239  233  225  222
  232  253  271  279  279  280  282  274  253  222  194  176  167  158  146  134
  127  126  126  122  117  123  147  190  245  302  353  394  428  463  505  550
  587  607  610  610  615  624  628  618  600
     2.5-180.0 180.0   5.0 450.0                            LAT/LON1/LON2/DLON/H
  575  543  530  546  589  651  718  769  793  791  778  764  752  735  713  692
  680  681  699  738  790  827  805  697  525  351  236  198  210  229  238  246
  264  290  308  312  304  297  290  279  255  224  197  181  173  166  155  144
  140  142  143  138  132  136  159  202  254  305  350  388  424  462  505  546
  576  592  598  605  619  633  634  612  575
