ionex_data/COD0OPSFIN_20230430000_01D_01H_GIM.INX
     1.0            IONOSPHERE MAPS     GNSS                IONEX VERSION / TYPE
ADDNEQ2 V5.5        AIUB                16-FEB-23 21:28     PGM / RUN BY / DATE 
CODE'S GLOBAL IONOSPHERE MAPS FOR DAY 043, 2023             COMMENT             
Global ionosphere maps (GIM) are generated on a daily basis DESCRIPTION         
at CODE using data from about 300 GNSS sites of the IGS and DESCRIPTION         
other institutions. The vertical total electron content     DESCRIPTION         
(VTEC) is modeled in a solar-geomagnetic reference frame    DESCRIPTION         
using a spherical harmonics expansion up to degree and      DESCRIPTION         
order 15. Piece-wise linear functions are used for          DESCRIPTION         
representation in the time domain. The time spacing of      DESCRIPTION         
their vertices is 1 hour, conforming with the epochs of the DESCRIPTION         
VTEC maps.                                                  DESCRIPTION         
To convert line-of-sight TEC into vertical TEC, a modified  DESCRIPTION         
single-layer model mapping function approximating the JPL   DESCRIPTION         
extended slab model mapping function is adopted. The        DESCRIPTION         
mapping function is evaluated at geodetic satellite         DESCRIPTION         
elevation angles. For the computation of the ionospheric    DESCRIPTION         
pierce points, a spherical layer with a radius of 6821 km   DESCRIPTION         
is assumed, implying geocentric, not geodetic IONEX         DESCRIPTION         
latitudes.                                                  DESCRIPTION         
Instrumental biases with respect to each involved GNSS code DESCRIPTION         
observable are estimated as constant values for each        DESCRIPTION         
day. They are modeled with one set of bias parameters for   DESCRIPTION         
each satellite and each station in case of GPS and for each DESCRIPTION         
satellite-station link in case of GLONASS. The code bias    DESCRIPTION         
datum is defined by zero-mean conditions imposed on the     DESCRIPTION         
satellite bias estimates. In this file, just GPS C1W-C2W    DESCRIPTION         
satellite and station bias values are included. The         DESCRIPTION         
complete set of GNSS code bias results is provided in an    DESCRIPTION         
additional Bias-SINEX file as pseudo-absolute values        DESCRIPTION         
specific to each observable.                                DESCRIPTION         
Note: These GIM results correspond to the results for the   DESCRIPTION         
middle day of a 3-day combination analysis solving for 73   DESCRIPTION         
times 256, or 18688 VTEC parameters and 3 daily sets of     DESCRIPTION         
GNSS code bias parameters.                                  DESCRIPTION         
Contact address: code(at)aiub.unibe.ch                      DESCRIPTION         
Data archive:    ftp.aiub.unibe.ch/CODE/                    DESCRIPTION         
                 www.aiub.unibe.ch/download/CODE/           DESCRIPTION         
  2023     2    12     0     0     0                        EPOCH OF FIRST MAP  
  2023     2    13     0     0     0                        EPOCH OF LAST MAP   
  3600                                                      INTERVAL            
[...]
brux bshm cags cas1 ccj2 cedu chpg chpi chti chur ckis coco COMMENT             
cord cpvg cpxf crar cro1 daej darw dav1 dhlg drao dubo ebre COMMENT             
faa1 fair flrs frdn ftna func ganp glps glsv gode godz gol2 COMMENT             
gold gope gras graz guam guug harb hers hert hlfx hob2 hofn COMMENT             
holb hrao hyde iddr ieng iisc ineg invk iqal irkj isba jog2 COMMENT             
joz2 joze karr kerg kir0 kiri kiru kit3 kokb kokv kouc koug COMMENT             
kour krgg laut lmmf lpal lpgs m0se mac1 madr mal2 mana mas1 COMMENT             
mat1 mate maw1 mcm4 mdo1 mdvj medi mets mgue mizu mkea mnls COMMENT             
mobs monp morp mqzg mro1 mtka nano nico nist nium nklg nlib COMMENT             
nnor not1 nrc1 nrmd ntus nya1 nyal ohi2 onsa opmt ous2 pado COMMENT             
parc park pdel penc pert pie1 pimo pohn pol2 polv pots pove COMMENT             
prds ptag ptbb ptvl qaq1 quin ramo reun reyk rgdg rio2 riop COMMENT             
salu samo sant savo sch2 scor scrz sctb scub seyg smst sofi COMMENT             
spt0 ssia sthl stjo stk2 str2 suth sutm suwn sydn syog tabl COMMENT             
tabv tash thtg thti thu2 tid1 tidb tlse tn22 tong tow2 tro1 COMMENT             
tsea tskb tuva twtf txes uclu ufpr ulab unb3 unbj unsa urum COMMENT             
usn7 usud vald vill voim vtsp wab1 wab2 wark wes2 wgtn whit COMMENT             
will wsrt wtza wtzl wtzr wtzs wtzz wuhn xmis yar2 yar3 yarr COMMENT             
ykro zamb zeck zim2 zim3 zimm                               COMMENT             
                                                            END OF HEADER       
[from data line 9009]
    22                                                      START OF TEC MAP    
  2023     2    12    21     0     0                        EPOCH OF CURRENT MAP
    87.5-180.0 180.0   5.0 450.0                            LAT/LON1/LON2/DLON/H
  139  144  149  156  162  169  176  184  192  199  207  214  222  228  235  241
  247  252  257  261  265  268  270  272  274  274  274  274  273  271  270  267
  264  261  257  253  249  244  239  234  229  223  217  212  206  200  194  188
  182  176  170  165  159  154  149  144  140  136  132  129  126  124  122  121
  120  120  121  122  124  127  130  134  139
    85.0-180.0 180.0   5.0 450.0                            LAT/LON1/LON2/DLON/H
   85   94  106  118  132  146  161  177  193  209  225  241  255  269  282  293
  304  313  321  327  332  337  340  342  343  343  342  340  337  334  330  325
  320  314  307  300  293  285  277  268  259  250  241  231  222  212  203  193
  183  173  164  154  145  135  126  117  108  100   92   85   79   73   68   64
   61   59   58   59   61   65   70   77   85
    82.5-180.0 180.0   5.0 450.0                            LAT/LON1/LON2/DLON/H
   43   56   70   88  108  129  152  176  201  225  249  272  292  311  328  342
  354  364  372  378  382  385  386  387  386  385  383  381  377  373  368  362
  356  349  341  333  324  315  305  295  285  275  264  254  243  232  221  209
  198  187  175  163  152  140  128  116  104   92   81   70   60   51   42   34
   28   23   20   18   19   21   26   33   43
    80.0-180.0 180.0   5.0 450.0                            LAT/LON1/LON2/DLON/H
   22   34   51   71   94  121  151  182  214  246  276  305  330  351  368  381
  391  397  400  402  401  400  399  397  395  393  391  389  386  383  379  374
  368  362  355  347  340  331  323  314  305  295  286  276  266  255  244  234
  222  211  199  187  174  162  148  135  121  108   94   81   68   56   45   35
   26   18   12    8    5    5    7   13   22
    77.5-180.0 180.0   5.0 450.0                            LAT/LON1/LON2/DLON/H
   27   36   51   70   95  125  159  195  233  271  307  338  365  385  399  407
  409  407  402  395  388  381  375  371  368  366  365  365  364  363  361  359
  356  352  347  342  337  331  326  320  314  308  301  293  285  277  268  258
  248  238  227  215  203  190  177  163  149  135  121  107   94   82   70   60
   50   42   34   28   23   20   19   21   27
    75.0-180.0 180.0   5.0 450.0                            LAT/LON1/LON2/DLON/H
   58   63   73   89  111  140  176  215  258  300  339  372  398  414  422  420
  412  398  381  364  348  334  324  317  313  312  313  315  317  319  321  321
  320  319  318  316  315  314  313  312  311  309  306  301  296  289  282  274
  265  256  247  237  226  214  201  188  175  161  148  135  124  114  105   98
   91   84   79   73   68   63   59   57   58
    72.5-180.0 180.0   5.0 450.0                            LAT/LON1/LON2/DLON/H
  110  109  113  123  140  166  200  241  285  330  372  406  430  441  440  427
  406  378  349  320  295  274  259  250  246  245  248  252  256  260  264  266
  268  269  270  271  274  278  282  287  291  295  296  295  292  288  281  274
  267  259  251  242  233  223  211  199  187  175  164  155  147  141  138  135
  134  133  132  130  127  123  118  113  110
    70.0-180.0 180.0   5.0 450.0                            LAT/LON1/LON2/DLON/H
  171  166  164  167  178  199  229  268  314  360  404  438  460  466  457  434
  400  360  319  280  247  221  201  189  183  182  183  187  192  197  201  204
  206  208  210  213  219  226  236  247  257  265  271  273  272  267  261  254
  247  240  234  227  220  211  202  192  182  172  164  158  155  155  157  162
  167  173  178  182  184  184  181  176  171
    67.5-180.0 180.0   5.0 450.0                            LAT/LON1/LON2/DLON/H
  228  223  217  215  220  234  259  295  340  387  432  468  489  492  477  446
  403  354  305  260  221  190  167  150  140  135  133  134  137  141  143  145
  146  146  148  151  157  168  181  195  210  222  231  235  234  230  223  215
  208  202  197  192  188  182  175  167  159  151  147  145  146  151  159  169
  181  193  205  215  224  230  233  232  228
    65.0-180.0 180.0   5.0 450.0                            LAT/LON1/LON2/DLON/H
  271  269  264  259  259  267  287  319  362  409  456  493  515  517  500  465
  419  367  314  267  226  192  165  143  125  113  104  100   99  100  101  101
   99   97   95   96  101  111  124  141  158  172  183  187  185  179  171  162
  155  149  147  145  143  140  136  130  125  120  119  120  125  134  145  158
  173  189  204  220  236  249  261  268  271
    62.5-180.0 180.0   5.0 450.0                            LAT/LON1/LON2/DLON/H
  291  297  298  295  293  298  312  340  379  426  473  512  536  541  525  492
  448  398  348  303  263  227  195  166  139  117  100   89   83   82   81   78
   74   68   62   59   59   66   77   93  109  123  133  136  133  125  115  105
   98   94   94   95   96   96   95   92   89   88   89   92  100  109  121  134
  148  162  178  197  217  238  259  278  291
    60.0-180.0 180.0   5.0 450.0                            LAT/LON1/LON2/DLON/H
  289  307  318  321  322  325  337  360  395  439  485  524  551  559  549  522
  484  442  399  360  323  287  251  213  176  144  117  100   91   87   85   81
   74   65   54   45   40   41   47   58   71   83   91   93   88   78   66   56
   49   47   49   53   58   61   62   62   62   62   65   70   78   86   95  104
  113  123  136  153  175  203  233  263  289
    57.5-180.0 180.0   5.0 450.0                            LAT/LON1/LON2/DLON/H
  273  305  327  339  346  352  363  383  413  452  494  532  559  572  568  550
  522  490  457  425  393  357  317  272  226  185  151  129  118  113  110  105
   96   83   68   53   43   38   38   43   51   59   63   63   57   46   34   23
   17   17   22   29   35   40   43   45   47   50   54   59   65   71   75   78
   80   83   90  103  126  157  195  235  273
    55.0-180.0 180.0   5.0 450.0                            LAT/LON1/LON2/DLON/H
  255  297  331  354  369  381  394  412  438  469  504  536  562  577  579  571
  554  532  509  485  457  422  380  330  279  232  195  170  157  151  147  140
  128  112   94   76   62   52   47   46   48   51   53   51   45   34   22   12
    8   10   16   24   32   37   41   45   48   52   56   60   64   66   65   61
   56   52   54   64   85  117  159  207  255
    52.5-180.0 180.0   5.0 450.0                            LAT/LON1/LON2/DLON/H
  244  293  336  369  394  414  431  450  470  494  518  542  563  577  584  582
  574  562  547  528  504  471  428  378  326  279  241  216  201  192  183  172
  156  137  119  102   87   76   68   62   60   60   59   57   51   41   31   23
   20   23   30   38   45   50   54   57   61   65   68   71   72   70   64   56
   47   39   38   46   66   98  142  192  244
    50.0-180.0 180.0   5.0 450.0                            LAT/LON1/LON2/DLON/H
  248  299  345  386  420  449  473  494  511  526  539  552  564  575  583  586
  584  577  567  552  530  499  459  412  364  321  286  260  241  224  207  188
  168  148  131  117  107   98   91   84   79   77   76   75   71   63   55   48
   47   51   58   65   70   73   75   77   80   84   86   86   83   78   71   61
   51   44   44   53   74  106  148  197  248
    47.5-180.0 180.0   5.0 450.0                            LAT/LON1/LON2/DLON/H
  268  315  360  405  446  484  516  541  557  564  566  567  569  575  581  585
  585  581  572  558  538  509  474  434  394  357  325  296  269  241  212  184
  158  138  126  119  116  113  109  104   99   97   97   97   96   91   85   80
   79   84   90   95   97   97   97   98  101  102  102   99   93   87   79   71
   64   62   67   82  106  139  178  222  268
    45.0-180.0 180.0   5.0 450.0                            LAT/LON1/LON2/DLON/H
  297  337  378  422  468  513  553  583  600  603  596  586  579  578  581  583
  583  578  569  555  536  510  480  448  416  386  355  322  284  242  200  163
  134  117  110  110  114  118  120  118  115  114  115  117  118  116  112  109
  109  113  118  121  120  117  115  115  116  116  112  106   99   91   85   80
   79   84   97  120  150  185  222  260  297
    42.5-180.0 180.0   5.0 450.0                            LAT/LON1/LON2/DLON/H
  328  359  395  436  483  532  578  614  633  634  622  606  593  587  586  586
  583  577  567  553  535  511  485  460  435  409  378  337  287  232  180  139
  113  102  101  106  114  122  126  128  127  126  127  130  134  134  131  128
  128  132  136  137  134  129  125  124  124  122  116  108   98   91   86   85
   89  102  124  155  193  231  266  298  328
    40.0-180.0 180.0   5.0 450.0                            LAT/LON1/LON2/DLON/H
  350  376  407  444  490  540  589  628  651  654  642  624  610  602  598  594
  588  580  571  559  542  520  496  473  451  427  394  346  286  224  171  136
  120  117  121  126  131  135  138  139  137  135  135  138  141  143  141  138
  137  140  143  143  138  132  127  126  126  123  115  104   94   87   83   84
   92  110  139  177  220  261  297  325  350
    37.5-180.0 180.0   5.0 450.0                            LAT/LON1/LON2/DLON/H
  361  385  413  448  490  538  586  627  652  659  652  638  626  619  614  608
  599  590  583  574  560  538  513  488  466  441  405  354  292  233  191  174
  176  186  191  188  178  169  163  159  154  148  144  143  145  147  145  142
  140  141  143  142  136  129  125  124  124  120  111   98   88   81   78   80
   88  107  139  181  228  271  308  336  361
    35.0-180.0 180.0   5.0 450.0                            LAT/LON1/LON2/DLON/H
  359  386  416  450  489  531  576  615  642  654  654  648  643  639  634  624
  613  604  600  597  586  563  533  504  478  453  418  370  316  272  254  266
  294  317  319  297  263  231  209  195  183  169  158  153  153  154  152  147
  142  141  142  140  134  127  122  122  122  117  107   95   84   77   74   74
   80   98  129  171  217  262  300  331  359
    32.5-180.0 180.0   5.0 450.0                            LAT/LON1/LON2/DLON/H
  351  387  422  458  494  531  568  604  631  648  655  658  660  661  656  642
  627  618  618  620  612  587  552  517  489  467  439  403  367  348  363  409
  465  500  493  445  377  316  273  246  225  203  184  173  170  171  168  161
  153  148  147  144  138  129  124  123  123  118  108   95   85   78   72   70
   74   89  118  156  200  242  281  317  351
    30.0-180.0 180.0   5.0 450.0                            LAT/LON1/LON2/DLON/H
  347  393  437  477  512  544  575  606  633  652  665  675  683  687  679  660
  640  629  632  637  631  604  565  527  502  487  475  459  447  458  506  585
  665  706  684  605  502  409  345  306  277  247  221  205  202  203  199  189
  176  168  164  159  151  141  134  131  129  123  113  100   90   82   76   71
   73   87  114  149  187  225  264  304  347
    27.5-180.0 180.0   5.0 450.0                            LAT/LON1/LON2/DLON/H
  354  410  464  511  548  577  604  632  658  679  695  707  717  719  707  681
  654  638  639  645  638  610  570  535  519  521  530  538  550  587  660  760
  853  891  851  742  606  488  409  363  329  296  266  249  246  249  246  232
  214  201  193  186  175  162  151  145  141  133  122  110   99   91   82   78
   81   98  124  157  189  223  260  304  354
    25.0-180.0 180.0   5.0 450.0                            LAT/LON1/LON2/DLON/H
  377  440  503  558  600  632  660  688  715  737  752  762  767  764  744  710
  673  649  643  644  635  608  572  547  548  572  605  635  665  713  793  896
  985 1012  951  819  663  531  448  402  371  339  311  297  298  305  301  285
  262  243  232  222  208  190  175  164  156  146  133  121  110  101   92   89
   98  121  152  183  212  240  275  320  377
    22.5-180.0 180.0   5.0 450.0                            LAT/LON1/LON2/DLON/H
  414  482  552  615  664  703  737  771  803  827  838  841  837  823  795  751
  704  669  652  643  629  603  577  569  592  640  695  739  773  813  877  959
 1027 1034  958  814  653  524  449  414  392  368  347  340  349  360  358  338
  311  289  274  261  243  221  200  184  172  159  146  133  122  111  103  103
  121  153  192  225  251  275  308  354  414
    20.0-180.0 180.0   5.0 450.0                            LAT/LON1/LON2/DLON/H
  459  530  604  672  731  779  824  869  910  938  947  940  923  898  860  809
  754  707  675  653  631  607  594  607  653  722  790  835  856  868  893  935
  967  951  865  724  577  468  413  395  387  376  367  371  389  405  404  384
  354  329  311  296  275  249  223  203  187  173  158  145  133  121  113  119
  146  189  236  274  299  321  352  398  459
    17.5-180.0 180.0   5.0 450.0                            LAT/LON1/LON2/DLON/H
  504  575  650  723  789  847  905  964 1019 1054 1063 1047 1019  983  938  884
  824  768  721  682  651  629  629  662  726  807  876  909  901  869  841  830
  821  783  696  573  455  378  351  355  363  365  369  385  411  432  433  413
  383  357  339  321  298  269  241  218  200  184  169  156  144  131  125  135
  170  223  277  318  343  364  396  443  504
    15.0-180.0 180.0   5.0 450.0                            LAT/LON1/LON2/DLON/H
  543  612  687  761  830  896  964 1037 1105 1152 1165 1146 1110 1068 1022  971
  912  851  791  737  695  675  685  732  805  885  942  950  903  821  737  673
  627  574  497  405  326  287  288  309  330  343  358  383  416  439  442  423
  395  370  352  333  309  279  251  228  209  193  179  167  154  142  137  151
  191  250  308  349  374  397  432  481  543
    12.5-180.0 180.0   5.0 450.0                            LAT/LON1/LON2/DLON/H
  570  639  710  782  850  916  988 1069 1150 1210 1232 1217 1181 1140 1100 1057
 1008  948  882  816  765  743  758  808  878  944  977  953  868  742  613  510
  439  383  326  269  231  226  249  280  304  321  342  372  406  429  432  416
  392  370  352  332  308  280  254  233  216  202  188  177  166  155  151  167
  209  268  325  365  389  415  454  507  570
    10.0-180.0 180.0   5.0 450.0                            LAT/LON1/LON2/DLON/H
  587  655  723  788  849  908  974 1055 1141 1212 1247 1244 1218 1186 1158 1131
 1096 1046  980  909  851  825  838  882  935  976  978  925  811  658  505  385
  309  263  231  209  205  225  257  286  303  314  332  360  390  410  412  400
  381  361  343  323  298  274  252  236  222  209  197  186  176  167  165  182
  223  279  331  366  390  419  463  522  587
     7.5-180.0 180.0   5.0 450.0                            LAT/LON1/LON2/DLON/H
  597  664  728  786  834  877  927  995 1078 1155 1204 1220 1211 1196 1185 1177
 1162 1128 1071 1001  940  909  914  941  970  979  952  877  751  595  445  334
  272  247  240  245  264  294  321  335  334  331  338  356  377  390  391  382
  368  350  331  309  286  266  250  239  228  216  204  194  185  178  179  196
  235  286  331  361  384  415  464  528  597
     5.0-180.0 180.0   5.0 450.0                            LAT/LON1/LON2/DLON/H
  604  672  732  781  814  835  861  907  974 1049 1109 1145 1161 1167 1176 1188
 1194 1180 1138 1076 1017  982  974  980  979  959  910  827  708  572  450  369
  336  336  351  371  397  422  433  422  397  373  363  367  375  379  377  371
  360  343  321  297  275  260  251  244  235  223  210  199  190  186  189  208
  244  290  329  355  378  412  465  533  604
     2.5-180.0 180.0   5.0 450.0                            LAT/LON1/LON2/DLON/H
  611  680  738  780  798  797  795  811  855  917  982 1036 1075 1105 1132 1161
 1185 1192 1170 1123 1071 1032 1011  995  969  927  868  791  696  596  517  478
  479  503  530  553  572  582  570  532  480  434  406  394  387  381  375  370
  360  341  316  290  270  260  256  252  243  229  213  200  191  187  194  215
  251  293  329  354  378  414  470  539  611
