ionex_data/COD0OPSFIN_20230430000_01D_01H_GIM.INX
     1.0            IONOSPHERE MAPS     GNSS                IONEX VERSION / TYPE
ADDNEQ2 V5.5        AIUB                16-FEB-23 21:28     PGM / RUN BY / DATE 
CODE'S GLOBAL IONOSPHERE MAPS FOR DAY 043, 2023             COMMENT             
Global ionosphere maps (GIM) are generated on a daily basis DESCRIPTION         
at CODE using data from about 300 GNSS sites of the IGS and DESCRIPTION         
other institutions. The vertical total electron content     DESCRIPTION         
(VTEC) is modeled in a solar-geomagnetic reference frame    DESCRIPTION         
using a spherical harmonics expansion up to degree and      DESCRIPTION         
order 15. Piece-wise linear functions are used for          DESCRIPTION         
representation in the time domain. The time spacing of      DESCRIPTION         
their vertices is 1 hour, conforming with the epochs of the DESCRIPTION         
VTEC maps.                                                  DESCRIPTION         
To convert line-of-sight TEC into vertical TEC, a modified  DESCRIPTION         
single-layer model mapping function approximating the JPL   DESCRIPTION         
extended slab model mapping function is adopted. The        DESCRIPTION         
mapping function is evaluated at geodetic satellite         DESCRIPTION         
elevation angles. For the computation of the ionospheric    DESCRIPTION         
pierce points, a spherical layer with a radius of 6821 km   DESCRIPTION         
is assumed, implying geocentric, not geodetic IONEX         DESCRIPTION         
latitudes.                                                  DESCRIPTION         
Instrumental biases with respect to each involved GNSS code DESCRIPTION         
observable are estimated as constant values for each        DESCRIPTION         
day. They are modeled with one set of bias parameters for   DESCRIPTION         
each satellite and each station in case of GPS and for each DESCRIPTION         
satellite-station link in case of GLONASS. The code bias    DESCRIPTION         
datum is defined by zero-mean conditions imposed on the     DESCRIPTION         
satellite bias estimates. In this file, just GPS C1W-C2W    DESCRIPTION         
satellite and station bias values are included. The         DESCRIPTION         
complete set of GNSS code bias results is provided in an    DESCRIPTION         
additional Bias-SINEX file as pseudo-absolute values        DESCRIPTION         
specific to each observable.                                DESCRIPTION         
Note: These GIM results correspond to the results for the   DESCRIPTION         
middle day of a 3-day combination analysis solving for 73   DESCRIPTION         
times 256, or 18688 VTEC parameters and 3 daily sets of     DESCRIPTION         
GNSS code bias parameters.                                  DESCRIPTION         
Contact address: code(at)aiub.unibe.ch                      DESCRIPTION         
Data archive:    ftp.aiub.unibe.ch/CODE/                    DESCRIPTION         
                 www.aiub.unibe.ch/download/CODE/           DESCRIPTION         
  2023     2    12     0     0     0                        EPOCH OF FIRST MAP  
  2023     2    13     0     0     0                        EPOCH OF LAST MAP   
  3600                                                      INTERVAL            
[...]
brux bshm cags cas1 ccj2 cedu chpg chpi chti chur ckis coco COMMENT             
cord cpvg cpxf crar cro1 daej darw dav1 dhlg drao dubo ebre COMMENT             
faa1 fair flrs frdn ftna func ganp glps glsv gode godz gol2 COMMENT             
gold gope gras graz guam guug harb hers hert hlfx hob2 hofn COMMENT             
holb hrao hyde iddr ieng iisc ineg invk iqal irkj isba jog2 COMMENT             
joz2 joze karr kerg kir0 kiri kiru kit3 kokb kokv kouc koug COMMENT             
kour krgg laut lmmf lpal lpgs m0se mac1 madr mal2 mana mas1 COMMENT             
mat1 mate maw1 mcm4 mdo1 mdvj medi mets mgue mizu mkea mnls COMMENT             
mobs monp morp mqzg mro1 mtka nano nico nist nium nklg nlib COMMENT             
nnor not1 nrc1 nrmd ntus nya1 nyal ohi2 onsa opmt ous2 pado COMMENT             
parc park pdel penc pert pie1 pimo pohn pol2 polv pots pove COMMENT             
prds ptag ptbb ptvl qaq1 quin ramo reun reyk rgdg rio2 riop COMMENT             
salu samo sant savo sch2 scor scrz sctb scub seyg smst sofi COMMENT             
spt0 ssia sthl stjo stk2 str2 suth sutm suwn sydn syog tabl COMMENT             
tabv tash thtg thti thu2 tid1 tidb tlse tn22 tong tow2 tro1 COMMENT             
tsea tskb tuva twtf txes uclu ufpr ulab unb3 unbj unsa urum COMMENT             
usn7 usud vald vill voim vtsp wab1 wab2 wark wes2 wgtn whit COMMENT             
will wsrt wtza wtzl wtzr wtzs wtzz wuhn xmis yar2 yar3 yarr COMMENT             
ykro zamb zeck zim2 zim3 zimm                               COMMENT             
                                                            END OF HEADER       
[from data line 8580]
    21                                                      START OF TEC MAP    
  2023     2    12    20     0     0                        EPOCH OF CURRENT MAP
    87.5-180.0 180.0   5.0 450.0                            LAT/LON1/LON2/DLON/H
  197  200  204  208  213  219  224  230  237  243  250  257  263  270  276  283
  288  294  299  304  308  312  315  318  320  322  323  324  325  325  324  323
  322  320  318  315  312  309  306  302  298  294  290  285  281  276  271  266
  261  256  251  246  240  235  230  226  221  216  212  208  204  201  198  195
  193  191  190  190  190  191  192  194  197
    85.0-180.0 180.0   5.0 450.0                            LAT/LON1/LON2/DLON/H
  125  131  138  147  157  168  181  194  208  222  236  251  265  278  291  303
  314  324  333  340  347  353  357  361  364  366  367  367  367  366  365  362
  359  356  352  347  342  337  331  324  318  311  304  297  290  282  275  267
  259  252  244  235  227  219  210  201  193  184  175  167  158  151  143  137
  131  126  122  119  117  117  118  121  125
    82.5-180.0 180.0   5.0 450.0                            LAT/LON1/LON2/DLON/H
   62   68   78   89  104  121  139  160  181  204  226  248  269  289  307  322
  336  347  357  364  370  374  377  380  381  382  382  381  381  379  377  375
  371  367  363  357  351  345  337  330  322  314  306  298  291  283  275  267
  259  251  243  234  225  215  205  194  182  170  157  145  132  120  108   97
   87   78   70   63   59   56   56   57   62
    80.0-180.0 180.0   5.0 450.0                            LAT/LON1/LON2/DLON/H
   20   25   34   47   64   84  108  135  164  194  223  252  279  304  324  341
  354  363  369  372  373  372  371  369  367  366  365  364  363  363  362  360
  358  356  352  347  342  335  328  321  314  306  299  292  285  279  273  267
  261  255  249  241  233  223  213  201  187  173  157  142  126  110   95   80
   67   55   44   35   27   22   18   18   20
    77.5-180.0 180.0   5.0 450.0                            LAT/LON1/LON2/DLON/H
   11   13   19   30   46   67   94  125  159  196  232  267  299  325  346  361
  369  372  370  365  357  348  340  332  326  321  319  318  319  320  322  323
  324  324  323  320  317  312  307  301  295  289  284  279  275  271  268  265
  263  260  257  252  246  238  228  215  201  185  168  151  133  116  100   85
   71   58   47   37   28   21   15   12   11
    75.0-180.0 180.0   5.0 450.0                            LAT/LON1/LON2/DLON/H
   36   34   35   41   53   72   98  131  170  211  253  293  328  356  375  385
  386  379  366  349  331  312  294  279  268  260  256  256  257  261  265  269
  273  276  278  279  278  277  275  272  269  266  263  261  260  259  259  260
  261  262  262  260  257  250  241  229  215  198  181  163  145  129  114  102
   91   82   74   67   60   53   47   41   36
    72.5-180.0 180.0   5.0 450.0                            LAT/LON1/LON2/DLON/H
   89   82   77   77   83   97  120  153  193  238  284  328  365  393  409  413
  406  389  364  335  305  275  249  227  210  198  192  190  191  195  201  207
  214  219  224  228  230  232  234  235  236  236  237  238  239  241  244  247
  251  254  257  258  256  252  244  232  218  202  185  168  152  139  129  122
  117  115  114  113  111  108  103   97   89
    70.0-180.0 180.0   5.0 450.0                            LAT/LON1/LON2/DLON/H
  156  146  136  129  128  136  154  184  224  271  320  367  406  434  448  446
  431  405  370  331  291  253  219  190  167  150  140  134  133  136  141  147
  153  160  166  171  176  181  186  192  197  201  205  209  212  215  219  223
  228  233  237  240  240  237  230  219  206  191  175  161  149  140  136  135
  139  144  152  159  165  168  168  163  156
    67.5-180.0 180.0   5.0 450.0                            LAT/LON1/LON2/DLON/H
  216  207  196  185  178  180  193  219  258  305  356  405  446  474  486  481
  460  428  387  342  297  253  214  179  151  128  111  100   95   93   95   98
  102  107  111  116  122  129  137  146  155  163  170  175  179  182  184  188
  192  196  201  205  206  204  199  190  178  165  152  141  133  129  131  137
  147  160  175  190  203  213  220  221  216
    65.0-180.0 180.0   5.0 450.0                            LAT/LON1/LON2/DLON/H
  254  251  243  232  224  223  232  254  290  336  387  437  479  507  519  513
  491  458  416  370  324  279  237  199  164  135  111   93   81   74   70   69
   69   69   70   72   76   83   92  102  113  124  132  138  141  142  142  143
  145  148  152  156  159  159  155  149  140  129  120  112  109  110  115  125
  139  156  175  194  213  229  243  251  254
    62.5-180.0 180.0   5.0 450.0                            LAT/LON1/LON2/DLON/H
  260  267  268  264  259  258  266  285  318  362  411  460  502  530  543  539
  520  490  452  411  369  326  284  243  204  169  138  113   94   81   72   65
   59   54   49   46   47   50   57   67   79   89   98  102  103  102   98   95
   94   96   99  104  107  109  108  105   99   93   87   84   83   87   94  105
  119  134  152  171  190  210  230  247  260
    60.0-180.0 180.0   5.0 450.0                            LAT/LON1/LON2/DLON/H
  235  255  270  278  282  286  295  314  344  383  429  475  514  543  557  556
  543  520  490  457  421  383  344  302  260  220  184  154  130  113   99   87
   75   64   53   43   38   36   40   46   55   64   71   74   72   67   60   54
   50   49   52   57   62   66   68   68   66   64   62   61   63   68   74   83
   92  102  113  126  142  162  185  210  235
    57.5-180.0 180.0   5.0 450.0                            LAT/LON1/LON2/DLON/H
  190  225  256  280  296  309  323  342  369  404  444  484  519  545  561  564
  558  543  523  499  471  439  403  363  320  278  239  207  182  162  145  129
  112   94   77   61   50   42   40   42   47   53   57   57   53   45   35   26
   20   18   21   26   33   38   43   46   47   48   49   51   54   57   61   65
   67   69   71   75   84  100  124  155  190
    55.0-180.0 180.0   5.0 450.0                            LAT/LON1/LON2/DLON/H
  144  191  237  276  307  331  351  373  398  428  460  492  520  543  558  566
  565  559  547  530  510  484  451  414  372  331  294  263  238  218  199  180
  158  135  113   93   76   64   57   54   54   56   57   55   49   39   28   17
   10    9   11   17   24   31   36   41   45   48   51   53   55   57   57   56
   51   45   38   33   34   44   66  100  144
    52.5-180.0 180.0   5.0 450.0                            LAT/LON1/LON2/DLON/H
  112  168  225  277  321  355  382  407  432  457  480  502  522  540  554  563
  567  566  559  548  532  510  482  448  411  374  341  313  290  269  248  225
  199  173  147  126  108   94   83   76   72   70   69   66   60   50   38   28
   21   20   23   29   36   42   48   53   58   62   64   66   66   65   62   57
   48   36   23   11    6   11   30   64  112
    50.0-180.0 180.0   5.0 450.0                            LAT/LON1/LON2/DLON/H
  106  164  227  287  339  382  416  445  470  490  506  519  530  541  552  561
  567  567  563  553  540  521  496  466  434  403  375  351  329  306  281  252
  222  193  168  149  133  121  110  101   94   90   88   85   80   71   61   52
   47   47   51   56   62   66   70   74   78   82   83   83   80   77   72   65
   55   42   27   15    8   11   27   59  106
    47.5-180.0 180.0   5.0 450.0                            LAT/LON1/LON2/DLON/H
  128  183  246  307  362  409  448  481  508  526  536  540  543  548  555  563
  567  567  561  551  538  520  498  472  445  419  396  374  350  322  290  254
  220  191  170  157  147  140  131  122  114  109  107  105  102   96   89   82
   79   80   84   88   92   93   95   97  100  102  102   99   94   89   83   77
   68   58   47   39   36   41   56   85  128
    45.0-180.0 180.0   5.0 450.0                            LAT/LON1/LON2/DLON/H
  170  219  275  333  385  432  474  511  540  559  567  566  562  562  565  570
  571  567  559  548  534  518  497  474  450  428  406  382  354  318  277  235
  199  173  159  154  152  150  145  136  128  123  121  122  121  118  113  109
  107  109  113  116  117  116  115  115  116  117  115  109  103   96   91   87
   81   76   72   72   78   89  106  132  170
    42.5-180.0 180.0   5.0 450.0                            LAT/LON1/LON2/DLON/H
  218  259  307  357  404  448  489  529  563  586  594  591  584  581  582  583
  580  572  561  549  536  521  501  478  454  432  409  382  346  303  254  209
  175  155  150  153  159  160  155  146  137  131  130  131  132  131  129  127
  127  129  132  134  132  128  125  123  124  124  121  114  105   99   94   91
   89   88   91  101  117  138  160  186  218
    40.0-180.0 180.0   5.0 450.0                            LAT/LON1/LON2/DLON/H
  258  293  332  374  413  452  493  535  574  602  613  612  607  603  602  599
  592  581  568  558  548  533  512  487  461  436  411  379  338  289  240  198
  171  161  165  175  182  181  172  159  146  138  135  135  136  136  136  135
  136  138  140  140  136  131  126  124  124  124  120  113  104   97   93   90
   88   88   96  114  141  172  202  229  258
    37.5-180.0 180.0   5.0 450.0                            LAT/LON1/LON2/DLON/H
  281  311  346  381  414  448  486  530  574  608  625  630  628  626  624  618
  607  593  581  575  568  555  531  501  470  443  416  384  342  295  252  222
  210  214  226  236  237  226  205  182  163  150  144  141  140  139  140  140
  141  142  141  139  134  128  122  120  121  121  118  110  101   93   89   85
   80   78   85  107  142  183  221  252  281
    35.0-180.0 180.0   5.0 450.0                            LAT/LON1/LON2/DLON/H
  283  314  347  379  409  439  476  521  568  608  632  643  647  648  647  638
  622  607  597  596  593  580  553  517  482  455  431  403  370  335  308  298
  306  325  342  346  331  299  260  223  194  175  163  155  150  148  149  150
  150  149  146  141  135  127  121  119  120  121  117  109   99   91   85   79
   69   61   63   85  124  171  216  252  283
    32.5-180.0 180.0   5.0 450.0                            LAT/LON1/LON2/DLON/H
  271  305  341  375  405  435  470  515  565  608  638  656  666  672  670  658
  638  620  613  616  616  602  571  531  496  474  460  446  429  414  411  427
  458  490  506  496  456  398  335  281  242  216  198  183  174  170  172  174
  173  168  161  153  145  137  130  126  126  126  121  112  101   91   84   74
   60   44   40   57   96  146  196  236  271
    30.0-180.0 180.0   5.0 450.0                            LAT/LON1/LON2/DLON/H
  256  295  336  375  410  441  477  522  572  617  651  674  690  699  696  679
  654  633  626  631  632  615  580  541  512  504  508  515  520  529  553  594
  644  684  693  661  593  504  417  348  301  271  248  228  214  209  213  217
  215  206  194  182  171  161  152  145  142  138  132  120  107   95   86   75
   56   36   25   36   72  123  174  218  256
    27.5-180.0 180.0   5.0 450.0                            LAT/LON1/LON2/DLON/H
  250  293  340  387  428  464  502  546  595  639  675  702  722  733  728  705
  673  647  637  639  637  617  582  548  535  548  577  608  636  667  711  770
  830  868  864  807  710  594  488  410  361  331  306  283  267  262  269  276
  274  260  242  225  212  199  186  174  165  158  147  132  116  103   92   81
   62   40   26   33   65  114  165  209  250
    25.0-180.0 180.0   5.0 450.0                            LAT/LON1/LON2/DLON/H
  260  306  358  412  460  503  545  590  636  679  715  744  767  777  768  738
  699  665  649  643  633  610  578  559  568  608  663  716  761  805  858  920
  976 1002  978  898  777  644  529  451  408  384  362  339  322  320  332  343
  341  324  300  278  261  245  227  209  193  180  165  147  128  112  101   91
   76   57   45   51   81  127  175  219  260
    22.5-180.0 180.0   5.0 450.0                            LAT/LON1/LON2/DLON/H
  288  334  389  448  505  554  601  648  693  735  771  801  825  834  820  783
  735  693  666  648  628  601  578  579  616  683  760  827  877  919  964 1012
 1049 1053 1006  907  774  637  528  461  432  419  404  383  368  371  388  404
  404  384  355  329  308  289  267  242  220  200  182  161  140  122  112  105
   96   84   78   87  117  160  207  248  288
    20.0-180.0 180.0   5.0 450.0                            LAT/LON1/LON2/DLON/H
  327  373  429  492  554  611  663  712  758  800  837  870  895  901  882  839
  784  733  694  662  630  602  591  615  680  769  858  925  966  990 1011 1029
 1035 1009  940  831  699  574  482  436  426  428  421  405  393  401  425  447
  449  429  396  367  344  323  297  268  240  216  195  174  152  134  123  120
  117  115  116  131  163  206  250  289  327
    17.5-180.0 180.0   5.0 450.0                            LAT/LON1/LON2/DLON/H
  370  414  470  535  602  664  722  774  822  866  906  943  969  975  952  905
  846  789  737  691  648  620  624  671  756  857  943  996 1013 1007  993  974
  941  885  799  689  572  471  407  387  397  412  413  400  393  406  436  464
  470  449  417  386  362  340  313  281  250  225  204  184  164  146  136  134
  137  142  152  173  207  251  294  333  370
    15.0-180.0 180.0   5.0 450.0                            LAT/LON1/LON2/DLON/H
  405  450  506  572  641  707  768  823  874  921  967 1010 1040 1046 1024  977
  918  857  797  739  688  662  678  742  838  935 1004 1029 1015  975  925  868
  800  718  623  523  430  361  328  332  358  381  385  374  369  386  421  454
  464  446  414  384  361  339  313  282  251  227  209  192  176  160  150  148
  152  161  177  202  240  284  329  368  405
    12.5-180.0 180.0   5.0 450.0                            LAT/LON1/LON2/DLON/H
  429  476  533  599  669  736  797  853  905  956 1009 1059 1095 1106 1087 1045
  992  934  871  805  750  726  751  822  914  993 1032 1023  977  910  833  748
  656  559  464  380  316  279  274  295  327  350  351  337  332  351  390  427
  440  425  396  367  345  325  302  274  247  226  211  199  187  175  165  161
  162  171  188  216  255  301  347  389  429
    10.0-180.0 180.0   5.0 450.0                            LAT/LON1/LON2/DLON/H
  441  491  551  618  686  751  809  862  912  965 1023 1080 1124 1142 1132 1101
 1059 1010  951  884  828  807  835  901  976 1023 1026  985  917  835  748  654
  554  455  368  303  266  256  269  296  324  336  326  307  299  319  358  396
  411  399  372  345  324  307  287  265  242  224  213  205  199  190  180  172
  169  174  190  218  256  303  350  395  441
     7.5-180.0 180.0   5.0 450.0                            LAT/LON1/LON2/DLON/H
  444  500  563  630  695  755  807  852  897  947 1006 1068 1120 1148 1151 1135
 1111 1076 1026  965  912  892  917  968 1014 1025  992  928  852  776  699  615
  525  435  362  316  299  305  324  346  358  351  326  297  286  303  341  377
  392  381  356  329  308  292  276  259  241  226  215  210  207  202  193  182
  174  174  187  213  251  296  345  393  444
     5.0-180.0 180.0   5.0 450.0                            LAT/LON1/LON2/DLON/H
  446  508  574  640  701  754  797  832  865  906  960 1023 1081 1121 1139 1143
 1138 1122 1087 1037  991  971  986 1014 1027 1002  943  870  803  749  700  643
  575  504  447  415  408  418  432  439  429  399  356  317  302  317  351  382
  393  381  355  327  305  288  275  262  247  232  220  214  213  210  202  189
  177  175  186  211  247  291  340  391  446
     2.5-180.0 180.0   5.0 450.0                            LAT/LON1/LON2/DLON/H
  452  517  585  650  707  752  786  809  829  855  897  954 1014 1064 1098 1122
 1138 1141 1125 1090 1053 1033 1034 1037 1018  967  895  828  784  763  750  727
  687  638  594  569  563  567  569  557  523  471  413  366  348  360  389  412
  416  399  371  340  315  297  284  273  259  242  226  216  213  210  203  191
  181  179  191  217  253  295  342  394  452
