ionex_data/COD0OPSFIN_20230300000_01D_01H_GIM.INX
     1.0            IONOSPHERE MAPS     GNSS                IONEX VERSION / TYPE
ADDNEQ2 V5.5        AIUB                03-FEB-23 21:11     PGM / RUN BY / DATE 
CODE'S GLOBAL IONOSPHERE MAPS FOR DAY 030, 2023             COMMENT             
Global ionosphere maps (GIM) are generated on a daily basis DESCRIPTION         
at CODE using data from about 300 GNSS sites of the IGS and DESCRIPTION         
other institutions. The vertical total electron content     DESCRIPTION         
(VTEC) is modeled in a solar-geomagnetic reference frame    DESCRIPTION         
using a spherical harmonics expansion up to degree and      DESCRIPTION         
order 15. Piece-wise linear functions are used for          DESCRIPTION         
representation in the time domain. The time spacing of      DESCRIPTION         
their vertices is 1 hour, conforming with the epochs of the DESCRIPTION         
VTEC maps.                                                  DESCRIPTION         
To convert line-of-sight TEC into vertical TEC, a modified  DESCRIPTION         
single-layer model mapping function approximating the JPL   DESCRIPTION         
extended slab model mapping function is adopted. The        DESCRIPTION         
mapping function is evaluated at geodetic satellite         DESCRIPTION         
elevation angles. For the computation of the ionospheric    DESCRIPTION         
pierce points, a spherical layer with a radius of 6821 km   DESCRIPTION         
is assumed, implying geocentric, not geodetic IONEX         DESCRIPTION         
latitudes.                                                  DESCRIPTION         
Instrumental biases with respect to each involved GNSS code DESCRIPTION         
observable are estimated as constant values for each        DESCRIPTION         
day. They are modeled with one set of bias parameters for   DESCRIPTION         
each satellite and each station in case of GPS and for each DESCRIPTION         
satellite-station link in case of GLONASS. The code bias    DESCRIPTION         
datum is defined by zero-mean conditions imposed on the     DESCRIPTION         
satellite bias estimates. In this file, just GPS C1W-C2W    DESCRIPTION         
satellite and station bias values are included. The         DESCRIPTION         
complete set of GNSS code bias results is provided in an    DESCRIPTION         
additional Bias-SINEX file as pseudo-absolute values        DESCRIPTION         
specific to each observable.                                DESCRIPTION         
Note: These GIM results correspond to the results for the   DESCRIPTION         
middle day of a 3-day combination analysis solving for 73   DESCRIPTION         
times 256, or 18688 VTEC parameters and 3 daily sets of     DESCRIPTION         
GNSS code bias parameters.                                  DESCRIPTION         
Contact address: code(at)aiub.unibe.ch                      DESCRIPTION         
Data archive:    ftp.aiub.unibe.ch/CODE/                    DESCRIPTION         
                 www.aiub.unibe.ch/download/CODE/           DESCRIPTION         
  2023     1    30     0     0     0                        EPOCH OF FIRST MAP  
  2023     1    31     0     0     0                        EPOCH OF LAST MAP   
  3600                                                      INTERVAL            
[...]
brst brux bshm cags cas1 ccj2 cedu chpg chpi chti chur ckis COMMENT             
cnmr coco cord cpvg cpxf crar cro1 daej darw dav1 dgar dhlg COMMENT             
drao dubo ebre faa1 fair flrs frdn ftna func ganp glps gode COMMENT             
godz gol2 gold gope gras graz guam guug harb hers hert hlfx COMMENT             
hob2 hofn holb hrao hyde iddr ieng iisc ineg invk iqal irkj COMMENT             
isba jog2 joz2 joze karr kerg kir0 kiri kiru kit3 kokb kokv COMMENT             
koug kour krgg laut lmmf lpal lpgs m0se mac1 madr mal2 mana COMMENT             
mas1 mat1 mate maw1 mcm4 mdo1 mdvj medi mets mgue mizu mkea COMMENT             
mnls mobs monp morp mqzg mro1 mtka nano nico nist nium nklg COMMENT             
nlib nnor not1 nrc1 nrmd ntus nya1 nyal ohi2 onsa opmt ous2 COMMENT             
pado parc park pdel penc pert pie1 pimo pohn pol2 polv pots COMMENT             
pove prds ptbb ptvl qaq1 quin ramo reun reyk rgdg rio2 riop COMMENT             
roth salu samo sant savo sch2 scor scrz sctb scub seyg sofi COMMENT             
spt0 ssia sthl stjo stk2 str2 suth sutm suwn sydn syog tabl COMMENT             
tabv tash thtg thti thu2 tid1 tidb tlse tn22 tong tow2 tro1 COMMENT             
tsea tskb twtf txes uclu ufpr ulab unb3 unbj unsa urum usn7 COMMENT             
usud vald vill voim vtsp wab1 wab2 wark wes2 wgtn whit will COMMENT             
wind wsrt wtza wtzl wtzr wtzs wtzz wuhn xmis yar2 yar3 yarr COMMENT             
yell ykro zamb zeck zim2 zim3 zimm                          COMMENT             
                                                            END OF HEADER       
[from data line 7293]
    18                                                      START OF TEC MAP    
  2023     1    30    17     0     0                        EPOCH OF CURRENT MAP
    87.5-180.0 180.0   5.0 450.0                            LAT/LON1/LON2/DLON/H
  125  125  125  126  126  126  127  127  128  128  128  129  129  130  130  131
  131  131  132  132  132  132  132  133  133  133  133  133  133  133  133  133
  133  133  133  132  132  132  132  131  131  131  131  130  130  130  129  129
  129  128  128  128  127  127  127  126  126  125  125  125  124  124  124  124
  124  124  124  124  124  124  124  124  125
    85.0-180.0 180.0   5.0 450.0                            LAT/LON1/LON2/DLON/H
  108  109  109  110  111  112  113  114  115  116  117  118  119  120  121  122
  122  123  123  124  124  124  125  125  125  125  125  126  126  125  125  125
  125  124  124  123  122  122  121  121  120  119  119  119  118  118  118  117
  117  116  116  115  115  114  113  112  111  110  109  108  107  107  106  106
  105  105  105  106  106  106  107  107  108
    82.5-180.0 180.0   5.0 450.0                            LAT/LON1/LON2/DLON/H
   88   89   90   91   92   94   96   98  100  102  104  106  107  109  110  111
  112  113  113  113  114  114  114  115  115  115  115  115  115  115  115  114
  113  112  111  109  108  106  104  103  102  101  100  100  100  100  101  101
  101  101  101  100   99   98   97   95   93   91   89   87   85   84   83   83
   82   83   83   84   84   85   86   87   88
    80.0-180.0 180.0   5.0 450.0                            LAT/LON1/LON2/DLON/H
   70   70   71   72   73   75   78   81   84   88   92   95   98  101  103  105
  106  106  107  107  107  107  107  107  108  108  108  108  108  108  107  106
  104  101   99   95   92   89   86   83   81   79   79   79   79   81   82   84
   86   87   88   88   87   85   82   79   76   72   69   65   63   61   60   59
   60   61   62   64   65   67   68   69   70
    77.5-180.0 180.0   5.0 450.0                            LAT/LON1/LON2/DLON/H
   58   58   57   57   57   59   62   67   72   78   85   91   96  101  104  107
  108  109  109  108  108  108  108  108  109  109  109  109  109  108  106  104
  100   96   91   86   80   75   69   65   61   59   58   58   60   63   66   70
   74   77   80   81   80   78   74   69   64   58   52   47   43   41   40   40
   42   45   48   51   54   57   58   58   58
    75.0-180.0 180.0   5.0 450.0                            LAT/LON1/LON2/DLON/H
   56   53   50   47   46   47   50   56   64   73   83   93  101  109  114  118
  120  121  121  121  121  121  120  121  121  121  121  120  119  117  113  109
  104   98   91   83   74   66   58   51   46   43   41   42   45   49   55   62
   68   74   78   80   80   77   73   66   59   50   42   35   30   27   26   28
   32   37   43   49   54   57   59   58   56
    72.5-180.0 180.0   5.0 450.0                            LAT/LON1/LON2/DLON/H
   63   57   50   44   40   39   42   49   60   72   86  100  112  123  131  137
  140  142  144  144  144  144  144  144  144  143  141  139  136  132  127  121
  114  106   96   86   75   64   54   45   38   33   31   31   35   41   48   57
   66   73   79   83   84   81   76   68   59   48   39   30   23   20   20   23
   29   37   46   55   63   67   69   68   63
    70.0-180.0 180.0   5.0 450.0                            LAT/LON1/LON2/DLON/H
   76   66   55   45   38   35   37   45   57   73   91  109  125  139  150  159
  165  169  172  174  175  176  176  175  174  171  167  163  157  151  144  136
  127  117  105   93   80   67   55   44   35   29   26   27   30   36   44   54
   64   73   80   85   86   84   79   71   61   50   39   29   22   18   19   23
   31   42   54   66   76   82   85   82   76
    67.5-180.0 180.0   5.0 450.0                            LAT/LON1/LON2/DLON/H
   89   77   63   49   39   33   34   42   56   75   95  116  136  153  167  179
  188  195  201  205  209  210  210  209  205  200  193  186  178  169  160  151
  140  128  116  102   88   73   60   48   38   31   27   26   28   33   40   49
   59   68   75   80   83   81   77   70   61   51   40   31   24   20   21   26
   34   47   61   75   87   95   99   96   89
    65.0-180.0 180.0   5.0 450.0                            LAT/LON1/LON2/DLON/H
   96   84   69   54   42   35   34   42   56   75   98  120  142  162  178  193
  206  217  226  234  239  241  241  237  232  224  215  205  194  184  173  162
  151  138  125  110   95   80   66   54   44   36   31   28   28   31   35   42
   49   56   63   67   70   70   68   63   56   49   40   33   27   24   24   28
   36   48   62   77   91  101  105  104   96
    62.5-180.0 180.0   5.0 450.0                            LAT/LON1/LON2/DLON/H
   96   86   72   58   46   39   38   44   58   77   98  121  144  164  183  201
  217  232  245  255  261  263  262  257  249  239  228  216  205  193  182  171
  159  146  132  116  101   85   71   59   50   42   36   32   29   29   30   32
   36   40   44   47   50   51   51   49   46   43   38   34   30   27   27   29
   35   45   57   71   85   95  101  102   96
    60.0-180.0 180.0   5.0 450.0                            LAT/LON1/LON2/DLON/H
   87   81   71   61   51   46   45   51   63   80  100  121  143  164  184  204
  223  241  256  267  274  275  272  265  255  245  233  222  210  200  189  178
  166  153  138  122  105   89   76   64   55   48   42   37   32   28   24   23
   22   23   24   25   27   29   30   32   33   34   34   33   32   30   29   29
   32   38   47   58   70   80   87   90   87
    57.5-180.0 180.0   5.0 450.0                            LAT/LON1/LON2/DLON/H
   73   71   68   63   58   56   57   63   73   88  105  124  143  164  185  206
  227  247  262  273  278  277  271  263  253  243  233  224  214  205  196  185
  174  160  144  127  109   93   79   69   61   56   50   44   37   30   23   17
   13   10    9    8    9   10   13   17   22   26   30   33   34   34   32   30
   30   31   36   43   52   61   67   72   73
    55.0-180.0 180.0   5.0 450.0                            LAT/LON1/LON2/DLON/H
   57   60   63   65   67   69   73   80   89  101  115  131  149  168  189  211
  232  251  266  274  275  271  264  255  246  239  232  226  219  211  203  193
  182  167  151  133  114   98   84   75   69   64   59   53   45   36   27   19
   13    8    4    2    1    2    5    9   15   22   28   34   37   38   36   33
   30   28   28   32   37   43   49   53   57
    52.5-180.0 180.0   5.0 450.0                            LAT/LON1/LON2/DLON/H
   45   51   59   67   75   83   91   99  109  119  132  145  161  178  199  220
  241  258  269  274  271  264  255  247  241  237  234  230  225  218  210  200
  188  174  158  140  121  105   92   83   78   74   70   64   55   46   36   28
   22   17   12    9    7    6    8   12   17   24   31   37   41   43   42   39
   34   30   28   28   30   33   37   40   45
    50.0-180.0 180.0   5.0 450.0                            LAT/LON1/LON2/DLON/H
   40   46   57   70   83   96  107  118  129  140  151  164  178  195  214  235
  253  267  275  275  270  260  251  244  241  240  240  237  232  224  215  204
  192  178  163  147  131  116  104   95   90   86   82   76   67   58   49   43
   38   34   30   26   23   22   22   24   27   32   37   42   46   49   49   46
   42   38   35   34   35   35   35   36   40
    47.5-180.0 180.0   5.0 450.0                            LAT/LON1/LON2/DLON/H
   42   47   58   72   88  104  119  134  147  160  172  184  198  215  234  253
  269  280  284  281  273  263  254  249  248  249  249  245  238  227  214  201
  189  177  166  154  142  129  119  110  104   99   94   87   78   69   62   58
   55   54   52   48   45   42   41   41   42   43   45   48   51   54   55   54
   51   49   48   48   48   47   45   42   42
    45.0-180.0 180.0   5.0 450.0                            LAT/LON1/LON2/DLON/H
   51   53   60   73   89  107  125  143  160  175  189  202  217  235  254  271
  285  293  294  290  282  273  266  262  261  261  258  251  239  224  208  193
  181  172  166  160  154  146  136  126  118  111  104   95   86   77   71   69
   69   70   69   67   64   61   60   58   57   55   54   54   55   57   58   59
   59   60   61   64   66   65   61   55   51
    42.5-180.0 180.0   5.0 450.0                            LAT/LON1/LON2/DLON/H
   63   60   63   72   86  103  123  144  165  184  200  216  232  251  270  287
  299  306  307  304  298  290  284  279  276  272  264  251  235  217  199  183
  172  166  165  166  167  163  155  143  131  120  111  101   90   81   75   74
   76   78   78   77   74   72   71   69   67   64   60   57   56   57   59   62
   64   67   71   77   81   82   78   70   63
    40.0-180.0 180.0   5.0 450.0                            LAT/LON1/LON2/DLON/H
   73   66   64   69   78   94  115  139  165  187  206  223  242  262  283  299
  311  317  320  319  316  311  304  296  288  277  264  247  229  211  194  179
  169  165  168  175  182  182  174  159  143  128  116  105   93   83   76   74
   76   78   78   76   73   72   72   72   71   67   62   57   54   55   58   62
   66   70   75   82   89   92   90   82   73
    37.5-180.0 180.0   5.0 450.0                            LAT/LON1/LON2/DLON/H
   78   69   64   64   69   82  104  131  160  186  207  226  247  269  291  308
  320  327  332  336  336  331  321  308  293  276  259  242  227  214  202  191
  181  177  181  191  201  203  193  174  154  136  122  111   99   88   80   76
   75   75   73   69   66   64   65   67   68   65   60   55   52   52   56   61
   66   70   74   80   88   93   93   87   78
    35.0-180.0 180.0   5.0 450.0                            LAT/LON1/LON2/DLON/H
   76   68   62   59   61   72   93  123  156  185  208  228  249  273  297  315
  327  336  344  350  351  345  330  311  290  270  253  242  237  235  233  227
  217  209  210  218  226  227  213  190  165  146  133  123  113  102   92   85
   82   79   73   66   60   57   58   61   62   61   57   53   50   52   57   63
   67   69   70   73   79   84   86   83   76
    32.5-180.0 180.0   5.0 450.0                            LAT/LON1/LON2/DLON/H
   70   64   59   54   55   64   86  119  155  186  210  230  253  278  303  322
  334  344  354  361  361  351  331  306  282  264  254  255  266  282  292  291
  279  265  256  257  260  255  237  209  181  162  152  147  140  130  118  110
  103   96   87   76   65   59   57   59   60   60   57   54   53   56   63   71
   75   74   69   66   66   70   73   73   70
    30.0-180.0 180.0   5.0 450.0                            LAT/LON1/LON2/DLON/H
   61   59   56   52   52   62   85  120  158  191  216  237  260  286  310  329
  342  352  361  366  362  347  323  297  276  265  269  288  319  353  377  381
  365  340  319  308  302  290  265  233  204  187  183  183  181  172  161  151
  142  133  120  105   89   78   71   68   67   65   63   61   61   67   76   86
   90   85   75   63   57   56   59   61   61
    27.5-180.0 180.0   5.0 450.0                            LAT/LON1/LON2/DLON/H
   53   54   54   53   54   64   89  125  165  200  225  246  270  296  320  338
  349  358  364  365  356  336  311  290  279  283  304  342  392  443  478  485
  464  427  392  368  351  330  299  264  235  222  223  230  232  227  216  206
  197  186  171  153  132  114  100   90   84   79   76   74   76   84   95  107
  111  104   88   70   56   49   49   51   53
    25.0-180.0 180.0   5.0 450.0                            LAT/LON1/LON2/DLON/H
   50   52   54   55   59   71   97  135  176  211  237  259  282  308  331  347
  356  362  364  359  344  322  302  292  299  322  360  413  477  538  579  586
  559  512  465  429  402  373  338  300  273  263  270  281  286  283  274  264
  256  247  232  212  188  163  142  124  110  101   95   93   96  105  118  131
  137  128  109   84   64   52   48   48   50
    22.5-180.0 180.0   5.0 450.0                            LAT/LON1/LON2/DLON/H
   52   54   56   60   66   80  107  145  186  222  249  272  296  321  342  355
  362  365  362  351  332  312  302  311  339  381  433  494  560  622  661  665
  634  581  527  484  450  417  379  341  315  308  316  327  333  330  321  313
  307  300  288  268  243  215  187  162  142  127  118  115  118  127  141  155
  160  152  131  104   80   64   55   52   52
    20.0-180.0 180.0   5.0 450.0                            LAT/LON1/LON2/DLON/H
   59   58   60   65   74   90  118  155  195  231  260  284  309  333  352  364
  369  369  362  346  325  311  317  348  399  457  514  571  628  679  710  709
  676  624  571  527  492  457  418  382  357  349  354  361  363  356  346  339
  336  332  325  309  285  256  225  196  171  153  141  137  139  147  160  171
  176  169  149  124  100   82   70   63   59
    17.5-180.0 180.0   5.0 450.0                            LAT/LON1/LON2/DLON/H
   69   64   64   70   81  100  129  165  204  239  269  296  322  345  362  373
  378  377  367  348  329  324  349  404  473  538  590  631  667  699  717  712
  682  638  593  555  523  490  454  419  394  382  379  377  369  356  343  336
  334  335  332  322  303  278  248  218  192  172  160  155  156  162  171  179
  182  175  159  138  117  101   88   77   69
    15.0-180.0 180.0   5.0 450.0                            LAT/LON1/LON2/DLON/H
   79   70   68   74   89  111  140  175  212  248  279  308  335  358  375  387
  394  393  383  364  348  356  399  472  551  614  650  666  675  683  687  679
  657  627  596  569  544  515  482  450  423  404  389  373  353  331  313  304
  303  308  311  308  296  276  251  225  202  184  172  167  168  171  175  177
  176  170  158  143  129  116  104   91   79
    12.5-180.0 180.0   5.0 450.0                            LAT/LON1/LON2/DLON/H
   87   75   71   78   96  122  153  188  224  259  293  324  352  375  393  408
  418  421  412  395  386  404  461  543  623  673  685  672  653  640  633  626
  615  602  588  573  555  531  502  472  443  415  386  354  321  290  266  254
  254  261  270  273  268  256  238  219  202  187  178  175  175  176  174  169
  163  156  148  140  133  125  115  103   87
    10.0-180.0 180.0   5.0 450.0                            LAT/LON1/LON2/DLON/H
   94   79   74   82  104  135  169  205  240  276  311  344  373  398  418  437
  453  460  455  442  439  465  528  609  677  706  693  654  613  586  574  572
  574  577  578  573  560  540  515  486  455  418  376  330  285  246  218  204
  203  213  226  235  236  230  220  208  196  187  181  179  179  177  170  160
  148  140  135  132  130  127  121  110   94
     7.5-180.0 180.0   5.0 450.0                            LAT/LON1/LON2/DLON/H
   98   83   77   87  113  149  187  225  262  298  335  370  400  426  450  474
  496  509  508  500  502  532  592  661  709  713  676  620  571  541  532  538
  551  565  574  574  563  545  522  495  462  419  368  312  259  216  186  171
  171  182  198  211  216  214  207  200  193  188  184  183  183  180  169  154
  138  128  124  124  126  126  123  113   98
     5.0-180.0 180.0   5.0 450.0                            LAT/LON1/LON2/DLON/H
  102   88   82   94  124  164  207  248  287  325  364  399  431  458  485  514
  542  560  564  561  566  595  645  694  716  696  644  584  539  519  520  535
  554  572  581  579  565  546  525  501  468  423  367  308  253  211  183  170
  172  185  203  217  223  219  212  206  200  195  192  191  190  186  173  155
  138  126  122  122  124  125  123  116  102
     2.5-180.0 180.0   5.0 450.0                            LAT/LON1/LON2/DLON/H
  109   95   90  103  135  179  226  270  311  352  392  429  460  489  519  552
  584  606  615  615  622  646  681  706  702  663  607  557  530  528  543  564
  584  597  598  587  568  546  527  506  477  434  380  323  273  236  214  205
  210  226  245  259  261  253  240  229  220  212  207  204  202  197  184  166
  148  137  131  129  128  127  126  120  109
