ionex_data/COD0OPSFIN_20230240000_01D_01H_GIM.INX
     1.0            IONOSPHERE MAPS     GNSS                IONEX VERSION / TYPE
ADDNEQ2 V5.5        AIUB                28-JAN-23 21:12     PGM / RUN BY / DATE 
CODE'S GLOBAL IONOSPHERE MAPS FOR DAY 024, 2023             COMMENT             
Global ionosphere maps (GIM) are generated on a daily basis DESCRIPTION         
at CODE using data from about 300 GNSS sites of the IGS and DESCRIPTION         
other institutions. The vertical total electron content     DESCRIPTION         
(VTEC) is modeled in a solar-geomagnetic reference frame    DESCRIPTION         
using a spherical harmonics expansion up to degree and      DESCRIPTION         
order 15. Piece-wise linear functions are used for          DESCRIPTION         
representation in the time domain. The time spacing of      DESCRIPTION         
their vertices is 1 hour, conforming with the epochs of the DESCRIPTION         
VTEC maps.                                                  DESCRIPTION         
To convert line-of-sight TEC into vertical TEC, a modified  DESCRIPTION         
single-layer model mapping function approximating the JPL   DESCRIPTION         
extended slab model mapping function is adopted. The        DESCRIPTION         
mapping function is evaluated at geodetic satellite         DESCRIPTION         
elevation angles. For the computation of the ionospheric    DESCRIPTION         
pierce points, a spherical layer with a radius of 6821 km   DESCRIPTION         
is assumed, implying geocentric, not geodetic IONEX         DESCRIPTION         
latitudes.                                                  DESCRIPTION         
Instrumental biases with respect to each involved GNSS code DESCRIPTION         
observable are estimated as constant values for each        DESCRIPTION         
day. They are modeled with one set of bias parameters for   DESCRIPTION         
each satellite and each station in case of GPS and for each DESCRIPTION         
satellite-station link in case of GLONASS. The code bias    DESCRIPTION         
datum is defined by zero-mean conditions imposed on the     DESCRIPTION         
satellite bias estimates. In this file, just GPS C1W-C2W    DESCRIPTION         
satellite and station bias values are included. The         DESCRIPTION         
complete set of GNSS code bias results is provided in an    DESCRIPTION         
additional Bias-SINEX file as pseudo-absolute values        DESCRIPTION         
specific to each observable.                                DESCRIPTION         
Note: These GIM results correspond to the results for the   DESCRIPTION         
middle day of a 3-day combination analysis solving for 73   DESCRIPTION         
times 256, or 18688 VTEC parameters and 3 daily sets of     DESCRIPTION         
GNSS code bias parameters.                                  DESCRIPTION         
Contact address: code(at)aiub.unibe.ch                      DESCRIPTION         
Data archive:    ftp.aiub.unibe.ch/CODE/                    DESCRIPTION         
                 www.aiub.unibe.ch/download/CODE/           DESCRIPTION         
  2023     1    24     0     0     0                        EPOCH OF FIRST MAP  
  2023     1    25     0     0     0                        EPOCH OF LAST MAP   
  3600                                                      INTERVAL            
[...]
brst brux bshm cas1 ccj2 cedu chpg chpi chti chur ckis cnmr COMMENT             
coco cord cpxf crar cro1 daej darw dav1 dgar dhlg drao dubo COMMENT             
ebre faa1 fair flrs frdn ftna func ganp glps gode godz gol2 COMMENT             
gold gope gras graz guam guug harb hers hert hlfx hob2 hofn COMMENT             
holb hrao hyde iddr ieng iisc ineg invk iqal irkj isba jog2 COMMENT             
joz2 joze karr kerg kir0 kiru kit3 kokb kokv koug kour krgg COMMENT             
laut lmmf lpal lpgs m0se mac1 madr mal2 mana mas1 mat1 mate COMMENT             
maw1 mcm4 mdo1 mdvj medi mets mgue mizu mkea mnls mobs monp COMMENT             
morp mqzg mro1 mtka nano nico nist nium nklg nlib nnor not1 COMMENT             
nrc1 nrmd ntus nya1 nyal ohi2 onsa opmt ous2 pado parc park COMMENT             
pdel penc pert pie1 pimo pohn pol2 polv pots pove prds ptbb COMMENT             
ptvl qaq1 quin ramo reun reyk rgdg rio2 riop salu samo sant COMMENT             
savo sch2 scor scrz sctb scub seyg sofi spt0 ssia sthl stk2 COMMENT             
str2 suth sutm sydn syog tabl tabv tash thtg thti thu2 tid1 COMMENT             
tidb tlse tn22 tong tow2 tro1 tsea tskb tuva twtf txes uclu COMMENT             
ufpr ulab unb3 unbj unsa urum usn7 usud vald vill voim vtsp COMMENT             
wab1 wab2 wark wes2 wgtn whit will wind wsrt wtza wtzl wtzr COMMENT             
wtzs wuhn xmis yar2 yar3 yarr yell ykro zamb zeck zim2 zim3 COMMENT             
zimm                                                        COMMENT             
                                                            END OF HEADER       
[from data line 2145]
     6                                                      START OF TEC MAP    
  2023     1    24     5     0     0                        EPOCH OF CURRENT MAP
    87.5-180.0 180.0   5.0 450.0                            LAT/LON1/LON2/DLON/H
   28   27   26   25   24   23   23   22   22   22   22   23   23   24   24   25
   26   27   28   28   29   30   31   32   32   33   34   34   35   35   36   36
   37   37   37   38   38   38   39   39   40   40   40   41   41   42   43   43
   44   44   45   45   46   46   47   47   47   47   46   46   45   44   43   42
   41   40   38   36   35   33   32   30   28
    85.0-180.0 180.0   5.0 450.0                            LAT/LON1/LON2/DLON/H
   31   27   23   20   18   16   15   15   15   15   17   18   20   22   24   26
   28   30   32   34   36   37   39   40   41   42   42   43   43   44   44   45
   45   45   45   46   46   46   46   46   47   47   48   49   50   52   53   55
   58   60   63   65   68   70   73   75   77   78   78   78   78   76   74   72
   68   64   60   55   50   45   40   36   31
    82.5-180.0 180.0   5.0 450.0                            LAT/LON1/LON2/DLON/H
   41   32   25   20   15   12   10   10   11   13   15   18   22   26   29   33
   36   40   42   44   46   48   49   50   50   51   51   51   51   52   52   52
   52   53   53   53   53   53   52   52   52   53   53   54   56   59   62   66
   71   76   82   89   95  102  108  114  119  123  126  128  128  127  124  120
  114  107   99   90   80   70   60   50   41
    80.0-180.0 180.0   5.0 450.0                            LAT/LON1/LON2/DLON/H
   58   44   33   24   17   12   10    9   11   14   18   22   27   33   38   42
   46   50   52   54   56   56   57   56   56   56   55   55   55   55   56   56
   57   58   58   58   58   58   57   56   56   55   55   56   58   62   67   73
   81   91  102  113  125  137  149  160  170  178  185  189  191  191  188  182
  174  163  151  137  121  105   89   73   58
    77.5-180.0 180.0   5.0 450.0                            LAT/LON1/LON2/DLON/H
   81   62   46   33   23   17   13   13   15   18   23   29   34   40   45   50
   54   57   59   60   61   60   59   58   57   56   55   55   54   55   56   57
   58   60   61   61   62   61   60   58   56   55   54   55   57   62   69   78
   90  104  120  138  156  173  191  207  222  235  245  252  256  257  255  248
  238  225  208  189  168  146  124  102   81
    75.0-180.0 180.0   5.0 450.0                            LAT/LON1/LON2/DLON/H
  106   83   63   47   34   26   22   21   22   26   30   35   40   45   50   53
   56   58   60   60   60   59   58   56   55   53   52   51   51   52   54   55
   58   60   61   62   63   62   60   58   55   52   50   50   53   59   68   81
   98  117  138  161  184  207  229  249  268  283  296  306  312  314  312  306
  295  281  262  239  214  187  160  132  106
    72.5-180.0 180.0   5.0 450.0                            LAT/LON1/LON2/DLON/H
  131  104   81   63   48   39   33   31   32   34   37   41   44   47   49   51
   52   54   54   55   55   54   53   52   51   50   49   49   49   50   52   54
   56   59   61   62   62   61   58   55   51   47   45   45   48   56   68   85
  106  130  156  183  210  236  260  282  301  317  331  341  348  351  351  345
  335  320  301  277  250  221  191  160  131
    70.0-180.0 180.0   5.0 450.0                            LAT/LON1/LON2/DLON/H
  151  123   99   79   63   52   46   43   42   43   43   44   44   44   44   44
   44   45   45   46   47   48   48   49   49   49   49   50   50   51   53   54
   56   58   59   59   59   57   54   50   45   41   38   39   44   54   69   90
  116  144  174  204  233  259  282  302  319  333  345  354  361  365  365  360
  352  338  320  297  271  243  212  181  151
    67.5-180.0 180.0   5.0 450.0                            LAT/LON1/LON2/DLON/H
  166  138  113   92   76   64   57   53   51   49   48   46   43   40   37   35
   34   35   36   38   40   43   45   47   49   51   52   53   54   55   56   56
   57   57   57   56   55   52   48   44   39   35   33   35   42   55   75   99
  129  160  193  223  251  275  294  310  323  333  341  348  353  356  357  353
  346  334  318  299  276  250  223  194  166
    65.0-180.0 180.0   5.0 450.0                            LAT/LON1/LON2/DLON/H
  175  149  124  102   85   72   64   59   56   54   50   46   40   35   31   28
   27   28   30   33   36   40   44   47   51   53   56   58   59   60   60   59
   59   57   55   53   50   46   42   38   34   31   30   35   44   61   84  112
  144  178  210  240  265  284  298  309  316  321  326  330  333  335  335  331
  324  314  301  285  267  247  225  200  175
    62.5-180.0 180.0   5.0 450.0                            LAT/LON1/LON2/DLON/H
  182  157  133  109   90   75   66   60   57   54   50   45   38   32   28   25
   25   26   28   32   35   40   44   48   52   55   58   60   62   63   63   62
   60   57   54   50   45   41   37   33   30   28   30   37   50   70   96  127
  161  195  227  253  274  289  297  302  304  306  308  310  312  313  311  306
  299  288  277  264  252  238  222  203  182
    60.0-180.0 180.0   5.0 450.0                            LAT/LON1/LON2/DLON/H
  190  167  141  115   92   75   63   57   54   52   48   43   37   32   29   28
   28   30   32   35   38   41   44   48   51   54   56   59   61   62   63   62
   60   57   53   48   43   38   34   30   28   28   33   42   58   82  111  144
  179  212  241  264  281  290  295  296  295  295  296  299  300  300  296  289
  278  267  255  245  237  229  220  207  190
    57.5-180.0 180.0   5.0 450.0                            LAT/LON1/LON2/DLON/H
  203  180  152  122   94   73   59   52   49   47   44   40   36   33   32   33
   36   38   39   40   41   42   44   46   48   50   51   53   55   57   59   60
   59   57   53   48   43   38   33   30   29   31   37   49   68   95  127  162
  196  228  254  274  286  293  294  293  292  293  295  299  302  301  296  285
  271  256  243  234  230  227  224  217  203
    55.0-180.0 180.0   5.0 450.0                            LAT/LON1/LON2/DLON/H
  221  199  168  133  100   74   57   48   45   43   41   38   36   35   36   40
   44   46   47   46   44   44   44   45   45   45   45   45   46   49   53   56
   58   57   55   51   46   41   37   34   33   35   43   57   79  108  143  179
  213  243  267  284  294  298  298  297  297  299  305  311  316  315  308  294
  276  257  242  234  232  234  236  233  221
    52.5-180.0 180.0   5.0 450.0                            LAT/LON1/LON2/DLON/H
  244  222  189  150  112   81   60   49   44   42   40   37   35   36   40   45
   50   53   52   49   46   45   45   45   44   42   40   39   39   42   46   51
   56   58   59   56   52   48   43   39   38   41   49   65   89  121  158  196
  230  259  280  295  304  308  308  307  307  311  319  328  334  335  326  310
  289  268  251  242  241  246  252  253  244
    50.0-180.0 180.0   5.0 450.0                            LAT/LON1/LON2/DLON/H
  265  245  212  171  130   96   72   59   52   47   43   39   37   38   42   49
   54   56   54   51   48   48   49   51   50   46   42   38   37   38   43   49
   55   60   63   63   60   56   51   47   46   48   57   74  100  135  174  213
  248  275  296  311  319  323  322  320  320  323  331  340  348  349  340  324
  302  280  263  254  253  260  268  272  265
    47.5-180.0 180.0   5.0 450.0                            LAT/LON1/LON2/DLON/H
  279  262  232  193  153  118   93   77   67   59   52   45   41   40   45   51
   56   58   56   53   52   54   59   63   63   58   52   46   42   41   44   49
   55   61   66   69   68   64   60   56   55   57   66   84  112  148  190  230
  265  293  314  329  338  341  339  334  330  330  335  342  349  350  342  327
  308  288  272  263  262  268  277  283  279
    45.0-180.0 180.0   5.0 450.0                            LAT/LON1/LON2/DLON/H
  281  269  244  211  175  143  118  101   88   77   67   57   50   47   50   55
   59   61   59   57   59   66   75   81   83   78   70   61   55   51   50   52
   56   62   68   73   74   71   68   65   64   68   78   96  125  163  206  247
  282  310  332  348  358  361  356  347  337  331  330  333  337  337  330  319
  303  288  275  266  264  268  275  282  281
    42.5-180.0 180.0   5.0 450.0                            LAT/LON1/LON2/DLON/H
  269  261  244  219  192  166  143  125  110   97   85   74   65   60   60   64
   67   68   66   66   71   82   95  105  107  102   93   82   73   65   60   57
   57   61   68   74   77   76   74   73   75   81   92  111  140  179  222  263
  298  325  348  365  377  380  373  360  344  330  323  320  319  316  311  303
  293  283  274  265  260  259  262  267  269
    40.0-180.0 180.0   5.0 450.0                            LAT/LON1/LON2/DLON/H
  245  242  232  216  198  179  161  144  129  115  104   93   84   78   77   78
   80   80   79   80   88  101  117  128  130  125  115  103   92   81   71   62
   57   59   65   72   77   79   79   80   85   94  108  128  157  195  236  276
  309  336  359  379  393  397  391  375  356  338  325  316  309  303  297  292
  288  283  276  266  255  247  243  244  245
    37.5-180.0 180.0   5.0 450.0                            LAT/LON1/LON2/DLON/H
  219  216  210  201  192  181  167  152  138  126  118  111  105   99   97   97
   98   98   96   97  105  120  135  145  147  141  130  118  107   95   81   67
   57   55   60   68   75   79   81   86   95  109  126  147  175  211  249  285
  316  342  366  389  407  414  411  398  381  364  349  336  324  313  305  301
  299  297  291  278  260  241  228  221  219
    35.0-180.0 180.0   5.0 450.0                            LAT/LON1/LON2/DLON/H
  201  193  186  180  175  169  160  147  135  127  124  124  122  119  117  117
  117  115  112  113  119  132  145  154  154  147  136  125  114  102   87   70
   57   51   55   64   72   77   81   89  103  122  143  166  193  226  260  292
  319  344  370  397  420  434  438  435  427  418  407  393  377  361  348  341
  339  336  328  309  282  253  228  212  201
    32.5-180.0 180.0   5.0 450.0                            LAT/LON1/LON2/DLON/H
  203  184  169  158  153  149  141  130  120  118  123  130  134  133  131  130
  130  127  123  120  124  134  144  150  150  143  133  122  112  102   88   71
   56   49   51   61   70   75   80   90  109  133  158  183  210  239  269  296
  321  346  375  406  435  458  474  486  495  501  500  489  470  448  429  417
  410  404  391  366  330  290  254  225  203
    30.0-180.0 180.0   5.0 450.0                            LAT/LON1/LON2/DLON/H
  232  198  168  147  136  129  121  109  101  103  115  129  138  139  136  135
  133  129  123  118  119  125  133  137  137  131  122  112  104   96   85   71
   57   48   50   59   68   73   77   89  111  140  170  198  225  252  278  302
  326  353  385  422  458  490  520  551  581  606  619  615  596  568  542  521
  508  495  476  445  402  354  309  268  232
    27.5-180.0 180.0   5.0 450.0                            LAT/LON1/LON2/DLON/H
  290  239  191  154  132  118  107   95   88   93  109  127  137  137  133  130
  127  121  113  107  105  110  116  120  121  117  109  100   91   86   80   71
   59   51   52   60   68   71   73   85  110  143  178  209  237  263  288  312
  337  367  405  447  489  530  573  622  673  719  747  750  732  701  668  640
  618  599  574  538  492  441  389  340  290
    25.0-180.0 180.0   5.0 450.0                            LAT/LON1/LON2/DLON/H
  371  304  238  184  148  127  111   96   89   96  113  131  139  135  127  121
  117  109  100   92   91   95  100  106  109  109  102   90   80   76   76   72
   64   57   56   62   68   69   69   80  106  143  182  217  248  276  302  327
  356  391  435  482  529  575  627  689  757  818  858  869  854  821  783  750
  722  698  669  633  588  538  486  432  371
    22.5-180.0 180.0   5.0 450.0                            LAT/LON1/LON2/DLON/H
  465  387  306  237  188  158  138  122  114  120  137  151  153  142  129  119
  112  103   93   87   87   91   96  102  108  110  103   89   75   70   74   76
   72   65   62   66   69   67   65   74  101  141  185  224  258  289  318  348
  382  425  474  525  572  619  674  740  815  884  931  947  935  904  866  831
  802  775  746  713  674  631  584  530  465
    20.0-180.0 180.0   5.0 450.0                            LAT/LON1/LON2/DLON/H
  555  474  386  307  249  212  189  172  165  171  185  193  186  168  149  135
  126  116  107  103  105  109  112  116  121  124  116   98   79   71   76   83
   81   74   69   69   70   65   61   69   96  140  187  230  268  302  336  372
  414  463  517  569  614  656  706  768  838  904  950  968  960  934  901  870
  843  819  794  767  737  705  667  619  555
    17.5-180.0 180.0   5.0 450.0                            LAT/LON1/LON2/DLON/H
  630  554  466  385  323  283  258  242  238  245  256  258  244  218  194  178
  167  157  150  149  153  155  151  147  148  149  140  117   92   80   84   92
   92   83   75   73   71   65   59   66   95  140  190  237  278  317  355  397
  445  500  557  607  647  681  720  768  823  876  914  931  927  909  887  865
  846  828  810  791  772  751  725  687  630
    15.0-180.0 180.0   5.0 450.0                            LAT/LON1/LON2/DLON/H
  681  615  537  460  400  359  334  322  321  331  342  341  322  293  266  249
  238  229  225  228  232  228  212  193  184  180  169  142  112   96   98  105
  103   92   82   77   73   65   59   66   96  143  195  244  289  330  373  419
  472  530  586  632  666  691  716  745  779  812  837  850  851  843  833  824
  816  808  798  788  779  768  753  726  681
    12.5-180.0 180.0   5.0 450.0                            LAT/LON1/LON2/DLON/H
  704  654  590  525  469  429  405  396  400  415  428  427  409  381  356  341
  332  325  324  330  333  319  284  246  222  211  198  171  139  118  116  119
  115  102   89   82   76   68   62   70  101  149  202  253  298  342  387  435
  490  547  600  642  670  688  701  712  722  733  743  751  756  759  762  766
  771  773  772  768  766  762  755  737  704
    10.0-180.0 180.0   5.0 450.0                            LAT/LON1/LON2/DLON/H
  705  671  624  572  523  484  460  452  461  480  498  502  488  466  447  436
  430  426  430  438  438  411  355  294  252  234  222  199  168  144  137  135
  127  111   96   88   82   73   67   76  108  157  210  261  307  351  396  445
  498  551  599  637  662  678  684  680  671  662  660  665  673  683  697  713
  729  740  744  745  746  746  741  728  705
     7.5-180.0 180.0   5.0 450.0                            LAT/LON1/LON2/DLON/H
  693  671  641  602  559  520  493  484  493  515  537  547  541  528  517  512
  509  510  517  528  524  483  408  326  269  247  239  222  196  172  159  151
  138  120  105   97   89   79   73   83  116  165  218  268  314  358  402  448
  497  544  587  621  648  667  674  665  644  623  612  615  626  640  658  681
  704  721  729  732  732  730  723  710  693
     5.0-180.0 180.0   5.0 450.0                            LAT/LON1/LON2/DLON/H
  678  663  646  618  580  538  504  489  495  515  538  552  554  550  548  548
  549  552  562  575  567  518  429  333  269  246  246  240  221  198  179  164
  147  128  114  105   97   85   79   90  124  173  225  275  320  363  405  447
  490  531  568  601  633  662  678  673  650  625  613  616  627  639  656  679
  705  724  734  735  733  727  713  695  678
     2.5-180.0 180.0   5.0 450.0                            LAT/LON1/LON2/DLON/H
  666  653  644  624  589  543  501  475  471  484  502  516  522  525  528  532
  534  539  550  563  555  503  412  315  252  236  246  252  241  219  196  174
  153  134  122  113  103   90   84   97  132  180  232  280  325  366  406  444
  481  516  549  583  623  666  696  703  687  668  660  665  674  680  689  706
  729  747  755  756  751  739  717  689  666
