ionex_data/COD0OPSFIN_20230250000_01D_01H_GIM.INX
     1.0            IONOSPHERE MAPS     GNSS                IONEX VERSION / TYPE
ADDNEQ2 V5.5        AIUB                29-JAN-23 21:24     PGM / RUN BY / DATE 
CODE'S GLOBAL IONOSPHERE MAPS FOR DAY 025, 2023             COMMENT             
Global ionosphere maps (GIM) are generated on a daily basis DESCRIPTION         
at CODE using data from about 300 GNSS sites of the IGS and DESCRIPTION         
other institutions. The vertical total electron content     DESCRIPTION         
(VTEC) is modeled in a solar-geomagnetic reference frame    DESCRIPTION         
using a spherical harmonics expansion up to degree and      DESCRIPTION         
order 15. Piece-wise linear functions are used for          DESCRIPTION         
representation in the time domain. The time spacing of      DESCRIPTION         
their vertices is 1 hour, conforming with the epochs of the DESCRIPTION         
VTEC maps.                                                  DESCRIPTION         
To convert line-of-sight TEC into vertical TEC, a modified  DESCRIPTION         
single-layer model mapping function approximating the JPL   DESCRIPTION         
extended slab model mapping function is adopted. The        DESCRIPTION         
mapping function is evaluated at geodetic satellite         DESCRIPTION         
elevation angles. For the computation of the ionospheric    DESCRIPTION         
pierce points, a spherical layer with a radius of 6821 km   DESCRIPTION         
is assumed, implying geocentric, not geodetic IONEX         DESCRIPTION         
latitudes.                                                  DESCRIPTION         
Instrumental biases with respect to each involved GNSS code DESCRIPTION         
observable are estimated as constant values for each        DESCRIPTION         
day. They are modeled with one set of bias parameters for   DESCRIPTION         
each satellite and each station in case of GPS and for each DESCRIPTION         
satellite-station link in case of GLONASS. The code bias    DESCRIPTION         
datum is defined by zero-mean conditions imposed on the     DESCRIPTION         
satellite bias estimates. In this file, just GPS C1W-C2W    DESCRIPTION         
satellite and station bias values are included. The         DESCRIPTION         
complete set of GNSS code bias results is provided in an    DESCRIPTION         
additional Bias-SINEX file as pseudo-absolute values        DESCRIPTION         
specific to each observable.                                DESCRIPTION         
Note: These GIM results correspond to the results for the   DESCRIPTION         
middle day of a 3-day combination analysis solving for 73   DESCRIPTION         
times 256, or 18688 VTEC parameters and 3 daily sets of     DESCRIPTION         
GNSS code bias parameters.                                  DESCRIPTION         
Contact address: code(at)aiub.unibe.ch                      DESCRIPTION         
Data archive:    ftp.aiub.unibe.ch/CODE/                    DESCRIPTION         
                 www.aiub.unibe.ch/download/CODE/           DESCRIPTION         
  2023     1    25     0     0     0                        EPOCH OF FIRST MAP  
  2023     1    26     0     0     0                        EPOCH OF LAST MAP   
  3600                                                      INTERVAL            
[...]
brst brux bshm cas1 ccj2 cedu chpg chpi chti chur ckis cnmr COMMENT             
coco cord cpxf crar cro1 daej darw dav1 dgar dhlg drao dubo COMMENT             
ebre faa1 fair flin flrs frdn ftna func ganp glps gode godz COMMENT             
gol2 gold gope gras graz guam guug harb hers hert hlfx hob2 COMMENT             
hofn holb hrao hyde iddr ieng iisc ineg invk iqal irkj isba COMMENT             
jog2 joz2 joze karr kerg kir0 kiru kit3 kokb kokv koug kour COMMENT             
krgg laut lmmf lpal lpgs m0se mac1 madr mal2 mana mas1 mat1 COMMENT             
mate maw1 mcm4 mdo1 mdvj medi mets mgue mizu mkea mnls mobs COMMENT             
monp morp mqzg mro1 mtka nano nico nist nium nklg nlib nnor COMMENT             
not1 nrc1 nrmd ntus nya1 nyal ohi2 onsa opmt ous2 pado parc COMMENT             
park pdel penc pert pie1 pimo pohn pol2 polv pots pove prds COMMENT             
ptbb ptvl qaq1 quin ramo reun reyk rgdg rio2 riop salu samo COMMENT             
sant savo sch2 scor scrz sctb scub seyg sofi spt0 ssia sthl COMMENT             
stjo stk2 str2 suth sutm sydn syog tabl tabv tash thtg thti COMMENT             
thu2 tid1 tidb tlse tn22 tong tow2 tro1 tsea tskb tuva twtf COMMENT             
txes uclu ufpr ulab unb3 unbj unsa urum usn7 usud vald vill COMMENT             
voim vtsp wab1 wab2 wark wes2 wgtn whit will wind wsrt wtza COMMENT             
wtzl wtzr wtzs wuhn xmis yar2 yar3 yarr yell ykro zamb zeck COMMENT             
zim2 zim3 zimm                                              COMMENT             
                                                            END OF HEADER       
[from data line 8580]
    21                                                      START OF TEC MAP    
  2023     1    25    20     0     0                        EPOCH OF CURRENT MAP
    87.5-180.0 180.0   5.0 450.0                            LAT/LON1/LON2/DLON/H
  113  113  113  114  114  114  114  114  115  115  115  116  116  116  116  117
  117  117  117  117  117  117  117  117  118  118  118  117  117  117  117  117
  117  117  117  117  117  117  117  116  116  116  116  116  116  116  116  116
  116  116  116  116  116  116  116  115  115  115  115  115  115  115  115  115
  114  114  114  114  114  114  113  113  113
    85.0-180.0 180.0   5.0 450.0                            LAT/LON1/LON2/DLON/H
  105  105  106  106  106  107  108  109  110  111  112  113  114  115  116  116
  116  117  117  117  116  116  116  116  116  116  115  115  115  115  115  115
  115  115  115  114  114  114  114  113  113  112  112  112  112  111  111  111
  111  111  112  112  112  112  113  113  113  113  113  113  113  112  112  111
  111  110  109  108  107  107  106  106  105
    82.5-180.0 180.0   5.0 450.0                            LAT/LON1/LON2/DLON/H
   95   94   95   96   97   99  101  104  106  109  111  114  116  117  118  118
  118  118  117  117  116  114  113  113  112  111  111  111  111  111  111  111
  111  111  111  111  111  110  109  108  108  107  106  106  105  105  105  105
  105  106  106  107  108  109  109  110  110  111  111  111  111  110  110  108
  107  105  104  102  100   98   96   95   95
    80.0-180.0 180.0   5.0 450.0                            LAT/LON1/LON2/DLON/H
   83   83   84   85   88   92   96  101  107  112  116  120  123  125  126  126
  126  124  122  119  117  114  111  109  107  106  105  104  104  105  105  106
  107  107  107  107  107  106  105  103  102  101  100   99   98   98   98   99
   99  100  101  103  104  105  106  107  108  109  109  110  110  109  108  107
  105  102   99   96   93   90   87   85   83
    77.5-180.0 180.0   5.0 450.0                            LAT/LON1/LON2/DLON/H
   75   75   76   78   83   89   97  105  113  122  129  135  139  142  143  142
  140  137  133  128  123  118  113  108  105  101   99   98   97   97   98  100
  101  102  103  103  102  101  100   98   96   94   93   92   92   92   93   94
   96   97   99  100  101  102  103  104  105  106  106  107  108  108  107  106
  104  101   98   94   89   85   81   77   75
    75.0-180.0 180.0   5.0 450.0                            LAT/LON1/LON2/DLON/H
   73   72   74   78   84   93  104  116  128  139  150  158  164  167  168  167
  163  158  152  145  137  129  121  114  107  100   95   92   90   89   90   91
   93   95   96   96   96   94   92   90   88   86   85   85   86   87   89   92
   94   96   98   99  100  100  100  100  100  100  101  103  104  105  106  106
  104  102   99   94   89   84   79   75   73
    72.5-180.0 180.0   5.0 450.0                            LAT/LON1/LON2/DLON/H
   77   77   79   84   92  103  117  132  148  164  177  187  195  199  200  198
  194  187  180  171  161  151  139  128  116  105   96   88   83   80   79   80
   82   84   85   86   86   84   82   80   78   76   76   77   79   82   86   90
   94   96   98   99   98   97   95   94   93   92   93   95   97  100  102  103
  104  103  101   97   93   89   84   80   77
    70.0-180.0 180.0   5.0 450.0                            LAT/LON1/LON2/DLON/H
   88   88   90   96  105  118  134  153  172  190  206  219  228  233  234  233
  229  223  216  207  195  182  167  151  134  117  101   88   78   72   68   67
   68   70   71   72   72   70   68   66   64   64   65   67   71   76   82   87
   92   95   97   97   95   92   89   85   82   81   81   83   87   90   94   98
  100  101  101  100   98   95   92   90   88
    67.5-180.0 180.0   5.0 450.0                            LAT/LON1/LON2/DLON/H
  102  103  106  112  122  135  153  173  195  215  234  248  259  265  268  269
  267  263  257  248  237  222  204  182  159  135  112   92   76   65   58   55
   54   55   56   56   55   54   52   50   50   50   52   56   62   68   75   81
   87   91   92   92   89   84   79   73   69   67   66   69   73   78   83   88
   92   96   98  100  101  101  102  102  102
    65.0-180.0 180.0   5.0 450.0                            LAT/LON1/LON2/DLON/H
  116  119  123  129  138  152  170  191  214  236  256  272  284  292  298  301
  303  302  299  293  282  266  244  218  188  157  127  100   79   62   52   45
   43   42   42   41   40   39   37   36   36   37   40   45   51   58   65   71
   77   81   82   81   78   72   66   60   55   51   51   53   57   63   69   75
   80   84   89   93   98  104  108  113  116
    62.5-180.0 180.0   5.0 450.0                            LAT/LON1/LON2/DLON/H
  127  133  138  145  154  168  186  207  230  252  272  289  302  313  321  329
  334  338  339  334  324  307  283  252  218  181  145  113   87   67   52   43
   38   35   33   31   30   28   26   26   27   29   32   37   42   48   53   58
   63   66   67   66   63   59   52   46   41   38   37   39   43   49   54   59
   64   69   74   81   90  100  110  119  127
    60.0-180.0 180.0   5.0 450.0                            LAT/LON1/LON2/DLON/H
  133  143  151  160  170  184  201  222  244  265  284  300  314  326  338  350
  360  368  371  369  358  340  314  281  243  204  165  131  102   79   63   51
   43   37   33   30   27   25   24   24   25   28   30   34   37   40   43   45
   48   50   51   50   48   45   41   36   32   29   28   30   33   37   41   45
   48   52   57   65   76   90  106  120  133
    57.5-180.0 180.0   5.0 450.0                            LAT/LON1/LON2/DLON/H
  134  150  162  174  187  202  220  241  261  279  295  309  322  336  350  365
  379  390  395  392  381  361  334  300  262  223  185  152  123  101   83   69
   58   49   42   37   33   31   31   31   33   35   36   37   38   37   36   36
   35   36   36   37   36   35   33   30   28   26   26   27   29   31   33   34
   35   36   40   48   61   78   97  117  134
    55.0-180.0 180.0   5.0 450.0                            LAT/LON1/LON2/DLON/H
  134  155  173  191  208  227  247  267  285  299  311  321  332  344  360  377
  393  404  409  404  391  370  342  309  273  238  204  175  150  129  111   95
   81   68   58   51   47   45   45   46   48   49   49   48   45   42   37   33
   30   29   29   29   30   31   31   31   31   30   30   31   31   32   31   30
   28   27   29   35   48   65   87  111  134
    52.5-180.0 180.0   5.0 450.0                            LAT/LON1/LON2/DLON/H
  133  160  186  211  235  259  282  302  318  328  334  338  345  355  370  387
  402  412  414  407  391  368  340  310  279  249  222  198  177  158  140  122
  105   89   77   68   64   63   64   66   67   67   66   64   59   53   46   39
   35   32   31   31   33   34   37   38   40   40   40   40   39   38   36   33
   29   26   26   30   41   58   80  106  133
    50.0-180.0 180.0   5.0 450.0                            LAT/LON1/LON2/DLON/H
  136  168  202  235  267  298  325  345  359  364  364  362  363  369  381  396
  409  417  415  405  386  361  335  307  282  258  237  219  202  185  166  145
  124  105   91   83   80   81   83   84   85   85   84   80   75   68   61   54
   48   44   42   41   42   44   46   49   52   53   53   52   50   47   45   41
   37   33   31   34   42   57   79  105  136
    47.5-180.0 180.0   5.0 450.0                            LAT/LON1/LON2/DLON/H
  142  179  220  261  301  338  369  390  402  404  399  391  386  387  395  406
  417  421  416  402  381  356  330  306  285  266  250  235  219  202  181  157
  133  112   98   92   91   94   97   99   99   99   97   95   90   85   78   72
   67   63   60   58   56   56   58   61   64   65   65   63   60   58   55   52
   49   46   44   45   51   63   83  109  142
    45.0-180.0 180.0   5.0 450.0                            LAT/LON1/LON2/DLON/H
  151  192  238  286  332  373  406  429  440  440  432  421  411  408  411  418
  425  426  419  404  382  357  333  310  291  274  259  244  227  208  184  157
  131  110   97   93   96  101  105  107  107  106  105  104  102   98   94   90
   87   84   80   75   71   68   68   70   73   74   73   71   68   66   64   63
   62   61   60   60   65   75   92  117  151
    42.5-180.0 180.0   5.0 450.0                            LAT/LON1/LON2/DLON/H
  162  205  254  305  354  396  429  452  464  465  457  446  434  427  426  430
  434  434  428  413  392  367  343  320  300  282  264  246  225  202  176  147
  120  100   91   92   99  106  110  110  109  108  108  108  108  107  106  104
  103  101   96   89   82   76   74   74   76   77   76   74   71   70   70   71
   73   73   73   74   78   87  103  128  162
    40.0-180.0 180.0   5.0 450.0                            LAT/LON1/LON2/DLON/H
  173  216  266  316  363  403  434  456  469  473  470  462  452  443  439  440
  444  445  441  429  409  385  359  335  312  289  266  242  216  190  162  133
  109   93   89   95  105  113  116  113  110  108  108  110  111  111  111  112
  112  111  106   98   88   80   75   74   75   75   74   72   70   70   72   75
   78   80   81   83   87   97  113  138  173
    37.5-180.0 180.0   5.0 450.0                            LAT/LON1/LON2/DLON/H
  182  224  272  319  360  394  420  440  455  466  470  468  462  453  448  448
  452  456  456  447  429  404  377  349  321  294  265  235  206  178  151  126
  107   97   99  109  121  128  127  121  114  111  110  112  113  113  113  113
  115  114  110  102   90   80   73   71   71   71   69   67   66   67   71   75
   79   82   83   85   91  102  120  147  182
    35.0-180.0 180.0   5.0 450.0                            LAT/LON1/LON2/DLON/H
  189  230  274  315  350  376  396  414  431  448  462  468  466  459  453  452
  457  465  468  463  445  419  388  357  327  296  263  231  202  176  154  135
  123  121  128  142  153  156  150  138  128  122  120  120  119  116  114  113
  114  115  111  103   91   80   73   69   68   67   65   63   62   65   69   75
   78   79   78   80   88  103  125  154  189
    32.5-180.0 180.0   5.0 450.0                            LAT/LON1/LON2/DLON/H
  197  237  276  312  340  359  373  388  408  431  452  466  468  462  455  453
  459  468  474  470  452  423  390  357  327  297  265  235  209  189  175  167
  164  168  180  194  202  198  184  166  151  143  139  136  131  125  120  117
  117  117  115  107   96   85   78   73   71   68   65   63   63   65   71   76
   78   76   73   73   82  101  127  160  197
    30.0-180.0 180.0   5.0 450.0                            LAT/LON1/LON2/DLON/H
  207  246  283  315  339  354  365  379  400  427  453  470  474  467  458  453
  457  465  471  465  444  413  379  349  323  299  274  250  232  222  219  221
  227  237  250  261  261  248  225  201  183  173  167  161  153  143  134  130
  128  128  125  118  108   98   91   85   81   77   73   69   68   71   77   81
   81   76   69   68   78  100  132  168  207
    27.5-180.0 180.0   5.0 450.0                            LAT/LON1/LON2/DLON/H
  222  261  298  330  354  371  383  397  419  447  473  489  490  480  465  456
  454  458  459  449  425  392  361  337  322  309  294  280  272  273  282  293
  305  317  327  332  322  299  268  238  218  207  200  192  181  169  159  153
  151  150  147  140  130  120  112  106  100   94   87   82   81   83   88   92
   90   82   72   69   79  105  141  181  222
    25.0-180.0 180.0   5.0 450.0                            LAT/LON1/LON2/DLON/H
  241  283  322  358  389  411  429  447  469  495  517  527  522  504  482  465
  455  451  444  428  400  369  343  330  328  329  328  325  327  338  355  372
  385  395  399  394  374  340  302  270  250  239  232  223  212  200  191  185
  183  182  178  170  159  149  141  133  125  116  108  101   98   99  104  107
  105   95   82   78   88  116  155  199  241
    22.5-180.0 180.0   5.0 450.0                            LAT/LON1/LON2/DLON/H
  266  310  354  398  438  472  499  523  546  567  581  582  568  542  512  486
  465  450  433  410  381  354  337  337  350  365  375  381  391  408  428  446
  455  457  452  435  405  363  321  289  272  263  258  250  240  231  224  221
  220  219  213  203  191  179  170  161  151  141  130  122  117  116  120  123
  121  111   98   93  105  134  176  222  266
    20.0-180.0 180.0   5.0 450.0                            LAT/LON1/LON2/DLON/H
  294  341  390  443  495  542  581  612  635  651  657  649  626  593  556  521
  489  461  434  406  379  358  352  365  390  416  434  444  456  474  492  504
  504  494  477  450  411  365  323  294  281  276  272  266  260  255  253  254
  255  253  246  233  219  205  195  185  174  162  150  140  134  132  134  137
  136  127  116  113  126  157  201  248  294
    17.5-180.0 180.0   5.0 450.0                            LAT/LON1/LON2/DLON/H
  322  372  426  485  548  606  656  694  719  732  731  716  688  652  611  570
  529  490  455  425  402  390  395  417  449  479  498  508  517  529  540  541
  527  504  473  437  394  347  309  286  278  276  274  270  268  268  272  275
  278  276  268  253  236  221  210  199  188  176  164  154  146  142  142  145
  145  139  132  132  148  182  226  274  322
    15.0-180.0 180.0   5.0 450.0                            LAT/LON1/LON2/DLON/H
  348  399  456  519  587  652  709  752  779  790  786  770  743  709  671  629
  583  538  498  469  453  450  463  489  521  549  563  566  567  570  570  557
  528  490  448  406  361  320  288  273  269  269  267  265  265  270  276  282
  285  283  274  259  240  225  213  204  193  181  170  160  152  146  145  147
  148  145  142  147  167  204  250  298  348
    12.5-180.0 180.0   5.0 450.0                            LAT/LON1/LON2/DLON/H
  369  421  478  540  606  671  729  773  801  813  811  798  780  756  728  691
  646  600  560  536  527  532  548  571  597  615  619  613  604  596  584  557
  514  463  414  369  328  293  271  263  262  261  258  254  256  262  269  273
  276  274  266  250  232  217  207  199  190  179  170  161  153  147  143  143
  144  144  145  156  181  221  268  318  369
    10.0-180.0 180.0   5.0 450.0                            LAT/LON1/LON2/DLON/H
  385  438  493  548  605  662  713  754  781  795  798  796  791  784  771  746
  710  667  633  615  614  623  636  651  664  669  662  646  628  612  589  551
  497  437  384  340  306  281  268  265  265  260  252  247  247  252  255  256
  255  253  246  233  216  203  195  190  183  174  166  159  153  146  141  138
  138  139  144  160  191  233  282  333  385
     7.5-180.0 180.0   5.0 450.0                            LAT/LON1/LON2/DLON/H
  398  451  501  547  590  632  671  704  727  742  752  762  774  786  792  785
  762  730  704  694  698  707  713  715  712  704  688  665  643  620  591  546
  487  424  370  331  305  290  285  284  281  271  257  248  246  246  243  237
  233  230  225  214  200  190  185  183  178  171  164  160  155  149  142  137
  133  134  142  163  197  242  292  344  398
     5.0-180.0 180.0   5.0 450.0                            LAT/LON1/LON2/DLON/H
  407  461  507  543  571  595  618  639  655  669  685  705  732  763  789  801
  795  777  761  758  765  770  766  753  737  719  697  673  649  626  595  549
  490  429  379  345  328  321  321  321  312  295  275  263  258  253  242  227
  217  214  211  203  192  184  183  183  180  175  170  167  164  158  150  142
  135  134  143  167  203  249  299  352  407
     2.5-180.0 180.0   5.0 450.0                            LAT/LON1/LON2/DLON/H
  415  469  513  541  556  565  572  579  586  597  614  641  677  721  763  793
  804  801  795  797  803  802  787  763  737  715  694  672  651  630  601  559
  505  450  406  380  369  368  371  369  354  329  305  291  284  274  255  232
  217  212  210  204  195  190  190  193  193  188  184  183  182  177  168  156
  146  142  151  176  213  258  307  359  415
