ionex_data/COD0OPSFIN_20230420000_01D_01H_GIM.INX
     1.0            IONOSPHERE MAPS     GNSS                IONEX VERSION / TYPE
ADDNEQ2 V5.5        AIUB                15-FEB-23 21:29     PGM / RUN BY / DATE 
CODE'S GLOBAL IONOSPHERE MAPS FOR DAY 042, 2023             COMMENT             
Global ionosphere maps (GIM) are generated on a daily basis DESCRIPTION         
at CODE using data from about 300 GNSS sites of the IGS and DESCRIPTION         
other institutions. The vertical total electron content     DESCRIPTION         
(VTEC) is modeled in a solar-geomagnetic reference frame    DESCRIPTION         
using a spherical harmonics expansion up to degree and      DESCRIPTION         
order 15. Piece-wise linear functions are used for          DESCRIPTION         
representation in the time domain. The time spacing of      DESCRIPTION         
their vertices is 1 hour, conforming with the epochs of the DESCRIPTION         
VTEC maps.                                                  DESCRIPTION         
To convert line-of-sight TEC into vertical TEC, a modified  DESCRIPTION         
single-layer model mapping function approximating the JPL   DESCRIPTION         
extended slab model mapping function is adopted. The        DESCRIPTION         
mapping function is evaluated at geodetic satellite         DESCRIPTION         
elevation angles. For the computation of the ionospheric    DESCRIPTION         
pierce points, a spherical layer with a radius of 6821 km   DESCRIPTION         
is assumed, implying geocentric, not geodetic IONEX         DESCRIPTION         
latitudes.                                                  DESCRIPTION         
Instrumental biases with respect to each involved GNSS code DESCRIPTION         
observable are estimated as constant values for each        DESCRIPTION         
day. They are modeled with one set of bias parameters for   DESCRIPTION         
each satellite and each station in case of GPS and for each DESCRIPTION         
satellite-station link in case of GLONASS. The code bias    DESCRIPTION         
datum is defined by zero-mean conditions imposed on the     DESCRIPTION         
satellite bias estimates. In this file, just GPS C1W-C2W    DESCRIPTION         
satellite and station bias values are included. The         DESCRIPTION         
complete set of GNSS code bias results is provided in an    DESCRIPTION         
additional Bias-SINEX file as pseudo-absolute values        DESCRIPTION         
specific to each observable.                                DESCRIPTION         
Note: These GIM results correspond to the results for the   DESCRIPTION         
middle day of a 3-day combination analysis solving for 73   DESCRIPTION         
times 256, or 18688 VTEC parameters and 3 daily sets of     DESCRIPTION         
GNSS code bias parameters.                                  DESCRIPTION         
Contact address: code(at)aiub.unibe.ch                      DESCRIPTION         
Data archive:    ftp.aiub.unibe.ch/CODE/                    DESCRIPTION         
                 www.aiub.unibe.ch/download/CODE/           DESCRIPTION         
  2023     2    11     0     0     0                        EPOCH OF FIRST MAP  
  2023     2    12     0     0     0                        EPOCH OF LAST MAP   
  3600                                                      INTERVAL            
[...]
brst brux bshm cags cas1 ccj2 cedu chpg chpi chti chur coco COMMENT             
cord cpvg cpxf crar cro1 daej darw dav1 dhlg drao dubo ebre COMMENT             
faa1 fair flrs frdn ftna func ganp glps glsv gode godz gol2 COMMENT             
gold gope gras graz guam guug harb hers hert hlfx hob2 hofn COMMENT             
holb hrao hyde iddr ieng iisc ineg invk iqal isba jog2 joz2 COMMENT             
joze karr kerg kir0 kiri kiru kit3 kokb kokv kouc koug kour COMMENT             
krgg laut lmmf lpal lpgs m0se mac1 madr mal2 mana mas1 mat1 COMMENT             
mate maw1 mcm4 mdo1 mdvj medi mets mgue mizu mkea mnls mobs COMMENT             
monp morp mqzg mro1 mtka nano nico nist nium nklg nlib nnor COMMENT             
not1 nrc1 nrmd ntus nya1 nyal ohi2 onsa opmt ous2 pado parc COMMENT             
park pdel penc pert pie1 pimo pohn pol2 polv pots pove prds COMMENT             
ptag ptbb ptvl qaq1 quin ramo reun reyk rgdg rio2 riop salu COMMENT             
samo sant savo sch2 scor scrz sctb scub seyg smst sofi spt0 COMMENT             
ssia sthl stjo stk2 str2 suth sutm suwn sydn syog tabl tabv COMMENT             
tash thtg thti thu2 tid1 tidb tlse tn22 tong tow2 tro1 tsea COMMENT             
tskb tuva twtf txes uclu ufpr ulab unb3 unbj unsa urum usn7 COMMENT             
usud vald vill voim vtsp wab1 wab2 wark wes2 wgtn whit will COMMENT             
wsrt wtza wtzl wtzr wtzs wtzz wuhn xmis yar2 yar3 yarr ykro COMMENT             
zamb zeck zim2 zim3 zimm                                    COMMENT             
                                                            END OF HEADER       
[from data line 5148]
    13                                                      START OF TEC MAP    
  2023     2    11    12     0     0                        EPOCH OF CURRENT MAP
    87.5-180.0 180.0   5.0 450.0                            LAT/LON1/LON2/DLON/H
  170  171  172  173  173  174  174  174  173  173  172  171  170  168  167  165
  163  161  159  157  154  152  150  147  145  142  140  137  134  132  129  127
  124  121  119  116  114  112  110  108  106  105  104  103  102  102  102  103
  104  105  107  109  112  115  118  121  124  128  131  135  139  142  146  149
  152  155  158  160  163  165  167  169  170
    85.0-180.0 180.0   5.0 450.0                            LAT/LON1/LON2/DLON/H
  197  198  199  199  199  199  199  198  197  195  194  191  189  186  183  179
  176  172  168  165  161  157  154  151  147  144  141  138  135  132  129  126
  122  118  114  110  105  101   96   92   87   83   80   77   75   73   73   74
   75   78   82   87   92   99  106  114  121  129  137  145  152  159  166  171
  176  181  185  188  191  193  195  196  197
    82.5-180.0 180.0   5.0 450.0                            LAT/LON1/LON2/DLON/H
  213  212  211  210  209  209  208  207  206  204  201  198  194  189  184  179
  173  168  162  157  153  149  146  143  141  140  139  139  138  138  137  136
  134  131  128  123  118  112  105   98   90   83   76   71   66   62   61   61
   63   67   73   81   90  101  112  125  137  150  162  173  184  192  200  206
  210  214  215  216  216  216  215  214  213
    80.0-180.0 180.0   5.0 450.0                            LAT/LON1/LON2/DLON/H
  212  208  205  204  203  202  202  201  200  199  196  192  186  180  173  165
  157  149  142  136  131  127  125  125  126  129  132  137  142  147  152  155
  158  159  159  156  152  146  138  129  119  109   99   90   82   76   72   71
   73   78   85   96  109  123  139  156  173  189  204  217  228  237  243  247
  248  247  244  239  234  228  222  216  212
    77.5-180.0 180.0   5.0 450.0                            LAT/LON1/LON2/DLON/H
  196  190  186  184  184  184  185  186  187  185  183  178  171  163  154  143
  133  123  114  107  102   99   99  102  107  115  124  135  147  159  170  181
  190  197  201  203  201  197  189  180  169  157  145  133  123  114  109  106
  107  112  120  132  146  163  181  200  219  237  252  265  275  281  284  283
  279  271  262  250  238  226  215  204  196
    75.0-180.0 180.0   5.0 450.0                            LAT/LON1/LON2/DLON/H
  171  163  159  158  160  162  166  169  170  170  168  163  155  145  134  121
  109   97   87   80   75   74   77   83   92  104  119  136  154  172  191  208
  224  237  247  254  256  255  250  242  231  220  207  194  182  172  165  161
  161  164  171  182  196  212  229  247  264  280  293  303  309  311  309  302
  292  279  263  245  228  210  194  181  171
    72.5-180.0 180.0   5.0 450.0                            LAT/LON1/LON2/DLON/H
  142  136  134  135  139  144  150  155  158  158  156  150  142  131  118  105
   91   79   69   63   60   61   66   75   87  103  121  141  163  186  210  233
  254  273  289  300  307  309  308  303  295  285  274  262  250  240  232  226
  223  224  228  236  246  258  271  283  295  305  312  316  316  312  305  293
  279  262  242  222  202  183  166  152  142
    70.0-180.0 180.0   5.0 450.0                            LAT/LON1/LON2/DLON/H
  117  114  115  119  126  134  141  147  151  151  148  142  133  122  110   97
   84   73   65   60   59   63   70   82   96  112  131  151  174  199  225  251
  277  300  320  335  345  351  353  352  348  342  334  325  316  306  297  290
  284  282  281  283  287  291  296  300  303  303  302  297  290  281  268  254
  238  220  202  183  166  149  135  124  117
    67.5-180.0 180.0   5.0 450.0                            LAT/LON1/LON2/DLON/H
  100  102  106  113  122  132  140  146  148  148  144  138  130  120  109   98
   87   79   72   70   72   79   88  101  115  130  146  164  184  208  234  262
  290  316  338  356  369  377  381  383  384  382  380  375  369  361  352  343
  334  327  321  317  312  307  301  294  286  276  264  251  236  221  205  190
  174  160  147  135  124  115  108  102  100
    65.0-180.0 180.0   5.0 450.0                            LAT/LON1/LON2/DLON/H
   92   98  105  114  124  134  142  146  147  145  140  134  127  120  112  105
   97   91   88   88   93  101  113  126  138  151  163  176  192  213  238  266
  296  323  347  366  379  387  393  397  401  405  408  408  405  399  390  380
  369  357  346  334  321  307  290  272  252  231  210  189  168  148  130  115
  103   95   90   87   86   86   87   89   92
    62.5-180.0 180.0   5.0 450.0                            LAT/LON1/LON2/DLON/H
   91   99  107  116  126  135  141  144  143  139  134  128  123  119  116  112
  108  105  104  106  112  123  136  149  160  169  176  184  196  214  238  267
  299  328  352  370  381  388  393  398  405  413  420  425  426  421  413  401
  388  373  357  340  319  297  271  243  215  186  157  130  105   82   63   49
   41   39   42   49   59   68   77   84   91
    60.0-180.0 180.0   5.0 450.0                            LAT/LON1/LON2/DLON/H
   94  100  106  113  121  129  134  135  133  128  122  118  116  116  117  117
  116  114  114  117  124  136  150  163  173  180  184  188  197  214  239  270
  304  335  359  375  383  386  389  393  402  413  424  432  435  432  424  411
  397  380  362  340  315  287  255  221  187  154  123   93   66   42   22    9
    3    6   16   30   47   63   76   87   94
    57.5-180.0 180.0   5.0 450.0                            LAT/LON1/LON2/DLON/H
   98   99  100  103  108  113  117  119  116  111  106  104  104  108  113  116
  117  116  115  117  124  137  152  167  177  183  186  189  198  216  243  278
  315  348  373  387  391  389  388  391  400  413  426  436  441  438  430  417
  403  386  366  344  316  285  250  214  179  147  117   89   62   38   17    3
    0    2   14   31   51   70   84   93   98
    55.0-180.0 180.0   5.0 450.0                            LAT/LON1/LON2/DLON/H
   99   94   88   85   86   90   95   97   96   93   89   88   91   98  105  110
  112  109  107  107  114  128  145  162  174  182  186  191  202  222  253  292
  333  369  394  405  406  401  396  398  406  419  433  443  448  445  437  425
  411  396  377  354  327  294  259  224  191  163  138  114   90   67   46   30
   22   23   34   50   68   85   96  101   99
    52.5-180.0 180.0   5.0 450.0                            LAT/LON1/LON2/DLON/H
   98   85   72   64   61   65   70   76   78   77   75   75   79   87   95  101
  102   98   94   93  100  114  134  154  170  181  189  197  212  236  270  312
  355  392  418  429  428  420  414  414  421  434  447  456  459  456  448  438
  426  412  395  373  345  313  278  245  217  194  176  158  138  116   94   75
   63   60   65   76   89  101  107  106   98
    50.0-180.0 180.0   5.0 450.0                            LAT/LON1/LON2/DLON/H
   95   77   59   46   41   44   51   59   65   67   67   68   72   79   87   91
   91   86   80   80   87  104  126  150  170  185  197  210  229  255  291  333
  376  414  440  452  452  446  440  440  446  457  467  473  474  471  464  455
  445  433  417  395  368  335  301  269  244  226  213  200  184  163  141  120
  104   96   94   98  105  111  113  108   95
    47.5-180.0 180.0   5.0 450.0                            LAT/LON1/LON2/DLON/H
   91   72   52   37   30   33   42   53   62   66   68   69   72   76   81   84
   82   77   72   72   82  101  127  154  178  197  214  231  251  277  311  350
  391  428  456  471  475  473  470  472  478  486  492  494  492  487  481  474
  465  454  438  416  387  354  318  286  262  245  234  224  209  190  169  147
  130  117  110  108  108  110  110  104   91
    45.0-180.0 180.0   5.0 450.0                            LAT/LON1/LON2/DLON/H
   88   73   55   40   33   36   45   57   67   74   77   77   77   79   80   81
   78   74   70   73   86  109  137  167  194  217  236  254  274  297  326  359
  396  432  462  483  494  500  503  507  513  517  517  514  508  502  497  492
  484  472  455  431  401  365  327  292  264  245  231  220  205  187  167  148
  132  119  108  100   97   97   98   96   88
    42.5-180.0 180.0   5.0 450.0                            LAT/LON1/LON2/DLON/H
   86   78   66   54   48   50   58   69   79   87   90   90   88   86   84   83
   80   76   76   82   99  124  156  187  215  240  260  278  295  312  333  360
  392  428  462  491  512  526  537  544  549  548  542  533  524  517  512  507
  499  486  466  441  409  372  331  290  256  229  210  193  176  159  142  128
  116  104   92   82   76   76   81   86   86
    40.0-180.0 180.0   5.0 450.0                            LAT/LON1/LON2/DLON/H
   86   87   82   75   70   71   76   84   93  100  105  104  101   96   92   88
   86   84   85   95  114  143  176  209  238  261  281  297  309  320  334  354
  384  422  463  501  533  556  573  583  585  580  568  554  541  533  529  524
  515  500  478  452  421  383  339  293  249  213  185  161  141  123  111  103
   97   90   78   65   57   57   66   78   86
    37.5-180.0 180.0   5.0 450.0                            LAT/LON1/LON2/DLON/H
   89   96   97   94   92   91   92   96  103  110  115  116  113  107  101   97
   94   93   96  107  129  159  194  227  256  278  296  308  316  323  332  350
  381  424  473  521  562  593  615  625  625  615  598  579  564  556  553  548
  538  521  500  475  446  410  365  314  262  216  179  148  125  108   99   98
   99   95   83   66   54   52   61   76   89
    35.0-180.0 180.0   5.0 450.0                            LAT/LON1/LON2/DLON/H
   96  104  107  107  106  104  102  102  106  113  119  123  121  115  110  106
  103  102  105  116  138  169  205  239  267  288  304  314  319  324  334  356
  393  443  501  557  605  641  663  673  670  656  636  615  600  593  590  587
  577  560  540  519  496  464  420  366  308  255  211  177  151  136  131  136
  141  138  123  100   80   70   74   85   96
    32.5-180.0 180.0   5.0 450.0                            LAT/LON1/LON2/DLON/H
  108  108  109  109  109  107  103  100  101  108  117  123  124  120  117  114
  112  110  111  120  141  173  210  245  273  293  307  316  322  331  347  379
  426  486  552  613  663  699  720  726  720  705  684  665  652  647  646  644
  636  622  606  591  574  548  507  452  392  337  291  257  232  219  218  225
  231  226  205  173  141  118  108  106  108
    30.0-180.0 180.0   5.0 450.0                            LAT/LON1/LON2/DLON/H
  125  112  105  103  103  102   97   92   92   98  109  117  121  121  120  119
  117  114  113  120  140  172  210  246  275  295  309  319  330  347  376  421
  482  552  623  685  733  765  781  783  775  760  743  728  719  717  720  720
  715  706  697  689  678  657  619  565  506  453  411  382  362  353  353  360
  363  353  323  280  233  193  163  142  125
    27.5-180.0 180.0   5.0 450.0                            LAT/LON1/LON2/DLON/H
  147  117   99   93   93   93   89   83   82   88   98  108  114  116  118  120
  120  116  113  119  138  172  211  248  277  298  313  328  347  376  421  483
  557  635  706  765  806  831  841  840  832  820  809  800  797  799  804  807
  807  804  801  800  794  775  738  686  631  584  550  529  517  512  513  517
  514  496  458  404  343  285  232  187  147
    25.0-180.0 180.0   5.0 450.0                            LAT/LON1/LON2/DLON/H
  175  128   99   87   86   86   84   79   77   81   89   98  103  107  112  117
  119  116  113  119  141  176  217  255  283  305  323  344  373  416  478  556
  641  722  790  841  874  891  896  892  885  879  875  873  875  880  886  892
  897  900  904  906  901  881  842  791  739  700  676  666  662  660  661  660
  651  626  581  519  448  375  303  235  175
    22.5-180.0 180.0   5.0 450.0                            LAT/LON1/LON2/DLON/H
  205  147  109   92   89   90   88   84   81   82   85   89   92   96  103  110
  115  114  114  124  150  188  230  266  294  317  339  367  407  464  540  630
  721  801  861  902  925  936  938  934  930  930  932  937  943  948  954  961
  969  977  985  988  979  954  910  857  808  775  760  759  761  763  761  755
  741  712  665  601  526  445  362  280  205
    20.0-180.0 180.0   5.0 450.0                            LAT/LON1/LON2/DLON/H
  235  174  133  113  107  106  104  100   95   90   87   84   82   84   91  101
  108  112  117  133  165  207  249  284  309  332  359  395  445  513  598  694
  785  859  910  940  956  963  965  963  963  968  976  984  990  993  995 1000
 1008 1019 1028 1028 1014  980  931  874  825  794  784  787  793  795  791  780
  763  733  690  631  561  481  397  312  235
    17.5-180.0 180.0   5.0 450.0                            LAT/LON1/LON2/DLON/H
  261  207  170  149  140  135  131  125  117  107   96   84   76   75   81   91
  101  108  121  146  185  232  273  304  326  350  382  425  483  557  646  740
  826  891  931  954  966  972  976  979  983  991 1000 1008 1011 1008 1004 1004
 1010 1019 1026 1023 1001  961  904  844  792  759  746  747  752  752  745  732
  714  688  653  606  547  478  404  329  261
    15.0-180.0 180.0   5.0 450.0                            LAT/LON1/LON2/DLON/H
  282  243  215  195  182  173  165  156  144  129  109   90   76   70   75   84
   94  105  125  160  208  258  298  324  344  368  405  455  518  593  678  765
  841  896  929  946  957  967  976  983  991  999 1007 1011 1007  996  984  976
  976  982  986  978  952  907  847  783  726  686  665  658  657  653  643  629
  612  593  568  536  493  441  385  330  282
    12.5-180.0 180.0   5.0 450.0                            LAT/LON1/LON2/DLON/H
  296  277  260  243  227  212  199  187  172  152  126  101   82   73   74   81
   90  104  130  173  229  282  320  342  360  387  429  484  548  619  696  771
  836  882  909  925  939  953  967  979  989  996  999  996  984  965  944  928
  921  921  922  912  885  841  782  718  655  604  570  551  541  532  520  506
  492  479  465  446  419  386  351  320  296
    10.0-180.0 180.0   5.0 450.0                            LAT/LON1/LON2/DLON/H
  306  304  298  284  264  244  227  212  195  172  145  116   94   83   81   85
   91  105  135  185  247  302  339  359  377  407  454  512  574  638  702  763
  817  856  882  901  918  936  954  970  980  985  983  972  952  926  899  876
  863  858  856  847  825  788  736  674  607  544  495  462  443  430  417  403
  391  383  377  368  353  334  318  308  306
     7.5-180.0 180.0   5.0 450.0                            LAT/LON1/LON2/DLON/H
  313  323  322  309  288  264  245  228  211  189  161  134  112   99   94   94
   96  109  141  195  261  319  356  376  396  431  482  541  598  651  700  749
  793  829  857  880  900  920  940  957  968  971  963  946  922  893  863  837
  820  813  810  806  793  767  726  669  599  527  464  420  395  380  368  355
  344  337  333  327  317  306  300  303  313
     5.0-180.0 180.0   5.0 450.0                            LAT/LON1/LON2/DLON/H
  322  331  330  316  294  270  250  234  219  199  175  151  131  118  111  106
  105  115  148  205  273  332  371  394  418  458  512  569  619  660  697  734
  772  808  839  865  887  906  925  942  953  954  943  923  898  873  847  824
  806  798  798  799  797  784  755  705  636  557  486  436  409  396  387  375
  363  354  348  340  328  315  308  311  322
     2.5-180.0 180.0   5.0 450.0                            LAT/LON1/LON2/DLON/H
  333  331  322  306  284  263  246  232  220  204  186  166  149  137  128  119
  115  124  157  215  284  345  386  414  444  488  542  595  637  668  694  723
  758  795  830  857  877  892  907  922  934  935  923  904  884  867  851  836
  824  818  820  828  834  833  814  770  702  622  549  500  478  471  466  456
  443  430  419  405  385  364  346  336  333
