ionex_data/COD0OPSFIN_20230420000_01D_01H_GIM.INX
     1.0            IONOSPHERE MAPS     GNSS                IONEX VERSION / TYPE
ADDNEQ2 V5.5        AIUB                15-FEB-23 21:29     PGM / RUN BY / DATE 
CODE'S GLOBAL IONOSPHERE MAPS FOR DAY 042, 2023             COMMENT             
Global ionosphere maps (GIM) are generated on a daily basis DESCRIPTION         
at CODE using data from about 300 GNSS sites of the IGS and DESCRIPTION         
other institutions. The vertical total electron content     DESCRIPTION         
(VTEC) is modeled in a solar-geomagnetic reference frame    DESCRIPTION         
using a spherical harmonics expansion up to degree and      DESCRIPTION         
order 15. Piece-wise linear functions are used for          DESCRIPTION         
representation in the time domain. The time spacing of      DESCRIPTION         
their vertices is 1 hour, conforming with the epochs of the DESCRIPTION         
VTEC maps.                                                  DESCRIPTION         
To convert line-of-sight TEC into vertical TEC, a modified  DESCRIPTION         
single-layer model mapping function approximating the JPL   DESCRIPTION         
extended slab model mapping function is adopted. The        DESCRIPTION         
mapping function is evaluated at geodetic satellite         DESCRIPTION         
elevation angles. For the computation of the ionospheric    DESCRIPTION         
pierce points, a spherical layer with a radius of 6821 km   DESCRIPTION         
is assumed, implying geocentric, not geodetic IONEX         DESCRIPTION         
latitudes.                                                  DESCRIPTION         
Instrumental biases with respect to each involved GNSS code DESCRIPTION         
observable are estimated as constant values for each        DESCRIPTION         
day. They are modeled with one set of bias parameters for   DESCRIPTION         
each satellite and each station in case of GPS and for each DESCRIPTION         
satellite-station link in case of GLONASS. The code bias    DESCRIPTION         
datum is defined by zero-mean conditions imposed on the     DESCRIPTION         
satellite bias estimates. In this file, just GPS C1W-C2W    DESCRIPTION         
satellite and station bias values are included. The         DESCRIPTION         
complete set of GNSS code bias results is provided in an    DESCRIPTION         
additional Bias-SINEX file as pseudo-absolute values        DESCRIPTION         
specific to each observable.                                DESCRIPTION         
Note: These GIM results correspond to the results for the   DESCRIPTION         
middle day of a 3-day combination analysis solving for 73   DESCRIPTION         
times 256, or 18688 VTEC parameters and 3 daily sets of     DESCRIPTION         
GNSS code bias parameters.                                  DESCRIPTION         
Contact address: code(at)aiub.unibe.ch                      DESCRIPTION         
Data archive:    ftp.aiub.unibe.ch/CODE/                    DESCRIPTION         
                 www.aiub.unibe.ch/download/CODE/           DESCRIPTION         
  2023     2    11     0     0     0                        EPOCH OF FIRST MAP  
  2023     2    12     0     0     0                        EPOCH OF LAST MAP   
  3600                                                      INTERVAL            
[...]
brst brux bshm cags cas1 ccj2 cedu chpg chpi chti chur coco COMMENT             
cord cpvg cpxf crar cro1 daej darw dav1 dhlg drao dubo ebre COMMENT             
faa1 fair flrs frdn ftna func ganp glps glsv gode godz gol2 COMMENT             
gold gope gras graz guam guug harb hers hert hlfx hob2 hofn COMMENT             
holb hrao hyde iddr ieng iisc ineg invk iqal isba jog2 joz2 COMMENT             
joze karr kerg kir0 kiri kiru kit3 kokb kokv kouc koug kour COMMENT             
krgg laut lmmf lpal lpgs m0se mac1 madr mal2 mana mas1 mat1 COMMENT             
mate maw1 mcm4 mdo1 mdvj medi mets mgue mizu mkea mnls mobs COMMENT             
monp morp mqzg mro1 mtka nano nico nist nium nklg nlib nnor COMMENT             
not1 nrc1 nrmd ntus nya1 nyal ohi2 onsa opmt ous2 pado parc COMMENT             
park pdel penc pert pie1 pimo pohn pol2 polv pots pove prds COMMENT             
ptag ptbb ptvl qaq1 quin ramo reun reyk rgdg rio2 riop salu COMMENT             
samo sant savo sch2 scor scrz sctb scub seyg smst sofi spt0 COMMENT             
ssia sthl stjo stk2 str2 suth sutm suwn sydn syog tabl tabv COMMENT             
tash thtg thti thu2 tid1 tidb tlse tn22 tong tow2 tro1 tsea COMMENT             
tskb tuva twtf txes uclu ufpr ulab unb3 unbj unsa urum usn7 COMMENT             
usud vald vill voim vtsp wab1 wab2 wark wes2 wgtn whit will COMMENT             
wsrt wtza wtzl wtzr wtzs wtzz wuhn xmis yar2 yar3 yarr ykro COMMENT             
zamb zeck zim2 zim3 zimm                                    COMMENT             
                                                            END OF HEADER       
[from data line 1716]
     5                                                      START OF TEC MAP    
  2023     2    11     4     0     0                        EPOCH OF CURRENT MAP
    87.5-180.0 180.0   5.0 450.0                            LAT/LON1/LON2/DLON/H
  189  189  188  188  187  187  186  186  185  185  185  184  183  183  182  181
  179  178  176  174  172  170  167  164  161  159  156  153  150  147  144  142
  140  138  136  135  134  133  133  133  134  134  136  137  139  141  143  146
  149  152  155  159  162  165  168  171  174  177  180  182  184  186  188  189
  190  190  191  191  191  191  190  190  189
    85.0-180.0 180.0   5.0 450.0                            LAT/LON1/LON2/DLON/H
  203  200  197  194  192  191  191  191  192  193  195  196  198  199  200  200
  200  199  196  193  189  184  178  172  165  158  151  144  137  130  124  119
  114  109  106  103  101  100  100  101  102  104  107  111  115  120  126  132
  139  147  154  162  170  178  186  194  201  207  213  218  222  225  227  228
  228  227  225  222  219  215  211  207  203
    82.5-180.0 180.0   5.0 450.0                            LAT/LON1/LON2/DLON/H
  211  201  193  186  181  178  178  179  182  186  192  198  204  210  215  219
  221  221  219  215  209  201  192  181  169  158  146  134  123  113  104   96
   90   85   81   78   77   77   77   79   81   85   89   95  101  109  118  128
  138  150  163  176  189  203  216  229  241  252  262  270  276  280  282  282
  280  276  270  262  253  243  232  221  211
    80.0-180.0 180.0   5.0 450.0                            LAT/LON1/LON2/DLON/H
  219  200  184  171  161  154  152  154  159  166  176  188  200  211  221  229
  235  237  236  231  224  213  200  185  169  152  136  121  107   95   86   78
   73   69   68   67   68   70   72   75   79   83   88   94  101  110  121  133
  147  162  179  197  215  234  253  271  288  303  317  329  338  344  347  347
  343  336  325  312  296  278  258  238  219
    77.5-180.0 180.0   5.0 450.0                            LAT/LON1/LON2/DLON/H
  235  207  181  158  141  129  123  123  129  139  152  168  185  201  216  228
  237  242  242  237  228  216  200  182  162  143  124  107   93   82   74   69
   67   67   69   73   77   82   86   90   94   98  102  107  114  122  133  146
  162  180  199  221  243  266  288  310  331  351  368  383  395  404  410  411
  407  399  386  369  347  322  294  265  235
    75.0-180.0 180.0   5.0 450.0                            LAT/LON1/LON2/DLON/H
  265  227  191  159  133  114  102   98  102  112  126  143  162  181  199  214
  225  232  233  230  222  209  192  173  153  133  114   98   85   76   72   71
   73   79   86   94  102  109  115  119  122  124  126  128  132  139  149  162
  179  199  220  244  268  293  317  341  363  384  404  421  436  449  458  462
  462  456  445  427  403  374  341  304  265
    72.5-180.0 180.0   5.0 450.0                            LAT/LON1/LON2/DLON/H
  309  263  218  177  142  115   96   87   86   92  104  120  137  155  172  187
  199  208  212  211  205  195  180  163  145  127  110   97   87   82   82   85
   91  101  111  122  133  141  148  151  152  151  149  148  149  154  163  176
  194  215  238  263  287  311  334  356  377  397  417  435  453  469  483  493
  498  499  492  479  458  429  394  353  309
    70.0-180.0 180.0   5.0 450.0                            LAT/LON1/LON2/DLON/H
  361  311  261  212  169  133  107   91   85   85   92  102  114  127  140  153
  165  175  182  185  184  178  168  155  141  127  115  106  100   99  101  107
  116  126  138  150  160  169  174  175  173  169  163  159  157  161  170  184
  203  226  251  275  299  320  339  357  374  390  408  426  445  464  483  499
  513  521  523  517  503  479  447  407  361
    67.5-180.0 180.0   5.0 450.0                            LAT/LON1/LON2/DLON/H
  413  363  310  256  207  164  132  109   96   91   90   92   96  101  108  117
  127  138  149  157  162  162  158  151  142  133  126  122  121  122  126  132
  139  147  157  166  174  181  184  183  179  171  163  156  153  156  166  183
  205  231  257  281  303  320  334  346  357  369  383  400  420  441  464  487
  507  524  535  539  533  518  492  457  413
    65.0-180.0 180.0   5.0 450.0                            LAT/LON1/LON2/DLON/H
  456  409  356  301  247  199  161  133  115  104   97   92   87   83   82   86
   94  106  120  133  143  149  150  149  145  142  140  140  142  145  149  152
  155  158  162  166  171  175  176  173  167  157  147  139  135  140  153  173
  200  229  258  282  301  314  323  330  336  344  355  370  389  412  438  464
  490  513  532  543  546  539  522  494  456
    62.5-180.0 180.0   5.0 450.0                            LAT/LON1/LON2/DLON/H
  482  441  391  336  280  229  186  155  134  120  108   96   84   72   65   64
   70   83   99  116  130  139  144  145  146  146  148  153  157  162  164  163
  160  156  152  151  151  152  151  148  142  132  121  113  110  117  133  159
  190  224  255  280  297  308  313  315  319  325  335  350  368  391  416  443
  471  496  518  534  542  542  533  513  482
    60.0-180.0 180.0   5.0 450.0                            LAT/LON1/LON2/DLON/H
  489  456  412  359  302  247  202  168  146  131  118  103   86   69   57   53
   58   71   88  106  120  130  136  138  140  143  148  155  162  167  168  163
  154  143  132  125  121  120  119  117  111  102   92   85   85   94  114  143
  180  217  251  277  294  303  307  310  314  321  332  347  365  386  408  432
  457  480  501  516  526  529  525  512  489
    57.5-180.0 180.0   5.0 450.0                            LAT/LON1/LON2/DLON/H
  481  456  419  370  313  257  208  172  149  135  123  108   90   72   58   53
   57   70   86  101  113  120  124  125  126  130  136  145  154  161  161  154
  140  124  108   96   90   88   88   87   84   77   69   64   65   76   99  132
  172  213  249  277  295  305  311  316  324  336  350  366  382  398  415  432
  450  468  483  495  502  504  502  495  481
    55.0-180.0 180.0   5.0 450.0                            LAT/LON1/LON2/DLON/H
  462  447  419  376  321  262  209  170  146  133  123  110   93   76   64   60
   64   75   87   98  105  108  108  108  108  111  118  127  138  146  147  140
  125  106   88   75   67   66   67   68   67   63   57   54   57   69   93  127
  169  212  251  281  301  313  323  334  349  366  385  401  413  422  430  438
  447  457  466  472  475  474  472  468  462
    52.5-180.0 180.0   5.0 450.0                            LAT/LON1/LON2/DLON/H
  440  436  419  384  332  271  214  170  143  129  120  109   95   81   72   70
   74   82   89   93   95   94   92   91   91   93   99  108  119  128  131  125
  112   94   77   65   59   58   60   63   63   61   58   57   62   74   97  132
  173  217  258  289  312  328  343  361  383  406  426  441  447  447  444  441
  441  443  447  448  447  443  439  439  440
    50.0-180.0 180.0   5.0 450.0                            LAT/LON1/LON2/DLON/H
  419  426  422  398  352  291  230  180  147  130  119  108   96   86   80   80
   84   87   88   86   83   81   80   81   81   83   86   93  102  111  116  114
  104   90   77   67   64   64   67   69   70   70   70   72   77   90  111  143
  184  228  268  302  327  347  368  392  419  445  465  474  472  460  445  432
  424  421  423  423  420  415  411  412  419
    47.5-180.0 180.0   5.0 450.0                            LAT/LON1/LON2/DLON/H
  402  419  428  417  380  322  258  203  164  139  123  110   99   91   88   89
   91   89   83   77   72   73   77   82   85   86   86   88   94  101  106  106
  100   92   84   80   79   80   82   83   84   85   88   93  100  112  132  161
  199  242  283  318  345  369  394  422  452  477  492  493  480  458  432  410
  396  392  395  399  399  394  389  391  402
    45.0-180.0 180.0   5.0 450.0                            LAT/LON1/LON2/DLON/H
  391  413  433  435  410  359  296  237  191  159  136  117  103   96   95   96
   95   88   78   69   67   73   84   96  102  102   97   94   93   96   99  100
   98   95   94   95   97   99   99   98   98  101  107  115  125  137  155  181
  216  257  298  334  364  391  419  448  477  498  505  496  473  442  409  382
  366  363  370  380  386  384  379  379  391
    42.5-180.0 180.0   5.0 450.0                            LAT/LON1/LON2/DLON/H
  385  406  432  444  431  390  334  276  226  187  155  129  112  103  102  102
   98   88   76   69   71   85  103  120  128  126  117  107  100   96   96   95
   95   97  101  107  112  114  113  111  110  114  123  135  148  161  177  201
  233  272  313  350  382  411  441  470  495  509  507  490  461  426  391  364
  349  348  360  377  389  390  383  378  385
    40.0-180.0 180.0   5.0 450.0                            LAT/LON1/LON2/DLON/H
  387  399  422  439  435  406  359  307  258  215  176  144  123  113  111  110
  104   92   81   78   87  106  129  147  155  151  138  123  110  101   95   91
   91   95  103  113  121  123  121  118  117  122  134  150  166  181  197  219
  249  286  326  364  398  429  459  488  509  516  507  486  456  426  399  377
  365  366  379  400  416  418  407  392  387
    37.5-180.0 180.0   5.0 450.0                            LAT/LON1/LON2/DLON/H
  404  398  407  418  418  398  364  322  279  236  194  158  134  124  122  120
  113  103   97  100  114  135  156  171  175  168  154  137  121  108   98   90
   87   91  101  113  122  125  123  120  120  127  141  160  179  197  214  234
  262  297  336  374  410  444  477  505  524  527  516  496  476  460  447  437
  430  430  440  458  474  474  456  428  404
    35.0-180.0 180.0   5.0 450.0                            LAT/LON1/LON2/DLON/H
  445  413  398  393  386  371  346  316  283  245  204  167  144  134  133  131
  126  120  121  131  148  165  177  184  183  175  163  149  136  123  109   97
   91   92  101  112  121  123  122  120  121  130  146  167  189  209  228  249
  275  307  344  381  419  457  494  525  545  549  541  531  528  534  545  551
  550  546  547  556  564  560  534  491  445
    32.5-180.0 180.0   5.0 450.0                            LAT/LON1/LON2/DLON/H
  517  456  410  379  355  334  314  295  272  241  204  170  149  142  142  142
  139  141  150  166  181  188  188  183  178  173  168  163  157  147  134  119
  108  105  109  116  120  121  120  120  124  134  150  171  196  220  241  263
  287  317  350  387  426  468  512  549  574  584  586  592  612  646  683  708
  714  704  692  686  684  672  639  584  517
    30.0-180.0 180.0   5.0 450.0                            LAT/LON1/LON2/DLON/H
  622  536  458  394  344  307  284  269  254  231  199  169  151  146  148  149
  150  159  177  197  206  202  187  174  168  170  176  184  188  186  177  161
  145  134  130  128  126  123  121  123  129  139  154  175  201  229  255  279
  302  327  357  392  433  481  531  577  611  631  647  672  716  778  841  885
  897  882  855  832  818  801  765  704  622
    27.5-180.0 180.0   5.0 450.0                            LAT/LON1/LON2/DLON/H
  756  653  548  451  369  310  274  256  243  224  196  169  153  149  150  151
  155  170  194  215  218  202  178  162  163  178  198  218  234  242  237  222
  201  181  166  152  139  130  126  129  136  144  157  177  205  238  269  296
  319  341  366  399  442  495  553  607  651  684  715  758  823  906  989 1047
 1066 1047 1009  972  948  929  898  841  756
    25.0-180.0 180.0   5.0 450.0                            LAT/LON1/LON2/DLON/H
  902  798  677  553  441  354  298  269  253  233  205  178  161  154  151  149
  153  170  197  217  214  191  167  161  177  207  240  269  293  309  312  297
  272  242  213  185  160  142  134  136  142  148  158  177  208  247  284  315
  338  357  379  411  455  512  576  638  692  736  779  834  911 1004 1096 1162
 1186 1168 1124 1080 1052 1038 1019  977  902
    22.5-180.0 180.0   5.0 450.0                            LAT/LON1/LON2/DLON/H
 1039  948  826  689  555  442  364  319  292  266  235  204  181  168  157  148
  148  163  187  203  196  175  164  179  218  264  303  334  360  382  390  377
  347  307  265  223  186  158  145  144  147  150  156  175  210  255  299  334
  357  376  396  427  473  532  600  667  727  778  829  889  965 1054 1141 1206
 1233 1219 1179 1138 1114 1109 1110 1092 1039
    20.0-180.0 180.0   5.0 450.0                            LAT/LON1/LON2/DLON/H
 1141 1076  970  835  692  563  465  402  362  328  289  251  220  196  174  154
  145  153  170  179  172  163  176  223  289  347  383  405  425  447  459  448
  414  366  313  260  212  177  158  151  149  148  152  171  209  261  311  351
  377  396  417  449  497  558  626  694  755  809  860  915  979 1050 1120 1174
 1201 1196 1168 1138 1124 1134 1155 1164 1141
    17.5-180.0 180.0   5.0 450.0                            LAT/LON1/LON2/DLON/H
 1189 1155 1077  962  828  695  586  509  457  413  366  320  278  242  207  175
  154  150  156  158  154  163  208  291  382  445  468  469  476  494  508  498
  462  407  348  289  237  197  172  159  151  144  145  165  208  265  320  364
  393  415  440  476  526  587  653  718  776  827  873  916  959 1002 1045 1082
 1105 1110 1100 1088 1089 1111 1149 1182 1189
    15.0-180.0 180.0   5.0 450.0                            LAT/LON1/LON2/DLON/H
 1173 1169 1126 1044  933  812  704  620  560  509  457  404  353  306  260  217
  183  166  158  153  153  183  262  378  486  543  542  516  503  515  529  521
  482  426  366  309  259  218  189  169  154  141  140  161  207  267  326  373
  406  433  464  505  558  619  682  741  793  837  873  900  918  931  944  959
  977  992 1001 1008 1023 1053 1098 1144 1173
    12.5-180.0 180.0   5.0 450.0                            LAT/LON1/LON2/DLON/H
 1100 1118 1108 1064  988  893  797  716  654  602  549  493  438  385  331  280
  236  207  187  174  179  228  334  472  585  624  592  536  504  509  523  515
  477  422  367  319  277  240  209  183  160  141  138  159  207  269  329  377
  414  448  486  534  591  651  710  763  807  843  867  878  875  863  849  846
  857  879  903  926  949  978 1018 1062 1100
    10.0-180.0 180.0   5.0 450.0                            LAT/LON1/LON2/DLON/H
  991 1018 1033 1025  989  926  852  782  726  677  627  574  520  467  414  361
  313  275  246  227  235  296  417  561  663  677  613  530  483  482  495  487
  450  400  355  321  292  262  231  200  170  146  141  162  210  271  330  379
  419  459  505  559  620  680  736  784  821  848  863  863  847  820  792  775
  780  804  837  867  890  910  932  961  991
     7.5-180.0 180.0   5.0 450.0                            LAT/LON1/LON2/DLON/H
  877  899  926  946  944  915  866  813  766  724  682  636  590  544  498  451
  406  367  333  311  319  382  501  634  713  697  606  505  449  446  458  449
  412  368  336  318  304  283  254  218  182  155  149  170  217  275  331  379
  421  466  519  578  641  702  756  800  833  855  864  860  843  816  787  768
  769  790  822  849  863  865  863  865  877
     5.0-180.0 180.0   5.0 450.0                            LAT/LON1/LON2/DLON/H
  788  795  821  855  877  875  850  813  776  742  708  672  637  604  571  538
  503  469  437  415  421  476  578  684  732  688  580  472  417  414  424  410
  373  334  315  312  311  298  271  234  196  167  161  183  227  282  334  380
  423  471  527  589  652  712  765  809  840  860  868  868  861  850  835  824
  825  839  861  875  873  854  825  800  788
     2.5-180.0 180.0   5.0 450.0                            LAT/LON1/LON2/DLON/H
  746  736  752  784  815  830  821  796  766  737  709  681  658  640  625  608
  589  566  542  523  526  566  640  710  725  662  549  447  399  396  399  379
  339  305  295  303  311  304  280  244  206  179  174  197  240  291  339  382
  425  473  529  589  650  708  760  804  837  859  871  881  893  908  920  926
  930  935  939  934  912  873  824  778  746
