ionex_data/COD0OPSFIN_20230250000_01D_01H_GIM.INX
     1.0            IONOSPHERE MAPS     GNSS                IONEX VERSION / TYPE
ADDNEQ2 V5.5        AIUB                29-JAN-23 21:24     PGM / RUN BY / DATE 
CODE'S GLOBAL IONOSPHERE MAPS FOR DAY 025, 2023             COMMENT             
Global ionosphere maps (GIM) are generated on a daily basis DESCRIPTION         
at CODE using data from about 300 GNSS sites of the IGS and DESCRIPTION         
other institutions. The vertical total electron content     DESCRIPTION         
(VTEC) is modeled in a solar-geomagnetic reference frame    DESCRIPTION         
using a spherical harmonics expansion up to degree and      DESCRIPTION         
order 15. Piece-wise linear functions are used for          DESCRIPTION         
representation in the time domain. The time spacing of      DESCRIPTION         
their vertices is 1 hour, conforming with the epochs of the DESCRIPTION         
VTEC maps.                                                  DESCRIPTION         
To convert line-of-sight TEC into vertical TEC, a modified  DESCRIPTION         
single-layer model mapping function approximating the JPL   DESCRIPTION         
extended slab model mapping function is adopted. The        DESCRIPTION         
mapping function is evaluated at geodetic satellite         DESCRIPTION         
elevation angles. For the computation of the ionospheric    DESCRIPTION         
pierce points, a spherical layer with a radius of 6821 km   DESCRIPTION         
is assumed, implying geocentric, not geodetic IONEX         DESCRIPTION         
latitudes.                                                  DESCRIPTION         
Instrumental biases with respect to each involved GNSS code DESCRIPTION         
observable are estimated as constant values for each        DESCRIPTION         
day. They are modeled with one set of bias parameters for   DESCRIPTION         
each satellite and each station in case of GPS and for each DESCRIPTION         
satellite-station link in case of GLONASS. The code bias    DESCRIPTION         
datum is defined by zero-mean conditions imposed on the     DESCRIPTION         
satellite bias estimates. In this file, just GPS C1W-C2W    DESCRIPTION         
satellite and station bias values are included. The         DESCRIPTION         
complete set of GNSS code bias results is provided in an    DESCRIPTION         
additional Bias-SINEX file as pseudo-absolute values        DESCRIPTION         
specific to each observable.                                DESCRIPTION         
Note: These GIM results correspond to the results for the   DESCRIPTION         
middle day of a 3-day combination analysis solving for 73   DESCRIPTION         
times 256, or 18688 VTEC parameters and 3 daily sets of     DESCRIPTION         
GNSS code bias parameters.                                  DESCRIPTION         
Contact address: code(at)aiub.unibe.ch                      DESCRIPTION         
Data archive:    ftp.aiub.unibe.ch/CODE/                    DESCRIPTION         
                 www.aiub.unibe.ch/download/CODE/           DESCRIPTION         
  2023     1    25     0     0     0                        EPOCH OF FIRST MAP  
  2023     1    26     0     0     0                        EPOCH OF LAST MAP   
  3600                                                      INTERVAL            
[...]
brst brux bshm cas1 ccj2 cedu chpg chpi chti chur ckis cnmr COMMENT             
coco cord cpxf crar cro1 daej darw dav1 dgar dhlg drao dubo COMMENT             
ebre faa1 fair flin flrs frdn ftna func ganp glps gode godz COMMENT             
gol2 gold gope gras graz guam guug harb hers hert hlfx hob2 COMMENT             
hofn holb hrao hyde iddr ieng iisc ineg invk iqal irkj isba COMMENT             
jog2 joz2 joze karr kerg kir0 kiru kit3 kokb kokv koug kour COMMENT             
krgg laut lmmf lpal lpgs m0se mac1 madr mal2 mana mas1 mat1 COMMENT             
mate maw1 mcm4 mdo1 mdvj medi mets mgue mizu mkea mnls mobs COMMENT             
monp morp mqzg mro1 mtka nano nico nist nium nklg nlib nnor COMMENT             
not1 nrc1 nrmd ntus nya1 nyal ohi2 onsa opmt ous2 pado parc COMMENT             
park pdel penc pert pie1 pimo pohn pol2 polv pots pove prds COMMENT             
ptbb ptvl qaq1 quin ramo reun reyk rgdg rio2 riop salu samo COMMENT             
sant savo sch2 scor scrz sctb scub seyg sofi spt0 ssia sthl COMMENT             
stjo stk2 str2 suth sutm sydn syog tabl tabv tash thtg thti COMMENT             
thu2 tid1 tidb tlse tn22 tong tow2 tro1 tsea tskb tuva twtf COMMENT             
txes uclu ufpr ulab unb3 unbj unsa urum usn7 usud vald vill COMMENT             
voim vtsp wab1 wab2 wark wes2 wgtn whit will wind wsrt wtza COMMENT             
wtzl wtzr wtzs wuhn xmis yar2 yar3 yarr yell ykro zamb zeck COMMENT             
zim2 zim3 zimm                                              COMMENT             
                                                            END OF HEADER       
[from data line 5577]
    14                                                      START OF TEC MAP    
  2023     1    25    13     0     0                        EPOCH OF CURRENT MAP
    87.5-180.0 180.0   5.0 450.0                            LAT/LON1/LON2/DLON/H
  146  146  147  147  147  147  147  147  146  146  146  145  144  144  143  142
  141  140  139  137  136  135  133  132  131  129  128  126  125  123  122  121
  119  118  117  116  115  114  114  113  113  113  113  113  114  114  115  116
  118  119  121  122  124  126  127  129  131  133  134  136  137  139  140  141
  142  143  143  144  145  145  146  146  146
    85.0-180.0 180.0   5.0 450.0                            LAT/LON1/LON2/DLON/H
  142  142  142  143  143  144  144  144  145  145  144  144  143  142  141  139
  138  136  134  132  129  127  125  123  121  119  117  115  113  110  108  106
  104  102   99   97   95   93   91   89   88   87   86   87   87   89   90   93
   96   99  103  107  112  116  120  124  128  132  135  138  140  141  143  143
  144  144  144  143  143  143  142  142  142
    82.5-180.0 180.0   5.0 450.0                            LAT/LON1/LON2/DLON/H
  124  124  124  125  126  127  129  130  132  133  134  134  133  132  130  128
  126  123  120  117  114  112  110  108  107  106  105  104  103  102  100   99
   96   94   91   87   83   80   76   72   69   66   65   64   64   65   68   71
   76   82   88   96  103  111  118  125  132  137  141  144  146  147  146  145
  143  140  137  134  131  129  127  125  124
    80.0-180.0 180.0   5.0 450.0                            LAT/LON1/LON2/DLON/H
   97   96   97   98  100  103  107  110  113  116  118  119  119  118  115  112
  108  104  100   97   94   92   91   92   93   94   97   99  101  103  104  104
  103  101   97   93   88   83   77   71   65   60   56   53   51   52   54   58
   64   72   81   91  102  113  124  134  142  149  154  156  157  155  152  147
  141  134  127  120  114  108  103  100   97
    77.5-180.0 180.0   5.0 450.0                            LAT/LON1/LON2/DLON/H
   71   70   70   72   75   79   84   90   95   99  102  104  104  103  100   95
   90   85   80   76   73   73   74   77   82   89   95  103  109  115  120  122
  124  123  120  116  110  104   96   88   79   71   64   59   55   53   54   57
   63   71   82   95  108  122  136  148  158  165  170  171  170  165  158  149
  139  128  117  106   96   87   80   75   71
    75.0-180.0 180.0   5.0 450.0                            LAT/LON1/LON2/DLON/H
   54   52   52   53   57   61   67   74   80   86   90   93   93   91   87   82
   75   68   63   59   57   58   63   70   80   91  104  116  127  138  146  152
  155  156  155  152  146  139  130  121  111  101   91   82   75   70   68   69
   73   80   91  104  118  133  148  161  172  180  183  183  179  172  161  149
  136  122  108   95   84   73   65   59   54
    72.5-180.0 180.0   5.0 450.0                            LAT/LON1/LON2/DLON/H
   50   48   46   47   49   53   59   65   71   77   82   86   87   85   81   74
   67   59   53   49   49   53   61   73   87  103  120  137  152  166  177  185
  191  193  194  192  187  181  173  164  153  142  130  119  109  100   93   90
   90   94  102  113  126  141  155  168  178  184  186  184  178  169  156  142
  128  114  101   89   78   69   61   55   50
    70.0-180.0 180.0   5.0 450.0                            LAT/LON1/LON2/DLON/H
   59   56   53   52   52   54   58   62   67   73   78   82   84   83   79   72
   64   57   51   48   49   56   68   83  102  122  141  160  178  192  205  215
  222  226  228  228  226  221  216  208  199  188  176  163  149  136  125  116
  111  109  112  118  128  139  150  161  169  174  174  170  163  152  139  126
  114  102   93   85   78   72   67   63   59
    67.5-180.0 180.0   5.0 450.0                            LAT/LON1/LON2/DLON/H
   74   70   66   63   61   60   61   63   66   70   75   79   81   81   79   73
   66   59   54   53   57   66   81  100  121  142  162  181  198  212  225  235
  243  249  253  255  255  254  251  247  240  231  220  206  190  173  156  141
  129  121  116  116  120  126  133  140  145  147  146  141  132  122  110  100
   91   85   81   80   79   79   78   76   74
    65.0-180.0 180.0   5.0 450.0                            LAT/LON1/LON2/DLON/H
   86   82   78   73   68   65   63   63   64   66   70   74   77   79   78   74
   68   63   59   60   67   79   97  117  139  159  178  195  210  222  234  244
  253  261  267  271  274  276  277  276  272  266  256  242  224  204  183  162
  144  128  116  108  104  103  105  107  109  109  106  101   92   83   73   66
   62   62   66   71   78   84   87   88   86
    62.5-180.0 180.0   5.0 450.0                            LAT/LON1/LON2/DLON/H
   89   85   79   74   68   64   61   59   59   60   62   66   70   73   74   72
   68   64   63   66   75   91  110  132  152  171  187  201  213  224  235  246
  256  265  273  279  284  288  291  293  293  289  281  268  250  228  204  178
  154  131  112   96   85   77   73   71   70   69   65   60   52   44   37   33
   33   38   47   59   71   81   88   91   89
    60.0-180.0 180.0   5.0 450.0                            LAT/LON1/LON2/DLON/H
   80   75   69   63   59   56   55   53   53   53   54   57   61   65   67   67
   64   62   63   68   80   98  119  141  161  177  190  201  211  221  232  244
  257  268  277  284  290  295  299  303  305  303  297  285  267  245  219  191
  163  135  110   88   70   56   46   41   38   35   33   29   23   16   11    8
   10   17   30   45   60   72   80   82   80
    57.5-180.0 180.0   5.0 450.0                            LAT/LON1/LON2/DLON/H
   62   55   48   44   42   43   45   47   47   48   48   50   53   56   58   59
   57   57   59   67   82  102  124  146  165  179  191  200  209  220  232  246
  260  273  283  290  295  299  303  307  310  310  306  295  278  257  231  203
  173  143  114   87   64   45   31   23   19   18   17   15   11    6    1    0
    0    6   17   32   46   58   65   66   62
    55.0-180.0 180.0   5.0 450.0                            LAT/LON1/LON2/DLON/H
   41   32   25   22   23   29   36   43   46   48   48   48   49   50   51   51
   50   50   55   65   82  103  127  149  167  182  193  203  213  225  239  254
  269  282  291  297  301  303  306  309  313  314  311  302  287  266  242  216
  187  157  126   97   70   48   32   22   18   18   20   21   20   16   11    6
    4    7   14   25   37   46   50   48   41
    52.5-180.0 180.0   5.0 450.0                            LAT/LON1/LON2/DLON/H
   27   17    8    6   10   20   33   45   52   56   55   53   51   49   48   46
   45   46   52   64   83  106  130  153  172  187  201  213  226  239  253  267
  281  293  301  306  307  308  309  312  315  317  315  307  293  275  254  230
  204  175  145  115   87   63   45   34   31   32   37   41   43   41   35   27
   21   19   21   27   34   39   41   36   27
    50.0-180.0 180.0   5.0 450.0                            LAT/LON1/LON2/DLON/H
   27   15    6    3    8   21   37   54   66   71   70   66   60   55   50   47
   45   47   55   69   89  113  137  160  180  198  215  231  246  259  270  281
  291  301  308  312  312  311  311  314  318  320  319  312  299  283  265  244
  221  195  166  137  109   85   66   54   50   52   59   66   70   69   64   54
   45   37   34   35   39   42   42   37   27
    47.5-180.0 180.0   5.0 450.0                            LAT/LON1/LON2/DLON/H
   42   30   20   15   19   32   50   69   83   91   90   84   75   66   58   53
   52   55   64   80  100  124  148  171  193  214  234  253  269  279  285  290
  295  301  308  313  314  313  313  316  320  323  322  315  303  289  272  254
  233  210  184  157  130  106   86   73   66   68   74   82   88   90   86   77
   66   56   49   48   50   53   54   51   42
    45.0-180.0 180.0   5.0 450.0                            LAT/LON1/LON2/DLON/H
   68   58   47   40   41   50   66   85  101  110  110  104   93   81   71   64
   63   67   78   96  117  140  163  185  207  230  254  274  289  294  293  290
  289  294  302  310  314  315  315  318  322  326  325  317  305  290  274  258
  239  218  194  170  145  122  101   85   75   72   76   84   91   94   93   86
   76   67   60   58   61   67   72   73   68
    42.5-180.0 180.0   5.0 450.0                            LAT/LON1/LON2/DLON/H
   96   90   80   71   67   70   82   98  113  123  125  120  109   96   85   77
   76   83   96  115  136  158  179  199  221  245  269  290  301  301  292  282
  278  284  296  309  318  321  321  323  327  330  327  317  303  287  271  255
  238  218  197  176  154  133  111   92   76   68   66   70   76   81   83   81
   75   68   63   63   69   79   89   96   96
    40.0-180.0 180.0   5.0 450.0                            LAT/LON1/LON2/DLON/H
  115  114  106   96   88   86   91  102  115  126  132  129  120  108   97   90
   90   98  114  134  156  176  194  212  232  254  277  295  303  298  285  273
  270  280  300  320  333  337  337  337  338  338  332  319  301  283  267  251
  234  216  198  180  163  144  122   99   77   61   53   51   54   59   64   66
   65   62   60   62   70   83   98  110  115
    37.5-180.0 180.0   5.0 450.0                            LAT/LON1/LON2/DLON/H
  119  122  117  108   98   90   90   96  107  119  127  130  125  116  107  100
  102  112  129  151  173  192  208  223  239  258  277  293  298  293  281  273
  277  296  325  352  368  372  368  363  360  355  345  327  306  285  268  252
  236  220  206  193  180  164  143  118   91   67   50   41   40   43   49   54
   57   57   56   59   67   80   95  110  119
    35.0-180.0 180.0   5.0 450.0                            LAT/LON1/LON2/DLON/H
  105  110  109  102   92   83   78   80   89  102  115  123  124  120  113  108
  110  121  140  163  186  204  219  231  243  257  272  285  292  292  289  293
  310  341  379  411  427  427  417  406  397  387  370  347  322  299  281  267
  253  240  230  223  216  204  185  159  129  100   75   58   50   50   55   60
   63   63   61   61   64   72   84   96  105
    32.5-180.0 180.0   5.0 450.0                            LAT/LON1/LON2/DLON/H
   79   82   83   80   72   64   59   59   67   81   97  111  119  120  116  113
  116  128  148  173  196  215  228  238  246  255  267  279  292  304  318  341
  375  419  463  495  507  501  484  466  450  434  412  384  355  331  314  302
  292  284  280  278  277  270  255  231  200  167  136  111   96   91   93   95
   95   91   84   76   70   68   70   74   79
    30.0-180.0 180.0   5.0 450.0                            LAT/LON1/LON2/DLON/H
   49   48   48   48   45   41   37   38   46   60   80   99  113  118  118  116
  120  132  154  180  205  224  237  245  251  257  266  282  304  334  372  417
  469  521  567  594  599  585  560  537  517  497  471  439  407  383  368  359
  354  352  354  358  362  360  349  330  301  267  231  200  179  168  165  162
  156  143  127  109   91   75   62   54   49
    27.5-180.0 180.0   5.0 450.0                            LAT/LON1/LON2/DLON/H
   28   19   16   16   18   18   19   22   30   45   66   88  106  116  118  118
  123  137  161  188  214  234  247  255  260  265  275  296  332  383  445  512
  578  634  674  692  687  665  636  611  590  569  542  508  476  453  440  435
  436  439  446  455  462  463  458  444  420  387  349  313  286  271  263  254
  238  216  189  159  128   97   69   45   28
    25.0-180.0 180.0   5.0 450.0                            LAT/LON1/LON2/DLON/H
   25    6    0    0    0    3    8   14   23   37   57   80  100  113  118  119
  126  143  169  198  225  245  259  268  273  280  294  324  375  445  528  612
  684  736  764  768  753  726  698  676  660  642  617  585  554  532  521  520
  524  532  542  553  561  564  562  554  535  505  465  426  396  379  367  352
  328  296  260  220  178  135   92   54   25
    22.5-180.0 180.0   5.0 450.0                            LAT/LON1/LON2/DLON/H
   43   14    0    0    0    0    8   16   24   36   54   75   95  108  115  120
  130  151  180  211  238  258  272  282  291  303  324  363  425  510  606  697
  766  807  819  809  786  759  738  725  717  707  688  659  630  609  600  599
  605  615  626  636  642  643  643  638  624  594  553  512  482  465  453  434
  404  367  325  280  232  181  130   82   43
    20.0-180.0 180.0   5.0 450.0                            LAT/LON1/LON2/DLON/H
   78   42   18    4    2    7   16   25   32   41   53   70   88  101  109  118
  133  160  193  226  253  271  285  297  311  330  360  407  477  568  666  752
  810  834  829  807  781  760  750  750  755  756  744  721  695  674  663  661
  665  674  683  689  689  686  684  680  666  636  592  550  522  509  499  480
  449  410  369  326  278  227  173  122   78
    17.5-180.0 180.0   5.0 450.0                            LAT/LON1/LON2/DLON/H
  122   84   53   32   22   23   30   37   42   47   54   65   79   91  100  113
  135  169  207  242  267  283  296  312  333  361  399  451  522  609  698  770
  811  817  797  768  745  735  739  754  772  783  780  762  739  718  704  697
  696  700  705  705  697  686  679  672  656  622  575  532  507  499  495  479
  451  417  382  347  307  261  212  165  122
    15.0-180.0 180.0   5.0 450.0                            LAT/LON1/LON2/DLON/H
  162  127   93   65   48   43   45   50   52   52   53   59   68   78   89  106
  135  176  220  257  281  295  308  327  355  393  438  492  556  629  700  753
  775  766  737  708  693  695  713  741  770  790  794  781  760  737  718  705
  698  696  694  685  668  649  634  621  599  559  507  463  443  442  444  434
  411  386  363  340  312  276  237  199  162
    12.5-180.0 180.0   5.0 450.0                            LAT/LON1/LON2/DLON/H
  190  161  128   96   72   61   59   60   58   54   50   51   56   64   76   97
  133  182  231  270  293  305  319  343  379  424  474  525  578  631  680  712
  719  701  672  649  645  659  687  722  756  781  789  779  759  735  712  692
  678  668  659  643  618  589  565  544  514  467  411  368  352  357  364  359
  343  329  320  312  296  272  244  217  190
    10.0-180.0 180.0   5.0 450.0                            LAT/LON1/LON2/DLON/H
  201  180  150  118   90   74   68   65   61   53   46   44   46   51   64   89
  131  185  239  279  303  316  333  362  405  456  507  551  588  620  647  662
  661  644  623  612  618  640  672  707  740  763  771  763  743  719  693  669
  648  633  618  596  564  527  495  466  428  376  318  277  264  273  282  279
  269  264  268  273  267  252  233  217  201
     7.5-180.0 180.0   5.0 450.0                            LAT/LON1/LON2/DLON/H
  195  182  158  128  100   82   73   68   61   52   44   39   39   43   56   83
  129  187  244  286  312  329  350  385  433  487  535  570  591  604  614  620
  620  612  605  607  622  646  674  702  726  743  748  739  720  697  672  647
  624  606  587  562  525  483  444  409  367  313  257  220  211  221  227  222
  213  214  227  239  239  226  212  203  195
     5.0-180.0 180.0   5.0 450.0                            LAT/LON1/LON2/DLON/H
  179  171  152  127  103   85   76   69   61   52   43   38   37   40   53   81
  129  189  247  292  321  344  372  412  463  516  558  582  590  589  591  597
  605  613  622  636  656  676  694  708  720  727  726  714  697  677  657  636
  615  596  577  551  514  470  427  389  347  297  249  219  214  220  219  206
  193  195  211  224  222  208  192  183  179
     2.5-180.0 180.0   5.0 450.0                            LAT/LON1/LON2/DLON/H
  162  155  140  120  101   87   78   71   63   54   46   41   40   43   55   84
  131  191  250  297  331  361  397  442  492  540  573  587  586  580  582  595
  617  642  666  689  709  720  723  722  719  715  707  693  677  664  653  639
  624  608  591  567  531  488  446  409  371  332  297  278  276  277  265  241
  219  216  228  236  227  204  181  168  162
