ionex_data/COD0OPSFIN_20230420000_01D_01H_GIM.INX
     1.0            IONOSPHERE MAPS     GNSS                IONEX VERSION / TYPE
ADDNEQ2 V5.5        AIUB                15-FEB-23 21:29     PGM / RUN BY / DATE 
CODE'S GLOBAL IONOSPHERE MAPS FOR DAY 042, 2023             COMMENT             
Global ionosphere maps (GIM) are generated on a daily basis DESCRIPTION         
at CODE using data from about 300 GNSS sites of the IGS and DESCRIPTION         
other institutions. The vertical total electron content     DESCRIPTION         
(VTEC) is modeled in a solar-geomagnetic reference frame    DESCRIPTION         
using a spherical harmonics expansion up to degree and      DESCRIPTION         
order 15. Piece-wise linear functions are used for          DESCRIPTION         
representation in the time domain. The time spacing of      DESCRIPTION         
their vertices is 1 hour, conforming with the epochs of the DESCRIPTION         
VTEC maps.                                                  DESCRIPTION         
To convert line-of-sight TEC into vertical TEC, a modified  DESCRIPTION         
single-layer model mapping function approximating the JPL   DESCRIPTION         
extended slab model mapping function is adopted. The        DESCRIPTION         
mapping function is evaluated at geodetic satellite         DESCRIPTION         
elevation angles. For the computation of the ionospheric    DESCRIPTION         
pierce points, a spherical layer with a radius of 6821 km   DESCRIPTION         
is assumed, implying geocentric, not geodetic IONEX         DESCRIPTION         
latitudes.                                                  DESCRIPTION         
Instrumental biases with respect to each involved GNSS code DESCRIPTION         
observable are estimated as constant values for each        DESCRIPTION         
day. They are modeled with one set of bias parameters for   DESCRIPTION         
each satellite and each station in case of GPS and for each DESCRIPTION         
satellite-station link in case of GLONASS. The code bias    DESCRIPTION         
datum is defined by zero-mean conditions imposed on the     DESCRIPTION         
satellite bias estimates. In this file, just GPS C1W-C2W    DESCRIPTION         
satellite and station bias values are included. The         DESCRIPTION         
complete set of GNSS code bias results is provided in an    DESCRIPTION         
additional Bias-SINEX file as pseudo-absolute values        DESCRIPTION         
specific to each observable.                                DESCRIPTION         
Note: These GIM results correspond to the results for the   DESCRIPTION         
middle day of a 3-day combination analysis solving for 73   DESCRIPTION         
times 256, or 18688 VTEC parameters and 3 daily sets of     DESCRIPTION         
GNSS code bias parameters.                                  DESCRIPTION         
Contact address: code(at)aiub.unibe.ch                      DESCRIPTION         
Data archive:    ftp.aiub.unibe.ch/CODE/                    DESCRIPTION         
                 www.aiub.unibe.ch/download/CODE/           DESCRIPTION         
  2023     2    11     0     0     0                        EPOCH OF FIRST MAP  
  2023     2    12     0     0     0                        EPOCH OF LAST MAP   
  3600                                                      INTERVAL            
[...]
brst brux bshm cags cas1 ccj2 cedu chpg chpi chti chur coco COMMENT             
cord cpvg cpxf crar cro1 daej darw dav1 dhlg drao dubo ebre COMMENT             
faa1 fair flrs frdn ftna func ganp glps glsv gode godz gol2 COMMENT             
gold gope gras graz guam guug harb hers hert hlfx hob2 hofn COMMENT             
holb hrao hyde iddr ieng iisc ineg invk iqal isba jog2 joz2 COMMENT             
joze karr kerg kir0 kiri kiru kit3 kokb kokv kouc koug kour COMMENT             
krgg laut lmmf lpal lpgs m0se mac1 madr mal2 mana mas1 mat1 COMMENT             
mate maw1 mcm4 mdo1 mdvj medi mets mgue mizu mkea mnls mobs COMMENT             
monp morp mqzg mro1 mtka nano nico nist nium nklg nlib nnor COMMENT             
not1 nrc1 nrmd ntus nya1 nyal ohi2 onsa opmt ous2 pado parc COMMENT             
park pdel penc pert pie1 pimo pohn pol2 polv pots pove prds COMMENT             
ptag ptbb ptvl qaq1 quin ramo reun reyk rgdg rio2 riop salu COMMENT             
samo sant savo sch2 scor scrz sctb scub seyg smst sofi spt0 COMMENT             
ssia sthl stjo stk2 str2 suth sutm suwn sydn syog tabl tabv COMMENT             
tash thtg thti thu2 tid1 tidb tlse tn22 tong tow2 tro1 tsea COMMENT             
tskb tuva twtf txes uclu ufpr ulab unb3 unbj unsa urum usn7 COMMENT             
usud vald vill voim vtsp wab1 wab2 wark wes2 wgtn whit will COMMENT             
wsrt wtza wtzl wtzr wtzs wtzz wuhn xmis yar2 yar3 yarr ykro COMMENT             
zamb zeck zim2 zim3 zimm                                    COMMENT             
                                                            END OF HEADER       
[from data line 8580]
    21                                                      START OF TEC MAP    
  2023     2    11    20     0     0                        EPOCH OF CURRENT MAP
    87.5-180.0 180.0   5.0 450.0                            LAT/LON1/LON2/DLON/H
  206  207  209  211  213  214  216  218  220  222  223  224  226  227  227  228
  228  228  228  228  228  227  226  225  224  223  222  221  219  218  217  215
  214  213  211  210  209  208  207  206  205  204  203  203  202  202  201  201
  200  200  200  199  199  199  199  198  198  198  198  198  198  198  198  198
  198  198  199  200  201  202  203  204  206
    85.0-180.0 180.0   5.0 450.0                            LAT/LON1/LON2/DLON/H
  174  178  182  187  192  197  202  207  212  216  220  223  226  229  230  231
  231  231  230  229  227  225  222  220  217  214  211  208  206  203  200  197
  195  192  190  187  185  183  182  180  179  178  177  176  176  176  176  176
  176  177  177  177  177  177  176  176  175  174  173  171  170  168  167  166
  165  164  164  164  165  166  169  171  174
    82.5-180.0 180.0   5.0 450.0                            LAT/LON1/LON2/DLON/H
  132  138  145  153  162  171  180  189  198  206  213  219  224  227  229  230
  229  227  224  221  217  213  208  204  199  195  191  187  183  179  176  172
  169  166  162  159  156  153  151  149  147  145  145  144  144  145  146  148
  149  151  153  154  155  156  155  154  153  150  147  144  140  136  132  128
  125  122  120  119  119  121  123  127  132
    80.0-180.0 180.0   5.0 450.0                            LAT/LON1/LON2/DLON/H
   91  100  110  121  133  146  160  173  186  198  209  217  224  228  230  229
  226  222  216  210  203  196  190  183  178  172  168  163  160  156  152  149
  146  142  138  135  131  127  124  121  118  116  114  114  114  116  118  121
  125  128  132  135  138  139  139  138  136  132  127  121  115  108  101   94
   88   83   79   76   76   77   80   85   91
    77.5-180.0 180.0   5.0 450.0                            LAT/LON1/LON2/DLON/H
   66   75   87  101  115  132  149  166  183  198  212  223  231  236  237  235
  229  222  213  203  194  184  176  168  162  156  152  148  144  141  138  135
  131  128  124  119  115  110  106  101   97   94   92   91   91   93   96  100
  106  111  117  122  126  128  129  128  125  120  114  106   97   88   78   69
   61   55   50   47   47   48   52   58   66
    75.0-180.0 180.0   5.0 450.0                            LAT/LON1/LON2/DLON/H
   64   74   86  100  115  132  151  170  190  209  226  240  249  254  255  251
  243  232  220  207  195  184  174  166  159  154  149  145  141  138  134  131
  127  123  119  114  109  104   98   93   87   83   79   77   77   78   82   87
   93  100  107  113  118  122  123  122  119  113  106   97   87   77   67   58
   50   43   39   38   39   42   47   55   64
    72.5-180.0 180.0   5.0 450.0                            LAT/LON1/LON2/DLON/H
   86   97  108  120  134  149  167  186  207  229  248  265  277  283  283  278
  269  256  241  227  213  201  190  182  174  168  162  157  151  146  141  136
  131  125  120  115  110  104   98   91   85   80   75   72   70   71   73   78
   84   91   99  106  111  115  117  116  113  108  101   92   83   74   65   57
   51   47   45   47   51   58   66   76   86
    70.0-180.0 180.0   5.0 450.0                            LAT/LON1/LON2/DLON/H
  125  136  146  156  165  177  192  210  231  253  276  295  310  318  320  315
  305  292  277  261  247  235  224  215  206  198  189  181  172  163  154  146
  138  130  124  117  111  105   99   93   86   80   75   70   67   66   67   71
   76   82   89   96  101  105  107  106  104  100   94   88   81   74   68   62
   59   59   61   67   76   87  100  113  125
    67.5-180.0 180.0   5.0 450.0                            LAT/LON1/LON2/DLON/H
  169  181  190  197  202  209  220  235  255  278  302  325  343  355  360  357
  349  337  322  308  294  281  270  259  248  237  224  211  197  184  170  158
  146  135  126  117  110  104   97   92   86   80   74   68   64   61   60   62
   65   70   76   81   86   89   91   91   89   87   84   81   77   74   71   69
   68   71   76   86  100  117  135  153  169
    65.0-180.0 180.0   5.0 450.0                            LAT/LON1/LON2/DLON/H
  201  217  227  233  236  239  245  257  275  299  325  350  372  388  397  398
  394  384  372  359  346  333  320  306  292  276  260  242  224  206  188  171
  155  140  127  115  106   98   92   86   81   76   70   64   58   53   50   49
   50   53   57   62   66   68   70   71   71   70   70   71   71   71   71   71
   72   76   83   95  112  133  157  181  201
    62.5-180.0 180.0   5.0 450.0                            LAT/LON1/LON2/DLON/H
  213  234  249  257  260  262  266  276  292  315  342  369  394  414  427  434
  434  429  420  408  395  380  364  347  329  309  289  269  249  228  208  188
  167  148  130  114  101   91   84   78   73   69   63   57   50   43   38   35
   34   35   37   41   44   46   48   50   51   53   56   59   63   66   68   68
   68   70   76   87  105  130  158  187  213
    60.0-180.0 180.0   5.0 450.0                            LAT/LON1/LON2/DLON/H
  203  230  252  265  273  278  283  293  308  330  355  383  409  431  449  461
  466  466  460  449  434  417  396  375  353  331  310  291  272  253  232  211
  187  163  140  118  100   87   77   71   67   62   57   51   43   35   27   22
   19   19   20   23   26   29   31   33   36   39   44   50   56   60   62   61
   58   56   57   65   82  106  137  170  203
    57.5-180.0 180.0   5.0 450.0                            LAT/LON1/LON2/DLON/H
  175  210  240  262  279  290  301  313  328  348  370  395  419  442  463  479
  490  494  490  478  461  438  414  388  364  343  324  309  295  280  263  241
  215  187  157  130  107   89   77   70   65   61   56   49   41   31   22   16
   12   11   13   15   18   21   24   26   29   33   39   46   52   57   57   54
   47   39   34   37   49   71  102  138  175
    55.0-180.0 180.0   5.0 450.0                            LAT/LON1/LON2/DLON/H
  143  183  222  255  283  305  324  340  357  374  392  410  430  451  472  491
  506  513  509  496  474  447  418  390  366  347  334  325  319  310  296  276
  248  215  181  148  121   99   85   76   71   67   62   55   46   36   27   20
   16   16   17   20   23   26   29   31   34   37   42   48   54   58   57   51
   39   26   16   13   21   39   68  103  143
    52.5-180.0 180.0   5.0 450.0                            LAT/LON1/LON2/DLON/H
  119  163  208  252  292  326  354  378  396  410  422  433  445  462  481  502
  518  526  521  505  479  448  416  388  366  352  345  343  343  339  328  307
  277  241  203  167  137  115   99   89   83   79   74   68   60   51   42   36
   33   33   35   38   40   43   45   46   48   50   53   57   62   65   63   55
   40   24   10    4    8   23   48   80  119
    50.0-180.0 180.0   5.0 450.0                            LAT/LON1/LON2/DLON/H
  115  158  207  259  309  354  393  423  444  456  461  464  468  478  494  514
  530  536  529  509  481  448  416  390  371  361  359  361  364  361  348  325
  292  254  216  181  152  130  115  105   99   95   91   85   78   71   64   59
   58   59   62   64   65   66   67   68   68   69   70   72   75   77   74   66
   51   34   20   14   17   30   51   79  115
    47.5-180.0 180.0   5.0 450.0                            LAT/LON1/LON2/DLON/H
  133  173  222  278  334  388  435  471  495  506  506  501  498  502  514  530
  543  547  537  514  484  453  424  402  387  379  377  378  377  369  351  322
  287  249  214  184  160  143  130  120  114  109  105  101   97   91   87   85
   85   88   91   92   92   91   90   90   90   88   87   88   89   91   89   81
   67   52   41   38   45   59   78  102  133
    45.0-180.0 180.0   5.0 450.0                            LAT/LON1/LON2/DLON/H
  168  204  251  306  365  422  473  514  540  552  550  541  533  532  540  552
  561  560  546  522  494  467  443  425  412  402  396  389  379  361  334  299
  261  227  199  178  163  151  140  131  123  118  114  112  110  107  106  106
  109  113  116  116  114  111  109  108  107  106  104  102  103  105  103   96
   84   72   65   69   81  100  120  141  168
    42.5-180.0 180.0   5.0 450.0                            LAT/LON1/LON2/DLON/H
  212  244  287  339  395  451  503  545  574  587  586  577  568  566  571  579
  582  576  559  535  511  489  472  456  442  427  411  394  371  340  302  262
  226  198  182  172  166  160  150  139  128  120  116  115  116  116  118  120
  125  130  133  133  129  124  120  119  119  118  116  114  114  115  114  107
   95   85   83   93  114  140  164  187  212
    40.0-180.0 180.0   5.0 450.0                            LAT/LON1/LON2/DLON/H
  251  283  323  370  420  471  519  561  591  607  610  606  601  600  604  608
  606  594  574  552  532  517  504  489  470  447  420  391  357  316  271  230
  199  182  178  181  182  178  166  150  134  122  116  115  117  120  123  127
  133  139  143  142  137  130  125  124  125  126  125  123  122  122  119  110
   97   86   87  103  132  165  197  224  251
    37.5-180.0 180.0   5.0 450.0                            LAT/LON1/LON2/DLON/H
  278  313  353  395  439  483  524  562  593  613  622  626  628  632  637  638
  630  613  592  571  555  544  532  514  489  457  423  387  348  304  260  223
  202  199  208  219  223  215  196  171  147  129  120  118  121  125  129  133
  138  145  150  150  144  136  130  128  130  132  132  130  127  124  118  105
   89   75   75   94  129  170  210  245  278
    35.0-180.0 180.0   5.0 450.0                            LAT/LON1/LON2/DLON/H
  290  332  375  415  453  489  524  557  587  610  626  639  650  661  668  666
  653  632  609  590  577  566  551  527  495  459  424  392  358  322  286  260
  253  263  282  297  296  277  246  209  176  151  137  134  136  140  143  145
  149  155  161  162  157  147  139  136  137  140  140  137  131  124  113   95
   74   57   54   72  109  156  203  248  290
    32.5-180.0 180.0   5.0 450.0                            LAT/LON1/LON2/DLON/H
  291  342  390  432  466  496  525  554  581  606  628  649  670  687  695  690
  673  650  627  608  594  579  558  527  491  458  432  414  398  379  360  350
  357  378  401  411  397  362  315  266  223  191  173  168  169  171  172  171
  172  177  183  185  181  170  158  151  150  151  150  145  136  124  107   85
   59   38   31   46   82  131  185  238  291
    30.0-180.0 180.0   5.0 450.0                            LAT/LON1/LON2/DLON/H
  288  348  404  449  483  510  536  561  586  611  637  664  691  712  719  712
  692  667  643  624  605  584  554  519  484  462  456  464  474  479  479  485
  503  530  549  546  514  459  395  335  285  250  229  221  220  222  220  216
  213  215  220  223  217  204  188  175  168  166  163  155  142  125  104   79
   51   28   19   30   63  110  166  226  288
    27.5-180.0 180.0   5.0 450.0                            LAT/LON1/LON2/DLON/H
  289  358  419  469  507  536  561  585  608  632  658  688  718  739  744  732
  709  683  659  637  612  582  546  510  485  482  504  542  582  610  628  645
  667  691  699  677  623  549  472  405  353  317  296  287  286  286  283  276
  269  267  269  270  263  246  223  203  190  183  177  166  150  129  106   80
   54   33   24   33   61  105  159  222  289
    25.0-180.0 180.0   5.0 450.0                            LAT/LON1/LON2/DLON/H
  303  374  440  495  538  572  601  626  648  671  696  725  753  771  770  753
  727  700  675  649  617  579  541  511  503  525  577  644  708  752  778  797
  815  828  818  774  699  610  527  461  414  382  363  355  354  355  352  343
  332  325  322  320  309  288  259  231  210  199  190  177  159  136  112   89
   69   54   49   58   83  122  172  234  303
    22.5-180.0 180.0   5.0 450.0                            LAT/LON1/LON2/DLON/H
  328  399  467  525  574  615  650  679  703  724  748  775  799  810  801  778
  749  720  693  661  622  581  546  530  545  593  670  757  831  878  901  910
  915  910  879  815  724  628  547  490  453  430  416  410  412  415  413  404
  390  377  369  361  346  320  286  251  226  210  199  186  167  145  124  106
   93   87   89  102  125  160  205  262  328
    20.0-180.0 180.0   5.0 450.0                            LAT/LON1/LON2/DLON/H
  364  430  496  557  611  660  702  737  763  785  809  833  852  855  838  808
  775  744  713  675  631  591  567  572  610  681  771  862  930  965  972  963
  948  922  871  790  692  599  529  487  464  451  444  442  446  451  453  445
  430  412  397  383  364  335  298  261  233  216  205  193  176  156  138  127
  122  125  135  153  177  210  251  303  364
    17.5-180.0 180.0   5.0 450.0                            LAT/LON1/LON2/DLON/H
  402  462  525  586  645  700  749  788  819  844  870  894  908  904  881  845
  808  774  737  693  647  612  604  632  693  776  865  941  988  999  981  950
  914  867  800  712  616  534  482  458  450  446  444  445  451  459  464  459
  444  423  402  382  360  331  296  261  234  218  208  198  184  168  155  149
  150  160  177  199  228  261  300  347  402
    15.0-180.0 180.0   5.0 450.0                            LAT/LON1/LON2/DLON/H
  437  492  550  611  672  731  784  828  863  893  922  947  960  953  925  886
  848  810  767  717  670  644  655  704  779  862  936  984  998  978  936  885
  832  771  695  607  521  458  426  418  421  423  424  425  432  441  447  445
  431  410  385  361  337  311  282  255  234  222  213  205  194  182  173  169
  173  185  205  233  265  302  342  387  437
    12.5-180.0 180.0   5.0 450.0                            LAT/LON1/LON2/DLON/H
  464  515  571  630  692  752  807  852  889  923  957  986 1001  993  966  929
  891  851  803  747  701  685  712  777  856  928  973  986  965  919  860  798
  736  669  592  511  442  400  386  390  396  398  396  396  400  407  413  412
  400  380  354  329  306  286  267  251  239  231  224  215  206  197  190  187
  190  200  219  249  286  328  371  416  464
    10.0-180.0 180.0   5.0 450.0                            LAT/LON1/LON2/DLON/H
  483  533  587  646  707  766  818  861  899  935  973 1005 1022 1019  997  967
  934  895  843  784  739  732  770  840  913  962  976  954  906  846  783  723
  663  598  526  458  409  386  385  391  393  388  380  374  372  374  375  373
  364  347  323  299  279  267  260  257  255  250  242  231  221  213  207  203
  201  205  221  252  293  340  387  435  483
     7.5-180.0 180.0   5.0 450.0                            LAT/LON1/LON2/DLON/H
  495  545  600  659  720  776  824  862  895  930  968 1002 1022 1025 1014  996
  973  937  885  826  784  780  821  885  942  966  950  904  844  785  734  689
  640  583  521  467  435  428  433  434  424  406  388  375  365  358  352  346
  339  325  306  285  269  264  268  277  283  280  268  252  238  229  223  216
  208  207  219  249  294  345  397  446  495
     5.0-180.0 180.0   5.0 450.0                            LAT/LON1/LON2/DLON/H
  505  556  611  671  731  785  828  859  886  915  948  979 1000 1010 1012 1010
 1000  974  927  871  831  828  862  912  946  945  909  854  800  759  732  709
  677  630  577  536  519  522  527  517  489  456  427  406  388  369  353  342
  334  325  310  294  282  282  294  311  321  318  299  275  255  244  237  227
  216  210  221  252  299  353  406  456  505
     2.5-180.0 180.0   5.0 450.0                            LAT/LON1/LON2/DLON/H
  515  564  620  680  742  795  834  859  878  897  920  943  962  977  991 1006
 1013 1000  963  914  878  871  893  921  933  913  871  824  789  776  778  778
  760  721  675  643  636  645  646  622  578  530  492  465  439  410  382  363
  354  348  338  325  316  317  332  352  363  356  330  296  270  255  246  236
  224  219  232  267  316  370  421  469  515
