ionex_files/alger/COD0OPSFIN_20231080000_01D_01H_GIM.INX
     1.0            IONOSPHERE MAPS     GNSS                IONEX VERSION / TYPE
ADDNEQ2 V5.5        AIUB                22-APR-23 21:32     PGM / RUN BY / DATE 
CODE'S GLOBAL IONOSPHERE MAPS FOR DAY 108, 2023             COMMENT             
Global ionosphere maps (GIM) are generated on a daily basis DESCRIPTION         
at CODE using data from about 300 GNSS sites of the IGS and DESCRIPTION         
other institutions. The vertical total electron content     DESCRIPTION         
(VTEC) is modeled in a solar-geomagnetic reference frame    DESCRIPTION         
using a spherical harmonics expansion up to degree and      DESCRIPTION         
order 15. Piece-wise linear functions are used for          DESCRIPTION         
representation in the time domain. The time spacing of      DESCRIPTION         
their vertices is 1 hour, conforming with the epochs of the DESCRIPTION         
VTEC maps.                                                  DESCRIPTION         
To convert line-of-sight TEC into vertical TEC, a modified  DESCRIPTION         
single-layer model mapping function approximating the JPL   DESCRIPTION         
extended slab model mapping function is adopted. The        DESCRIPTION         
mapping function is evaluated at geodetic satellite         DESCRIPTION         
elevation angles. For the computation of the ionospheric    DESCRIPTION         
pierce points, a spherical layer with a radius of 6821 km   DESCRIPTION         
is assumed, implying geocentric, not geodetic IONEX         DESCRIPTION         
latitudes.                                                  DESCRIPTION         
Instrumental biases with respect to each involved GNSS code DESCRIPTION         
observable are estimated as constant values for each        DESCRIPTION         
day. They are modeled with one set of bias parameters for   DESCRIPTION         
each satellite and each station in case of GPS and for each DESCRIPTION         
satellite-station link in case of GLONASS. The code bias    DESCRIPTION         
datum is defined by zero-mean conditions imposed on the     DESCRIPTION         
satellite bias estimates. In this file, just GPS C1W-C2W    DESCRIPTION         
satellite and station bias values are included. The         DESCRIPTION         
complete set of GNSS code bias results is provided in an    DESCRIPTION         
additional Bias-SINEX file as pseudo-absolute values        DESCRIPTION         
specific to each observable.                                DESCRIPTION         
Note: These GIM results correspond to the results for the   DESCRIPTION         
middle day of a 3-day combination analysis solving for 73   DESCRIPTION         
times 256, or 18688 VTEC parameters and 3 daily sets of     DESCRIPTION         
GNSS code bias parameters.                                  DESCRIPTION         
Contact address: code(at)aiub.unibe.ch                      DESCRIPTION         
Data archive:    ftp.aiub.unibe.ch/CODE/                    DESCRIPTION         
                 www.aiub.unibe.ch/download/CODE/           DESCRIPTION         
  2023     4    18     0     0     0                        EPOCH OF FIRST MAP  
  2023     4    19     0     0     0                        EPOCH OF LAST MAP   
  3600                                                      INTERVAL            
[...]
brux bshm cags cas1 ccj2 cedu chpg chpi chti chur cnmr cord COMMENT             
cpvg cpxf crar cro1 daej darw dav1 dgar dhlg drao dubo ebre COMMENT             
faa1 fair flin flrs frdn ftna func ganp glps glsv gode godz COMMENT             
gol2 gold gope gras graz guam guug harb hers hert hlfx hnpt COMMENT             
hob2 hofn holb hrao hyde iddr ieng iisc ineg invk iqal irkj COMMENT             
isba jog2 joz2 joze kerg kir0 kiri kiru kit3 kokb kokv kouc COMMENT             
koug kour krgg lae1 lama laut lmmf lpal lpgs m0se mac1 madr COMMENT             
mal2 mana mas1 mat1 mate maw1 mcm4 mdo1 mdvj medi mets mgue COMMENT             
mizu mnls mobs morp mqzg mro1 mtka nano nico nist nium nklg COMMENT             
nlib nnor not1 nrc1 nrmd ntus nya1 nyal ohi2 onsa opmt ous2 COMMENT             
pado park pdel penc pert pie1 pimo pohn pol2 polv pots pove COMMENT             
prds ptag ptbb ptvl qaq1 quin rabt ramo reun reyk rgdg rio2 COMMENT             
riop salu samo sant savo sch2 scor scrz sctb seyg sfer shao COMMENT             
sofi spt0 ssia sthl stjo stk2 str2 suth sutm suwn sydn syog COMMENT             
tabv tash thtg thti thu2 tid1 tidb tlse tn22 tong tow2 tro1 COMMENT             
tsea tskb tuva txes uclu ufpr ulab unb3 unbj unsa urum usn7 COMMENT             
usud vald vill voim vtsp wab1 wab2 wark wgtn whit will wind COMMENT             
wsrt wtza wtzl wtzr wtzs wuhn xmis yar2 yar3 yarr yell ykro COMMENT             
zamb zeck zim2 zim3 zimm                                    COMMENT             
                                                            END OF HEADER       
[from data line 10296]
    25                                                      START OF TEC MAP    
  2023     4    19     0     0     0                        EPOCH OF CURRENT MAP
    87.5-180.0 180.0   5.0 450.0                            LAT/LON1/LON2/DLON/H
  239  240  241  242  243  244  245  246  246  247  248  249  249  249  249  249
  249  248  248  247  246  244  243  241  239  238  236  234  231  229  227  226
  224  222  220  219  217  216  215  215  214  213  213  213  213  213  214  214
  215  216  217  218  219  220  221  222  223  225  226  227  228  229  230  231
  232  233  234  235  236  236  237  238  239
    85.0-180.0 180.0   5.0 450.0                            LAT/LON1/LON2/DLON/H
  227  228  229  231  233  236  238  241  244  247  249  252  254  256  257  258
  258  257  256  254  252  249  246  242  237  233  228  223  219  214  209  205
  201  197  194  191  188  186  185  183  183  182  182  183  183  184  185  187
  188  190  193  195  197  200  202  205  207  210  212  214  216  218  220  221
  222  223  224  224  224  225  225  226  227
    82.5-180.0 180.0   5.0 450.0                            LAT/LON1/LON2/DLON/H
  205  205  206  208  211  215  220  225  231  237  243  248  253  257  260  262
  262  262  260  257  253  248  242  236  229  222  214  207  199  192  185  179
  173  168  163  159  156  154  152  151  150  150  150  151  152  154  155  157
  160  162  165  168  171  175  179  183  187  191  194  198  201  204  206  208
  209  210  210  209  208  207  206  205  205
    80.0-180.0 180.0   5.0 450.0                            LAT/LON1/LON2/DLON/H
  182  181  181  183  186  191  198  206  215  225  234  242  249  255  259  261
  261  259  256  252  246  239  231  223  214  204  195  185  176  167  159  151
  145  139  134  130  127  125  124  123  123  123  124  125  126  128  129  131
  132  134  137  139  143  147  151  156  161  167  173  178  184  188  192  195
  197  198  198  196  194  191  188  185  182
    77.5-180.0 180.0   5.0 450.0                            LAT/LON1/LON2/DLON/H
  170  166  164  164  167  172  181  191  203  216  228  238  246  252  255  255
  253  249  244  237  230  221  212  203  193  183  172  162  152  143  135  128
  121  116  112  108  106  105  104  105  105  106  107  108  109  109  110  110
  110  110  111  112  114  118  122  127  133  140  148  156  164  172  179  184
  189  192  193  192  189  185  180  175  170
    75.0-180.0 180.0   5.0 450.0                            LAT/LON1/LON2/DLON/H
  175  168  163  160  161  166  175  187  201  216  229  239  246  250  249  246
  240  232  224  215  207  198  189  179  170  160  150  141  132  123  116  110
  105  101   97   95   94   94   94   95   96   97   99   99  100  100   99   97
   95   93   92   91   91   92   95  100  106  115  124  135  146  157  167  177
  186  192  197  199  198  195  190  183  175
    72.5-180.0 180.0   5.0 450.0                            LAT/LON1/LON2/DLON/H
  201  190  181  174  172  174  183  195  210  226  239  248  252  250  244  235
  223  211  200  190  181  173  165  157  148  140  131  123  116  109  103   99
   95   93   91   90   89   89   90   91   93   95   96   97   97   97   95   92
   89   85   81   77   75   75   77   80   87   95  106  118  131  145  160  174
  187  199  209  216  220  220  217  210  201
    70.0-180.0 180.0   5.0 450.0                            LAT/LON1/LON2/DLON/H
  241  228  214  202  195  194  199  211  227  243  256  263  263  255  242  225
  208  192  179  168  160  154  147  141  134  127  119  112  106  101   97   94
   92   91   90   89   89   89   89   90   92   94   96   98   98   98   96   93
   89   84   79   75   71   70   70   74   79   87   98  111  125  141  157  175
  192  209  225  238  248  254  255  250  241
    67.5-180.0 180.0   5.0 450.0                            LAT/LON1/LON2/DLON/H
  286  271  254  236  222  216  219  230  246  262  275  280  276  263  244  221
  200  182  168  158  152  147  143  137  130  123  115  109  103  100   97   96
   95   94   93   92   91   90   89   90   91   93   96   98   99  100   99   96
   93   89   85   82   79   78   79   82   87   95  105  116  130  145  161  179
  199  219  240  259  276  289  295  294  286
    65.0-180.0 180.0   5.0 450.0                            LAT/LON1/LON2/DLON/H
  324  310  289  266  246  234  233  243  259  277  292  297  290  274  251  226
  203  185  173  166  162  158  154  147  139  130  121  114  109  106  104  103
  102  101  100   97   95   92   90   89   90   92   95   98  100  102  102  101
  100   98   97   96   96   97   99  104  110  117  126  136  147  159  173  189
  207  227  249  272  294  313  325  329  324
    62.5-180.0 180.0   5.0 450.0                            LAT/LON1/LON2/DLON/H
  346  334  312  286  261  244  239  247  264  285  301  308  302  286  263  239
  218  204  196  193  191  187  181  171  160  148  138  129  124  120  118  117
  115  113  110  106  101   97   93   91   91   93   96   99  101  103  104  105
  106  108  110  114  118  123  129  136  143  151  160  167  175  183  193  203
  217  233  253  275  298  320  338  347  346
    60.0-180.0 180.0   5.0 450.0                            LAT/LON1/LON2/DLON/H
  348  341  321  295  267  247  239  245  262  284  303  312  309  297  278  259
  245  238  236  236  234  229  219  205  190  176  164  154  148  144  140  138
  134  130  125  119  112  106  101   98   97   99  101  104  106  107  107  109
  111  116  122  131  140  150  161  172  182  192  201  207  212  216  219  224
  230  240  252  269  289  310  330  344  348
    57.5-180.0 180.0   5.0 450.0                            LAT/LON1/LON2/DLON/H
  336  335  322  299  273  251  240  244  260  281  300  311  313  305  294  285
  280  280  284  286  284  276  261  243  225  210  197  188  181  176  170  165
  159  152  144  136  128  120  114  111  110  111  113  114  115  114  113  113
  116  122  132  145  159  174  190  206  220  233  243  249  252  253  252  250
  249  250  253  261  273  290  308  325  336
    55.0-180.0 180.0   5.0 450.0                            LAT/LON1/LON2/DLON/H
  318  326  322  307  286  266  255  255  266  283  299  310  313  312  310  310
  315  323  331  335  331  319  301  281  262  247  236  228  221  213  205  196
  186  176  166  156  147  139  133  129  128  129  131  131  129  126  123  121
  122  129  140  155  173  193  213  233  252  268  281  288  291  290  287  282
  275  268  262  259  260  269  284  302  318
    52.5-180.0 180.0   5.0 450.0                            LAT/LON1/LON2/DLON/H
  308  325  332  329  316  302  291  288  291  299  306  311  314  317  323  332
  345  358  369  373  367  353  333  313  296  284  276  269  261  251  239  226
  212  199  187  176  167  159  153  150  150  151  153  153  149  144  138  133
  132  137  148  163  183  205  228  252  275  295  311  321  325  325  322  316
  308  297  284  271  262  262  270  288  308
    50.0-180.0 180.0   5.0 450.0                            LAT/LON1/LON2/DLON/H
  317  341  359  368  367  360  352  344  338  332  326  321  319  323  333  348
  366  382  393  396  390  375  357  339  326  317  312  305  296  283  267  250
  232  217  204  193  184  177  172  170  171  173  176  176  172  166  158  151
  148  150  158  172  191  213  239  265  292  315  333  346  352  354  354  352
  346  336  321  303  286  277  280  294  317
    47.5-180.0 180.0   5.0 450.0                            LAT/LON1/LON2/DLON/H
  350  377  403  422  433  435  431  421  405  383  360  341  330  331  343  359
  377  393  403  405  400  388  373  359  349  343  338  331  319  303  283  263
  244  227  213  203  195  190  186  186  188  192  196  198  196  190  183  175
  169  168  173  183  200  222  248  276  304  330  350  363  371  377  381  385
  387  382  371  353  334  321  318  328  350
    45.0-180.0 180.0   5.0 450.0                            LAT/LON1/LON2/DLON/H
  405  430  458  484  504  515  516  505  481  445  404  369  349  345  354  368
  383  395  404  408  406  398  387  376  367  360  352  341  325  307  286  265
  245  229  217  208  202  198  196  196  200  206  213  217  218  215  209  202
  195  191  191  198  212  232  258  287  317  343  363  377  386  394  403  415
  425  430  427  416  401  388  382  388  405
    42.5-180.0 180.0   5.0 450.0                            LAT/LON1/LON2/DLON/H
  475  493  517  542  566  583  590  582  553  507  452  404  374  364  368  378
  388  396  404  411  415  412  404  392  380  367  352  335  317  297  277  258
  241  226  216  210  207  204  204  206  211  218  227  233  237  238  235  229
  222  215  212  215  226  246  272  301  331  357  376  389  397  407  421  439
  458  474  482  482  476  469  464  465  475
    40.0-180.0 180.0   5.0 450.0                            LAT/LON1/LON2/DLON/H
  549  556  570  589  610  630  642  637  610  560  498  442  404  390  389  394
  397  402  410  423  432  434  425  408  386  364  341  318  298  280  265  250
  236  225  218  215  214  214  215  217  223  232  241  248  254  257  257  253
  246  237  231  231  241  260  288  318  348  373  390  400  408  418  434  458
  485  509  529  541  548  550  549  548  549
    37.5-180.0 180.0   5.0 450.0                            LAT/LON1/LON2/DLON/H
  618  614  614  622  636  653  666  667  645  598  537  478  439  421  417  415
  414  417  428  446  461  462  448  421  389  355  324  299  280  267  258  250
  240  232  228  228  230  232  233  236  242  250  258  264  269  272  273  270
  262  252  242  241  251  273  303  335  365  388  403  412  418  428  447  473
  504  534  562  586  605  619  625  624  618
    35.0-180.0 180.0   5.0 450.0                            LAT/LON1/LON2/DLON/H
  677  665  655  650  652  661  672  676  661  623  569  515  476  457  450  444
  439  441  457  479  495  493  469  431  388  347  313  288  274  269  267  264
  257  251  249  252  256  259  261  264  269  275  279  281  282  282  282  278
  269  256  245  243  255  280  313  348  379  401  415  422  428  439  458  486
  518  550  581  612  642  667  682  684  677
    32.5-180.0 180.0   5.0 450.0                            LAT/LON1/LON2/DLON/H
  725  713  699  686  677  673  676  679  671  644  600  553  518  498  487  477
  469  472  490  514  527  516  483  436  389  347  316  296  290  293  297  295
  288  281  279  284  291  295  296  298  301  304  303  299  292  287  282  276
  264  249  236  235  250  279  317  355  386  408  421  429  437  450  471  498
  529  559  590  624  660  694  718  728  725
    30.0-180.0 180.0   5.0 450.0                            LAT/LON1/LON2/DLON/H
  766  765  758  745  727  711  701  697  691  672  638  598  565  542  526  512
  501  504  521  542  547  526  485  437  395  363  341  331  332  340  345  340
  328  317  315  321  328  332  332  332  333  332  326  314  299  287  276  266
  251  233  220  219  237  271  312  352  384  407  422  433  444  461  483  511
  539  567  594  626  664  703  737  758  766
    27.5-180.0 180.0   5.0 450.0                            LAT/LON1/LON2/DLON/H
  806  825  836  833  815  788  762  746  735  720  692  656  621  592  568  546
  532  532  544  556  549  520  477  438  412  398  391  390  395  402  402  390
  370  353  348  354  361  363  361  359  357  353  341  323  301  281  266  251
  233  214  200  201  221  257  301  343  375  399  417  433  450  471  496  524
  551  576  600  627  663  704  745  779  806
    25.0-180.0 180.0   5.0 450.0                            LAT/LON1/LON2/DLON/H
  846  892  930  948  938  905  864  832  811  793  766  729  687  647  611  581
  560  553  557  555  535  499  463  444  445  454  461  465  467  466  455  431
  401  378  370  375  380  381  376  371  367  360  345  322  296  272  253  235
  216  196  183  185  206  243  288  329  362  387  409  430  454  480  508  538
  565  589  610  634  665  705  751  799  846
    22.5-180.0 180.0   5.0 450.0                            LAT/LON1/LON2/DLON/H
  885  957 1025 1070 1078 1047  996  949  915  889  857  814  761  708  658  616
  586  570  560  543  512  475  454  463  493  524  539  538  529  514  489  454
  415  387  377  380  384  381  374  367  362  353  336  312  286  262  242  224
  204  186  174  176  197  234  277  316  348  375  400  428  459  489  520  551
  580  606  628  650  678  714  762  819  885
    20.0-180.0 180.0   5.0 450.0                            LAT/LON1/LON2/DLON/H
  915 1005 1098 1172 1203 1185 1133 1075 1029  994  956  905  841  772  708  655
  615  588  563  531  490  458  458  496  552  596  608  592  564  532  495  451
  408  380  370  372  372  366  357  350  343  333  317  295  273  253  236  219
  202  185  175  178  197  231  271  308  339  367  395  429  465  500  532  563
  594  624  651  675  700  733  779  839  915
    17.5-180.0 180.0   5.0 450.0                            LAT/LON1/LON2/DLON/H
  928 1022 1128 1223 1280 1283 1241 1183 1130 1089 1047  990  917  838  762  699
  650  612  573  528  483  460  481  542  613  654  649  610  560  513  469  426
  387  363  355  355  353  344  335  327  320  310  294  277  261  248  236  223
  208  195  187  189  205  235  272  308  338  365  396  433  474  511  543  573
  606  642  675  704  730  760  800  855  928
    15.0-180.0 180.0   5.0 450.0                            LAT/LON1/LON2/DLON/H
  920 1000 1100 1205 1285 1314 1293 1245 1196 1155 1114 1057  982  898  817  748
  693  646  597  544  499  485  521  593  661  684  652  584  516  463  423  389
  361  346  343  342  336  326  317  310  303  290  275  262  255  250  243  233
  221  211  204  206  219  245  279  314  343  370  401  441  484  524  555  583
  615  655  696  732  761  789  821  863  920
    12.5-180.0 180.0   5.0 450.0                            LAT/LON1/LON2/DLON/H
  891  939 1016 1115 1209 1266 1274 1247 1210 1178 1144 1096 1027  947  867  798
  741  690  636  580  537  531  570  636  683  675  610  520  443  396  371  356
  346  343  343  340  331  319  312  308  299  283  267  257  257  258  255  247
  236  228  222  222  232  255  289  325  354  379  409  449  495  536  566  591
  621  662  709  752  787  814  838  861  891
    10.0-180.0 180.0   5.0 450.0                            LAT/LON1/LON2/DLON/H
  848  854  893  971 1069 1149 1188 1188 1171 1154 1136 1102 1048  978  907  844
  790  739  685  630  591  585  616  658  670  624  532  432  363  335  334  343
  352  360  362  355  342  330  325  323  312  292  272  263  266  271  269  259
  248  240  234  233  240  262  297  336  366  390  416  455  502  546  576  597
  623  663  713  762  802  831  848  852  848
     7.5-180.0 180.0   5.0 450.0                            LAT/LON1/LON2/DLON/H
  807  770  764  811  901  996 1060 1086 1092 1093 1093 1078 1043  991  933  880
  832  784  734  684  646  633  642  648  619  541  436  345  300  302  329  360
  384  398  398  386  368  356  354  353  339  313  287  275  279  284  279  266
  252  243  237  233  239  261  299  342  375  397  419  455  503  550  582  601
  622  658  708  761  806  838  853  842  807
     5.0-180.0 180.0   5.0 450.0                            LAT/LON1/LON2/DLON/H
  783  712  666  680  753  849  927  972  995 1013 1029 1034 1018  984  942  900
  860  818  772  726  687  660  638  604  539  444  347  285  277  312  363  407
  437  449  443  423  400  388  389  388  371  338  305  290  290  292  282  264
  246  234  227  222  226  249  292  340  377  397  415  447  496  547  583  602
  619  649  695  749  799  836  854  837  783
     2.5-180.0 180.0   5.0 450.0                            LAT/LON1/LON2/DLON/H
  787  703  631  616  666  750  828  879  910  937  965  983  983  965  936  904
  870  833  792  748  704  658  605  536  449  357  290  273  307  370  431  474
  495  498  483  455  427  415  417  416  396  357  319  299  295  291  276  252
  230  216  206  199  203  228  275  329  369  389  403  432  481  537  578  598
  611  636  678  731  783  828  854  843  787
