ionex_files/alger/COD0OPSFIN_20231060000_01D_01H_GIM.INX
     1.0            IONOSPHERE MAPS     GNSS                IONEX VERSION / TYPE
ADDNEQ2 V5.5        AIUB                20-APR-23 21:09     PGM / RUN BY / DATE 
CODE'S GLOBAL IONOSPHERE MAPS FOR DAY 106, 2023             COMMENT             
Global ionosphere maps (GIM) are generated on a daily basis DESCRIPTION         
at CODE using data from about 300 GNSS sites of the IGS and DESCRIPTION         
other institutions. The vertical total electron content     DESCRIPTION         
(VTEC) is modeled in a solar-geomagnetic reference frame    DESCRIPTION         
using a spherical harmonics expansion up to degree and      DESCRIPTION         
order 15. Piece-wise linear functions are used for          DESCRIPTION         
representation in the time domain. The time spacing of      DESCRIPTION         
their vertices is 1 hour, conforming with the epochs of the DESCRIPTION         
VTEC maps.                                                  DESCRIPTION         
To convert line-of-sight TEC into vertical TEC, a modified  DESCRIPTION         
single-layer model mapping function approximating the JPL   DESCRIPTION         
extended slab model mapping function is adopted. The        DESCRIPTION         
mapping function is evaluated at geodetic satellite         DESCRIPTION         
elevation angles. For the computation of the ionospheric    DESCRIPTION         
pierce points, a spherical layer with a radius of 6821 km   DESCRIPTION         
is assumed, implying geocentric, not geodetic IONEX         DESCRIPTION         
latitudes.                                                  DESCRIPTION         
Instrumental biases with respect to each involved GNSS code DESCRIPTION         
observable are estimated as constant values for each        DESCRIPTION         
day. They are modeled with one set of bias parameters for   DESCRIPTION         
each satellite and each station in case of GPS and for each DESCRIPTION         
satellite-station link in case of GLONASS. The code bias    DESCRIPTION         
datum is defined by zero-mean conditions imposed on the     DESCRIPTION         
satellite bias estimates. In this file, just GPS C1W-C2W    DESCRIPTION         
satellite and station bias values are included. The         DESCRIPTION         
complete set of GNSS code bias results is provided in an    DESCRIPTION         
additional Bias-SINEX file as pseudo-absolute values        DESCRIPTION         
specific to each observable.                                DESCRIPTION         
Note: These GIM results correspond to the results for the   DESCRIPTION         
middle day of a 3-day combination analysis solving for 73   DESCRIPTION         
times 256, or 18688 VTEC parameters and 3 daily sets of     DESCRIPTION         
GNSS code bias parameters.                                  DESCRIPTION         
Contact address: code(at)aiub.unibe.ch                      DESCRIPTION         
Data archive:    ftp.aiub.unibe.ch/CODE/                    DESCRIPTION         
                 www.aiub.unibe.ch/download/CODE/           DESCRIPTION         
  2023     4    16     0     0     0                        EPOCH OF FIRST MAP  
  2023     4    17     0     0     0                        EPOCH OF LAST MAP   
  3600                                                      INTERVAL            
[...]
bshm cags cas1 ccj2 cedu chpg chpi chti chur cnmr coco cord COMMENT             
cpvg cpxf crar cro1 daej darw dav1 dgar dhlg drao dubo ebre COMMENT             
faa1 fair flin flrs frdn ftna func ganp glps glsv gode godz COMMENT             
gol2 gold gope gras graz guam guug harb hers hert hlfx hnpt COMMENT             
hob2 hofn holb hrao hyde iddr ieng iisc ineg invk iqal irkj COMMENT             
isba jog2 joz2 joze kerg kir0 kiri kiru kit3 kokb kokv kouc COMMENT             
koug kour krgg lama laut lmmf lpal lpgs m0se mac1 madr mal2 COMMENT             
mana mas1 mat1 mate maw1 mcil mcm4 mdo1 mdvj medi mets mgue COMMENT             
mizu mkea mnls mobs morp mqzg mro1 mtka nano nico nist nium COMMENT             
nklg nlib nnor not1 nrc1 nrmd ntus nya1 nyal ohi2 onsa opmt COMMENT             
ous2 pado park pdel penc pert pie1 pimo pohn pol2 polv pots COMMENT             
pove prds ptag ptbb ptvl qaq1 quin rabt ramo reun reyk rgdg COMMENT             
rio2 riop salu samo sant savo sch2 scor scrz sctb seyg sfer COMMENT             
shao smst sofi spt0 ssia sthl stjo stk2 str2 suth sutm suwn COMMENT             
sydn syog tabv tash thtg thti thu2 tid1 tidb tlse tn22 tong COMMENT             
tow2 tro1 tsea tskb tuva twtf txes uclu ufpr ulab unb3 unbj COMMENT             
unsa urum usn7 usud vald vill voim vtsp wab1 wab2 wark wgtn COMMENT             
whit will wind wsrt wtza wtzl wtzr wtzs wuhn xmis yar2 yar3 COMMENT             
yarr yell ykro zamb zeck zim2 zim3 zimm                     COMMENT             
                                                            END OF HEADER       
[from data line 3003]
     8                                                      START OF TEC MAP    
  2023     4    16     7     0     0                        EPOCH OF CURRENT MAP
    87.5-180.0 180.0   5.0 450.0                            LAT/LON1/LON2/DLON/H
  164  163  163  163  164  164  165  166  167  169  170  172  174  175  177  179
  181  182  184  185  186  187  188  189  190  190  191  191  191  191  191  191
  191  191  191  191  191  191  191  190  190  190  190  190  190  190  189  189
  189  188  188  187  187  186  185  184  183  182  181  179  178  177  175  174
  172  171  169  168  167  166  165  164  164
    85.0-180.0 180.0   5.0 450.0                            LAT/LON1/LON2/DLON/H
  148  146  145  145  145  146  148  150  153  157  161  165  169  174  178  183
  187  190  194  196  198  200  201  201  201  201  200  200  199  198  197  196
  196  195  195  195  195  196  196  197  198  198  199  200  201  202  202  203
  204  204  205  205  205  205  204  203  202  200  198  196  193  190  186  182
  178  174  170  165  161  157  154  151  148
    82.5-180.0 180.0   5.0 450.0                            LAT/LON1/LON2/DLON/H
  140  135  131  129  128  128  130  133  137  143  149  156  164  172  180  187
  194  200  204  208  210  211  211  210  208  206  203  200  197  195  193  192
  191  191  192  193  194  196  198  201  203  206  208  211  214  217  219  222
  225  227  230  232  234  236  237  238  238  237  235  232  228  223  217  210
  202  194  186  177  168  160  153  146  140
    80.0-180.0 180.0   5.0 450.0                            LAT/LON1/LON2/DLON/H
  142  133  126  120  116  115  115  118  122  129  137  146  156  167  178  189
  198  207  213  217  219  219  217  213  208  202  196  191  186  182  179  178
  178  180  182  186  190  194  199  204  209  214  219  224  230  235  240  245
  251  256  262  267  272  277  281  285  287  288  287  284  280  273  265  255
  244  231  218  204  190  177  164  153  142
    77.5-180.0 180.0   5.0 450.0                            LAT/LON1/LON2/DLON/H
  157  144  132  123  116  111  108  109  112  117  125  135  147  160  173  186
  198  209  217  222  224  222  218  210  202  192  183  174  167  162  160  160
  162  166  172  178  185  193  201  209  216  224  232  240  247  255  263  272
  280  289  297  306  314  322  330  337  342  345  347  345  341  333  323  310
  295  278  260  242  223  205  188  172  157
    75.0-180.0 180.0   5.0 450.0                            LAT/LON1/LON2/DLON/H
  182  165  150  137  126  117  111  108  108  110  116  125  136  149  164  178
  193  205  215  221  223  220  213  203  191  178  165  154  147  142  141  143
  148  155  164  174  184  194  204  214  224  234  244  254  265  276  287  298
  310  321  332  343  354  365  375  385  393  399  402  402  398  389  377  362
  343  323  302  280  259  238  218  199  182
    72.5-180.0 180.0   5.0 450.0                            LAT/LON1/LON2/DLON/H
  209  191  174  158  144  131  121  114  111  110  113  118  127  138  151  166
  181  195  206  214  216  213  205  193  178  162  148  136  129  125  127  132
  140  150  162  173  185  197  208  218  230  241  254  267  281  295  309  323
  337  349  362  373  385  397  409  420  430  438  442  443  439  430  416  398
  377  354  331  308  287  266  246  227  209
    70.0-180.0 180.0   5.0 450.0                            LAT/LON1/LON2/DLON/H
  232  215  197  179  163  148  135  125  118  115  114  115  120  127  138  151
  165  179  192  201  204  202  194  180  164  148  133  122  116  116  120  128
  138  151  164  176  188  199  210  221  232  245  259  275  293  310  328  344
  359  372  384  395  405  415  425  436  446  454  459  460  456  446  430  410
  388  364  341  319  299  282  265  249  232
    67.5-180.0 180.0   5.0 450.0                            LAT/LON1/LON2/DLON/H
  245  229  212  193  176  159  146  135  127  121  118  116  117  119  125  134
  146  160  173  183  188  186  178  165  150  134  121  112  109  112  119  129
  142  156  169  180  191  201  210  219  231  244  261  280  300  322  342  361
  377  389  399  406  412  418  424  432  440  447  452  452  447  436  419  398
  374  350  329  310  295  282  270  258  245
    65.0-180.0 180.0   5.0 450.0                            LAT/LON1/LON2/DLON/H
  247  233  216  197  178  162  148  138  131  126  123  119  116  114  115  119
  127  138  150  161  166  166  159  147  133  120  110  105  106  111  121  134
  147  160  173  183  192  200  207  216  227  242  260  281  305  330  353  374
  389  400  406  409  409  410  411  413  418  423  426  426  420  408  390  367
  343  320  301  286  277  270  264  257  247
    62.5-180.0 180.0   5.0 450.0                            LAT/LON1/LON2/DLON/H
  242  228  211  191  172  155  142  134  129  127  125  121  117  112  107  107
  110  117  127  136  142  142  136  126  115  105   99   99  103  112  124  137
  150  163  174  183  191  198  205  213  224  239  259  283  309  336  362  383
  399  408  411  409  404  398  393  391  391  393  394  393  387  374  355  331
  307  285  269  259  254  254  253  250  242
    60.0-180.0 180.0   5.0 450.0                            LAT/LON1/LON2/DLON/H
  237  223  205  184  163  145  133  125  122  122  122  121  117  110  103   97
   96   99  106  113  118  118  113  105   97   91   90   94  102  112  125  137
  150  161  172  182  190  197  205  213  225  240  261  285  313  342  369  391
  406  414  415  410  401  391  381  374  371  370  370  368  361  347  328  304
  280  259  245  239  239  242  245  244  237
    57.5-180.0 180.0   5.0 450.0                            LAT/LON1/LON2/DLON/H
  242  227  208  185  163  143  128  119  114  115  117  118  115  109  101   93
   87   86   90   95   98   98   93   87   82   80   83   91  101  113  124  135
  147  159  170  181  191  200  209  218  230  246  266  291  319  349  376  398
  414  422  423  418  408  396  384  373  366  363  361  358  351  338  318  294
  270  250  239  235  238  245  250  249  242
    55.0-180.0 180.0   5.0 450.0                            LAT/LON1/LON2/DLON/H
  261  247  227  204  181  158  139  123  114  110  110  112  113  109  101   92
   84   80   81   83   85   85   81   77   75   77   83   93  104  114  124  134
  145  157  171  185  197  208  218  228  240  256  275  300  327  356  384  407
  424  434  437  434  427  416  403  391  382  376  373  369  362  348  328  304
  280  262  251  250  255  263  269  268  261
    52.5-180.0 180.0   5.0 450.0                            LAT/LON1/LON2/DLON/H
  294  282  265  245  222  197  171  146  126  113  108  109  110  109  104   95
   86   81   80   81   83   82   80   78   78   83   92  102  112  120  128  136
  147  161  178  194  209  221  232  242  254  269  287  311  338  366  394  418
  437  450  458  460  456  448  437  424  413  404  399  394  386  372  351  327
  304  287  278  278  285  293  299  300  294
    50.0-180.0 180.0   5.0 450.0                            LAT/LON1/LON2/DLON/H
  334  327  315  300  281  255  223  188  155  129  115  110  111  113  110  102
   94   88   86   88   90   92   91   92   94  101  109  119  126  132  137  145
  156  173  191  209  224  237  247  257  268  283  301  324  350  379  408  433
  455  471  484  491  493  489  479  465  451  439  431  424  414  399  378  354
  331  315  308  309  317  326  334  337  334
    47.5-180.0 180.0   5.0 450.0                            LAT/LON1/LON2/DLON/H
  370  369  365  358  344  321  286  243  197  158  132  120  119  121  119  114
  106  101  100  103  107  111  113  116  121  127  135  141  145  148  151  159
  172  191  211  229  243  253  261  270  282  297  315  338  365  395  425  453
  477  497  514  527  533  532  521  505  487  471  459  449  436  420  398  374
  352  337  331  333  341  352  361  368  370
    45.0-180.0 180.0   5.0 450.0                            LAT/LON1/LON2/DLON/H
  392  396  399  399  393  375  343  296  243  194  158  139  134  135  134  129
  122  118  118  123  130  136  142  147  152  158  163  165  166  165  168  177
  192  213  233  249  260  267  274  283  295  312  331  356  384  416  448  477
  503  526  546  563  573  572  559  538  515  493  476  462  447  429  406  383
  362  348  342  343  351  362  374  384  392
    42.5-180.0 180.0   5.0 450.0                            LAT/LON1/LON2/DLON/H
  393  400  406  410  410  400  375  334  281  229  188  164  156  155  154  148
  141  137  139  145  155  164  171  178  183  187  189  187  184  182  185  196
  213  235  254  268  275  279  285  295  311  330  352  377  408  441  475  506
  533  558  581  600  612  610  593  566  536  508  485  467  450  430  408  385
  366  352  345  344  348  357  370  382  393
    40.0-180.0 180.0   5.0 450.0                            LAT/LON1/LON2/DLON/H
  376  381  382  383  385  383  370  341  299  253  215  191  182  180  177  170
  162  158  160  168  178  188  197  204  209  211  209  204  198  196  199  212
  231  253  271  282  286  289  297  312  331  354  377  404  436  472  507  539
  567  593  618  640  653  650  629  596  558  524  497  476  457  437  416  396
  378  364  353  345  342  346  356  368  376
    37.5-180.0 180.0   5.0 450.0                            LAT/LON1/LON2/DLON/H
  354  348  337  328  325  326  326  315  292  261  232  214  207  205  201  193
  184  180  182  190  199  208  216  223  228  228  223  215  208  205  210  224
  244  265  282  291  296  302  314  334  359  385  409  436  468  505  542  574
  603  631  660  687  702  699  676  639  596  558  527  503  484  465  446  430
  415  400  382  363  348  342  345  352  354
    35.0-180.0 180.0   5.0 450.0                            LAT/LON1/LON2/DLON/H
  343  322  292  264  247  246  255  263  262  251  238  228  226  226  223  215
  206  202  204  210  216  222  229  236  240  239  232  222  214  212  217  231
  250  271  287  298  306  318  337  364  394  421  445  471  503  540  577  611
  641  672  708  741  763  764  742  705  662  622  589  564  544  527  514  503
  492  475  448  414  382  362  354  351  343
    32.5-180.0 180.0   5.0 450.0                            LAT/LON1/LON2/DLON/H
  359  322  270  218  182  171  181  202  221  230  232  234  237  240  239  233
  226  224  226  229  231  233  238  245  249  248  240  230  221  219  224  236
  253  272  290  304  319  339  366  400  433  460  482  505  536  574  612  647
  680  717  760  804  835  845  830  799  760  722  690  664  644  630  622  617
  611  593  557  506  454  416  394  381  359
    30.0-180.0 180.0   5.0 450.0                            LAT/LON1/LON2/DLON/H
  414  362  291  217  159  130  133  157  187  210  223  232  241  247  250  247
  244  244  247  247  245  243  247  254  260  260  252  241  232  229  232  241
  255  272  292  312  335  363  399  437  470  495  513  534  565  604  645  682
  719  762  816  872  915  935  933  913  884  852  822  796  776  764  761  764
  763  745  701  635  563  506  470  446  414
    27.5-180.0 180.0   5.0 450.0                            LAT/LON1/LON2/DLON/H
  505  445  364  274  195  146  133  149  178  204  221  231  240  249  255  256
  258  262  266  265  259  255  258  268  277  278  270  258  248  243  242  247
  257  273  295  322  353  389  429  468  500  520  535  555  588  631  675  715
  756  807  870  935  989 1022 1035 1031 1017  994  966  940  920  910  910  919
  925  910  862  784  697  624  576  543  505
    25.0-180.0 180.0   5.0 450.0                            LAT/LON1/LON2/DLON/H
  617  560  480  385  294  225  190  189  206  224  234  238  243  251  257  263
  269  277  283  281  273  268  273  287  299  301  292  278  266  257  253  252
  259  274  299  332  370  410  451  489  516  533  546  568  604  653  702  747
  792  847  915  986 1045 1088 1115 1129 1131 1119 1096 1070 1049 1038 1041 1055
 1068 1059 1012  929  833  750  694  657  617
    22.5-180.0 180.0   5.0 450.0                            LAT/LON1/LON2/DLON/H
  729  681  614  529  436  352  296  272  271  274  269  261  256  258  263  269
  278  290  297  295  286  283  292  310  325  326  314  297  281  270  261  256
  260  276  304  341  382  424  463  496  520  535  549  574  617  672  727  775
  823  879  946 1013 1070 1115 1152 1183 1201 1201 1183 1157 1135 1124 1128 1145
 1163 1162 1123 1045  949  864  804  765  729
    20.0-180.0 180.0   5.0 450.0                            LAT/LON1/LON2/DLON/H
  814  779  733  668  585  496  424  381  361  347  327  302  284  275  275  279
  288  300  307  305  298  297  311  334  349  348  331  309  290  274  262  255
  258  275  306  346  388  428  463  491  513  529  547  578  628  689  749  801
  848  901  959 1013 1057 1095 1135 1178 1210 1220 1207 1184 1163 1152 1155 1172
 1195 1204 1178 1113 1026  945  886  846  814
    17.5-180.0 180.0   5.0 450.0                            LAT/LON1/LON2/DLON/H
  853  829  806  767  702  619  540  487  458  433  400  360  327  307  297  295
  300  309  315  313  306  309  328  353  367  361  338  310  286  268  254  247
  251  270  304  346  387  423  453  480  502  523  547  584  639  704  767  821
  866  911  953  986 1008 1031 1068 1116 1157 1174 1167 1148 1132 1123 1124 1139
 1164 1183 1173 1126 1055  984  927  885  853
    15.0-180.0 180.0   5.0 450.0                            LAT/LON1/LON2/DLON/H
  840  819  813  799  757  687  614  564  537  514  477  428  383  351  331  319
  317  320  322  317  311  317  339  364  375  361  331  298  271  251  237  231
  238  261  298  340  380  413  441  468  495  522  553  594  650  716  779  833
  875  911  935  942  938  941  968 1014 1058 1078 1076 1066 1057 1053 1053 1064
 1088 1114 1119 1093 1041  982  927  878  840
    12.5-180.0 180.0   5.0 450.0                            LAT/LON1/LON2/DLON/H
  782  754  754  759  737  684  627  593  584  576  546  497  445  403  372  350
  337  332  327  318  311  318  341  365  370  349  313  276  247  227  214  210
  221  249  288  331  370  402  430  461  495  530  566  607  659  721  782  835
  875  902  910  896  868  851  865  904  944  964  966  965  968  972  972  977
  997 1025 1042 1033 1000  953  896  835  782
    10.0-180.0 180.0   5.0 450.0                            LAT/LON1/LON2/DLON/H
  702  657  652  663  655  619  582  574  595  612  600  557  504  457  417  384
  360  344  331  317  308  314  336  356  355  328  287  249  221  202  190  189
  204  235  277  321  360  393  425  461  503  545  582  619  663  716  773  825
  866  889  889  861  819  789  793  823  854  868  871  880  897  910  911  909
  922  947  969  971  951  912  853  777  702
     7.5-180.0 180.0   5.0 450.0                            LAT/LON1/LON2/DLON/H
  627  561  542  549  546  521  505  525  578  625  633  602  553  504  459  418
  383  357  335  315  302  306  324  340  334  303  262  226  200  182  170  171
  188  222  267  312  353  389  425  467  515  560  596  624  656  699  752  804
  848  876  877  851  809  779  779  799  817  821  822  839  869  891  893  885
  887  905  923  928  914  879  816  724  627
     5.0-180.0 180.0   5.0 450.0                            LAT/LON1/LON2/DLON/H
  584  498  464  460  453  434  432  476  555  626  652  631  586  539  492  445
  403  368  338  311  294  294  309  320  311  280  242  211  189  171  159  159
  177  212  258  305  348  386  426  473  524  569  599  617  637  670  719  774
  824  862  877  868  844  829  833  847  850  840  835  856  894  923  924  909
  901  906  915  913  897  862  797  697  584
     2.5-180.0 180.0   5.0 450.0                            LAT/LON1/LON2/DLON/H
  584  491  446  433  419  399  402  457  550  631  663  646  605  560  514  465
  417  375  339  308  286  281  292  300  290  262  230  206  187  170  155  153
  170  205  251  298  342  383  424  472  522  564  588  596  606  632  679  737
  796  848  886  906  916  928  946  957  948  922  907  925  965  995  994  972
  953  945  939  924  900  864  800  701  584
