ionex_files/alger/COD0OPSFIN_20231100000_01D_01H_GIM.INX
     1.0            IONOSPHERE MAPS     GNSS                IONEX VERSION / TYPE
ADDNEQ2 V5.5        AIUB                24-APR-23 21:29     PGM / RUN BY / DATE 
CODE'S GLOBAL IONOSPHERE MAPS FOR DAY 110, 2023             COMMENT             
Global ionosphere maps (GIM) are generated on a daily basis DESCRIPTION         
at CODE using data from about 300 GNSS sites of the IGS and DESCRIPTION         
other institutions. The vertical total electron content     DESCRIPTION         
(VTEC) is modeled in a solar-geomagnetic reference frame    DESCRIPTION         
using a spherical harmonics expansion up to degree and      DESCRIPTION         
order 15. Piece-wise linear functions are used for          DESCRIPTION         
representation in the time domain. The time spacing of      DESCRIPTION         
their vertices is 1 hour, conforming with the epochs of the DESCRIPTION         
VTEC maps.                                                  DESCRIPTION         
To convert line-of-sight TEC into vertical TEC, a modified  DESCRIPTION         
single-layer model mapping function approximating the JPL   DESCRIPTION         
extended slab model mapping function is adopted. The        DESCRIPTION         
mapping function is evaluated at geodetic satellite         DESCRIPTION         
elevation angles. For the computation of the ionospheric    DESCRIPTION         
pierce points, a spherical layer with a radius of 6821 km   DESCRIPTION         
is assumed, implying geocentric, not geodetic IONEX         DESCRIPTION         
latitudes.                                                  DESCRIPTION         
Instrumental biases with respect to each involved GNSS code DESCRIPTION         
observable are estimated as constant values for each        DESCRIPTION         
day. They are modeled with one set of bias parameters for   DESCRIPTION         
each satellite and each station in case of GPS and for each DESCRIPTION         
satellite-station link in case of GLONASS. The code bias    DESCRIPTION         
datum is defined by zero-mean conditions imposed on the     DESCRIPTION         
satellite bias estimates. In this file, just GPS C1W-C2W    DESCRIPTION         
satellite and station bias values are included. The         DESCRIPTION         
complete set of GNSS code bias results is provided in an    DESCRIPTION         
additional Bias-SINEX file as pseudo-absolute values        DESCRIPTION         
specific to each observable.                                DESCRIPTION         
Note: These GIM results correspond to the results for the   DESCRIPTION         
middle day of a 3-day combination analysis solving for 73   DESCRIPTION         
times 256, or 18688 VTEC parameters and 3 daily sets of     DESCRIPTION         
GNSS code bias parameters.                                  DESCRIPTION         
Contact address: code(at)aiub.unibe.ch                      DESCRIPTION         
Data archive:    ftp.aiub.unibe.ch/CODE/                    DESCRIPTION         
                 www.aiub.unibe.ch/download/CODE/           DESCRIPTION         
  2023     4    20     0     0     0                        EPOCH OF FIRST MAP  
  2023     4    21     0     0     0                        EPOCH OF LAST MAP   
  3600                                                      INTERVAL            
[...]
bako barh bjfs bndy boav bogo bogt bor1 braz brft brst brux COMMENT             
bshm cags cas1 ccj2 cedu chpg chpi chti chur cnmr coco cord COMMENT             
cpvg cpxf crar cro1 daej darw dav1 dhlg drao dubo ebre faa1 COMMENT             
flin flrs frdn ftna func ganp glps glsv gode godz gol2 gold COMMENT             
gope gras graz guam guug harb hers hert hlfx hnpt hob2 hofn COMMENT             
holb hyde iddr ineg invk iqal irkj isba jog2 joz2 joze kerg COMMENT             
kir0 kiri kiru kit3 kokb kokv kouc koug kour krgg lama laut COMMENT             
lmmf lpal lpgs m0se mac1 madr mal2 mana mas1 mat1 mate maw1 COMMENT             
mcm4 mdo1 mdvj medi mets mgue mizu mnls mobs morp mqzg mro1 COMMENT             
mtka nano nico nist nium nklg nlib nnor not1 nrc1 nrmd ntus COMMENT             
nya1 nyal ohi2 onsa opmt ous2 pado park pdel penc pert pie1 COMMENT             
pimo pohn pol2 polv pots pove prds ptag ptbb ptvl qaq1 quin COMMENT             
rabt ramo reun reyk rgdg rio2 riop salu samo sant savo sch2 COMMENT             
scor scrz sctb seyg sfer shao sofi spt0 ssia sthl stjo stk2 COMMENT             
str2 sutm suwn sydn syog tabv tash thtg thti thu2 tid1 tidb COMMENT             
tlse tn22 tong tow2 tro1 tsea tskb tuva twtf txes uclu ufpr COMMENT             
ulab unb3 unbj unsa urum usn7 usud vald vill voim vtsp wab1 COMMENT             
wab2 wark wgtn whit will wind wsrt wtza wtzl wtzr wtzs wuhn COMMENT             
xmis yar2 yar3 yarr yell ykro zamb zeck zim2 zim3 zimm      COMMENT             
                                                            END OF HEADER       
[from data line 7293]
    18                                                      START OF TEC MAP    
  2023     4    20    17     0     0                        EPOCH OF CURRENT MAP
    87.5-180.0 180.0   5.0 450.0                            LAT/LON1/LON2/DLON/H
  235  237  240  242  244  246  248  250  252  253  255  256  257  257  258  258
  258  258  257  256  255  254  252  250  248  246  244  242  239  237  234  231
  228  226  223  220  218  215  213  211  209  207  205  204  202  201  200  200
  200  199  200  200  200  201  202  203  204  205  207  208  210  212  214  216
  218  220  222  224  226  228  231  233  235
    85.0-180.0 180.0   5.0 450.0                            LAT/LON1/LON2/DLON/H
  231  235  240  244  248  252  257  261  265  268  271  274  276  278  279  280
  280  279  278  276  274  272  269  266  262  258  254  250  245  241  236  231
  226  221  216  211  206  202  197  193  189  186  183  180  178  177  176  176
  176  176  177  178  180  181  183  185  188  190  192  195  197  199  202  204
  207  209  212  215  218  221  224  228  231
    82.5-180.0 180.0   5.0 450.0                            LAT/LON1/LON2/DLON/H
  218  222  228  233  240  246  253  260  266  272  278  282  286  289  291  292
  292  291  289  287  284  280  276  272  268  263  259  254  249  243  238  232
  226  220  213  207  201  195  189  183  178  174  170  167  165  164  163  163
  165  166  168  171  174  177  180  183  186  188  190  192  194  196  197  198
  199  200  202  203  205  208  210  214  218
    80.0-180.0 180.0   5.0 450.0                            LAT/LON1/LON2/DLON/H
  198  202  207  214  222  230  240  249  259  268  276  283  288  292  294  295
  294  293  290  287  283  279  275  271  267  263  259  255  251  246  241  236
  230  224  218  211  205  198  191  185  180  175  171  168  167  166  166  168
  171  174  178  182  186  190  194  197  199  201  201  202  201  200  199  198
  196  195  193  192  192  192  193  195  198
    77.5-180.0 180.0   5.0 450.0                            LAT/LON1/LON2/DLON/H
  176  179  184  191  200  210  222  234  247  259  270  279  286  290  293  293
  292  289  286  282  278  274  271  267  265  262  260  257  255  252  248  244
  240  235  230  224  218  212  205  200  194  190  186  184  183  183  185  188
  192  197  203  208  213  217  221  223  223  222  220  217  214  209  205  200
  195  191  187  183  179  177  175  175  176
    75.0-180.0 180.0   5.0 450.0                            LAT/LON1/LON2/DLON/H
  159  161  164  171  180  191  205  220  236  251  264  275  284  289  291  291
  289  285  281  277  273  270  268  266  265  264  263  263  262  261  259  257
  254  250  246  242  237  232  227  223  218  215  212  211  210  211  214  218
  223  229  235  241  247  250  252  252  249  244  238  231  223  215  207  200
  193  187  181  175  170  166  163  160  159
    72.5-180.0 180.0   5.0 450.0                            LAT/LON1/LON2/DLON/H
  151  151  153  159  167  179  194  211  229  246  262  275  285  291  293  292
  289  285  281  277  274  272  271  271  271  272  272  272  272  272  271  270
  268  266  264  261  258  254  251  248  246  243  242  241  241  242  244  248
  253  259  265  271  275  278  277  273  266  257  246  234  222  210  200  192
  184  178  173  169  164  160  157  153  151
    70.0-180.0 180.0   5.0 450.0                            LAT/LON1/LON2/DLON/H
  152  152  152  156  164  175  190  207  227  246  264  279  289  295  297  296
  293  290  286  284  283  282  283  284  285  285  285  285  285  284  283  282
  280  279  277  276  274  273  271  271  270  269  268  267  267  266  267  269
  272  277  282  287  289  289  285  278  266  252  236  220  204  191  180  172
  166  163  161  160  159  158  156  154  152
    67.5-180.0 180.0   5.0 450.0                            LAT/LON1/LON2/DLON/H
  160  159  160  162  167  177  191  208  228  249  268  283  295  301  304  303
  301  299  297  297  298  299  301  302  302  302  300  298  295  293  291  289
  287  286  285  284  283  283  284  285  286  287  287  285  283  279  276  275
  275  276  279  282  283  280  274  262  247  228  209  189  172  157  147  141
  139  140  144  148  153  157  159  160  160
    65.0-180.0 180.0   5.0 450.0                            LAT/LON1/LON2/DLON/H
  168  169  170  171  175  183  195  211  230  251  270  287  299  306  309  310
  310  310  311  313  316  318  320  321  320  317  312  308  303  298  294  291
  289  287  286  285  285  286  288  291  294  296  296  293  288  280  272  265
  260  257  257  257  257  252  244  230  212  192  170  149  131  117  109  105
  107  113  122  132  143  152  160  165  168
    62.5-180.0 180.0   5.0 450.0                            LAT/LON1/LON2/DLON/H
  172  176  178  179  182  188  197  212  230  250  270  287  300  308  313  315
  317  320  324  328  332  335  337  336  333  327  320  313  306  300  295  291
  288  286  284  283  283  284  286  290  294  297  297  293  284  272  257  244
  233  226  222  221  219  213  204  190  172  152  131  111   94   82   75   73
   78   87   99  114  129  143  156  165  172
    60.0-180.0 180.0   5.0 450.0                            LAT/LON1/LON2/DLON/H
  168  176  180  183  185  189  197  209  226  246  265  283  296  306  312  317
  322  327  333  338  343  346  347  345  340  333  324  315  307  300  295  291
  288  285  282  280  279  280  282  287  291  295  295  289  277  260  240  220
  204  193  186  183  180  175  166  154  138  121  103   87   72   62   56   55
   59   68   81   97  114  131  146  158  168
    57.5-180.0 180.0   5.0 450.0                            LAT/LON1/LON2/DLON/H
  157  168  175  180  184  188  194  205  220  239  258  276  290  301  310  317
  324  332  338  344  348  350  350  348  343  335  326  317  309  303  299  295
  291  288  284  281  279  279  281  285  290  293  293  287  272  251  227  202
  182  168  160  155  152  147  140  131  120  108   96   84   73   64   58   55
   56   63   73   86  101  116  131  145  157
    55.0-180.0 180.0   5.0 450.0                            LAT/LON1/LON2/DLON/H
  142  154  166  174  180  185  191  200  215  232  252  269  285  297  307  317
  326  334  341  346  348  350  350  348  345  339  331  323  317  311  307  304
  300  295  291  287  285  284  285  288  293  296  296  288  272  249  222  195
  173  158  150  145  141  137  132  126  121  116  111  105   98   89   81   75
   71   72   77   85   95  105  117  129  142
    52.5-180.0 180.0   5.0 450.0                            LAT/LON1/LON2/DLON/H
  127  141  156  169  178  185  191  200  213  230  248  266  281  295  307  318
  329  337  343  346  347  349  351  352  351  348  343  336  331  326  322  318
  312  307  302  298  295  295  296  298  301  303  302  294  277  253  226  200
  179  165  157  152  148  144  140  138  138  141  143  142  138  130  119  108
   99   94   92   94   97  102  108  116  127
    50.0-180.0 180.0   5.0 450.0                            LAT/LON1/LON2/DLON/H
  118  132  150  167  181  191  198  206  218  233  250  267  282  296  310  323
  334  342  346  347  348  351  357  363  367  367  363  357  351  345  340  334
  327  320  314  311  310  311  312  313  314  313  310  300  284  261  235  212
  194  183  177  172  167  161  158  159  164  173  180  184  182  173  160  145
  132  122  116  112  109  107  107  110  118
    47.5-180.0 180.0   5.0 450.0                            LAT/LON1/LON2/DLON/H
  118  132  151  173  191  203  212  220  230  243  258  273  288  302  316  330
  342  349  352  352  354  360  371  383  392  395  391  383  374  366  359  351
  341  333  327  326  327  330  332  332  330  326  318  306  289  266  243  224
  211  204  200  194  187  180  176  178  187  200  211  217  215  205  191  175
  161  150  142  135  129  122  116  113  118
    45.0-180.0 180.0   5.0 450.0                            LAT/LON1/LON2/DLON/H
  127  139  160  185  206  222  231  239  247  258  271  284  297  310  325  339
  352  359  361  362  366  377  394  412  425  428  421  410  397  386  376  366
  356  346  341  342  347  352  355  354  348  339  326  310  290  268  248  232
  224  220  217  211  201  192  186  189  199  213  225  231  228  218  205  191
  179  171  164  159  152  142  132  126  127
    42.5-180.0 180.0   5.0 450.0                            LAT/LON1/LON2/DLON/H
  142  152  174  200  225  243  254  261  268  277  286  297  308  320  335  350
  363  370  373  375  383  399  422  444  459  460  450  433  417  404  393  383
  373  364  360  362  370  378  381  378  368  353  335  314  290  267  248  236
  230  228  225  217  205  194  187  189  199  211  220  223  219  211  201  193
  187  184  182  179  173  164  152  143  142
    40.0-180.0 180.0   5.0 450.0                            LAT/LON1/LON2/DLON/H
  157  166  187  215  242  262  274  282  288  295  303  311  320  331  346  361
  374  382  387  392  404  425  451  475  488  486  472  451  433  421  414  407
  399  392  389  392  401  409  412  406  392  372  348  321  295  270  251  239
  233  231  226  216  203  190  183  183  190  198  202  201  195  189  185  185
  188  191  194  194  191  182  170  160  157
    37.5-180.0 180.0   5.0 450.0                            LAT/LON1/LON2/DLON/H
  168  176  197  225  253  276  290  299  306  313  319  326  333  344  359  374
  387  396  403  412  428  451  478  500  510  505  487  467  451  445  444  444
  442  437  435  437  443  448  448  440  423  399  370  339  310  283  263  250
  243  237  229  217  203  190  183  181  184  186  183  177  170  167  171  181
  192  201  206  206  202  194  183  172  168
    35.0-180.0 180.0   5.0 450.0                            LAT/LON1/LON2/DLON/H
  173  180  199  228  257  282  300  312  321  329  336  342  349  360  374  389
  402  413  422  434  453  476  500  518  524  516  500  485  478  481  492  502
  506  506  502  499  498  497  492  481  462  436  404  372  341  315  294  279
  267  256  244  230  216  205  198  194  192  186  177  166  159  161  173  191
  208  219  222  219  211  200  187  177  173
    32.5-180.0 180.0   5.0 450.0                            LAT/LON1/LON2/DLON/H
  170  176  195  224  255  283  304  320  334  344  353  360  368  379  393  409
  422  433  445  460  480  501  519  531  533  527  518  513  520  537  561  582
  594  596  589  578  566  554  542  527  507  481  450  418  389  366  346  329
  313  296  279  263  251  242  236  230  222  209  194  180  174  181  199  223
  243  252  249  235  218  201  186  174  170
    30.0-180.0 180.0   5.0 450.0                            LAT/LON1/LON2/DLON/H
  162  168  187  216  249  280  305  326  344  359  371  380  390  402  417  433
  446  459  473  491  510  527  538  543  544  544  547  559  582  615  651  681
  699  701  689  666  640  616  595  577  556  531  502  473  448  430  415  398
  378  355  334  319  309  303  297  288  275  257  239  224  220  230  253  279
  298  300  285  258  228  202  181  167  162
    27.5-180.0 180.0   5.0 450.0                            LAT/LON1/LON2/DLON/H
  155  160  179  208  243  277  306  331  354  373  389  402  414  428  445  462
  476  490  506  526  545  557  561  561  564  574  593  624  663  709  753  789
  808  809  789  754  713  675  646  624  603  578  550  524  506  495  487  474
  452  426  403  388  382  379  373  361  344  323  304  292  290  302  325  349
  363  356  328  286  242  205  177  161  155
    25.0-180.0 180.0   5.0 450.0                            LAT/LON1/LON2/DLON/H
  150  156  174  204  240  276  308  336  362  386  405  421  436  454  474  492
  508  524  544  566  584  592  592  590  597  620  657  704  757  809  855  890
  908  903  876  830  776  727  690  664  641  614  584  559  546  544  546  539
  519  493  470  457  455  455  449  434  414  394  379  371  372  384  402  420
  425  409  369  315  259  212  178  158  150
    22.5-180.0 180.0   5.0 450.0                            LAT/LON1/LON2/DLON/H
  153  157  175  206  243  280  312  341  369  395  418  437  455  476  500  522
  541  560  583  607  626  633  631  631  646  681  733  791  849  900  942  970
  981  971  937  883  821  764  723  693  666  633  596  567  556  563  573  575
  561  538  518  509  511  513  507  492  472  456  447  445  448  456  467  475
  471  447  400  339  276  222  184  161  153
    20.0-180.0 180.0   5.0 450.0                            LAT/LON1/LON2/DLON/H
  161  165  182  212  249  286  317  345  372  399  425  447  468  493  521  548
  572  595  621  649  670  678  678  682  705  750  810  872  927  970 1000 1017
 1020 1004  966  909  844  787  744  712  677  633  583  546  532  542  562  573
  567  550  534  531  536  542  537  522  506  496  496  500  503  505  505  502
  489  460  412  351  289  234  195  171  161
    17.5-180.0 180.0   5.0 450.0                            LAT/LON1/LON2/DLON/H
  174  175  191  220  257  292  321  346  371  399  426  451  475  503  536  569
  598  625  655  687  712  724  728  738  767  817  878  935  978 1007 1023 1028
 1022 1002  964  909  849  796  756  721  678  618  551  499  477  487  512  531
  534  525  517  518  528  536  534  522  512  511  518  527  528  522  510  495
  475  444  401  348  293  245  208  185  174
    15.0-180.0 180.0   5.0 450.0                            LAT/LON1/LON2/DLON/H
  187  186  199  226  262  296  322  344  368  396  425  452  478  509  547  585
  619  650  684  720  749  767  777  793  825  874  927  971  999 1012 1014 1008
  995  973  938  891  841  798  764  727  673  597  511  441  408  412  438  464
  475  475  474  481  494  505  506  500  496  502  516  526  523  508  484  459
  433  404  369  329  288  250  220  199  187
    12.5-180.0 180.0   5.0 450.0                            LAT/LON1/LON2/DLON/H
  197  193  202  227  261  295  321  341  365  394  425  454  482  515  555  597
  636  671  708  747  781  804  820  840  872  914  953  979  990  990  981  969
  953  931  902  866  829  798  771  734  671  580  477  391  345  341  364  393
  412  419  425  436  451  464  469  468  471  482  498  505  496  471  438  404
  375  349  324  299  273  249  228  210  197
    10.0-180.0 180.0   5.0 450.0                            LAT/LON1/LON2/DLON/H
  202  193  198  220  255  290  318  340  364  396  431  462  490  524  565  610
  651  689  727  768  806  834  855  876  904  935  958  967  963  954  941  927
  911  891  868  842  819  801  781  744  676  575  462  366  310  297  315  344
  367  381  392  404  420  433  441  444  451  463  475  476  459  426  386  347
  315  292  275  263  253  242  230  216  202
     7.5-180.0 180.0   5.0 450.0                            LAT/LON1/LON2/DLON/H
  202  188  188  207  244  283  316  342  370  406  445  479  508  540  580  624
  666  704  743  785  826  857  880  901  923  941  948  943  931  919  908  897
  882  864  844  827  815  806  792  757  689  588  475  377  317  298  310  336
  362  380  393  404  416  428  435  440  446  454  458  449  424  385  342  302
  269  246  234  230  231  231  227  217  202
     5.0-180.0 180.0   5.0 450.0                            LAT/LON1/LON2/DLON/H
  197  179  174  192  231  277  317  350  384  425  468  505  534  564  601  643
  682  719  758  800  841  874  897  915  930  938  934  920  905  896  892  885
  871  852  834  820  813  810  801  769  706  614  513  425  368  347  353  376
  402  423  435  443  448  453  457  459  460  459  450  429  397  356  315  276
  243  218  206  205  211  218  220  213  197
     2.5-180.0 180.0   5.0 450.0                            LAT/LON1/LON2/DLON/H
  189  169  162  178  220  273  322  363  404  450  498  537  567  594  627  663
  699  733  770  812  853  886  909  924  933  934  923  907  894  891  892  889
  874  852  830  815  809  808  800  773  720  646  567  499  453  433  436  455
  481  501  512  512  508  503  499  493  484  471  448  417  379  341  304  270
  237  211  194  190  196  205  210  205  189
