ionex_files/alger/COD0OPSFIN_20231100000_01D_01H_GIM.INX
     1.0            IONOSPHERE MAPS     GNSS                IONEX VERSION / TYPE
ADDNEQ2 V5.5        AIUB                24-APR-23 21:29     PGM / RUN BY / DATE 
CODE'S GLOBAL IONOSPHERE MAPS FOR DAY 110, 2023             COMMENT             
Global ionosphere maps (GIM) are generated on a daily basis DESCRIPTION         
at CODE using data from about 300 GNSS sites of the IGS and DESCRIPTION         
other institutions. The vertical total electron content     DESCRIPTION         
(VTEC) is modeled in a solar-geomagnetic reference frame    DESCRIPTION         
using a spherical harmonics expansion up to degree and      DESCRIPTION         
order 15. Piece-wise linear functions are used for          DESCRIPTION         
representation in the time domain. The time spacing of      DESCRIPTION         
their vertices is 1 hour, conforming with the epochs of the DESCRIPTION         
VTEC maps.                                                  DESCRIPTION         
To convert line-of-sight TEC into vertical TEC, a modified  DESCRIPTION         
single-layer model mapping function approximating the JPL   DESCRIPTION         
extended slab model mapping function is adopted. The        DESCRIPTION         
mapping function is evaluated at geodetic satellite         DESCRIPTION         
elevation angles. For the computation of the ionospheric    DESCRIPTION         
pierce points, a spherical layer with a radius of 6821 km   DESCRIPTION         
is assumed, implying geocentric, not geodetic IONEX         DESCRIPTION         
latitudes.                                                  DESCRIPTION         
Instrumental biases with respect to each involved GNSS code DESCRIPTION         
observable are estimated as constant values for each        DESCRIPTION         
day. They are modeled with one set of bias parameters for   DESCRIPTION         
each satellite and each station in case of GPS and for each DESCRIPTION         
satellite-station link in case of GLONASS. The code bias    DESCRIPTION         
datum is defined by zero-mean conditions imposed on the     DESCRIPTION         
satellite bias estimates. In this file, just GPS C1W-C2W    DESCRIPTION         
satellite and station bias values are included. The         DESCRIPTION         
complete set of GNSS code bias results is provided in an    DESCRIPTION         
additional Bias-SINEX file as pseudo-absolute values        DESCRIPTION         
specific to each observable.                                DESCRIPTION         
Note: These GIM results correspond to the results for the   DESCRIPTION         
middle day of a 3-day combination analysis solving for 73   DESCRIPTION         
times 256, or 18688 VTEC parameters and 3 daily sets of     DESCRIPTION         
GNSS code bias parameters.                                  DESCRIPTION         
Contact address: code(at)aiub.unibe.ch                      DESCRIPTION         
Data archive:    ftp.aiub.unibe.ch/CODE/                    DESCRIPTION         
                 www.aiub.unibe.ch/download/CODE/           DESCRIPTION         
  2023     4    20     0     0     0                        EPOCH OF FIRST MAP  
  2023     4    21     0     0     0                        EPOCH OF LAST MAP   
  3600                                                      INTERVAL            
[...]
bako barh bjfs bndy boav bogo bogt bor1 braz brft brst brux COMMENT             
bshm cags cas1 ccj2 cedu chpg chpi chti chur cnmr coco cord COMMENT             
cpvg cpxf crar cro1 daej darw dav1 dhlg drao dubo ebre faa1 COMMENT             
flin flrs frdn ftna func ganp glps glsv gode godz gol2 gold COMMENT             
gope gras graz guam guug harb hers hert hlfx hnpt hob2 hofn COMMENT             
holb hyde iddr ineg invk iqal irkj isba jog2 joz2 joze kerg COMMENT             
kir0 kiri kiru kit3 kokb kokv kouc koug kour krgg lama laut COMMENT             
lmmf lpal lpgs m0se mac1 madr mal2 mana mas1 mat1 mate maw1 COMMENT             
mcm4 mdo1 mdvj medi mets mgue mizu mnls mobs morp mqzg mro1 COMMENT             
mtka nano nico nist nium nklg nlib nnor not1 nrc1 nrmd ntus COMMENT             
nya1 nyal ohi2 onsa opmt ous2 pado park pdel penc pert pie1 COMMENT             
pimo pohn pol2 polv pots pove prds ptag ptbb ptvl qaq1 quin COMMENT             
rabt ramo reun reyk rgdg rio2 riop salu samo sant savo sch2 COMMENT             
scor scrz sctb seyg sfer shao sofi spt0 ssia sthl stjo stk2 COMMENT             
str2 sutm suwn sydn syog tabv tash thtg thti thu2 tid1 tidb COMMENT             
tlse tn22 tong tow2 tro1 tsea tskb tuva twtf txes uclu ufpr COMMENT             
ulab unb3 unbj unsa urum usn7 usud vald vill voim vtsp wab1 COMMENT             
wab2 wark wgtn whit will wind wsrt wtza wtzl wtzr wtzs wuhn COMMENT             
xmis yar2 yar3 yarr yell ykro zamb zeck zim2 zim3 zimm      COMMENT             
                                                            END OF HEADER       
     1                                                      START OF TEC MAP    
  2023     4    20     0     0     0                        EPOCH OF CURRENT MAP
    87.5-180.0 180.0   5.0 450.0                            LAT/LON1/LON2/DLON/H
  210  210  211  211  212  212  212  212  213  213  212  212  212  211  211  210
  209  207  206  204  203  201  199  197  195  193  191  189  187  186  184  183
  182  181  180  179  179  179  178  179  179  179  180  181  181  182  183  184
  185  187  188  189  190  191  193  194  195  196  198  199  200  201  202  203
  204  205  206  206  207  208  208  209  210
    85.0-180.0 180.0   5.0 450.0                            LAT/LON1/LON2/DLON/H
  204  205  206  207  208  210  211  213  214  215  217  218  218  219  218  218
  216  214  212  208  205  200  196  191  186  181  176  172  167  164  160  157
  155  153  152  151  150  151  151  152  153  155  156  158  160  162  164  166
  168  170  172  174  176  179  180  182  184  186  188  190  191  193  194  196
  197  198  199  200  201  202  203  204  204
    82.5-180.0 180.0   5.0 450.0                            LAT/LON1/LON2/DLON/H
  188  189  189  190  192  194  197  201  204  209  213  217  220  223  225  225
  225  223  219  214  208  201  194  185  177  168  160  152  145  139  134  130
  127  124  123  123  123  125  126  128  130  133  135  138  141  143  146  148
  151  153  155  157  159  161  163  165  167  169  171  173  175  177  179  181
  182  184  185  186  187  187  188  188  188
    80.0-180.0 180.0   5.0 450.0                            LAT/LON1/LON2/DLON/H
  169  168  167  167  168  171  174  180  186  194  202  210  218  224  229  232
  233  232  228  222  214  204  193  181  169  157  145  135  126  118  112  107
  104  102  102  103  104  106  109  112  115  118  120  123  126  128  131  133
  135  136  138  140  141  142  144  145  147  148  150  152  154  156  158  161
  163  165  168  169  170  171  171  170  169
    77.5-180.0 180.0   5.0 450.0                            LAT/LON1/LON2/DLON/H
  156  152  149  146  145  146  150  156  165  176  188  201  213  223  232  238
  240  240  236  229  219  208  194  179  164  150  136  124  113  105   98   94
   92   91   92   93   95   98  101  104  107  109  112  114  116  118  119  121
  122  123  123  124  125  125  125  126  126  127  128  129  131  133  136  140
  144  148  152  156  158  160  160  158  156
    75.0-180.0 180.0   5.0 450.0                            LAT/LON1/LON2/DLON/H
  156  150  143  136  132  130  132  138  147  160  176  191  207  220  231  239
  243  243  240  233  223  210  195  179  163  147  133  120  110  101   96   92
   91   91   92   94   96   99  101  103  105  106  107  109  110  110  111  112
  112  113  113  113  113  113  113  112  111  111  110  110  111  113  117  121
  127  134  142  149  155  159  161  160  156
    72.5-180.0 180.0   5.0 450.0                            LAT/LON1/LON2/DLON/H
  171  163  152  141  131  125  124  128  138  151  168  185  202  216  227  235
  239  240  237  230  221  209  196  180  165  150  136  124  114  107  102  100
   99  100  101  102  103  104  104  104  104  104  104  104  104  105  105  106
  107  108  108  109  109  109  108  107  106  104  102  100   99  100  103  108
  116  126  138  150  161  170  175  175  171
    70.0-180.0 180.0   5.0 450.0                            LAT/LON1/LON2/DLON/H
  198  189  175  159  144  133  127  129  137  151  166  183  198  210  219  225
  228  228  226  222  215  206  194  182  169  156  144  133  125  119  115  113
  112  112  112  111  110  108  106  104  102  101  100   99   99  100  101  103
  104  106  108  110  112  112  112  112  110  107  104  100   97   96   97  102
  111  123  139  156  173  188  198  201  198
    67.5-180.0 180.0   5.0 450.0                            LAT/LON1/LON2/DLON/H
  228  219  203  183  163  148  139  138  145  156  171  184  195  203  208  210
  211  211  210  208  205  200  193  184  174  164  154  145  138  133  129  127
  125  123  121  118  114  110  105  101   98   95   94   94   94   96   98  101
  104  108  112  116  119  121  123  123  122  119  115  110  105  102  100  103
  111  124  142  164  186  206  221  229  228
    65.0-180.0 180.0   5.0 450.0                            LAT/LON1/LON2/DLON/H
  251  244  227  205  182  163  152  150  155  165  177  187  193  195  195  193
  192  192  193  195  196  195  192  188  181  174  166  159  152  147  143  139
  135  131  126  120  114  107  101   96   92   90   89   89   90   93   96  100
  105  110  116  122  127  131  135  136  137  135  132  127  121  115  112  112
  117  129  147  169  194  217  237  249  251
    62.5-180.0 180.0   5.0 450.0                            LAT/LON1/LON2/DLON/H
  260  255  240  218  194  174  161  158  163  173  183  189  190  187  182  178
  176  177  181  186  191  194  195  193  190  185  180  173  167  161  154  148
  142  135  127  119  111  103   97   92   89   87   87   88   90   92   95  100
  105  112  119  127  133  138  143  146  149  150  149  146  140  134  129  126
  128  136  151  171  194  218  240  255  260
    60.0-180.0 180.0   5.0 450.0                            LAT/LON1/LON2/DLON/H
  253  251  239  220  197  177  164  161  167  176  184  188  186  180  172  167
  166  170  177  185  192  198  202  203  202  199  195  189  182  175  166  157
  148  137  127  117  108  101   95   91   90   91   92   93   94   95   97  100
  106  112  120  128  134  140  145  150  155  159  162  162  159  154  149  144
  143  147  156  170  188  209  229  244  253
    57.5-180.0 180.0   5.0 450.0                            LAT/LON1/LON2/DLON/H
  234  237  230  214  194  176  164  161  166  175  183  185  181  174  167  164
  166  173  183  193  202  209  213  216  218  217  214  208  201  191  180  167
  154  141  129  117  108  102   98   97   98  101  103  104  104  102  102  102
  106  112  119  126  132  137  141  147  153  161  168  172  174  172  168  164
  162  162  165  171  181  194  209  224  234
    55.0-180.0 180.0   5.0 450.0                            LAT/LON1/LON2/DLON/H
  215  222  221  211  195  178  167  163  167  174  180  181  178  172  168  168
  175  186  199  210  219  225  230  234  237  238  236  230  222  210  196  180
  164  148  133  121  113  108  106  108  112  116  120  120  118  113  109  107
  108  113  119  125  130  132  135  140  147  157  168  177  183  185  185  183
  182  180  179  178  179  183  192  203  215
    52.5-180.0 180.0   5.0 450.0                            LAT/LON1/LON2/DLON/H
  206  217  222  218  207  192  180  175  175  178  181  181  178  175  176  181
  193  207  221  233  241  246  251  256  261  262  260  254  244  230  214  195
  175  156  140  128  120  117  118  122  128  134  139  139  135  127  119  114
  113  116  122  127  130  131  132  134  141  152  165  178  188  194  198  201
  202  202  200  194  188  184  185  193  206
    50.0-180.0 180.0   5.0 450.0                            LAT/LON1/LON2/DLON/H
  216  231  242  244  237  224  211  201  195  193  191  189  187  187  191  201
  215  232  247  258  265  271  276  282  286  287  283  275  263  247  229  209
  187  166  148  136  129  127  130  135  143  151  157  158  152  143  133  125
  123  125  131  136  138  138  136  137  142  153  166  180  192  201  209  216
  223  227  227  221  211  201  198  203  216
    47.5-180.0 180.0   5.0 450.0                            LAT/LON1/LON2/DLON/H
  249  267  282  288  283  272  257  243  231  221  213  207  205  207  213  225
  240  257  272  284  292  298  303  308  311  308  300  288  274  257  239  218
  195  173  155  143  138  137  140  146  155  165  172  174  170  160  149  140
  137  140  146  152  155  154  151  150  154  162  174  187  199  209  219  230
  243  253  259  257  248  238  232  236  249
    45.0-180.0 180.0   5.0 450.0                            LAT/LON1/LON2/DLON/H
  303  321  336  343  341  330  314  297  278  261  246  238  234  236  242  251
  264  280  296  310  320  327  332  335  332  322  307  290  273  257  240  220
  198  177  160  150  146  146  149  155  164  174  184  188  186  177  167  158
  155  158  165  173  177  178  176  175  177  184  193  203  212  222  233  247
  263  280  293  298  295  289  285  290  303
    42.5-180.0 180.0   5.0 450.0                            LAT/LON1/LON2/DLON/H
  370  385  397  402  398  388  372  353  331  308  289  277  272  273  276  280
  289  303  320  338  351  359  362  358  346  327  303  280  261  247  233  216
  196  178  164  157  155  156  159  163  171  182  193  200  201  195  186  178
  175  177  185  194  201  205  206  207  210  214  220  227  235  243  254  268
  287  308  327  341  347  349  351  357  370
    40.0-180.0 180.0   5.0 450.0                            LAT/LON1/LON2/DLON/H
  442  452  457  455  447  436  422  405  381  356  334  320  315  314  312  310
  313  326  347  368  385  392  389  376  353  322  289  261  243  232  223  211
  195  180  171  168  169  171  172  174  181  191  203  212  215  212  204  197
  192  193  200  210  221  230  236  241  245  249  254  259  265  274  285  299
  317  338  361  382  399  410  420  430  442
    37.5-180.0 180.0   5.0 450.0                            LAT/LON1/LON2/DLON/H
  514  518  514  502  487  473  461  446  425  400  377  364  359  356  349  341
  339  352  376  403  420  423  411  386  351  311  272  243  228  222  219  211
  199  188  184  186  190  191  191  190  194  203  215  224  229  227  220  211
  204  202  207  217  231  245  259  269  278  283  288  294  303  314  327  340
  354  372  395  421  446  468  487  502  514
    35.0-180.0 180.0   5.0 450.0                            LAT/LON1/LON2/DLON/H
  584  585  572  549  524  506  494  482  464  440  418  405  401  396  386  372
  367  380  409  439  454  448  424  388  345  300  262  237  227  229  230  225
  216  207  206  212  217  219  215  212  212  219  229  237  241  239  231  220
  209  203  203  212  228  249  269  288  302  311  319  329  343  360  376  390
  400  412  431  457  489  520  549  571  584
    32.5-180.0 180.0   5.0 450.0                            LAT/LON1/LON2/DLON/H
  658  661  643  611  576  549  534  523  506  482  459  445  440  435  421  403
  396  411  443  472  481  463  427  383  339  299  268  252  251  258  262  257
  246  238  238  245  250  249  243  236  233  236  243  248  249  245  236  222
  207  194  190  197  214  240  268  294  315  331  344  360  381  407  430  445
  451  456  469  494  529  568  606  638  658
    30.0-180.0 180.0   5.0 450.0                            LAT/LON1/LON2/DLON/H
  740  752  739  703  659  623  600  584  564  536  507  489  480  472  455  435
  427  442  473  498  496  465  420  375  340  314  298  295  302  311  313  304
  289  278  276  280  282  277  267  257  252  252  255  256  253  246  233  217
  197  180  171  175  193  222  256  291  320  343  363  386  416  451  481  499
  503  502  509  531  568  614  663  707  740
    27.5-180.0 180.0   5.0 450.0                            LAT/LON1/LON2/DLON/H
  832  863  864  834  787  740  705  679  649  611  572  543  527  513  492  468
  458  471  497  512  497  455  407  372  354  350  354  363  374  381  376  359
  336  320  314  312  308  297  283  271  264  262  261  258  251  240  226  207
  185  165  152  153  170  201  240  282  320  351  379  409  446  488  525  546
  550  546  550  571  609  660  719  780  832
    25.0-180.0 180.0   5.0 450.0                            LAT/LON1/LON2/DLON/H
  929  988 1014 1000  956  901  853  811  767  714  659  615  585  561  534  505
  490  497  514  516  488  440  397  379  387  407  428  444  453  452  436  409
  379  356  344  335  323  306  288  275  268  264  261  254  244  231  215  196
  173  152  137  136  152  182  224  272  319  359  393  429  471  517  556  580
  585  584  589  611  651  707  776  853  929
    22.5-180.0 180.0   5.0 450.0                            LAT/LON1/LON2/DLON/H
 1019 1110 1168 1180 1147 1090 1030  972  912  843  769  705  658  621  585  548
  525  520  524  512  475  427  397  402  436  477  506  520  520  505  478  441
  406  380  362  346  326  303  283  270  263  260  255  247  235  221  205  186
  165  144  129  127  140  169  213  266  320  368  410  449  491  536  575  599
  608  611  622  649  693  752  828  920 1019
    20.0-180.0 180.0   5.0 450.0                            LAT/LON1/LON2/DLON/H
 1087 1205 1297 1339 1326 1275 1208 1139 1066  982  893  810  745  693  645  599
  564  545  534  510  468  427  415  444  498  547  572  572  554  525  488  448
  413  388  369  348  322  295  273  261  256  253  247  238  226  211  196  179
  161  142  129  126  136  163  207  264  325  381  428  469  509  549  583  606
  618  629  650  683  730  791  869  969 1087
    17.5-180.0 180.0   5.0 450.0                            LAT/LON1/LON2/DLON/H
 1114 1248 1366 1439 1451 1414 1350 1278 1200 1112 1013  918  838  774  715  658
  610  576  550  517  476  447  454  500  560  601  607  583  545  504  463  428
  401  384  368  346  318  289  268  256  251  247  241  231  219  205  191  176
  160  145  133  130  138  162  206  266  333  396  447  488  525  558  585  605
  620  640  671  712  762  820  893  991 1114
    15.0-180.0 180.0   5.0 450.0                            LAT/LON1/LON2/DLON/H
 1091 1222 1352 1447 1487 1471 1421 1357 1288 1206 1111 1013  927  855  789  722
  662  614  577  541  506  490  511  561  611  627  602  550  494  447  412  390
  379  375  368  350  323  295  274  262  254  247  238  228  215  201  187  174
  160  148  138  134  140  163  206  268  340  408  463  505  539  566  587  604
  622  649  689  736  785  837  898  981 1091
    12.5-180.0 180.0   5.0 450.0                            LAT/LON1/LON2/DLON/H
 1022 1128 1248 1354 1416 1426 1398 1355 1306 1245 1167 1080  998  927  858  787
  719  661  618  582  556  551  574  614  637  617  555  478  413  371  352  349
  358  371  376  366  344  318  297  281  267  254  240  227  214  199  184  170
  159  148  140  135  140  161  204  268  343  414  472  516  550  575  593  608
  629  662  707  756  803  845  888  943 1022
    10.0-180.0 180.0   5.0 450.0                            LAT/LON1/LON2/DLON/H
  923  984 1073 1172 1248 1283 1283 1269 1250 1220 1171 1107 1040  979  916  846
  775  713  668  637  618  616  631  645  631  570  478  388  327  303  305  324
  352  379  396  395  380  357  335  312  289  265  245  228  211  194  177  163
  152  143  135  130  134  155  199  265  341  413  472  520  557  585  605  622
  645  681  728  776  818  848  870  890  923
     7.5-180.0 180.0   5.0 450.0                            LAT/LON1/LON2/DLON/H
  823  824  866  941 1021 1076 1103 1118 1133 1140 1126 1092 1049 1004  953  892
  824  764  721  693  677  669  665  646  592  499  392  306  266  267  293  328
  367  403  427  434  424  405  379  348  312  277  248  225  204  184  165  150
  140  131  124  119  124  146  192  258  332  403  463  514  558  595  621  643
  670  707  753  797  833  855  858  843  823
     5.0-180.0 180.0   5.0 450.0                            LAT/LON1/LON2/DLON/H
  752  692  678  719  790  856  903  943  986 1026 1047 1044 1027 1002  968  919
  860  805  766  740  720  699  668  615  531  422  320  259  252  282  324  365
  402  436  461  472  466  447  417  376  328  282  244  215  191  168  148  132
  122  115  108  104  110  135  183  248  320  386  445  500  553  600  638  667
  698  736  777  817  850  869  862  820  752
     2.5-180.0 180.0   5.0 450.0                            LAT/LON1/LON2/DLON/H
  735  625  560  563  616  681  737  790  850  912  958  980  984  979  961  927
  879  832  796  767  737  696  638  560  462  361  287  266  296  349  396  426
  447  467  485  495  491  472  437  388  331  276  231  198  171  147  126  112
  103   96   91   88   96  123  173  238  305  366  421  479  541  600  648  686
  722  759  797  833  867  892  889  836  735
