ionex_files/alger/COD0OPSFIN_20231050000_01D_01H_GIM.INX
     1.0            IONOSPHERE MAPS     GNSS                IONEX VERSION / TYPE
ADDNEQ2 V5.5        AIUB                19-APR-23 21:20     PGM / RUN BY / DATE 
CODE'S GLOBAL IONOSPHERE MAPS FOR DAY 105, 2023             COMMENT             
Global ionosphere maps (GIM) are generated on a daily basis DESCRIPTION         
at CODE using data from about 300 GNSS sites of the IGS and DESCRIPTION         
other institutions. The vertical total electron content     DESCRIPTION         
(VTEC) is modeled in a solar-geomagnetic reference frame    DESCRIPTION         
using a spherical harmonics expansion up to degree and      DESCRIPTION         
order 15. Piece-wise linear functions are used for          DESCRIPTION         
representation in the time domain. The time spacing of      DESCRIPTION         
their vertices is 1 hour, conforming with the epochs of the DESCRIPTION         
VTEC maps.                                                  DESCRIPTION         
To convert line-of-sight TEC into vertical TEC, a modified  DESCRIPTION         
single-layer model mapping function approximating the JPL   DESCRIPTION         
extended slab model mapping function is adopted. The        DESCRIPTION         
mapping function is evaluated at geodetic satellite         DESCRIPTION         
elevation angles. For the computation of the ionospheric    DESCRIPTION         
pierce points, a spherical layer with a radius of 6821 km   DESCRIPTION         
is assumed, implying geocentric, not geodetic IONEX         DESCRIPTION         
latitudes.                                                  DESCRIPTION         
Instrumental biases with respect to each involved GNSS code DESCRIPTION         
observable are estimated as constant values for each        DESCRIPTION         
day. They are modeled with one set of bias parameters for   DESCRIPTION         
each satellite and each station in case of GPS and for each DESCRIPTION         
satellite-station link in case of GLONASS. The code bias    DESCRIPTION         
datum is defined by zero-mean conditions imposed on the     DESCRIPTION         
satellite bias estimates. In this file, just GPS C1W-C2W    DESCRIPTION         
satellite and station bias values are included. The         DESCRIPTION         
complete set of GNSS code bias results is provided in an    DESCRIPTION         
additional Bias-SINEX file as pseudo-absolute values        DESCRIPTION         
specific to each observable.                                DESCRIPTION         
Note: These GIM results correspond to the results for the   DESCRIPTION         
middle day of a 3-day combination analysis solving for 73   DESCRIPTION         
times 256, or 18688 VTEC parameters and 3 daily sets of     DESCRIPTION         
GNSS code bias parameters.                                  DESCRIPTION         
Contact address: code(at)aiub.unibe.ch                      DESCRIPTION         
Data archive:    ftp.aiub.unibe.ch/CODE/                    DESCRIPTION         
                 www.aiub.unibe.ch/download/CODE/           DESCRIPTION         
  2023     4    15     0     0     0                        EPOCH OF FIRST MAP  
  2023     4    16     0     0     0                        EPOCH OF LAST MAP   
  3600                                                      INTERVAL            
[...]
brux bshm cags cas1 ccj2 cedu chpg chpi chti chur cnmr coco COMMENT             
cord cpvg cpxf crar cro1 daej darw dav1 dgar dhlg drao dubo COMMENT             
ebre faa1 fair flin flrs frdn ftna func ganp glps glsv gode COMMENT             
godz gol2 gold gope gras graz guam guug harb hers hert hlfx COMMENT             
hnpt hob2 hofn holb hrao hyde iddr ieng iisc ineg invk iqal COMMENT             
irkj isba jog2 joz2 joze kerg kir0 kiri kiru kit3 kokb kokv COMMENT             
kouc koug kour krgg lama laut lmmf lpal lpgs m0se mac1 madr COMMENT             
mal2 mana mas1 mat1 mate maw1 mcil mcm4 mdo1 mdvj medi mets COMMENT             
mgue mizu mkea mnls mobs morp mqzg mro1 mtka nano nico nist COMMENT             
nium nklg nlib nnor not1 nrc1 nrmd ntus nya1 nyal ohi2 onsa COMMENT             
opmt ous2 pado park pdel penc pert pie1 pimo pohn pol2 polv COMMENT             
pots pove prds ptag ptbb ptvl qaq1 quin rabt ramo reun reyk COMMENT             
rgdg rio2 riop salu samo sant savo sch2 scor scrz sctb seyg COMMENT             
sfer shao smst sofi spt0 ssia sthl stjo stk2 str2 suth sutm COMMENT             
suwn sydn syog tabv tash thtg thti thu2 tid1 tidb tlse tn22 COMMENT             
tong tow2 tro1 tsea tskb tuva twtf txes uclu ufpr ulab unb3 COMMENT             
unbj unsa urum usn7 usud vald vill voim vtsp wab1 wab2 wark COMMENT             
wgtn whit will wind wsrt wtza wtzl wtzr wtzs wuhn xmis yar2 COMMENT             
yar3 yarr yell ykro zamb zeck zim2 zim3 zimm                COMMENT             
                                                            END OF HEADER       
[from data line 4719]
    12                                                      START OF TEC MAP    
  2023     4    15    11     0     0                        EPOCH OF CURRENT MAP
    87.5-180.0 180.0   5.0 450.0                            LAT/LON1/LON2/DLON/H
  189  193  197  201  205  208  212  216  219  223  226  229  232  235  237  239
  241  243  244  245  246  247  247  246  246  245  244  242  240  238  235  232
  229  225  221  217  213  208  204  199  194  189  185  180  176  172  168  165
  162  159  156  154  153  151  151  150  150  151  152  153  154  156  158  160
  163  166  169  172  175  179  182  186  189
    85.0-180.0 180.0   5.0 450.0                            LAT/LON1/LON2/DLON/H
  185  191  196  202  208  213  219  225  230  236  241  246  250  255  259  262
  265  268  271  273  274  275  276  276  276  276  274  273  270  267  264  260
  255  249  243  236  228  220  211  203  194  185  176  167  159  151  144  138
  132  128  124  121  119  118  118  118  120  122  124  127  131  134  138  142
  147  151  156  160  165  170  175  180  185
    82.5-180.0 180.0   5.0 450.0                            LAT/LON1/LON2/DLON/H
  188  192  196  201  207  212  218  224  229  235  241  246  250  255  258  262
  265  267  270  272  274  275  277  278  279  280  281  281  281  279  277  275
  271  266  260  252  244  234  224  213  201  190  178  167  156  146  137  130
  123  119  115  114  113  114  116  119  122  127  131  136  141  146  151  155
  159  163  167  170  174  177  180  184  188
    80.0-180.0 180.0   5.0 450.0                            LAT/LON1/LON2/DLON/H
  195  196  197  199  202  206  210  214  219  223  227  231  234  237  239  240
  241  243  244  245  246  248  250  252  255  258  262  265  268  271  273  275
  275  273  271  266  260  252  242  231  219  207  195  183  172  162  153  147
  142  139  138  139  142  146  151  156  163  169  176  182  188  193  197  200
  201  202  202  201  200  198  197  196  195
    77.5-180.0 180.0   5.0 450.0                            LAT/LON1/LON2/DLON/H
  205  200  197  195  195  196  198  200  203  205  207  208  208  208  207  206
  204  203  202  201  201  203  205  208  213  219  225  232  240  248  255  262
  268  273  276  277  275  271  265  257  248  237  226  216  206  199  193  189
  188  189  191  196  202  209  217  225  233  241  248  254  259  263  264  264
  262  258  252  244  236  227  219  211  205
    75.0-180.0 180.0   5.0 450.0                            LAT/LON1/LON2/DLON/H
  212  202  195  190  187  186  186  186  187  187  186  184  182  178  174  170
  165  161  158  155  154  155  157  162  167  175  184  194  206  218  231  244
  257  268  278  286  291  294  293  290  284  277  269  262  256  251  249  249
  252  258  264  272  281  290  299  307  315  322  328  332  335  336  334  330
  323  313  301  287  271  255  239  225  212
    72.5-180.0 180.0   5.0 450.0                            LAT/LON1/LON2/DLON/H
  213  199  190  183  179  178  177  176  174  172  169  165  160  155  148  141
  135  129  124  120  118  119  122  126  133  141  151  163  176  191  208  226
  244  262  280  295  308  317  323  325  325  322  318  314  311  310  312  316
  323  332  341  351  361  369  376  382  387  390  393  394  393  391  386  378
  366  352  334  314  292  270  249  229  213
    70.0-180.0 180.0   5.0 450.0                            LAT/LON1/LON2/DLON/H
  203  189  180  174  172  171  170  169  167  164  159  154  148  141  133  126
  118  112  106  103  102  103  106  111  118  126  135  146  158  174  192  212
  235  259  282  304  324  340  353  361  365  367  366  365  364  366  370  376
  385  396  406  415  423  428  431  431  430  428  426  422  417  411  403  393
  379  362  341  318  293  267  243  221  203
    67.5-180.0 180.0   5.0 450.0                            LAT/LON1/LON2/DLON/H
  184  172  165  163  163  164  165  165  163  159  154  148  142  135  129  122
  116  110  106  103  103  106  111  116  123  129  136  144  155  168  185  206
  231  259  287  315  340  363  380  394  402  407  408  409  409  410  414  421
  429  439  447  453  456  456  452  445  437  429  420  412  403  394  384  372
  357  340  320  297  272  246  222  201  184
    65.0-180.0 180.0   5.0 450.0                            LAT/LON1/LON2/DLON/H
  158  150  147  148  152  157  160  160  158  154  149  144  139  135  131  126
  122  118  116  115  117  122  128  135  141  146  150  154  161  171  186  207
  233  263  294  326  356  382  404  421  433  440  443  443  441  440  442  445
  451  457  461  462  459  452  440  426  412  397  384  372  360  348  337  324
  311  295  278  258  236  213  191  172  158
    62.5-180.0 180.0   5.0 450.0                            LAT/LON1/LON2/DLON/H
  133  127  128  132  139  146  151  152  150  147  142  138  136  134  133  132
  130  128  128  129  133  140  148  156  162  166  167  168  170  177  191  212
  238  270  304  337  369  399  424  444  458  466  469  467  463  458  454  453
  454  455  454  449  439  425  407  388  369  351  335  320  306  293  280  267
  255  243  229  214  197  179  161  145  133
    60.0-180.0 180.0   5.0 450.0                            LAT/LON1/LON2/DLON/H
  116  111  112  118  126  133  138  140  138  134  131  128  128  129  131  133
  134  134  135  138  143  151  161  170  177  179  179  177  178  184  197  218
  247  280  315  349  382  412  438  460  477  486  489  486  478  469  460  452
  447  443  436  426  411  392  370  349  328  311  295  280  265  250  235  222
  210  201  192  182  170  156  141  127  116
    57.5-180.0 180.0   5.0 450.0                            LAT/LON1/LON2/DLON/H
  114  106  105  108  115  121  125  125  123  120  116  115  116  120  124  127
  130  132  133  137  143  152  163  173  180  182  181  179  180  187  202  226
  257  292  328  362  394  423  449  472  491  502  506  503  492  479  465  452
  442  433  422  407  389  368  346  325  307  292  279  266  251  235  217  202
  190  182  177  172  165  154  140  126  114
    55.0-180.0 180.0   5.0 450.0                            LAT/LON1/LON2/DLON/H
  128  116  109  108  110  113  114  113  110  107  104  103  104  108  112  117
  120  123  125  129  136  145  155  165  172  176  176  175  178  188  207  235
  270  307  343  376  406  433  459  482  502  516  522  520  509  493  476  460
  446  434  420  404  384  363  342  325  312  303  294  284  270  252  231  212
  198  190  187  186  182  174  160  144  128
    52.5-180.0 180.0   5.0 450.0                            LAT/LON1/LON2/DLON/H
  156  138  125  118  114  112  110  107  104  100   97   96   96   98  102  106
  109  113  116  120  127  135  144  154  161  165  167  170  177  191  214  246
  284  323  360  392  420  444  468  491  512  529  539  539  530  515  497  479
  464  450  435  418  399  379  362  349  341  337  333  326  313  293  269  246
  229  220  217  217  216  209  195  176  156
    50.0-180.0 180.0   5.0 450.0                            LAT/LON1/LON2/DLON/H
  191  169  151  138  128  121  116  111  107  104  101   99   96   96   96   99
  102  107  112  117  124  131  139  147  154  159  164  170  180  198  225  260
  300  340  377  409  435  457  479  501  524  544  557  561  555  542  525  508
  492  477  463  446  429  411  396  385  381  380  380  375  362  340  314  288
  267  256  253  254  254  247  234  213  191
    47.5-180.0 180.0   5.0 450.0                            LAT/LON1/LON2/DLON/H
  222  200  181  164  151  139  131  125  122  119  117  112  107  102   99   99
  103  109  117  124  132  139  145  151  156  163  169  178  192  212  240  276
  316  357  394  426  452  473  494  516  539  561  577  585  583  573  558  542
  526  511  496  481  464  448  433  423  418  417  416  411  398  377  349  321
  299  285  280  281  281  276  263  245  222
    45.0-180.0 180.0   5.0 450.0                            LAT/LON1/LON2/DLON/H
  242  224  207  191  177  164  153  147  144  143  141  136  127  118  111  109
  113  121  132  143  153  159  163  167  172  178  186  197  212  232  259  292
  331  371  409  443  471  494  515  536  559  583  601  612  612  604  591  575
  559  544  529  514  498  481  464  450  441  435  431  424  411  391  364  336
  313  297  290  288  288  284  274  260  242
    42.5-180.0 180.0   5.0 450.0                            LAT/LON1/LON2/DLON/H
  245  235  225  213  201  188  177  171  169  170  169  163  153  141  131  127
  130  140  155  170  182  188  191  193  196  202  212  223  238  256  279  308
  343  382  422  460  493  519  542  564  588  611  631  642  643  636  623  607
  590  573  558  543  527  508  488  467  449  435  425  415  402  383  360  334
  310  292  281  276  273  269  263  255  245
    40.0-180.0 180.0   5.0 450.0                            LAT/LON1/LON2/DLON/H
  232  232  230  226  218  207  197  192  191  194  195  190  180  167  155  149
  151  162  179  198  212  219  221  221  223  229  239  251  265  279  298  321
  352  390  433  477  516  549  576  601  626  649  668  678  678  670  656  638
  620  602  586  571  555  535  510  481  453  430  412  398  385  369  349  325
  302  281  265  253  245  240  236  233  232
    37.5-180.0 180.0   5.0 450.0                            LAT/LON1/LON2/DLON/H
  210  218  225  228  225  218  210  205  206  210  213  211  203  191  179  171
  172  182  200  220  236  245  246  244  246  252  263  275  288  300  314  334
  362  399  445  494  542  583  616  646  672  696  714  722  720  709  694  675
  656  638  622  607  592  571  542  507  470  437  412  395  381  368  351  330
  306  280  257  236  220  209  204  205  210
    35.0-180.0 180.0   5.0 450.0                            LAT/LON1/LON2/DLON/H
  190  201  213  221  224  220  213  210  211  217  223  224  219  210  199  191
  190  197  213  233  250  259  260  258  259  266  279  292  305  317  330  348
  374  411  459  514  569  619  660  695  725  751  768  774  769  757  741  724
  705  688  674  663  650  629  598  558  515  477  447  427  413  400  385  364
  338  306  273  241  214  195  184  183  190
    32.5-180.0 180.0   5.0 450.0                            LAT/LON1/LON2/DLON/H
  183  191  202  212  217  215  211  208  210  216  224  228  228  223  215  207
  202  204  216  234  251  261  262  260  262  271  286  303  318  333  349  368
  394  431  480  539  600  656  704  745  781  810  827  832  826  814  800  786
  772  760  750  743  733  715  684  643  598  558  527  505  489  476  459  436
  405  367  324  281  241  210  190  182  183
    30.0-180.0 180.0   5.0 450.0                            LAT/LON1/LON2/DLON/H
  198  197  201  207  210  210  206  204  206  213  221  227  230  230  225  217
  208  205  212  227  243  253  255  254  257  269  287  309  331  352  373  396
  424  460  509  569  632  693  746  793  834  866  885  890  884  875  867  861
  855  849  846  844  839  823  794  755  714  677  647  624  605  587  566  539
  503  459  408  354  303  259  227  207  198
    27.5-180.0 180.0   5.0 450.0                            LAT/LON1/LON2/DLON/H
  238  223  215  211  211  209  206  204  205  210  217  224  229  231  230  222
  211  202  203  215  230  241  243  244  249  265  288  316  346  376  405  434
  465  501  547  604  667  728  785  835  879  913  934  940  937  934  935  939
  943  946  950  953  952  940  914  880  844  813  786  761  737  712  685  653
  614  566  511  451  391  337  294  261  238
    25.0-180.0 180.0   5.0 450.0                            LAT/LON1/LON2/DLON/H
  297  267  245  230  222  217  213  210  210  213  218  222  226  230  230  224
  210  197  194  202  217  228  233  235  244  264  294  329  368  407  445  481
  514  548  590  643  702  762  818  868  912  947  969  976  977  981  992 1008
 1022 1033 1043 1050 1052 1042 1020  991  962  937  912  884  853  820  787  752
  711  664  610  550  488  429  377  333  297
    22.5-180.0 180.0   5.0 450.0                            LAT/LON1/LON2/DLON/H
  367  325  289  262  245  236  229  225  223  223  223  222  223  226  227  222
  208  192  185  192  206  219  225  231  243  269  306  349  396  444  491  531
  566  598  636  683  738  795  847  893  934  966  985  993  997 1008 1029 1054
 1076 1092 1104 1114 1117 1108 1088 1064 1042 1021  996  962  922  882  844  809
  772  731  684  630  572  514  460  411  367
    20.0-180.0 180.0   5.0 450.0                            LAT/LON1/LON2/DLON/H
  434  386  341  304  278  263  253  246  241  237  232  225  220  220  221  217
  204  188  179  184  198  212  222  231  249  281  325  376  430  484  535  579
  614  644  678  722  773  825  872  912  946  971  985  991  997 1013 1039 1068
 1092 1107 1119 1129 1132 1124 1106 1085 1067 1048 1019  977  928  881  843  811
  782  751  715  674  626  576  527  481  434
    17.5-180.0 180.0   5.0 450.0                            LAT/LON1/LON2/DLON/H
  490  443  394  350  317  295  280  268  260  252  242  229  217  212  212  209
  198  182  173  177  191  208  221  235  258  297  348  406  465  522  574  617
  651  680  713  755  805  854  896  928  951  967  975  977  982  998 1023 1050
 1068 1077 1084 1092 1095 1088 1072 1054 1037 1016  980  929  871  821  786  762
  743  724  703  676  642  604  567  530  490
    15.0-180.0 180.0   5.0 450.0                            LAT/LON1/LON2/DLON/H
  528  489  442  395  356  327  306  288  275  263  249  230  213  203  201  199
  190  176  166  169  184  202  220  240  269  315  372  435  496  552  601  642
  674  702  735  779  830  880  918  942  956  962  962  959  960  972  991 1007
 1013 1011 1010 1016 1021 1017 1003  986  969  943  899  837  773  724  696  682
  674  666  657  643  624  601  578  556  528
    12.5-180.0 180.0   5.0 450.0                            LAT/LON1/LON2/DLON/H
  549  522  481  435  392  357  328  303  284  269  251  230  208  194  190  189
  182  169  158  159  174  195  217  243  280  331  394  460  520  572  616  652
  681  710  745  792  847  899  937  957  964  962  955  947  943  946  954  954
  943  928  920  924  933  934  924  909  890  859  806  736  669  625  607  603
  603  602  599  594  586  576  568  562  549
    10.0-180.0 180.0   5.0 450.0                            LAT/LON1/LON2/DLON/H
  560  545  512  468  423  382  345  312  287  267  249  226  202  185  180  179
  174  161  149  148  161  185  213  246  289  345  412  478  536  581  618  649
  676  705  743  793  853  909  950  971  975  971  961  949  939  933  926  910
  882  853  840  846  861  869  864  851  831  795  735  661  597  560  553  557
  560  558  554  551  548  547  551  558  560
     7.5-180.0 180.0   5.0 450.0                            LAT/LON1/LON2/DLON/H
  567  561  535  495  449  404  359  318  285  262  243  220  197  179  172  171
  167  154  140  136  149  176  210  249  298  357  425  490  543  582  611  637
  663  692  730  782  845  906  953  979  988  986  977  965  952  937  918  887
  846  810  795  806  829  844  845  833  812  773  712  639  580  554  556  565
  564  552  539  530  527  529  539  555  567
     5.0-180.0 180.0   5.0 450.0                            LAT/LON1/LON2/DLON/H
  577  576  554  516  471  422  372  323  283  256  236  216  193  174  166  165
  160  147  132  126  139  169  209  255  307  367  433  495  543  575  599  621
  645  674  710  760  823  888  943  979  997 1003 1001  992  977  958  931  892
  846  809  798  816  846  868  871  861  839  801  742  676  627  612  621  628
  617  589  561  541  532  532  543  561  577
     2.5-180.0 180.0   5.0 450.0                            LAT/LON1/LON2/DLON/H
  591  590  569  533  489  440  385  331  285  254  233  213  191  172  162  160
  155  142  125  119  133  168  213  263  317  376  438  495  537  564  584  604
  628  654  686  729  788  856  918  965  996 1014 1021 1017 1005  985  958  921
  880  850  847  873  908  931  933  920  898  863  812  756  720  715  728  730
  704  657  611  578  561  556  563  578  591
