ionex_files/alger/COD0OPSFIN_20231060000_01D_01H_GIM.INX
     1.0            IONOSPHERE MAPS     GNSS                IONEX VERSION / TYPE
ADDNEQ2 V5.5        AIUB                20-APR-23 21:09     PGM / RUN BY / DATE 
CODE'S GLOBAL IONOSPHERE MAPS FOR DAY 106, 2023             COMMENT             
Global ionosphere maps (GIM) are generated on a daily basis DESCRIPTION         
at CODE using data from about 300 GNSS sites of the IGS and DESCRIPTION         
other institutions. The vertical total electron content     DESCRIPTION         
(VTEC) is modeled in a solar-geomagnetic reference frame    DESCRIPTION         
using a spherical harmonics expansion up to degree and      DESCRIPTION         
order 15. Piece-wise linear functions are used for          DESCRIPTION         
representation in the time domain. The time spacing of      DESCRIPTION         
their vertices is 1 hour, conforming with the epochs of the DESCRIPTION         
VTEC maps.                                                  DESCRIPTION         
To convert line-of-sight TEC into vertical TEC, a modified  DESCRIPTION         
single-layer model mapping function approximating the JPL   DESCRIPTION         
extended slab model mapping function is adopted. The        DESCRIPTION         
mapping function is evaluated at geodetic satellite         DESCRIPTION         
elevation angles. For the computation of the ionospheric    DESCRIPTION         
pierce points, a spherical layer with a radius of 6821 km   DESCRIPTION         
is assumed, implying geocentric, not geodetic IONEX         DESCRIPTION         
latitudes.                                                  DESCRIPTION         
Instrumental biases with respect to each involved GNSS code DESCRIPTION         
observable are estimated as constant values for each        DESCRIPTION         
day. They are modeled with one set of bias parameters for   DESCRIPTION         
each satellite and each station in case of GPS and for each DESCRIPTION         
satellite-station link in case of GLONASS. The code bias    DESCRIPTION         
datum is defined by zero-mean conditions imposed on the     DESCRIPTION         
satellite bias estimates. In this file, just GPS C1W-C2W    DESCRIPTION         
satellite and station bias values are included. The         DESCRIPTION         
complete set of GNSS code bias results is provided in an    DESCRIPTION         
additional Bias-SINEX file as pseudo-absolute values        DESCRIPTION         
specific to each observable.                                DESCRIPTION         
Note: These GIM results correspond to the results for the   DESCRIPTION         
middle day of a 3-day combination analysis solving for 73   DESCRIPTION         
times 256, or 18688 VTEC parameters and 3 daily sets of     DESCRIPTION         
GNSS code bias parameters.                                  DESCRIPTION         
Contact address: code(at)aiub.unibe.ch                      DESCRIPTION         
Data archive:    ftp.aiub.unibe.ch/CODE/                    DESCRIPTION         
                 www.aiub.unibe.ch/download/CODE/           DESCRIPTION         
  2023     4    16     0     0     0                        EPOCH OF FIRST MAP  
  2023     4    17     0     0     0                        EPOCH OF LAST MAP   
  3600                                                      INTERVAL            
[...]
bshm cags cas1 ccj2 cedu chpg chpi chti chur cnmr coco cord COMMENT             
cpvg cpxf crar cro1 daej darw dav1 dgar dhlg drao dubo ebre COMMENT             
faa1 fair flin flrs frdn ftna func ganp glps glsv gode godz COMMENT             
gol2 gold gope gras graz guam guug harb hers hert hlfx hnpt COMMENT             
hob2 hofn holb hrao hyde iddr ieng iisc ineg invk iqal irkj COMMENT             
isba jog2 joz2 joze kerg kir0 kiri kiru kit3 kokb kokv kouc COMMENT             
koug kour krgg lama laut lmmf lpal lpgs m0se mac1 madr mal2 COMMENT             
mana mas1 mat1 mate maw1 mcil mcm4 mdo1 mdvj medi mets mgue COMMENT             
mizu mkea mnls mobs morp mqzg mro1 mtka nano nico nist nium COMMENT             
nklg nlib nnor not1 nrc1 nrmd ntus nya1 nyal ohi2 onsa opmt COMMENT             
ous2 pado park pdel penc pert pie1 pimo pohn pol2 polv pots COMMENT             
pove prds ptag ptbb ptvl qaq1 quin rabt ramo reun reyk rgdg COMMENT             
rio2 riop salu samo sant savo sch2 scor scrz sctb seyg sfer COMMENT             
shao smst sofi spt0 ssia sthl stjo stk2 str2 suth sutm suwn COMMENT             
sydn syog tabv tash thtg thti thu2 tid1 tidb tlse tn22 tong COMMENT             
tow2 tro1 tsea tskb tuva twtf txes uclu ufpr ulab unb3 unbj COMMENT             
unsa urum usn7 usud vald vill voim vtsp wab1 wab2 wark wgtn COMMENT             
whit will wind wsrt wtza wtzl wtzr wtzs wuhn xmis yar2 yar3 COMMENT             
yarr yell ykro zamb zeck zim2 zim3 zimm                     COMMENT             
                                                            END OF HEADER       
[from data line 5148]
    13                                                      START OF TEC MAP    
  2023     4    16    12     0     0                        EPOCH OF CURRENT MAP
    87.5-180.0 180.0   5.0 450.0                            LAT/LON1/LON2/DLON/H
  163  163  164  165  166  167  168  169  170  172  173  175  176  178  179  181
  182  184  185  186  188  189  190  191  191  192  192  192  192  192  191  191
  190  189  188  186  185  183  181  179  177  175  174  172  170  168  167  165
  164  163  161  161  160  159  159  159  158  158  158  158  159  159  159  159
  160  160  160  160  161  161  162  162  163
    85.0-180.0 180.0   5.0 450.0                            LAT/LON1/LON2/DLON/H
  167  166  166  166  167  167  168  170  171  173  176  178  181  184  187  189
  192  195  198  201  204  206  208  211  212  214  215  216  217  217  217  216
  215  213  211  208  205  202  198  194  190  186  182  178  174  171  168  166
  164  162  161  161  161  161  162  163  164  166  167  168  170  170  171  172
  172  172  171  171  170  169  168  168  167
    82.5-180.0 180.0   5.0 450.0                            LAT/LON1/LON2/DLON/H
  181  178  175  172  171  170  170  171  172  174  176  179  182  186  189  193
  196  200  203  207  211  214  218  221  225  228  231  233  235  237  237  237
  237  235  233  230  227  222  217  212  206  201  195  190  185  181  177  175
  173  173  174  175  178  181  184  189  193  197  201  204  207  209  210  210
  209  207  205  202  198  194  190  185  181
    80.0-180.0 180.0   5.0 450.0                            LAT/LON1/LON2/DLON/H
  203  195  188  182  178  174  172  172  172  174  176  178  181  184  187  190
  193  196  200  203  207  211  215  220  225  230  235  239  243  247  250  252
  253  253  252  250  247  243  238  232  226  220  214  208  203  199  196  195
  195  197  200  205  211  218  226  234  242  250  256  262  266  268  269  268
  265  261  255  248  240  231  222  212  203
    77.5-180.0 180.0   5.0 450.0                            LAT/LON1/LON2/DLON/H
  227  214  202  192  185  179  175  174  173  174  176  178  180  182  183  185
  186  188  190  192  196  200  205  210  217  223  230  237  243  249  254  258
  261  263  264  264  262  260  256  252  247  241  236  231  227  225  224  225
  228  232  239  248  258  269  281  293  304  314  323  329  334  336  335  332
  327  319  309  298  285  271  256  241  227
    75.0-180.0 180.0   5.0 450.0                            LAT/LON1/LON2/DLON/H
  245  228  212  200  190  182  178  176  175  176  177  178  179  180  179  179
  178  177  178  179  182  186  191  198  206  214  223  231  239  246  253  259
  263  267  270  272  273  272  271  269  266  263  260  258  256  256  258  262
  267  275  285  297  310  324  338  352  364  375  384  390  393  393  390  384
  376  365  352  336  319  301  282  263  245
    72.5-180.0 180.0   5.0 450.0                            LAT/LON1/LON2/DLON/H
  250  231  214  200  189  182  178  176  176  178  179  180  181  180  177  175
  172  169  168  168  171  175  182  190  200  209  219  228  237  244  251  257
  262  267  271  274  277  279  280  281  281  282  282  284  286  289  294  300
  308  318  330  342  356  370  384  397  409  417  423  426  425  422  415  406
  395  382  367  350  332  312  291  270  250
    70.0-180.0 180.0   5.0 450.0                            LAT/LON1/LON2/DLON/H
  238  220  204  191  181  175  173  173  175  178  180  182  182  180  177  173
  169  165  163  163  166  172  180  190  201  212  222  232  240  246  252  257
  261  265  269  272  276  280  284  287  291  296  300  305  311  318  326  335
  344  354  365  376  388  400  411  420  427  431  432  429  423  414  403  390
  377  363  348  332  315  297  277  258  238
    67.5-180.0 180.0   5.0 450.0                            LAT/LON1/LON2/DLON/H
  210  195  182  171  165  161  161  164  168  173  178  180  181  180  177  172
  168  165  163  164  168  175  185  196  209  221  232  241  247  252  256  258
  260  263  265  268  272  277  282  288  295  303  312  321  331  341  351  361
  370  379  386  394  401  407  412  416  417  414  408  398  385  370  354  338
  324  310  297  284  271  257  241  225  210
    65.0-180.0 180.0   5.0 450.0                            LAT/LON1/LON2/DLON/H
  169  159  150  144  141  140  143  148  155  162  168  173  175  175  173  170
  167  165  165  167  173  181  193  206  220  233  244  252  257  260  261  262
  262  262  263  264  267  272  278  285  295  306  318  331  344  357  368  378
  385  390  393  394  394  394  392  390  384  376  363  346  326  305  284  266
  250  237  227  219  211  201  191  180  169
    62.5-180.0 180.0   5.0 450.0                            LAT/LON1/LON2/DLON/H
  127  121  117  114  114  116  120  127  136  145  152  158  162  164  164  164
  164  165  167  171  177  187  199  213  228  242  253  261  265  267  268  267
  266  265  264  264  265  268  274  282  292  305  320  335  351  365  377  386
  391  391  388  382  376  368  361  353  343  330  313  291  266  240  215  194
  177  166  158  154  149  145  139  133  127
    60.0-180.0 180.0   5.0 450.0                            LAT/LON1/LON2/DLON/H
   92   90   89   88   89   92   97  104  113  123  131  138  143  146  150  154
  158  162  166  171  178  188  200  215  230  245  256  265  270  272  273  273
  273  272  270  268  268  269  274  281  292  306  321  338  355  370  383  390
  391  387  378  367  354  342  331  321  309  295  276  252  224  195  167  144
  127  116  110  107  105  102   99   95   92
    57.5-180.0 180.0   5.0 450.0                            LAT/LON1/LON2/DLON/H
   74   73   73   74   75   76   79   84   92  101  109  115  120  125  131  139
  148  156  163  169  175  183  194  209  225  241  254  263  270  275  279  282
  284  284  282  280  278  278  281  287  297  310  326  343  360  375  387  393
  392  384  371  355  339  325  313  303  293  281  264  241  214  184  155  130
  112  101   94   91   88   84   80   76   74
    55.0-180.0 180.0   5.0 450.0                            LAT/LON1/LON2/DLON/H
   77   76   76   76   74   71   71   73   78   84   91   96   99  104  112  123
  136  148  158  164  169  175  185  199  216  233  248  260  270  278  286  294
  299  302  302  299  296  295  296  302  310  322  336  352  369  384  395  400
  397  387  372  354  337  323  313  306  299  291  279  260  236  208  179  154
  135  122  114  108  101   94   86   80   77
    52.5-180.0 180.0   5.0 450.0                            LAT/LON1/LON2/DLON/H
   99   97   96   94   89   81   75   73   75   79   83   85   85   88   96  109
  125  141  154  160  164  168  176  190  208  227  244  259  272  284  297  309
  320  326  328  326  322  320  321  325  332  342  355  369  384  397  407  411
  408  397  382  365  350  338  330  325  323  319  312  299  279  254  228  203
  183  169  158  148  137  125  113  103   99
    50.0-180.0 180.0   5.0 450.0                            LAT/LON1/LON2/DLON/H
  132  130  129  126  117  105   94   87   86   87   88   86   83   81   86  100
  119  138  153  160  163  166  173  187  207  228  248  265  280  295  311  329
  344  354  358  357  354  352  352  355  362  370  380  391  404  416  425  428
  424  414  400  386  373  363  356  353  352  351  347  339  324  304  280  257
  237  222  209  196  181  164  149  137  132
    47.5-180.0 180.0   5.0 450.0                            LAT/LON1/LON2/DLON/H
  166  166  167  163  152  137  122  112  109  109  107  101   92   85   87   98
  118  140  157  166  169  172  179  193  215  238  260  278  294  311  330  351
  370  384  391  392  390  388  388  392  397  403  411  420  429  439  445  447
  444  435  423  411  400  391  384  378  375  372  370  364  354  338  317  296
  277  260  246  232  215  197  181  170  166
    45.0-180.0 180.0   5.0 450.0                            LAT/LON1/LON2/DLON/H
  190  195  199  197  187  171  155  144  140  139  136  126  113  100   96  105
  125  148  167  179  183  186  193  209  232  257  279  297  313  330  350  374
  397  414  424  427  427  427  428  431  436  440  446  452  458  464  468  469
  465  457  448  438  428  417  406  394  384  376  371  365  357  345  327  308
  289  272  258  244  228  213  199  191  190
    42.5-180.0 180.0   5.0 450.0                            LAT/LON1/LON2/DLON/H
  200  209  218  220  214  200  185  175  172  172  168  157  140  122  114  119
  137  161  182  196  202  207  215  232  255  279  301  318  332  348  369  395
  421  443  457  464  466  467  469  472  476  479  482  486  489  491  492  491
  486  480  472  464  453  440  422  402  382  366  355  347  339  328  312  294
  275  258  244  231  219  207  199  196  200
    40.0-180.0 180.0   5.0 450.0                            LAT/LON1/LON2/DLON/H
  196  209  221  229  228  219  207  200  198  200  198  187  168  148  136  138
  153  177  200  216  225  231  240  255  277  301  321  336  348  363  385  414
  444  471  490  501  506  509  512  514  517  519  521  522  522  521  519  515
  511  506  500  492  481  463  439  410  381  356  337  325  316  304  288  269
  249  230  215  203  195  189  186  188  196
    37.5-180.0 180.0   5.0 450.0                            LAT/LON1/LON2/DLON/H
  185  198  212  223  228  225  219  214  215  219  219  210  193  174  160  159
  172  194  218  237  248  255  263  276  295  316  333  346  358  374  398  431
  467  499  524  540  549  553  556  557  558  559  561  561  559  555  550  545
  542  539  536  529  517  497  469  434  398  366  342  324  311  297  279  258
  234  212  194  181  174  171  172  176  185
    35.0-180.0 180.0   5.0 450.0                            LAT/LON1/LON2/DLON/H
  178  185  197  209  218  221  220  219  221  226  228  223  211  194  182  179
  190  211  235  256  268  275  281  291  306  322  338  350  363  381  410  449
  492  532  563  583  595  600  601  601  600  601  602  602  599  594  588  585
  584  586  586  582  571  552  523  488  451  416  387  365  346  327  306  281
  254  226  203  186  176  172  172  174  178
    32.5-180.0 180.0   5.0 450.0                            LAT/LON1/LON2/DLON/H
  186  183  187  196  206  213  216  216  218  222  226  225  219  209  200  198
  206  225  249  271  285  291  294  300  309  323  336  350  366  390  426  472
  522  569  606  631  644  649  649  646  643  644  647  648  646  640  635  635
  641  648  654  654  646  631  607  578  546  514  484  456  431  407  381  351
  319  286  256  232  215  206  199  192  186
    30.0-180.0 180.0   5.0 450.0                            LAT/LON1/LON2/DLON/H
  216  199  191  192  200  207  211  212  212  213  217  220  221  218  213  212
  219  236  259  281  296  302  302  304  310  321  335  353  375  406  449  502
  560  613  655  681  696  700  697  692  688  689  694  698  697  694  693  698
  710  725  737  742  740  731  718  699  677  651  622  590  558  526  496  463
  428  391  353  320  294  274  257  237  216
    27.5-180.0 180.0   5.0 450.0                            LAT/LON1/LON2/DLON/H
  270  236  213  204  205  210  212  210  206  205  207  212  218  221  222  223
  228  243  265  288  303  309  307  306  311  322  340  363  393  432  483  543
  606  663  706  733  747  749  745  738  733  735  742  750  753  754  758  770
  789  811  828  839  842  841  839  834  824  805  776  739  699  662  628  595
  560  521  479  439  403  371  340  306  270
    25.0-180.0 180.0   5.0 450.0                            LAT/LON1/LON2/DLON/H
  339  292  254  232  224  222  220  215  207  201  200  205  214  222  227  228
  232  246  267  290  307  312  311  310  316  331  355  386  424  471  528  592
  658  715  756  782  793  795  790  782  777  781  791  802  810  816  826  844
  869  895  916  929  936  942  949  955  954  940  909  867  820  778  744  714
  683  648  606  562  518  476  434  389  339
    22.5-180.0 180.0   5.0 450.0                            LAT/LON1/LON2/DLON/H
  413  357  308  273  254  244  236  227  216  206  201  203  212  222  228  229
  231  243  265  289  307  314  315  317  328  349  381  421  467  520  581  646
  710  764  802  824  833  835  830  823  820  825  837  853  865  877  892  914
  941  967  986  998 1006 1014 1025 1035 1036 1021  986  937  886  842  811  788
  766  739  703  661  615  568  520  469  413
    20.0-180.0 180.0   5.0 450.0                            LAT/LON1/LON2/DLON/H
  476  419  365  321  290  270  256  244  231  218  209  207  213  221  226  225
  226  237  258  284  304  314  319  327  346  376  418  467  520  577  637  699
  759  807  839  856  864  867  865  861  859  866  880  898  915  931  949  971
  995 1015 1027 1034 1038 1043 1050 1055 1051 1028  984  929  875  834  810  797
  787  772  747  713  672  627  580  530  476
    17.5-180.0 180.0   5.0 450.0                            LAT/LON1/LON2/DLON/H
  520  469  415  365  325  296  276  262  249  235  223  216  217  220  221  218
  217  227  249  277  299  313  324  340  367  408  459  517  575  633  690  746
  798  839  865  879  886  891  893  894  895  902  917  936  956  975  993 1012
 1026 1035 1036 1033 1029 1025 1021 1012  993  956  902  841  789  757  744  742
  743  740  730  709  679  642  604  564  520
    15.0-180.0 180.0   5.0 450.0                            LAT/LON1/LON2/DLON/H
  540  501  452  400  352  315  291  276  265  252  238  226  221  219  215  208
  206  215  239  268  293  311  328  353  390  441  501  566  628  684  735  782
  825  859  880  891  899  908  916  921  925  932  946  965  986 1005 1022 1033
 1035 1028 1015 1002  988  972  951  921  881  826  761  699  654  634  634  642
  652  659  661  655  639  617  593  568  540
    12.5-180.0 180.0   5.0 450.0                            LAT/LON1/LON2/DLON/H
  539  514  473  421  369  326  299  284  275  264  249  234  223  215  207  198
  194  204  228  259  287  310  333  366  413  472  540  609  672  724  767  805
  840  867  884  895  906  919  933  943  949  956  967  984 1003 1022 1034 1036
 1024 1001  976  953  931  903  863  811  748  676  603  544  511  507  519  534
  546  556  566  573  573  566  557  550  539
    10.0-180.0 180.0   5.0 450.0                            LAT/LON1/LON2/DLON/H
  526  514  480  430  375  329  299  284  277  268  253  235  220  209  198  187
  183  193  219  252  283  310  340  380  433  499  572  643  705  752  787  816
  843  865  881  893  907  925  943  957  965  970  978  991 1007 1023 1031 1024
 1000  965  932  906  879  842  787  716  634  550  475  424  407  419  441  457
  462  467  478  492  504  510  516  524  526
     7.5-180.0 180.0   5.0 450.0                            LAT/LON1/LON2/DLON/H
  513  507  478  430  374  326  294  279  272  264  249  230  213  200  188  177
  174  185  211  246  281  313  349  395  453  522  597  668  727  768  794  815
  836  855  872  885  902  923  945  961  970  973  977  985  997 1010 1015 1002
  971  932  898  875  851  811  748  665  574  487  416  376  375  401  429  439
  430  420  423  439  457  473  487  503  513
     5.0-180.0 180.0   5.0 450.0                            LAT/LON1/LON2/DLON/H
  508  502  473  426  372  324  290  272  263  254  239  219  202  188  177  168
  165  178  206  243  282  320  361  412  473  542  615  683  737  772  791  805
  821  839  856  872  890  913  936  953  961  963  963  966  974  983  986  972
  942  907  882  870  856  820  757  674  584  503  442  416  428  464  491  489
  460  429  418  428  447  465  482  498  508
     2.5-180.0 180.0   5.0 450.0                            LAT/LON1/LON2/DLON/H
  513  501  469  423  372  325  290  267  254  241  225  205  188  176  166  159
  158  171  201  241  284  328  376  430  491  559  627  690  737  765  778  787
  800  817  834  851  870  892  914  931  938  938  935  934  937  944  947  937
  915  892  884  888  889  864  810  736  660  593  547  532  553  590  611  593
  542  488  459  459  474  489  502  511  513
