ionex_files/alger/COD0OPSFIN_20231080000_01D_01H_GIM.INX
     1.0            IONOSPHERE MAPS     GNSS                IONEX VERSION / TYPE
ADDNEQ2 V5.5        AIUB                22-APR-23 21:32     PGM / RUN BY / DATE 
CODE'S GLOBAL IONOSPHERE MAPS FOR DAY 108, 2023             COMMENT             
Global ionosphere maps (GIM) are generated on a daily basis DESCRIPTION         
at CODE using data from about 300 GNSS sites of the IGS and DESCRIPTION         
other institutions. The vertical total electron content     DESCRIPTION         
(VTEC) is modeled in a solar-geomagnetic reference frame    DESCRIPTION         
using a spherical harmonics expansion up to degree and      DESCRIPTION         
order 15. Piece-wise linear functions are used for          DESCRIPTION         
representation in the time domain. The time spacing of      DESCRIPTION         
their vertices is 1 hour, conforming with the epochs of the DESCRIPTION         
VTEC maps.                                                  DESCRIPTION         
To convert line-of-sight TEC into vertical TEC, a modified  DESCRIPTION         
single-layer model mapping function approximating the JPL   DESCRIPTION         
extended slab model mapping function is adopted. The        DESCRIPTION         
mapping function is evaluated at geodetic satellite         DESCRIPTION         
elevation angles. For the computation of the ionospheric    DESCRIPTION         
pierce points, a spherical layer with a radius of 6821 km   DESCRIPTION         
is assumed, implying geocentric, not geodetic IONEX         DESCRIPTION         
latitudes.                                                  DESCRIPTION         
Instrumental biases with respect to each involved GNSS code DESCRIPTION         
observable are estimated as constant values for each        DESCRIPTION         
day. They are modeled with one set of bias parameters for   DESCRIPTION         
each satellite and each station in case of GPS and for each DESCRIPTION         
satellite-station link in case of GLONASS. The code bias    DESCRIPTION         
datum is defined by zero-mean conditions imposed on the     DESCRIPTION         
satellite bias estimates. In this file, just GPS C1W-C2W    DESCRIPTION         
satellite and station bias values are included. The         DESCRIPTION         
complete set of GNSS code bias results is provided in an    DESCRIPTION         
additional Bias-SINEX file as pseudo-absolute values        DESCRIPTION         
specific to each observable.                                DESCRIPTION         
Note: These GIM results correspond to the results for the   DESCRIPTION         
middle day of a 3-day combination analysis solving for 73   DESCRIPTION         
times 256, or 18688 VTEC parameters and 3 daily sets of     DESCRIPTION         
GNSS code bias parameters.                                  DESCRIPTION         
Contact address: code(at)aiub.unibe.ch                      DESCRIPTION         
Data archive:    ftp.aiub.unibe.ch/CODE/                    DESCRIPTION         
                 www.aiub.unibe.ch/download/CODE/           DESCRIPTION         
  2023     4    18     0     0     0                        EPOCH OF FIRST MAP  
  2023     4    19     0     0     0                        EPOCH OF LAST MAP   
  3600                                                      INTERVAL            
[...]
brux bshm cags cas1 ccj2 cedu chpg chpi chti chur cnmr cord COMMENT             
cpvg cpxf crar cro1 daej darw dav1 dgar dhlg drao dubo ebre COMMENT             
faa1 fair flin flrs frdn ftna func ganp glps glsv gode godz COMMENT             
gol2 gold gope gras graz guam guug harb hers hert hlfx hnpt COMMENT             
hob2 hofn holb hrao hyde iddr ieng iisc ineg invk iqal irkj COMMENT             
isba jog2 joz2 joze kerg kir0 kiri kiru kit3 kokb kokv kouc COMMENT             
koug kour krgg lae1 lama laut lmmf lpal lpgs m0se mac1 madr COMMENT             
mal2 mana mas1 mat1 mate maw1 mcm4 mdo1 mdvj medi mets mgue COMMENT             
mizu mnls mobs morp mqzg mro1 mtka nano nico nist nium nklg COMMENT             
nlib nnor not1 nrc1 nrmd ntus nya1 nyal ohi2 onsa opmt ous2 COMMENT             
pado park pdel penc pert pie1 pimo pohn pol2 polv pots pove COMMENT             
prds ptag ptbb ptvl qaq1 quin rabt ramo reun reyk rgdg rio2 COMMENT             
riop salu samo sant savo sch2 scor scrz sctb seyg sfer shao COMMENT             
sofi spt0 ssia sthl stjo stk2 str2 suth sutm suwn sydn syog COMMENT             
tabv tash thtg thti thu2 tid1 tidb tlse tn22 tong tow2 tro1 COMMENT             
tsea tskb tuva txes uclu ufpr ulab unb3 unbj unsa urum usn7 COMMENT             
usud vald vill voim vtsp wab1 wab2 wark wgtn whit will wind COMMENT             
wsrt wtza wtzl wtzr wtzs wuhn xmis yar2 yar3 yarr yell ykro COMMENT             
zamb zeck zim2 zim3 zimm                                    COMMENT             
                                                            END OF HEADER       
[from data line 3861]
    10                                                      START OF TEC MAP    
  2023     4    18     9     0     0                        EPOCH OF CURRENT MAP
    87.5-180.0 180.0   5.0 450.0                            LAT/LON1/LON2/DLON/H
  192  194  195  197  199  201  204  206  209  212  214  217  220  223  226  229
  231  233  236  238  239  241  242  243  244  244  244  245  244  244  243  243
  242  241  240  239  237  236  234  233  231  229  228  226  224  222  220  218
  216  214  212  210  208  206  205  203  201  199  198  196  195  194  193  192
  191  190  190  190  190  190  191  191  192
    85.0-180.0 180.0   5.0 450.0                            LAT/LON1/LON2/DLON/H
  171  172  174  176  179  183  187  192  197  203  208  214  220  226  232  237
  242  246  250  254  257  259  261  262  262  262  262  261  260  259  257  256
  254  252  250  249  247  245  243  241  239  237  235  233  231  229  227  224
  222  219  217  214  211  208  205  202  199  196  194  191  188  185  183  180
  178  176  174  173  172  171  170  171  171
    82.5-180.0 180.0   5.0 450.0                            LAT/LON1/LON2/DLON/H
  162  160  160  161  163  166  171  176  182  190  197  205  214  222  230  237
  244  250  255  259  262  264  265  265  264  263  262  260  258  256  254  252
  250  248  247  246  245  244  244  243  243  243  242  242  242  241  240  239
  238  236  234  232  229  227  224  220  217  214  210  207  204  200  197  193
  189  185  181  177  173  170  167  164  162
    80.0-180.0 180.0   5.0 450.0                            LAT/LON1/LON2/DLON/H
  169  163  158  155  154  154  157  161  167  174  183  191  201  210  219  227
  235  241  246  250  252  253  252  251  248  246  243  240  237  235  234  233
  233  233  234  235  237  238  241  243  245  248  251  254  256  259  261  263
  264  265  264  264  262  261  258  256  253  250  247  244  241  238  235  231
  226  221  214  207  200  192  184  176  169
    77.5-180.0 180.0   5.0 450.0                            LAT/LON1/LON2/DLON/H
  191  178  167  159  153  149  148  150  154  160  167  175  183  192  200  208
  215  220  224  227  228  227  225  222  218  214  211  208  206  205  205  207
  209  213  217  222  227  232  238  243  249  255  262  268  275  281  287  292
  297  300  303  304  304  304  303  301  299  298  296  295  294  292  290  287
  283  277  269  258  247  233  219  205  191
    75.0-180.0 180.0   5.0 450.0                            LAT/LON1/LON2/DLON/H
  221  201  184  169  158  150  146  144  145  148  153  158  164  170  177  183
  188  192  195  196  196  194  190  186  181  177  174  172  172  174  177  182
  189  196  205  213  221  230  238  247  256  265  274  284  294  304  314  323
  331  337  342  345  347  347  347  346  345  345  345  346  347  349  350  349
  346  340  331  318  302  284  263  242  221
    72.5-180.0 180.0   5.0 450.0                            LAT/LON1/LON2/DLON/H
  249  223  200  181  166  155  147  143  141  141  143  145  147  150  153  156
  159  161  163  163  162  160  156  152  148  144  142  142  145  150  157  167
  177  189  200  212  223  234  245  255  265  276  288  300  312  325  337  348
  359  367  374  378  381  381  381  380  379  379  381  384  389  393  397  400
  399  395  385  371  352  329  303  276  249
    70.0-180.0 180.0   5.0 450.0                            LAT/LON1/LON2/DLON/H
  265  235  209  188  171  158  149  144  140  138  137  135  134  133  132  132
  132  133  134  134  134  132  129  126  123  122  122  125  131  139  150  163
  177  191  205  219  232  243  255  266  276  288  300  312  326  339  353  365
  376  385  392  397  399  399  398  396  395  395  397  401  407  414  421  427
  429  426  417  402  381  356  327  295  265
    67.5-180.0 180.0   5.0 450.0                            LAT/LON1/LON2/DLON/H
  263  233  207  185  168  156  148  143  139  136  134  130  126  121  117  114
  112  111  112  113  113  113  112  111  111  113  116  122  131  142  155  169
  185  200  215  230  243  255  266  277  287  298  310  322  335  348  360  372
  382  390  396  399  400  399  397  393  390  389  390  393  400  408  417  424
  427  425  418  403  383  357  327  295  263
    65.0-180.0 180.0   5.0 450.0                            LAT/LON1/LON2/DLON/H
  247  219  194  174  159  148  141  137  135  133  130  126  120  114  107  102
   98   97   97   99  101  103  105  107  110  115  122  130  141  154  168  182
  197  212  226  240  253  265  276  286  297  307  318  330  341  352  363  372
  379  384  388  389  389  386  382  376  371  367  366  368  373  380  387  394
  397  396  389  377  358  334  307  277  247
    62.5-180.0 180.0   5.0 450.0                            LAT/LON1/LON2/DLON/H
  225  201  180  161  147  137  130  127  125  125  124  121  116  110  102   95
   91   89   89   92   95   99  103  109  115  124  134  145  158  171  184  197
  209  222  235  248  260  272  283  294  305  316  326  337  347  356  364  369
  373  375  375  374  372  368  362  355  348  341  337  335  337  341  345  349
  350  348  342  332  317  298  275  250  225
    60.0-180.0 180.0   5.0 450.0                            LAT/LON1/LON2/DLON/H
  209  191  172  156  141  129  120  115  113  114  115  115  112  107  100   93
   88   86   86   89   93   98  104  112  122  134  148  161  175  187  199  209
  219  230  241  252  264  276  289  301  313  325  337  347  356  364  369  371
  371  369  366  363  360  355  348  339  330  321  313  308  306  305  304  303
  301  297  292  285  275  262  246  228  209
    57.5-180.0 180.0   5.0 450.0                            LAT/LON1/LON2/DLON/H
  210  196  182  166  149  133  118  108  102  102  104  107  107  105   99   93
   88   86   86   89   93   98  106  115  128  143  160  176  190  202  211  220
  228  236  246  256  268  282  296  310  324  338  350  362  371  378  381  381
  378  373  368  363  359  354  346  336  325  314  304  296  289  283  277  270
  264  258  254  250  246  240  232  222  210
    55.0-180.0 180.0   5.0 450.0                            LAT/LON1/LON2/DLON/H
  230  222  211  196  176  153  130  110   98   94   96  101  103  103   99   93
   89   87   88   91   94   99  106  117  132  151  171  189  204  215  224  231
  238  246  255  265  278  292  307  324  339  355  368  381  391  399  402  401
  397  391  384  378  373  367  359  348  335  323  311  301  292  282  271  259
  248  241  237  237  239  240  239  236  230
    52.5-180.0 180.0   5.0 450.0                            LAT/LON1/LON2/DLON/H
  264  262  255  242  219  190  157  127  106   96   95   99  103  103   99   94
   91   90   92   95   98  102  109  120  137  158  181  201  217  229  237  245
  253  262  272  282  295  309  325  343  360  376  391  404  415  424  429  429
  425  419  412  405  399  393  383  370  356  343  331  321  311  298  284  268
  255  246  244  247  252  258  262  264  264
    50.0-180.0 180.0   5.0 450.0                            LAT/LON1/LON2/DLON/H
  299  302  302  293  271  238  197  157  127  109  104  105  107  106  102   97
   94   95   99  104  107  110  116  127  145  169  193  216  232  245  255  265
  275  286  297  308  320  333  350  367  385  401  416  429  442  452  459  461
  458  452  446  439  432  424  412  397  380  366  355  346  337  325  309  292
  277  268  267  271  278  286  291  295  299
    47.5-180.0 180.0   5.0 450.0                            LAT/LON1/LON2/DLON/H
  320  328  335  334  317  285  240  194  157  133  122  120  118  114  107  101
  100  103  110  117  121  124  128  139  158  183  210  233  251  264  275  288
  302  316  328  338  349  362  377  395  412  429  443  456  468  479  488  492
  491  486  480  473  465  454  438  420  401  385  376  369  362  352  337  320
  305  297  296  300  306  310  312  315  320
    45.0-180.0 180.0   5.0 450.0                            LAT/LON1/LON2/DLON/H
  315  326  341  350  343  316  275  228  188  162  148  142  136  128  117  110
  108  115  125  135  140  143  147  157  176  202  230  253  270  283  296  312
  329  345  357  367  377  389  405  423  441  458  472  484  495  506  515  519
  519  515  509  502  493  479  460  436  414  397  388  384  380  371  358  344
  331  324  322  323  323  320  315  311  315
    42.5-180.0 180.0   5.0 450.0                            LAT/LON1/LON2/DLON/H
  282  293  314  333  338  322  289  248  212  188  175  167  158  145  131  122
  121  129  143  156  163  165  168  177  195  222  249  272  288  300  313  330
  349  366  379  389  399  412  429  450  471  489  503  515  525  534  542  546
  546  542  535  527  517  500  477  449  423  404  395  392  389  383  372  361
  351  345  341  336  328  314  297  284  282
    40.0-180.0 180.0   5.0 450.0                            LAT/LON1/LON2/DLON/H
  231  238  260  286  301  297  276  247  221  204  196  190  180  166  149  138
  136  146  162  177  185  187  187  195  212  238  265  286  300  310  321  338
  357  374  388  398  410  427  450  475  500  521  538  550  560  569  575  577
  576  570  563  554  542  524  498  467  437  415  404  399  396  391  383  376
  369  363  355  343  324  298  268  243  231
    37.5-180.0 180.0   5.0 450.0                            LAT/LON1/LON2/DLON/H
  182  179  196  222  242  248  239  224  212  206  207  206  199  185  168  156
  154  164  180  195  203  203  202  207  222  247  273  292  304  311  321  335
  353  369  383  396  413  437  467  499  530  556  577  594  606  614  620  621
  617  609  600  591  579  560  533  499  465  440  425  417  412  406  401  398
  394  387  374  353  324  287  245  207  182
    35.0-180.0 180.0   5.0 450.0                            LAT/LON1/LON2/DLON/H
  159  141  145  162  180  189  190  187  188  195  205  213  212  202  188  176
  173  181  195  209  215  213  208  210  223  246  271  289  299  304  312  324
  339  354  368  385  411  444  484  524  561  594  622  645  662  674  681  682
  676  666  655  645  633  616  588  553  518  489  469  456  446  439  436  437
  435  426  407  378  342  298  247  197  159
    32.5-180.0 180.0   5.0 450.0                            LAT/LON1/LON2/DLON/H
  179  144  129  130  136  142  146  151  161  177  195  210  217  214  204  194
  190  195  206  216  220  215  207  205  214  235  258  277  287  293  300  310
  323  336  352  375  411  456  505  553  595  634  670  702  728  747  758  761
  756  744  731  719  708  692  667  633  596  564  539  519  504  496  496  500
  500  488  462  427  387  341  288  231  179
    30.0-180.0 180.0   5.0 450.0                            LAT/LON1/LON2/DLON/H
  248  196  161  141  131  126  126  132  144  162  184  204  217  221  217  209
  204  205  212  219  219  212  200  194  199  217  239  259  272  281  290  301
  312  324  343  374  420  476  533  585  631  674  717  759  797  827  846  853
  849  837  821  808  797  784  762  730  694  659  629  604  585  576  579  587
  588  571  537  498  459  419  370  310  248
    27.5-180.0 180.0   5.0 450.0                            LAT/LON1/LON2/DLON/H
  357  292  239  200  172  153  144  144  150  163  179  198  215  225  226  220
  214  211  214  217  216  206  192  181  182  196  218  240  258  273  288  301
  313  327  348  386  441  505  568  621  666  710  759  811  860  901  930  944
  944  932  915  899  888  877  859  831  797  761  729  700  678  670  677  689
  688  664  623  581  548  519  480  424  357
    25.0-180.0 180.0   5.0 450.0                            LAT/LON1/LON2/DLON/H
  480  410  347  295  254  223  204  193  188  186  190  201  216  227  231  227
  220  214  213  215  213  203  186  172  167  177  198  223  248  273  296  315
  330  344  369  412  473  542  606  657  699  741  792  850  909  959  997 1018
 1023 1012  992  974  962  954  940  917  887  854  821  791  769  764  775  790
  786  753  704  660  635  619  594  546  480
    22.5-180.0 180.0   5.0 450.0                            LAT/LON1/LON2/DLON/H
  588  522  459  405  359  323  297  276  255  234  220  216  223  232  236  232
  223  215  212  213  212  202  185  167  158  163  182  211  244  279  312  339
  358  376  403  448  511  580  642  689  726  765  814  874  935  990 1032 1059
 1067 1058 1037 1017 1004  998  989  973  948  920  891  864  845  843  858  873
  863  820  762  716  698  696  684  647  588
    20.0-180.0 180.0   5.0 450.0                            LAT/LON1/LON2/DLON/H
  652  598  547  502  463  430  404  377  342  302  267  245  240  242  242  235
  225  216  213  214  214  206  188  168  154  155  172  203  244  289  332  367
  392  413  442  487  547  613  670  713  746  780  825  880  937  988 1029 1056
 1066 1058 1038 1017 1004 1001  998  989  974  954  931  909  895  897  914  926
  908  853  784  736  722  730  728  701  652
    17.5-180.0 180.0   5.0 450.0                            LAT/LON1/LON2/DLON/H
  659  621  591  565  541  521  502  475  432  377  323  285  265  257  251  240
  228  219  217  218  219  211  194  172  155  152  167  200  246  300  351  393
  424  448  478  520  575  633  685  726  758  789  827  872  917  957  988 1010
 1020 1014  995  975  965  965  970  970  965  955  942  928  918  922  938  944
  916  849  769  716  703  714  717  696  659
    15.0-180.0 180.0   5.0 450.0                            LAT/LON1/LON2/DLON/H
  611  592  586  583  579  576  569  550  508  446  380  328  296  278  264  249
  235  226  223  224  224  216  198  176  157  152  166  199  249  307  365  412
  446  474  504  542  588  638  685  727  762  793  825  856  884  905  921  933
  939  935  921  906  901  907  919  929  934  936  933  926  920  923  935  933
  894  815  726  667  650  657  657  637  611
    12.5-180.0 180.0   5.0 450.0                            LAT/LON1/LON2/DLON/H
  530  529  543  561  575  588  597  590  555  495  426  368  328  301  280  261
  245  236  232  230  227  217  199  177  159  153  165  199  250  310  370  419
  457  488  518  551  587  627  672  718  760  795  821  839  848  848  845  845
  847  846  839  833  834  848  867  886  901  913  919  917  912  912  916  904
  855  768  672  607  583  580  571  549  530
    10.0-180.0 180.0   5.0 450.0                            LAT/LON1/LON2/DLON/H
  449  460  488  518  542  565  586  591  568  517  454  398  355  323  296  274
  258  248  241  235  226  213  194  173  157  153  166  199  249  309  367  416
  456  490  521  548  574  606  648  700  752  793  818  826  819  801  782  770
  768  771  775  779  790  811  836  861  883  902  913  914  907  900  894  873
  817  726  629  559  527  512  491  464  449
     7.5-180.0 180.0   5.0 450.0                            LAT/LON1/LON2/DLON/H
  401  418  451  481  504  527  551  565  553  513  462  413  373  340  311  287
  270  259  249  237  221  203  184  166  153  151  166  199  248  305  360  406
  447  484  516  540  557  579  619  677  739  788  815  819  804  777  747  727
  724  735  750  767  787  813  842  869  893  913  925  924  911  896  880  852
  793  704  610  540  502  476  445  413  401
     5.0-180.0 180.0   5.0 450.0                            LAT/LON1/LON2/DLON/H
  408  426  455  475  486  498  515  528  522  493  453  414  380  349  319  295
  279  267  253  235  213  191  171  156  147  149  165  199  247  301  351  395
  435  475  509  529  539  552  588  649  718  775  809  817  806  780  749  729
  729  748  775  803  830  858  886  910  930  945  952  945  925  900  876  844
  788  708  623  558  516  484  448  417  408
     2.5-180.0 180.0   5.0 450.0                            LAT/LON1/LON2/DLON/H
  472  490  510  514  505  498  500  504  494  469  436  406  378  349  320  297
  281  269  252  228  202  177  158  146  141  146  164  198  245  297  344  384
  424  466  502  521  524  530  560  619  691  754  795  816  819  806  786  772
  779  806  843  879  909  935  956  972  982  988  986  970  942  908  878  846
  798  732  661  605  566  534  501  476  472
