ionex_files/alger/COD0OPSFIN_20231100000_01D_01H_GIM.INX
     1.0            IONOSPHERE MAPS     GNSS                IONEX VERSION / TYPE
ADDNEQ2 V5.5        AIUB                24-APR-23 21:29     PGM / RUN BY / DATE 
CODE'S GLOBAL IONOSPHERE MAPS FOR DAY 110, 2023             COMMENT             
Global ionosphere maps (GIM) are generated on a daily basis DESCRIPTION         
at CODE using data from about 300 GNSS sites of the IGS and DESCRIPTION         
other institutions. The vertical total electron content     DESCRIPTION         
(VTEC) is modeled in a solar-geomagnetic reference frame    DESCRIPTION         
using a spherical harmonics expansion up to degree and      DESCRIPTION         
order 15. Piece-wise linear functions are used for          DESCRIPTION         
representation in the time domain. The time spacing of      DESCRIPTION         
their vertices is 1 hour, conforming with the epochs of the DESCRIPTION         
VTEC maps.                                                  DESCRIPTION         
To convert line-of-sight TEC into vertical TEC, a modified  DESCRIPTION         
single-layer model mapping function approximating the JPL   DESCRIPTION         
extended slab model mapping function is adopted. The        DESCRIPTION         
mapping function is evaluated at geodetic satellite         DESCRIPTION         
elevation angles. For the computation of the ionospheric    DESCRIPTION         
pierce points, a spherical layer with a radius of 6821 km   DESCRIPTION         
is assumed, implying geocentric, not geodetic IONEX         DESCRIPTION         
latitudes.                                                  DESCRIPTION         
Instrumental biases with respect to each involved GNSS code DESCRIPTION         
observable are estimated as constant values for each        DESCRIPTION         
day. They are modeled with one set of bias parameters for   DESCRIPTION         
each satellite and each station in case of GPS and for each DESCRIPTION         
satellite-station link in case of GLONASS. The code bias    DESCRIPTION         
datum is defined by zero-mean conditions imposed on the     DESCRIPTION         
satellite bias estimates. In this file, just GPS C1W-C2W    DESCRIPTION         
satellite and station bias values are included. The         DESCRIPTION         
complete set of GNSS code bias results is provided in an    DESCRIPTION         
additional Bias-SINEX file as pseudo-absolute values        DESCRIPTION         
specific to each observable.                                DESCRIPTION         
Note: These GIM results correspond to the results for the   DESCRIPTION         
middle day of a 3-day combination analysis solving for 73   DESCRIPTION         
times 256, or 18688 VTEC parameters and 3 daily sets of     DESCRIPTION         
GNSS code bias parameters.                                  DESCRIPTION         
Contact address: code(at)aiub.unibe.ch                      DESCRIPTION         
Data archive:    ftp.aiub.unibe.ch/CODE/                    DESCRIPTION         
                 www.aiub.unibe.ch/download/CODE/           DESCRIPTION         
  2023     4    20     0     0     0                        EPOCH OF FIRST MAP  
  2023     4    21     0     0     0                        EPOCH OF LAST MAP   
  3600                                                      INTERVAL            
[...]
bako barh bjfs bndy boav bogo bogt bor1 braz brft brst brux COMMENT             
bshm cags cas1 ccj2 cedu chpg chpi chti chur cnmr coco cord COMMENT             
cpvg cpxf crar cro1 daej darw dav1 dhlg drao dubo ebre faa1 COMMENT             
flin flrs frdn ftna func ganp glps glsv gode godz gol2 gold COMMENT             
gope gras graz guam guug harb hers hert hlfx hnpt hob2 hofn COMMENT             
holb hyde iddr ineg invk iqal irkj isba jog2 joz2 joze kerg COMMENT             
kir0 kiri kiru kit3 kokb kokv kouc koug kour krgg lama laut COMMENT             
lmmf lpal lpgs m0se mac1 madr mal2 mana mas1 mat1 mate maw1 COMMENT             
mcm4 mdo1 mdvj medi mets mgue mizu mnls mobs morp mqzg mro1 COMMENT             
mtka nano nico nist nium nklg nlib nnor not1 nrc1 nrmd ntus COMMENT             
nya1 nyal ohi2 onsa opmt ous2 pado park pdel penc pert pie1 COMMENT             
pimo pohn pol2 polv pots pove prds ptag ptbb ptvl qaq1 quin COMMENT             
rabt ramo reun reyk rgdg rio2 riop salu samo sant savo sch2 COMMENT             
scor scrz sctb seyg sfer shao sofi spt0 ssia sthl stjo stk2 COMMENT             
str2 sutm suwn sydn syog tabv tash thtg thti thu2 tid1 tidb COMMENT             
tlse tn22 tong tow2 tro1 tsea tskb tuva twtf txes uclu ufpr COMMENT             
ulab unb3 unbj unsa urum usn7 usud vald vill voim vtsp wab1 COMMENT             
wab2 wark wgtn whit will wind wsrt wtza wtzl wtzr wtzs wuhn COMMENT             
xmis yar2 yar3 yarr yell ykro zamb zeck zim2 zim3 zimm      COMMENT             
                                                            END OF HEADER       
[from data line 7722]
    19                                                      START OF TEC MAP    
  2023     4    20    18     0     0                        EPOCH OF CURRENT MAP
    87.5-180.0 180.0   5.0 450.0                            LAT/LON1/LON2/DLON/H
  264  266  268  269  271  272  273  274  275  276  277  278  278  278  278  278
  277  276  275  274  273  271  269  267  265  263  261  258  256  253  251  248
  246  243  241  238  236  234  232  231  229  228  227  226  225  225  225  225
  225  226  227  228  229  230  232  233  235  237  239  241  243  244  246  248
  250  252  254  256  257  259  261  263  264
    85.0-180.0 180.0   5.0 450.0                            LAT/LON1/LON2/DLON/H
  260  262  265  268  271  274  277  280  283  285  288  289  291  292  292  292
  292  291  289  287  285  282  279  275  271  267  263  258  254  249  244  239
  234  230  225  220  216  212  208  204  201  199  197  195  194  194  194  194
  196  197  199  202  205  208  211  214  218  221  225  228  231  234  237  239
  242  244  246  248  251  253  255  257  260
    82.5-180.0 180.0   5.0 450.0                            LAT/LON1/LON2/DLON/H
  241  244  248  252  256  261  267  272  278  283  287  291  295  297  298  299
  299  298  296  293  290  286  282  277  273  268  262  257  251  245  239  233
  227  220  214  208  202  196  191  186  181  177  174  172  170  170  170  171
  173  176  179  183  188  192  197  202  207  211  215  219  222  225  228  230
  231  232  233  234  235  236  237  239  241
    80.0-180.0 180.0   5.0 450.0                            LAT/LON1/LON2/DLON/H
  213  216  220  225  232  239  248  256  265  274  281  288  293  297  299  300
  300  298  296  293  289  285  280  276  271  266  261  256  250  244  238  232
  226  219  213  206  199  193  186  180  175  170  166  163  161  160  160  162
  164  168  172  177  182  187  193  198  203  207  211  214  217  219  220  220
  219  218  217  215  214  212  212  212  213
    77.5-180.0 180.0   5.0 450.0                            LAT/LON1/LON2/DLON/H
  184  186  191  197  205  216  227  239  252  264  275  284  291  296  299  299
  298  296  293  290  286  282  277  274  270  266  262  258  253  249  244  239
  233  228  222  216  209  203  197  191  185  180  175  171  169  168  167  169
  171  174  178  183  187  192  196  200  204  207  209  211  212  212  211  209
  207  203  200  196  192  188  186  184  184
    75.0-180.0 180.0   5.0 450.0                            LAT/LON1/LON2/DLON/H
  162  163  168  175  185  197  212  227  243  258  272  283  292  297  300  300
  299  295  292  288  284  280  277  275  272  270  267  264  261  258  254  251
  247  242  238  233  228  223  218  213  207  202  198  194  191  189  189  189
  191  193  196  198  201  203  205  205  206  206  205  204  203  201  199  196
  193  189  184  179  174  169  165  162  162
    72.5-180.0 180.0   5.0 450.0                            LAT/LON1/LON2/DLON/H
  151  153  157  164  175  189  205  223  242  260  275  288  298  303  306  305
  302  298  294  290  287  285  283  281  280  279  277  275  273  270  267  264
  261  258  256  253  250  247  243  240  236  232  228  224  221  218  217  216
  216  217  217  217  216  214  211  207  203  198  194  190  187  184  181  179
  176  173  170  166  162  158  154  152  151
    70.0-180.0 180.0   5.0 450.0                            LAT/LON1/LON2/DLON/H
  153  155  159  167  177  191  207  226  247  266  284  298  307  313  314  313
  309  305  302  298  296  295  295  294  293  292  290  288  285  282  279  276
  273  271  270  268  267  266  265  264  262  259  256  252  248  245  242  240
  239  237  235  231  226  219  211  201  191  182  174  167  162  159  157  156
  157  157  157  157  156  155  153  153  153
    67.5-180.0 180.0   5.0 450.0                            LAT/LON1/LON2/DLON/H
  164  167  172  178  187  199  215  234  254  274  293  307  317  323  324  322
  319  316  313  311  311  311  311  310  309  307  304  300  296  292  287  284
  280  278  276  276  276  277  278  279  279  278  275  272  267  262  258  254
  250  246  241  235  226  214  200  185  171  157  145  137  131  128  128  130
  134  139  144  149  153  156  159  162  164
    65.0-180.0 180.0   5.0 450.0                            LAT/LON1/LON2/DLON/H
  178  183  187  193  199  209  223  240  259  280  299  314  324  330  332  331
  329  327  326  326  327  328  328  327  324  320  315  310  303  297  292  287
  282  279  276  276  276  278  281  283  285  285  283  279  273  266  259  252
  246  241  234  224  212  197  180  162  144  128  115  105   99   97   99  104
  112  121  131  140  150  158  166  172  178
    62.5-180.0 180.0   5.0 450.0                            LAT/LON1/LON2/DLON/H
  188  195  200  204  209  216  226  241  260  280  299  315  326  333  335  336
  336  337  338  340  342  343  342  339  335  329  322  315  308  301  294  287
  281  276  273  270  270  272  275  278  282  283  281  276  268  258  247  238
  229  222  213  203  190  173  155  136  119  103   90   81   76   74   77   83
   92  104  117  131  144  157  169  179  188
    60.0-180.0 180.0   5.0 450.0                            LAT/LON1/LON2/DLON/H
  190  199  206  210  213  217  224  237  254  274  294  310  323  330  335  337
  340  343  347  350  352  353  351  347  341  334  326  318  311  304  297  289
  282  276  270  265  263  264  266  270  274  275  273  267  256  242  228  216
  205  196  187  177  164  149  132  115  101   88   78   71   66   65   66   72
   81   93  107  121  136  150  164  178  190
    57.5-180.0 180.0   5.0 450.0                            LAT/LON1/LON2/DLON/H
  183  195  203  208  211  213  219  230  246  265  285  302  315  324  331  336
  341  347  352  355  357  357  354  349  343  336  329  322  316  310  303  296
  288  279  272  265  261  260  261  264  268  269  267  258  245  228  210  194
  181  172  163  154  143  130  117  105   96   89   84   80   75   72   71   74
   80   90  101  113  126  140  154  169  183
    55.0-180.0 180.0   5.0 450.0                            LAT/LON1/LON2/DLON/H
  171  185  197  204  207  210  214  224  239  258  278  295  308  318  325  333
  340  347  353  356  357  356  354  350  346  341  335  330  325  320  315  307
  299  289  280  272  266  263  263  265  268  269  265  255  239  219  198  180
  166  156  149  141  132  122  114  108  106  107  107  105  101   95   91   89
   90   95  102  110  119  129  141  156  171
    52.5-180.0 180.0   5.0 450.0                            LAT/LON1/LON2/DLON/H
  160  176  191  201  207  210  215  223  237  256  274  290  303  313  322  331
  340  348  352  354  355  354  354  353  353  351  348  344  341  336  331  323
  314  304  294  286  280  277  275  276  277  276  270  259  240  218  196  177
  163  154  148  141  134  128  123  124  129  136  141  142  137  128  119  112
  109  109  111  113  117  122  131  144  160
    50.0-180.0 180.0   5.0 450.0                            LAT/LON1/LON2/DLON/H
  155  174  191  205  214  219  224  232  244  261  277  292  303  312  322  332
  342  349  352  353  353  354  358  363  367  369  368  364  360  355  348  339
  330  319  311  304  300  298  296  295  293  289  281  267  247  224  202  184
  172  164  159  154  148  143  141  146  155  167  177  179  173  162  149  138
  132  128  125  123  122  123  129  140  155
    47.5-180.0 180.0   5.0 450.0                            LAT/LON1/LON2/DLON/H
  161  180  201  218  230  238  242  249  259  273  287  299  308  316  326  337
  347  353  355  354  355  360  370  382  391  395  393  388  381  373  364  354
  343  334  328  325  324  324  323  319  313  305  293  276  255  233  212  197
  188  182  178  173  167  162  161  167  179  193  204  207  200  187  172  160
  152  147  142  137  133  132  135  145  161
    45.0-180.0 180.0   5.0 450.0                            LAT/LON1/LON2/DLON/H
  176  196  219  239  254  262  267  272  280  290  301  310  317  325  335  347
  356  361  361  360  363  374  390  408  421  425  421  411  399  388  377  366
  355  347  344  346  351  354  354  348  337  322  304  283  261  239  222  211
  204  201  198  193  186  180  178  182  193  206  216  218  211  198  184  174
  168  163  158  152  148  146  150  160  176
    42.5-180.0 180.0   5.0 450.0                            LAT/LON1/LON2/DLON/H
  197  218  241  263  280  290  294  297  302  309  316  323  329  337  348  360
  370  373  373  373  379  395  417  439  453  454  445  430  414  400  389  378
  369  363  363  370  380  387  388  379  361  339  314  288  263  243  229  221
  218  216  213  207  200  192  188  189  195  205  212  213  206  195  184  179
  176  174  170  165  162  163  169  181  197
    40.0-180.0 180.0   5.0 450.0                            LAT/LON1/LON2/DLON/H
  219  240  264  286  304  314  318  319  321  326  332  338  344  353  365  378
  387  390  390  392  402  422  448  470  482  479  464  444  426  414  405  399
  392  388  390  400  414  425  425  413  389  359  326  294  267  246  234  229
  227  225  221  214  207  199  193  189  190  194  197  196  191  183  179  179
  181  182  179  174  172  176  187  201  219
    37.5-180.0 180.0   5.0 450.0                            LAT/LON1/LON2/DLON/H
  235  257  281  304  322  333  336  336  338  342  347  353  361  372  385  399
  408  412  413  418  432  454  479  498  504  496  478  457  442  435  435  435
  433  431  433  443  457  468  467  451  422  385  345  308  277  254  242  237
  234  230  225  218  211  204  197  189  184  182  181  179  176  173  174  181
  187  189  185  178  177  184  198  216  235
    35.0-180.0 180.0   5.0 450.0                            LAT/LON1/LON2/DLON/H
  243  266  290  314  333  344  348  349  351  356  363  371  382  395  410  423
  433  437  441  450  466  488  508  520  520  508  490  474  467  472  484  495
  499  497  496  501  510  517  513  493  460  419  376  334  299  274  259  251
  246  239  231  224  219  215  208  198  187  179  175  173  171  173  180  191
  200  200  192  181  177  185  201  222  243
    32.5-180.0 180.0   5.0 450.0                            LAT/LON1/LON2/DLON/H
  243  267  292  317  337  349  355  359  363  371  381  393  407  423  439  452
  461  467  474  487  505  523  535  538  531  519  508  503  510  531  557  580
  589  585  577  573  573  572  560  536  502  461  418  375  338  309  290  278
  268  257  246  239  238  237  232  220  205  193  186  185  186  191  202  215
  223  220  204  186  176  180  197  219  243
    30.0-180.0 180.0   5.0 450.0                            LAT/LON1/LON2/DLON/H
  237  263  291  317  338  353  362  369  378  389  404  420  437  456  472  485
  493  500  511  528  546  558  560  553  544  538  539  550  574  611  652  684
  697  689  671  653  639  625  605  576  541  504  466  427  389  357  333  316
  301  287  275  269  270  273  270  258  241  226  218  218  221  228  239  252
  257  248  224  196  177  175  189  211  237
    27.5-180.0 180.0   5.0 450.0                            LAT/LON1/LON2/DLON/H
  229  259  289  317  340  357  369  381  395  411  430  450  471  492  510  521
  529  537  552  572  589  594  586  572  564  569  588  617  657  707  758  796
  809  795  765  732  701  672  640  604  570  539  510  479  444  410  382  361
  344  329  317  313  316  322  321  308  290  274  266  267  271  277  287  296
  298  282  250  212  183  173  181  202  229
    25.0-180.0 180.0   5.0 450.0                            LAT/LON1/LON2/DLON/H
  223  257  291  321  345  363  379  396  415  435  457  481  507  531  549  560
  567  578  596  618  632  630  614  598  597  618  656  702  753  808  861  899
  909  887  845  797  750  704  658  614  580  556  539  518  489  456  426  404
  388  376  367  365  370  377  376  363  343  327  320  322  325  329  334  339
  337  317  279  234  196  176  178  195  223
    22.5-180.0 180.0   5.0 450.0                            LAT/LON1/LON2/DLON/H
  222  259  296  328  353  372  391  413  435  458  482  510  539  567  588  600
  608  621  641  663  675  668  647  633  643  683  738  795  848  898  945  976
  979  951  899  839  779  718  657  602  565  547  541  532  512  482  453  433
  423  418  416  418  423  428  425  410  390  374  368  370  371  371  371  371
  366  344  305  256  212  185  180  194  222
    20.0-180.0 180.0   5.0 450.0                            LAT/LON1/LON2/DLON/H
  225  264  305  337  361  381  403  427  453  477  503  533  566  598  623  639
  650  664  686  708  717  706  685  677  702  758  825  884  929  966  997 1017
 1011  977  921  855  787  713  638  571  526  510  512  515  504  480  456  441
  441  447  455  460  465  466  460  443  422  406  400  401  400  395  389  385
  378  358  321  274  229  198  186  196  225
    17.5-180.0 180.0   5.0 450.0                            LAT/LON1/LON2/DLON/H
  229  270  312  345  368  388  412  439  465  490  516  548  585  623  654  675
  691  708  730  750  756  744  727  729  767  834  905  957  985 1001 1013 1018
 1004  966  911  848  777  697  610  528  473  452  457  468  467  451  433  427
  438  458  476  486  489  486  476  457  435  418  411  409  405  395  385  377
  370  353  323  283  241  210  195  201  229
    15.0-180.0 180.0   5.0 450.0                            LAT/LON1/LON2/DLON/H
  232  273  315  348  370  391  416  445  473  497  523  556  597  640  678  706
  728  749  771  789  792  781  770  782  830  901  967 1003 1009 1002  995  987
  967  929  880  825  760  678  582  487  417  387  390  405  411  404  394  398
  420  452  480  494  496  488  474  454  431  413  402  397  388  375  361  351
  344  332  310  279  246  217  202  206  232
    12.5-180.0 180.0   5.0 450.0                            LAT/LON1/LON2/DLON/H
  231  270  312  345  368  391  419  450  478  502  528  561  604  651  695  731
  761  786  808  823  825  817  813  833  886  953 1004 1020 1005  978  956  938
  915  881  842  798  744  666  566  461  376  333  328  343  356  358  356  367
  397  437  471  488  488  478  462  441  417  396  382  371  358  342  325  313
  306  298  284  264  241  219  205  207  231
    10.0-180.0 180.0   5.0 450.0                            LAT/LON1/LON2/DLON/H
  225  262  303  337  363  390  421  455  485  509  534  568  611  659  707  750
  786  816  839  852  853  848  852  878  928  983 1016 1012  979  941  912  890
  866  837  808  778  736  668  570  459  363  306  291  304  321  330  336  351
  383  426  461  478  476  464  447  427  404  379  359  342  325  306  288  274
  266  260  251  241  229  215  204  205  225
     7.5-180.0 180.0   5.0 450.0                            LAT/LON1/LON2/DLON/H
  217  251  291  328  359  391  428  466  498  523  548  580  621  667  715  761
  803  838  862  874  877  876  885  913  955  994 1007  986  945  904  877  856
  834  809  787  769  740  683  593  483  383  316  291  300  320  337  348  363
  391  428  458  471  466  454  439  420  396  368  341  318  297  276  257  242
  232  224  218  214  211  205  198  199  217
     5.0-180.0 180.0   5.0 450.0                            LAT/LON1/LON2/DLON/H
  208  239  280  321  360  400  443  485  519  546  572  602  637  677  720  766
  812  850  876  890  895  900  913  938  970  991  986  955  914  881  861  845
  824  800  781  769  750  706  628  529  432  361  330  335  358  381  396  408
  426  449  468  473  465  452  439  422  398  366  334  305  280  258  238  222
  208  196  190  190  193  194  191  193  208
     2.5-180.0 180.0   5.0 450.0                            LAT/LON1/LON2/DLON/H
  200  231  274  320  367  415  465  511  549  578  605  633  662  692  726  768
  813  853  882  899  909  919  934  955  975  979  962  928  895  875  865  853
  831  803  783  772  758  725  664  583  498  431  397  400  426  455  472  478
  481  487  490  485  472  458  445  430  404  370  334  301  274  252  232  213
  196  180  170  170  177  183  184  187  200
