ionex_files/alger/COD0OPSFIN_20231110000_01D_01H_GIM.INX
     1.0            IONOSPHERE MAPS     GNSS                IONEX VERSION / TYPE
ADDNEQ2 V5.5        AIUB                25-APR-23 21:18     PGM / RUN BY / DATE 
CODE'S GLOBAL IONOSPHERE MAPS FOR DAY 111, 2023             COMMENT             
Global ionosphere maps (GIM) are generated on a daily basis DESCRIPTION         
at CODE using data from about 300 GNSS sites of the IGS and DESCRIPTION         
other institutions. The vertical total electron content     DESCRIPTION         
(VTEC) is modeled in a solar-geomagnetic reference frame    DESCRIPTION         
using a spherical harmonics expansion up to degree and      DESCRIPTION         
order 15. Piece-wise linear functions are used for          DESCRIPTION         
representation in the time domain. The time spacing of      DESCRIPTION         
their vertices is 1 hour, conforming with the epochs of the DESCRIPTION         
VTEC maps.                                                  DESCRIPTION         
To convert line-of-sight TEC into vertical TEC, a modified  DESCRIPTION         
single-layer model mapping function approximating the JPL   DESCRIPTION         
extended slab model mapping function is adopted. The        DESCRIPTION         
mapping function is evaluated at geodetic satellite         DESCRIPTION         
elevation angles. For the computation of the ionospheric    DESCRIPTION         
pierce points, a spherical layer with a radius of 6821 km   DESCRIPTION         
is assumed, implying geocentric, not geodetic IONEX         DESCRIPTION         
latitudes.                                                  DESCRIPTION         
Instrumental biases with respect to each involved GNSS code DESCRIPTION         
observable are estimated as constant values for each        DESCRIPTION         
day. They are modeled with one set of bias parameters for   DESCRIPTION         
each satellite and each station in case of GPS and for each DESCRIPTION         
satellite-station link in case of GLONASS. The code bias    DESCRIPTION         
datum is defined by zero-mean conditions imposed on the     DESCRIPTION         
satellite bias estimates. In this file, just GPS C1W-C2W    DESCRIPTION         
satellite and station bias values are included. The         DESCRIPTION         
complete set of GNSS code bias results is provided in an    DESCRIPTION         
additional Bias-SINEX file as pseudo-absolute values        DESCRIPTION         
specific to each observable.                                DESCRIPTION         
Note: These GIM results correspond to the results for the   DESCRIPTION         
middle day of a 3-day combination analysis solving for 73   DESCRIPTION         
times 256, or 18688 VTEC parameters and 3 daily sets of     DESCRIPTION         
GNSS code bias parameters.                                  DESCRIPTION         
Contact address: code(at)aiub.unibe.ch                      DESCRIPTION         
Data archive:    ftp.aiub.unibe.ch/CODE/                    DESCRIPTION         
                 www.aiub.unibe.ch/download/CODE/           DESCRIPTION         
  2023     4    21     0     0     0                        EPOCH OF FIRST MAP  
  2023     4    22     0     0     0                        EPOCH OF LAST MAP   
  3600                                                      INTERVAL            
[...]
bako barh bjfs bndy boav bogo bogt bor1 braz brft brst brux COMMENT             
bshm cags cas1 ccj2 cedu chpg chpi chti chur cnmr coco cord COMMENT             
cpvg cpxf crar cro1 daej darw dav1 dhlg drao dubo ebre faa1 COMMENT             
fair flin flrs frdn ftna func ganp glps glsv gode godz gol2 COMMENT             
gold gope gras graz guam guug harb hers hert hlfx hnpt hob2 COMMENT             
hofn holb hyde iddr ineg invk iqal isba jog2 joz2 joze kerg COMMENT             
kir0 kiri kiru kit3 kokb kokv kouc koug kour krgg lama laut COMMENT             
lmmf lpal lpgs m0se mac1 madr mal2 mana mas1 mat1 mate maw1 COMMENT             
mcm4 mdo1 mdvj medi mets mgue mizu mnls mobs morp mqzg mro1 COMMENT             
mtka nano nico nist nium nklg nlib nnor not1 nrc1 nrmd ntus COMMENT             
nya1 nyal ohi2 onsa opmt ous2 pado park pdel penc pert pie1 COMMENT             
pimo pohn pol2 polv pots pove prds ptag ptbb ptvl qaq1 quin COMMENT             
rabt ramo reun reyk rgdg rio2 riop salu samo sant savo sch2 COMMENT             
scor sctb seyg sfer shao sofi spt0 ssia sthl stjo stk2 str2 COMMENT             
sutm suwn sydn syog tabv tash thtg thti thu2 tid1 tidb tlse COMMENT             
tn22 tong tow2 tro1 tsea tskb tuva twtf txes uclu ufpr ulab COMMENT             
unb3 unbj unsa urum usn7 usud vald vill voim vtsp wab1 wab2 COMMENT             
wark wgtn whit will wind wsrt wtza wtzl wtzr wtzs wuhn xmis COMMENT             
yar2 yar3 yarr yell ykro zamb zeck zim2 zim3 zimm           COMMENT             
                                                            END OF HEADER       
[from data line 7293]
    18                                                      START OF TEC MAP    
  2023     4    21    17     0     0                        EPOCH OF CURRENT MAP
    87.5-180.0 180.0   5.0 450.0                            LAT/LON1/LON2/DLON/H
  293  294  296  298  301  303  305  308  310  313  315  317  319  321  323  324
  325  326  327  327  327  327  326  326  325  323  322  320  318  317  314  312
  310  308  306  304  302  300  298  297  295  294  293  292  291  290  289  288
  288  287  287  286  286  286  285  285  285  285  284  284  284  284  284  284
  285  285  285  286  287  288  290  291  293
    85.0-180.0 180.0   5.0 450.0                            LAT/LON1/LON2/DLON/H
  260  264  267  271  276  281  286  291  297  302  308  313  318  323  327  330
  333  336  337  338  338  337  336  334  331  328  324  320  316  311  306  301
  297  292  287  283  279  276  273  271  269  267  266  266  265  265  266  266
  267  268  268  269  269  269  268  268  267  266  264  263  261  260  258  256
  255  254  254  254  254  255  256  258  260
    82.5-180.0 180.0   5.0 450.0                            LAT/LON1/LON2/DLON/H
  219  223  227  232  238  245  253  261  269  278  287  295  303  311  318  324
  329  333  335  337  337  336  334  331  327  322  316  309  302  294  287  279
  272  265  258  252  247  243  240  237  236  235  235  237  239  241  244  248
  251  254  257  259  261  262  262  261  259  256  253  249  244  240  235  231
  227  223  220  218  216  216  216  217  219
    80.0-180.0 180.0   5.0 450.0                            LAT/LON1/LON2/DLON/H
  180  183  186  191  197  205  214  224  234  245  257  268  279  289  298  306
  313  319  323  325  326  326  324  320  315  308  300  292  282  273  263  253
  244  235  228  221  215  211  207  205  205  206  208  212  216  222  229  236
  243  250  256  261  265  267  267  265  261  256  250  243  235  227  219  212
  205  198  193  188  184  182  180  180  180
    77.5-180.0 180.0   5.0 450.0                            LAT/LON1/LON2/DLON/H
  154  154  156  159  164  171  179  189  201  213  225  238  250  262  273  282
  291  298  304  308  310  311  310  306  301  294  285  275  265  254  242  231
  221  212  203  197  191  187  184  183  183  186  189  195  202  211  221  232
  243  254  264  272  277  280  280  277  271  263  254  243  232  221  211  201
  192  184  177  171  166  161  158  155  154
    75.0-180.0 180.0   5.0 450.0                            LAT/LON1/LON2/DLON/H
  147  144  143  143  146  150  157  165  176  188  200  213  226  238  249  260
  269  278  285  292  296  299  299  298  293  286  277  267  255  243  231  219
  208  199  191  185  180  177  175  174  175  177  181  187  195  206  218  232
  247  261  274  284  291  295  294  289  280  269  257  243  230  217  206  196
  188  180  174  169  163  159  154  150  147
    72.5-180.0 180.0   5.0 450.0                            LAT/LON1/LON2/DLON/H
  158  153  149  146  145  146  150  157  165  176  187  199  211  222  233  243
  253  263  273  281  289  295  298  298  295  289  280  269  256  243  231  219
  208  199  192  187  183  181  179  178  179  180  182  187  194  204  217  232
  248  265  280  291  299  302  299  292  280  266  251  236  221  209  199  192
  186  183  180  177  175  171  167  163  158
    70.0-180.0 180.0   5.0 450.0                            LAT/LON1/LON2/DLON/H
  181  175  169  163  159  158  159  163  169  178  188  198  208  217  227  236
  246  257  268  280  291  300  306  308  307  301  292  281  268  254  241  229
  219  211  205  200  197  196  194  193  192  191  190  192  195  202  213  227
  243  260  275  287  294  295  290  280  265  249  232  216  203  193  186  183
  183  185  187  189  191  191  189  186  181
    67.5-180.0 180.0   5.0 450.0                            LAT/LON1/LON2/DLON/H
  204  199  193  187  182  178  177  180  185  192  201  209  216  223  230  238
  247  258  271  285  299  311  320  325  324  319  310  298  285  272  259  248
  238  231  225  221  219  217  216  214  211  207  202  199  197  199  205  216
  229  245  258  269  274  272  265  251  235  217  199  184  174  167  165  167
  173  180  188  196  202  207  208  208  204
    65.0-180.0 180.0   5.0 450.0                            LAT/LON1/LON2/DLON/H
  218  216  212  207  203  200  199  202  207  214  221  228  233  237  240  245
  253  264  278  294  310  325  335  341  341  336  327  316  304  292  281  271
  262  255  249  245  242  241  239  236  231  224  216  207  199  195  196  201
  210  222  233  240  242  238  227  212  194  175  159  147  139  137  139  145
  154  166  178  190  200  209  215  218  218
    62.5-180.0 180.0   5.0 450.0                            LAT/LON1/LON2/DLON/H
  214  217  217  217  216  215  217  222  229  237  245  250  252  253  252  254
  259  269  284  301  318  334  345  351  351  347  339  330  320  311  303  295
  288  281  275  270  266  263  260  257  251  243  231  218  204  194  188  187
  192  198  205  208  206  199  186  169  152  135  122  113  108  108  112  120
  130  143  156  169  182  193  202  209  214
    60.0-180.0 180.0   5.0 450.0                            LAT/LON1/LON2/DLON/H
  192  200  207  212  216  221  227  236  247  258  267  271  271  267  263  261
  263  272  285  302  319  334  345  351  352  348  342  336  331  327  323  319
  314  307  300  293  287  283  280  276  271  262  248  232  214  199  187  181
  179  181  183  181  176  165  151  135  119  106   97   91   89   90   93   99
  106  115  126  138  150  161  172  183  192
    57.5-180.0 180.0   5.0 450.0                            LAT/LON1/LON2/DLON/H
  157  171  184  196  207  218  230  245  261  276  287  291  288  280  271  265
  264  270  282  297  312  326  336  341  343  342  339  338  338  340  342  342
  338  332  323  313  305  300  297  294  290  281  268  251  231  212  196  185
  178  175  172  167  158  145  131  117  105   96   91   88   88   88   87   87
   88   91   96  103  112  122  133  145  157
    55.0-180.0 180.0   5.0 450.0                            LAT/LON1/LON2/DLON/H
  121  138  156  174  192  210  229  250  272  292  305  309  303  291  277  267
  264  267  276  288  300  312  321  327  331  333  335  338  344  351  358  361
  359  352  342  331  321  315  312  311  308  302  290  273  253  232  213  199
  189  182  175  167  155  142  129  118  110  106  105  105  105  102   96   89
   82   77   75   77   81   87   96  107  121
    52.5-180.0 180.0   5.0 450.0                            LAT/LON1/LON2/DLON/H
   94  112  134  157  181  204  230  257  285  309  325  328  319  303  285  271
  265  266  272  280  290  299  308  316  323  329  335  343  352  362  371  376
  375  368  357  345  336  330  328  328  327  323  313  297  277  255  236  220
  208  199  190  179  166  154  143  135  132  132  134  136  134  128  117  103
   89   77   69   65   65   67   72   81   94
    50.0-180.0 180.0   5.0 450.0                            LAT/LON1/LON2/DLON/H
   85  102  124  151  178  206  236  268  300  329  347  349  338  318  297  282
  274  273  276  280  286  294  303  314  325  335  344  353  363  374  382  386
  384  377  367  357  349  345  344  345  345  341  332  318  298  277  257  241
  228  218  208  197  184  173  165  160  160  163  167  169  166  158  144  126
  107   91   80   73   70   69   70   75   85
    47.5-180.0 180.0   5.0 450.0                            LAT/LON1/LON2/DLON/H
   96  110  132  159  187  217  249  284  320  351  371  374  361  339  317  301
  293  290  290  291  294  301  313  327  341  354  363  371  378  385  390  391
  388  381  373  366  362  361  362  363  362  358  348  333  313  291  271  255
  243  233  223  212  201  192  186  184  186  189  193  194  191  182  168  150
  132  116  105   99   95   93   90   90   96
    45.0-180.0 180.0   5.0 450.0                            LAT/LON1/LON2/DLON/H
  122  133  152  178  207  236  268  303  341  374  395  399  386  365  344  329
  321  318  316  315  316  323  336  353  369  382  390  394  396  397  396  394
  389  384  379  377  378  381  383  382  379  371  359  341  320  297  276  260
  248  239  230  221  212  205  201  200  201  203  204  204  202  195  184  171
  157  146  138  135  133  130  125  121  122
    42.5-180.0 180.0   5.0 450.0                            LAT/LON1/LON2/DLON/H
  156  163  180  204  231  258  287  321  359  393  416  422  412  393  375  364
  358  354  351  349  350  357  371  388  404  415  419  418  414  409  405  400
  395  392  391  395  400  405  407  404  396  383  367  346  321  296  273  256
  244  236  229  221  214  209  206  205  204  202  201  199  198  195  191  184
  178  173  171  172  173  171  165  158  156
    40.0-180.0 180.0   5.0 450.0                            LAT/LON1/LON2/DLON/H
  184  189  204  227  252  276  302  333  369  404  430  439  434  421  408  401
  397  394  392  390  391  398  410  425  439  446  446  441  434  427  422  418
  416  416  419  425  433  438  438  430  416  398  377  352  324  295  270  251
  239  231  225  218  213  209  206  203  198  193  188  185  185  188  190  192
  193  195  198  201  204  203  197  189  184
    37.5-180.0 180.0   5.0 450.0                            LAT/LON1/LON2/DLON/H
  200  204  219  241  264  286  308  336  370  405  433  448  450  445  439  436
  435  433  432  431  433  439  448  458  466  469  468  464  459  455  455  457
  459  463  468  475  480  481  476  462  442  419  393  364  333  302  274  253
  240  232  226  220  216  212  209  203  195  185  177  174  176  182  189  197
  204  210  214  218  220  218  212  204  200
    35.0-180.0 180.0   5.0 450.0                            LAT/LON1/LON2/DLON/H
  198  203  218  241  265  285  305  329  361  396  427  448  459  463  465  467
  467  467  468  470  473  476  479  482  484  486  487  489  493  500  510  522
  532  539  543  544  542  535  522  501  476  448  419  388  355  321  292  270
  256  247  241  237  232  229  224  215  203  190  181  177  180  187  196  206
  214  219  221  220  218  215  209  201  198
    32.5-180.0 180.0   5.0 450.0                            LAT/LON1/LON2/DLON/H
  181  187  205  230  255  275  293  316  346  381  415  443  463  477  486  491
  494  495  498  504  507  507  502  497  495  499  509  524  543  565  590  614
  632  641  640  631  616  597  574  547  517  486  455  422  388  355  325  304
  290  282  276  272  268  264  257  246  231  217  207  204  206  211  216  221
  225  225  220  213  204  197  189  183  181
    30.0-180.0 180.0   5.0 450.0                            LAT/LON1/LON2/DLON/H
  156  164  184  211  239  261  280  301  330  366  402  436  465  488  504  512
  515  518  525  533  537  531  518  507  506  519  543  575  611  651  691  726
  751  758  749  725  693  660  627  595  562  529  496  462  429  397  370  351
  339  333  329  326  323  318  310  296  280  265  257  255  255  253  249  245
  239  231  218  201  185  172  163  157  156
    27.5-180.0 180.0   5.0 450.0                            LAT/LON1/LON2/DLON/H
  132  141  163  192  223  248  269  291  321  356  395  433  468  498  520  531
  535  541  551  562  564  552  533  521  526  553  595  645  697  749  800  843
  870  874  853  813  765  718  677  641  606  570  534  499  466  437  415  401
  394  392  391  391  389  386  376  361  343  330  325  323  319  308  291  273
  257  239  217  192  168  150  138  132  132
    25.0-180.0 180.0   5.0 450.0                            LAT/LON1/LON2/DLON/H
  117  126  147  179  212  241  265  290  320  356  396  436  476  511  537  551
  558  567  580  592  591  575  552  543  561  606  667  731  792  849  902  946
  972  970  937  883  820  763  718  680  643  604  562  522  489  463  448  442
  442  445  450  454  457  455  445  428  411  400  397  395  386  364  333  301
  273  247  219  188  159  137  124  117  117
    22.5-180.0 180.0   5.0 450.0                            LAT/LON1/LON2/DLON/H
  114  122  142  174  209  242  271  299  331  367  406  447  488  527  557  575
  587  600  616  627  622  601  579  579  614  679  755  825  883  933  979 1016
 1036 1027  986  922  852  791  745  709  670  624  573  525  488  466  458  461
  470  482  493  504  512  513  505  488  470  460  458  456  442  409  365  321
  284  253  222  189  159  136  123  116  114
    20.0-180.0 180.0   5.0 450.0                            LAT/LON1/LON2/DLON/H
  123  128  146  177  214  250  282  314  349  386  424  464  505  545  579  603
  621  639  657  666  656  632  614  628  683  764  847  912  956  988 1017 1042
 1054 1039  995  929  859  802  761  727  685  630  565  505  462  442  442  455
  474  493  513  531  546  552  545  529  512  501  499  494  474  433  380  328
  286  253  224  193  165  145  133  126  123
    17.5-180.0 180.0   5.0 450.0                            LAT/LON1/LON2/DLON/H
  138  139  155  185  223  261  296  332  369  408  446  483  522  563  600  632
  658  683  703  708  693  667  657  687  759  850  929  977  997 1003 1011 1022
 1025 1009  966  907  846  799  767  736  691  624  543  469  418  398  405  427
  454  482  509  534  556  567  564  549  531  519  512  503  477  431  373  319
  277  247  221  196  174  158  149  143  138
    15.0-180.0 180.0   5.0 450.0                            LAT/LON1/LON2/DLON/H
  152  151  164  193  231  270  307  346  387  428  465  500  537  577  619  659
  694  725  747  749  729  705  704  748  831  922  987 1009  999  979  967  965
  964  949  916  869  824  791  769  742  692  613  516  427  368  349  360  389
  423  456  488  519  545  561  562  550  531  515  502  485  454  406  350  298
  260  234  213  195  179  170  164  159  152
    12.5-180.0 180.0   5.0 450.0                            LAT/LON1/LON2/DLON/H
  161  158  169  196  234  274  313  354  398  441  480  513  547  587  632  679
  724  761  783  783  762  741  750  804  889  969 1011 1004  966  925  900  892
  890  881  860  831  804  786  774  749  695  605  495  395  330  310  326  360
  397  431  464  497  525  544  549  539  520  499  477  451  415  367  316  270
  238  217  201  188  179  175  173  169  161
    10.0-180.0 180.0   5.0 450.0                            LAT/LON1/LON2/DLON/H
  162  157  166  194  232  272  312  354  401  447  488  520  552  591  638  691
  742  784  808  807  788  774  791  848  927  987 1001  966  908  858  831  825
  828  827  819  806  795  789  784  760  702  606  490  385  319  300  318  353
  390  422  451  480  507  526  532  524  506  480  448  412  371  325  281  244
  218  200  186  177  172  173  174  170  162
     7.5-180.0 180.0   5.0 450.0                            LAT/LON1/LON2/DLON/H
  154  148  158  186  225  267  306  349  397  447  491  524  555  591  638  693
  748  793  818  821  808  802  825  880  943  978  963  909  845  800  782  785
  795  801  802  801  801  803  799  774  715  620  506  405  342  327  346  380
  412  437  458  479  498  513  519  513  495  464  424  379  332  289  253  225
  203  187  173  164  161  164  167  164  154
     5.0-180.0 180.0   5.0 450.0                            LAT/LON1/LON2/DLON/H
  142  136  146  175  217  260  301  343  393  445  492  528  557  590  634  687
  741  786  815  823  821  825  852  898  940  949  913  851  794  767  768  784
  799  808  813  816  819  821  814  787  731  644  542  452  398  387  407  437
  462  477  486  494  502  508  511  505  488  455  408  355  306  266  237  216
  197  180  164  154  151  154  157  153  142
     2.5-180.0 180.0   5.0 450.0                            LAT/LON1/LON2/DLON/H
  130  123  134  166  212  258  300  342  391  445  495  533  563  593  631  677
  726  769  800  819  829  844  872  906  926  913  865  808  771  769  791  818
  835  841  841  841  840  835  821  793  743  670  586  514  473  469  488  513
  528  531  526  518  512  507  502  496  479  446  397  341  291  255  232  215
  198  179  160  147  143  145  147  142  130
