ionex_files/alger/COD0OPSFIN_20231060000_01D_01H_GIM.INX
     1.0            IONOSPHERE MAPS     GNSS                IONEX VERSION / TYPE
ADDNEQ2 V5.5        AIUB                20-APR-23 21:09     PGM / RUN BY / DATE 
CODE'S GLOBAL IONOSPHERE MAPS FOR DAY 106, 2023             COMMENT             
Global ionosphere maps (GIM) are generated on a daily basis DESCRIPTION         
at CODE using data from about 300 GNSS sites of the IGS and DESCRIPTION         
other institutions. The vertical total electron content     DESCRIPTION         
(VTEC) is modeled in a solar-geomagnetic reference frame    DESCRIPTION         
using a spherical harmonics expansion up to degree and      DESCRIPTION         
order 15. Piece-wise linear functions are used for          DESCRIPTION         
representation in the time domain. The time spacing of      DESCRIPTION         
their vertices is 1 hour, conforming with the epochs of the DESCRIPTION         
VTEC maps.                                                  DESCRIPTION         
To convert line-of-sight TEC into vertical TEC, a modified  DESCRIPTION         
single-layer model mapping function approximating the JPL   DESCRIPTION         
extended slab model mapping function is adopted. The        DESCRIPTION         
mapping function is evaluated at geodetic satellite         DESCRIPTION         
elevation angles. For the computation of the ionospheric    DESCRIPTION         
pierce points, a spherical layer with a radius of 6821 km   DESCRIPTION         
is assumed, implying geocentric, not geodetic IONEX         DESCRIPTION         
latitudes.                                                  DESCRIPTION         
Instrumental biases with respect to each involved GNSS code DESCRIPTION         
observable are estimated as constant values for each        DESCRIPTION         
day. They are modeled with one set of bias parameters for   DESCRIPTION         
each satellite and each station in case of GPS and for each DESCRIPTION         
satellite-station link in case of GLONASS. The code bias    DESCRIPTION         
datum is defined by zero-mean conditions imposed on the     DESCRIPTION         
satellite bias estimates. In this file, just GPS C1W-C2W    DESCRIPTION         
satellite and station bias values are included. The         DESCRIPTION         
complete set of GNSS code bias results is provided in an    DESCRIPTION         
additional Bias-SINEX file as pseudo-absolute values        DESCRIPTION         
specific to each observable.                                DESCRIPTION         
Note: These GIM results correspond to the results for the   DESCRIPTION         
middle day of a 3-day combination analysis solving for 73   DESCRIPTION         
times 256, or 18688 VTEC parameters and 3 daily sets of     DESCRIPTION         
GNSS code bias parameters.                                  DESCRIPTION         
Contact address: code(at)aiub.unibe.ch                      DESCRIPTION         
Data archive:    ftp.aiub.unibe.ch/CODE/                    DESCRIPTION         
                 www.aiub.unibe.ch/download/CODE/           DESCRIPTION         
  2023     4    16     0     0     0                        EPOCH OF FIRST MAP  
  2023     4    17     0     0     0                        EPOCH OF LAST MAP   
  3600                                                      INTERVAL            
[...]
bshm cags cas1 ccj2 cedu chpg chpi chti chur cnmr coco cord COMMENT             
cpvg cpxf crar cro1 daej darw dav1 dgar dhlg drao dubo ebre COMMENT             
faa1 fair flin flrs frdn ftna func ganp glps glsv gode godz COMMENT             
gol2 gold gope gras graz guam guug harb hers hert hlfx hnpt COMMENT             
hob2 hofn holb hrao hyde iddr ieng iisc ineg invk iqal irkj COMMENT             
isba jog2 joz2 joze kerg kir0 kiri kiru kit3 kokb kokv kouc COMMENT             
koug kour krgg lama laut lmmf lpal lpgs m0se mac1 madr mal2 COMMENT             
mana mas1 mat1 mate maw1 mcil mcm4 mdo1 mdvj medi mets mgue COMMENT             
mizu mkea mnls mobs morp mqzg mro1 mtka nano nico nist nium COMMENT             
nklg nlib nnor not1 nrc1 nrmd ntus nya1 nyal ohi2 onsa opmt COMMENT             
ous2 pado park pdel penc pert pie1 pimo pohn pol2 polv pots COMMENT             
pove prds ptag ptbb ptvl qaq1 quin rabt ramo reun reyk rgdg COMMENT             
rio2 riop salu samo sant savo sch2 scor scrz sctb seyg sfer COMMENT             
shao smst sofi spt0 ssia sthl stjo stk2 str2 suth sutm suwn COMMENT             
sydn syog tabv tash thtg thti thu2 tid1 tidb tlse tn22 tong COMMENT             
tow2 tro1 tsea tskb tuva twtf txes uclu ufpr ulab unb3 unbj COMMENT             
unsa urum usn7 usud vald vill voim vtsp wab1 wab2 wark wgtn COMMENT             
whit will wind wsrt wtza wtzl wtzr wtzs wuhn xmis yar2 yar3 COMMENT             
yarr yell ykro zamb zeck zim2 zim3 zimm                     COMMENT             
                                                            END OF HEADER       
[from data line 9867]
    24                                                      START OF TEC MAP    
  2023     4    16    23     0     0                        EPOCH OF CURRENT MAP
    87.5-180.0 180.0   5.0 450.0                            LAT/LON1/LON2/DLON/H
  194  194  194  194  194  194  195  195  196  196  197  197  198  199  199  200
  200  200  201  201  201  201  201  200  200  199  199  198  198  197  197  196
  196  195  195  194  194  194  194  193  193  193  193  194  194  194  194  195
  195  195  196  196  196  197  197  197  197  197  197  197  197  197  197  197
  196  196  196  195  195  195  194  194  194
    85.0-180.0 180.0   5.0 450.0                            LAT/LON1/LON2/DLON/H
  191  190  189  189  189  190  191  192  194  196  199  201  203  206  208  210
  212  213  213  214  214  213  212  211  209  207  205  203  201  199  197  195
  194  192  191  190  190  189  189  189  189  189  190  190  191  192  193  194
  195  196  197  198  199  201  202  203  204  204  205  205  205  205  205  204
  203  202  200  199  197  195  194  192  191
    82.5-180.0 180.0   5.0 450.0                            LAT/LON1/LON2/DLON/H
  191  188  186  185  184  185  186  189  192  197  202  207  212  217  222  226
  229  231  232  233  232  230  228  224  221  217  212  208  204  200  196  193
  191  188  187  186  185  184  184  185  185  185  186  187  187  188  189  191
  192  194  196  199  201  204  206  209  211  214  215  217  218  218  218  217
  216  214  211  208  205  202  198  195  191
    80.0-180.0 180.0   5.0 450.0                            LAT/LON1/LON2/DLON/H
  199  194  189  185  183  183  184  187  193  199  207  215  223  231  239  244
  249  252  253  253  251  248  244  238  232  226  219  212  206  200  195  191
  187  185  183  182  181  181  182  182  182  183  183  183  183  183  184  185
  186  188  191  194  198  203  207  212  217  221  225  228  231  233  234  234
  234  232  229  226  222  217  211  205  199
    77.5-180.0 180.0   5.0 450.0                            LAT/LON1/LON2/DLON/H
  219  211  203  195  190  187  187  190  196  205  215  226  236  247  255  263
  268  271  272  271  268  263  258  250  242  234  225  216  208  200  194  189
  185  182  181  180  180  180  181  181  181  181  180  179  178  176  175  175
  175  177  180  184  190  196  203  210  218  225  231  237  242  246  249  251
  253  253  252  250  246  241  235  228  219
    75.0-180.0 180.0   5.0 450.0                            LAT/LON1/LON2/DLON/H
  251  240  228  217  207  201  198  200  205  214  225  238  250  261  270  276
  281  283  283  281  278  273  267  259  251  241  231  221  211  203  195  190
  185  182  181  180  180  180  181  181  180  179  177  174  170  167  163  161
  160  161  164  169  175  184  193  203  213  223  232  240  247  254  259  264
  268  272  275  276  275  273  268  261  251
    72.5-180.0 180.0   5.0 450.0                            LAT/LON1/LON2/DLON/H
  291  279  264  249  234  223  216  215  218  227  238  250  262  272  279  284
  286  286  285  284  281  278  273  266  258  248  238  227  217  207  200  193
  188  185  182  181  180  180  179  178  177  174  171  166  161  155  149  144
  141  141  144  150  158  168  180  193  205  217  227  237  246  254  261  269
  276  284  291  298  303  305  304  299  291
    70.0-180.0 180.0   5.0 450.0                            LAT/LON1/LON2/DLON/H
  330  319  304  285  267  250  239  233  235  241  252  263  273  279  283  284
  282  281  280  279  279  278  276  272  265  256  246  235  224  215  206  199
  193  188  184  181  178  176  174  172  169  166  162  156  149  141  133  126
  122  121  124  130  140  152  166  180  194  207  218  228  238  246  255  264
  274  285  297  309  321  330  335  336  330
    67.5-180.0 180.0   5.0 450.0                            LAT/LON1/LON2/DLON/H
  361  354  340  321  299  279  263  253  251  255  264  273  280  283  282  278
  273  270  269  271  275  279  280  279  274  265  255  244  233  224  215  207
  200  193  186  180  174  168  164  160  157  154  150  144  136  127  118  110
  105  103  106  113  124  137  153  168  183  196  207  217  225  233  242  251
  262  275  290  307  324  340  353  360  361
    65.0-180.0 180.0   5.0 450.0                            LAT/LON1/LON2/DLON/H
  375  375  365  349  327  304  284  271  265  266  272  279  283  282  276  268
  261  258  259  265  274  282  287  288  283  275  265  254  243  234  226  217
  209  199  189  178  168  159  152  147  144  141  137  132  125  116  107   98
   92   90   92  100  112  126  142  158  173  185  196  205  213  220  227  234
  244  257  272  290  311  332  351  366  375
    62.5-180.0 180.0   5.0 450.0                            LAT/LON1/LON2/DLON/H
  369  378  376  365  347  324  302  285  276  274  277  281  282  278  269  259
  251  249  253  264  278  290  298  299  294  285  274  263  254  246  239  230
  220  207  193  178  164  151  141  135  132  130  128  125  119  110  101   91
   85   82   85   93  105  119  135  151  165  177  188  196  203  209  214  220
  227  237  249  265  285  308  332  353  369
    60.0-180.0 180.0   5.0 450.0                            LAT/LON1/LON2/DLON/H
  348  366  374  372  359  340  317  298  284  278  277  279  277  272  262  251
  245  245  255  271  289  304  312  312  305  294  283  274  267  261  254  245
  233  218  200  181  163  147  136  129  126  125  125  123  119  111  101   91
   84   81   84   91  103  117  132  147  161  173  183  191  198  204  209  213
  217  222  230  241  256  277  300  325  348
    57.5-180.0 180.0   5.0 450.0                            LAT/LON1/LON2/DLON/H
  320  345  364  372  369  355  334  312  294  282  277  275  272  266  257  248
  244  248  262  282  303  319  326  324  315  304  294  287  283  279  273  262
  248  229  208  187  167  150  138  130  128  128  130  129  125  117  107   97
   89   86   88   95  106  119  133  147  160  172  183  192  201  208  214  217
  219  220  221  226  234  248  268  293  320
    55.0-180.0 180.0   5.0 450.0                            LAT/LON1/LON2/DLON/H
  297  327  354  374  381  374  356  332  309  291  280  274  270  264  256  249
  248  256  274  297  319  335  341  336  327  316  308  304  303  300  292  279
  261  239  216  194  175  159  147  140  138  139  141  141  137  128  118  107
   99   96   97  103  112  123  137  151  164  177  189  200  210  220  227  232
  234  233  230  228  229  236  249  270  297
    52.5-180.0 180.0   5.0 450.0                            LAT/LON1/LON2/DLON/H
  289  320  353  382  399  400  386  361  334  309  291  280  273  267  260  255
  256  266  285  309  333  348  353  349  340  332  327  326  325  321  310  292
  269  245  221  201  184  171  161  155  153  155  156  156  151  143  132  121
  113  110  110  114  121  131  143  158  173  187  200  213  225  237  248  255
  259  259  256  251  247  246  252  266  289
    50.0-180.0 180.0   5.0 450.0                            LAT/LON1/LON2/DLON/H
  303  331  365  399  424  433  424  400  369  339  314  298  287  279  272  267
  267  276  295  319  343  360  367  365  358  352  350  349  346  338  321  297
  269  242  220  204  192  183  176  172  170  171  172  172  167  158  147  137
  130  126  125  127  132  140  152  168  186  202  217  230  243  257  271  282
  290  294  295  292  287  283  281  287  303
    47.5-180.0 180.0   5.0 450.0                            LAT/LON1/LON2/DLON/H
  340  361  392  427  456  471  467  446  415  381  351  329  314  303  293  285
  281  286  303  327  353  373  384  386  382  378  374  370  362  347  322  291
  259  232  213  202  197  194  190  187  185  185  186  185  181  173  163  154
  147  144  142  142  143  150  163  181  202  221  237  250  263  277  293  308
  321  332  339  343  343  339  334  332  340
    45.0-180.0 180.0   5.0 450.0                            LAT/LON1/LON2/DLON/H
  395  407  430  461  490  508  510  494  466  432  399  373  354  338  323  309
  299  299  312  336  366  392  409  415  412  405  396  384  368  343  312  276
  243  218  204  200  201  203  202  199  197  196  197  197  194  187  178  171
  166  163  160  156  154  159  173  195  220  243  260  272  283  295  311  329
  347  365  382  396  404  405  400  394  395
    42.5-180.0 180.0   5.0 450.0                            LAT/LON1/LON2/DLON/H
  456  460  475  497  522  540  546  538  517  487  455  427  404  384  363  341
  323  316  326  353  388  421  444  451  445  430  410  386  359  328  292  256
  226  206  199  202  208  213  214  210  207  205  206  207  206  201  195  189
  185  182  176  169  164  167  182  208  238  265  283  293  301  311  325  344
  366  390  415  440  459  468  467  461  456
    40.0-180.0 180.0   5.0 450.0                            LAT/LON1/LON2/DLON/H
  516  515  520  533  550  565  575  575  563  541  514  487  462  437  410  380
  354  341  350  380  422  461  486  491  476  447  412  376  340  306  272  242
  219  207  207  215  225  231  230  225  219  216  217  220  220  217  213  208
  204  200  192  181  173  173  189  218  253  284  303  312  317  323  336  354
  378  406  438  470  499  517  524  521  516
    37.5-180.0 180.0   5.0 450.0                            LAT/LON1/LON2/DLON/H
  567  565  565  568  576  587  597  604  602  590  570  546  520  492  460  424
  392  376  385  419  467  509  532  527  498  452  402  356  317  286  262  244
  232  230  236  247  256  260  256  247  238  234  234  236  238  236  232  227
  222  215  205  191  180  178  193  224  263  298  320  328  330  334  344  362
  386  415  450  487  521  548  563  568  567
    35.0-180.0 180.0   5.0 450.0                            LAT/LON1/LON2/DLON/H
  607  610  610  607  607  611  620  630  636  633  620  600  575  545  509  470
  435  418  430  467  517  557  571  553  507  446  385  335  302  283  274  270
  271  277  287  297  303  301  293  279  267  259  257  259  260  257  252  245
  237  228  215  200  185  181  194  226  268  306  330  339  341  344  354  371
  395  424  458  495  530  561  583  598  607
    32.5-180.0 180.0   5.0 450.0                            LAT/LON1/LON2/DLON/H
  639  653  658  655  649  646  651  662  672  674  665  647  622  592  555  515
  481  465  479  517  563  595  597  562  501  431  368  326  307  305  313  324
  336  346  355  360  359  351  336  319  303  292  286  285  283  279  270  259
  248  236  223  206  191  184  194  225  268  309  336  347  350  353  364  383
  408  436  468  501  533  563  591  617  639
    30.0-180.0 180.0   5.0 450.0                            LAT/LON1/LON2/DLON/H
  668  697  712  714  707  700  700  706  714  715  707  688  662  631  596  557
  525  512  525  560  598  616  601  553  484  415  363  338  339  357  380  401
  415  424  427  424  414  399  380  360  341  327  317  312  306  298  285  270
  255  241  227  212  196  187  194  221  263  306  336  351  357  363  377  399
  426  456  485  513  539  566  596  632  668
    27.5-180.0 180.0   5.0 450.0                            LAT/LON1/LON2/DLON/H
  700  744  773  784  781  773  768  767  767  763  749  727  698  667  632  597
  567  554  564  590  614  616  586  530  463  407  377  377  401  434  464  483
  493  494  488  474  455  433  412  391  373  356  343  333  323  311  295  276
  257  241  229  216  202  192  194  216  255  299  334  354  363  374  392  418
  450  483  512  535  555  576  608  651  700
    25.0-180.0 180.0   5.0 450.0                            LAT/LON1/LON2/DLON/H
  737  793  835  857  864  859  850  841  832  818  797  768  735  702  668  635
  607  592  595  608  615  599  558  501  447  414  412  438  480  519  544  553
  550  539  521  496  469  444  423  406  390  373  358  344  331  317  298  276
  255  238  228  219  208  197  194  210  246  290  329  354  369  384  407  439
  477  515  546  568  583  600  631  679  737
    22.5-180.0 180.0   5.0 450.0                            LAT/LON1/LON2/DLON/H
  779  841  891  924  941  944  936  921  903  880  851  815  778  742  709  677
  649  629  621  618  606  576  530  480  445  439  464  510  557  589  598  588
  568  544  516  484  452  426  409  399  388  374  358  343  329  313  294  270
  248  233  225  220  212  201  194  204  236  281  324  354  375  395  423  460
  504  548  585  608  622  637  666  716  779
    20.0-180.0 180.0   5.0 450.0                            LAT/LON1/LON2/DLON/H
  819  879  931  971  998 1011 1008  992  969  941  908  869  829  791  758  726
  696  669  649  629  602  562  516  477  463  479  520  571  610  623  608  576
  542  509  477  441  407  384  374  371  368  358  344  330  316  302  284  262
  240  225  219  217  213  201  192  197  226  271  318  354  380  406  438  480
  529  579  620  648  664  680  710  758  819
    17.5-180.0 180.0   5.0 450.0                            LAT/LON1/LON2/DLON/H
  853  904  948  988 1023 1046 1051 1040 1020  994  963  926  886  850  817  786
  752  718  686  653  614  570  527  500  498  522  563  601  618  603  563  516
  475  444  414  380  348  329  327  333  337  332  321  309  298  286  271  251
  230  215  210  210  208  197  187  190  216  262  311  353  385  416  453  498
  550  602  648  681  702  722  753  800  853
    15.0-180.0 180.0   5.0 450.0                            LAT/LON1/LON2/DLON/H
  877  912  942  974 1010 1041 1057 1056 1045 1030 1009  980  946  913  884  854
  819  779  738  696  652  607  568  544  542  556  576  585  570  528  471  420
  387  369  350  322  295  281  285  299  308  306  296  286  278  270  257  239
  220  205  198  199  197  189  178  181  207  253  305  350  388  426  467  515
  566  618  665  702  729  755  789  833  877
    12.5-180.0 180.0   5.0 450.0                            LAT/LON1/LON2/DLON/H
  889  907  917  936  967 1002 1027 1039 1043 1045 1040 1025 1001  975  951  925
  890  848  804  759  715  671  631  601  581  567  550  520  472  411  352  314
  305  309  307  289  266  257  265  282  292  289  279  270  263  256  245  229
  211  194  185  184  182  176  168  173  200  246  298  345  389  433  480  529
  577  626  671  710  742  774  814  856  889
    10.0-180.0 180.0   5.0 450.0                            LAT/LON1/LON2/DLON/H
  894  896  887  889  911  944  974  997 1018 1038 1053 1053 1042 1026 1011  990
  959  919  875  833  791  747  702  654  603  548  486  418  347  282  239  231
  255  288  304  295  276  269  278  293  298  289  275  263  255  247  237  222
  203  184  172  167  166  162  158  166  194  239  290  339  387  438  491  540
  585  627  669  707  743  781  825  868  894
     7.5-180.0 180.0   5.0 450.0                            LAT/LON1/LON2/DLON/H
  897  890  868  854  863  890  920  949  982 1019 1050 1065 1065 1060 1053 1040
 1015  978  939  902  863  817  758  685  598  500  399  305  229  179  167  197
  256  316  346  343  326  318  326  334  328  308  285  267  255  245  232  216
  197  176  161  153  150  148  149  162  191  234  282  330  381  439  497  548
  589  625  661  697  735  778  828  873  897
     5.0-180.0 180.0   5.0 450.0                            LAT/LON1/LON2/DLON/H
  904  898  871  848  845  861  885  915  953  998 1038 1061 1070 1073 1074 1068
 1048 1016  981  948  911  858  783  684  563  433  312  214  153  134  161  228
  315  390  426  422  404  395  398  397  376  341  306  280  262  247  231  213
  193  171  152  141  137  138  143  158  188  229  273  319  372  434  497  549
  587  619  651  686  725  771  825  876  904
     2.5-180.0 180.0   5.0 450.0                            LAT/LON1/LON2/DLON/H
  918  923  902  878  869  875  889  911  946  988 1026 1050 1061 1067 1073 1071
 1053 1024  991  959  919  858  767  647  508  369  252  176  149  169  231  322
  419  491  520  510  489  479  478  465  430  379  331  297  273  252  232  212
  191  168  147  133  129  130  138  155  184  222  263  307  361  425  491  543
  580  609  641  676  716  763  821  880  918
