ionex_files/alger/COD0OPSFIN_20231090000_01D_01H_GIM.INX
     1.0            IONOSPHERE MAPS     GNSS                IONEX VERSION / TYPE
ADDNEQ2 V5.5        AIUB                23-APR-23 20:52     PGM / RUN BY / DATE 
CODE'S GLOBAL IONOSPHERE MAPS FOR DAY 109, 2023             COMMENT             
Global ionosphere maps (GIM) are generated on a daily basis DESCRIPTION         
at CODE using data from about 300 GNSS sites of the IGS and DESCRIPTION         
other institutions. The vertical total electron content     DESCRIPTION         
(VTEC) is modeled in a solar-geomagnetic reference frame    DESCRIPTION         
using a spherical harmonics expansion up to degree and      DESCRIPTION         
order 15. Piece-wise linear functions are used for          DESCRIPTION         
representation in the time domain. The time spacing of      DESCRIPTION         
their vertices is 1 hour, conforming with the epochs of the DESCRIPTION         
VTEC maps.                                                  DESCRIPTION         
To convert line-of-sight TEC into vertical TEC, a modified  DESCRIPTION         
single-layer model mapping function approximating the JPL   DESCRIPTION         
extended slab model mapping function is adopted. The        DESCRIPTION         
mapping function is evaluated at geodetic satellite         DESCRIPTION         
elevation angles. For the computation of the ionospheric    DESCRIPTION         
pierce points, a spherical layer with a radius of 6821 km   DESCRIPTION         
is assumed, implying geocentric, not geodetic IONEX         DESCRIPTION         
latitudes.                                                  DESCRIPTION         
Instrumental biases with respect to each involved GNSS code DESCRIPTION         
observable are estimated as constant values for each        DESCRIPTION         
day. They are modeled with one set of bias parameters for   DESCRIPTION         
each satellite and each station in case of GPS and for each DESCRIPTION         
satellite-station link in case of GLONASS. The code bias    DESCRIPTION         
datum is defined by zero-mean conditions imposed on the     DESCRIPTION         
satellite bias estimates. In this file, just GPS C1W-C2W    DESCRIPTION         
satellite and station bias values are included. The         DESCRIPTION         
complete set of GNSS code bias results is provided in an    DESCRIPTION         
additional Bias-SINEX file as pseudo-absolute values        DESCRIPTION         
specific to each observable.                                DESCRIPTION         
Note: These GIM results correspond to the results for the   DESCRIPTION         
middle day of a 3-day combination analysis solving for 73   DESCRIPTION         
times 256, or 18688 VTEC parameters and 3 daily sets of     DESCRIPTION         
GNSS code bias parameters.                                  DESCRIPTION         
Contact address: code(at)aiub.unibe.ch                      DESCRIPTION         
Data archive:    ftp.aiub.unibe.ch/CODE/                    DESCRIPTION         
                 www.aiub.unibe.ch/download/CODE/           DESCRIPTION         
  2023     4    19     0     0     0                        EPOCH OF FIRST MAP  
  2023     4    20     0     0     0                        EPOCH OF LAST MAP   
  3600                                                      INTERVAL            
[...]
brux bshm cags cas1 ccj2 cedu chpg chpi chti chur cnmr coco COMMENT             
cord cpvg cpxf crar cro1 daej darw dav1 dgar dhlg drao dubo COMMENT             
ebre faa1 fair flin flrs frdn ftna func ganp glps glsv gode COMMENT             
godz gol2 gold gope gras graz guam guug harb hers hert hlfx COMMENT             
hnpt hob2 hofn holb hrao hyde iddr ieng iisc ineg invk iqal COMMENT             
irkj isba jog2 joz2 joze kerg kir0 kiri kiru kit3 kokb kokv COMMENT             
kouc koug kour krgg lama laut lmmf lpal lpgs m0se mac1 madr COMMENT             
mal2 mana mas1 mat1 mate maw1 mcm4 mdo1 mdvj medi mets mgue COMMENT             
mizu mnls mobs morp mqzg mro1 mtka nano nico nist nium nklg COMMENT             
nlib nnor not1 nrc1 nrmd ntus nya1 nyal ohi2 onsa opmt ous2 COMMENT             
pado park pdel penc pert pie1 pimo pohn pol2 polv pots pove COMMENT             
prds ptag ptbb ptvl qaq1 quin rabt ramo reun reyk rgdg rio2 COMMENT             
riop salu samo sant savo sch2 scor scrz sctb seyg sfer shao COMMENT             
sofi spt0 ssia sthl stjo stk2 str2 suth sutm suwn sydn syog COMMENT             
tabv tash thtg thti thu2 tid1 tidb tlse tn22 tong tow2 tro1 COMMENT             
tsea tskb tuva twtf txes uclu ufpr ulab unb3 unbj unsa urum COMMENT             
usn7 usud vald vill voim vtsp wab1 wab2 wark wgtn whit will COMMENT             
wind wsrt wtza wtzl wtzr wtzs wuhn xmis yar2 yar3 yarr yell COMMENT             
ykro zamb zeck zim2 zim3 zimm                               COMMENT             
                                                            END OF HEADER       
[from data line 3003]
     8                                                      START OF TEC MAP    
  2023     4    19     7     0     0                        EPOCH OF CURRENT MAP
    87.5-180.0 180.0   5.0 450.0                            LAT/LON1/LON2/DLON/H
  151  152  152  153  155  156  158  160  162  164  166  168  171  173  175  177
  179  180  182  183  184  185  186  186  186  186  186  186  186  185  185  185
  184  184  183  183  182  182  181  181  180  180  180  179  179  178  178  177
  176  176  175  174  173  172  171  170  168  167  165  164  162  161  159  158
  156  155  154  153  152  151  151  151  151
    85.0-180.0 180.0   5.0 450.0                            LAT/LON1/LON2/DLON/H
  129  129  130  131  134  137  141  145  150  155  161  167  172  177  182  187
  191  194  197  199  200  201  201  200  199  198  196  195  193  191  190  188
  187  186  186  185  185  185  186  186  186  187  188  188  189  189  190  190
  191  191  191  190  190  189  187  185  183  180  177  174  170  166  162  157
  153  148  144  140  137  134  131  130  129
    82.5-180.0 180.0   5.0 450.0                            LAT/LON1/LON2/DLON/H
  111  109  108  109  112  116  121  128  135  144  153  162  171  180  188  195
  201  206  209  211  212  211  209  206  203  199  195  191  188  185  183  181
  180  180  181  182  183  185  188  190  193  195  198  201  204  206  209  211
  214  216  218  219  220  221  221  220  218  215  211  206  199  193  185  176
  168  159  150  141  133  126  120  115  111
    80.0-180.0 180.0   5.0 450.0                            LAT/LON1/LON2/DLON/H
  107  101   97   96   97  100  105  112  120  130  141  153  165  176  186  196
  204  209  213  215  214  211  207  201  195  188  181  176  171  168  166  165
  166  169  172  176  181  186  191  197  202  207  213  218  223  228  233  238
  243  248  253  257  261  265  267  268  268  266  262  257  249  240  229  217
  203  189  175  162  148  136  125  115  107
    77.5-180.0 180.0   5.0 450.0                            LAT/LON1/LON2/DLON/H
  122  111  103   97   94   94   96  101  109  118  129  140  153  165  177  188
  197  203  207  208  206  201  194  185  176  167  159  152  147  145  145  147
  152  158  165  173  181  190  199  207  215  223  230  238  245  252  259  266
  274  282  290  298  306  313  319  324  326  327  324  319  311  300  287  272
  255  237  219  200  182  165  149  135  122
    75.0-180.0 180.0   5.0 450.0                            LAT/LON1/LON2/DLON/H
  155  139  126  115  107  102  100  101  104  110  118  127  138  149  161  171
  180  187  191  192  189  183  174  163  152  141  132  126  123  123  127  133
  142  152  163  175  186  198  209  219  229  239  248  257  265  274  283  292
  302  312  322  333  344  355  365  374  380  383  383  379  372  361  347  330
  312  292  272  251  231  210  191  172  155
    72.5-180.0 180.0   5.0 450.0                            LAT/LON1/LON2/DLON/H
  201  181  162  146  133  122  114  110  108  109  112  116  123  131  140  149
  157  164  169  169  167  160  150  139  127  117  109  104  104  108  115  126
  138  152  166  180  194  206  218  229  240  251  261  271  281  291  300  311
  321  333  345  358  371  384  397  409  418  424  427  425  418  408  394  378
  360  341  322  302  283  262  242  221  201
    70.0-180.0 180.0   5.0 450.0                            LAT/LON1/LON2/DLON/H
  248  225  203  182  164  148  136  127  120  115  112  111  111  114  119  125
  132  138  143  145  143  137  128  117  106   97   91   89   92  100  112  126
  142  157  172  186  199  211  222  233  244  255  266  277  288  299  310  320
  331  343  355  368  382  396  410  423  434  442  446  445  440  431  419  404
  389  373  358  343  327  310  291  270  248
    67.5-180.0 180.0   5.0 450.0                            LAT/LON1/LON2/DLON/H
  285  261  236  212  191  172  157  145  134  125  117  110  105  101  101  103
  108  113  118  121  120  115  108   98   89   82   79   81   88   99  114  131
  147  163  177  189  199  209  218  228  238  250  262  274  287  299  310  322
  332  343  355  366  379  391  404  417  428  436  440  440  435  427  416  403
  392  381  372  363  354  342  327  308  285
    65.0-180.0 180.0   5.0 450.0                            LAT/LON1/LON2/DLON/H
  306  281  255  229  206  187  172  159  147  137  126  114  104   95   89   87
   88   92   97  100  101   97   92   84   78   74   74   79   88  102  118  135
  151  166  177  186  193  199  206  214  225  237  251  265  279  293  305  317
  328  338  348  357  367  376  386  396  405  412  416  415  410  401  390  379
  371  365  363  362  360  354  344  327  306
    62.5-180.0 180.0   5.0 450.0                            LAT/LON1/LON2/DLON/H
  307  283  257  231  209  190  176  165  155  145  133  120  106   93   83   78
   76   78   82   85   86   84   80   74   70   69   72   79   90  104  120  136
  150  163  172  177  181  184  189  197  207  221  237  253  269  284  298  311
  322  332  341  348  354  360  366  372  378  383  385  382  375  365  353  342
  336  334  337  342  347  347  341  327  307
    60.0-180.0 180.0   5.0 450.0                            LAT/LON1/LON2/DLON/H
  296  273  248  224  203  186  173  164  156  147  137  125  111   96   84   75
   72   72   75   77   78   76   72   69   67   68   73   80   91  103  117  131
  144  155  162  166  168  169  173  180  192  207  225  243  260  277  292  307
  320  330  339  344  348  350  352  355  358  360  360  355  346  333  319  307
  300  300  305  315  323  327  324  314  296
    57.5-180.0 180.0   5.0 450.0                            LAT/LON1/LON2/DLON/H
  280  260  239  217  198  182  170  161  153  146  138  127  115  101   88   79
   74   73   75   76   76   74   71   68   68   71   76   83   91  100  111  122
  134  145  152  156  158  159  162  170  183  200  219  238  257  275  292  308
  323  336  345  350  352  352  352  352  353  353  351  345  334  318  300  285
  276  274  280  289  299  305  304  295  280
    55.0-180.0 180.0   5.0 450.0                            LAT/LON1/LON2/DLON/H
  271  257  240  223  206  190  175  163  153  145  137  128  118  107   96   87
   83   82   83   83   82   79   76   74   76   80   85   90   94   98  104  114
  125  137  147  152  155  156  160  169  183  201  221  242  261  280  298  317
  334  349  360  367  369  368  366  365  364  364  362  355  342  324  303  284
  271  266  268  275  283  288  288  282  271
    52.5-180.0 180.0   5.0 450.0                            LAT/LON1/LON2/DLON/H
  275  268  260  248  233  216  197  178  162  149  139  131  122  113  105   98
   95   95   97   97   96   92   88   87   90   95  100  102  101  100  102  110
  122  136  148  156  160  162  165  174  189  209  231  253  273  293  312  332
  352  369  382  390  393  393  391  389  389  389  387  380  367  347  324  302
  285  275  274  277  281  283  283  280  275
    50.0-180.0 180.0   5.0 450.0                            LAT/LON1/LON2/DLON/H
  291  294  294  290  278  259  234  208  183  162  147  137  129  122  116  111
  110  112  115  117  115  111  108  107  111  117  121  121  116  110  108  114
  127  143  158  168  171  172  175  184  200  221  245  269  291  312  333  353
  374  392  406  415  419  420  419  418  418  418  417  411  398  379  355  331
  311  299  293  292  291  290  289  289  291
    47.5-180.0 180.0   5.0 450.0                            LAT/LON1/LON2/DLON/H
  314  325  334  337  329  309  281  248  214  186  164  150  140  133  128  125
  125  129  135  139  139  135  132  132  137  144  148  145  137  127  123  127
  141  158  174  183  185  183  185  193  210  234  262  289  314  337  358  379
  399  417  430  438  443  444  444  443  443  443  442  437  426  408  385  361
  341  328  320  315  310  305  303  306  314
    45.0-180.0 180.0   5.0 450.0                            LAT/LON1/LON2/DLON/H
  333  350  365  372  368  351  322  287  249  215  188  169  157  149  142  139
  140  146  155  162  163  161  158  159  164  172  176  172  162  150  144  148
  161  178  191  197  196  192  191  200  219  247  280  311  340  365  388  408
  426  441  452  459  462  463  463  462  461  460  457  452  442  426  406  384
  367  355  347  339  331  323  319  322  333
    42.5-180.0 180.0   5.0 450.0                            LAT/LON1/LON2/DLON/H
  341  356  372  381  379  366  343  312  277  243  214  193  178  167  158  153
  153  161  172  181  186  184  181  182  188  197  201  198  187  175  169  172
  183  197  207  208  203  196  195  205  227  260  298  335  369  397  420  440
  455  467  475  479  481  481  480  478  474  470  465  458  449  434  417  399
  385  376  370  363  352  339  331  331  341
    40.0-180.0 180.0   5.0 450.0                            LAT/LON1/LON2/DLON/H
  334  342  351  355  353  345  332  313  289  262  236  215  199  185  174  166
  165  172  185  197  203  203  200  200  206  215  219  216  207  196  191  194
  204  214  218  215  206  199  199  212  238  275  318  360  398  429  454  472
  486  496  502  505  507  506  504  499  492  483  474  465  455  441  425  411
  401  396  393  385  372  355  340  332  334
    37.5-180.0 180.0   5.0 450.0                            LAT/LON1/LON2/DLON/H
  322  315  308  301  294  290  288  286  278  265  248  231  216  203  189  179
  176  183  196  209  216  216  213  212  217  224  228  226  218  210  207  211
  219  225  225  219  210  204  208  224  254  294  341  387  428  462  487  506
  520  531  538  543  546  547  544  537  527  514  500  488  475  461  446  433
  425  423  422  414  397  374  351  333  322
    35.0-180.0 180.0   5.0 450.0                            LAT/LON1/LON2/DLON/H
  316  290  263  238  220  216  224  238  249  252  246  237  227  215  203  192
  187  193  205  218  225  224  221  219  222  226  229  226  220  215  215  220
  227  231  229  223  217  217  227  247  279  320  367  414  457  492  519  540
  557  572  586  598  606  610  609  601  588  572  555  540  524  508  491  477
  470  468  466  456  436  406  374  344  316
    32.5-180.0 180.0   5.0 450.0                            LAT/LON1/LON2/DLON/H
  335  289  241  195  162  150  160  185  211  228  234  233  230  223  214  205
  200  204  215  226  232  231  226  223  223  225  224  219  214  211  213  221
  229  234  234  232  233  241  257  281  312  351  395  441  483  519  548  573
  596  621  645  668  685  695  697  692  680  663  644  626  608  589  570  554
  544  539  533  519  493  458  418  377  335
    30.0-180.0 180.0   5.0 450.0                            LAT/LON1/LON2/DLON/H
  389  329  263  198  146  120  124  150  182  206  220  225  228  227  224  218
  215  219  228  236  239  237  232  228  226  223  217  209  202  200  204  215
  226  235  241  247  257  274  296  322  350  384  423  465  506  543  575  604
  636  672  711  746  775  793  801  800  792  778  761  742  723  703  681  661
  646  635  623  603  572  532  488  440  389
    27.5-180.0 180.0   5.0 450.0                            LAT/LON1/LON2/DLON/H
  480  416  341  262  193  149  137  151  177  199  213  220  226  232  234  234
  234  238  244  249  249  245  241  237  232  223  212  199  189  185  190  204
  220  236  250  267  288  313  339  364  387  414  446  484  524  563  598  634
  674  722  774  823  861  888  903  910  909  901  887  871  853  833  810  787
  768  750  730  702  666  624  580  533  480
    25.0-180.0 180.0   5.0 450.0                            LAT/LON1/LON2/DLON/H
  596  538  466  384  303  240  205  198  207  218  223  227  232  241  249  254
  257  261  264  264  260  256  252  248  241  228  210  191  176  170  174  190
  212  236  261  289  319  351  379  400  417  437  464  500  540  581  621  662
  709  765  825  883  929  962  984  999 1007 1007 1000  988  974  957  936  914
  891  867  839  804  764  723  683  642  596
    22.5-180.0 180.0   5.0 450.0                            LAT/LON1/LON2/DLON/H
  714  671  612  538  455  376  318  286  273  266  258  251  252  260  269  278
  283  286  286  281  273  267  264  261  251  234  210  186  166  155  158  174
  201  234  270  307  345  380  407  425  437  452  477  512  555  600  644  688
  738  795  858  917  964  999 1026 1048 1066 1075 1075 1069 1061 1050 1036 1017
  995  968  935  895  852  813  779  748  714
    20.0-180.0 180.0   5.0 450.0                            LAT/LON1/LON2/DLON/H
  807  781  743  686  610  526  452  398  364  338  314  296  288  290  297  305
  311  312  307  297  285  277  275  271  260  238  211  182  158  143  142  158
  189  230  274  319  362  397  422  436  446  461  487  525  571  621  669  714
  761  812  868  919  960  992 1021 1050 1076 1092 1099 1098 1097 1095 1091 1080
 1063 1037 1001  959  916  879  851  829  807
    17.5-180.0 180.0   5.0 450.0                            LAT/LON1/LON2/DLON/H
  850  837  819  786  728  650  571  506  459  421  386  356  337  330  332  336
  338  336  326  310  293  284  281  277  263  239  209  179  152  133  128  142
  176  221  272  322  366  400  423  437  449  468  498  540  591  645  696  740
  779  818  858  894  923  947  974 1006 1038 1060 1070 1074 1080 1089 1096 1096
 1086 1065 1031  989  947  912  886  866  850
    15.0-180.0 180.0   5.0 450.0                            LAT/LON1/LON2/DLON/H
  833  822  819  808  773  713  644  584  538  499  460  422  394  377  369  366
  363  356  341  319  298  286  281  276  260  233  203  174  148  126  117  129
  162  210  265  316  360  393  415  431  449  475  512  558  613  670  723  764
  793  816  836  853  867  881  903  936  969  992 1003 1010 1022 1040 1058 1069
 1069 1054 1026  988  947  911  881  854  833
    12.5-180.0 180.0   5.0 450.0                            LAT/LON1/LON2/DLON/H
  762  740  739  744  733  700  654  613  583  555  522  484  449  422  405  393
  382  369  349  322  298  283  276  268  250  223  194  169  145  123  110  118
  150  199  254  306  348  380  403  425  452  487  529  578  633  692  746  784
  804  811  813  812  811  815  833  863  895  916  924  931  946  971  998 1016
 1024 1017  995  962  924  885  844  800  762
    10.0-180.0 180.0   5.0 450.0                            LAT/LON1/LON2/DLON/H
  660  614  602  613  623  617  602  591  588  582  562  529  493  460  433  412
  393  374  350  321  294  277  268  256  236  209  184  164  144  123  108  113
  142  189  244  295  336  367  393  422  458  502  548  595  647  705  760  798
  813  810  799  785  775  773  787  814  842  857  860  865  881  909  938  959
  970  969  954  928  892  848  793  726  660
     7.5-180.0 180.0   5.0 450.0                            LAT/LON1/LON2/DLON/H
  560  485  452  459  480  498  514  535  562  581  578  554  520  483  450  421
  395  371  344  314  287  269  257  243  221  196  176  161  146  126  111  113
  139  185  237  286  326  358  387  422  466  516  562  604  649  704  760  801
  818  814  799  784  772  770  783  806  828  836  834  835  850  876  901  917
  926  927  918  897  864  817  749  658  560
     5.0-180.0 180.0   5.0 450.0                            LAT/LON1/LON2/DLON/H
  497  393  337  331  354  387  425  472  523  562  574  560  529  492  454  419
  388  361  333  304  278  260  247  231  209  186  170  161  150  133  117  118
  142  185  235  282  321  352  383  422  472  523  565  598  635  685  743  792
  817  821  815  807  804  807  822  842  858  860  852  850  862  882  896  902
  902  901  896  880  851  803  727  619  497
     2.5-180.0 180.0   5.0 450.0                            LAT/LON1/LON2/DLON/H
  491  370  295  275  293  329  376  435  497  544  562  552  524  487  447  408
  373  344  318  291  268  251  238  222  200  180  168  163  155  140  125  126
  149  189  236  280  317  348  379  419  468  517  553  577  604  650  712  770
  808  827  838  847  859  873  892  911  922  918  908  905  913  923  923  911
  899  893  889  877  853  809  734  624  491
