ionex_files/alger/COD0OPSFIN_20231090000_01D_01H_GIM.INX
     1.0            IONOSPHERE MAPS     GNSS                IONEX VERSION / TYPE
ADDNEQ2 V5.5        AIUB                23-APR-23 20:52     PGM / RUN BY / DATE 
CODE'S GLOBAL IONOSPHERE MAPS FOR DAY 109, 2023             COMMENT             
Global ionosphere maps (GIM) are generated on a daily basis DESCRIPTION         
at CODE using data from about 300 GNSS sites of the IGS and DESCRIPTION         
other institutions. The vertical total electron content     DESCRIPTION         
(VTEC) is modeled in a solar-geomagnetic reference frame    DESCRIPTION         
using a spherical harmonics expansion up to degree and      DESCRIPTION         
order 15. Piece-wise linear functions are used for          DESCRIPTION         
representation in the time domain. The time spacing of      DESCRIPTION         
their vertices is 1 hour, conforming with the epochs of the DESCRIPTION         
VTEC maps.                                                  DESCRIPTION         
To convert line-of-sight TEC into vertical TEC, a modified  DESCRIPTION         
single-layer model mapping function approximating the JPL   DESCRIPTION         
extended slab model mapping function is adopted. The        DESCRIPTION         
mapping function is evaluated at geodetic satellite         DESCRIPTION         
elevation angles. For the computation of the ionospheric    DESCRIPTION         
pierce points, a spherical layer with a radius of 6821 km   DESCRIPTION         
is assumed, implying geocentric, not geodetic IONEX         DESCRIPTION         
latitudes.                                                  DESCRIPTION         
Instrumental biases with respect to each involved GNSS code DESCRIPTION         
observable are estimated as constant values for each        DESCRIPTION         
day. They are modeled with one set of bias parameters for   DESCRIPTION         
each satellite and each station in case of GPS and for each DESCRIPTION         
satellite-station link in case of GLONASS. The code bias    DESCRIPTION         
datum is defined by zero-mean conditions imposed on the     DESCRIPTION         
satellite bias estimates. In this file, just GPS C1W-C2W    DESCRIPTION         
satellite and station bias values are included. The         DESCRIPTION         
complete set of GNSS code bias results is provided in an    DESCRIPTION         
additional Bias-SINEX file as pseudo-absolute values        DESCRIPTION         
specific to each observable.                                DESCRIPTION         
Note: These GIM results correspond to the results for the   DESCRIPTION         
middle day of a 3-day combination analysis solving for 73   DESCRIPTION         
times 256, or 18688 VTEC parameters and 3 daily sets of     DESCRIPTION         
GNSS code bias parameters.                                  DESCRIPTION         
Contact address: code(at)aiub.unibe.ch                      DESCRIPTION         
Data archive:    ftp.aiub.unibe.ch/CODE/                    DESCRIPTION         
                 www.aiub.unibe.ch/download/CODE/           DESCRIPTION         
  2023     4    19     0     0     0                        EPOCH OF FIRST MAP  
  2023     4    20     0     0     0                        EPOCH OF LAST MAP   
  3600                                                      INTERVAL            
[...]
brux bshm cags cas1 ccj2 cedu chpg chpi chti chur cnmr coco COMMENT             
cord cpvg cpxf crar cro1 daej darw dav1 dgar dhlg drao dubo COMMENT             
ebre faa1 fair flin flrs frdn ftna func ganp glps glsv gode COMMENT             
godz gol2 gold gope gras graz guam guug harb hers hert hlfx COMMENT             
hnpt hob2 hofn holb hrao hyde iddr ieng iisc ineg invk iqal COMMENT             
irkj isba jog2 joz2 joze kerg kir0 kiri kiru kit3 kokb kokv COMMENT             
kouc koug kour krgg lama laut lmmf lpal lpgs m0se mac1 madr COMMENT             
mal2 mana mas1 mat1 mate maw1 mcm4 mdo1 mdvj medi mets mgue COMMENT             
mizu mnls mobs morp mqzg mro1 mtka nano nico nist nium nklg COMMENT             
nlib nnor not1 nrc1 nrmd ntus nya1 nyal ohi2 onsa opmt ous2 COMMENT             
pado park pdel penc pert pie1 pimo pohn pol2 polv pots pove COMMENT             
prds ptag ptbb ptvl qaq1 quin rabt ramo reun reyk rgdg rio2 COMMENT             
riop salu samo sant savo sch2 scor scrz sctb seyg sfer shao COMMENT             
sofi spt0 ssia sthl stjo stk2 str2 suth sutm suwn sydn syog COMMENT             
tabv tash thtg thti thu2 tid1 tidb tlse tn22 tong tow2 tro1 COMMENT             
tsea tskb tuva twtf txes uclu ufpr ulab unb3 unbj unsa urum COMMENT             
usn7 usud vald vill voim vtsp wab1 wab2 wark wgtn whit will COMMENT             
wind wsrt wtza wtzl wtzr wtzs wuhn xmis yar2 yar3 yarr yell COMMENT             
ykro zamb zeck zim2 zim3 zimm                               COMMENT             
                                                            END OF HEADER       
[from data line 7293]
    18                                                      START OF TEC MAP    
  2023     4    19    17     0     0                        EPOCH OF CURRENT MAP
    87.5-180.0 180.0   5.0 450.0                            LAT/LON1/LON2/DLON/H
  182  184  186  189  191  194  196  199  201  203  205  207  208  209  210  211
  211  211  211  211  210  209  208  206  204  203  201  199  196  194  192  190
  188  186  183  182  180  178  177  175  174  173  172  171  171  170  169  169
  169  168  168  168  168  168  167  167  167  167  167  167  167  168  168  169
  169  170  171  173  174  176  178  180  182
    85.0-180.0 180.0   5.0 450.0                            LAT/LON1/LON2/DLON/H
  167  171  176  181  187  192  198  203  209  214  218  222  226  228  231  232
  233  233  232  231  229  226  223  220  216  212  207  203  198  194  189  185
  180  177  173  170  167  165  163  161  160  160  160  160  160  161  162  163
  164  164  165  165  165  165  164  164  162  161  159  158  156  155  154  153
  152  152  152  153  155  157  160  163  167
    82.5-180.0 180.0   5.0 450.0                            LAT/LON1/LON2/DLON/H
  146  152  158  165  173  181  189  198  205  213  220  226  231  235  238  240
  241  241  239  237  234  231  226  221  216  210  204  198  192  186  180  174
  169  164  160  156  154  151  150  150  150  151  153  156  159  162  166  170
  173  176  179  181  181  181  180  178  175  171  167  162  157  152  147  143
  140  137  135  134  134  136  138  141  146
    80.0-180.0 180.0   5.0 450.0                            LAT/LON1/LON2/DLON/H
  125  131  137  144  153  162  171  181  191  200  208  215  221  225  229  231
  232  231  230  228  225  221  217  212  207  201  195  189  182  176  170  165
  159  155  150  147  145  143  143  144  146  149  153  159  165  172  180  187
  194  200  206  209  211  212  210  206  201  194  186  177  168  159  151  143
  136  130  125  121  119  119  120  122  125
    77.5-180.0 180.0   5.0 450.0                            LAT/LON1/LON2/DLON/H
  112  115  119  125  132  140  149  159  168  177  185  192  197  202  205  207
  207  207  207  206  204  202  199  196  192  188  184  179  174  169  165  160
  155  151  148  146  144  143  144  145  149  153  159  167  176  186  197  208
  218  228  236  242  245  245  243  237  230  220  208  196  183  171  160  149
  140  132  125  120  116  113  111  111  112
    75.0-180.0 180.0   5.0 450.0                            LAT/LON1/LON2/DLON/H
  112  111  112  114  117  123  129  136  144  151  157  163  167  170  173  174
  175  176  178  179  180  181  182  182  181  180  178  175  172  169  166  162
  159  156  154  152  151  151  152  154  157  162  168  177  187  198  210  223
  236  248  258  265  269  269  266  259  249  236  222  208  193  180  167  157
  148  140  134  129  124  120  117  114  112
    72.5-180.0 180.0   5.0 450.0                            LAT/LON1/LON2/DLON/H
  124  119  116  113  113  114  117  121  125  130  134  137  139  141  142  143
  145  148  152  157  162  167  172  176  178  180  180  179  178  176  174  172
  170  168  166  165  164  164  165  166  169  173  178  184  193  203  214  227
  240  252  263  270  274  273  268  260  248  233  218  203  189  176  166  158
  153  149  146  144  141  138  134  129  124
    70.0-180.0 180.0   5.0 450.0                            LAT/LON1/LON2/DLON/H
  145  137  130  123  119  116  115  116  118  119  121  122  122  121  121  123
  125  130  137  146  156  165  174  181  186  189  191  191  190  188  187  185
  183  181  180  179  179  179  180  181  182  183  185  188  193  199  207  217
  228  238  247  253  255  253  246  236  223  208  193  178  166  157  151  148
  149  151  154  158  159  159  157  151  145
    67.5-180.0 180.0   5.0 450.0                            LAT/LON1/LON2/DLON/H
  166  157  148  140  133  128  125  123  122  122  121  120  118  116  115  116
  120  127  137  149  163  177  188  197  203  206  207  206  204  202  200  198
  196  194  193  192  192  193  194  195  195  194  193  191  190  191  193  197
  203  209  215  218  217  213  204  193  179  164  151  139  130  124  123  126
  132  141  152  162  170  175  175  172  166
    65.0-180.0 180.0   5.0 450.0                            LAT/LON1/LON2/DLON/H
  178  172  164  157  150  145  141  139  137  135  133  130  127  124  122  123
  127  136  148  164  180  196  209  218  223  224  223  220  217  214  212  209
  206  204  202  201  202  204  206  208  209  207  202  196  189  183  178  175
  175  176  176  175  171  164  154  142  129  116  104   95   89   87   88   95
  105  120  136  152  166  177  182  182  178
    62.5-180.0 180.0   5.0 450.0                            LAT/LON1/LON2/DLON/H
  177  175  172  168  165  162  159  157  155  153  150  147  144  140  138  138
  142  151  165  182  200  217  230  238  241  239  235  230  226  223  220  217
  214  211  208  207  209  213  218  223  225  223  217  207  195  182  170  161
  154  149  144  139  132  123  112  100   88   78   69   62   58   57   59   65
   75   91  109  129  147  162  172  177  177
    60.0-180.0 180.0   5.0 450.0                            LAT/LON1/LON2/DLON/H
  161  165  168  170  172  173  173  172  170  168  166  164  160  156  154  153
  157  165  179  197  216  232  245  251  252  248  242  236  232  229  227  225
  221  217  213  212  215  222  231  239  245  245  239  227  211  194  176  161
  149  139  130  121  112  101   90   79   70   63   57   53   49   46   45   46
   52   63   78   98  117  134  147  156  161
    57.5-180.0 180.0   5.0 450.0                            LAT/LON1/LON2/DLON/H
  135  144  154  164  173  178  181  180  179  177  175  173  171  167  164  163
  166  174  187  204  223  240  252  257  257  252  245  240  237  236  236  233
  229  223  219  218  222  232  245  258  267  271  266  255  237  217  197  178
  163  150  138  128  117  106   96   87   81   77   74   72   68   61   53   46
   42   45   54   68   85  101  115  126  135
    55.0-180.0 180.0   5.0 450.0                            LAT/LON1/LON2/DLON/H
  107  121  137  154  169  179  183  182  180  177  176  174  172  169  167  165
  168  175  187  204  222  240  253  260  261  257  251  247  246  247  248  246
  240  233  227  226  231  244  261  278  292  298  296  286  269  249  228  209
  192  178  166  155  144  134  125  119  116  115  115  114  109   98   83   67
   53   45   44   51   61   73   85   95  107
    52.5-180.0 180.0   5.0 450.0                            LAT/LON1/LON2/DLON/H
   87  104  125  148  167  179  183  181  176  172  170  169  168  166  163  162
  165  172  184  201  220  239  256  266  270  269  265  263  263  264  265  261
  254  244  237  236  244  259  279  300  316  324  324  315  300  281  262  244
  228  216  205  195  185  176  169  164  163  165  167  167  162  148  128  104
   81   63   53   51   55   61   67   75   87
    50.0-180.0 180.0   5.0 450.0                            LAT/LON1/LON2/DLON/H
   82   99  123  150  172  185  187  182  174  168  165  165  164  162  161  161
  165  172  185  202  223  246  267  283  292  295  293  291  290  289  287  280
  269  257  249  248  258  276  298  320  337  345  345  337  324  307  290  274
  261  250  241  233  226  218  212  209  208  210  214  214  209  196  175  148
  120   96   80   71   68   68   69   73   82
    47.5-180.0 180.0   5.0 450.0                            LAT/LON1/LON2/DLON/H
   95  111  136  164  187  199  199  191  181  173  170  169  169  167  167  169
  174  184  198  216  239  266  293  316  330  336  335  330  325  319  311  299
  284  270  261  263  274  294  317  339  353  360  358  350  336  321  305  292
  281  273  267  261  255  249  243  239  237  238  241  242  239  228  210  186
  160  136  118  106   99   94   90   89   95
    45.0-180.0 180.0   5.0 450.0                            LAT/LON1/LON2/DLON/H
  123  138  162  190  213  223  221  211  200  193  191  191  190  189  189  192
  201  213  228  247  272  303  335  364  384  391  388  378  366  352  336  318
  299  283  276  280  294  315  338  357  368  370  365  353  339  323  308  296
  286  280  276  271  267  261  255  250  246  244  244  245  244  238  228  212
  193  174  159  147  139  131  124  120  123
    42.5-180.0 180.0   5.0 450.0                            LAT/LON1/LON2/DLON/H
  158  171  195  222  244  254  251  241  232  229  230  232  232  230  230  235
  245  259  276  296  321  354  391  424  446  453  446  430  409  386  362  338
  317  302  297  304  320  342  362  377  383  380  369  353  336  318  302  289
  280  275  271  268  264  259  252  245  239  233  230  229  230  230  228  222
  214  204  193  185  177  170  162  157  158
    40.0-180.0 180.0   5.0 450.0                            LAT/LON1/LON2/DLON/H
  192  204  226  253  274  284  283  277  275  278  286  292  293  290  289  294
  305  321  337  356  381  414  452  487  510  514  502  479  450  421  392  365
  344  332  331  340  357  377  393  403  403  394  378  357  335  314  295  281
  271  266  263  261  257  252  245  238  229  222  215  212  212  215  220  224
  225  223  219  213  207  201  195  190  192
    37.5-180.0 180.0   5.0 450.0                            LAT/LON1/LON2/DLON/H
  217  228  250  275  296  308  312  314  321  335  351  362  365  362  359  363
  374  389  405  421  444  475  511  545  565  565  549  522  490  458  429  405
  389  382  384  394  409  423  434  438  432  417  396  370  344  319  297  281
  271  266  264  262  259  254  248  242  235  227  219  213  210  213  220  229
  236  238  235  230  225  220  216  214  217
    35.0-180.0 180.0   5.0 450.0                            LAT/LON1/LON2/DLON/H
  228  240  260  285  308  323  333  345  364  390  416  433  439  435  431  432
  442  455  469  483  502  529  561  590  606  603  585  558  529  503  481  465
  457  456  461  468  476  482  484  482  471  451  425  395  364  337  313  297
  287  284  283  282  279  276  273  271  269  264  257  248  241  238  241  248
  254  255  249  240  232  227  225  224  228
    32.5-180.0 180.0   5.0 450.0                            LAT/LON1/LON2/DLON/H
  229  240  259  284  307  326  344  366  397  434  470  494  503  500  494  494
  501  512  524  535  550  572  599  621  631  626  610  590  571  558  549  547
  549  555  559  560  556  550  543  533  518  493  462  428  395  367  344  328
  322  322  324  325  324  322  324  329  335  337  334  325  311  298  291  289
  288  282  268  251  236  227  224  225  229
    30.0-180.0 180.0   5.0 450.0                            LAT/LON1/LON2/DLON/H
  224  233  251  275  299  322  346  377  417  464  507  537  550  549  543  540
  545  555  565  575  587  605  625  640  645  639  630  622  620  625  634  647
  661  671  672  662  643  622  604  587  566  537  501  463  429  401  381  371
  369  375  383  387  387  389  395  409  425  438  442  433  413  389  367  352
  340  323  297  268  244  229  223  221  224
    27.5-180.0 180.0   5.0 450.0                            LAT/LON1/LON2/DLON/H
  220  226  242  266  291  316  344  380  426  477  524  559  576  578  573  570
  574  583  594  604  616  630  644  653  654  650  650  658  677  702  731  759
  782  793  787  762  726  690  661  638  611  576  533  491  456  431  417  413
  419  433  446  455  458  462  474  496  523  547  559  553  527  491  455  426
  402  374  338  297  262  239  227  221  220
    25.0-180.0 180.0   5.0 450.0                            LAT/LON1/LON2/DLON/H
  223  226  240  262  288  314  343  380  426  477  524  560  581  587  586  585
  590  601  614  627  641  654  664  667  665  665  676  701  739  783  828  867
  894  903  887  847  794  745  708  679  646  603  552  503  467  447  440  444
  460  481  502  515  520  526  542  571  607  640  659  656  627  582  534  495
  462  427  384  335  292  261  242  229  223
    22.5-180.0 180.0   5.0 450.0                            LAT/LON1/LON2/DLON/H
  236  235  247  269  294  320  348  383  424  470  513  548  571  583  587  590
  599  613  630  649  666  680  688  687  685  689  711  751  804  861  913  957
  984  986  958  905  841  783  741  708  669  615  553  497  460  444  444  457
  481  511  537  553  561  568  586  617  656  694  718  716  687  637  583  538
  504  470  427  377  330  293  267  248  236
    20.0-180.0 180.0   5.0 450.0                            LAT/LON1/LON2/DLON/H
  258  254  265  287  311  335  360  390  425  462  498  530  556  574  584  593
  606  625  648  673  695  712  719  718  716  726  755  805  865  925  978 1017
 1037 1031  993  931  861  802  760  725  680  615  540  476  437  424  431  452
  482  517  548  566  573  580  597  627  664  700  722  721  692  641  586  544
  516  490  455  411  366  330  300  275  258
    17.5-180.0 180.0   5.0 450.0                            LAT/LON1/LON2/DLON/H
  284  278  289  311  335  357  379  404  432  460  488  517  544  566  583  598
  617  641  670  700  727  747  757  758  759  773  807  858  917  971 1014 1043
 1052 1036  991  926  858  804  767  734  683  608  521  449  407  398  410  435
  469  507  538  555  561  565  579  603  633  660  676  671  642  593  543  509
  493  482  462  430  394  362  333  305  284
    15.0-180.0 180.0   5.0 450.0                            LAT/LON1/LON2/DLON/H
  310  302  313  336  360  381  401  423  445  467  488  513  540  566  589  610
  634  663  696  730  761  785  799  804  809  826  860  907  955  996 1023 1036
 1032 1007  960  899  840  797  770  740  686  602  506  428  385  378  394  421
  455  491  519  533  534  535  544  561  579  592  595  584  554  508  465  442
  441  447  444  429  406  383  359  332  310
    12.5-180.0 180.0   5.0 450.0                            LAT/LON1/LON2/DLON/H
  330  323  334  357  380  400  421  442  463  482  500  522  550  577  603  628
  656  688  723  759  792  820  840  851  861  880  911  948  980 1001 1009 1006
  990  959  913  862  817  789  772  747  692  604  505  424  383  379  397  424
  455  485  507  513  509  505  509  518  522  519  508  488  454  411  375  361
  372  394  408  409  401  390  374  351  330
    10.0-180.0 180.0   5.0 450.0                            LAT/LON1/LON2/DLON/H
  343  337  348  369  392  413  436  460  484  503  522  544  570  598  624  651
  681  714  749  784  818  850  876  895  911  931  956  979  992  993  983  965
  940  906  866  827  799  785  778  757  704  618  521  445  409  409  428  453
  478  501  513  509  496  487  488  490  484  466  441  411  373  330  297  288
  307  337  363  376  383  384  378  361  343
     7.5-180.0 180.0   5.0 450.0                            LAT/LON1/LON2/DLON/H
  351  345  354  374  395  418  445  475  504  528  550  573  599  625  649  675
  705  738  771  804  838  873  906  932  954  974  990  999  994  978  954  926
  896  863  830  804  790  787  786  769  721  642  555  489  461  465  485  508
  528  541  541  526  504  489  487  486  474  447  411  373  331  287  252  242
  260  292  321  342  358  370  374  365  351
     5.0-180.0 180.0   5.0 450.0                            LAT/LON1/LON2/DLON/H
  355  349  356  372  393  418  449  485  521  552  579  605  631  654  674  697
  726  757  788  818  851  890  929  962  988 1005 1012 1007  988  959  927  896
  865  835  810  794  790  793  794  779  737  670  599  548  530  540  560  580
  594  599  587  559  526  506  503  504  491  461  422  381  336  289  250  233
  244  269  294  314  334  354  366  364  355
     2.5-180.0 180.0   5.0 450.0                            LAT/LON1/LON2/DLON/H
  357  351  355  368  388  416  451  494  535  572  605  635  661  680  696  715
  742  771  800  828  861  902  946  984 1011 1023 1021 1004  974  939  905  875
  847  822  803  794  793  796  795  780  745  693  641  607  600  614  635  652
  661  657  634  594  552  527  524  529  522  498  462  423  379  330  284  258
  257  270  286  300  317  340  358  363  357
