ionex_files/alger/COD0OPSFIN_20231080000_01D_01H_GIM.INX
     1.0            IONOSPHERE MAPS     GNSS                IONEX VERSION / TYPE
ADDNEQ2 V5.5        AIUB                22-APR-23 21:32     PGM / RUN BY / DATE 
CODE'S GLOBAL IONOSPHERE MAPS FOR DAY 108, 2023             COMMENT             
Global ionosphere maps (GIM) are generated on a daily basis DESCRIPTION         
at CODE using data from about 300 GNSS sites of the IGS and DESCRIPTION         
other institutions. The vertical total electron content     DESCRIPTION         
(VTEC) is modeled in a solar-geomagnetic reference frame    DESCRIPTION         
using a spherical harmonics expansion up to degree and      DESCRIPTION         
order 15. Piece-wise linear functions are used for          DESCRIPTION         
representation in the time domain. The time spacing of      DESCRIPTION         
their vertices is 1 hour, conforming with the epochs of the DESCRIPTION         
VTEC maps.                                                  DESCRIPTION         
To convert line-of-sight TEC into vertical TEC, a modified  DESCRIPTION         
single-layer model mapping function approximating the JPL   DESCRIPTION         
extended slab model mapping function is adopted. The        DESCRIPTION         
mapping function is evaluated at geodetic satellite         DESCRIPTION         
elevation angles. For the computation of the ionospheric    DESCRIPTION         
pierce points, a spherical layer with a radius of 6821 km   DESCRIPTION         
is assumed, implying geocentric, not geodetic IONEX         DESCRIPTION         
latitudes.                                                  DESCRIPTION         
Instrumental biases with respect to each involved GNSS code DESCRIPTION         
observable are estimated as constant values for each        DESCRIPTION         
day. They are modeled with one set of bias parameters for   DESCRIPTION         
each satellite and each station in case of GPS and for each DESCRIPTION         
satellite-station link in case of GLONASS. The code bias    DESCRIPTION         
datum is defined by zero-mean conditions imposed on the     DESCRIPTION         
satellite bias estimates. In this file, just GPS C1W-C2W    DESCRIPTION         
satellite and station bias values are included. The         DESCRIPTION         
complete set of GNSS code bias results is provided in an    DESCRIPTION         
additional Bias-SINEX file as pseudo-absolute values        DESCRIPTION         
specific to each observable.                                DESCRIPTION         
Note: These GIM results correspond to the results for the   DESCRIPTION         
middle day of a 3-day combination analysis solving for 73   DESCRIPTION         
times 256, or 18688 VTEC parameters and 3 daily sets of     DESCRIPTION         
GNSS code bias parameters.                                  DESCRIPTION         
Contact address: code(at)aiub.unibe.ch                      DESCRIPTION         
Data archive:    ftp.aiub.unibe.ch/CODE/                    DESCRIPTION         
                 www.aiub.unibe.ch/download/CODE/           DESCRIPTION         
  2023     4    18     0     0     0                        EPOCH OF FIRST MAP  
  2023     4    19     0     0     0                        EPOCH OF LAST MAP   
  3600                                                      INTERVAL            
[...]
brux bshm cags cas1 ccj2 cedu chpg chpi chti chur cnmr cord COMMENT             
cpvg cpxf crar cro1 daej darw dav1 dgar dhlg drao dubo ebre COMMENT             
faa1 fair flin flrs frdn ftna func ganp glps glsv gode godz COMMENT             
gol2 gold gope gras graz guam guug harb hers hert hlfx hnpt COMMENT             
hob2 hofn holb hrao hyde iddr ieng iisc ineg invk iqal irkj COMMENT             
isba jog2 joz2 joze kerg kir0 kiri kiru kit3 kokb kokv kouc COMMENT             
koug kour krgg lae1 lama laut lmmf lpal lpgs m0se mac1 madr COMMENT             
mal2 mana mas1 mat1 mate maw1 mcm4 mdo1 mdvj medi mets mgue COMMENT             
mizu mnls mobs morp mqzg mro1 mtka nano nico nist nium nklg COMMENT             
nlib nnor not1 nrc1 nrmd ntus nya1 nyal ohi2 onsa opmt ous2 COMMENT             
pado park pdel penc pert pie1 pimo pohn pol2 polv pots pove COMMENT             
prds ptag ptbb ptvl qaq1 quin rabt ramo reun reyk rgdg rio2 COMMENT             
riop salu samo sant savo sch2 scor scrz sctb seyg sfer shao COMMENT             
sofi spt0 ssia sthl stjo stk2 str2 suth sutm suwn sydn syog COMMENT             
tabv tash thtg thti thu2 tid1 tidb tlse tn22 tong tow2 tro1 COMMENT             
tsea tskb tuva txes uclu ufpr ulab unb3 unbj unsa urum usn7 COMMENT             
usud vald vill voim vtsp wab1 wab2 wark wgtn whit will wind COMMENT             
wsrt wtza wtzl wtzr wtzs wuhn xmis yar2 yar3 yarr yell ykro COMMENT             
zamb zeck zim2 zim3 zimm                                    COMMENT             
                                                            END OF HEADER       
[from data line 8151]
    20                                                      START OF TEC MAP    
  2023     4    18    19     0     0                        EPOCH OF CURRENT MAP
    87.5-180.0 180.0   5.0 450.0                            LAT/LON1/LON2/DLON/H
  223  223  224  224  225  226  226  227  228  229  229  230  231  231  232  232
  233  233  233  234  234  234  234  233  233  233  232  232  231  231  230  229
  228  228  227  226  225  224  223  223  222  221  220  220  219  219  218  218
  217  217  217  217  217  217  217  217  217  217  218  218  218  219  219  219
  219  220  220  220  221  221  222  222  223
    85.0-180.0 180.0   5.0 450.0                            LAT/LON1/LON2/DLON/H
  204  205  206  207  208  210  211  213  215  217  219  221  222  224  226  227
  229  230  230  231  231  231  231  231  231  230  229  228  227  226  225  223
  222  220  219  217  215  214  212  210  208  207  205  204  202  201  200  199
  199  198  198  198  198  198  199  199  200  200  201  201  202  202  203  203
  203  203  203  203  204  204  204  204  204
    82.5-180.0 180.0   5.0 450.0                            LAT/LON1/LON2/DLON/H
  178  178  179  180  182  184  187  190  194  197  201  204  208  211  214  217
  219  221  222  223  224  225  225  224  224  223  222  221  220  219  217  216
  214  213  211  208  206  204  201  198  196  193  190  188  185  183  181  179
  178  177  176  176  176  177  177  178  179  180  181  182  183  183  184  184
  183  183  182  181  180  179  179  178  178
    80.0-180.0 180.0   5.0 450.0                            LAT/LON1/LON2/DLON/H
  150  150  150  152  154  157  161  166  171  176  182  187  192  197  201  204
  208  210  212  214  216  217  217  217  217  217  216  215  215  214  213  212
  210  209  207  205  203  200  197  193  189  185  181  177  174  170  167  164
  162  160  158  157  156  156  157  157  158  160  161  162  164  164  165  165
  164  163  161  159  157  155  153  151  150
    77.5-180.0 180.0   5.0 450.0                            LAT/LON1/LON2/DLON/H
  129  128  129  130  133  137  142  148  155  161  168  174  180  186  191  195
  198  202  205  207  210  212  213  214  215  215  215  214  214  213  213  213
  212  212  211  210  207  205  201  196  192  186  181  176  171  166  162  158
  154  151  148  145  143  141  140  140  140  141  143  145  146  148  149  149
  148  146  144  142  139  136  133  131  129
    75.0-180.0 180.0   5.0 450.0                            LAT/LON1/LON2/DLON/H
  122  121  122  123  127  131  137  143  150  158  165  171  177  182  187  191
  194  198  202  206  210  213  216  218  220  221  221  220  220  220  220  220
  221  221  221  221  219  216  212  207  201  195  188  182  177  171  166  162
  157  152  147  142  137  132  129  127  126  127  128  130  133  135  137  138
  138  137  135  133  130  127  125  123  122
    72.5-180.0 180.0   5.0 450.0                            LAT/LON1/LON2/DLON/H
  130  130  132  134  137  141  146  153  159  166  173  179  183  187  190  194
  197  201  206  212  218  224  229  233  235  236  236  235  234  233  232  233
  234  235  236  236  234  231  226  220  213  206  199  193  188  183  178  174
  168  162  154  146  138  130  124  119  116  115  116  119  122  126  129  131
  133  133  133  133  132  131  130  130  130
    70.0-180.0 180.0   5.0 450.0                            LAT/LON1/LON2/DLON/H
  151  154  156  158  161  164  169  174  180  186  191  195  198  200  202  204
  207  212  218  226  235  243  251  256  260  260  259  256  253  250  248  248
  249  250  251  251  250  246  240  232  224  216  209  203  199  196  193  189
  184  177  167  156  144  133  123  114  109  107  108  110  115  120  124  128
  132  134  136  138  141  143  146  149  151
    67.5-180.0 180.0   5.0 450.0                            LAT/LON1/LON2/DLON/H
  179  183  187  189  191  194  197  202  206  211  215  217  218  218  219  220
  224  230  238  249  260  271  280  287  290  290  287  282  276  271  267  265
  265  265  266  265  262  257  249  240  231  222  215  210  208  207  205  203
  198  191  180  166  151  136  123  112  105  102  102  105  110  116  122  127
  132  136  140  145  151  158  165  172  179
    65.0-180.0 180.0   5.0 450.0                            LAT/LON1/LON2/DLON/H
  203  211  216  219  220  222  224  228  232  236  239  241  240  240  240  241
  246  254  264  277  290  303  313  320  323  322  317  310  302  294  288  285
  283  282  280  278  273  265  255  244  233  224  217  213  212  213  213  212
  208  199  188  172  156  139  124  111  103   99   99  102  108  114  120  126
  131  136  142  150  159  170  182  194  203
    62.5-180.0 180.0   5.0 450.0                            LAT/LON1/LON2/DLON/H
  219  229  236  239  240  242  244  248  252  257  261  262  262  262  263  266
  273  283  295  309  323  336  345  351  353  351  345  337  328  320  313  308
  304  300  296  291  283  272  260  247  235  226  219  215  214  215  215  214
  209  201  188  173  156  139  124  112  105  101  101  103  108  114  119  124
  129  134  141  149  161  175  191  206  219
    60.0-180.0 180.0   5.0 450.0                            LAT/LON1/LON2/DLON/H
  224  235  243  247  249  251  254  259  266  272  278  281  283  284  287  293
  303  315  329  343  356  366  373  377  377  375  369  363  355  348  342  336
  330  324  316  307  295  282  268  254  241  230  223  218  216  215  214  211
  204  195  182  168  153  138  126  116  110  107  107  109  112  116  120  124
  127  131  136  145  157  173  190  208  224
    57.5-180.0 180.0   5.0 450.0                            LAT/LON1/LON2/DLON/H
  220  232  241  245  248  252  257  265  275  284  292  297  301  306  312  322
  334  349  363  375  385  391  395  396  395  393  390  387  384  380  376  370
  363  353  341  327  312  296  280  265  253  242  234  227  222  217  212  205
  197  186  174  161  149  138  130  125  121  119  119  119  120  122  123  125
  126  128  132  140  151  167  185  204  220
    55.0-180.0 180.0   5.0 450.0                            LAT/LON1/LON2/DLON/H
  215  227  236  241  246  251  260  271  284  296  306  314  321  328  337  350
  365  381  395  404  410  411  410  409  408  408  409  411  413  414  413  408
  399  386  369  351  332  314  297  283  271  260  250  242  233  223  213  202
  190  178  166  156  148  142  139  138  137  137  136  134  132  131  130  129
  129  129  132  139  150  165  182  200  215
    52.5-180.0 180.0   5.0 450.0                            LAT/LON1/LON2/DLON/H
  218  229  237  244  250  258  269  283  298  313  325  334  342  350  362  377
  394  410  422  428  429  427  422  419  419  421  426  433  441  446  448  444
  434  417  396  374  353  334  318  304  293  282  271  259  247  233  218  203
  189  176  165  157  153  151  153  155  157  158  156  152  148  143  140  138
  137  137  139  146  157  172  188  204  218
    50.0-180.0 180.0   5.0 450.0                            LAT/LON1/LON2/DLON/H
  235  244  252  259  267  277  290  305  322  337  349  358  365  374  386  402
  419  434  444  448  446  441  435  431  432  436  445  455  465  474  477  473
  461  441  418  394  372  354  339  326  314  302  289  275  260  244  227  210
  195  182  172  166  164  165  169  174  178  179  177  171  164  158  153  150
  149  149  153  162  175  191  208  223  235
    47.5-180.0 180.0   5.0 450.0                            LAT/LON1/LON2/DLON/H
  267  275  283  291  300  310  323  339  355  369  380  387  392  399  410  424
  439  453  462  465  462  456  451  448  450  455  464  474  485  492  494  489
  475  455  431  408  388  371  357  343  330  316  301  286  270  254  237  222
  208  197  188  182  180  181  185  191  196  198  196  189  181  173  167  164
  163  165  172  185  202  223  241  256  267
    45.0-180.0 180.0   5.0 450.0                            LAT/LON1/LON2/DLON/H
  311  318  326  335  345  355  367  381  395  407  415  419  421  425  433  444
  457  469  477  481  480  476  473  472  474  479  485  491  497  500  499  491
  476  457  436  417  401  387  373  358  340  322  304  288  273  260  248  236
  226  216  208  202  198  196  199  204  209  212  211  205  196  188  181  178
  178  181  191  209  233  260  283  300  311
    42.5-180.0 180.0   5.0 450.0                            LAT/LON1/LON2/DLON/H
  357  365  374  384  394  404  414  425  437  447  452  452  451  451  455  463
  474  485  494  500  503  503  502  502  504  506  506  505  502  499  493  483
  469  453  438  426  416  405  391  371  348  324  303  286  273  264  258  252
  245  238  230  222  214  209  208  211  216  221  221  217  209  201  194  191
  190  194  205  228  259  294  324  344  357
    40.0-180.0 180.0   5.0 450.0                            LAT/LON1/LON2/DLON/H
  395  406  417  428  439  448  457  466  476  484  488  486  482  479  480  485
  493  503  514  524  531  534  535  536  536  533  527  517  505  494  483  473
  461  452  445  442  439  431  414  389  358  328  303  285  275  270  268  266
  263  258  249  238  227  218  213  214  219  226  229  227  221  213  206  201
  198  200  211  237  274  317  355  380  395
    37.5-180.0 180.0   5.0 450.0                            LAT/LON1/LON2/DLON/H
  419  432  446  460  472  481  489  498  509  518  521  519  513  509  508  510
  517  528  541  555  564  569  570  569  567  560  548  530  511  494  482  473
  467  465  468  473  476  469  449  417  378  342  313  294  285  281  281  281
  279  273  263  251  237  225  217  217  222  231  237  237  232  224  217  210
  204  201  209  234  275  324  369  400  419
    35.0-180.0 180.0   5.0 450.0                            LAT/LON1/LON2/DLON/H
  423  440  457  474  489  499  508  520  534  547  553  552  547  543  541  543
  548  559  575  590  600  603  601  598  594  586  571  549  527  509  498  494
  494  501  512  524  529  520  495  456  412  372  341  321  309  304  301  298
  293  285  274  261  247  234  226  224  230  240  247  249  244  236  228  219
  208  199  200  221  262  315  364  400  423
    32.5-180.0 180.0   5.0 450.0                            LAT/LON1/LON2/DLON/H
  410  430  452  472  489  502  515  532  553  573  584  587  585  582  581  582
  587  598  613  628  636  634  627  621  618  612  599  579  558  544  539  541
  550  563  578  591  593  578  546  502  457  417  387  366  350  339  328  317
  306  294  283  271  260  250  242  241  245  254  261  263  257  248  238  228
  213  198  191  204  241  293  344  383  410
    30.0-180.0 180.0   5.0 450.0                            LAT/LON1/LON2/DLON/H
  387  411  436  460  479  495  513  538  569  597  616  625  628  628  628  629
  632  641  654  666  668  660  647  640  641  641  635  621  607  600  604  615
  630  646  660  666  659  633  593  547  504  471  445  424  404  382  361  339
  320  305  293  286  280  275  270  267  269  274  279  277  270  259  249  237
  221  200  184  188  218  267  317  358  387
    27.5-180.0 180.0   5.0 450.0                            LAT/LON1/LON2/DLON/H
  362  389  417  443  465  484  508  542  584  622  650  666  675  680  682  682
  682  687  696  702  698  682  666  661  667  678  681  676  671  674  687  707
  725  738  744  736  712  670  621  575  541  519  502  483  459  428  395  363
  337  319  310  308  308  309  306  301  297  297  296  291  280  268  258  247
  230  207  185  180  202  244  292  332  362
    25.0-180.0 180.0   5.0 450.0                            LAT/LON1/LON2/DLON/H
  345  374  403  430  453  475  505  547  598  647  684  709  725  735  740  738
  735  734  738  738  727  707  690  689  704  725  738  741  744  755  777  801
  818  825  816  788  740  679  620  577  555  548  543  529  502  465  424  386
  356  339  334  337  344  349  346  336  325  316  309  299  286  273  264  255
  241  217  193  182  196  231  274  313  345
    22.5-180.0 180.0   5.0 450.0                            LAT/LON1/LON2/DLON/H
  338  368  398  425  448  471  504  552  611  668  715  749  774  791  799  797
  789  783  780  776  763  742  728  733  756  785  803  810  816  832  857  882
  895  890  863  810  736  654  585  545  536  546  554  548  523  485  442  405
  378  364  364  372  383  388  383  367  346  328  314  300  286  272  264  258
  249  229  205  191  200  229  268  306  338
    20.0-180.0 180.0   5.0 450.0                            LAT/LON1/LON2/DLON/H
  342  373  403  428  450  474  508  558  620  683  739  783  818  844  857  856
  845  834  828  822  810  794  785  796  824  854  871  875  878  892  916  937
  943  925  879  803  703  601  521  484  487  511  532  533  515  483  448  419
  400  394  398  409  419  422  411  386  356  329  309  293  278  265  258  256
  251  237  218  205  211  237  273  309  342
    17.5-180.0 180.0   5.0 450.0                            LAT/LON1/LON2/DLON/H
  353  385  414  438  459  482  515  563  624  690  751  806  852  888  909  911
  902  890  884  881  875  866  864  878  905  928  935  929  923  930  947  961
  958  929  867  772  652  533  445  409  420  452  480  489  481  462  443  430
  424  426  433  443  449  445  426  393  353  319  295  278  264  253  247  246
  246  238  225  217  224  248  283  319  353
    15.0-180.0 180.0   5.0 450.0                            LAT/LON1/LON2/DLON/H
  364  397  426  451  472  494  524  567  623  687  752  815  873  920  950  961
  956  950  949  954  957  958  960  972  989  998  988  966  948  944  952  957
  945  907  837  732  601  471  379  342  353  387  416  430  432  432  435  441
  450  459  466  470  468  455  428  388  342  303  277  260  249  238  232  232
  233  231  225  223  233  258  292  329  364
    12.5-180.0 180.0   5.0 450.0                            LAT/LON1/LON2/DLON/H
  370  404  435  462  486  510  537  572  619  678  743  812  878  936  977  999
 1006 1009 1019 1036 1051 1060 1063 1066 1066 1053 1024  985  955  941  938  934
  915  874  804  698  567  436  342  303  310  336  359  373  387  406  431  457
  478  491  494  489  477  455  422  378  330  288  261  245  235  225  218  216
  216  217  216  220  235  261  296  334  370
    10.0-180.0 180.0   5.0 450.0                            LAT/LON1/LON2/DLON/H
  369  405  438  470  501  528  554  582  618  667  729  799  870  934  986 1021
 1044 1063 1087 1116 1143 1158 1157 1146 1123 1088 1040  989  950  929  918  905
  881  842  779  684  563  441  351  309  307  319  329  340  362  398  441  481
  508  519  515  499  476  448  414  371  324  282  253  237  226  216  207  201
  199  199  202  210  228  256  292  331  369
     7.5-180.0 180.0   5.0 450.0                            LAT/LON1/LON2/DLON/H
  360  398  435  475  515  550  577  599  624  663  717  782  850  916  975 1024
 1064 1100 1139 1182 1217 1234 1225 1196 1152 1098 1038  983  943  918  901  881
  854  819  769  693  592  487  407  364  350  345  339  342  367  414  469  515
  540  543  527  501  470  439  407  370  328  288  258  238  225  213  201  191
  185  182  185  196  216  246  283  322  360
     5.0-180.0 180.0   5.0 450.0                            LAT/LON1/LON2/DLON/H
  348  386  428  477  530  576  608  626  643  671  714  769  826  885  945 1004
 1059 1111 1164 1216 1257 1272 1253 1208 1148 1084 1023  973  938  914  893  867
  838  809  773  720  645  563  497  457  433  411  388  382  405  455  512  553
  568  558  529  493  458  430  406  379  345  307  273  248  230  216  201  187
  176  170  171  181  203  233  270  309  348
     2.5-180.0 180.0   5.0 450.0                            LAT/LON1/LON2/DLON/H
  334  373  419  478  544  605  646  665  676  694  725  764  804  849  902  964
 1028 1091 1152 1210 1252 1263 1237 1182 1115 1052 1001  964  939  918  893  861
  829  803  781  750  703  646  598  565  536  500  464  448  466  511  560  589
  587  560  518  475  441  419  406  391  367  332  295  263  239  221  205  189
  174  163  161  170  191  221  258  296  334
