ionex_files/alger/COD0OPSFIN_20231090000_01D_01H_GIM.INX
     1.0            IONOSPHERE MAPS     GNSS                IONEX VERSION / TYPE
ADDNEQ2 V5.5        AIUB                23-APR-23 20:52     PGM / RUN BY / DATE 
CODE'S GLOBAL IONOSPHERE MAPS FOR DAY 109, 2023             COMMENT             
Global ionosphere maps (GIM) are generated on a daily basis DESCRIPTION         
at CODE using data from about 300 GNSS sites of the IGS and DESCRIPTION         
other institutions. The vertical total electron content     DESCRIPTION         
(VTEC) is modeled in a solar-geomagnetic reference frame    DESCRIPTION         
using a spherical harmonics expansion up to degree and      DESCRIPTION         
order 15. Piece-wise linear functions are used for          DESCRIPTION         
representation in the time domain. The time spacing of      DESCRIPTION         
their vertices is 1 hour, conforming with the epochs of the DESCRIPTION         
VTEC maps.                                                  DESCRIPTION         
To convert line-of-sight TEC into vertical TEC, a modified  DESCRIPTION         
single-layer model mapping function approximating the JPL   DESCRIPTION         
extended slab model mapping function is adopted. The        DESCRIPTION         
mapping function is evaluated at geodetic satellite         DESCRIPTION         
elevation angles. For the computation of the ionospheric    DESCRIPTION         
pierce points, a spherical layer with a radius of 6821 km   DESCRIPTION         
is assumed, implying geocentric, not geodetic IONEX         DESCRIPTION         
latitudes.                                                  DESCRIPTION         
Instrumental biases with respect to each involved GNSS code DESCRIPTION         
observable are estimated as constant values for each        DESCRIPTION         
day. They are modeled with one set of bias parameters for   DESCRIPTION         
each satellite and each station in case of GPS and for each DESCRIPTION         
satellite-station link in case of GLONASS. The code bias    DESCRIPTION         
datum is defined by zero-mean conditions imposed on the     DESCRIPTION         
satellite bias estimates. In this file, just GPS C1W-C2W    DESCRIPTION         
satellite and station bias values are included. The         DESCRIPTION         
complete set of GNSS code bias results is provided in an    DESCRIPTION         
additional Bias-SINEX file as pseudo-absolute values        DESCRIPTION         
specific to each observable.                                DESCRIPTION         
Note: These GIM results correspond to the results for the   DESCRIPTION         
middle day of a 3-day combination analysis solving for 73   DESCRIPTION         
times 256, or 18688 VTEC parameters and 3 daily sets of     DESCRIPTION         
GNSS code bias parameters.                                  DESCRIPTION         
Contact address: code(at)aiub.unibe.ch                      DESCRIPTION         
Data archive:    ftp.aiub.unibe.ch/CODE/                    DESCRIPTION         
                 www.aiub.unibe.ch/download/CODE/           DESCRIPTION         
  2023     4    19     0     0     0                        EPOCH OF FIRST MAP  
  2023     4    20     0     0     0                        EPOCH OF LAST MAP   
  3600                                                      INTERVAL            
[...]
brux bshm cags cas1 ccj2 cedu chpg chpi chti chur cnmr coco COMMENT             
cord cpvg cpxf crar cro1 daej darw dav1 dgar dhlg drao dubo COMMENT             
ebre faa1 fair flin flrs frdn ftna func ganp glps glsv gode COMMENT             
godz gol2 gold gope gras graz guam guug harb hers hert hlfx COMMENT             
hnpt hob2 hofn holb hrao hyde iddr ieng iisc ineg invk iqal COMMENT             
irkj isba jog2 joz2 joze kerg kir0 kiri kiru kit3 kokb kokv COMMENT             
kouc koug kour krgg lama laut lmmf lpal lpgs m0se mac1 madr COMMENT             
mal2 mana mas1 mat1 mate maw1 mcm4 mdo1 mdvj medi mets mgue COMMENT             
mizu mnls mobs morp mqzg mro1 mtka nano nico nist nium nklg COMMENT             
nlib nnor not1 nrc1 nrmd ntus nya1 nyal ohi2 onsa opmt ous2 COMMENT             
pado park pdel penc pert pie1 pimo pohn pol2 polv pots pove COMMENT             
prds ptag ptbb ptvl qaq1 quin rabt ramo reun reyk rgdg rio2 COMMENT             
riop salu samo sant savo sch2 scor scrz sctb seyg sfer shao COMMENT             
sofi spt0 ssia sthl stjo stk2 str2 suth sutm suwn sydn syog COMMENT             
tabv tash thtg thti thu2 tid1 tidb tlse tn22 tong tow2 tro1 COMMENT             
tsea tskb tuva twtf txes uclu ufpr ulab unb3 unbj unsa urum COMMENT             
usn7 usud vald vill voim vtsp wab1 wab2 wark wgtn whit will COMMENT             
wind wsrt wtza wtzl wtzr wtzs wuhn xmis yar2 yar3 yarr yell COMMENT             
ykro zamb zeck zim2 zim3 zimm                               COMMENT             
                                                            END OF HEADER       
[from data line 10296]
    25                                                      START OF TEC MAP    
  2023     4    20     0     0     0                        EPOCH OF CURRENT MAP
    87.5-180.0 180.0   5.0 450.0                            LAT/LON1/LON2/DLON/H
  210  211  211  212  212  213  213  213  213  213  213  213  213  212  211  210
  209  208  207  205  203  201  200  198  196  194  192  190  188  186  185  183
  182  181  180  180  179  179  179  179  179  180  180  181  182  183  184  185
  186  187  188  190  191  192  193  195  196  197  198  199  200  201  203  204
  204  205  206  207  208  208  209  210  210
    85.0-180.0 180.0   5.0 450.0                            LAT/LON1/LON2/DLON/H
  205  206  207  208  209  211  212  213  215  216  218  219  219  219  219  218
  217  215  212  209  205  201  197  192  187  182  177  172  168  164  161  158
  155  153  152  151  151  151  152  153  154  155  157  159  161  163  165  167
  169  171  173  175  177  179  181  183  185  187  189  190  192  194  195  196
  198  199  200  201  202  203  204  204  205
    82.5-180.0 180.0   5.0 450.0                            LAT/LON1/LON2/DLON/H
  189  190  190  192  193  195  198  202  205  210  214  218  221  224  226  226
  226  223  220  215  209  202  194  186  177  169  161  153  146  140  135  130
  127  125  124  124  124  125  127  129  131  133  136  139  141  144  146  149
  151  154  156  158  160  162  164  166  168  170  172  174  176  178  180  181
  183  184  186  187  188  188  189  189  189
    80.0-180.0 180.0   5.0 450.0                            LAT/LON1/LON2/DLON/H
  170  169  168  168  170  172  176  181  188  195  203  211  219  225  230  234
  234  233  229  223  215  205  194  182  170  158  146  136  127  119  113  108
  105  103  103  103  105  107  109  112  115  118  121  124  126  129  131  133
  135  137  139  140  142  143  144  146  147  149  150  152  154  156  159  161
  164  166  168  170  171  172  171  171  170
    77.5-180.0 180.0   5.0 450.0                            LAT/LON1/LON2/DLON/H
  157  154  150  148  147  148  152  158  167  178  190  202  214  225  233  239
  242  241  237  230  221  209  195  181  166  151  137  125  114  106   99   95
   93   92   92   94   96   99  102  104  107  110  112  115  117  118  120  121
  122  123  124  124  125  125  126  126  127  127  128  129  131  134  137  140
  144  148  153  156  159  160  161  159  157
    75.0-180.0 180.0   5.0 450.0                            LAT/LON1/LON2/DLON/H
  157  151  144  138  133  131  133  139  149  162  177  193  208  222  233  240
  244  245  241  234  224  211  197  181  165  149  134  121  111  103   97   94
   92   92   93   95   97   99  101  103  105  107  108  109  110  111  111  112
  113  113  113  113  113  113  113  112  112  111  111  111  111  113  117  121
  128  135  142  149  156  160  162  161  157
    72.5-180.0 180.0   5.0 450.0                            LAT/LON1/LON2/DLON/H
  172  164  154  143  133  127  126  130  139  153  170  187  203  217  229  237
  241  241  238  232  223  211  197  182  166  151  137  125  115  108  104  101
  100  101  102  103  104  104  105  105  105  104  104  104  105  105  106  106
  107  108  108  109  109  109  108  107  106  104  102  100   99  100  103  108
  116  126  138  150  162  170  176  176  172
    70.0-180.0 180.0   5.0 450.0                            LAT/LON1/LON2/DLON/H
  199  190  176  160  145  134  129  131  139  152  168  184  199  212  221  227
  230  230  228  223  216  207  196  183  170  157  145  134  126  120  116  114
  113  113  113  112  111  109  107  105  103  101  100   99   99  100  101  103
  104  106  108  110  112  113  113  112  110  107  104  100   97   96   97  102
  111  123  139  156  173  188  198  202  199
    67.5-180.0 180.0   5.0 450.0                            LAT/LON1/LON2/DLON/H
  229  220  204  185  165  149  141  140  147  158  172  186  197  205  209  212
  213  213  212  210  207  201  194  185  175  165  155  146  139  134  130  128
  126  124  122  119  115  110  106  102   98   96   94   94   94   96   98  100
  104  108  112  116  119  122  123  123  122  119  115  110  105  101  100  103
  111  124  142  164  186  206  222  230  229
    65.0-180.0 180.0   5.0 450.0                            LAT/LON1/LON2/DLON/H
  252  245  228  206  184  165  154  151  157  167  179  189  195  197  196  195
  194  194  195  196  197  196  194  189  182  175  167  160  153  148  144  140
  136  132  127  121  114  108  102   96   93   90   89   89   90   93   96  100
  104  110  116  122  127  132  135  137  137  136  132  127  121  115  112  112
  118  129  147  169  194  218  238  250  252
    62.5-180.0 180.0   5.0 450.0                            LAT/LON1/LON2/DLON/H
  261  256  241  219  196  175  163  160  165  174  184  191  192  189  184  179
  177  178  182  187  192  195  196  194  191  186  180  174  168  161  155  149
  143  136  128  120  112  104   97   92   89   88   88   88   90   92   95   99
  105  112  119  127  133  139  144  147  150  151  149  146  141  134  129  127
  129  137  152  171  195  219  240  255  261
    60.0-180.0 180.0   5.0 450.0                            LAT/LON1/LON2/DLON/H
  254  252  241  221  198  178  166  163  168  178  186  190  188  181  174  168
  167  171  178  186  194  199  203  204  203  200  196  190  183  176  167  158
  148  138  128  118  109  101   95   92   91   91   92   93   94   95   97  100
  105  112  120  128  135  141  146  151  156  160  162  162  160  155  149  145
  145  148  157  171  189  210  229  245  254
    57.5-180.0 180.0   5.0 450.0                            LAT/LON1/LON2/DLON/H
  236  238  231  216  196  177  165  163  168  177  184  187  183  176  168  165
  167  174  184  195  204  210  215  217  218  218  214  209  201  192  181  168
  155  142  129  118  109  102   99   97   99  101  103  104  104  102  101  102
  106  112  120  127  133  139  143  148  155  162  169  173  174  173  169  166
  163  163  166  173  182  195  210  225  236
    55.0-180.0 180.0   5.0 450.0                            LAT/LON1/LON2/DLON/H
  216  223  222  212  196  179  168  165  169  176  182  183  179  174  169  170
  177  188  200  212  220  227  232  235  238  239  237  231  222  211  197  181
  165  148  134  122  113  108  107  108  112  117  120  120  118  113  109  107
  108  113  120  126  131  134  137  142  149  159  169  178  184  187  187  186
  184  182  181  180  180  184  193  204  216
    52.5-180.0 180.0   5.0 450.0                            LAT/LON1/LON2/DLON/H
  207  219  224  220  208  194  182  176  176  180  183  183  180  177  177  183
  194  208  223  234  242  248  253  258  262  263  261  255  244  231  215  196
  176  157  141  128  121  117  118  122  128  135  139  139  135  127  119  114
  113  117  123  129  132  133  134  137  144  154  167  179  189  196  200  203
  205  205  202  196  189  185  186  194  207
    50.0-180.0 180.0   5.0 450.0                            LAT/LON1/LON2/DLON/H
  218  233  243  245  238  225  212  202  197  194  193  191  189  189  193  202
  217  233  248  259  267  272  277  283  287  288  284  276  263  248  230  209
  187  166  149  137  130  128  130  136  144  152  157  158  152  143  133  125
  123  126  132  137  140  139  138  139  144  155  168  181  193  203  211  219
  226  230  229  222  212  202  199  204  218
    47.5-180.0 180.0   5.0 450.0                            LAT/LON1/LON2/DLON/H
  251  269  283  289  284  273  258  244  232  222  215  210  208  209  215  226
  241  258  273  285  293  299  305  310  312  309  301  289  274  258  240  218
  195  174  156  144  138  138  141  147  156  165  172  174  169  160  149  140
  137  140  147  153  156  155  153  152  156  165  177  189  200  211  222  234
  246  256  261  258  249  238  233  237  251
    45.0-180.0 180.0   5.0 450.0                            LAT/LON1/LON2/DLON/H
  305  323  338  344  341  331  315  298  279  262  248  240  237  239  244  253
  266  282  298  311  321  329  334  336  333  323  308  291  274  258  240  220
  198  177  161  151  147  147  150  156  164  175  184  188  185  177  167  159
  156  159  166  173  178  179  177  177  180  186  195  205  214  224  236  250
  267  283  295  299  296  290  286  291  305
    42.5-180.0 180.0   5.0 450.0                            LAT/LON1/LON2/DLON/H
  372  387  399  403  399  388  373  354  332  309  290  279  274  275  278  282
  291  304  322  339  352  360  363  359  347  328  304  281  262  247  233  216
  197  178  165  158  156  157  159  164  172  183  193  200  200  195  186  178
  175  178  185  194  202  206  208  209  212  217  223  230  237  246  257  272
  291  311  329  342  348  350  352  359  372
    40.0-180.0 180.0   5.0 450.0                            LAT/LON1/LON2/DLON/H
  444  454  459  456  448  437  423  406  382  357  335  322  317  316  314  312
  315  328  348  370  386  393  390  377  354  323  290  262  243  233  224  211
  196  181  172  169  170  171  172  175  181  191  203  212  215  212  204  197
  193  194  200  210  221  230  237  243  248  252  257  262  268  277  288  303
  320  341  363  383  399  411  421  432  444
    37.5-180.0 180.0   5.0 450.0                            LAT/LON1/LON2/DLON/H
  516  520  516  503  488  474  462  448  426  401  378  365  361  358  351  343
  341  354  378  405  422  424  412  387  352  312  273  244  229  223  220  212
  200  190  185  187  190  192  191  191  195  204  215  224  229  227  220  212
  205  203  207  217  231  246  260  271  280  286  291  297  305  317  330  343
  358  375  397  422  447  469  488  504  516
    35.0-180.0 180.0   5.0 450.0                            LAT/LON1/LON2/DLON/H
  587  588  574  551  526  508  496  484  465  441  419  406  403  399  388  374
  369  382  411  440  456  450  425  389  345  301  262  237  228  230  231  226
  217  209  208  213  218  219  216  212  213  219  229  237  240  238  231  220
  210  203  203  212  229  249  271  290  304  314  322  332  345  362  379  393
  403  415  433  459  490  522  551  573  587
    32.5-180.0 180.0   5.0 450.0                            LAT/LON1/LON2/DLON/H
  661  663  646  613  578  552  537  525  508  483  460  447  442  437  423  405
  398  413  444  474  482  464  428  384  339  299  269  253  252  259  263  258
  248  240  240  246  251  250  243  236  234  237  243  248  249  244  235  222
  207  195  190  197  215  241  270  296  318  334  347  363  384  410  433  448
  454  459  471  495  530  570  609  641  661
    30.0-180.0 180.0   5.0 450.0                            LAT/LON1/LON2/DLON/H
  743  755  741  706  663  626  603  587  566  537  509  491  482  474  457  437
  429  444  475  499  497  467  421  376  340  314  299  296  303  313  315  305
  290  279  278  281  283  278  267  257  252  252  255  255  252  245  233  216
  197  180  172  176  195  224  259  293  323  346  366  389  419  454  484  501
  505  505  511  533  570  616  665  710  743
    27.5-180.0 180.0   5.0 450.0                            LAT/LON1/LON2/DLON/H
  835  866  867  838  790  744  709  682  651  613  574  545  529  515  494  470
  459  472  498  513  498  457  409  373  355  351  354  364  376  383  378  360
  338  321  315  313  309  298  283  271  264  262  261  257  250  240  226  207
  185  165  153  155  172  203  243  284  322  353  381  411  448  491  527  548
  551  548  552  572  611  663  722  782  835
    25.0-180.0 180.0   5.0 450.0                            LAT/LON1/LON2/DLON/H
  932  991 1017 1004  960  906  857  814  770  717  662  617  587  563  535  507
  491  498  514  516  489  441  398  380  387  407  428  444  454  454  438  410
  380  357  345  336  323  306  288  275  268  265  261  254  244  231  215  196
  173  152  138  138  154  185  227  275  321  360  395  430  473  519  558  581
  587  585  591  613  653  709  778  856  932
    22.5-180.0 180.0   5.0 450.0                            LAT/LON1/LON2/DLON/H
 1022 1113 1172 1183 1151 1095 1034  976  915  845  772  708  660  623  586  549
  526  521  524  513  476  428  398  403  437  477  506  520  520  507  479  442
  407  381  363  347  327  304  283  270  264  261  256  247  234  220  205  186
  165  144  130  128  142  172  216  269  322  370  411  450  493  538  577  600
  609  613  624  651  695  754  830  922 1022
    20.0-180.0 180.0   5.0 450.0                            LAT/LON1/LON2/DLON/H
 1089 1207 1300 1342 1330 1279 1212 1142 1069  985  895  812  747  695  646  600
  565  546  534  510  468  428  416  445  498  547  571  572  555  526  488  448
  413  388  369  348  322  295  273  261  256  253  248  238  225  211  196  179
  160  142  129  127  138  166  210  267  327  382  429  469  510  551  585  607
  619  630  651  685  732  793  871  971 1089
    17.5-180.0 180.0   5.0 450.0                            LAT/LON1/LON2/DLON/H
 1115 1250 1368 1441 1455 1418 1353 1281 1203 1115 1016  920  840  775  716  659
  610  576  550  517  477  448  455  501  560  601  606  583  545  504  464  428
  401  383  368  347  319  290  268  256  251  247  241  231  219  205  191  176
  160  144  133  130  139  165  208  268  334  396  447  489  526  560  587  606
  621  641  672  714  763  821  895  992 1115
    15.0-180.0 180.0   5.0 450.0                            LAT/LON1/LON2/DLON/H
 1092 1224 1353 1450 1490 1474 1423 1360 1290 1209 1113 1015  929  856  789  723
  663  615  577  541  506  491  512  562  610  626  601  549  493  446  412  389
  378  374  367  350  324  296  275  262  254  247  239  228  215  201  187  174
  160  148  138  134  141  164  208  270  341  408  463  506  540  568  589  605
  622  650  690  738  787  838  899  982 1092
    12.5-180.0 180.0   5.0 450.0                            LAT/LON1/LON2/DLON/H
 1023 1129 1249 1355 1418 1428 1400 1357 1308 1247 1169 1082 1000  928  859  788
  719  662  618  582  556  551  575  614  636  615  553  476  412  371  352  349
  357  370  375  366  344  319  298  281  267  254  241  227  213  199  184  170
  158  148  139  135  140  162  206  270  344  415  472  517  551  577  595  609
  629  663  708  758  805  846  888  943 1023
    10.0-180.0 180.0   5.0 450.0                            LAT/LON1/LON2/DLON/H
  924  984 1073 1172 1249 1284 1285 1270 1252 1222 1174 1109 1042  980  917  847
  776  714  668  636  617  616  631  645  630  569  476  386  326  302  305  324
  351  378  395  395  380  358  335  312  289  266  245  227  211  194  177  163
  152  142  134  130  134  156  201  266  342  413  473  520  558  587  606  622
  645  682  730  778  819  849  870  891  924
     7.5-180.0 180.0   5.0 450.0                            LAT/LON1/LON2/DLON/H
  823  824  866  941 1021 1076 1104 1120 1135 1142 1128 1094 1050 1005  955  893
  825  764  721  693  677  669  665  646  591  498  390  304  265  267  293  328
  366  402  427  434  425  405  379  347  312  277  248  224  204  184  165  150
  139  131  123  118  123  146  193  259  334  404  464  515  560  596  623  644
  670  708  754  799  834  855  858  843  823
     5.0-180.0 180.0   5.0 450.0                            LAT/LON1/LON2/DLON/H
  752  692  678  719  790  856  904  944  988 1028 1049 1046 1028 1003  969  920
  860  805  766  740  720  698  667  615  530  421  319  258  251  281  324  365
  402  435  461  471  466  447  417  376  328  282  244  215  191  168  148  132
  122  114  107  103  109  134  183  249  321  387  446  501  555  602  639  668
  699  737  779  818  850  869  862  820  752
     2.5-180.0 180.0   5.0 450.0                            LAT/LON1/LON2/DLON/H
  735  625  559  562  616  681  737  790  851  913  960  982  986  980  963  928
  880  832  795  767  736  695  637  559  461  359  285  264  295  349  397  427
  447  466  485  495  491  471  436  387  330  276  231  198  171  147  126  111
  103   96   90   88   96  123  173  239  306  367  423  481  543  602  649  687
  722  760  798  834  867  892  889  835  735
