ionex_files/alger/COD0OPSFIN_20231050000_01D_01H_GIM.INX
     1.0            IONOSPHERE MAPS     GNSS                IONEX VERSION / TYPE
ADDNEQ2 V5.5        AIUB                19-APR-23 21:20     PGM / RUN BY / DATE 
CODE'S GLOBAL IONOSPHERE MAPS FOR DAY 105, 2023             COMMENT             
Global ionosphere maps (GIM) are generated on a daily basis DESCRIPTION         
at CODE using data from about 300 GNSS sites of the IGS and DESCRIPTION         
other institutions. The vertical total electron content     DESCRIPTION         
(VTEC) is modeled in a solar-geomagnetic reference frame    DESCRIPTION         
using a spherical harmonics expansion up to degree and      DESCRIPTION         
order 15. Piece-wise linear functions are used for          DESCRIPTION         
representation in the time domain. The time spacing of      DESCRIPTION         
their vertices is 1 hour, conforming with the epochs of the DESCRIPTION         
VTEC maps.                                                  DESCRIPTION         
To convert line-of-sight TEC into vertical TEC, a modified  DESCRIPTION         
single-layer model mapping function approximating the JPL   DESCRIPTION         
extended slab model mapping function is adopted. The        DESCRIPTION         
mapping function is evaluated at geodetic satellite         DESCRIPTION         
elevation angles. For the computation of the ionospheric    DESCRIPTION         
pierce points, a spherical layer with a radius of 6821 km   DESCRIPTION         
is assumed, implying geocentric, not geodetic IONEX         DESCRIPTION         
latitudes.                                                  DESCRIPTION         
Instrumental biases with respect to each involved GNSS code DESCRIPTION         
observable are estimated as constant values for each        DESCRIPTION         
day. They are modeled with one set of bias parameters for   DESCRIPTION         
each satellite and each station in case of GPS and for each DESCRIPTION         
satellite-station link in case of GLONASS. The code bias    DESCRIPTION         
datum is defined by zero-mean conditions imposed on the     DESCRIPTION         
satellite bias estimates. In this file, just GPS C1W-C2W    DESCRIPTION         
satellite and station bias values are included. The         DESCRIPTION         
complete set of GNSS code bias results is provided in an    DESCRIPTION         
additional Bias-SINEX file as pseudo-absolute values        DESCRIPTION         
specific to each observable.                                DESCRIPTION         
Note: These GIM results correspond to the results for the   DESCRIPTION         
middle day of a 3-day combination analysis solving for 73   DESCRIPTION         
times 256, or 18688 VTEC parameters and 3 daily sets of     DESCRIPTION         
GNSS code bias parameters.                                  DESCRIPTION         
Contact address: code(at)aiub.unibe.ch                      DESCRIPTION         
Data archive:    ftp.aiub.unibe.ch/CODE/                    DESCRIPTION         
                 www.aiub.unibe.ch/download/CODE/           DESCRIPTION         
  2023     4    15     0     0     0                        EPOCH OF FIRST MAP  
  2023     4    16     0     0     0                        EPOCH OF LAST MAP   
  3600                                                      INTERVAL            
[...]
brux bshm cags cas1 ccj2 cedu chpg chpi chti chur cnmr coco COMMENT             
cord cpvg cpxf crar cro1 daej darw dav1 dgar dhlg drao dubo COMMENT             
ebre faa1 fair flin flrs frdn ftna func ganp glps glsv gode COMMENT             
godz gol2 gold gope gras graz guam guug harb hers hert hlfx COMMENT             
hnpt hob2 hofn holb hrao hyde iddr ieng iisc ineg invk iqal COMMENT             
irkj isba jog2 joz2 joze kerg kir0 kiri kiru kit3 kokb kokv COMMENT             
kouc koug kour krgg lama laut lmmf lpal lpgs m0se mac1 madr COMMENT             
mal2 mana mas1 mat1 mate maw1 mcil mcm4 mdo1 mdvj medi mets COMMENT             
mgue mizu mkea mnls mobs morp mqzg mro1 mtka nano nico nist COMMENT             
nium nklg nlib nnor not1 nrc1 nrmd ntus nya1 nyal ohi2 onsa COMMENT             
opmt ous2 pado park pdel penc pert pie1 pimo pohn pol2 polv COMMENT             
pots pove prds ptag ptbb ptvl qaq1 quin rabt ramo reun reyk COMMENT             
rgdg rio2 riop salu samo sant savo sch2 scor scrz sctb seyg COMMENT             
sfer shao smst sofi spt0 ssia sthl stjo stk2 str2 suth sutm COMMENT             
suwn sydn syog tabv tash thtg thti thu2 tid1 tidb tlse tn22 COMMENT             
tong tow2 tro1 tsea tskb tuva twtf txes uclu ufpr ulab unb3 COMMENT             
unbj unsa urum usn7 usud vald vill voim vtsp wab1 wab2 wark COMMENT             
wgtn whit will wind wsrt wtza wtzl wtzr wtzs wuhn xmis yar2 COMMENT             
yar3 yarr yell ykro zamb zeck zim2 zim3 zimm                COMMENT             
                                                            END OF HEADER       
[from data line 3861]
    10                                                      START OF TEC MAP    
  2023     4    15     9     0     0                        EPOCH OF CURRENT MAP
    87.5-180.0 180.0   5.0 450.0                            LAT/LON1/LON2/DLON/H
  118  122  125  129  133  137  141  146  150  155  159  163  167  172  175  179
  182  185  188  191  193  195  196  198  198  199  199  199  199  198  197  196
  194  192  190  188  185  182  179  176  173  169  165  162  158  154  150  146
  142  138  135  131  128  124  121  118  116  113  111  109  108  107  106  105
  105  106  106  107  109  111  113  115  118
    85.0-180.0 180.0   5.0 450.0                            LAT/LON1/LON2/DLON/H
  101  106  112  119  126  134  142  150  158  166  174  182  189  197  203  209
  215  220  224  228  231  233  235  237  237  238  238  237  236  235  234  232
  230  227  224  221  217  213  209  204  199  194  189  183  177  171  165  159
  152  146  140  134  128  123  117  112  107  103   99   95   92   89   87   85
   84   83   84   85   86   89   92   96  101
    82.5-180.0 180.0   5.0 450.0                            LAT/LON1/LON2/DLON/H
  102  107  114  121  130  139  149  159  169  179  189  199  208  216  224  231
  237  242  246  249  251  253  254  254  254  254  253  252  251  250  249  248
  247  246  244  242  240  237  234  230  226  222  216  211  205  200  194  187
  181  175  169  163  157  151  145  139  133  128  122  117  112  107  103   99
   96   94   92   91   91   92   95   98  102
    80.0-180.0 180.0   5.0 450.0                            LAT/LON1/LON2/DLON/H
  121  124  128  134  141  150  159  169  179  190  200  209  218  226  232  238
  242  246  248  249  249  249  248  246  245  243  242  241  240  241  241  243
  245  246  249  250  252  253  253  253  251  249  247  244  240  237  233  230
  226  223  219  216  212  207  203  198  192  187  181  174  168  161  155  149
  143  137  132  128  124  122  120  120  121
    77.5-180.0 180.0   5.0 450.0                            LAT/LON1/LON2/DLON/H
  153  151  151  153  157  163  170  178  187  195  204  211  218  223  227  231
  232  233  232  231  229  225  222  219  215  212  211  210  210  212  216  220
  226  233  241  248  255  261  267  271  274  276  277  278  278  279  279  280
  280  281  282  283  283  282  280  277  273  268  262  255  248  240  231  223
  214  205  196  187  178  170  163  157  153
    75.0-180.0 180.0   5.0 450.0                            LAT/LON1/LON2/DLON/H
  186  178  172  169  170  172  177  183  189  195  201  205  209  211  212  212
  211  209  206  202  198  193  187  182  178  174  172  171  173  176  182  191
  202  214  227  241  254  267  278  288  296  302  307  311  315  319  324  329
  335  341  347  352  356  359  360  360  357  353  347  339  331  322  312  301
  290  278  265  251  237  223  209  197  186
    72.5-180.0 180.0   5.0 450.0                            LAT/LON1/LON2/DLON/H
  210  196  185  178  174  174  177  181  185  189  192  194  194  193  191  188
  185  181  177  172  167  161  155  150  145  141  138  138  140  145  153  164
  179  196  215  235  255  274  291  305  317  327  336  342  349  356  363  372
  381  391  401  410  418  423  427  427  425  420  414  406  396  386  376  364
  352  338  322  306  287  267  247  228  210
    70.0-180.0 180.0   5.0 450.0                            LAT/LON1/LON2/DLON/H
  219  199  184  174  168  167  169  172  176  179  180  179  177  174  170  165
  161  156  152  148  143  138  133  129  124  121  119  118  120  126  135  148
  165  186  210  235  260  284  306  325  341  353  363  371  378  386  394  403
  414  425  437  447  456  463  466  466  462  456  448  439  428  417  406  395
  383  369  354  336  315  292  267  242  219
    67.5-180.0 180.0   5.0 450.0                            LAT/LON1/LON2/DLON/H
  211  188  170  158  152  151  153  158  162  165  166  164  161  156  151  146
  142  138  135  132  130  127  124  122  119  117  115  115  117  122  131  144
  163  185  212  241  271  300  326  348  366  380  391  398  405  410  417  424
  433  442  452  462  469  473  474  471  465  456  446  434  422  411  400  389
  379  368  354  338  317  293  266  238  211
    65.0-180.0 180.0   5.0 450.0                            LAT/LON1/LON2/DLON/H
  194  168  148  135  129  129  133  139  145  149  151  150  147  142  137  133
  129  127  126  125  125  124  124  125  125  125  124  125  126  130  138  151
  169  193  221  253  286  318  348  373  393  408  418  425  429  432  434  437
  441  446  451  456  459  459  456  449  439  427  414  401  387  375  364  354
  346  338  329  317  300  278  251  222  194
    62.5-180.0 180.0   5.0 450.0                            LAT/LON1/LON2/DLON/H
  177  151  130  116  109  109  113  120  127  133  136  137  134  131  127  123
  121  120  121  121  123  125  127  130  133  136  138  139  141  144  151  162
  180  204  234  268  304  338  370  397  419  435  446  452  453  452  450  447
  444  443  442  441  439  433  425  413  400  385  370  355  341  327  315  306
  300  296  292  286  275  258  234  206  177
    60.0-180.0 180.0   5.0 450.0                            LAT/LON1/LON2/DLON/H
  173  147  125  109  100   97   99  104  111  117  122  124  123  121  118  116
  115  115  116  118  120  123  126  131  136  142  147  150  153  156  163  174
  192  217  248  284  321  357  390  419  442  460  471  478  479  475  468  459
  450  442  435  428  420  409  396  381  364  348  333  317  302  288  274  264
  259  258  260  261  257  246  226  201  173
    57.5-180.0 180.0   5.0 450.0                            LAT/LON1/LON2/DLON/H
  189  163  141  122  109  101   97   97  100  105  110  113  114  113  111  110
  109  110  111  112  113  115  118  124  131  139  147  153  158  163  171  183
  203  229  262  298  336  373  406  436  460  480  494  502  504  499  489  476
  462  449  436  425  413  398  382  364  346  330  315  302  287  271  256  243
  237  238  244  252  255  251  237  215  189
    55.0-180.0 180.0   5.0 450.0                            LAT/LON1/LON2/DLON/H
  225  201  178  157  138  121  108  100   97   98  102  105  106  106  105  104
  104  104  104  104  103  102  104  109  117  128  138  148  157  165  175  190
  212  241  275  312  349  385  418  447  473  495  513  524  529  525  514  499
  481  465  450  437  423  406  388  368  350  335  323  312  299  283  265  249
  240  241  250  262  272  274  265  247  225
    52.5-180.0 180.0   5.0 450.0                            LAT/LON1/LON2/DLON/H
  271  251  230  208  184  158  134  115  104  100  100  102  103  102  101  100
  100  100  100   97   94   91   90   93  101  113  126  140  152  165  179  197
  222  253  288  325  361  395  426  455  481  506  527  543  551  550  540  524
  506  489  475  462  448  431  412  391  373  359  350  342  332  316  295  276
  264  262  272  287  301  307  303  289  271
    50.0-180.0 180.0   5.0 450.0                            LAT/LON1/LON2/DLON/H
  313  299  283  263  237  204  170  141  121  111  107  107  106  103  101  100
  100  100  100   97   92   85   81   82   88  101  118  135  152  168  185  207
  234  267  303  339  373  404  432  459  486  513  538  559  572  574  565  550
  533  518  505  495  483  466  445  423  403  390  383  379  371  356  335  312
  296  292  299  314  329  337  335  326  313
    47.5-180.0 180.0   5.0 450.0                            LAT/LON1/LON2/DLON/H
  335  330  323  309  285  250  210  174  147  131  123  119  116  111  107  105
  106  108  108  106   99   91   83   81   87  100  118  139  159  178  198  222
  251  284  319  353  384  412  438  463  491  520  550  575  591  595  589  575
  559  546  537  529  519  503  480  454  431  416  409  406  400  388  367  344
  325  317  320  332  344  350  349  343  335
    45.0-180.0 180.0   5.0 450.0                            LAT/LON1/LON2/DLON/H
  330  333  337  333  317  285  245  206  176  157  147  140  133  126  120  118
  119  122  125  124  118  108   98   94   98  111  131  154  177  198  218  242
  269  301  334  365  394  420  444  470  499  531  564  593  612  618  612  598
  584  573  566  561  552  535  509  478  450  431  420  416  412  402  385  363
  343  330  328  333  338  340  337  331  330
    42.5-180.0 180.0   5.0 450.0                            LAT/LON1/LON2/DLON/H
  295  306  320  329  324  301  268  233  204  186  174  164  155  146  139  136
  138  143  147  149  144  135  124  117  120  133  155  179  203  224  243  264
  289  317  347  375  402  427  452  480  512  548  585  617  638  644  637  623
  610  601  596  592  583  563  534  499  464  438  422  414  409  401  388  370
  351  335  325  320  316  310  301  295  295
    40.0-180.0 180.0   5.0 450.0                            LAT/LON1/LON2/DLON/H
  244  257  278  298  305  296  274  247  226  210  200  190  179  169  161  158
  160  165  172  176  174  165  154  146  147  161  183  209  233  252  268  285
  305  329  355  382  408  435  463  495  531  572  614  649  671  677  669  656
  643  636  633  629  618  596  564  524  485  451  427  412  404  399  391  379
  362  343  324  307  291  274  258  246  244
    37.5-180.0 180.0   5.0 450.0                            LAT/LON1/LON2/DLON/H
  196  203  224  250  268  271  263  249  237  228  220  212  202  192  184  181
  182  187  195  201  201  194  182  173  174  187  210  236  260  278  291  303
  318  337  360  386  413  443  476  514  556  603  650  688  712  719  712  700
  690  685  683  679  666  644  610  570  527  488  455  432  419  414  412  407
  393  370  340  310  280  252  226  205  196
    35.0-180.0 180.0   5.0 450.0                            LAT/LON1/LON2/DLON/H
  170  164  177  200  222  236  240  240  238  236  233  227  219  212  205  202
  201  205  212  219  221  215  204  195  195  207  230  256  280  297  308  317
  328  344  364  388  418  453  492  536  584  637  689  733  760  770  766  758
  753  753  753  749  736  714  684  647  606  564  524  492  473  467  469  470
  458  430  390  345  302  263  226  193  170
    32.5-180.0 180.0   5.0 450.0                            LAT/LON1/LON2/DLON/H
  183  157  152  165  184  202  215  224  231  236  237  235  231  227  223  219
  216  217  223  229  232  228  217  207  206  217  239  266  290  308  320  329
  339  351  369  394  426  465  510  560  614  671  729  778  811  825  827  827
  830  837  842  840  829  811  787  759  724  684  641  601  575  566  571  575
  564  530  478  420  366  317  270  223  183
    30.0-180.0 180.0   5.0 450.0                            LAT/LON1/LON2/DLON/H
  237  189  162  156  166  180  196  210  222  232  236  237  237  237  236  232
  227  224  227  233  237  233  222  212  209  218  238  265  292  314  331  342
  353  365  381  405  440  483  532  585  642  703  764  819  857  879  889  899
  914  930  941  943  936  924  911  895  873  839  796  752  719  707  711  716
  702  660  597  528  466  411  356  297  237
    27.5-180.0 180.0   5.0 450.0                            LAT/LON1/LON2/DLON/H
  324  255  205  180  174  180  191  204  218  228  234  237  241  245  246  242
  234  229  229  234  237  233  222  211  206  212  230  257  288  318  342  360
  373  386  401  425  460  505  557  612  668  729  792  850  895  924  944  965
  991 1017 1034 1041 1040 1038 1037 1036 1027 1004  966  921  884  868  869  871
  852  801  728  651  585  528  469  400  324
    25.0-180.0 180.0   5.0 450.0                            LAT/LON1/LON2/DLON/H
  423  340  274  231  210  202  204  212  222  231  236  240  245  252  255  250
  240  232  230  233  235  231  220  207  199  202  217  245  282  321  356  382
  401  415  429  451  486  533  585  639  693  751  812  872  919  954  982 1013
 1048 1081 1104 1115 1121 1128 1140 1153 1159 1148 1118 1077 1040 1020 1017 1012
  984  925  843  763  696  640  582  509  423
    22.5-180.0 180.0   5.0 450.0                            LAT/LON1/LON2/DLON/H
  510  424  352  300  266  246  236  235  239  243  245  247  252  259  262  257
  246  236  233  234  235  228  216  202  191  191  204  234  277  326  373  409
  433  448  461  481  515  562  615  667  717  769  826  883  930  966  999 1034
 1073 1109 1133 1147 1158 1174 1197 1221 1238 1240 1221 1188 1154 1133 1123 1110
 1072 1003  917  836  773  722  667  596  510
    20.0-180.0 180.0   5.0 450.0                            LAT/LON1/LON2/DLON/H
  565  489  424  372  332  301  280  269  266  264  262  260  263  268  270  264
  252  241  236  236  234  225  211  195  183  180  192  223  274  334  390  435
  464  480  491  510  543  591  645  695  740  787  837  887  929  962  993 1027
 1063 1094 1114 1128 1143 1165 1195 1225 1250 1261 1254 1232 1206 1185 1170 1147
 1098 1022  933  855  797  752  703  640  565
    17.5-180.0 180.0   5.0 450.0                            LAT/LON1/LON2/DLON/H
  577  523  477  436  397  360  329  310  300  292  285  278  275  277  276  269
  256  245  239  236  230  219  203  187  174  169  181  215  272  340  405  456
  488  504  515  533  567  616  671  722  764  805  847  888  921  947  970  996
 1022 1041 1052 1061 1078 1104 1136 1167 1194 1212 1217 1208 1191 1174 1155 1121
 1062  979  892  819  767  728  686  634  577
    15.0-180.0 180.0   5.0 450.0                            LAT/LON1/LON2/DLON/H
  553  528  509  486  453  414  378  352  336  323  310  297  288  284  280  270
  257  246  238  232  223  208  190  174  162  158  171  208  270  344  414  467
  501  518  530  548  583  634  692  744  787  823  858  890  912  927  939  953
  963  966  963  965  981 1009 1039 1066 1090 1111 1125 1130 1125 1113 1091 1048
  980  894  809  742  697  661  625  586  553
    12.5-180.0 180.0   5.0 450.0                            LAT/LON1/LON2/DLON/H
  509  515  525  522  498  460  421  391  370  352  333  313  298  288  279  268
  254  242  232  223  209  191  173  158  148  146  161  202  268  344  415  467
  501  519  533  553  589  643  704  759  804  840  871  894  906  910  911  910
  904  889  871  866  881  907  934  953  970  990 1012 1028 1035 1029 1006  957
  882  793  712  652  611  577  544  519  509
    10.0-180.0 180.0   5.0 450.0                            LAT/LON1/LON2/DLON/H
  471  503  537  551  536  500  459  426  401  378  352  325  302  286  274  261
  246  232  220  207  190  170  153  140  133  134  152  196  263  339  407  457
  490  510  527  550  588  642  705  764  813  852  882  901  906  901  893  882
  862  832  803  793  806  832  853  863  871  888  913  938  953  953  931  879
  800  711  633  579  540  506  475  460  471
     7.5-180.0 180.0   5.0 450.0                            LAT/LON1/LON2/DLON/H
  459  509  559  583  573  538  496  460  429  399  366  331  302  281  265  249
  233  217  203  187  168  148  133  124  120  124  145  191  257  329  393  439
  472  496  517  542  580  632  694  754  808  853  887  907  910  903  891  875
  848  811  777  766  781  806  821  822  821  833  858  886  906  910  889  837
  757  669  596  545  508  473  443  434  459
     5.0-180.0 180.0   5.0 450.0                            LAT/LON1/LON2/DLON/H
  486  544  598  624  613  578  536  495  457  419  377  335  300  274  254  236
  217  199  183  166  148  130  118  112  111  118  140  186  249  317  375  419
  453  481  506  533  568  615  672  731  789  840  882  907  914  911  903  891
  867  832  802  796  814  838  847  840  831  837  859  885  904  909  891  842
  764  678  608  561  525  489  459  454  486
     2.5-180.0 180.0   5.0 450.0                            LAT/LON1/LON2/DLON/H
  549  604  653  673  659  624  580  535  488  439  388  339  298  268  245  223
  202  181  164  148  132  119  111  108  108  115  137  181  241  304  358  400
  436  468  497  524  554  593  641  696  755  813  864  898  914  919  921  920
  908  886  869  873  897  920  923  908  893  894  910  928  942  945  929  884
  811  730  662  617  583  548  520  516  549
