ionex_files/alger/COD0OPSFIN_20231060000_01D_01H_GIM.INX
     1.0            IONOSPHERE MAPS     GNSS                IONEX VERSION / TYPE
ADDNEQ2 V5.5        AIUB                20-APR-23 21:09     PGM / RUN BY / DATE 
CODE'S GLOBAL IONOSPHERE MAPS FOR DAY 106, 2023             COMMENT             
Global ionosphere maps (GIM) are generated on a daily basis DESCRIPTION         
at CODE using data from about 300 GNSS sites of the IGS and DESCRIPTION         
other institutions. The vertical total electron content     DESCRIPTION         
(VTEC) is modeled in a solar-geomagnetic reference frame    DESCRIPTION         
using a spherical harmonics expansion up to degree and      DESCRIPTION         
order 15. Piece-wise linear functions are used for          DESCRIPTION         
representation in the time domain. The time spacing of      DESCRIPTION         
their vertices is 1 hour, conforming with the epochs of the DESCRIPTION         
VTEC maps.                                                  DESCRIPTION         
To convert line-of-sight TEC into vertical TEC, a modified  DESCRIPTION         
single-layer model mapping function approximating the JPL   DESCRIPTION         
extended slab model mapping function is adopted. The        DESCRIPTION         
mapping function is evaluated at geodetic satellite         DESCRIPTION         
elevation angles. For the computation of the ionospheric    DESCRIPTION         
pierce points, a spherical layer with a radius of 6821 km   DESCRIPTION         
is assumed, implying geocentric, not geodetic IONEX         DESCRIPTION         
latitudes.                                                  DESCRIPTION         
Instrumental biases with respect to each involved GNSS code DESCRIPTION         
observable are estimated as constant values for each        DESCRIPTION         
day. They are modeled with one set of bias parameters for   DESCRIPTION         
each satellite and each station in case of GPS and for each DESCRIPTION         
satellite-station link in case of GLONASS. The code bias    DESCRIPTION         
datum is defined by zero-mean conditions imposed on the     DESCRIPTION         
satellite bias estimates. In this file, just GPS C1W-C2W    DESCRIPTION         
satellite and station bias values are included. The         DESCRIPTION         
complete set of GNSS code bias results is provided in an    DESCRIPTION         
additional Bias-SINEX file as pseudo-absolute values        DESCRIPTION         
specific to each observable.                                DESCRIPTION         
Note: These GIM results correspond to the results for the   DESCRIPTION         
middle day of a 3-day combination analysis solving for 73   DESCRIPTION         
times 256, or 18688 VTEC parameters and 3 daily sets of     DESCRIPTION         
GNSS code bias parameters.                                  DESCRIPTION         
Contact address: code(at)aiub.unibe.ch                      DESCRIPTION         
Data archive:    ftp.aiub.unibe.ch/CODE/                    DESCRIPTION         
                 www.aiub.unibe.ch/download/CODE/           DESCRIPTION         
  2023     4    16     0     0     0                        EPOCH OF FIRST MAP  
  2023     4    17     0     0     0                        EPOCH OF LAST MAP   
  3600                                                      INTERVAL            
[...]
bshm cags cas1 ccj2 cedu chpg chpi chti chur cnmr coco cord COMMENT             
cpvg cpxf crar cro1 daej darw dav1 dgar dhlg drao dubo ebre COMMENT             
faa1 fair flin flrs frdn ftna func ganp glps glsv gode godz COMMENT             
gol2 gold gope gras graz guam guug harb hers hert hlfx hnpt COMMENT             
hob2 hofn holb hrao hyde iddr ieng iisc ineg invk iqal irkj COMMENT             
isba jog2 joz2 joze kerg kir0 kiri kiru kit3 kokb kokv kouc COMMENT             
koug kour krgg lama laut lmmf lpal lpgs m0se mac1 madr mal2 COMMENT             
mana mas1 mat1 mate maw1 mcil mcm4 mdo1 mdvj medi mets mgue COMMENT             
mizu mkea mnls mobs morp mqzg mro1 mtka nano nico nist nium COMMENT             
nklg nlib nnor not1 nrc1 nrmd ntus nya1 nyal ohi2 onsa opmt COMMENT             
ous2 pado park pdel penc pert pie1 pimo pohn pol2 polv pots COMMENT             
pove prds ptag ptbb ptvl qaq1 quin rabt ramo reun reyk rgdg COMMENT             
rio2 riop salu samo sant savo sch2 scor scrz sctb seyg sfer COMMENT             
shao smst sofi spt0 ssia sthl stjo stk2 str2 suth sutm suwn COMMENT             
sydn syog tabv tash thtg thti thu2 tid1 tidb tlse tn22 tong COMMENT             
tow2 tro1 tsea tskb tuva twtf txes uclu ufpr ulab unb3 unbj COMMENT             
unsa urum usn7 usud vald vill voim vtsp wab1 wab2 wark wgtn COMMENT             
whit will wind wsrt wtza wtzl wtzr wtzs wuhn xmis yar2 yar3 COMMENT             
yarr yell ykro zamb zeck zim2 zim3 zimm                     COMMENT             
                                                            END OF HEADER       
[from data line 429]
     2                                                      START OF TEC MAP    
  2023     4    16     1     0     0                        EPOCH OF CURRENT MAP
    87.5-180.0 180.0   5.0 450.0                            LAT/LON1/LON2/DLON/H
  211  210  209  208  207  206  204  203  201  200  198  197  195  194  192  191
  189  188  186  185  184  182  181  179  178  177  175  174  173  172  171  170
  170  169  169  169  169  169  170  171  171  172  174  175  176  178  180  182
  184  186  188  190  192  194  196  198  200  202  204  206  207  208  210  211
  212  212  213  213  213  213  213  212  211
    85.0-180.0 180.0   5.0 450.0                            LAT/LON1/LON2/DLON/H
  233  231  228  226  223  220  217  214  211  209  206  204  202  200  198  197
  195  193  191  189  187  185  183  181  178  175  172  170  167  164  162  159
  157  156  155  154  153  153  154  155  156  158  160  163  165  168  171  175
  178  182  186  189  193  197  201  205  209  213  217  221  224  227  230  233
  235  237  238  238  238  238  237  235  233
    82.5-180.0 180.0   5.0 450.0                            LAT/LON1/LON2/DLON/H
  253  249  245  240  235  231  226  222  218  215  213  210  209  208  207  206
  205  204  204  202  201  199  196  193  189  185  180  175  170  165  160  156
  152  149  146  144  143  143  143  144  146  148  151  154  157  161  164  168
  172  176  181  185  190  195  200  205  211  216  222  228  234  239  244  249
  253  256  259  260  261  260  259  256  253
    80.0-180.0 180.0   5.0 450.0                            LAT/LON1/LON2/DLON/H
  269  263  257  251  244  238  232  227  223  219  217  216  215  215  215  216
  217  218  219  219  219  218  215  212  207  202  195  188  180  173  165  158
  152  147  143  140  139  138  138  140  141  144  146  149  152  155  159  162
  165  168  172  176  180  185  190  195  201  208  215  223  231  239  247  255
  262  268  273  276  278  278  276  273  269
    77.5-180.0 180.0   5.0 450.0                            LAT/LON1/LON2/DLON/H
  280  273  265  257  249  242  235  230  225  223  221  220  220  221  222  224
  226  228  231  233  234  234  233  230  225  218  211  202  192  182  172  163
  155  149  144  140  138  138  138  139  141  144  146  148  150  152  153  155
  157  158  160  162  165  168  172  176  182  189  197  206  217  228  239  250
  261  270  278  284  288  290  289  285  280
    75.0-180.0 180.0   5.0 450.0                            LAT/LON1/LON2/DLON/H
  285  278  269  260  251  243  236  231  228  226  225  224  224  225  225  226
  228  230  233  236  239  240  240  238  234  228  219  209  198  187  176  165
  157  149  144  141  139  139  140  142  143  145  147  148  148  148  148  148
  147  147  147  147  148  149  151  154  159  165  173  183  195  208  222  237
  251  264  275  284  291  294  294  291  285
    72.5-180.0 180.0   5.0 450.0                            LAT/LON1/LON2/DLON/H
  285  277  268  258  249  241  235  232  230  230  230  229  228  226  224  222
  221  221  223  226  230  233  234  234  231  225  217  207  196  184  173  163
  154  147  142  140  139  139  140  142  144  146  146  146  145  143  142  140
  138  137  135  135  134  134  134  136  139  144  152  162  174  189  204  221
  237  252  266  278  286  291  293  290  285
    70.0-180.0 180.0   5.0 450.0                            LAT/LON1/LON2/DLON/H
  279  271  261  251  243  236  232  231  232  234  235  235  232  227  220  213
  207  204  203  205  208  212  215  216  214  210  203  194  184  173  163  155
  147  141  137  135  135  136  138  140  142  143  143  142  140  137  134  132
  130  129  129  128  128  127  127  128  130  134  141  150  162  176  192  208
  225  241  255  268  277  283  286  284  279
    67.5-180.0 180.0   5.0 450.0                            LAT/LON1/LON2/DLON/H
  269  261  252  242  233  227  225  227  232  237  241  241  237  228  217  204
  192  184  180  179  182  185  189  190  189  186  180  172  164  156  149  142
  137  132  129  127  127  128  130  133  136  137  137  136  133  130  127  126
  126  127  129  130  132  132  133  133  135  139  145  154  165  177  191  205
  219  233  246  257  266  272  275  274  269
    65.0-180.0 180.0   5.0 450.0                            LAT/LON1/LON2/DLON/H
  259  251  242  231  222  216  216  220  228  238  245  248  244  233  217  199
  183  170  162  159  159  162  164  165  163  160  155  149  144  139  134  130
  127  124  121  119  118  118  121  124  127  129  130  129  126  124  122  122
  125  129  135  141  145  148  151  152  155  159  166  174  184  194  204  214
  223  232  241  249  256  261  264  263  259
    62.5-180.0 180.0   5.0 450.0                            LAT/LON1/LON2/DLON/H
  252  245  235  224  213  207  206  211  222  236  248  254  253  242  225  204
  185  169  158  152  150  150  150  148  145  140  135  131  128  125  124  123
  121  119  116  113  110  110  112  115  119  122  124  124  122  120  119  121
  127  136  146  157  165  172  177  181  186  192  199  208  217  224  230  234
  237  239  242  246  250  254  256  256  252
    60.0-180.0 180.0   5.0 450.0                            LAT/LON1/LON2/DLON/H
  254  248  238  225  212  203  200  204  217  234  250  261  263  256  240  221
  201  184  173  165  160  156  152  146  140  134  128  124  122  122  123  123
  123  120  117  112  109  107  108  111  116  120  123  123  121  119  119  123
  132  145  160  176  189  199  207  214  222  231  240  250  258  263  264  262
  258  254  251  250  251  253  255  256  254
    57.5-180.0 180.0   5.0 450.0                            LAT/LON1/LON2/DLON/H
  266  262  253  239  224  210  203  204  215  233  253  269  276  274  263  247
  230  215  204  195  187  179  170  160  151  142  136  131  130  130  131  132
  132  129  125  120  114  111  111  114  119  123  127  127  125  123  123  128
  139  155  175  194  212  226  237  247  258  270  282  294  302  304  301  293
  283  273  265  261  260  261  264  267  266
    55.0-180.0 180.0   5.0 450.0                            LAT/LON1/LON2/DLON/H
  291  289  281  268  250  233  220  217  224  240  260  279  291  294  289  279
  267  256  246  236  224  212  199  186  174  165  157  152  149  147  147  147
  147  144  140  134  128  124  123  124  128  133  136  136  133  130  130  135
  147  165  188  211  232  250  264  277  291  306  320  333  341  342  336  324
  310  296  285  279  278  280  284  288  291
    52.5-180.0 180.0   5.0 450.0                            LAT/LON1/LON2/DLON/H
  325  326  321  310  292  272  254  244  245  256  274  293  307  315  315  311
  305  297  288  277  263  247  231  216  204  195  188  181  176  171  167  165
  163  161  157  153  147  143  141  141  143  146  148  147  144  140  139  143
  155  175  200  226  251  271  288  304  319  336  352  365  373  373  364  351
  334  320  309  303  303  307  313  320  325
    50.0-180.0 180.0   5.0 450.0                            LAT/LON1/LON2/DLON/H
  364  368  367  359  343  323  302  287  281  285  297  312  326  335  339  339
  336  332  324  311  295  276  258  244  234  228  221  213  204  194  186  181
  177  175  174  171  168  164  161  159  159  160  161  159  155  151  149  152
  165  185  211  240  267  290  310  327  344  361  377  390  397  396  387  373
  357  344  335  332  334  340  348  357  364
    47.5-180.0 180.0   5.0 450.0                            LAT/LON1/LON2/DLON/H
  403  409  411  408  397  380  359  341  328  324  328  336  346  354  359  360
  359  355  347  333  314  293  276  264  258  255  250  240  227  213  200  191
  186  185  186  186  186  183  180  176  174  173  172  170  167  162  160  163
  175  196  223  253  283  309  331  349  366  382  397  409  414  412  405  392
  379  368  362  362  367  376  385  395  403
    45.0-180.0 180.0   5.0 450.0                            LAT/LON1/LON2/DLON/H
  436  442  447  448  443  432  416  397  380  369  364  364  368  372  374  374
  373  369  359  344  322  300  284  275  274  274  269  259  242  224  207  196
  190  190  193  196  198  198  195  190  187  184  183  181  178  175  173  176
  188  208  235  267  299  328  351  371  387  402  414  423  427  426  421  412
  403  395  391  394  401  411  421  429  436
    42.5-180.0 180.0   5.0 450.0                            LAT/LON1/LON2/DLON/H
  463  466  471  475  476  472  463  448  430  413  400  393  390  389  387  384
  381  376  365  348  325  302  286  280  281  283  279  267  249  229  212  199
  193  193  197  202  206  208  206  203  199  196  195  194  192  190  189  192
  202  221  247  280  314  345  370  390  406  419  429  436  440  440  439  436
  431  426  423  426  434  444  453  459  463
    40.0-180.0 180.0   5.0 450.0                            LAT/LON1/LON2/DLON/H
  485  483  484  488  493  496  495  486  469  449  431  418  410  405  400  394
  388  382  372  354  329  305  288  282  284  286  282  269  252  233  218  206
  201  200  202  207  212  216  217  216  215  214  213  213  211  208  207  208
  217  233  259  290  325  358  385  406  421  433  442  449  453  457  462  465
  465  462  460  461  468  478  485  487  485
    37.5-180.0 180.0   5.0 450.0                            LAT/LON1/LON2/DLON/H
  510  499  493  492  497  505  510  508  495  474  453  437  428  421  413  405
  399  393  384  366  339  313  294  287  288  288  282  270  256  243  232  224
  218  215  215  217  222  227  233  237  239  240  240  239  235  230  226  225
  231  244  267  297  331  365  393  415  431  444  454  462  469  478  490  501
  506  506  502  501  507  515  520  518  510
    35.0-180.0 180.0   5.0 450.0                            LAT/LON1/LON2/DLON/H
  543  523  506  497  497  505  514  517  507  488  466  451  442  436  428  420
  414  410  402  384  357  327  307  298  296  294  287  277  269  264  260  256
  250  243  238  236  239  247  257  268  276  279  278  272  263  253  244  239
  241  251  270  298  331  364  393  415  434  450  464  476  488  503  523  543
  555  557  552  549  552  560  564  558  543
    32.5-180.0 180.0   5.0 450.0                            LAT/LON1/LON2/DLON/H
  590  562  535  514  505  508  517  521  514  495  475  462  456  452  445  436
  431  429  423  405  376  345  323  314  312  309  303  297  296  300  303  301
  294  283  271  264  265  276  293  311  324  328  323  310  292  274  258  248
  246  252  268  293  324  356  384  409  431  453  474  492  510  533  561  590
  609  614  609  605  607  615  619  611  590
    30.0-180.0 180.0   5.0 450.0                            LAT/LON1/LON2/DLON/H
  655  620  583  551  531  525  529  532  523  504  485  474  472  470  463  454
  449  447  441  422  390  359  340  336  338  338  335  334  340  349  357  355
  345  328  311  300  300  313  337  362  379  383  370  347  317  288  264  248
  243  247  261  284  313  343  371  398  425  455  485  512  537  566  602  638
  665  675  672  669  673  682  687  678  655
    27.5-180.0 180.0   5.0 450.0                            LAT/LON1/LON2/DLON/H
  731  694  652  611  580  564  561  558  545  524  505  496  496  494  484  471
  464  461  452  428  394  365  355  363  375  382  383  386  395  407  413  408
  392  372  351  338  338  355  384  414  433  432  410  374  331  290  259  240
  232  236  250  272  300  329  357  386  420  459  500  537  568  602  643  686
  720  736  738  737  744  756  763  755  731
    25.0-180.0 180.0   5.0 450.0                            LAT/LON1/LON2/DLON/H
  811  776  733  689  651  627  615  605  587  562  541  532  531  525  509  490
  477  469  453  423  387  364  369  395  423  438  443  447  454  462  461  447
  426  402  382  370  372  392  425  458  476  468  434  385  330  281  244  223
  216  221  237  260  289  318  346  378  419  469  521  566  604  641  684  731
  770  792  800  805  816  830  838  832  811
    22.5-180.0 180.0   5.0 450.0                            LAT/LON1/LON2/DLON/H
  882  854  817  775  736  708  690  673  649  620  596  585  580  568  543  514
  493  477  452  414  376  363  387  434  479  502  507  506  506  502  488  464
  437  414  398  391  396  418  452  484  497  480  436  376  313  259  221  200
  195  204  223  250  280  311  342  378  425  484  546  600  642  680  722  770
  812  840  854  865  879  895  904  899  882
    20.0-180.0 180.0   5.0 450.0                            LAT/LON1/LON2/DLON/H
  936  918  891  857  823  796  776  755  727  694  668  655  644  622  587  549
  519  493  459  412  374  372  416  483  540  565  563  551  537  518  488  453
  423  404  396  396  406  428  459  487  492  467  414  348  283  230  194  176
  175  188  211  242  276  310  344  385  438  505  574  634  679  716  756  802
  844  875  895  911  928  943  951  948  936
    17.5-180.0 180.0   5.0 450.0                            LAT/LON1/LON2/DLON/H
  968  960  946  924  899  878  861  840  810  776  750  734  717  687  642  596
  560  527  485  432  396  404  462  541  600  616  598  567  536  501  459  416
  386  376  379  388  401  420  446  465  463  430  374  307  246  199  169  155
  157  173  200  235  273  312  352  397  456  527  601  664  711  748  784  824
  864  896  920  940  958  972  976  973  968
    15.0-180.0 180.0   5.0 450.0                            LAT/LON1/LON2/DLON/H
  978  980  978  970  957  946  935  917  888  855  830  813  793  756  705  656
  618  583  537  483  449  465  528  604  648  641  598  547  500  454  406  362
  338  339  354  371  384  398  415  425  415  378  323  263  211  174  151  141
  144  161  190  228  271  316  362  413  475  547  622  686  735  770  803  837
  872  904  930  953  971  981  982  979  978
    12.5-180.0 180.0   5.0 450.0                            LAT/LON1/LON2/DLON/H
  976  985  992  994  993  993  989  976  951  922  900  884  862  822  771  724
  690  658  615  564  534  550  607  662  674  631  557  486  430  383  339  304
  291  304  329  351  363  369  374  374  358  322  272  223  185  159  143  135
  137  152  181  221  268  319  371  428  491  562  634  697  746  782  813  842
  872  901  930  954  971  977  975  973  976
    10.0-180.0 180.0   5.0 450.0                            LAT/LON1/LON2/DLON/H
  973  986  998 1006 1013 1020 1024 1015  994  970  953  940  917  878  829  789
  764  740  704  661  635  646  681  699  665  579  475  391  337  303  275  256
  257  281  313  336  342  338  332  323  304  272  233  197  172  157  146  138
  136  146  172  212  263  319  378  439  503  569  634  694  744  783  813  839
  865  893  923  950  966  970  967  966  973
     7.5-180.0 180.0   5.0 450.0                            LAT/LON1/LON2/DLON/H
  980  994 1005 1014 1023 1035 1043 1038 1021 1002  989  977  954  915  872  840
  824  811  786  752  730  729  731  701  614  487  362  278  240  230  228  231
  246  276  309  328  326  312  296  280  262  237  209  186  173  165  157  145
  138  142  164  203  255  316  380  445  507  567  624  679  730  773  806  831
  855  884  916  946  963  968  966  969  980
     5.0-180.0 180.0   5.0 450.0                            LAT/LON1/LON2/DLON/H
 1001 1015 1023 1026 1033 1045 1053 1050 1036 1021 1010  998  973  933  893  867
  857  851  835  812  791  774  739  657  524  368  238  169  160  183  211  234
  259  288  315  325  316  293  269  250  235  218  202  190  184  179  170  155
  141  139  157  194  247  310  378  444  504  556  606  656  708  755  792  819
  845  876  913  946  966  973  976  985 1001
     2.5-180.0 180.0   5.0 450.0                            LAT/LON1/LON2/DLON/H
 1034 1049 1051 1048 1049 1056 1063 1059 1048 1035 1025 1009  978  934  892  865
  854  848  836  818  798  763  693  570  406  242  128   90  117  174  228  266
  291  311  325  324  307  279  251  232  221  214  207  201  198  193  182  163
  144  138  152  188  240  303  371  436  493  540  582  628  681  733  775  806
  835  871  914  952  975  985  995 1012 1034
