ionex_files/alger/COD0OPSFIN_20231050000_01D_01H_GIM.INX
     1.0            IONOSPHERE MAPS     GNSS                IONEX VERSION / TYPE
ADDNEQ2 V5.5        AIUB                19-APR-23 21:20     PGM / RUN BY / DATE 
CODE'S GLOBAL IONOSPHERE MAPS FOR DAY 105, 2023             COMMENT             
Global ionosphere maps (GIM) are generated on a daily basis DESCRIPTION         
at CODE using data from about 300 GNSS sites of the IGS and DESCRIPTION         
other institutions. The vertical total electron content     DESCRIPTION         
(VTEC) is modeled in a solar-geomagnetic reference frame    DESCRIPTION         
using a spherical harmonics expansion up to degree and      DESCRIPTION         
order 15. Piece-wise linear functions are used for          DESCRIPTION         
representation in the time domain. The time spacing of      DESCRIPTION         
their vertices is 1 hour, conforming with the epochs of the DESCRIPTION         
VTEC maps.                                                  DESCRIPTION         
To convert line-of-sight TEC into vertical TEC, a modified  DESCRIPTION         
single-layer model mapping function approximating the JPL   DESCRIPTION         
extended slab model mapping function is adopted. The        DESCRIPTION         
mapping function is evaluated at geodetic satellite         DESCRIPTION         
elevation angles. For the computation of the ionospheric    DESCRIPTION         
pierce points, a spherical layer with a radius of 6821 km   DESCRIPTION         
is assumed, implying geocentric, not geodetic IONEX         DESCRIPTION         
latitudes.                                                  DESCRIPTION         
Instrumental biases with respect to each involved GNSS code DESCRIPTION         
observable are estimated as constant values for each        DESCRIPTION         
day. They are modeled with one set of bias parameters for   DESCRIPTION         
each satellite and each station in case of GPS and for each DESCRIPTION         
satellite-station link in case of GLONASS. The code bias    DESCRIPTION         
datum is defined by zero-mean conditions imposed on the     DESCRIPTION         
satellite bias estimates. In this file, just GPS C1W-C2W    DESCRIPTION         
satellite and station bias values are included. The         DESCRIPTION         
complete set of GNSS code bias results is provided in an    DESCRIPTION         
additional Bias-SINEX file as pseudo-absolute values        DESCRIPTION         
specific to each observable.                                DESCRIPTION         
Note: These GIM results correspond to the results for the   DESCRIPTION         
middle day of a 3-day combination analysis solving for 73   DESCRIPTION         
times 256, or 18688 VTEC parameters and 3 daily sets of     DESCRIPTION         
GNSS code bias parameters.                                  DESCRIPTION         
Contact address: code(at)aiub.unibe.ch                      DESCRIPTION         
Data archive:    ftp.aiub.unibe.ch/CODE/                    DESCRIPTION         
                 www.aiub.unibe.ch/download/CODE/           DESCRIPTION         
  2023     4    15     0     0     0                        EPOCH OF FIRST MAP  
  2023     4    16     0     0     0                        EPOCH OF LAST MAP   
  3600                                                      INTERVAL            
[...]
brux bshm cags cas1 ccj2 cedu chpg chpi chti chur cnmr coco COMMENT             
cord cpvg cpxf crar cro1 daej darw dav1 dgar dhlg drao dubo COMMENT             
ebre faa1 fair flin flrs frdn ftna func ganp glps glsv gode COMMENT             
godz gol2 gold gope gras graz guam guug harb hers hert hlfx COMMENT             
hnpt hob2 hofn holb hrao hyde iddr ieng iisc ineg invk iqal COMMENT             
irkj isba jog2 joz2 joze kerg kir0 kiri kiru kit3 kokb kokv COMMENT             
kouc koug kour krgg lama laut lmmf lpal lpgs m0se mac1 madr COMMENT             
mal2 mana mas1 mat1 mate maw1 mcil mcm4 mdo1 mdvj medi mets COMMENT             
mgue mizu mkea mnls mobs morp mqzg mro1 mtka nano nico nist COMMENT             
nium nklg nlib nnor not1 nrc1 nrmd ntus nya1 nyal ohi2 onsa COMMENT             
opmt ous2 pado park pdel penc pert pie1 pimo pohn pol2 polv COMMENT             
pots pove prds ptag ptbb ptvl qaq1 quin rabt ramo reun reyk COMMENT             
rgdg rio2 riop salu samo sant savo sch2 scor scrz sctb seyg COMMENT             
sfer shao smst sofi spt0 ssia sthl stjo stk2 str2 suth sutm COMMENT             
suwn sydn syog tabv tash thtg thti thu2 tid1 tidb tlse tn22 COMMENT             
tong tow2 tro1 tsea tskb tuva twtf txes uclu ufpr ulab unb3 COMMENT             
unbj unsa urum usn7 usud vald vill voim vtsp wab1 wab2 wark COMMENT             
wgtn whit will wind wsrt wtza wtzl wtzr wtzs wuhn xmis yar2 COMMENT             
yar3 yarr yell ykro zamb zeck zim2 zim3 zimm                COMMENT             
                                                            END OF HEADER       
[from data line 4290]
    11                                                      START OF TEC MAP    
  2023     4    15    10     0     0                        EPOCH OF CURRENT MAP
    87.5-180.0 180.0   5.0 450.0                            LAT/LON1/LON2/DLON/H
  169  173  177  181  185  190  194  198  203  207  211  215  219  222  226  229
  232  234  236  238  240  241  242  243  243  243  243  242  241  240  238  236
  234  232  229  226  222  219  215  211  207  203  198  194  189  185  181  177
  173  169  165  162  159  156  153  151  150  148  147  146  146  146  146  147
  148  150  152  154  156  159  162  166  169
    85.0-180.0 180.0   5.0 450.0                            LAT/LON1/LON2/DLON/H
  153  159  166  173  180  187  195  202  210  217  224  231  237  243  248  253
  258  261  265  267  269  271  273  273  274  274  274  273  272  270  268  266
  263  260  256  251  246  241  235  229  222  215  207  199  192  184  177  169
  162  155  149  144  138  134  130  126  123  121  119  118  117  117  118  119
  121  123  126  129  133  137  142  147  153
    82.5-180.0 180.0   5.0 450.0                            LAT/LON1/LON2/DLON/H
  149  156  163  170  179  187  196  205  214  222  231  238  245  251  257  261
  265  268  271  273  274  275  275  276  276  276  276  276  276  276  276  275
  274  273  270  267  263  259  253  246  239  231  222  213  204  195  186  178
  170  162  155  149  144  139  135  132  129  127  125  124  123  123  123  123
  124  125  127  129  132  135  139  144  149
    80.0-180.0 180.0   5.0 450.0                            LAT/LON1/LON2/DLON/H
  159  162  167  173  180  188  196  205  213  221  229  236  242  246  250  253
  254  255  255  254  253  252  251  250  250  250  250  252  254  257  260  263
  266  269  272  273  273  272  269  265  259  252  245  236  228  219  211  204
  197  191  186  182  179  176  174  172  171  170  169  168  167  166  165  163
  162  160  158  157  156  155  155  156  159
    77.5-180.0 180.0   5.0 450.0                            LAT/LON1/LON2/DLON/H
  176  175  176  179  183  189  196  202  209  215  221  225  229  231  232  231
  229  227  224  220  216  212  209  206  205  205  206  209  214  220  228  236
  245  255  263  271  277  282  284  284  282  278  273  267  261  255  250  245
  242  240  239  238  239  239  240  240  241  241  240  240  238  236  233  229
  224  218  212  204  197  190  184  179  176
    75.0-180.0 180.0   5.0 450.0                            LAT/LON1/LON2/DLON/H
  195  188  184  184  185  188  193  198  202  206  209  211  211  210  208  204
  200  194  188  181  174  168  163  159  157  157  159  163  169  179  190  204
  220  236  252  268  281  292  301  306  308  308  306  303  300  297  295  295
  296  299  302  306  311  314  318  320  322  322  322  321  319  315  310  303
  295  284  272  258  244  229  216  204  195
    72.5-180.0 180.0   5.0 450.0                            LAT/LON1/LON2/DLON/H
  206  194  187  183  183  185  188  191  194  196  196  195  193  190  185  179
  172  165  157  149  141  134  128  123  121  120  122  126  134  145  160  178
  199  221  245  267  288  306  320  331  337  340  341  340  340  339  341  344
  349  356  364  372  379  385  390  392  393  393  391  389  385  380  373  364
  353  339  322  302  282  260  240  221  206
    70.0-180.0 180.0   5.0 450.0                            LAT/LON1/LON2/DLON/H
  204  189  180  175  175  177  180  182  184  184  183  181  177  172  167  160
  153  145  137  129  121  115  110  106  104  103  105  109  116  127  143  164
  188  216  245  274  301  324  344  358  368  373  376  376  376  377  380  385
  393  402  412  422  430  436  440  440  438  435  431  426  420  414  406  396
  383  367  348  325  300  273  247  224  204
    67.5-180.0 180.0   5.0 450.0                            LAT/LON1/LON2/DLON/H
  189  173  163  159  160  164  168  171  173  173  170  167  163  159  154  149
  143  136  129  122  116  112  110  108  108  108  109  112  117  127  142  163
  189  220  253  287  318  346  369  386  398  405  408  409  408  408  410  414
  421  430  440  449  456  460  459  455  449  441  433  425  418  410  402  392
  380  365  345  322  295  267  238  212  189
    65.0-180.0 180.0   5.0 450.0                            LAT/LON1/LON2/DLON/H
  167  150  141  138  141  146  152  157  159  159  157  154  151  148  145  142
  138  133  128  123  121  120  121  123  125  127  128  129  132  140  153  173
  200  232  267  304  338  369  394  413  426  434  437  437  434  431  430  430
  434  441  448  454  457  456  451  441  429  417  405  393  384  375  367  358
  348  335  319  299  274  246  218  190  167
    62.5-180.0 180.0   5.0 450.0                            LAT/LON1/LON2/DLON/H
  147  130  120  118  121  128  135  141  143  144  142  140  138  137  137  136
  134  131  128  126  126  128  134  140  145  149  151  151  153  158  169  188
  215  248  285  322  358  389  415  436  450  459  463  462  457  450  444  439
  438  439  442  444  442  436  425  410  393  376  361  347  336  326  318  310
  302  293  282  267  248  224  197  170  147
    60.0-180.0 180.0   5.0 450.0                            LAT/LON1/LON2/DLON/H
  138  120  108  104  106  112  119  124  127  127  126  125  125  126  127  128
  128  126  124  124  126  131  140  150  160  166  169  169  169  173  184  203
  230  264  301  339  374  405  431  452  468  479  485  484  479  469  457  447
  439  435  433  430  424  412  396  377  357  338  321  307  295  284  274  266
  260  255  250  241  229  210  187  162  138
    57.5-180.0 180.0   5.0 450.0                            LAT/LON1/LON2/DLON/H
  149  128  112  104  101  103  107  110  112  112  111  111  111  113  116  118
  118  117  115  115  118  126  137  150  162  171  175  176  177  182  193  214
  243  278  315  352  386  415  440  461  480  494  504  506  501  490  474  459
  446  436  430  423  413  399  379  358  337  318  303  290  277  265  253  243
  236  233  233  232  226  214  196  173  149
    55.0-180.0 180.0   5.0 450.0                            LAT/LON1/LON2/DLON/H
  178  154  134  119  110  105  103  102  102  101  100  100  100  102  104  106
  106  105  104  103  106  114  126  140  154  165  171  174  177  184  199  222
  253  290  327  363  394  421  445  466  487  506  521  528  527  515  498  479
  462  449  440  431  419  402  381  359  339  323  312  301  289  275  260  245
  236  234  236  241  242  237  223  202  178
    52.5-180.0 180.0   5.0 450.0                            LAT/LON1/LON2/DLON/H
  220  194  170  148  131  118  109  104  101   99   97   96   95   95   96   97
   97   96   94   93   95  102  113  127  142  153  161  167  173  184  202  229
  263  301  339  373  402  426  447  469  492  516  537  551  553  544  527  506
  487  473  463  453  440  422  400  379  362  350  342  335  325  309  289  270
  256  251  255  262  269  269  260  243  220
    50.0-180.0 180.0   5.0 450.0                            LAT/LON1/LON2/DLON/H
  263  238  212  187  163  142  127  116  109  106  104  101   98   95   94   93
   93   92   91   91   92   97  106  119  133  145  155  163  172  187  209  239
  275  313  351  383  410  432  452  474  499  527  553  573  581  575  559  539
  519  505  494  484  470  452  430  409  394  385  381  377  368  352  329  304
  285  276  277  285  294  299  295  282  263
    47.5-180.0 180.0   5.0 450.0                            LAT/LON1/LON2/DLON/H
  293  274  251  225  198  173  152  137  128  123  120  115  110  104  100   98
   98   99  100  100  101  104  111  121  134  146  157  167  180  197  221  252
  288  327  363  396  422  443  463  484  511  541  572  596  607  605  591  571
  553  538  528  517  503  483  461  439  423  415  413  411  403  387  362  334
  310  296  292  298  306  313  313  306  293
    45.0-180.0 180.0   5.0 450.0                            LAT/LON1/LON2/DLON/H
  300  291  276  255  230  204  180  162  152  146  143  137  129  121  114  111
  112  115  119  121  121  123  127  135  147  160  172  184  197  215  239  269
  304  341  377  409  437  460  480  503  530  562  595  620  634  633  620  602
  584  570  558  547  531  510  485  461  442  432  427  425  418  403  379  350
  323  304  294  294  298  303  306  305  300
    42.5-180.0 180.0   5.0 450.0                            LAT/LON1/LON2/DLON/H
  283  284  280  269  251  229  206  188  177  172  168  163  153  143  134  131
  133  138  144  148  149  149  152  158  170  183  197  210  223  239  261  288
  319  353  389  423  454  481  505  530  558  591  623  649  662  661  648  630
  613  598  586  573  555  532  505  477  453  436  426  420  413  401  380  354
  327  303  287  277  274  274  276  280  283
    40.0-180.0 180.0   5.0 450.0                            LAT/LON1/LON2/DLON/H
  247  257  265  266  258  243  224  208  199  194  192  187  178  167  158  154
  157  164  172  177  178  177  177  184  196  212  227  240  251  265  282  305
  332  364  399  436  472  505  534  563  594  628  660  684  695  692  679  662
  645  630  616  601  582  558  529  497  466  440  421  409  401  392  378  358
  332  305  281  260  245  236  234  238  247
    37.5-180.0 180.0   5.0 450.0                            LAT/LON1/LON2/DLON/H
  205  220  237  248  251  244  232  220  212  210  209  206  199  190  181  177
  180  187  195  200  200  198  198  205  219  237  254  267  277  287  301  319
  343  372  407  447  490  529  566  600  636  672  705  727  736  731  717  701
  685  671  657  641  622  598  569  535  498  462  432  413  403  399  392  378
  355  325  293  260  232  210  197  196  205
    35.0-180.0 180.0   5.0 450.0                            LAT/LON1/LON2/DLON/H
  174  187  205  223  234  236  230  223  218  217  219  219  216  208  201  197
  199  205  211  215  213  209  208  216  233  255  273  286  295  304  316  332
  352  379  415  458  505  552  596  638  680  721  756  779  786  780  768  754
  741  729  717  702  685  665  638  604  562  518  479  452  441  439  438  430
  409  377  337  292  249  212  185  173  174
    32.5-180.0 180.0   5.0 450.0                            LAT/LON1/LON2/DLON/H
  169  171  183  200  215  223  223  219  216  217  222  226  226  223  217  213
  213  215  219  219  215  209  208  217  237  260  281  296  306  316  329  345
  365  390  425  470  521  573  623  672  722  770  810  836  844  839  829  820
  813  807  798  787  775  761  741  710  667  616  570  538  524  524  526  520
  500  465  418  363  306  253  210  182  169
    30.0-180.0 180.0   5.0 450.0                            LAT/LON1/LON2/DLON/H
  197  182  181  189  202  211  214  213  212  215  222  229  233  232  229  224
  221  220  220  217  211  203  201  210  231  256  279  297  310  326  344  364
  384  408  441  485  538  593  647  702  759  816  863  893  904  902  897  895
  896  897  896  891  886  880  868  843  802  751  701  666  651  650  651  642
  619  580  528  466  399  333  274  228  197
    27.5-180.0 180.0   5.0 450.0                            LAT/LON1/LON2/DLON/H
  255  221  202  197  201  208  211  210  210  214  222  231  237  239  237  232
  226  222  218  212  203  194  190  198  219  246  271  293  313  338  365  390
  413  436  466  507  558  613  670  729  792  855  908  943  959  961  962  969
  979  989  996  999 1002 1005 1001  983  947  899  852  817  801  796  791  775
  745  702  647  583  511  436  365  304  255
    25.0-180.0 180.0   5.0 450.0                            LAT/LON1/LON2/DLON/H
  332  282  245  225  217  217  217  215  215  218  226  234  241  243  241  235
  228  221  215  208  197  186  180  187  207  234  262  289  319  355  393  425
  450  471  497  535  584  638  694  753  819  885  942  981  999 1006 1013 1027
 1046 1065 1079 1090 1100 1110 1113 1103 1074 1033  992  961  944  933  917  889
  849  802  749  688  617  540  464  394  332
    22.5-180.0 180.0   5.0 450.0                            LAT/LON1/LON2/DLON/H
  412  353  304  269  249  240  234  230  228  229  235  241  245  246  243  236
  228  220  212  205  194  181  174  178  196  224  255  290  331  379  427  466
  492  510  533  568  614  666  721  778  842  907  963 1000 1020 1029 1040 1059
 1083 1106 1126 1142 1158 1172 1181 1176 1156 1124 1092 1067 1050 1031 1001  957
  907  858  809  755  692  620  547  477  412
    20.0-180.0 180.0   5.0 450.0                            LAT/LON1/LON2/DLON/H
  478  421  367  323  293  274  262  253  248  247  249  250  250  247  241  234
  225  217  210  203  191  178  169  172  189  218  254  296  348  407  464  507
  532  547  567  601  647  699  752  805  863  920  969 1002 1018 1027 1038 1057
 1081 1105 1126 1144 1162 1178 1189 1188 1175 1154 1132 1115 1098 1070 1024  965
  905  855  814  771  720  659  596  536  478
    17.5-180.0 180.0   5.0 450.0                            LAT/LON1/LON2/DLON/H
  520  475  426  379  342  316  297  283  273  268  264  260  253  245  237  229
  221  213  207  199  188  174  164  167  185  216  257  308  368  435  497  540
  564  576  595  630  679  733  784  834  882  928  966  989  999 1004 1011 1025
 1043 1061 1078 1094 1112 1128 1139 1141 1134 1122 1111 1100 1082 1046  986  913
  846  798  766  736  697  650  603  560  520
    15.0-180.0 180.0   5.0 450.0                            LAT/LON1/LON2/DLON/H
  536  510  474  432  393  361  335  314  299  288  279  268  254  240  229  221
  213  206  200  192  180  166  157  160  180  216  263  321  389  459  521  562
  582  592  612  650  704  762  815  860  900  933  957  969  971  968  969  973
  979  987  996 1008 1023 1038 1049 1052 1050 1046 1043 1037 1019  975  904  822
  751  706  684  665  638  604  574  553  536
    12.5-180.0 180.0   5.0 450.0                            LAT/LON1/LON2/DLON/H
  533  530  511  478  441  405  372  344  322  305  290  272  252  233  220  211
  204  197  190  180  168  154  145  151  176  217  271  335  405  475  532  568
  585  595  617  660  719  782  838  882  914  937  948  949  943  934  926  918
  910  904  903  910  923  938  948  953  954  955  957  955  935  886  809  723
  652  612  596  586  566  542  527  527  533
    10.0-180.0 180.0   5.0 450.0                            LAT/LON1/LON2/DLON/H
  524  541  539  517  484  446  407  370  341  317  295  272  247  225  210  200
  193  185  176  165  151  138  132  141  171  218  278  345  415  480  531  561
  575  586  611  658  721  788  847  893  923  939  943  938  926  912  896  878
  856  837  827  829  842  858  870  876  879  882  886  884  862  812  735  651
  583  547  534  526  509  490  484  499  524
     7.5-180.0 180.0   5.0 450.0                            LAT/LON1/LON2/DLON/H
  522  552  563  552  524  485  440  395  356  325  298  269  241  217  201  191
  182  173  162  149  134  122  118  132  167  220  283  352  419  477  520  545
  558  572  599  646  708  777  839  889  922  940  943  937  925  909  890  864
  834  806  790  791  805  823  837  845  849  852  854  849  827  779  707  629
  567  533  519  507  487  467  464  486  522
     5.0-180.0 180.0   5.0 450.0                            LAT/LON1/LON2/DLON/H
  535  570  588  584  561  522  471  418  370  332  299  267  237  212  195  183
  173  161  149  135  121  110  110  127  165  221  287  354  415  466  503  525
  540  557  584  627  684  749  813  869  911  936  946  945  938  926  907  881
  848  819  803  805  822  844  860  869  871  871  868  859  837  794  732  665
  609  575  555  536  509  485  479  499  535
     2.5-180.0 180.0   5.0 450.0                            LAT/LON1/LON2/DLON/H
  565  595  614  614  595  555  501  440  385  339  301  266  235  209  191  178
  165  152  138  125  114  106  108  127  166  223  287  351  407  451  483  506
  525  545  570  605  651  709  772  834  887  925  948  957  958  953  941  920
  894  871  860  868  888  911  928  935  934  928  919  906  884  848  800  745
  695  659  631  602  567  537  525  537  565
