ionex_files/alger/COD0OPSFIN_20231090000_01D_01H_GIM.INX
     1.0            IONOSPHERE MAPS     GNSS                IONEX VERSION / TYPE
ADDNEQ2 V5.5        AIUB                23-APR-23 20:52     PGM / RUN BY / DATE 
CODE'S GLOBAL IONOSPHERE MAPS FOR DAY 109, 2023             COMMENT             
Global ionosphere maps (GIM) are generated on a daily basis DESCRIPTION         
at CODE using data from about 300 GNSS sites of the IGS and DESCRIPTION         
other institutions. The vertical total electron content     DESCRIPTION         
(VTEC) is modeled in a solar-geomagnetic reference frame    DESCRIPTION         
using a spherical harmonics expansion up to degree and      DESCRIPTION         
order 15. Piece-wise linear functions are used for          DESCRIPTION         
representation in the time domain. The time spacing of      DESCRIPTION         
their vertices is 1 hour, conforming with the epochs of the DESCRIPTION         
VTEC maps.                                                  DESCRIPTION         
To convert line-of-sight TEC into vertical TEC, a modified  DESCRIPTION         
single-layer model mapping function approximating the JPL   DESCRIPTION         
extended slab model mapping function is adopted. The        DESCRIPTION         
mapping function is evaluated at geodetic satellite         DESCRIPTION         
elevation angles. For the computation of the ionospheric    DESCRIPTION         
pierce points, a spherical layer with a radius of 6821 km   DESCRIPTION         
is assumed, implying geocentric, not geodetic IONEX         DESCRIPTION         
latitudes.                                                  DESCRIPTION         
Instrumental biases with respect to each involved GNSS code DESCRIPTION         
observable are estimated as constant values for each        DESCRIPTION         
day. They are modeled with one set of bias parameters for   DESCRIPTION         
each satellite and each station in case of GPS and for each DESCRIPTION         
satellite-station link in case of GLONASS. The code bias    DESCRIPTION         
datum is defined by zero-mean conditions imposed on the     DESCRIPTION         
satellite bias estimates. In this file, just GPS C1W-C2W    DESCRIPTION         
satellite and station bias values are included. The         DESCRIPTION         
complete set of GNSS code bias results is provided in an    DESCRIPTION         
additional Bias-SINEX file as pseudo-absolute values        DESCRIPTION         
specific to each observable.                                DESCRIPTION         
Note: These GIM results correspond to the results for the   DESCRIPTION         
middle day of a 3-day combination analysis solving for 73   DESCRIPTION         
times 256, or 18688 VTEC parameters and 3 daily sets of     DESCRIPTION         
GNSS code bias parameters.                                  DESCRIPTION         
Contact address: code(at)aiub.unibe.ch                      DESCRIPTION         
Data archive:    ftp.aiub.unibe.ch/CODE/                    DESCRIPTION         
                 www.aiub.unibe.ch/download/CODE/           DESCRIPTION         
  2023     4    19     0     0     0                        EPOCH OF FIRST MAP  
  2023     4    20     0     0     0                        EPOCH OF LAST MAP   
  3600                                                      INTERVAL            
[...]
brux bshm cags cas1 ccj2 cedu chpg chpi chti chur cnmr coco COMMENT             
cord cpvg cpxf crar cro1 daej darw dav1 dgar dhlg drao dubo COMMENT             
ebre faa1 fair flin flrs frdn ftna func ganp glps glsv gode COMMENT             
godz gol2 gold gope gras graz guam guug harb hers hert hlfx COMMENT             
hnpt hob2 hofn holb hrao hyde iddr ieng iisc ineg invk iqal COMMENT             
irkj isba jog2 joz2 joze kerg kir0 kiri kiru kit3 kokb kokv COMMENT             
kouc koug kour krgg lama laut lmmf lpal lpgs m0se mac1 madr COMMENT             
mal2 mana mas1 mat1 mate maw1 mcm4 mdo1 mdvj medi mets mgue COMMENT             
mizu mnls mobs morp mqzg mro1 mtka nano nico nist nium nklg COMMENT             
nlib nnor not1 nrc1 nrmd ntus nya1 nyal ohi2 onsa opmt ous2 COMMENT             
pado park pdel penc pert pie1 pimo pohn pol2 polv pots pove COMMENT             
prds ptag ptbb ptvl qaq1 quin rabt ramo reun reyk rgdg rio2 COMMENT             
riop salu samo sant savo sch2 scor scrz sctb seyg sfer shao COMMENT             
sofi spt0 ssia sthl stjo stk2 str2 suth sutm suwn sydn syog COMMENT             
tabv tash thtg thti thu2 tid1 tidb tlse tn22 tong tow2 tro1 COMMENT             
tsea tskb tuva twtf txes uclu ufpr ulab unb3 unbj unsa urum COMMENT             
usn7 usud vald vill voim vtsp wab1 wab2 wark wgtn whit will COMMENT             
wind wsrt wtza wtzl wtzr wtzs wuhn xmis yar2 yar3 yarr yell COMMENT             
ykro zamb zeck zim2 zim3 zimm                               COMMENT             
                                                            END OF HEADER       
[from data line 9438]
    23                                                      START OF TEC MAP    
  2023     4    19    22     0     0                        EPOCH OF CURRENT MAP
    87.5-180.0 180.0   5.0 450.0                            LAT/LON1/LON2/DLON/H
  204  205  206  207  209  210  211  211  212  213  214  214  214  214  214  214
  213  212  211  210  209  207  205  204  202  200  198  196  194  192  191  189
  187  186  185  184  183  182  182  181  181  181  181  181  181  181  182  182
  183  183  184  185  186  186  187  188  189  190  190  191  192  193  194  195
  196  197  198  199  200  201  202  203  204
    85.0-180.0 180.0   5.0 450.0                            LAT/LON1/LON2/DLON/H
  192  194  196  199  201  204  207  210  213  216  218  220  222  223  224  224
  223  222  220  217  214  210  206  202  197  192  188  183  179  175  171  168
  165  162  160  159  157  157  156  156  156  156  157  157  158  159  160  161
  163  164  165  167  168  169  170  171  173  174  175  176  177  178  179  180
  181  182  183  184  185  187  188  190  192
    82.5-180.0 180.0   5.0 450.0                            LAT/LON1/LON2/DLON/H
  168  171  173  177  181  185  191  196  202  208  214  219  224  228  230  231
  231  230  227  223  217  211  204  197  189  182  174  167  160  155  149  145
  141  138  136  134  133  132  132  132  133  133  134  135  136  138  139  141
  143  144  146  147  149  150  151  152  153  153  154  155  156  157  158  158
  159  160  161  162  163  164  165  167  168
    80.0-180.0 180.0   5.0 450.0                            LAT/LON1/LON2/DLON/H
  142  144  146  149  153  159  166  175  184  194  203  213  221  228  233  236
  237  236  232  227  220  211  202  192  181  171  161  152  144  138  132  127
  124  121  120  118  117  117  117  117  117  117  117  118  119  120  122  123
  125  126  127  128  129  130  130  131  131  131  132  132  133  134  135  136
  138  139  140  141  141  141  142  142  142
    77.5-180.0 180.0   5.0 450.0                            LAT/LON1/LON2/DLON/H
  125  123  123  124  128  133  141  151  163  176  190  203  215  224  232  237
  239  238  235  229  221  211  200  188  176  164  153  143  135  129  124  120
  118  116  115  114  114  113  112  111  110  108  107  107  106  107  107  108
  110  111  112  112  112  112  112  111  110  110  110  111  112  114  116  119
  121  124  126  128  129  128  127  126  125
    75.0-180.0 180.0   5.0 450.0                            LAT/LON1/LON2/DLON/H
  122  118  114  112  112  116  123  134  147  162  178  193  207  219  228  234
  236  236  233  227  219  210  198  186  174  162  151  142  135  129  125  123
  123  122  122  122  121  119  116  113  109  106  103  100   98   97   97   97
   98   99  100  100  100   99   97   95   94   93   92   93   96   99  103  109
  114  120  124  128  130  130  129  126  122
    72.5-180.0 180.0   5.0 450.0                            LAT/LON1/LON2/DLON/H
  137  129  122  115  112  112  117  126  139  155  172  188  202  213  221  226
  228  228  226  222  216  208  199  188  177  166  156  148  141  137  135  135
  135  136  136  135  133  129  124  119  112  106  101   96   93   91   90   90
   91   92   93   93   92   90   88   85   82   81   81   83   86   92   99  108
  117  126  134  141  145  147  146  143  137
    70.0-180.0 180.0   5.0 450.0                            LAT/LON1/LON2/DLON/H
  164  154  143  133  125  121  123  130  141  156  172  186  198  206  212  214
  215  215  214  213  210  206  201  193  184  174  165  158  153  150  149  149
  150  151  150  148  144  138  131  123  115  107   99   93   89   86   85   86
   87   88   89   89   88   86   83   79   77   75   76   79   85   93  103  114
  126  139  150  160  168  172  173  170  164
    67.5-180.0 180.0   5.0 450.0                            LAT/LON1/LON2/DLON/H
  194  184  171  158  146  138  136  141  150  163  176  188  196  200  201  200
  198  198  200  203  205  206  205  200  194  185  177  170  165  163  162  162
  163  162  160  155  149  142  133  124  114  106   98   92   88   85   84   84
   85   87   88   88   87   84   81   77   75   74   76   81   89  100  112  125
  139  153  166  178  189  196  200  199  194
    65.0-180.0 180.0   5.0 450.0                            LAT/LON1/LON2/DLON/H
  216  208  196  181  167  156  151  153  160  171  182  191  194  193  189  184
  182  182  187  195  203  209  212  211  206  198  190  183  178  176  174  173
  171  168  163  156  148  138  129  120  112  105   98   93   89   86   85   85
   86   87   88   88   86   83   79   76   75   76   80   88   98  111  124  138
  151  164  177  189  200  209  216  219  216
    62.5-180.0 180.0   5.0 450.0                            LAT/LON1/LON2/DLON/H
  224  219  209  196  181  169  162  161  167  176  186  191  192  187  179  172
  168  171  179  192  205  216  222  223  220  213  205  198  193  189  187  183
  178  171  162  152  141  131  123  116  110  105  101   98   95   92   90   89
   88   88   88   87   84   81   77   74   74   78   85   96  109  123  137  149
  160  169  178  187  197  207  216  222  224
    60.0-180.0 180.0   5.0 450.0                            LAT/LON1/LON2/DLON/H
  215  215  210  199  186  173  165  163  168  176  184  188  187  180  171  164
  161  167  179  196  213  227  236  238  236  230  222  216  211  207  203  197
  187  175  161  147  135  125  118  114  111  110  109  107  105  101   98   95
   92   90   88   86   82   77   73   71   72   78   89  103  120  135  148  158
  164  168  172  176  182  191  200  209  215
    57.5-180.0 180.0   5.0 450.0                            LAT/LON1/LON2/DLON/H
  197  202  201  195  185  173  165  162  164  171  178  183  182  176  168  163
  163  172  188  208  227  243  253  256  254  250  244  240  235  231  225  216
  202  184  165  147  132  122  118  117  118  120  121  121  119  114  109  103
   98   94   90   85   80   75   70   67   70   78   92  110  128  145  157  164
  167  165  162  161  163  168  177  188  197
    55.0-180.0 180.0   5.0 450.0                            LAT/LON1/LON2/DLON/H
  179  188  192  191  185  177  169  164  164  168  174  179  179  176  172  170
  175  187  205  226  246  261  271  276  277  275  272  269  266  262  254  241
  221  198  173  151  135  126  124  125  130  134  137  138  135  129  121  113
  106  100   94   89   82   75   69   66   69   79   95  115  135  152  164  169
  169  164  157  151  149  151  158  168  179
    52.5-180.0 180.0   5.0 450.0                            LAT/LON1/LON2/DLON/H
  173  184  193  198  197  192  184  178  174  174  177  181  184  184  183  186
  194  209  228  248  266  280  291  298  302  304  304  303  301  295  284  267
  242  214  185  160  144  135  135  139  145  151  154  154  151  144  135  126
  117  110  104   98   91   83   75   71   73   83  100  120  140  158  169  175
  174  169  161  154  150  149  153  162  173
    50.0-180.0 180.0   5.0 450.0                            LAT/LON1/LON2/DLON/H
  187  199  210  220  225  224  219  210  201  196  195  197  199  202  205  210
  220  235  252  270  286  299  310  321  329  335  338  337  333  324  309  287
  258  226  194  169  153  147  148  154  161  167  170  170  166  159  149  140
  132  126  120  115  108   98   89   83   83   92  107  127  146  163  175  181
  183  182  178  174  171  170  172  178  187
    47.5-180.0 180.0   5.0 450.0                            LAT/LON1/LON2/DLON/H
  223  233  245  259  270  275  272  262  249  237  230  228  229  232  235  241
  251  263  278  292  304  317  330  344  357  365  367  364  355  341  321  295
  263  228  197  174  161  158  161  168  175  181  184  183  179  173  164  156
  150  145  142  138  131  121  111  102  100  106  119  136  153  169  181  191
  198  203  207  209  210  211  213  217  223
    45.0-180.0 180.0   5.0 450.0                            LAT/LON1/LON2/DLON/H
  275  282  294  310  325  336  337  328  312  295  282  275  273  274  275  279
  284  293  303  313  323  335  350  367  382  390  388  378  361  340  315  285
  252  219  192  174  166  167  173  180  187  192  195  195  192  187  180  174
  170  168  166  164  158  149  137  127  122  125  134  148  163  177  190  203
  217  230  243  254  262  268  271  272  275
    42.5-180.0 180.0   5.0 450.0                            LAT/LON1/LON2/DLON/H
  336  339  348  364  382  397  403  397  381  362  345  334  328  325  322  320
  320  323  329  336  344  356  372  389  403  406  397  378  353  324  293  262
  230  202  181  171  170  175  183  191  198  204  207  207  205  201  197  193
  190  189  189  188  184  176  164  152  145  145  152  163  176  190  204  221
  240  260  281  301  317  328  334  335  336
    40.0-180.0 180.0   5.0 450.0                            LAT/LON1/LON2/DLON/H
  394  394  399  412  431  449  459  458  446  427  410  397  389  381  373  365
  358  356  358  363  370  381  395  410  417  413  396  367  333  299  265  233
  205  185  174  173  179  188  197  205  211  217  220  221  220  217  214  211
  209  208  208  207  205  197  186  174  165  163  169  179  192  207  224  244
  267  292  318  343  365  381  391  394  394
    37.5-180.0 180.0   5.0 450.0                            LAT/LON1/LON2/DLON/H
  443  442  444  453  468  486  500  504  497  484  470  458  448  437  424  410
  398  392  392  395  402  411  420  427  426  413  387  353  315  277  243  214
  192  180  178  186  197  208  215  221  227  232  236  237  235  232  229  227
  223  220  218  217  215  210  200  189  180  178  183  195  210  229  250  274
  300  325  351  377  401  422  436  442  443
    35.0-180.0 180.0   5.0 450.0                            LAT/LON1/LON2/DLON/H
  483  485  485  489  498  512  526  534  535  529  521  512  503  490  473  455
  440  431  430  434  439  443  445  441  430  409  380  345  309  274  243  217
  201  197  204  217  229  237  240  242  245  249  252  252  250  246  243  239
  233  227  221  218  216  213  206  196  188  188  195  210  231  256  283  311
  337  359  381  403  426  448  466  478  483
    32.5-180.0 180.0   5.0 450.0                            LAT/LON1/LON2/DLON/H
  519  526  529  530  532  539  550  560  567  569  567  562  553  539  519  498
  481  472  471  475  478  477  469  454  434  409  382  354  327  299  272  251
  239  241  252  265  274  274  269  265  264  267  268  267  262  258  253  248
  239  228  218  212  210  208  204  196  191  193  205  225  253  286  321  353
  378  396  410  425  443  465  486  505  519
    30.0-180.0 180.0   5.0 450.0                            LAT/LON1/LON2/DLON/H
  556  574  585  586  584  583  587  596  606  613  616  612  602  586  564  540
  522  512  511  515  515  508  490  466  440  417  400  386  371  353  331  312
  303  305  316  325  324  313  297  286  281  281  281  277  271  265  260  254
  243  227  212  203  201  201  198  194  192  197  214  241  276  318  361  397
  421  433  440  447  460  480  505  531  556
    27.5-180.0 180.0   5.0 450.0                            LAT/LON1/LON2/DLON/H
  599  634  657  666  663  656  653  658  667  676  679  673  658  636  609  583
  561  549  546  548  546  533  509  480  454  438  435  437  437  427  408  388
  378  379  384  383  369  344  318  300  292  291  289  283  275  269  266  260
  247  228  209  197  193  194  194  192  193  202  223  256  298  348  397  437
  462  471  472  473  483  501  528  562  599
    25.0-180.0 180.0   5.0 450.0                            LAT/LON1/LON2/DLON/H
  651  703  744  766  769  762  755  755  761  767  766  752  727  695  660  628
  601  583  575  573  568  553  528  499  478  473  484  501  510  503  483  460
  446  443  440  427  399  361  327  306  297  296  293  287  279  274  271  267
  254  234  212  197  192  193  194  194  197  210  234  271  318  372  426  470
  496  504  504  505  513  531  560  600  651
    22.5-180.0 180.0   5.0 450.0                            LAT/LON1/LON2/DLON/H
  705  773  834  875  892  891  885  882  885  886  877  852  813  766  720  678
  642  614  597  589  583  570  549  526  513  518  538  561  571  560  534  507
  490  482  472  447  406  361  324  305  300  300  298  292  285  281  280  277
  265  244  221  205  199  199  199  200  205  219  246  284  332  388  444  491
  519  530  533  538  550  569  600  644  705
    20.0-180.0 180.0   5.0 450.0                            LAT/LON1/LON2/DLON/H
  753  832  910  971 1006 1019 1021 1022 1024 1021 1004  966  911  850  790  735
  686  645  617  601  594  587  575  562  557  566  586  603  603  581  548  517
  499  490  473  440  392  346  314  303  304  309  308  304  298  295  294  291
  279  259  236  219  210  208  207  208  214  230  257  293  340  394  450  497
  528  544  555  569  588  611  642  688  753
    17.5-180.0 180.0   5.0 450.0                            LAT/LON1/LON2/DLON/H
  784  865  953 1029 1085 1118 1135 1146 1152 1149 1127 1081 1014  939  866  799
  737  681  639  616  609  610  609  605  605  611  619  618  597  560  519  489
  475  468  451  414  366  326  306  307  318  327  329  325  320  315  312  306
  293  274  252  234  223  218  215  214  220  237  263  297  339  390  444  492
  525  548  568  593  622  650  680  722  784
    15.0-180.0 180.0   5.0 450.0                            LAT/LON1/LON2/DLON/H
  795  866  950 1034 1105 1159 1196 1222 1240 1243 1224 1176 1104 1023  943  867
  793  724  669  639  634  642  651  654  652  646  631  602  557  504  459  436
  433  433  418  384  342  314  311  326  346  358  361  357  350  341  331  319
  303  284  263  245  232  224  218  216  222  237  261  292  330  378  430  478
  514  542  572  609  647  681  709  744  795
    12.5-180.0 180.0   5.0 450.0                            LAT/LON1/LON2/DLON/H
  786  837  904  980 1058 1128 1186 1230 1263 1280 1271 1232 1166 1088 1009  931
  852  775  712  676  671  683  698  702  692  666  623  564  495  433  392  382
  394  404  396  366  335  322  335  363  387  399  400  393  382  366  346  325
  304  284  265  247  233  222  214  210  215  230  251  278  314  360  412  461
  500  533  570  615  662  701  728  752  786
    10.0-180.0 180.0   5.0 450.0                            LAT/LON1/LON2/DLON/H
  768  791  827  882  953 1030 1102 1164 1214 1248 1257 1236 1187 1123 1055  986
  910  832  765  726  719  732  746  745  721  673  603  519  436  374  347  355
  381  402  398  375  354  355  380  413  437  444  439  427  410  384  352  320
  293  273  255  239  224  211  202  198  201  213  232  257  292  340  395  447
  489  525  566  617  669  712  739  754  768
     7.5-180.0 180.0   5.0 450.0                            LAT/LON1/LON2/DLON/H
  757  748  748  769  819  889  967 1040 1103 1154 1184 1186 1162 1122 1075 1023
  960  889  825  786  775  782  789  777  739  671  583  487  404  354  346  372
  410  435  434  415  400  409  439  469  484  480  466  448  423  387  343  301
  270  249  234  219  205  193  183  179  182  191  206  230  267  320  381  438
  484  522  565  617  672  719  748  759  757
     5.0-180.0 180.0   5.0 450.0                            LAT/LON1/LON2/DLON/H
  765  732  694  676  694  746  817  891  960 1022 1070 1096 1099 1087 1067 1039
  996  940  885  846  830  827  821  797  746  668  575  483  416  387  400  440
  481  502  496  476  464  473  498  517  516  498  474  448  417  372  319  270
  236  217  204  192  180  169  162  159  160  166  178  201  243  303  372  436
  485  525  567  618  674  725  762  776  765
     2.5-180.0 180.0   5.0 450.0                            LAT/LON1/LON2/DLON/H
  802  757  691  636  618  643  696  758  823  887  944  988 1014 1029 1037 1034
 1015  978  935  899  877  862  842  806  748  672  588  516  475  473  503  545
  576  583  566  541  526  530  541  542  523  490  456  424  388  338  281  230
  197  180  171  162  152  145  141  139  138  141  150  175  221  288  365  436
  490  532  573  622  677  733  781  809  802
