ionex_files/alger/COD0OPSFIN_20231050000_01D_01H_GIM.INX
     1.0            IONOSPHERE MAPS     GNSS                IONEX VERSION / TYPE
ADDNEQ2 V5.5        AIUB                19-APR-23 21:20     PGM / RUN BY / DATE 
CODE'S GLOBAL IONOSPHERE MAPS FOR DAY 105, 2023             COMMENT             
Global ionosphere maps (GIM) are generated on a daily basis DESCRIPTION         
at CODE using data from about 300 GNSS sites of the IGS and DESCRIPTION         
other institutions. The vertical total electron content     DESCRIPTION         
(VTEC) is modeled in a solar-geomagnetic reference frame    DESCRIPTION         
using a spherical harmonics expansion up to degree and      DESCRIPTION         
order 15. Piece-wise linear functions are used for          DESCRIPTION         
representation in the time domain. The time spacing of      DESCRIPTION         
their vertices is 1 hour, conforming with the epochs of the DESCRIPTION         
VTEC maps.                                                  DESCRIPTION         
To convert line-of-sight TEC into vertical TEC, a modified  DESCRIPTION         
single-layer model mapping function approximating the JPL   DESCRIPTION         
extended slab model mapping function is adopted. The        DESCRIPTION         
mapping function is evaluated at geodetic satellite         DESCRIPTION         
elevation angles. For the computation of the ionospheric    DESCRIPTION         
pierce points, a spherical layer with a radius of 6821 km   DESCRIPTION         
is assumed, implying geocentric, not geodetic IONEX         DESCRIPTION         
latitudes.                                                  DESCRIPTION         
Instrumental biases with respect to each involved GNSS code DESCRIPTION         
observable are estimated as constant values for each        DESCRIPTION         
day. They are modeled with one set of bias parameters for   DESCRIPTION         
each satellite and each station in case of GPS and for each DESCRIPTION         
satellite-station link in case of GLONASS. The code bias    DESCRIPTION         
datum is defined by zero-mean conditions imposed on the     DESCRIPTION         
satellite bias estimates. In this file, just GPS C1W-C2W    DESCRIPTION         
satellite and station bias values are included. The         DESCRIPTION         
complete set of GNSS code bias results is provided in an    DESCRIPTION         
additional Bias-SINEX file as pseudo-absolute values        DESCRIPTION         
specific to each observable.                                DESCRIPTION         
Note: These GIM results correspond to the results for the   DESCRIPTION         
middle day of a 3-day combination analysis solving for 73   DESCRIPTION         
times 256, or 18688 VTEC parameters and 3 daily sets of     DESCRIPTION         
GNSS code bias parameters.                                  DESCRIPTION         
Contact address: code(at)aiub.unibe.ch                      DESCRIPTION         
Data archive:    ftp.aiub.unibe.ch/CODE/                    DESCRIPTION         
                 www.aiub.unibe.ch/download/CODE/           DESCRIPTION         
  2023     4    15     0     0     0                        EPOCH OF FIRST MAP  
  2023     4    16     0     0     0                        EPOCH OF LAST MAP   
  3600                                                      INTERVAL            
[...]
brux bshm cags cas1 ccj2 cedu chpg chpi chti chur cnmr coco COMMENT             
cord cpvg cpxf crar cro1 daej darw dav1 dgar dhlg drao dubo COMMENT             
ebre faa1 fair flin flrs frdn ftna func ganp glps glsv gode COMMENT             
godz gol2 gold gope gras graz guam guug harb hers hert hlfx COMMENT             
hnpt hob2 hofn holb hrao hyde iddr ieng iisc ineg invk iqal COMMENT             
irkj isba jog2 joz2 joze kerg kir0 kiri kiru kit3 kokb kokv COMMENT             
kouc koug kour krgg lama laut lmmf lpal lpgs m0se mac1 madr COMMENT             
mal2 mana mas1 mat1 mate maw1 mcil mcm4 mdo1 mdvj medi mets COMMENT             
mgue mizu mkea mnls mobs morp mqzg mro1 mtka nano nico nist COMMENT             
nium nklg nlib nnor not1 nrc1 nrmd ntus nya1 nyal ohi2 onsa COMMENT             
opmt ous2 pado park pdel penc pert pie1 pimo pohn pol2 polv COMMENT             
pots pove prds ptag ptbb ptvl qaq1 quin rabt ramo reun reyk COMMENT             
rgdg rio2 riop salu samo sant savo sch2 scor scrz sctb seyg COMMENT             
sfer shao smst sofi spt0 ssia sthl stjo stk2 str2 suth sutm COMMENT             
suwn sydn syog tabv tash thtg thti thu2 tid1 tidb tlse tn22 COMMENT             
tong tow2 tro1 tsea tskb tuva twtf txes uclu ufpr ulab unb3 COMMENT             
unbj unsa urum usn7 usud vald vill voim vtsp wab1 wab2 wark COMMENT             
wgtn whit will wind wsrt wtza wtzl wtzr wtzs wuhn xmis yar2 COMMENT             
yar3 yarr yell ykro zamb zeck zim2 zim3 zimm                COMMENT             
                                                            END OF HEADER       
[from data line 1287]
     4                                                      START OF TEC MAP    
  2023     4    15     3     0     0                        EPOCH OF CURRENT MAP
    87.5-180.0 180.0   5.0 450.0                            LAT/LON1/LON2/DLON/H
  250  249  248  247  245  244  243  241  240  238  237  235  234  232  231  229
  228  226  224  222  220  218  216  214  212  210  207  205  204  202  200  199
  197  196  196  195  195  195  195  196  197  198  199  201  203  205  207  210
  213  216  219  222  225  228  231  234  237  239  242  244  246  248  250  251
  252  253  253  253  253  253  252  251  250
    85.0-180.0 180.0   5.0 450.0                            LAT/LON1/LON2/DLON/H
  272  268  264  261  257  254  252  250  248  246  245  244  243  242  241  239
  238  236  234  231  228  224  220  215  211  206  201  196  192  187  183  179
  176  174  172  170  169  169  169  170  172  174  176  180  183  187  192  197
  202  208  214  220  227  234  241  248  255  261  267  272  277  281  284  287
  288  288  288  287  285  282  279  275  272
    82.5-180.0 180.0   5.0 450.0                            LAT/LON1/LON2/DLON/H
  286  278  270  264  258  253  250  247  246  246  246  247  248  249  250  251
  251  250  248  246  242  237  231  225  217  210  201  193  185  178  171  165
  160  156  153  151  150  150  151  152  154  157  160  163  168  172  178  184
  190  198  206  216  226  236  247  258  269  280  291  300  308  315  321  324
  326  326  324  320  315  309  302  294  286
    80.0-180.0 180.0   5.0 450.0                            LAT/LON1/LON2/DLON/H
  293  280  268  258  249  242  238  236  236  238  240  244  248  252  255  258
  260  261  261  259  256  251  244  236  226  216  204  193  182  172  163  155
  149  144  142  140  140  141  142  144  147  149  152  155  158  162  166  171
  177  185  194  204  216  229  244  259  274  290  305  319  332  343  351  357
  359  359  356  350  342  331  319  306  293
    77.5-180.0 180.0   5.0 450.0                            LAT/LON1/LON2/DLON/H
  295  278  261  247  235  227  222  221  222  225  230  235  241  246  251  256
  259  262  263  263  261  257  251  243  232  220  206  192  179  166  156  147
  141  137  135  136  137  140  142  145  148  150  152  153  154  156  157  160
  164  169  177  187  199  213  229  247  266  286  305  324  341  355  367  375
  380  381  377  371  360  347  331  313  295
    75.0-180.0 180.0   5.0 450.0                            LAT/LON1/LON2/DLON/H
  295  274  254  236  222  213  208  207  209  214  219  225  230  234  237  240
  243  246  249  252  253  252  248  241  231  218  204  188  173  160  149  140
  135  132  132  134  138  142  147  150  153  155  156  156  154  153  152  151
  151  154  159  166  176  190  206  224  245  267  289  310  330  348  363  374
  381  384  382  376  366  353  336  316  295
    72.5-180.0 180.0   5.0 450.0                            LAT/LON1/LON2/DLON/H
  293  271  249  229  213  203  198  198  201  207  212  216  217  217  215  214
  214  216  220  225  230  233  234  230  222  210  196  180  165  151  140  132
  128  127  129  133  138  144  150  154  158  160  160  159  156  153  150  147
  144  144  145  149  156  167  180  197  216  238  260  282  303  322  338  351
  360  365  367  365  358  348  333  314  293
    70.0-180.0 180.0   5.0 450.0                            LAT/LON1/LON2/DLON/H
  291  270  247  226  209  199  194  196  201  207  211  212  208  201  191  183
  177  176  180  188  198  206  211  211  206  196  182  167  153  140  130  124
  121  121  124  129  134  141  147  152  156  159  161  161  159  157  153  150
  146  143  142  142  145  151  160  173  188  206  226  246  265  282  297  310
  320  327  333  336  336  332  323  309  291
    67.5-180.0 180.0   5.0 450.0                            LAT/LON1/LON2/DLON/H
  289  270  248  227  209  197  194  197  205  213  218  216  207  191  173  156
  143  139  142  151  164  176  185  188  185  176  164  150  137  127  119  114
  112  113  116  120  125  130  136  142  148  153  158  162  164  165  164  162
  160  156  153  150  148  149  153  159  169  182  196  212  227  240  251  260
  269  277  285  294  302  307  307  301  289
    65.0-180.0 180.0   5.0 450.0                            LAT/LON1/LON2/DLON/H
  285  271  250  228  208  196  193  199  210  222  229  227  214  193  167  142
  123  114  115  125  139  153  163  166  163  155  143  132  121  113  108  106
  105  105  106  108  110  114  119  126  134  143  153  163  171  178  183  185
  185  183  178  173  168  164  161  161  165  171  180  190  199  207  212  216
  220  226  236  248  263  278  288  291  285
    62.5-180.0 180.0   5.0 450.0                            LAT/LON1/LON2/DLON/H
  282  271  252  228  207  193  190  198  213  229  240  240  229  206  176  146
  123  110  109  116  129  140  147  148  143  134  123  114  108  104  102  101
  100   98   97   96   96   98  102  109  120  133  149  166  183  197  208  216
  220  220  217  211  203  194  187  181  179  180  183  188  191  193  192  189
  187  188  196  210  230  251  270  281  282
    60.0-180.0 180.0   5.0 450.0                            LAT/LON1/LON2/DLON/H
  280  273  254  230  207  190  185  193  210  230  247  253  246  227  199  169
  144  129  124  128  135  141  142  137  128  117  108  102  100  100  101  101
  100   97   92   88   85   85   88   96  110  128  150  174  198  220  238  251
  260  263  262  256  248  237  227  217  210  207  206  207  207  204  197  188
  179  174  177  189  209  234  258  275  280
    57.5-180.0 180.0   5.0 450.0                            LAT/LON1/LON2/DLON/H
  284  278  261  236  211  192  184  188  204  226  247  261  262  250  229  203
  180  164  156  155  155  152  145  134  121  109  102  100  102  106  108  108
  105  100   93   87   83   81   84   92  107  128  155  185  216  244  268  286
  299  306  308  305  298  288  276  265  256  250  248  247  245  239  229  215
  200  189  185  192  209  233  257  276  284
    55.0-180.0 180.0   5.0 450.0                            LAT/LON1/LON2/DLON/H
  295  291  275  252  227  205  192  190  201  220  243  262  272  271  259  240
  222  206  195  187  179  169  155  138  123  112  108  109  114  120  123  121
  115  108  100   93   89   87   90   97  112  134  163  197  233  266  294  317
  333  344  350  351  348  341  331  321  311  304  300  299  297  291  280  265
  247  231  221  221  231  250  270  287  295
    52.5-180.0 180.0   5.0 450.0                            LAT/LON1/LON2/DLON/H
  314  311  300  281  259  236  218  207  207  219  238  259  276  283  281  271
  257  242  228  216  202  186  168  150  136  127  126  130  137  141  141  136
  127  117  109  104  102  102  104  110  123  144  173  208  246  282  314  339
  359  374  385  392  395  394  388  379  369  362  357  355  354  350  341  327
  310  292  278  272  274  283  296  308  314
    50.0-180.0 180.0   5.0 450.0                            LAT/LON1/LON2/DLON/H
  341  340  333  322  306  286  263  242  229  228  238  256  275  288  293  288
  278  263  248  233  216  200  183  168  158  154  155  160  165  165  160  149
  137  126  119  118  119  121  122  126  135  153  180  215  254  292  326  354
  377  396  413  427  437  443  442  436  427  418  412  409  407  405  399  390
  377  361  346  334  328  328  332  338  341
    47.5-180.0 180.0   5.0 450.0                            LAT/LON1/LON2/DLON/H
  372  373  373  371  364  348  324  294  267  251  249  259  275  288  295  292
  282  268  252  237  222  210  199  192  188  188  190  193  193  187  175  159
  143  132  127  130  135  139  141  142  147  160  183  217  256  295  331  363
  389  413  435  456  474  486  491  488  480  470  461  454  451  449  448  444
  437  427  413  399  386  377  373  372  372
    45.0-180.0 180.0   5.0 450.0                            LAT/LON1/LON2/DLON/H
  403  405  411  418  420  412  389  354  317  287  273  273  281  289  291  286
  274  259  244  232  224  219  218  219  221  223  224  223  216  204  186  166
  147  136  133  139  148  154  156  155  155  164  184  216  255  295  334  367
  397  424  452  479  504  522  533  533  525  513  501  491  485  483  483  485
  486  482  472  456  439  424  413  406  403
    42.5-180.0 180.0   5.0 450.0                            LAT/LON1/LON2/DLON/H
  431  432  440  453  464  463  444  409  366  329  306  297  296  295  289  277
  262  247  234  227  227  232  241  249  254  255  251  244  232  215  195  173
  154  142  141  148  158  165  167  165  163  168  185  215  254  295  335  371
  402  433  464  495  525  549  563  567  561  549  535  522  514  510  512  518
  524  526  519  504  484  464  448  437  431
    40.0-180.0 180.0   5.0 450.0                            LAT/LON1/LON2/DLON/H
  455  452  458  471  486  490  477  445  405  368  343  328  319  308  292  273
  254  239  231  231  238  251  266  277  281  277  268  255  241  225  208  188
  170  158  155  159  168  175  177  175  172  176  191  219  257  298  338  374
  406  437  470  503  535  562  581  588  585  576  564  552  543  538  541  549
  560  566  561  544  521  498  478  464  455
    37.5-180.0 180.0   5.0 450.0                            LAT/LON1/LON2/DLON/H
  478  468  465  472  484  490  481  456  424  395  375  361  346  326  302  277
  256  244  240  246  259  276  291  300  299  289  275  261  250  242  233  220
  204  189  181  179  183  188  190  188  186  190  203  229  265  304  342  376
  407  437  468  501  533  562  584  595  599  596  591  585  579  577  580  591
  603  610  604  584  557  530  509  492  478
    35.0-180.0 180.0   5.0 450.0                            LAT/LON1/LON2/DLON/H
  506  486  470  464  467  469  461  444  423  407  396  386  370  345  315  288
  268  259  260  270  285  301  313  316  309  294  278  269  268  273  276  272
  258  239  221  210  206  207  208  208  208  211  222  244  275  310  344  375
  403  430  458  488  519  549  573  591  603  611  618  623  626  629  636  649
  662  668  658  632  599  569  545  526  506
    32.5-180.0 180.0   5.0 450.0                            LAT/LON1/LON2/DLON/H
  547  515  484  462  451  444  434  421  410  406  406  402  387  360  328  301
  285  281  286  297  310  321  327  324  312  297  287  288  302  323  340  344
  331  305  276  252  238  233  234  235  234  236  243  260  285  314  343  369
  393  415  439  466  496  525  553  578  601  624  646  666  682  695  709  725
  739  742  727  695  655  620  594  572  547
    30.0-180.0 180.0   5.0 450.0                            LAT/LON1/LON2/DLON/H
  605  565  520  483  457  439  423  408  400  403  410  410  395  367  336  312
  300  300  306  315  324  330  331  326  316  308  309  325  355  391  419  427
  412  378  338  301  277  266  264  264  262  259  260  269  288  311  335  357
  376  395  416  440  468  498  530  563  597  635  675  712  743  768  790  811
  827  829  810  771  726  686  659  635  605
    27.5-180.0 180.0   5.0 450.0                            LAT/LON1/LON2/DLON/H
  683  638  585  539  503  474  448  426  413  413  418  416  399  370  340  319
  310  310  314  319  324  327  328  328  328  334  350  381  424  468  500  507
  486  445  395  349  316  299  293  290  283  274  267  268  280  299  319  338
  356  372  391  414  442  475  511  551  597  648  702  755  800  837  868  895
  915  918  897  856  808  767  739  715  683
    25.0-180.0 180.0   5.0 450.0                            LAT/LON1/LON2/DLON/H
  776  731  680  632  594  559  524  489  463  450  444  432  407  375  346  326
  316  311  309  309  310  315  324  337  354  376  408  449  496  538  564  564
  537  490  436  387  349  327  316  307  294  275  259  253  260  277  297  316
  334  351  371  395  425  461  502  549  603  664  728  790  845  891  929  962
  987  993  976  938  892  854  828  806  776
    22.5-180.0 180.0   5.0 450.0                            LAT/LON1/LON2/DLON/H
  874  836  794  756  725  691  649  600  555  521  494  466  431  394  363  340
  324  309  298  291  293  305  328  358  394  433  473  514  553  583  594  582
  549  503  452  406  369  344  328  312  290  261  236  224  230  248  271  294
  315  336  359  386  419  460  507  559  618  683  751  816  874  923  966 1002
 1031 1043 1033 1003  967  936  916  899  874
    20.0-180.0 180.0   5.0 450.0                            LAT/LON1/LON2/DLON/H
  965  939  912  892  875  850  806  744  679  621  571  523  476  434  400  372
  345  317  294  282  287  310  348  396  447  494  532  560  579  586  578  553
  518  478  440  403  371  346  325  303  272  235  203  188  195  217  246  275
  302  328  356  388  426  472  524  581  642  706  770  831  885  932  974 1011
 1041 1058 1058 1043 1021 1003  992  982  965
    17.5-180.0 180.0   5.0 450.0                            LAT/LON1/LON2/DLON/H
 1036 1023 1014 1015 1018 1007  966  897  816  736  664  600  544  499  463  429
  390  347  312  296  306  339  390  448  503  544  566  570  560  541  512  479
  448  422  402  381  358  334  311  283  246  204  168  153  162  190  226  262
  295  327  360  397  442  493  550  610  671  730  786  838  883  923  960  993
 1022 1043 1053 1053 1049 1047 1047 1045 1036
    15.0-180.0 180.0   5.0 450.0                            LAT/LON1/LON2/DLON/H
 1081 1078 1084 1105 1127 1131 1097 1027  936  842  757  684  625  582  548  509
  460  406  363  345  359  398  451  506  549  569  562  534  495  452  410  375
  354  348  349  347  334  313  287  257  218  174  138  125  138  171  213  255
  294  330  368  411  460  518  580  642  700  754  800  840  875  906  935  962
  986 1007 1024 1039 1053 1066 1077 1082 1081
    12.5-180.0 180.0   5.0 450.0                            LAT/LON1/LON2/DLON/H
 1097 1100 1116 1148 1184 1200 1175 1108 1015  917  828  756  703  669  641  604
  550  491  445  430  445  481  523  557  572  558  515  455  392  336  292  265
  260  275  297  310  305  287  261  231  195  154  121  110  125  162  207  253
  295  335  376  422  477  539  605  669  726  775  813  843  868  892  914  934
  951  967  987 1012 1039 1065 1085 1095 1097
    10.0-180.0 180.0   5.0 450.0                            LAT/LON1/LON2/DLON/H
 1090 1094 1112 1147 1186 1206 1187 1127 1039  946  862  799  758  737  721  692
  643  588  548  536  549  572  589  589  563  509  432  349  275  221  187  175
  188  220  257  280  279  261  237  211  180  145  117  108  125  161  207  253
  296  337  379  428  486  552  621  687  744  790  824  849  869  889  907  921
  931  941  959  986 1019 1052 1075 1087 1090
     7.5-180.0 180.0   5.0 450.0                            LAT/LON1/LON2/DLON/H
 1070 1071 1084 1112 1145 1162 1144 1089 1009  925  851  800  774  769  767  752
  717  675  648  643  650  652  634  591  522  430  329  237  170  132  119  127
  154  196  238  261  260  241  218  197  174  148  125  118  133  166  208  252
  294  334  377  427  487  556  627  693  751  797  832  858  879  900  919  932
  938  941  951  973 1004 1035 1057 1068 1070
     5.0-180.0 180.0   5.0 450.0                            LAT/LON1/LON2/DLON/H
 1046 1045 1050 1065 1085 1091 1069 1016  943  866  802  760  745  751  763  764
  749  729  720  724  723  700  645  560  454  339  230  147  102   92  104  129
  162  203  239  255  247  224  203  188  174  156  138  131  143  170  208  248
  288  328  370  421  482  551  622  688  746  796  835  867  895  922  948  964
  969  967  967  978  998 1020 1037 1045 1046
     2.5-180.0 180.0   5.0 450.0                            LAT/LON1/LON2/DLON/H
 1025 1025 1025 1028 1032 1024  994  939  868  795  733  692  678  687  708  723
  729  734  746  758  750  704  618  503  376  255  158  100   88  109  143  176
  206  235  255  256  237  210  190  181  174  163  149  142  149  172  205  243
  281  320  361  411  472  540  609  674  732  784  831  871  909  946  981 1007
 1016 1012 1003  999 1002 1009 1017 1023 1025
