ionex_files/alger/COD0OPSFIN_20231100000_01D_01H_GIM.INX
     1.0            IONOSPHERE MAPS     GNSS                IONEX VERSION / TYPE
ADDNEQ2 V5.5        AIUB                24-APR-23 21:29     PGM / RUN BY / DATE 
CODE'S GLOBAL IONOSPHERE MAPS FOR DAY 110, 2023             COMMENT             
Global ionosphere maps (GIM) are generated on a daily basis DESCRIPTION         
at CODE using data from about 300 GNSS sites of the IGS and DESCRIPTION         
other institutions. The vertical total electron content     DESCRIPTION         
(VTEC) is modeled in a solar-geomagnetic reference frame    DESCRIPTION         
using a spherical harmonics expansion up to degree and      DESCRIPTION         
order 15. Piece-wise linear functions are used for          DESCRIPTION         
representation in the time domain. The time spacing of      DESCRIPTION         
their vertices is 1 hour, conforming with the epochs of the DESCRIPTION         
VTEC maps.                                                  DESCRIPTION         
To convert line-of-sight TEC into vertical TEC, a modified  DESCRIPTION         
single-layer model mapping function approximating the JPL   DESCRIPTION         
extended slab model mapping function is adopted. The        DESCRIPTION         
mapping function is evaluated at geodetic satellite         DESCRIPTION         
elevation angles. For the computation of the ionospheric    DESCRIPTION         
pierce points, a spherical layer with a radius of 6821 km   DESCRIPTION         
is assumed, implying geocentric, not geodetic IONEX         DESCRIPTION         
latitudes.                                                  DESCRIPTION         
Instrumental biases with respect to each involved GNSS code DESCRIPTION         
observable are estimated as constant values for each        DESCRIPTION         
day. They are modeled with one set of bias parameters for   DESCRIPTION         
each satellite and each station in case of GPS and for each DESCRIPTION         
satellite-station link in case of GLONASS. The code bias    DESCRIPTION         
datum is defined by zero-mean conditions imposed on the     DESCRIPTION         
satellite bias estimates. In this file, just GPS C1W-C2W    DESCRIPTION         
satellite and station bias values are included. The         DESCRIPTION         
complete set of GNSS code bias results is provided in an    DESCRIPTION         
additional Bias-SINEX file as pseudo-absolute values        DESCRIPTION         
specific to each observable.                                DESCRIPTION         
Note: These GIM results correspond to the results for the   DESCRIPTION         
middle day of a 3-day combination analysis solving for 73   DESCRIPTION         
times 256, or 18688 VTEC parameters and 3 daily sets of     DESCRIPTION         
GNSS code bias parameters.                                  DESCRIPTION         
Contact address: code(at)aiub.unibe.ch                      DESCRIPTION         
Data archive:    ftp.aiub.unibe.ch/CODE/                    DESCRIPTION         
                 www.aiub.unibe.ch/download/CODE/           DESCRIPTION         
  2023     4    20     0     0     0                        EPOCH OF FIRST MAP  
  2023     4    21     0     0     0                        EPOCH OF LAST MAP   
  3600                                                      INTERVAL            
[...]
bako barh bjfs bndy boav bogo bogt bor1 braz brft brst brux COMMENT             
bshm cags cas1 ccj2 cedu chpg chpi chti chur cnmr coco cord COMMENT             
cpvg cpxf crar cro1 daej darw dav1 dhlg drao dubo ebre faa1 COMMENT             
flin flrs frdn ftna func ganp glps glsv gode godz gol2 gold COMMENT             
gope gras graz guam guug harb hers hert hlfx hnpt hob2 hofn COMMENT             
holb hyde iddr ineg invk iqal irkj isba jog2 joz2 joze kerg COMMENT             
kir0 kiri kiru kit3 kokb kokv kouc koug kour krgg lama laut COMMENT             
lmmf lpal lpgs m0se mac1 madr mal2 mana mas1 mat1 mate maw1 COMMENT             
mcm4 mdo1 mdvj medi mets mgue mizu mnls mobs morp mqzg mro1 COMMENT             
mtka nano nico nist nium nklg nlib nnor not1 nrc1 nrmd ntus COMMENT             
nya1 nyal ohi2 onsa opmt ous2 pado park pdel penc pert pie1 COMMENT             
pimo pohn pol2 polv pots pove prds ptag ptbb ptvl qaq1 quin COMMENT             
rabt ramo reun reyk rgdg rio2 riop salu samo sant savo sch2 COMMENT             
scor scrz sctb seyg sfer shao sofi spt0 ssia sthl stjo stk2 COMMENT             
str2 sutm suwn sydn syog tabv tash thtg thti thu2 tid1 tidb COMMENT             
tlse tn22 tong tow2 tro1 tsea tskb tuva twtf txes uclu ufpr COMMENT             
ulab unb3 unbj unsa urum usn7 usud vald vill voim vtsp wab1 COMMENT             
wab2 wark wgtn whit will wind wsrt wtza wtzl wtzr wtzs wuhn COMMENT             
xmis yar2 yar3 yarr yell ykro zamb zeck zim2 zim3 zimm      COMMENT             
                                                            END OF HEADER       
[from data line 4719]
    12                                                      START OF TEC MAP    
  2023     4    20    11     0     0                        EPOCH OF CURRENT MAP
    87.5-180.0 180.0   5.0 450.0                            LAT/LON1/LON2/DLON/H
  111  112  112  113  115  116  118  120  122  125  127  130  132  135  138  140
  143  146  148  150  152  154  156  157  158  159  159  160  160  159  159  158
  157  156  155  154  152  150  149  147  145  143  141  139  137  136  134  132
  131  129  128  126  125  124  123  121  120  119  118  117  116  115  115  114
  113  112  112  111  111  111  111  111  111
    85.0-180.0 180.0   5.0 450.0                            LAT/LON1/LON2/DLON/H
  104  104  103  104  105  106  109  112  116  121  126  131  137  143  149  154
  160  165  171  175  179  183  185  188  189  190  191  190  190  189  187  185
  183  180  178  175  172  168  165  162  158  155  152  149  147  144  142  140
  139  137  136  136  135  135  134  134  134  133  133  132  131  129  127  125
  123  121  118  115  113  110  108  106  104
    82.5-180.0 180.0   5.0 450.0                            LAT/LON1/LON2/DLON/H
  114  109  106  103  102  102  104  107  112  118  124  132  140  149  158  166
  175  183  190  196  201  206  209  211  212  213  212  211  209  207  204  201
  198  194  191  187  183  179  176  172  168  165  162  159  157  155  154  154
  154  155  157  159  161  164  167  170  173  175  176  177  177  175  173  170
  166  160  154  148  141  134  127  120  114
    80.0-180.0 180.0   5.0 450.0                            LAT/LON1/LON2/DLON/H
  140  129  120  113  107  105  104  106  110  116  123  132  142  152  163  173
  184  193  201  209  215  219  222  223  223  222  220  217  214  210  207  203
  200  196  193  190  187  184  181  178  175  173  171  169  169  169  170  173
  176  181  187  194  202  210  218  225  233  239  244  247  249  249  246  241
  235  226  216  204  192  178  165  152  140
    77.5-180.0 180.0   5.0 450.0                            LAT/LON1/LON2/DLON/H
  175  158  142  130  120  113  109  108  110  115  122  130  140  151  162  174
  185  195  205  212  219  223  225  225  224  221  217  213  209  204  200  196
  193  191  189  188  186  185  184  182  181  180  180  181  182  185  189  195
  203  212  223  236  249  263  277  290  302  313  322  328  332  333  330  324
  315  303  289  272  254  234  214  194  175
    75.0-180.0 180.0   5.0 450.0                            LAT/LON1/LON2/DLON/H
  211  188  167  149  134  123  116  113  112  115  120  127  136  146  157  168
  180  191  201  209  216  220  222  222  220  216  212  206  201  196  192  189
  187  187  186  187  188  188  189  190  190  191  192  194  197  202  209  218
  229  243  259  276  294  313  331  349  365  379  391  399  404  405  403  396
  385  371  353  333  310  286  261  235  211
    72.5-180.0 180.0   5.0 450.0                            LAT/LON1/LON2/DLON/H
  236  210  186  165  147  133  123  117  115  115  118  123  130  138  147  158
  169  180  191  201  210  216  219  220  218  215  210  204  199  195  192  190
  190  191  193  195  197  200  202  203  205  206  208  210  214  219  228  238
  252  268  286  306  327  348  369  388  405  420  433  441  446  447  443  435
  424  409  390  368  345  319  291  264  236
    70.0-180.0 180.0   5.0 450.0                            LAT/LON1/LON2/DLON/H
  244  218  194  172  153  138  127  120  116  115  115  118  122  127  134  144
  155  167  179  192  203  211  217  221  221  219  216  212  208  206  204  205
  206  209  212  216  219  222  224  226  227  228  229  230  232  237  244  254
  268  284  302  321  341  361  380  397  413  426  436  442  445  444  439  430
  419  404  387  368  346  322  297  271  244
    67.5-180.0 180.0   5.0 450.0                            LAT/LON1/LON2/DLON/H
  234  211  189  168  150  135  125  118  113  111  110  111  112  115  120  128
  138  151  166  181  195  207  217  224  229  230  230  229  228  228  230  232
  236  240  245  249  252  255  257  258  258  257  255  254  253  254  258  265
  275  288  303  319  335  350  364  376  387  395  400  403  402  398  391  382
  371  358  345  330  315  297  278  256  234
    65.0-180.0 180.0   5.0 450.0                            LAT/LON1/LON2/DLON/H
  210  192  174  156  139  126  116  110  106  104  103  102  101  102  105  112
  122  135  151  169  186  202  216  228  236  242  247  250  253  257  262  268
  274  281  286  290  294  296  297  297  295  292  288  282  276  272  270  272
  277  284  293  303  312  320  327  332  336  338  338  336  331  323  314  304
  294  284  276  268  260  251  240  226  210
    62.5-180.0 180.0   5.0 450.0                            LAT/LON1/LON2/DLON/H
  183  171  156  140  125  113  104   98   95   94   93   92   90   89   91   96
  106  119  136  155  175  194  212  227  240  251  260  268  275  284  293  303
  313  322  328  333  336  338  339  338  336  331  323  313  302  291  282  277
  275  276  278  281  282  282  281  279  276  273  269  263  254  244  232  221
  211  204  201  200  200  200  197  192  183
    60.0-180.0 180.0   5.0 450.0                            LAT/LON1/LON2/DLON/H
  162  154  143  129  114  101   91   85   83   82   82   81   79   77   78   82
   91  105  122  141  161  181  201  220  237  252  265  277  290  302  316  330
  344  356  364  370  374  376  378  378  376  370  360  346  329  311  295  283
  274  269  265  261  255  248  241  233  227  220  214  206  196  183  169  157
  147  142  142  146  152  159  164  165  162
    57.5-180.0 180.0   5.0 450.0                            LAT/LON1/LON2/DLON/H
  156  151  142  128  113   97   85   77   73   72   72   71   69   67   67   71
   80   93  109  127  147  166  187  207  227  245  262  277  293  309  327  345
  362  377  389  397  402  406  410  412  412  407  396  378  356  332  310  291
  278  267  259  250  240  229  218  208  200  194  188  181  171  158  143  129
  118  113  115  121  131  141  150  155  156
    55.0-180.0 180.0   5.0 450.0                            LAT/LON1/LON2/DLON/H
  165  162  154  141  124  105   88   76   69   67   66   64   62   59   59   63
   71   84  100  116  134  152  172  193  214  234  253  270  287  305  325  346
  367  386  400  411  419  426  433  439  442  438  427  407  381  353  326  304
  287  274  263  252  241  228  217  207  201  198  196  192  184  172  157  142
  130  124  124  130  139  149  157  163  165
    52.5-180.0 180.0   5.0 450.0                            LAT/LON1/LON2/DLON/H
  184  183  177  165  147  125  104   86   75   69   67   64   60   56   55   58
   67   80   94  110  126  143  162  183  205  226  245  262  278  296  316  338
  361  383  400  414  425  436  447  458  464  463  452  431  403  372  343  319
  301  287  277  267  256  245  235  228  225  227  229  230  225  215  200  185
  171  163  160  163  168  174  179  183  184
    50.0-180.0 180.0   5.0 450.0                            LAT/LON1/LON2/DLON/H
  205  205  203  195  178  155  129  107   91   82   76   71   65   59   56   58
   66   79   94  110  125  142  161  182  204  225  243  258  271  286  305  327
  350  373  393  410  425  440  456  471  481  482  472  451  421  390  360  336
  318  305  296  288  280  271  263  259  259  264  271  276  275  267  254  238
  223  213  207  205  204  204  204  204  205
    47.5-180.0 180.0   5.0 450.0                            LAT/LON1/LON2/DLON/H
  214  219  222  220  209  187  161  135  116  103   95   87   77   67   61   61
   68   82   98  115  132  150  170  192  214  234  250  261  271  283  298  317
  339  362  383  403  423  443  463  482  495  498  488  467  437  406  377  353
  336  324  317  311  305  298  292  288  289  295  304  311  312  307  295  280
  265  253  244  237  231  224  218  214  214
    45.0-180.0 180.0   5.0 450.0                            LAT/LON1/LON2/DLON/H
  207  215  226  233  230  214  190  164  144  130  119  109   95   81   71   68
   74   87  105  124  145  166  188  211  233  252  265  273  279  286  296  312
  331  353  376  399  422  447  472  495  510  514  504  483  454  423  395  372
  355  344  337  333  328  322  314  308  306  309  316  323  325  321  311  297
  283  269  258  248  237  225  213  206  207
    42.5-180.0 180.0   5.0 450.0                            LAT/LON1/LON2/DLON/H
  182  194  212  229  235  228  210  188  170  157  147  135  118  100   85   78
   81   94  113  135  159  184  209  233  255  273  284  289  291  294  300  312
  328  349  373  399  427  457  486  512  530  534  524  503  474  445  418  396
  378  365  357  353  349  341  330  317  309  306  309  313  315  311  302  289
  275  261  248  236  222  206  191  182  182
    40.0-180.0 180.0   5.0 450.0                            LAT/LON1/LON2/DLON/H
  148  160  182  206  223  225  216  202  188  180  172  161  144  122  103   92
   92  102  121  146  173  201  229  254  275  290  300  303  304  304  308  316
  330  351  376  406  439  473  507  536  555  560  551  530  503  476  450  428
  408  393  384  379  374  363  346  326  309  298  295  295  295  290  282  269
  255  240  225  211  195  177  160  148  148
    37.5-180.0 180.0   5.0 450.0                            LAT/LON1/LON2/DLON/H
  117  126  147  173  195  207  207  202  196  194  192  184  168  146  125  110
  106  112  129  154  183  214  242  267  286  300  308  311  312  313  316  323
  337  357  385  419  457  496  534  566  587  594  586  567  543  518  495  472
  451  434  424  418  412  399  376  348  322  305  296  291  288  282  272  259
  242  225  208  191  174  155  136  121  117
    35.0-180.0 180.0   5.0 450.0                            LAT/LON1/LON2/DLON/H
  105  105  118  140  162  179  188  190  193  199  203  200  188  168  147  131
  122  124  138  161  190  220  248  271  288  300  307  311  314  318  323  332
  347  370  401  439  482  525  566  600  623  633  628  613  593  572  553  532
  512  494  483  479  473  459  431  397  366  343  331  323  316  307  295  279
  259  237  216  196  176  155  134  116  105
    32.5-180.0 180.0   5.0 450.0                            LAT/LON1/LON2/DLON/H
  124  111  109  118  135  152  165  174  183  195  205  208  201  187  169  153
  142  139  147  167  194  222  248  267  282  292  299  306  313  321  332  345
  363  390  425  467  512  558  599  635  661  674  674  665  651  637  622  606
  589  573  565  564  561  546  517  480  447  425  411  401  390  377  361  341
  316  289  262  237  213  190  167  144  124
    30.0-180.0 180.0   5.0 450.0                            LAT/LON1/LON2/DLON/H
  176  148  127  119  124  136  148  159  172  187  201  209  208  200  187  174
  162  156  159  173  197  222  244  260  272  281  290  300  312  327  344  364
  387  418  457  502  549  593  634  668  696  713  719  717  711  705  698  690
  678  667  664  668  669  657  629  594  564  545  533  521  505  486  465  440
  411  378  344  314  286  260  234  206  176
    27.5-180.0 180.0   5.0 450.0                            LAT/LON1/LON2/DLON/H
  257  214  174  146  135  138  146  155  166  180  195  206  209  207  201  192
  182  173  171  181  200  222  240  254  264  273  284  298  317  339  364  391
  421  457  498  544  590  631  667  699  726  747  759  764  766  769  772  773
  769  765  769  779  785  776  751  721  697  685  676  661  639  612  585  556
  523  486  449  413  381  352  324  294  257
    25.0-180.0 180.0   5.0 450.0                            LAT/LON1/LON2/DLON/H
  352  299  242  196  170  162  162  164  169  178  191  201  207  209  209  206
  198  188  184  190  205  223  239  251  261  272  287  306  331  361  394  428
  464  504  547  592  634  669  699  726  751  773  790  802  811  822  835  845
  850  854  863  878  888  883  862  837  822  816  809  789  758  723  690  659
  625  588  550  512  478  448  421  392  352
    22.5-180.0 180.0   5.0 450.0                            LAT/LON1/LON2/DLON/H
  444  388  320  260  222  204  196  189  184  185  192  199  204  208  213  214
  209  200  194  198  211  226  240  252  265  280  299  324  356  393  432  473
  514  556  600  642  679  708  730  750  770  792  811  827  842  860  880  897
  909  918  931  948  959  955  938  919  911  910  902  874  831  787  750  719
  688  655  621  587  554  527  504  481  444
    20.0-180.0 180.0   5.0 450.0                            LAT/LON1/LON2/DLON/H
  516  464  393  327  282  257  241  224  208  201  201  204  206  209  214  218
  216  207  201  203  214  228  242  256  272  293  319  350  388  431  476  521
  565  608  650  689  721  744  760  773  788  806  825  842  859  879  903  924
  939  949  961  976  986  981  965  949  946  946  933  894  839  786  747  719
  695  670  645  619  593  572  557  544  516
    17.5-180.0 180.0   5.0 450.0                            LAT/LON1/LON2/DLON/H
  561  517  450  384  338  311  290  263  238  223  218  216  214  213  216  220
  218  210  203  204  214  228  242  258  280  308  341  380  424  472  520  567
  611  653  693  728  757  778  790  798  807  820  835  849  864  883  906  926
  939  946  952  962  967  960  942  927  924  922  900  848  781  722  684  662
  646  632  618  604  589  577  575  575  561
    15.0-180.0 180.0   5.0 450.0                            LAT/LON1/LON2/DLON/H
  576  544  485  424  382  357  332  299  266  246  239  236  229  223  221  222
  219  210  201  201  210  223  238  258  285  321  362  407  457  508  558  604
  646  685  722  755  784  805  818  824  828  835  845  854  864  878  895  910
  916  915  912  914  914  903  883  867  861  853  819  755  679  617  583  569
  560  555  553  552  550  552  562  576  576
    12.5-180.0 180.0   5.0 450.0                            LAT/LON1/LON2/DLON/H
  569  548  498  445  409  388  363  325  287  266  260  258  250  239  231  227
  220  208  197  195  201  213  230  253  286  329  377  430  484  537  585  628
  667  702  735  767  798  824  842  850  853  855  858  861  864  870  879  885
  882  870  859  853  848  834  812  794  784  767  723  649  568  510  482  474
  470  469  474  485  497  510  532  558  569
    10.0-180.0 180.0   5.0 450.0                            LAT/LON1/LON2/DLON/H
  555  539  496  450  422  405  379  338  298  278  278  280  272  257  245  236
  224  208  193  186  190  202  219  246  284  333  388  446  503  555  600  638
  672  702  732  764  798  832  859  874  877  876  874  872  868  865  865  863
  850  829  810  800  794  780  758  738  722  699  647  568  489  438  419  414
  409  405  411  429  450  473  503  536  555
     7.5-180.0 180.0   5.0 450.0                            LAT/LON1/LON2/DLON/H
  543  529  489  447  424  410  384  340  299  282  287  295  290  274  258  245
  229  208  188  178  179  190  209  239  281  335  394  456  514  564  604  636
  664  689  716  746  785  828  866  889  896  895  891  884  876  867  860  851
  832  806  784  775  772  762  742  721  702  674  619  542  470  430  420  415
  402  386  385  402  428  456  489  524  543
     5.0-180.0 180.0   5.0 450.0                            LAT/LON1/LON2/DLON/H
  544  526  485  445  425  412  383  336  293  277  288  301  299  284  267  252
  233  209  184  170  169  180  202  235  281  337  399  462  519  565  599  625
  647  668  691  719  760  810  859  891  905  906  902  895  885  874  864  852
  832  807  788  784  789  787  772  752  732  703  650  580  521  493  490  482
  454  420  404  413  437  466  498  529  544
     2.5-180.0 180.0   5.0 450.0                            LAT/LON1/LON2/DLON/H
  556  533  489  450  430  415  383  331  285  269  280  295  295  281  265  251
  232  206  179  162  161  174  199  236  284  342  404  465  518  560  588  609
  627  644  662  687  727  781  837  878  899  904  903  898  890  880  872  863
  847  828  818  825  840  847  838  820  801  775  730  671  626  610  612  597
  552  496  460  456  474  499  526  549  556
