ionex_files/alger/COD0OPSFIN_20231110000_01D_01H_GIM.INX
     1.0            IONOSPHERE MAPS     GNSS                IONEX VERSION / TYPE
ADDNEQ2 V5.5        AIUB                25-APR-23 21:18     PGM / RUN BY / DATE 
CODE'S GLOBAL IONOSPHERE MAPS FOR DAY 111, 2023             COMMENT             
Global ionosphere maps (GIM) are generated on a daily basis DESCRIPTION         
at CODE using data from about 300 GNSS sites of the IGS and DESCRIPTION         
other institutions. The vertical total electron content     DESCRIPTION         
(VTEC) is modeled in a solar-geomagnetic reference frame    DESCRIPTION         
using a spherical harmonics expansion up to degree and      DESCRIPTION         
order 15. Piece-wise linear functions are used for          DESCRIPTION         
representation in the time domain. The time spacing of      DESCRIPTION         
their vertices is 1 hour, conforming with the epochs of the DESCRIPTION         
VTEC maps.                                                  DESCRIPTION         
To convert line-of-sight TEC into vertical TEC, a modified  DESCRIPTION         
single-layer model mapping function approximating the JPL   DESCRIPTION         
extended slab model mapping function is adopted. The        DESCRIPTION         
mapping function is evaluated at geodetic satellite         DESCRIPTION         
elevation angles. For the computation of the ionospheric    DESCRIPTION         
pierce points, a spherical layer with a radius of 6821 km   DESCRIPTION         
is assumed, implying geocentric, not geodetic IONEX         DESCRIPTION         
latitudes.                                                  DESCRIPTION         
Instrumental biases with respect to each involved GNSS code DESCRIPTION         
observable are estimated as constant values for each        DESCRIPTION         
day. They are modeled with one set of bias parameters for   DESCRIPTION         
each satellite and each station in case of GPS and for each DESCRIPTION         
satellite-station link in case of GLONASS. The code bias    DESCRIPTION         
datum is defined by zero-mean conditions imposed on the     DESCRIPTION         
satellite bias estimates. In this file, just GPS C1W-C2W    DESCRIPTION         
satellite and station bias values are included. The         DESCRIPTION         
complete set of GNSS code bias results is provided in an    DESCRIPTION         
additional Bias-SINEX file as pseudo-absolute values        DESCRIPTION         
specific to each observable.                                DESCRIPTION         
Note: These GIM results correspond to the results for the   DESCRIPTION         
middle day of a 3-day combination analysis solving for 73   DESCRIPTION         
times 256, or 18688 VTEC parameters and 3 daily sets of     DESCRIPTION         
GNSS code bias parameters.                                  DESCRIPTION         
Contact address: code(at)aiub.unibe.ch                      DESCRIPTION         
Data archive:    ftp.aiub.unibe.ch/CODE/                    DESCRIPTION         
                 www.aiub.unibe.ch/download/CODE/           DESCRIPTION         
  2023     4    21     0     0     0                        EPOCH OF FIRST MAP  
  2023     4    22     0     0     0                        EPOCH OF LAST MAP   
  3600                                                      INTERVAL            
[...]
bako barh bjfs bndy boav bogo bogt bor1 braz brft brst brux COMMENT             
bshm cags cas1 ccj2 cedu chpg chpi chti chur cnmr coco cord COMMENT             
cpvg cpxf crar cro1 daej darw dav1 dhlg drao dubo ebre faa1 COMMENT             
fair flin flrs frdn ftna func ganp glps glsv gode godz gol2 COMMENT             
gold gope gras graz guam guug harb hers hert hlfx hnpt hob2 COMMENT             
hofn holb hyde iddr ineg invk iqal isba jog2 joz2 joze kerg COMMENT             
kir0 kiri kiru kit3 kokb kokv kouc koug kour krgg lama laut COMMENT             
lmmf lpal lpgs m0se mac1 madr mal2 mana mas1 mat1 mate maw1 COMMENT             
mcm4 mdo1 mdvj medi mets mgue mizu mnls mobs morp mqzg mro1 COMMENT             
mtka nano nico nist nium nklg nlib nnor not1 nrc1 nrmd ntus COMMENT             
nya1 nyal ohi2 onsa opmt ous2 pado park pdel penc pert pie1 COMMENT             
pimo pohn pol2 polv pots pove prds ptag ptbb ptvl qaq1 quin COMMENT             
rabt ramo reun reyk rgdg rio2 riop salu samo sant savo sch2 COMMENT             
scor sctb seyg sfer shao sofi spt0 ssia sthl stjo stk2 str2 COMMENT             
sutm suwn sydn syog tabv tash thtg thti thu2 tid1 tidb tlse COMMENT             
tn22 tong tow2 tro1 tsea tskb tuva twtf txes uclu ufpr ulab COMMENT             
unb3 unbj unsa urum usn7 usud vald vill voim vtsp wab1 wab2 COMMENT             
wark wgtn whit will wind wsrt wtza wtzl wtzr wtzs wuhn xmis COMMENT             
yar2 yar3 yarr yell ykro zamb zeck zim2 zim3 zimm           COMMENT             
                                                            END OF HEADER       
[from data line 2574]
     7                                                      START OF TEC MAP    
  2023     4    21     6     0     0                        EPOCH OF CURRENT MAP
    87.5-180.0 180.0   5.0 450.0                            LAT/LON1/LON2/DLON/H
  192  191  191  190  190  190  190  190  190  190  191  191  191  192  192  192
  193  193  193  193  193  193  193  193  193  193  192  192  192  192  191  191
  191  191  191  192  192  192  192  193  193  194  194  195  196  196  197  197
  198  199  199  200  200  201  201  201  201  201  201  201  200  200  199  199
  198  197  196  196  195  194  193  192  192
    85.0-180.0 180.0   5.0 450.0                            LAT/LON1/LON2/DLON/H
  192  190  188  187  186  185  186  186  187  188  190  191  193  195  196  198
  199  200  200  200  200  200  199  198  196  195  194  192  191  190  190  189
  189  189  189  190  191  192  193  195  196  198  200  201  203  205  207  209
  211  213  215  217  218  220  221  222  223  224  224  223  223  221  220  218
  215  213  210  207  203  200  197  194  192
    82.5-180.0 180.0   5.0 450.0                            LAT/LON1/LON2/DLON/H
  194  189  185  182  180  179  179  180  181  184  187  190  193  197  200  203
  206  207  208  208  208  206  204  201  198  194  191  188  186  184  183  183
  183  184  186  188  191  194  196  200  203  206  209  212  216  219  222  226
  230  233  237  241  245  248  252  254  257  259  260  260  259  258  255  251
  246  241  235  228  221  214  207  200  194
    80.0-180.0 180.0   5.0 450.0                            LAT/LON1/LON2/DLON/H
  201  192  185  179  175  172  171  172  173  176  180  185  190  195  200  205
  208  211  213  213  211  208  204  199  194  188  183  178  175  173  172  173
  175  179  183  188  193  198  203  208  213  217  222  226  231  236  241  246
  251  257  263  269  275  281  287  293  297  301  304  306  306  304  301  295
  288  279  269  258  246  234  223  211  201
    77.5-180.0 180.0   5.0 450.0                            LAT/LON1/LON2/DLON/H
  213  200  189  180  174  169  167  166  166  168  171  176  181  187  193  199
  204  208  211  211  210  206  200  193  185  176  169  163  160  158  159  162
  167  174  182  190  197  205  212  218  224  229  235  240  246  252  258  266
  273  281  289  297  305  313  322  329  337  343  348  352  353  352  348  342
  333  321  307  292  276  259  243  227  213
    75.0-180.0 180.0   5.0 450.0                            LAT/LON1/LON2/DLON/H
  227  211  198  188  179  173  168  165  163  163  164  165  169  173  179  185
  192  197  202  203  202  198  191  183  173  163  154  148  144  144  148  154
  163  173  184  194  204  213  221  227  233  238  243  249  256  264  272  281
  291  301  310  320  330  339  348  357  366  374  381  387  390  390  387  380
  370  357  341  322  303  283  263  244  227
    72.5-180.0 180.0   5.0 450.0                            LAT/LON1/LON2/DLON/H
  241  225  211  200  190  183  177  171  167  163  159  157  156  158  161  167
  174  181  187  190  191  188  181  172  161  150  141  135  133  135  141  150
  162  176  189  201  212  220  227  232  236  240  245  251  259  268  280  291
  303  315  326  336  345  354  362  371  379  388  396  403  407  409  407  401
  391  377  360  341  321  300  279  259  241
    70.0-180.0 180.0   5.0 450.0                            LAT/LON1/LON2/DLON/H
  252  237  224  213  204  197  190  183  176  169  161  153  147  144  144  147
  153  161  169  174  177  176  170  161  151  141  132  127  127  131  139  152
  166  181  196  208  218  224  228  230  232  234  238  245  254  266  281  296
  310  324  335  344  351  357  362  368  374  382  389  396  402  404  403  398
  389  377  362  344  326  307  287  269  252
    67.5-180.0 180.0   5.0 450.0                            LAT/LON1/LON2/DLON/H
  258  244  233  223  215  209  203  197  189  179  167  155  144  135  131  131
  135  143  151  159  163  164  160  153  144  135  128  125  126  132  142  156
  171  187  201  213  220  224  225  224  223  223  226  234  245  260  277  296
  313  327  338  345  349  350  350  351  354  359  365  371  376  379  378  374
  367  357  345  331  317  302  287  272  258
    65.0-180.0 180.0   5.0 450.0                            LAT/LON1/LON2/DLON/H
  258  247  236  227  221  216  211  206  199  188  175  161  146  133  125  121
  123  129  137  145  151  153  151  146  139  133  128  127  129  136  147  160
  175  190  203  213  219  221  220  217  213  212  215  223  236  253  273  294
  313  328  338  343  342  338  333  329  328  329  332  337  341  343  341  337
  331  324  316  308  300  291  281  270  258
    62.5-180.0 180.0   5.0 450.0                            LAT/LON1/LON2/DLON/H
  257  246  234  225  218  214  211  207  202  194  182  167  151  137  125  119
  118  122  128  136  141  144  143  140  136  133  130  131  134  140  149  161
  174  188  201  211  217  218  217  213  209  208  210  218  232  250  271  293
  314  329  338  340  335  327  318  309  304  303  304  307  309  309  306  301
  294  289  285  283  282  279  275  267  257
    60.0-180.0 180.0   5.0 450.0                            LAT/LON1/LON2/DLON/H
  258  245  232  220  212  206  203  201  197  192  183  170  156  142  130  122
  119  120  125  130  134  137  137  136  135  134  134  135  138  142  148  157
  168  181  195  206  214  219  219  217  215  214  217  224  237  254  275  296
  316  331  339  339  332  322  310  300  294  291  292  293  293  290  284  276
  268  264  263  266  270  274  273  268  258
    57.5-180.0 180.0   5.0 450.0                            LAT/LON1/LON2/DLON/H
  265  251  235  220  208  200  194  190  187  183  177  168  158  146  136  128
  124  123  125  128  131  133  134  134  135  137  138  140  140  141  143  149
  158  171  187  202  215  224  230  232  232  233  236  242  252  267  285  304
  322  336  343  343  336  326  315  306  300  299  299  300  298  292  283  271
  261  256  256  263  271  278  280  276  265
    55.0-180.0 180.0   5.0 450.0                            LAT/LON1/LON2/DLON/H
  280  264  247  231  216  203  193  184  178  172  167  161  154  147  139  133
  129  127  127  129  131  133  134  136  139  142  145  145  143  140  138  140
  148  162  181  202  221  236  247  255  259  263  266  270  277  287  301  317
  333  345  352  352  347  339  331  325  323  323  325  326  323  315  302  286
  273  265  266  274  284  293  296  292  280
    52.5-180.0 180.0   5.0 450.0                            LAT/LON1/LON2/DLON/H
  300  286  271  256  240  224  207  191  177  165  157  151  146  142  138  134
  131  130  130  132  134  137  139  143  147  152  154  153  148  141  135  133
  140  156  179  205  230  252  269  281  291  297  302  305  308  314  323  336
  349  359  366  367  364  360  356  354  355  358  362  363  359  349  333  314
  298  288  288  295  306  314  316  311  300
    50.0-180.0 180.0   5.0 450.0                            LAT/LON1/LON2/DLON/H
  319  310  301  292  279  261  239  213  189  169  154  144  139  135  133  132
  131  131  133  136  141  145  150  155  160  165  167  165  157  147  137  134
  140  157  182  212  241  267  289  306  320  331  337  340  342  345  350  359
  370  379  385  387  386  385  384  385  388  392  396  397  394  383  366  345
  327  315  313  318  327  334  334  328  319
    47.5-180.0 180.0   5.0 450.0                            LAT/LON1/LON2/DLON/H
  331  329  331  332  326  310  283  250  216  186  162  145  135  130  128  127
  127  129  134  141  149  157  164  170  176  181  183  180  171  159  148  143
  148  164  189  220  250  278  302  324  342  357  368  373  375  376  380  388
  396  404  408  409  410  410  411  413  415  418  420  420  416  406  389  370
  351  338  334  337  343  346  343  337  331
    45.0-180.0 180.0   5.0 450.0                            LAT/LON1/LON2/DLON/H
  332  338  352  365  368  355  328  290  250  211  180  156  140  131  126  124
  125  128  136  147  160  171  181  188  194  199  201  198  189  177  166  160
  163  176  199  226  255  283  308  332  355  376  391  400  404  407  412  419
  427  433  435  435  434  434  434  434  433  432  430  427  423  414  401  383
  366  353  348  348  350  348  342  334  332
    42.5-180.0 180.0   5.0 450.0                            LAT/LON1/LON2/DLON/H
  322  333  356  379  390  383  357  320  279  239  203  174  153  139  131  126
  125  129  139  154  171  186  197  205  211  216  218  216  210  200  190  184
  184  192  208  230  255  280  306  332  360  386  407  420  429  435  442  451
  459  463  464  462  461  459  457  453  446  439  432  426  421  414  404  391
  377  365  359  357  354  347  335  324  322
    40.0-180.0 180.0   5.0 450.0                            LAT/LON1/LON2/DLON/H
  309  320  344  370  385  381  359  327  292  257  225  196  172  154  142  135
  131  134  144  162  182  200  212  220  226  231  234  234  231  225  218  211
  206  207  214  229  250  274  300  329  360  390  416  435  447  458  469  481
  490  493  492  490  489  488  484  476  464  451  439  430  424  419  413  404
  394  384  378  372  365  351  332  315  309
    37.5-180.0 180.0   5.0 450.0                            LAT/LON1/LON2/DLON/H
  306  308  325  345  355  348  329  304  280  259  236  213  191  173  159  149
  143  143  153  172  194  213  225  233  239  244  249  251  251  249  244  237
  227  219  218  226  244  268  295  326  359  393  422  443  460  474  489  504
  514  518  519  519  521  523  521  512  497  481  466  456  450  446  443  439
  432  424  416  408  396  375  348  321  306
    35.0-180.0 180.0   5.0 450.0                            LAT/LON1/LON2/DLON/H
  328  315  315  319  314  297  275  256  246  241  234  222  206  191  178  167
  159  157  166  184  206  225  238  246  252  258  263  267  270  270  267  259
  244  228  219  223  240  266  296  328  362  395  424  446  464  482  500  518
  530  536  541  548  558  568  572  566  554  540  527  517  511  508  507  505
  501  494  485  474  457  431  395  357  328
    32.5-180.0 180.0   5.0 450.0                            LAT/LON1/LON2/DLON/H
  387  354  332  312  285  251  219  201  202  212  221  221  213  203  194  184
  176  174  181  198  220  238  251  259  266  273  279  283  285  287  285  274
  254  232  218  221  241  271  304  336  367  397  423  443  461  480  501  521
  536  546  557  575  599  621  636  639  635  629  622  616  611  608  607  606
  603  597  588  574  553  522  479  431  387
    30.0-180.0 180.0   5.0 450.0                            LAT/LON1/LON2/DLON/H
  484  433  388  342  291  234  187  163  166  186  205  215  215  210  205  199
  193  191  198  214  236  254  267  276  285  292  297  298  299  298  295  282
  259  232  216  220  245  280  316  346  373  396  417  434  451  470  493  515
  533  549  569  601  640  679  707  723  732  738  742  742  739  735  733  732
  731  726  716  700  677  643  597  541  484
    27.5-180.0 180.0   5.0 450.0                            LAT/LON1/LON2/DLON/H
  612  548  486  421  348  270  203  165  161  179  201  213  216  214  212  210
  207  207  215  232  254  273  287  298  307  314  316  313  308  303  297  282
  256  228  213  221  251  291  327  354  374  391  407  420  435  455  481  505
  526  547  578  623  679  733  775  805  829  851  868  875  874  868  864  863
  864  861  851  835  811  778  732  675  612
    25.0-180.0 180.0   5.0 450.0                            LAT/LON1/LON2/DLON/H
  750  684  616  542  457  363  279  222  201  207  221  228  226  223  221  221
  221  223  233  252  275  295  310  322  332  337  334  325  312  301  290  273
  247  220  207  220  255  298  333  355  368  380  392  405  420  442  470  497
  521  547  585  642  710  775  827  868  906  943  973  988  988  980  974  974
  978  978  972  957  935  904  864  812  750
    22.5-180.0 180.0   5.0 450.0                            LAT/LON1/LON2/DLON/H
  875  817  754  684  600  502  405  330  288  275  272  266  255  244  239  237
  238  242  254  274  298  318  334  346  354  356  348  330  310  292  276  258
  232  208  198  215  253  296  328  345  354  364  376  391  410  436  467  497
  524  552  595  658  731  799  853  900  946  995 1035 1056 1057 1048 1041 1043
 1051 1057 1056 1044 1025 1000  968  926  875
    20.0-180.0 180.0   5.0 450.0                            LAT/LON1/LON2/DLON/H
  962  917  869  814  744  654  556  468  408  374  353  330  306  284  271  265
  264  268  280  299  321  340  355  365  370  367  353  328  300  276  256  236
  212  191  184  203  242  283  312  325  333  345  364  385  410  441  476  509
  538  567  610  671  740  802  851  894  943  996 1042 1066 1068 1059 1053 1057
 1071 1085 1090 1084 1069 1049 1027  999  962
    17.5-180.0 180.0   5.0 450.0                            LAT/LON1/LON2/DLON/H
  995  966  933  898  850  780  691  603  532  484  449  414  377  344  321  307
  301  302  311  326  344  360  371  377  376  367  346  316  283  254  231  210
  188  170  166  186  223  261  286  299  310  330  358  389  422  459  498  535
  564  592  631  684  741  789  823  856  900  952  997 1022 1025 1017 1013 1021
 1040 1062 1075 1074 1063 1049 1035 1019  995
    15.0-180.0 180.0   5.0 450.0                            LAT/LON1/LON2/DLON/H
  975  953  931  912  886  841  773  696  628  578  540  500  458  418  386  364
  351  345  347  355  365  374  379  379  372  356  330  297  261  229  204  183
  163  148  147  165  199  233  257  272  290  322  362  404  445  487  530  569
  599  625  657  698  738  766  783  801  834  879  920  943  946  942  942  953
  976 1003 1022 1027 1018 1007  999  990  975
    12.5-180.0 180.0   5.0 450.0                            LAT/LON1/LON2/DLON/H
  913  888  863  848  837  816  774  719  668  632  604  573  535  494  458  429
  408  394  386  383  382  382  380  372  358  337  308  273  238  206  180  158
  140  128  128  145  175  207  230  249  278  321  374  426  473  518  564  606
  638  662  687  715  738  746  745  748  769  804  836  856  862  863  867  880
  902  931  954  961  955  944  936  929  913
    10.0-180.0 180.0   5.0 450.0                            LAT/LON1/LON2/DLON/H
  835  795  752  724  714  708  691  664  641  630  625  615  592  559  524  493
  465  442  422  406  394  384  374  360  340  313  283  251  218  187  160  139
  122  112  113  129  156  186  211  236  273  327  390  448  498  544  592  636
  671  695  716  735  744  739  724  717  728  751  775  791  801  809  817  828
  846  871  893  901  894  881  871  860  835
     7.5-180.0 180.0   5.0 450.0                            LAT/LON1/LON2/DLON/H
  769  705  632  576  550  546  547  549  557  576  602  618  618  600  573  542
  511  481  450  422  398  379  363  345  320  292  262  233  203  174  147  126
  111  103  105  120  145  174  200  231  275  335  403  463  512  558  606  653
  692  719  740  755  759  749  731  720  725  740  756  770  785  800  811  817
  825  841  858  864  855  839  825  807  769
     5.0-180.0 180.0   5.0 450.0                            LAT/LON1/LON2/DLON/H
  736  648  540  447  394  380  388  409  443  491  544  587  609  610  594  568
  538  502  464  425  392  368  349  329  304  275  246  220  195  167  140  119
  106  100  103  117  141  169  198  231  278  340  407  464  510  553  601  652
  696  729  755  773  781  775  763  758  764  774  785  798  817  839  852  850
  844  846  854  856  844  826  810  787  736
     2.5-180.0 180.0   5.0 450.0                            LAT/LON1/LON2/DLON/H
  747  642  506  378  294  261  266  295  342  406  475  535  575  590  586  567
  539  502  459  415  378  351  333  314  291  263  236  213  189  163  137  117
  105  101  105  118  141  169  199  233  278  336  398  450  491  531  579  632
  682  723  757  784  801  809  812  820  832  842  850  862  886  913  925  914
  893  879  876  872  858  839  824  802  747
