ionex_files/alger/COD0OPSFIN_20231110000_01D_01H_GIM.INX
     1.0            IONOSPHERE MAPS     GNSS                IONEX VERSION / TYPE
ADDNEQ2 V5.5        AIUB                25-APR-23 21:18     PGM / RUN BY / DATE 
CODE'S GLOBAL IONOSPHERE MAPS FOR DAY 111, 2023             COMMENT             
Global ionosphere maps (GIM) are generated on a daily basis DESCRIPTION         
at CODE using data from about 300 GNSS sites of the IGS and DESCRIPTION         
other institutions. The vertical total electron content     DESCRIPTION         
(VTEC) is modeled in a solar-geomagnetic reference frame    DESCRIPTION         
using a spherical harmonics expansion up to degree and      DESCRIPTION         
order 15. Piece-wise linear functions are used for          DESCRIPTION         
representation in the time domain. The time spacing of      DESCRIPTION         
their vertices is 1 hour, conforming with the epochs of the DESCRIPTION         
VTEC maps.                                                  DESCRIPTION         
To convert line-of-sight TEC into vertical TEC, a modified  DESCRIPTION         
single-layer model mapping function approximating the JPL   DESCRIPTION         
extended slab model mapping function is adopted. The        DESCRIPTION         
mapping function is evaluated at geodetic satellite         DESCRIPTION         
elevation angles. For the computation of the ionospheric    DESCRIPTION         
pierce points, a spherical layer with a radius of 6821 km   DESCRIPTION         
is assumed, implying geocentric, not geodetic IONEX         DESCRIPTION         
latitudes.                                                  DESCRIPTION         
Instrumental biases with respect to each involved GNSS code DESCRIPTION         
observable are estimated as constant values for each        DESCRIPTION         
day. They are modeled with one set of bias parameters for   DESCRIPTION         
each satellite and each station in case of GPS and for each DESCRIPTION         
satellite-station link in case of GLONASS. The code bias    DESCRIPTION         
datum is defined by zero-mean conditions imposed on the     DESCRIPTION         
satellite bias estimates. In this file, just GPS C1W-C2W    DESCRIPTION         
satellite and station bias values are included. The         DESCRIPTION         
complete set of GNSS code bias results is provided in an    DESCRIPTION         
additional Bias-SINEX file as pseudo-absolute values        DESCRIPTION         
specific to each observable.                                DESCRIPTION         
Note: These GIM results correspond to the results for the   DESCRIPTION         
middle day of a 3-day combination analysis solving for 73   DESCRIPTION         
times 256, or 18688 VTEC parameters and 3 daily sets of     DESCRIPTION         
GNSS code bias parameters.                                  DESCRIPTION         
Contact address: code(at)aiub.unibe.ch                      DESCRIPTION         
Data archive:    ftp.aiub.unibe.ch/CODE/                    DESCRIPTION         
                 www.aiub.unibe.ch/download/CODE/           DESCRIPTION         
  2023     4    21     0     0     0                        EPOCH OF FIRST MAP  
  2023     4    22     0     0     0                        EPOCH OF LAST MAP   
  3600                                                      INTERVAL            
[...]
bako barh bjfs bndy boav bogo bogt bor1 braz brft brst brux COMMENT             
bshm cags cas1 ccj2 cedu chpg chpi chti chur cnmr coco cord COMMENT             
cpvg cpxf crar cro1 daej darw dav1 dhlg drao dubo ebre faa1 COMMENT             
fair flin flrs frdn ftna func ganp glps glsv gode godz gol2 COMMENT             
gold gope gras graz guam guug harb hers hert hlfx hnpt hob2 COMMENT             
hofn holb hyde iddr ineg invk iqal isba jog2 joz2 joze kerg COMMENT             
kir0 kiri kiru kit3 kokb kokv kouc koug kour krgg lama laut COMMENT             
lmmf lpal lpgs m0se mac1 madr mal2 mana mas1 mat1 mate maw1 COMMENT             
mcm4 mdo1 mdvj medi mets mgue mizu mnls mobs morp mqzg mro1 COMMENT             
mtka nano nico nist nium nklg nlib nnor not1 nrc1 nrmd ntus COMMENT             
nya1 nyal ohi2 onsa opmt ous2 pado park pdel penc pert pie1 COMMENT             
pimo pohn pol2 polv pots pove prds ptag ptbb ptvl qaq1 quin COMMENT             
rabt ramo reun reyk rgdg rio2 riop salu samo sant savo sch2 COMMENT             
scor sctb seyg sfer shao sofi spt0 ssia sthl stjo stk2 str2 COMMENT             
sutm suwn sydn syog tabv tash thtg thti thu2 tid1 tidb tlse COMMENT             
tn22 tong tow2 tro1 tsea tskb tuva twtf txes uclu ufpr ulab COMMENT             
unb3 unbj unsa urum usn7 usud vald vill voim vtsp wab1 wab2 COMMENT             
wark wgtn whit will wind wsrt wtza wtzl wtzr wtzs wuhn xmis COMMENT             
yar2 yar3 yarr yell ykro zamb zeck zim2 zim3 zimm           COMMENT             
                                                            END OF HEADER       
[from data line 8151]
    20                                                      START OF TEC MAP    
  2023     4    21    19     0     0                        EPOCH OF CURRENT MAP
    87.5-180.0 180.0   5.0 450.0                            LAT/LON1/LON2/DLON/H
  228  230  232  234  236  238  241  243  246  249  251  254  256  259  261  263
  265  267  268  269  270  271  272  272  272  272  272  271  271  270  269  268
  267  266  265  264  262  261  260  258  257  256  254  253  251  250  249  247
  246  244  243  241  240  238  236  235  233  232  231  229  228  227  226  226
  225  225  224  224  225  225  226  227  228
    85.0-180.0 180.0   5.0 450.0                            LAT/LON1/LON2/DLON/H
  197  200  204  208  212  217  223  229  235  241  248  254  259  265  270  274
  278  281  284  286  287  287  288  287  286  285  283  282  280  278  275  273
  271  268  266  264  262  260  258  256  254  253  251  250  248  247  245  243
  241  239  237  235  233  230  227  224  221  218  214  211  208  205  202  200
  197  196  194  193  193  193  194  195  197
    82.5-180.0 180.0   5.0 450.0                            LAT/LON1/LON2/DLON/H
  164  167  172  177  184  192  200  210  220  230  241  251  260  269  277  283
  289  293  296  297  298  297  296  294  291  288  285  281  277  274  270  267
  264  261  258  256  253  251  250  248  247  246  245  244  244  243  242  242
  241  239  237  235  232  228  224  220  215  210  205  199  194  189  184  179
  175  171  168  165  163  162  162  163  164
    80.0-180.0 180.0   5.0 450.0                            LAT/LON1/LON2/DLON/H
  138  140  144  149  157  166  177  190  204  218  232  247  260  272  282  290
  296  301  303  303  302  299  296  292  287  281  276  271  266  261  257  253
  250  247  244  242  241  239  238  237  237  237  238  239  240  241  242  243
  243  243  242  240  237  233  227  221  215  208  201  193  186  179  173  167
  161  156  151  147  143  141  139  138  138
    77.5-180.0 180.0   5.0 450.0                            LAT/LON1/LON2/DLON/H
  126  125  127  130  137  146  158  173  189  207  225  243  259  274  286  295
  302  305  306  305  302  297  291  284  277  270  262  256  250  244  240  236
  233  230  229  227  227  226  226  227  228  229  231  234  236  240  243  246
  248  250  249  248  244  239  233  225  217  208  199  191  183  176  169  163
  158  153  148  144  139  135  131  128  126
    75.0-180.0 180.0   5.0 450.0                            LAT/LON1/LON2/DLON/H
  132  128  125  126  129  136  148  162  180  200  221  241  260  277  290  299
  306  308  308  305  300  293  285  276  267  257  248  240  233  226  221  218
  215  214  213  214  214  215  217  218  220  222  225  229  233  238  243  248
  252  255  255  254  250  243  235  225  215  205  195  187  180  174  169  166
  163  161  158  155  152  147  142  137  132
    72.5-180.0 180.0   5.0 450.0                            LAT/LON1/LON2/DLON/H
  154  147  140  136  135  139  148  161  179  199  221  243  263  280  293  303
  309  311  310  306  300  292  282  272  261  250  239  229  220  212  206  202
  200  199  200  202  204  207  209  212  214  216  220  224  229  234  241  247
  252  255  256  253  248  240  229  218  206  195  185  178  173  170  169  170
  172  174  176  176  175  172  168  161  154
    70.0-180.0 180.0   5.0 450.0                            LAT/LON1/LON2/DLON/H
  187  177  168  160  154  154  159  170  186  205  227  248  267  283  296  305
  311  313  313  310  304  296  287  276  263  250  237  225  214  204  197  192
  189  189  190  193  197  201  205  207  210  212  214  217  221  226  232  239
  244  247  246  243  235  225  213  200  187  176  167  162  160  161  165  171
  178  186  192  197  201  201  199  194  187
    67.5-180.0 180.0   5.0 450.0                            LAT/LON1/LON2/DLON/H
  219  211  201  190  182  178  179  187  200  218  237  256  273  287  297  305
  311  315  317  316  313  307  298  287  274  259  244  230  216  205  195  189
  185  184  186  190  194  199  203  206  207  208  208  209  211  214  218  223
  227  228  227  221  212  200  186  172  160  149  143  140  142  147  155  165
  177  188  200  210  218  223  225  224  219
    65.0-180.0 180.0   5.0 450.0                            LAT/LON1/LON2/DLON/H
  242  238  231  222  213  207  206  211  222  237  252  267  279  289  297  303
  310  316  321  324  325  321  314  304  290  275  259  243  229  216  205  197
  191  189  190  192  197  202  206  208  209  207  204  202  200  199  200  202
  203  203  199  191  181  168  154  140  129  121  117  117  122  129  140  152
  165  179  193  206  218  229  237  241  242
    62.5-180.0 180.0   5.0 450.0                            LAT/LON1/LON2/DLON/H
  249  253  252  247  241  237  236  241  250  262  273  282  288  292  295  299
  306  315  324  332  336  336  331  322  309  295  280  265  250  237  226  217
  210  205  203  204  207  210  214  215  214  210  205  198  191  186  182  180
  178  174  168  159  147  135  122  111  103   98   97   99  105  113  123  134
  146  159  172  185  200  214  228  240  249
    60.0-180.0 180.0   5.0 450.0                            LAT/LON1/LON2/DLON/H
  239  252  261  264  264  264  267  273  283  293  300  303  301  297  294  295
  301  312  325  337  345  347  344  337  327  315  303  291  280  269  259  250
  241  234  228  225  224  226  227  227  225  219  210  199  188  177  169  162
  155  149  141  131  119  108   98   91   87   85   87   90   95  101  108  116
  123  132  141  153  167  183  202  221  239
    57.5-180.0 180.0   5.0 450.0                            LAT/LON1/LON2/DLON/H
  217  240  259  272  281  288  296  307  320  330  334  331  320  307  297  294
  299  311  326  340  349  353  352  348  341  334  328  321  315  309  302  293
  283  273  262  254  249  247  246  244  241  234  222  208  193  177  164  152
  142  133  123  113  103   94   88   86   86   88   91   94   97   99  101  102
  104  106  110  118  129  146  167  191  217
    55.0-180.0 180.0   5.0 450.0                            LAT/LON1/LON2/DLON/H
  193  224  251  274  292  307  323  341  359  372  375  366  347  326  308  299
  302  313  327  341  350  355  356  355  353  353  353  353  353  352  348  341
  330  316  301  288  277  271  267  263  259  251  239  223  205  186  168  153
  141  130  120  110  102   96   94   96  100  105  108  110  109  106  102   97
   93   89   88   91   99  114  135  162  193
    52.5-180.0 180.0   5.0 450.0                            LAT/LON1/LON2/DLON/H
  176  211  244  274  300  323  347  373  398  415  419  407  383  354  329  315
  313  321  333  343  351  355  358  361  366  371  378  384  389  392  391  385
  374  357  338  320  305  294  287  282  276  269  257  240  221  200  181  164
  150  139  129  121  115  112  113  118  125  131  134  133  128  121  112  103
   94   87   83   83   88   99  118  144  176
    50.0-180.0 180.0   5.0 450.0                            LAT/LON1/LON2/DLON/H
  174  208  244  277  307  336  367  401  433  457  464  453  425  391  361  342
  336  339  345  351  355  358  363  371  381  392  403  412  418  423  423  417
  406  388  368  347  329  314  304  297  290  282  271  256  237  217  197  181
  167  157  149  142  137  137  140  147  155  161  162  158  150  140  128  117
  107  100   96   96  100  109  123  145  174
    47.5-180.0 180.0   5.0 450.0                            LAT/LON1/LON2/DLON/H
  189  218  252  284  316  347  382  422  461  492  505  496  470  435  403  380
  369  366  366  367  367  369  376  388  402  416  426  434  438  440  439  433
  422  405  385  365  347  331  318  307  298  289  278  265  248  230  212  198
  187  179  172  167  163  163  167  174  181  186  186  179  169  158  146  136
  128  124  123  127  132  140  150  166  189
    45.0-180.0 180.0   5.0 450.0                            LAT/LON1/LON2/DLON/H
  217  240  268  297  325  356  391  434  479  516  536  533  512  481  450  426
  411  402  397  392  389  391  400  413  429  441  447  449  447  444  440  434
  424  410  394  378  362  346  330  315  301  290  278  266  252  237  223  211
  203  197  193  189  186  185  187  193  199  202  200  193  183  172  163  156
  152  153  158  166  176  185  193  202  217
    42.5-180.0 180.0   5.0 450.0                            LAT/LON1/LON2/DLON/H
  252  267  289  313  337  363  396  439  486  528  555  560  547  523  496  474
  457  444  434  426  422  423  432  445  457  464  464  457  448  440  433  428
  420  412  402  392  380  365  345  324  304  287  273  261  250  238  227  218
  213  210  207  204  200  198  199  202  207  208  205  198  189  181  176  173
  174  178  189  204  220  232  238  243  252
    40.0-180.0 180.0   5.0 450.0                            LAT/LON1/LON2/DLON/H
  283  294  311  330  348  369  398  437  484  529  561  575  572  558  538  519
  503  489  477  467  462  462  468  477  484  484  475  462  448  437  431  428
  425  422  420  416  408  392  368  339  310  285  268  255  244  235  227  221
  218  216  214  211  207  203  202  204  206  207  204  198  192  187  185  186
  189  196  209  229  250  267  275  278  283
    37.5-180.0 180.0   5.0 450.0                            LAT/LON1/LON2/DLON/H
  303  314  329  346  361  377  400  435  479  523  559  581  588  585  574  560
  545  531  520  511  505  503  503  505  504  498  484  469  456  449  448  450
  452  454  457  457  451  432  401  363  323  291  268  252  242  234  228  223
  221  219  217  213  209  205  202  202  203  204  202  198  194  192  193  195
  197  203  215  236  261  282  294  299  303
    35.0-180.0 180.0   5.0 450.0                            LAT/LON1/LON2/DLON/H
  311  325  343  360  374  387  407  437  475  517  553  581  599  606  603  594
  582  571  562  555  547  539  532  525  518  507  496  486  483  487  495  505
  512  517  520  519  509  484  444  395  346  306  277  259  248  240  235  231
  228  224  221  217  212  208  205  203  204  205  206  203  201  200  201  202
  201  201  209  227  252  276  293  302  311
    32.5-180.0 180.0   5.0 450.0                            LAT/LON1/LON2/DLON/H
  308  328  352  374  390  403  420  446  480  517  553  585  610  625  630  624
  615  607  601  594  583  568  552  537  526  519  517  522  535  556  578  596
  606  610  607  597  576  539  488  431  375  330  298  277  265  258  253  249
  244  238  232  227  224  220  217  214  214  216  217  217  215  214  213  211
  204  197  196  207  229  255  276  292  308
    30.0-180.0 180.0   5.0 450.0                            LAT/LON1/LON2/DLON/H
  299  328  359  387  407  424  442  466  496  528  563  597  628  649  658  655
  648  642  637  629  613  589  564  545  537  540  555  580  614  653  690  715
  725  722  706  679  640  587  525  460  403  357  325  305  292  286  282  278
  271  262  254  249  247  245  241  237  235  236  239  239  236  232  229  222
  210  194  183  185  202  227  252  275  299
    27.5-180.0 180.0   5.0 450.0                            LAT/LON1/LON2/DLON/H
  293  329  367  400  426  448  470  496  523  553  585  621  655  681  692  692
  685  680  674  661  636  604  574  558  560  580  614  660  714  768  815  844
  850  835  800  750  686  614  541  474  420  380  352  334  324  320  318  316
  309  299  289  284  283  281  276  269  264  264  266  266  262  255  247  237
  220  197  177  170  181  204  232  261  293
    25.0-180.0 180.0   5.0 450.0                            LAT/LON1/LON2/DLON/H
  293  335  377  414  445  473  501  529  558  586  619  656  694  723  736  736
  730  723  713  691  658  619  590  583  602  643  696  757  821  883  932  959
  958  927  871  794  704  612  529  465  420  390  371  358  352  352  356  358
  353  343  332  327  327  326  318  306  296  293  294  294  288  277  265  252
  233  206  181  167  173  194  223  256  293
    22.5-180.0 180.0   5.0 450.0                            LAT/LON1/LON2/DLON/H
  303  346  389  427  461  494  528  561  593  623  658  699  740  771  786  788
  783  774  757  725  681  640  618  629  669  728  794  859  920  975 1017 1037
 1026  982  906  803  688  577  489  430  398  383  375  370  369  376  387  396
  396  388  378  373  373  371  360  342  325  317  318  317  309  294  279  264
  245  219  192  175  177  197  227  263  303
    20.0-180.0 180.0   5.0 450.0                            LAT/LON1/LON2/DLON/H
  319  360  400  437  472  508  547  586  621  655  694  739  784  820  839  845
  843  832  806  763  712  672  664  696  758  830  896  950  994 1030 1056 1064
 1045  991  900  778  643  519  428  378  361  360  363  365  372  387  407  425
  433  429  420  415  414  410  395  370  346  333  331  330  321  304  286  271
  254  231  206  190  192  211  242  279  319
    17.5-180.0 180.0   5.0 450.0                            LAT/LON1/LON2/DLON/H
  337  374  410  443  477  515  556  598  636  675  719  770  820  860  886  899
  903  891  859  807  751  717  727  781  859  934  987 1016 1030 1038 1044 1040
 1015  959  862  730  584  453  363  322  318  329  340  349  362  385  416  444
  459  460  453  446  444  437  418  387  357  339  335  333  323  304  285  269
  255  236  216  204  208  229  262  298  337
    15.0-180.0 180.0   5.0 450.0                            LAT/LON1/LON2/DLON/H
  351  385  416  446  478  515  556  598  639  681  730  785  839  884  918  942
  954  947  911  854  798  774  801  873  958 1024 1053 1047 1025 1003  988  975
  951  900  808  678  531  400  314  281  284  301  316  328  346  377  416  452
  474  479  473  465  459  450  428  394  359  337  329  327  316  296  275  259
  247  233  218  210  219  244  279  316  351
    12.5-180.0 180.0   5.0 450.0                            LAT/LON1/LON2/DLON/H
  359  390  418  446  477  513  552  591  630  673  724  782  838  887  930  967
  991  990  956  899  848  836  878  957 1038 1085 1081 1040  985  938  909  893
  876  837  760  642  504  380  300  271  276  291  302  314  336  372  416  457
  482  489  481  470  460  449  428  394  357  331  320  314  302  281  259  242
  230  220  209  207  220  250  287  325  359
    10.0-180.0 180.0   5.0 450.0                            LAT/LON1/LON2/DLON/H
  360  391  419  449  481  515  549  583  618  659  709  763  818  869  919  967
 1005 1015  988  939  898  896  945 1022 1087 1106 1071 1001  925  865  832  819
  812  790  733  635  514  403  330  302  301  307  310  318  340  378  423  464
  488  492  481  465  451  439  420  390  354  325  309  300  286  263  239  221
  210  200  192  194  212  245  287  326  360
     7.5-180.0 180.0   5.0 450.0                            LAT/LON1/LON2/DLON/H
  357  389  422  456  491  525  556  583  612  647  691  738  786  834  888  946
  995 1017 1004  967  939  947  995 1057 1097 1087 1028  943  863  806  779  773
  777  771  735  661  562  468  403  372  361  352  343  345  365  402  443  477
  495  493  476  454  435  423  408  385  353  323  302  286  269  245  220  201
  188  179  172  176  197  234  278  320  357
     5.0-180.0 180.0   5.0 450.0                            LAT/LON1/LON2/DLON/H
  351  388  427  470  511  547  574  596  618  646  680  717  753  794  846  908
  966 1000 1001  982  969  982 1021 1061 1071 1037  966  884  817  777  763  766
  777  781  762  710  635  559  503  468  444  418  397  392  409  442  475  497
  504  493  469  439  415  402  394  379  353  323  296  275  253  227  203  184
  170  160  153  158  180  220  267  312  351
     2.5-180.0 180.0   5.0 450.0                            LAT/LON1/LON2/DLON/H
  348  390  437  489  538  578  606  624  640  661  685  708  731  760  805  864
  924  966  983  983  984 1000 1024 1038 1021  970  902  839  799  784  785  792
  802  807  798  764  711  653  606  569  532  492  460  450  464  490  512  520
  512  491  458  421  392  379  376  370  351  322  291  263  238  212  189  171
  158  147  140  144  168  209  258  305  348
