ionex_files/alger/COD0OPSFIN_20231080000_01D_01H_GIM.INX
     1.0            IONOSPHERE MAPS     GNSS                IONEX VERSION / TYPE
ADDNEQ2 V5.5        AIUB                22-APR-23 21:32     PGM / RUN BY / DATE 
CODE'S GLOBAL IONOSPHERE MAPS FOR DAY 108, 2023             COMMENT             
Global ionosphere maps (GIM) are generated on a daily basis DESCRIPTION         
at CODE using data from about 300 GNSS sites of the IGS and DESCRIPTION         
other institutions. The vertical total electron content     DESCRIPTION         
(VTEC) is modeled in a solar-geomagnetic reference frame    DESCRIPTION         
using a spherical harmonics expansion up to degree and      DESCRIPTION         
order 15. Piece-wise linear functions are used for          DESCRIPTION         
representation in the time domain. The time spacing of      DESCRIPTION         
their vertices is 1 hour, conforming with the epochs of the DESCRIPTION         
VTEC maps.                                                  DESCRIPTION         
To convert line-of-sight TEC into vertical TEC, a modified  DESCRIPTION         
single-layer model mapping function approximating the JPL   DESCRIPTION         
extended slab model mapping function is adopted. The        DESCRIPTION         
mapping function is evaluated at geodetic satellite         DESCRIPTION         
elevation angles. For the computation of the ionospheric    DESCRIPTION         
pierce points, a spherical layer with a radius of 6821 km   DESCRIPTION         
is assumed, implying geocentric, not geodetic IONEX         DESCRIPTION         
latitudes.                                                  DESCRIPTION         
Instrumental biases with respect to each involved GNSS code DESCRIPTION         
observable are estimated as constant values for each        DESCRIPTION         
day. They are modeled with one set of bias parameters for   DESCRIPTION         
each satellite and each station in case of GPS and for each DESCRIPTION         
satellite-station link in case of GLONASS. The code bias    DESCRIPTION         
datum is defined by zero-mean conditions imposed on the     DESCRIPTION         
satellite bias estimates. In this file, just GPS C1W-C2W    DESCRIPTION         
satellite and station bias values are included. The         DESCRIPTION         
complete set of GNSS code bias results is provided in an    DESCRIPTION         
additional Bias-SINEX file as pseudo-absolute values        DESCRIPTION         
specific to each observable.                                DESCRIPTION         
Note: These GIM results correspond to the results for the   DESCRIPTION         
middle day of a 3-day combination analysis solving for 73   DESCRIPTION         
times 256, or 18688 VTEC parameters and 3 daily sets of     DESCRIPTION         
GNSS code bias parameters.                                  DESCRIPTION         
Contact address: code(at)aiub.unibe.ch                      DESCRIPTION         
Data archive:    ftp.aiub.unibe.ch/CODE/                    DESCRIPTION         
                 www.aiub.unibe.ch/download/CODE/           DESCRIPTION         
  2023     4    18     0     0     0                        EPOCH OF FIRST MAP  
  2023     4    19     0     0     0                        EPOCH OF LAST MAP   
  3600                                                      INTERVAL            
[...]
brux bshm cags cas1 ccj2 cedu chpg chpi chti chur cnmr cord COMMENT             
cpvg cpxf crar cro1 daej darw dav1 dgar dhlg drao dubo ebre COMMENT             
faa1 fair flin flrs frdn ftna func ganp glps glsv gode godz COMMENT             
gol2 gold gope gras graz guam guug harb hers hert hlfx hnpt COMMENT             
hob2 hofn holb hrao hyde iddr ieng iisc ineg invk iqal irkj COMMENT             
isba jog2 joz2 joze kerg kir0 kiri kiru kit3 kokb kokv kouc COMMENT             
koug kour krgg lae1 lama laut lmmf lpal lpgs m0se mac1 madr COMMENT             
mal2 mana mas1 mat1 mate maw1 mcm4 mdo1 mdvj medi mets mgue COMMENT             
mizu mnls mobs morp mqzg mro1 mtka nano nico nist nium nklg COMMENT             
nlib nnor not1 nrc1 nrmd ntus nya1 nyal ohi2 onsa opmt ous2 COMMENT             
pado park pdel penc pert pie1 pimo pohn pol2 polv pots pove COMMENT             
prds ptag ptbb ptvl qaq1 quin rabt ramo reun reyk rgdg rio2 COMMENT             
riop salu samo sant savo sch2 scor scrz sctb seyg sfer shao COMMENT             
sofi spt0 ssia sthl stjo stk2 str2 suth sutm suwn sydn syog COMMENT             
tabv tash thtg thti thu2 tid1 tidb tlse tn22 tong tow2 tro1 COMMENT             
tsea tskb tuva txes uclu ufpr ulab unb3 unbj unsa urum usn7 COMMENT             
usud vald vill voim vtsp wab1 wab2 wark wgtn whit will wind COMMENT             
wsrt wtza wtzl wtzr wtzs wuhn xmis yar2 yar3 yarr yell ykro COMMENT             
zamb zeck zim2 zim3 zimm                                    COMMENT             
                                                            END OF HEADER       
[from data line 4719]
    12                                                      START OF TEC MAP    
  2023     4    18    11     0     0                        EPOCH OF CURRENT MAP
    87.5-180.0 180.0   5.0 450.0                            LAT/LON1/LON2/DLON/H
  199  200  201  203  205  207  209  211  213  216  218  221  224  226  229  231
  233  235  237  239  241  242  243  244  244  245  245  245  244  243  243  241
  240  238  237  235  233  231  228  226  224  221  219  217  214  212  210  208
  206  205  203  202  200  199  198  197  197  196  196  195  195  195  194  194
  194  195  195  195  195  196  197  198  199
    85.0-180.0 180.0   5.0 450.0                            LAT/LON1/LON2/DLON/H
  187  187  188  189  192  194  198  202  206  211  216  221  226  231  237  241
  246  250  254  257  260  262  264  266  267  267  267  267  266  265  263  261
  259  257  254  250  247  243  239  235  231  226  222  218  214  211  208  205
  202  200  198  197  196  196  196  196  196  196  197  197  197  197  196  196
  195  194  192  191  190  188  188  187  187
    82.5-180.0 180.0   5.0 450.0                            LAT/LON1/LON2/DLON/H
  183  179  177  176  177  179  183  187  193  200  207  214  222  229  236  242
  248  253  258  262  265  267  269  271  272  272  273  272  272  271  270  268
  266  264  261  258  255  251  246  242  237  233  228  223  219  215  212  209
  208  207  206  207  209  211  213  216  220  223  225  227  229  229  228  226
  223  220  215  209  204  198  192  187  183
    80.0-180.0 180.0   5.0 450.0                            LAT/LON1/LON2/DLON/H
  186  177  170  165  163  163  166  171  177  184  193  201  210  218  226  232
  238  243  247  250  252  254  255  256  257  257  258  258  259  259  260  260
  260  260  259  258  256  254  251  248  245  242  238  234  231  228  226  225
  225  226  229  233  238  244  251  258  266  273  279  284  287  288  287  284
  278  270  260  248  236  223  210  197  186
    77.5-180.0 180.0   5.0 450.0                            LAT/LON1/LON2/DLON/H
  196  180  166  157  151  148  150  154  160  168  176  185  194  202  209  214
  218  222  224  225  226  226  226  226  227  227  229  230  232  235  238  241
  244  247  249  252  253  254  255  255  255  254  253  252  251  250  250  251
  254  258  263  270  279  290  301  314  326  337  347  355  359  361  359  353
  344  331  315  297  277  256  235  215  196
    75.0-180.0 180.0   5.0 450.0                            LAT/LON1/LON2/DLON/H
  206  184  165  151  141  136  136  139  145  152  161  169  177  183  188  191
  193  194  194  194  193  192  191  191  192  193  195  198  203  208  213  219
  226  232  238  244  249  254  258  262  265  268  271  273  275  277  280  283
  288  294  302  312  324  338  353  369  384  399  411  420  426  427  424  416
  403  386  365  341  315  287  259  232  206
    72.5-180.0 180.0   5.0 450.0                            LAT/LON1/LON2/DLON/H
  212  186  163  146  133  127  125  127  132  139  147  154  160  164  167  168
  168  167  166  164  163  162  161  161  163  165  169  173  179  186  194  203
  212  221  230  239  247  255  263  270  277  283  289  295  300  305  309  315
  321  328  337  348  361  377  393  410  427  442  455  463  467  467  461  450
  434  414  391  364  335  304  273  242  212
    70.0-180.0 180.0   5.0 450.0                            LAT/LON1/LON2/DLON/H
  212  184  160  141  127  119  116  118  123  129  136  141  145  147  148  147
  146  144  143  142  142  142  143  145  148  151  156  162  170  178  187  197
  207  218  228  238  248  258  268  277  287  296  305  314  321  328  334  340
  346  353  361  371  383  397  413  429  444  457  466  471  472  467  457  444
  426  405  382  357  330  301  271  241  212
    67.5-180.0 180.0   5.0 450.0                            LAT/LON1/LON2/DLON/H
  204  179  156  136  122  113  109  110  114  120  125  129  131  132  131  130
  129  129  129  131  133  136  139  143  148  154  160  167  174  183  192  202
  213  223  234  244  254  264  275  285  296  307  318  328  337  344  350  355
  360  364  370  377  386  397  410  422  432  440  444  444  438  428  414  397
  378  359  339  320  299  277  254  229  204
    65.0-180.0 180.0   5.0 450.0                            LAT/LON1/LON2/DLON/H
  192  172  151  132  117  107  102  102  106  110  114  117  118  117  116  116
  117  119  123  128  133  140  146  153  161  168  176  183  191  199  208  217
  227  236  246  255  264  273  283  293  304  315  326  337  346  354  358  361
  363  364  365  368  373  380  388  395  400  401  399  391  378  361  342  322
  304  287  274  262  252  241  228  211  192
    62.5-180.0 180.0   5.0 450.0                            LAT/LON1/LON2/DLON/H
  183  167  148  130  114  102   96   94   96  100  103  105  105  104  104  104
  108  113  121  130  139  149  159  169  178  188  197  204  212  219  227  236
  244  253  262  270  277  285  293  302  311  322  333  344  352  359  362  362
  359  356  353  352  352  354  357  359  359  354  345  331  312  289  265  243
  224  211  204  202  203  203  201  195  183
    60.0-180.0 180.0   5.0 450.0                            LAT/LON1/LON2/DLON/H
  181  169  152  133  115  101   91   87   88   90   93   94   93   92   92   95
  100  109  120  132  145  157  169  182  194  206  216  225  232  239  247  255
  263  271  279  286  292  298  305  312  321  331  341  351  359  364  365  362
  357  349  342  337  333  331  330  328  323  315  302  283  260  233  206  182
  164  154  152  157  167  178  185  187  181
    57.5-180.0 180.0   5.0 450.0                            LAT/LON1/LON2/DLON/H
  190  180  163  143  123  105   92   85   83   84   85   86   85   83   83   87
   94  106  119  133  147  161  175  190  205  219  231  241  249  256  263  271
  280  289  297  303  309  314  319  326  333  342  352  361  369  373  373  368
  360  350  340  331  325  320  316  312  305  295  280  260  236  209  182  157
  139  130  131  141  156  172  185  192  190
    55.0-180.0 180.0   5.0 450.0                            LAT/LON1/LON2/DLON/H
  207  198  181  160  138  117  100   90   85   84   84   84   81   79   78   81
   89  102  117  132  147  161  176  193  211  227  242  253  262  269  277  287
  297  306  315  321  327  332  337  343  350  358  367  376  383  388  388  383
  374  362  350  340  331  325  319  313  306  297  284  267  246  222  196  173
  155  146  147  156  171  188  201  208  207
    52.5-180.0 180.0   5.0 450.0                            LAT/LON1/LON2/DLON/H
  228  219  203  182  159  136  117  102   95   92   91   90   85   80   77   79
   87  100  116  131  146  160  176  194  215  234  251  264  273  282  291  302
  314  325  334  342  348  353  359  364  371  378  386  394  402  408  409  406
  397  385  372  360  351  343  337  330  323  316  307  296  281  262  241  220
  203  192  190  195  205  217  226  231  228
    50.0-180.0 180.0   5.0 450.0                            LAT/LON1/LON2/DLON/H
  245  236  222  204  183  160  139  123  113  109  107  104   97   89   82   81
   88  101  117  133  148  163  179  199  222  244  262  276  287  296  308  321
  334  347  357  365  371  377  384  390  395  401  408  416  424  431  434  432
  424  413  400  388  378  369  361  353  347  341  337  332  325  313  298  280
  263  250  243  241  243  248  250  250  245
    47.5-180.0 180.0   5.0 450.0                            LAT/LON1/LON2/DLON/H
  251  243  234  221  204  184  164  147  137  132  129  125  116  104   93   89
   93  106  123  141  157  172  190  211  235  259  279  293  304  314  327  342
  358  371  382  390  398  405  413  419  424  428  432  438  445  453  458  458
  452  441  428  416  405  395  384  374  366  361  361  361  361  356  346  331
  315  300  287  278  272  267  263  258  251
    45.0-180.0 180.0   5.0 450.0                            LAT/LON1/LON2/DLON/H
  242  237  233  227  217  202  186  170  160  156  154  149  138  123  109  101
  103  116  135  155  173  190  209  231  256  279  299  312  323  334  348  365
  383  397  408  418  427  437  446  454  458  460  460  462  467  473  479  480
  475  465  452  439  427  415  401  387  375  370  370  374  378  378  372  360
  344  326  309  293  280  268  258  249  242
    42.5-180.0 180.0   5.0 450.0                            LAT/LON1/LON2/DLON/H
  220  218  219  220  218  210  199  187  180  177  176  172  161  144  127  116
  117  130  150  173  195  214  233  255  279  301  319  331  341  353  369  388
  406  422  435  446  458  471  484  494  498  497  493  490  491  495  500  501
  495  484  470  457  444  429  411  392  376  367  367  372  377  378  373  362
  345  326  305  285  267  250  237  226  220
    40.0-180.0 180.0   5.0 450.0                            LAT/LON1/LON2/DLON/H
  193  192  197  203  208  207  202  195  191  192  193  191  180  164  146  134
  133  145  167  193  217  239  258  278  299  319  334  345  355  367  385  406
  427  444  459  474  490  509  527  540  546  543  536  527  522  522  525  524
  517  505  489  475  461  444  423  399  377  365  361  364  368  367  361  348
  330  309  286  264  242  224  209  199  193
    37.5-180.0 180.0   5.0 450.0                            LAT/LON1/LON2/DLON/H
  172  170  174  182  190  195  195  194  195  199  203  203  195  180  163  151
  150  161  183  210  236  259  277  294  311  327  340  350  361  375  395  419
  442  463  481  501  524  549  573  592  601  600  590  578  567  563  562  559
  550  534  517  501  487  469  445  417  392  375  368  368  367  363  352  337
  317  294  270  245  223  204  189  178  172
    35.0-180.0 180.0   5.0 450.0                            LAT/LON1/LON2/DLON/H
  168  162  162  166  174  181  185  188  194  201  207  209  204  193  179  168
  165  173  193  221  248  270  286  299  312  324  336  348  360  378  401  428
  454  479  503  529  559  591  623  648  663  666  657  643  630  621  618  612
  600  582  562  546  532  514  489  458  430  411  401  397  392  382  367  347
  325  300  274  248  224  204  189  177  168
    32.5-180.0 180.0   5.0 450.0                            LAT/LON1/LON2/DLON/H
  190  177  167  164  167  172  178  184  192  201  208  211  209  202  193  183
  179  183  199  224  250  271  284  293  302  312  325  339  357  379  407  437
  467  496  526  559  596  635  673  705  728  738  734  722  708  699  693  687
  673  652  630  613  600  582  557  527  498  478  467  459  449  434  414  391
  366  340  311  283  257  235  218  204  190
    30.0-180.0 180.0   5.0 450.0                            LAT/LON1/LON2/DLON/H
  237  215  195  181  176  177  182  188  196  203  208  211  210  207  203  196
  190  189  200  220  244  263  274  279  285  295  311  332  356  385  417  451
  484  518  553  592  635  678  721  759  790  809  814  807  796  788  784  778
  763  741  717  700  688  672  648  618  591  571  559  548  533  513  489  464
  439  411  382  351  321  296  276  257  237
    27.5-180.0 180.0   5.0 450.0                            LAT/LON1/LON2/DLON/H
  304  274  244  219  205  200  200  204  208  211  212  211  209  209  210  206
  198  193  197  212  233  250  259  262  267  280  302  330  364  399  436  473
  510  548  587  630  675  720  764  806  843  872  886  887  882  878  878  874
  860  837  814  796  785  770  748  720  695  677  663  648  627  602  577  552
  527  501  471  439  406  376  351  329  304
    25.0-180.0 180.0   5.0 450.0                            LAT/LON1/LON2/DLON/H
  378  344  307  273  250  238  233  231  229  226  220  213  208  209  213  212
  204  194  192  203  221  237  244  247  254  271  300  339  382  425  466  506
  545  585  628  672  716  758  799  841  883  918  941  950  951  953  958  958
  947  925  902  886  875  861  840  815  792  774  757  735  707  677  650  627
  606  584  557  526  491  457  429  405  378
    22.5-180.0 180.0   5.0 450.0                            LAT/LON1/LON2/DLON/H
  445  412  373  335  306  287  274  265  256  245  232  217  208  208  213  214
  206  194  188  195  210  225  233  238  248  271  309  358  410  459  504  545
  586  628  672  715  754  791  826  864  905  944  972  986  993  999 1008 1013
 1005  987  966  951  941  929  909  886  864  845  821  789  751  716  688  667
  651  635  616  589  556  522  493  470  445
    20.0-180.0 180.0   5.0 450.0                            LAT/LON1/LON2/DLON/H
  495  468  432  394  362  337  317  299  282  265  244  223  209  205  210  213
  206  194  186  189  203  217  226  234  250  280  327  384  444  498  545  587
  629  671  714  754  789  817  845  877  913  949  977  992 1000 1009 1020 1028
 1024 1010  993  981  973  962  944  923  902  879  846  800  750  706  676  657
  647  640  630  613  587  556  531  513  495
    17.5-180.0 180.0   5.0 450.0                            LAT/LON1/LON2/DLON/H
  522  506  476  441  408  379  352  326  302  279  254  229  210  203  206  209
  204  193  184  186  197  211  223  236  258  296  349  413  478  535  583  625
  666  709  751  787  816  838  858  882  911  939  961  971  976  981  992 1001
 1001  992  980  974  969  960  944  925  906  878  833  771  706  653  619  602
  595  597  599  595  580  558  540  530  522
    15.0-180.0 180.0   5.0 450.0                            LAT/LON1/LON2/DLON/H
  531  525  504  473  440  407  373  339  310  284  260  234  212  201  202  205
  201  192  184  184  193  206  221  240  269  313  372  439  506  564  611  651
  692  735  776  809  834  853  868  885  905  922  933  934  930  929  935  943
  946  942  938  938  938  932  919  904  886  853  796  718  639  578  540  520
  515  522  536  547  545  534  526  527  531
    12.5-180.0 180.0   5.0 450.0                            LAT/LON1/LON2/DLON/H
  531  534  518  489  456  419  379  339  305  280  259  236  215  202  199  201
  198  191  183  182  188  200  218  243  280  329  391  460  527  582  626  665
  705  747  787  819  843  861  877  891  902  908  906  894  878  867  866  871
  876  878  882  890  896  895  887  876  859  823  756  667  578  510  467  445
  437  445  466  488  499  500  503  516  531
    10.0-180.0 180.0   5.0 450.0                            LAT/LON1/LON2/DLON/H
  532  540  526  497  461  420  374  328  291  268  253  236  218  204  199  198
  196  189  182  179  182  193  214  246  289  344  407  475  538  590  631  666
  704  745  784  816  841  864  884  899  906  903  889  865  838  817  807  808
  814  823  835  851  863  866  863  857  843  805  734  639  546  477  434  406
  390  393  415  444  465  476  488  510  532
     7.5-180.0 180.0   5.0 450.0                            LAT/LON1/LON2/DLON/H
  545  552  536  502  462  416  365  313  274  253  244  235  221  207  200  197
  194  188  179  173  174  185  209  248  298  356  419  484  543  591  626  658
  694  733  770  801  830  859  888  909  916  909  888  856  821  791  775  772
  780  794  814  835  852  859  860  858  847  811  740  647  561  498  457  424
  398  390  404  432  456  473  492  519  545
     5.0-180.0 180.0   5.0 450.0                            LAT/LON1/LON2/DLON/H
  572  575  552  512  467  417  361  304  261  240  235  231  222  210  201  197
  192  184  175  167  166  178  207  252  307  367  429  490  545  587  618  645
  677  713  747  777  808  845  884  915  928  923  901  868  830  797  777  774
  783  801  825  850  869  878  881  881  872  838  773  692  620  572  538  502
  464  440  440  459  480  497  518  546  572
     2.5-180.0 180.0   5.0 450.0                            LAT/LON1/LON2/DLON/H
  608  606  575  529  480  428  369  308  260  235  229  227  221  210  201  194
  188  178  168  159  158  173  207  258  317  378  437  495  545  583  609  632
  660  691  720  746  778  821  870  912  935  937  922  894  860  829  810  808
  820  840  865  889  906  914  916  915  905  875  820  755  705  677  656  620
  572  530  513  516  527  539  559  587  608
