ionex_files/alger/COD0OPSFIN_20231110000_01D_01H_GIM.INX
     1.0            IONOSPHERE MAPS     GNSS                IONEX VERSION / TYPE
ADDNEQ2 V5.5        AIUB                25-APR-23 21:18     PGM / RUN BY / DATE 
CODE'S GLOBAL IONOSPHERE MAPS FOR DAY 111, 2023             COMMENT             
Global ionosphere maps (GIM) are generated on a daily basis DESCRIPTION         
at CODE using data from about 300 GNSS sites of the IGS and DESCRIPTION         
other institutions. The vertical total electron content     DESCRIPTION         
(VTEC) is modeled in a solar-geomagnetic reference frame    DESCRIPTION         
using a spherical harmonics expansion up to degree and      DESCRIPTION         
order 15. Piece-wise linear functions are used for          DESCRIPTION         
representation in the time domain. The time spacing of      DESCRIPTION         
their vertices is 1 hour, conforming with the epochs of the DESCRIPTION         
VTEC maps.                                                  DESCRIPTION         
To convert line-of-sight TEC into vertical TEC, a modified  DESCRIPTION         
single-layer model mapping function approximating the JPL   DESCRIPTION         
extended slab model mapping function is adopted. The        DESCRIPTION         
mapping function is evaluated at geodetic satellite         DESCRIPTION         
elevation angles. For the computation of the ionospheric    DESCRIPTION         
pierce points, a spherical layer with a radius of 6821 km   DESCRIPTION         
is assumed, implying geocentric, not geodetic IONEX         DESCRIPTION         
latitudes.                                                  DESCRIPTION         
Instrumental biases with respect to each involved GNSS code DESCRIPTION         
observable are estimated as constant values for each        DESCRIPTION         
day. They are modeled with one set of bias parameters for   DESCRIPTION         
each satellite and each station in case of GPS and for each DESCRIPTION         
satellite-station link in case of GLONASS. The code bias    DESCRIPTION         
datum is defined by zero-mean conditions imposed on the     DESCRIPTION         
satellite bias estimates. In this file, just GPS C1W-C2W    DESCRIPTION         
satellite and station bias values are included. The         DESCRIPTION         
complete set of GNSS code bias results is provided in an    DESCRIPTION         
additional Bias-SINEX file as pseudo-absolute values        DESCRIPTION         
specific to each observable.                                DESCRIPTION         
Note: These GIM results correspond to the results for the   DESCRIPTION         
middle day of a 3-day combination analysis solving for 73   DESCRIPTION         
times 256, or 18688 VTEC parameters and 3 daily sets of     DESCRIPTION         
GNSS code bias parameters.                                  DESCRIPTION         
Contact address: code(at)aiub.unibe.ch                      DESCRIPTION         
Data archive:    ftp.aiub.unibe.ch/CODE/                    DESCRIPTION         
                 www.aiub.unibe.ch/download/CODE/           DESCRIPTION         
  2023     4    21     0     0     0                        EPOCH OF FIRST MAP  
  2023     4    22     0     0     0                        EPOCH OF LAST MAP   
  3600                                                      INTERVAL            
[...]
bako barh bjfs bndy boav bogo bogt bor1 braz brft brst brux COMMENT             
bshm cags cas1 ccj2 cedu chpg chpi chti chur cnmr coco cord COMMENT             
cpvg cpxf crar cro1 daej darw dav1 dhlg drao dubo ebre faa1 COMMENT             
fair flin flrs frdn ftna func ganp glps glsv gode godz gol2 COMMENT             
gold gope gras graz guam guug harb hers hert hlfx hnpt hob2 COMMENT             
hofn holb hyde iddr ineg invk iqal isba jog2 joz2 joze kerg COMMENT             
kir0 kiri kiru kit3 kokb kokv kouc koug kour krgg lama laut COMMENT             
lmmf lpal lpgs m0se mac1 madr mal2 mana mas1 mat1 mate maw1 COMMENT             
mcm4 mdo1 mdvj medi mets mgue mizu mnls mobs morp mqzg mro1 COMMENT             
mtka nano nico nist nium nklg nlib nnor not1 nrc1 nrmd ntus COMMENT             
nya1 nyal ohi2 onsa opmt ous2 pado park pdel penc pert pie1 COMMENT             
pimo pohn pol2 polv pots pove prds ptag ptbb ptvl qaq1 quin COMMENT             
rabt ramo reun reyk rgdg rio2 riop salu samo sant savo sch2 COMMENT             
scor sctb seyg sfer shao sofi spt0 ssia sthl stjo stk2 str2 COMMENT             
sutm suwn sydn syog tabv tash thtg thti thu2 tid1 tidb tlse COMMENT             
tn22 tong tow2 tro1 tsea tskb tuva twtf txes uclu ufpr ulab COMMENT             
unb3 unbj unsa urum usn7 usud vald vill voim vtsp wab1 wab2 COMMENT             
wark wgtn whit will wind wsrt wtza wtzl wtzr wtzs wuhn xmis COMMENT             
yar2 yar3 yarr yell ykro zamb zeck zim2 zim3 zimm           COMMENT             
                                                            END OF HEADER       
[from data line 5148]
    13                                                      START OF TEC MAP    
  2023     4    21    12     0     0                        EPOCH OF CURRENT MAP
    87.5-180.0 180.0   5.0 450.0                            LAT/LON1/LON2/DLON/H
  158  159  160  161  162  163  165  166  167  169  170  172  173  174  176  177
  178  179  180  181  182  183  183  184  184  184  184  184  184  184  183  183
  182  181  180  179  178  177  176  174  173  172  170  169  168  166  165  164
  163  162  161  160  159  159  158  157  157  156  156  156  155  155  155  155
  155  155  155  155  156  156  157  157  158
    85.0-180.0 180.0   5.0 450.0                            LAT/LON1/LON2/DLON/H
  151  152  153  155  157  159  161  164  166  169  171  174  177  179  181  183
  185  187  189  190  192  193  194  195  196  197  197  198  198  198  197  197
  196  195  193  191  189  187  185  182  180  177  175  172  170  168  166  165
  164  163  162  161  161  160  160  160  159  159  159  158  157  157  156  155
  154  153  152  151  151  150  150  150  151
    82.5-180.0 180.0   5.0 450.0                            LAT/LON1/LON2/DLON/H
  149  148  149  150  152  155  157  161  164  168  171  174  177  180  183  185
  187  188  190  192  193  195  196  198  199  201  202  204  205  206  207  207
  207  206  205  203  201  198  195  192  189  185  182  180  177  176  174  174
  174  175  175  177  178  179  181  182  182  183  182  182  180  178  176  173
  170  166  163  159  156  154  151  150  149
    80.0-180.0 180.0   5.0 450.0                            LAT/LON1/LON2/DLON/H
  152  150  148  149  150  152  155  159  163  167  170  174  177  179  181  182
  183  184  185  186  187  188  190  192  194  197  200  203  207  210  212  214
  216  217  217  216  214  211  208  205  201  197  194  192  191  191  191  193
  196  200  204  209  213  218  221  224  227  228  228  226  224  220  215  209
  203  196  188  181  173  167  161  156  152
    77.5-180.0 180.0   5.0 450.0                            LAT/LON1/LON2/DLON/H
  161  156  152  151  151  153  157  160  164  168  172  175  177  178  179  179
  179  178  178  177  178  179  181  183  187  191  196  201  206  211  217  221
  225  227  229  229  228  226  223  220  216  213  211  210  210  213  217  222
  229  237  246  254  263  270  277  282  285  287  287  284  280  274  267  257
  247  236  224  211  199  188  177  168  161
    75.0-180.0 180.0   5.0 450.0                            LAT/LON1/LON2/DLON/H
  174  165  160  157  156  158  161  165  169  174  177  179  180  180  180  178
  176  174  173  172  172  173  175  178  183  188  194  201  208  216  223  230
  235  240  243  244  244  243  240  237  234  231  230  231  234  239  247  257
  268  281  294  306  317  327  335  341  345  346  345  341  335  327  317  305
  291  276  260  244  228  212  197  184  174
    72.5-180.0 180.0   5.0 450.0                            LAT/LON1/LON2/DLON/H
  186  175  168  163  162  164  167  172  177  181  184  186  187  186  184  181
  178  176  174  173  173  174  177  181  186  193  200  208  216  225  233  241
  248  254  258  261  261  260  258  255  252  250  250  252  257  266  277  291
  307  323  339  353  365  375  383  388  390  390  387  382  374  363  351  337
  322  305  288  270  251  233  215  199  186
    70.0-180.0 180.0   5.0 450.0                            LAT/LON1/LON2/DLON/H
  193  181  173  168  167  169  173  178  183  188  192  194  194  193  191  188
  185  182  180  180  181  183  187  192  198  205  213  221  230  239  248  257
  264  271  275  278  279  278  276  273  270  268  268  271  278  289  303  320
  338  355  371  385  395  403  408  410  410  407  401  394  384  372  359  345
  330  314  298  280  262  244  226  209  193
    67.5-180.0 180.0   5.0 450.0                            LAT/LON1/LON2/DLON/H
  193  181  171  166  165  168  173  179  185  191  196  198  200  199  198  196
  193  191  190  191  193  196  201  207  214  221  229  238  247  256  265  274
  282  288  293  296  297  296  294  291  287  284  284  287  294  305  321  338
  356  372  385  395  401  404  404  402  398  393  385  375  363  350  337  324
  311  299  286  273  258  242  225  209  193
    65.0-180.0 180.0   5.0 450.0                            LAT/LON1/LON2/DLON/H
  185  172  163  158  157  159  165  172  179  186  192  196  199  201  201  200
  199  199  199  200  203  208  214  220  228  235  243  252  261  271  281  291
  299  306  311  314  315  315  313  310  305  301  299  300  305  315  329  344
  359  372  380  383  383  380  375  369  362  354  344  332  319  306  293  281
  271  263  256  249  239  228  214  199  185
    62.5-180.0 180.0   5.0 450.0                            LAT/LON1/LON2/DLON/H
  170  157  148  142  141  143  149  156  164  171  178  185  190  194  197  199
  200  201  202  204  207  212  219  226  234  242  251  260  270  282  294  306
  316  324  329  333  335  336  334  331  326  319  314  311  313  320  330  342
  353  359  360  356  349  339  330  321  313  305  294  282  268  253  239  229
  222  218  217  216  213  206  196  184  170
    60.0-180.0 180.0   5.0 450.0                            LAT/LON1/LON2/DLON/H
  154  141  131  124  121  123  127  133  140  148  156  164  172  180  186  191
  195  197  198  200  203  208  214  222  231  239  249  259  272  287  303  318
  332  342  349  354  358  360  359  356  350  341  331  324  321  323  329  336
  341  341  335  324  311  297  286  277  270  263  254  241  226  210  194  183
  177  177  180  184  186  184  178  167  154
    57.5-180.0 180.0   5.0 450.0                            LAT/LON1/LON2/DLON/H
  142  129  117  108  104  103  104  109  114  121  130  139  148  158  168  177
  183  187  189  190  192  196  202  210  219  229  240  253  269  288  309  330
  348  362  371  378  383  387  388  386  378  366  352  339  331  329  330  332
  332  326  315  299  282  267  256  250  246  242  235  224  208  189  171  158
  151  151  156  163  168  169  164  155  142
    55.0-180.0 180.0   5.0 450.0                            LAT/LON1/LON2/DLON/H
  139  125  112  101   94   89   88   89   92   97  104  112  122  134  147  159
  168  174  177  177  178  180  186  194  204  216  229  244  264  288  315  342
  365  383  395  404  411  417  420  418  409  395  376  359  346  339  337  336
  331  322  307  289  271  258  250  248  248  248  244  234  217  196  176  159
  150  148  152  159  164  165  161  151  139
    52.5-180.0 180.0   5.0 450.0                            LAT/LON1/LON2/DLON/H
  146  132  118  106   95   88   83   80   80   81   85   91  100  112  126  141
  154  163  167  167  167  168  173  182  194  207  222  240  263  291  323  356
  384  405  420  431  440  447  452  450  441  424  403  382  365  356  351  348
  341  330  314  296  281  271  267  269  273  276  274  264  248  227  204  185
  172  167  167  170  173  172  167  158  146
    50.0-180.0 180.0   5.0 450.0                            LAT/LON1/LON2/DLON/H
  160  148  135  122  109   99   90   85   81   79   79   80   86   95  110  127
  143  157  164  165  164  164  169  179  193  209  226  245  269  300  336  372
  403  428  445  458  468  477  482  481  470  452  429  406  388  378  372  368
  361  349  334  319  307  301  299  303  307  311  310  302  287  267  245  225
  209  199  194  192  190  187  180  172  160
    47.5-180.0 180.0   5.0 450.0                            LAT/LON1/LON2/DLON/H
  178  168  157  145  132  120  110  102   96   91   86   82   82   87  100  119
  139  158  169  173  172  172  176  188  204  222  241  260  285  315  351  389
  422  448  467  482  494  504  510  508  496  477  453  431  415  405  399  394
  386  375  361  349  341  336  335  336  338  339  336  330  318  301  282  264
  247  234  224  215  208  201  194  186  178
    45.0-180.0 180.0   5.0 450.0                            LAT/LON1/LON2/DLON/H
  192  187  179  168  156  145  135  128  121  114  105   96   89   89   98  117
  142  166  183  191  191  190  194  206  225  245  265  284  306  335  370  406
  439  466  486  504  518  530  535  531  519  499  477  458  444  435  430  424
  414  402  390  380  373  368  363  358  353  349  344  338  330  319  305  291
  276  261  246  231  219  209  201  196  192
    42.5-180.0 180.0   5.0 450.0                            LAT/LON1/LON2/DLON/H
  198  197  193  186  176  167  160  155  151  144  132  118  105   99  104  122
  150  180  204  216  218  216  219  231  250  272  292  311  331  356  388  421
  453  479  502  523  541  554  559  554  540  521  503  487  477  471  465  456
  444  429  416  407  399  392  381  367  353  341  333  327  322  317  310  301
  289  273  255  236  219  207  200  198  198
    40.0-180.0 180.0   5.0 450.0                            LAT/LON1/LON2/DLON/H
  195  198  198  194  187  181  178  177  177  172  161  144  126  114  115  132
  162  197  227  244  248  245  246  256  275  297  318  335  353  376  404  435
  464  491  517  542  565  580  585  578  564  548  534  524  519  514  507  493
  476  457  442  431  422  410  392  370  347  328  315  309  306  305  303  298
  289  274  254  231  211  198  192  192  195
    37.5-180.0 180.0   5.0 450.0                            LAT/LON1/LON2/DLON/H
  188  192  194  192  188  185  186  190  195  193  184  167  148  133  130  145
  175  213  248  270  275  272  269  277  294  316  336  353  371  393  419  448
  476  503  532  563  592  611  616  608  594  582  574  571  571  567  557  539
  515  491  473  460  449  434  411  382  352  328  313  304  300  298  297  293
  285  270  249  224  203  188  182  183  188
    35.0-180.0 180.0   5.0 450.0                            LAT/LON1/LON2/DLON/H
  183  186  187  185  183  183  187  195  202  205  199  185  167  152  147  159
  187  227  265  291  298  293  288  291  306  326  346  364  384  407  435  464
  491  519  552  589  623  646  652  644  632  625  624  629  634  632  619  596
  566  538  517  503  492  475  450  420  389  363  344  331  321  314  307  300
  289  273  251  226  204  188  181  181  183
    32.5-180.0 180.0   5.0 450.0                            LAT/LON1/LON2/DLON/H
  189  187  185  182  180  181  185  194  202  207  205  195  182  169  164  172
  198  236  276  305  314  309  301  300  312  331  351  371  394  423  454  485
  513  542  577  618  657  683  691  685  677  675  684  697  707  706  692  665
  633  603  581  568  558  544  522  495  467  442  420  400  380  361  344  328
  313  294  271  246  223  207  197  192  189
    30.0-180.0 180.0   5.0 450.0                            LAT/LON1/LON2/DLON/H
  211  202  196  191  188  187  188  193  199  203  202  198  190  182  178  184
  206  241  281  311  323  318  309  306  315  333  354  378  407  442  480  515
  544  572  608  651  692  720  729  726  723  730  747  768  782  784  771  745
  713  684  665  655  649  641  626  607  584  560  534  505  473  439  407  381
  358  336  313  288  266  248  234  221  211
    27.5-180.0 180.0   5.0 450.0                            LAT/LON1/LON2/DLON/H
  250  234  224  217  212  207  202  200  199  198  196  194  193  190  188  192
  209  241  279  310  324  323  315  312  320  338  361  390  426  469  514  553
  582  609  642  683  724  752  762  762  765  780  806  833  853  858  848  825
  798  775  761  757  757  756  750  739  721  697  666  626  580  531  487  450
  420  396  373  350  329  309  289  269  250
    25.0-180.0 180.0   5.0 450.0                            LAT/LON1/LON2/DLON/H
  301  280  267  260  253  242  230  217  205  195  189  188  191  193  194  196
  209  235  271  303  320  323  318  318  329  349  377  410  453  503  555  597
  626  649  677  713  749  774  784  787  797  820  853  885  908  917  911  896
  878  863  856  858  864  869  871  865  849  820  780  730  673  616  564  521
  488  463  442  422  402  381  356  328  301
    22.5-180.0 180.0   5.0 450.0                            LAT/LON1/LON2/DLON/H
  356  332  320  313  304  289  267  242  219  199  186  183  187  192  194  195
  204  226  258  290  311  319  320  326  342  367  400  440  488  544  599  642
  670  689  709  737  765  785  795  801  817  846  883  917  940  951  952  945
  937  932  933  940  950  958  961  955  934  896  845  786  726  669  618  576
  546  524  508  492  474  451  422  389  356
    20.0-180.0 180.0   5.0 450.0                            LAT/LON1/LON2/DLON/H
  404  381  371  367  357  336  306  272  238  208  187  179  181  187  189  189
  194  213  243  275  299  312  321  333  356  390  430  476  529  586  642  685
  710  724  736  755  774  789  796  805  825  857  894  926  947  958  963  964
  966  970  978  987  996 1002 1001  986  953  900  837  775  720  674  635  604
  582  568  557  546  531  508  476  439  404
    17.5-180.0 180.0   5.0 450.0                            LAT/LON1/LON2/DLON/H
  437  417  411  409  399  375  338  297  256  219  192  178  176  179  180  178
  182  199  228  259  286  304  319  340  371  413  461  514  569  626  679  719
  742  752  758  768  780  788  794  803  825  857  890  915  931  939  945  952
  960  971  982  991  995  992  981  952  901  831  757  696  656  631  614  601
  591  586  583  577  564  541  509  470  437
    15.0-180.0 180.0   5.0 450.0                            LAT/LON1/LON2/DLON/H
  451  435  433  433  422  394  354  310  267  228  197  178  172  170  168  165
  169  185  214  245  273  295  316  343  383  433  490  548  605  659  707  743
  764  771  775  780  786  790  794  803  824  851  877  892  899  902  906  913
  925  939  950  955  950  936  910  864  794  707  626  573  553  556  566  572
  577  582  586  585  574  551  519  482  451
    12.5-180.0 180.0   5.0 450.0                            LAT/LON1/LON2/DLON/H
  451  438  438  437  422  390  349  306  267  231  200  178  167  161  156  151
  156  174  203  235  263  288  313  346  392  449  513  576  633  682  723  755
  774  783  788  792  797  800  802  811  827  848  862  867  863  859  857  862
  873  886  895  893  878  851  812  751  665  566  483  442  446  477  511  535
  551  563  573  574  565  544  513  479  451
    10.0-180.0 180.0   5.0 450.0                            LAT/LON1/LON2/DLON/H
  445  433  430  423  402  366  324  286  253  224  197  176  163  153  144  139
  145  165  196  229  259  286  314  350  398  460  528  594  650  694  729  756
  776  788  798  806  813  818  821  827  838  849  853  847  835  822  814  813
  820  831  836  828  804  768  718  649  556  453  374  346  371  423  473  506
  527  542  554  557  549  529  501  470  445
     7.5-180.0 180.0   5.0 450.0                            LAT/LON1/LON2/DLON/H
  442  427  418  403  373  330  287  254  230  209  188  171  157  145  134  129
  136  158  192  227  260  290  320  357  405  466  536  603  658  697  726  749
  769  787  803  819  832  841  846  850  854  856  851  838  819  801  787  781
  783  791  793  781  752  711  660  591  502  405  334  319  356  417  470  500
  516  529  539  542  535  518  493  465  442
     5.0-180.0 180.0   5.0 450.0                            LAT/LON1/LON2/DLON/H
  450  431  413  387  346  296  251  221  203  189  175  161  150  138  126  120
  128  153  189  228  264  298  331  367  412  471  538  604  656  692  716  736
  757  779  802  826  848  863  870  871  870  864  854  837  818  799  782  771
  771  777  779  766  736  697  653  596  520  438  380  372  411  466  505  520
  524  528  534  537  531  517  497  473  450
     2.5-180.0 180.0   5.0 450.0                            LAT/LON1/LON2/DLON/H
  470  446  418  382  332  275  227  196  180  170  160  150  142  132  120  113
  121  146  184  227  269  308  344  380  421  473  535  597  646  679  700  719
  739  764  792  824  853  874  883  882  875  865  854  841  827  812  796  785
  784  791  795  785  759  728  697  660  607  545  501  495  523  556  569  560
  545  538  539  540  536  527  513  493  470
